-4,10,1,3,6,2475,AA,LAX,12
-5,10,2,4,6,2475,AA,LAX,11
-5,10,3,5,6,2475,AA,LAX,10
-4,10,5,7,6,2475,AA,LAX,8
-6,10,6,1,6,2475,AA,LAX,7
-9,10,7,2,6,2475,AA,LAX,6
-9,10,8,3,6,2475,AA,LAX,5
-7,10,9,4,6,2475,AA,LAX,4
-9,10,10,5,6,2475,AA,LAX,3
-6,10,12,7,6,2475,AA,LAX,1
-6,10,13,1,6,2475,AA,LAX,0
-5,10,14,2,6,2475,AA,LAX,1
-7,10,15,3,6,2475,AA,LAX,2
0,10,16,4,6,2475,AA,LAX,3
-7,10,17,5,6,2475,AA,LAX,4
-6,10,19,7,6,2475,AA,LAX,6
-6,10,20,1,6,2475,AA,LAX,7
-3,10,21,2,6,2475,AA,LAX,8
59,10,22,3,6,2475,AA,LAX,9
-8,10,23,4,6,2475,AA,LAX,10
3,10,24,5,6,2475,AA,LAX,11
-3,10,26,7,6,2475,AA,LAX,13
-6,10,27,1,6,2475,AA,LAX,14
-5,10,28,2,6,2475,AA,LAX,14
-11,10,29,3,6,2475,AA,LAX,13
-10,10,30,4,6,2475,AA,LAX,12
-8,10,31,5,6,2475,AA,LAX,11
-6,10,1,3,10,2475,AA,LAX,12
44,10,2,4,10,2475,AA,LAX,11
-6,10,3,5,10,2475,AA,LAX,10
-6,10,4,6,10,2475,AA,LAX,9
-11,10,5,7,10,2475,AA,LAX,8
-5,10,6,1,10,2475,AA,LAX,7
-9,10,7,2,10,2475,AA,LAX,6
75,10,8,3,10,2475,AA,LAX,5
-4,10,9,4,10,2475,AA,LAX,4
-6,10,10,5,10,2475,AA,LAX,3
-7,10,11,6,10,2475,AA,LAX,2
-5,10,12,7,10,2475,AA,LAX,1
-9,10,13,1,10,2475,AA,LAX,0
1,10,14,2,10,2475,AA,LAX,1
-5,10,15,3,10,2475,AA,LAX,2
8,10,16,4,10,2475,AA,LAX,3
-5,10,17,5,10,2475,AA,LAX,4
-6,10,18,6,10,2475,AA,LAX,5
-9,10,19,7,10,2475,AA,LAX,6
-9,10,20,1,10,2475,AA,LAX,7
-6,10,21,2,10,2475,AA,LAX,8
11,10,22,3,10,2475,AA,LAX,9
-6,10,23,4,10,2475,AA,LAX,10
-4,10,24,5,10,2475,AA,LAX,11
-8,10,25,6,10,2475,AA,LAX,12
5,10,26,7,9,2475,AA,LAX,13
-4,10,27,1,9,2475,AA,LAX,14
-6,10,28,2,9,2475,AA,LAX,14
-5,10,29,3,9,2475,AA,LAX,13
-6,10,30,4,9,2475,AA,LAX,12
-3,10,31,5,9,2475,AA,LAX,11
0,10,3,5,20,2475,B6,LAX,10
-8,10,2,4,6,2475,B6,LAX,11
-5,10,2,4,8,2475,B6,LAX,11
-9,10,2,4,9,2475,B6,LAX,11
-4,10,2,4,11,2475,B6,LAX,11
383,10,2,4,16,2475,B6,LAX,11
-2,10,2,4,20,2475,B6,LAX,11
-8,10,3,5,6,2475,B6,LAX,10
-8,10,3,5,8,2475,B6,LAX,10
-6,10,3,5,9,2475,B6,LAX,10
65,10,3,5,11,2475,B6,LAX,10
0,10,3,5,16,2475,B6,LAX,10
-7,10,7,2,6,2475,B6,LAX,6
-10,10,7,2,8,2475,B6,LAX,6
-3,10,7,2,9,2475,B6,LAX,6
-3,10,7,2,11,2475,B6,LAX,6
-4,10,7,2,16,2475,B6,LAX,6
2,10,7,2,21,2475,B6,LAX,6
2,10,11,6,8,2475,B6,LAX,2
-2,10,11,6,9,2475,B6,LAX,2
0,10,11,6,11,2475,B6,LAX,2
8,10,11,6,16,2475,B6,LAX,2
-3,10,11,6,21,2475,B6,LAX,2
-1,10,4,6,6,2475,B6,LAX,9
-5,10,4,6,8,2475,B6,LAX,9
-3,10,4,6,9,2475,B6,LAX,9
-3,10,4,6,11,2475,B6,LAX,9
-1,10,4,6,16,2475,B6,LAX,9
48,10,4,6,20,2475,B6,LAX,9
-4,10,8,3,6,2475,B6,LAX,5
-1,10,8,3,8,2475,B6,LAX,5
-3,10,8,3,9,2475,B6,LAX,5
-3,10,8,3,11,2475,B6,LAX,5
-1,10,8,3,16,2475,B6,LAX,5
-4,10,8,3,21,2475,B6,LAX,5
-5,10,9,4,6,2475,B6,LAX,4
-1,10,9,4,8,2475,B6,LAX,4
-3,10,9,4,9,2475,B6,LAX,4
-1,10,9,4,11,2475,B6,LAX,4
-2,10,9,4,16,2475,B6,LAX,4
21,10,9,4,21,2475,B6,LAX,4
-5,10,10,5,6,2475,B6,LAX,3
-1,10,10,5,8,2475,B6,LAX,3
-7,10,10,5,9,2475,B6,LAX,3
22,10,10,5,11,2475,B6,LAX,3
29,10,10,5,16,2475,B6,LAX,3
24,10,10,5,21,2475,B6,LAX,3
-3,10,11,6,6,2475,B6,LAX,2
-8,10,16,4,6,2475,B6,LAX,3
-4,10,16,4,8,2475,B6,LAX,3
-3,10,16,4,9,2475,B6,LAX,3
4,10,16,4,11,2475,B6,LAX,3
0,10,16,4,16,2475,B6,LAX,3
3,10,16,4,20,2475,B6,LAX,3
-3,10,12,7,6,2475,B6,LAX,1
-9,10,12,7,8,2475,B6,LAX,1
1,10,12,7,9,2475,B6,LAX,1
9,10,12,7,11,2475,B6,LAX,1
-1,10,12,7,16,2475,B6,LAX,1
14,10,12,7,21,2475,B6,LAX,1
2,10,14,2,8,2475,B6,LAX,1
-9,10,14,2,9,2475,B6,LAX,1
-5,10,14,2,11,2475,B6,LAX,1
-3,10,14,2,16,2475,B6,LAX,1
21,10,14,2,21,2475,B6,LAX,1
-3,10,15,3,6,2475,B6,LAX,2
-10,10,15,3,8,2475,B6,LAX,2
-3,10,15,3,9,2475,B6,LAX,2
-1,10,15,3,11,2475,B6,LAX,2
-4,10,15,3,16,2475,B6,LAX,2
-2,10,15,3,20,2475,B6,LAX,2
-4,10,19,7,6,2475,B6,LAX,6
-7,10,13,1,6,2475,B6,LAX,0
-8,10,13,1,8,2475,B6,LAX,0
-7,10,13,1,9,2475,B6,LAX,0
-1,10,13,1,11,2475,B6,LAX,0
-1,10,13,1,16,2475,B6,LAX,0
8,10,13,1,21,2475,B6,LAX,0
-3,10,14,2,6,2475,B6,LAX,1
-5,10,17,5,9,2475,B6,LAX,4
-3,10,17,5,11,2475,B6,LAX,4
-1,10,17,5,16,2475,B6,LAX,4
10,10,17,5,20,2475,B6,LAX,4
34,10,18,6,6,2475,B6,LAX,5
-5,10,18,6,8,2475,B6,LAX,5
-5,10,18,6,9,2475,B6,LAX,5
-1,10,18,6,11,2475,B6,LAX,5
-7,10,19,7,8,2475,B6,LAX,6
-5,10,19,7,9,2475,B6,LAX,6
-2,10,19,7,11,2475,B6,LAX,6
10,10,19,7,16,2475,B6,LAX,6
2,10,19,7,21,2475,B6,LAX,6
-9,10,20,1,6,2475,B6,LAX,7
-4,10,20,1,8,2475,B6,LAX,7
3,10,20,1,9,2475,B6,LAX,7
0,10,20,1,11,2475,B6,LAX,7
20,10,22,3,6,2475,B6,LAX,9
13,10,22,3,8,2475,B6,LAX,9
-3,10,22,3,9,2475,B6,LAX,9
12,10,22,3,11,2475,B6,LAX,9
-3,10,22,3,16,2475,B6,LAX,9
55,10,22,3,21,2475,B6,LAX,9
2,10,23,4,6,2475,B6,LAX,10
-10,10,23,4,8,2475,B6,LAX,10
-5,10,20,1,16,2475,B6,LAX,7
-3,10,20,1,21,2475,B6,LAX,7
-1,10,21,2,6,2475,B6,LAX,8
-4,10,21,2,8,2475,B6,LAX,8
-7,10,21,2,9,2475,B6,LAX,8
-2,10,21,2,11,2475,B6,LAX,8
7,10,21,2,16,2475,B6,LAX,8
-1,10,21,2,21,2475,B6,LAX,8
14,10,23,4,21,2475,B6,LAX,10
29,10,24,5,6,2475,B6,LAX,11
-4,10,24,5,8,2475,B6,LAX,11
-1,10,24,5,9,2475,B6,LAX,11
-1,10,24,5,11,2475,B6,LAX,11
-8,10,24,5,16,2475,B6,LAX,11
-2,10,23,4,9,2475,B6,LAX,10
-2,10,23,4,11,2475,B6,LAX,10
-4,10,23,4,16,2475,B6,LAX,10
-5,10,25,6,6,2475,B6,LAX,12
-5,10,25,6,8,2475,B6,LAX,12
-4,10,25,6,9,2475,B6,LAX,12
-5,10,25,6,11,2475,B6,LAX,12
-6,10,25,6,16,2475,B6,LAX,12
-3,10,25,6,21,2475,B6,LAX,12
-6,10,26,7,6,2475,B6,LAX,13
-6,10,26,7,7,2475,B6,LAX,13
0,10,26,7,9,2475,B6,LAX,13
-3,10,26,7,15,2475,B6,LAX,13
13,10,26,7,21,2475,B6,LAX,13
-6,10,30,4,6,2475,B6,LAX,12
-2,10,30,4,7,2475,B6,LAX,12
-9,10,30,4,9,2475,B6,LAX,12
-3,10,30,4,15,2475,B6,LAX,12
-6,10,17,5,6,2475,B6,LAX,4
-3,10,17,5,8,2475,B6,LAX,4
-7,10,27,1,6,2475,B6,LAX,14
-3,10,27,1,7,2475,B6,LAX,14
2,10,27,1,9,2475,B6,LAX,14
-1,10,27,1,15,2475,B6,LAX,14
0,10,27,1,21,2475,B6,LAX,14
-6,10,31,5,7,2475,B6,LAX,11
-6,10,31,5,9,2475,B6,LAX,11
-2,10,31,5,15,2475,B6,LAX,11
10,10,31,5,21,2475,B6,LAX,11
-3,10,24,5,21,2475,B6,LAX,11
-13,10,28,2,6,2475,B6,LAX,14
-9,10,28,2,7,2475,B6,LAX,14
-11,10,28,2,9,2475,B6,LAX,14
0,10,28,2,15,2475,B6,LAX,14
1,10,28,2,21,2475,B6,LAX,14
-4,10,29,3,6,2475,B6,LAX,13
-2,10,29,3,7,2475,B6,LAX,13
-4,10,29,3,9,2475,B6,LAX,13
3,10,29,3,15,2475,B6,LAX,13
0,10,29,3,21,2475,B6,LAX,13
0,10,1,3,18,2475,DL,LAX,12
6,10,1,3,16,2475,DL,LAX,12
-1,10,1,3,8,2475,DL,LAX,12
-2,10,1,3,9,2475,DL,LAX,12
-3,10,1,3,12,2475,DL,LAX,12
18,10,1,3,7,2475,DL,LAX,12
86,10,1,3,21,2475,DL,LAX,12
18,10,1,3,15,2475,DL,LAX,12
-3,10,1,3,8,2475,DL,LAX,12
90,10,2,4,18,2475,DL,LAX,11
29,10,2,4,16,2475,DL,LAX,11
0,10,2,4,9,2475,DL,LAX,11
-2,10,2,4,12,2475,DL,LAX,11
-1,10,2,4,7,2475,DL,LAX,11
65,10,2,4,21,2475,DL,LAX,11
86,10,2,4,15,2475,DL,LAX,11
-2,10,2,4,8,2475,DL,LAX,11
0,10,3,5,18,2475,DL,LAX,10
10,10,3,5,16,2475,DL,LAX,10
-2,10,3,5,9,2475,DL,LAX,10
0,10,3,5,12,2475,DL,LAX,10
-3,10,3,5,7,2475,DL,LAX,10
-1,10,3,5,21,2475,DL,LAX,10
5,10,3,5,15,2475,DL,LAX,10
-6,10,3,5,9,2475,DL,LAX,10
0,10,4,6,18,2475,DL,LAX,9
1,10,4,6,16,2475,DL,LAX,9
0,10,4,6,7,2475,DL,LAX,9
0,10,4,6,12,2475,DL,LAX,9
0,10,4,6,15,2475,DL,LAX,9
9,10,4,6,8,2475,DL,LAX,9
1,10,5,7,18,2475,DL,LAX,8
-6,10,5,7,16,2475,DL,LAX,8
-2,10,5,7,9,2475,DL,LAX,8
9,10,5,7,12,2475,DL,LAX,8
42,10,5,7,7,2475,DL,LAX,8
63,10,5,7,21,2475,DL,LAX,8
13,10,5,7,15,2475,DL,LAX,8
0,10,5,7,8,2475,DL,LAX,8
-5,10,6,1,18,2475,DL,LAX,7
0,10,6,1,16,2475,DL,LAX,7
0,10,6,1,9,2475,DL,LAX,7
-4,10,6,1,12,2475,DL,LAX,7
1,10,6,1,7,2475,DL,LAX,7
-1,10,6,1,21,2475,DL,LAX,7
-1,10,6,1,15,2475,DL,LAX,7
4,10,6,1,8,2475,DL,LAX,7
-3,10,7,2,18,2475,DL,LAX,6
-1,10,7,2,16,2475,DL,LAX,6
-4,10,7,2,9,2475,DL,LAX,6
-1,10,7,2,12,2475,DL,LAX,6
0,10,7,2,7,2475,DL,LAX,6
10,10,7,2,21,2475,DL,LAX,6
11,10,7,2,15,2475,DL,LAX,6
-8,10,7,2,8,2475,DL,LAX,6
-1,10,18,6,16,2475,B6,LAX,5
8,10,18,6,20,2475,B6,LAX,5
0,10,8,3,18,2475,DL,LAX,5
19,10,8,3,16,2475,DL,LAX,5
-5,10,8,3,9,2475,DL,LAX,5
-2,10,8,3,12,2475,DL,LAX,5
-2,10,8,3,7,2475,DL,LAX,5
-1,10,8,3,21,2475,DL,LAX,5
23,10,8,3,15,2475,DL,LAX,5
-4,10,8,3,8,2475,DL,LAX,5
-2,10,9,4,18,2475,DL,LAX,4
34,10,9,4,16,2475,DL,LAX,4
-6,10,9,4,9,2475,DL,LAX,4
-1,10,9,4,12,2475,DL,LAX,4
-6,10,9,4,7,2475,DL,LAX,4
13,10,9,4,21,2475,DL,LAX,4
0,10,9,4,15,2475,DL,LAX,4
-4,10,9,4,8,2475,DL,LAX,4
8,10,10,5,18,2475,DL,LAX,3
40,10,10,5,16,2475,DL,LAX,3
-4,10,10,5,9,2475,DL,LAX,3
-1,10,10,5,12,2475,DL,LAX,3
-1,10,10,5,7,2475,DL,LAX,3
90,10,10,5,21,2475,DL,LAX,3
30,10,10,5,15,2475,DL,LAX,3
-1,10,10,5,9,2475,DL,LAX,3
4,10,12,7,18,2475,DL,LAX,1
6,10,12,7,16,2475,DL,LAX,1
-2,10,12,7,9,2475,DL,LAX,1
-4,10,12,7,12,2475,DL,LAX,1
-4,10,12,7,7,2475,DL,LAX,1
0,10,12,7,21,2475,DL,LAX,1
5,10,12,7,15,2475,DL,LAX,1
1,10,12,7,8,2475,DL,LAX,1
-4,10,11,6,18,2475,DL,LAX,2
0,10,11,6,16,2475,DL,LAX,2
-2,10,11,6,7,2475,DL,LAX,2
-1,10,11,6,12,2475,DL,LAX,2
-4,10,11,6,15,2475,DL,LAX,2
5,10,11,6,8,2475,DL,LAX,2
-4,10,13,1,18,2475,DL,LAX,0
-2,10,13,1,16,2475,DL,LAX,0
-3,10,13,1,9,2475,DL,LAX,0
-1,10,13,1,12,2475,DL,LAX,0
-3,10,13,1,7,2475,DL,LAX,0
124,10,13,1,21,2475,DL,LAX,0
0,10,13,1,15,2475,DL,LAX,0
1,10,13,1,8,2475,DL,LAX,0
-2,10,14,2,18,2475,DL,LAX,1
0,10,14,2,16,2475,DL,LAX,1
1,10,14,2,9,2475,DL,LAX,1
-7,10,14,2,12,2475,DL,LAX,1
-2,10,14,2,7,2475,DL,LAX,1
12,10,14,2,21,2475,DL,LAX,1
0,10,14,2,15,2475,DL,LAX,1
10,10,14,2,8,2475,DL,LAX,1
-1,10,15,3,18,2475,DL,LAX,2
10,10,15,3,16,2475,DL,LAX,2
-5,10,15,3,9,2475,DL,LAX,2
-4,10,15,3,12,2475,DL,LAX,2
-4,10,15,3,7,2475,DL,LAX,2
25,10,15,3,21,2475,DL,LAX,2
9,10,15,3,15,2475,DL,LAX,2
-10,10,15,3,8,2475,DL,LAX,2
55,10,16,4,18,2475,DL,LAX,3
0,10,16,4,16,2475,DL,LAX,3
0,10,16,4,9,2475,DL,LAX,3
-8,10,16,4,12,2475,DL,LAX,3
20,10,16,4,7,2475,DL,LAX,3
53,10,16,4,21,2475,DL,LAX,3
17,10,16,4,15,2475,DL,LAX,3
0,10,16,4,8,2475,DL,LAX,3
1,10,17,5,18,2475,DL,LAX,4
0,10,17,5,16,2475,DL,LAX,4
-8,10,17,5,9,2475,DL,LAX,4
13,10,17,5,12,2475,DL,LAX,4
-5,10,17,5,7,2475,DL,LAX,4
49,10,17,5,21,2475,DL,LAX,4
-5,10,17,5,15,2475,DL,LAX,4
0,10,17,5,9,2475,DL,LAX,4
-3,10,19,7,18,2475,DL,LAX,6
331,10,19,7,16,2475,DL,LAX,6
-4,10,19,7,9,2475,DL,LAX,6
0,10,19,7,12,2475,DL,LAX,6
24,10,19,7,7,2475,DL,LAX,6
39,10,19,7,21,2475,DL,LAX,6
4,10,19,7,15,2475,DL,LAX,6
5,10,19,7,8,2475,DL,LAX,6
20,10,18,6,18,2475,DL,LAX,5
20,10,18,6,16,2475,DL,LAX,5
-5,10,18,6,7,2475,DL,LAX,5
-3,10,18,6,12,2475,DL,LAX,5
-1,10,18,6,15,2475,DL,LAX,5
-2,10,18,6,8,2475,DL,LAX,5
0,10,20,1,18,2475,DL,LAX,7
-5,10,20,1,16,2475,DL,LAX,7
-6,10,20,1,9,2475,DL,LAX,7
18,10,20,1,12,2475,DL,LAX,7
-1,10,20,1,7,2475,DL,LAX,7
-4,10,20,1,21,2475,DL,LAX,7
-2,10,20,1,15,2475,DL,LAX,7
-9,10,20,1,8,2475,DL,LAX,7
16,10,21,2,18,2475,DL,LAX,8
48,10,21,2,16,2475,DL,LAX,8
0,10,21,2,9,2475,DL,LAX,8
-1,10,21,2,12,2475,DL,LAX,8
-3,10,21,2,7,2475,DL,LAX,8
3,10,21,2,21,2475,DL,LAX,8
-1,10,21,2,15,2475,DL,LAX,8
9,10,21,2,8,2475,DL,LAX,8
-1,10,22,3,18,2475,DL,LAX,9
28,10,22,3,16,2475,DL,LAX,9
51,10,22,3,9,2475,DL,LAX,9
-1,10,22,3,12,2475,DL,LAX,9
75,10,22,3,7,2475,DL,LAX,9
100,10,22,3,21,2475,DL,LAX,9
11,10,22,3,15,2475,DL,LAX,9
-2,10,22,3,8,2475,DL,LAX,9
-7,10,1,3,6,2475,B6,LAX,12
3,10,1,3,8,2475,B6,LAX,12
-4,10,1,3,9,2475,B6,LAX,12
-5,10,1,3,11,2475,B6,LAX,12
0,10,1,3,16,2475,B6,LAX,12
-3,10,1,3,20,2475,B6,LAX,12
-10,10,5,7,6,2475,B6,LAX,8
-3,10,5,7,8,2475,B6,LAX,8
-8,10,5,7,9,2475,B6,LAX,8
-3,10,5,7,11,2475,B6,LAX,8
13,10,5,7,16,2475,B6,LAX,8
2,10,5,7,21,2475,B6,LAX,8
-8,10,6,1,6,2475,B6,LAX,7
2,10,6,1,8,2475,B6,LAX,7
-1,10,6,1,9,2475,B6,LAX,7
-1,10,6,1,11,2475,B6,LAX,7
2,10,6,1,16,2475,B6,LAX,7
15,10,6,1,21,2475,B6,LAX,7
9,10,23,4,18,2475,DL,LAX,10
0,10,23,4,16,2475,DL,LAX,10
9,10,23,4,9,2475,DL,LAX,10
-4,10,23,4,12,2475,DL,LAX,10
-2,10,23,4,7,2475,DL,LAX,10
19,10,23,4,21,2475,DL,LAX,10
9,10,23,4,15,2475,DL,LAX,10
-3,10,23,4,8,2475,DL,LAX,10
44,10,24,5,9,2475,DL,LAX,11
1,10,24,5,18,2475,DL,LAX,11
12,10,24,5,16,2475,DL,LAX,11
-3,10,24,5,9,2475,DL,LAX,11
-3,10,24,5,12,2475,DL,LAX,11
22,10,24,5,7,2475,DL,LAX,11
20,10,24,5,21,2475,DL,LAX,11
0,10,24,5,15,2475,DL,LAX,11
-1,10,25,6,18,2475,DL,LAX,12
-5,10,25,6,7,2475,DL,LAX,12
6,10,25,6,15,2475,DL,LAX,12
-7,10,25,6,8,2475,DL,LAX,12
3,10,25,6,16,2475,DL,LAX,12
15,10,26,7,18,2475,DL,LAX,13
3,10,26,7,16,2475,DL,LAX,13
-6,10,26,7,9,2475,DL,LAX,13
-4,10,26,7,12,2475,DL,LAX,13
-5,10,26,7,7,2475,DL,LAX,13
7,10,26,7,21,2475,DL,LAX,13
0,10,26,7,15,2475,DL,LAX,13
-7,10,26,7,8,2475,DL,LAX,13
26,10,27,1,18,2475,DL,LAX,14
-1,10,27,1,16,2475,DL,LAX,14
-6,10,27,1,9,2475,DL,LAX,14
8,10,27,1,12,2475,DL,LAX,14
-6,10,27,1,7,2475,DL,LAX,14
75,10,27,1,21,2475,DL,LAX,14
8,10,27,1,15,2475,DL,LAX,14
-12,10,27,1,8,2475,DL,LAX,14
14,10,28,2,18,2475,DL,LAX,14
-1,10,28,2,16,2475,DL,LAX,14
-5,10,28,2,9,2475,DL,LAX,14
-3,10,28,2,12,2475,DL,LAX,14
-3,10,28,2,7,2475,DL,LAX,14
5,10,28,2,21,2475,DL,LAX,14
5,10,28,2,15,2475,DL,LAX,14
-6,10,28,2,8,2475,DL,LAX,14
-5,10,29,3,8,2475,DL,LAX,13
0,10,30,4,21,2475,B6,LAX,12
-5,10,31,5,6,2475,B6,LAX,11
11,10,30,4,18,2475,DL,LAX,12
15,10,30,4,16,2475,DL,LAX,12
-7,10,30,4,9,2475,DL,LAX,12
-4,10,30,4,12,2475,DL,LAX,12
34,10,30,4,7,2475,DL,LAX,12
33,10,30,4,21,2475,DL,LAX,12
-5,10,30,4,15,2475,DL,LAX,12
-9,10,30,4,8,2475,DL,LAX,12
-4,10,31,5,18,2475,DL,LAX,11
-4,10,31,5,16,2475,DL,LAX,11
0,10,31,5,9,2475,DL,LAX,11
-5,10,31,5,12,2475,DL,LAX,11
-3,10,31,5,7,2475,DL,LAX,11
4,10,31,5,21,2475,DL,LAX,11
-2,10,31,5,15,2475,DL,LAX,11
-2,10,29,3,18,2475,DL,LAX,13
-1,10,29,3,16,2475,DL,LAX,13
-6,10,29,3,9,2475,DL,LAX,13
-3,10,29,3,12,2475,DL,LAX,13
8,10,29,3,7,2475,DL,LAX,13
50,10,29,3,21,2475,DL,LAX,13
31,10,29,3,15,2475,DL,LAX,13
-11,11,12,3,6,2475,UA,LAX,1
-8,11,12,3,8,2475,UA,LAX,1
-8,11,12,3,19,2475,UA,LAX,1
0,11,12,3,17,2475,UA,LAX,1
-4,11,12,3,11,2475,UA,LAX,1
-2,11,12,3,14,2475,UA,LAX,1
-7,11,10,1,6,2475,UA,LAX,1
-8,11,10,1,8,2475,UA,LAX,1
5,11,10,1,19,2475,UA,LAX,1
-10,11,10,1,17,2475,UA,LAX,1
-7,11,11,2,6,2475,UA,LAX,0
-5,11,11,2,8,2475,UA,LAX,0
-4,11,11,2,19,2475,UA,LAX,0
-1,11,9,7,8,2475,UA,LAX,2
-3,11,9,7,19,2475,UA,LAX,2
-4,11,9,7,17,2475,UA,LAX,2
-2,11,11,2,14,2475,UA,LAX,0
-9,11,9,7,11,2475,UA,LAX,2
-9,11,9,7,14,2475,UA,LAX,2
-10,11,10,1,11,2475,UA,LAX,1
-6,11,10,1,14,2475,UA,LAX,1
-8,11,8,6,6,2475,UA,LAX,3
-8,11,8,6,8,2475,UA,LAX,3
-6,11,8,6,18,2475,UA,LAX,3
-6,11,8,6,11,2475,UA,LAX,3
0,11,8,6,14,2475,UA,LAX,3
-1,11,7,5,6,2475,UA,LAX,4
-9,11,7,5,8,2475,UA,LAX,4
-4,11,7,5,19,2475,UA,LAX,4
1,11,7,5,17,2475,UA,LAX,4
89,11,7,5,11,2475,UA,LAX,4
-13,11,7,5,14,2475,UA,LAX,4
-5,11,5,3,6,2475,UA,LAX,6
-3,11,5,3,8,2475,UA,LAX,6
8,11,5,3,19,2475,UA,LAX,6
2,11,5,3,17,2475,UA,LAX,6
-4,11,5,3,11,2475,UA,LAX,6
3,11,5,3,14,2475,UA,LAX,6
-7,11,6,4,6,2475,UA,LAX,5
-7,11,6,4,8,2475,UA,LAX,5
-3,11,6,4,19,2475,UA,LAX,5
12,11,6,4,17,2475,UA,LAX,5
-2,11,6,4,11,2475,UA,LAX,5
-3,11,6,4,14,2475,UA,LAX,5
4,11,3,1,17,2475,UA,LAX,8
-8,11,3,1,11,2475,UA,LAX,8
13,11,3,1,14,2475,UA,LAX,8
-6,11,2,7,8,2475,UA,LAX,9
-6,11,2,7,19,2475,UA,LAX,9
-8,11,4,2,6,2475,UA,LAX,7
-6,11,4,2,8,2475,UA,LAX,7
-5,11,4,2,19,2475,UA,LAX,7
-6,11,4,2,17,2475,UA,LAX,7
-9,11,4,2,11,2475,UA,LAX,7
-4,11,4,2,14,2475,UA,LAX,7
-4,11,3,1,6,2475,UA,LAX,8
0,11,3,1,8,2475,UA,LAX,8
-2,11,3,1,19,2475,UA,LAX,8
-4,11,1,6,6,2475,UA,LAX,10
-2,11,1,6,8,2475,UA,LAX,10
12,11,1,6,18,2475,UA,LAX,10
-5,11,1,6,11,2475,UA,LAX,10
50,11,1,6,14,2475,UA,LAX,10
4,11,2,7,17,2475,UA,LAX,9
-8,11,2,7,11,2475,UA,LAX,9
-4,11,2,7,14,2475,UA,LAX,9
0,11,11,2,7,2475,VX,LAX,0
10,11,11,2,9,2475,VX,LAX,0
-4,11,11,2,13,2475,VX,LAX,0
-4,11,11,2,16,2475,VX,LAX,0
-6,11,11,2,20,2475,VX,LAX,0
-7,11,12,3,7,2475,VX,LAX,1
0,11,12,3,9,2475,VX,LAX,1
-7,11,12,3,13,2475,VX,LAX,1
-3,11,12,3,16,2475,VX,LAX,1
-7,11,12,3,20,2475,VX,LAX,1
-4,11,13,4,7,2475,VX,LAX,2
-8,11,13,4,9,2475,VX,LAX,2
-5,11,13,4,13,2475,VX,LAX,2
-6,11,13,4,16,2475,VX,LAX,2
3,11,13,4,20,2475,VX,LAX,2
-5,11,1,6,7,2475,VX,LAX,10
-4,11,1,6,9,2475,VX,LAX,10
111,11,1,6,13,2475,VX,LAX,10
33,11,1,6,16,2475,VX,LAX,10
-8,11,10,1,7,2475,VX,LAX,1
-1,11,10,1,9,2475,VX,LAX,1
-5,11,10,1,13,2475,VX,LAX,1
-4,11,10,1,16,2475,VX,LAX,1
-2,11,10,1,20,2475,VX,LAX,1
-6,11,18,2,7,2475,VX,LAX,7
-9,11,18,2,9,2475,VX,LAX,7
-8,11,18,2,13,2475,VX,LAX,7
4,11,18,2,16,2475,VX,LAX,7
10,11,18,2,20,2475,VX,LAX,7
-4,11,23,7,7,2475,VX,LAX,4
-7,11,23,7,9,2475,VX,LAX,4
-3,11,23,7,13,2475,VX,LAX,4
-7,11,23,7,16,2475,VX,LAX,4
-3,11,23,7,20,2475,VX,LAX,4
-1,11,24,1,7,2475,VX,LAX,3
-3,11,24,1,9,2475,VX,LAX,3
-3,11,24,1,11,2475,VX,LAX,3
-11,11,24,1,13,2475,VX,LAX,3
-1,11,24,1,16,2475,VX,LAX,3
72,11,24,1,20,2475,VX,LAX,3
-3,11,25,2,7,2475,VX,LAX,2
-4,11,25,2,9,2475,VX,LAX,2
1,11,25,2,11,2475,VX,LAX,2
-5,11,25,2,13,2475,VX,LAX,2
1,11,25,2,16,2475,VX,LAX,2
3,11,25,2,20,2475,VX,LAX,2
