-4,7,30,3,6,2475,UA,LAX,26
0,7,30,3,8,2475,UA,LAX,26
4,7,30,3,20,2475,UA,LAX,26
-4,7,30,3,17,2475,UA,LAX,26
-4,7,30,3,11,2475,UA,LAX,26
-3,7,31,4,14,2475,UA,LAX,27
13,7,29,2,14,2475,UA,LAX,25
0,7,30,3,14,2475,UA,LAX,26
-5,7,28,1,6,2475,UA,LAX,24
-9,7,28,1,8,2475,UA,LAX,24
216,7,28,1,20,2475,UA,LAX,24
7,7,28,1,17,2475,UA,LAX,24
-5,7,28,1,11,2475,UA,LAX,24
-3,7,28,1,14,2475,UA,LAX,24
-1,7,27,7,14,2475,UA,LAX,23
-4,7,31,4,6,2475,UA,LAX,27
5,7,31,4,8,2475,UA,LAX,27
-5,7,31,4,20,2475,UA,LAX,27
0,7,31,4,17,2475,UA,LAX,27
-2,7,31,4,11,2475,UA,LAX,27
4,7,29,2,6,2475,UA,LAX,25
-4,7,29,2,8,2475,UA,LAX,25
42,7,29,2,20,2475,UA,LAX,25
0,7,29,2,17,2475,UA,LAX,25
-5,7,29,2,11,2475,UA,LAX,25
-2,7,24,4,14,2475,UA,LAX,20
-5,7,27,7,8,2475,UA,LAX,23
15,7,27,7,20,2475,UA,LAX,23
24,7,27,7,17,2475,UA,LAX,23
-2,7,27,7,11,2475,UA,LAX,23
-6,7,26,6,6,2475,UA,LAX,22
-6,7,26,6,8,2475,UA,LAX,22
15,7,26,6,18,2475,UA,LAX,22
33,7,26,6,11,2475,UA,LAX,22
-1,7,26,6,14,2475,UA,LAX,22
-4,7,25,5,6,2475,UA,LAX,21
-3,7,25,5,8,2475,UA,LAX,21
-9,7,25,5,20,2475,UA,LAX,21
-6,7,25,5,17,2475,UA,LAX,21
-1,7,25,5,11,2475,UA,LAX,21
-1,7,25,5,14,2475,UA,LAX,21
-5,7,23,3,6,2475,UA,LAX,19
-6,7,23,3,8,2475,UA,LAX,19
149,7,23,3,20,2475,UA,LAX,19
0,7,23,3,17,2475,UA,LAX,19
-10,7,23,3,11,2475,UA,LAX,19
28,7,23,3,14,2475,UA,LAX,19
-3,7,22,2,14,2475,UA,LAX,18
4,7,22,2,6,2475,UA,LAX,18
-6,7,22,2,8,2475,UA,LAX,18
-9,7,22,2,20,2475,UA,LAX,18
-2,7,22,2,17,2475,UA,LAX,18
0,7,22,2,11,2475,UA,LAX,18
-3,7,20,7,14,2475,UA,LAX,16
-9,7,21,1,6,2475,UA,LAX,17
-10,7,21,1,8,2475,UA,LAX,17
-2,7,21,1,20,2475,UA,LAX,17
-6,7,21,1,17,2475,UA,LAX,17
-6,7,21,1,11,2475,UA,LAX,17
-3,7,21,1,14,2475,UA,LAX,17
6,7,19,6,6,2475,UA,LAX,15
-8,7,19,6,8,2475,UA,LAX,15
-3,7,19,6,18,2475,UA,LAX,15
-9,7,19,6,11,2475,UA,LAX,15
9,7,19,6,14,2475,UA,LAX,15
0,7,20,7,8,2475,UA,LAX,16
2,7,20,7,20,2475,UA,LAX,16
-2,7,20,7,17,2475,UA,LAX,16
-9,7,20,7,11,2475,UA,LAX,16
3,7,24,4,6,2475,UA,LAX,20
-6,7,24,4,8,2475,UA,LAX,20
3,7,24,4,20,2475,UA,LAX,20
-4,7,24,4,17,2475,UA,LAX,20
-4,7,24,4,11,2475,UA,LAX,20
15,7,16,3,6,2475,UA,LAX,12
-10,7,16,3,8,2475,UA,LAX,12
36,7,16,3,20,2475,UA,LAX,12
-4,7,17,4,11,2475,UA,LAX,13
-7,7,17,4,14,2475,UA,LAX,13
-4,8,1,5,8,2475,AA,LAX,28
-5,8,2,6,8,2475,AA,LAX,29
-2,8,3,7,8,2475,AA,LAX,29
-8,8,4,1,8,2475,AA,LAX,28
-9,8,5,2,8,2475,AA,LAX,27
-3,8,6,3,8,2475,AA,LAX,26
-4,8,7,4,8,2475,AA,LAX,25
-1,8,8,5,8,2475,AA,LAX,24
-8,8,9,6,8,2475,AA,LAX,23
-8,8,10,7,8,2475,AA,LAX,22
-4,8,11,1,8,2475,AA,LAX,21
-5,8,12,2,8,2475,AA,LAX,20
15,8,13,3,8,2475,AA,LAX,19
-5,8,14,4,8,2475,AA,LAX,18
-4,8,15,5,8,2475,AA,LAX,17
-2,8,16,6,8,2475,AA,LAX,16
0,8,17,7,8,2475,AA,LAX,15
-1,8,18,1,8,2475,AA,LAX,14
-6,8,19,2,8,2475,AA,LAX,13
-3,8,20,3,8,2475,AA,LAX,12
-5,8,21,4,8,2475,AA,LAX,11
13,8,22,5,8,2475,AA,LAX,10
109,8,23,6,8,2475,AA,LAX,9
-2,8,24,7,8,2475,AA,LAX,8
-5,8,25,1,8,2475,AA,LAX,7
-10,8,26,2,8,2475,AA,LAX,6
-2,8,27,3,8,2475,AA,LAX,5
-7,8,28,4,8,2475,AA,LAX,4
-5,8,29,5,8,2475,AA,LAX,3
1,8,1,5,6,2475,AA,LAX,28
-2,8,3,7,6,2475,AA,LAX,29
-1,8,4,1,6,2475,AA,LAX,28
-8,8,5,2,6,2475,AA,LAX,27
0,8,6,3,6,2475,AA,LAX,26
-4,8,7,4,6,2475,AA,LAX,25
-5,8,8,5,6,2475,AA,LAX,24
-7,8,10,7,6,2475,AA,LAX,22
-6,8,11,1,6,2475,AA,LAX,21
-4,8,12,2,6,2475,AA,LAX,20
-2,8,13,3,6,2475,AA,LAX,19
-3,8,14,4,6,2475,AA,LAX,18
-1,8,15,5,6,2475,AA,LAX,17
-5,8,17,7,6,2475,AA,LAX,15
-5,8,18,1,6,2475,AA,LAX,14
-8,8,19,2,6,2475,AA,LAX,13
-4,8,20,3,6,2475,AA,LAX,12
-2,8,21,4,6,2475,AA,LAX,11
2,8,22,5,6,2475,AA,LAX,10
-6,8,24,7,6,2475,AA,LAX,8
-8,8,25,1,6,2475,AA,LAX,7
-4,8,26,2,6,2475,AA,LAX,6
-4,8,27,3,6,2475,AA,LAX,5
-2,8,28,4,6,2475,AA,LAX,4
-8,8,29,5,6,2475,AA,LAX,3
14,8,1,5,17,2475,AA,LAX,28
0,8,2,6,17,2475,AA,LAX,29
0,8,3,7,17,2475,AA,LAX,29
-10,8,4,1,17,2475,AA,LAX,28
9,8,5,2,17,2475,AA,LAX,27
15,8,6,3,17,2475,AA,LAX,26
-6,8,7,4,17,2475,AA,LAX,25
46,8,8,5,17,2475,AA,LAX,24
-9,8,9,6,17,2475,AA,LAX,23
-4,8,10,7,17,2475,AA,LAX,22
-2,8,11,1,17,2475,AA,LAX,21
17,8,12,2,17,2475,AA,LAX,20
4,8,13,3,17,2475,AA,LAX,19
-2,8,14,4,17,2475,AA,LAX,18
-1,8,15,5,17,2475,AA,LAX,17
-3,8,16,6,17,2475,AA,LAX,16
21,8,17,7,17,2475,AA,LAX,15
-7,8,18,1,17,2475,AA,LAX,14
-4,8,19,2,17,2475,AA,LAX,13
39,8,20,3,17,2475,AA,LAX,12
89,8,21,4,17,2475,AA,LAX,11
-6,8,22,5,17,2475,AA,LAX,10
66,8,23,6,17,2475,AA,LAX,9
-2,8,24,7,17,2475,AA,LAX,8
-6,8,25,1,17,2475,AA,LAX,7
-2,8,26,2,17,2475,AA,LAX,6
-6,8,27,3,17,2475,AA,LAX,5
208,8,28,4,17,2475,AA,LAX,4
-5,8,29,5,17,2475,AA,LAX,3
-6,8,30,6,17,2475,AA,LAX,2
0,8,31,7,17,2475,AA,LAX,1
29,8,1,5,20,2475,AA,LAX,28
2,8,2,6,20,2475,AA,LAX,29
-3,8,3,7,20,2475,AA,LAX,29
-2,8,4,1,20,2475,AA,LAX,28
-9,8,5,2,20,2475,AA,LAX,27
45,8,6,3,20,2475,AA,LAX,26
0,8,7,4,20,2475,AA,LAX,25
7,8,8,5,20,2475,AA,LAX,24
3,8,9,6,20,2475,AA,LAX,23
6,8,10,7,20,2475,AA,LAX,22
39,8,11,1,20,2475,AA,LAX,21
56,8,12,2,20,2475,AA,LAX,20
-2,8,13,3,20,2475,AA,LAX,19
2,8,14,4,20,2475,AA,LAX,18
24,8,15,5,20,2475,AA,LAX,17
24,8,16,6,20,2475,AA,LAX,16
6,8,17,7,20,2475,AA,LAX,15
26,8,18,1,20,2475,AA,LAX,14
-5,8,19,2,20,2475,AA,LAX,13
-3,8,20,3,20,2475,AA,LAX,12
50,8,21,4,20,2475,AA,LAX,11
13,8,22,5,20,2475,AA,LAX,10
50,8,23,6,20,2475,AA,LAX,9
-2,8,24,7,20,2475,AA,LAX,8
-4,8,25,1,20,2475,AA,LAX,7
-4,8,26,2,20,2475,AA,LAX,6
8,8,27,3,20,2475,AA,LAX,5
4,8,28,4,20,2475,AA,LAX,4
36,8,29,5,20,2475,AA,LAX,3
-4,8,30,6,20,2475,AA,LAX,2
-1,8,31,7,20,2475,AA,LAX,1
170,8,1,5,15,2475,AA,LAX,28
-2,8,2,6,15,2475,AA,LAX,29
-4,8,3,7,15,2475,AA,LAX,29
-1,8,4,1,15,2475,AA,LAX,28
6,8,5,2,15,2475,AA,LAX,27
36,8,6,3,15,2475,AA,LAX,26
-2,8,7,4,15,2475,AA,LAX,25
12,8,8,5,15,2475,AA,LAX,24
-6,8,9,6,15,2475,AA,LAX,23
9,8,10,7,15,2475,AA,LAX,22
-5,8,11,1,15,2475,AA,LAX,21
-5,8,12,2,15,2475,AA,LAX,20
-4,8,13,3,15,2475,AA,LAX,19
-7,8,14,4,15,2475,AA,LAX,18
-5,8,15,5,15,2475,AA,LAX,17
-4,8,16,6,15,2475,AA,LAX,16
-7,8,17,7,15,2475,AA,LAX,15
97,8,18,1,15,2475,AA,LAX,14
-8,8,19,2,14,2475,AA,LAX,13
-8,8,20,3,14,2475,AA,LAX,12
-4,8,21,4,14,2475,AA,LAX,11
-8,8,22,5,14,2475,AA,LAX,10
-7,8,23,6,14,2475,AA,LAX,9
8,8,24,7,14,2475,AA,LAX,8
-8,8,25,1,14,2475,AA,LAX,7
-5,8,26,2,14,2475,AA,LAX,6
-9,8,27,3,14,2475,AA,LAX,5
-8,8,28,4,14,2475,AA,LAX,4
248,8,29,5,14,2475,AA,LAX,3
-3,8,30,6,14,2475,AA,LAX,2
-9,8,31,7,14,2475,AA,LAX,1
88,8,1,5,16,2475,AA,LAX,28
-8,8,2,6,16,2475,AA,LAX,29
-4,8,3,7,16,2475,AA,LAX,29
53,8,4,1,16,2475,AA,LAX,28
-6,8,5,2,16,2475,AA,LAX,27
-4,8,6,3,16,2475,AA,LAX,26
28,8,7,4,16,2475,AA,LAX,25
1,8,8,5,16,2475,AA,LAX,24
21,8,9,6,16,2475,AA,LAX,23
-6,8,10,7,16,2475,AA,LAX,22
8,8,11,1,16,2475,AA,LAX,21
28,8,12,2,16,2475,AA,LAX,20
131,8,13,3,16,2475,AA,LAX,19
-6,8,14,4,16,2475,AA,LAX,18
7,8,15,5,16,2475,AA,LAX,17
-3,8,16,6,16,2475,AA,LAX,16
-2,8,17,7,16,2475,AA,LAX,15
-5,8,18,1,16,2475,AA,LAX,14
-5,8,19,2,16,2475,AA,LAX,13
22,8,20,3,16,2475,AA,LAX,12
50,8,21,4,16,2475,AA,LAX,11
-5,8,22,5,16,2475,AA,LAX,10
-3,8,23,6,16,2475,AA,LAX,9
-6,8,24,7,16,2475,AA,LAX,8
-8,8,25,1,16,2475,AA,LAX,7
54,8,26,2,16,2475,AA,LAX,6
-6,8,27,3,16,2475,AA,LAX,5
-3,8,28,4,16,2475,AA,LAX,4
-4,8,29,5,16,2475,AA,LAX,3
-8,8,30,6,16,2475,AA,LAX,2
-7,8,31,7,16,2475,AA,LAX,1
-5,8,1,5,9,2475,AA,LAX,28
-1,8,2,6,9,2475,AA,LAX,29
-5,8,3,7,9,2475,AA,LAX,29
-6,8,4,1,9,2475,AA,LAX,28
-8,8,5,2,9,2475,AA,LAX,27
2,8,6,3,9,2475,AA,LAX,26
-6,8,7,4,9,2475,AA,LAX,25
-3,8,8,5,9,2475,AA,LAX,24
37,8,9,6,9,2475,AA,LAX,23
-8,8,10,7,9,2475,AA,LAX,22
1,8,11,1,9,2475,AA,LAX,21
-5,8,12,2,9,2475,AA,LAX,20
-6,8,13,3,9,2475,AA,LAX,19
-6,8,14,4,9,2475,AA,LAX,18
-12,8,15,5,9,2475,AA,LAX,17
-2,8,16,6,9,2475,AA,LAX,16
-7,8,17,7,9,2475,AA,LAX,15
-1,8,18,1,9,2475,AA,LAX,14
-9,8,19,2,9,2475,AA,LAX,13
-5,8,20,3,9,2475,AA,LAX,12
-6,8,21,4,9,2475,AA,LAX,11
4,8,22,5,9,2475,AA,LAX,10
-10,8,23,6,9,2475,AA,LAX,9
-3,8,24,7,9,2475,AA,LAX,8
-8,8,25,1,9,2475,AA,LAX,7
-8,8,26,2,9,2475,AA,LAX,6
-8,8,27,3,9,2475,AA,LAX,5
-4,8,28,4,9,2475,AA,LAX,4
-8,8,29,5,9,2475,AA,LAX,3
-9,8,30,6,9,2475,AA,LAX,2
-5,8,31,7,9,2475,AA,LAX,1
-6,8,1,5,12,2475,AA,LAX,28
-1,8,2,6,12,2475,AA,LAX,29
4,8,3,7,12,2475,AA,LAX,29
-9,8,4,1,12,2475,AA,LAX,28
-3,8,5,2,12,2475,AA,LAX,27
-5,8,6,3,12,2475,AA,LAX,26
-10,8,7,4,12,2475,AA,LAX,25
-9,8,8,5,12,2475,AA,LAX,24
-4,8,9,6,12,2475,AA,LAX,23
-3,8,10,7,12,2475,AA,LAX,22
-5,8,11,1,12,2475,AA,LAX,21
-4,8,12,2,12,2475,AA,LAX,20
-9,8,13,3,12,2475,AA,LAX,19
-10,8,14,4,12,2475,AA,LAX,18
-9,8,15,5,12,2475,AA,LAX,17
-5,8,16,6,12,2475,AA,LAX,16
-5,8,17,7,12,2475,AA,LAX,15
-9,8,18,1,12,2475,AA,LAX,14
-2,8,19,2,12,2475,AA,LAX,13
-11,8,20,3,12,2475,AA,LAX,12
-8,8,21,4,12,2475,AA,LAX,11
-6,8,22,5,12,2475,AA,LAX,10
71,8,23,6,12,2475,AA,LAX,9
-6,8,24,7,12,2475,AA,LAX,8
-7,8,25,1,12,2475,AA,LAX,7
77,8,26,2,12,2475,AA,LAX,6
-11,8,27,3,12,2475,AA,LAX,5
5,8,28,4,12,2475,AA,LAX,4
-9,8,29,5,12,2475,AA,LAX,3
-3,8,30,6,12,2475,AA,LAX,2
-11,8,31,7,12,2475,AA,LAX,1
-3,8,1,5,7,2475,AA,LAX,28
-5,8,2,6,7,2475,AA,LAX,29
-7,8,3,7,7,2475,AA,LAX,29
-4,8,4,1,7,2475,AA,LAX,28
-5,8,5,2,7,2475,AA,LAX,27
-5,8,6,3,7,2475,AA,LAX,26
-7,8,7,4,7,2475,AA,LAX,25
-3,8,8,5,7,2475,AA,LAX,24
-6,8,9,6,7,2475,AA,LAX,23
-6,8,10,7,7,2475,AA,LAX,22
-3,8,11,1,7,2475,AA,LAX,21
-6,8,12,2,7,2475,AA,LAX,20
-7,8,13,3,7,2475,AA,LAX,19
19,8,14,4,7,2475,AA,LAX,18
-3,8,15,5,7,2475,AA,LAX,17
-4,8,16,6,7,2475,AA,LAX,16
-5,8,17,7,7,2475,AA,LAX,15
-3,8,18,1,7,2475,AA,LAX,14
-5,8,19,2,7,2475,AA,LAX,13
-1,8,20,3,7,2475,AA,LAX,12
-4,8,21,4,7,2475,AA,LAX,11
-11,8,22,5,7,2475,AA,LAX,10
-7,8,23,6,7,2475,AA,LAX,9
-5,8,24,7,7,2475,AA,LAX,8
-3,8,25,1,7,2475,AA,LAX,7
-12,8,26,2,7,2475,AA,LAX,6
17,8,27,3,7,2475,AA,LAX,5
-9,8,28,4,7,2475,AA,LAX,4
-3,8,29,5,7,2475,AA,LAX,3
-9,8,30,6,7,2475,AA,LAX,2
-6,8,31,7,7,2475,AA,LAX,1
-2,8,1,5,11,2475,AA,LAX,28
2,8,2,6,11,2475,AA,LAX,29
-5,8,3,7,11,2475,AA,LAX,29
-6,8,4,1,11,2475,AA,LAX,28
-3,8,5,2,11,2475,AA,LAX,27
-4,8,6,3,11,2475,AA,LAX,26
-9,8,7,4,11,2475,AA,LAX,25
-6,8,8,5,11,2475,AA,LAX,24
-8,8,9,6,11,2475,AA,LAX,23
-3,8,10,7,11,2475,AA,LAX,22
-1,8,11,1,11,2475,AA,LAX,21
-6,8,12,2,11,2475,AA,LAX,20
-5,8,13,3,11,2475,AA,LAX,19
-2,8,14,4,11,2475,AA,LAX,18
-2,8,15,5,11,2475,AA,LAX,17
11,8,16,6,11,2475,AA,LAX,16
-4,8,17,7,11,2475,AA,LAX,15
-6,8,18,1,11,2475,AA,LAX,14
-1,8,19,2,11,2475,AA,LAX,13
-3,8,20,3,11,2475,AA,LAX,12
2,8,21,4,11,2475,AA,LAX,11
-8,8,22,5,11,2475,AA,LAX,10
66,8,23,6,11,2475,AA,LAX,9
-6,8,24,7,11,2475,AA,LAX,8
-7,8,25,1,11,2475,AA,LAX,7
-8,8,26,2,11,2475,AA,LAX,6
-13,8,27,3,11,2475,AA,LAX,5
8,8,28,4,11,2475,AA,LAX,4
-9,8,29,5,11,2475,AA,LAX,3
-10,8,30,6,11,2475,AA,LAX,2
-3,8,31,7,11,2475,AA,LAX,1
67,8,1,5,18,2475,AA,LAX,28
-1,8,2,6,18,2475,AA,LAX,29
17,8,3,7,18,2475,AA,LAX,29
-4,8,4,1,18,2475,AA,LAX,28
7,8,5,2,18,2475,AA,LAX,27
10,8,6,3,18,2475,AA,LAX,26
-4,8,7,4,18,2475,AA,LAX,25
6,8,8,5,18,2475,AA,LAX,24
127,8,9,6,18,2475,AA,LAX,23
3,8,10,7,18,2475,AA,LAX,22
9,8,11,1,18,2475,AA,LAX,21
11,8,12,2,18,2475,AA,LAX,20
-3,8,13,3,18,2475,AA,LAX,19
-6,8,14,4,18,2475,AA,LAX,18
3,8,15,5,18,2475,AA,LAX,17
-4,8,16,6,18,2475,AA,LAX,16
-4,8,17,7,18,2475,AA,LAX,15
-4,8,18,1,18,2475,AA,LAX,14
5,8,19,2,18,2475,AA,LAX,13
6,8,20,3,18,2475,AA,LAX,12
103,8,21,4,18,2475,AA,LAX,11
-5,8,22,5,18,2475,AA,LAX,10
58,8,23,6,18,2475,AA,LAX,9
0,8,24,7,18,2475,AA,LAX,8
-4,8,25,1,18,2475,AA,LAX,7
13,8,26,2,18,2475,AA,LAX,6
2,8,27,3,18,2475,AA,LAX,5
-1,8,28,4,18,2475,AA,LAX,4
-2,8,29,5,18,2475,AA,LAX,3
-10,8,30,6,18,2475,AA,LAX,2
-1,8,31,7,18,2475,AA,LAX,1
-3,8,1,5,10,2475,AA,LAX,28
-5,8,2,6,10,2475,AA,LAX,29
-3,8,3,7,10,2475,AA,LAX,29
49,8,4,1,10,2475,AA,LAX,28
-7,8,5,2,10,2475,AA,LAX,27
-2,8,6,3,10,2475,AA,LAX,26
-7,8,7,4,10,2475,AA,LAX,25
-11,8,8,5,10,2475,AA,LAX,24
11,8,9,6,10,2475,AA,LAX,23
-7,8,10,7,10,2475,AA,LAX,22
-3,8,11,1,10,2475,AA,LAX,21
35,8,12,2,10,2475,AA,LAX,20
2,8,13,3,10,2475,AA,LAX,19
-6,8,14,4,10,2475,AA,LAX,18
-3,8,15,5,10,2475,AA,LAX,17
-10,8,16,6,10,2475,AA,LAX,16
-8,8,17,7,10,2475,AA,LAX,15
-1,8,18,1,10,2475,AA,LAX,14
-9,8,19,2,10,2475,AA,LAX,13
-4,8,20,3,10,2475,AA,LAX,12
-4,8,21,4,10,2475,AA,LAX,11
4,8,22,5,10,2475,AA,LAX,10
-3,8,23,6,10,2475,AA,LAX,9
-8,8,24,7,10,2475,AA,LAX,8
-3,8,25,1,10,2475,AA,LAX,7
-8,8,26,2,10,2475,AA,LAX,6
-12,8,27,3,10,2475,AA,LAX,5
-5,8,28,4,10,2475,AA,LAX,4
18,8,29,5,10,2475,AA,LAX,3
-9,8,30,6,10,2475,AA,LAX,2
-8,8,31,7,10,2475,AA,LAX,1
2,8,1,5,19,2475,AA,LAX,28
0,8,2,6,19,2475,AA,LAX,29
-4,8,3,7,19,2475,AA,LAX,29
-4,8,4,1,19,2475,AA,LAX,28
5,8,5,2,19,2475,AA,LAX,27
-5,8,6,3,19,2475,AA,LAX,26
-6,8,7,4,19,2475,AA,LAX,25
-4,8,8,5,19,2475,AA,LAX,24
3,8,9,6,19,2475,AA,LAX,23
7,8,10,7,19,2475,AA,LAX,22
-5,8,11,1,19,2475,AA,LAX,21
0,8,12,2,19,2475,AA,LAX,20
-2,8,13,3,19,2475,AA,LAX,19
78,8,14,4,19,2475,AA,LAX,18
-7,8,15,5,19,2475,AA,LAX,17
87,8,16,6,19,2475,AA,LAX,16
-6,8,17,7,19,2475,AA,LAX,15
-5,8,18,1,19,2475,AA,LAX,14
1,8,19,2,19,2475,AA,LAX,13
-1,8,20,3,19,2475,AA,LAX,12
197,8,21,4,19,2475,AA,LAX,11
-4,8,22,5,19,2475,AA,LAX,10
45,8,23,6,19,2475,AA,LAX,9
-4,8,24,7,19,2475,AA,LAX,8
-5,8,25,1,19,2475,AA,LAX,7
-2,8,26,2,19,2475,AA,LAX,6
-6,8,27,3,19,2475,AA,LAX,5
9,8,28,4,19,2475,AA,LAX,4
-6,8,29,5,19,2475,AA,LAX,3
-7,8,30,6,19,2475,AA,LAX,2
4,8,1,5,6,2475,B6,LAX,28
-2,8,2,6,6,2475,B6,LAX,29
-3,8,3,7,6,2475,B6,LAX,29
1,8,4,1,6,2475,B6,LAX,28
27,8,5,2,6,2475,B6,LAX,27
-1,8,6,3,6,2475,B6,LAX,26
-2,8,7,4,6,2475,B6,LAX,25
-4,8,8,5,6,2475,B6,LAX,24
-3,8,9,6,6,2475,B6,LAX,23
41,8,10,7,6,2475,B6,LAX,22
-7,8,11,1,6,2475,B6,LAX,21
-1,8,12,2,6,2475,B6,LAX,20
106,8,13,3,6,2475,B6,LAX,19
15,8,14,4,6,2475,B6,LAX,18
-3,8,15,5,6,2475,B6,LAX,17
-2,8,16,6,6,2475,B6,LAX,16
-4,8,17,7,6,2475,B6,LAX,15
-4,8,18,1,6,2475,B6,LAX,14
102,8,19,2,6,2475,B6,LAX,13
-2,8,20,3,6,2475,B6,LAX,12
0,8,21,4,6,2475,B6,LAX,11
-6,8,22,5,6,2475,B6,LAX,10
1,8,23,6,6,2475,B6,LAX,9
-6,8,24,7,6,2475,B6,LAX,8
-4,8,25,1,6,2475,B6,LAX,7
-2,8,26,2,6,2475,B6,LAX,6
-9,8,27,3,6,2475,B6,LAX,5
-3,8,28,4,6,2475,B6,LAX,4
-1,8,29,5,6,2475,B6,LAX,3
-6,8,30,6,6,2475,B6,LAX,2
-6,8,31,7,6,2475,B6,LAX,1
-1,8,1,5,9,2475,B6,LAX,28
-1,8,2,6,9,2475,B6,LAX,29
-2,8,3,7,9,2475,B6,LAX,29
83,8,4,1,9,2475,B6,LAX,28
15,8,5,2,9,2475,B6,LAX,27
4,8,6,3,9,2475,B6,LAX,26
-5,8,7,4,9,2475,B6,LAX,25
-4,8,8,5,9,2475,B6,LAX,24
-9,8,9,6,9,2475,B6,LAX,23
-5,8,10,7,9,2475,B6,LAX,22
-7,8,11,1,9,2475,B6,LAX,21
20,8,12,2,9,2475,B6,LAX,20
-4,8,13,3,9,2475,B6,LAX,19
3,8,14,4,9,2475,B6,LAX,18
-2,8,15,5,9,2475,B6,LAX,17
-6,8,16,6,9,2475,B6,LAX,16
-4,8,17,7,9,2475,B6,LAX,15
-6,8,18,1,9,2475,B6,LAX,14
-4,8,19,2,9,2475,B6,LAX,13
15,8,20,3,9,2475,B6,LAX,12
-7,8,21,4,9,2475,B6,LAX,11
-9,8,22,5,9,2475,B6,LAX,10
-3,8,23,6,9,2475,B6,LAX,9
0,8,24,7,9,2475,B6,LAX,8
0,8,25,1,9,2475,B6,LAX,7
11,8,26,2,9,2475,B6,LAX,6
-8,8,27,3,9,2475,B6,LAX,5
-3,8,28,4,9,2475,B6,LAX,4
-8,8,29,5,9,2475,B6,LAX,3
-10,8,30,6,9,2475,B6,LAX,2
-3,8,31,7,9,2475,B6,LAX,1
-1,8,1,5,12,2475,B6,LAX,28
17,8,2,6,12,2475,B6,LAX,29
53,8,3,7,12,2475,B6,LAX,29
-4,8,4,1,12,2475,B6,LAX,28
-1,8,5,2,12,2475,B6,LAX,27
-8,8,6,3,12,2475,B6,LAX,26
-6,8,7,4,12,2475,B6,LAX,25
3,8,8,5,12,2475,B6,LAX,24
10,8,9,6,12,2475,B6,LAX,23
-2,8,10,7,12,2475,B6,LAX,22
40,8,11,1,12,2475,B6,LAX,21
-1,8,12,2,12,2475,B6,LAX,20
-5,8,13,3,12,2475,B6,LAX,19
8,8,14,4,12,2475,B6,LAX,18
-1,8,15,5,12,2475,B6,LAX,17
-2,8,16,6,12,2475,B6,LAX,16
-5,8,17,7,12,2475,B6,LAX,15
0,8,18,1,12,2475,B6,LAX,14
5,8,19,2,12,2475,B6,LAX,13
-3,8,20,3,12,2475,B6,LAX,12
-7,8,21,4,12,2475,B6,LAX,11
-4,8,22,5,12,2475,B6,LAX,10
-5,8,23,6,12,2475,B6,LAX,9
-3,8,24,7,12,2475,B6,LAX,8
9,8,25,1,12,2475,B6,LAX,7
-5,8,26,2,12,2475,B6,LAX,6
-1,8,27,3,12,2475,B6,LAX,5
-1,8,28,4,12,2475,B6,LAX,4
-7,8,29,5,12,2475,B6,LAX,3
-5,8,30,6,12,2475,B6,LAX,2
-8,8,31,7,12,2475,B6,LAX,1
0,8,1,5,16,2475,B6,LAX,28
-5,8,2,6,16,2475,B6,LAX,29
199,8,3,7,16,2475,B6,LAX,29
-2,8,4,1,16,2475,B6,LAX,28
-3,8,5,2,16,2475,B6,LAX,27
-4,8,6,3,16,2475,B6,LAX,26
-5,8,7,4,16,2475,B6,LAX,25
-2,8,8,5,16,2475,B6,LAX,24
-1,8,9,6,16,2475,B6,LAX,23
-3,8,10,7,16,2475,B6,LAX,22
65,8,11,1,16,2475,B6,LAX,21
6,8,12,2,16,2475,B6,LAX,20
4,8,13,3,16,2475,B6,LAX,19
0,8,14,4,16,2475,B6,LAX,18
0,8,15,5,16,2475,B6,LAX,17
-3,8,16,6,16,2475,B6,LAX,16
-5,8,17,7,16,2475,B6,LAX,15
15,8,18,1,16,2475,B6,LAX,14
-5,8,19,2,16,2475,B6,LAX,13
9,8,20,3,16,2475,B6,LAX,12
1,8,21,4,16,2475,B6,LAX,11
24,8,22,5,16,2475,B6,LAX,10
-10,8,23,6,16,2475,B6,LAX,9
1,8,24,7,16,2475,B6,LAX,8
-4,8,25,1,16,2475,B6,LAX,7
13,8,26,2,16,2475,B6,LAX,6
-5,8,27,3,16,2475,B6,LAX,5
8,8,28,4,16,2475,B6,LAX,4
-3,8,29,5,16,2475,B6,LAX,3
-5,8,30,6,16,2475,B6,LAX,2
-9,8,31,7,16,2475,B6,LAX,1
5,8,1,5,20,2475,B6,LAX,28
12,8,2,6,20,2475,B6,LAX,29
1,8,3,7,20,2475,B6,LAX,29
-5,8,4,1,20,2475,B6,LAX,28
-5,8,5,2,20,2475,B6,LAX,27
0,8,6,3,20,2475,B6,LAX,26
-3,8,7,4,20,2475,B6,LAX,25
-5,8,8,5,20,2475,B6,LAX,24
-2,8,9,6,20,2475,B6,LAX,23
22,8,10,7,20,2475,B6,LAX,22
10,8,11,1,20,2475,B6,LAX,21
24,8,12,2,20,2475,B6,LAX,20
88,8,13,3,20,2475,B6,LAX,19
2,8,14,4,20,2475,B6,LAX,18
0,8,15,5,20,2475,B6,LAX,17
64,8,16,6,20,2475,B6,LAX,16
3,8,17,7,20,2475,B6,LAX,15
37,8,18,1,20,2475,B6,LAX,14
1,8,19,2,20,2475,B6,LAX,13
-3,8,20,3,20,2475,B6,LAX,12
9,8,21,4,20,2475,B6,LAX,11
21,8,22,5,20,2475,B6,LAX,10
-1,8,23,6,20,2475,B6,LAX,9
-2,8,24,7,20,2475,B6,LAX,8
-1,8,25,1,20,2475,B6,LAX,7
-7,8,26,2,20,2475,B6,LAX,6
-5,8,27,3,20,2475,B6,LAX,5
-1,8,28,4,20,2475,B6,LAX,4
-2,8,29,5,20,2475,B6,LAX,3
-3,8,30,6,20,2475,B6,LAX,2
5,8,31,7,20,2475,B6,LAX,1
22,8,1,5,18,2475,DL,LAX,28
0,8,1,5,9,2475,DL,LAX,28
-2,8,1,5,12,2475,DL,LAX,28
5,8,1,5,7,2475,DL,LAX,28
3,8,1,5,15,2475,DL,LAX,28
1,8,1,5,21,2475,DL,LAX,28
10,8,1,5,8,2475,DL,LAX,28
0,8,1,5,16,2475,DL,LAX,28
51,8,2,6,18,2475,DL,LAX,29
-1,8,2,6,9,2475,DL,LAX,29
-4,8,2,6,12,2475,DL,LAX,29
7,8,2,6,15,2475,DL,LAX,29
29,8,2,6,8,2475,DL,LAX,29
