-7,6,30,1,11,2475,UA,LAX,4
-4,6,29,7,20,2475,UA,LAX,5
1,6,29,7,17,2475,UA,LAX,5
-4,6,29,7,8,2475,UA,LAX,5
-10,6,29,7,11,2475,UA,LAX,5
-7,6,30,1,6,2475,UA,LAX,4
0,6,30,1,8,2475,UA,LAX,4
6,6,30,1,17,2475,UA,LAX,4
-7,6,30,1,14,2475,UA,LAX,4
-1,6,28,6,18,2475,UA,LAX,6
-7,6,28,6,11,2475,UA,LAX,6
6,6,28,6,14,2475,UA,LAX,6
8,6,27,5,20,2475,UA,LAX,7
-5,6,27,5,6,2475,UA,LAX,7
-3,6,27,5,8,2475,UA,LAX,7
1,6,27,5,17,2475,UA,LAX,7
-2,6,27,5,14,2475,UA,LAX,7
0,6,26,4,11,2475,UA,LAX,8
53,6,26,4,20,2475,UA,LAX,8
-3,6,26,4,6,2475,UA,LAX,8
4,6,26,4,8,2475,UA,LAX,8
6,6,26,4,17,2475,UA,LAX,8
13,6,25,3,20,2475,UA,LAX,9
-4,6,25,3,6,2475,UA,LAX,9
-7,6,25,3,8,2475,UA,LAX,9
13,6,25,3,17,2475,UA,LAX,9
-2,6,25,3,14,2475,UA,LAX,9
-4,6,27,5,11,2475,UA,LAX,7
-6,6,24,2,11,2475,UA,LAX,10
-3,6,24,2,20,2475,UA,LAX,10
-6,6,24,2,6,2475,UA,LAX,10
-6,6,24,2,8,2475,UA,LAX,10
-4,6,24,2,17,2475,UA,LAX,10
-4,6,23,1,20,2475,UA,LAX,11
-6,6,23,1,6,2475,UA,LAX,11
7,6,26,4,14,2475,UA,LAX,8
