-3,9,8,1,18,2475,DL,LAX,7
-2,9,8,1,9,2475,DL,LAX,7
-3,9,8,1,12,2475,DL,LAX,7
0,9,8,1,7,2475,DL,LAX,7
-3,9,8,1,16,2475,DL,LAX,7
-5,9,8,1,21,2475,DL,LAX,7
-1,9,8,1,8,2475,DL,LAX,7
-2,9,8,1,15,2475,DL,LAX,7
5,9,1,1,18,2475,DL,LAX,0
3,9,1,1,9,2475,DL,LAX,0
-2,9,1,1,12,2475,DL,LAX,0
16,9,1,1,7,2475,DL,LAX,0
18,9,1,1,21,2475,DL,LAX,0
-1,9,1,1,15,2475,DL,LAX,0
-5,9,1,1,8,2475,DL,LAX,0
-2,9,1,1,16,2475,DL,LAX,0
-4,9,9,2,18,2475,DL,LAX,8
63,9,9,2,9,2475,DL,LAX,8
-2,9,9,2,12,2475,DL,LAX,8
-5,9,9,2,7,2475,DL,LAX,8
-3,9,9,2,16,2475,DL,LAX,8
44,9,9,2,21,2475,DL,LAX,8
-1,9,9,2,8,2475,DL,LAX,8
-4,9,9,2,15,2475,DL,LAX,8
-6,9,10,3,18,2475,DL,LAX,9
-1,9,10,3,9,2475,DL,LAX,9
-1,9,10,3,12,2475,DL,LAX,9
-3,9,10,3,7,2475,DL,LAX,9
-5,9,10,3,16,2475,DL,LAX,9
10,9,10,3,21,2475,DL,LAX,9
-3,9,10,3,8,2475,DL,LAX,9
-4,9,10,3,15,2475,DL,LAX,9
-4,9,11,4,18,2475,DL,LAX,10
-11,9,11,4,9,2475,DL,LAX,10
0,9,11,4,12,2475,DL,LAX,10
10,9,11,4,7,2475,DL,LAX,10
1,9,11,4,16,2475,DL,LAX,10
1,9,11,4,21,2475,DL,LAX,10
-4,9,11,4,8,2475,DL,LAX,10
19,9,11,4,15,2475,DL,LAX,10
23,9,12,5,18,2475,DL,LAX,11
-7,9,12,5,9,2475,DL,LAX,11
-2,9,12,5,12,2475,DL,LAX,11
-7,9,12,5,7,2475,DL,LAX,11
4,9,12,5,16,2475,DL,LAX,11
-1,9,12,5,21,2475,DL,LAX,11
-7,9,12,5,8,2475,DL,LAX,11
6,9,12,5,15,2475,DL,LAX,11
15,9,13,6,18,2475,DL,LAX,12
-6,9,13,6,9,2475,DL,LAX,12
-5,9,13,6,12,2475,DL,LAX,12
-5,9,13,6,16,2475,DL,LAX,12
-4,9,13,6,8,2475,DL,LAX,12
7,9,13,6,15,2475,DL,LAX,12
15,9,14,7,18,2475,DL,LAX,13
-5,9,15,1,18,2475,DL,LAX,14
-4,9,15,1,9,2475,DL,LAX,14
-2,9,15,1,12,2475,DL,LAX,14
0,9,15,1,7,2475,DL,LAX,14
-6,9,15,1,16,2475,DL,LAX,14
4,9,15,1,21,2475,DL,LAX,14
-5,9,15,1,8,2475,DL,LAX,14
5,9,15,1,15,2475,DL,LAX,14
8,9,16,2,18,2475,DL,LAX,15
-4,9,16,2,9,2475,DL,LAX,15
-4,9,16,2,12,2475,DL,LAX,15
-3,9,16,2,7,2475,DL,LAX,15
0,9,16,2,16,2475,DL,LAX,15
26,9,16,2,21,2475,DL,LAX,15
-10,9,16,2,8,2475,DL,LAX,15
5,9,16,2,15,2475,DL,LAX,15
-6,9,17,3,18,2475,DL,LAX,16
-13,9,17,3,9,2475,DL,LAX,16
-4,9,17,3,12,2475,DL,LAX,16
-8,9,17,3,7,2475,DL,LAX,16
-1,9,17,3,16,2475,DL,LAX,16
-11,9,17,3,21,2475,DL,LAX,16
-9,9,17,3,8,2475,DL,LAX,16
22,9,17,3,15,2475,DL,LAX,16
-3,9,18,4,18,2475,DL,LAX,17
-7,9,18,4,9,2475,DL,LAX,17
-2,9,18,4,12,2475,DL,LAX,17
-7,9,18,4,7,2475,DL,LAX,17
7,9,18,4,16,2475,DL,LAX,17
0,9,18,4,21,2475,DL,LAX,17
0,9,18,4,8,2475,DL,LAX,17
-2,9,18,4,15,2475,DL,LAX,17
50,9,19,5,18,2475,DL,LAX,18
-2,9,19,5,9,2475,DL,LAX,18
-3,9,19,5,12,2475,DL,LAX,18
-3,9,19,5,7,2475,DL,LAX,18
-1,9,19,5,16,2475,DL,LAX,18
36,9,19,5,21,2475,DL,LAX,18
-2,9,19,5,8,2475,DL,LAX,18
-1,9,19,5,15,2475,DL,LAX,18
16,9,20,6,18,2475,DL,LAX,19
-5,9,20,6,9,2475,DL,LAX,19
-1,9,20,6,12,2475,DL,LAX,19
-3,9,20,6,16,2475,DL,LAX,19
-3,9,20,6,8,2475,DL,LAX,19
-6,9,20,6,15,2475,DL,LAX,19
-1,9,21,7,18,2475,DL,LAX,20
-2,9,21,7,9,2475,DL,LAX,20
1,9,21,7,12,2475,DL,LAX,20
0,9,21,7,7,2475,DL,LAX,20
17,9,21,7,16,2475,DL,LAX,20
44,9,21,7,21,2475,DL,LAX,20
6,9,21,7,8,2475,DL,LAX,20
9,9,22,1,18,2475,DL,LAX,21
-3,9,22,1,9,2475,DL,LAX,21
-2,9,22,1,12,2475,DL,LAX,21
-4,9,22,1,7,2475,DL,LAX,21
0,9,22,1,16,2475,DL,LAX,21
5,9,22,1,21,2475,DL,LAX,21
29,9,22,1,8,2475,DL,LAX,21
-2,9,22,1,15,2475,DL,LAX,21
0,9,23,2,18,2475,DL,LAX,20
-2,9,23,2,9,2475,DL,LAX,20
-2,9,23,2,12,2475,DL,LAX,20
-5,9,23,2,7,2475,DL,LAX,20
-4,9,23,2,16,2475,DL,LAX,20
5,9,23,2,21,2475,DL,LAX,20
-1,9,23,2,8,2475,DL,LAX,20
16,9,23,2,15,2475,DL,LAX,20
0,9,1,1,6,2475,B6,LAX,0
-6,9,2,2,6,2475,B6,LAX,1
-1,9,3,3,6,2475,B6,LAX,2
-4,9,4,4,6,2475,B6,LAX,3
-3,9,5,5,6,2475,B6,LAX,4
-8,9,6,6,6,2475,B6,LAX,5
-7,9,7,7,6,2475,B6,LAX,6
-8,9,8,1,6,2475,B6,LAX,7
-4,9,9,2,6,2475,B6,LAX,8
-6,9,10,3,6,2475,B6,LAX,9
-7,9,11,4,6,2475,B6,LAX,10
-5,9,12,5,6,2475,B6,LAX,11
-5,9,13,6,6,2475,B6,LAX,12
-3,9,14,7,6,2475,B6,LAX,13
-6,9,15,1,6,2475,B6,LAX,14
-9,9,16,2,6,2475,B6,LAX,15
-5,9,17,3,6,2475,B6,LAX,16
-5,9,18,4,6,2475,B6,LAX,17
-9,9,19,5,6,2475,B6,LAX,18
-5,9,20,6,6,2475,B6,LAX,19
-16,9,21,7,6,2475,B6,LAX,20
-7,9,22,1,6,2475,B6,LAX,21
-7,9,23,2,6,2475,B6,LAX,20
-8,9,24,3,6,2475,B6,LAX,19
-3,9,25,4,6,2475,B6,LAX,18
-7,9,26,5,6,2475,B6,LAX,17
-9,9,27,6,6,2475,B6,LAX,16
6,9,28,7,6,2475,B6,LAX,15
-7,9,29,1,6,2475,B6,LAX,14
-4,9,30,2,6,2475,B6,LAX,13
51,9,24,3,18,2475,DL,LAX,19
-1,9,24,3,9,2475,DL,LAX,19
-3,9,24,3,12,2475,DL,LAX,19
-8,9,24,3,7,2475,DL,LAX,19
-4,9,24,3,16,2475,DL,LAX,19
-7,9,24,3,21,2475,DL,LAX,19
-6,9,24,3,8,2475,DL,LAX,19
27,9,24,3,15,2475,DL,LAX,19
3,9,26,5,18,2475,DL,LAX,17
-3,9,26,5,9,2475,DL,LAX,17
-3,9,26,5,12,2475,DL,LAX,17
-7,9,26,5,7,2475,DL,LAX,17
34,9,26,5,16,2475,DL,LAX,17
51,9,26,5,21,2475,DL,LAX,17
-8,9,26,5,8,2475,DL,LAX,17
0,9,26,5,15,2475,DL,LAX,17
-6,9,27,6,18,2475,DL,LAX,16
-7,9,27,6,9,2475,DL,LAX,16
-1,9,27,6,12,2475,DL,LAX,16
-3,9,27,6,16,2475,DL,LAX,16
-7,9,27,6,8,2475,DL,LAX,16
-2,9,27,6,15,2475,DL,LAX,16
-6,9,25,4,18,2475,DL,LAX,18
-2,9,25,4,9,2475,DL,LAX,18
2,9,25,4,12,2475,DL,LAX,18
14,9,25,4,7,2475,DL,LAX,18
5,9,25,4,16,2475,DL,LAX,18
33,9,25,4,21,2475,DL,LAX,18
-3,9,25,4,8,2475,DL,LAX,18
0,9,25,4,15,2475,DL,LAX,18
-1,9,28,7,18,2475,DL,LAX,15
-2,9,28,7,9,2475,DL,LAX,15
0,9,28,7,12,2475,DL,LAX,15
5,9,28,7,7,2475,DL,LAX,15
-2,9,28,7,16,2475,DL,LAX,15
30,9,28,7,21,2475,DL,LAX,15
-5,9,28,7,8,2475,DL,LAX,15
-3,9,28,7,15,2475,DL,LAX,15
6,9,29,1,18,2475,DL,LAX,14
-2,9,29,1,9,2475,DL,LAX,14
-4,9,29,1,12,2475,DL,LAX,14
-2,9,29,1,7,2475,DL,LAX,14
-5,9,29,1,16,2475,DL,LAX,14
553,9,29,1,21,2475,DL,LAX,14
-6,9,29,1,8,2475,DL,LAX,14
1,9,29,1,15,2475,DL,LAX,14
-6,9,30,2,18,2475,DL,LAX,13
1,9,30,2,9,2475,DL,LAX,13
0,9,30,2,12,2475,DL,LAX,13
-4,9,30,2,7,2475,DL,LAX,13
0,9,30,2,16,2475,DL,LAX,13
14,9,30,2,21,2475,DL,LAX,13
23,9,30,2,15,2475,DL,LAX,13
