-8,6,25,3,11,2475,UA,LAX,9
-5,6,24,2,14,2475,UA,LAX,10
46,6,22,7,20,2475,UA,LAX,12
-2,6,22,7,8,2475,UA,LAX,12
-2,6,22,7,17,2475,UA,LAX,12
-1,6,22,7,11,2475,UA,LAX,12
96,6,21,6,18,2475,UA,LAX,13
-6,6,21,6,11,2475,UA,LAX,13
-7,6,23,1,11,2475,UA,LAX,11
-5,6,22,7,14,2475,UA,LAX,12
0,6,21,6,6,2475,UA,LAX,13
-7,6,21,6,8,2475,UA,LAX,13
2,6,23,1,8,2475,UA,LAX,11
15,6,23,1,17,2475,UA,LAX,11
-1,6,23,1,14,2475,UA,LAX,11
-3,6,20,5,11,2475,UA,LAX,14
-3,6,20,5,20,2475,UA,LAX,14
-5,6,20,5,6,2475,UA,LAX,14
-10,6,20,5,8,2475,UA,LAX,14
8,6,20,5,17,2475,UA,LAX,14
-6,6,20,5,14,2475,UA,LAX,14
-8,6,21,6,14,2475,UA,LAX,13
-9,6,19,4,14,2475,UA,LAX,15
0,6,28,6,6,2475,UA,LAX,6
16,6,28,6,8,2475,UA,LAX,6
57,6,18,3,11,2475,UA,LAX,16
2,6,18,3,20,2475,UA,LAX,16
-1,6,18,3,6,2475,UA,LAX,16
152,6,18,3,8,2475,UA,LAX,16
59,6,18,3,17,2475,UA,LAX,16
64,6,18,3,14,2475,UA,LAX,16
22,6,16,1,11,2475,UA,LAX,18
4,6,16,1,20,2475,UA,LAX,18
-4,6,16,1,6,2475,UA,LAX,18
-11,6,16,1,8,2475,UA,LAX,18
-6,6,16,1,17,2475,UA,LAX,18
-7,6,17,2,11,2475,UA,LAX,17
55,6,17,2,20,2475,UA,LAX,17
-3,6,17,2,6,2475,UA,LAX,17
7,6,17,2,8,2475,UA,LAX,17
27,6,17,2,17,2475,UA,LAX,17
108,6,17,2,14,2475,UA,LAX,17
-4,7,1,2,9,2475,AA,LAX,3
-6,7,2,3,9,2475,AA,LAX,2
-1,7,3,4,9,2475,AA,LAX,1
-1,7,5,6,9,2475,AA,LAX,1
-8,7,6,7,9,2475,AA,LAX,2
-4,7,7,1,9,2475,AA,LAX,3
-7,7,8,2,9,2475,AA,LAX,4
-11,7,9,3,9,2475,AA,LAX,5
0,7,10,4,9,2475,AA,LAX,6
-2,7,11,5,9,2475,AA,LAX,7
-8,7,12,6,9,2475,AA,LAX,8
-3,7,13,7,9,2475,AA,LAX,9
-4,7,14,1,9,2475,AA,LAX,10
-6,7,15,2,9,2475,AA,LAX,11
-2,7,16,3,9,2475,AA,LAX,12
7,7,17,4,9,2475,AA,LAX,13
-2,7,18,5,9,2475,AA,LAX,14
12,7,19,6,9,2475,AA,LAX,15
-9,7,20,7,9,2475,AA,LAX,16
-6,7,21,1,9,2475,AA,LAX,17
-6,7,22,2,9,2475,AA,LAX,18
-8,7,23,3,9,2475,AA,LAX,19
-6,7,24,4,9,2475,AA,LAX,20
-4,7,25,5,9,2475,AA,LAX,21
-7,7,26,6,9,2475,AA,LAX,22
-4,7,27,7,9,2475,AA,LAX,23
-4,7,28,1,9,2475,AA,LAX,24
-9,7,29,2,9,2475,AA,LAX,25
54,7,30,3,9,2475,AA,LAX,26
-6,7,31,4,9,2475,AA,LAX,27
-6,7,1,2,12,2475,AA,LAX,3
-10,7,2,3,12,2475,AA,LAX,2
0,7,3,4,12,2475,AA,LAX,1
-6,7,4,5,12,2475,AA,LAX,0
-8,7,5,6,12,2475,AA,LAX,1
-1,7,6,7,12,2475,AA,LAX,2
-4,7,7,1,12,2475,AA,LAX,3
-2,7,8,2,12,2475,AA,LAX,4
-6,7,9,3,12,2475,AA,LAX,5
-9,7,10,4,12,2475,AA,LAX,6
-6,7,11,5,12,2475,AA,LAX,7
0,7,12,6,12,2475,AA,LAX,8
-5,7,13,7,12,2475,AA,LAX,9
-6,7,14,1,12,2475,AA,LAX,10
81,7,15,2,12,2475,AA,LAX,11
-9,7,16,3,12,2475,AA,LAX,12
-3,7,17,4,12,2475,AA,LAX,13
-1,7,18,5,12,2475,AA,LAX,14
-11,7,19,6,12,2475,AA,LAX,15
-10,7,20,7,12,2475,AA,LAX,16
-2,7,21,1,12,2475,AA,LAX,17
-6,7,22,2,12,2475,AA,LAX,18
-7,7,23,3,12,2475,AA,LAX,19
-6,7,24,4,12,2475,AA,LAX,20
-7,7,25,5,12,2475,AA,LAX,21
-4,7,26,6,12,2475,AA,LAX,22
-8,7,27,7,12,2475,AA,LAX,23
-6,7,28,1,12,2475,AA,LAX,24
-7,7,29,2,12,2475,AA,LAX,25
-5,7,30,3,12,2475,AA,LAX,26
-1,7,31,4,12,2475,AA,LAX,27
-8,7,1,2,7,2475,AA,LAX,3
-7,7,2,3,7,2475,AA,LAX,2
-9,7,3,4,7,2475,AA,LAX,1
-6,7,5,6,7,2475,AA,LAX,1
-7,7,6,7,7,2475,AA,LAX,2
-1,7,7,1,7,2475,AA,LAX,3
-6,7,8,2,7,2475,AA,LAX,4
-2,7,9,3,7,2475,AA,LAX,5
-7,7,10,4,7,2475,AA,LAX,6
-5,7,11,5,7,2475,AA,LAX,7
0,7,12,6,7,2475,AA,LAX,8
-7,7,13,7,7,2475,AA,LAX,9
-2,7,14,1,7,2475,AA,LAX,10
27,7,15,2,7,2475,AA,LAX,11
28,7,16,3,7,2475,AA,LAX,12
1,7,17,4,7,2475,AA,LAX,13
-2,7,18,5,7,2475,AA,LAX,14
-8,7,19,6,7,2475,AA,LAX,15
-7,7,20,7,7,2475,AA,LAX,16
-7,7,21,1,7,2475,AA,LAX,17
-2,7,22,2,7,2475,AA,LAX,18
-4,7,23,3,7,2475,AA,LAX,19
-4,7,24,4,7,2475,AA,LAX,20
-6,7,25,5,7,2475,AA,LAX,21
-4,7,26,6,7,2475,AA,LAX,22
-8,7,27,7,7,2475,AA,LAX,23
-5,7,28,1,7,2475,AA,LAX,24
-4,7,29,2,7,2475,AA,LAX,25
-8,7,30,3,7,2475,AA,LAX,26
-9,7,31,4,7,2475,AA,LAX,27
-9,7,1,2,11,2475,AA,LAX,3
-9,7,2,3,11,2475,AA,LAX,2
-3,7,3,4,11,2475,AA,LAX,1
-4,7,5,6,11,2475,AA,LAX,1
-3,7,6,7,11,2475,AA,LAX,2
2,7,7,1,11,2475,AA,LAX,3
-6,7,8,2,11,2475,AA,LAX,4
-4,7,9,3,11,2475,AA,LAX,5
-6,7,10,4,11,2475,AA,LAX,6
-3,7,11,5,11,2475,AA,LAX,7
-3,7,12,6,11,2475,AA,LAX,8
-6,7,13,7,11,2475,AA,LAX,9
14,7,14,1,11,2475,AA,LAX,10
-7,7,15,2,11,2475,AA,LAX,11
61,7,16,3,11,2475,AA,LAX,12
-6,7,17,4,11,2475,AA,LAX,13
-3,7,18,5,11,2475,AA,LAX,14
-7,7,19,6,11,2475,AA,LAX,15
-9,7,20,7,11,2475,AA,LAX,16
-8,7,21,1,11,2475,AA,LAX,17
-12,7,22,2,11,2475,AA,LAX,18
-4,7,23,3,11,2475,AA,LAX,19
-5,7,24,4,11,2475,AA,LAX,20
-4,7,25,5,11,2475,AA,LAX,21
10,7,26,6,11,2475,AA,LAX,22
21,7,27,7,11,2475,AA,LAX,23
11,7,28,1,11,2475,AA,LAX,24
2,7,29,2,11,2475,AA,LAX,25
-5,7,30,3,11,2475,AA,LAX,26
-2,7,31,4,11,2475,AA,LAX,27
16,7,1,2,18,2475,AA,LAX,3
126,7,2,3,18,2475,AA,LAX,2
325,7,3,4,18,2475,AA,LAX,1
-5,7,5,6,18,2475,AA,LAX,1
-5,7,6,7,18,2475,AA,LAX,2
12,7,7,1,18,2475,AA,LAX,3
147,7,8,2,18,2475,AA,LAX,4
45,7,9,3,18,2475,AA,LAX,5
14,7,10,4,18,2475,AA,LAX,6
-6,7,11,5,18,2475,AA,LAX,7
-5,7,12,6,18,2475,AA,LAX,8
60,7,13,7,18,2475,AA,LAX,9
284,7,14,1,18,2475,AA,LAX,10
144,7,15,2,18,2475,AA,LAX,11
1,7,16,3,18,2475,AA,LAX,12
7,7,17,4,18,2475,AA,LAX,13
6,7,18,5,18,2475,AA,LAX,14
-6,7,19,6,18,2475,AA,LAX,15
45,7,20,7,18,2475,AA,LAX,16
24,7,21,1,18,2475,AA,LAX,17
-6,7,22,2,18,2475,AA,LAX,18
11,7,23,3,18,2475,AA,LAX,19
-2,7,24,4,18,2475,AA,LAX,20
-1,7,25,5,18,2475,AA,LAX,21
-7,7,26,6,18,2475,AA,LAX,22
110,7,27,7,18,2475,AA,LAX,23
-4,7,28,1,18,2475,AA,LAX,24
-5,7,29,2,18,2475,AA,LAX,25
-8,7,30,3,18,2475,AA,LAX,26
-4,7,1,2,16,2475,AA,LAX,3
5,7,2,3,16,2475,AA,LAX,2
-4,7,3,4,16,2475,AA,LAX,1
-4,7,4,5,16,2475,AA,LAX,0
-7,7,5,6,16,2475,AA,LAX,1
18,7,6,7,16,2475,AA,LAX,2
-7,7,7,1,16,2475,AA,LAX,3
88,7,8,2,16,2475,AA,LAX,4
-6,7,9,3,16,2475,AA,LAX,5
1,7,10,4,16,2475,AA,LAX,6
-6,7,11,5,16,2475,AA,LAX,7
-2,7,12,6,16,2475,AA,LAX,8
-1,7,13,7,16,2475,AA,LAX,9
-7,7,14,1,16,2475,AA,LAX,10
336,7,15,2,16,2475,AA,LAX,11
-2,7,16,3,16,2475,AA,LAX,12
9,7,17,4,16,2475,AA,LAX,13
11,7,18,5,16,2475,AA,LAX,14
-3,7,19,6,16,2475,AA,LAX,15
-3,7,20,7,16,2475,AA,LAX,16
-4,7,21,1,16,2475,AA,LAX,17
-5,7,22,2,16,2475,AA,LAX,18
-2,7,23,3,16,2475,AA,LAX,19
-3,7,24,4,16,2475,AA,LAX,20
1,7,25,5,16,2475,AA,LAX,21
6,7,26,6,16,2475,AA,LAX,22
49,7,27,7,16,2475,AA,LAX,23
-5,7,28,1,16,2475,AA,LAX,24
-7,7,29,2,16,2475,AA,LAX,25
0,7,30,3,16,2475,AA,LAX,26
32,7,31,4,16,2475,AA,LAX,27
29,7,1,2,15,2475,AA,LAX,3
-2,7,2,3,15,2475,AA,LAX,2
26,7,3,4,15,2475,AA,LAX,1
0,7,4,5,15,2475,AA,LAX,0
6,7,5,6,15,2475,AA,LAX,1
-6,7,6,7,15,2475,AA,LAX,2
-1,7,7,1,15,2475,AA,LAX,3
-1,7,8,2,15,2475,AA,LAX,4
-2,7,10,4,15,2475,AA,LAX,6
-4,7,11,5,15,2475,AA,LAX,7
-7,7,12,6,15,2475,AA,LAX,8
-3,7,13,7,15,2475,AA,LAX,9
1,7,14,1,15,2475,AA,LAX,10
87,7,15,2,15,2475,AA,LAX,11
-5,7,16,3,15,2475,AA,LAX,12
-6,7,17,4,15,2475,AA,LAX,13
-6,7,18,5,15,2475,AA,LAX,14
-3,7,19,6,15,2475,AA,LAX,15
-6,7,20,7,15,2475,AA,LAX,16
-4,7,21,1,15,2475,AA,LAX,17
-1,7,22,2,15,2475,AA,LAX,18
-5,7,23,3,15,2475,AA,LAX,19
-5,7,24,4,15,2475,AA,LAX,20
-1,7,25,5,15,2475,AA,LAX,21
-5,7,26,6,15,2475,AA,LAX,22
33,7,27,7,15,2475,AA,LAX,23
-7,7,28,1,15,2475,AA,LAX,24
-4,7,29,2,15,2475,AA,LAX,25
4,7,30,3,15,2475,AA,LAX,26
62,7,31,4,15,2475,AA,LAX,27
-5,7,1,2,6,2475,AA,LAX,3
-5,7,2,3,6,2475,AA,LAX,2
-7,7,3,4,6,2475,AA,LAX,1
-5,7,6,7,6,2475,AA,LAX,2
-4,7,7,1,6,2475,AA,LAX,3
-6,7,8,2,6,2475,AA,LAX,4
-6,7,9,3,6,2475,AA,LAX,5
-3,7,10,4,6,2475,AA,LAX,6
-6,7,11,5,6,2475,AA,LAX,7
-7,7,13,7,6,2475,AA,LAX,9
-10,7,14,1,6,2475,AA,LAX,10
-7,7,15,2,6,2475,AA,LAX,11
16,7,16,3,6,2475,AA,LAX,12
-2,7,17,4,6,2475,AA,LAX,13
-7,7,18,5,6,2475,AA,LAX,14
-4,7,20,7,6,2475,AA,LAX,16
-1,7,21,1,6,2475,AA,LAX,17
-5,7,22,2,6,2475,AA,LAX,18
-5,7,23,3,6,2475,AA,LAX,19
-6,7,24,4,6,2475,AA,LAX,20
-6,7,25,5,6,2475,AA,LAX,21
-2,7,27,7,6,2475,AA,LAX,23
0,7,28,1,6,2475,AA,LAX,24
-3,7,29,2,6,2475,AA,LAX,25
-3,7,30,3,6,2475,AA,LAX,26
-3,7,31,4,6,2475,AA,LAX,27
18,7,1,2,17,2475,AA,LAX,3
24,7,2,3,17,2475,AA,LAX,2
10,7,3,4,17,2475,AA,LAX,1
-2,7,5,6,17,2475,AA,LAX,1
-3,7,6,7,17,2475,AA,LAX,2
-8,7,7,1,17,2475,AA,LAX,3
-8,7,8,2,17,2475,AA,LAX,4
18,7,9,3,17,2475,AA,LAX,5
170,7,10,4,17,2475,AA,LAX,6
-9,7,11,5,17,2475,AA,LAX,7
-4,7,12,6,17,2475,AA,LAX,8
-1,7,13,7,17,2475,AA,LAX,9
164,7,14,1,17,2475,AA,LAX,10
232,7,15,2,17,2475,AA,LAX,11
0,7,16,3,17,2475,AA,LAX,12
22,7,17,4,17,2475,AA,LAX,13
11,7,18,5,17,2475,AA,LAX,14
3,7,19,6,17,2475,AA,LAX,15
-5,7,20,7,17,2475,AA,LAX,16
53,7,21,1,17,2475,AA,LAX,17
0,7,22,2,17,2475,AA,LAX,18
1,7,23,3,17,2475,AA,LAX,19
-4,7,24,4,17,2475,AA,LAX,20
37,7,25,5,17,2475,AA,LAX,21
1,7,26,6,17,2475,AA,LAX,22
50,7,27,7,17,2475,AA,LAX,23
-2,7,28,1,17,2475,AA,LAX,24
-7,7,29,2,17,2475,AA,LAX,25
-7,7,30,3,17,2475,AA,LAX,26
-2,7,31,4,17,2475,AA,LAX,27
-5,7,1,2,20,2475,AA,LAX,3
176,7,2,3,20,2475,AA,LAX,2
204,7,3,4,20,2475,AA,LAX,1
-7,7,5,6,20,2475,AA,LAX,1
7,7,6,7,20,2475,AA,LAX,2
0,7,7,1,20,2475,AA,LAX,3
76,7,8,2,20,2475,AA,LAX,4
70,7,9,3,20,2475,AA,LAX,5
54,7,10,4,20,2475,AA,LAX,6
-4,7,11,5,20,2475,AA,LAX,7
60,7,12,6,20,2475,AA,LAX,8
116,7,13,7,20,2475,AA,LAX,9
160,7,14,1,20,2475,AA,LAX,10
174,7,15,2,20,2475,AA,LAX,11
4,7,16,3,20,2475,AA,LAX,12
-3,7,17,4,20,2475,AA,LAX,13
-6,7,18,5,20,2475,AA,LAX,14
-8,7,19,6,20,2475,AA,LAX,15
-6,7,20,7,20,2475,AA,LAX,16
40,7,21,1,20,2475,AA,LAX,17
-6,7,22,2,20,2475,AA,LAX,18
110,7,23,3,20,2475,AA,LAX,19
-6,7,24,4,20,2475,AA,LAX,20
-5,7,25,5,20,2475,AA,LAX,21
0,7,26,6,20,2475,AA,LAX,22
4,7,27,7,20,2475,AA,LAX,23
-2,7,28,1,20,2475,AA,LAX,24
-2,7,29,2,20,2475,AA,LAX,25
235,7,30,3,20,2475,AA,LAX,26
11,7,31,4,20,2475,AA,LAX,27
-11,7,1,2,10,2475,AA,LAX,3
-6,7,2,3,10,2475,AA,LAX,2
-8,7,3,4,10,2475,AA,LAX,1
66,7,4,5,10,2475,AA,LAX,0
-8,7,5,6,10,2475,AA,LAX,1
-6,7,6,7,10,2475,AA,LAX,2
2,7,7,1,10,2475,AA,LAX,3
2,7,8,2,10,2475,AA,LAX,4
-7,7,9,3,10,2475,AA,LAX,5
-10,7,10,4,10,2475,AA,LAX,6
-4,7,11,5,10,2475,AA,LAX,7
4,7,12,6,10,2475,AA,LAX,8
-6,7,13,7,10,2475,AA,LAX,9
-5,7,14,1,10,2475,AA,LAX,10
-4,7,15,2,10,2475,AA,LAX,11
-1,7,16,3,10,2475,AA,LAX,12
-7,7,17,4,10,2475,AA,LAX,13
-11,7,18,5,10,2475,AA,LAX,14
-7,7,19,6,10,2475,AA,LAX,15
-12,7,20,7,10,2475,AA,LAX,16
-10,7,21,1,10,2475,AA,LAX,17
-7,7,22,2,10,2475,AA,LAX,18
-6,7,23,3,10,2475,AA,LAX,19
0,7,24,4,10,2475,AA,LAX,20
-7,7,26,6,10,2475,AA,LAX,22
-8,7,27,7,10,2475,AA,LAX,23
-7,7,28,1,10,2475,AA,LAX,24
-4,7,29,2,10,2475,AA,LAX,25
45,7,30,3,10,2475,AA,LAX,26
107,7,31,4,10,2475,AA,LAX,27
-1,7,1,2,19,2475,AA,LAX,3
9,7,2,3,19,2475,AA,LAX,2
269,7,3,4,19,2475,AA,LAX,1
-1,7,4,5,19,2475,AA,LAX,0
-4,7,5,6,19,2475,AA,LAX,1
8,7,6,7,19,2475,AA,LAX,2
-1,7,7,1,19,2475,AA,LAX,3
105,7,8,2,19,2475,AA,LAX,4
108,7,9,3,19,2475,AA,LAX,5
-4,7,10,4,19,2475,AA,LAX,6
-4,7,11,5,19,2475,AA,LAX,7
-3,7,12,6,19,2475,AA,LAX,8
41,7,13,7,19,2475,AA,LAX,9
235,7,14,1,19,2475,AA,LAX,10
117,7,15,2,19,2475,AA,LAX,11
-4,7,16,3,19,2475,AA,LAX,12
-9,7,17,4,19,2475,AA,LAX,13
-5,7,18,5,19,2475,AA,LAX,14
9,7,19,6,19,2475,AA,LAX,15
-4,7,20,7,19,2475,AA,LAX,16
-8,7,21,1,19,2475,AA,LAX,17
-5,7,22,2,19,2475,AA,LAX,18
135,7,23,3,19,2475,AA,LAX,19
-6,7,24,4,19,2475,AA,LAX,20
-7,7,25,5,19,2475,AA,LAX,21
4,7,26,6,19,2475,AA,LAX,22
-5,7,27,7,19,2475,AA,LAX,23
-2,7,28,1,19,2475,AA,LAX,24
-5,7,29,2,19,2475,AA,LAX,25
-7,7,30,3,19,2475,AA,LAX,26
1,7,31,4,19,2475,AA,LAX,27
-1,7,1,2,8,2475,AA,LAX,3
-7,7,2,3,8,2475,AA,LAX,2
-6,7,3,4,8,2475,AA,LAX,1
-1,7,4,5,8,2475,AA,LAX,0
-2,7,5,6,8,2475,AA,LAX,1
-4,7,6,7,8,2475,AA,LAX,2
-8,7,7,1,8,2475,AA,LAX,3
-1,7,8,2,8,2475,AA,LAX,4
2,7,9,3,8,2475,AA,LAX,5
-4,7,10,4,8,2475,AA,LAX,6
-8,7,11,5,8,2475,AA,LAX,7
-6,7,12,6,8,2475,AA,LAX,8
-4,7,13,7,8,2475,AA,LAX,9
-5,7,14,1,8,2475,AA,LAX,10
-8,7,15,2,8,2475,AA,LAX,11
-4,7,16,3,8,2475,AA,LAX,12
0,7,17,4,8,2475,AA,LAX,13
-8,7,18,5,8,2475,AA,LAX,14
-2,7,19,6,8,2475,AA,LAX,15
-6,7,20,7,8,2475,AA,LAX,16
-2,7,21,1,8,2475,AA,LAX,17
-6,7,22,2,8,2475,AA,LAX,18
-2,7,23,3,8,2475,AA,LAX,19
-5,7,24,4,8,2475,AA,LAX,20
-8,7,25,5,8,2475,AA,LAX,21
-2,7,26,6,8,2475,AA,LAX,22
-5,7,27,7,8,2475,AA,LAX,23
25,7,28,1,8,2475,AA,LAX,24
0,7,29,2,8,2475,AA,LAX,25
-4,7,30,3,8,2475,AA,LAX,26
-7,7,31,4,8,2475,AA,LAX,27
-2,7,6,7,12,2475,B6,LAX,2
453,7,3,4,16,2475,B6,LAX,1
169,7,14,1,20,2475,B6,LAX,10
38,7,2,3,20,2475,B6,LAX,2
60,7,4,5,12,2475,B6,LAX,0
0,7,3,4,6,2475,B6,LAX,1
9,7,4,5,16,2475,B6,LAX,0
153,7,8,2,20,2475,B6,LAX,4
0,7,9,3,16,2475,B6,LAX,5
-1,7,10,4,12,2475,B6,LAX,6
0,7,10,4,20,2475,B6,LAX,6
-2,7,4,5,6,2475,B6,LAX,0
-3,7,2,3,12,2475,B6,LAX,2
-1,7,2,3,6,2475,B6,LAX,2
18,7,8,2,12,2475,B6,LAX,4
-3,7,13,7,12,2475,B6,LAX,9
33,7,4,5,20,2475,B6,LAX,0
3,7,9,3,12,2475,B6,LAX,5
24,7,1,2,16,2475,B6,LAX,3
-1,7,2,3,16,2475,B6,LAX,2
-3,7,8,2,16,2475,B6,LAX,4
43,7,5,6,6,2475,B6,LAX,1
-3,7,14,1,12,2475,B6,LAX,10
47,7,9,3,20,2475,B6,LAX,5
0,7,10,4,16,2475,B6,LAX,6
30,7,5,6,20,2475,B6,LAX,1
-7,7,6,7,16,2475,B6,LAX,2
-3,7,11,5,20,2475,B6,LAX,7
-5,7,12,6,16,2475,B6,LAX,8
12,7,7,1,12,2475,B6,LAX,3
11,7,13,7,20,2475,B6,LAX,9
-1,7,11,5,16,2475,B6,LAX,7
3,7,3,4,12,2475,B6,LAX,1
-1,7,13,7,16,2475,B6,LAX,9
0,7,12,6,20,2475,B6,LAX,8
75,7,1,2,20,2475,B6,LAX,3
-6,7,14,1,16,2475,B6,LAX,10
-4,7,5,6,12,2475,B6,LAX,1
-4,7,6,7,6,2475,B6,LAX,2
-1,7,6,7,20,2475,B6,LAX,2
-4,7,7,1,16,2475,B6,LAX,3
-1,7,11,5,12,2475,B6,LAX,7
63,7,12,6,12,2475,B6,LAX,8
-4,7,5,6,16,2475,B6,LAX,1
-5,7,1,2,9,2475,B6,LAX,3
-5,7,2,3,9,2475,B6,LAX,2
-2,7,3,4,9,2475,B6,LAX,1
-4,7,4,5,9,2475,B6,LAX,0
-2,7,5,6,9,2475,B6,LAX,1
0,7,6,7,9,2475,B6,LAX,2
-5,7,7,1,9,2475,B6,LAX,3
-4,7,8,2,6,2475,B6,LAX,4
-2,7,9,3,6,2475,B6,LAX,5
10,7,10,4,6,2475,B6,LAX,6
-1,7,11,5,6,2475,B6,LAX,7
-3,7,12,6,6,2475,B6,LAX,8
-4,7,13,7,6,2475,B6,LAX,9
-2,7,14,1,6,2475,B6,LAX,10
-2,7,7,1,6,2475,B6,LAX,3
0,7,8,2,9,2475,B6,LAX,4
22,7,9,3,9,2475,B6,LAX,5
-3,7,10,4,9,2475,B6,LAX,6
-8,7,11,5,9,2475,B6,LAX,7
-4,7,12,6,9,2475,B6,LAX,8
-6,7,13,7,9,2475,B6,LAX,9
-2,7,14,1,9,2475,B6,LAX,10
131,7,21,1,20,2475,B6,LAX,17
25,7,7,1,20,2475,B6,LAX,3
4,7,1,2,12,2475,B6,LAX,3
18,7,1,2,6,2475,B6,LAX,3
0,7,18,5,20,2475,B6,LAX,14
31,7,17,4,20,2475,B6,LAX,13
-3,7,18,5,16,2475,B6,LAX,14
-1,7,17,4,12,2475,B6,LAX,13
-6,7,24,4,12,2475,B6,LAX,20
62,7,30,3,12,2475,B6,LAX,26
22,7,16,3,20,2475,B6,LAX,12
-5,7,23,3,12,2475,B6,LAX,19
0,7,15,2,12,2475,B6,LAX,11
29,7,25,5,12,2475,B6,LAX,21
-3,7,18,5,12,2475,B6,LAX,14
1,7,19,6,20,2475,B6,LAX,15
-3,7,20,7,16,2475,B6,LAX,16
-2,7,21,1,12,2475,B6,LAX,17
66,7,19,6,12,2475,B6,LAX,15
10,7,28,1,12,2475,B6,LAX,24
53,7,27,7,12,2475,B6,LAX,23
10,7,20,7,20,2475,B6,LAX,16
-3,7,21,1,16,2475,B6,LAX,17
6,7,16,3,12,2475,B6,LAX,12
-3,7,22,2,12,2475,B6,LAX,18
-2,7,31,4,12,2475,B6,LAX,27
13,7,16,3,16,2475,B6,LAX,12
-4,7,20,7,12,2475,B6,LAX,16
48,7,2,3,18,2475,DL,LAX,2
-1,7,2,3,9,2475,DL,LAX,2
11,7,2,3,12,2475,DL,LAX,2
-1,7,2,3,7,2475,DL,LAX,2
49,7,2,3,15,2475,DL,LAX,2
50,7,2,3,21,2475,DL,LAX,2
20,7,2,3,8,2475,DL,LAX,2
34,7,2,3,8,2475,DL,LAX,2
431,7,2,3,16,2475,DL,LAX,2
-4,7,27,7,9,2475,B6,LAX,23
7,7,28,1,6,2475,B6,LAX,24
65,7,28,1,20,2475,B6,LAX,24
-4,7,29,2,16,2475,B6,LAX,25
-1,7,30,3,6,2475,B6,LAX,26
2,7,30,3,20,2475,B6,LAX,26
1,7,31,4,16,2475,B6,LAX,27
1,7,22,2,9,2475,B6,LAX,18
2,7,25,5,6,2475,B6,LAX,21
14,7,25,5,20,2475,B6,LAX,21
20,7,26,6,16,2475,B6,LAX,22
-5,7,27,7,6,2475,B6,LAX,23
83,7,27,7,20,2475,B6,LAX,23
-2,7,28,1,16,2475,B6,LAX,24
-6,7,29,2,9,2475,B6,LAX,25
4,7,30,3,9,2475,B6,LAX,26
-4,7,31,4,9,2475,B6,LAX,27
45,7,1,2,18,2475,DL,LAX,3
-4,7,1,2,8,2475,DL,LAX,3
-1,7,1,2,9,2475,DL,LAX,3
-3,7,1,2,12,2475,DL,LAX,3
0,7,1,2,7,2475,DL,LAX,3
32,7,1,2,21,2475,DL,LAX,3
10,7,1,2,16,2475,DL,LAX,3
6,7,1,2,15,2475,DL,LAX,3
-5,7,17,4,16,2475,B6,LAX,13
-3,7,26,6,12,2475,B6,LAX,22
111,7,23,3,9,2475,B6,LAX,19
-5,7,15,2,6,2475,B6,LAX,11
4,7,16,3,6,2475,B6,LAX,12
-2,7,17,4,6,2475,B6,LAX,13
-1,7,18,5,6,2475,B6,LAX,14
-5,7,19,6,6,2475,B6,LAX,15
-3,7,20,7,9,2475,B6,LAX,16
-6,7,21,1,6,2475,B6,LAX,17
-5,7,22,2,16,2475,B6,LAX,18
-1,7,23,3,6,2475,B6,LAX,19
96,7,23,3,20,2475,B6,LAX,19
10,7,24,4,16,2475,B6,LAX,20
-7,7,25,5,9,2475,B6,LAX,21
-6,7,26,6,6,2475,B6,LAX,22
33,7,26,6,20,2475,B6,LAX,22
57,7,27,7,16,2475,B6,LAX,23
-5,7,28,1,9,2475,B6,LAX,24
-3,7,29,2,6,2475,B6,LAX,25
-7,7,29,2,20,2475,B6,LAX,25
-7,7,30,3,16,2475,B6,LAX,26
-2,7,31,4,6,2475,B6,LAX,27
-4,7,31,4,20,2475,B6,LAX,27
-5,7,15,2,9,2475,B6,LAX,11
10,7,16,3,9,2475,B6,LAX,12
-2,7,17,4,9,2475,B6,LAX,13
-8,7,18,5,9,2475,B6,LAX,14
-3,7,19,6,9,2475,B6,LAX,15
14,7,20,7,6,2475,B6,LAX,16
1,7,21,1,9,2475,B6,LAX,17
11,7,22,2,6,2475,B6,LAX,18
0,7,22,2,20,2475,B6,LAX,18
-2,7,23,3,16,2475,B6,LAX,19
-5,7,24,4,6,2475,B6,LAX,20
14,7,24,4,20,2475,B6,LAX,20
-2,7,25,5,16,2475,B6,LAX,21
-1,7,26,6,9,2475,B6,LAX,22
36,7,4,5,18,2475,DL,LAX,0
-1,7,4,5,12,2475,DL,LAX,0
-1,7,4,5,7,2475,DL,LAX,0
13,7,4,5,21,2475,DL,LAX,0
-3,7,4,5,8,2475,DL,LAX,0
123,7,4,5,16,2475,DL,LAX,0
1,7,6,7,18,2475,DL,LAX,2
-4,7,6,7,9,2475,DL,LAX,2
-2,7,6,7,12,2475,DL,LAX,2
15,7,6,7,7,2475,DL,LAX,2
26,7,6,7,15,2475,DL,LAX,2
15,7,6,7,21,2475,DL,LAX,2
-3,7,6,7,8,2475,DL,LAX,2
6,7,6,7,16,2475,DL,LAX,2
9,7,3,4,18,2475,DL,LAX,1
4,7,3,4,9,2475,DL,LAX,1
174,7,3,4,12,2475,DL,LAX,1
-2,7,3,4,7,2475,DL,LAX,1
0,7,3,4,15,2475,DL,LAX,1
312,7,3,4,21,2475,DL,LAX,1
50,7,3,4,8,2475,DL,LAX,1
45,7,3,4,16,2475,DL,LAX,1
18,7,5,6,18,2475,DL,LAX,1
-4,7,5,6,9,2475,DL,LAX,1
-3,7,5,6,12,2475,DL,LAX,1
7,7,5,6,15,2475,DL,LAX,1
-1,7,5,6,8,2475,DL,LAX,1
4,7,5,6,16,2475,DL,LAX,1
-2,7,8,2,18,2475,DL,LAX,4
-2,7,8,2,9,2475,DL,LAX,4
-3,7,8,2,12,2475,DL,LAX,4
-7,7,8,2,7,2475,DL,LAX,4
8,7,8,2,15,2475,DL,LAX,4
67,7,8,2,21,2475,DL,LAX,4
4,7,8,2,8,2475,DL,LAX,4
16,7,8,2,16,2475,DL,LAX,4
-2,7,7,1,18,2475,DL,LAX,3
-1,7,7,1,9,2475,DL,LAX,3
-4,7,7,1,12,2475,DL,LAX,3
-2,7,7,1,7,2475,DL,LAX,3
-5,7,7,1,15,2475,DL,LAX,3
138,7,7,1,21,2475,DL,LAX,3
1,7,7,1,8,2475,DL,LAX,3
9,7,7,1,16,2475,DL,LAX,3
13,7,10,4,18,2475,DL,LAX,6
0,7,10,4,9,2475,DL,LAX,6
-3,7,10,4,12,2475,DL,LAX,6
-1,7,10,4,7,2475,DL,LAX,6
0,7,10,4,15,2475,DL,LAX,6
109,7,10,4,21,2475,DL,LAX,6
7,7,10,4,8,2475,DL,LAX,6
-1,7,10,4,16,2475,DL,LAX,6
13,7,11,5,18,2475,DL,LAX,7
2,7,11,5,9,2475,DL,LAX,7
182,7,11,5,12,2475,DL,LAX,7
35,7,11,5,7,2475,DL,LAX,7
7,7,11,5,15,2475,DL,LAX,7
0,7,11,5,21,2475,DL,LAX,7
2,7,11,5,8,2475,DL,LAX,7
0,7,11,5,16,2475,DL,LAX,7
12,7,12,6,18,2475,DL,LAX,8
-4,7,12,6,9,2475,DL,LAX,8
-3,7,12,6,12,2475,DL,LAX,8
-2,7,12,6,15,2475,DL,LAX,8
-1,7,12,6,8,2475,DL,LAX,8
7,7,9,3,18,2475,DL,LAX,5
0,7,9,3,9,2475,DL,LAX,5
-3,7,9,3,12,2475,DL,LAX,5
-1,7,9,3,7,2475,DL,LAX,5
7,7,9,3,15,2475,DL,LAX,5
53,7,9,3,21,2475,DL,LAX,5
10,7,9,3,8,2475,DL,LAX,5
2,7,9,3,16,2475,DL,LAX,5
23,7,13,7,18,2475,DL,LAX,9
2,7,13,7,9,2475,DL,LAX,9
35,7,13,7,12,2475,DL,LAX,9
-2,7,13,7,7,2475,DL,LAX,9
7,7,13,7,15,2475,DL,LAX,9
10,7,13,7,21,2475,DL,LAX,9
38,7,13,7,8,2475,DL,LAX,9
1,7,13,7,16,2475,DL,LAX,9
17,7,14,1,18,2475,DL,LAX,10
-5,7,14,1,9,2475,DL,LAX,10
-6,7,14,1,12,2475,DL,LAX,10
8,7,14,1,7,2475,DL,LAX,10
-3,7,14,1,15,2475,DL,LAX,10
147,7,14,1,21,2475,DL,LAX,10
1,7,14,1,8,2475,DL,LAX,10
44,7,15,2,18,2475,DL,LAX,11
0,7,15,2,9,2475,DL,LAX,11
-2,7,15,2,12,2475,DL,LAX,11
8,7,15,2,7,2475,DL,LAX,11
139,7,15,2,15,2475,DL,LAX,11
296,7,15,2,21,2475,DL,LAX,11
129,7,15,2,8,2475,DL,LAX,11
153,7,15,2,16,2475,DL,LAX,11
17,7,16,3,18,2475,DL,LAX,12
11,7,16,3,9,2475,DL,LAX,12
0,7,16,3,12,2475,DL,LAX,12
2,7,16,3,7,2475,DL,LAX,12
23,7,16,3,15,2475,DL,LAX,12
269,7,16,3,21,2475,DL,LAX,12
0,7,16,3,8,2475,DL,LAX,12
45,7,16,3,16,2475,DL,LAX,12
33,7,17,4,18,2475,DL,LAX,13
58,7,17,4,9,2475,DL,LAX,13
-2,7,17,4,12,2475,DL,LAX,13
-3,7,17,4,7,2475,DL,LAX,13
39,7,17,4,15,2475,DL,LAX,13
41,7,17,4,21,2475,DL,LAX,13
-1,7,17,4,8,2475,DL,LAX,13
32,7,17,4,16,2475,DL,LAX,13
29,7,18,5,18,2475,DL,LAX,14
-2,7,18,5,9,2475,DL,LAX,14
7,7,18,5,12,2475,DL,LAX,14
10,7,18,5,7,2475,DL,LAX,14
21,7,18,5,15,2475,DL,LAX,14
11,7,18,5,21,2475,DL,LAX,14
12,7,18,5,8,2475,DL,LAX,14
-4,7,18,5,16,2475,DL,LAX,14
28,7,19,6,18,2475,DL,LAX,15
-3,7,19,6,9,2475,DL,LAX,15
21,7,19,6,12,2475,DL,LAX,15
5,7,19,6,15,2475,DL,LAX,15
-3,7,19,6,8,2475,DL,LAX,15
52,7,20,7,18,2475,DL,LAX,16
-2,7,20,7,9,2475,DL,LAX,16
-2,7,20,7,12,2475,DL,LAX,16
4,7,20,7,7,2475,DL,LAX,16
0,7,20,7,15,2475,DL,LAX,16
11,7,20,7,21,2475,DL,LAX,16
5,7,20,7,8,2475,DL,LAX,16
-2,7,20,7,16,2475,DL,LAX,16
13,7,21,1,18,2475,DL,LAX,17
-2,7,21,1,9,2475,DL,LAX,17
-6,7,21,1,12,2475,DL,LAX,17
-2,7,21,1,7,2475,DL,LAX,17
-2,7,21,1,15,2475,DL,LAX,17
-1,7,21,1,21,2475,DL,LAX,17
-2,7,21,1,8,2475,DL,LAX,17
-6,7,21,1,16,2475,DL,LAX,17
-1,7,23,3,18,2475,DL,LAX,19
-3,7,23,3,9,2475,DL,LAX,19
-1,7,23,3,12,2475,DL,LAX,19
0,7,23,3,7,2475,DL,LAX,19
6,7,23,3,15,2475,DL,LAX,19
73,7,23,3,21,2475,DL,LAX,19
-1,7,22,2,18,2475,DL,LAX,18
-4,7,22,2,9,2475,DL,LAX,18
-3,7,22,2,12,2475,DL,LAX,18
-2,7,22,2,7,2475,DL,LAX,18
-1,7,22,2,15,2475,DL,LAX,18
4,7,22,2,21,2475,DL,LAX,18
47,7,22,2,8,2475,DL,LAX,18
1,7,22,2,16,2475,DL,LAX,18
27,7,23,3,8,2475,DL,LAX,19
-4,7,23,3,16,2475,DL,LAX,19
-6,7,24,4,9,2475,B6,LAX,20
1,7,29,2,12,2475,B6,LAX,25
-2,7,19,6,16,2475,B6,LAX,15
32,7,25,5,18,2475,DL,LAX,21
-3,7,25,5,9,2475,DL,LAX,21
-1,7,25,5,12,2475,DL,LAX,21
-4,7,25,5,7,2475,DL,LAX,21
21,7,25,5,15,2475,DL,LAX,21
53,7,25,5,21,2475,DL,LAX,21
-1,7,25,5,8,2475,DL,LAX,21
-2,7,25,5,16,2475,DL,LAX,21
31,7,26,6,18,2475,DL,LAX,22
-2,7,26,6,9,2475,DL,LAX,22
1,7,26,6,12,2475,DL,LAX,22
62,7,26,6,15,2475,DL,LAX,22
-1,7,26,6,8,2475,DL,LAX,22
-5,7,24,4,18,2475,DL,LAX,20
3,7,24,4,9,2475,DL,LAX,20
90,7,24,4,12,2475,DL,LAX,20
3,7,24,4,7,2475,DL,LAX,20
21,7,24,4,15,2475,DL,LAX,20
28,7,24,4,21,2475,DL,LAX,20
-1,7,24,4,8,2475,DL,LAX,20
9,7,24,4,16,2475,DL,LAX,20
-7,7,28,1,9,2475,DL,LAX,24
-3,7,28,1,12,2475,DL,LAX,24
-3,7,28,1,7,2475,DL,LAX,24
-6,7,28,1,15,2475,DL,LAX,24
14,7,28,1,21,2475,DL,LAX,24
2,7,28,1,8,2475,DL,LAX,24
22,7,28,1,16,2475,DL,LAX,24
-3,7,28,1,18,2475,DL,LAX,24
11,7,30,3,18,2475,DL,LAX,26
6,7,30,3,9,2475,DL,LAX,26
-4,7,30,3,12,2475,DL,LAX,26
-2,7,30,3,7,2475,DL,LAX,26
31,7,30,3,15,2475,DL,LAX,26
29,7,30,3,21,2475,DL,LAX,26
37,7,29,2,18,2475,DL,LAX,25
-2,7,29,2,9,2475,DL,LAX,25
-7,7,29,2,12,2475,DL,LAX,25
-4,7,29,2,7,2475,DL,LAX,25
-2,7,29,2,15,2475,DL,LAX,25
29,7,29,2,21,2475,DL,LAX,25
97,7,29,2,8,2475,DL,LAX,25
5,7,29,2,16,2475,DL,LAX,25
31,7,31,4,18,2475,DL,LAX,27
-3,7,31,4,9,2475,DL,LAX,27
-3,7,31,4,12,2475,DL,LAX,27
3,7,31,4,7,2475,DL,LAX,27
8,7,31,4,15,2475,DL,LAX,27
8,7,31,4,21,2475,DL,LAX,27
12,7,31,4,8,2475,DL,LAX,27
-2,7,31,4,16,2475,DL,LAX,27
-3,7,30,3,8,2475,DL,LAX,26
9,7,30,3,16,2475,DL,LAX,26
-3,7,18,5,6,2475,UA,LAX,14
-6,7,18,5,8,2475,UA,LAX,14
-3,7,18,5,20,2475,UA,LAX,14
3,7,18,5,17,2475,UA,LAX,14
0,7,18,5,11,2475,UA,LAX,14
0,7,18,5,14,2475,UA,LAX,14
89,7,16,3,17,2475,UA,LAX,12
87,7,16,3,11,2475,UA,LAX,12
1,7,16,3,14,2475,UA,LAX,12
-10,7,15,2,11,2475,UA,LAX,11
7,7,17,4,6,2475,UA,LAX,13
-8,7,17,4,8,2475,UA,LAX,13
36,7,17,4,20,2475,UA,LAX,13
-3,7,17,4,17,2475,UA,LAX,13
-6,7,14,1,6,2475,UA,LAX,10
-5,7,14,1,8,2475,UA,LAX,10
106,7,14,1,20,2475,UA,LAX,10
40,7,14,1,17,2475,UA,LAX,10
-4,7,14,1,11,2475,UA,LAX,10
-1,7,14,1,14,2475,UA,LAX,10
-1,7,12,6,6,2475,UA,LAX,8
-3,7,12,6,8,2475,UA,LAX,8
75,7,12,6,18,2475,UA,LAX,8
-3,7,13,7,11,2475,UA,LAX,9
-1,7,13,7,14,2475,UA,LAX,9
-2,7,11,5,6,2475,UA,LAX,7
-2,7,11,5,8,2475,UA,LAX,7
-7,7,11,5,20,2475,UA,LAX,7
0,7,11,5,17,2475,UA,LAX,7
-5,7,11,5,11,2475,UA,LAX,7
-7,7,13,7,8,2475,UA,LAX,9
-5,7,13,7,20,2475,UA,LAX,9
-3,7,13,7,17,2475,UA,LAX,9
0,7,10,4,6,2475,UA,LAX,6
-4,7,10,4,8,2475,UA,LAX,6
97,7,10,4,20,2475,UA,LAX,6
0,7,12,6,11,2475,UA,LAX,8
-1,7,12,6,14,2475,UA,LAX,8
-2,7,10,4,11,2475,UA,LAX,6
-4,7,10,4,14,2475,UA,LAX,6
-5,7,11,5,14,2475,UA,LAX,7
-2,7,9,3,6,2475,UA,LAX,5
-4,7,9,3,8,2475,UA,LAX,5
56,7,9,3,20,2475,UA,LAX,5
-3,7,9,3,17,2475,UA,LAX,5
0,7,9,3,11,2475,UA,LAX,5
-2,7,9,3,14,2475,UA,LAX,5
-1,7,8,2,11,2475,UA,LAX,4
5,7,8,2,14,2475,UA,LAX,4
4,7,8,2,6,2475,UA,LAX,4
-7,7,8,2,8,2475,UA,LAX,4
87,7,8,2,20,2475,UA,LAX,4
100,7,8,2,17,2475,UA,LAX,4
0,7,7,1,6,2475,UA,LAX,3
-3,7,7,1,8,2475,UA,LAX,3
24,7,7,1,20,2475,UA,LAX,3
-4,7,7,1,17,2475,UA,LAX,3
-7,7,7,1,11,2475,UA,LAX,3
0,7,7,1,14,2475,UA,LAX,3
-2,7,6,7,8,2475,UA,LAX,2
-7,7,6,7,20,2475,UA,LAX,2
11,7,6,7,17,2475,UA,LAX,2
-1,7,4,5,6,2475,UA,LAX,0
-1,7,4,5,8,2475,UA,LAX,0
-5,7,4,5,17,2475,UA,LAX,0
-2,7,4,5,11,2475,UA,LAX,0
-4,7,5,6,6,2475,UA,LAX,1
-8,7,5,6,8,2475,UA,LAX,1
27,7,5,6,17,2475,UA,LAX,1
0,7,5,6,11,2475,UA,LAX,1
-4,7,5,6,14,2475,UA,LAX,1
-7,7,6,7,11,2475,UA,LAX,2
4,7,6,7,14,2475,UA,LAX,2
