13,2,15,6,11,2475,UA,LAX,3
-8,2,15,6,14,2475,UA,LAX,3
0,2,14,5,11,2475,UA,LAX,4
-2,2,14,5,8,2475,UA,LAX,4
18,2,14,5,20,2475,UA,LAX,4
95,2,12,3,8,2475,UA,LAX,6
-4,2,12,3,14,2475,UA,LAX,6
68,2,13,4,17,2475,UA,LAX,5
-6,2,11,2,20,2475,UA,LAX,7
-5,2,11,2,6,2475,UA,LAX,7
35,2,11,2,17,2475,UA,LAX,7
-7,2,11,2,8,2475,UA,LAX,7
10,2,11,2,14,2475,UA,LAX,7
1,2,12,3,11,2475,UA,LAX,6
6,2,12,3,20,2475,UA,LAX,6
1,2,12,3,6,2475,UA,LAX,6
3,2,12,3,17,2475,UA,LAX,6
0,2,10,1,11,2475,UA,LAX,8
-6,2,10,1,20,2475,UA,LAX,8
-7,2,10,1,6,2475,UA,LAX,8
10,2,10,1,17,2475,UA,LAX,8
-5,2,10,1,8,2475,UA,LAX,8
-4,2,10,1,14,2475,UA,LAX,8
1,2,11,2,11,2475,UA,LAX,7
-9,2,9,7,11,2475,UA,LAX,9
85,2,9,7,20,2475,UA,LAX,9
8,2,9,7,8,2475,UA,LAX,9
-1,2,9,7,17,2475,UA,LAX,9
2,2,9,7,14,2475,UA,LAX,9
-6,2,7,5,8,2475,UA,LAX,11
24,2,7,5,14,2475,UA,LAX,11
0,2,8,6,6,2475,UA,LAX,10
-5,2,8,6,8,2475,UA,LAX,10
-6,2,8,6,17,2475,UA,LAX,10
-1,2,6,4,11,2475,UA,LAX,12
6,2,6,4,20,2475,UA,LAX,12
7,2,6,4,6,2475,UA,LAX,12
0,2,5,3,20,2475,UA,LAX,13
-4,2,5,3,17,2475,UA,LAX,13
-1,2,4,2,11,2475,UA,LAX,14
23,2,4,2,20,2475,UA,LAX,14
8,2,4,2,6,2475,UA,LAX,14
1,2,4,2,17,2475,UA,LAX,14
-2,2,4,2,8,2475,UA,LAX,14
18,2,6,4,17,2475,UA,LAX,12
7,2,6,4,8,2475,UA,LAX,12
3,2,6,4,14,2475,UA,LAX,12
0,2,4,2,14,2475,UA,LAX,14
188,2,3,1,11,2475,UA,LAX,13
123,2,3,1,20,2475,UA,LAX,13
-8,2,3,1,6,2475,UA,LAX,13
119,2,1,6,6,2475,UA,LAX,11
-8,2,1,6,8,2475,UA,LAX,11
-5,2,1,6,17,2475,UA,LAX,11
-5,2,1,6,11,2475,UA,LAX,11
0,2,1,6,14,2475,UA,LAX,11
62,2,2,7,11,2475,UA,LAX,12
-9,2,2,7,20,2475,UA,LAX,12
3,2,2,7,17,2475,UA,LAX,12
14,2,2,7,8,2475,UA,LAX,12
-1,2,2,7,14,2475,UA,LAX,12
65,2,3,1,17,2475,UA,LAX,13
206,2,3,1,8,2475,UA,LAX,13
182,2,3,1,14,2475,UA,LAX,13
-4,2,23,7,9,2475,VX,LAX,5
15,2,23,7,13,2475,VX,LAX,5
0,2,23,7,16,2475,VX,LAX,5
2,2,23,7,20,2475,VX,LAX,5
28,2,17,1,7,2475,VX,LAX,1
8,2,17,1,9,2475,VX,LAX,1
5,2,17,1,13,2475,VX,LAX,1
0,2,17,1,16,2475,VX,LAX,1
-1,2,17,1,20,2475,VX,LAX,1
10,2,18,2,7,2475,VX,LAX,0
10,2,18,2,9,2475,VX,LAX,0
-2,2,18,2,13,2475,VX,LAX,0
129,2,18,2,16,2475,VX,LAX,0
15,2,18,2,20,2475,VX,LAX,0
-5,2,19,3,7,2475,VX,LAX,1
-4,2,19,3,9,2475,VX,LAX,1
-1,2,19,3,13,2475,VX,LAX,1
-4,2,19,3,16,2475,VX,LAX,1
-2,2,19,3,20,2475,VX,LAX,1
0,2,2,7,9,2475,VX,LAX,12
3,2,2,7,13,2475,VX,LAX,12
-3,2,2,7,16,2475,VX,LAX,12
-2,2,2,7,20,2475,VX,LAX,12
0,2,20,4,7,2475,VX,LAX,2
-6,2,20,4,9,2475,VX,LAX,2
-6,2,20,4,13,2475,VX,LAX,2
-3,2,20,4,16,2475,VX,LAX,2
-3,2,20,4,20,2475,VX,LAX,2
-6,2,21,5,7,2475,VX,LAX,3
-3,2,21,5,9,2475,VX,LAX,3
8,2,21,5,13,2475,VX,LAX,3
15,2,21,5,16,2475,VX,LAX,3
153,2,21,5,20,2475,VX,LAX,3
-3,2,22,6,7,2475,VX,LAX,4
-10,2,22,6,9,2475,VX,LAX,4
1,2,22,6,13,2475,VX,LAX,4
2,2,22,6,16,2475,VX,LAX,4
0,2,1,6,7,2475,VX,LAX,11
-1,2,1,6,9,2475,VX,LAX,11
0,2,1,6,13,2475,VX,LAX,11
-10,2,1,6,16,2475,VX,LAX,11
-4,2,10,1,7,2475,VX,LAX,8
0,2,10,1,9,2475,VX,LAX,8
-6,2,10,1,13,2475,VX,LAX,8
-8,2,10,1,16,2475,VX,LAX,8
-4,2,10,1,20,2475,VX,LAX,8
8,2,3,1,7,2475,VX,LAX,13
12,2,3,1,9,2475,VX,LAX,13
43,2,3,1,13,2475,VX,LAX,13
45,2,4,2,7,2475,VX,LAX,14
19,2,4,2,9,2475,VX,LAX,14
14,2,4,2,13,2475,VX,LAX,14
2,2,4,2,16,2475,VX,LAX,14
4,2,4,2,20,2475,VX,LAX,14
29,2,5,3,16,2475,VX,LAX,13
11,2,5,3,20,2475,VX,LAX,13
3,2,6,4,7,2475,VX,LAX,12
11,2,6,4,9,2475,VX,LAX,12
13,2,6,4,13,2475,VX,LAX,12
-3,2,6,4,16,2475,VX,LAX,12
-1,2,6,4,20,2475,VX,LAX,12
4,2,7,5,7,2475,VX,LAX,11
3,2,7,5,9,2475,VX,LAX,11
10,2,7,5,13,2475,VX,LAX,11
-10,2,7,5,16,2475,VX,LAX,11
-3,2,7,5,20,2475,VX,LAX,11
1,2,8,6,7,2475,VX,LAX,10
-3,2,8,6,9,2475,VX,LAX,10
8,2,8,6,13,2475,VX,LAX,10
-1,2,8,6,16,2475,VX,LAX,10
7,2,9,7,9,2475,VX,LAX,9
6,2,9,7,13,2475,VX,LAX,9
-7,2,9,7,16,2475,VX,LAX,9
26,2,9,7,20,2475,VX,LAX,9
-4,2,24,1,7,2475,VX,LAX,6
-7,2,24,1,9,2475,VX,LAX,6
-2,2,24,1,13,2475,VX,LAX,6
-4,2,24,1,16,2475,VX,LAX,6
-7,2,24,1,20,2475,VX,LAX,6
-5,2,25,2,7,2475,VX,LAX,7
-7,2,25,2,9,2475,VX,LAX,7
-7,2,25,2,13,2475,VX,LAX,7
-5,2,25,2,16,2475,VX,LAX,7
-6,2,25,2,20,2475,VX,LAX,7
-7,2,26,3,7,2475,VX,LAX,8
-2,2,26,3,9,2475,VX,LAX,8
-7,2,26,3,13,2475,VX,LAX,8
-2,2,26,3,16,2475,VX,LAX,8
-5,2,26,3,20,2475,VX,LAX,8
-8,2,27,4,7,2475,VX,LAX,9
-2,2,27,4,9,2475,VX,LAX,9
12,2,27,4,13,2475,VX,LAX,9
10,2,27,4,16,2475,VX,LAX,9
9,2,27,4,20,2475,VX,LAX,9
0,2,28,5,7,2475,VX,LAX,10
80,2,28,5,9,2475,VX,LAX,10
51,2,28,5,13,2475,VX,LAX,10
1,2,28,5,16,2475,VX,LAX,10
25,2,28,5,20,2475,VX,LAX,10
-5,2,11,2,7,2475,VX,LAX,7
3,2,11,2,9,2475,VX,LAX,7
-4,2,11,2,13,2475,VX,LAX,7
-11,2,11,2,16,2475,VX,LAX,7
-1,2,11,2,20,2475,VX,LAX,7
7,2,12,3,7,2475,VX,LAX,6
5,2,12,3,9,2475,VX,LAX,6
8,2,12,3,13,2475,VX,LAX,6
20,2,12,3,16,2475,VX,LAX,6
19,2,12,3,20,2475,VX,LAX,6
79,2,14,5,9,2475,VX,LAX,4
20,2,14,5,16,2475,VX,LAX,4
10,2,14,5,20,2475,VX,LAX,4
3,2,15,6,7,2475,VX,LAX,3
11,2,15,6,9,2475,VX,LAX,3
14,2,15,6,13,2475,VX,LAX,3
18,2,15,6,16,2475,VX,LAX,3
5,2,16,7,9,2475,VX,LAX,2
28,2,16,7,13,2475,VX,LAX,2
34,2,16,7,16,2475,VX,LAX,2
9,2,16,7,20,2475,VX,LAX,2
-4,2,8,6,11,2475,UA,LAX,10
-6,2,8,6,14,2475,UA,LAX,10
4,2,7,5,11,2475,UA,LAX,11
20,2,7,5,20,2475,UA,LAX,11
-8,2,7,5,6,2475,UA,LAX,11
39,2,7,5,17,2475,UA,LAX,11
128,2,13,4,15,2475,DL,LAX,5
67,2,13,4,9,2475,DL,LAX,5
381,2,13,4,12,2475,DL,LAX,5
75,2,13,4,20,2475,DL,LAX,5
60,2,13,4,7,2475,DL,LAX,5
17,2,13,4,16,2475,DL,LAX,5
27,2,28,5,15,2475,DL,LAX,10
25,2,28,5,9,2475,DL,LAX,10
2,2,28,5,12,2475,DL,LAX,10
2,2,28,5,20,2475,DL,LAX,10
21,2,28,5,18,2475,DL,LAX,10
1,2,28,5,16,2475,DL,LAX,10
