-4,4,5,6,17,2475,DL,LAX,46
-4,4,5,6,9,2475,DL,LAX,46
-5,4,5,6,15,2475,DL,LAX,46
3,4,5,6,8,2475,DL,LAX,46
0,4,5,6,18,2475,DL,LAX,46
3,4,6,7,17,2475,DL,LAX,46
-3,4,6,7,9,2475,DL,LAX,46
-2,4,6,7,12,2475,DL,LAX,46
-3,4,6,7,7,2475,DL,LAX,46
80,4,6,7,21,2475,DL,LAX,46
-4,4,6,7,15,2475,DL,LAX,46
-3,4,6,7,8,2475,DL,LAX,46
-3,4,6,7,18,2475,DL,LAX,46
-2,4,7,1,17,2475,DL,LAX,45
-4,4,7,1,9,2475,DL,LAX,45
-4,4,7,1,12,2475,DL,LAX,45
0,4,7,1,7,2475,DL,LAX,45
26,4,7,1,21,2475,DL,LAX,45
-5,4,7,1,15,2475,DL,LAX,45
-4,4,7,1,8,2475,DL,LAX,45
-3,4,7,1,18,2475,DL,LAX,45
19,4,9,3,17,2475,DL,LAX,43
-2,4,9,3,9,2475,DL,LAX,43
-1,4,1,2,17,2475,DL,LAX,42
-11,4,1,2,8,2475,DL,LAX,42
-3,4,1,2,9,2475,DL,LAX,42
-6,4,1,2,12,2475,DL,LAX,42
-5,4,1,2,7,2475,DL,LAX,42
-9,4,1,2,21,2475,DL,LAX,42
-3,4,1,2,15,2475,DL,LAX,42
-16,4,1,2,8,2475,DL,LAX,42
8,4,1,2,18,2475,DL,LAX,42
3,4,9,3,12,2475,DL,LAX,43
-4,4,9,3,7,2475,DL,LAX,43
16,4,9,3,21,2475,DL,LAX,43
-1,4,9,3,15,2475,DL,LAX,43
0,4,9,3,8,2475,DL,LAX,43
-2,4,9,3,18,2475,DL,LAX,43
26,4,10,4,17,2475,DL,LAX,42
-1,4,10,4,9,2475,DL,LAX,42
5,4,10,4,12,2475,DL,LAX,42
7,4,10,4,7,2475,DL,LAX,42
25,4,10,4,21,2475,DL,LAX,42
-5,4,10,4,15,2475,DL,LAX,42
10,4,10,4,8,2475,DL,LAX,42
34,4,10,4,18,2475,DL,LAX,42
-1,4,11,5,17,2475,DL,LAX,41
-2,4,11,5,9,2475,DL,LAX,41
-1,4,11,5,12,2475,DL,LAX,41
-4,4,11,5,7,2475,DL,LAX,41
7,4,11,5,21,2475,DL,LAX,41
0,4,11,5,15,2475,DL,LAX,41
-3,4,11,5,8,2475,DL,LAX,41
68,4,11,5,18,2475,DL,LAX,41
0,4,12,6,17,2475,DL,LAX,40
-5,4,12,6,9,2475,DL,LAX,40
-2,4,12,6,12,2475,DL,LAX,40
-4,4,12,6,15,2475,DL,LAX,40
-3,4,12,6,8,2475,DL,LAX,40
-3,4,12,6,18,2475,DL,LAX,40
12,4,13,7,17,2475,DL,LAX,39
-4,4,13,7,9,2475,DL,LAX,39
3,4,13,7,12,2475,DL,LAX,39
8,4,13,7,7,2475,DL,LAX,39
197,4,13,7,21,2475,DL,LAX,39
4,4,13,7,15,2475,DL,LAX,39
0,4,13,7,8,2475,DL,LAX,39
-3,4,13,7,18,2475,DL,LAX,39
1,4,14,1,17,2475,DL,LAX,38
22,4,14,1,9,2475,DL,LAX,38
-3,4,14,1,12,2475,DL,LAX,38
3,4,14,1,7,2475,DL,LAX,38
31,4,14,1,21,2475,DL,LAX,38
37,4,14,1,15,2475,DL,LAX,38
29,4,14,1,8,2475,DL,LAX,38
8,4,14,1,18,2475,DL,LAX,38
-3,4,16,3,17,2475,DL,LAX,36
14,4,16,3,9,2475,DL,LAX,36
-1,4,16,3,12,2475,DL,LAX,36
-1,4,18,5,17,2475,DL,LAX,34
-2,4,18,5,9,2475,DL,LAX,34
-10,4,18,5,12,2475,DL,LAX,34
6,4,18,5,7,2475,DL,LAX,34
3,4,18,5,21,2475,DL,LAX,34
0,4,18,5,15,2475,DL,LAX,34
-3,4,18,5,18,2475,DL,LAX,34
-8,4,6,7,16,2475,B6,LAX,46
-6,4,16,3,11,2475,B6,LAX,36
7,4,29,2,11,2475,B6,LAX,23
5,4,1,2,11,2475,B6,LAX,42
-5,4,14,1,16,2475,B6,LAX,38
-3,4,17,4,11,2475,B6,LAX,35
-3,4,2,3,16,2475,B6,LAX,43
10,4,6,7,20,2475,B6,LAX,46
22,4,9,3,20,2475,B6,LAX,43
-1,4,11,5,16,2475,B6,LAX,41
2,4,4,5,20,2475,B6,LAX,45
13,4,24,4,20,2475,B6,LAX,28
-4,4,2,3,20,2475,B6,LAX,43
-4,4,25,5,6,2475,B6,LAX,27
-5,4,27,7,6,2475,B6,LAX,25
-6,4,11,5,6,2475,B6,LAX,41
-3,4,14,1,6,2475,B6,LAX,38
-1,4,21,1,6,2475,B6,LAX,31
-7,4,24,4,6,2475,B6,LAX,28
-4,4,30,3,6,2475,B6,LAX,22
-6,4,4,5,6,2475,B6,LAX,45
16,4,6,7,6,2475,B6,LAX,46
-1,4,9,3,6,2475,B6,LAX,43
-10,4,5,6,6,2475,B6,LAX,46
-7,4,17,4,6,2475,B6,LAX,35
0,4,3,4,6,2475,B6,LAX,44
-5,4,10,4,6,2475,B6,LAX,42
-6,4,19,6,6,2475,B6,LAX,33
0,4,26,6,6,2475,B6,LAX,26
-3,4,26,6,20,2475,B6,LAX,26
-3,4,20,7,6,2475,B6,LAX,32
-1,4,23,3,6,2475,B6,LAX,29
0,4,28,1,6,2475,B6,LAX,24
-9,4,29,2,6,2475,B6,LAX,23
-6,4,8,2,6,2475,B6,LAX,44
-1,4,19,6,17,2475,DL,LAX,33
-2,4,19,6,9,2475,DL,LAX,33
-2,4,19,6,12,2475,DL,LAX,33
-1,4,19,6,15,2475,DL,LAX,33
0,4,19,6,8,2475,DL,LAX,33
-9,4,19,6,18,2475,DL,LAX,33
-1,4,21,1,17,2475,DL,LAX,31
-5,4,21,1,9,2475,DL,LAX,31
-6,4,21,1,12,2475,DL,LAX,31
-7,4,21,1,7,2475,DL,LAX,31
6,4,21,1,21,2475,DL,LAX,31
-3,4,21,1,15,2475,DL,LAX,31
-2,4,21,1,8,2475,DL,LAX,31
-4,4,21,1,18,2475,DL,LAX,31
-2,4,22,2,9,2475,DL,LAX,30
-1,4,22,2,12,2475,DL,LAX,30
-6,4,22,2,7,2475,DL,LAX,30
15,4,22,2,21,2475,DL,LAX,30
-4,4,22,2,15,2475,DL,LAX,30
-3,4,22,2,8,2475,DL,LAX,30
-4,4,22,2,18,2475,DL,LAX,30
0,4,20,7,17,2475,DL,LAX,32
-5,4,20,7,9,2475,DL,LAX,32
-5,4,20,7,12,2475,DL,LAX,32
-3,4,20,7,7,2475,DL,LAX,32
-1,4,20,7,21,2475,DL,LAX,32
1,4,20,7,15,2475,DL,LAX,32
-4,4,20,7,8,2475,DL,LAX,32
32,4,20,7,18,2475,DL,LAX,32
-1,4,16,3,7,2475,DL,LAX,36
30,4,16,3,21,2475,DL,LAX,36
-1,4,16,3,15,2475,DL,LAX,36
1,4,16,3,8,2475,DL,LAX,36
0,4,16,3,18,2475,DL,LAX,36
29,4,17,4,17,2475,DL,LAX,35
127,4,17,4,9,2475,DL,LAX,35
-4,4,17,4,12,2475,DL,LAX,35
0,4,17,4,7,2475,DL,LAX,35
21,4,17,4,21,2475,DL,LAX,35
0,4,17,4,15,2475,DL,LAX,35
7,4,17,4,8,2475,DL,LAX,35
7,4,17,4,18,2475,DL,LAX,35
0,4,23,3,17,2475,DL,LAX,29
-4,4,23,3,9,2475,DL,LAX,29
0,4,23,3,12,2475,DL,LAX,29
-1,4,23,3,7,2475,DL,LAX,29
1,4,23,3,21,2475,DL,LAX,29
-7,4,23,3,15,2475,DL,LAX,29
0,4,23,3,8,2475,DL,LAX,29
5,4,23,3,18,2475,DL,LAX,29
-4,4,24,4,17,2475,DL,LAX,28
-7,4,24,4,9,2475,DL,LAX,28
5,4,24,4,12,2475,DL,LAX,28
15,4,24,4,7,2475,DL,LAX,28
50,4,24,4,21,2475,DL,LAX,28
7,4,24,4,15,2475,DL,LAX,28
-4,4,24,4,8,2475,DL,LAX,28
56,4,24,4,18,2475,DL,LAX,28
-2,4,25,5,17,2475,DL,LAX,27
-4,4,25,5,9,2475,DL,LAX,27
-6,4,25,5,12,2475,DL,LAX,27
-5,4,25,5,7,2475,DL,LAX,27
1,4,25,5,21,2475,DL,LAX,27
7,4,25,5,15,2475,DL,LAX,27
-3,4,25,5,8,2475,DL,LAX,27
54,4,25,5,18,2475,DL,LAX,27
-1,4,26,6,17,2475,DL,LAX,26
-1,4,26,6,9,2475,DL,LAX,26
-2,4,26,6,12,2475,DL,LAX,26
-1,4,26,6,15,2475,DL,LAX,26
1,4,26,6,8,2475,DL,LAX,26
2,4,26,6,18,2475,DL,LAX,26
1,4,27,7,17,2475,DL,LAX,25
12,4,27,7,9,2475,DL,LAX,25
-5,4,27,7,12,2475,DL,LAX,25
-2,4,27,7,7,2475,DL,LAX,25
23,4,27,7,21,2475,DL,LAX,25
-2,4,27,7,15,2475,DL,LAX,25
0,4,27,7,8,2475,DL,LAX,25
13,4,27,7,18,2475,DL,LAX,25
10,4,28,1,17,2475,DL,LAX,24
-5,4,28,1,9,2475,DL,LAX,24
1,4,28,1,12,2475,DL,LAX,24
3,4,28,1,7,2475,DL,LAX,24
11,4,28,1,21,2475,DL,LAX,24
79,4,28,1,15,2475,DL,LAX,24
-6,4,28,1,8,2475,DL,LAX,24
4,4,28,1,18,2475,DL,LAX,24
-2,4,29,2,17,2475,DL,LAX,23
-1,4,29,2,9,2475,DL,LAX,23
-8,4,29,2,12,2475,DL,LAX,23
-6,4,29,2,7,2475,DL,LAX,23
53,4,29,2,21,2475,DL,LAX,23
0,4,29,2,15,2475,DL,LAX,23
25,4,29,2,8,2475,DL,LAX,23
-1,4,29,2,18,2475,DL,LAX,23
-3,4,8,2,17,2475,DL,LAX,44
1,4,8,2,9,2475,DL,LAX,44
-5,4,8,2,12,2475,DL,LAX,44
43,4,8,2,7,2475,DL,LAX,44
8,4,8,2,21,2475,DL,LAX,44
1,4,8,2,15,2475,DL,LAX,44
6,4,8,2,8,2475,DL,LAX,44
-1,4,8,2,18,2475,DL,LAX,44
23,4,15,2,17,2475,DL,LAX,37
0,4,15,2,9,2475,DL,LAX,37
-2,4,15,2,12,2475,DL,LAX,37
-3,4,15,2,7,2475,DL,LAX,37
6,4,15,2,21,2475,DL,LAX,37
12,4,15,2,15,2475,DL,LAX,37
47,4,15,2,8,2475,DL,LAX,37
140,4,15,2,18,2475,DL,LAX,37
-2,4,22,2,17,2475,DL,LAX,30
12,4,30,3,17,2475,DL,LAX,22
1,4,30,3,9,2475,DL,LAX,22
0,4,30,3,12,2475,DL,LAX,22
23,4,30,3,7,2475,DL,LAX,22
74,4,30,3,21,2475,DL,LAX,22
36,4,30,3,15,2475,DL,LAX,22
8,4,30,3,8,2475,DL,LAX,22
42,4,30,3,18,2475,DL,LAX,22
