0,4,30,3,14,2475,UA,LAX,22
-6,4,29,2,8,2475,UA,LAX,23
5,4,29,2,17,2475,UA,LAX,23
-5,4,29,2,11,2475,UA,LAX,23
-1,4,29,2,14,2475,UA,LAX,23
-2,4,28,1,20,2475,UA,LAX,24
30,4,28,1,8,2475,UA,LAX,24
-10,4,28,1,6,2475,UA,LAX,24
-2,4,28,1,17,2475,UA,LAX,24
-7,4,28,1,11,2475,UA,LAX,24
-2,4,28,1,14,2475,UA,LAX,24
1,4,26,6,18,2475,UA,LAX,26
34,4,26,6,14,2475,UA,LAX,26
4,4,29,2,20,2475,UA,LAX,23
-4,4,29,2,6,2475,UA,LAX,23
10,4,27,7,20,2475,UA,LAX,25
7,4,27,7,8,2475,UA,LAX,25
-3,4,27,7,11,2475,UA,LAX,25
7,4,27,7,17,2475,UA,LAX,25
5,4,24,4,20,2475,UA,LAX,28
-8,4,24,4,6,2475,UA,LAX,28
-14,4,24,4,8,2475,UA,LAX,28
-1,4,24,4,17,2475,UA,LAX,28
-3,4,24,4,11,2475,UA,LAX,28
0,4,24,4,14,2475,UA,LAX,28
8,4,23,3,20,2475,UA,LAX,29
-5,4,23,3,6,2475,UA,LAX,29
-3,4,23,3,8,2475,UA,LAX,29
-2,4,23,3,17,2475,UA,LAX,29
49,4,21,1,20,2475,UA,LAX,31
0,4,21,1,6,2475,UA,LAX,31
-2,4,21,1,17,2475,UA,LAX,31
-5,4,21,1,8,2475,UA,LAX,31
-5,4,21,1,11,2475,UA,LAX,31
5,4,25,5,20,2475,UA,LAX,27
-4,4,23,3,11,2475,UA,LAX,29
-7,4,23,3,14,2475,UA,LAX,29
5,4,30,3,20,2475,UA,LAX,22
-6,4,30,3,6,2475,UA,LAX,22
-5,4,30,3,8,2475,UA,LAX,22
73,4,30,3,17,2475,UA,LAX,22
-4,4,30,3,11,2475,UA,LAX,22
-5,4,25,5,6,2475,UA,LAX,27
-3,4,25,5,8,2475,UA,LAX,27
2,4,25,5,17,2475,UA,LAX,27
-6,4,25,5,11,2475,UA,LAX,27
-1,4,25,5,14,2475,UA,LAX,27
-6,4,19,6,11,2475,UA,LAX,33
-7,4,22,2,20,2475,UA,LAX,30
-9,4,22,2,6,2475,UA,LAX,30
-6,4,22,2,8,2475,UA,LAX,30
-3,4,22,2,17,2475,UA,LAX,30
1,4,22,2,11,2475,UA,LAX,30
-4,4,22,2,14,2475,UA,LAX,30
-6,4,20,7,11,2475,UA,LAX,32
-3,4,20,7,17,2475,UA,LAX,32
-4,4,20,7,14,2475,UA,LAX,32
0,4,20,7,20,2475,UA,LAX,32
-5,4,20,7,8,2475,UA,LAX,32
51,4,18,5,20,2475,UA,LAX,34
-5,4,18,5,6,2475,UA,LAX,34
-8,4,18,5,17,2475,UA,LAX,34
-3,4,18,5,8,2475,UA,LAX,34
0,4,18,5,11,2475,UA,LAX,34
-3,4,18,5,14,2475,UA,LAX,34
5,4,16,3,6,2475,UA,LAX,36
58,4,19,6,6,2475,UA,LAX,33
-9,4,19,6,8,2475,UA,LAX,33
-5,4,19,6,18,2475,UA,LAX,33
0,4,19,6,14,2475,UA,LAX,33
0,4,17,4,14,2475,UA,LAX,35
-6,4,17,4,20,2475,UA,LAX,35
-9,4,17,4,6,2475,UA,LAX,35
0,4,17,4,17,2475,UA,LAX,35
-1,4,17,4,8,2475,UA,LAX,35
5,4,17,4,11,2475,UA,LAX,35
3,4,27,7,14,2475,UA,LAX,25
2,4,26,6,11,2475,UA,LAX,26
20,5,1,4,6,2475,AA,LAX,21
-1,5,2,5,6,2475,AA,LAX,20
-4,5,3,6,6,2475,AA,LAX,19
41,5,4,7,6,2475,AA,LAX,18
-5,5,5,1,6,2475,AA,LAX,17
-6,5,6,2,6,2475,AA,LAX,16
-7,5,7,3,6,2475,AA,LAX,15
-2,5,8,4,5,2475,AA,LAX,14
-3,5,9,5,5,2475,AA,LAX,13
-7,5,10,6,5,2475,AA,LAX,12
-8,5,11,7,5,2475,AA,LAX,11
-2,5,12,1,5,2475,AA,LAX,10
-3,5,14,3,5,2475,AA,LAX,8
-9,5,15,4,5,2475,AA,LAX,7
-8,5,16,5,5,2475,AA,LAX,6
-3,5,17,6,5,2475,AA,LAX,5
-1,5,18,7,5,2475,AA,LAX,4
-5,5,19,1,5,2475,AA,LAX,3
-5,5,20,2,5,2475,AA,LAX,2
-1,5,21,3,5,2475,AA,LAX,1
-7,5,22,4,5,2475,AA,LAX,0
-1,5,23,5,5,2475,AA,LAX,1
-7,5,24,6,5,2475,AA,LAX,2
-9,5,26,1,5,2475,AA,LAX,0
-4,5,27,2,5,2475,AA,LAX,1
-5,5,28,3,5,2475,AA,LAX,2
-3,5,29,4,5,2475,AA,LAX,3
0,5,30,5,5,2475,AA,LAX,4
-4,5,1,4,16,2475,AA,LAX,21
-8,5,2,5,16,2475,AA,LAX,20
-8,5,3,6,16,2475,AA,LAX,19
7,5,4,7,16,2475,AA,LAX,18
-4,5,5,1,16,2475,AA,LAX,17
23,5,6,2,16,2475,AA,LAX,16
-7,5,7,3,16,2475,AA,LAX,15
11,5,8,4,16,2475,AA,LAX,14
-4,5,9,5,16,2475,AA,LAX,13
57,5,10,6,16,2475,AA,LAX,12
-2,5,11,7,16,2475,AA,LAX,11
11,5,12,1,16,2475,AA,LAX,10
23,5,13,2,16,2475,AA,LAX,9
41,5,14,3,16,2475,AA,LAX,8
115,5,15,4,16,2475,AA,LAX,7
5,5,16,5,16,2475,AA,LAX,6
-5,5,17,6,16,2475,AA,LAX,5
-4,5,18,7,16,2475,AA,LAX,4
-1,5,19,1,16,2475,AA,LAX,3
-4,5,20,2,16,2475,AA,LAX,2
-1,5,21,3,16,2475,AA,LAX,1
-1,5,22,4,16,2475,AA,LAX,0
-4,5,23,5,16,2475,AA,LAX,1
0,5,24,6,16,2475,AA,LAX,2
-4,5,25,7,16,2475,AA,LAX,1
-8,5,26,1,16,2475,AA,LAX,0
-3,5,27,2,16,2475,AA,LAX,1
10,5,28,3,16,2475,AA,LAX,2
-1,5,29,4,16,2475,AA,LAX,3
-6,5,30,5,16,2475,AA,LAX,4
-7,5,31,6,16,2475,AA,LAX,5
6,5,15,4,20,2475,AA,LAX,7
3,5,16,5,20,2475,AA,LAX,6
-1,5,18,7,20,2475,AA,LAX,4
7,5,19,1,20,2475,AA,LAX,3
-7,5,20,2,20,2475,AA,LAX,2
-6,5,21,3,20,2475,AA,LAX,1
2,5,22,4,20,2475,AA,LAX,0
70,5,23,5,20,2475,AA,LAX,1
-4,5,25,7,20,2475,AA,LAX,1
-1,5,26,1,20,2475,AA,LAX,0
34,5,27,2,20,2475,AA,LAX,1
-6,5,28,3,20,2475,AA,LAX,2
-7,5,29,4,20,2475,AA,LAX,3
17,5,30,5,20,2475,AA,LAX,4
0,5,1,4,13,2475,AA,LAX,21
1,5,2,5,13,2475,AA,LAX,20
-1,5,3,6,13,2475,AA,LAX,19
-3,5,4,7,13,2475,AA,LAX,18
16,5,5,1,13,2475,AA,LAX,17
-3,5,6,2,13,2475,AA,LAX,16
-10,5,7,3,13,2475,AA,LAX,15
-6,5,8,4,15,2475,AA,LAX,14
-6,5,9,5,15,2475,AA,LAX,13
0,5,10,6,15,2475,AA,LAX,12
2,5,11,7,15,2475,AA,LAX,11
16,5,12,1,15,2475,AA,LAX,10
-9,5,13,2,15,2475,AA,LAX,9
-9,5,14,3,15,2475,AA,LAX,8
-5,5,15,4,15,2475,AA,LAX,7
-2,5,16,5,15,2475,AA,LAX,6
-2,5,17,6,15,2475,AA,LAX,5
-8,5,18,7,15,2475,AA,LAX,4
-9,5,19,1,15,2475,AA,LAX,3
16,5,20,2,15,2475,AA,LAX,2
-3,5,21,3,15,2475,AA,LAX,1
-1,5,22,4,15,2475,AA,LAX,0
-3,5,23,5,15,2475,AA,LAX,1
-4,5,24,6,15,2475,AA,LAX,2
-4,5,25,7,15,2475,AA,LAX,1
-3,5,26,1,15,2475,AA,LAX,0
-2,5,27,2,15,2475,AA,LAX,1
-6,5,28,3,15,2475,AA,LAX,2
-1,5,29,4,15,2475,AA,LAX,3
-6,5,30,5,15,2475,AA,LAX,4
-3,5,31,6,15,2475,AA,LAX,5
16,5,31,6,5,2475,AA,LAX,5
-1,5,1,4,17,2475,AA,LAX,21
-2,5,2,5,17,2475,AA,LAX,20
-9,5,3,6,17,2475,AA,LAX,19
-1,5,4,7,17,2475,AA,LAX,18
-6,5,5,1,17,2475,AA,LAX,17
12,5,6,2,17,2475,AA,LAX,16
-4,5,7,3,17,2475,AA,LAX,15
0,5,8,4,17,2475,AA,LAX,14
-1,5,9,5,17,2475,AA,LAX,13
0,5,10,6,17,2475,AA,LAX,12
2,5,11,7,17,2475,AA,LAX,11
-7,5,12,1,17,2475,AA,LAX,10
8,5,13,2,17,2475,AA,LAX,9
-2,5,14,3,17,2475,AA,LAX,8
-3,5,15,4,17,2475,AA,LAX,7
-4,5,16,5,17,2475,AA,LAX,6
0,5,17,6,17,2475,AA,LAX,5
70,5,18,7,17,2475,AA,LAX,4
-7,5,19,1,17,2475,AA,LAX,3
7,5,20,2,17,2475,AA,LAX,2
-7,5,21,3,17,2475,AA,LAX,1
65,5,22,4,17,2475,AA,LAX,0
-3,5,23,5,17,2475,AA,LAX,1
-3,5,24,6,17,2475,AA,LAX,2
-2,5,25,7,17,2475,AA,LAX,1
-3,5,26,1,17,2475,AA,LAX,0
72,5,27,2,17,2475,AA,LAX,1
-4,5,28,3,17,2475,AA,LAX,2
0,5,29,4,17,2475,AA,LAX,3
4,5,30,5,17,2475,AA,LAX,4
2,5,31,6,17,2475,AA,LAX,5
-1,5,1,4,21,2475,AA,LAX,21
3,5,2,5,21,2475,AA,LAX,20
-5,5,4,7,21,2475,AA,LAX,18
-5,5,5,1,21,2475,AA,LAX,17
-4,5,6,2,21,2475,AA,LAX,16
-9,5,7,3,21,2475,AA,LAX,15
6,5,8,4,20,2475,AA,LAX,14
-10,5,9,5,20,2475,AA,LAX,13
-6,5,11,7,20,2475,AA,LAX,11
-2,5,12,1,20,2475,AA,LAX,10
-1,5,14,3,20,2475,AA,LAX,8
3,5,2,5,9,2475,B6,LAX,20
2,5,1,4,9,2475,B6,LAX,21
-1,5,1,4,6,2475,B6,LAX,21
-5,5,1,4,20,2475,B6,LAX,21
-1,5,1,4,16,2475,B6,LAX,21
-5,5,1,4,9,2475,AA,LAX,21
-9,5,2,5,9,2475,AA,LAX,20
-6,5,3,6,9,2475,AA,LAX,19
-7,5,4,7,9,2475,AA,LAX,18
-10,5,5,1,9,2475,AA,LAX,17
-5,5,6,2,9,2475,AA,LAX,16
7,5,7,3,9,2475,AA,LAX,15
-5,5,8,4,9,2475,AA,LAX,14
2,5,9,5,9,2475,AA,LAX,13
1,5,10,6,9,2475,AA,LAX,12
20,5,11,7,9,2475,AA,LAX,11
3,5,12,1,9,2475,AA,LAX,10
-6,5,13,2,9,2475,AA,LAX,9
-8,5,14,3,9,2475,AA,LAX,8
-2,5,15,4,9,2475,AA,LAX,7
23,5,16,5,9,2475,AA,LAX,6
-6,5,17,6,9,2475,AA,LAX,5
-6,5,18,7,9,2475,AA,LAX,4
-10,5,19,1,9,2475,AA,LAX,3
-6,5,21,3,9,2475,AA,LAX,1
17,5,22,4,9,2475,AA,LAX,0
8,5,23,5,9,2475,AA,LAX,1
-8,5,24,6,9,2475,AA,LAX,2
-7,5,25,7,9,2475,AA,LAX,1
-11,5,26,1,9,2475,AA,LAX,0
-7,5,27,2,9,2475,AA,LAX,1
4,5,28,3,9,2475,AA,LAX,2
-8,5,29,4,9,2475,AA,LAX,3
-2,5,30,5,9,2475,AA,LAX,4
-4,5,31,6,9,2475,AA,LAX,5
13,5,1,4,12,2475,AA,LAX,21
-6,5,2,5,12,2475,AA,LAX,20
14,5,3,6,12,2475,AA,LAX,19
-11,5,4,7,12,2475,AA,LAX,18
-8,5,5,1,12,2475,AA,LAX,17
-4,5,6,2,12,2475,AA,LAX,16
-2,5,7,3,12,2475,AA,LAX,15
-7,5,8,4,12,2475,AA,LAX,14
-8,5,9,5,12,2475,AA,LAX,13
-3,5,10,6,12,2475,AA,LAX,12
-7,5,11,7,12,2475,AA,LAX,11
-8,5,12,1,12,2475,AA,LAX,10
-10,5,13,2,12,2475,AA,LAX,9
-7,5,14,3,12,2475,AA,LAX,8
-9,5,15,4,12,2475,AA,LAX,7
-4,5,16,5,12,2475,AA,LAX,6
-6,5,17,6,12,2475,AA,LAX,5
-6,5,18,7,12,2475,AA,LAX,4
-5,5,19,1,12,2475,AA,LAX,3
-6,5,20,2,12,2475,AA,LAX,2
-1,5,21,3,12,2475,AA,LAX,1
-7,5,22,4,12,2475,AA,LAX,0
-8,5,23,5,12,2475,AA,LAX,1
8,5,24,6,12,2475,AA,LAX,2
-6,5,25,7,12,2475,AA,LAX,1
-10,5,26,1,12,2475,AA,LAX,0
-3,5,27,2,12,2475,AA,LAX,1
-8,5,28,3,12,2475,AA,LAX,2
12,5,29,4,12,2475,AA,LAX,3
-4,5,30,5,12,2475,AA,LAX,4
1,5,31,6,12,2475,AA,LAX,5
-4,5,1,4,6,2475,AA,LAX,21
-5,5,2,5,6,2475,AA,LAX,20
-7,5,3,6,6,2475,AA,LAX,19
-6,5,4,7,6,2475,AA,LAX,18
-7,5,5,1,6,2475,AA,LAX,17
-4,5,6,2,6,2475,AA,LAX,16
-6,5,7,3,6,2475,AA,LAX,15
-1,5,8,4,7,2475,AA,LAX,14
8,5,9,5,7,2475,AA,LAX,13
-6,5,10,6,7,2475,AA,LAX,12
-8,5,11,7,7,2475,AA,LAX,11
-3,5,12,1,7,2475,AA,LAX,10
-5,5,13,2,7,2475,AA,LAX,9
54,5,14,3,7,2475,AA,LAX,8
13,5,15,4,7,2475,AA,LAX,7
13,5,16,5,7,2475,AA,LAX,6
-2,5,17,6,7,2475,AA,LAX,5
-7,5,18,7,7,2475,AA,LAX,4
-6,5,19,1,7,2475,AA,LAX,3
-9,5,20,2,7,2475,AA,LAX,2
-7,5,21,3,7,2475,AA,LAX,1
-2,5,22,4,7,2475,AA,LAX,0
-9,5,23,5,7,2475,AA,LAX,1
-11,5,24,6,7,2475,AA,LAX,2
-3,5,25,7,7,2475,AA,LAX,1
-2,5,26,1,7,2475,AA,LAX,0
-8,5,27,2,7,2475,AA,LAX,1
1,5,28,3,7,2475,AA,LAX,2
-6,5,29,4,7,2475,AA,LAX,3
-7,5,30,5,7,2475,AA,LAX,4
-4,5,31,6,7,2475,AA,LAX,5
-2,5,1,4,10,2475,AA,LAX,21
-8,5,2,5,10,2475,AA,LAX,20
-10,5,3,6,10,2475,AA,LAX,19
-8,5,4,7,10,2475,AA,LAX,18
-8,5,5,1,10,2475,AA,LAX,17
-4,5,6,2,10,2475,AA,LAX,16
-3,5,7,3,10,2475,AA,LAX,15
-2,5,8,4,10,2475,AA,LAX,14
-10,5,9,5,10,2475,AA,LAX,13
0,5,10,6,10,2475,AA,LAX,12
56,5,11,7,10,2475,AA,LAX,11
-9,5,12,1,10,2475,AA,LAX,10
-6,5,13,2,10,2475,AA,LAX,9
-8,5,14,3,10,2475,AA,LAX,8
1,5,15,4,10,2475,AA,LAX,7
2,5,16,5,10,2475,AA,LAX,6
-6,5,17,6,10,2475,AA,LAX,5
-5,5,18,7,10,2475,AA,LAX,4
0,5,19,1,10,2475,AA,LAX,3
-7,5,20,2,10,2475,AA,LAX,2
-4,5,21,3,10,2475,AA,LAX,1
8,5,22,4,10,2475,AA,LAX,0
-3,5,23,5,10,2475,AA,LAX,1
-6,5,24,6,10,2475,AA,LAX,2
-2,5,26,1,10,2475,AA,LAX,0
-10,5,27,2,10,2475,AA,LAX,1
-1,5,28,3,10,2475,AA,LAX,2
12,5,29,4,10,2475,AA,LAX,3
-9,5,30,5,10,2475,AA,LAX,4
-7,5,31,6,10,2475,AA,LAX,5
32,5,1,4,19,2475,AA,LAX,21
159,5,2,5,19,2475,AA,LAX,20
46,5,3,6,19,2475,AA,LAX,19
14,5,4,7,19,2475,AA,LAX,18
18,5,5,1,19,2475,AA,LAX,17
-1,5,6,2,19,2475,AA,LAX,16
0,5,7,3,19,2475,AA,LAX,15
27,5,8,4,18,2475,AA,LAX,14
-1,5,9,5,18,2475,AA,LAX,13
12,5,10,6,18,2475,AA,LAX,12
5,5,11,7,18,2475,AA,LAX,11
-1,5,12,1,18,2475,AA,LAX,10
-7,5,13,2,18,2475,AA,LAX,9
-1,5,14,3,18,2475,AA,LAX,8
4,5,15,4,18,2475,AA,LAX,7
20,5,16,5,18,2475,AA,LAX,6
-4,5,17,6,18,2475,AA,LAX,5
-5,5,18,7,18,2475,AA,LAX,4
-6,5,19,1,18,2475,AA,LAX,3
-5,5,20,2,18,2475,AA,LAX,2
8,5,21,3,18,2475,AA,LAX,1
-2,5,22,4,18,2475,AA,LAX,0
4,5,23,5,18,2475,AA,LAX,1
23,5,24,6,18,2475,AA,LAX,2
-3,5,25,7,18,2475,AA,LAX,1
8,5,26,1,18,2475,AA,LAX,0
27,5,27,2,18,2475,AA,LAX,1
7,5,28,3,18,2475,AA,LAX,2
-6,5,29,4,18,2475,AA,LAX,3
4,5,30,5,18,2475,AA,LAX,4
-5,5,31,6,18,2475,AA,LAX,5
6,5,1,4,8,2475,AA,LAX,21
5,5,2,5,8,2475,AA,LAX,20
-5,5,3,6,8,2475,AA,LAX,19
-6,5,4,7,8,2475,AA,LAX,18
-10,5,5,1,8,2475,AA,LAX,17
-7,5,6,2,8,2475,AA,LAX,16
10,5,7,3,8,2475,AA,LAX,15
-6,5,8,4,8,2475,AA,LAX,14
-4,5,9,5,8,2475,AA,LAX,13
2,5,10,6,8,2475,AA,LAX,12
33,5,11,7,8,2475,AA,LAX,11
-5,5,12,1,8,2475,AA,LAX,10
-5,5,13,2,8,2475,AA,LAX,9
-8,5,14,3,8,2475,AA,LAX,8
-6,5,15,4,8,2475,AA,LAX,7
-5,5,16,5,8,2475,AA,LAX,6
33,5,17,6,8,2475,AA,LAX,5
-6,5,18,7,8,2475,AA,LAX,4
-5,5,19,1,8,2475,AA,LAX,3
-8,5,20,2,8,2475,AA,LAX,2
-6,5,21,3,8,2475,AA,LAX,1
-4,5,22,4,8,2475,AA,LAX,0
-3,5,23,5,8,2475,AA,LAX,1
40,5,24,6,8,2475,AA,LAX,2
-9,5,26,1,8,2475,AA,LAX,0
-7,5,27,2,8,2475,AA,LAX,1
-6,5,28,3,8,2475,AA,LAX,2
-3,5,29,4,8,2475,AA,LAX,3
-6,5,30,5,8,2475,AA,LAX,4
-3,5,31,6,8,2475,AA,LAX,5
4,5,5,1,6,2475,B6,LAX,17
-4,5,6,2,17,2475,B6,LAX,16
-5,5,6,2,6,2475,B6,LAX,16
-8,5,2,5,20,2475,B6,LAX,20
6,5,7,3,20,2475,B6,LAX,15
-2,5,7,3,9,2475,B6,LAX,15
-4,5,7,3,17,2475,B6,LAX,15
-5,5,7,3,6,2475,B6,LAX,15
7,5,11,7,9,2475,B6,LAX,11
-4,5,11,7,20,2475,B6,LAX,11
-3,5,11,7,6,2475,B6,LAX,11
0,5,11,7,17,2475,B6,LAX,11
4,5,2,5,17,2475,B6,LAX,20
5,5,2,5,6,2475,B6,LAX,20
6,5,3,6,20,2475,B6,LAX,19
-2,5,3,6,9,2475,B6,LAX,19
-3,5,3,6,17,2475,B6,LAX,19
51,5,8,4,9,2475,B6,LAX,14
-2,5,8,4,20,2475,B6,LAX,14
-4,5,8,4,6,2475,B6,LAX,14
-1,5,8,4,17,2475,B6,LAX,14
-4,5,9,5,20,2475,B6,LAX,13
-3,5,14,3,9,2475,B6,LAX,8
0,5,14,3,20,2475,B6,LAX,8
0,5,14,3,17,2475,B6,LAX,8
25,5,14,3,6,2475,B6,LAX,8
193,5,15,4,20,2475,B6,LAX,7
-3,5,15,4,9,2475,B6,LAX,7
-3,5,12,1,9,2475,B6,LAX,10
-5,5,12,1,20,2475,B6,LAX,10
-1,5,12,1,6,2475,B6,LAX,10
-4,5,12,1,17,2475,B6,LAX,10
-1,5,16,5,17,2475,B6,LAX,6
153,5,16,5,20,2475,B6,LAX,6
-1,5,16,5,9,2475,B6,LAX,6
-2,5,16,5,6,2475,B6,LAX,6
-6,5,9,5,17,2475,B6,LAX,13
-1,5,9,5,6,2475,B6,LAX,13
11,5,9,5,9,2475,B6,LAX,13
121,5,13,2,17,2475,B6,LAX,9
5,5,13,2,9,2475,B6,LAX,9
23,5,13,2,20,2475,B6,LAX,9
0,5,13,2,6,2475,B6,LAX,9
-7,5,17,6,9,2475,B6,LAX,5
6,5,17,6,20,2475,B6,LAX,5
-7,5,18,7,6,2475,B6,LAX,4
0,5,18,7,17,2475,B6,LAX,4
48,5,18,7,20,2475,B6,LAX,4
-8,5,18,7,9,2475,B6,LAX,4
-4,5,21,3,20,2475,B6,LAX,1
-1,5,21,3,17,2475,B6,LAX,1
1,5,21,3,9,2475,B6,LAX,1
-2,5,22,4,17,2475,B6,LAX,0
-3,5,22,4,6,2475,B6,LAX,0
109,5,22,4,9,2475,B6,LAX,0
160,5,22,4,20,2475,B6,LAX,0
-3,5,17,6,17,2475,B6,LAX,5
-5,5,19,1,6,2475,B6,LAX,3
19,5,19,1,20,2475,B6,LAX,3
0,5,19,1,9,2475,B6,LAX,3
-1,5,19,1,17,2475,B6,LAX,3
18,5,23,5,17,2475,B6,LAX,1
-5,5,23,5,9,2475,B6,LAX,1
-1,5,23,5,6,2475,B6,LAX,1
74,5,23,5,20,2475,B6,LAX,1
-4,5,15,4,17,2475,B6,LAX,7
0,5,15,4,6,2475,B6,LAX,7
-6,5,20,2,6,2475,B6,LAX,2
-3,5,20,2,20,2475,B6,LAX,2
-7,5,20,2,17,2475,B6,LAX,2
23,5,20,2,9,2475,B6,LAX,2
-1,5,21,3,6,2475,B6,LAX,1
-4,5,26,1,20,2475,B6,LAX,0
7,5,24,6,9,2475,B6,LAX,2
-2,5,24,6,20,2475,B6,LAX,2
3,5,25,7,17,2475,B6,LAX,1
2,5,25,7,9,2475,B6,LAX,1
-6,5,25,7,20,2475,B6,LAX,1
-3,5,25,7,6,2475,B6,LAX,1
-3,5,29,4,17,2475,B6,LAX,3
8,5,29,4,9,2475,B6,LAX,3
1,5,24,6,17,2475,B6,LAX,2
25,5,27,2,9,2475,B6,LAX,1
-5,5,27,2,17,2475,B6,LAX,1
27,5,28,3,17,2475,B6,LAX,2
5,5,28,3,9,2475,B6,LAX,2
6,5,28,3,6,2475,B6,LAX,2
31,5,28,3,20,2475,B6,LAX,2
5,5,30,5,6,2475,B6,LAX,4
-4,5,4,7,17,2475,B6,LAX,18
146,5,4,7,20,2475,B6,LAX,18
-4,5,4,7,6,2475,B6,LAX,18
3,5,4,7,9,2475,B6,LAX,18
30,5,5,1,17,2475,B6,LAX,17
-3,5,5,1,20,2475,B6,LAX,17
-3,5,5,1,9,2475,B6,LAX,17
-4,5,30,5,17,2475,B6,LAX,4
66,5,30,5,20,2475,B6,LAX,4
-2,5,30,5,9,2475,B6,LAX,4
159,5,2,5,17,2475,DL,LAX,20
-2,5,2,5,7,2475,DL,LAX,20
-3,5,2,5,9,2475,DL,LAX,20
-6,5,2,5,12,2475,DL,LAX,20
1,5,2,5,15,2475,DL,LAX,20
-1,5,2,5,21,2475,DL,LAX,20
-5,5,2,5,8,2475,DL,LAX,20
-5,5,2,5,18,2475,DL,LAX,20
-2,5,26,1,6,2475,B6,LAX,0
-5,5,26,1,9,2475,B6,LAX,0
-4,5,26,1,17,2475,B6,LAX,0
-7,5,27,2,6,2475,B6,LAX,1
4,5,27,2,20,2475,B6,LAX,1
0,5,4,7,17,2475,DL,LAX,18
0,5,4,7,7,2475,DL,LAX,18
-3,5,4,7,9,2475,DL,LAX,18
0,5,4,7,12,2475,DL,LAX,18
34,5,4,7,15,2475,DL,LAX,18
15,5,4,7,21,2475,DL,LAX,18
-3,5,4,7,8,2475,DL,LAX,18
-5,5,4,7,18,2475,DL,LAX,18
0,5,3,6,17,2475,DL,LAX,19
-2,5,3,6,9,2475,DL,LAX,19
-6,5,3,6,12,2475,DL,LAX,19
-4,5,3,6,15,2475,DL,LAX,19
40,5,3,6,8,2475,DL,LAX,19
-1,5,3,6,18,2475,DL,LAX,19
-4,5,6,2,17,2475,DL,LAX,16
-5,5,6,2,7,2475,DL,LAX,16
-3,5,6,2,9,2475,DL,LAX,16
-1,5,6,2,12,2475,DL,LAX,16
-4,5,6,2,15,2475,DL,LAX,16
79,5,6,2,21,2475,DL,LAX,16
-2,5,6,2,8,2475,DL,LAX,16
9,5,6,2,18,2475,DL,LAX,16
33,5,5,1,17,2475,DL,LAX,17
-2,5,5,1,7,2475,DL,LAX,17
-8,5,5,1,9,2475,DL,LAX,17
-2,5,5,1,12,2475,DL,LAX,17
2,5,5,1,15,2475,DL,LAX,17
15,5,5,1,21,2475,DL,LAX,17
64,5,5,1,8,2475,DL,LAX,17
10,5,5,1,18,2475,DL,LAX,17
12,5,7,3,17,2475,DL,LAX,15
-2,5,7,3,7,2475,DL,LAX,15
-3,5,7,3,9,2475,DL,LAX,15
11,5,7,3,12,2475,DL,LAX,15
0,5,7,3,15,2475,DL,LAX,15
25,5,7,3,21,2475,DL,LAX,15
-3,5,7,3,8,2475,DL,LAX,15
-1,5,7,3,18,2475,DL,LAX,15
-1,5,8,4,17,2475,DL,LAX,14
0,5,8,4,7,2475,DL,LAX,14
-2,5,8,4,9,2475,DL,LAX,14
12,5,8,4,12,2475,DL,LAX,14
1,5,8,4,15,2475,DL,LAX,14
88,5,8,4,21,2475,DL,LAX,14
-4,5,8,4,8,2475,DL,LAX,14
0,5,8,4,18,2475,DL,LAX,14
8,5,9,5,17,2475,DL,LAX,13
-5,5,9,5,7,2475,DL,LAX,13
-6,5,9,5,9,2475,DL,LAX,13
-3,5,9,5,12,2475,DL,LAX,13
5,5,9,5,15,2475,DL,LAX,13
-2,5,9,5,21,2475,DL,LAX,13
-1,5,9,5,8,2475,DL,LAX,13
9,5,9,5,18,2475,DL,LAX,13
-5,5,10,6,9,2475,DL,LAX,12
13,5,10,6,12,2475,DL,LAX,12
-1,5,10,6,15,2475,DL,LAX,12
-3,5,10,6,17,2475,DL,LAX,12
-3,5,10,6,8,2475,DL,LAX,12
42,5,10,6,18,2475,DL,LAX,12
3,5,11,7,17,2475,DL,LAX,11
9,5,11,7,7,2475,DL,LAX,11
-6,5,11,7,9,2475,DL,LAX,11
4,5,11,7,12,2475,DL,LAX,11
-1,5,11,7,15,2475,DL,LAX,11
-1,5,11,7,21,2475,DL,LAX,11
11,5,11,7,8,2475,DL,LAX,11
-4,5,11,7,18,2475,DL,LAX,11
0,5,13,2,17,2475,DL,LAX,9
-1,5,13,2,7,2475,DL,LAX,9
-4,5,13,2,9,2475,DL,LAX,9
-8,5,13,2,12,2475,DL,LAX,9
1,5,13,2,15,2475,DL,LAX,9
18,5,13,2,21,2475,DL,LAX,9
-3,5,13,2,8,2475,DL,LAX,9
76,5,13,2,18,2475,DL,LAX,9
-2,5,12,1,17,2475,DL,LAX,10
93,5,12,1,7,2475,DL,LAX,10
-4,5,12,1,9,2475,DL,LAX,10
-4,5,12,1,12,2475,DL,LAX,10
5,5,12,1,15,2475,DL,LAX,10
87,5,12,1,21,2475,DL,LAX,10
1,5,12,1,8,2475,DL,LAX,10
-2,5,12,1,18,2475,DL,LAX,10
-2,5,14,3,17,2475,DL,LAX,8
11,5,14,3,7,2475,DL,LAX,8
1,5,14,3,9,2475,DL,LAX,8
0,5,14,3,12,2475,DL,LAX,8
-1,5,14,3,15,2475,DL,LAX,8
31,5,14,3,21,2475,DL,LAX,8
13,5,14,3,8,2475,DL,LAX,8
10,5,14,3,18,2475,DL,LAX,8
-6,5,15,4,17,2475,DL,LAX,7
2,5,15,4,7,2475,DL,LAX,7
-1,5,15,4,9,2475,DL,LAX,7
3,5,15,4,12,2475,DL,LAX,7
3,5,15,4,15,2475,DL,LAX,7
10,5,15,4,21,2475,DL,LAX,7
102,5,15,4,8,2475,DL,LAX,7
38,5,15,4,18,2475,DL,LAX,7
1,5,17,6,17,2475,DL,LAX,5
84,5,17,6,9,2475,DL,LAX,5
0,5,17,6,12,2475,DL,LAX,5
-4,5,17,6,18,2475,DL,LAX,5
-4,5,17,6,8,2475,DL,LAX,5
5,5,17,6,15,2475,DL,LAX,5
9,5,18,7,17,2475,DL,LAX,4
2,5,18,7,7,2475,DL,LAX,4
0,5,18,7,9,2475,DL,LAX,4
-4,5,18,7,12,2475,DL,LAX,4
1,5,18,7,18,2475,DL,LAX,4
16,5,18,7,21,2475,DL,LAX,4
-8,5,18,7,8,2475,DL,LAX,4
-8,5,18,7,15,2475,DL,LAX,4
9,5,19,1,17,2475,DL,LAX,3
2,5,19,1,7,2475,DL,LAX,3
0,5,19,1,9,2475,DL,LAX,3
1,5,19,1,12,2475,DL,LAX,3
-5,5,19,1,18,2475,DL,LAX,3
-2,5,19,1,21,2475,DL,LAX,3
47,5,19,1,8,2475,DL,LAX,3
-7,5,19,1,15,2475,DL,LAX,3
4,5,20,2,17,2475,DL,LAX,2
0,5,20,2,7,2475,DL,LAX,2
-6,5,20,2,9,2475,DL,LAX,2
-4,5,20,2,12,2475,DL,LAX,2
0,5,20,2,18,2475,DL,LAX,2
-2,5,20,2,21,2475,DL,LAX,2
-5,5,20,2,8,2475,DL,LAX,2
12,5,20,2,15,2475,DL,LAX,2
11,5,21,3,17,2475,DL,LAX,1
26,5,21,3,7,2475,DL,LAX,1
-6,5,21,3,9,2475,DL,LAX,1
8,5,21,3,12,2475,DL,LAX,1
5,5,21,3,18,2475,DL,LAX,1
7,5,21,3,21,2475,DL,LAX,1
1,5,21,3,8,2475,DL,LAX,1
10,5,21,3,15,2475,DL,LAX,1
0,5,22,4,17,2475,DL,LAX,0
-2,5,22,4,7,2475,DL,LAX,0
3,5,22,4,9,2475,DL,LAX,0
76,5,22,4,12,2475,DL,LAX,0
-4,5,22,4,18,2475,DL,LAX,0
15,5,22,4,21,2475,DL,LAX,0
-2,5,22,4,8,2475,DL,LAX,0
8,5,22,4,15,2475,DL,LAX,0
3,5,23,5,17,2475,DL,LAX,1
-1,5,23,5,7,2475,DL,LAX,1
-3,5,23,5,9,2475,DL,LAX,1
-2,5,23,5,12,2475,DL,LAX,1
-3,5,23,5,18,2475,DL,LAX,1
66,5,23,5,21,2475,DL,LAX,1
21,5,23,5,8,2475,DL,LAX,1
0,5,23,5,15,2475,DL,LAX,1
0,5,6,2,20,2475,B6,LAX,16
-3,5,6,2,9,2475,B6,LAX,16
61,5,10,6,17,2475,B6,LAX,12
-2,5,10,6,20,2475,B6,LAX,12
2,5,10,6,9,2475,B6,LAX,12
-3,5,25,7,17,2475,DL,LAX,1
-1,5,25,7,7,2475,DL,LAX,1
-4,5,25,7,9,2475,DL,LAX,1
0,5,25,7,18,2475,DL,LAX,1
47,5,25,7,21,2475,DL,LAX,1
-1,5,25,7,8,2475,DL,LAX,1
-4,5,25,7,15,2475,DL,LAX,1
40,5,24,6,17,2475,DL,LAX,2
-3,5,24,6,9,2475,DL,LAX,2
0,5,24,6,12,2475,DL,LAX,2
13,5,24,6,18,2475,DL,LAX,2
0,5,24,6,8,2475,DL,LAX,2
8,5,24,6,15,2475,DL,LAX,2
9,5,26,1,17,2475,DL,LAX,0
17,5,26,1,7,2475,DL,LAX,0
-6,5,26,1,9,2475,DL,LAX,0
-10,5,26,1,12,2475,DL,LAX,0
44,5,26,1,18,2475,DL,LAX,0
-2,5,26,1,21,2475,DL,LAX,0
3,5,26,1,8,2475,DL,LAX,0
-3,5,26,1,15,2475,DL,LAX,0
-1,5,28,3,17,2475,DL,LAX,2
-3,5,28,3,7,2475,DL,LAX,2
-6,5,28,3,9,2475,DL,LAX,2
2,5,28,3,12,2475,DL,LAX,2
19,5,28,3,18,2475,DL,LAX,2
34,5,28,3,21,2475,DL,LAX,2
-3,5,28,3,8,2475,DL,LAX,2
-2,5,28,3,15,2475,DL,LAX,2
1,5,27,2,17,2475,DL,LAX,1
-6,5,27,2,7,2475,DL,LAX,1
-5,5,27,2,9,2475,DL,LAX,1
-4,5,27,2,12,2475,DL,LAX,1
-6,5,27,2,18,2475,DL,LAX,1
1,5,27,2,21,2475,DL,LAX,1
14,5,27,2,8,2475,DL,LAX,1
2,5,27,2,15,2475,DL,LAX,1
30,5,29,4,17,2475,DL,LAX,3
3,5,29,4,7,2475,DL,LAX,3
-4,5,29,4,9,2475,DL,LAX,3
-2,5,29,4,12,2475,DL,LAX,3
-5,5,29,4,18,2475,DL,LAX,3
7,5,29,4,21,2475,DL,LAX,3
6,5,29,4,8,2475,DL,LAX,3
-3,5,29,4,15,2475,DL,LAX,3
-3,5,30,5,17,2475,DL,LAX,4
-1,5,30,5,7,2475,DL,LAX,4
-6,5,30,5,9,2475,DL,LAX,4
0,5,30,5,12,2475,DL,LAX,4
7,5,30,5,18,2475,DL,LAX,4
13,5,30,5,21,2475,DL,LAX,4
-1,5,30,5,8,2475,DL,LAX,4
5,5,30,5,15,2475,DL,LAX,4
23,5,29,4,20,2475,B6,LAX,3
-4,5,31,6,9,2475,B6,LAX,5
-5,5,31,6,17,2475,B6,LAX,5
-6,5,31,6,20,2475,B6,LAX,5
4,5,1,4,17,2475,DL,LAX,21
44,5,1,4,9,2475,DL,LAX,21
28,5,1,4,12,2475,DL,LAX,21
11,5,1,4,7,2475,DL,LAX,21
7,5,1,4,21,2475,DL,LAX,21
0,5,1,4,15,2475,DL,LAX,21
-2,5,1,4,8,2475,DL,LAX,21
4,5,1,4,18,2475,DL,LAX,21
52,5,31,6,17,2475,DL,LAX,5
31,5,31,6,9,2475,DL,LAX,5
-4,5,31,6,12,2475,DL,LAX,5
-4,5,31,6,18,2475,DL,LAX,5
0,5,31,6,8,2475,DL,LAX,5
-1,5,31,6,15,2475,DL,LAX,5
