0,10,31,5,6,2475,UA,LAX,11
85,10,31,5,8,2475,UA,LAX,11
0,10,31,5,17,2475,UA,LAX,11
-6,10,31,5,11,2475,UA,LAX,11
-7,10,29,3,6,2475,UA,LAX,13
-4,10,29,3,8,2475,UA,LAX,13
-3,10,29,3,19,2475,UA,LAX,13
-5,10,29,3,17,2475,UA,LAX,13
-7,10,29,3,11,2475,UA,LAX,13
0,10,29,3,14,2475,UA,LAX,13
-1,10,30,4,14,2475,UA,LAX,12
-6,10,30,4,6,2475,UA,LAX,12
-2,10,30,4,8,2475,UA,LAX,12
0,10,30,4,19,2475,UA,LAX,12
-4,10,30,4,17,2475,UA,LAX,12
-8,10,30,4,11,2475,UA,LAX,12
-3,10,28,2,6,2475,UA,LAX,14
-8,10,28,2,8,2475,UA,LAX,14
-5,10,28,2,19,2475,UA,LAX,14
-2,10,28,2,17,2475,UA,LAX,14
-7,10,28,2,11,2475,UA,LAX,14
-2,10,28,2,14,2475,UA,LAX,14
-9,10,27,1,19,2475,UA,LAX,14
-4,10,27,1,17,2475,UA,LAX,14
-4,10,27,1,11,2475,UA,LAX,14
-3,10,27,1,14,2475,UA,LAX,14
-2,10,27,1,6,2475,UA,LAX,14
-5,10,27,1,8,2475,UA,LAX,14
-4,10,25,6,6,2475,UA,LAX,12
-6,10,25,6,8,2475,UA,LAX,12
-7,10,25,6,18,2475,UA,LAX,12
-4,10,25,6,11,2475,UA,LAX,12
-1,10,25,6,14,2475,UA,LAX,12
-6,10,26,7,8,2475,UA,LAX,13
1,10,26,7,19,2475,UA,LAX,13
2,10,26,7,17,2475,UA,LAX,13
-4,10,26,7,11,2475,UA,LAX,13
-5,10,26,7,14,2475,UA,LAX,13
-3,10,23,4,6,2475,UA,LAX,10
1,10,23,4,8,2475,UA,LAX,10
-4,10,23,4,20,2475,UA,LAX,10
9,10,23,4,17,2475,UA,LAX,10
3,10,24,5,11,2475,UA,LAX,11
-8,10,24,5,14,2475,UA,LAX,11
3,10,22,3,11,2475,UA,LAX,9
-1,10,22,3,14,2475,UA,LAX,9
25,10,22,3,6,2475,UA,LAX,9
22,10,22,3,8,2475,UA,LAX,9
40,10,22,3,20,2475,UA,LAX,9
0,10,22,3,17,2475,UA,LAX,9
-3,10,20,1,6,2475,UA,LAX,7
-3,10,20,1,8,2475,UA,LAX,7
-2,10,20,1,20,2475,UA,LAX,7
0,10,20,1,17,2475,UA,LAX,7
-1,10,20,1,11,2475,UA,LAX,7
-6,10,19,7,8,2475,UA,LAX,6
16,10,19,7,20,2475,UA,LAX,6
-4,10,23,4,11,2475,UA,LAX,10
-1,10,23,4,14,2475,UA,LAX,10
-2,10,21,2,6,2475,UA,LAX,8
-4,10,21,2,8,2475,UA,LAX,8
-2,10,21,2,20,2475,UA,LAX,8
28,10,21,2,17,2475,UA,LAX,8
-4,10,21,2,11,2475,UA,LAX,8
-5,10,21,2,14,2475,UA,LAX,8
-4,10,20,1,14,2475,UA,LAX,7
0,10,19,7,17,2475,UA,LAX,6
-2,10,19,7,11,2475,UA,LAX,6
-9,10,19,7,14,2475,UA,LAX,6
-1,10,18,6,6,2475,UA,LAX,5
-4,10,18,6,8,2475,UA,LAX,5
-5,10,18,6,18,2475,UA,LAX,5
-2,10,18,6,11,2475,UA,LAX,5
-4,10,18,6,14,2475,UA,LAX,5
2,10,16,4,6,2475,UA,LAX,3
3,10,16,4,8,2475,UA,LAX,3
87,10,16,4,20,2475,UA,LAX,3
-1,10,16,4,17,2475,UA,LAX,3
-2,10,16,4,11,2475,UA,LAX,3
-5,10,16,4,14,2475,UA,LAX,3
-2,10,15,3,6,2475,UA,LAX,2
-6,10,15,3,8,2475,UA,LAX,2
-2,10,15,3,20,2475,UA,LAX,2
5,10,15,3,17,2475,UA,LAX,2
-8,10,15,3,11,2475,UA,LAX,2
-5,10,17,5,6,2475,UA,LAX,4
-5,10,17,5,8,2475,UA,LAX,4
42,10,17,5,20,2475,UA,LAX,4
54,10,17,5,17,2475,UA,LAX,4
-4,10,17,5,11,2475,UA,LAX,4
-4,10,13,1,6,2475,UA,LAX,0
-4,10,13,1,8,2475,UA,LAX,0
61,10,13,1,20,2475,UA,LAX,0
13,10,13,1,17,2475,UA,LAX,0
-3,10,13,1,11,2475,UA,LAX,0
3,10,13,1,14,2475,UA,LAX,0
2,10,15,3,14,2475,UA,LAX,2
-6,10,12,7,8,2475,UA,LAX,1
12,10,12,7,20,2475,UA,LAX,1
3,10,12,7,17,2475,UA,LAX,1
-5,10,12,7,11,2475,UA,LAX,1
-10,10,12,7,14,2475,UA,LAX,1
-2,10,10,5,6,2475,UA,LAX,3
0,10,10,5,8,2475,UA,LAX,3
-2,10,10,5,20,2475,UA,LAX,3
35,10,10,5,17,2475,UA,LAX,3
6,10,10,5,11,2475,UA,LAX,3
19,10,10,5,14,2475,UA,LAX,3
-2,10,9,4,6,2475,UA,LAX,4
-10,10,9,4,8,2475,UA,LAX,4
54,10,9,4,20,2475,UA,LAX,4
11,10,9,4,17,2475,UA,LAX,4
2,10,9,4,11,2475,UA,LAX,4
271,10,9,4,14,2475,UA,LAX,4
-1,10,11,6,6,2475,UA,LAX,2
-3,10,11,6,8,2475,UA,LAX,2
-4,10,11,6,18,2475,UA,LAX,2
-1,10,11,6,11,2475,UA,LAX,2
-2,10,11,6,14,2475,UA,LAX,2
2,10,8,3,6,2475,UA,LAX,5
-9,10,8,3,8,2475,UA,LAX,5
8,10,8,3,20,2475,UA,LAX,5
0,10,8,3,17,2475,UA,LAX,5
-6,10,8,3,11,2475,UA,LAX,5
0,10,8,3,14,2475,UA,LAX,5
5,10,7,2,17,2475,UA,LAX,6
-4,10,7,2,11,2475,UA,LAX,6
-1,10,7,2,14,2475,UA,LAX,6
7,10,7,2,6,2475,UA,LAX,6
-2,10,7,2,8,2475,UA,LAX,6
106,10,7,2,20,2475,UA,LAX,6
-5,10,5,7,11,2475,UA,LAX,8
-4,10,5,7,14,2475,UA,LAX,8
-3,10,6,1,6,2475,UA,LAX,7
0,10,6,1,8,2475,UA,LAX,7
-1,10,6,1,20,2475,UA,LAX,7
-6,10,6,1,17,2475,UA,LAX,7
-8,10,6,1,11,2475,UA,LAX,7
0,10,6,1,14,2475,UA,LAX,7
-5,10,4,6,6,2475,UA,LAX,9
-1,10,4,6,8,2475,UA,LAX,9
0,10,4,6,18,2475,UA,LAX,9
-10,10,4,6,11,2475,UA,LAX,9
-5,10,4,6,14,2475,UA,LAX,9
1,10,3,5,6,2475,UA,LAX,10
7,10,3,5,8,2475,UA,LAX,10
42,10,3,5,20,2475,UA,LAX,10
-6,10,3,5,17,2475,UA,LAX,10
-2,10,3,5,11,2475,UA,LAX,10
-2,10,3,5,14,2475,UA,LAX,10
35,10,2,4,14,2475,UA,LAX,11
-1,10,5,7,8,2475,UA,LAX,8
24,10,5,7,20,2475,UA,LAX,8
-3,10,5,7,17,2475,UA,LAX,8
-6,10,1,3,6,2475,UA,LAX,12
32,10,1,3,8,2475,UA,LAX,12
3,10,1,3,20,2475,UA,LAX,12
1,10,1,3,17,2475,UA,LAX,12
0,10,1,3,11,2475,UA,LAX,12
-1,10,1,3,14,2475,UA,LAX,12
-2,10,2,4,6,2475,UA,LAX,11
-5,10,2,4,8,2475,UA,LAX,11
16,10,2,4,20,2475,UA,LAX,11
4,10,2,4,17,2475,UA,LAX,11
-5,10,2,4,11,2475,UA,LAX,11
-4,10,24,5,6,2475,UA,LAX,11
-5,10,24,5,8,2475,UA,LAX,11
23,10,24,5,20,2475,UA,LAX,11
-3,10,24,5,17,2475,UA,LAX,11
-2,10,1,3,7,2475,VX,LAX,12
-5,10,1,3,9,2475,VX,LAX,12
2,10,1,3,13,2475,VX,LAX,12
29,10,1,3,16,2475,VX,LAX,12
6,10,1,3,20,2475,VX,LAX,12
-3,10,10,5,7,2475,VX,LAX,3
-6,10,10,5,9,2475,VX,LAX,3
-1,10,10,5,11,2475,VX,LAX,3
-8,10,10,5,13,2475,VX,LAX,3
23,10,10,5,16,2475,VX,LAX,3
129,10,10,5,20,2475,VX,LAX,3
-2,10,11,6,7,2475,VX,LAX,2
-3,10,11,6,9,2475,VX,LAX,2
29,10,11,6,13,2475,VX,LAX,2
9,10,11,6,16,2475,VX,LAX,2
-2,10,12,7,9,2475,VX,LAX,1
-5,10,12,7,11,2475,VX,LAX,1
11,10,12,7,13,2475,VX,LAX,1
-5,10,12,7,16,2475,VX,LAX,1
1,10,12,7,20,2475,VX,LAX,1
-4,10,16,4,7,2475,VX,LAX,3
-4,10,16,4,9,2475,VX,LAX,3
3,10,16,4,11,2475,VX,LAX,3
-8,10,16,4,13,2475,VX,LAX,3
28,10,16,4,16,2475,VX,LAX,3
-8,10,16,4,20,2475,VX,LAX,3
-6,10,17,5,7,2475,VX,LAX,4
-7,10,17,5,9,2475,VX,LAX,4
-3,10,17,5,11,2475,VX,LAX,4
-2,10,17,5,13,2475,VX,LAX,4
-3,10,17,5,16,2475,VX,LAX,4
-6,10,17,5,20,2475,VX,LAX,4
5,10,18,6,7,2475,VX,LAX,5
-3,10,18,6,9,2475,VX,LAX,5
1,10,18,6,13,2475,VX,LAX,5
0,10,18,6,16,2475,VX,LAX,5
-3,10,19,7,9,2475,VX,LAX,6
-1,10,19,7,11,2475,VX,LAX,6
-1,10,19,7,13,2475,VX,LAX,6
33,10,19,7,16,2475,VX,LAX,6
30,10,19,7,20,2475,VX,LAX,6
-2,10,2,4,7,2475,VX,LAX,11
6,10,21,2,7,2475,VX,LAX,8
-3,10,21,2,9,2475,VX,LAX,8
-4,10,21,2,13,2475,VX,LAX,8
18,10,21,2,16,2475,VX,LAX,8
1,10,21,2,20,2475,VX,LAX,8
7,10,22,3,7,2475,VX,LAX,9
7,10,22,3,9,2475,VX,LAX,9
24,10,22,3,13,2475,VX,LAX,9
48,10,22,3,16,2475,VX,LAX,9
35,10,22,3,20,2475,VX,LAX,9
-4,10,2,4,9,2475,VX,LAX,11
-3,10,2,4,11,2475,VX,LAX,11
233,10,2,4,13,2475,VX,LAX,11
14,10,2,4,16,2475,VX,LAX,11
188,10,2,4,20,2475,VX,LAX,11
5,10,20,1,7,2475,VX,LAX,7
-4,10,20,1,9,2475,VX,LAX,7
1,10,20,1,11,2475,VX,LAX,7
1,10,20,1,13,2475,VX,LAX,7
1,10,20,1,16,2475,VX,LAX,7
8,10,20,1,20,2475,VX,LAX,7
-1,10,5,7,9,2475,VX,LAX,8
-5,10,5,7,11,2475,VX,LAX,8
13,10,5,7,13,2475,VX,LAX,8
-3,10,5,7,16,2475,VX,LAX,8
9,10,5,7,20,2475,VX,LAX,8
6,10,6,1,7,2475,VX,LAX,7
172,10,6,1,9,2475,VX,LAX,7
10,10,6,1,11,2475,VX,LAX,7
114,10,6,1,13,2475,VX,LAX,7
2,10,6,1,16,2475,VX,LAX,7
0,10,6,1,20,2475,VX,LAX,7
-1,10,7,2,7,2475,VX,LAX,6
-1,10,7,2,9,2475,VX,LAX,6
-7,10,7,2,13,2475,VX,LAX,6
7,10,7,2,16,2475,VX,LAX,6
27,10,7,2,20,2475,VX,LAX,6
-7,10,8,3,7,2475,VX,LAX,5
-5,10,8,3,9,2475,VX,LAX,5
0,10,8,3,13,2475,VX,LAX,5
-2,10,8,3,16,2475,VX,LAX,5
0,10,8,3,20,2475,VX,LAX,5
-2,10,9,4,7,2475,VX,LAX,4
-4,10,9,4,9,2475,VX,LAX,4
-2,10,9,4,11,2475,VX,LAX,4
-7,10,9,4,13,2475,VX,LAX,4
-2,10,9,4,16,2475,VX,LAX,4
-7,10,9,4,20,2475,VX,LAX,4
-6,10,23,4,7,2475,VX,LAX,10
-4,10,23,4,9,2475,VX,LAX,10
-3,10,23,4,11,2475,VX,LAX,10
-5,10,23,4,13,2475,VX,LAX,10
-1,10,23,4,16,2475,VX,LAX,10
-5,10,23,4,20,2475,VX,LAX,10
-4,10,24,5,7,2475,VX,LAX,11
-3,10,24,5,9,2475,VX,LAX,11
0,10,24,5,11,2475,VX,LAX,11
-6,10,24,5,13,2475,VX,LAX,11
-2,10,24,5,16,2475,VX,LAX,11
-5,10,24,5,20,2475,VX,LAX,11
-3,10,25,6,7,2475,VX,LAX,12
-4,10,25,6,9,2475,VX,LAX,12
0,10,25,6,13,2475,VX,LAX,12
3,10,25,6,16,2475,VX,LAX,12
-3,10,26,7,9,2475,VX,LAX,13
5,10,26,7,11,2475,VX,LAX,13
-4,10,26,7,13,2475,VX,LAX,13
4,10,26,7,16,2475,VX,LAX,13
0,10,26,7,20,2475,VX,LAX,13
-3,10,27,1,7,2475,VX,LAX,14
-3,10,27,1,9,2475,VX,LAX,14
-5,10,27,1,11,2475,VX,LAX,14
-6,10,27,1,13,2475,VX,LAX,14
-3,10,27,1,16,2475,VX,LAX,14
-1,10,27,1,20,2475,VX,LAX,14
-1,10,13,1,7,2475,VX,LAX,0
-7,10,13,1,9,2475,VX,LAX,0
0,10,13,1,11,2475,VX,LAX,0
35,10,13,1,13,2475,VX,LAX,0
1,10,13,1,16,2475,VX,LAX,0
5,10,13,1,20,2475,VX,LAX,0
-1,10,14,2,7,2475,VX,LAX,1
-1,10,14,2,9,2475,VX,LAX,1
-2,10,14,2,13,2475,VX,LAX,1
3,10,14,2,16,2475,VX,LAX,1
103,10,14,2,20,2475,VX,LAX,1
-5,10,15,3,7,2475,VX,LAX,2
-6,10,15,3,9,2475,VX,LAX,2
0,10,15,3,13,2475,VX,LAX,2
2,10,15,3,16,2475,VX,LAX,2
-3,10,15,3,20,2475,VX,LAX,2
36,10,28,2,7,2475,VX,LAX,14
0,10,28,2,9,2475,VX,LAX,14
4,10,28,2,13,2475,VX,LAX,14
-3,10,28,2,16,2475,VX,LAX,14
0,10,28,2,20,2475,VX,LAX,14
-7,10,29,3,7,2475,VX,LAX,13
-1,10,29,3,9,2475,VX,LAX,13
-5,10,29,3,13,2475,VX,LAX,13
-4,10,29,3,16,2475,VX,LAX,13
-3,10,29,3,20,2475,VX,LAX,13
2,10,3,5,7,2475,VX,LAX,10
3,10,3,5,9,2475,VX,LAX,10
-1,10,3,5,11,2475,VX,LAX,10
-2,10,3,5,13,2475,VX,LAX,10
3,10,3,5,16,2475,VX,LAX,10
62,10,3,5,20,2475,VX,LAX,10
-2,10,30,4,7,2475,VX,LAX,12
-2,10,30,4,9,2475,VX,LAX,12
-4,10,30,4,13,2475,VX,LAX,12
-3,10,30,4,16,2475,VX,LAX,12
-2,10,30,4,20,2475,VX,LAX,12
14,10,31,5,7,2475,VX,LAX,11
-7,10,31,5,9,2475,VX,LAX,11
-1,10,31,5,13,2475,VX,LAX,11
0,10,31,5,16,2475,VX,LAX,11
-4,10,31,5,20,2475,VX,LAX,11
-1,10,4,6,7,2475,VX,LAX,9
-3,10,4,6,9,2475,VX,LAX,9
254,10,4,6,13,2475,VX,LAX,9
280,10,4,6,16,2475,VX,LAX,9
-3,10,14,2,6,2475,UA,LAX,1
4,10,14,2,8,2475,UA,LAX,1
4,10,14,2,20,2475,UA,LAX,1
121,10,14,2,17,2475,UA,LAX,1
-6,10,14,2,11,2475,UA,LAX,1
-2,10,14,2,14,2475,UA,LAX,1
-6,10,1,3,9,2475,AA,LAX,12
-6,10,2,4,9,2475,AA,LAX,11
-5,10,3,5,9,2475,AA,LAX,10
-8,10,4,6,9,2475,AA,LAX,9
-3,10,5,7,9,2475,AA,LAX,8
0,10,6,1,9,2475,AA,LAX,7
-7,10,7,2,9,2475,AA,LAX,6
-7,10,8,3,9,2475,AA,LAX,5
-5,10,9,4,9,2475,AA,LAX,4
-5,10,10,5,9,2475,AA,LAX,3
-7,10,11,6,9,2475,AA,LAX,2
-6,10,12,7,9,2475,AA,LAX,1
-9,10,13,1,9,2475,AA,LAX,0
-5,10,14,2,9,2475,AA,LAX,1
-11,10,15,3,9,2475,AA,LAX,2
0,10,16,4,9,2475,AA,LAX,3
-6,10,17,5,9,2475,AA,LAX,4
-5,10,18,6,9,2475,AA,LAX,5
-5,10,19,7,9,2475,AA,LAX,6
-7,10,20,1,9,2475,AA,LAX,7
-7,10,21,2,9,2475,AA,LAX,8
41,10,22,3,9,2475,AA,LAX,9
-6,10,23,4,9,2475,AA,LAX,10
-5,10,24,5,9,2475,AA,LAX,11
-5,10,25,6,9,2475,AA,LAX,12
-3,10,26,7,9,2475,AA,LAX,13
-9,10,27,1,9,2475,AA,LAX,14
-9,10,28,2,9,2475,AA,LAX,14
-6,10,29,3,9,2475,AA,LAX,13
-3,10,30,4,9,2475,AA,LAX,12
-3,10,31,5,9,2475,AA,LAX,11
-11,10,1,3,12,2475,AA,LAX,12
-7,10,2,4,12,2475,AA,LAX,11
1,10,3,5,12,2475,AA,LAX,10
-3,10,4,6,12,2475,AA,LAX,9
31,10,5,7,12,2475,AA,LAX,8
-2,10,6,1,12,2475,AA,LAX,7
-7,10,7,2,12,2475,AA,LAX,6
-3,10,8,3,12,2475,AA,LAX,5
1,10,9,4,12,2475,AA,LAX,4
-6,10,10,5,12,2475,AA,LAX,3
-5,10,11,6,12,2475,AA,LAX,2
-10,10,12,7,12,2475,AA,LAX,1
-2,10,13,1,12,2475,AA,LAX,0
-9,10,14,2,12,2475,AA,LAX,1
-5,10,15,3,12,2475,AA,LAX,2
-7,10,16,4,12,2475,AA,LAX,3
-6,10,17,5,12,2475,AA,LAX,4
-10,10,18,6,12,2475,AA,LAX,5
0,10,19,7,12,2475,AA,LAX,6
-2,10,20,1,12,2475,AA,LAX,7
-6,10,21,2,12,2475,AA,LAX,8
-5,10,22,3,12,2475,AA,LAX,9
-10,10,23,4,12,2475,AA,LAX,10
-4,10,24,5,12,2475,AA,LAX,11
-4,10,25,6,12,2475,AA,LAX,12
-2,10,26,7,12,2475,AA,LAX,13
-7,10,27,1,12,2475,AA,LAX,14
-9,10,28,2,12,2475,AA,LAX,14
-9,10,29,3,12,2475,AA,LAX,13
-6,10,30,4,12,2475,AA,LAX,12
-10,10,31,5,12,2475,AA,LAX,11
-5,10,1,3,7,2475,AA,LAX,12
-5,10,2,4,7,2475,AA,LAX,11
-6,10,3,5,7,2475,AA,LAX,10
-3,10,4,6,7,2475,AA,LAX,9
-4,10,5,7,7,2475,AA,LAX,8
-3,10,6,1,7,2475,AA,LAX,7
-7,10,7,2,7,2475,AA,LAX,6
2,10,8,3,7,2475,AA,LAX,5
1,10,9,4,7,2475,AA,LAX,4
-8,10,10,5,7,2475,AA,LAX,3
-6,10,11,6,7,2475,AA,LAX,2
-8,10,12,7,7,2475,AA,LAX,1
-4,10,13,1,7,2475,AA,LAX,0
-7,10,14,2,7,2475,AA,LAX,1
-9,10,15,3,7,2475,AA,LAX,2
-7,10,16,4,7,2475,AA,LAX,3
-7,10,17,5,7,2475,AA,LAX,4
-4,10,18,6,7,2475,AA,LAX,5
-6,10,19,7,7,2475,AA,LAX,6
-11,10,20,1,7,2475,AA,LAX,7
1,10,21,2,7,2475,AA,LAX,8
14,10,22,3,7,2475,AA,LAX,9
-3,10,23,4,7,2475,AA,LAX,10
-8,10,24,5,7,2475,AA,LAX,11
-7,10,25,6,7,2475,AA,LAX,12
-5,10,26,7,7,2475,AA,LAX,13
-9,10,27,1,7,2475,AA,LAX,14
-1,10,28,2,7,2475,AA,LAX,14
-5,10,29,3,7,2475,AA,LAX,13
-7,10,30,4,7,2475,AA,LAX,12
0,10,31,5,7,2475,AA,LAX,11
-5,10,1,3,11,2475,AA,LAX,12
-8,10,2,4,11,2475,AA,LAX,11
-4,10,3,5,11,2475,AA,LAX,10
-9,10,4,6,11,2475,AA,LAX,9
-11,10,5,7,11,2475,AA,LAX,8
-10,10,6,1,11,2475,AA,LAX,7
-9,10,7,2,11,2475,AA,LAX,6
-8,10,8,3,11,2475,AA,LAX,5
-7,10,9,4,11,2475,AA,LAX,4
-12,10,10,5,11,2475,AA,LAX,3
-6,10,11,6,11,2475,AA,LAX,2
-2,10,12,7,11,2475,AA,LAX,1
-6,10,13,1,11,2475,AA,LAX,0
-8,10,14,2,11,2475,AA,LAX,1
-10,10,15,3,11,2475,AA,LAX,2
59,10,16,4,11,2475,AA,LAX,3
-7,10,17,5,11,2475,AA,LAX,4
-4,10,18,6,11,2475,AA,LAX,5
12,10,19,7,11,2475,AA,LAX,6
-2,10,20,1,11,2475,AA,LAX,7
-6,10,21,2,11,2475,AA,LAX,8
-4,10,22,3,11,2475,AA,LAX,9
-4,10,23,4,11,2475,AA,LAX,10
-3,10,24,5,11,2475,AA,LAX,11
5,10,25,6,11,2475,AA,LAX,12
-8,10,26,7,11,2475,AA,LAX,13
-9,10,27,1,11,2475,AA,LAX,14
-10,10,28,2,11,2475,AA,LAX,14
-3,10,29,3,11,2475,AA,LAX,13
-9,10,30,4,11,2475,AA,LAX,12
-6,10,31,5,11,2475,AA,LAX,11
-3,10,1,3,18,2475,AA,LAX,12
848,10,2,4,18,2475,AA,LAX,11
-5,10,3,5,18,2475,AA,LAX,10
62,10,4,6,18,2475,AA,LAX,9
3,10,5,7,18,2475,AA,LAX,8
-3,10,6,1,18,2475,AA,LAX,7
-4,10,7,2,18,2475,AA,LAX,6
17,10,8,3,18,2475,AA,LAX,5
-6,10,9,4,18,2475,AA,LAX,4
-6,10,10,5,18,2475,AA,LAX,3
-2,10,11,6,18,2475,AA,LAX,2
2,10,12,7,18,2475,AA,LAX,1
4,10,13,1,18,2475,AA,LAX,0
1,10,14,2,18,2475,AA,LAX,1
-4,10,15,3,18,2475,AA,LAX,2
-2,10,16,4,18,2475,AA,LAX,3
-4,10,17,5,18,2475,AA,LAX,4
1,10,18,6,18,2475,AA,LAX,5
304,10,19,7,18,2475,AA,LAX,6
-2,10,20,1,18,2475,AA,LAX,7
1,10,21,2,18,2475,AA,LAX,8
-5,10,22,3,18,2475,AA,LAX,9
-6,10,23,4,18,2475,AA,LAX,10
-2,10,24,5,18,2475,AA,LAX,11
-7,10,25,6,18,2475,AA,LAX,12
-2,10,26,7,18,2475,AA,LAX,13
-7,10,27,1,18,2475,AA,LAX,14
-4,10,28,2,18,2475,AA,LAX,14
-1,10,29,3,18,2475,AA,LAX,13
-4,10,30,4,18,2475,AA,LAX,12
-4,10,1,3,8,2475,AA,LAX,12
-4,10,2,4,8,2475,AA,LAX,11
-6,10,3,5,8,2475,AA,LAX,10
-9,10,4,6,8,2475,AA,LAX,9
-6,10,5,7,8,2475,AA,LAX,8
-4,10,6,1,8,2475,AA,LAX,7
-3,10,7,2,8,2475,AA,LAX,6
-2,10,8,3,8,2475,AA,LAX,5
2,10,9,4,8,2475,AA,LAX,4
-4,10,10,5,8,2475,AA,LAX,3
2,10,11,6,8,2475,AA,LAX,2
-5,10,12,7,8,2475,AA,LAX,1
-2,10,13,1,8,2475,AA,LAX,0
-9,10,14,2,8,2475,AA,LAX,1
-4,10,15,3,8,2475,AA,LAX,2
-5,10,16,4,8,2475,AA,LAX,3
-5,10,17,5,8,2475,AA,LAX,4
-2,10,18,6,8,2475,AA,LAX,5
-3,10,19,7,8,2475,AA,LAX,6
7,10,20,1,8,2475,AA,LAX,7
-2,10,21,2,8,2475,AA,LAX,8
2,10,22,3,8,2475,AA,LAX,9
-5,10,23,4,8,2475,AA,LAX,10
-7,10,24,5,8,2475,AA,LAX,11
-7,10,25,6,8,2475,AA,LAX,12
16,10,26,7,8,2475,AA,LAX,13
-6,10,27,1,8,2475,AA,LAX,14
-4,10,28,2,8,2475,AA,LAX,14
-6,10,29,3,8,2475,AA,LAX,13
-6,10,30,4,8,2475,AA,LAX,12
-6,10,31,5,8,2475,AA,LAX,11
-5,10,1,3,14,2475,AA,LAX,12
0,10,2,4,14,2475,AA,LAX,11
-5,10,3,5,14,2475,AA,LAX,10
-2,10,4,6,14,2475,AA,LAX,9
-5,10,5,7,14,2475,AA,LAX,8
-7,10,6,1,14,2475,AA,LAX,7
35,10,7,2,14,2475,AA,LAX,6
-7,10,8,3,14,2475,AA,LAX,5
-5,10,9,4,14,2475,AA,LAX,4
-6,10,10,5,14,2475,AA,LAX,3
-9,10,11,6,14,2475,AA,LAX,2
-5,10,12,7,14,2475,AA,LAX,1
-3,10,13,1,14,2475,AA,LAX,0
-4,10,14,2,14,2475,AA,LAX,1
-4,10,15,3,14,2475,AA,LAX,2
-3,10,16,4,14,2475,AA,LAX,3
-4,10,17,5,14,2475,AA,LAX,4
-8,10,18,6,14,2475,AA,LAX,5
-4,10,19,7,14,2475,AA,LAX,6
28,10,20,1,14,2475,AA,LAX,7
-1,10,21,2,14,2475,AA,LAX,8
-2,10,22,3,14,2475,AA,LAX,9
-8,10,23,4,14,2475,AA,LAX,10
-7,10,24,5,14,2475,AA,LAX,11
-5,10,25,6,14,2475,AA,LAX,12
8,10,26,7,14,2475,AA,LAX,13
-7,10,27,1,14,2475,AA,LAX,14
-3,10,28,2,14,2475,AA,LAX,14
39,10,29,3,14,2475,AA,LAX,13
-7,10,30,4,14,2475,AA,LAX,12
-7,10,31,5,14,2475,AA,LAX,11
7,10,1,3,16,2475,AA,LAX,12
17,10,2,4,16,2475,AA,LAX,11
-4,10,3,5,16,2475,AA,LAX,10
86,10,4,6,16,2475,AA,LAX,9
22,10,5,7,16,2475,AA,LAX,8
18,10,6,1,16,2475,AA,LAX,7
48,10,7,2,16,2475,AA,LAX,6
101,10,8,3,16,2475,AA,LAX,5
41,10,9,4,16,2475,AA,LAX,4
37,10,10,5,16,2475,AA,LAX,3
-6,10,11,6,16,2475,AA,LAX,2
-9,10,12,7,16,2475,AA,LAX,1
-3,10,13,1,16,2475,AA,LAX,0
-2,10,14,2,16,2475,AA,LAX,1
-4,10,15,3,16,2475,AA,LAX,2
-4,10,16,4,16,2475,AA,LAX,3
-2,10,17,5,16,2475,AA,LAX,4
-2,10,18,6,16,2475,AA,LAX,5
-5,10,19,7,16,2475,AA,LAX,6
6,10,20,1,16,2475,AA,LAX,7
7,10,21,2,16,2475,AA,LAX,8
14,10,22,3,16,2475,AA,LAX,9
64,10,23,4,16,2475,AA,LAX,10
4,10,24,5,16,2475,AA,LAX,11
-3,10,25,6,16,2475,AA,LAX,12
-5,10,26,7,16,2475,AA,LAX,13
-2,10,27,1,16,2475,AA,LAX,14
-2,10,28,2,16,2475,AA,LAX,14
-4,10,29,3,16,2475,AA,LAX,13
-4,10,30,4,16,2475,AA,LAX,12
-8,10,31,5,16,2475,AA,LAX,11
9,10,1,3,17,2475,AA,LAX,12
55,10,2,4,17,2475,AA,LAX,11
0,10,3,5,17,2475,AA,LAX,10
77,10,4,6,17,2475,AA,LAX,9
-1,10,5,7,17,2475,AA,LAX,8
-4,10,6,1,17,2475,AA,LAX,7
13,10,7,2,17,2475,AA,LAX,6
29,10,8,3,17,2475,AA,LAX,5
16,10,9,4,17,2475,AA,LAX,4
23,10,10,5,17,2475,AA,LAX,3
-5,10,11,6,17,2475,AA,LAX,2
-4,10,12,7,17,2475,AA,LAX,1
40,10,13,1,17,2475,AA,LAX,0
10,10,14,2,17,2475,AA,LAX,1
-5,10,15,3,17,2475,AA,LAX,2
34,10,16,4,17,2475,AA,LAX,3
-3,10,17,5,17,2475,AA,LAX,4
-1,10,18,6,17,2475,AA,LAX,5
-2,10,19,7,17,2475,AA,LAX,6
7,10,20,1,17,2475,AA,LAX,7
2,10,21,2,17,2475,AA,LAX,8
17,10,22,3,17,2475,AA,LAX,9
27,10,23,4,17,2475,AA,LAX,10
-4,10,24,5,17,2475,AA,LAX,11
-2,10,25,6,17,2475,AA,LAX,12
-6,10,26,7,17,2475,AA,LAX,13
-5,10,27,1,17,2475,AA,LAX,14
-4,10,28,2,17,2475,AA,LAX,14
-6,10,29,3,17,2475,AA,LAX,13
-2,10,30,4,17,2475,AA,LAX,12
128,10,31,5,17,2475,AA,LAX,11
-2,10,1,3,20,2475,AA,LAX,12
74,10,2,4,20,2475,AA,LAX,11
15,10,3,5,20,2475,AA,LAX,10
45,10,4,6,20,2475,AA,LAX,9
48,10,5,7,20,2475,AA,LAX,8
76,10,6,1,20,2475,AA,LAX,7
65,10,7,2,20,2475,AA,LAX,6
27,10,8,3,20,2475,AA,LAX,5
-2,10,9,4,20,2475,AA,LAX,4
198,10,10,5,20,2475,AA,LAX,3
-5,10,11,6,20,2475,AA,LAX,2
-7,10,12,7,20,2475,AA,LAX,1
4,10,13,1,20,2475,AA,LAX,0
-4,10,14,2,20,2475,AA,LAX,1
-4,10,15,3,20,2475,AA,LAX,2
3,10,16,4,20,2475,AA,LAX,3
-7,10,17,5,20,2475,AA,LAX,4
110,10,18,6,20,2475,AA,LAX,5
39,10,19,7,20,2475,AA,LAX,6
5,10,20,1,20,2475,AA,LAX,7
9,10,21,2,20,2475,AA,LAX,8
51,10,22,3,20,2475,AA,LAX,9
-2,10,23,4,20,2475,AA,LAX,10
-5,10,24,5,20,2475,AA,LAX,11
-2,10,25,6,20,2475,AA,LAX,12
39,10,26,7,20,2475,AA,LAX,13
14,10,27,1,20,2475,AA,LAX,14
38,10,28,2,20,2475,AA,LAX,14
8,10,29,3,20,2475,AA,LAX,13
-5,10,30,4,20,2475,AA,LAX,12
-7,10,1,3,19,2475,AA,LAX,12
14,10,2,4,19,2475,AA,LAX,11
-7,10,3,5,19,2475,AA,LAX,10
54,10,4,6,19,2475,AA,LAX,9
-9,10,5,7,19,2475,AA,LAX,8
-5,10,6,1,19,2475,AA,LAX,7
0,10,7,2,19,2475,AA,LAX,6
75,10,8,3,19,2475,AA,LAX,5
-11,10,9,4,19,2475,AA,LAX,4
0,10,10,5,19,2475,AA,LAX,3
4,10,11,6,19,2475,AA,LAX,2
-7,10,12,7,19,2475,AA,LAX,1
-5,10,13,1,19,2475,AA,LAX,0
0,10,14,2,19,2475,AA,LAX,1
-6,10,15,3,19,2475,AA,LAX,2
11,10,16,4,19,2475,AA,LAX,3
-5,10,17,5,19,2475,AA,LAX,4
-7,10,18,6,19,2475,AA,LAX,5
170,10,19,7,19,2475,AA,LAX,6
-5,10,20,1,19,2475,AA,LAX,7
-1,10,21,2,19,2475,AA,LAX,8
-1,10,22,3,19,2475,AA,LAX,9
8,10,23,4,19,2475,AA,LAX,10
-4,10,24,5,19,2475,AA,LAX,11
-6,10,25,6,19,2475,AA,LAX,12
-7,10,26,7,19,2475,AA,LAX,13
-5,10,27,1,19,2475,AA,LAX,14
-3,10,28,2,19,2475,AA,LAX,14
157,10,29,3,19,2475,AA,LAX,13
-4,10,30,4,19,2475,AA,LAX,12
-7,10,31,5,19,2475,AA,LAX,11
