5,11,26,3,7,2475,VX,LAX,1
-7,11,26,3,9,2475,VX,LAX,1
6,11,26,3,11,2475,VX,LAX,1
-9,11,26,3,13,2475,VX,LAX,1
44,11,26,3,16,2475,VX,LAX,1
144,11,26,3,20,2475,VX,LAX,1
-1,11,27,4,7,2475,VX,LAX,0
-4,11,27,4,9,2475,VX,LAX,0
16,11,27,4,11,2475,VX,LAX,0
-5,11,27,4,13,2475,VX,LAX,0
0,11,27,4,16,2475,VX,LAX,0
-1,11,28,5,11,2475,VX,LAX,1
-12,11,28,5,13,2475,VX,LAX,1
-2,11,28,5,16,2475,VX,LAX,1
-4,11,28,5,20,2475,VX,LAX,1
-5,11,30,7,6,2475,UA,LAX,3
-1,11,30,7,8,2475,UA,LAX,3
5,11,30,7,19,2475,UA,LAX,3
-3,11,30,7,17,2475,UA,LAX,3
-9,11,30,7,11,2475,UA,LAX,3
-6,11,30,7,14,2475,UA,LAX,3
-9,11,14,5,7,2475,VX,LAX,3
-8,11,14,5,9,2475,VX,LAX,3
8,11,14,5,13,2475,VX,LAX,3
-3,11,14,5,16,2475,VX,LAX,3
11,11,14,5,20,2475,VX,LAX,3
-6,11,15,6,7,2475,VX,LAX,4
-7,11,15,6,9,2475,VX,LAX,4
-3,11,15,6,13,2475,VX,LAX,4
0,11,15,6,16,2475,VX,LAX,4
-6,11,16,7,7,2475,VX,LAX,5
0,11,16,7,9,2475,VX,LAX,5
-3,11,16,7,13,2475,VX,LAX,5
-4,11,16,7,16,2475,VX,LAX,5
-5,11,16,7,20,2475,VX,LAX,5
-3,11,17,1,7,2475,VX,LAX,6
3,11,17,1,9,2475,VX,LAX,6
-4,11,17,1,13,2475,VX,LAX,6
24,11,17,1,16,2475,VX,LAX,6
94,11,17,1,20,2475,VX,LAX,6
-9,11,29,6,7,2475,VX,LAX,2
-7,11,29,6,9,2475,VX,LAX,2
-7,11,29,6,11,2475,VX,LAX,2
7,11,29,6,13,2475,VX,LAX,2
-2,11,29,6,16,2475,VX,LAX,2
7,11,29,6,20,2475,VX,LAX,2
-6,11,3,1,7,2475,VX,LAX,8
-3,11,3,1,9,2475,VX,LAX,8
-2,11,3,1,13,2475,VX,LAX,8
0,11,3,1,16,2475,VX,LAX,8
1,11,3,1,20,2475,VX,LAX,8
-1,11,30,7,7,2475,VX,LAX,3
-3,11,30,7,9,2475,VX,LAX,3
23,11,30,7,11,2475,VX,LAX,3
-1,11,30,7,13,2475,VX,LAX,3
-5,11,30,7,16,2475,VX,LAX,3
18,11,30,7,20,2475,VX,LAX,3
-7,11,4,2,7,2475,VX,LAX,7
-9,11,4,2,9,2475,VX,LAX,7
-6,11,4,2,13,2475,VX,LAX,7
-2,11,4,2,16,2475,VX,LAX,7
-3,11,4,2,20,2475,VX,LAX,7
-7,11,5,3,7,2475,VX,LAX,6
11,11,5,3,9,2475,VX,LAX,6
-2,11,5,3,13,2475,VX,LAX,6
-4,11,5,3,16,2475,VX,LAX,6
-1,11,5,3,20,2475,VX,LAX,6
-2,11,6,4,7,2475,VX,LAX,5
-4,11,6,4,9,2475,VX,LAX,5
1,11,6,4,13,2475,VX,LAX,5
0,11,6,4,16,2475,VX,LAX,5
3,11,6,4,20,2475,VX,LAX,5
-3,11,19,3,7,2475,VX,LAX,8
-5,11,19,3,9,2475,VX,LAX,8
-1,11,19,3,13,2475,VX,LAX,8
-4,11,19,3,16,2475,VX,LAX,8
-7,11,19,3,20,2475,VX,LAX,8
5,11,2,7,7,2475,VX,LAX,9
0,11,2,7,9,2475,VX,LAX,9
-6,11,2,7,13,2475,VX,LAX,9
0,11,2,7,16,2475,VX,LAX,9
-3,11,2,7,20,2475,VX,LAX,9
-8,11,20,4,7,2475,VX,LAX,7
-2,11,20,4,9,2475,VX,LAX,7
-8,11,20,4,13,2475,VX,LAX,7
-6,11,20,4,16,2475,VX,LAX,7
6,11,20,4,20,2475,VX,LAX,7
-1,11,21,5,7,2475,VX,LAX,6
2,11,21,5,9,2475,VX,LAX,6
-1,11,21,5,13,2475,VX,LAX,6
10,11,21,5,16,2475,VX,LAX,6
-1,11,21,5,20,2475,VX,LAX,6
-8,11,22,6,7,2475,VX,LAX,5
-5,11,22,6,9,2475,VX,LAX,5
-9,11,22,6,13,2475,VX,LAX,5
-2,11,22,6,16,2475,VX,LAX,5
-3,11,22,6,20,2475,VX,LAX,5
-3,11,7,5,7,2475,VX,LAX,4
-2,11,7,5,9,2475,VX,LAX,4
-8,11,7,5,13,2475,VX,LAX,4
-1,11,7,5,16,2475,VX,LAX,4
-1,11,7,5,20,2475,VX,LAX,4
-5,11,8,6,7,2475,VX,LAX,3
-10,11,8,6,9,2475,VX,LAX,3
-2,11,8,6,13,2475,VX,LAX,3
-4,11,8,6,16,2475,VX,LAX,3
-2,11,9,7,7,2475,VX,LAX,2
-5,11,9,7,9,2475,VX,LAX,2
-3,11,9,7,13,2475,VX,LAX,2
-10,11,9,7,16,2475,VX,LAX,2
-6,11,9,7,20,2475,VX,LAX,2
-4,11,17,1,6,2475,UA,LAX,6
-6,11,17,1,8,2475,UA,LAX,6
42,11,17,1,19,2475,UA,LAX,6
42,11,17,1,17,2475,UA,LAX,6
-5,11,17,1,11,2475,UA,LAX,6
25,11,25,2,18,2475,DL,LAX,2
-3,11,25,2,15,2475,DL,LAX,2
-4,11,25,2,9,2475,DL,LAX,2
-7,11,25,2,11,2475,DL,LAX,2
-3,11,25,2,7,2475,DL,LAX,2
6,11,25,2,21,2475,DL,LAX,2
