-4,8,4,1,18,2475,DL,LAX,28
-3,8,4,1,9,2475,DL,LAX,28
-5,8,4,1,12,2475,DL,LAX,28
9,8,4,1,7,2475,DL,LAX,28
1,8,4,1,15,2475,DL,LAX,28
-4,8,4,1,21,2475,DL,LAX,28
3,8,4,1,8,2475,DL,LAX,28
-4,8,4,1,16,2475,DL,LAX,28
-3,8,3,7,18,2475,DL,LAX,29
-5,8,3,7,9,2475,DL,LAX,29
-4,8,3,7,12,2475,DL,LAX,29
43,8,3,7,7,2475,DL,LAX,29
-1,8,3,7,15,2475,DL,LAX,29
18,8,3,7,21,2475,DL,LAX,29
14,8,3,7,8,2475,DL,LAX,29
11,8,3,7,16,2475,DL,LAX,29
2,8,5,2,18,2475,DL,LAX,27
-4,8,5,2,9,2475,DL,LAX,27
-7,8,5,2,12,2475,DL,LAX,27
8,8,5,2,7,2475,DL,LAX,27
-2,8,5,2,15,2475,DL,LAX,27
174,8,5,2,21,2475,DL,LAX,27
0,8,5,2,8,2475,DL,LAX,27
-1,8,5,2,16,2475,DL,LAX,27
-1,8,6,3,18,2475,DL,LAX,26
-1,8,6,3,9,2475,DL,LAX,26
-2,8,6,3,12,2475,DL,LAX,26
9,8,6,3,7,2475,DL,LAX,26
14,8,6,3,15,2475,DL,LAX,26
45,8,6,3,21,2475,DL,LAX,26
10,8,6,3,8,2475,DL,LAX,26
-4,8,6,3,16,2475,DL,LAX,26
2,8,7,4,18,2475,DL,LAX,25
-3,8,7,4,9,2475,DL,LAX,25
1,8,7,4,12,2475,DL,LAX,25
7,8,7,4,7,2475,DL,LAX,25
-4,8,7,4,15,2475,DL,LAX,25
23,8,7,4,21,2475,DL,LAX,25
2,8,7,4,8,2475,DL,LAX,25
4,8,7,4,16,2475,DL,LAX,25
37,8,9,6,18,2475,DL,LAX,23
-4,8,9,6,9,2475,DL,LAX,23
-5,8,9,6,12,2475,DL,LAX,23
-3,8,9,6,15,2475,DL,LAX,23
-6,8,9,6,8,2475,DL,LAX,23
21,8,8,5,18,2475,DL,LAX,24
-5,8,8,5,9,2475,DL,LAX,24
46,8,8,5,12,2475,DL,LAX,24
-2,8,8,5,7,2475,DL,LAX,24
-1,8,8,5,15,2475,DL,LAX,24
51,8,8,5,21,2475,DL,LAX,24
-6,8,8,5,8,2475,DL,LAX,24
-2,8,8,5,16,2475,DL,LAX,24
47,8,10,7,21,2475,DL,LAX,22
20,8,10,7,18,2475,DL,LAX,22
-3,8,10,7,9,2475,DL,LAX,22
74,8,10,7,12,2475,DL,LAX,22
35,8,10,7,7,2475,DL,LAX,22
41,8,10,7,15,2475,DL,LAX,22
-2,8,11,1,18,2475,DL,LAX,21
-3,8,11,1,9,2475,DL,LAX,21
-3,8,11,1,12,2475,DL,LAX,21
-1,8,11,1,7,2475,DL,LAX,21
7,8,11,1,15,2475,DL,LAX,21
5,8,11,1,21,2475,DL,LAX,21
0,8,11,1,8,2475,DL,LAX,21
-5,8,11,1,16,2475,DL,LAX,21
-1,8,10,7,8,2475,DL,LAX,22
3,8,10,7,16,2475,DL,LAX,22
-2,8,13,3,18,2475,DL,LAX,19
-1,8,13,3,9,2475,DL,LAX,19
-1,8,13,3,12,2475,DL,LAX,19
8,8,13,3,7,2475,DL,LAX,19
0,8,13,3,15,2475,DL,LAX,19
106,8,13,3,21,2475,DL,LAX,19
-8,8,13,3,8,2475,DL,LAX,19
15,8,13,3,16,2475,DL,LAX,19
22,8,12,2,18,2475,DL,LAX,20
20,8,12,2,9,2475,DL,LAX,20
-5,8,12,2,12,2475,DL,LAX,20
-6,8,12,2,7,2475,DL,LAX,20
-1,8,12,2,15,2475,DL,LAX,20
42,8,12,2,21,2475,DL,LAX,20
98,8,12,2,8,2475,DL,LAX,20
81,8,12,2,16,2475,DL,LAX,20
3,8,14,4,18,2475,DL,LAX,18
-3,8,14,4,9,2475,DL,LAX,18
-6,8,14,4,12,2475,DL,LAX,18
11,8,14,4,7,2475,DL,LAX,18
15,8,14,4,15,2475,DL,LAX,18
-1,8,14,4,21,2475,DL,LAX,18
-8,8,14,4,8,2475,DL,LAX,18
-4,8,14,4,16,2475,DL,LAX,18
22,8,15,5,18,2475,DL,LAX,17
-8,8,15,5,9,2475,DL,LAX,17
-4,8,15,5,12,2475,DL,LAX,17
-9,8,15,5,7,2475,DL,LAX,17
-2,8,15,5,15,2475,DL,LAX,17
3,8,15,5,21,2475,DL,LAX,17
-1,8,15,5,8,2475,DL,LAX,17
18,8,15,5,16,2475,DL,LAX,17
0,8,16,6,18,2475,DL,LAX,16
-2,8,16,6,9,2475,DL,LAX,16
-1,8,16,6,12,2475,DL,LAX,16
1,8,16,6,15,2475,DL,LAX,16
1,8,16,6,8,2475,DL,LAX,16
-5,8,17,7,18,2475,DL,LAX,15
-7,8,17,7,9,2475,DL,LAX,15
-2,8,17,7,12,2475,DL,LAX,15
28,8,17,7,7,2475,DL,LAX,15
16,8,17,7,15,2475,DL,LAX,15
12,8,17,7,21,2475,DL,LAX,15
-2,8,17,7,8,2475,DL,LAX,15
0,8,17,7,16,2475,DL,LAX,15
-7,8,18,1,18,2475,DL,LAX,14
-1,8,18,1,9,2475,DL,LAX,14
8,8,18,1,12,2475,DL,LAX,14
-4,8,18,1,7,2475,DL,LAX,14
114,8,18,1,15,2475,DL,LAX,14
12,8,18,1,21,2475,DL,LAX,14
0,8,18,1,8,2475,DL,LAX,14
-3,8,18,1,16,2475,DL,LAX,14
-2,8,19,2,18,2475,DL,LAX,13
-4,8,19,2,9,2475,DL,LAX,13
-8,8,19,2,12,2475,DL,LAX,13
0,8,19,2,7,2475,DL,LAX,13
12,8,19,2,21,2475,DL,LAX,13
-1,8,19,2,15,2475,DL,LAX,13
3,8,19,2,8,2475,DL,LAX,13
1,8,19,2,16,2475,DL,LAX,13
-5,8,20,3,18,2475,DL,LAX,12
-6,8,20,3,9,2475,DL,LAX,12
-2,8,20,3,12,2475,DL,LAX,12
2,8,20,3,7,2475,DL,LAX,12
-2,8,20,3,21,2475,DL,LAX,12
2,8,20,3,15,2475,DL,LAX,12
-2,8,20,3,8,2475,DL,LAX,12
6,8,20,3,16,2475,DL,LAX,12
0,8,21,4,18,2475,DL,LAX,11
-6,8,21,4,9,2475,DL,LAX,11
5,8,21,4,12,2475,DL,LAX,11
18,8,21,4,7,2475,DL,LAX,11
52,8,21,4,21,2475,DL,LAX,11
5,8,21,4,15,2475,DL,LAX,11
-9,8,21,4,8,2475,DL,LAX,11
-4,8,21,4,16,2475,DL,LAX,11
19,8,22,5,18,2475,DL,LAX,10
-3,8,22,5,9,2475,DL,LAX,10
-1,8,22,5,12,2475,DL,LAX,10
-4,8,22,5,7,2475,DL,LAX,10
46,8,22,5,21,2475,DL,LAX,10
-1,8,22,5,15,2475,DL,LAX,10
48,8,22,5,8,2475,DL,LAX,10
-1,8,22,5,16,2475,DL,LAX,10
-5,8,24,7,18,2475,DL,LAX,8
143,8,24,7,9,2475,DL,LAX,8
72,8,24,7,12,2475,DL,LAX,8
-3,8,24,7,7,2475,DL,LAX,8
14,8,24,7,21,2475,DL,LAX,8
-6,8,24,7,15,2475,DL,LAX,8
72,8,24,7,8,2475,DL,LAX,8
-2,8,24,7,16,2475,DL,LAX,8
-9,8,23,6,18,2475,DL,LAX,9
-3,8,23,6,9,2475,DL,LAX,9
28,8,23,6,12,2475,DL,LAX,9
-6,8,23,6,15,2475,DL,LAX,9
3,8,23,6,8,2475,DL,LAX,9
-3,8,26,2,18,2475,DL,LAX,6
-6,8,26,2,9,2475,DL,LAX,6
79,8,26,2,12,2475,DL,LAX,6
9,8,26,2,7,2475,DL,LAX,6
-8,8,26,2,21,2475,DL,LAX,6
-2,8,26,2,15,2475,DL,LAX,6
0,8,26,2,8,2475,DL,LAX,6
-6,8,26,2,16,2475,DL,LAX,6
-8,8,25,1,18,2475,DL,LAX,7
-1,8,25,1,9,2475,DL,LAX,7
375,8,25,1,12,2475,DL,LAX,7
-3,8,25,1,7,2475,DL,LAX,7
-3,8,25,1,21,2475,DL,LAX,7
19,8,25,1,15,2475,DL,LAX,7
-9,8,25,1,8,2475,DL,LAX,7
29,8,25,1,16,2475,DL,LAX,7
37,8,27,3,18,2475,DL,LAX,5
-6,8,27,3,9,2475,DL,LAX,5
-3,8,27,3,12,2475,DL,LAX,5
-4,8,27,3,7,2475,DL,LAX,5
21,8,27,3,21,2475,DL,LAX,5
50,8,27,3,15,2475,DL,LAX,5
24,8,27,3,8,2475,DL,LAX,5
-6,8,27,3,16,2475,DL,LAX,5
-5,8,28,4,18,2475,DL,LAX,4
-5,8,28,4,9,2475,DL,LAX,4
-2,8,28,4,12,2475,DL,LAX,4
-1,8,28,4,7,2475,DL,LAX,4
-7,8,28,4,21,2475,DL,LAX,4
-1,8,28,4,15,2475,DL,LAX,4
-7,8,28,4,8,2475,DL,LAX,4
3,8,28,4,16,2475,DL,LAX,4
38,8,29,5,18,2475,DL,LAX,3
-6,8,29,5,9,2475,DL,LAX,3
-9,8,29,5,12,2475,DL,LAX,3
-2,8,29,5,7,2475,DL,LAX,3
13,8,29,5,21,2475,DL,LAX,3
16,8,29,5,15,2475,DL,LAX,3
-1,8,29,5,8,2475,DL,LAX,3
-2,8,29,5,16,2475,DL,LAX,3
-5,8,30,6,18,2475,DL,LAX,2
-2,8,30,6,9,2475,DL,LAX,2
-13,8,30,6,12,2475,DL,LAX,2
-2,8,30,6,15,2475,DL,LAX,2
25,8,30,6,8,2475,DL,LAX,2
3,8,31,7,18,2475,DL,LAX,1
-9,8,31,7,9,2475,DL,LAX,1
-2,8,31,7,12,2475,DL,LAX,1
0,8,31,7,7,2475,DL,LAX,1
-2,8,31,7,21,2475,DL,LAX,1
-2,8,31,7,15,2475,DL,LAX,1
1,8,31,7,8,2475,DL,LAX,1
-2,8,31,7,16,2475,DL,LAX,1
141,8,18,1,11,2475,UA,LAX,14
-6,8,18,1,14,2475,UA,LAX,14
0,8,19,2,6,2475,UA,LAX,13
-3,8,19,2,8,2475,UA,LAX,13
13,8,19,2,20,2475,UA,LAX,13
13,8,19,2,17,2475,UA,LAX,13
-3,8,19,2,11,2475,UA,LAX,13
-1,8,19,2,14,2475,UA,LAX,13
-3,8,17,7,8,2475,UA,LAX,15
10,8,17,7,20,2475,UA,LAX,15
-4,8,17,7,17,2475,UA,LAX,15
0,8,16,6,6,2475,UA,LAX,16
-3,8,16,6,8,2475,UA,LAX,16
10,8,16,6,18,2475,UA,LAX,16
-3,8,23,6,6,2475,UA,LAX,9
2,8,23,6,8,2475,UA,LAX,9
7,8,23,6,18,2475,UA,LAX,9
112,8,23,6,11,2475,UA,LAX,9
-7,8,23,6,14,2475,UA,LAX,9
-1,8,14,4,6,2475,UA,LAX,18
-7,8,14,4,8,2475,UA,LAX,18
23,8,14,4,20,2475,UA,LAX,18
-4,8,14,4,17,2475,UA,LAX,18
-9,8,17,7,11,2475,UA,LAX,15
79,8,17,7,14,2475,UA,LAX,15
-4,8,15,5,6,2475,UA,LAX,17
-5,8,15,5,8,2475,UA,LAX,17
-3,8,15,5,20,2475,UA,LAX,17
-5,8,15,5,17,2475,UA,LAX,17
-6,8,15,5,11,2475,UA,LAX,17
-1,8,15,5,14,2475,UA,LAX,17
-6,8,16,6,11,2475,UA,LAX,16
-1,8,16,6,14,2475,UA,LAX,16
-1,8,14,4,11,2475,UA,LAX,18
14,8,14,4,14,2475,UA,LAX,18
145,8,13,3,6,2475,UA,LAX,19
-1,8,13,3,8,2475,UA,LAX,19
-4,8,13,3,20,2475,UA,LAX,19
-4,8,13,3,17,2475,UA,LAX,19
-2,8,13,3,11,2475,UA,LAX,19
60,8,13,3,14,2475,UA,LAX,19
2,8,9,6,6,2475,UA,LAX,23
-1,8,9,6,8,2475,UA,LAX,23
-6,8,11,1,6,2475,UA,LAX,21
-3,8,11,1,8,2475,UA,LAX,21
64,8,11,1,20,2475,UA,LAX,21
-3,8,11,1,17,2475,UA,LAX,21
-4,8,11,1,11,2475,UA,LAX,21
-5,8,11,1,14,2475,UA,LAX,21
99,8,8,5,6,2475,UA,LAX,24
-2,8,8,5,8,2475,UA,LAX,24
-1,8,8,5,20,2475,UA,LAX,24
-4,8,8,5,17,2475,UA,LAX,24
-3,8,8,5,11,2475,UA,LAX,24
0,8,12,2,6,2475,UA,LAX,20
-5,8,12,2,8,2475,UA,LAX,20
55,8,12,2,20,2475,UA,LAX,20
2,8,12,2,17,2475,UA,LAX,20
16,8,12,2,11,2475,UA,LAX,20
-4,8,12,2,14,2475,UA,LAX,20
-5,8,9,6,11,2475,UA,LAX,23
-1,8,9,6,14,2475,UA,LAX,23
-1,8,8,5,14,2475,UA,LAX,24
-7,8,6,3,6,2475,UA,LAX,26
-8,8,6,3,8,2475,UA,LAX,26
189,8,6,3,20,2475,UA,LAX,26
20,8,6,3,17,2475,UA,LAX,26
0,8,6,3,11,2475,UA,LAX,26
37,8,6,3,14,2475,UA,LAX,26
-5,8,9,6,18,2475,UA,LAX,23
2,8,5,2,6,2475,UA,LAX,27
-2,8,5,2,8,2475,UA,LAX,27
7,8,5,2,20,2475,UA,LAX,27
-1,8,5,2,17,2475,UA,LAX,27
-6,8,5,2,11,2475,UA,LAX,27
13,8,5,2,14,2475,UA,LAX,27
-2,8,4,1,6,2475,UA,LAX,28
5,8,4,1,8,2475,UA,LAX,28
0,8,4,1,20,2475,UA,LAX,28
-2,8,4,1,17,2475,UA,LAX,28
0,8,4,1,11,2475,UA,LAX,28
2,8,4,1,14,2475,UA,LAX,28
12,8,2,6,18,2475,UA,LAX,29
-9,8,2,6,11,2475,UA,LAX,29
-4,8,2,6,14,2475,UA,LAX,29
-9,8,3,7,8,2475,UA,LAX,29
36,8,3,7,20,2475,UA,LAX,29
11,8,3,7,17,2475,UA,LAX,29
-5,8,3,7,11,2475,UA,LAX,29
0,8,3,7,14,2475,UA,LAX,29
-9,8,1,5,6,2475,UA,LAX,28
-5,8,1,5,8,2475,UA,LAX,28
159,8,1,5,20,2475,UA,LAX,28
10,8,1,5,17,2475,UA,LAX,28
-5,8,10,7,8,2475,UA,LAX,22
27,8,10,7,20,2475,UA,LAX,22
-2,8,10,7,17,2475,UA,LAX,22
-12,8,10,7,11,2475,UA,LAX,22
-7,8,10,7,14,2475,UA,LAX,22
-5,8,7,4,6,2475,UA,LAX,25
-1,8,7,4,8,2475,UA,LAX,25
30,8,7,4,20,2475,UA,LAX,25
1,8,7,4,17,2475,UA,LAX,25
-4,8,7,4,11,2475,UA,LAX,25
-2,8,7,4,14,2475,UA,LAX,25
-4,8,1,5,11,2475,UA,LAX,28
5,8,1,5,14,2475,UA,LAX,28
-2,8,1,5,7,2475,VX,LAX,28
-7,8,1,5,9,2475,VX,LAX,28
16,8,1,5,11,2475,VX,LAX,28
-4,8,1,5,13,2475,VX,LAX,28
-3,8,1,5,16,2475,VX,LAX,28
-5,8,1,5,20,2475,VX,LAX,28
-2,8,10,7,7,2475,VX,LAX,22
-8,8,10,7,9,2475,VX,LAX,22
-7,8,10,7,11,2475,VX,LAX,22
-5,8,10,7,13,2475,VX,LAX,22
0,8,10,7,16,2475,VX,LAX,22
-3,8,10,7,20,2475,VX,LAX,22
0,8,2,6,7,2475,VX,LAX,29
0,8,2,6,9,2475,VX,LAX,29
6,8,2,6,11,2475,VX,LAX,29
81,8,2,6,13,2475,VX,LAX,29
-1,8,2,6,16,2475,VX,LAX,29
-3,8,20,3,7,2475,VX,LAX,12
-9,8,20,3,9,2475,VX,LAX,12
-3,8,20,3,11,2475,VX,LAX,12
0,8,20,3,13,2475,VX,LAX,12
8,8,20,3,16,2475,VX,LAX,12
0,8,20,3,20,2475,VX,LAX,12
-8,8,14,4,7,2475,VX,LAX,18
-1,8,14,4,9,2475,VX,LAX,18
3,8,14,4,11,2475,VX,LAX,18
-5,8,14,4,13,2475,VX,LAX,18
12,8,14,4,16,2475,VX,LAX,18
-2,8,14,4,20,2475,VX,LAX,18
1,8,15,5,7,2475,VX,LAX,17
-7,8,15,5,9,2475,VX,LAX,17
-1,8,15,5,11,2475,VX,LAX,17
64,8,15,5,13,2475,VX,LAX,17
20,8,15,5,16,2475,VX,LAX,17
-2,8,15,5,20,2475,VX,LAX,17
6,8,16,6,7,2475,VX,LAX,16
2,8,16,6,9,2475,VX,LAX,16
-2,8,16,6,11,2475,VX,LAX,16
-7,8,16,6,13,2475,VX,LAX,16
0,8,16,6,16,2475,VX,LAX,16
-1,8,17,7,7,2475,VX,LAX,15
-2,8,17,7,9,2475,VX,LAX,15
-2,8,17,7,11,2475,VX,LAX,15
2,8,17,7,13,2475,VX,LAX,15
-3,8,17,7,16,2475,VX,LAX,15
16,8,17,7,20,2475,VX,LAX,15
-1,8,18,1,7,2475,VX,LAX,14
-8,8,18,1,9,2475,VX,LAX,14
5,8,18,1,11,2475,VX,LAX,14
-4,8,18,1,13,2475,VX,LAX,14
-2,8,18,1,16,2475,VX,LAX,14
-5,8,18,1,20,2475,VX,LAX,14
7,8,19,2,7,2475,VX,LAX,13
1,8,19,2,9,2475,VX,LAX,13
-6,8,19,2,11,2475,VX,LAX,13
-2,8,19,2,13,2475,VX,LAX,13
0,8,19,2,16,2475,VX,LAX,13
-3,8,19,2,20,2475,VX,LAX,13
-10,8,31,7,9,2475,VX,LAX,1
-1,8,31,7,11,2475,VX,LAX,1
-2,8,31,7,13,2475,VX,LAX,1
-2,8,31,7,16,2475,VX,LAX,1
-7,8,11,1,7,2475,VX,LAX,21
0,8,11,1,9,2475,VX,LAX,21
-6,8,11,1,11,2475,VX,LAX,21
2,8,11,1,13,2475,VX,LAX,21
14,8,11,1,16,2475,VX,LAX,21
5,8,11,1,20,2475,VX,LAX,21
-1,8,12,2,7,2475,VX,LAX,20
-5,8,12,2,9,2475,VX,LAX,20
0,8,12,2,11,2475,VX,LAX,20
-6,8,12,2,13,2475,VX,LAX,20
40,8,12,2,16,2475,VX,LAX,20
52,8,12,2,20,2475,VX,LAX,20
-1,8,13,3,7,2475,VX,LAX,19
-5,8,13,3,9,2475,VX,LAX,19
2,8,13,3,11,2475,VX,LAX,19
-2,8,13,3,13,2475,VX,LAX,19
16,8,13,3,16,2475,VX,LAX,19
-3,8,13,3,20,2475,VX,LAX,19
-8,8,25,1,9,2475,VX,LAX,7
-9,8,25,1,11,2475,VX,LAX,7
-8,8,25,1,13,2475,VX,LAX,7
0,8,25,1,16,2475,VX,LAX,7
-5,8,25,1,20,2475,VX,LAX,7
-2,8,26,2,7,2475,VX,LAX,6
-10,8,26,2,9,2475,VX,LAX,6
-2,8,26,2,11,2475,VX,LAX,6
-1,8,26,2,13,2475,VX,LAX,6
9,8,26,2,16,2475,VX,LAX,6
-7,8,26,2,20,2475,VX,LAX,6
2,8,27,3,7,2475,VX,LAX,5
-10,8,27,3,9,2475,VX,LAX,5
-4,8,27,3,11,2475,VX,LAX,5
-3,8,27,3,13,2475,VX,LAX,5
-6,8,27,3,16,2475,VX,LAX,5
-8,8,27,3,20,2475,VX,LAX,5
-10,8,28,4,7,2475,VX,LAX,4
-9,8,28,4,9,2475,VX,LAX,4
-9,8,28,4,11,2475,VX,LAX,4
-11,8,28,4,13,2475,VX,LAX,4
13,8,28,4,16,2475,VX,LAX,4
-3,8,28,4,20,2475,VX,LAX,4
-7,8,29,5,7,2475,VX,LAX,3
-5,8,29,5,9,2475,VX,LAX,3
-7,8,29,5,11,2475,VX,LAX,3
-8,8,29,5,13,2475,VX,LAX,3
-8,8,29,5,16,2475,VX,LAX,3
-8,8,29,5,20,2475,VX,LAX,3
4,8,3,7,7,2475,VX,LAX,29
-1,8,3,7,9,2475,VX,LAX,29
1,8,3,7,11,2475,VX,LAX,29
0,8,3,7,13,2475,VX,LAX,29
-2,8,3,7,16,2475,VX,LAX,29
4,8,3,7,20,2475,VX,LAX,29
-3,8,30,6,7,2475,VX,LAX,2
-7,8,30,6,9,2475,VX,LAX,2
-9,8,30,6,11,2475,VX,LAX,2
-9,8,30,6,13,2475,VX,LAX,2
-4,8,30,6,16,2475,VX,LAX,2
-3,8,21,4,7,2475,VX,LAX,11
-3,8,21,4,9,2475,VX,LAX,11
-4,8,21,4,11,2475,VX,LAX,11
-5,8,21,4,13,2475,VX,LAX,11
2,8,21,4,16,2475,VX,LAX,11
15,8,21,4,20,2475,VX,LAX,11
-6,8,22,5,7,2475,VX,LAX,10
-6,8,22,5,9,2475,VX,LAX,10
-5,8,22,5,11,2475,VX,LAX,10
-4,8,22,5,13,2475,VX,LAX,10
18,8,22,5,16,2475,VX,LAX,10
59,8,22,5,20,2475,VX,LAX,10
-4,8,23,6,7,2475,VX,LAX,9
-3,8,23,6,9,2475,VX,LAX,9
70,8,23,6,11,2475,VX,LAX,9
44,8,23,6,13,2475,VX,LAX,9
-3,8,23,6,16,2475,VX,LAX,9
11,8,24,7,7,2475,VX,LAX,8
-3,8,24,7,9,2475,VX,LAX,8
0,8,24,7,11,2475,VX,LAX,8
-3,8,24,7,13,2475,VX,LAX,8
0,8,24,7,16,2475,VX,LAX,8
6,8,24,7,20,2475,VX,LAX,8
-2,8,25,1,7,2475,VX,LAX,7
-3,8,9,6,7,2475,VX,LAX,23
-3,8,9,6,9,2475,VX,LAX,23
-6,8,9,6,11,2475,VX,LAX,23
-4,8,9,6,13,2475,VX,LAX,23
15,8,9,6,16,2475,VX,LAX,23
-5,8,4,1,7,2475,VX,LAX,28
-9,8,4,1,9,2475,VX,LAX,28
-8,8,4,1,11,2475,VX,LAX,28
-3,8,4,1,13,2475,VX,LAX,28
-1,8,4,1,16,2475,VX,LAX,28
-8,8,4,1,20,2475,VX,LAX,28
-2,8,5,2,7,2475,VX,LAX,27
-7,8,5,2,9,2475,VX,LAX,27
-1,8,5,2,11,2475,VX,LAX,27
0,8,5,2,13,2475,VX,LAX,27
3,8,5,2,16,2475,VX,LAX,27
3,8,5,2,20,2475,VX,LAX,27
-3,8,6,3,7,2475,VX,LAX,26
-7,8,6,3,9,2475,VX,LAX,26
-6,8,6,3,11,2475,VX,LAX,26
0,8,6,3,13,2475,VX,LAX,26
-3,8,6,3,16,2475,VX,LAX,26
26,8,6,3,20,2475,VX,LAX,26
-2,8,7,4,7,2475,VX,LAX,25
-1,8,7,4,9,2475,VX,LAX,25
-7,8,7,4,11,2475,VX,LAX,25
-5,8,7,4,13,2475,VX,LAX,25
0,8,7,4,16,2475,VX,LAX,25
-3,8,7,4,20,2475,VX,LAX,25
-4,8,8,5,7,2475,VX,LAX,24
-3,8,8,5,9,2475,VX,LAX,24
-3,8,8,5,11,2475,VX,LAX,24
-1,8,8,5,13,2475,VX,LAX,24
0,8,8,5,16,2475,VX,LAX,24
1,8,8,5,20,2475,VX,LAX,24
2,8,2,6,6,2475,UA,LAX,29
-1,8,2,6,8,2475,UA,LAX,29
