-6,5,11,7,7,2475,VX,LAX,11
18,5,11,7,9,2475,VX,LAX,11
-4,5,11,7,13,2475,VX,LAX,11
-4,5,11,7,16,2475,VX,LAX,11
-1,5,11,7,20,2475,VX,LAX,11
-1,5,12,1,7,2475,VX,LAX,10
-1,5,12,1,9,2475,VX,LAX,10
-4,5,12,1,13,2475,VX,LAX,10
1,5,12,1,16,2475,VX,LAX,10
-1,5,12,1,20,2475,VX,LAX,10
-4,5,13,2,7,2475,VX,LAX,9
-7,5,13,2,9,2475,VX,LAX,9
-6,5,13,2,13,2475,VX,LAX,9
0,5,13,2,16,2475,VX,LAX,9
108,5,13,2,20,2475,VX,LAX,9
0,5,14,3,7,2475,VX,LAX,8
-1,5,14,3,9,2475,VX,LAX,8
-9,5,14,3,13,2475,VX,LAX,8
14,5,14,3,16,2475,VX,LAX,8
41,5,14,3,20,2475,VX,LAX,8
-7,5,15,4,7,2475,VX,LAX,7
-1,5,15,4,9,2475,VX,LAX,7
4,5,15,4,13,2475,VX,LAX,7
13,5,15,4,16,2475,VX,LAX,7
118,5,15,4,20,2475,VX,LAX,7
1,5,16,5,7,2475,VX,LAX,6
3,5,16,5,9,2475,VX,LAX,6
-3,5,16,5,11,2475,VX,LAX,6
3,5,16,5,13,2475,VX,LAX,6
12,5,16,5,16,2475,VX,LAX,6
109,5,16,5,20,2475,VX,LAX,6
-7,5,29,4,7,2475,VX,LAX,3
-7,5,29,4,9,2475,VX,LAX,3
1,5,29,4,11,2475,VX,LAX,3
-4,5,29,4,13,2475,VX,LAX,3
11,5,29,4,16,2475,VX,LAX,3
4,5,29,4,20,2475,VX,LAX,3
-10,5,3,6,7,2475,VX,LAX,19
-5,5,3,6,9,2475,VX,LAX,19
-1,5,3,6,13,2475,VX,LAX,19
-3,5,3,6,16,2475,VX,LAX,19
0,5,30,5,7,2475,VX,LAX,4
-8,5,30,5,9,2475,VX,LAX,4
-7,5,30,5,11,2475,VX,LAX,4
-3,5,30,5,13,2475,VX,LAX,4
-7,5,30,5,16,2475,VX,LAX,4
-9,5,30,5,20,2475,VX,LAX,4
0,5,1,4,7,2475,VX,LAX,21
68,5,1,4,9,2475,VX,LAX,21
-1,5,1,4,13,2475,VX,LAX,21
13,5,1,4,16,2475,VX,LAX,21
-1,5,1,4,20,2475,VX,LAX,21
-3,5,10,6,7,2475,VX,LAX,12
-8,5,10,6,9,2475,VX,LAX,12
43,5,10,6,13,2475,VX,LAX,12
-1,5,10,6,16,2475,VX,LAX,12
28,5,17,6,7,2475,VX,LAX,5
-3,5,17,6,9,2475,VX,LAX,5
-3,5,17,6,11,2475,VX,LAX,5
2,5,17,6,13,2475,VX,LAX,5
-6,5,17,6,16,2475,VX,LAX,5
-9,5,18,7,7,2475,VX,LAX,4
-9,5,18,7,9,2475,VX,LAX,4
-5,5,18,7,11,2475,VX,LAX,4
-1,5,18,7,13,2475,VX,LAX,4
-2,5,18,7,16,2475,VX,LAX,4
-5,5,18,7,20,2475,VX,LAX,4
1,5,19,1,7,2475,VX,LAX,3
-3,5,19,1,9,2475,VX,LAX,3
4,5,19,1,11,2475,VX,LAX,3
-2,5,19,1,13,2475,VX,LAX,3
-7,5,19,1,16,2475,VX,LAX,3
2,5,19,1,20,2475,VX,LAX,3
-3,5,2,5,7,2475,VX,LAX,20
-8,5,2,5,9,2475,VX,LAX,20
-6,5,2,5,13,2475,VX,LAX,20
-1,5,2,5,16,2475,VX,LAX,20
-3,5,2,5,20,2475,VX,LAX,20
-3,5,20,2,7,2475,VX,LAX,2
-2,5,20,2,9,2475,VX,LAX,2
1,5,20,2,11,2475,VX,LAX,2
7,5,20,2,13,2475,VX,LAX,2
-3,5,20,2,16,2475,VX,LAX,2
-3,5,20,2,20,2475,VX,LAX,2
-2,5,21,3,7,2475,VX,LAX,1
2,5,21,3,9,2475,VX,LAX,1
4,5,21,3,11,2475,VX,LAX,1
3,5,21,3,13,2475,VX,LAX,1
29,5,21,3,16,2475,VX,LAX,1
-2,5,21,3,20,2475,VX,LAX,1
-1,5,22,4,7,2475,VX,LAX,0
5,5,22,4,9,2475,VX,LAX,0
-3,5,22,4,11,2475,VX,LAX,0
-9,5,22,4,13,2475,VX,LAX,0
68,5,22,4,16,2475,VX,LAX,0
14,5,22,4,20,2475,VX,LAX,0
-10,5,6,2,7,2475,VX,LAX,16
0,5,6,2,9,2475,VX,LAX,16
-11,5,6,2,13,2475,VX,LAX,16
0,5,6,2,16,2475,VX,LAX,16
-7,5,6,2,20,2475,VX,LAX,16
-8,5,7,3,7,2475,VX,LAX,15
-9,5,7,3,9,2475,VX,LAX,15
-5,5,7,3,13,2475,VX,LAX,15
1,5,7,3,16,2475,VX,LAX,15
-4,5,7,3,20,2475,VX,LAX,15
-5,5,23,5,7,2475,VX,LAX,1
0,5,23,5,9,2475,VX,LAX,1
-5,5,23,5,11,2475,VX,LAX,1
-2,5,23,5,13,2475,VX,LAX,1
0,5,23,5,16,2475,VX,LAX,1
83,5,23,5,20,2475,VX,LAX,1
-1,5,24,6,7,2475,VX,LAX,2
-9,5,24,6,9,2475,VX,LAX,2
-5,5,24,6,11,2475,VX,LAX,2
-9,5,24,6,13,2475,VX,LAX,2
-2,5,24,6,16,2475,VX,LAX,2
-5,5,25,7,9,2475,VX,LAX,1
-6,5,25,7,11,2475,VX,LAX,1
-6,5,25,7,13,2475,VX,LAX,1
-1,5,25,7,16,2475,VX,LAX,1
4,5,25,7,20,2475,VX,LAX,1
-5,5,26,1,7,2475,VX,LAX,0
-11,5,26,1,9,2475,VX,LAX,0
-7,5,26,1,11,2475,VX,LAX,0
-8,5,26,1,13,2475,VX,LAX,0
-5,5,26,1,16,2475,VX,LAX,0
-2,5,26,1,20,2475,VX,LAX,0
-4,5,27,2,7,2475,VX,LAX,1
-10,5,27,2,9,2475,VX,LAX,1
-5,5,27,2,11,2475,VX,LAX,1
-3,5,27,2,13,2475,VX,LAX,1
47,5,27,2,16,2475,VX,LAX,1
1,5,27,2,20,2475,VX,LAX,1
-4,5,28,3,7,2475,VX,LAX,2
-2,5,28,3,9,2475,VX,LAX,2
-5,5,28,3,11,2475,VX,LAX,2
-2,5,28,3,13,2475,VX,LAX,2
-1,5,28,3,16,2475,VX,LAX,2
68,5,28,3,20,2475,VX,LAX,2
-6,5,8,4,7,2475,VX,LAX,14
-6,5,8,4,9,2475,VX,LAX,14
12,5,8,4,13,2475,VX,LAX,14
8,5,8,4,16,2475,VX,LAX,14
-3,5,8,4,20,2475,VX,LAX,14
26,5,9,5,7,2475,VX,LAX,13
-5,5,9,5,9,2475,VX,LAX,13
-2,5,9,5,13,2475,VX,LAX,13
-1,5,9,5,16,2475,VX,LAX,13
-6,5,9,5,20,2475,VX,LAX,13
-5,5,27,2,11,2475,UA,LAX,1
21,5,27,2,20,2475,UA,LAX,1
-6,5,27,2,6,2475,UA,LAX,1
-5,5,27,2,8,2475,UA,LAX,1
31,5,27,2,17,2475,UA,LAX,1
5,5,27,2,14,2475,UA,LAX,1
97,5,16,5,20,2475,UA,LAX,6
-5,5,16,5,6,2475,UA,LAX,6
0,5,16,5,8,2475,UA,LAX,6
32,5,16,5,17,2475,UA,LAX,6
-1,5,16,5,14,2475,UA,LAX,6
-10,5,8,4,6,2475,UA,LAX,14
-4,5,8,4,8,2475,UA,LAX,14
-1,5,8,4,17,2475,UA,LAX,14
0,5,8,4,14,2475,UA,LAX,14
22,5,5,1,8,2475,UA,LAX,17
-9,5,5,1,11,2475,UA,LAX,17
-5,5,5,1,14,2475,UA,LAX,17
-7,5,31,6,7,2475,VX,LAX,5
-4,5,31,6,9,2475,VX,LAX,5
0,5,31,6,11,2475,VX,LAX,5
11,5,31,6,13,2475,VX,LAX,5
-3,5,31,6,16,2475,VX,LAX,5
-7,5,4,7,7,2475,VX,LAX,18
-8,5,4,7,9,2475,VX,LAX,18
0,5,4,7,13,2475,VX,LAX,18
-2,5,4,7,16,2475,VX,LAX,18
0,5,4,7,20,2475,VX,LAX,18
0,5,5,1,7,2475,VX,LAX,17
-6,5,5,1,9,2475,VX,LAX,17
-6,5,5,1,13,2475,VX,LAX,17
-1,5,5,1,16,2475,VX,LAX,17
2,5,5,1,20,2475,VX,LAX,17
-9,6,1,7,9,2475,AA,LAX,6
-7,6,2,1,9,2475,AA,LAX,7
1,6,3,2,9,2475,AA,LAX,8
-2,6,4,3,9,2475,AA,LAX,9
-2,6,5,4,9,2475,AA,LAX,10
-6,6,6,5,9,2475,AA,LAX,11
-9,6,7,6,9,2475,AA,LAX,12
-10,6,8,7,9,2475,AA,LAX,13
2,6,9,1,9,2475,AA,LAX,14
-4,6,10,2,9,2475,AA,LAX,15
37,6,11,3,9,2475,AA,LAX,16
-1,6,12,4,9,2475,AA,LAX,17
21,6,13,5,9,2475,AA,LAX,18
-6,6,14,6,9,2475,AA,LAX,19
-4,6,15,7,9,2475,AA,LAX,19
-7,6,16,1,9,2475,AA,LAX,18
36,6,17,2,9,2475,AA,LAX,17
-7,6,18,3,9,2475,AA,LAX,16
-8,6,19,4,9,2475,AA,LAX,15
-5,6,20,5,9,2475,AA,LAX,14
-4,6,21,6,9,2475,AA,LAX,13
-4,6,22,7,9,2475,AA,LAX,12
6,6,23,1,9,2475,AA,LAX,11
0,6,24,2,9,2475,AA,LAX,10
-6,6,25,3,9,2475,AA,LAX,9
17,6,26,4,9,2475,AA,LAX,8
-9,6,27,5,9,2475,AA,LAX,7
23,6,28,6,9,2475,AA,LAX,6
-10,6,29,7,9,2475,AA,LAX,5
1,6,30,1,9,2475,AA,LAX,4
-10,6,1,7,12,2475,AA,LAX,6
-9,6,2,1,12,2475,AA,LAX,7
-5,6,3,2,12,2475,AA,LAX,8
-16,6,4,3,12,2475,AA,LAX,9
-5,6,5,4,12,2475,AA,LAX,10
-10,6,6,5,12,2475,AA,LAX,11
-6,6,7,6,12,2475,AA,LAX,12
72,6,8,7,12,2475,AA,LAX,13
-1,6,9,1,12,2475,AA,LAX,14
-7,6,10,2,12,2475,AA,LAX,15
-7,6,11,3,12,2475,AA,LAX,16
-4,6,12,4,12,2475,AA,LAX,17
-9,6,13,5,12,2475,AA,LAX,18
-4,6,14,6,12,2475,AA,LAX,19
-8,6,15,7,12,2475,AA,LAX,19
-9,6,16,1,12,2475,AA,LAX,18
1,6,17,2,12,2475,AA,LAX,17
0,6,18,3,12,2475,AA,LAX,16
-5,6,19,4,12,2475,AA,LAX,15
-10,6,20,5,12,2475,AA,LAX,14
-5,6,21,6,12,2475,AA,LAX,13
-6,6,22,7,12,2475,AA,LAX,12
-8,6,23,1,12,2475,AA,LAX,11
-8,6,24,2,12,2475,AA,LAX,10
-8,6,25,3,12,2475,AA,LAX,9
-6,6,26,4,12,2475,AA,LAX,8
-8,6,27,5,12,2475,AA,LAX,7
-2,6,28,6,12,2475,AA,LAX,6
-10,6,29,7,12,2475,AA,LAX,5
-6,6,30,1,12,2475,AA,LAX,4
18,6,1,7,7,2475,AA,LAX,6
-4,6,2,1,7,2475,AA,LAX,7
-4,6,3,2,7,2475,AA,LAX,8
-4,6,4,3,7,2475,AA,LAX,9
-10,6,5,4,7,2475,AA,LAX,10
-1,6,6,5,7,2475,AA,LAX,11
-11,6,7,6,7,2475,AA,LAX,12
-6,6,8,7,7,2475,AA,LAX,13
-5,6,9,1,7,2475,AA,LAX,14
-4,6,10,2,7,2475,AA,LAX,15
-8,6,11,3,7,2475,AA,LAX,16
41,6,12,4,7,2475,AA,LAX,17
-11,6,13,5,7,2475,AA,LAX,18
-5,6,14,6,7,2475,AA,LAX,19
-12,6,15,7,7,2475,AA,LAX,19
-3,6,16,1,7,2475,AA,LAX,18
-5,6,17,2,7,2475,AA,LAX,17
-7,6,18,3,7,2475,AA,LAX,16
0,6,19,4,7,2475,AA,LAX,15
-4,6,20,5,7,2475,AA,LAX,14
-5,6,21,6,7,2475,AA,LAX,13
-6,6,22,7,7,2475,AA,LAX,12
-7,6,23,1,7,2475,AA,LAX,11
259,6,24,2,7,2475,AA,LAX,10
-2,6,25,3,7,2475,AA,LAX,9
-1,6,26,4,7,2475,AA,LAX,8
-4,6,27,5,7,2475,AA,LAX,7
-5,6,28,6,7,2475,AA,LAX,6
-8,6,29,7,7,2475,AA,LAX,5
-9,6,30,1,7,2475,AA,LAX,4
-6,6,1,7,10,2475,AA,LAX,6
-7,6,2,1,11,2475,AA,LAX,7
-7,6,3,2,11,2475,AA,LAX,8
-6,6,4,3,11,2475,AA,LAX,9
-9,6,5,4,11,2475,AA,LAX,10
-3,6,6,5,11,2475,AA,LAX,11
3,6,7,6,11,2475,AA,LAX,12
26,6,8,7,11,2475,AA,LAX,13
-4,6,9,1,11,2475,AA,LAX,14
-2,6,10,2,11,2475,AA,LAX,15
-5,6,11,3,11,2475,AA,LAX,16
-5,6,12,4,11,2475,AA,LAX,17
-4,6,13,5,11,2475,AA,LAX,18
-8,6,14,6,11,2475,AA,LAX,19
-3,6,15,7,11,2475,AA,LAX,19
-6,6,16,1,11,2475,AA,LAX,18
-6,6,17,2,11,2475,AA,LAX,17
-2,6,18,3,11,2475,AA,LAX,16
-5,6,19,4,11,2475,AA,LAX,15
-5,6,20,5,11,2475,AA,LAX,14
-9,6,21,6,11,2475,AA,LAX,13
-4,6,22,7,11,2475,AA,LAX,12
-9,6,23,1,11,2475,AA,LAX,11
-7,6,24,2,11,2475,AA,LAX,10
-9,6,25,3,11,2475,AA,LAX,9
51,6,26,4,11,2475,AA,LAX,8
-3,6,27,5,11,2475,AA,LAX,7
2,6,28,6,11,2475,AA,LAX,6
-8,6,29,7,11,2475,AA,LAX,5
-12,6,30,1,11,2475,AA,LAX,4
-4,6,1,7,18,2475,AA,LAX,6
5,6,2,1,18,2475,AA,LAX,7
75,6,3,2,18,2475,AA,LAX,8
-7,6,4,3,18,2475,AA,LAX,9
-6,6,5,4,18,2475,AA,LAX,10
1,6,6,5,18,2475,AA,LAX,11
-9,6,7,6,18,2475,AA,LAX,12
3,6,8,7,18,2475,AA,LAX,13
55,6,9,1,18,2475,AA,LAX,14
-5,6,10,2,18,2475,AA,LAX,15
1,6,11,3,18,2475,AA,LAX,16
5,6,12,4,18,2475,AA,LAX,17
-1,6,13,5,18,2475,AA,LAX,18
1,6,14,6,18,2475,AA,LAX,19
5,6,15,7,18,2475,AA,LAX,19
-1,6,16,1,18,2475,AA,LAX,18
1,6,17,2,18,2475,AA,LAX,17
13,6,18,3,18,2475,AA,LAX,16
-5,6,19,4,18,2475,AA,LAX,15
-2,6,20,5,18,2475,AA,LAX,14
3,6,21,6,18,2475,AA,LAX,13
-8,6,22,7,18,2475,AA,LAX,12
82,6,23,1,18,2475,AA,LAX,11
78,6,24,2,18,2475,AA,LAX,10
38,6,25,3,18,2475,AA,LAX,9
-4,6,26,4,18,2475,AA,LAX,8
9,6,27,5,18,2475,AA,LAX,7
12,6,28,6,18,2475,AA,LAX,6
-4,6,29,7,18,2475,AA,LAX,5
-6,6,30,1,18,2475,AA,LAX,4
-6,6,1,7,15,2475,AA,LAX,6
2,6,2,1,15,2475,AA,LAX,7
-3,6,3,2,15,2475,AA,LAX,8
-8,6,4,3,15,2475,AA,LAX,9
-2,6,5,4,15,2475,AA,LAX,10
-2,6,6,5,15,2475,AA,LAX,11
-8,6,7,6,15,2475,AA,LAX,12
-3,6,8,7,15,2475,AA,LAX,13
-3,6,9,1,15,2475,AA,LAX,14
-5,6,10,2,15,2475,AA,LAX,15
-3,6,11,3,15,2475,AA,LAX,16
-8,6,12,4,15,2475,AA,LAX,17
14,6,13,5,15,2475,AA,LAX,18
1,6,14,6,15,2475,AA,LAX,19
-6,6,15,7,15,2475,AA,LAX,19
-7,6,16,1,15,2475,AA,LAX,18
-6,6,17,2,15,2475,AA,LAX,17
-6,6,18,3,15,2475,AA,LAX,16
-10,6,19,4,15,2475,AA,LAX,15
-7,6,20,5,15,2475,AA,LAX,14
-3,6,21,6,15,2475,AA,LAX,13
-9,6,22,7,15,2475,AA,LAX,12
-9,6,23,1,15,2475,AA,LAX,11
-6,6,24,2,15,2475,AA,LAX,10
-7,6,25,3,15,2475,AA,LAX,9
-1,6,26,4,15,2475,AA,LAX,8
-1,6,27,5,15,2475,AA,LAX,7
-2,6,28,6,15,2475,AA,LAX,6
-9,6,29,7,15,2475,AA,LAX,5
-2,6,30,1,15,2475,AA,LAX,4
2,6,1,7,8,2475,AA,LAX,6
-7,6,2,1,8,2475,AA,LAX,7
-5,6,3,2,8,2475,AA,LAX,8
-4,6,4,3,8,2475,AA,LAX,9
0,6,5,4,8,2475,AA,LAX,10
-5,6,6,5,8,2475,AA,LAX,11
-2,6,7,6,8,2475,AA,LAX,12
-7,6,8,7,8,2475,AA,LAX,13
-5,6,9,1,8,2475,AA,LAX,14
-1,6,10,2,8,2475,AA,LAX,15
-9,6,11,3,8,2475,AA,LAX,16
-4,6,12,4,8,2475,AA,LAX,17
-3,6,13,5,8,2475,AA,LAX,18
-1,6,14,6,8,2475,AA,LAX,19
-6,6,15,7,8,2475,AA,LAX,19
-5,6,16,1,8,2475,AA,LAX,18
-6,6,17,2,8,2475,AA,LAX,17
-7,6,18,3,8,2475,AA,LAX,16
-1,6,19,4,8,2475,AA,LAX,15
0,6,20,5,8,2475,AA,LAX,14
-8,6,21,6,8,2475,AA,LAX,13
-4,6,22,7,8,2475,AA,LAX,12
-7,6,23,1,8,2475,AA,LAX,11
-1,6,24,2,8,2475,AA,LAX,10
-3,6,25,3,8,2475,AA,LAX,9
2,6,26,4,8,2475,AA,LAX,8
-8,6,27,5,8,2475,AA,LAX,7
-6,6,28,6,8,2475,AA,LAX,6
1,6,29,7,8,2475,AA,LAX,5
-6,6,30,1,8,2475,AA,LAX,4
-5,6,1,7,16,2475,AA,LAX,6
-6,6,2,1,16,2475,AA,LAX,7
-6,6,3,2,16,2475,AA,LAX,8
-7,6,4,3,16,2475,AA,LAX,9
-5,6,5,4,16,2475,AA,LAX,10
-3,6,6,5,16,2475,AA,LAX,11
3,6,7,6,16,2475,AA,LAX,12
36,6,8,7,16,2475,AA,LAX,13
-2,6,9,1,16,2475,AA,LAX,14
-2,6,10,2,16,2475,AA,LAX,15
-1,6,11,3,16,2475,AA,LAX,16
-6,6,12,4,16,2475,AA,LAX,17
8,6,13,5,16,2475,AA,LAX,18
-4,6,14,6,16,2475,AA,LAX,19
-5,6,15,7,16,2475,AA,LAX,19
4,6,16,1,16,2475,AA,LAX,18
-5,6,17,2,16,2475,AA,LAX,17
-1,6,18,3,16,2475,AA,LAX,16
-4,6,19,4,16,2475,AA,LAX,15
-1,6,20,5,16,2475,AA,LAX,14
-6,6,21,6,16,2475,AA,LAX,13
-6,6,22,7,16,2475,AA,LAX,12
-4,6,23,1,16,2475,AA,LAX,11
-6,6,24,2,16,2475,AA,LAX,10
21,6,25,3,16,2475,AA,LAX,9
11,6,26,4,16,2475,AA,LAX,8
25,6,27,5,16,2475,AA,LAX,7
-1,6,28,6,16,2475,AA,LAX,6
-6,6,29,7,16,2475,AA,LAX,5
-4,6,30,1,16,2475,AA,LAX,4
-5,6,1,7,5,2475,AA,LAX,6
-5,6,2,1,5,2475,AA,LAX,7
-5,6,3,2,5,2475,AA,LAX,8
2,6,4,3,5,2475,AA,LAX,9
-7,6,5,4,5,2475,AA,LAX,10
-8,6,6,5,5,2475,AA,LAX,11
-10,6,7,6,5,2475,AA,LAX,12
-2,6,8,7,5,2475,AA,LAX,13
-4,6,9,1,5,2475,AA,LAX,14
-2,6,10,2,5,2475,AA,LAX,15
-3,6,11,3,6,2475,AA,LAX,16
-5,6,12,4,6,2475,AA,LAX,17
-12,6,13,5,6,2475,AA,LAX,18
-6,6,15,7,6,2475,AA,LAX,19
-6,6,16,1,6,2475,AA,LAX,18
-6,6,17,2,6,2475,AA,LAX,17
-4,6,18,3,6,2475,AA,LAX,16
-7,6,19,4,6,2475,AA,LAX,15
-4,6,20,5,6,2475,AA,LAX,14
-2,6,22,7,6,2475,AA,LAX,12
-7,6,23,1,6,2475,AA,LAX,11
-11,6,24,2,6,2475,AA,LAX,10
-6,6,25,3,6,2475,AA,LAX,9
-6,6,26,4,6,2475,AA,LAX,8
-8,6,27,5,6,2475,AA,LAX,7
-4,6,29,7,6,2475,AA,LAX,5
-5,6,30,1,6,2475,AA,LAX,4
-7,6,2,1,10,2475,AA,LAX,7
-9,6,3,2,10,2475,AA,LAX,8
-3,6,4,3,10,2475,AA,LAX,9
-5,6,5,4,10,2475,AA,LAX,10
-3,6,6,5,10,2475,AA,LAX,11
-3,6,7,6,10,2475,AA,LAX,12
-4,6,8,7,10,2475,AA,LAX,13
35,6,9,1,10,2475,AA,LAX,14
2,6,10,2,10,2475,AA,LAX,15
46,6,11,3,10,2475,AA,LAX,16
-4,6,12,4,10,2475,AA,LAX,17
-4,6,13,5,10,2475,AA,LAX,18
-9,6,14,6,10,2475,AA,LAX,19
-11,6,15,7,10,2475,AA,LAX,19
-6,6,16,1,10,2475,AA,LAX,18
-9,6,17,2,10,2475,AA,LAX,17
12,6,18,3,10,2475,AA,LAX,16
-2,6,19,4,10,2475,AA,LAX,15
-5,6,20,5,10,2475,AA,LAX,14
-6,6,21,6,10,2475,AA,LAX,13
1,6,22,7,10,2475,AA,LAX,12
-6,6,23,1,10,2475,AA,LAX,11
-3,6,24,2,10,2475,AA,LAX,10
-2,6,25,3,10,2475,AA,LAX,9
-8,6,26,4,10,2475,AA,LAX,8
-8,6,27,5,10,2475,AA,LAX,7
-4,6,28,6,10,2475,AA,LAX,6
-6,6,29,7,10,2475,AA,LAX,5
-4,6,30,1,10,2475,AA,LAX,4
-5,6,1,7,17,2475,AA,LAX,6
-4,6,2,1,17,2475,AA,LAX,7
-6,6,3,2,17,2475,AA,LAX,8
-4,6,4,3,17,2475,AA,LAX,9
-5,6,5,4,17,2475,AA,LAX,10
-6,6,6,5,17,2475,AA,LAX,11
-6,6,7,6,17,2475,AA,LAX,12
-3,6,8,7,17,2475,AA,LAX,13
8,6,9,1,17,2475,AA,LAX,14
-8,6,10,2,17,2475,AA,LAX,15
30,6,11,3,17,2475,AA,LAX,16
2,6,12,4,17,2475,AA,LAX,17
14,6,13,5,17,2475,AA,LAX,18
-2,6,14,6,17,2475,AA,LAX,19
-5,6,15,7,17,2475,AA,LAX,19
-3,6,16,1,17,2475,AA,LAX,18
-5,6,17,2,17,2475,AA,LAX,17
-1,6,18,3,17,2475,AA,LAX,16
43,6,19,4,17,2475,AA,LAX,15
21,6,20,5,17,2475,AA,LAX,14
0,6,21,6,17,2475,AA,LAX,13
47,6,22,7,17,2475,AA,LAX,12
4,6,23,1,17,2475,AA,LAX,11
5,6,24,2,17,2475,AA,LAX,10
97,6,25,3,17,2475,AA,LAX,9
-3,6,26,4,17,2475,AA,LAX,8
-4,6,27,5,17,2475,AA,LAX,7
-3,6,28,6,17,2475,AA,LAX,6
-1,6,29,7,17,2475,AA,LAX,5
-2,6,30,1,17,2475,AA,LAX,4
2,6,1,7,20,2475,AA,LAX,6
0,6,2,1,20,2475,AA,LAX,7
9,6,3,2,20,2475,AA,LAX,8
-4,6,4,3,20,2475,AA,LAX,9
-1,6,5,4,20,2475,AA,LAX,10
0,6,6,5,20,2475,AA,LAX,11
-2,6,8,7,20,2475,AA,LAX,13
25,6,9,1,20,2475,AA,LAX,14
-5,6,10,2,20,2475,AA,LAX,15
7,6,11,3,20,2475,AA,LAX,16
8,6,12,4,20,2475,AA,LAX,17
108,6,13,5,20,2475,AA,LAX,18
-7,6,14,6,20,2475,AA,LAX,19
2,6,15,7,20,2475,AA,LAX,19
4,6,16,1,20,2475,AA,LAX,18
0,6,17,2,20,2475,AA,LAX,17
3,6,18,3,20,2475,AA,LAX,16
15,6,19,4,20,2475,AA,LAX,15
-4,6,20,5,20,2475,AA,LAX,14
-5,6,21,6,20,2475,AA,LAX,13
-5,6,22,7,20,2475,AA,LAX,12
5,6,23,1,20,2475,AA,LAX,11
8,6,24,2,20,2475,AA,LAX,10
125,6,25,3,20,2475,AA,LAX,9
3,6,26,4,20,2475,AA,LAX,8
-3,6,27,5,20,2475,AA,LAX,7
11,6,28,6,20,2475,AA,LAX,6
120,6,29,7,20,2475,AA,LAX,5
2,6,30,1,20,2475,AA,LAX,4
15,6,11,3,19,2475,AA,LAX,16
-8,6,12,4,19,2475,AA,LAX,17
80,6,13,5,19,2475,AA,LAX,18
-7,6,14,6,19,2475,AA,LAX,19
11,6,15,7,19,2475,AA,LAX,19
-5,6,16,1,19,2475,AA,LAX,18
-5,6,17,2,19,2475,AA,LAX,17
-6,6,18,3,19,2475,AA,LAX,16
-3,6,19,4,19,2475,AA,LAX,15
-4,6,20,5,19,2475,AA,LAX,14
-1,6,22,7,19,2475,AA,LAX,12
40,6,23,1,19,2475,AA,LAX,11
-4,6,24,2,19,2475,AA,LAX,10
116,6,25,3,19,2475,AA,LAX,9
16,6,26,4,19,2475,AA,LAX,8
24,6,27,5,19,2475,AA,LAX,7
5,6,28,6,19,2475,AA,LAX,6
-1,6,29,7,19,2475,AA,LAX,5
1,6,30,1,19,2475,AA,LAX,4
1,6,4,3,9,2475,B6,LAX,9
-1,6,4,3,17,2475,B6,LAX,9
-2,6,4,3,20,2475,B6,LAX,9
-5,6,3,2,6,2475,B6,LAX,8
8,6,3,2,9,2475,B6,LAX,8
18,6,3,2,17,2475,B6,LAX,8
75,6,3,2,20,2475,B6,LAX,8
-2,6,7,6,6,2475,B6,LAX,12
21,6,5,4,20,2475,B6,LAX,10
-5,6,6,5,6,2475,B6,LAX,11
-4,6,6,5,9,2475,B6,LAX,11
-5,6,6,5,17,2475,B6,LAX,11
2,6,6,5,20,2475,B6,LAX,11
7,6,7,6,9,2475,B6,LAX,12
-7,6,7,6,17,2475,B6,LAX,12
59,6,7,6,20,2475,B6,LAX,12
-2,6,8,7,6,2475,B6,LAX,13
-6,6,8,7,9,2475,B6,LAX,13
-2,6,11,3,6,2475,B6,LAX,16
307,6,11,3,9,2475,B6,LAX,16
-4,6,11,3,17,2475,B6,LAX,16
27,6,11,3,20,2475,B6,LAX,16
-8,6,12,4,6,2475,B6,LAX,17
-3,6,12,4,9,2475,B6,LAX,17
-3,6,12,4,17,2475,B6,LAX,17
1,6,8,7,17,2475,B6,LAX,13
23,6,8,7,20,2475,B6,LAX,13
-3,6,9,1,6,2475,B6,LAX,14
-2,6,9,1,9,2475,B6,LAX,14
-2,6,9,1,17,2475,B6,LAX,14
77,6,9,1,20,2475,B6,LAX,14
-7,6,13,5,6,2475,B6,LAX,18
18,6,13,5,9,2475,B6,LAX,18
28,6,13,5,17,2475,B6,LAX,18
0,6,5,4,6,2475,B6,LAX,10
8,6,5,4,9,2475,B6,LAX,10
-1,6,5,4,17,2475,B6,LAX,10
-1,6,10,2,6,2475,B6,LAX,15
17,6,10,2,9,2475,B6,LAX,15
-4,6,10,2,17,2475,B6,LAX,15
-5,6,10,2,20,2475,B6,LAX,15
-6,6,15,7,20,2475,B6,LAX,19
-4,6,12,4,20,2475,B6,LAX,17
-3,6,14,6,6,2475,B6,LAX,19
-1,6,14,6,9,2475,B6,LAX,19
76,6,14,6,17,2475,B6,LAX,19
73,6,14,6,20,2475,B6,LAX,19
-1,6,15,7,6,2475,B6,LAX,19
-1,6,15,7,9,2475,B6,LAX,19
-5,6,15,7,17,2475,B6,LAX,19
-6,6,18,3,17,2475,B6,LAX,16
-2,6,18,3,20,2475,B6,LAX,16
152,6,13,5,20,2475,B6,LAX,18
-3,6,17,2,6,2475,B6,LAX,17
-7,6,17,2,9,2475,B6,LAX,17
-2,6,17,2,17,2475,B6,LAX,17
23,6,17,2,20,2475,B6,LAX,17
-3,6,18,3,6,2475,B6,LAX,16
-1,6,18,3,9,2475,B6,LAX,16
-8,6,21,6,6,2475,B6,LAX,13
-5,6,21,6,9,2475,B6,LAX,13
8,6,21,6,12,2475,B6,LAX,13
-3,6,21,6,16,2475,B6,LAX,13
-6,6,21,6,20,2475,B6,LAX,13
0,6,16,1,6,2475,B6,LAX,18
-2,6,16,1,9,2475,B6,LAX,18
-4,6,16,1,17,2475,B6,LAX,18
6,6,16,1,20,2475,B6,LAX,18
-5,6,20,5,6,2475,B6,LAX,14
-8,6,20,5,9,2475,B6,LAX,14
97,6,20,5,12,2475,B6,LAX,14
-6,6,20,5,16,2475,B6,LAX,14
4,6,20,5,20,2475,B6,LAX,14
-1,6,19,4,6,2475,B6,LAX,15
-1,6,19,4,9,2475,B6,LAX,15
-6,6,19,4,12,2475,B6,LAX,15
-4,6,19,4,16,2475,B6,LAX,15
-4,6,19,4,20,2475,B6,LAX,15
-4,6,23,1,6,2475,B6,LAX,11
-1,6,23,1,9,2475,B6,LAX,11
-6,6,23,1,12,2475,B6,LAX,11
-4,6,23,1,16,2475,B6,LAX,11
2,6,23,1,20,2475,B6,LAX,11
3,6,22,7,6,2475,B6,LAX,12
0,6,22,7,9,2475,B6,LAX,12
-1,6,22,7,12,2475,B6,LAX,12
8,6,22,7,16,2475,B6,LAX,12
4,6,22,7,20,2475,B6,LAX,12
-6,6,25,3,12,2475,B6,LAX,9
0,6,25,3,16,2475,B6,LAX,9
287,6,25,3,20,2475,B6,LAX,9
-5,6,26,4,6,2475,B6,LAX,8
-5,6,26,4,9,2475,B6,LAX,8
5,6,26,4,12,2475,B6,LAX,8
4,6,26,4,16,2475,B6,LAX,8
22,6,26,4,20,2475,B6,LAX,8
-1,6,24,2,6,2475,B6,LAX,10
5,6,24,2,9,2475,B6,LAX,10
-1,6,24,2,12,2475,B6,LAX,10
-3,6,24,2,16,2475,B6,LAX,10
35,6,24,2,20,2475,B6,LAX,10
-8,6,25,3,6,2475,B6,LAX,9
-4,6,25,3,9,2475,B6,LAX,9
12,6,28,6,6,2475,B6,LAX,6
-1,6,28,6,9,2475,B6,LAX,6
8,6,28,6,12,2475,B6,LAX,6
-2,6,28,6,16,2475,B6,LAX,6
5,6,28,6,20,2475,B6,LAX,6
-4,6,27,5,6,2475,B6,LAX,7
-6,6,27,5,9,2475,B6,LAX,7
10,6,27,5,12,2475,B6,LAX,7
-3,6,27,5,16,2475,B6,LAX,7
18,6,27,5,20,2475,B6,LAX,7
12,6,1,7,17,2475,DL,LAX,6
-4,6,1,7,7,2475,DL,LAX,6
-2,6,1,7,9,2475,DL,LAX,6
3,6,1,7,12,2475,DL,LAX,6
0,6,1,7,18,2475,DL,LAX,6
5,6,1,7,21,2475,DL,LAX,6
18,6,1,7,8,2475,DL,LAX,6
-2,6,1,7,15,2475,DL,LAX,6
0,6,29,7,20,2475,B6,LAX,5
-6,6,30,1,6,2475,B6,LAX,4
19,6,30,1,9,2475,B6,LAX,4
29,6,30,1,12,2475,B6,LAX,4
-5,6,30,1,16,2475,B6,LAX,4
11,6,30,1,20,2475,B6,LAX,4
-5,6,29,7,6,2475,B6,LAX,5
-3,6,29,7,9,2475,B6,LAX,5
-7,6,29,7,12,2475,B6,LAX,5
8,6,29,7,16,2475,B6,LAX,5
