-2,1,5,3,11,2475,AA,LAX,4,-17,39,0,0,28,-133,-6,0,0,27
-4,1,5,3,6,2475,AA,LAX,4,-17,39,0,0,28,-133,-6,0,0,27
-4,1,5,3,10,2475,AA,LAX,4,-17,39,0,0,28,-133,-6,0,0,27
11,1,5,3,19,2475,DL,LAX,4,-17,39,0,0,28,-133,-6,0,0,27
0,1,5,3,21,2475,DL,LAX,4,-17,39,0,0,28,-133,-6,0,0,27
-6,1,5,3,21,2475,AA,LAX,4,-17,39,0,0,28,-133,-6,0,0,27
-1,1,5,3,13,2475,AA,LAX,4,-17,39,0,0,28,-133,-6,0,0,27
6,1,5,3,17,2475,DL,LAX,4,-17,39,0,0,28,-133,-6,0,0,27
6,1,5,3,15,2475,DL,LAX,4,-17,39,0,0,28,-133,-6,0,0,27
-6,1,5,3,9,2475,AA,LAX,4,-17,39,0,0,28,-133,-6,0,0,27
3,1,5,3,16,2475,AA,LAX,4,-17,39,0,0,28,-133,-6,0,0,27
16,1,5,3,18,2475,B6,LAX,4,-17,39,0,0,28,-133,-6,0,0,27
-4,1,5,3,7,2475,B6,LAX,4,-17,39,0,0,28,-133,-6,0,0,27
-3,1,5,3,7,2475,AA,LAX,4,-17,39,0,0,28,-133,-6,0,0,27
-4,1,5,3,9,2475,DL,LAX,4,-17,39,0,0,28,-133,-6,0,0,27
-3,1,5,3,7,2475,DL,LAX,4,-17,39,0,0,28,-133,-6,0,0,27
0,1,5,3,12,2475,DL,LAX,4,-17,39,0,0,28,-133,-6,0,0,27
21,1,5,3,15,2475,AA,LAX,4,-17,39,0,0,28,-133,-6,0,0,27
8,1,5,3,19,2475,AA,LAX,4,-17,39,0,0,28,-133,-6,0,0,27
-5,1,5,3,11,2475,UA,LAX,4,-17,39,0,0,28,-133,-6,0,0,27
-5,1,5,3,18,2475,UA,LAX,4,-17,39,0,0,28,-133,-6,0,0,27
4,1,5,3,8,2475,UA,LAX,4,-17,39,0,0,28,-133,-6,0,0,27
0,1,5,3,6,2475,UA,LAX,4,-17,39,0,0,28,-133,-6,0,0,27
-7,1,5,3,15,2475,UA,LAX,4,-17,39,0,0,28,-133,-6,0,0,27
-3,1,5,3,20,2475,UA,LAX,4,-17,39,0,0,28,-133,-6,0,0,27
7,1,12,3,18,2475,UA,LAX,3,-44,-6,155,155,51,-67,-33,0,0,56
0,1,12,3,15,2475,UA,LAX,3,-44,-6,155,155,51,-67,-33,0,0,56
-3,1,12,3,20,2475,UA,LAX,3,-44,-6,155,155,51,-67,-33,0,0,56
22,1,12,3,21,2475,DL,LAX,3,-44,-6,155,155,51,-67,-33,0,0,56
-1,1,12,3,18,2475,B6,LAX,3,-44,-6,155,155,51,-67,-33,0,0,56
-6,1,12,3,19,2475,AA,LAX,3,-44,-6,155,155,51,-67,-33,0,0,56
-8,2,17,4,9,2475,DL,LAX,2,78,172,0,0,19,83,133,0,0,78
-3,2,17,4,7,2475,DL,LAX,2,78,172,0,0,19,83,133,0,0,78
-4,2,17,4,6,2475,AA,LAX,2,78,172,0,0,19,83,133,0,0,78
-4,2,17,4,13,2475,AA,LAX,2,78,172,0,0,19,83,133,0,0,78
0,2,17,4,19,2475,DL,LAX,2,78,172,0,0,19,83,133,0,0,78
1,2,17,4,21,2475,DL,LAX,2,78,172,0,0,19,83,133,0,0,78
2,2,17,4,17,2475,DL,LAX,2,78,172,0,0,19,83,133,0,0,78
-2,2,17,4,15,2475,DL,LAX,2,78,172,0,0,19,83,133,0,0,78
-5,2,17,4,17,2475,AA,LAX,2,78,172,0,0,19,83,133,0,0,78
-3,2,17,4,9,2475,AA,LAX,2,78,172,0,0,19,83,133,0,0,78
6,2,17,4,10,2475,AA,LAX,2,78,172,0,0,19,83,133,0,0,78
0,2,17,4,19,2475,AA,LAX,2,78,172,0,0,19,83,133,0,0,78
-3,2,17,4,12,2475,DL,LAX,2,78,172,0,0,19,83,133,0,0,78
-2,2,17,4,15,2475,AA,LAX,2,78,172,0,0,19,83,133,0,0,78
-1,2,17,4,18,2475,B6,LAX,2,78,172,0,0,19,83,133,0,0,78
87,2,17,4,15,2475,B6,LAX,2,78,172,0,0,19,83,133,0,0,78
-4,2,17,4,7,2475,B6,LAX,2,78,172,0,0,19,83,133,0,0,78
0,2,17,4,21,2475,AA,LAX,2,78,172,0,0,19,83,133,0,0,78
12,2,17,4,7,2475,AA,LAX,2,78,172,0,0,19,83,133,0,0,78
-6,2,17,4,12,2475,AA,LAX,2,78,172,0,0,19,83,133,0,0,78
-1,2,17,4,11,2475,UA,LAX,2,78,172,0,0,19,83,133,0,0,78
10,2,17,4,8,2475,UA,LAX,2,78,172,0,0,19,83,133,0,0,78
0,2,17,4,18,2475,UA,LAX,2,78,172,0,0,19,83,133,0,0,78
0,2,17,4,20,2475,UA,LAX,2,78,172,0,0,19,83,133,0,0,78
-4,2,17,4,15,2475,UA,LAX,2,78,172,0,0,19,83,133,0,0,78
-2,2,17,4,6,2475,UA,LAX,2,78,172,0,0,19,83,133,0,0,78
-4,2,24,4,15,2475,UA,LAX,5,-11,67,13,0,18,0,22,0,0,51
-3,2,24,4,8,2475,UA,LAX,5,-11,67,13,0,18,0,22,0,0,51
2,2,24,4,12,2475,DL,LAX,5,-11,67,13,0,18,0,22,0,0,51
-4,2,24,4,9,2475,DL,LAX,5,-11,67,13,0,18,0,22,0,0,51
-1,2,24,4,7,2475,DL,LAX,5,-11,67,13,0,18,0,22,0,0,51
-5,2,24,4,19,2475,DL,LAX,5,-11,67,13,0,18,0,22,0,0,51
3,2,24,4,21,2475,DL,LAX,5,-11,67,13,0,18,0,22,0,0,51
-5,2,24,4,17,2475,DL,LAX,5,-11,67,13,0,18,0,22,0,0,51
-5,2,24,4,20,2475,UA,LAX,5,-11,67,13,0,18,0,22,0,0,51
1,2,24,4,6,2475,UA,LAX,5,-11,67,13,0,18,0,22,0,0,51
-4,2,24,4,11,2475,UA,LAX,5,-11,67,13,0,18,0,22,0,0,51
4,2,24,4,18,2475,UA,LAX,5,-11,67,13,0,18,0,22,0,0,51
2,2,24,4,15,2475,DL,LAX,5,-11,67,13,0,18,0,22,0,0,51
-2,2,24,4,7,2475,B6,LAX,5,-11,67,13,0,18,0,22,0,0,51
-1,2,24,4,15,2475,AA,LAX,5,-11,67,13,0,18,0,22,0,0,51
-5,2,24,4,17,2475,AA,LAX,5,-11,67,13,0,18,0,22,0,0,51
18,2,24,4,21,2475,AA,LAX,5,-11,67,13,0,18,0,22,0,0,51
-3,2,24,4,7,2475,AA,LAX,5,-11,67,13,0,18,0,22,0,0,51
-3,2,24,4,6,2475,AA,LAX,5,-11,67,13,0,18,0,22,0,0,51
-7,2,24,4,9,2475,AA,LAX,5,-11,67,13,0,18,0,22,0,0,51
1,2,24,4,15,2475,B6,LAX,5,-11,67,13,0,18,0,22,0,0,51
0,2,24,4,18,2475,B6,LAX,5,-11,67,13,0,18,0,22,0,0,51
-7,2,24,4,19,2475,AA,LAX,5,-11,67,13,0,18,0,22,0,0,51
-1,2,24,4,10,2475,AA,LAX,5,-11,67,13,0,18,0,22,0,0,51
-5,2,24,4,12,2475,AA,LAX,5,-11,67,13,0,18,0,22,0,0,51
3,2,24,4,13,2475,AA,LAX,5,-11,67,13,0,18,0,22,0,0,51
1,3,1,2,20,2475,UA,LAX,10,6,78,0,0,30,-56,61,0,0,46
-4,3,1,2,6,2475,UA,LAX,10,6,78,0,0,30,-56,61,0,0,46
-1,3,1,2,11,2475,UA,LAX,10,6,78,0,0,30,-56,61,0,0,46
-2,3,1,2,15,2475,UA,LAX,10,6,78,0,0,30,-56,61,0,0,46
-3,3,1,2,18,2475,UA,LAX,10,6,78,0,0,30,-56,61,0,0,46
-3,3,1,2,8,2475,UA,LAX,10,6,78,0,0,30,-56,61,0,0,46
1,3,1,2,20,2475,UA,LAX,10,6,78,0,0,30,-56,61,0,0,46
-4,3,1,2,6,2475,UA,LAX,10,6,78,0,0,30,-56,61,0,0,46
-1,3,1,2,11,2475,UA,LAX,10,6,78,0,0,30,-56,61,0,0,46
-2,3,1,2,15,2475,UA,LAX,10,6,78,0,0,30,-56,61,0,0,46
-3,3,1,2,18,2475,UA,LAX,10,6,78,0,0,30,-56,61,0,0,46
-3,3,1,2,8,2475,UA,LAX,10,6,78,0,0,30,-56,61,0,0,46
1,3,1,2,20,2475,UA,LAX,10,6,78,0,0,30,-56,61,0,0,46
-4,3,1,2,6,2475,UA,LAX,10,6,78,0,0,30,-56,61,0,0,46
-1,3,1,2,11,2475,UA,LAX,10,6,78,0,0,30,-56,61,0,0,46
-2,3,1,2,15,2475,UA,LAX,10,6,78,0,0,30,-56,61,0,0,46
-3,3,1,2,18,2475,UA,LAX,10,6,78,0,0,30,-56,61,0,0,46
-3,3,1,2,8,2475,UA,LAX,10,6,78,0,0,30,-56,61,0,0,46
-5,3,1,2,9,2475,DL,LAX,10,6,78,0,0,30,-56,61,0,0,46
-4,3,1,2,12,2475,DL,LAX,10,6,78,0,0,30,-56,61,0,0,46
-5,3,1,2,15,2475,DL,LAX,10,6,78,0,0,30,-56,61,0,0,46
-4,3,1,2,17,2475,DL,LAX,10,6,78,0,0,30,-56,61,0,0,46
-5,3,1,2,21,2475,DL,LAX,10,6,78,0,0,30,-56,61,0,0,46
-5,3,1,2,19,2475,DL,LAX,10,6,78,0,0,30,-56,61,0,0,46
-4,3,1,2,7,2475,DL,LAX,10,6,78,0,0,30,-56,61,0,0,46
-5,3,1,2,9,2475,DL,LAX,10,6,78,0,0,30,-56,61,0,0,46
-5,3,1,2,19,2475,DL,LAX,10,6,78,0,0,30,-56,61,0,0,46
-5,3,1,2,21,2475,DL,LAX,10,6,78,0,0,30,-56,61,0,0,46
-4,3,1,2,12,2475,DL,LAX,10,6,78,0,0,30,-56,61,0,0,46
-4,3,1,2,17,2475,DL,LAX,10,6,78,0,0,30,-56,61,0,0,46
-4,3,1,2,7,2475,DL,LAX,10,6,78,0,0,30,-56,61,0,0,46
-5,3,1,2,15,2475,DL,LAX,10,6,78,0,0,30,-56,61,0,0,46
-5,3,1,2,19,2475,AA,LAX,10,6,78,0,0,30,-56,61,0,0,46
-1,3,1,2,15,2475,B6,LAX,10,6,78,0,0,30,-56,61,0,0,46
-2,3,1,2,18,2475,B6,LAX,10,6,78,0,0,30,-56,61,0,0,46
-4,3,1,2,15,2475,AA,LAX,10,6,78,0,0,30,-56,61,0,0,46
-6,3,1,2,9,2475,AA,LAX,10,6,78,0,0,30,-56,61,0,0,46
0,3,1,2,13,2475,AA,LAX,10,6,78,0,0,30,-56,61,0,0,46
-1,3,1,2,21,2475,AA,LAX,10,6,78,0,0,30,-56,61,0,0,46
-7,3,1,2,12,2475,AA,LAX,10,6,78,0,0,30,-56,61,0,0,46
58,3,1,2,17,2475,AA,LAX,10,6,78,0,0,30,-56,61,0,0,46
-4,3,1,2,10,2475,AA,LAX,10,6,78,0,0,30,-56,61,0,0,46
2,3,1,2,7,2475,B6,LAX,10,6,78,0,0,30,-56,61,0,0,46
-4,3,1,2,7,2475,AA,LAX,10,6,78,0,0,30,-56,61,0,0,46
-7,3,1,2,6,2475,AA,LAX,10,6,78,0,0,30,-56,61,0,0,46
-1,3,1,2,21,2475,AA,LAX,10,6,78,0,0,30,-56,61,0,0,46
58,3,1,2,17,2475,AA,LAX,10,6,78,0,0,30,-56,61,0,0,46
-4,3,1,2,15,2475,AA,LAX,10,6,78,0,0,30,-56,61,0,0,46
-4,3,1,2,7,2475,AA,LAX,10,6,78,0,0,30,-56,61,0,0,46
-4,3,1,2,10,2475,AA,LAX,10,6,78,0,0,30,-56,61,0,0,46
-5,3,1,2,19,2475,AA,LAX,10,6,78,0,0,30,-56,61,0,0,46
2,3,1,2,7,2475,B6,LAX,10,6,78,0,0,30,-56,61,0,0,46
-1,3,1,2,15,2475,B6,LAX,10,6,78,0,0,30,-56,61,0,0,46
-2,3,1,2,18,2475,B6,LAX,10,6,78,0,0,30,-56,61,0,0,46
-7,3,1,2,6,2475,AA,LAX,10,6,78,0,0,30,-56,61,0,0,46
0,3,1,2,13,2475,AA,LAX,10,6,78,0,0,30,-56,61,0,0,46
-7,3,1,2,12,2475,AA,LAX,10,6,78,0,0,30,-56,61,0,0,46
-6,3,1,2,9,2475,AA,LAX,10,6,78,0,0,30,-56,61,0,0,46
-4,3,1,2,7,2475,DL,LAX,10,6,78,0,0,30,-56,61,0,0,46
-5,3,1,2,9,2475,DL,LAX,10,6,78,0,0,30,-56,61,0,0,46
-4,3,1,2,12,2475,DL,LAX,10,6,78,0,0,30,-56,61,0,0,46
-4,3,1,2,15,2475,AA,LAX,10,6,78,0,0,30,-56,61,0,0,46
-7,3,1,2,12,2475,AA,LAX,10,6,78,0,0,30,-56,61,0,0,46
-6,3,1,2,9,2475,AA,LAX,10,6,78,0,0,30,-56,61,0,0,46
0,3,1,2,13,2475,AA,LAX,10,6,78,0,0,30,-56,61,0,0,46
58,3,1,2,17,2475,AA,LAX,10,6,78,0,0,30,-56,61,0,0,46
-1,3,1,2,21,2475,AA,LAX,10,6,78,0,0,30,-56,61,0,0,46
-4,3,1,2,7,2475,AA,LAX,10,6,78,0,0,30,-56,61,0,0,46
-7,3,1,2,6,2475,AA,LAX,10,6,78,0,0,30,-56,61,0,0,46
-4,3,1,2,10,2475,AA,LAX,10,6,78,0,0,30,-56,61,0,0,46
2,3,1,2,7,2475,B6,LAX,10,6,78,0,0,30,-56,61,0,0,46
-1,3,1,2,15,2475,B6,LAX,10,6,78,0,0,30,-56,61,0,0,46
-2,3,1,2,18,2475,B6,LAX,10,6,78,0,0,30,-56,61,0,0,46
-5,3,1,2,19,2475,AA,LAX,10,6,78,0,0,30,-56,61,0,0,46
-5,3,1,2,15,2475,DL,LAX,10,6,78,0,0,30,-56,61,0,0,46
-4,3,1,2,17,2475,DL,LAX,10,6,78,0,0,30,-56,61,0,0,46
-5,3,1,2,21,2475,DL,LAX,10,6,78,0,0,30,-56,61,0,0,46
-5,3,1,2,19,2475,DL,LAX,10,6,78,0,0,30,-56,61,0,0,46
-11,3,29,2,12,2475,AA,LAX,38,-6,94,0,0,35,-44,56,0,0,32
-6,3,29,2,7,2475,DL,LAX,38,-6,94,0,0,35,-44,56,0,0,32
13,3,29,2,18,2475,B6,LAX,38,-6,94,0,0,35,-44,56,0,0,32
-8,3,29,2,21,2475,AA,LAX,38,-6,94,0,0,35,-44,56,0,0,32
-4,3,29,2,19,2475,DL,LAX,38,-6,94,0,0,35,-44,56,0,0,32
-6,3,29,2,17,2475,AA,LAX,38,-6,94,0,0,35,-44,56,0,0,32
-5,3,29,2,13,2475,AA,LAX,38,-6,94,0,0,35,-44,56,0,0,32
-5,3,29,2,12,2475,DL,LAX,38,-6,94,0,0,35,-44,56,0,0,32
-4,3,29,2,21,2475,DL,LAX,38,-6,94,0,0,35,-44,56,0,0,32
3,3,29,2,6,2475,AA,LAX,38,-6,94,0,0,35,-44,56,0,0,32
-6,3,29,2,19,2475,AA,LAX,38,-6,94,0,0,35,-44,56,0,0,32
-4,3,29,2,9,2475,AA,LAX,38,-6,94,0,0,35,-44,56,0,0,32
7,3,29,2,17,2475,DL,LAX,38,-6,94,0,0,35,-44,56,0,0,32
0,3,29,2,10,2475,AA,LAX,38,-6,94,0,0,35,-44,56,0,0,32
-4,3,29,2,7,2475,AA,LAX,38,-6,94,0,0,35,-44,56,0,0,32
-5,3,29,2,15,2475,DL,LAX,38,-6,94,0,0,35,-44,56,0,0,32
-5,3,29,2,7,2475,B6,LAX,38,-6,94,0,0,35,-44,56,0,0,32
-7,3,29,2,9,2475,DL,LAX,38,-6,94,0,0,35,-44,56,0,0,32
-1,3,29,2,15,2475,AA,LAX,38,-6,94,0,0,35,-44,56,0,0,32
-1,3,29,2,15,2475,B6,LAX,38,-6,94,0,0,35,-44,56,0,0,32
-11,3,29,2,12,2475,AA,LAX,38,-6,94,0,0,35,-44,56,0,0,32
-5,3,29,2,7,2475,B6,LAX,38,-6,94,0,0,35,-44,56,0,0,32
-1,3,29,2,15,2475,AA,LAX,38,-6,94,0,0,35,-44,56,0,0,32
-8,3,29,2,21,2475,AA,LAX,38,-6,94,0,0,35,-44,56,0,0,32
-6,3,29,2,17,2475,AA,LAX,38,-6,94,0,0,35,-44,56,0,0,32
-6,3,29,2,19,2475,AA,LAX,38,-6,94,0,0,35,-44,56,0,0,32
3,3,29,2,6,2475,AA,LAX,38,-6,94,0,0,35,-44,56,0,0,32
13,3,29,2,18,2475,B6,LAX,38,-6,94,0,0,35,-44,56,0,0,32
-4,3,29,2,7,2475,AA,LAX,38,-6,94,0,0,35,-44,56,0,0,32
-5,3,29,2,13,2475,AA,LAX,38,-6,94,0,0,35,-44,56,0,0,32
0,3,29,2,10,2475,AA,LAX,38,-6,94,0,0,35,-44,56,0,0,32
-4,3,29,2,9,2475,AA,LAX,38,-6,94,0,0,35,-44,56,0,0,32
-1,3,29,2,15,2475,B6,LAX,38,-6,94,0,0,35,-44,56,0,0,32
-6,3,29,2,17,2475,AA,LAX,38,-6,94,0,0,35,-44,56,0,0,32
-8,3,29,2,21,2475,AA,LAX,38,-6,94,0,0,35,-44,56,0,0,32
0,3,29,2,10,2475,AA,LAX,38,-6,94,0,0,35,-44,56,0,0,32
-1,3,29,2,15,2475,AA,LAX,38,-6,94,0,0,35,-44,56,0,0,32
-6,3,29,2,19,2475,AA,LAX,38,-6,94,0,0,35,-44,56,0,0,32
-11,3,29,2,12,2475,AA,LAX,38,-6,94,0,0,35,-44,56,0,0,32
-4,3,29,2,7,2475,AA,LAX,38,-6,94,0,0,35,-44,56,0,0,32
3,3,29,2,6,2475,AA,LAX,38,-6,94,0,0,35,-44,56,0,0,32
-5,3,29,2,13,2475,AA,LAX,38,-6,94,0,0,35,-44,56,0,0,32
-4,3,29,2,9,2475,AA,LAX,38,-6,94,0,0,35,-44,56,0,0,32
-6,3,29,2,7,2475,DL,LAX,38,-6,94,0,0,35,-44,56,0,0,32
-5,3,29,2,15,2475,DL,LAX,38,-6,94,0,0,35,-44,56,0,0,32
-4,3,29,2,21,2475,DL,LAX,38,-6,94,0,0,35,-44,56,0,0,32
-4,3,29,2,19,2475,DL,LAX,38,-6,94,0,0,35,-44,56,0,0,32
7,3,29,2,17,2475,DL,LAX,38,-6,94,0,0,35,-44,56,0,0,32
-7,3,29,2,9,2475,DL,LAX,38,-6,94,0,0,35,-44,56,0,0,32
-5,3,29,2,12,2475,DL,LAX,38,-6,94,0,0,35,-44,56,0,0,32
-1,3,29,2,20,2475,UA,LAX,38,-6,94,0,0,35,-44,56,0,0,32
-2,3,29,2,15,2475,UA,LAX,38,-6,94,0,0,35,-44,56,0,0,32
-4,3,29,2,17,2475,UA,LAX,38,-6,94,0,0,35,-44,56,0,0,32
-3,3,29,2,11,2475,UA,LAX,38,-6,94,0,0,35,-44,56,0,0,32
-6,3,29,2,8,2475,UA,LAX,38,-6,94,0,0,35,-44,56,0,0,32
-4,3,29,2,6,2475,UA,LAX,38,-6,94,0,0,35,-44,56,0,0,32
-5,3,29,2,7,2475,B6,LAX,38,-6,94,0,0,35,-44,56,0,0,32
-1,3,29,2,15,2475,B6,LAX,38,-6,94,0,0,35,-44,56,0,0,32
13,3,29,2,18,2475,B6,LAX,38,-6,94,0,0,35,-44,56,0,0,32
-4,3,29,2,21,2475,DL,LAX,38,-6,94,0,0,35,-44,56,0,0,32
-4,3,29,2,19,2475,DL,LAX,38,-6,94,0,0,35,-44,56,0,0,32
-6,3,29,2,7,2475,DL,LAX,38,-6,94,0,0,35,-44,56,0,0,32
7,3,29,2,17,2475,DL,LAX,38,-6,94,0,0,35,-44,56,0,0,32
-5,3,29,2,12,2475,DL,LAX,38,-6,94,0,0,35,-44,56,0,0,32
-7,3,29,2,9,2475,DL,LAX,38,-6,94,0,0,35,-44,56,0,0,32
-5,3,29,2,15,2475,DL,LAX,38,-6,94,0,0,35,-44,56,0,0,32
-1,3,29,2,20,2475,UA,LAX,38,-6,94,0,0,35,-44,56,0,0,32
-2,3,29,2,15,2475,UA,LAX,38,-6,94,0,0,35,-44,56,0,0,32
-4,3,29,2,17,2475,UA,LAX,38,-6,94,0,0,35,-44,56,0,0,32
-3,3,29,2,11,2475,UA,LAX,38,-6,94,0,0,35,-44,56,0,0,32
-6,3,29,2,8,2475,UA,LAX,38,-6,94,0,0,35,-44,56,0,0,32
-4,3,29,2,6,2475,UA,LAX,38,-6,94,0,0,35,-44,56,0,0,32
-1,3,29,2,20,2475,UA,LAX,38,-6,94,0,0,35,-44,56,0,0,32
-2,3,29,2,15,2475,UA,LAX,38,-6,94,0,0,35,-44,56,0,0,32
-4,3,29,2,17,2475,UA,LAX,38,-6,94,0,0,35,-44,56,0,0,32
-3,3,29,2,11,2475,UA,LAX,38,-6,94,0,0,35,-44,56,0,0,32
-6,3,29,2,8,2475,UA,LAX,38,-6,94,0,0,35,-44,56,0,0,32
-4,3,29,2,6,2475,UA,LAX,38,-6,94,0,0,35,-44,56,0,0,32
-6,4,6,3,6,2475,UA,LAX,46,33,128,23,0,30,56,150,0,0,32
29,4,6,3,20,2475,UA,LAX,46,33,128,23,0,30,56,150,0,0,32
-3,4,6,3,15,2475,UA,LAX,46,33,128,23,0,30,56,150,0,0,32
-5,4,6,3,8,2475,UA,LAX,46,33,128,23,0,30,56,150,0,0,32
0,4,6,3,11,2475,UA,LAX,46,33,128,23,0,30,56,150,0,0,32
-3,4,6,3,18,2475,UA,LAX,46,33,128,23,0,30,56,150,0,0,32
-6,4,6,3,7,2475,AA,LAX,46,33,128,23,0,30,56,150,0,0,32
-3,4,6,3,19,2475,DL,LAX,46,33,128,23,0,30,56,150,0,0,32
-5,4,6,3,16,2475,AA,LAX,46,33,128,23,0,30,56,150,0,0,32
-2,4,6,3,15,2475,AA,LAX,46,33,128,23,0,30,56,150,0,0,32
-2,4,6,3,21,2475,DL,LAX,46,33,128,23,0,30,56,150,0,0,32
-2,4,6,3,7,2475,B6,LAX,46,33,128,23,0,30,56,150,0,0,32
1,4,6,3,9,2475,AA,LAX,46,33,128,23,0,30,56,150,0,0,32
22,4,6,3,16,2475,B6,LAX,46,33,128,23,0,30,56,150,0,0,32
-5,4,6,3,12,2475,DL,LAX,46,33,128,23,0,30,56,150,0,0,32
-3,4,6,3,17,2475,DL,LAX,46,33,128,23,0,30,56,150,0,0,32
-1,4,6,3,9,2475,DL,LAX,46,33,128,23,0,30,56,150,0,0,32
-3,4,6,3,7,2475,DL,LAX,46,33,128,23,0,30,56,150,0,0,32
0,4,6,3,15,2475,DL,LAX,46,33,128,23,0,30,56,150,0,0,32
-6,4,6,3,6,2475,AA,LAX,46,33,128,23,0,30,56,150,0,0,32
30,4,6,3,21,2475,AA,LAX,46,33,128,23,0,30,56,150,0,0,32
-8,4,6,3,12,2475,AA,LAX,46,33,128,23,0,30,56,150,0,0,32
2,4,6,3,13,2475,AA,LAX,46,33,128,23,0,30,56,150,0,0,32
-5,4,6,3,18,2475,B6,LAX,46,33,128,23,0,30,56,150,0,0,32
-8,4,6,3,10,2475,AA,LAX,46,33,128,23,0,30,56,150,0,0,32
66,4,6,3,19,2475,AA,LAX,46,33,128,23,0,30,56,150,0,0,32
40,4,13,3,19,2475,AA,LAX,45,61,100,97,0,53,22,200,0,0,16
-2,4,13,3,9,2475,AA,LAX,45,61,100,97,0,53,22,200,0,0,16
43,4,13,3,19,2475,DL,LAX,45,61,100,97,0,53,22,200,0,0,16
43,4,13,3,15,2475,AA,LAX,45,61,100,97,0,53,22,200,0,0,16
52,4,13,3,7,2475,DL,LAX,45,61,100,97,0,53,22,200,0,0,16
-2,4,13,3,7,2475,AA,LAX,45,61,100,97,0,53,22,200,0,0,16
1,4,13,3,17,2475,DL,LAX,45,61,100,97,0,53,22,200,0,0,16
-2,4,13,3,6,2475,AA,LAX,45,61,100,97,0,53,22,200,0,0,16
0,4,13,3,9,2475,DL,LAX,45,61,100,97,0,53,22,200,0,0,16
-8,4,13,3,12,2475,AA,LAX,45,61,100,97,0,53,22,200,0,0,16
-6,4,13,3,13,2475,AA,LAX,45,61,100,97,0,53,22,200,0,0,16
-4,4,13,3,12,2475,DL,LAX,45,61,100,97,0,53,22,200,0,0,16
21,4,13,3,21,2475,DL,LAX,45,61,100,97,0,53,22,200,0,0,16
37,4,13,3,16,2475,B6,LAX,45,61,100,97,0,53,22,200,0,0,16
0,4,13,3,7,2475,B6,LAX,45,61,100,97,0,53,22,200,0,0,16
50,4,13,3,21,2475,AA,LAX,45,61,100,97,0,53,22,200,0,0,16
-5,4,13,3,10,2475,AA,LAX,45,61,100,97,0,53,22,200,0,0,16
14,4,13,3,15,2475,DL,LAX,45,61,100,97,0,53,22,200,0,0,16
0,4,13,3,16,2475,AA,LAX,45,61,100,97,0,53,22,200,0,0,16
-5,4,13,3,11,2475,UA,LAX,45,61,100,97,0,53,22,200,0,0,16
0,4,13,3,8,2475,UA,LAX,45,61,100,97,0,53,22,200,0,0,16
-1,4,13,3,15,2475,UA,LAX,45,61,100,97,0,53,22,200,0,0,16
-3,4,13,3,6,2475,UA,LAX,45,61,100,97,0,53,22,200,0,0,16
43,4,13,3,18,2475,UA,LAX,45,61,100,97,0,53,22,200,0,0,16
45,4,13,3,20,2475,UA,LAX,45,61,100,97,0,53,22,200,0,0,16
-6,4,20,3,15,2475,UA,LAX,38,72,183,0,0,26,0,61,3,0,52
-7,4,20,3,11,2475,UA,LAX,38,72,183,0,0,26,0,61,3,0,52
-8,4,20,3,8,2475,UA,LAX,38,72,183,0,0,26,0,61,3,0,52
1,4,20,3,6,2475,UA,LAX,38,72,183,0,0,26,0,61,3,0,52
-1,4,20,3,18,2475,UA,LAX,38,72,183,0,0,26,0,61,3,0,52
-7,4,20,3,20,2475,UA,LAX,38,72,183,0,0,26,0,61,3,0,52
-5,4,20,3,12,2475,AA,LAX,38,72,183,0,0,26,0,61,3,0,52
2,4,20,3,16,2475,B6,LAX,38,72,183,0,0,26,0,61,3,0,52
11,4,20,3,6,2475,AA,LAX,38,72,183,0,0,26,0,61,3,0,52
-7,4,20,3,18,2475,B6,LAX,38,72,183,0,0,26,0,61,3,0,52
4,4,20,3,16,2475,AA,LAX,38,72,183,0,0,26,0,61,3,0,52
-1,4,20,3,12,2475,DL,LAX,38,72,183,0,0,26,0,61,3,0,52
-4,4,20,3,19,2475,DL,LAX,38,72,183,0,0,26,0,61,3,0,52
0,4,20,3,19,2475,AA,LAX,38,72,183,0,0,26,0,61,3,0,52
-8,4,20,3,9,2475,AA,LAX,38,72,183,0,0,26,0,61,3,0,52
4,4,20,3,21,2475,DL,LAX,38,72,183,0,0,26,0,61,3,0,52
25,4,20,3,15,2475,AA,LAX,38,72,183,0,0,26,0,61,3,0,52
0,4,20,3,7,2475,AA,LAX,38,72,183,0,0,26,0,61,3,0,52
-4,4,20,3,10,2475,AA,LAX,38,72,183,0,0,26,0,61,3,0,52
0,4,20,3,17,2475,DL,LAX,38,72,183,0,0,26,0,61,3,0,52
-8,4,20,3,9,2475,DL,LAX,38,72,183,0,0,26,0,61,3,0,52
-1,4,20,3,7,2475,DL,LAX,38,72,183,0,0,26,0,61,3,0,52
0,4,20,3,15,2475,DL,LAX,38,72,183,0,0,26,0,61,3,0,52
-7,4,20,3,13,2475,AA,LAX,38,72,183,0,0,26,0,61,3,0,52
-3,4,20,3,7,2475,B6,LAX,38,72,183,0,0,26,0,61,3,0,52
-6,4,20,3,21,2475,AA,LAX,38,72,183,0,0,26,0,61,3,0,52
6,5,18,3,15,2475,AA,LAX,10,122,194,554,0,33,94,139,18,0,32
14,5,18,3,16,2475,AA,LAX,10,122,194,554,0,33,94,139,18,0,32
0,5,18,3,19,2475,AA,LAX,10,122,194,554,0,33,94,139,18,0,32
3,5,18,3,6,2475,AA,LAX,10,122,194,554,0,33,94,139,18,0,32
1,5,18,3,7,2475,AA,LAX,10,122,194,554,0,33,94,139,18,0,32
-8,5,18,3,10,2475,AA,LAX,10,122,194,554,0,33,94,139,18,0,32
1,5,18,3,9,2475,AA,LAX,10,122,194,554,0,33,94,139,18,0,32
-3,5,18,3,12,2475,AA,LAX,10,122,194,554,0,33,94,139,18,0,32
78,5,18,3,21,2475,AA,LAX,10,122,194,554,0,33,94,139,18,0,32
0,5,18,3,17,2475,DL,LAX,10,122,194,554,0,33,94,139,18,0,32
0,5,18,3,7,2475,DL,LAX,10,122,194,554,0,33,94,139,18,0,32
3,5,18,3,12,2475,DL,LAX,10,122,194,554,0,33,94,139,18,0,32
-5,5,18,3,9,2475,DL,LAX,10,122,194,554,0,33,94,139,18,0,32
71,5,18,3,21,2475,DL,LAX,10,122,194,554,0,33,94,139,18,0,32
2,5,18,3,19,2475,DL,LAX,10,122,194,554,0,33,94,139,18,0,32
3,5,18,3,15,2475,DL,LAX,10,122,194,554,0,33,94,139,18,0,32
57,5,18,3,20,2475,B6,LAX,10,122,194,554,0,33,94,139,18,0,32
4,5,18,3,16,2475,B6,LAX,10,122,194,554,0,33,94,139,18,0,32
-4,5,18,3,11,2475,B6,LAX,10,122,194,554,0,33,94,139,18,0,32
1,5,18,3,7,2475,B6,LAX,10,122,194,554,0,33,94,139,18,0,32
-2,5,18,3,8,2475,UA,LAX,10,122,194,554,0,33,94,139,18,0,32
14,5,18,3,15,2475,UA,LAX,10,122,194,554,0,33,94,139,18,0,32
0,5,18,3,6,2475,UA,LAX,10,122,194,554,0,33,94,139,18,0,32
-4,5,18,3,11,2475,UA,LAX,10,122,194,554,0,33,94,139,18,0,32
16,5,18,3,18,2475,UA,LAX,10,122,194,554,0,33,94,139,18,0,32
11,5,18,3,20,2475,UA,LAX,10,122,194,554,0,33,94,139,18,0,32
-3,5,25,3,15,2475,DL,LAX,3,183,289,0,0,16,83,194,569,0,52
-4,5,25,3,12,2475,DL,LAX,3,183,289,0,0,16,83,194,569,0,52
-4,5,25,3,9,2475,DL,LAX,3,183,289,0,0,16,83,194,569,0,52
21,5,25,3,21,2475,DL,LAX,3,183,289,0,0,16,83,194,569,0,52
10,5,25,3,19,2475,DL,LAX,3,183,289,0,0,16,83,194,569,0,52
-4,5,25,3,7,2475,DL,LAX,3,183,289,0,0,16,83,194,569,0,52
8,5,25,3,20,2475,B6,LAX,3,183,289,0,0,16,83,194,569,0,52
-2,5,25,3,16,2475,B6,LAX,3,183,289,0,0,16,83,194,569,0,52
-4,5,25,3,11,2475,B6,LAX,3,183,289,0,0,16,83,194,569,0,52
-2,5,25,3,7,2475,B6,LAX,3,183,289,0,0,16,83,194,569,0,52
16,5,25,3,17,2475,DL,LAX,3,183,289,0,0,16,83,194,569,0,52
-5,5,25,3,10,2475,AA,LAX,3,183,289,0,0,16,83,194,569,0,52
19,5,25,3,19,2475,AA,LAX,3,183,289,0,0,16,83,194,569,0,52
-5,5,25,3,7,2475,AA,LAX,3,183,289,0,0,16,83,194,569,0,52
-12,5,25,3,12,2475,AA,LAX,3,183,289,0,0,16,83,194,569,0,52
-4,5,25,3,13,2475,AA,LAX,3,183,289,0,0,16,83,194,569,0,52
43,5,25,3,15,2475,AA,LAX,3,183,289,0,0,16,83,194,569,0,52
1,5,25,3,9,2475,AA,LAX,3,183,289,0,0,16,83,194,569,0,52
119,5,25,3,16,2475,AA,LAX,3,183,289,0,0,16,83,194,569,0,52
55,5,25,3,21,2475,AA,LAX,3,183,289,0,0,16,83,194,569,0,52
-2,5,25,3,6,2475,AA,LAX,3,183,289,0,0,16,83,194,569,0,52
21,5,25,3,20,2475,UA,LAX,3,183,289,0,0,16,83,194,569,0,52
-2,5,25,3,11,2475,UA,LAX,3,183,289,0,0,16,83,194,569,0,52
-3,5,25,3,6,2475,UA,LAX,3,183,289,0,0,16,83,194,569,0,52
18,5,25,3,18,2475,UA,LAX,3,183,289,0,0,16,83,194,569,0,52
-2,5,25,3,15,2475,UA,LAX,3,183,289,0,0,16,83,194,569,0,52
-4,5,25,3,8,2475,UA,LAX,3,183,289,0,0,16,83,194,569,0,52
-5,6,2,4,12,2475,AA,LAX,5,167,267,0,0,38,133,206,5,0,42
-1,6,2,4,16,2475,B6,LAX,5,167,267,0,0,38,133,206,5,0,42
109,6,2,4,20,2475,B6,LAX,5,167,267,0,0,38,133,206,5,0,42
-5,6,2,4,10,2475,AA,LAX,5,167,267,0,0,38,133,206,5,0,42
-5,6,2,4,9,2475,AA,LAX,5,167,267,0,0,38,133,206,5,0,42
-2,6,2,4,15,2475,DL,LAX,5,167,267,0,0,38,133,206,5,0,42
4,6,2,4,19,2475,AA,LAX,5,167,267,0,0,38,133,206,5,0,42
-3,6,2,4,6,2475,AA,LAX,5,167,267,0,0,38,133,206,5,0,42
0,6,2,4,17,2475,DL,LAX,5,167,267,0,0,38,133,206,5,0,42
0,6,2,4,7,2475,DL,LAX,5,167,267,0,0,38,133,206,5,0,42
-3,6,2,4,12,2475,DL,LAX,5,167,267,0,0,38,133,206,5,0,42
-3,6,2,4,9,2475,DL,LAX,5,167,267,0,0,38,133,206,5,0,42
-3,6,2,4,21,2475,DL,LAX,5,167,267,0,0,38,133,206,5,0,42
-6,6,2,4,7,2475,AA,LAX,5,167,267,0,0,38,133,206,5,0,42
-1,6,2,4,16,2475,AA,LAX,5,167,267,0,0,38,133,206,5,0,42
4,6,2,4,19,2475,DL,LAX,5,167,267,0,0,38,133,206,5,0,42
-10,6,2,4,21,2475,AA,LAX,5,167,267,0,0,38,133,206,5,0,42
-3,6,2,4,13,2475,AA,LAX,5,167,267,0,0,38,133,206,5,0,42
-1,6,2,4,11,2475,B6,LAX,5,167,267,0,0,38,133,206,5,0,42
-3,6,2,4,15,2475,AA,LAX,5,167,267,0,0,38,133,206,5,0,42
4,6,2,4,7,2475,B6,LAX,5,167,267,0,0,38,133,206,5,0,42
9,6,2,4,18,2475,UA,LAX,5,167,267,0,0,38,133,206,5,0,42
-3,6,2,4,11,2475,UA,LAX,5,167,267,0,0,38,133,206,5,0,42
-7,6,2,4,6,2475,UA,LAX,5,167,267,0,0,38,133,206,5,0,42
0,6,2,4,20,2475,UA,LAX,5,167,267,0,0,38,133,206,5,0,42
-3,6,2,4,8,2475,UA,LAX,5,167,267,0,0,38,133,206,5,0,42
-4,6,2,4,15,2475,UA,LAX,5,167,267,0,0,38,133,206,5,0,42
93,7,7,4,7,2475,B6,LAX,3,233,333,0,0,17,172,278,0,0,28
-3,7,7,4,17,2475,DL,LAX,3,233,333,0,0,17,172,278,0,0,28
-3,7,7,4,7,2475,DL,LAX,3,233,333,0,0,17,172,278,0,0,28
-5,7,7,4,12,2475,DL,LAX,3,233,333,0,0,17,172,278,0,0,28
-2,7,7,4,15,2475,DL,LAX,3,233,333,0,0,17,172,278,0,0,28
-3,7,7,4,9,2475,DL,LAX,3,233,333,0,0,17,172,278,0,0,28
23,7,7,4,21,2475,DL,LAX,3,233,333,0,0,17,172,278,0,0,28
-5,7,7,4,19,2475,DL,LAX,3,233,333,0,0,17,172,278,0,0,28
-5,7,7,4,9,2475,B6,LAX,3,233,333,0,0,17,172,278,0,0,28
80,7,7,4,21,2475,B6,LAX,3,233,333,0,0,17,172,278,0,0,28
38,7,7,4,16,2475,B6,LAX,3,233,333,0,0,17,172,278,0,0,28
-1,7,7,4,11,2475,B6,LAX,3,233,333,0,0,17,172,278,0,0,28
-7,7,7,4,13,2475,AA,LAX,3,233,333,0,0,17,172,278,0,0,28
29,7,7,4,12,2475,AA,LAX,3,233,333,0,0,17,172,278,0,0,28
76,7,7,4,20,2475,AA,LAX,3,233,333,0,0,17,172,278,0,0,28
46,7,7,4,16,2475,AA,LAX,3,233,333,0,0,17,172,278,0,0,28
-5,7,7,4,9,2475,AA,LAX,3,233,333,0,0,17,172,278,0,0,28
-1,7,7,4,6,2475,AA,LAX,3,233,333,0,0,17,172,278,0,0,28
97,7,7,4,19,2475,AA,LAX,3,233,333,0,0,17,172,278,0,0,28
-2,7,7,4,10,2475,AA,LAX,3,233,333,0,0,17,172,278,0,0,28
-2,7,7,4,15,2475,UA,LAX,3,233,333,0,0,17,172,278,0,0,28
-3,7,7,4,20,2475,UA,LAX,3,233,333,0,0,17,172,278,0,0,28
66,7,7,4,17,2475,UA,LAX,3,233,333,0,0,17,172,278,0,0,28
-2,7,7,4,8,2475,UA,LAX,3,233,333,0,0,17,172,278,0,0,28
-5,7,7,4,6,2475,UA,LAX,3,233,333,0,0,17,172,278,0,0,28
-2,7,7,4,11,2475,UA,LAX,3,233,333,0,0,17,172,278,0,0,28
-6,7,14,4,10,2475,AA,LAX,10,178,289,0,0,31,150,278,0,0,36
-1,7,14,4,7,2475,AA,LAX,10,178,289,0,0,31,150,278,0,0,36
12,7,14,4,19,2475,AA,LAX,10,178,289,0,0,31,150,278,0,0,36
36,7,14,4,20,2475,AA,LAX,10,178,289,0,0,31,150,278,0,0,36
29,7,14,4,12,2475,AA,LAX,10,178,289,0,0,31,150,278,0,0,36
-2,7,14,4,9,2475,AA,LAX,10,178,289,0,0,31,150,278,0,0,36
24,7,14,4,15,2475,AA,LAX,10,178,289,0,0,31,150,278,0,0,36
3,7,14,4,13,2475,AA,LAX,10,178,289,0,0,31,150,278,0,0,36
-5,7,14,4,16,2475,AA,LAX,10,178,289,0,0,31,150,278,0,0,36
-4,7,14,4,6,2475,AA,LAX,10,178,289,0,0,31,150,278,0,0,36
-4,7,14,4,17,2475,DL,LAX,10,178,289,0,0,31,150,278,0,0,36
-1,7,14,4,9,2475,B6,LAX,10,178,289,0,0,31,150,278,0,0,36
55,7,14,4,21,2475,B6,LAX,10,178,289,0,0,31,150,278,0,0,36
-3,7,14,4,16,2475,B6,LAX,10,178,289,0,0,31,150,278,0,0,36
44,7,14,4,11,2475,B6,LAX,10,178,289,0,0,31,150,278,0,0,36
1,7,14,4,7,2475,B6,LAX,10,178,289,0,0,31,150,278,0,0,36
40,7,14,4,19,2475,DL,LAX,10,178,289,0,0,31,150,278,0,0,36
-2,7,14,4,21,2475,DL,LAX,10,178,289,0,0,31,150,278,0,0,36
-6,7,14,4,9,2475,DL,LAX,10,178,289,0,0,31,150,278,0,0,36
31,7,14,4,15,2475,DL,LAX,10,178,289,0,0,31,150,278,0,0,36
-2,7,14,4,12,2475,DL,LAX,10,178,289,0,0,31,150,278,0,0,36
-2,7,14,4,7,2475,DL,LAX,10,178,289,0,0,31,150,278,0,0,36
-4,7,14,4,17,2475,UA,LAX,10,178,289,0,0,31,150,278,0,0,36
-6,7,14,4,8,2475,UA,LAX,10,178,289,0,0,31,150,278,0,0,36
-4,7,14,4,11,2475,UA,LAX,10,178,289,0,0,31,150,278,0,0,36
0,7,14,4,15,2475,UA,LAX,10,178,289,0,0,31,150,278,0,0,36
-5,7,14,4,20,2475,UA,LAX,10,178,289,0,0,31,150,278,0,0,36
15,7,21,4,6,2475,UA,LAX,17,239,361,0,0,26,239,372,5,0,39
-3,7,21,4,17,2475,UA,LAX,17,239,361,0,0,26,239,372,5,0,39
-5,7,21,4,15,2475,UA,LAX,17,239,361,0,0,26,239,372,5,0,39
-4,7,21,4,8,2475,UA,LAX,17,239,361,0,0,26,239,372,5,0,39
-2,7,21,4,20,2475,UA,LAX,17,239,361,0,0,26,239,372,5,0,39
-5,7,21,4,11,2475,UA,LAX,17,239,361,0,0,26,239,372,5,0,39
-5,7,21,4,9,2475,DL,LAX,17,239,361,0,0,26,239,372,5,0,39
-6,7,21,4,12,2475,DL,LAX,17,239,361,0,0,26,239,372,5,0,39
-2,7,21,4,7,2475,DL,LAX,17,239,361,0,0,26,239,372,5,0,39
-3,7,21,4,17,2475,DL,LAX,17,239,361,0,0,26,239,372,5,0,39
31,7,21,4,15,2475,DL,LAX,17,239,361,0,0,26,239,372,5,0,39
-1,7,21,4,9,2475,B6,LAX,17,239,361,0,0,26,239,372,5,0,39
-2,7,21,4,21,2475,B6,LAX,17,239,361,0,0,26,239,372,5,0,39
4,7,21,4,16,2475,B6,LAX,17,239,361,0,0,26,239,372,5,0,39
-1,7,21,4,11,2475,B6,LAX,17,239,361,0,0,26,239,372,5,0,39
0,7,21,4,7,2475,B6,LAX,17,239,361,0,0,26,239,372,5,0,39
-1,7,21,4,19,2475,DL,LAX,17,239,361,0,0,26,239,372,5,0,39
-3,7,21,4,21,2475,DL,LAX,17,239,361,0,0,26,239,372,5,0,39
0,7,21,4,20,2475,AA,LAX,17,239,361,0,0,26,239,372,5,0,39
1,7,21,4,6,2475,AA,LAX,17,239,361,0,0,26,239,372,5,0,39
-4,7,21,4,9,2475,AA,LAX,17,239,361,0,0,26,239,372,5,0,39
-7,7,21,4,12,2475,AA,LAX,17,239,361,0,0,26,239,372,5,0,39
-6,7,21,4,10,2475,AA,LAX,17,239,361,0,0,26,239,372,5,0,39
103,7,21,4,19,2475,AA,LAX,17,239,361,0,0,26,239,372,5,0,39
-2,7,21,4,7,2475,AA,LAX,17,239,361,0,0,26,239,372,5,0,39
83,7,21,4,13,2475,AA,LAX,17,239,361,0,0,26,239,372,5,0,39
0,7,21,4,15,2475,AA,LAX,17,239,361,0,0,26,239,372,5,0,39
0,7,21,4,16,2475,AA,LAX,17,239,361,0,0,26,239,372,5,0,39
4,8,19,5,6,2475,UA,LAX,15,183,289,315,0,15,178,306,0,0,23
163,8,19,5,19,2475,DL,LAX,15,183,289,315,0,15,178,306,0,0,23
367,8,19,5,21,2475,DL,LAX,15,183,289,315,0,15,178,306,0,0,23
-6,8,19,5,15,2475,DL,LAX,15,183,289,315,0,15,178,306,0,0,23
-3,8,19,5,12,2475,DL,LAX,15,183,289,315,0,15,178,306,0,0,23
37,8,19,5,7,2475,DL,LAX,15,183,289,315,0,15,178,306,0,0,23
107,8,19,5,9,2475,DL,LAX,15,183,289,315,0,15,178,306,0,0,23
-1,8,19,5,17,2475,DL,LAX,15,183,289,315,0,15,178,306,0,0,23
89,8,19,5,20,2475,UA,LAX,15,183,289,315,0,15,178,306,0,0,23
157,8,19,5,15,2475,UA,LAX,15,183,289,315,0,15,178,306,0,0,23
-2,8,19,5,11,2475,UA,LAX,15,183,289,315,0,15,178,306,0,0,23
221,8,19,5,17,2475,UA,LAX,15,183,289,315,0,15,178,306,0,0,23
0,8,19,5,8,2475,UA,LAX,15,183,289,315,0,15,178,306,0,0,23
5,8,19,5,16,2475,AA,LAX,15,183,289,315,0,15,178,306,0,0,23
51,8,19,5,9,2475,B6,LAX,15,183,289,315,0,15,178,306,0,0,23
-5,8,19,5,9,2475,AA,LAX,15,183,289,315,0,15,178,306,0,0,23
1,8,19,5,13,2475,AA,LAX,15,183,289,315,0,15,178,306,0,0,23
-10,8,19,5,15,2475,AA,LAX,15,183,289,315,0,15,178,306,0,0,23
173,8,19,5,20,2475,AA,LAX,15,183,289,315,0,15,178,306,0,0,23
125,8,19,5,19,2475,AA,LAX,15,183,289,315,0,15,178,306,0,0,23
22,8,19,5,10,2475,AA,LAX,15,183,289,315,0,15,178,306,0,0,23
24,8,19,5,7,2475,B6,LAX,15,183,289,315,0,15,178,306,0,0,23
11,8,19,5,11,2475,B6,LAX,15,183,289,315,0,15,178,306,0,0,23
329,8,19,5,16,2475,B6,LAX,15,183,289,315,0,15,178,306,0,0,23
-3,8,19,5,6,2475,AA,LAX,15,183,289,315,0,15,178,306,0,0,23
222,8,19,5,21,2475,B6,LAX,15,183,289,315,0,15,178,306,0,0,23
-7,8,19,5,12,2475,AA,LAX,15,183,289,315,0,15,178,306,0,0,23
-4,8,19,5,7,2475,AA,LAX,15,183,289,315,0,15,178,306,0,0,23
-7,8,26,5,12,2475,AA,LAX,8,217,283,0,0,9,150,283,0,0,15
-3,8,26,5,10,2475,AA,LAX,8,217,283,0,0,9,150,283,0,0,15
-3,8,26,5,9,2475,AA,LAX,8,217,283,0,0,9,150,283,0,0,15
13,8,26,5,19,2475,AA,LAX,8,217,283,0,0,9,150,283,0,0,15
-2,8,26,5,13,2475,AA,LAX,8,217,283,0,0,9,150,283,0,0,15
-1,8,26,5,7,2475,AA,LAX,8,217,283,0,0,9,150,283,0,0,15
1,8,26,5,15,2475,AA,LAX,8,217,283,0,0,9,150,283,0,0,15
50,8,26,5,7,2475,B6,LAX,8,217,283,0,0,9,150,283,0,0,15
26,8,26,5,11,2475,B6,LAX,8,217,283,0,0,9,150,283,0,0,15
-6,8,26,5,16,2475,B6,LAX,8,217,283,0,0,9,150,283,0,0,15
5,8,26,5,21,2475,B6,LAX,8,217,283,0,0,9,150,283,0,0,15
-2,8,26,5,9,2475,B6,LAX,8,217,283,0,0,9,150,283,0,0,15
-4,8,26,5,16,2475,AA,LAX,8,217,283,0,0,9,150,283,0,0,15
-5,8,26,5,7,2475,AA,LAX,8,217,283,0,0,9,150,283,0,0,15
22,8,26,5,21,2475,AA,LAX,8,217,283,0,0,9,150,283,0,0,15
11,8,26,5,15,2475,DL,LAX,8,217,283,0,0,9,150,283,0,0,15
-1,8,26,5,9,2475,DL,LAX,8,217,283,0,0,9,150,283,0,0,15
0,8,26,5,7,2475,DL,LAX,8,217,283,0,0,9,150,283,0,0,15
-1,8,26,5,12,2475,DL,LAX,8,217,283,0,0,9,150,283,0,0,15
8,8,26,5,17,2475,DL,LAX,8,217,283,0,0,9,150,283,0,0,15
34,8,26,5,21,2475,DL,LAX,8,217,283,0,0,9,150,283,0,0,15
1,8,26,5,19,2475,DL,LAX,8,217,283,0,0,9,150,283,0,0,15
-4,8,26,5,6,2475,UA,LAX,8,217,283,0,0,9,150,283,0,0,15
-4,8,26,5,11,2475,UA,LAX,8,217,283,0,0,9,150,283,0,0,15
-4,8,26,5,8,2475,UA,LAX,8,217,283,0,0,9,150,283,0,0,15
55,8,26,5,20,2475,UA,LAX,8,217,283,0,0,9,150,283,0,0,15
5,8,26,5,17,2475,UA,LAX,8,217,283,0,0,9,150,283,0,0,15
-4,8,26,5,15,2475,UA,LAX,8,217,283,0,0,9,150,283,0,0,15
-8,9,3,6,17,2475,UA,LAX,0,189,283,0,0,20,206,317,5,0,28
-3,9,3,6,6,2475,UA,LAX,0,189,283,0,0,20,206,317,5,0,28
-5,9,3,6,15,2475,UA,LAX,0,189,283,0,0,20,206,317,5,0,28
-6,9,3,6,8,2475,UA,LAX,0,189,283,0,0,20,206,317,5,0,28
-5,9,3,6,11,2475,UA,LAX,0,189,283,0,0,20,206,317,5,0,28
-5,9,3,6,16,2475,AA,LAX,0,189,283,0,0,20,206,317,5,0,28
-1,9,3,6,12,2475,DL,LAX,0,189,283,0,0,20,206,317,5,0,28
-4,9,3,6,15,2475,DL,LAX,0,189,283,0,0,20,206,317,5,0,28
-7,9,3,6,21,2475,B6,LAX,0,189,283,0,0,20,206,317,5,0,28
4,9,3,6,19,2475,DL,LAX,0,189,283,0,0,20,206,317,5,0,28
-1,9,3,6,7,2475,AA,LAX,0,189,283,0,0,20,206,317,5,0,28
-7,9,3,6,13,2475,AA,LAX,0,189,283,0,0,20,206,317,5,0,28
-5,9,3,6,21,2475,AA,LAX,0,189,283,0,0,20,206,317,5,0,28
-5,9,3,6,16,2475,B6,LAX,0,189,283,0,0,20,206,317,5,0,28
-5,9,3,6,9,2475,DL,LAX,0,189,283,0,0,20,206,317,5,0,28
-2,9,3,6,9,2475,B6,LAX,0,189,283,0,0,20,206,317,5,0,28
-11,9,3,6,12,2475,AA,LAX,0,189,283,0,0,20,206,317,5,0,28
-6,9,3,6,9,2475,AA,LAX,0,189,283,0,0,20,206,317,5,0,28
-7,9,3,6,7,2475,B6,LAX,0,189,283,0,0,20,206,317,5,0,28
-6,9,3,6,19,2475,AA,LAX,0,189,283,0,0,20,206,317,5,0,28
57,9,3,6,15,2475,AA,LAX,0,189,283,0,0,20,206,317,5,0,28
3,9,3,6,7,2475,AA,LAX,0,189,283,0,0,20,206,317,5,0,28
-5,9,10,6,12,2475,DL,LAX,7,200,267,0,0,17,133,256,0,0,14
-5,9,10,6,15,2475,DL,LAX,7,200,267,0,0,17,133,256,0,0,14
-4,9,10,6,9,2475,B6,LAX,7,200,267,0,0,17,133,256,0,0,14
0,9,10,6,13,2475,AA,LAX,7,200,267,0,0,17,133,256,0,0,14
-3,9,10,6,19,2475,DL,LAX,7,200,267,0,0,17,133,256,0,0,14
0,9,10,6,6,2475,B6,LAX,7,200,267,0,0,17,133,256,0,0,14
-1,9,10,6,7,2475,AA,LAX,7,200,267,0,0,17,133,256,0,0,14
58,9,10,6,16,2475,AA,LAX,7,200,267,0,0,17,133,256,0,0,14
-6,9,10,6,16,2475,B6,LAX,7,200,267,0,0,17,133,256,0,0,14
35,9,10,6,19,2475,AA,LAX,7,200,267,0,0,17,133,256,0,0,14
-2,9,10,6,21,2475,AA,LAX,7,200,267,0,0,17,133,256,0,0,14
12,9,10,6,20,2475,B6,LAX,7,200,267,0,0,17,133,256,0,0,14
-4,9,10,6,7,2475,AA,LAX,7,200,267,0,0,17,133,256,0,0,14
-8,9,10,6,12,2475,AA,LAX,7,200,267,0,0,17,133,256,0,0,14
-6,9,10,6,9,2475,AA,LAX,7,200,267,0,0,17,133,256,0,0,14
0,9,10,6,15,2475,AA,LAX,7,200,267,0,0,17,133,256,0,0,14
-1,9,10,6,17,2475,DL,LAX,7,200,267,0,0,17,133,256,0,0,14
0,9,10,6,9,2475,DL,LAX,7,200,267,0,0,17,133,256,0,0,14
34,9,10,6,17,2475,UA,LAX,7,200,267,0,0,17,133,256,0,0,14
-6,9,10,6,11,2475,UA,LAX,7,200,267,0,0,17,133,256,0,0,14
-2,9,10,6,15,2475,UA,LAX,7,200,267,0,0,17,133,256,0,0,14
-3,9,10,6,6,2475,UA,LAX,7,200,267,0,0,17,133,256,0,0,14
16,9,10,6,8,2475,UA,LAX,7,200,267,0,0,17,133,256,0,0,14
-10,10,1,6,9,2475,AA,LAX,7,100,194,99,0,22,56,133,0,0,46
13,10,1,6,19,2475,DL,LAX,7,100,194,99,0,22,56,133,0,0,46
-5,10,1,6,15,2475,DL,LAX,7,100,194,99,0,22,56,133,0,0,46
-3,10,1,6,12,2475,DL,LAX,7,100,194,99,0,22,56,133,0,0,46
-4,10,1,6,9,2475,DL,LAX,7,100,194,99,0,22,56,133,0,0,46
-2,10,1,6,17,2475,DL,LAX,7,100,194,99,0,22,56,133,0,0,46
28,10,1,6,20,2475,B6,LAX,7,100,194,99,0,22,56,133,0,0,46
5,10,1,6,16,2475,B6,LAX,7,100,194,99,0,22,56,133,0,0,46
0,10,1,6,6,2475,B6,LAX,7,100,194,99,0,22,56,133,0,0,46
-1,10,1,6,9,2475,B6,LAX,7,100,194,99,0,22,56,133,0,0,46
21,10,1,6,7,2475,AA,LAX,7,100,194,99,0,22,56,133,0,0,46
2,10,1,6,21,2475,AA,LAX,7,100,194,99,0,22,56,133,0,0,46
-1,10,1,6,16,2475,AA,LAX,7,100,194,99,0,22,56,133,0,0,46
-2,10,1,6,15,2475,AA,LAX,7,100,194,99,0,22,56,133,0,0,46
14,10,1,6,13,2475,AA,LAX,7,100,194,99,0,22,56,133,0,0,46
-2,10,1,6,7,2475,AA,LAX,7,100,194,99,0,22,56,133,0,0,46
23,10,1,6,19,2475,AA,LAX,7,100,194,99,0,22,56,133,0,0,46
-9,10,1,6,12,2475,AA,LAX,7,100,194,99,0,22,56,133,0,0,46
-3,10,1,6,8,2475,UA,LAX,7,100,194,99,0,22,56,133,0,0,46
0,10,1,6,11,2475,UA,LAX,7,100,194,99,0,22,56,133,0,0,46
-6,10,1,6,6,2475,UA,LAX,7,100,194,99,0,22,56,133,0,0,46
5,10,1,6,17,2475,UA,LAX,7,100,194,99,0,22,56,133,0,0,46
9,10,1,6,15,2475,UA,LAX,7,100,194,99,0,22,56,133,0,0,46
38,10,29,6,17,2475,UA,LAX,13,6,72,508,74,39,11,128,0,0,23
-3,10,29,6,6,2475,UA,LAX,13,6,72,508,74,39,11,128,0,0,23
-4,10,29,6,11,2475,UA,LAX,13,6,72,508,74,39,11,128,0,0,23
-2,10,29,6,8,2475,UA,LAX,13,6,72,508,74,39,11,128,0,0,23
8,10,29,6,15,2475,UA,LAX,13,6,72,508,74,39,11,128,0,0,23
-6,10,29,6,6,2475,B6,LAX,13,6,72,508,74,39,11,128,0,0,23
1,10,29,6,13,2475,AA,LAX,13,6,72,508,74,39,11,128,0,0,23
-9,10,29,6,9,2475,AA,LAX,13,6,72,508,74,39,11,128,0,0,23
-5,10,29,6,12,2475,AA,LAX,13,6,72,508,74,39,11,128,0,0,23
143,10,29,6,15,2475,AA,LAX,13,6,72,508,74,39,11,128,0,0,23
-5,10,29,6,9,2475,B6,LAX,13,6,72,508,74,39,11,128,0,0,23
-8,10,29,6,7,2475,AA,LAX,13,6,72,508,74,39,11,128,0,0,23
-1,10,29,6,7,2475,AA,LAX,13,6,72,508,74,39,11,128,0,0,23
57,10,29,6,19,2475,DL,LAX,13,6,72,508,74,39,11,128,0,0,23
59,10,29,6,15,2475,DL,LAX,13,6,72,508,74,39,11,128,0,0,23
0,10,29,6,12,2475,DL,LAX,13,6,72,508,74,39,11,128,0,0,23
-3,10,29,6,7,2475,DL,LAX,13,6,72,508,74,39,11,128,0,0,23
0,10,29,6,9,2475,DL,LAX,13,6,72,508,74,39,11,128,0,0,23
56,10,29,6,17,2475,DL,LAX,13,6,72,508,74,39,11,128,0,0,23
8,10,29,6,19,2475,AA,LAX,13,6,72,508,74,39,11,128,0,0,23
309,10,29,6,20,2475,B6,LAX,13,6,72,508,74,39,11,128,0,0,23
32,10,29,6,16,2475,B6,LAX,13,6,72,508,74,39,11,128,0,0,23
-4,11,6,7,9,2475,B6,LAX,5,33,122,0,0,18,50,150,0,0,72
-6,11,6,7,16,2475,B6,LAX,5,33,122,0,0,18,50,150,0,0,72
9,11,6,7,19,2475,DL,LAX,5,33,122,0,0,18,50,150,0,0,72
0,11,6,7,21,2475,DL,LAX,5,33,122,0,0,18,50,150,0,0,72
-4,11,6,7,15,2475,DL,LAX,5,33,122,0,0,18,50,150,0,0,72
-4,11,6,7,12,2475,DL,LAX,5,33,122,0,0,18,50,150,0,0,72
-2,11,6,7,9,2475,DL,LAX,5,33,122,0,0,18,50,150,0,0,72
-5,11,6,7,17,2475,DL,LAX,5,33,122,0,0,18,50,150,0,0,72
5,11,6,7,20,2475,B6,LAX,5,33,122,0,0,18,50,150,0,0,72
-5,11,6,7,7,2475,B6,LAX,5,33,122,0,0,18,50,150,0,0,72
-4,11,6,7,11,2475,B6,LAX,5,33,122,0,0,18,50,150,0,0,72
47,11,6,7,20,2475,UA,LAX,5,33,122,0,0,18,50,150,0,0,72
1,11,6,7,17,2475,UA,LAX,5,33,122,0,0,18,50,150,0,0,72
9,11,6,7,8,2475,UA,LAX,5,33,122,0,0,18,50,150,0,0,72
-3,11,6,7,11,2475,UA,LAX,5,33,122,0,0,18,50,150,0,0,72
-5,11,6,7,15,2475,UA,LAX,5,33,122,0,0,18,50,150,0,0,72
-3,11,6,7,12,2475,AA,LAX,5,33,122,0,0,18,50,150,0,0,72
146,11,6,7,19,2475,AA,LAX,5,33,122,0,0,18,50,150,0,0,72
-6,11,6,7,10,2475,AA,LAX,5,33,122,0,0,18,50,150,0,0,72
-3,11,6,7,21,2475,AA,LAX,5,33,122,0,0,18,50,150,0,0,72
97,11,6,7,16,2475,AA,LAX,5,33,122,0,0,18,50,150,0,0,72
-5,11,6,7,9,2475,AA,LAX,5,33,122,0,0,18,50,150,0,0,72
20,11,6,7,15,2475,AA,LAX,5,33,122,0,0,18,50,150,0,0,72
-4,11,6,7,13,2475,AA,LAX,5,33,122,0,0,18,50,150,0,0,72
-1,11,6,7,7,2475,AA,LAX,5,33,122,0,0,18,50,150,0,0,72
0,11,13,7,12,2475,AA,LAX,2,83,161,0,0,25,83,211,0,0,88
-1,11,13,7,9,2475,AA,LAX,2,83,161,0,0,25,83,211,0,0,88
-7,11,13,7,10,2475,AA,LAX,2,83,161,0,0,25,83,211,0,0,88
2,11,13,7,19,2475,AA,LAX,2,83,161,0,0,25,83,211,0,0,88
-5,11,13,7,7,2475,AA,LAX,2,83,161,0,0,25,83,211,0,0,88
5,11,13,7,13,2475,AA,LAX,2,83,161,0,0,25,83,211,0,0,88
-5,11,13,7,15,2475,AA,LAX,2,83,161,0,0,25,83,211,0,0,88
22,11,13,7,16,2475,AA,LAX,2,83,161,0,0,25,83,211,0,0,88
-5,11,13,7,21,2475,AA,LAX,2,83,161,0,0,25,83,211,0,0,88
36,11,13,7,15,2475,DL,LAX,2,83,161,0,0,25,83,211,0,0,88
-4,11,13,7,12,2475,DL,LAX,2,83,161,0,0,25,83,211,0,0,88
-3,11,13,7,17,2475,DL,LAX,2,83,161,0,0,25,83,211,0,0,88
30,11,13,7,11,2475,B6,LAX,2,83,161,0,0,25,83,211,0,0,88
-2,11,13,7,7,2475,B6,LAX,2,83,161,0,0,25,83,211,0,0,88
-2,11,13,7,9,2475,DL,LAX,2,83,161,0,0,25,83,211,0,0,88
5,11,13,7,16,2475,B6,LAX,2,83,161,0,0,25,83,211,0,0,88
33,11,13,7,20,2475,B6,LAX,2,83,161,0,0,25,83,211,0,0,88
-2,11,13,7,9,2475,B6,LAX,2,83,161,0,0,25,83,211,0,0,88
-3,11,13,7,19,2475,DL,LAX,2,83,161,0,0,25,83,211,0,0,88
8,11,13,7,21,2475,DL,LAX,2,83,161,0,0,25,83,211,0,0,88
-2,11,13,7,8,2475,UA,LAX,2,83,161,0,0,25,83,211,0,0,88
-5,11,13,7,11,2475,UA,LAX,2,83,161,0,0,25,83,211,0,0,88
0,11,13,7,15,2475,UA,LAX,2,83,161,0,0,25,83,211,0,0,88
-1,11,13,7,17,2475,UA,LAX,2,83,161,0,0,25,83,211,0,0,88
1,11,13,7,20,2475,UA,LAX,2,83,161,0,0,25,83,211,0,0,88
-3,11,20,7,9,2475,AA,LAX,2,94,183,0,0,38,39,128,0,0,52
-3,11,20,7,21,2475,AA,LAX,2,94,183,0,0,38,39,128,0,0,52
231,11,20,7,13,2475,AA,LAX,2,94,183,0,0,38,39,128,0,0,52
-6,11,20,7,10,2475,AA,LAX,2,94,183,0,0,38,39,128,0,0,52
-2,11,20,7,15,2475,AA,LAX,2,94,183,0,0,38,39,128,0,0,52
-6,11,20,7,19,2475,AA,LAX,2,94,183,0,0,38,39,128,0,0,52
-6,11,20,7,12,2475,AA,LAX,2,94,183,0,0,38,39,128,0,0,52
106,11,20,7,7,2475,AA,LAX,2,94,183,0,0,38,39,128,0,0,52
-7,11,20,7,16,2475,AA,LAX,2,94,183,0,0,38,39,128,0,0,52
-1,11,20,7,15,2475,UA,LAX,2,94,183,0,0,38,39,128,0,0,52
-4,11,20,7,17,2475,UA,LAX,2,94,183,0,0,38,39,128,0,0,52
-5,11,20,7,11,2475,UA,LAX,2,94,183,0,0,38,39,128,0,0,52
-5,11,20,7,8,2475,UA,LAX,2,94,183,0,0,38,39,128,0,0,52
2,11,20,7,9,2475,B6,LAX,2,94,183,0,0,38,39,128,0,0,52
3,11,20,7,20,2475,B6,LAX,2,94,183,0,0,38,39,128,0,0,52
-5,11,20,7,16,2475,B6,LAX,2,94,183,0,0,38,39,128,0,0,52
-8,11,20,7,11,2475,B6,LAX,2,94,183,0,0,38,39,128,0,0,52
-4,11,20,7,7,2475,B6,LAX,2,94,183,0,0,38,39,128,0,0,52
-1,11,20,7,21,2475,DL,LAX,2,94,183,0,0,38,39,128,0,0,52
-6,11,20,7,19,2475,DL,LAX,2,94,183,0,0,38,39,128,0,0,52
-4,11,20,7,9,2475,DL,LAX,2,94,183,0,0,38,39,128,0,0,52
-2,11,20,7,17,2475,DL,LAX,2,94,183,0,0,38,39,128,0,0,52
16,11,20,7,15,2475,DL,LAX,2,94,183,0,0,38,39,128,0,0,52
-4,11,20,7,12,2475,DL,LAX,2,94,183,0,0,38,39,128,0,0,52
-2,12,18,7,15,2475,UA,LAX,7,-56,-6,0,0,20,-39,67,0,0,42
-2,12,18,7,17,2475,UA,LAX,7,-56,-6,0,0,20,-39,67,0,0,42
0,12,18,7,11,2475,UA,LAX,7,-56,-6,0,0,20,-39,67,0,0,42
-2,12,18,7,6,2475,UA,LAX,7,-56,-6,0,0,20,-39,67,0,0,42
6,12,18,7,8,2475,UA,LAX,7,-56,-6,0,0,20,-39,67,0,0,42
8,12,18,7,6,2475,AA,LAX,7,-56,-6,0,0,20,-39,67,0,0,42
15,12,18,7,9,2475,AA,LAX,7,-56,-6,0,0,20,-39,67,0,0,42
-5,12,18,7,12,2475,AA,LAX,7,-56,-6,0,0,20,-39,67,0,0,42
-4,12,18,7,19,2475,DL,LAX,7,-56,-6,0,0,20,-39,67,0,0,42
-1,12,18,7,21,2475,DL,LAX,7,-56,-6,0,0,20,-39,67,0,0,42
-2,12,18,7,10,2475,AA,LAX,7,-56,-6,0,0,20,-39,67,0,0,42
32,12,18,7,15,2475,DL,LAX,7,-56,-6,0,0,20,-39,67,0,0,42
-1,12,18,7,12,2475,DL,LAX,7,-56,-6,0,0,20,-39,67,0,0,42
-4,12,18,7,9,2475,DL,LAX,7,-56,-6,0,0,20,-39,67,0,0,42
2,12,18,7,19,2475,AA,LAX,7,-56,-6,0,0,20,-39,67,0,0,42
-5,12,18,7,17,2475,DL,LAX,7,-56,-6,0,0,20,-39,67,0,0,42
0,12,18,7,7,2475,AA,LAX,7,-56,-6,0,0,20,-39,67,0,0,42
-4,12,18,7,13,2475,AA,LAX,7,-56,-6,0,0,20,-39,67,0,0,42
68,12,18,7,20,2475,B6,LAX,7,-56,-6,0,0,20,-39,67,0,0,42
12,12,18,7,16,2475,B6,LAX,7,-56,-6,0,0,20,-39,67,0,0,42
-1,12,18,7,11,2475,B6,LAX,7,-56,-6,0,0,20,-39,67,0,0,42
-2,12,18,7,15,2475,AA,LAX,7,-56,-6,0,0,20,-39,67,0,0,42
-3,12,18,7,7,2475,B6,LAX,7,-56,-6,0,0,20,-39,67,0,0,42
43,12,18,7,16,2475,AA,LAX,7,-56,-6,0,0,20,-39,67,0,0,42
2,12,25,7,6,2475,UA,LAX,0,-6,78,0,0,26,-17,72,0,0,52
-6,12,25,7,11,2475,UA,LAX,0,-6,78,0,0,26,-17,72,0,0,52
2,12,25,7,17,2475,UA,LAX,0,-6,78,0,0,26,-17,72,0,0,52
-5,12,25,7,15,2475,UA,LAX,0,-6,78,0,0,26,-17,72,0,0,52
-1,12,25,7,7,2475,AA,LAX,0,-6,78,0,0,26,-17,72,0,0,52
-1,12,25,7,7,2475,B6,LAX,0,-6,78,0,0,26,-17,72,0,0,52
-1,12,25,7,12,2475,DL,LAX,0,-6,78,0,0,26,-17,72,0,0,52
-5,12,25,7,15,2475,DL,LAX,0,-6,78,0,0,26,-17,72,0,0,52
-7,12,25,7,15,2475,AA,LAX,0,-6,78,0,0,26,-17,72,0,0,52
19,12,25,7,19,2475,DL,LAX,0,-6,78,0,0,26,-17,72,0,0,52
-3,12,25,7,13,2475,AA,LAX,0,-6,78,0,0,26,-17,72,0,0,52
-4,12,25,7,10,2475,AA,LAX,0,-6,78,0,0,26,-17,72,0,0,52
-11,12,25,7,12,2475,AA,LAX,0,-6,78,0,0,26,-17,72,0,0,52
2,12,25,7,19,2475,AA,LAX,0,-6,78,0,0,26,-17,72,0,0,52
14,12,25,7,20,2475,B6,LAX,0,-6,78,0,0,26,-17,72,0,0,52
7,12,25,7,9,2475,DL,LAX,0,-6,78,0,0,26,-17,72,0,0,52
1,12,25,7,6,2475,AA,LAX,0,-6,78,0,0,26,-17,72,0,0,52
0,12,25,7,16,2475,B6,LAX,0,-6,78,0,0,26,-17,72,0,0,52
-5,12,25,7,11,2475,B6,LAX,0,-6,78,0,0,26,-17,72,0,0,52
