-2,1,2,7,15,2475,DL,LAX,1,17,111,3,0,23,-111,-44,0,0,49
47,1,2,7,21,2475,B6,LAX,1,17,111,3,0,23,-111,-44,0,0,49
0,1,2,7,18,2475,B6,LAX,1,17,111,3,0,23,-111,-44,0,0,49
0,1,2,7,16,2475,B6,LAX,1,17,111,3,0,23,-111,-44,0,0,49
81,1,2,7,11,2475,B6,LAX,1,17,111,3,0,23,-111,-44,0,0,49
6,1,2,7,7,2475,B6,LAX,1,17,111,3,0,23,-111,-44,0,0,49
1,1,2,7,6,2475,AA,LAX,1,17,111,3,0,23,-111,-44,0,0,49
15,1,2,7,21,2475,AA,LAX,1,17,111,3,0,23,-111,-44,0,0,49
126,1,2,7,16,2475,AA,LAX,1,17,111,3,0,23,-111,-44,0,0,49
-6,1,2,7,17,2475,DL,LAX,1,17,111,3,0,23,-111,-44,0,0,49
12,1,2,7,15,2475,AA,LAX,1,17,111,3,0,23,-111,-44,0,0,49
-4,1,2,7,13,2475,AA,LAX,1,17,111,3,0,23,-111,-44,0,0,49
-2,1,2,7,7,2475,AA,LAX,1,17,111,3,0,23,-111,-44,0,0,49
30,1,2,7,19,2475,AA,LAX,1,17,111,3,0,23,-111,-44,0,0,49
-4,1,2,7,10,2475,AA,LAX,1,17,111,3,0,23,-111,-44,0,0,49
-2,1,2,7,9,2475,AA,LAX,1,17,111,3,0,23,-111,-44,0,0,49
-3,1,2,7,11,2475,AA,LAX,1,17,111,3,0,23,-111,-44,0,0,49
-1,1,2,7,12,2475,DL,LAX,1,17,111,3,0,23,-111,-44,0,0,49
1,1,2,7,9,2475,DL,LAX,1,17,111,3,0,23,-111,-44,0,0,49
41,1,2,7,21,2475,DL,LAX,1,17,111,3,0,23,-111,-44,0,0,49
16,1,2,7,19,2475,DL,LAX,1,17,111,3,0,23,-111,-44,0,0,49
-6,1,2,7,8,2475,UA,LAX,1,17,111,3,0,23,-111,-44,0,0,49
-3,1,2,7,11,2475,UA,LAX,1,17,111,3,0,23,-111,-44,0,0,49
39,1,2,7,18,2475,UA,LAX,1,17,111,3,0,23,-111,-44,0,0,49
0,1,2,7,20,2475,UA,LAX,1,17,111,3,0,23,-111,-44,0,0,49
-2,1,2,7,6,2475,UA,LAX,1,17,111,3,0,23,-111,-44,0,0,49
-3,1,2,7,15,2475,UA,LAX,1,17,111,3,0,23,-111,-44,0,0,49
-1,2,7,1,17,2475,DL,LAX,12,22,72,33,0,21,-72,0,33,81,28
0,2,7,1,9,2475,DL,LAX,12,22,72,33,0,21,-72,0,33,81,28
-6,2,7,1,9,2475,AA,LAX,12,22,72,33,0,21,-72,0,33,81,28
-6,2,7,1,19,2475,AA,LAX,12,22,72,33,0,21,-72,0,33,81,28
-3,2,7,1,19,2475,DL,LAX,12,22,72,33,0,21,-72,0,33,81,28
-6,2,7,1,10,2475,AA,LAX,12,22,72,33,0,21,-72,0,33,81,28
-3,2,7,1,7,2475,DL,LAX,12,22,72,33,0,21,-72,0,33,81,28
-6,2,7,1,13,2475,AA,LAX,12,22,72,33,0,21,-72,0,33,81,28
68,2,7,1,21,2475,AA,LAX,12,22,72,33,0,21,-72,0,33,81,28
-1,2,7,1,11,2475,AA,LAX,12,22,72,33,0,21,-72,0,33,81,28
-8,2,7,1,12,2475,DL,LAX,12,22,72,33,0,21,-72,0,33,81,28
-8,2,7,1,6,2475,AA,LAX,12,22,72,33,0,21,-72,0,33,81,28
0,2,7,1,7,2475,B6,LAX,12,22,72,33,0,21,-72,0,33,81,28
-4,2,7,1,15,2475,B6,LAX,12,22,72,33,0,21,-72,0,33,81,28
8,2,7,1,16,2475,AA,LAX,12,22,72,33,0,21,-72,0,33,81,28
-6,2,7,1,7,2475,AA,LAX,12,22,72,33,0,21,-72,0,33,81,28
-5,2,7,1,21,2475,DL,LAX,12,22,72,33,0,21,-72,0,33,81,28
-3,2,7,1,15,2475,DL,LAX,12,22,72,33,0,21,-72,0,33,81,28
-3,2,7,1,18,2475,B6,LAX,12,22,72,33,0,21,-72,0,33,81,28
-2,2,7,1,11,2475,UA,LAX,12,22,72,33,0,21,-72,0,33,81,28
-3,2,7,1,15,2475,UA,LAX,12,22,72,33,0,21,-72,0,33,81,28
-6,2,7,1,18,2475,UA,LAX,12,22,72,33,0,21,-72,0,33,81,28
-7,2,7,1,8,2475,UA,LAX,12,22,72,33,0,21,-72,0,33,81,28
-3,2,7,1,6,2475,UA,LAX,12,22,72,33,0,21,-72,0,33,81,28
-1,2,7,1,20,2475,UA,LAX,12,22,72,33,0,21,-72,0,33,81,28
5,2,14,1,8,2475,UA,LAX,5,28,144,0,0,59,-33,56,0,0,58
0,2,14,1,11,2475,UA,LAX,5,28,144,0,0,59,-33,56,0,0,58
-5,2,14,1,15,2475,UA,LAX,5,28,144,0,0,59,-33,56,0,0,58
-7,2,14,1,6,2475,UA,LAX,5,28,144,0,0,59,-33,56,0,0,58
17,2,14,1,20,2475,UA,LAX,5,28,144,0,0,59,-33,56,0,0,58
4,2,14,1,18,2475,UA,LAX,5,28,144,0,0,59,-33,56,0,0,58
-6,2,14,1,17,2475,DL,LAX,5,28,144,0,0,59,-33,56,0,0,58
-5,2,14,1,7,2475,DL,LAX,5,28,144,0,0,59,-33,56,0,0,58
0,2,14,1,9,2475,DL,LAX,5,28,144,0,0,59,-33,56,0,0,58
-6,2,14,1,12,2475,DL,LAX,5,28,144,0,0,59,-33,56,0,0,58
0,2,14,1,15,2475,AA,LAX,5,28,144,0,0,59,-33,56,0,0,58
-5,2,14,1,21,2475,AA,LAX,5,28,144,0,0,59,-33,56,0,0,58
-3,2,14,1,13,2475,AA,LAX,5,28,144,0,0,59,-33,56,0,0,58
-3,2,14,1,6,2475,AA,LAX,5,28,144,0,0,59,-33,56,0,0,58
0,2,14,1,7,2475,AA,LAX,5,28,144,0,0,59,-33,56,0,0,58
-5,2,14,1,15,2475,DL,LAX,5,28,144,0,0,59,-33,56,0,0,58
2,2,14,1,7,2475,B6,LAX,5,28,144,0,0,59,-33,56,0,0,58
22,2,14,1,15,2475,B6,LAX,5,28,144,0,0,59,-33,56,0,0,58
-2,2,14,1,18,2475,B6,LAX,5,28,144,0,0,59,-33,56,0,0,58
7,2,14,1,19,2475,AA,LAX,5,28,144,0,0,59,-33,56,0,0,58
-3,2,14,1,10,2475,AA,LAX,5,28,144,0,0,59,-33,56,0,0,58
97,2,14,1,17,2475,AA,LAX,5,28,144,0,0,59,-33,56,0,0,58
23,2,14,1,9,2475,AA,LAX,5,28,144,0,0,59,-33,56,0,0,58
46,2,14,1,12,2475,AA,LAX,5,28,144,0,0,59,-33,56,0,0,58
-7,2,14,1,21,2475,DL,LAX,5,28,144,0,0,59,-33,56,0,0,58
-7,2,14,1,19,2475,DL,LAX,5,28,144,0,0,59,-33,56,0,0,58
-2,2,21,1,18,2475,B6,LAX,2,-44,28,86,81,37,-39,6,0,0,68
-5,2,21,1,13,2475,AA,LAX,2,-44,28,86,81,37,-39,6,0,0,68
-3,2,21,1,10,2475,AA,LAX,2,-44,28,86,81,37,-39,6,0,0,68
33,2,21,1,7,2475,AA,LAX,2,-44,28,86,81,37,-39,6,0,0,68
-2,2,21,1,6,2475,AA,LAX,2,-44,28,86,81,37,-39,6,0,0,68
8,2,21,1,19,2475,AA,LAX,2,-44,28,86,81,37,-39,6,0,0,68
19,2,21,1,15,2475,DL,LAX,2,-44,28,86,81,37,-39,6,0,0,68
-1,2,21,1,17,2475,AA,LAX,2,-44,28,86,81,37,-39,6,0,0,68
45,2,21,1,9,2475,AA,LAX,2,-44,28,86,81,37,-39,6,0,0,68
-3,2,21,1,15,2475,AA,LAX,2,-44,28,86,81,37,-39,6,0,0,68
-5,2,21,1,12,2475,AA,LAX,2,-44,28,86,81,37,-39,6,0,0,68
3,2,21,1,21,2475,AA,LAX,2,-44,28,86,81,37,-39,6,0,0,68
-6,2,21,1,17,2475,DL,LAX,2,-44,28,86,81,37,-39,6,0,0,68
-1,2,21,1,7,2475,B6,LAX,2,-44,28,86,81,37,-39,6,0,0,68
-3,2,21,1,15,2475,B6,LAX,2,-44,28,86,81,37,-39,6,0,0,68
1,2,21,1,11,2475,UA,LAX,2,-44,28,86,81,37,-39,6,0,0,68
-2,2,21,1,20,2475,UA,LAX,2,-44,28,86,81,37,-39,6,0,0,68
0,2,21,1,12,2475,DL,LAX,2,-44,28,86,81,37,-39,6,0,0,68
-4,2,21,1,6,2475,UA,LAX,2,-44,28,86,81,37,-39,6,0,0,68
-5,2,21,1,8,2475,UA,LAX,2,-44,28,86,81,37,-39,6,0,0,68
1,2,21,1,21,2475,DL,LAX,2,-44,28,86,81,37,-39,6,0,0,68
1,2,21,1,9,2475,DL,LAX,2,-44,28,86,81,37,-39,6,0,0,68
-1,2,21,1,19,2475,DL,LAX,2,-44,28,86,81,37,-39,6,0,0,68
-7,2,21,1,15,2475,UA,LAX,2,-44,28,86,81,37,-39,6,0,0,68
-2,2,21,1,7,2475,DL,LAX,2,-44,28,86,81,37,-39,6,0,0,68
-4,2,21,1,18,2475,UA,LAX,2,-44,28,86,81,37,-39,6,0,0,68
-2,3,19,6,18,2475,UA,LAX,28,33,150,0,0,39,-22,100,0,0,28
0,3,19,6,15,2475,UA,LAX,28,33,150,0,0,39,-22,100,0,0,28
-6,3,19,6,11,2475,UA,LAX,28,33,150,0,0,39,-22,100,0,0,28
-10,3,19,6,8,2475,UA,LAX,28,33,150,0,0,39,-22,100,0,0,28
-2,3,19,6,6,2475,UA,LAX,28,33,150,0,0,39,-22,100,0,0,28
-2,3,19,6,18,2475,UA,LAX,28,33,150,0,0,39,-22,100,0,0,28
0,3,19,6,15,2475,UA,LAX,28,33,150,0,0,39,-22,100,0,0,28
-6,3,19,6,11,2475,UA,LAX,28,33,150,0,0,39,-22,100,0,0,28
-10,3,19,6,8,2475,UA,LAX,28,33,150,0,0,39,-22,100,0,0,28
-2,3,19,6,6,2475,UA,LAX,28,33,150,0,0,39,-22,100,0,0,28
-2,3,19,6,18,2475,UA,LAX,28,33,150,0,0,39,-22,100,0,0,28
0,3,19,6,15,2475,UA,LAX,28,33,150,0,0,39,-22,100,0,0,28
-6,3,19,6,11,2475,UA,LAX,28,33,150,0,0,39,-22,100,0,0,28
-10,3,19,6,8,2475,UA,LAX,28,33,150,0,0,39,-22,100,0,0,28
-2,3,19,6,6,2475,UA,LAX,28,33,150,0,0,39,-22,100,0,0,28
28,3,19,6,15,2475,DL,LAX,28,33,150,0,0,39,-22,100,0,0,28
-5,3,19,6,21,2475,DL,LAX,28,33,150,0,0,39,-22,100,0,0,28
-6,3,19,6,19,2475,DL,LAX,28,33,150,0,0,39,-22,100,0,0,28
-2,3,19,6,17,2475,DL,LAX,28,33,150,0,0,39,-22,100,0,0,28
-4,3,19,6,9,2475,DL,LAX,28,33,150,0,0,39,-22,100,0,0,28
-1,3,19,6,12,2475,DL,LAX,28,33,150,0,0,39,-22,100,0,0,28
-5,3,19,6,18,2475,B6,LAX,28,33,150,0,0,39,-22,100,0,0,28
5,3,19,6,15,2475,B6,LAX,28,33,150,0,0,39,-22,100,0,0,28
28,3,19,6,15,2475,DL,LAX,28,33,150,0,0,39,-22,100,0,0,28
-5,3,19,6,21,2475,DL,LAX,28,33,150,0,0,39,-22,100,0,0,28
-6,3,19,6,19,2475,DL,LAX,28,33,150,0,0,39,-22,100,0,0,28
-2,3,19,6,17,2475,DL,LAX,28,33,150,0,0,39,-22,100,0,0,28
-4,3,19,6,9,2475,DL,LAX,28,33,150,0,0,39,-22,100,0,0,28
-1,3,19,6,12,2475,DL,LAX,28,33,150,0,0,39,-22,100,0,0,28
-4,3,19,6,7,2475,AA,LAX,28,33,150,0,0,39,-22,100,0,0,28
-3,3,19,6,19,2475,AA,LAX,28,33,150,0,0,39,-22,100,0,0,28
-1,3,19,6,13,2475,AA,LAX,28,33,150,0,0,39,-22,100,0,0,28
-9,3,19,6,12,2475,AA,LAX,28,33,150,0,0,39,-22,100,0,0,28
-4,3,19,6,6,2475,AA,LAX,28,33,150,0,0,39,-22,100,0,0,28
0,3,19,6,15,2475,AA,LAX,28,33,150,0,0,39,-22,100,0,0,28
0,3,19,6,21,2475,AA,LAX,28,33,150,0,0,39,-22,100,0,0,28
-4,3,19,6,9,2475,AA,LAX,28,33,150,0,0,39,-22,100,0,0,28
3,3,19,6,17,2475,AA,LAX,28,33,150,0,0,39,-22,100,0,0,28
5,3,19,6,15,2475,B6,LAX,28,33,150,0,0,39,-22,100,0,0,28
0,3,19,6,15,2475,AA,LAX,28,33,150,0,0,39,-22,100,0,0,28
-3,3,19,6,19,2475,AA,LAX,28,33,150,0,0,39,-22,100,0,0,28
-1,3,19,6,13,2475,AA,LAX,28,33,150,0,0,39,-22,100,0,0,28
0,3,19,6,21,2475,AA,LAX,28,33,150,0,0,39,-22,100,0,0,28
3,3,19,6,17,2475,AA,LAX,28,33,150,0,0,39,-22,100,0,0,28
-4,3,19,6,7,2475,AA,LAX,28,33,150,0,0,39,-22,100,0,0,28
-9,3,19,6,12,2475,AA,LAX,28,33,150,0,0,39,-22,100,0,0,28
-4,3,19,6,6,2475,AA,LAX,28,33,150,0,0,39,-22,100,0,0,28
-4,3,19,6,9,2475,AA,LAX,28,33,150,0,0,39,-22,100,0,0,28
-5,3,19,6,18,2475,B6,LAX,28,33,150,0,0,39,-22,100,0,0,28
-4,3,19,6,9,2475,AA,LAX,28,33,150,0,0,39,-22,100,0,0,28
28,3,19,6,15,2475,DL,LAX,28,33,150,0,0,39,-22,100,0,0,28
-4,3,19,6,9,2475,DL,LAX,28,33,150,0,0,39,-22,100,0,0,28
-3,3,19,6,19,2475,AA,LAX,28,33,150,0,0,39,-22,100,0,0,28
0,3,19,6,15,2475,AA,LAX,28,33,150,0,0,39,-22,100,0,0,28
-4,3,19,6,6,2475,AA,LAX,28,33,150,0,0,39,-22,100,0,0,28
-5,3,19,6,18,2475,B6,LAX,28,33,150,0,0,39,-22,100,0,0,28
3,3,19,6,17,2475,AA,LAX,28,33,150,0,0,39,-22,100,0,0,28
0,3,19,6,21,2475,AA,LAX,28,33,150,0,0,39,-22,100,0,0,28
-1,3,19,6,12,2475,DL,LAX,28,33,150,0,0,39,-22,100,0,0,28
-4,3,19,6,7,2475,AA,LAX,28,33,150,0,0,39,-22,100,0,0,28
-5,3,19,6,21,2475,DL,LAX,28,33,150,0,0,39,-22,100,0,0,28
-1,3,19,6,13,2475,AA,LAX,28,33,150,0,0,39,-22,100,0,0,28
-6,3,19,6,19,2475,DL,LAX,28,33,150,0,0,39,-22,100,0,0,28
-9,3,19,6,12,2475,AA,LAX,28,33,150,0,0,39,-22,100,0,0,28
5,3,19,6,15,2475,B6,LAX,28,33,150,0,0,39,-22,100,0,0,28
-2,3,19,6,17,2475,DL,LAX,28,33,150,0,0,39,-22,100,0,0,28
-2,3,26,6,15,2475,AA,LAX,35,-33,44,0,0,40,-39,0,0,0,65
-5,3,26,6,6,2475,AA,LAX,35,-33,44,0,0,40,-39,0,0,0,65
-4,3,26,6,15,2475,DL,LAX,35,-33,44,0,0,40,-39,0,0,0,65
13,3,26,6,21,2475,DL,LAX,35,-33,44,0,0,40,-39,0,0,0,65
-4,3,26,6,12,2475,DL,LAX,35,-33,44,0,0,40,-39,0,0,0,65
-4,3,26,6,19,2475,DL,LAX,35,-33,44,0,0,40,-39,0,0,0,65
0,3,26,6,15,2475,B6,LAX,35,-33,44,0,0,40,-39,0,0,0,65
-1,3,26,6,19,2475,AA,LAX,35,-33,44,0,0,40,-39,0,0,0,65
-2,3,26,6,13,2475,AA,LAX,35,-33,44,0,0,40,-39,0,0,0,65
-6,3,26,6,12,2475,AA,LAX,35,-33,44,0,0,40,-39,0,0,0,65
-6,3,26,6,9,2475,AA,LAX,35,-33,44,0,0,40,-39,0,0,0,65
2,3,26,6,21,2475,AA,LAX,35,-33,44,0,0,40,-39,0,0,0,65
-4,3,26,6,7,2475,AA,LAX,35,-33,44,0,0,40,-39,0,0,0,65
-6,3,26,6,18,2475,B6,LAX,35,-33,44,0,0,40,-39,0,0,0,65
-3,3,26,6,17,2475,DL,LAX,35,-33,44,0,0,40,-39,0,0,0,65
9,3,26,6,17,2475,AA,LAX,35,-33,44,0,0,40,-39,0,0,0,65
-5,3,26,6,9,2475,DL,LAX,35,-33,44,0,0,40,-39,0,0,0,65
-5,3,26,6,9,2475,DL,LAX,35,-33,44,0,0,40,-39,0,0,0,65
-4,3,26,6,12,2475,DL,LAX,35,-33,44,0,0,40,-39,0,0,0,65
-4,3,26,6,15,2475,DL,LAX,35,-33,44,0,0,40,-39,0,0,0,65
13,3,26,6,21,2475,DL,LAX,35,-33,44,0,0,40,-39,0,0,0,65
-4,3,26,6,19,2475,DL,LAX,35,-33,44,0,0,40,-39,0,0,0,65
-6,3,26,6,18,2475,B6,LAX,35,-33,44,0,0,40,-39,0,0,0,65
0,3,26,6,15,2475,B6,LAX,35,-33,44,0,0,40,-39,0,0,0,65
-3,3,26,6,17,2475,DL,LAX,35,-33,44,0,0,40,-39,0,0,0,65
-1,3,26,6,19,2475,AA,LAX,35,-33,44,0,0,40,-39,0,0,0,65
-6,3,26,6,9,2475,AA,LAX,35,-33,44,0,0,40,-39,0,0,0,65
2,3,26,6,21,2475,AA,LAX,35,-33,44,0,0,40,-39,0,0,0,65
9,3,26,6,17,2475,AA,LAX,35,-33,44,0,0,40,-39,0,0,0,65
-5,3,26,6,6,2475,AA,LAX,35,-33,44,0,0,40,-39,0,0,0,65
-6,3,26,6,12,2475,AA,LAX,35,-33,44,0,0,40,-39,0,0,0,65
-6,3,26,6,18,2475,B6,LAX,35,-33,44,0,0,40,-39,0,0,0,65
-2,3,26,6,13,2475,AA,LAX,35,-33,44,0,0,40,-39,0,0,0,65
-2,3,26,6,15,2475,AA,LAX,35,-33,44,0,0,40,-39,0,0,0,65
-4,3,26,6,7,2475,AA,LAX,35,-33,44,0,0,40,-39,0,0,0,65
0,3,26,6,15,2475,B6,LAX,35,-33,44,0,0,40,-39,0,0,0,65
1,3,26,6,11,2475,UA,LAX,35,-33,44,0,0,40,-39,0,0,0,65
-5,3,26,6,15,2475,UA,LAX,35,-33,44,0,0,40,-39,0,0,0,65
-5,3,26,6,8,2475,UA,LAX,35,-33,44,0,0,40,-39,0,0,0,65
-4,3,26,6,18,2475,UA,LAX,35,-33,44,0,0,40,-39,0,0,0,65
-1,3,26,6,6,2475,UA,LAX,35,-33,44,0,0,40,-39,0,0,0,65
1,3,26,6,11,2475,UA,LAX,35,-33,44,0,0,40,-39,0,0,0,65
-5,3,26,6,15,2475,UA,LAX,35,-33,44,0,0,40,-39,0,0,0,65
-5,3,26,6,8,2475,UA,LAX,35,-33,44,0,0,40,-39,0,0,0,65
-4,3,26,6,18,2475,UA,LAX,35,-33,44,0,0,40,-39,0,0,0,65
-1,3,26,6,6,2475,UA,LAX,35,-33,44,0,0,40,-39,0,0,0,65
1,3,26,6,11,2475,UA,LAX,35,-33,44,0,0,40,-39,0,0,0,65
-5,3,26,6,15,2475,UA,LAX,35,-33,44,0,0,40,-39,0,0,0,65
-5,3,26,6,8,2475,UA,LAX,35,-33,44,0,0,40,-39,0,0,0,65
-4,3,26,6,18,2475,UA,LAX,35,-33,44,0,0,40,-39,0,0,0,65
-1,3,26,6,6,2475,UA,LAX,35,-33,44,0,0,40,-39,0,0,0,65
-5,3,26,6,9,2475,DL,LAX,35,-33,44,0,0,40,-39,0,0,0,65
-3,3,26,6,17,2475,DL,LAX,35,-33,44,0,0,40,-39,0,0,0,65
-4,3,26,6,19,2475,DL,LAX,35,-33,44,0,0,40,-39,0,0,0,65
13,3,26,6,21,2475,DL,LAX,35,-33,44,0,0,40,-39,0,0,0,65
-4,3,26,6,15,2475,DL,LAX,35,-33,44,0,0,40,-39,0,0,0,65
-4,3,26,6,12,2475,DL,LAX,35,-33,44,0,0,40,-39,0,0,0,65
9,3,26,6,17,2475,AA,LAX,35,-33,44,0,0,40,-39,0,0,0,65
-1,3,26,6,19,2475,AA,LAX,35,-33,44,0,0,40,-39,0,0,0,65
-2,3,26,6,15,2475,AA,LAX,35,-33,44,0,0,40,-39,0,0,0,65
-6,3,26,6,9,2475,AA,LAX,35,-33,44,0,0,40,-39,0,0,0,65
-6,3,26,6,12,2475,AA,LAX,35,-33,44,0,0,40,-39,0,0,0,65
-4,3,26,6,7,2475,AA,LAX,35,-33,44,0,0,40,-39,0,0,0,65
-5,3,26,6,6,2475,AA,LAX,35,-33,44,0,0,40,-39,0,0,0,65
-2,3,26,6,13,2475,AA,LAX,35,-33,44,0,0,40,-39,0,0,0,65
2,3,26,6,21,2475,AA,LAX,35,-33,44,0,0,40,-39,0,0,0,65
-4,4,3,7,18,2475,UA,LAX,43,56,144,0,0,36,17,222,33,0,66
-3,4,3,7,6,2475,UA,LAX,43,56,144,0,0,36,17,222,33,0,66
15,4,3,7,15,2475,UA,LAX,43,56,144,0,0,36,17,222,33,0,66
-6,4,3,7,11,2475,UA,LAX,43,56,144,0,0,36,17,222,33,0,66
-2,4,3,7,20,2475,UA,LAX,43,56,144,0,0,36,17,222,33,0,66
-4,4,3,7,8,2475,UA,LAX,43,56,144,0,0,36,17,222,33,0,66
-5,4,3,7,7,2475,AA,LAX,43,56,144,0,0,36,17,222,33,0,66
18,4,3,7,9,2475,AA,LAX,43,56,144,0,0,36,17,222,33,0,66
-7,4,3,7,13,2475,AA,LAX,43,56,144,0,0,36,17,222,33,0,66
-5,4,3,7,21,2475,AA,LAX,43,56,144,0,0,36,17,222,33,0,66
-3,4,3,7,12,2475,DL,LAX,43,56,144,0,0,36,17,222,33,0,66
-7,4,3,7,10,2475,AA,LAX,43,56,144,0,0,36,17,222,33,0,66
-3,4,3,7,15,2475,AA,LAX,43,56,144,0,0,36,17,222,33,0,66
53,4,3,7,21,2475,DL,LAX,43,56,144,0,0,36,17,222,33,0,66
-5,4,3,7,18,2475,B6,LAX,43,56,144,0,0,36,17,222,33,0,66
-4,4,3,7,15,2475,B6,LAX,43,56,144,0,0,36,17,222,33,0,66
-3,4,3,7,7,2475,B6,LAX,43,56,144,0,0,36,17,222,33,0,66
-4,4,3,7,6,2475,AA,LAX,43,56,144,0,0,36,17,222,33,0,66
0,4,3,7,19,2475,DL,LAX,43,56,144,0,0,36,17,222,33,0,66
-1,4,3,7,17,2475,AA,LAX,43,56,144,0,0,36,17,222,33,0,66
22,4,3,7,15,2475,DL,LAX,43,56,144,0,0,36,17,222,33,0,66
-6,4,3,7,9,2475,DL,LAX,43,56,144,0,0,36,17,222,33,0,66
-6,4,3,7,17,2475,DL,LAX,43,56,144,0,0,36,17,222,33,0,66
7,4,3,7,19,2475,AA,LAX,43,56,144,0,0,36,17,222,33,0,66
-7,4,3,7,12,2475,AA,LAX,43,56,144,0,0,36,17,222,33,0,66
-5,4,10,7,9,2475,DL,LAX,48,78,133,0,0,18,133,283,0,0,85
-4,4,10,7,18,2475,B6,LAX,48,78,133,0,0,18,133,283,0,0,85
-2,4,10,7,16,2475,B6,LAX,48,78,133,0,0,18,133,283,0,0,85
0,4,10,7,7,2475,B6,LAX,48,78,133,0,0,18,133,283,0,0,85
-6,4,10,7,6,2475,AA,LAX,48,78,133,0,0,18,133,283,0,0,85
1,4,10,7,21,2475,AA,LAX,48,78,133,0,0,18,133,283,0,0,85
-5,4,10,7,16,2475,AA,LAX,48,78,133,0,0,18,133,283,0,0,85
-4,4,10,7,15,2475,AA,LAX,48,78,133,0,0,18,133,283,0,0,85
-1,4,10,7,15,2475,DL,LAX,48,78,133,0,0,18,133,283,0,0,85
-5,4,10,7,17,2475,DL,LAX,48,78,133,0,0,18,133,283,0,0,85
-5,4,10,7,12,2475,DL,LAX,48,78,133,0,0,18,133,283,0,0,85
-4,4,10,7,21,2475,DL,LAX,48,78,133,0,0,18,133,283,0,0,85
-5,4,10,7,19,2475,DL,LAX,48,78,133,0,0,18,133,283,0,0,85
-3,4,10,7,13,2475,AA,LAX,48,78,133,0,0,18,133,283,0,0,85
1,4,10,7,7,2475,AA,LAX,48,78,133,0,0,18,133,283,0,0,85
1,4,10,7,19,2475,AA,LAX,48,78,133,0,0,18,133,283,0,0,85
-6,4,10,7,10,2475,AA,LAX,48,78,133,0,0,18,133,283,0,0,85
-10,4,10,7,12,2475,AA,LAX,48,78,133,0,0,18,133,283,0,0,85
-4,4,10,7,9,2475,AA,LAX,48,78,133,0,0,18,133,283,0,0,85
-6,4,10,7,11,2475,UA,LAX,48,78,133,0,0,18,133,283,0,0,85
6,4,10,7,15,2475,UA,LAX,48,78,133,0,0,18,133,283,0,0,85
-1,4,10,7,20,2475,UA,LAX,48,78,133,0,0,18,133,283,0,0,85
11,4,10,7,18,2475,UA,LAX,48,78,133,0,0,18,133,283,0,0,85
-5,4,10,7,8,2475,UA,LAX,48,78,133,0,0,18,133,283,0,0,85
-2,5,8,7,16,2475,AA,LAX,20,111,233,0,0,22,39,200,0,0,32
-6,5,8,7,12,2475,AA,LAX,20,111,233,0,0,22,39,200,0,0,32
-10,5,8,7,6,2475,AA,LAX,20,111,233,0,0,22,39,200,0,0,32
-3,5,8,7,13,2475,AA,LAX,20,111,233,0,0,22,39,200,0,0,32
-1,5,8,7,7,2475,AA,LAX,20,111,233,0,0,22,39,200,0,0,32
-4,5,8,7,21,2475,AA,LAX,20,111,233,0,0,22,39,200,0,0,32
-11,5,8,7,10,2475,AA,LAX,20,111,233,0,0,22,39,200,0,0,32
-1,5,8,7,9,2475,AA,LAX,20,111,233,0,0,22,39,200,0,0,32
-5,5,8,7,19,2475,AA,LAX,20,111,233,0,0,22,39,200,0,0,32
-2,5,8,7,15,2475,AA,LAX,20,111,233,0,0,22,39,200,0,0,32
-3,5,8,7,20,2475,B6,LAX,20,111,233,0,0,22,39,200,0,0,32
57,5,8,7,9,2475,DL,LAX,20,111,233,0,0,22,39,200,0,0,32
1,5,8,7,21,2475,DL,LAX,20,111,233,0,0,22,39,200,0,0,32
-5,5,8,7,19,2475,DL,LAX,20,111,233,0,0,22,39,200,0,0,32
27,5,8,7,11,2475,B6,LAX,20,111,233,0,0,22,39,200,0,0,32
-4,5,8,7,7,2475,B6,LAX,20,111,233,0,0,22,39,200,0,0,32
-2,5,8,7,12,2475,DL,LAX,20,111,233,0,0,22,39,200,0,0,32
-4,5,8,7,15,2475,DL,LAX,20,111,233,0,0,22,39,200,0,0,32
-4,5,8,7,17,2475,DL,LAX,20,111,233,0,0,22,39,200,0,0,32
-4,5,8,7,16,2475,B6,LAX,20,111,233,0,0,22,39,200,0,0,32
-4,5,8,7,18,2475,UA,LAX,20,111,233,0,0,22,39,200,0,0,32
-1,5,8,7,8,2475,UA,LAX,20,111,233,0,0,22,39,200,0,0,32
0,5,8,7,11,2475,UA,LAX,20,111,233,0,0,22,39,200,0,0,32
0,5,8,7,20,2475,UA,LAX,20,111,233,0,0,22,39,200,0,0,32
-7,5,8,7,15,2475,UA,LAX,20,111,233,0,0,22,39,200,0,0,32
-5,5,15,7,9,2475,AA,LAX,13,144,206,226,0,19,50,78,79,0,96
-1,5,15,7,7,2475,AA,LAX,13,144,206,226,0,19,50,78,79,0,96
-1,5,15,7,6,2475,AA,LAX,13,144,206,226,0,19,50,78,79,0,96
45,5,15,7,21,2475,AA,LAX,13,144,206,226,0,19,50,78,79,0,96
30,5,15,7,10,2475,AA,LAX,13,144,206,226,0,19,50,78,79,0,96
74,5,15,7,19,2475,AA,LAX,13,144,206,226,0,19,50,78,79,0,96
-11,5,15,7,12,2475,AA,LAX,13,144,206,226,0,19,50,78,79,0,96
0,5,15,7,15,2475,AA,LAX,13,144,206,226,0,19,50,78,79,0,96
-5,5,15,7,8,2475,UA,LAX,13,144,206,226,0,19,50,78,79,0,96
-5,5,15,7,11,2475,UA,LAX,13,144,206,226,0,19,50,78,79,0,96
0,5,15,7,15,2475,UA,LAX,13,144,206,226,0,19,50,78,79,0,96
42,5,15,7,18,2475,UA,LAX,13,144,206,226,0,19,50,78,79,0,96
29,5,15,7,20,2475,UA,LAX,13,144,206,226,0,19,50,78,79,0,96
-1,5,15,7,15,2475,DL,LAX,13,144,206,226,0,19,50,78,79,0,96
-3,5,15,7,9,2475,DL,LAX,13,144,206,226,0,19,50,78,79,0,96
18,5,15,7,21,2475,DL,LAX,13,144,206,226,0,19,50,78,79,0,96
242,5,15,7,19,2475,DL,LAX,13,144,206,226,0,19,50,78,79,0,96
-1,5,15,7,12,2475,DL,LAX,13,144,206,226,0,19,50,78,79,0,96
166,5,15,7,20,2475,B6,LAX,13,144,206,226,0,19,50,78,79,0,96
34,5,15,7,16,2475,B6,LAX,13,144,206,226,0,19,50,78,79,0,96
-7,5,15,7,11,2475,B6,LAX,13,144,206,226,0,19,50,78,79,0,96
-4,5,15,7,7,2475,B6,LAX,13,144,206,226,0,19,50,78,79,0,96
-5,5,15,7,17,2475,DL,LAX,13,144,206,226,0,19,50,78,79,0,96
-6,5,22,7,12,2475,DL,LAX,6,122,144,0,0,24,161,306,147,0,51
26,5,22,7,21,2475,DL,LAX,6,122,144,0,0,24,161,306,147,0,51
-2,5,22,7,19,2475,DL,LAX,6,122,144,0,0,24,161,306,147,0,51
-7,5,22,7,7,2475,B6,LAX,6,122,144,0,0,24,161,306,147,0,51
0,5,22,7,11,2475,B6,LAX,6,122,144,0,0,24,161,306,147,0,51
21,5,22,7,16,2475,B6,LAX,6,122,144,0,0,24,161,306,147,0,51
4,5,22,7,9,2475,DL,LAX,6,122,144,0,0,24,161,306,147,0,51
38,5,22,7,20,2475,B6,LAX,6,122,144,0,0,24,161,306,147,0,51
-2,5,22,7,17,2475,DL,LAX,6,122,144,0,0,24,161,306,147,0,51
-3,5,22,7,15,2475,DL,LAX,6,122,144,0,0,24,161,306,147,0,51
-4,5,22,7,18,2475,UA,LAX,6,122,144,0,0,24,161,306,147,0,51
-1,5,22,7,20,2475,UA,LAX,6,122,144,0,0,24,161,306,147,0,51
-2,5,22,7,8,2475,UA,LAX,6,122,144,0,0,24,161,306,147,0,51
13,5,22,7,15,2475,UA,LAX,6,122,144,0,0,24,161,306,147,0,51
-6,5,22,7,11,2475,UA,LAX,6,122,144,0,0,24,161,306,147,0,51
15,5,22,7,10,2475,AA,LAX,6,122,144,0,0,24,161,306,147,0,51
-10,5,22,7,12,2475,AA,LAX,6,122,144,0,0,24,161,306,147,0,51
5,5,22,7,21,2475,AA,LAX,6,122,144,0,0,24,161,306,147,0,51
1,5,22,7,15,2475,AA,LAX,6,122,144,0,0,24,161,306,147,0,51
-1,5,22,7,6,2475,AA,LAX,6,122,144,0,0,24,161,306,147,0,51
10,5,22,7,9,2475,AA,LAX,6,122,144,0,0,24,161,306,147,0,51
-1,5,22,7,16,2475,AA,LAX,6,122,144,0,0,24,161,306,147,0,51
-4,5,22,7,7,2475,AA,LAX,6,122,144,0,0,24,161,306,147,0,51
12,5,22,7,19,2475,AA,LAX,6,122,144,0,0,24,161,306,147,0,51
0,6,27,1,16,2475,AA,LAX,7,189,278,0,0,10,183,272,8,0,48
13,6,27,1,13,2475,AA,LAX,7,189,278,0,0,10,183,272,8,0,48
-5,6,27,1,9,2475,DL,LAX,7,189,278,0,0,10,183,272,8,0,48
18,6,27,1,9,2475,B6,LAX,7,189,278,0,0,10,183,272,8,0,48
27,6,27,1,15,2475,AA,LAX,7,189,278,0,0,10,183,272,8,0,48
-8,6,27,1,12,2475,AA,LAX,7,189,278,0,0,10,183,272,8,0,48
-5,6,27,1,7,2475,AA,LAX,7,189,278,0,0,10,183,272,8,0,48
-1,6,27,1,20,2475,AA,LAX,7,189,278,0,0,10,183,272,8,0,48
-7,6,27,1,9,2475,AA,LAX,7,189,278,0,0,10,183,272,8,0,48
-3,6,27,1,6,2475,AA,LAX,7,189,278,0,0,10,183,272,8,0,48
56,6,27,1,21,2475,B6,LAX,7,189,278,0,0,10,183,272,8,0,48
0,6,27,1,16,2475,B6,LAX,7,189,278,0,0,10,183,272,8,0,48
8,6,27,1,10,2475,AA,LAX,7,189,278,0,0,10,183,272,8,0,48
-1,6,27,1,19,2475,AA,LAX,7,189,278,0,0,10,183,272,8,0,48
-3,6,27,1,11,2475,B6,LAX,7,189,278,0,0,10,183,272,8,0,48
-2,6,27,1,7,2475,B6,LAX,7,189,278,0,0,10,183,272,8,0,48
-1,6,27,1,17,2475,DL,LAX,7,189,278,0,0,10,183,272,8,0,48
-4,6,27,1,15,2475,DL,LAX,7,189,278,0,0,10,183,272,8,0,48
24,6,27,1,19,2475,DL,LAX,7,189,278,0,0,10,183,272,8,0,48
0,6,27,1,21,2475,DL,LAX,7,189,278,0,0,10,183,272,8,0,48
-2,6,27,1,12,2475,DL,LAX,7,189,278,0,0,10,183,272,8,0,48
-3,6,27,1,7,2475,DL,LAX,7,189,278,0,0,10,183,272,8,0,48
-4,6,27,1,8,2475,UA,LAX,7,189,278,0,0,10,183,272,8,0,48
-3,6,27,1,20,2475,UA,LAX,7,189,278,0,0,10,183,272,8,0,48
-7,6,27,1,6,2475,UA,LAX,7,189,278,0,0,10,183,272,8,0,48
-1,6,27,1,17,2475,UA,LAX,7,189,278,0,0,10,183,272,8,0,48
-3,6,27,1,11,2475,UA,LAX,7,189,278,0,0,10,183,272,8,0,48
-4,6,27,1,15,2475,UA,LAX,7,189,278,0,0,10,183,272,8,0,48
-2,7,4,1,16,2475,B6,LAX,0,211,300,0,0,11,183,317,0,0,19
-1,7,4,1,21,2475,B6,LAX,0,211,300,0,0,11,183,317,0,0,19
21,7,4,1,9,2475,B6,LAX,0,211,300,0,0,11,183,317,0,0,19
-1,7,4,1,7,2475,DL,LAX,0,211,300,0,0,11,183,317,0,0,19
4,7,4,1,17,2475,DL,LAX,0,211,300,0,0,11,183,317,0,0,19
196,7,4,1,15,2475,DL,LAX,0,211,300,0,0,11,183,317,0,0,19
3,7,4,1,9,2475,DL,LAX,0,211,300,0,0,11,183,317,0,0,19
17,7,4,1,21,2475,DL,LAX,0,211,300,0,0,11,183,317,0,0,19
0,7,4,1,19,2475,DL,LAX,0,211,300,0,0,11,183,317,0,0,19
-4,7,4,1,12,2475,DL,LAX,0,211,300,0,0,11,183,317,0,0,19
0,7,4,1,7,2475,B6,LAX,0,211,300,0,0,11,183,317,0,0,19
-1,7,4,1,11,2475,B6,LAX,0,211,300,0,0,11,183,317,0,0,19
3,7,4,1,7,2475,AA,LAX,0,211,300,0,0,11,183,317,0,0,19
-2,7,4,1,15,2475,AA,LAX,0,211,300,0,0,11,183,317,0,0,19
6,7,4,1,19,2475,AA,LAX,0,211,300,0,0,11,183,317,0,0,19
-6,7,4,1,10,2475,AA,LAX,0,211,300,0,0,11,183,317,0,0,19
-3,7,4,1,6,2475,AA,LAX,0,211,300,0,0,11,183,317,0,0,19
-5,7,4,1,12,2475,AA,LAX,0,211,300,0,0,11,183,317,0,0,19
-4,7,4,1,13,2475,AA,LAX,0,211,300,0,0,11,183,317,0,0,19
11,7,4,1,20,2475,AA,LAX,0,211,300,0,0,11,183,317,0,0,19
-1,7,4,1,9,2475,AA,LAX,0,211,300,0,0,11,183,317,0,0,19
7,7,4,1,17,2475,UA,LAX,0,211,300,0,0,11,183,317,0,0,19
20,7,4,1,15,2475,UA,LAX,0,211,300,0,0,11,183,317,0,0,19
-4,7,4,1,11,2475,UA,LAX,0,211,300,0,0,11,183,317,0,0,19
-7,7,4,1,8,2475,UA,LAX,0,211,300,0,0,11,183,317,0,0,19
7,7,11,1,20,2475,UA,LAX,7,233,328,0,0,23,217,311,99,0,38
18,7,11,1,17,2475,UA,LAX,7,233,328,0,0,23,217,311,99,0,38
-8,7,11,1,6,2475,UA,LAX,7,233,328,0,0,23,217,311,99,0,38
-4,7,11,1,8,2475,UA,LAX,7,233,328,0,0,23,217,311,99,0,38
-3,7,11,1,11,2475,UA,LAX,7,233,328,0,0,23,217,311,99,0,38
-4,7,11,1,15,2475,UA,LAX,7,233,328,0,0,23,217,311,99,0,38
6,7,11,1,12,2475,AA,LAX,7,233,328,0,0,23,217,311,99,0,38
53,7,11,1,20,2475,AA,LAX,7,233,328,0,0,23,217,311,99,0,38
5,7,11,1,13,2475,AA,LAX,7,233,328,0,0,23,217,311,99,0,38
-2,7,11,1,19,2475,AA,LAX,7,233,328,0,0,23,217,311,99,0,38
-9,7,11,1,6,2475,AA,LAX,7,233,328,0,0,23,217,311,99,0,38
-6,7,11,1,10,2475,AA,LAX,7,233,328,0,0,23,217,311,99,0,38
1,7,11,1,9,2475,AA,LAX,7,233,328,0,0,23,217,311,99,0,38
49,7,11,1,16,2475,AA,LAX,7,233,328,0,0,23,217,311,99,0,38
11,7,11,1,15,2475,AA,LAX,7,233,328,0,0,23,217,311,99,0,38
-3,7,11,1,16,2475,B6,LAX,7,233,328,0,0,23,217,311,99,0,38
-4,7,11,1,9,2475,B6,LAX,7,233,328,0,0,23,217,311,99,0,38
-3,7,11,1,19,2475,DL,LAX,7,233,328,0,0,23,217,311,99,0,38
42,7,11,1,21,2475,DL,LAX,7,233,328,0,0,23,217,311,99,0,38
9,7,11,1,9,2475,DL,LAX,7,233,328,0,0,23,217,311,99,0,38
-5,7,11,1,15,2475,DL,LAX,7,233,328,0,0,23,217,311,99,0,38
-5,7,11,1,12,2475,DL,LAX,7,233,328,0,0,23,217,311,99,0,38
0,7,11,1,7,2475,DL,LAX,7,233,328,0,0,23,217,311,99,0,38
135,7,11,1,17,2475,DL,LAX,7,233,328,0,0,23,217,311,99,0,38
9,7,11,1,21,2475,B6,LAX,7,233,328,0,0,23,217,311,99,0,38
15,7,11,1,7,2475,B6,LAX,7,233,328,0,0,23,217,311,99,0,38
0,7,11,1,11,2475,B6,LAX,7,233,328,0,0,23,217,311,99,0,38
2,8,9,2,6,2475,UA,LAX,25,217,283,531,0,20,178,267,0,0,50
0,8,9,2,15,2475,DL,LAX,25,217,283,531,0,20,178,267,0,0,50
8,8,9,2,9,2475,DL,LAX,25,217,283,531,0,20,178,267,0,0,50
-5,8,9,2,12,2475,DL,LAX,25,217,283,531,0,20,178,267,0,0,50
24,8,9,2,19,2475,DL,LAX,25,217,283,531,0,20,178,267,0,0,50
-1,8,9,2,7,2475,DL,LAX,25,217,283,531,0,20,178,267,0,0,50
18,8,9,2,17,2475,DL,LAX,25,217,283,531,0,20,178,267,0,0,50
91,8,9,2,21,2475,DL,LAX,25,217,283,531,0,20,178,267,0,0,50
60,8,9,2,20,2475,AA,LAX,25,217,283,531,0,20,178,267,0,0,50
-6,8,9,2,7,2475,AA,LAX,25,217,283,531,0,20,178,267,0,0,50
15,8,9,2,15,2475,AA,LAX,25,217,283,531,0,20,178,267,0,0,50
-5,8,9,2,7,2475,B6,LAX,25,217,283,531,0,20,178,267,0,0,50
30,8,9,2,11,2475,B6,LAX,25,217,283,531,0,20,178,267,0,0,50
-5,8,9,2,12,2475,AA,LAX,25,217,283,531,0,20,178,267,0,0,50
28,8,9,2,16,2475,B6,LAX,25,217,283,531,0,20,178,267,0,0,50
47,8,9,2,21,2475,B6,LAX,25,217,283,531,0,20,178,267,0,0,50
5,8,9,2,9,2475,B6,LAX,25,217,283,531,0,20,178,267,0,0,50
234,8,9,2,19,2475,AA,LAX,25,217,283,531,0,20,178,267,0,0,50
1,8,9,2,13,2475,AA,LAX,25,217,283,531,0,20,178,267,0,0,50
-8,8,9,2,9,2475,AA,LAX,25,217,283,531,0,20,178,267,0,0,50
-7,8,9,2,10,2475,AA,LAX,25,217,283,531,0,20,178,267,0,0,50
-1,8,9,2,16,2475,AA,LAX,25,217,283,531,0,20,178,267,0,0,50
15,8,9,2,6,2475,AA,LAX,25,217,283,531,0,20,178,267,0,0,50
35,8,9,2,17,2475,UA,LAX,25,217,283,531,0,20,178,267,0,0,50
58,8,9,2,11,2475,UA,LAX,25,217,283,531,0,20,178,267,0,0,50
43,8,9,2,20,2475,UA,LAX,25,217,283,531,0,20,178,267,0,0,50
7,8,9,2,15,2475,UA,LAX,25,217,283,531,0,20,178,267,0,0,50
-4,8,9,2,8,2475,UA,LAX,25,217,283,531,0,20,178,267,0,0,50
0,8,16,2,7,2475,DL,LAX,18,183,256,5,0,21,161,294,0,0,17
-4,8,16,2,12,2475,DL,LAX,18,183,256,5,0,21,161,294,0,0,17
16,8,16,2,15,2475,DL,LAX,18,183,256,5,0,21,161,294,0,0,17
-2,8,16,2,21,2475,DL,LAX,18,183,256,5,0,21,161,294,0,0,17
-4,8,16,2,19,2475,DL,LAX,18,183,256,5,0,21,161,294,0,0,17
-5,8,16,2,17,2475,DL,LAX,18,183,256,5,0,21,161,294,0,0,17
0,8,16,2,9,2475,DL,LAX,18,183,256,5,0,21,161,294,0,0,17
146,8,16,2,20,2475,AA,LAX,18,183,256,5,0,21,161,294,0,0,17
5,8,16,2,16,2475,AA,LAX,18,183,256,5,0,21,161,294,0,0,17
12,8,16,2,6,2475,AA,LAX,18,183,256,5,0,21,161,294,0,0,17
5,8,16,2,15,2475,AA,LAX,18,183,256,5,0,21,161,294,0,0,17
-9,8,16,2,13,2475,AA,LAX,18,183,256,5,0,21,161,294,0,0,17
0,8,16,2,7,2475,AA,LAX,18,183,256,5,0,21,161,294,0,0,17
-3,8,16,2,19,2475,AA,LAX,18,183,256,5,0,21,161,294,0,0,17
1,8,16,2,10,2475,AA,LAX,18,183,256,5,0,21,161,294,0,0,17
1,8,16,2,12,2475,AA,LAX,18,183,256,5,0,21,161,294,0,0,17
35,8,16,2,11,2475,B6,LAX,18,183,256,5,0,21,161,294,0,0,17
5,8,16,2,16,2475,B6,LAX,18,183,256,5,0,21,161,294,0,0,17
18,8,16,2,21,2475,B6,LAX,18,183,256,5,0,21,161,294,0,0,17
-1,8,16,2,9,2475,B6,LAX,18,183,256,5,0,21,161,294,0,0,17
-5,8,16,2,9,2475,AA,LAX,18,183,256,5,0,21,161,294,0,0,17
-3,8,16,2,15,2475,UA,LAX,18,183,256,5,0,21,161,294,0,0,17
-3,8,16,2,20,2475,UA,LAX,18,183,256,5,0,21,161,294,0,0,17
-6,8,16,2,8,2475,UA,LAX,18,183,256,5,0,21,161,294,0,0,17
0,8,16,2,17,2475,UA,LAX,18,183,256,5,0,21,161,294,0,0,17
-4,8,16,2,11,2475,UA,LAX,18,183,256,5,0,21,161,294,0,0,17
3,8,16,2,6,2475,UA,LAX,18,183,256,5,0,21,161,294,0,0,17
3,8,23,2,6,2475,UA,LAX,11,161,261,0,0,17,167,228,165,0,44
7,8,23,2,20,2475,UA,LAX,11,161,261,0,0,17,167,228,165,0,44
102,8,23,2,15,2475,UA,LAX,11,161,261,0,0,17,167,228,165,0,44
-10,8,23,2,8,2475,UA,LAX,11,161,261,0,0,17,167,228,165,0,44
-3,8,23,2,11,2475,UA,LAX,11,161,261,0,0,17,167,228,165,0,44
8,8,23,2,17,2475,UA,LAX,11,161,261,0,0,17,167,228,165,0,44
4,8,23,2,12,2475,AA,LAX,11,161,261,0,0,17,167,228,165,0,44
72,8,23,2,13,2475,AA,LAX,11,161,261,0,0,17,167,228,165,0,44
5,8,23,2,19,2475,AA,LAX,11,161,261,0,0,17,167,228,165,0,44
-3,8,23,2,21,2475,AA,LAX,11,161,261,0,0,17,167,228,165,0,44
11,8,23,2,16,2475,B6,LAX,11,161,261,0,0,17,167,228,165,0,44
28,8,23,2,21,2475,B6,LAX,11,161,261,0,0,17,167,228,165,0,44
11,8,23,2,7,2475,B6,LAX,11,161,261,0,0,17,167,228,165,0,44
-5,8,23,2,7,2475,AA,LAX,11,161,261,0,0,17,167,228,165,0,44
-4,8,23,2,9,2475,B6,LAX,11,161,261,0,0,17,167,228,165,0,44
36,8,23,2,16,2475,AA,LAX,11,161,261,0,0,17,167,228,165,0,44
4,8,23,2,11,2475,B6,LAX,11,161,261,0,0,17,167,228,165,0,44
-2,8,23,2,7,2475,AA,LAX,11,161,261,0,0,17,167,228,165,0,44
45,8,23,2,15,2475,AA,LAX,11,161,261,0,0,17,167,228,165,0,44
1,8,23,2,10,2475,AA,LAX,11,161,261,0,0,17,167,228,165,0,44
-6,8,23,2,9,2475,AA,LAX,11,161,261,0,0,17,167,228,165,0,44
-5,8,23,2,9,2475,DL,LAX,11,161,261,0,0,17,167,228,165,0,44
9,8,23,2,17,2475,DL,LAX,11,161,261,0,0,17,167,228,165,0,44
-1,8,23,2,7,2475,DL,LAX,11,161,261,0,0,17,167,228,165,0,44
-7,8,23,2,12,2475,DL,LAX,11,161,261,0,0,17,167,228,165,0,44
22,8,23,2,15,2475,DL,LAX,11,161,261,0,0,17,167,228,165,0,44
33,8,23,2,21,2475,DL,LAX,11,161,261,0,0,17,167,228,165,0,44
5,8,23,2,19,2475,DL,LAX,11,161,261,0,0,17,167,228,165,0,44
0,8,30,2,19,2475,DL,LAX,4,161,278,0,0,15,161,244,10,0,28
-5,8,30,2,21,2475,DL,LAX,4,161,278,0,0,15,161,244,10,0,28
-3,8,30,2,12,2475,DL,LAX,4,161,278,0,0,15,161,244,10,0,28
-3,8,30,2,7,2475,DL,LAX,4,161,278,0,0,15,161,244,10,0,28
-5,8,30,2,9,2475,DL,LAX,4,161,278,0,0,15,161,244,10,0,28
11,8,30,2,17,2475,DL,LAX,4,161,278,0,0,15,161,244,10,0,28
17,8,30,2,15,2475,DL,LAX,4,161,278,0,0,15,161,244,10,0,28
-5,8,30,2,15,2475,AA,LAX,4,161,278,0,0,15,161,244,10,0,28
24,8,30,2,16,2475,B6,LAX,4,161,278,0,0,15,161,244,10,0,28
-5,8,30,2,7,2475,AA,LAX,4,161,278,0,0,15,161,244,10,0,28
-2,8,30,2,7,2475,B6,LAX,4,161,278,0,0,15,161,244,10,0,28
-7,8,30,2,9,2475,AA,LAX,4,161,278,0,0,15,161,244,10,0,28
-9,8,30,2,12,2475,AA,LAX,4,161,278,0,0,15,161,244,10,0,28
-3,8,30,2,21,2475,AA,LAX,4,161,278,0,0,15,161,244,10,0,28
27,8,30,2,19,2475,AA,LAX,4,161,278,0,0,15,161,244,10,0,28
51,8,30,2,16,2475,AA,LAX,4,161,278,0,0,15,161,244,10,0,28
14,8,30,2,9,2475,B6,LAX,4,161,278,0,0,15,161,244,10,0,28
-7,8,30,2,7,2475,AA,LAX,4,161,278,0,0,15,161,244,10,0,28
-6,8,30,2,10,2475,AA,LAX,4,161,278,0,0,15,161,244,10,0,28
-1,8,30,2,13,2475,AA,LAX,4,161,278,0,0,15,161,244,10,0,28
-1,8,30,2,21,2475,B6,LAX,4,161,278,0,0,15,161,244,10,0,28
-1,8,30,2,11,2475,B6,LAX,4,161,278,0,0,15,161,244,10,0,28
-2,8,30,2,8,2475,UA,LAX,4,161,278,0,0,15,161,244,10,0,28
-1,8,30,2,17,2475,UA,LAX,4,161,278,0,0,15,161,244,10,0,28
-8,8,30,2,15,2475,UA,LAX,4,161,278,0,0,15,161,244,10,0,28
-3,8,30,2,6,2475,UA,LAX,4,161,278,0,0,15,161,244,10,0,28
7,8,30,2,20,2475,UA,LAX,4,161,278,0,0,15,161,244,10,0,28
-1,8,30,2,11,2475,UA,LAX,4,161,278,0,0,15,161,244,10,0,28
-6,9,28,3,6,2475,UA,LAX,10,200,233,28,0,26,117,172,196,0,31
0,9,28,3,8,2475,UA,LAX,10,200,233,28,0,26,117,172,196,0,31
57,9,28,3,11,2475,UA,LAX,10,200,233,28,0,26,117,172,196,0,31
8,9,28,3,20,2475,UA,LAX,10,200,233,28,0,26,117,172,196,0,31
-5,9,28,3,15,2475,UA,LAX,10,200,233,28,0,26,117,172,196,0,31
0,9,28,3,17,2475,UA,LAX,10,200,233,28,0,26,117,172,196,0,31
-11,9,28,3,9,2475,AA,LAX,10,200,233,28,0,26,117,172,196,0,31
-6,9,28,3,17,2475,DL,LAX,10,200,233,28,0,26,117,172,196,0,31
-4,9,28,3,9,2475,DL,LAX,10,200,233,28,0,26,117,172,196,0,31
-5,9,28,3,15,2475,DL,LAX,10,200,233,28,0,26,117,172,196,0,31
-4,9,28,3,7,2475,DL,LAX,10,200,233,28,0,26,117,172,196,0,31
-1,9,28,3,7,2475,AA,LAX,10,200,233,28,0,26,117,172,196,0,31
-3,9,28,3,9,2475,B6,LAX,10,200,233,28,0,26,117,172,196,0,31
-6,9,28,3,21,2475,AA,LAX,10,200,233,28,0,26,117,172,196,0,31
-5,9,28,3,6,2475,B6,LAX,10,200,233,28,0,26,117,172,196,0,31
-6,9,28,3,11,2475,B6,LAX,10,200,233,28,0,26,117,172,196,0,31
-6,9,28,3,16,2475,B6,LAX,10,200,233,28,0,26,117,172,196,0,31
25,9,28,3,20,2475,B6,LAX,10,200,233,28,0,26,117,172,196,0,31
10,9,28,3,16,2475,AA,LAX,10,200,233,28,0,26,117,172,196,0,31
-5,9,28,3,15,2475,AA,LAX,10,200,233,28,0,26,117,172,196,0,31
0,9,28,3,13,2475,AA,LAX,10,200,233,28,0,26,117,172,196,0,31
-7,9,28,3,7,2475,AA,LAX,10,200,233,28,0,26,117,172,196,0,31
-1,9,28,3,19,2475,AA,LAX,10,200,233,28,0,26,117,172,196,0,31
-4,9,28,3,10,2475,AA,LAX,10,200,233,28,0,26,117,172,196,0,31
85,9,28,3,19,2475,DL,LAX,10,200,233,28,0,26,117,172,196,0,31
-4,9,28,3,12,2475,AA,LAX,10,200,233,28,0,26,117,172,196,0,31
46,9,28,3,21,2475,DL,LAX,10,200,233,28,0,26,117,172,196,0,31
0,9,28,3,12,2475,DL,LAX,10,200,233,28,0,26,117,172,196,0,31
-1,10,19,3,8,2475,UA,LAX,11,156,167,284,0,49,67,94,216,0,81
53,10,19,3,15,2475,UA,LAX,11,156,167,284,0,49,67,94,216,0,81
-3,10,19,3,11,2475,UA,LAX,11,156,167,284,0,49,67,94,216,0,81
99,10,19,3,17,2475,UA,LAX,11,156,167,284,0,49,67,94,216,0,81
89,10,19,3,20,2475,UA,LAX,11,156,167,284,0,49,67,94,216,0,81
0,10,19,3,6,2475,UA,LAX,11,156,167,284,0,49,67,94,216,0,81
-4,10,19,3,17,2475,DL,LAX,11,156,167,284,0,49,67,94,216,0,81
-3,10,19,3,6,2475,B6,LAX,11,156,167,284,0,49,67,94,216,0,81
-2,10,19,3,12,2475,DL,LAX,11,156,167,284,0,49,67,94,216,0,81
12,10,19,3,16,2475,AA,LAX,11,156,167,284,0,49,67,94,216,0,81
90,10,19,3,21,2475,AA,LAX,11,156,167,284,0,49,67,94,216,0,81
-3,10,19,3,7,2475,AA,LAX,11,156,167,284,0,49,67,94,216,0,81
0,10,19,3,15,2475,AA,LAX,11,156,167,284,0,49,67,94,216,0,81
-5,10,19,3,9,2475,DL,LAX,11,156,167,284,0,49,67,94,216,0,81
-1,10,19,3,9,2475,B6,LAX,11,156,167,284,0,49,67,94,216,0,81
-2,10,19,3,13,2475,AA,LAX,11,156,167,284,0,49,67,94,216,0,81
-3,10,19,3,21,2475,DL,LAX,11,156,167,284,0,49,67,94,216,0,81
-3,10,19,3,10,2475,AA,LAX,11,156,167,284,0,49,67,94,216,0,81
-4,10,19,3,7,2475,AA,LAX,11,156,167,284,0,49,67,94,216,0,81
-1,10,19,3,19,2475,DL,LAX,11,156,167,284,0,49,67,94,216,0,81
114,10,19,3,19,2475,AA,LAX,11,156,167,284,0,49,67,94,216,0,81
41,10,19,3,15,2475,DL,LAX,11,156,167,284,0,49,67,94,216,0,81
-2,10,19,3,12,2475,AA,LAX,11,156,167,284,0,49,67,94,216,0,81
58,10,19,3,20,2475,B6,LAX,11,156,167,284,0,49,67,94,216,0,81
-3,10,19,3,16,2475,B6,LAX,11,156,167,284,0,49,67,94,216,0,81
-4,10,19,3,11,2475,B6,LAX,11,156,167,284,0,49,67,94,216,0,81
0,10,19,3,7,2475,DL,LAX,11,156,167,284,0,49,67,94,216,0,81
2,10,19,3,9,2475,AA,LAX,11,156,167,284,0,49,67,94,216,0,81
-1,10,26,3,8,2475,UA,LAX,16,106,167,0,0,13,83,117,0,0,56
3,10,26,3,20,2475,UA,LAX,16,106,167,0,0,13,83,117,0,0,56
-3,10,26,3,17,2475,UA,LAX,16,106,167,0,0,13,83,117,0,0,56
-6,10,26,3,15,2475,UA,LAX,16,106,167,0,0,13,83,117,0,0,56
-4,10,26,3,11,2475,UA,LAX,16,106,167,0,0,13,83,117,0,0,56
-1,10,26,3,6,2475,UA,LAX,16,106,167,0,0,13,83,117,0,0,56
-5,10,26,3,10,2475,AA,LAX,16,106,167,0,0,13,83,117,0,0,56
-6,10,26,3,13,2475,AA,LAX,16,106,167,0,0,13,83,117,0,0,56
-10,10,26,3,12,2475,AA,LAX,16,106,167,0,0,13,83,117,0,0,56
-3,10,26,3,7,2475,AA,LAX,16,106,167,0,0,13,83,117,0,0,56
-5,10,26,3,9,2475,B6,LAX,16,106,167,0,0,13,83,117,0,0,56
-10,10,26,3,7,2475,AA,LAX,16,106,167,0,0,13,83,117,0,0,56
-7,10,26,3,6,2475,B6,LAX,16,106,167,0,0,13,83,117,0,0,56
-2,10,26,3,11,2475,B6,LAX,16,106,167,0,0,13,83,117,0,0,56
-2,10,26,3,16,2475,B6,LAX,16,106,167,0,0,13,83,117,0,0,56
-3,10,26,3,20,2475,B6,LAX,16,106,167,0,0,13,83,117,0,0,56
-4,10,26,3,21,2475,AA,LAX,16,106,167,0,0,13,83,117,0,0,56
-9,10,26,3,9,2475,AA,LAX,16,106,167,0,0,13,83,117,0,0,56
1,10,26,3,16,2475,AA,LAX,16,106,167,0,0,13,83,117,0,0,56
-5,10,26,3,19,2475,DL,LAX,16,106,167,0,0,13,83,117,0,0,56
0,10,26,3,21,2475,DL,LAX,16,106,167,0,0,13,83,117,0,0,56
-4,10,26,3,15,2475,DL,LAX,16,106,167,0,0,13,83,117,0,0,56
-6,10,26,3,19,2475,AA,LAX,16,106,167,0,0,13,83,117,0,0,56
-13,10,26,3,12,2475,DL,LAX,16,106,167,0,0,13,83,117,0,0,56
-4,10,26,3,7,2475,DL,LAX,16,106,167,0,0,13,83,117,0,0,56
-10,10,26,3,9,2475,DL,LAX,16,106,167,0,0,13,83,117,0,0,56
-6,10,26,3,17,2475,DL,LAX,16,106,167,0,0,13,83,117,0,0,56
-1,10,26,3,15,2475,AA,LAX,16,106,167,0,0,13,83,117,0,0,56
-4,11,3,4,16,2475,AA,LAX,8,78,150,0,0,26,78,89,20,0,81
-4,11,3,4,15,2475,AA,LAX,8,78,150,0,0,26,78,89,20,0,81
-2,11,3,4,19,2475,AA,LAX,8,78,150,0,0,26,78,89,20,0,81
-4,11,3,4,12,2475,AA,LAX,8,78,150,0,0,26,78,89,20,0,81
-2,11,3,4,9,2475,AA,LAX,8,78,150,0,0,26,78,89,20,0,81
-6,11,3,4,10,2475,AA,LAX,8,78,150,0,0,26,78,89,20,0,81
-6,11,3,4,21,2475,AA,LAX,8,78,150,0,0,26,78,89,20,0,81
-7,11,3,4,7,2475,AA,LAX,8,78,150,0,0,26,78,89,20,0,81
0,11,3,4,13,2475,AA,LAX,8,78,150,0,0,26,78,89,20,0,81
-1,11,3,4,17,2475,UA,LAX,8,78,150,0,0,26,78,89,20,0,81
0,11,3,4,6,2475,UA,LAX,8,78,150,0,0,26,78,89,20,0,81
-1,11,3,4,15,2475,UA,LAX,8,78,150,0,0,26,78,89,20,0,81
-5,11,3,4,20,2475,UA,LAX,8,78,150,0,0,26,78,89,20,0,81
-2,11,3,4,11,2475,UA,LAX,8,78,150,0,0,26,78,89,20,0,81
-2,11,3,4,8,2475,UA,LAX,8,78,150,0,0,26,78,89,20,0,81
-3,11,3,4,20,2475,B6,LAX,8,78,150,0,0,26,78,89,20,0,81
-5,11,3,4,9,2475,B6,LAX,8,78,150,0,0,26,78,89,20,0,81
-6,11,3,4,19,2475,DL,LAX,8,78,150,0,0,26,78,89,20,0,81
33,11,3,4,21,2475,DL,LAX,8,78,150,0,0,26,78,89,20,0,81
-1,11,3,4,17,2475,DL,LAX,8,78,150,0,0,26,78,89,20,0,81
-4,11,3,4,15,2475,DL,LAX,8,78,150,0,0,26,78,89,20,0,81
-1,11,3,4,12,2475,DL,LAX,8,78,150,0,0,26,78,89,20,0,81
0,11,3,4,7,2475,DL,LAX,8,78,150,0,0,26,78,89,20,0,81
-4,11,3,4,9,2475,DL,LAX,8,78,150,0,0,26,78,89,20,0,81
-6,11,3,4,7,2475,B6,LAX,8,78,150,0,0,26,78,89,20,0,81
-5,11,3,4,11,2475,B6,LAX,8,78,150,0,0,26,78,89,20,0,81
-8,11,3,4,16,2475,B6,LAX,8,78,150,0,0,26,78,89,20,0,81
-7,11,10,4,9,2475,AA,LAX,1,83,194,5,0,15,0,50,3,0,47
1,11,10,4,15,2475,AA,LAX,1,83,194,5,0,15,0,50,3,0,47
-1,11,10,4,21,2475,AA,LAX,1,83,194,5,0,15,0,50,3,0,47
0,11,10,4,13,2475,AA,LAX,1,83,194,5,0,15,0,50,3,0,47
-4,11,10,4,10,2475,AA,LAX,1,83,194,5,0,15,0,50,3,0,47
-8,11,10,4,12,2475,AA,LAX,1,83,194,5,0,15,0,50,3,0,47
-3,11,10,4,19,2475,AA,LAX,1,83,194,5,0,15,0,50,3,0,47
-3,11,10,4,16,2475,AA,LAX,1,83,194,5,0,15,0,50,3,0,47
-2,11,10,4,7,2475,AA,LAX,1,83,194,5,0,15,0,50,3,0,47
-5,11,10,4,17,2475,UA,LAX,1,83,194,5,0,15,0,50,3,0,47
17,11,10,4,6,2475,UA,LAX,1,83,194,5,0,15,0,50,3,0,47
16,11,10,4,15,2475,UA,LAX,1,83,194,5,0,15,0,50,3,0,47
-2,11,10,4,8,2475,UA,LAX,1,83,194,5,0,15,0,50,3,0,47
0,11,10,4,20,2475,UA,LAX,1,83,194,5,0,15,0,50,3,0,47
-5,11,10,4,11,2475,UA,LAX,1,83,194,5,0,15,0,50,3,0,47
0,11,10,4,16,2475,B6,LAX,1,83,194,5,0,15,0,50,3,0,47
4,11,10,4,19,2475,DL,LAX,1,83,194,5,0,15,0,50,3,0,47
-1,11,10,4,21,2475,DL,LAX,1,83,194,5,0,15,0,50,3,0,47
4,11,10,4,15,2475,DL,LAX,1,83,194,5,0,15,0,50,3,0,47
-1,11,10,4,12,2475,DL,LAX,1,83,194,5,0,15,0,50,3,0,47
-4,11,10,4,9,2475,DL,LAX,1,83,194,5,0,15,0,50,3,0,47
-1,11,10,4,7,2475,DL,LAX,1,83,194,5,0,15,0,50,3,0,47
1,11,10,4,17,2475,DL,LAX,1,83,194,5,0,15,0,50,3,0,47
21,11,10,4,9,2475,B6,LAX,1,83,194,5,0,15,0,50,3,0,47
-5,11,10,4,11,2475,B6,LAX,1,83,194,5,0,15,0,50,3,0,47
1,11,10,4,7,2475,DL,LAX,1,83,194,5,0,15,0,50,3,0,47
18,11,10,4,20,2475,B6,LAX,1,83,194,5,0,15,0,50,3,0,47
-4,11,10,4,7,2475,B6,LAX,1,83,194,5,0,15,0,50,3,0,47
0,12,8,4,6,2475,UA,LAX,16,22,72,41,0,41,-44,22,0,0,28
-2,12,8,4,8,2475,UA,LAX,16,22,72,41,0,41,-44,22,0,0,28
-2,12,8,4,15,2475,UA,LAX,16,22,72,41,0,41,-44,22,0,0,28
0,12,8,4,17,2475,UA,LAX,16,22,72,41,0,41,-44,22,0,0,28
12,12,8,4,20,2475,UA,LAX,16,22,72,41,0,41,-44,22,0,0,28
-4,12,8,4,11,2475,UA,LAX,16,22,72,41,0,41,-44,22,0,0,28
-6,12,8,4,19,2475,AA,LAX,16,22,72,41,0,41,-44,22,0,0,28
-7,12,8,4,12,2475,DL,LAX,16,22,72,41,0,41,-44,22,0,0,28
15,12,8,4,15,2475,DL,LAX,16,22,72,41,0,41,-44,22,0,0,28
17,12,8,4,21,2475,DL,LAX,16,22,72,41,0,41,-44,22,0,0,28
-4,12,8,4,19,2475,DL,LAX,16,22,72,41,0,41,-44,22,0,0,28
-1,12,8,4,7,2475,DL,LAX,16,22,72,41,0,41,-44,22,0,0,28
-4,12,8,4,16,2475,AA,LAX,16,22,72,41,0,41,-44,22,0,0,28
13,12,8,4,16,2475,B6,LAX,16,22,72,41,0,41,-44,22,0,0,28
-6,12,8,4,20,2475,B6,LAX,16,22,72,41,0,41,-44,22,0,0,28
2,12,8,4,7,2475,AA,LAX,16,22,72,41,0,41,-44,22,0,0,28
-3,12,8,4,9,2475,B6,LAX,16,22,72,41,0,41,-44,22,0,0,28
-5,12,8,4,10,2475,AA,LAX,16,22,72,41,0,41,-44,22,0,0,28
-4,12,8,4,21,2475,AA,LAX,16,22,72,41,0,41,-44,22,0,0,28
-3,12,8,4,15,2475,AA,LAX,16,22,72,41,0,41,-44,22,0,0,28
-3,12,8,4,7,2475,B6,LAX,16,22,72,41,0,41,-44,22,0,0,28
-6,12,8,4,12,2475,AA,LAX,16,22,72,41,0,41,-44,22,0,0,28
-10,12,8,4,9,2475,AA,LAX,16,22,72,41,0,41,-44,22,0,0,28
-8,12,8,4,11,2475,B6,LAX,16,22,72,41,0,41,-44,22,0,0,28
-5,12,8,4,17,2475,DL,LAX,16,22,72,41,0,41,-44,22,0,0,28
33,12,8,4,9,2475,DL,LAX,16,22,72,41,0,41,-44,22,0,0,28
-5,12,8,4,7,2475,DL,LAX,16,22,72,41,0,41,-44,22,0,0,28
-5,12,15,4,7,2475,DL,LAX,10,83,150,0,0,36,6,139,5,0,80
-4,12,15,4,6,2475,AA,LAX,10,83,150,0,0,36,6,139,5,0,80
6,12,15,4,16,2475,AA,LAX,10,83,150,0,0,36,6,139,5,0,80
5,12,15,4,20,2475,B6,LAX,10,83,150,0,0,36,6,139,5,0,80
10,12,15,4,15,2475,AA,LAX,10,83,150,0,0,36,6,139,5,0,80
15,12,15,4,16,2475,B6,LAX,10,83,150,0,0,36,6,139,5,0,80
-5,12,15,4,13,2475,AA,LAX,10,83,150,0,0,36,6,139,5,0,80
-3,12,15,4,7,2475,DL,LAX,10,83,150,0,0,36,6,139,5,0,80
-4,12,15,4,17,2475,DL,LAX,10,83,150,0,0,36,6,139,5,0,80
-2,12,15,4,9,2475,DL,LAX,10,83,150,0,0,36,6,139,5,0,80
-6,12,15,4,11,2475,B6,LAX,10,83,150,0,0,36,6,139,5,0,80
-2,12,15,4,12,2475,DL,LAX,10,83,150,0,0,36,6,139,5,0,80
-2,12,15,4,15,2475,DL,LAX,10,83,150,0,0,36,6,139,5,0,80
8,12,15,4,21,2475,DL,LAX,10,83,150,0,0,36,6,139,5,0,80
0,12,15,4,19,2475,DL,LAX,10,83,150,0,0,36,6,139,5,0,80
3,12,15,4,19,2475,AA,LAX,10,83,150,0,0,36,6,139,5,0,80
-4,12,15,4,7,2475,B6,LAX,10,83,150,0,0,36,6,139,5,0,80
-2,12,15,4,10,2475,AA,LAX,10,83,150,0,0,36,6,139,5,0,80
-8,12,15,4,12,2475,AA,LAX,10,83,150,0,0,36,6,139,5,0,80
-4,12,15,4,9,2475,AA,LAX,10,83,150,0,0,36,6,139,5,0,80
14,12,15,4,15,2475,UA,LAX,10,83,150,0,0,36,6,139,5,0,80
0,12,15,4,17,2475,UA,LAX,10,83,150,0,0,36,6,139,5,0,80
-4,12,15,4,6,2475,UA,LAX,10,83,150,0,0,36,6,139,5,0,80
-2,12,15,4,8,2475,UA,LAX,10,83,150,0,0,36,6,139,5,0,80
-5,12,15,4,11,2475,UA,LAX,10,83,150,0,0,36,6,139,5,0,80
-2,12,22,4,8,2475,UA,LAX,3,89,144,15,0,24,-6,44,5,0,36
-2,12,22,4,15,2475,UA,LAX,3,89,144,15,0,24,-6,44,5,0,36
-3,12,22,4,6,2475,UA,LAX,3,89,144,15,0,24,-6,44,5,0,36
-6,12,22,4,11,2475,UA,LAX,3,89,144,15,0,24,-6,44,5,0,36
-1,12,22,4,17,2475,UA,LAX,3,89,144,15,0,24,-6,44,5,0,36
71,12,22,4,19,2475,AA,LAX,3,89,144,15,0,24,-6,44,5,0,36
1,12,22,4,15,2475,AA,LAX,3,89,144,15,0,24,-6,44,5,0,36
-2,12,22,4,10,2475,AA,LAX,3,89,144,15,0,24,-6,44,5,0,36
-8,12,22,4,16,2475,AA,LAX,3,89,144,15,0,24,-6,44,5,0,36
-1,12,22,4,7,2475,B6,LAX,3,89,144,15,0,24,-6,44,5,0,36
-3,12,22,4,13,2475,AA,LAX,3,89,144,15,0,24,-6,44,5,0,36
10,12,22,4,11,2475,B6,LAX,3,89,144,15,0,24,-6,44,5,0,36
-9,12,22,4,16,2475,B6,LAX,3,89,144,15,0,24,-6,44,5,0,36
-2,12,22,4,9,2475,AA,LAX,3,89,144,15,0,24,-6,44,5,0,36
-1,12,22,4,7,2475,AA,LAX,3,89,144,15,0,24,-6,44,5,0,36
58,12,22,4,20,2475,B6,LAX,3,89,144,15,0,24,-6,44,5,0,36
-2,12,22,4,6,2475,AA,LAX,3,89,144,15,0,24,-6,44,5,0,36
0,12,22,4,19,2475,DL,LAX,3,89,144,15,0,24,-6,44,5,0,36
-4,12,22,4,12,2475,AA,LAX,3,89,144,15,0,24,-6,44,5,0,36
-3,12,22,4,21,2475,DL,LAX,3,89,144,15,0,24,-6,44,5,0,36
-2,12,22,4,15,2475,DL,LAX,3,89,144,15,0,24,-6,44,5,0,36
-3,12,22,4,12,2475,DL,LAX,3,89,144,15,0,24,-6,44,5,0,36
-5,12,22,4,7,2475,DL,LAX,3,89,144,15,0,24,-6,44,5,0,36
9,12,22,4,9,2475,DL,LAX,3,89,144,15,0,24,-6,44,5,0,36
-3,12,22,4,17,2475,DL,LAX,3,89,144,15,0,24,-6,44,5,0,36
-1,12,22,4,7,2475,DL,LAX,3,89,144,15,0,24,-6,44,5,0,36
