-1,1,18,2,11,2475,UA,LAX,3,-44,50,323,25,44,-72,0,25,8,49
51,1,18,2,20,2475,UA,LAX,3,-44,50,323,25,44,-72,0,25,8,49
14,1,18,2,8,2475,UA,LAX,3,-44,50,323,25,44,-72,0,25,8,49
0,1,18,2,18,2475,UA,LAX,3,-44,50,323,25,44,-72,0,25,8,49
14,1,18,2,15,2475,UA,LAX,3,-44,50,323,25,44,-72,0,25,8,49
39,1,18,2,6,2475,UA,LAX,3,-44,50,323,25,44,-72,0,25,8,49
12,1,18,2,16,2475,AA,LAX,3,-44,50,323,25,44,-72,0,25,8,49
-4,1,18,2,15,2475,AA,LAX,3,-44,50,323,25,44,-72,0,25,8,49
-4,1,18,2,7,2475,B6,LAX,3,-44,50,323,25,44,-72,0,25,8,49
0,1,18,2,18,2475,B6,LAX,3,-44,50,323,25,44,-72,0,25,8,49
-5,1,18,2,15,2475,DL,LAX,3,-44,50,323,25,44,-72,0,25,8,49
-2,1,18,2,17,2475,DL,LAX,3,-44,50,323,25,44,-72,0,25,8,49
15,1,18,2,21,2475,DL,LAX,3,-44,50,323,25,44,-72,0,25,8,49
12,1,18,2,9,2475,AA,LAX,3,-44,50,323,25,44,-72,0,25,8,49
-5,1,18,2,19,2475,DL,LAX,3,-44,50,323,25,44,-72,0,25,8,49
-4,1,18,2,7,2475,DL,LAX,3,-44,50,323,25,44,-72,0,25,8,49
0,1,18,2,9,2475,DL,LAX,3,-44,50,323,25,44,-72,0,25,8,49
-2,1,18,2,6,2475,AA,LAX,3,-44,50,323,25,44,-72,0,25,8,49
-4,1,18,2,13,2475,AA,LAX,3,-44,50,323,25,44,-72,0,25,8,49
-1,1,18,2,12,2475,DL,LAX,3,-44,50,323,25,44,-72,0,25,8,49
9,1,18,2,7,2475,AA,LAX,3,-44,50,323,25,44,-72,0,25,8,49
57,1,18,2,21,2475,AA,LAX,3,-44,50,323,25,44,-72,0,25,8,49
3,1,18,2,19,2475,AA,LAX,3,-44,50,323,25,44,-72,0,25,8,49
-7,1,18,2,10,2475,AA,LAX,3,-44,50,323,25,44,-72,0,25,8,49
-8,1,18,2,11,2475,AA,LAX,3,-44,50,323,25,44,-72,0,25,8,49
45,1,25,2,19,2475,AA,LAX,10,-44,28,13,25,17,-61,-17,0,0,22
2,1,25,2,16,2475,AA,LAX,10,-44,28,13,25,17,-61,-17,0,0,22
-2,1,25,2,18,2475,B6,LAX,10,-44,28,13,25,17,-61,-17,0,0,22
-4,1,25,2,7,2475,B6,LAX,10,-44,28,13,25,17,-61,-17,0,0,22
-8,1,25,2,9,2475,AA,LAX,10,-44,28,13,25,17,-61,-17,0,0,22
-5,1,25,2,11,2475,AA,LAX,10,-44,28,13,25,17,-61,-17,0,0,22
6,1,25,2,12,2475,DL,LAX,10,-44,28,13,25,17,-61,-17,0,0,22
-5,1,25,2,9,2475,DL,LAX,10,-44,28,13,25,17,-61,-17,0,0,22
-5,1,25,2,7,2475,DL,LAX,10,-44,28,13,25,17,-61,-17,0,0,22
-3,1,25,2,19,2475,DL,LAX,10,-44,28,13,25,17,-61,-17,0,0,22
-8,1,25,2,10,2475,AA,LAX,10,-44,28,13,25,17,-61,-17,0,0,22
-3,1,25,2,21,2475,DL,LAX,10,-44,28,13,25,17,-61,-17,0,0,22
-3,1,25,2,17,2475,DL,LAX,10,-44,28,13,25,17,-61,-17,0,0,22
-4,1,25,2,15,2475,DL,LAX,10,-44,28,13,25,17,-61,-17,0,0,22
-3,1,25,2,7,2475,AA,LAX,10,-44,28,13,25,17,-61,-17,0,0,22
2,1,25,2,6,2475,AA,LAX,10,-44,28,13,25,17,-61,-17,0,0,22
-4,1,25,2,13,2475,AA,LAX,10,-44,28,13,25,17,-61,-17,0,0,22
-3,1,25,2,15,2475,AA,LAX,10,-44,28,13,25,17,-61,-17,0,0,22
29,1,25,2,21,2475,AA,LAX,10,-44,28,13,25,17,-61,-17,0,0,22
2,1,25,2,6,2475,UA,LAX,10,-44,28,13,25,17,-61,-17,0,0,22
-3,1,25,2,18,2475,UA,LAX,10,-44,28,13,25,17,-61,-17,0,0,22
2,1,25,2,11,2475,UA,LAX,10,-44,28,13,25,17,-61,-17,0,0,22
-7,1,25,2,8,2475,UA,LAX,10,-44,28,13,25,17,-61,-17,0,0,22
-5,1,25,2,15,2475,UA,LAX,10,-44,28,13,25,17,-61,-17,0,0,22
-7,1,25,2,20,2475,UA,LAX,10,-44,28,13,25,17,-61,-17,0,0,22
-4,2,2,3,20,2475,UA,LAX,17,-28,33,178,13,29,-150,-50,188,168,81
-4,2,2,3,18,2475,UA,LAX,17,-28,33,178,13,29,-150,-50,188,168,81
-1,2,2,3,19,2475,DL,LAX,17,-28,33,178,13,29,-150,-50,188,168,81
-3,2,2,3,16,2475,AA,LAX,17,-28,33,178,13,29,-150,-50,188,168,81
-8,2,2,3,21,2475,AA,LAX,17,-28,33,178,13,29,-150,-50,188,168,81
39,2,2,3,15,2475,AA,LAX,17,-28,33,178,13,29,-150,-50,188,168,81
10,2,2,3,13,2475,AA,LAX,17,-28,33,178,13,29,-150,-50,188,168,81
-3,2,2,3,18,2475,B6,LAX,17,-28,33,178,13,29,-150,-50,188,168,81
23,2,2,3,19,2475,AA,LAX,17,-28,33,178,13,29,-150,-50,188,168,81
9,2,2,3,11,2475,AA,LAX,17,-28,33,178,13,29,-150,-50,188,168,81
-1,2,2,3,17,2475,DL,LAX,17,-28,33,178,13,29,-150,-50,188,168,81
11,2,2,3,21,2475,DL,LAX,17,-28,33,178,13,29,-150,-50,188,168,81
-6,2,2,3,12,2475,DL,LAX,17,-28,33,178,13,29,-150,-50,188,168,81
-5,2,2,3,9,2475,DL,LAX,17,-28,33,178,13,29,-150,-50,188,168,81
-3,2,2,3,7,2475,DL,LAX,17,-28,33,178,13,29,-150,-50,188,168,81
3,3,7,1,18,2475,UA,LAX,16,11,117,20,0,46,-44,11,0,0,17
0,3,7,1,20,2475,UA,LAX,16,11,117,20,0,46,-44,11,0,0,17
-5,3,7,1,11,2475,UA,LAX,16,11,117,20,0,46,-44,11,0,0,17
-5,3,7,1,15,2475,UA,LAX,16,11,117,20,0,46,-44,11,0,0,17
0,3,7,1,8,2475,UA,LAX,16,11,117,20,0,46,-44,11,0,0,17
-2,3,7,1,6,2475,UA,LAX,16,11,117,20,0,46,-44,11,0,0,17
3,3,7,1,18,2475,UA,LAX,16,11,117,20,0,46,-44,11,0,0,17
0,3,7,1,20,2475,UA,LAX,16,11,117,20,0,46,-44,11,0,0,17
-5,3,7,1,11,2475,UA,LAX,16,11,117,20,0,46,-44,11,0,0,17
-5,3,7,1,15,2475,UA,LAX,16,11,117,20,0,46,-44,11,0,0,17
0,3,7,1,8,2475,UA,LAX,16,11,117,20,0,46,-44,11,0,0,17
-2,3,7,1,6,2475,UA,LAX,16,11,117,20,0,46,-44,11,0,0,17
3,3,7,1,18,2475,UA,LAX,16,11,117,20,0,46,-44,11,0,0,17
0,3,7,1,20,2475,UA,LAX,16,11,117,20,0,46,-44,11,0,0,17
-5,3,7,1,11,2475,UA,LAX,16,11,117,20,0,46,-44,11,0,0,17
-5,3,7,1,15,2475,UA,LAX,16,11,117,20,0,46,-44,11,0,0,17
0,3,7,1,8,2475,UA,LAX,16,11,117,20,0,46,-44,11,0,0,17
-2,3,7,1,6,2475,UA,LAX,16,11,117,20,0,46,-44,11,0,0,17
-5,3,7,1,7,2475,DL,LAX,16,11,117,20,0,46,-44,11,0,0,17
0,3,7,1,12,2475,DL,LAX,16,11,117,20,0,46,-44,11,0,0,17
-5,3,7,1,9,2475,DL,LAX,16,11,117,20,0,46,-44,11,0,0,17
-2,3,7,1,15,2475,DL,LAX,16,11,117,20,0,46,-44,11,0,0,17
-6,3,7,1,21,2475,DL,LAX,16,11,117,20,0,46,-44,11,0,0,17
-5,3,7,1,19,2475,DL,LAX,16,11,117,20,0,46,-44,11,0,0,17
0,3,7,1,17,2475,DL,LAX,16,11,117,20,0,46,-44,11,0,0,17
-2,3,7,1,10,2475,AA,LAX,16,11,117,20,0,46,-44,11,0,0,17
-3,3,7,1,15,2475,AA,LAX,16,11,117,20,0,46,-44,11,0,0,17
-4,3,7,1,6,2475,AA,LAX,16,11,117,20,0,46,-44,11,0,0,17
-4,3,7,1,19,2475,AA,LAX,16,11,117,20,0,46,-44,11,0,0,17
-2,3,7,1,7,2475,AA,LAX,16,11,117,20,0,46,-44,11,0,0,17
-7,3,7,1,12,2475,AA,LAX,16,11,117,20,0,46,-44,11,0,0,17
-4,3,7,1,17,2475,AA,LAX,16,11,117,20,0,46,-44,11,0,0,17
0,3,7,1,13,2475,AA,LAX,16,11,117,20,0,46,-44,11,0,0,17
-6,3,7,1,9,2475,AA,LAX,16,11,117,20,0,46,-44,11,0,0,17
-8,3,7,1,21,2475,AA,LAX,16,11,117,20,0,46,-44,11,0,0,17
-5,3,7,1,19,2475,DL,LAX,16,11,117,20,0,46,-44,11,0,0,17
-6,3,7,1,21,2475,DL,LAX,16,11,117,20,0,46,-44,11,0,0,17
-2,3,7,1,15,2475,DL,LAX,16,11,117,20,0,46,-44,11,0,0,17
12,3,7,1,15,2475,B6,LAX,16,11,117,20,0,46,-44,11,0,0,17
-3,3,7,1,18,2475,B6,LAX,16,11,117,20,0,46,-44,11,0,0,17
2,3,7,1,7,2475,B6,LAX,16,11,117,20,0,46,-44,11,0,0,17
-5,3,7,1,9,2475,DL,LAX,16,11,117,20,0,46,-44,11,0,0,17
0,3,7,1,12,2475,DL,LAX,16,11,117,20,0,46,-44,11,0,0,17
-5,3,7,1,7,2475,DL,LAX,16,11,117,20,0,46,-44,11,0,0,17
0,3,7,1,17,2475,DL,LAX,16,11,117,20,0,46,-44,11,0,0,17
-6,3,7,1,9,2475,AA,LAX,16,11,117,20,0,46,-44,11,0,0,17
-4,3,7,1,17,2475,AA,LAX,16,11,117,20,0,46,-44,11,0,0,17
-8,3,7,1,21,2475,AA,LAX,16,11,117,20,0,46,-44,11,0,0,17
-4,3,7,1,6,2475,AA,LAX,16,11,117,20,0,46,-44,11,0,0,17
-7,3,7,1,12,2475,AA,LAX,16,11,117,20,0,46,-44,11,0,0,17
-2,3,7,1,10,2475,AA,LAX,16,11,117,20,0,46,-44,11,0,0,17
0,3,7,1,13,2475,AA,LAX,16,11,117,20,0,46,-44,11,0,0,17
-3,3,7,1,15,2475,AA,LAX,16,11,117,20,0,46,-44,11,0,0,17
-4,3,7,1,19,2475,AA,LAX,16,11,117,20,0,46,-44,11,0,0,17
-3,3,7,1,18,2475,B6,LAX,16,11,117,20,0,46,-44,11,0,0,17
12,3,7,1,15,2475,B6,LAX,16,11,117,20,0,46,-44,11,0,0,17
2,3,7,1,7,2475,B6,LAX,16,11,117,20,0,46,-44,11,0,0,17
-2,3,7,1,7,2475,AA,LAX,16,11,117,20,0,46,-44,11,0,0,17
-8,3,7,1,21,2475,AA,LAX,16,11,117,20,0,46,-44,11,0,0,17
-7,3,7,1,12,2475,AA,LAX,16,11,117,20,0,46,-44,11,0,0,17
-4,3,7,1,17,2475,AA,LAX,16,11,117,20,0,46,-44,11,0,0,17
-3,3,7,1,15,2475,AA,LAX,16,11,117,20,0,46,-44,11,0,0,17
-2,3,7,1,15,2475,DL,LAX,16,11,117,20,0,46,-44,11,0,0,17
-6,3,7,1,21,2475,DL,LAX,16,11,117,20,0,46,-44,11,0,0,17
-5,3,7,1,19,2475,DL,LAX,16,11,117,20,0,46,-44,11,0,0,17
0,3,7,1,17,2475,DL,LAX,16,11,117,20,0,46,-44,11,0,0,17
-5,3,7,1,7,2475,DL,LAX,16,11,117,20,0,46,-44,11,0,0,17
-5,3,7,1,9,2475,DL,LAX,16,11,117,20,0,46,-44,11,0,0,17
0,3,7,1,12,2475,DL,LAX,16,11,117,20,0,46,-44,11,0,0,17
2,3,7,1,7,2475,B6,LAX,16,11,117,20,0,46,-44,11,0,0,17
-2,3,7,1,7,2475,AA,LAX,16,11,117,20,0,46,-44,11,0,0,17
-3,3,7,1,18,2475,B6,LAX,16,11,117,20,0,46,-44,11,0,0,17
12,3,7,1,15,2475,B6,LAX,16,11,117,20,0,46,-44,11,0,0,17
-4,3,7,1,6,2475,AA,LAX,16,11,117,20,0,46,-44,11,0,0,17
-4,3,7,1,19,2475,AA,LAX,16,11,117,20,0,46,-44,11,0,0,17
0,3,7,1,13,2475,AA,LAX,16,11,117,20,0,46,-44,11,0,0,17
-2,3,7,1,10,2475,AA,LAX,16,11,117,20,0,46,-44,11,0,0,17
-6,3,7,1,9,2475,AA,LAX,16,11,117,20,0,46,-44,11,0,0,17
-4,3,14,1,18,2475,B6,LAX,23,28,72,0,0,23,-33,56,0,0,35
-6,3,14,1,9,2475,DL,LAX,23,28,72,0,0,23,-33,56,0,0,35
17,3,14,1,7,2475,DL,LAX,23,28,72,0,0,23,-33,56,0,0,35
-5,3,14,1,17,2475,DL,LAX,23,28,72,0,0,23,-33,56,0,0,35
-3,3,14,1,15,2475,DL,LAX,23,28,72,0,0,23,-33,56,0,0,35
-3,3,14,1,21,2475,DL,LAX,23,28,72,0,0,23,-33,56,0,0,35
-4,3,14,1,19,2475,DL,LAX,23,28,72,0,0,23,-33,56,0,0,35
-2,3,14,1,7,2475,AA,LAX,23,28,72,0,0,23,-33,56,0,0,35
-1,3,14,1,9,2475,AA,LAX,23,28,72,0,0,23,-33,56,0,0,35
-6,3,14,1,12,2475,DL,LAX,23,28,72,0,0,23,-33,56,0,0,35
2,3,14,1,13,2475,AA,LAX,23,28,72,0,0,23,-33,56,0,0,35
43,3,14,1,15,2475,AA,LAX,23,28,72,0,0,23,-33,56,0,0,35
0,3,14,1,19,2475,AA,LAX,23,28,72,0,0,23,-33,56,0,0,35
25,3,14,1,17,2475,AA,LAX,23,28,72,0,0,23,-33,56,0,0,35
-2,3,14,1,10,2475,AA,LAX,23,28,72,0,0,23,-33,56,0,0,35
-1,3,14,1,21,2475,AA,LAX,23,28,72,0,0,23,-33,56,0,0,35
-6,3,14,1,6,2475,AA,LAX,23,28,72,0,0,23,-33,56,0,0,35
1,3,14,1,7,2475,B6,LAX,23,28,72,0,0,23,-33,56,0,0,35
-9,3,14,1,12,2475,AA,LAX,23,28,72,0,0,23,-33,56,0,0,35
-2,3,14,1,15,2475,B6,LAX,23,28,72,0,0,23,-33,56,0,0,35
-7,3,14,1,8,2475,UA,LAX,23,28,72,0,0,23,-33,56,0,0,35
0,3,14,1,18,2475,UA,LAX,23,28,72,0,0,23,-33,56,0,0,35
-8,3,14,1,6,2475,UA,LAX,23,28,72,0,0,23,-33,56,0,0,35
18,3,14,1,20,2475,UA,LAX,23,28,72,0,0,23,-33,56,0,0,35
-7,3,14,1,11,2475,UA,LAX,23,28,72,0,0,23,-33,56,0,0,35
-2,3,14,1,15,2475,UA,LAX,23,28,72,0,0,23,-33,56,0,0,35
-7,3,14,1,8,2475,UA,LAX,23,28,72,0,0,23,-33,56,0,0,35
0,3,14,1,18,2475,UA,LAX,23,28,72,0,0,23,-33,56,0,0,35
-8,3,14,1,6,2475,UA,LAX,23,28,72,0,0,23,-33,56,0,0,35
18,3,14,1,20,2475,UA,LAX,23,28,72,0,0,23,-33,56,0,0,35
-7,3,14,1,11,2475,UA,LAX,23,28,72,0,0,23,-33,56,0,0,35
-2,3,14,1,15,2475,UA,LAX,23,28,72,0,0,23,-33,56,0,0,35
-7,3,14,1,8,2475,UA,LAX,23,28,72,0,0,23,-33,56,0,0,35
0,3,14,1,18,2475,UA,LAX,23,28,72,0,0,23,-33,56,0,0,35
-8,3,14,1,6,2475,UA,LAX,23,28,72,0,0,23,-33,56,0,0,35
18,3,14,1,20,2475,UA,LAX,23,28,72,0,0,23,-33,56,0,0,35
-7,3,14,1,11,2475,UA,LAX,23,28,72,0,0,23,-33,56,0,0,35
-2,3,14,1,15,2475,UA,LAX,23,28,72,0,0,23,-33,56,0,0,35
-2,3,14,1,7,2475,AA,LAX,23,28,72,0,0,23,-33,56,0,0,35
25,3,14,1,17,2475,AA,LAX,23,28,72,0,0,23,-33,56,0,0,35
-9,3,14,1,12,2475,AA,LAX,23,28,72,0,0,23,-33,56,0,0,35
-6,3,14,1,6,2475,AA,LAX,23,28,72,0,0,23,-33,56,0,0,35
2,3,14,1,13,2475,AA,LAX,23,28,72,0,0,23,-33,56,0,0,35
-2,3,14,1,10,2475,AA,LAX,23,28,72,0,0,23,-33,56,0,0,35
-1,3,14,1,21,2475,AA,LAX,23,28,72,0,0,23,-33,56,0,0,35
-1,3,14,1,9,2475,AA,LAX,23,28,72,0,0,23,-33,56,0,0,35
43,3,14,1,15,2475,AA,LAX,23,28,72,0,0,23,-33,56,0,0,35
0,3,14,1,19,2475,AA,LAX,23,28,72,0,0,23,-33,56,0,0,35
-4,3,14,1,18,2475,B6,LAX,23,28,72,0,0,23,-33,56,0,0,35
-2,3,14,1,15,2475,B6,LAX,23,28,72,0,0,23,-33,56,0,0,35
1,3,14,1,7,2475,B6,LAX,23,28,72,0,0,23,-33,56,0,0,35
-3,3,14,1,21,2475,DL,LAX,23,28,72,0,0,23,-33,56,0,0,35
-3,3,14,1,15,2475,DL,LAX,23,28,72,0,0,23,-33,56,0,0,35
-6,3,14,1,12,2475,DL,LAX,23,28,72,0,0,23,-33,56,0,0,35
-6,3,14,1,9,2475,DL,LAX,23,28,72,0,0,23,-33,56,0,0,35
17,3,14,1,7,2475,DL,LAX,23,28,72,0,0,23,-33,56,0,0,35
-5,3,14,1,17,2475,DL,LAX,23,28,72,0,0,23,-33,56,0,0,35
-4,3,14,1,19,2475,DL,LAX,23,28,72,0,0,23,-33,56,0,0,35
2,3,14,1,13,2475,AA,LAX,23,28,72,0,0,23,-33,56,0,0,35
0,3,14,1,19,2475,AA,LAX,23,28,72,0,0,23,-33,56,0,0,35
43,3,14,1,15,2475,AA,LAX,23,28,72,0,0,23,-33,56,0,0,35
-1,3,14,1,9,2475,AA,LAX,23,28,72,0,0,23,-33,56,0,0,35
-2,3,14,1,7,2475,AA,LAX,23,28,72,0,0,23,-33,56,0,0,35
-9,3,14,1,12,2475,AA,LAX,23,28,72,0,0,23,-33,56,0,0,35
-6,3,14,1,6,2475,AA,LAX,23,28,72,0,0,23,-33,56,0,0,35
25,3,14,1,17,2475,AA,LAX,23,28,72,0,0,23,-33,56,0,0,35
-2,3,14,1,10,2475,AA,LAX,23,28,72,0,0,23,-33,56,0,0,35
-1,3,14,1,21,2475,AA,LAX,23,28,72,0,0,23,-33,56,0,0,35
-4,3,14,1,19,2475,DL,LAX,23,28,72,0,0,23,-33,56,0,0,35
-3,3,14,1,15,2475,DL,LAX,23,28,72,0,0,23,-33,56,0,0,35
1,3,14,1,7,2475,B6,LAX,23,28,72,0,0,23,-33,56,0,0,35
-2,3,14,1,15,2475,B6,LAX,23,28,72,0,0,23,-33,56,0,0,35
-4,3,14,1,18,2475,B6,LAX,23,28,72,0,0,23,-33,56,0,0,35
-3,3,14,1,21,2475,DL,LAX,23,28,72,0,0,23,-33,56,0,0,35
-6,3,14,1,12,2475,DL,LAX,23,28,72,0,0,23,-33,56,0,0,35
-6,3,14,1,9,2475,DL,LAX,23,28,72,0,0,23,-33,56,0,0,35
17,3,14,1,7,2475,DL,LAX,23,28,72,0,0,23,-33,56,0,0,35
-5,3,14,1,17,2475,DL,LAX,23,28,72,0,0,23,-33,56,0,0,35
-3,3,21,1,7,2475,DL,LAX,30,22,72,112,0,22,50,156,5,0,38
-4,3,21,1,12,2475,DL,LAX,30,22,72,112,0,22,50,156,5,0,38
-6,3,21,1,7,2475,B6,LAX,30,22,72,112,0,22,50,156,5,0,38
-2,3,21,1,15,2475,B6,LAX,30,22,72,112,0,22,50,156,5,0,38
211,3,21,1,18,2475,B6,LAX,30,22,72,112,0,22,50,156,5,0,38
-2,3,21,1,9,2475,DL,LAX,30,22,72,112,0,22,50,156,5,0,38
3,3,21,1,19,2475,DL,LAX,30,22,72,112,0,22,50,156,5,0,38
4,3,21,1,15,2475,DL,LAX,30,22,72,112,0,22,50,156,5,0,38
-5,3,21,1,21,2475,DL,LAX,30,22,72,112,0,22,50,156,5,0,38
-5,3,21,1,17,2475,DL,LAX,30,22,72,112,0,22,50,156,5,0,38
-9,3,21,1,9,2475,AA,LAX,30,22,72,112,0,22,50,156,5,0,38
-3,3,21,1,10,2475,AA,LAX,30,22,72,112,0,22,50,156,5,0,38
2,3,21,1,6,2475,AA,LAX,30,22,72,112,0,22,50,156,5,0,38
-6,3,21,1,12,2475,AA,LAX,30,22,72,112,0,22,50,156,5,0,38
12,3,21,1,21,2475,AA,LAX,30,22,72,112,0,22,50,156,5,0,38
-6,3,21,1,7,2475,AA,LAX,30,22,72,112,0,22,50,156,5,0,38
23,3,21,1,19,2475,AA,LAX,30,22,72,112,0,22,50,156,5,0,38
13,3,21,1,17,2475,AA,LAX,30,22,72,112,0,22,50,156,5,0,38
31,3,21,1,13,2475,AA,LAX,30,22,72,112,0,22,50,156,5,0,38
1,3,21,1,15,2475,AA,LAX,30,22,72,112,0,22,50,156,5,0,38
-2,3,21,1,18,2475,UA,LAX,30,22,72,112,0,22,50,156,5,0,38
35,3,21,1,20,2475,UA,LAX,30,22,72,112,0,22,50,156,5,0,38
4,3,21,1,11,2475,UA,LAX,30,22,72,112,0,22,50,156,5,0,38
-6,3,21,1,6,2475,UA,LAX,30,22,72,112,0,22,50,156,5,0,38
-2,3,21,1,8,2475,UA,LAX,30,22,72,112,0,22,50,156,5,0,38
-1,3,21,1,15,2475,UA,LAX,30,22,72,112,0,22,50,156,5,0,38
-6,3,21,1,7,2475,B6,LAX,30,22,72,112,0,22,50,156,5,0,38
1,3,21,1,15,2475,AA,LAX,30,22,72,112,0,22,50,156,5,0,38
-3,3,21,1,10,2475,AA,LAX,30,22,72,112,0,22,50,156,5,0,38
31,3,21,1,13,2475,AA,LAX,30,22,72,112,0,22,50,156,5,0,38
13,3,21,1,17,2475,AA,LAX,30,22,72,112,0,22,50,156,5,0,38
-2,3,21,1,9,2475,DL,LAX,30,22,72,112,0,22,50,156,5,0,38
12,3,21,1,21,2475,AA,LAX,30,22,72,112,0,22,50,156,5,0,38
4,3,21,1,15,2475,DL,LAX,30,22,72,112,0,22,50,156,5,0,38
-5,3,21,1,21,2475,DL,LAX,30,22,72,112,0,22,50,156,5,0,38
-4,3,21,1,12,2475,DL,LAX,30,22,72,112,0,22,50,156,5,0,38
23,3,21,1,19,2475,AA,LAX,30,22,72,112,0,22,50,156,5,0,38
-9,3,21,1,9,2475,AA,LAX,30,22,72,112,0,22,50,156,5,0,38
2,3,21,1,6,2475,AA,LAX,30,22,72,112,0,22,50,156,5,0,38
-6,3,21,1,12,2475,AA,LAX,30,22,72,112,0,22,50,156,5,0,38
-6,3,21,1,7,2475,AA,LAX,30,22,72,112,0,22,50,156,5,0,38
211,3,21,1,18,2475,B6,LAX,30,22,72,112,0,22,50,156,5,0,38
-2,3,21,1,15,2475,B6,LAX,30,22,72,112,0,22,50,156,5,0,38
3,3,21,1,19,2475,DL,LAX,30,22,72,112,0,22,50,156,5,0,38
-5,3,21,1,17,2475,DL,LAX,30,22,72,112,0,22,50,156,5,0,38
-3,3,21,1,7,2475,DL,LAX,30,22,72,112,0,22,50,156,5,0,38
-5,3,21,1,17,2475,DL,LAX,30,22,72,112,0,22,50,156,5,0,38
-5,3,21,1,21,2475,DL,LAX,30,22,72,112,0,22,50,156,5,0,38
4,3,21,1,15,2475,DL,LAX,30,22,72,112,0,22,50,156,5,0,38
3,3,21,1,19,2475,DL,LAX,30,22,72,112,0,22,50,156,5,0,38
-4,3,21,1,12,2475,DL,LAX,30,22,72,112,0,22,50,156,5,0,38
-2,3,21,1,9,2475,DL,LAX,30,22,72,112,0,22,50,156,5,0,38
-3,3,21,1,7,2475,DL,LAX,30,22,72,112,0,22,50,156,5,0,38
-2,3,21,1,18,2475,UA,LAX,30,22,72,112,0,22,50,156,5,0,38
35,3,21,1,20,2475,UA,LAX,30,22,72,112,0,22,50,156,5,0,38
4,3,21,1,11,2475,UA,LAX,30,22,72,112,0,22,50,156,5,0,38
-6,3,21,1,6,2475,UA,LAX,30,22,72,112,0,22,50,156,5,0,38
-2,3,21,1,8,2475,UA,LAX,30,22,72,112,0,22,50,156,5,0,38
-1,3,21,1,15,2475,UA,LAX,30,22,72,112,0,22,50,156,5,0,38
-2,3,21,1,18,2475,UA,LAX,30,22,72,112,0,22,50,156,5,0,38
35,3,21,1,20,2475,UA,LAX,30,22,72,112,0,22,50,156,5,0,38
4,3,21,1,11,2475,UA,LAX,30,22,72,112,0,22,50,156,5,0,38
-6,3,21,1,6,2475,UA,LAX,30,22,72,112,0,22,50,156,5,0,38
-2,3,21,1,8,2475,UA,LAX,30,22,72,112,0,22,50,156,5,0,38
-1,3,21,1,15,2475,UA,LAX,30,22,72,112,0,22,50,156,5,0,38
13,3,21,1,17,2475,AA,LAX,30,22,72,112,0,22,50,156,5,0,38
23,3,21,1,19,2475,AA,LAX,30,22,72,112,0,22,50,156,5,0,38
-9,3,21,1,9,2475,AA,LAX,30,22,72,112,0,22,50,156,5,0,38
-6,3,21,1,7,2475,AA,LAX,30,22,72,112,0,22,50,156,5,0,38
-3,3,21,1,10,2475,AA,LAX,30,22,72,112,0,22,50,156,5,0,38
2,3,21,1,6,2475,AA,LAX,30,22,72,112,0,22,50,156,5,0,38
-6,3,21,1,12,2475,AA,LAX,30,22,72,112,0,22,50,156,5,0,38
1,3,21,1,15,2475,AA,LAX,30,22,72,112,0,22,50,156,5,0,38
12,3,21,1,21,2475,AA,LAX,30,22,72,112,0,22,50,156,5,0,38
211,3,21,1,18,2475,B6,LAX,30,22,72,112,0,22,50,156,5,0,38
-6,3,21,1,7,2475,B6,LAX,30,22,72,112,0,22,50,156,5,0,38
31,3,21,1,13,2475,AA,LAX,30,22,72,112,0,22,50,156,5,0,38
-2,3,21,1,15,2475,B6,LAX,30,22,72,112,0,22,50,156,5,0,38
0,4,19,2,6,2475,UA,LAX,39,83,117,8,0,28,11,33,241,0,80
-5,4,19,2,8,2475,UA,LAX,39,83,117,8,0,28,11,33,241,0,80
-2,4,19,2,15,2475,UA,LAX,39,83,117,8,0,28,11,33,241,0,80
18,4,19,2,20,2475,UA,LAX,39,83,117,8,0,28,11,33,241,0,80
-5,4,19,2,18,2475,UA,LAX,39,83,117,8,0,28,11,33,241,0,80
-2,4,19,2,11,2475,UA,LAX,39,83,117,8,0,28,11,33,241,0,80
-2,4,19,2,13,2475,AA,LAX,39,83,117,8,0,28,11,33,241,0,80
-7,4,19,2,7,2475,B6,LAX,39,83,117,8,0,28,11,33,241,0,80
-9,4,19,2,10,2475,AA,LAX,39,83,117,8,0,28,11,33,241,0,80
-3,4,19,2,9,2475,DL,LAX,39,83,117,8,0,28,11,33,241,0,80
-1,4,19,2,17,2475,DL,LAX,39,83,117,8,0,28,11,33,241,0,80
-3,4,19,2,12,2475,DL,LAX,39,83,117,8,0,28,11,33,241,0,80
3,4,19,2,21,2475,DL,LAX,39,83,117,8,0,28,11,33,241,0,80
-4,4,19,2,19,2475,DL,LAX,39,83,117,8,0,28,11,33,241,0,80
-3,4,19,2,19,2475,AA,LAX,39,83,117,8,0,28,11,33,241,0,80
3,4,19,2,7,2475,DL,LAX,39,83,117,8,0,28,11,33,241,0,80
-1,4,19,2,16,2475,AA,LAX,39,83,117,8,0,28,11,33,241,0,80
-11,4,19,2,12,2475,AA,LAX,39,83,117,8,0,28,11,33,241,0,80
8,4,19,2,16,2475,B6,LAX,39,83,117,8,0,28,11,33,241,0,80
-6,4,19,2,15,2475,AA,LAX,39,83,117,8,0,28,11,33,241,0,80
7,4,19,2,15,2475,DL,LAX,39,83,117,8,0,28,11,33,241,0,80
-4,4,19,2,7,2475,AA,LAX,39,83,117,8,0,28,11,33,241,0,80
-8,4,19,2,9,2475,AA,LAX,39,83,117,8,0,28,11,33,241,0,80
-2,4,19,2,6,2475,AA,LAX,39,83,117,8,0,28,11,33,241,0,80
-9,4,19,2,21,2475,AA,LAX,39,83,117,8,0,28,11,33,241,0,80
-4,4,19,2,18,2475,B6,LAX,39,83,117,8,0,28,11,33,241,0,80
75,4,26,2,19,2475,AA,LAX,32,122,283,0,0,28,83,200,97,0,73
49,4,26,2,18,2475,B6,LAX,32,122,283,0,0,28,83,200,97,0,73
-5,4,26,2,7,2475,AA,LAX,32,122,283,0,0,28,83,200,97,0,73
-4,4,26,2,16,2475,B6,LAX,32,122,283,0,0,28,83,200,97,0,73
0,4,26,2,13,2475,AA,LAX,32,122,283,0,0,28,83,200,97,0,73
-4,4,26,2,12,2475,AA,LAX,32,122,283,0,0,28,83,200,97,0,73
22,4,26,2,7,2475,B6,LAX,32,122,283,0,0,28,83,200,97,0,73
-1,4,26,2,15,2475,AA,LAX,32,122,283,0,0,28,83,200,97,0,73
-4,4,26,2,9,2475,AA,LAX,32,122,283,0,0,28,83,200,97,0,73
49,4,26,2,16,2475,AA,LAX,32,122,283,0,0,28,83,200,97,0,73
76,4,26,2,21,2475,AA,LAX,32,122,283,0,0,28,83,200,97,0,73
-4,4,26,2,15,2475,DL,LAX,32,122,283,0,0,28,83,200,97,0,73
2,4,26,2,7,2475,DL,LAX,32,122,283,0,0,28,83,200,97,0,73
-4,4,26,2,9,2475,DL,LAX,32,122,283,0,0,28,83,200,97,0,73
-1,4,26,2,6,2475,AA,LAX,32,122,283,0,0,28,83,200,97,0,73
64,4,26,2,17,2475,DL,LAX,32,122,283,0,0,28,83,200,97,0,73
-7,4,26,2,12,2475,DL,LAX,32,122,283,0,0,28,83,200,97,0,73
-4,4,26,2,21,2475,DL,LAX,32,122,283,0,0,28,83,200,97,0,73
15,4,26,2,19,2475,DL,LAX,32,122,283,0,0,28,83,200,97,0,73
-5,4,26,2,10,2475,AA,LAX,32,122,283,0,0,28,83,200,97,0,73
-8,4,26,2,8,2475,UA,LAX,32,122,283,0,0,28,83,200,97,0,73
-4,4,26,2,11,2475,UA,LAX,32,122,283,0,0,28,83,200,97,0,73
59,4,26,2,18,2475,UA,LAX,32,122,283,0,0,28,83,200,97,0,73
-7,4,26,2,6,2475,UA,LAX,32,122,283,0,0,28,83,200,97,0,73
5,4,26,2,15,2475,UA,LAX,32,122,283,0,0,28,83,200,97,0,73
73,4,26,2,20,2475,UA,LAX,32,122,283,0,0,28,83,200,97,0,73
52,5,3,2,15,2475,UA,LAX,25,128,239,0,0,30,28,100,0,0,34
-3,5,3,2,18,2475,UA,LAX,25,128,239,0,0,30,28,100,0,0,34
-1,5,3,2,8,2475,UA,LAX,25,128,239,0,0,30,28,100,0,0,34
-7,5,3,2,6,2475,UA,LAX,25,128,239,0,0,30,28,100,0,0,34
-1,5,3,2,11,2475,UA,LAX,25,128,239,0,0,30,28,100,0,0,34
55,5,3,2,20,2475,UA,LAX,25,128,239,0,0,30,28,100,0,0,34
-1,5,3,2,15,2475,AA,LAX,25,128,239,0,0,30,28,100,0,0,34
-8,5,3,2,16,2475,AA,LAX,25,128,239,0,0,30,28,100,0,0,34
-5,5,3,2,7,2475,AA,LAX,25,128,239,0,0,30,28,100,0,0,34
5,5,3,2,6,2475,AA,LAX,25,128,239,0,0,30,28,100,0,0,34
-8,5,3,2,21,2475,AA,LAX,25,128,239,0,0,30,28,100,0,0,34
-9,5,3,2,10,2475,AA,LAX,25,128,239,0,0,30,28,100,0,0,34
0,5,3,2,19,2475,AA,LAX,25,128,239,0,0,30,28,100,0,0,34
20,5,3,2,13,2475,AA,LAX,25,128,239,0,0,30,28,100,0,0,34
-6,5,3,2,9,2475,AA,LAX,25,128,239,0,0,30,28,100,0,0,34
-7,5,3,2,12,2475,AA,LAX,25,128,239,0,0,30,28,100,0,0,34
-2,5,3,2,19,2475,DL,LAX,25,128,239,0,0,30,28,100,0,0,34
233,5,3,2,21,2475,DL,LAX,25,128,239,0,0,30,28,100,0,0,34
-4,5,3,2,15,2475,DL,LAX,25,128,239,0,0,30,28,100,0,0,34
4,5,3,2,17,2475,DL,LAX,25,128,239,0,0,30,28,100,0,0,34
-7,5,3,2,7,2475,B6,LAX,25,128,239,0,0,30,28,100,0,0,34
-4,5,3,2,16,2475,B6,LAX,25,128,239,0,0,30,28,100,0,0,34
-1,5,3,2,18,2475,B6,LAX,25,128,239,0,0,30,28,100,0,0,34
-4,5,3,2,7,2475,DL,LAX,25,128,239,0,0,30,28,100,0,0,34
-5,5,3,2,12,2475,DL,LAX,25,128,239,0,0,30,28,100,0,0,34
-4,5,3,2,9,2475,DL,LAX,25,128,239,0,0,30,28,100,0,0,34
-3,5,10,2,7,2475,DL,LAX,18,117,239,0,0,25,167,322,0,0,38
-2,5,10,2,20,2475,B6,LAX,18,117,239,0,0,25,167,322,0,0,38
-4,5,10,2,12,2475,DL,LAX,18,117,239,0,0,25,167,322,0,0,38
-4,5,10,2,9,2475,DL,LAX,18,117,239,0,0,25,167,322,0,0,38
33,5,10,2,21,2475,DL,LAX,18,117,239,0,0,25,167,322,0,0,38
-4,5,10,2,19,2475,DL,LAX,18,117,239,0,0,25,167,322,0,0,38
9,5,10,2,17,2475,DL,LAX,18,117,239,0,0,25,167,322,0,0,38
1,5,10,2,7,2475,B6,LAX,18,117,239,0,0,25,167,322,0,0,38
-3,5,10,2,11,2475,B6,LAX,18,117,239,0,0,25,167,322,0,0,38
20,5,10,2,16,2475,B6,LAX,18,117,239,0,0,25,167,322,0,0,38
-4,5,10,2,15,2475,DL,LAX,18,117,239,0,0,25,167,322,0,0,38
74,5,10,2,16,2475,AA,LAX,18,117,239,0,0,25,167,322,0,0,38
-4,5,10,2,21,2475,AA,LAX,18,117,239,0,0,25,167,322,0,0,38
-5,5,10,2,13,2475,AA,LAX,18,117,239,0,0,25,167,322,0,0,38
4,5,10,2,19,2475,AA,LAX,18,117,239,0,0,25,167,322,0,0,38
-11,5,10,2,12,2475,AA,LAX,18,117,239,0,0,25,167,322,0,0,38
-13,5,10,2,9,2475,AA,LAX,18,117,239,0,0,25,167,322,0,0,38
-1,5,10,2,10,2475,AA,LAX,18,117,239,0,0,25,167,322,0,0,38
-4,5,10,2,6,2475,AA,LAX,18,117,239,0,0,25,167,322,0,0,38
-4,5,10,2,15,2475,AA,LAX,18,117,239,0,0,25,167,322,0,0,38
-3,5,10,2,7,2475,AA,LAX,18,117,239,0,0,25,167,322,0,0,38
0,5,10,2,18,2475,UA,LAX,18,117,239,0,0,25,167,322,0,0,38
-6,5,10,2,8,2475,UA,LAX,18,117,239,0,0,25,167,322,0,0,38
-5,5,10,2,11,2475,UA,LAX,18,117,239,0,0,25,167,322,0,0,38
-7,5,10,2,6,2475,UA,LAX,18,117,239,0,0,25,167,322,0,0,38
11,5,10,2,20,2475,UA,LAX,18,117,239,0,0,25,167,322,0,0,38
-3,5,10,2,15,2475,UA,LAX,18,117,239,0,0,25,167,322,0,0,38
-5,6,8,3,16,2475,AA,LAX,1,228,344,0,0,17,189,350,43,0,60
-3,6,8,3,19,2475,DL,LAX,1,228,344,0,0,17,189,350,43,0,60
9,6,8,3,21,2475,DL,LAX,1,228,344,0,0,17,189,350,43,0,60
-4,6,8,3,9,2475,DL,LAX,1,228,344,0,0,17,189,350,43,0,60
-3,6,8,3,12,2475,DL,LAX,1,228,344,0,0,17,189,350,43,0,60
-3,6,8,3,7,2475,DL,LAX,1,228,344,0,0,17,189,350,43,0,60
-1,6,8,3,17,2475,DL,LAX,1,228,344,0,0,17,189,350,43,0,60
-1,6,8,3,15,2475,DL,LAX,1,228,344,0,0,17,189,350,43,0,60
-6,6,8,3,9,2475,DL,LAX,1,228,344,0,0,17,189,350,43,0,60
-2,6,8,3,20,2475,B6,LAX,1,228,344,0,0,17,189,350,43,0,60
-2,6,8,3,16,2475,B6,LAX,1,228,344,0,0,17,189,350,43,0,60
11,6,8,3,11,2475,B6,LAX,1,228,344,0,0,17,189,350,43,0,60
-5,6,8,3,7,2475,B6,LAX,1,228,344,0,0,17,189,350,43,0,60
-4,6,8,3,6,2475,AA,LAX,1,228,344,0,0,17,189,350,43,0,60
-7,6,8,3,21,2475,AA,LAX,1,228,344,0,0,17,189,350,43,0,60
-3,6,8,3,15,2475,AA,LAX,1,228,344,0,0,17,189,350,43,0,60
-4,6,8,3,13,2475,AA,LAX,1,228,344,0,0,17,189,350,43,0,60
-6,6,8,3,7,2475,AA,LAX,1,228,344,0,0,17,189,350,43,0,60
-4,6,8,3,19,2475,AA,LAX,1,228,344,0,0,17,189,350,43,0,60
6,6,8,3,10,2475,AA,LAX,1,228,344,0,0,17,189,350,43,0,60
-5,6,8,3,12,2475,AA,LAX,1,228,344,0,0,17,189,350,43,0,60
-8,6,8,3,9,2475,AA,LAX,1,228,344,0,0,17,189,350,43,0,60
-4,6,8,3,11,2475,UA,LAX,1,228,344,0,0,17,189,350,43,0,60
35,6,8,3,18,2475,UA,LAX,1,228,344,0,0,17,189,350,43,0,60
2,6,8,3,20,2475,UA,LAX,1,228,344,0,0,17,189,350,43,0,60
-5,6,8,3,6,2475,UA,LAX,1,228,344,0,0,17,189,350,43,0,60
-5,6,8,3,8,2475,UA,LAX,1,228,344,0,0,17,189,350,43,0,60
44,6,8,3,15,2475,UA,LAX,1,228,344,0,0,17,189,350,43,0,60
-2,6,15,3,11,2475,UA,LAX,8,133,283,0,0,22,139,217,203,0,50
0,6,15,3,20,2475,UA,LAX,8,133,283,0,0,22,139,217,203,0,50
0,6,15,3,6,2475,UA,LAX,8,133,283,0,0,22,139,217,203,0,50
9,6,15,3,8,2475,UA,LAX,8,133,283,0,0,22,139,217,203,0,50
-4,6,15,3,17,2475,UA,LAX,8,133,283,0,0,22,139,217,203,0,50
-3,6,15,3,15,2475,UA,LAX,8,133,283,0,0,22,139,217,203,0,50
5,6,15,3,11,2475,B6,LAX,8,133,283,0,0,22,139,217,203,0,50
6,6,15,3,16,2475,B6,LAX,8,133,283,0,0,22,139,217,203,0,50
-2,6,15,3,20,2475,B6,LAX,8,133,283,0,0,22,139,217,203,0,50
-3,6,15,3,19,2475,AA,LAX,8,133,283,0,0,22,139,217,203,0,50
-4,6,15,3,15,2475,DL,LAX,8,133,283,0,0,22,139,217,203,0,50
-5,6,15,3,12,2475,DL,LAX,8,133,283,0,0,22,139,217,203,0,50
0,6,15,3,7,2475,DL,LAX,8,133,283,0,0,22,139,217,203,0,50
-6,6,15,3,10,2475,AA,LAX,8,133,283,0,0,22,139,217,203,0,50
0,6,15,3,9,2475,DL,LAX,8,133,283,0,0,22,139,217,203,0,50
-2,6,15,3,20,2475,AA,LAX,8,133,283,0,0,22,139,217,203,0,50
271,6,15,3,19,2475,DL,LAX,8,133,283,0,0,22,139,217,203,0,50
-5,6,15,3,6,2475,AA,LAX,8,133,283,0,0,22,139,217,203,0,50
-4,6,15,3,17,2475,DL,LAX,8,133,283,0,0,22,139,217,203,0,50
7,6,15,3,15,2475,AA,LAX,8,133,283,0,0,22,139,217,203,0,50
-2,6,15,3,7,2475,AA,LAX,8,133,283,0,0,22,139,217,203,0,50
-6,6,15,3,12,2475,AA,LAX,8,133,283,0,0,22,139,217,203,0,50
-3,6,15,3,13,2475,AA,LAX,8,133,283,0,0,22,139,217,203,0,50
-2,6,15,3,9,2475,AA,LAX,8,133,283,0,0,22,139,217,203,0,50
9,6,15,3,21,2475,DL,LAX,8,133,283,0,0,22,139,217,203,0,50
7,6,15,3,16,2475,AA,LAX,8,133,283,0,0,22,139,217,203,0,50
-6,6,15,3,7,2475,B6,LAX,8,133,283,0,0,22,139,217,203,0,50
-2,6,22,3,8,2475,UA,LAX,12,217,267,69,0,14,178,228,5,0,60
-7,6,22,3,11,2475,UA,LAX,12,217,267,69,0,14,178,228,5,0,60
-2,6,22,3,6,2475,UA,LAX,12,217,267,69,0,14,178,228,5,0,60
87,6,22,3,20,2475,UA,LAX,12,217,267,69,0,14,178,228,5,0,60
-5,6,22,3,15,2475,UA,LAX,12,217,267,69,0,14,178,228,5,0,60
0,6,22,3,17,2475,UA,LAX,12,217,267,69,0,14,178,228,5,0,60
12,6,22,3,11,2475,B6,LAX,12,217,267,69,0,14,178,228,5,0,60
80,6,22,3,20,2475,AA,LAX,12,217,267,69,0,14,178,228,5,0,60
59,6,22,3,19,2475,AA,LAX,12,217,267,69,0,14,178,228,5,0,60
-5,6,22,3,16,2475,AA,LAX,12,217,267,69,0,14,178,228,5,0,60
-5,6,22,3,16,2475,B6,LAX,12,217,267,69,0,14,178,228,5,0,60
-5,6,22,3,19,2475,DL,LAX,12,217,267,69,0,14,178,228,5,0,60
-7,6,22,3,13,2475,AA,LAX,12,217,267,69,0,14,178,228,5,0,60
0,6,22,3,12,2475,DL,LAX,12,217,267,69,0,14,178,228,5,0,60
-2,6,22,3,15,2475,AA,LAX,12,217,267,69,0,14,178,228,5,0,60
64,6,22,3,21,2475,B6,LAX,12,217,267,69,0,14,178,228,5,0,60
-3,6,22,3,9,2475,B6,LAX,12,217,267,69,0,14,178,228,5,0,60
121,6,22,3,7,2475,DL,LAX,12,217,267,69,0,14,178,228,5,0,60
-4,6,22,3,15,2475,DL,LAX,12,217,267,69,0,14,178,228,5,0,60
17,6,22,3,9,2475,DL,LAX,12,217,267,69,0,14,178,228,5,0,60
0,6,22,3,17,2475,DL,LAX,12,217,267,69,0,14,178,228,5,0,60
3,6,22,3,9,2475,AA,LAX,12,217,267,69,0,14,178,228,5,0,60
-4,6,22,3,7,2475,AA,LAX,12,217,267,69,0,14,178,228,5,0,60
-6,6,22,3,12,2475,AA,LAX,12,217,267,69,0,14,178,228,5,0,60
-2,6,22,3,7,2475,B6,LAX,12,217,267,69,0,14,178,228,5,0,60
-3,6,22,3,6,2475,AA,LAX,12,217,267,69,0,14,178,228,5,0,60
-7,6,22,3,10,2475,AA,LAX,12,217,267,69,0,14,178,228,5,0,60
91,6,22,3,21,2475,DL,LAX,12,217,267,69,0,14,178,228,5,0,60
-10,7,27,3,10,2475,AA,LAX,23,200,289,0,0,19,200,322,180,0,43
-1,7,27,3,6,2475,AA,LAX,23,200,289,0,0,19,200,322,180,0,43
-2,7,27,3,13,2475,AA,LAX,23,200,289,0,0,19,200,322,180,0,43
23,7,27,3,20,2475,AA,LAX,23,200,289,0,0,19,200,322,180,0,43
-5,7,27,3,19,2475,AA,LAX,23,200,289,0,0,19,200,322,180,0,43
-8,7,27,3,12,2475,AA,LAX,23,200,289,0,0,19,200,322,180,0,43
-6,7,27,3,9,2475,AA,LAX,23,200,289,0,0,19,200,322,180,0,43
-3,7,27,3,7,2475,AA,LAX,23,200,289,0,0,19,200,322,180,0,43
-3,7,27,3,15,2475,AA,LAX,23,200,289,0,0,19,200,322,180,0,43
0,7,27,3,16,2475,AA,LAX,23,200,289,0,0,19,200,322,180,0,43
0,7,27,3,9,2475,B6,LAX,23,200,289,0,0,19,200,322,180,0,43
-2,7,27,3,21,2475,B6,LAX,23,200,289,0,0,19,200,322,180,0,43
5,7,27,3,19,2475,DL,LAX,23,200,289,0,0,19,200,322,180,0,43
26,7,27,3,21,2475,DL,LAX,23,200,289,0,0,19,200,322,180,0,43
-3,7,27,3,9,2475,DL,LAX,23,200,289,0,0,19,200,322,180,0,43
-2,7,27,3,16,2475,B6,LAX,23,200,289,0,0,19,200,322,180,0,43
-3,7,27,3,11,2475,B6,LAX,23,200,289,0,0,19,200,322,180,0,43
-2,7,27,3,15,2475,DL,LAX,23,200,289,0,0,19,200,322,180,0,43
-4,7,27,3,12,2475,DL,LAX,23,200,289,0,0,19,200,322,180,0,43
-3,7,27,3,7,2475,DL,LAX,23,200,289,0,0,19,200,322,180,0,43
-7,7,27,3,17,2475,DL,LAX,23,200,289,0,0,19,200,322,180,0,43
18,7,27,3,7,2475,B6,LAX,23,200,289,0,0,19,200,322,180,0,43
-5,7,27,3,20,2475,UA,LAX,23,200,289,0,0,19,200,322,180,0,43
-3,7,27,3,17,2475,UA,LAX,23,200,289,0,0,19,200,322,180,0,43
-3,7,27,3,6,2475,UA,LAX,23,200,289,0,0,19,200,322,180,0,43
-4,7,27,3,11,2475,UA,LAX,23,200,289,0,0,19,200,322,180,0,43
-3,7,27,3,8,2475,UA,LAX,23,200,289,0,0,19,200,322,180,0,43
-1,7,27,3,15,2475,UA,LAX,23,200,289,0,0,19,200,322,180,0,43
1,8,4,4,15,2475,AA,LAX,30,194,289,0,0,21,206,289,0,0,27
15,8,4,4,11,2475,B6,LAX,30,194,289,0,0,21,206,289,0,0,27
-4,8,4,4,16,2475,B6,LAX,30,194,289,0,0,21,206,289,0,0,27
16,8,4,4,9,2475,B6,LAX,30,194,289,0,0,21,206,289,0,0,27
-1,8,4,4,9,2475,AA,LAX,30,194,289,0,0,21,206,289,0,0,27
-5,8,4,4,7,2475,B6,LAX,30,194,289,0,0,21,206,289,0,0,27
-1,8,4,4,13,2475,AA,LAX,30,194,289,0,0,21,206,289,0,0,27
1,8,4,4,20,2475,AA,LAX,30,194,289,0,0,21,206,289,0,0,27
-6,8,4,4,16,2475,AA,LAX,30,194,289,0,0,21,206,289,0,0,27
88,8,4,4,19,2475,AA,LAX,30,194,289,0,0,21,206,289,0,0,27
9,8,4,4,10,2475,AA,LAX,30,194,289,0,0,21,206,289,0,0,27
-2,8,4,4,6,2475,AA,LAX,30,194,289,0,0,21,206,289,0,0,27
-11,8,4,4,12,2475,AA,LAX,30,194,289,0,0,21,206,289,0,0,27
26,8,4,4,21,2475,B6,LAX,30,194,289,0,0,21,206,289,0,0,27
-4,8,4,4,7,2475,AA,LAX,30,194,289,0,0,21,206,289,0,0,27
137,8,4,4,12,2475,DL,LAX,30,194,289,0,0,21,206,289,0,0,27
0,8,4,4,7,2475,DL,LAX,30,194,289,0,0,21,206,289,0,0,27
18,8,4,4,15,2475,DL,LAX,30,194,289,0,0,21,206,289,0,0,27
-4,8,4,4,9,2475,DL,LAX,30,194,289,0,0,21,206,289,0,0,27
7,8,4,4,19,2475,DL,LAX,30,194,289,0,0,21,206,289,0,0,27
-2,8,4,4,17,2475,DL,LAX,30,194,289,0,0,21,206,289,0,0,27
94,8,4,4,21,2475,DL,LAX,30,194,289,0,0,21,206,289,0,0,27
2,8,4,4,15,2475,UA,LAX,30,194,289,0,0,21,206,289,0,0,27
-1,8,4,4,17,2475,UA,LAX,30,194,289,0,0,21,206,289,0,0,27
-2,8,4,4,11,2475,UA,LAX,30,194,289,0,0,21,206,289,0,0,27
1,8,4,4,20,2475,UA,LAX,30,194,289,0,0,21,206,289,0,0,27
0,8,4,4,8,2475,UA,LAX,30,194,289,0,0,21,206,289,0,0,27
-4,8,4,4,6,2475,UA,LAX,30,194,289,0,0,21,206,289,0,0,27
-5,8,11,4,20,2475,AA,LAX,23,206,278,0,0,16,139,272,0,0,13
-6,8,11,4,9,2475,AA,LAX,23,206,278,0,0,16,139,272,0,0,13
3,8,11,4,12,2475,AA,LAX,23,206,278,0,0,16,139,272,0,0,13
0,8,11,4,10,2475,AA,LAX,23,206,278,0,0,16,139,272,0,0,13
14,8,11,4,9,2475,B6,LAX,23,206,278,0,0,16,139,272,0,0,13
3,8,11,4,21,2475,B6,LAX,23,206,278,0,0,16,139,272,0,0,13
5,8,11,4,16,2475,B6,LAX,23,206,278,0,0,16,139,272,0,0,13
-4,8,11,4,11,2475,B6,LAX,23,206,278,0,0,16,139,272,0,0,13
-7,8,11,4,7,2475,B6,LAX,23,206,278,0,0,16,139,272,0,0,13
-1,8,11,4,19,2475,AA,LAX,23,206,278,0,0,16,139,272,0,0,13
38,8,11,4,7,2475,AA,LAX,23,206,278,0,0,16,139,272,0,0,13
77,8,11,4,13,2475,AA,LAX,23,206,278,0,0,16,139,272,0,0,13
193,8,11,4,15,2475,AA,LAX,23,206,278,0,0,16,139,272,0,0,13
-3,8,11,4,6,2475,AA,LAX,23,206,278,0,0,16,139,272,0,0,13
4,8,11,4,16,2475,AA,LAX,23,206,278,0,0,16,139,272,0,0,13
-4,8,11,4,6,2475,UA,LAX,23,206,278,0,0,16,139,272,0,0,13
0,8,11,4,8,2475,UA,LAX,23,206,278,0,0,16,139,272,0,0,13
-6,8,11,4,11,2475,UA,LAX,23,206,278,0,0,16,139,272,0,0,13
-5,8,11,4,20,2475,UA,LAX,23,206,278,0,0,16,139,272,0,0,13
-3,8,11,4,15,2475,UA,LAX,23,206,278,0,0,16,139,272,0,0,13
0,8,11,4,17,2475,UA,LAX,23,206,278,0,0,16,139,272,0,0,13
-3,8,11,4,21,2475,DL,LAX,23,206,278,0,0,16,139,272,0,0,13
-4,8,11,4,15,2475,DL,LAX,23,206,278,0,0,16,139,272,0,0,13
-3,8,11,4,12,2475,DL,LAX,23,206,278,0,0,16,139,272,0,0,13
-2,8,11,4,7,2475,DL,LAX,23,206,278,0,0,16,139,272,0,0,13
-2,8,11,4,17,2475,DL,LAX,23,206,278,0,0,16,139,272,0,0,13
-2,8,11,4,9,2475,DL,LAX,23,206,278,0,0,16,139,272,0,0,13
10,8,11,4,19,2475,DL,LAX,23,206,278,0,0,16,139,272,0,0,13
-2,9,9,5,7,2475,AA,LAX,6,194,289,0,0,20,156,222,5,0,37
25,9,9,5,15,2475,AA,LAX,6,194,289,0,0,20,156,222,5,0,37
-4,9,9,5,7,2475,AA,LAX,6,194,289,0,0,20,156,222,5,0,37
-1,9,9,5,12,2475,AA,LAX,6,194,289,0,0,20,156,222,5,0,37
8,9,9,5,19,2475,AA,LAX,6,194,289,0,0,20,156,222,5,0,37
2,9,9,5,9,2475,B6,LAX,6,194,289,0,0,20,156,222,5,0,37
-2,9,9,5,6,2475,B6,LAX,6,194,289,0,0,20,156,222,5,0,37
3,9,9,5,11,2475,B6,LAX,6,194,289,0,0,20,156,222,5,0,37
65,9,9,5,16,2475,B6,LAX,6,194,289,0,0,20,156,222,5,0,37
50,9,9,5,20,2475,B6,LAX,6,194,289,0,0,20,156,222,5,0,37
-7,9,9,5,9,2475,AA,LAX,6,194,289,0,0,20,156,222,5,0,37
-5,9,9,5,17,2475,DL,LAX,6,194,289,0,0,20,156,222,5,0,37
-6,9,9,5,16,2475,AA,LAX,6,194,289,0,0,20,156,222,5,0,37
-1,9,9,5,9,2475,DL,LAX,6,194,289,0,0,20,156,222,5,0,37
-5,9,9,5,15,2475,DL,LAX,6,194,289,0,0,20,156,222,5,0,37
-5,9,9,5,7,2475,DL,LAX,6,194,289,0,0,20,156,222,5,0,37
0,9,9,5,12,2475,DL,LAX,6,194,289,0,0,20,156,222,5,0,37
-7,9,9,5,10,2475,AA,LAX,6,194,289,0,0,20,156,222,5,0,37
24,9,9,5,21,2475,DL,LAX,6,194,289,0,0,20,156,222,5,0,37
-5,9,9,5,19,2475,DL,LAX,6,194,289,0,0,20,156,222,5,0,37
0,9,9,5,13,2475,AA,LAX,6,194,289,0,0,20,156,222,5,0,37
3,9,9,5,21,2475,AA,LAX,6,194,289,0,0,20,156,222,5,0,37
163,9,9,5,8,2475,UA,LAX,6,194,289,0,0,20,156,222,5,0,37
2,9,9,5,20,2475,UA,LAX,6,194,289,0,0,20,156,222,5,0,37
4,9,9,5,11,2475,UA,LAX,6,194,289,0,0,20,156,222,5,0,37
-1,9,9,5,6,2475,UA,LAX,6,194,289,0,0,20,156,222,5,0,37
-1,9,9,5,15,2475,UA,LAX,6,194,289,0,0,20,156,222,5,0,37
4,9,9,5,17,2475,UA,LAX,6,194,289,0,0,20,156,222,5,0,37
-6,9,16,5,11,2475,B6,LAX,13,106,183,0,0,24,78,144,0,0,15
0,9,16,5,16,2475,AA,LAX,13,106,183,0,0,24,78,144,0,0,15
25,9,16,5,13,2475,AA,LAX,13,106,183,0,0,24,78,144,0,0,15
1,9,16,5,9,2475,AA,LAX,13,106,183,0,0,24,78,144,0,0,15
17,9,16,5,7,2475,AA,LAX,13,106,183,0,0,24,78,144,0,0,15
-3,9,16,5,6,2475,B6,LAX,13,106,183,0,0,24,78,144,0,0,15
7,9,16,5,20,2475,B6,LAX,13,106,183,0,0,24,78,144,0,0,15
1,9,16,5,16,2475,B6,LAX,13,106,183,0,0,24,78,144,0,0,15
48,9,16,5,15,2475,AA,LAX,13,106,183,0,0,24,78,144,0,0,15
-1,9,16,5,21,2475,AA,LAX,13,106,183,0,0,24,78,144,0,0,15
-2,9,16,5,9,2475,DL,LAX,13,106,183,0,0,24,78,144,0,0,15
-1,9,16,5,15,2475,DL,LAX,13,106,183,0,0,24,78,144,0,0,15
-2,9,16,5,7,2475,DL,LAX,13,106,183,0,0,24,78,144,0,0,15
-5,9,16,5,12,2475,DL,LAX,13,106,183,0,0,24,78,144,0,0,15
-3,9,16,5,21,2475,DL,LAX,13,106,183,0,0,24,78,144,0,0,15
-2,9,16,5,10,2475,AA,LAX,13,106,183,0,0,24,78,144,0,0,15
-1,9,16,5,19,2475,DL,LAX,13,106,183,0,0,24,78,144,0,0,15
-4,9,16,5,9,2475,B6,LAX,13,106,183,0,0,24,78,144,0,0,15
-7,9,16,5,7,2475,AA,LAX,13,106,183,0,0,24,78,144,0,0,15
0,9,16,5,12,2475,AA,LAX,13,106,183,0,0,24,78,144,0,0,15
-3,9,16,5,19,2475,AA,LAX,13,106,183,0,0,24,78,144,0,0,15
-4,9,16,5,17,2475,DL,LAX,13,106,183,0,0,24,78,144,0,0,15
18,9,16,5,20,2475,UA,LAX,13,106,183,0,0,24,78,144,0,0,15
4,9,16,5,8,2475,UA,LAX,13,106,183,0,0,24,78,144,0,0,15
0,9,16,5,17,2475,UA,LAX,13,106,183,0,0,24,78,144,0,0,15
-4,9,16,5,6,2475,UA,LAX,13,106,183,0,0,24,78,144,0,0,15
-2,9,16,5,11,2475,UA,LAX,13,106,183,0,0,24,78,144,0,0,15
7,9,16,5,15,2475,UA,LAX,13,106,183,0,0,24,78,144,0,0,15
6,9,23,5,8,2475,UA,LAX,15,206,228,663,0,19,89,167,0,0,31
45,9,23,5,20,2475,UA,LAX,15,206,228,663,0,19,89,167,0,0,31
1,9,23,5,17,2475,UA,LAX,15,206,228,663,0,19,89,167,0,0,31
-3,9,23,5,6,2475,UA,LAX,15,206,228,663,0,19,89,167,0,0,31
0,9,23,5,15,2475,UA,LAX,15,206,228,663,0,19,89,167,0,0,31
-6,9,23,5,11,2475,UA,LAX,15,206,228,663,0,19,89,167,0,0,31
216,9,23,5,19,2475,AA,LAX,15,206,228,663,0,19,89,167,0,0,31
128,9,23,5,20,2475,B6,LAX,15,206,228,663,0,19,89,167,0,0,31
10,9,23,5,16,2475,B6,LAX,15,206,228,663,0,19,89,167,0,0,31
-5,9,23,5,11,2475,B6,LAX,15,206,228,663,0,19,89,167,0,0,31
-4,9,23,5,6,2475,B6,LAX,15,206,228,663,0,19,89,167,0,0,31
34,9,23,5,9,2475,B6,LAX,15,206,228,663,0,19,89,167,0,0,31
-2,9,23,5,10,2475,AA,LAX,15,206,228,663,0,19,89,167,0,0,31
14,9,23,5,13,2475,AA,LAX,15,206,228,663,0,19,89,167,0,0,31
2,9,23,5,9,2475,AA,LAX,15,206,228,663,0,19,89,167,0,0,31
6,9,23,5,15,2475,AA,LAX,15,206,228,663,0,19,89,167,0,0,31
-7,9,23,5,12,2475,AA,LAX,15,206,228,663,0,19,89,167,0,0,31
1,9,23,5,7,2475,AA,LAX,15,206,228,663,0,19,89,167,0,0,31
-3,9,23,5,17,2475,DL,LAX,15,206,228,663,0,19,89,167,0,0,31
-5,9,23,5,9,2475,DL,LAX,15,206,228,663,0,19,89,167,0,0,31
2,9,23,5,15,2475,DL,LAX,15,206,228,663,0,19,89,167,0,0,31
0,9,23,5,7,2475,DL,LAX,15,206,228,663,0,19,89,167,0,0,31
-2,9,23,5,12,2475,DL,LAX,15,206,228,663,0,19,89,167,0,0,31
73,9,23,5,21,2475,DL,LAX,15,206,228,663,0,19,89,167,0,0,31
-5,9,23,5,19,2475,DL,LAX,15,206,228,663,0,19,89,167,0,0,31
34,9,23,5,16,2475,AA,LAX,15,206,228,663,0,19,89,167,0,0,31
-8,9,30,5,19,2475,DL,LAX,8,144,244,183,0,17,72,139,23,0,67
18,9,30,5,21,2475,DL,LAX,8,144,244,183,0,17,72,139,23,0,67
-5,9,30,5,12,2475,DL,LAX,8,144,244,183,0,17,72,139,23,0,67
-4,9,30,5,7,2475,DL,LAX,8,144,244,183,0,17,72,139,23,0,67
-2,9,30,5,15,2475,DL,LAX,8,144,244,183,0,17,72,139,23,0,67
-6,9,30,5,9,2475,DL,LAX,8,144,244,183,0,17,72,139,23,0,67
-4,9,30,5,17,2475,DL,LAX,8,144,244,183,0,17,72,139,23,0,67
11,9,30,5,20,2475,B6,LAX,8,144,244,183,0,17,72,139,23,0,67
-3,9,30,5,16,2475,B6,LAX,8,144,244,183,0,17,72,139,23,0,67
-7,9,30,5,11,2475,B6,LAX,8,144,244,183,0,17,72,139,23,0,67
-3,9,30,5,6,2475,B6,LAX,8,144,244,183,0,17,72,139,23,0,67
-2,9,30,5,9,2475,B6,LAX,8,144,244,183,0,17,72,139,23,0,67
-8,9,30,5,7,2475,AA,LAX,8,144,244,183,0,17,72,139,23,0,67
-7,9,30,5,21,2475,AA,LAX,8,144,244,183,0,17,72,139,23,0,67
-1,9,30,5,16,2475,AA,LAX,8,144,244,183,0,17,72,139,23,0,67
33,9,30,5,15,2475,AA,LAX,8,144,244,183,0,17,72,139,23,0,67
-9,9,30,5,13,2475,AA,LAX,8,144,244,183,0,17,72,139,23,0,67
-11,9,30,5,7,2475,AA,LAX,8,144,244,183,0,17,72,139,23,0,67
1,9,30,5,19,2475,AA,LAX,8,144,244,183,0,17,72,139,23,0,67
-6,9,30,5,10,2475,AA,LAX,8,144,244,183,0,17,72,139,23,0,67
-5,9,30,5,12,2475,AA,LAX,8,144,244,183,0,17,72,139,23,0,67
-7,9,30,5,9,2475,AA,LAX,8,144,244,183,0,17,72,139,23,0,67
19,9,30,5,8,2475,UA,LAX,8,144,244,183,0,17,72,139,23,0,67
98,9,30,5,11,2475,UA,LAX,8,144,244,183,0,17,72,139,23,0,67
-2,9,30,5,20,2475,UA,LAX,8,144,244,183,0,17,72,139,23,0,67
-7,9,30,5,15,2475,UA,LAX,8,144,244,183,0,17,72,139,23,0,67
4,9,30,5,6,2475,UA,LAX,8,144,244,183,0,17,72,139,23,0,67
-6,9,30,5,17,2475,UA,LAX,8,144,244,183,0,17,72,139,23,0,67
1,10,7,5,20,2475,B6,LAX,1,89,189,0,0,9,122,289,0,0,34
-7,10,7,5,9,2475,DL,LAX,1,89,189,0,0,9,122,289,0,0,34
-1,10,7,5,15,2475,AA,LAX,1,89,189,0,0,9,122,289,0,0,34
-2,10,7,5,7,2475,AA,LAX,1,89,189,0,0,9,122,289,0,0,34
-8,10,7,5,9,2475,AA,LAX,1,89,189,0,0,9,122,289,0,0,34
-3,10,7,5,17,2475,DL,LAX,1,89,189,0,0,9,122,289,0,0,34
-6,10,7,5,9,2475,B6,LAX,1,89,189,0,0,9,122,289,0,0,34
-2,10,7,5,19,2475,AA,LAX,1,89,189,0,0,9,122,289,0,0,34
-8,10,7,5,12,2475,AA,LAX,1,89,189,0,0,9,122,289,0,0,34
-4,10,7,5,7,2475,DL,LAX,1,89,189,0,0,9,122,289,0,0,34
-2,10,7,5,13,2475,AA,LAX,1,89,189,0,0,9,122,289,0,0,34
0,10,7,5,7,2475,AA,LAX,1,89,189,0,0,9,122,289,0,0,34
-3,10,7,5,6,2475,B6,LAX,1,89,189,0,0,9,122,289,0,0,34
-4,10,7,5,12,2475,DL,LAX,1,89,189,0,0,9,122,289,0,0,34
-5,10,7,5,19,2475,DL,LAX,1,89,189,0,0,9,122,289,0,0,34
-5,10,7,5,21,2475,AA,LAX,1,89,189,0,0,9,122,289,0,0,34
2,10,7,5,21,2475,DL,LAX,1,89,189,0,0,9,122,289,0,0,34
-2,10,7,5,16,2475,AA,LAX,1,89,189,0,0,9,122,289,0,0,34
-5,10,7,5,15,2475,DL,LAX,1,89,189,0,0,9,122,289,0,0,34
-5,10,7,5,10,2475,AA,LAX,1,89,189,0,0,9,122,289,0,0,34
-2,10,7,5,11,2475,B6,LAX,1,89,189,0,0,9,122,289,0,0,34
-2,10,7,5,16,2475,B6,LAX,1,89,189,0,0,9,122,289,0,0,34
24,10,7,5,8,2475,UA,LAX,1,89,189,0,0,9,122,289,0,0,34
0,10,7,5,20,2475,UA,LAX,1,89,189,0,0,9,122,289,0,0,34
-5,10,7,5,11,2475,UA,LAX,1,89,189,0,0,9,122,289,0,0,34
-2,10,7,5,17,2475,UA,LAX,1,89,189,0,0,9,122,289,0,0,34
-5,10,7,5,15,2475,UA,LAX,1,89,189,0,0,9,122,289,0,0,34
-2,10,7,5,6,2475,UA,LAX,1,89,189,0,0,9,122,289,0,0,34
-6,10,14,5,8,2475,UA,LAX,6,139,211,259,0,26,89,167,0,0,70
51,10,14,5,17,2475,UA,LAX,6,139,211,259,0,26,89,167,0,0,70
52,10,14,5,20,2475,UA,LAX,6,139,211,259,0,26,89,167,0,0,70
-5,10,14,5,6,2475,UA,LAX,6,139,211,259,0,26,89,167,0,0,70
36,10,14,5,15,2475,UA,LAX,6,139,211,259,0,26,89,167,0,0,70
-5,10,14,5,11,2475,UA,LAX,6,139,211,259,0,26,89,167,0,0,70
-6,10,14,5,9,2475,AA,LAX,6,139,211,259,0,26,89,167,0,0,70
-3,10,14,5,7,2475,DL,LAX,6,139,211,259,0,26,89,167,0,0,70
-2,10,14,5,9,2475,DL,LAX,6,139,211,259,0,26,89,167,0,0,70
-2,10,14,5,9,2475,B6,LAX,6,139,211,259,0,26,89,167,0,0,70
183,10,14,5,12,2475,AA,LAX,6,139,211,259,0,26,89,167,0,0,70
-1,10,14,5,6,2475,B6,LAX,6,139,211,259,0,26,89,167,0,0,70
-7,10,14,5,7,2475,AA,LAX,6,139,211,259,0,26,89,167,0,0,70
-3,10,14,5,11,2475,B6,LAX,6,139,211,259,0,26,89,167,0,0,70
52,10,14,5,15,2475,AA,LAX,6,139,211,259,0,26,89,167,0,0,70
2,10,14,5,16,2475,B6,LAX,6,139,211,259,0,26,89,167,0,0,70
-2,10,14,5,20,2475,B6,LAX,6,139,211,259,0,26,89,167,0,0,70
16,10,14,5,21,2475,AA,LAX,6,139,211,259,0,26,89,167,0,0,70
17,10,14,5,19,2475,AA,LAX,6,139,211,259,0,26,89,167,0,0,70
-1,10,14,5,21,2475,DL,LAX,6,139,211,259,0,26,89,167,0,0,70
-6,10,14,5,15,2475,DL,LAX,6,139,211,259,0,26,89,167,0,0,70
-1,10,14,5,12,2475,DL,LAX,6,139,211,259,0,26,89,167,0,0,70
28,10,14,5,16,2475,AA,LAX,6,139,211,259,0,26,89,167,0,0,70
28,10,14,5,7,2475,AA,LAX,6,139,211,259,0,26,89,167,0,0,70
-1,10,14,5,19,2475,DL,LAX,6,139,211,259,0,26,89,167,0,0,70
-7,10,14,5,10,2475,AA,LAX,6,139,211,259,0,26,89,167,0,0,70
-2,10,14,5,13,2475,AA,LAX,6,139,211,259,0,26,89,167,0,0,70
-4,10,14,5,17,2475,DL,LAX,6,139,211,259,0,26,89,167,0,0,70
-4,10,21,5,20,2475,UA,LAX,13,100,133,0,0,30,33,128,0,0,24
67,10,21,5,15,2475,UA,LAX,13,100,133,0,0,30,33,128,0,0,24
-5,10,21,5,8,2475,UA,LAX,13,100,133,0,0,30,33,128,0,0,24
-1,10,21,5,17,2475,UA,LAX,13,100,133,0,0,30,33,128,0,0,24
2,10,21,5,6,2475,UA,LAX,13,100,133,0,0,30,33,128,0,0,24
-3,10,21,5,11,2475,UA,LAX,13,100,133,0,0,30,33,128,0,0,24
-7,10,21,5,12,2475,AA,LAX,13,100,133,0,0,30,33,128,0,0,24
0,10,21,5,10,2475,AA,LAX,13,100,133,0,0,30,33,128,0,0,24
-5,10,21,5,21,2475,AA,LAX,13,100,133,0,0,30,33,128,0,0,24
0,10,21,5,9,2475,B6,LAX,13,100,133,0,0,30,33,128,0,0,24
0,10,21,5,6,2475,B6,LAX,13,100,133,0,0,30,33,128,0,0,24
-3,10,21,5,11,2475,B6,LAX,13,100,133,0,0,30,33,128,0,0,24
15,10,21,5,16,2475,B6,LAX,13,100,133,0,0,30,33,128,0,0,24
5,10,21,5,20,2475,B6,LAX,13,100,133,0,0,30,33,128,0,0,24
-4,10,21,5,16,2475,AA,LAX,13,100,133,0,0,30,33,128,0,0,24
-7,10,21,5,9,2475,AA,LAX,13,100,133,0,0,30,33,128,0,0,24
8,10,21,5,15,2475,AA,LAX,13,100,133,0,0,30,33,128,0,0,24
-4,10,21,5,19,2475,DL,LAX,13,100,133,0,0,30,33,128,0,0,24
-1,10,21,5,21,2475,DL,LAX,13,100,133,0,0,30,33,128,0,0,24
0,10,21,5,15,2475,DL,LAX,13,100,133,0,0,30,33,128,0,0,24
-5,10,21,5,12,2475,DL,LAX,13,100,133,0,0,30,33,128,0,0,24
-5,10,21,5,7,2475,DL,LAX,13,100,133,0,0,30,33,128,0,0,24
-5,10,21,5,9,2475,DL,LAX,13,100,133,0,0,30,33,128,0,0,24
-1,10,21,5,17,2475,DL,LAX,13,100,133,0,0,30,33,128,0,0,24
-8,10,21,5,19,2475,AA,LAX,13,100,133,0,0,30,33,128,0,0,24
-6,10,21,5,13,2475,AA,LAX,13,100,133,0,0,30,33,128,0,0,24
-1,10,21,5,7,2475,AA,LAX,13,100,133,0,0,30,33,128,0,0,24
-6,10,21,5,7,2475,AA,LAX,13,100,133,0,0,30,33,128,0,0,24
62,11,19,6,21,2475,AA,LAX,3,33,106,0,0,30,67,144,0,0,76
-4,11,19,6,16,2475,AA,LAX,3,33,106,0,0,30,67,144,0,0,76
-4,11,19,6,7,2475,AA,LAX,3,33,106,0,0,30,67,144,0,0,76
-7,11,19,6,19,2475,AA,LAX,3,33,106,0,0,30,67,144,0,0,76
297,11,19,6,15,2475,AA,LAX,3,33,106,0,0,30,67,144,0,0,76
12,11,19,6,9,2475,AA,LAX,3,33,106,0,0,30,67,144,0,0,76
80,11,19,6,13,2475,AA,LAX,3,33,106,0,0,30,67,144,0,0,76
-9,11,19,6,12,2475,AA,LAX,3,33,106,0,0,30,67,144,0,0,76
-8,11,19,6,16,2475,B6,LAX,3,33,106,0,0,30,67,144,0,0,76
-6,11,19,6,20,2475,B6,LAX,3,33,106,0,0,30,67,144,0,0,76
-5,11,19,6,12,2475,DL,LAX,3,33,106,0,0,30,67,144,0,0,76
-8,11,19,6,11,2475,B6,LAX,3,33,106,0,0,30,67,144,0,0,76
-2,11,19,6,17,2475,DL,LAX,3,33,106,0,0,30,67,144,0,0,76
-6,11,19,6,9,2475,DL,LAX,3,33,106,0,0,30,67,144,0,0,76
-4,11,19,6,15,2475,DL,LAX,3,33,106,0,0,30,67,144,0,0,76
-1,11,19,6,19,2475,DL,LAX,3,33,106,0,0,30,67,144,0,0,76
-1,11,19,6,9,2475,B6,LAX,3,33,106,0,0,30,67,144,0,0,76
0,11,19,6,6,2475,UA,LAX,3,33,106,0,0,30,67,144,0,0,76
-4,11,19,6,17,2475,UA,LAX,3,33,106,0,0,30,67,144,0,0,76
0,11,19,6,15,2475,UA,LAX,3,33,106,0,0,30,67,144,0,0,76
-4,11,19,6,11,2475,UA,LAX,3,33,106,0,0,30,67,144,0,0,76
-3,11,19,6,8,2475,UA,LAX,3,33,106,0,0,30,67,144,0,0,76
-5,11,26,6,15,2475,UA,LAX,4,100,183,0,0,14,72,133,257,0,50
-4,11,26,6,17,2475,UA,LAX,4,100,183,0,0,14,72,133,257,0,50
0,11,26,6,8,2475,UA,LAX,4,100,183,0,0,14,72,133,257,0,50
-1,11,26,6,11,2475,UA,LAX,4,100,183,0,0,14,72,133,257,0,50
29,11,26,6,12,2475,DL,LAX,4,100,183,0,0,14,72,133,257,0,50
-7,11,26,6,15,2475,DL,LAX,4,100,183,0,0,14,72,133,257,0,50
-5,11,26,6,19,2475,DL,LAX,4,100,183,0,0,14,72,133,257,0,50
6,11,26,6,11,2475,B6,LAX,4,100,183,0,0,14,72,133,257,0,50
34,11,26,6,16,2475,B6,LAX,4,100,183,0,0,14,72,133,257,0,50
6,11,26,6,20,2475,B6,LAX,4,100,183,0,0,14,72,133,257,0,50
-3,11,26,6,9,2475,B6,LAX,4,100,183,0,0,14,72,133,257,0,50
-5,11,26,6,17,2475,DL,LAX,4,100,183,0,0,14,72,133,257,0,50
-4,11,26,6,9,2475,DL,LAX,4,100,183,0,0,14,72,133,257,0,50
-4,11,26,6,7,2475,AA,LAX,4,100,183,0,0,14,72,133,257,0,50
-9,11,26,6,12,2475,AA,LAX,4,100,183,0,0,14,72,133,257,0,50
17,11,26,6,9,2475,AA,LAX,4,100,183,0,0,14,72,133,257,0,50
-3,11,26,6,16,2475,AA,LAX,4,100,183,0,0,14,72,133,257,0,50
-2,11,26,6,21,2475,AA,LAX,4,100,183,0,0,14,72,133,257,0,50
-10,11,26,6,13,2475,AA,LAX,4,100,183,0,0,14,72,133,257,0,50
-7,11,26,6,19,2475,AA,LAX,4,100,183,0,0,14,72,133,257,0,50
-9,11,26,6,15,2475,AA,LAX,4,100,183,0,0,14,72,133,257,0,50
-4,12,3,6,8,2475,UA,LAX,11,28,83,0,0,19,28,100,84,0,59
-1,12,3,6,15,2475,UA,LAX,11,28,83,0,0,19,28,100,84,0,59
-5,12,3,6,11,2475,UA,LAX,11,28,83,0,0,19,28,100,84,0,59
-5,12,3,6,17,2475,UA,LAX,11,28,83,0,0,19,28,100,84,0,59
18,12,3,6,6,2475,UA,LAX,11,28,83,0,0,19,28,100,84,0,59
-7,12,3,6,12,2475,AA,LAX,11,28,83,0,0,19,28,100,84,0,59
-6,12,3,6,21,2475,AA,LAX,11,28,83,0,0,19,28,100,84,0,59
-1,12,3,6,7,2475,AA,LAX,11,28,83,0,0,19,28,100,84,0,59
-4,12,3,6,9,2475,B6,LAX,11,28,83,0,0,19,28,100,84,0,59
-2,12,3,6,15,2475,AA,LAX,11,28,83,0,0,19,28,100,84,0,59
-7,12,3,6,17,2475,DL,LAX,11,28,83,0,0,19,28,100,84,0,59
-4,12,3,6,9,2475,DL,LAX,11,28,83,0,0,19,28,100,84,0,59
-5,12,3,6,9,2475,AA,LAX,11,28,83,0,0,19,28,100,84,0,59
-5,12,3,6,12,2475,DL,LAX,11,28,83,0,0,19,28,100,84,0,59
-5,12,3,6,15,2475,DL,LAX,11,28,83,0,0,19,28,100,84,0,59
-1,12,3,6,19,2475,DL,LAX,11,28,83,0,0,19,28,100,84,0,59
11,12,3,6,16,2475,AA,LAX,11,28,83,0,0,19,28,100,84,0,59
-7,12,3,6,16,2475,B6,LAX,11,28,83,0,0,19,28,100,84,0,59
-3,12,3,6,20,2475,B6,LAX,11,28,83,0,0,19,28,100,84,0,59
-3,12,3,6,19,2475,AA,LAX,11,28,83,0,0,19,28,100,84,0,59
5,12,3,6,11,2475,B6,LAX,11,28,83,0,0,19,28,100,84,0,59
3,12,10,6,9,2475,DL,LAX,15,0,78,0,0,28,-111,-28,0,0,42
-4,12,10,6,12,2475,DL,LAX,15,0,78,0,0,28,-111,-28,0,0,42
-6,12,10,6,15,2475,DL,LAX,15,0,78,0,0,28,-111,-28,0,0,42
10,12,10,6,19,2475,DL,LAX,15,0,78,0,0,28,-111,-28,0,0,42
6,12,10,6,16,2475,B6,LAX,15,0,78,0,0,28,-111,-28,0,0,42
34,12,10,6,16,2475,AA,LAX,15,0,78,0,0,28,-111,-28,0,0,42
-8,12,10,6,20,2475,B6,LAX,15,0,78,0,0,28,-111,-28,0,0,42
-2,12,10,6,7,2475,AA,LAX,15,0,78,0,0,28,-111,-28,0,0,42
-5,12,10,6,9,2475,AA,LAX,15,0,78,0,0,28,-111,-28,0,0,42
-7,12,10,6,12,2475,AA,LAX,15,0,78,0,0,28,-111,-28,0,0,42
42,12,10,6,19,2475,AA,LAX,15,0,78,0,0,28,-111,-28,0,0,42
-1,12,10,6,9,2475,B6,LAX,15,0,78,0,0,28,-111,-28,0,0,42
1,12,10,6,21,2475,AA,LAX,15,0,78,0,0,28,-111,-28,0,0,42
-2,12,10,6,11,2475,B6,LAX,15,0,78,0,0,28,-111,-28,0,0,42
-2,12,10,6,15,2475,AA,LAX,15,0,78,0,0,28,-111,-28,0,0,42
-5,12,10,6,17,2475,DL,LAX,15,0,78,0,0,28,-111,-28,0,0,42
-4,12,10,6,17,2475,UA,LAX,15,0,78,0,0,28,-111,-28,0,0,42
-4,12,10,6,11,2475,UA,LAX,15,0,78,0,0,28,-111,-28,0,0,42
38,12,10,6,15,2475,UA,LAX,15,0,78,0,0,28,-111,-28,0,0,42
-2,12,10,6,6,2475,UA,LAX,15,0,78,0,0,28,-111,-28,0,0,42
0,12,10,6,8,2475,UA,LAX,15,0,78,0,0,28,-111,-28,0,0,42
