-4,1,1,6,11,2475,AA,LAX,0,44,117,0,0,14,-100,50,0,0,83
6,1,1,6,19,2475,DL,LAX,0,44,117,0,0,14,-100,50,0,0,83
4,1,1,6,12,2475,DL,LAX,0,44,117,0,0,14,-100,50,0,0,83
-4,1,1,6,16,2475,AA,LAX,0,44,117,0,0,14,-100,50,0,0,83
2,1,1,6,13,2475,AA,LAX,0,44,117,0,0,14,-100,50,0,0,83
-5,1,1,6,15,2475,AA,LAX,0,44,117,0,0,14,-100,50,0,0,83
50,1,1,6,21,2475,AA,LAX,0,44,117,0,0,14,-100,50,0,0,83
-1,1,1,6,7,2475,AA,LAX,0,44,117,0,0,14,-100,50,0,0,83
52,1,1,6,19,2475,AA,LAX,0,44,117,0,0,14,-100,50,0,0,83
-1,1,1,6,6,2475,AA,LAX,0,44,117,0,0,14,-100,50,0,0,83
-4,1,1,6,9,2475,AA,LAX,0,44,117,0,0,14,-100,50,0,0,83
5,1,1,6,7,2475,B6,LAX,0,44,117,0,0,14,-100,50,0,0,83
-1,1,1,6,16,2475,B6,LAX,0,44,117,0,0,14,-100,50,0,0,83
-4,1,1,6,18,2475,B6,LAX,0,44,117,0,0,14,-100,50,0,0,83
-2,1,1,6,21,2475,B6,LAX,0,44,117,0,0,14,-100,50,0,0,83
0,1,1,6,15,2475,DL,LAX,0,44,117,0,0,14,-100,50,0,0,83
-5,1,1,6,6,2475,UA,LAX,0,44,117,0,0,14,-100,50,0,0,83
35,1,1,6,15,2475,UA,LAX,0,44,117,0,0,14,-100,50,0,0,83
49,1,1,6,8,2475,UA,LAX,0,44,117,0,0,14,-100,50,0,0,83
26,1,1,6,18,2475,UA,LAX,0,44,117,0,0,14,-100,50,0,0,83
0,1,1,6,11,2475,UA,LAX,0,44,117,0,0,14,-100,50,0,0,83
-6,1,29,6,15,2475,UA,LAX,14,-17,22,3,0,19,-33,6,0,0,31
0,1,29,6,18,2475,UA,LAX,14,-17,22,3,0,19,-33,6,0,0,31
-5,1,29,6,6,2475,UA,LAX,14,-17,22,3,0,19,-33,6,0,0,31
-4,1,29,6,8,2475,UA,LAX,14,-17,22,3,0,19,-33,6,0,0,31
-2,1,29,6,11,2475,UA,LAX,14,-17,22,3,0,19,-33,6,0,0,31
0,1,29,6,17,2475,DL,LAX,14,-17,22,3,0,19,-33,6,0,0,31
-6,1,29,6,15,2475,DL,LAX,14,-17,22,3,0,19,-33,6,0,0,31
-9,1,29,6,19,2475,AA,LAX,14,-17,22,3,0,19,-33,6,0,0,31
64,1,29,6,7,2475,B6,LAX,14,-17,22,3,0,19,-33,6,0,0,31
-3,1,29,6,9,2475,DL,LAX,14,-17,22,3,0,19,-33,6,0,0,31
38,1,29,6,18,2475,B6,LAX,14,-17,22,3,0,19,-33,6,0,0,31
10,1,29,6,19,2475,DL,LAX,14,-17,22,3,0,19,-33,6,0,0,31
-6,1,29,6,15,2475,AA,LAX,14,-17,22,3,0,19,-33,6,0,0,31
-6,1,29,6,9,2475,AA,LAX,14,-17,22,3,0,19,-33,6,0,0,31
51,1,29,6,21,2475,AA,LAX,14,-17,22,3,0,19,-33,6,0,0,31
-4,1,29,6,13,2475,AA,LAX,14,-17,22,3,0,19,-33,6,0,0,31
83,1,29,6,7,2475,AA,LAX,14,-17,22,3,0,19,-33,6,0,0,31
-4,1,29,6,11,2475,AA,LAX,14,-17,22,3,0,19,-33,6,0,0,31
-3,1,29,6,6,2475,AA,LAX,14,-17,22,3,0,19,-33,6,0,0,31
1,1,29,6,16,2475,AA,LAX,14,-17,22,3,0,19,-33,6,0,0,31
-4,1,29,6,12,2475,DL,LAX,14,-17,22,3,0,19,-33,6,0,0,31
12,2,6,7,20,2475,UA,LAX,13,28,72,0,0,31,-44,0,51,66,22
18,2,6,7,8,2475,UA,LAX,13,28,72,0,0,31,-44,0,51,66,22
-1,2,6,7,11,2475,UA,LAX,13,28,72,0,0,31,-44,0,51,66,22
-1,2,6,7,15,2475,UA,LAX,13,28,72,0,0,31,-44,0,51,66,22
-3,2,6,7,18,2475,UA,LAX,13,28,72,0,0,31,-44,0,51,66,22
-3,2,6,7,6,2475,UA,LAX,13,28,72,0,0,31,-44,0,51,66,22
-2,2,6,7,19,2475,DL,LAX,13,28,72,0,0,31,-44,0,51,66,22
-3,2,6,7,17,2475,DL,LAX,13,28,72,0,0,31,-44,0,51,66,22
-4,2,6,7,15,2475,DL,LAX,13,28,72,0,0,31,-44,0,51,66,22
-8,2,6,7,18,2475,B6,LAX,13,28,72,0,0,31,-44,0,51,66,22
-6,2,6,7,15,2475,B6,LAX,13,28,72,0,0,31,-44,0,51,66,22
5,2,6,7,7,2475,B6,LAX,13,28,72,0,0,31,-44,0,51,66,22
-2,2,6,7,6,2475,AA,LAX,13,28,72,0,0,31,-44,0,51,66,22
-5,2,6,7,21,2475,AA,LAX,13,28,72,0,0,31,-44,0,51,66,22
31,2,6,7,21,2475,DL,LAX,13,28,72,0,0,31,-44,0,51,66,22
-4,2,6,7,16,2475,AA,LAX,13,28,72,0,0,31,-44,0,51,66,22
-3,2,6,7,15,2475,AA,LAX,13,28,72,0,0,31,-44,0,51,66,22
25,2,6,7,11,2475,AA,LAX,13,28,72,0,0,31,-44,0,51,66,22
3,2,6,7,7,2475,AA,LAX,13,28,72,0,0,31,-44,0,51,66,22
57,2,6,7,19,2475,AA,LAX,13,28,72,0,0,31,-44,0,51,66,22
-2,2,6,7,9,2475,AA,LAX,13,28,72,0,0,31,-44,0,51,66,22
3,2,6,7,10,2475,AA,LAX,13,28,72,0,0,31,-44,0,51,66,22
-2,2,6,7,12,2475,DL,LAX,13,28,72,0,0,31,-44,0,51,66,22
23,2,6,7,9,2475,DL,LAX,13,28,72,0,0,31,-44,0,51,66,22
5,2,13,7,15,2475,AA,LAX,6,-22,78,0,0,35,0,72,0,0,71
-1,2,13,7,12,2475,DL,LAX,6,-22,78,0,0,35,0,72,0,0,71
3,2,13,7,9,2475,DL,LAX,6,-22,78,0,0,35,0,72,0,0,71
8,2,13,7,19,2475,DL,LAX,6,-22,78,0,0,35,0,72,0,0,71
0,2,13,7,17,2475,DL,LAX,6,-22,78,0,0,35,0,72,0,0,71
7,2,13,7,18,2475,B6,LAX,6,-22,78,0,0,35,0,72,0,0,71
0,2,13,7,7,2475,AA,LAX,6,-22,78,0,0,35,0,72,0,0,71
-1,2,13,7,19,2475,AA,LAX,6,-22,78,0,0,35,0,72,0,0,71
1,2,13,7,21,2475,DL,LAX,6,-22,78,0,0,35,0,72,0,0,71
56,2,13,7,21,2475,AA,LAX,6,-22,78,0,0,35,0,72,0,0,71
0,2,13,7,17,2475,AA,LAX,6,-22,78,0,0,35,0,72,0,0,71
-7,2,13,7,9,2475,AA,LAX,6,-22,78,0,0,35,0,72,0,0,71
-6,2,13,7,10,2475,AA,LAX,6,-22,78,0,0,35,0,72,0,0,71
-1,2,13,7,12,2475,AA,LAX,6,-22,78,0,0,35,0,72,0,0,71
-5,2,13,7,7,2475,B6,LAX,6,-22,78,0,0,35,0,72,0,0,71
-2,2,13,7,6,2475,AA,LAX,6,-22,78,0,0,35,0,72,0,0,71
25,2,13,7,15,2475,B6,LAX,6,-22,78,0,0,35,0,72,0,0,71
1,2,13,7,15,2475,DL,LAX,6,-22,78,0,0,35,0,72,0,0,71
4,2,13,7,18,2475,UA,LAX,6,-22,78,0,0,35,0,72,0,0,71
-4,2,13,7,11,2475,UA,LAX,6,-22,78,0,0,35,0,72,0,0,71
-3,2,13,7,6,2475,UA,LAX,6,-22,78,0,0,35,0,72,0,0,71
-5,2,13,7,20,2475,UA,LAX,6,-22,78,0,0,35,0,72,0,0,71
9,2,13,7,15,2475,UA,LAX,6,-22,78,0,0,35,0,72,0,0,71
-3,2,13,7,8,2475,UA,LAX,6,-22,78,0,0,35,0,72,0,0,71
0,2,20,7,8,2475,UA,LAX,1,-61,44,0,0,39,-22,22,241,0,50
-5,2,20,7,15,2475,UA,LAX,1,-61,44,0,0,39,-22,22,241,0,50
-6,2,20,7,20,2475,UA,LAX,1,-61,44,0,0,39,-22,22,241,0,50
-6,2,20,7,6,2475,UA,LAX,1,-61,44,0,0,39,-22,22,241,0,50
-2,2,20,7,18,2475,UA,LAX,1,-61,44,0,0,39,-22,22,241,0,50
-2,2,20,7,11,2475,UA,LAX,1,-61,44,0,0,39,-22,22,241,0,50
1,2,20,7,19,2475,DL,LAX,1,-61,44,0,0,39,-22,22,241,0,50
8,2,20,7,13,2475,AA,LAX,1,-61,44,0,0,39,-22,22,241,0,50
17,2,20,7,21,2475,DL,LAX,1,-61,44,0,0,39,-22,22,241,0,50
20,2,20,7,18,2475,B6,LAX,1,-61,44,0,0,39,-22,22,241,0,50
-1,2,20,7,6,2475,AA,LAX,1,-61,44,0,0,39,-22,22,241,0,50
-6,2,20,7,15,2475,DL,LAX,1,-61,44,0,0,39,-22,22,241,0,50
-2,2,20,7,9,2475,AA,LAX,1,-61,44,0,0,39,-22,22,241,0,50
15,2,20,7,15,2475,AA,LAX,1,-61,44,0,0,39,-22,22,241,0,50
-10,2,20,7,12,2475,AA,LAX,1,-61,44,0,0,39,-22,22,241,0,50
-4,2,20,7,12,2475,DL,LAX,1,-61,44,0,0,39,-22,22,241,0,50
-1,2,20,7,9,2475,DL,LAX,1,-61,44,0,0,39,-22,22,241,0,50
5,2,20,7,17,2475,DL,LAX,1,-61,44,0,0,39,-22,22,241,0,50
18,2,20,7,7,2475,B6,LAX,1,-61,44,0,0,39,-22,22,241,0,50
1,2,20,7,7,2475,AA,LAX,1,-61,44,0,0,39,-22,22,241,0,50
-5,2,20,7,17,2475,AA,LAX,1,-61,44,0,0,39,-22,22,241,0,50
3,2,20,7,21,2475,AA,LAX,1,-61,44,0,0,39,-22,22,241,0,50
78,2,20,7,15,2475,B6,LAX,1,-61,44,0,0,39,-22,22,241,0,50
-4,2,20,7,10,2475,AA,LAX,1,-61,44,0,0,39,-22,22,241,0,50
-2,3,18,5,7,2475,DL,LAX,27,106,250,0,0,36,11,117,0,0,34
0,3,18,5,9,2475,DL,LAX,27,106,250,0,0,36,11,117,0,0,34
-6,3,18,5,12,2475,DL,LAX,27,106,250,0,0,36,11,117,0,0,34
2,3,18,5,17,2475,DL,LAX,27,106,250,0,0,36,11,117,0,0,34
5,3,18,5,7,2475,B6,LAX,27,106,250,0,0,36,11,117,0,0,34
-1,3,18,5,15,2475,B6,LAX,27,106,250,0,0,36,11,117,0,0,34
-6,3,18,5,18,2475,B6,LAX,27,106,250,0,0,36,11,117,0,0,34
2,3,18,5,15,2475,DL,LAX,27,106,250,0,0,36,11,117,0,0,34
-4,3,18,5,21,2475,DL,LAX,27,106,250,0,0,36,11,117,0,0,34
-1,3,18,5,19,2475,DL,LAX,27,106,250,0,0,36,11,117,0,0,34
-6,3,18,5,18,2475,UA,LAX,27,106,250,0,0,36,11,117,0,0,34
48,3,18,5,20,2475,UA,LAX,27,106,250,0,0,36,11,117,0,0,34
-3,3,18,5,15,2475,UA,LAX,27,106,250,0,0,36,11,117,0,0,34
-6,3,18,5,6,2475,UA,LAX,27,106,250,0,0,36,11,117,0,0,34
-3,3,18,5,8,2475,UA,LAX,27,106,250,0,0,36,11,117,0,0,34
-3,3,18,5,11,2475,UA,LAX,27,106,250,0,0,36,11,117,0,0,34
-6,3,18,5,18,2475,UA,LAX,27,106,250,0,0,36,11,117,0,0,34
48,3,18,5,20,2475,UA,LAX,27,106,250,0,0,36,11,117,0,0,34
-3,3,18,5,15,2475,UA,LAX,27,106,250,0,0,36,11,117,0,0,34
-6,3,18,5,6,2475,UA,LAX,27,106,250,0,0,36,11,117,0,0,34
-3,3,18,5,8,2475,UA,LAX,27,106,250,0,0,36,11,117,0,0,34
-3,3,18,5,11,2475,UA,LAX,27,106,250,0,0,36,11,117,0,0,34
-6,3,18,5,12,2475,DL,LAX,27,106,250,0,0,36,11,117,0,0,34
-4,3,18,5,21,2475,DL,LAX,27,106,250,0,0,36,11,117,0,0,34
-1,3,18,5,19,2475,DL,LAX,27,106,250,0,0,36,11,117,0,0,34
-2,3,18,5,7,2475,DL,LAX,27,106,250,0,0,36,11,117,0,0,34
2,3,18,5,17,2475,DL,LAX,27,106,250,0,0,36,11,117,0,0,34
0,3,18,5,9,2475,DL,LAX,27,106,250,0,0,36,11,117,0,0,34
2,3,18,5,15,2475,DL,LAX,27,106,250,0,0,36,11,117,0,0,34
-1,3,18,5,19,2475,AA,LAX,27,106,250,0,0,36,11,117,0,0,34
120,3,18,5,15,2475,AA,LAX,27,106,250,0,0,36,11,117,0,0,34
2,3,18,5,9,2475,AA,LAX,27,106,250,0,0,36,11,117,0,0,34
0,3,18,5,17,2475,AA,LAX,27,106,250,0,0,36,11,117,0,0,34
-1,3,18,5,13,2475,AA,LAX,27,106,250,0,0,36,11,117,0,0,34
-5,3,18,5,6,2475,AA,LAX,27,106,250,0,0,36,11,117,0,0,34
-6,3,18,5,7,2475,AA,LAX,27,106,250,0,0,36,11,117,0,0,34
36,3,18,5,21,2475,AA,LAX,27,106,250,0,0,36,11,117,0,0,34
-11,3,18,5,10,2475,AA,LAX,27,106,250,0,0,36,11,117,0,0,34
-9,3,18,5,12,2475,AA,LAX,27,106,250,0,0,36,11,117,0,0,34
-6,3,18,5,7,2475,AA,LAX,27,106,250,0,0,36,11,117,0,0,34
-6,3,18,5,18,2475,B6,LAX,27,106,250,0,0,36,11,117,0,0,34
2,3,18,5,9,2475,AA,LAX,27,106,250,0,0,36,11,117,0,0,34
36,3,18,5,21,2475,AA,LAX,27,106,250,0,0,36,11,117,0,0,34
0,3,18,5,17,2475,AA,LAX,27,106,250,0,0,36,11,117,0,0,34
-9,3,18,5,12,2475,AA,LAX,27,106,250,0,0,36,11,117,0,0,34
5,3,18,5,7,2475,B6,LAX,27,106,250,0,0,36,11,117,0,0,34
-1,3,18,5,13,2475,AA,LAX,27,106,250,0,0,36,11,117,0,0,34
-1,3,18,5,15,2475,B6,LAX,27,106,250,0,0,36,11,117,0,0,34
-1,3,18,5,19,2475,AA,LAX,27,106,250,0,0,36,11,117,0,0,34
-5,3,18,5,6,2475,AA,LAX,27,106,250,0,0,36,11,117,0,0,34
-11,3,18,5,10,2475,AA,LAX,27,106,250,0,0,36,11,117,0,0,34
120,3,18,5,15,2475,AA,LAX,27,106,250,0,0,36,11,117,0,0,34
-2,3,18,5,7,2475,DL,LAX,27,106,250,0,0,36,11,117,0,0,34
0,3,18,5,17,2475,AA,LAX,27,106,250,0,0,36,11,117,0,0,34
-1,3,18,5,19,2475,DL,LAX,27,106,250,0,0,36,11,117,0,0,34
-11,3,18,5,10,2475,AA,LAX,27,106,250,0,0,36,11,117,0,0,34
0,3,18,5,9,2475,DL,LAX,27,106,250,0,0,36,11,117,0,0,34
-4,3,18,5,21,2475,DL,LAX,27,106,250,0,0,36,11,117,0,0,34
2,3,18,5,15,2475,DL,LAX,27,106,250,0,0,36,11,117,0,0,34
-6,3,18,5,12,2475,DL,LAX,27,106,250,0,0,36,11,117,0,0,34
36,3,18,5,21,2475,AA,LAX,27,106,250,0,0,36,11,117,0,0,34
120,3,18,5,15,2475,AA,LAX,27,106,250,0,0,36,11,117,0,0,34
-1,3,18,5,13,2475,AA,LAX,27,106,250,0,0,36,11,117,0,0,34
-5,3,18,5,6,2475,AA,LAX,27,106,250,0,0,36,11,117,0,0,34
2,3,18,5,9,2475,AA,LAX,27,106,250,0,0,36,11,117,0,0,34
-1,3,18,5,19,2475,AA,LAX,27,106,250,0,0,36,11,117,0,0,34
2,3,18,5,17,2475,DL,LAX,27,106,250,0,0,36,11,117,0,0,34
-9,3,18,5,12,2475,AA,LAX,27,106,250,0,0,36,11,117,0,0,34
-6,3,18,5,7,2475,AA,LAX,27,106,250,0,0,36,11,117,0,0,34
5,3,18,5,7,2475,B6,LAX,27,106,250,0,0,36,11,117,0,0,34
-1,3,18,5,15,2475,B6,LAX,27,106,250,0,0,36,11,117,0,0,34
-6,3,18,5,18,2475,B6,LAX,27,106,250,0,0,36,11,117,0,0,34
-6,3,18,5,18,2475,UA,LAX,27,106,250,0,0,36,11,117,0,0,34
48,3,18,5,20,2475,UA,LAX,27,106,250,0,0,36,11,117,0,0,34
-3,3,18,5,15,2475,UA,LAX,27,106,250,0,0,36,11,117,0,0,34
-6,3,18,5,6,2475,UA,LAX,27,106,250,0,0,36,11,117,0,0,34
-3,3,18,5,8,2475,UA,LAX,27,106,250,0,0,36,11,117,0,0,34
-3,3,18,5,11,2475,UA,LAX,27,106,250,0,0,36,11,117,0,0,34
-5,3,25,5,15,2475,AA,LAX,34,-22,56,0,0,31,-44,11,0,0,38
-3,3,25,5,13,2475,AA,LAX,34,-22,56,0,0,31,-44,11,0,0,38
6,3,25,5,17,2475,AA,LAX,34,-22,56,0,0,31,-44,11,0,0,38
-1,3,25,5,7,2475,AA,LAX,34,-22,56,0,0,31,-44,11,0,0,38
-2,3,25,5,19,2475,AA,LAX,34,-22,56,0,0,31,-44,11,0,0,38
5,3,25,5,21,2475,AA,LAX,34,-22,56,0,0,31,-44,11,0,0,38
-5,3,25,5,10,2475,AA,LAX,34,-22,56,0,0,31,-44,11,0,0,38
-12,3,25,5,12,2475,AA,LAX,34,-22,56,0,0,31,-44,11,0,0,38
-1,3,25,5,6,2475,AA,LAX,34,-22,56,0,0,31,-44,11,0,0,38
-5,3,25,5,9,2475,AA,LAX,34,-22,56,0,0,31,-44,11,0,0,38
-1,3,25,5,12,2475,DL,LAX,34,-22,56,0,0,31,-44,11,0,0,38
-5,3,25,5,15,2475,DL,LAX,34,-22,56,0,0,31,-44,11,0,0,38
-5,3,25,5,21,2475,DL,LAX,34,-22,56,0,0,31,-44,11,0,0,38
-4,3,25,5,19,2475,DL,LAX,34,-22,56,0,0,31,-44,11,0,0,38
-5,3,25,5,7,2475,DL,LAX,34,-22,56,0,0,31,-44,11,0,0,38
-3,3,25,5,17,2475,DL,LAX,34,-22,56,0,0,31,-44,11,0,0,38
-6,3,25,5,9,2475,DL,LAX,34,-22,56,0,0,31,-44,11,0,0,38
-5,3,25,5,7,2475,DL,LAX,34,-22,56,0,0,31,-44,11,0,0,38
-5,3,25,5,15,2475,B6,LAX,34,-22,56,0,0,31,-44,11,0,0,38
-7,3,25,5,18,2475,B6,LAX,34,-22,56,0,0,31,-44,11,0,0,38
-5,3,25,5,21,2475,DL,LAX,34,-22,56,0,0,31,-44,11,0,0,38
-5,3,25,5,15,2475,DL,LAX,34,-22,56,0,0,31,-44,11,0,0,38
-4,3,25,5,7,2475,B6,LAX,34,-22,56,0,0,31,-44,11,0,0,38
-4,3,25,5,19,2475,DL,LAX,34,-22,56,0,0,31,-44,11,0,0,38
-1,3,25,5,12,2475,DL,LAX,34,-22,56,0,0,31,-44,11,0,0,38
-6,3,25,5,9,2475,DL,LAX,34,-22,56,0,0,31,-44,11,0,0,38
-3,3,25,5,17,2475,DL,LAX,34,-22,56,0,0,31,-44,11,0,0,38
-3,3,25,5,15,2475,UA,LAX,34,-22,56,0,0,31,-44,11,0,0,38
52,3,25,5,6,2475,UA,LAX,34,-22,56,0,0,31,-44,11,0,0,38
-4,3,25,5,8,2475,UA,LAX,34,-22,56,0,0,31,-44,11,0,0,38
-3,3,25,5,11,2475,UA,LAX,34,-22,56,0,0,31,-44,11,0,0,38
-2,3,25,5,20,2475,UA,LAX,34,-22,56,0,0,31,-44,11,0,0,38
-1,3,25,5,18,2475,UA,LAX,34,-22,56,0,0,31,-44,11,0,0,38
-3,3,25,5,15,2475,UA,LAX,34,-22,56,0,0,31,-44,11,0,0,38
52,3,25,5,6,2475,UA,LAX,34,-22,56,0,0,31,-44,11,0,0,38
-4,3,25,5,8,2475,UA,LAX,34,-22,56,0,0,31,-44,11,0,0,38
-3,3,25,5,11,2475,UA,LAX,34,-22,56,0,0,31,-44,11,0,0,38
-2,3,25,5,20,2475,UA,LAX,34,-22,56,0,0,31,-44,11,0,0,38
-1,3,25,5,18,2475,UA,LAX,34,-22,56,0,0,31,-44,11,0,0,38
-5,3,25,5,15,2475,AA,LAX,34,-22,56,0,0,31,-44,11,0,0,38
5,3,25,5,21,2475,AA,LAX,34,-22,56,0,0,31,-44,11,0,0,38
-3,3,25,5,13,2475,AA,LAX,34,-22,56,0,0,31,-44,11,0,0,38
-7,3,25,5,18,2475,B6,LAX,34,-22,56,0,0,31,-44,11,0,0,38
-5,3,25,5,15,2475,B6,LAX,34,-22,56,0,0,31,-44,11,0,0,38
-4,3,25,5,7,2475,B6,LAX,34,-22,56,0,0,31,-44,11,0,0,38
-2,3,25,5,19,2475,AA,LAX,34,-22,56,0,0,31,-44,11,0,0,38
-5,3,25,5,9,2475,AA,LAX,34,-22,56,0,0,31,-44,11,0,0,38
6,3,25,5,17,2475,AA,LAX,34,-22,56,0,0,31,-44,11,0,0,38
-1,3,25,5,6,2475,AA,LAX,34,-22,56,0,0,31,-44,11,0,0,38
-1,3,25,5,7,2475,AA,LAX,34,-22,56,0,0,31,-44,11,0,0,38
-5,3,25,5,10,2475,AA,LAX,34,-22,56,0,0,31,-44,11,0,0,38
-12,3,25,5,12,2475,AA,LAX,34,-22,56,0,0,31,-44,11,0,0,38
-6,3,25,5,9,2475,DL,LAX,34,-22,56,0,0,31,-44,11,0,0,38
-5,3,25,5,15,2475,B6,LAX,34,-22,56,0,0,31,-44,11,0,0,38
-1,3,25,5,12,2475,DL,LAX,34,-22,56,0,0,31,-44,11,0,0,38
-5,3,25,5,10,2475,AA,LAX,34,-22,56,0,0,31,-44,11,0,0,38
-3,3,25,5,17,2475,DL,LAX,34,-22,56,0,0,31,-44,11,0,0,38
-5,3,25,5,7,2475,DL,LAX,34,-22,56,0,0,31,-44,11,0,0,38
-3,3,25,5,13,2475,AA,LAX,34,-22,56,0,0,31,-44,11,0,0,38
-4,3,25,5,7,2475,B6,LAX,34,-22,56,0,0,31,-44,11,0,0,38
-4,3,25,5,19,2475,DL,LAX,34,-22,56,0,0,31,-44,11,0,0,38
-5,3,25,5,21,2475,DL,LAX,34,-22,56,0,0,31,-44,11,0,0,38
-5,3,25,5,15,2475,DL,LAX,34,-22,56,0,0,31,-44,11,0,0,38
-1,3,25,5,6,2475,AA,LAX,34,-22,56,0,0,31,-44,11,0,0,38
-5,3,25,5,15,2475,AA,LAX,34,-22,56,0,0,31,-44,11,0,0,38
-12,3,25,5,12,2475,AA,LAX,34,-22,56,0,0,31,-44,11,0,0,38
-5,3,25,5,9,2475,AA,LAX,34,-22,56,0,0,31,-44,11,0,0,38
-1,3,25,5,7,2475,AA,LAX,34,-22,56,0,0,31,-44,11,0,0,38
6,3,25,5,17,2475,AA,LAX,34,-22,56,0,0,31,-44,11,0,0,38
-7,3,25,5,18,2475,B6,LAX,34,-22,56,0,0,31,-44,11,0,0,38
-2,3,25,5,19,2475,AA,LAX,34,-22,56,0,0,31,-44,11,0,0,38
5,3,25,5,21,2475,AA,LAX,34,-22,56,0,0,31,-44,11,0,0,38
-3,3,25,5,15,2475,UA,LAX,34,-22,56,0,0,31,-44,11,0,0,38
52,3,25,5,6,2475,UA,LAX,34,-22,56,0,0,31,-44,11,0,0,38
-4,3,25,5,8,2475,UA,LAX,34,-22,56,0,0,31,-44,11,0,0,38
-3,3,25,5,11,2475,UA,LAX,34,-22,56,0,0,31,-44,11,0,0,38
-2,3,25,5,20,2475,UA,LAX,34,-22,56,0,0,31,-44,11,0,0,38
-1,3,25,5,18,2475,UA,LAX,34,-22,56,0,0,31,-44,11,0,0,38
-3,4,2,6,6,2475,UA,LAX,42,33,128,0,0,46,22,122,0,0,45
-3,4,2,6,15,2475,UA,LAX,42,33,128,0,0,46,22,122,0,0,45
-3,4,2,6,11,2475,UA,LAX,42,33,128,0,0,46,22,122,0,0,45
2,4,2,6,17,2475,UA,LAX,42,33,128,0,0,46,22,122,0,0,45
-4,4,2,6,8,2475,UA,LAX,42,33,128,0,0,46,22,122,0,0,45
1,4,2,6,9,2475,DL,LAX,42,33,128,0,0,46,22,122,0,0,45
-5,4,2,6,6,2475,AA,LAX,42,33,128,0,0,46,22,122,0,0,45
3,4,2,6,19,2475,AA,LAX,42,33,128,0,0,46,22,122,0,0,45
0,4,2,6,12,2475,AA,LAX,42,33,128,0,0,46,22,122,0,0,45
-9,4,2,6,17,2475,AA,LAX,42,33,128,0,0,46,22,122,0,0,45
-3,4,2,6,17,2475,DL,LAX,42,33,128,0,0,46,22,122,0,0,45
-6,4,2,6,21,2475,AA,LAX,42,33,128,0,0,46,22,122,0,0,45
-5,4,2,6,15,2475,AA,LAX,42,33,128,0,0,46,22,122,0,0,45
-5,4,2,6,12,2475,DL,LAX,42,33,128,0,0,46,22,122,0,0,45
-5,4,2,6,19,2475,DL,LAX,42,33,128,0,0,46,22,122,0,0,45
40,4,2,6,9,2475,AA,LAX,42,33,128,0,0,46,22,122,0,0,45
-3,4,2,6,18,2475,B6,LAX,42,33,128,0,0,46,22,122,0,0,45
0,4,2,6,15,2475,B6,LAX,42,33,128,0,0,46,22,122,0,0,45
-5,4,2,6,7,2475,AA,LAX,42,33,128,0,0,46,22,122,0,0,45
21,4,2,6,15,2475,DL,LAX,42,33,128,0,0,46,22,122,0,0,45
-8,5,7,6,15,2475,AA,LAX,21,128,222,0,0,26,61,156,0,0,31
-1,5,7,6,13,2475,AA,LAX,21,128,222,0,0,26,61,156,0,0,31
2,5,7,6,21,2475,AA,LAX,21,128,222,0,0,26,61,156,0,0,31
-7,5,7,6,7,2475,AA,LAX,21,128,222,0,0,26,61,156,0,0,31
-3,5,7,6,12,2475,AA,LAX,21,128,222,0,0,26,61,156,0,0,31
-7,5,7,6,6,2475,AA,LAX,21,128,222,0,0,26,61,156,0,0,31
-4,5,7,6,9,2475,AA,LAX,21,128,222,0,0,26,61,156,0,0,31
-6,5,7,6,19,2475,AA,LAX,21,128,222,0,0,26,61,156,0,0,31
-3,5,7,6,16,2475,AA,LAX,21,128,222,0,0,26,61,156,0,0,31
-3,5,7,6,15,2475,DL,LAX,21,128,222,0,0,26,61,156,0,0,31
9,5,7,6,19,2475,DL,LAX,21,128,222,0,0,26,61,156,0,0,31
2,5,7,6,9,2475,DL,LAX,21,128,222,0,0,26,61,156,0,0,31
-8,5,7,6,12,2475,DL,LAX,21,128,222,0,0,26,61,156,0,0,31
-4,5,7,6,17,2475,DL,LAX,21,128,222,0,0,26,61,156,0,0,31
-6,5,7,6,20,2475,B6,LAX,21,128,222,0,0,26,61,156,0,0,31
-1,5,7,6,16,2475,B6,LAX,21,128,222,0,0,26,61,156,0,0,31
3,5,7,6,7,2475,B6,LAX,21,128,222,0,0,26,61,156,0,0,31
10,5,7,6,15,2475,UA,LAX,21,128,222,0,0,26,61,156,0,0,31
-4,5,7,6,18,2475,UA,LAX,21,128,222,0,0,26,61,156,0,0,31
-4,5,7,6,11,2475,UA,LAX,21,128,222,0,0,26,61,156,0,0,31
-4,5,7,6,6,2475,UA,LAX,21,128,222,0,0,26,61,156,0,0,31
-2,5,7,6,8,2475,UA,LAX,21,128,222,0,0,26,61,156,0,0,31
-2,5,14,6,6,2475,UA,LAX,14,139,178,0,0,24,72,117,79,0,76
-4,5,14,6,18,2475,UA,LAX,14,139,178,0,0,24,72,117,79,0,76
-7,5,14,6,8,2475,UA,LAX,14,139,178,0,0,24,72,117,79,0,76
-4,5,14,6,15,2475,UA,LAX,14,139,178,0,0,24,72,117,79,0,76
-2,5,14,6,11,2475,UA,LAX,14,139,178,0,0,24,72,117,79,0,76
53,5,14,6,9,2475,DL,LAX,14,139,178,0,0,24,72,117,79,0,76
1,5,14,6,16,2475,B6,LAX,14,139,178,0,0,24,72,117,79,0,76
0,5,14,6,19,2475,DL,LAX,14,139,178,0,0,24,72,117,79,0,76
-3,5,14,6,7,2475,B6,LAX,14,139,178,0,0,24,72,117,79,0,76
-5,5,14,6,12,2475,DL,LAX,14,139,178,0,0,24,72,117,79,0,76
87,5,14,6,15,2475,DL,LAX,14,139,178,0,0,24,72,117,79,0,76
1,5,14,6,17,2475,DL,LAX,14,139,178,0,0,24,72,117,79,0,76
2,5,14,6,20,2475,B6,LAX,14,139,178,0,0,24,72,117,79,0,76
-5,5,14,6,12,2475,AA,LAX,14,139,178,0,0,24,72,117,79,0,76
-8,5,14,6,7,2475,AA,LAX,14,139,178,0,0,24,72,117,79,0,76
-2,5,14,6,21,2475,AA,LAX,14,139,178,0,0,24,72,117,79,0,76
-1,5,14,6,19,2475,AA,LAX,14,139,178,0,0,24,72,117,79,0,76
76,5,14,6,15,2475,AA,LAX,14,139,178,0,0,24,72,117,79,0,76
-8,5,14,6,9,2475,AA,LAX,14,139,178,0,0,24,72,117,79,0,76
-7,5,14,6,6,2475,AA,LAX,14,139,178,0,0,24,72,117,79,0,76
-2,5,14,6,16,2475,AA,LAX,14,139,178,0,0,24,72,117,79,0,76
-5,5,21,6,7,2475,AA,LAX,7,128,256,18,0,14,100,239,3,0,36
44,5,21,6,21,2475,AA,LAX,7,128,256,18,0,14,100,239,3,0,36
-7,5,21,6,13,2475,AA,LAX,7,128,256,18,0,14,100,239,3,0,36
-2,5,21,6,12,2475,AA,LAX,7,128,256,18,0,14,100,239,3,0,36
6,5,21,6,16,2475,AA,LAX,7,128,256,18,0,14,100,239,3,0,36
-7,5,21,6,9,2475,AA,LAX,7,128,256,18,0,14,100,239,3,0,36
8,5,21,6,6,2475,AA,LAX,7,128,256,18,0,14,100,239,3,0,36
-5,5,21,6,19,2475,AA,LAX,7,128,256,18,0,14,100,239,3,0,36
8,5,21,6,15,2475,AA,LAX,7,128,256,18,0,14,100,239,3,0,36
0,5,21,6,19,2475,DL,LAX,7,128,256,18,0,14,100,239,3,0,36
-5,5,21,6,12,2475,DL,LAX,7,128,256,18,0,14,100,239,3,0,36
72,5,21,6,15,2475,DL,LAX,7,128,256,18,0,14,100,239,3,0,36
5,5,21,6,17,2475,DL,LAX,7,128,256,18,0,14,100,239,3,0,36
0,5,21,6,9,2475,DL,LAX,7,128,256,18,0,14,100,239,3,0,36
0,5,21,6,7,2475,B6,LAX,7,128,256,18,0,14,100,239,3,0,36
0,5,21,6,16,2475,B6,LAX,7,128,256,18,0,14,100,239,3,0,36
6,5,21,6,20,2475,B6,LAX,7,128,256,18,0,14,100,239,3,0,36
-1,5,21,6,11,2475,UA,LAX,7,128,256,18,0,14,100,239,3,0,36
-1,5,21,6,18,2475,UA,LAX,7,128,256,18,0,14,100,239,3,0,36
-4,5,21,6,15,2475,UA,LAX,7,128,256,18,0,14,100,239,3,0,36
15,5,21,6,8,2475,UA,LAX,7,128,256,18,0,14,100,239,3,0,36
75,5,21,6,6,2475,UA,LAX,7,128,256,18,0,14,100,239,3,0,36
-2,6,19,7,12,2475,DL,LAX,12,206,283,0,0,18,172,272,0,0,23
-4,6,19,7,15,2475,AA,LAX,12,206,283,0,0,18,172,272,0,0,23
-4,6,19,7,19,2475,DL,LAX,12,206,283,0,0,18,172,272,0,0,23
-6,6,19,7,12,2475,AA,LAX,12,206,283,0,0,18,172,272,0,0,23
-5,6,19,7,7,2475,B6,LAX,12,206,283,0,0,18,172,272,0,0,23
-3,6,19,7,9,2475,B6,LAX,12,206,283,0,0,18,172,272,0,0,23
11,6,19,7,21,2475,B6,LAX,12,206,283,0,0,18,172,272,0,0,23
-2,6,19,7,10,2475,AA,LAX,12,206,283,0,0,18,172,272,0,0,23
-7,6,19,7,9,2475,AA,LAX,12,206,283,0,0,18,172,272,0,0,23
41,6,19,7,16,2475,AA,LAX,12,206,283,0,0,18,172,272,0,0,23
-2,6,19,7,15,2475,DL,LAX,12,206,283,0,0,18,172,272,0,0,23
-3,6,19,7,6,2475,AA,LAX,12,206,283,0,0,18,172,272,0,0,23
-3,6,19,7,9,2475,DL,LAX,12,206,283,0,0,18,172,272,0,0,23
-2,6,19,7,16,2475,B6,LAX,12,206,283,0,0,18,172,272,0,0,23
106,6,19,7,13,2475,AA,LAX,12,206,283,0,0,18,172,272,0,0,23
136,6,19,7,17,2475,DL,LAX,12,206,283,0,0,18,172,272,0,0,23
17,6,19,7,11,2475,B6,LAX,12,206,283,0,0,18,172,272,0,0,23
-3,6,19,7,20,2475,AA,LAX,12,206,283,0,0,18,172,272,0,0,23
15,6,19,7,21,2475,DL,LAX,12,206,283,0,0,18,172,272,0,0,23
-2,6,19,7,19,2475,AA,LAX,12,206,283,0,0,18,172,272,0,0,23
-4,6,19,7,7,2475,AA,LAX,12,206,283,0,0,18,172,272,0,0,23
69,6,19,7,17,2475,UA,LAX,12,206,283,0,0,18,172,272,0,0,23
1,6,19,7,11,2475,UA,LAX,12,206,283,0,0,18,172,272,0,0,23
-1,6,19,7,15,2475,UA,LAX,12,206,283,0,0,18,172,272,0,0,23
-3,6,19,7,8,2475,UA,LAX,12,206,283,0,0,18,172,272,0,0,23
1,6,19,7,20,2475,UA,LAX,12,206,283,0,0,18,172,272,0,0,23
-5,6,26,7,15,2475,UA,LAX,8,189,261,0,0,19,139,272,0,0,31
-6,6,26,7,8,2475,UA,LAX,8,189,261,0,0,19,139,272,0,0,31
1,6,26,7,17,2475,UA,LAX,8,189,261,0,0,19,139,272,0,0,31
-2,6,26,7,20,2475,UA,LAX,8,189,261,0,0,19,139,272,0,0,31
-6,6,26,7,11,2475,UA,LAX,8,189,261,0,0,19,139,272,0,0,31
-10,6,26,7,9,2475,AA,LAX,8,189,261,0,0,19,139,272,0,0,31
-2,6,26,7,11,2475,B6,LAX,8,189,261,0,0,19,139,272,0,0,31
0,6,26,7,16,2475,B6,LAX,8,189,261,0,0,19,139,272,0,0,31
-2,6,26,7,13,2475,AA,LAX,8,189,261,0,0,19,139,272,0,0,31
-2,6,26,7,21,2475,B6,LAX,8,189,261,0,0,19,139,272,0,0,31
-2,6,26,7,9,2475,B6,LAX,8,189,261,0,0,19,139,272,0,0,31
8,6,26,7,16,2475,AA,LAX,8,189,261,0,0,19,139,272,0,0,31
-5,6,26,7,15,2475,DL,LAX,8,189,261,0,0,19,139,272,0,0,31
-6,6,26,7,7,2475,AA,LAX,8,189,261,0,0,19,139,272,0,0,31
12,6,26,7,15,2475,AA,LAX,8,189,261,0,0,19,139,272,0,0,31
-5,6,26,7,7,2475,B6,LAX,8,189,261,0,0,19,139,272,0,0,31
-6,6,26,7,12,2475,DL,LAX,8,189,261,0,0,19,139,272,0,0,31
-5,6,26,7,17,2475,DL,LAX,8,189,261,0,0,19,139,272,0,0,31
0,6,26,7,19,2475,AA,LAX,8,189,261,0,0,19,139,272,0,0,31
11,6,26,7,20,2475,AA,LAX,8,189,261,0,0,19,139,272,0,0,31
-2,6,26,7,21,2475,DL,LAX,8,189,261,0,0,19,139,272,0,0,31
-7,6,26,7,10,2475,AA,LAX,8,189,261,0,0,19,139,272,0,0,31
18,6,26,7,9,2475,DL,LAX,8,189,261,0,0,19,139,272,0,0,31
7,6,26,7,19,2475,DL,LAX,8,189,261,0,0,19,139,272,0,0,31
-3,6,26,7,12,2475,AA,LAX,8,189,261,0,0,19,139,272,0,0,31
6,6,26,7,6,2475,AA,LAX,8,189,261,0,0,19,139,272,0,0,31
2,7,3,7,21,2475,DL,LAX,1,206,233,213,0,15,206,289,0,0,26
-1,7,3,7,19,2475,DL,LAX,1,206,233,213,0,15,206,289,0,0,26
47,7,3,7,21,2475,B6,LAX,1,206,233,213,0,15,206,289,0,0,26
-2,7,3,7,9,2475,B6,LAX,1,206,233,213,0,15,206,289,0,0,26
0,7,3,7,7,2475,B6,LAX,1,206,233,213,0,15,206,289,0,0,26
-1,7,3,7,16,2475,B6,LAX,1,206,233,213,0,15,206,289,0,0,26
-3,7,3,7,17,2475,DL,LAX,1,206,233,213,0,15,206,289,0,0,26
-4,7,3,7,12,2475,DL,LAX,1,206,233,213,0,15,206,289,0,0,26
0,7,3,7,15,2475,DL,LAX,1,206,233,213,0,15,206,289,0,0,26
-2,7,3,7,9,2475,DL,LAX,1,206,233,213,0,15,206,289,0,0,26
-7,7,3,7,11,2475,UA,LAX,1,206,233,213,0,15,206,289,0,0,26
30,7,3,7,15,2475,UA,LAX,1,206,233,213,0,15,206,289,0,0,26
33,7,3,7,8,2475,UA,LAX,1,206,233,213,0,15,206,289,0,0,26
3,7,3,7,17,2475,UA,LAX,1,206,233,213,0,15,206,289,0,0,26
17,7,3,7,20,2475,AA,LAX,1,206,233,213,0,15,206,289,0,0,26
-4,7,3,7,13,2475,AA,LAX,1,206,233,213,0,15,206,289,0,0,26
3,7,3,7,9,2475,AA,LAX,1,206,233,213,0,15,206,289,0,0,26
0,7,3,7,7,2475,AA,LAX,1,206,233,213,0,15,206,289,0,0,26
9,7,3,7,19,2475,AA,LAX,1,206,233,213,0,15,206,289,0,0,26
-4,7,3,7,15,2475,AA,LAX,1,206,233,213,0,15,206,289,0,0,26
-5,7,3,7,6,2475,AA,LAX,1,206,233,213,0,15,206,289,0,0,26
-3,7,3,7,16,2475,AA,LAX,1,206,233,213,0,15,206,289,0,0,26
-6,7,3,7,12,2475,AA,LAX,1,206,233,213,0,15,206,289,0,0,26
-3,7,3,7,10,2475,AA,LAX,1,206,233,213,0,15,206,289,0,0,26
-5,7,10,7,10,2475,AA,LAX,6,200,300,0,0,9,233,328,0,0,43
5,7,10,7,16,2475,AA,LAX,6,200,300,0,0,9,233,328,0,0,43
-3,7,10,7,15,2475,AA,LAX,6,200,300,0,0,9,233,328,0,0,43
-1,7,10,7,13,2475,AA,LAX,6,200,300,0,0,9,233,328,0,0,43
-1,7,10,7,20,2475,AA,LAX,6,200,300,0,0,9,233,328,0,0,43
-2,7,10,7,6,2475,AA,LAX,6,200,300,0,0,9,233,328,0,0,43
38,7,10,7,19,2475,AA,LAX,6,200,300,0,0,9,233,328,0,0,43
-5,7,10,7,9,2475,AA,LAX,6,200,300,0,0,9,233,328,0,0,43
-1,7,10,7,12,2475,AA,LAX,6,200,300,0,0,9,233,328,0,0,43
2,7,10,7,17,2475,UA,LAX,6,200,300,0,0,9,233,328,0,0,43
-4,7,10,7,11,2475,UA,LAX,6,200,300,0,0,9,233,328,0,0,43
26,7,10,7,8,2475,UA,LAX,6,200,300,0,0,9,233,328,0,0,43
-4,7,10,7,15,2475,UA,LAX,6,200,300,0,0,9,233,328,0,0,43
-3,7,10,7,20,2475,UA,LAX,6,200,300,0,0,9,233,328,0,0,43
33,7,10,7,9,2475,B6,LAX,6,200,300,0,0,9,233,328,0,0,43
0,7,10,7,21,2475,DL,LAX,6,200,300,0,0,9,233,328,0,0,43
-8,7,10,7,19,2475,DL,LAX,6,200,300,0,0,9,233,328,0,0,43
-4,7,10,7,7,2475,B6,LAX,6,200,300,0,0,9,233,328,0,0,43
-5,7,10,7,9,2475,DL,LAX,6,200,300,0,0,9,233,328,0,0,43
6,7,10,7,15,2475,DL,LAX,6,200,300,0,0,9,233,328,0,0,43
193,7,10,7,12,2475,DL,LAX,6,200,300,0,0,9,233,328,0,0,43
-6,7,10,7,17,2475,DL,LAX,6,200,300,0,0,9,233,328,0,0,43
-6,7,10,7,11,2475,B6,LAX,6,200,300,0,0,9,233,328,0,0,43
-2,7,10,7,16,2475,B6,LAX,6,200,300,0,0,9,233,328,0,0,43
5,7,10,7,21,2475,B6,LAX,6,200,300,0,0,9,233,328,0,0,43
-4,8,8,1,11,2475,UA,LAX,26,233,322,0,0,19,200,267,160,0,28
27,8,8,1,15,2475,UA,LAX,26,233,322,0,0,19,200,267,160,0,28
-1,8,8,1,8,2475,UA,LAX,26,233,322,0,0,19,200,267,160,0,28
-1,8,8,1,17,2475,UA,LAX,26,233,322,0,0,19,200,267,160,0,28
3,8,8,1,20,2475,UA,LAX,26,233,322,0,0,19,200,267,160,0,28
2,8,8,1,16,2475,B6,LAX,26,233,322,0,0,19,200,267,160,0,28
7,8,8,1,15,2475,AA,LAX,26,233,322,0,0,19,200,267,160,0,28
-2,8,8,1,13,2475,AA,LAX,26,233,322,0,0,19,200,267,160,0,28
-1,8,8,1,9,2475,AA,LAX,26,233,322,0,0,19,200,267,160,0,28
-2,8,8,1,16,2475,AA,LAX,26,233,322,0,0,19,200,267,160,0,28
-1,8,8,1,6,2475,AA,LAX,26,233,322,0,0,19,200,267,160,0,28
16,8,8,1,7,2475,B6,LAX,26,233,322,0,0,19,200,267,160,0,28
-4,8,8,1,7,2475,AA,LAX,26,233,322,0,0,19,200,267,160,0,28
11,8,8,1,11,2475,B6,LAX,26,233,322,0,0,19,200,267,160,0,28
50,8,8,1,21,2475,B6,LAX,26,233,322,0,0,19,200,267,160,0,28
-4,8,8,1,9,2475,B6,LAX,26,233,322,0,0,19,200,267,160,0,28
-7,8,8,1,12,2475,AA,LAX,26,233,322,0,0,19,200,267,160,0,28
-6,8,8,1,19,2475,AA,LAX,26,233,322,0,0,19,200,267,160,0,28
27,8,8,1,20,2475,AA,LAX,26,233,322,0,0,19,200,267,160,0,28
-1,8,8,1,10,2475,AA,LAX,26,233,322,0,0,19,200,267,160,0,28
-4,8,8,1,6,2475,UA,LAX,26,233,322,0,0,19,200,267,160,0,28
2,8,8,1,9,2475,DL,LAX,26,233,322,0,0,19,200,267,160,0,28
31,8,8,1,15,2475,DL,LAX,26,233,322,0,0,19,200,267,160,0,28
2,8,8,1,7,2475,DL,LAX,26,233,322,0,0,19,200,267,160,0,28
-5,8,8,1,12,2475,DL,LAX,26,233,322,0,0,19,200,267,160,0,28
0,8,8,1,17,2475,DL,LAX,26,233,322,0,0,19,200,267,160,0,28
5,8,8,1,19,2475,DL,LAX,26,233,322,0,0,19,200,267,160,0,28
-1,8,15,1,9,2475,DL,LAX,19,200,250,142,0,19,139,278,0,0,22
-3,8,15,1,15,2475,DL,LAX,19,200,250,142,0,19,139,278,0,0,22
61,8,15,1,12,2475,DL,LAX,19,200,250,142,0,19,139,278,0,0,22
-2,8,15,1,7,2475,DL,LAX,19,200,250,142,0,19,139,278,0,0,22
-4,8,15,1,17,2475,DL,LAX,19,200,250,142,0,19,139,278,0,0,22
-1,8,15,1,9,2475,DL,LAX,19,200,250,142,0,19,139,278,0,0,22
5,8,15,1,21,2475,DL,LAX,19,200,250,142,0,19,139,278,0,0,22
1,8,15,1,19,2475,DL,LAX,19,200,250,142,0,19,139,278,0,0,22
2,8,15,1,6,2475,UA,LAX,19,200,250,142,0,19,139,278,0,0,22
-1,8,15,1,7,2475,B6,LAX,19,200,250,142,0,19,139,278,0,0,22
-7,8,15,1,12,2475,AA,LAX,19,200,250,142,0,19,139,278,0,0,22
-1,8,15,1,6,2475,AA,LAX,19,200,250,142,0,19,139,278,0,0,22
29,8,15,1,16,2475,AA,LAX,19,200,250,142,0,19,139,278,0,0,22
-5,8,15,1,9,2475,AA,LAX,19,200,250,142,0,19,139,278,0,0,22
77,8,15,1,16,2475,B6,LAX,19,200,250,142,0,19,139,278,0,0,22
-2,8,15,1,7,2475,AA,LAX,19,200,250,142,0,19,139,278,0,0,22
16,8,15,1,11,2475,B6,LAX,19,200,250,142,0,19,139,278,0,0,22
-5,8,15,1,10,2475,AA,LAX,19,200,250,142,0,19,139,278,0,0,22
19,8,15,1,20,2475,AA,LAX,19,200,250,142,0,19,139,278,0,0,22
-3,8,15,1,9,2475,B6,LAX,19,200,250,142,0,19,139,278,0,0,22
48,8,15,1,19,2475,AA,LAX,19,200,250,142,0,19,139,278,0,0,22
266,8,15,1,21,2475,B6,LAX,19,200,250,142,0,19,139,278,0,0,22
4,8,15,1,13,2475,AA,LAX,19,200,250,142,0,19,139,278,0,0,22
49,8,15,1,15,2475,AA,LAX,19,200,250,142,0,19,139,278,0,0,22
1,8,15,1,8,2475,UA,LAX,19,200,250,142,0,19,139,278,0,0,22
97,8,15,1,15,2475,UA,LAX,19,200,250,142,0,19,139,278,0,0,22
6,8,15,1,11,2475,UA,LAX,19,200,250,142,0,19,139,278,0,0,22
65,8,15,1,17,2475,UA,LAX,19,200,250,142,0,19,139,278,0,0,22
35,8,15,1,20,2475,UA,LAX,19,200,250,142,0,19,139,278,0,0,22
0,8,22,1,15,2475,UA,LAX,12,183,250,0,0,31,150,278,0,0,18
-2,8,22,1,17,2475,UA,LAX,12,183,250,0,0,31,150,278,0,0,18
-3,8,22,1,8,2475,UA,LAX,12,183,250,0,0,31,150,278,0,0,18
1,8,22,1,11,2475,UA,LAX,12,183,250,0,0,31,150,278,0,0,18
139,8,22,1,20,2475,UA,LAX,12,183,250,0,0,31,150,278,0,0,18
-4,8,22,1,15,2475,AA,LAX,12,183,250,0,0,31,150,278,0,0,18
-2,8,22,1,9,2475,AA,LAX,12,183,250,0,0,31,150,278,0,0,18
-3,8,22,1,16,2475,AA,LAX,12,183,250,0,0,31,150,278,0,0,18
0,8,22,1,19,2475,AA,LAX,12,183,250,0,0,31,150,278,0,0,18
-6,8,22,1,7,2475,B6,LAX,12,183,250,0,0,31,150,278,0,0,18
16,8,22,1,11,2475,B6,LAX,12,183,250,0,0,31,150,278,0,0,18
-3,8,22,1,12,2475,AA,LAX,12,183,250,0,0,31,150,278,0,0,18
30,8,22,1,21,2475,B6,LAX,12,183,250,0,0,31,150,278,0,0,18
0,8,22,1,20,2475,AA,LAX,12,183,250,0,0,31,150,278,0,0,18
-4,8,22,1,7,2475,AA,LAX,12,183,250,0,0,31,150,278,0,0,18
0,8,22,1,6,2475,AA,LAX,12,183,250,0,0,31,150,278,0,0,18
-1,8,22,1,16,2475,B6,LAX,12,183,250,0,0,31,150,278,0,0,18
6,8,22,1,9,2475,B6,LAX,12,183,250,0,0,31,150,278,0,0,18
-1,8,22,1,13,2475,AA,LAX,12,183,250,0,0,31,150,278,0,0,18
-7,8,22,1,10,2475,AA,LAX,12,183,250,0,0,31,150,278,0,0,18
-3,8,22,1,6,2475,UA,LAX,12,183,250,0,0,31,150,278,0,0,18
-2,8,22,1,9,2475,DL,LAX,12,183,250,0,0,31,150,278,0,0,18
-5,8,22,1,17,2475,DL,LAX,12,183,250,0,0,31,150,278,0,0,18
2,8,22,1,15,2475,DL,LAX,12,183,250,0,0,31,150,278,0,0,18
0,8,22,1,21,2475,DL,LAX,12,183,250,0,0,31,150,278,0,0,18
-4,8,22,1,19,2475,DL,LAX,12,183,250,0,0,31,150,278,0,0,18
1,8,22,1,12,2475,DL,LAX,12,183,250,0,0,31,150,278,0,0,18
18,8,22,1,7,2475,DL,LAX,12,183,250,0,0,31,150,278,0,0,18
65,9,27,2,19,2475,AA,LAX,11,206,250,0,0,16,122,172,79,0,37
-4,9,27,2,9,2475,B6,LAX,11,206,250,0,0,16,122,172,79,0,37
11,9,27,2,16,2475,AA,LAX,11,206,250,0,0,16,122,172,79,0,37
-1,9,27,2,15,2475,DL,LAX,11,206,250,0,0,16,122,172,79,0,37
-4,9,27,2,10,2475,AA,LAX,11,206,250,0,0,16,122,172,79,0,37
0,9,27,2,19,2475,DL,LAX,11,206,250,0,0,16,122,172,79,0,37
79,9,27,2,20,2475,B6,LAX,11,206,250,0,0,16,122,172,79,0,37
119,9,27,2,15,2475,AA,LAX,11,206,250,0,0,16,122,172,79,0,37
-3,9,27,2,12,2475,DL,LAX,11,206,250,0,0,16,122,172,79,0,37
-3,9,27,2,16,2475,B6,LAX,11,206,250,0,0,16,122,172,79,0,37
1,9,27,2,17,2475,DL,LAX,11,206,250,0,0,16,122,172,79,0,37
27,9,27,2,7,2475,AA,LAX,11,206,250,0,0,16,122,172,79,0,37
-5,9,27,2,11,2475,B6,LAX,11,206,250,0,0,16,122,172,79,0,37
31,9,27,2,21,2475,DL,LAX,11,206,250,0,0,16,122,172,79,0,37
63,9,27,2,7,2475,AA,LAX,11,206,250,0,0,16,122,172,79,0,37
1,9,27,2,9,2475,AA,LAX,11,206,250,0,0,16,122,172,79,0,37
-2,9,27,2,21,2475,AA,LAX,11,206,250,0,0,16,122,172,79,0,37
-2,9,27,2,13,2475,AA,LAX,11,206,250,0,0,16,122,172,79,0,37
-1,9,27,2,12,2475,AA,LAX,11,206,250,0,0,16,122,172,79,0,37
-4,9,27,2,9,2475,DL,LAX,11,206,250,0,0,16,122,172,79,0,37
-5,9,27,2,7,2475,DL,LAX,11,206,250,0,0,16,122,172,79,0,37
2,9,27,2,6,2475,B6,LAX,11,206,250,0,0,16,122,172,79,0,37
-5,9,27,2,11,2475,UA,LAX,11,206,250,0,0,16,122,172,79,0,37
14,9,27,2,17,2475,UA,LAX,11,206,250,0,0,16,122,172,79,0,37
-1,9,27,2,8,2475,UA,LAX,11,206,250,0,0,16,122,172,79,0,37
-3,9,27,2,6,2475,UA,LAX,11,206,250,0,0,16,122,172,79,0,37
68,9,27,2,20,2475,UA,LAX,11,206,250,0,0,16,122,172,79,0,37
-2,9,27,2,15,2475,UA,LAX,11,206,250,0,0,16,122,172,79,0,37
-5,10,18,2,17,2475,DL,LAX,10,122,200,3,0,16,50,122,15,0,38
-3,10,18,2,9,2475,DL,LAX,10,122,200,3,0,16,50,122,15,0,38
-6,10,18,2,7,2475,DL,LAX,10,122,200,3,0,16,50,122,15,0,38
-7,10,18,2,12,2475,DL,LAX,10,122,200,3,0,16,50,122,15,0,38
-2,10,18,2,15,2475,DL,LAX,10,122,200,3,0,16,50,122,15,0,38
-3,10,18,2,21,2475,DL,LAX,10,122,200,3,0,16,50,122,15,0,38
-3,10,18,2,19,2475,DL,LAX,10,122,200,3,0,16,50,122,15,0,38
-2,10,18,2,20,2475,B6,LAX,10,122,200,3,0,16,50,122,15,0,38
-6,10,18,2,16,2475,B6,LAX,10,122,200,3,0,16,50,122,15,0,38
-6,10,18,2,11,2475,B6,LAX,10,122,200,3,0,16,50,122,15,0,38
-7,10,18,2,6,2475,B6,LAX,10,122,200,3,0,16,50,122,15,0,38
-2,10,18,2,9,2475,B6,LAX,10,122,200,3,0,16,50,122,15,0,38
-4,10,18,2,7,2475,AA,LAX,10,122,200,3,0,16,50,122,15,0,38
-2,10,18,2,10,2475,AA,LAX,10,122,200,3,0,16,50,122,15,0,38
-7,10,18,2,7,2475,AA,LAX,10,122,200,3,0,16,50,122,15,0,38
-4,10,18,2,12,2475,AA,LAX,10,122,200,3,0,16,50,122,15,0,38
27,10,18,2,21,2475,AA,LAX,10,122,200,3,0,16,50,122,15,0,38
-3,10,18,2,16,2475,AA,LAX,10,122,200,3,0,16,50,122,15,0,38
-9,10,18,2,9,2475,AA,LAX,10,122,200,3,0,16,50,122,15,0,38
3,10,18,2,15,2475,AA,LAX,10,122,200,3,0,16,50,122,15,0,38
1,10,18,2,13,2475,AA,LAX,10,122,200,3,0,16,50,122,15,0,38
73,10,18,2,19,2475,AA,LAX,10,122,200,3,0,16,50,122,15,0,38
47,10,18,2,20,2475,UA,LAX,10,122,200,3,0,16,50,122,15,0,38
-2,10,18,2,8,2475,UA,LAX,10,122,200,3,0,16,50,122,15,0,38
0,10,18,2,11,2475,UA,LAX,10,122,200,3,0,16,50,122,15,0,38
2,10,18,2,6,2475,UA,LAX,10,122,200,3,0,16,50,122,15,0,38
-1,10,18,2,15,2475,UA,LAX,10,122,200,3,0,16,50,122,15,0,38
27,10,25,2,15,2475,UA,LAX,17,100,167,0,0,29,72,233,5,0,53
-5,10,25,2,17,2475,UA,LAX,17,100,167,0,0,29,72,233,5,0,53
-3,10,25,2,20,2475,UA,LAX,17,100,167,0,0,29,72,233,5,0,53
-1,10,25,2,6,2475,UA,LAX,17,100,167,0,0,29,72,233,5,0,53
-6,10,25,2,8,2475,UA,LAX,17,100,167,0,0,29,72,233,5,0,53
-4,10,25,2,11,2475,UA,LAX,17,100,167,0,0,29,72,233,5,0,53
-4,10,25,2,21,2475,DL,LAX,17,100,167,0,0,29,72,233,5,0,53
-7,10,25,2,21,2475,AA,LAX,17,100,167,0,0,29,72,233,5,0,53
-4,10,25,2,20,2475,B6,LAX,17,100,167,0,0,29,72,233,5,0,53
-2,10,25,2,15,2475,AA,LAX,17,100,167,0,0,29,72,233,5,0,53
-3,10,25,2,7,2475,DL,LAX,17,100,167,0,0,29,72,233,5,0,53
11,10,25,2,16,2475,B6,LAX,17,100,167,0,0,29,72,233,5,0,53
-6,10,25,2,11,2475,B6,LAX,17,100,167,0,0,29,72,233,5,0,53
-3,10,25,2,9,2475,DL,LAX,17,100,167,0,0,29,72,233,5,0,53
-5,10,25,2,17,2475,DL,LAX,17,100,167,0,0,29,72,233,5,0,53
-9,10,25,2,10,2475,AA,LAX,17,100,167,0,0,29,72,233,5,0,53
-7,10,25,2,7,2475,AA,LAX,17,100,167,0,0,29,72,233,5,0,53
1,10,25,2,6,2475,B6,LAX,17,100,167,0,0,29,72,233,5,0,53
-3,10,25,2,13,2475,AA,LAX,17,100,167,0,0,29,72,233,5,0,53
-6,10,25,2,9,2475,B6,LAX,17,100,167,0,0,29,72,233,5,0,53
-2,10,25,2,9,2475,AA,LAX,17,100,167,0,0,29,72,233,5,0,53
-2,10,25,2,7,2475,AA,LAX,17,100,167,0,0,29,72,233,5,0,53
1,10,25,2,16,2475,AA,LAX,17,100,167,0,0,29,72,233,5,0,53
-3,10,25,2,12,2475,AA,LAX,17,100,167,0,0,29,72,233,5,0,53
-5,10,25,2,19,2475,AA,LAX,17,100,167,0,0,29,72,233,5,0,53
-4,10,25,2,12,2475,DL,LAX,17,100,167,0,0,29,72,233,5,0,53
-5,10,25,2,15,2475,DL,LAX,17,100,167,0,0,29,72,233,5,0,53
-3,10,25,2,19,2475,DL,LAX,17,100,167,0,0,29,72,233,5,0,53
-3,11,2,3,21,2475,DL,LAX,9,56,139,0,0,9,89,183,3,0,54
0,11,2,3,19,2475,DL,LAX,9,56,139,0,0,9,89,183,3,0,54
-4,11,2,3,7,2475,B6,LAX,9,56,139,0,0,9,89,183,3,0,54
-1,11,2,3,11,2475,B6,LAX,9,56,139,0,0,9,89,183,3,0,54
-6,11,2,3,16,2475,B6,LAX,9,56,139,0,0,9,89,183,3,0,54
-6,11,2,3,20,2475,B6,LAX,9,56,139,0,0,9,89,183,3,0,54
1,11,2,3,9,2475,B6,LAX,9,56,139,0,0,9,89,183,3,0,54
-4,11,2,3,9,2475,DL,LAX,9,56,139,0,0,9,89,183,3,0,54
-2,11,2,3,7,2475,DL,LAX,9,56,139,0,0,9,89,183,3,0,54
-6,11,2,3,12,2475,DL,LAX,9,56,139,0,0,9,89,183,3,0,54
-3,11,2,3,15,2475,DL,LAX,9,56,139,0,0,9,89,183,3,0,54
-3,11,2,3,17,2475,DL,LAX,9,56,139,0,0,9,89,183,3,0,54
3,11,2,3,6,2475,UA,LAX,9,56,139,0,0,9,89,183,3,0,54
0,11,2,3,20,2475,UA,LAX,9,56,139,0,0,9,89,183,3,0,54
-4,11,2,3,11,2475,UA,LAX,9,56,139,0,0,9,89,183,3,0,54
-5,11,2,3,15,2475,UA,LAX,9,56,139,0,0,9,89,183,3,0,54
-5,11,2,3,8,2475,UA,LAX,9,56,139,0,0,9,89,183,3,0,54
-5,11,2,3,17,2475,UA,LAX,9,56,139,0,0,9,89,183,3,0,54
14,11,2,3,13,2475,AA,LAX,9,56,139,0,0,9,89,183,3,0,54
-5,11,2,3,9,2475,AA,LAX,9,56,139,0,0,9,89,183,3,0,54
-2,11,2,3,10,2475,AA,LAX,9,56,139,0,0,9,89,183,3,0,54
-3,11,2,3,19,2475,AA,LAX,9,56,139,0,0,9,89,183,3,0,54
2,11,2,3,16,2475,AA,LAX,9,56,139,0,0,9,89,183,3,0,54
-4,11,2,3,12,2475,AA,LAX,9,56,139,0,0,9,89,183,3,0,54
1,11,2,3,15,2475,AA,LAX,9,56,139,0,0,9,89,183,3,0,54
-2,11,2,3,7,2475,AA,LAX,9,56,139,0,0,9,89,183,3,0,54
18,11,2,3,21,2475,AA,LAX,9,56,139,0,0,9,89,183,3,0,54
1,12,7,3,7,2475,AA,LAX,15,56,167,427,0,20,-39,11,0,0,41
4,12,7,3,9,2475,DL,LAX,15,56,167,427,0,20,-39,11,0,0,41
-5,12,7,3,16,2475,B6,LAX,15,56,167,427,0,20,-39,11,0,0,41
-6,12,7,3,12,2475,DL,LAX,15,56,167,427,0,20,-39,11,0,0,41
-2,12,7,3,15,2475,DL,LAX,15,56,167,427,0,20,-39,11,0,0,41
-1,12,7,3,21,2475,DL,LAX,15,56,167,427,0,20,-39,11,0,0,41
137,12,7,3,19,2475,AA,LAX,15,56,167,427,0,20,-39,11,0,0,41
-6,12,7,3,20,2475,B6,LAX,15,56,167,427,0,20,-39,11,0,0,41
25,12,7,3,16,2475,AA,LAX,15,56,167,427,0,20,-39,11,0,0,41
-3,12,7,3,19,2475,DL,LAX,15,56,167,427,0,20,-39,11,0,0,41
76,12,7,3,15,2475,AA,LAX,15,56,167,427,0,20,-39,11,0,0,41
0,12,7,3,17,2475,DL,LAX,15,56,167,427,0,20,-39,11,0,0,41
24,12,7,3,9,2475,B6,LAX,15,56,167,427,0,20,-39,11,0,0,41
0,12,7,3,21,2475,AA,LAX,15,56,167,427,0,20,-39,11,0,0,41
-1,12,7,3,10,2475,AA,LAX,15,56,167,427,0,20,-39,11,0,0,41
-4,12,7,3,9,2475,AA,LAX,15,56,167,427,0,20,-39,11,0,0,41
-9,12,7,3,12,2475,AA,LAX,15,56,167,427,0,20,-39,11,0,0,41
-6,12,7,3,7,2475,B6,LAX,15,56,167,427,0,20,-39,11,0,0,41
-6,12,7,3,11,2475,B6,LAX,15,56,167,427,0,20,-39,11,0,0,41
-2,12,7,3,15,2475,UA,LAX,15,56,167,427,0,20,-39,11,0,0,41
3,12,7,3,11,2475,UA,LAX,15,56,167,427,0,20,-39,11,0,0,41
-2,12,7,3,20,2475,UA,LAX,15,56,167,427,0,20,-39,11,0,0,41
22,12,7,3,6,2475,UA,LAX,15,56,167,427,0,20,-39,11,0,0,41
18,12,7,3,17,2475,UA,LAX,15,56,167,427,0,20,-39,11,0,0,41
-7,12,7,3,8,2475,UA,LAX,15,56,167,427,0,20,-39,11,0,0,41
-1,12,14,3,17,2475,UA,LAX,11,22,100,0,0,16,50,128,363,0,59
-5,12,14,3,8,2475,UA,LAX,11,22,100,0,0,16,50,128,363,0,59
0,12,14,3,11,2475,UA,LAX,11,22,100,0,0,16,50,128,363,0,59
0,12,14,3,20,2475,UA,LAX,11,22,100,0,0,16,50,128,363,0,59
-6,12,14,3,15,2475,UA,LAX,11,22,100,0,0,16,50,128,363,0,59
-2,12,14,3,6,2475,UA,LAX,11,22,100,0,0,16,50,128,363,0,59
-5,12,14,3,15,2475,DL,LAX,11,22,100,0,0,16,50,128,363,0,59
-6,12,14,3,21,2475,DL,LAX,11,22,100,0,0,16,50,128,363,0,59
9,12,14,3,9,2475,B6,LAX,11,22,100,0,0,16,50,128,363,0,59
-4,12,14,3,15,2475,AA,LAX,11,22,100,0,0,16,50,128,363,0,59
-1,12,14,3,7,2475,AA,LAX,11,22,100,0,0,16,50,128,363,0,59
-4,12,14,3,7,2475,B6,LAX,11,22,100,0,0,16,50,128,363,0,59
-6,12,14,3,12,2475,DL,LAX,11,22,100,0,0,16,50,128,363,0,59
-2,12,14,3,11,2475,B6,LAX,11,22,100,0,0,16,50,128,363,0,59
-4,12,14,3,10,2475,AA,LAX,11,22,100,0,0,16,50,128,363,0,59
8,12,14,3,20,2475,B6,LAX,11,22,100,0,0,16,50,128,363,0,59
-3,12,14,3,9,2475,AA,LAX,11,22,100,0,0,16,50,128,363,0,59
-1,12,14,3,19,2475,AA,LAX,11,22,100,0,0,16,50,128,363,0,59
-5,12,14,3,17,2475,DL,LAX,11,22,100,0,0,16,50,128,363,0,59
3,12,14,3,21,2475,AA,LAX,11,22,100,0,0,16,50,128,363,0,59
-1,12,14,3,9,2475,DL,LAX,11,22,100,0,0,16,50,128,363,0,59
25,12,14,3,16,2475,B6,LAX,11,22,100,0,0,16,50,128,363,0,59
-1,12,14,3,19,2475,DL,LAX,11,22,100,0,0,16,50,128,363,0,59
-2,12,14,3,12,2475,AA,LAX,11,22,100,0,0,16,50,128,363,0,59
-2,12,14,3,16,2475,AA,LAX,11,22,100,0,0,16,50,128,363,0,59
-2,12,21,3,16,2475,B6,LAX,4,56,167,28,0,27,28,61,3,0,27
-4,12,21,3,13,2475,AA,LAX,4,56,167,28,0,27,28,61,3,0,27
-4,12,21,3,7,2475,AA,LAX,4,56,167,28,0,27,28,61,3,0,27
-2,12,21,3,9,2475,AA,LAX,4,56,167,28,0,27,28,61,3,0,27
7,12,21,3,6,2475,AA,LAX,4,56,167,28,0,27,28,61,3,0,27
15,12,21,3,20,2475,B6,LAX,4,56,167,28,0,27,28,61,3,0,27
-5,12,21,3,12,2475,AA,LAX,4,56,167,28,0,27,28,61,3,0,27
7,12,21,3,19,2475,DL,LAX,4,56,167,28,0,27,28,61,3,0,27
19,12,21,3,21,2475,DL,LAX,4,56,167,28,0,27,28,61,3,0,27
-1,12,21,3,15,2475,DL,LAX,4,56,167,28,0,27,28,61,3,0,27
-5,12,21,3,12,2475,DL,LAX,4,56,167,28,0,27,28,61,3,0,27
-8,12,21,3,10,2475,AA,LAX,4,56,167,28,0,27,28,61,3,0,27
-5,12,21,3,9,2475,DL,LAX,4,56,167,28,0,27,28,61,3,0,27
-3,12,21,3,17,2475,DL,LAX,4,56,167,28,0,27,28,61,3,0,27
15,12,21,3,16,2475,AA,LAX,4,56,167,28,0,27,28,61,3,0,27
4,12,21,3,11,2475,B6,LAX,4,56,167,28,0,27,28,61,3,0,27
2,12,21,3,19,2475,AA,LAX,4,56,167,28,0,27,28,61,3,0,27
-1,12,21,3,15,2475,AA,LAX,4,56,167,28,0,27,28,61,3,0,27
-2,12,21,3,7,2475,B6,LAX,4,56,167,28,0,27,28,61,3,0,27
0,12,21,3,8,2475,UA,LAX,4,56,167,28,0,27,28,61,3,0,27
-4,12,21,3,6,2475,UA,LAX,4,56,167,28,0,27,28,61,3,0,27
-2,12,21,3,11,2475,UA,LAX,4,56,167,28,0,27,28,61,3,0,27
2,12,21,3,15,2475,UA,LAX,4,56,167,28,0,27,28,61,3,0,27
29,12,21,3,17,2475,UA,LAX,4,56,167,28,0,27,28,61,3,0,27
