-4,1,6,4,6,2475,UA,LAX,5,-33,6,0,0,12,-78,-22,0,0,51
-3,1,6,4,15,2475,UA,LAX,5,-33,6,0,0,12,-78,-22,0,0,51
5,1,6,4,8,2475,UA,LAX,5,-33,6,0,0,12,-78,-22,0,0,51
-5,1,6,4,20,2475,UA,LAX,5,-33,6,0,0,12,-78,-22,0,0,51
-2,1,6,4,11,2475,UA,LAX,5,-33,6,0,0,12,-78,-22,0,0,51
-4,1,6,4,18,2475,UA,LAX,5,-33,6,0,0,12,-78,-22,0,0,51
0,1,6,4,7,2475,B6,LAX,5,-33,6,0,0,12,-78,-22,0,0,51
-2,1,6,4,16,2475,AA,LAX,5,-33,6,0,0,12,-78,-22,0,0,51
95,1,6,4,9,2475,AA,LAX,5,-33,6,0,0,12,-78,-22,0,0,51
12,1,6,4,6,2475,AA,LAX,5,-33,6,0,0,12,-78,-22,0,0,51
1,1,6,4,15,2475,AA,LAX,5,-33,6,0,0,12,-78,-22,0,0,51
-8,1,6,4,13,2475,AA,LAX,5,-33,6,0,0,12,-78,-22,0,0,51
-2,1,6,4,7,2475,AA,LAX,5,-33,6,0,0,12,-78,-22,0,0,51
3,1,6,4,15,2475,B6,LAX,5,-33,6,0,0,12,-78,-22,0,0,51
6,1,6,4,18,2475,B6,LAX,5,-33,6,0,0,12,-78,-22,0,0,51
74,1,6,4,19,2475,AA,LAX,5,-33,6,0,0,12,-78,-22,0,0,51
15,1,6,4,12,2475,DL,LAX,5,-33,6,0,0,12,-78,-22,0,0,51
-1,1,6,4,9,2475,DL,LAX,5,-33,6,0,0,12,-78,-22,0,0,51
-8,1,6,4,10,2475,AA,LAX,5,-33,6,0,0,12,-78,-22,0,0,51
2,1,6,4,7,2475,DL,LAX,5,-33,6,0,0,12,-78,-22,0,0,51
-4,1,6,4,19,2475,DL,LAX,5,-33,6,0,0,12,-78,-22,0,0,51
11,1,6,4,21,2475,DL,LAX,5,-33,6,0,0,12,-78,-22,0,0,51
-2,1,6,4,17,2475,DL,LAX,5,-33,6,0,0,12,-78,-22,0,0,51
0,1,6,4,15,2475,DL,LAX,5,-33,6,0,0,12,-78,-22,0,0,51
-7,1,6,4,11,2475,AA,LAX,5,-33,6,0,0,12,-78,-22,0,0,51
18,1,6,4,21,2475,AA,LAX,5,-33,6,0,0,12,-78,-22,0,0,51
-1,1,13,4,7,2475,AA,LAX,2,-78,-11,0,0,47,-94,-44,0,0,30
-3,1,13,4,9,2475,AA,LAX,2,-78,-11,0,0,47,-94,-44,0,0,30
59,1,13,4,21,2475,AA,LAX,2,-78,-11,0,0,47,-94,-44,0,0,30
32,1,13,4,11,2475,AA,LAX,2,-78,-11,0,0,47,-94,-44,0,0,30
3,1,13,4,19,2475,DL,LAX,2,-78,-11,0,0,47,-94,-44,0,0,30
-4,1,13,4,7,2475,B6,LAX,2,-78,-11,0,0,47,-94,-44,0,0,30
31,1,13,4,15,2475,B6,LAX,2,-78,-11,0,0,47,-94,-44,0,0,30
2,1,13,4,18,2475,B6,LAX,2,-78,-11,0,0,47,-94,-44,0,0,30
19,1,13,4,13,2475,AA,LAX,2,-78,-11,0,0,47,-94,-44,0,0,30
1,1,13,4,10,2475,AA,LAX,2,-78,-11,0,0,47,-94,-44,0,0,30
144,1,13,4,6,2475,AA,LAX,2,-78,-11,0,0,47,-94,-44,0,0,30
0,1,13,4,16,2475,AA,LAX,2,-78,-11,0,0,47,-94,-44,0,0,30
-7,1,13,4,15,2475,AA,LAX,2,-78,-11,0,0,47,-94,-44,0,0,30
-5,1,13,4,12,2475,DL,LAX,2,-78,-11,0,0,47,-94,-44,0,0,30
-6,1,13,4,9,2475,DL,LAX,2,-78,-11,0,0,47,-94,-44,0,0,30
-1,1,13,4,17,2475,DL,LAX,2,-78,-11,0,0,47,-94,-44,0,0,30
-3,1,13,4,21,2475,DL,LAX,2,-78,-11,0,0,47,-94,-44,0,0,30
-1,1,13,4,7,2475,DL,LAX,2,-78,-11,0,0,47,-94,-44,0,0,30
0,1,13,4,19,2475,AA,LAX,2,-78,-11,0,0,47,-94,-44,0,0,30
0,1,13,4,11,2475,UA,LAX,2,-78,-11,0,0,47,-94,-44,0,0,30
-5,1,13,4,8,2475,UA,LAX,2,-78,-11,0,0,47,-94,-44,0,0,30
-1,1,13,4,18,2475,UA,LAX,2,-78,-11,0,0,47,-94,-44,0,0,30
-4,1,13,4,20,2475,UA,LAX,2,-78,-11,0,0,47,-94,-44,0,0,30
1,1,13,4,15,2475,UA,LAX,2,-78,-11,0,0,47,-94,-44,0,0,30
-5,1,13,4,6,2475,UA,LAX,2,-78,-11,0,0,47,-94,-44,0,0,30
13,1,20,4,11,2475,UA,LAX,5,-11,17,0,0,30,-150,-72,0,0,48
1,1,20,4,18,2475,UA,LAX,5,-11,17,0,0,30,-150,-72,0,0,48
-3,1,20,4,15,2475,UA,LAX,5,-11,17,0,0,30,-150,-72,0,0,48
-4,1,20,4,6,2475,UA,LAX,5,-11,17,0,0,30,-150,-72,0,0,48
-6,1,20,4,8,2475,UA,LAX,5,-11,17,0,0,30,-150,-72,0,0,48
8,1,20,4,20,2475,UA,LAX,5,-11,17,0,0,30,-150,-72,0,0,48
43,1,20,4,9,2475,AA,LAX,5,-11,17,0,0,30,-150,-72,0,0,48
-2,1,20,4,21,2475,AA,LAX,5,-11,17,0,0,30,-150,-72,0,0,48
-3,1,20,4,21,2475,DL,LAX,5,-11,17,0,0,30,-150,-72,0,0,48
4,1,20,4,16,2475,AA,LAX,5,-11,17,0,0,30,-150,-72,0,0,48
-5,1,20,4,17,2475,DL,LAX,5,-11,17,0,0,30,-150,-72,0,0,48
-2,1,20,4,19,2475,AA,LAX,5,-11,17,0,0,30,-150,-72,0,0,48
-3,1,20,4,7,2475,AA,LAX,5,-11,17,0,0,30,-150,-72,0,0,48
-5,1,20,4,15,2475,DL,LAX,5,-11,17,0,0,30,-150,-72,0,0,48
-3,1,20,4,12,2475,DL,LAX,5,-11,17,0,0,30,-150,-72,0,0,48
-6,1,20,4,10,2475,AA,LAX,5,-11,17,0,0,30,-150,-72,0,0,48
-6,1,20,4,9,2475,DL,LAX,5,-11,17,0,0,30,-150,-72,0,0,48
-7,1,20,4,6,2475,AA,LAX,5,-11,17,0,0,30,-150,-72,0,0,48
-6,1,20,4,13,2475,AA,LAX,5,-11,17,0,0,30,-150,-72,0,0,48
-10,1,20,4,11,2475,AA,LAX,5,-11,17,0,0,30,-150,-72,0,0,48
-2,1,20,4,7,2475,B6,LAX,5,-11,17,0,0,30,-150,-72,0,0,48
1,1,20,4,15,2475,B6,LAX,5,-11,17,0,0,30,-150,-72,0,0,48
-5,1,20,4,18,2475,B6,LAX,5,-11,17,0,0,30,-150,-72,0,0,48
8,1,20,4,15,2475,AA,LAX,5,-11,17,0,0,30,-150,-72,0,0,48
-2,1,20,4,7,2475,DL,LAX,5,-11,17,0,0,30,-150,-72,0,0,48
-1,1,20,4,19,2475,DL,LAX,5,-11,17,0,0,30,-150,-72,0,0,48
-3,2,18,5,13,2475,AA,LAX,1,78,194,0,0,32,6,100,0,0,69
-4,2,18,5,7,2475,AA,LAX,1,78,194,0,0,32,6,100,0,0,69
14,2,18,5,21,2475,AA,LAX,1,78,194,0,0,32,6,100,0,0,69
-2,2,18,5,7,2475,B6,LAX,1,78,194,0,0,32,6,100,0,0,69
3,2,18,5,15,2475,B6,LAX,1,78,194,0,0,32,6,100,0,0,69
-3,2,18,5,18,2475,B6,LAX,1,78,194,0,0,32,6,100,0,0,69
1,2,18,5,15,2475,AA,LAX,1,78,194,0,0,32,6,100,0,0,69
4,2,18,5,19,2475,AA,LAX,1,78,194,0,0,32,6,100,0,0,69
-4,2,18,5,10,2475,AA,LAX,1,78,194,0,0,32,6,100,0,0,69
-5,2,18,5,17,2475,AA,LAX,1,78,194,0,0,32,6,100,0,0,69
1,2,18,5,9,2475,AA,LAX,1,78,194,0,0,32,6,100,0,0,69
-5,2,18,5,12,2475,AA,LAX,1,78,194,0,0,32,6,100,0,0,69
-4,2,18,5,15,2475,DL,LAX,1,78,194,0,0,32,6,100,0,0,69
61,2,18,5,17,2475,DL,LAX,1,78,194,0,0,32,6,100,0,0,69
-2,2,18,5,21,2475,DL,LAX,1,78,194,0,0,32,6,100,0,0,69
10,2,18,5,19,2475,DL,LAX,1,78,194,0,0,32,6,100,0,0,69
0,2,18,5,7,2475,DL,LAX,1,78,194,0,0,32,6,100,0,0,69
26,2,18,5,9,2475,DL,LAX,1,78,194,0,0,32,6,100,0,0,69
133,2,18,5,12,2475,DL,LAX,1,78,194,0,0,32,6,100,0,0,69
22,2,18,5,6,2475,AA,LAX,1,78,194,0,0,32,6,100,0,0,69
19,2,18,5,20,2475,UA,LAX,1,78,194,0,0,32,6,100,0,0,69
-3,2,18,5,6,2475,UA,LAX,1,78,194,0,0,32,6,100,0,0,69
-2,2,18,5,8,2475,UA,LAX,1,78,194,0,0,32,6,100,0,0,69
-1,2,18,5,15,2475,UA,LAX,1,78,194,0,0,32,6,100,0,0,69
-3,2,18,5,11,2475,UA,LAX,1,78,194,0,0,32,6,100,0,0,69
-3,2,18,5,18,2475,UA,LAX,1,78,194,0,0,32,6,100,0,0,69
-6,3,2,3,11,2475,UA,LAX,11,-39,117,0,0,49,-44,28,0,0,47
-5,3,2,3,8,2475,UA,LAX,11,-39,117,0,0,49,-44,28,0,0,47
-1,3,2,3,18,2475,UA,LAX,11,-39,117,0,0,49,-44,28,0,0,47
20,3,2,3,6,2475,UA,LAX,11,-39,117,0,0,49,-44,28,0,0,47
-4,3,2,3,20,2475,UA,LAX,11,-39,117,0,0,49,-44,28,0,0,47
-1,3,2,3,15,2475,UA,LAX,11,-39,117,0,0,49,-44,28,0,0,47
-6,3,2,3,11,2475,UA,LAX,11,-39,117,0,0,49,-44,28,0,0,47
-5,3,2,3,8,2475,UA,LAX,11,-39,117,0,0,49,-44,28,0,0,47
-1,3,2,3,18,2475,UA,LAX,11,-39,117,0,0,49,-44,28,0,0,47
20,3,2,3,6,2475,UA,LAX,11,-39,117,0,0,49,-44,28,0,0,47
-4,3,2,3,20,2475,UA,LAX,11,-39,117,0,0,49,-44,28,0,0,47
-1,3,2,3,15,2475,UA,LAX,11,-39,117,0,0,49,-44,28,0,0,47
-6,3,2,3,11,2475,UA,LAX,11,-39,117,0,0,49,-44,28,0,0,47
-5,3,2,3,8,2475,UA,LAX,11,-39,117,0,0,49,-44,28,0,0,47
-1,3,2,3,18,2475,UA,LAX,11,-39,117,0,0,49,-44,28,0,0,47
20,3,2,3,6,2475,UA,LAX,11,-39,117,0,0,49,-44,28,0,0,47
-4,3,2,3,20,2475,UA,LAX,11,-39,117,0,0,49,-44,28,0,0,47
-1,3,2,3,15,2475,UA,LAX,11,-39,117,0,0,49,-44,28,0,0,47
5,3,2,3,15,2475,DL,LAX,11,-39,117,0,0,49,-44,28,0,0,47
-6,3,2,3,12,2475,DL,LAX,11,-39,117,0,0,49,-44,28,0,0,47
-5,3,2,3,9,2475,DL,LAX,11,-39,117,0,0,49,-44,28,0,0,47
6,3,2,3,7,2475,DL,LAX,11,-39,117,0,0,49,-44,28,0,0,47
64,3,2,3,19,2475,DL,LAX,11,-39,117,0,0,49,-44,28,0,0,47
-8,3,2,3,21,2475,DL,LAX,11,-39,117,0,0,49,-44,28,0,0,47
0,3,2,3,17,2475,DL,LAX,11,-39,117,0,0,49,-44,28,0,0,47
-2,3,2,3,19,2475,AA,LAX,11,-39,117,0,0,49,-44,28,0,0,47
-8,3,2,3,9,2475,AA,LAX,11,-39,117,0,0,49,-44,28,0,0,47
-3,3,2,3,6,2475,AA,LAX,11,-39,117,0,0,49,-44,28,0,0,47
19,3,2,3,12,2475,AA,LAX,11,-39,117,0,0,49,-44,28,0,0,47
-6,3,2,3,13,2475,AA,LAX,11,-39,117,0,0,49,-44,28,0,0,47
-4,3,2,3,17,2475,AA,LAX,11,-39,117,0,0,49,-44,28,0,0,47
-5,3,2,3,7,2475,B6,LAX,11,-39,117,0,0,49,-44,28,0,0,47
-5,3,2,3,15,2475,B6,LAX,11,-39,117,0,0,49,-44,28,0,0,47
-3,3,2,3,18,2475,B6,LAX,11,-39,117,0,0,49,-44,28,0,0,47
-6,3,2,3,10,2475,AA,LAX,11,-39,117,0,0,49,-44,28,0,0,47
-2,3,2,3,15,2475,AA,LAX,11,-39,117,0,0,49,-44,28,0,0,47
-8,3,2,3,7,2475,AA,LAX,11,-39,117,0,0,49,-44,28,0,0,47
25,3,2,3,21,2475,AA,LAX,11,-39,117,0,0,49,-44,28,0,0,47
-2,3,2,3,15,2475,AA,LAX,11,-39,117,0,0,49,-44,28,0,0,47
19,3,2,3,12,2475,AA,LAX,11,-39,117,0,0,49,-44,28,0,0,47
-8,3,2,3,7,2475,AA,LAX,11,-39,117,0,0,49,-44,28,0,0,47
-4,3,2,3,17,2475,AA,LAX,11,-39,117,0,0,49,-44,28,0,0,47
-3,3,2,3,18,2475,B6,LAX,11,-39,117,0,0,49,-44,28,0,0,47
-6,3,2,3,13,2475,AA,LAX,11,-39,117,0,0,49,-44,28,0,0,47
-3,3,2,3,6,2475,AA,LAX,11,-39,117,0,0,49,-44,28,0,0,47
-5,3,2,3,15,2475,B6,LAX,11,-39,117,0,0,49,-44,28,0,0,47
25,3,2,3,21,2475,AA,LAX,11,-39,117,0,0,49,-44,28,0,0,47
-6,3,2,3,10,2475,AA,LAX,11,-39,117,0,0,49,-44,28,0,0,47
-2,3,2,3,19,2475,AA,LAX,11,-39,117,0,0,49,-44,28,0,0,47
-5,3,2,3,7,2475,B6,LAX,11,-39,117,0,0,49,-44,28,0,0,47
-8,3,2,3,9,2475,AA,LAX,11,-39,117,0,0,49,-44,28,0,0,47
-4,3,2,3,17,2475,AA,LAX,11,-39,117,0,0,49,-44,28,0,0,47
-6,3,2,3,13,2475,AA,LAX,11,-39,117,0,0,49,-44,28,0,0,47
25,3,2,3,21,2475,AA,LAX,11,-39,117,0,0,49,-44,28,0,0,47
-8,3,2,3,7,2475,AA,LAX,11,-39,117,0,0,49,-44,28,0,0,47
-3,3,2,3,6,2475,AA,LAX,11,-39,117,0,0,49,-44,28,0,0,47
-6,3,2,3,10,2475,AA,LAX,11,-39,117,0,0,49,-44,28,0,0,47
-6,3,2,3,12,2475,DL,LAX,11,-39,117,0,0,49,-44,28,0,0,47
-8,3,2,3,9,2475,AA,LAX,11,-39,117,0,0,49,-44,28,0,0,47
5,3,2,3,15,2475,DL,LAX,11,-39,117,0,0,49,-44,28,0,0,47
0,3,2,3,17,2475,DL,LAX,11,-39,117,0,0,49,-44,28,0,0,47
-8,3,2,3,21,2475,DL,LAX,11,-39,117,0,0,49,-44,28,0,0,47
-5,3,2,3,7,2475,B6,LAX,11,-39,117,0,0,49,-44,28,0,0,47
19,3,2,3,12,2475,AA,LAX,11,-39,117,0,0,49,-44,28,0,0,47
-5,3,2,3,15,2475,B6,LAX,11,-39,117,0,0,49,-44,28,0,0,47
64,3,2,3,19,2475,DL,LAX,11,-39,117,0,0,49,-44,28,0,0,47
6,3,2,3,7,2475,DL,LAX,11,-39,117,0,0,49,-44,28,0,0,47
-3,3,2,3,18,2475,B6,LAX,11,-39,117,0,0,49,-44,28,0,0,47
-2,3,2,3,15,2475,AA,LAX,11,-39,117,0,0,49,-44,28,0,0,47
-2,3,2,3,19,2475,AA,LAX,11,-39,117,0,0,49,-44,28,0,0,47
-5,3,2,3,9,2475,DL,LAX,11,-39,117,0,0,49,-44,28,0,0,47
0,3,2,3,17,2475,DL,LAX,11,-39,117,0,0,49,-44,28,0,0,47
-8,3,2,3,21,2475,DL,LAX,11,-39,117,0,0,49,-44,28,0,0,47
64,3,2,3,19,2475,DL,LAX,11,-39,117,0,0,49,-44,28,0,0,47
6,3,2,3,7,2475,DL,LAX,11,-39,117,0,0,49,-44,28,0,0,47
-5,3,2,3,9,2475,DL,LAX,11,-39,117,0,0,49,-44,28,0,0,47
-6,3,2,3,12,2475,DL,LAX,11,-39,117,0,0,49,-44,28,0,0,47
5,3,2,3,15,2475,DL,LAX,11,-39,117,0,0,49,-44,28,0,0,47
-6,4,7,4,20,2475,UA,LAX,47,56,111,5,0,29,39,78,64,0,39
0,4,7,4,11,2475,UA,LAX,47,56,111,5,0,29,39,78,64,0,39
-7,4,7,4,18,2475,UA,LAX,47,56,111,5,0,29,39,78,64,0,39
-6,4,7,4,8,2475,UA,LAX,47,56,111,5,0,29,39,78,64,0,39
19,4,7,4,15,2475,UA,LAX,47,56,111,5,0,29,39,78,64,0,39
-3,4,7,4,6,2475,UA,LAX,47,56,111,5,0,29,39,78,64,0,39
-1,4,7,4,19,2475,DL,LAX,47,56,111,5,0,29,39,78,64,0,39
-6,4,7,4,7,2475,DL,LAX,47,56,111,5,0,29,39,78,64,0,39
-3,4,7,4,12,2475,AA,LAX,47,56,111,5,0,29,39,78,64,0,39
-4,4,7,4,15,2475,DL,LAX,47,56,111,5,0,29,39,78,64,0,39
1,4,7,4,15,2475,AA,LAX,47,56,111,5,0,29,39,78,64,0,39
-7,4,7,4,6,2475,AA,LAX,47,56,111,5,0,29,39,78,64,0,39
10,4,7,4,13,2475,AA,LAX,47,56,111,5,0,29,39,78,64,0,39
-7,4,7,4,21,2475,AA,LAX,47,56,111,5,0,29,39,78,64,0,39
3,4,7,4,7,2475,B6,LAX,47,56,111,5,0,29,39,78,64,0,39
-4,4,7,4,16,2475,B6,LAX,47,56,111,5,0,29,39,78,64,0,39
-4,4,7,4,10,2475,AA,LAX,47,56,111,5,0,29,39,78,64,0,39
-2,4,7,4,19,2475,AA,LAX,47,56,111,5,0,29,39,78,64,0,39
-3,4,7,4,7,2475,AA,LAX,47,56,111,5,0,29,39,78,64,0,39
-1,4,7,4,18,2475,B6,LAX,47,56,111,5,0,29,39,78,64,0,39
-4,4,7,4,9,2475,DL,LAX,47,56,111,5,0,29,39,78,64,0,39
1,4,7,4,16,2475,AA,LAX,47,56,111,5,0,29,39,78,64,0,39
28,4,7,4,17,2475,DL,LAX,47,56,111,5,0,29,39,78,64,0,39
-4,4,7,4,9,2475,AA,LAX,47,56,111,5,0,29,39,78,64,0,39
-4,4,7,4,12,2475,DL,LAX,47,56,111,5,0,29,39,78,64,0,39
-1,4,7,4,21,2475,DL,LAX,47,56,111,5,0,29,39,78,64,0,39
-6,4,14,4,7,2475,AA,LAX,44,89,206,0,0,26,44,117,0,0,78
0,4,14,4,21,2475,AA,LAX,44,89,206,0,0,26,44,117,0,0,78
-5,4,14,4,9,2475,AA,LAX,44,89,206,0,0,26,44,117,0,0,78
5,4,14,4,16,2475,AA,LAX,44,89,206,0,0,26,44,117,0,0,78
-1,4,14,4,15,2475,AA,LAX,44,89,206,0,0,26,44,117,0,0,78
-5,4,14,4,13,2475,AA,LAX,44,89,206,0,0,26,44,117,0,0,78
-1,4,14,4,15,2475,DL,LAX,44,89,206,0,0,26,44,117,0,0,78
0,4,14,4,7,2475,DL,LAX,44,89,206,0,0,26,44,117,0,0,78
-6,4,14,4,9,2475,DL,LAX,44,89,206,0,0,26,44,117,0,0,78
2,4,14,4,17,2475,DL,LAX,44,89,206,0,0,26,44,117,0,0,78
2,4,14,4,12,2475,DL,LAX,44,89,206,0,0,26,44,117,0,0,78
-4,4,14,4,19,2475,AA,LAX,44,89,206,0,0,26,44,117,0,0,78
3,4,14,4,21,2475,DL,LAX,44,89,206,0,0,26,44,117,0,0,78
-2,4,14,4,19,2475,DL,LAX,44,89,206,0,0,26,44,117,0,0,78
-6,4,14,4,10,2475,AA,LAX,44,89,206,0,0,26,44,117,0,0,78
-4,4,14,4,7,2475,B6,LAX,44,89,206,0,0,26,44,117,0,0,78
-4,4,14,4,12,2475,AA,LAX,44,89,206,0,0,26,44,117,0,0,78
-2,4,14,4,16,2475,B6,LAX,44,89,206,0,0,26,44,117,0,0,78
1,4,14,4,18,2475,B6,LAX,44,89,206,0,0,26,44,117,0,0,78
1,4,14,4,6,2475,AA,LAX,44,89,206,0,0,26,44,117,0,0,78
-3,4,14,4,15,2475,UA,LAX,44,89,206,0,0,26,44,117,0,0,78
-3,4,14,4,11,2475,UA,LAX,44,89,206,0,0,26,44,117,0,0,78
-6,4,14,4,6,2475,UA,LAX,44,89,206,0,0,26,44,117,0,0,78
-1,4,14,4,20,2475,UA,LAX,44,89,206,0,0,26,44,117,0,0,78
-2,4,14,4,18,2475,UA,LAX,44,89,206,0,0,26,44,117,0,0,78
-4,4,14,4,8,2475,UA,LAX,44,89,206,0,0,26,44,117,0,0,78
-5,4,21,4,15,2475,UA,LAX,37,61,172,0,0,46,0,100,8,0,36
-6,4,21,4,20,2475,UA,LAX,37,61,172,0,0,46,0,100,8,0,36
-4,4,21,4,18,2475,UA,LAX,37,61,172,0,0,46,0,100,8,0,36
-2,4,21,4,6,2475,UA,LAX,37,61,172,0,0,46,0,100,8,0,36
-4,4,21,4,11,2475,UA,LAX,37,61,172,0,0,46,0,100,8,0,36
-8,4,21,4,8,2475,UA,LAX,37,61,172,0,0,46,0,100,8,0,36
-11,4,21,4,10,2475,AA,LAX,37,61,172,0,0,46,0,100,8,0,36
-8,4,21,4,9,2475,AA,LAX,37,61,172,0,0,46,0,100,8,0,36
2,4,21,4,15,2475,AA,LAX,37,61,172,0,0,46,0,100,8,0,36
-1,4,21,4,16,2475,B6,LAX,37,61,172,0,0,46,0,100,8,0,36
-1,4,21,4,18,2475,B6,LAX,37,61,172,0,0,46,0,100,8,0,36
-6,4,21,4,6,2475,AA,LAX,37,61,172,0,0,46,0,100,8,0,36
-2,4,21,4,17,2475,DL,LAX,37,61,172,0,0,46,0,100,8,0,36
-4,4,21,4,7,2475,AA,LAX,37,61,172,0,0,46,0,100,8,0,36
30,4,21,4,16,2475,AA,LAX,37,61,172,0,0,46,0,100,8,0,36
-6,4,21,4,12,2475,AA,LAX,37,61,172,0,0,46,0,100,8,0,36
-2,4,21,4,19,2475,AA,LAX,37,61,172,0,0,46,0,100,8,0,36
-2,4,21,4,12,2475,DL,LAX,37,61,172,0,0,46,0,100,8,0,36
-3,4,21,4,21,2475,DL,LAX,37,61,172,0,0,46,0,100,8,0,36
-3,4,21,4,15,2475,DL,LAX,37,61,172,0,0,46,0,100,8,0,36
-3,4,21,4,7,2475,DL,LAX,37,61,172,0,0,46,0,100,8,0,36
-2,4,21,4,19,2475,DL,LAX,37,61,172,0,0,46,0,100,8,0,36
-6,4,21,4,9,2475,DL,LAX,37,61,172,0,0,46,0,100,8,0,36
-1,4,21,4,7,2475,B6,LAX,37,61,172,0,0,46,0,100,8,0,36
28,4,21,4,21,2475,AA,LAX,37,61,172,0,0,46,0,100,8,0,36
-1,4,21,4,13,2475,AA,LAX,37,61,172,0,0,46,0,100,8,0,36
13,5,19,4,18,2475,UA,LAX,9,156,239,0,0,19,94,222,0,0,26
-3,5,19,4,6,2475,UA,LAX,9,156,239,0,0,19,94,222,0,0,26
-1,5,19,4,20,2475,UA,LAX,9,156,239,0,0,19,94,222,0,0,26
-5,5,19,4,8,2475,UA,LAX,9,156,239,0,0,19,94,222,0,0,26
-7,5,19,4,11,2475,UA,LAX,9,156,239,0,0,19,94,222,0,0,26
-5,5,19,4,15,2475,UA,LAX,9,156,239,0,0,19,94,222,0,0,26
1,5,19,4,13,2475,AA,LAX,9,156,239,0,0,19,94,222,0,0,26
-9,5,19,4,9,2475,AA,LAX,9,156,239,0,0,19,94,222,0,0,26
5,5,19,4,19,2475,AA,LAX,9,156,239,0,0,19,94,222,0,0,26
-2,5,19,4,6,2475,AA,LAX,9,156,239,0,0,19,94,222,0,0,26
27,5,19,4,15,2475,AA,LAX,9,156,239,0,0,19,94,222,0,0,26
29,5,19,4,16,2475,AA,LAX,9,156,239,0,0,19,94,222,0,0,26
11,5,19,4,21,2475,AA,LAX,9,156,239,0,0,19,94,222,0,0,26
-3,5,19,4,7,2475,AA,LAX,9,156,239,0,0,19,94,222,0,0,26
-9,5,19,4,10,2475,AA,LAX,9,156,239,0,0,19,94,222,0,0,26
-7,5,19,4,12,2475,AA,LAX,9,156,239,0,0,19,94,222,0,0,26
2,5,19,4,20,2475,B6,LAX,9,156,239,0,0,19,94,222,0,0,26
0,5,19,4,7,2475,B6,LAX,9,156,239,0,0,19,94,222,0,0,26
0,5,19,4,11,2475,B6,LAX,9,156,239,0,0,19,94,222,0,0,26
0,5,19,4,16,2475,B6,LAX,9,156,239,0,0,19,94,222,0,0,26
18,5,19,4,19,2475,DL,LAX,9,156,239,0,0,19,94,222,0,0,26
21,5,19,4,21,2475,DL,LAX,9,156,239,0,0,19,94,222,0,0,26
-5,5,19,4,9,2475,DL,LAX,9,156,239,0,0,19,94,222,0,0,26
-3,5,19,4,12,2475,DL,LAX,9,156,239,0,0,19,94,222,0,0,26
-5,5,19,4,7,2475,DL,LAX,9,156,239,0,0,19,94,222,0,0,26
-2,5,19,4,15,2475,DL,LAX,9,156,239,0,0,19,94,222,0,0,26
-2,5,19,4,17,2475,DL,LAX,9,156,239,0,0,19,94,222,0,0,26
3,5,26,4,11,2475,UA,LAX,2,178,256,0,0,22,61,94,269,0,80
-1,5,26,4,6,2475,UA,LAX,2,178,256,0,0,22,61,94,269,0,80
69,5,26,4,20,2475,UA,LAX,2,178,256,0,0,22,61,94,269,0,80
-5,5,26,4,8,2475,UA,LAX,2,178,256,0,0,22,61,94,269,0,80
-1,5,26,4,18,2475,UA,LAX,2,178,256,0,0,22,61,94,269,0,80
0,5,26,4,15,2475,UA,LAX,2,178,256,0,0,22,61,94,269,0,80
-4,5,26,4,7,2475,B6,LAX,2,178,256,0,0,22,61,94,269,0,80
2,5,26,4,16,2475,B6,LAX,2,178,256,0,0,22,61,94,269,0,80
279,5,26,4,20,2475,B6,LAX,2,178,256,0,0,22,61,94,269,0,80
0,5,26,4,17,2475,DL,LAX,2,178,256,0,0,22,61,94,269,0,80
50,5,26,4,19,2475,DL,LAX,2,178,256,0,0,22,61,94,269,0,80
69,5,26,4,21,2475,DL,LAX,2,178,256,0,0,22,61,94,269,0,80
0,5,26,4,11,2475,B6,LAX,2,178,256,0,0,22,61,94,269,0,80
-1,5,26,4,9,2475,DL,LAX,2,178,256,0,0,22,61,94,269,0,80
63,5,26,4,12,2475,DL,LAX,2,178,256,0,0,22,61,94,269,0,80
0,5,26,4,7,2475,DL,LAX,2,178,256,0,0,22,61,94,269,0,80
-2,5,26,4,15,2475,DL,LAX,2,178,256,0,0,22,61,94,269,0,80
-3,5,26,4,10,2475,AA,LAX,2,178,256,0,0,22,61,94,269,0,80
59,5,26,4,19,2475,AA,LAX,2,178,256,0,0,22,61,94,269,0,80
-5,5,26,4,6,2475,AA,LAX,2,178,256,0,0,22,61,94,269,0,80
350,5,26,4,16,2475,AA,LAX,2,178,256,0,0,22,61,94,269,0,80
9,5,26,4,15,2475,AA,LAX,2,178,256,0,0,22,61,94,269,0,80
9,5,26,4,13,2475,AA,LAX,2,178,256,0,0,22,61,94,269,0,80
5,5,26,4,12,2475,AA,LAX,2,178,256,0,0,22,61,94,269,0,80
2,5,26,4,9,2475,AA,LAX,2,178,256,0,0,22,61,94,269,0,80
0,5,26,4,7,2475,AA,LAX,2,178,256,0,0,22,61,94,269,0,80
15,5,26,4,21,2475,AA,LAX,2,178,256,0,0,22,61,94,269,0,80
-5,6,3,5,8,2475,UA,LAX,4,139,244,0,0,30,128,306,3,0,51
38,6,3,5,18,2475,UA,LAX,4,139,244,0,0,30,128,306,3,0,51
32,6,3,5,20,2475,UA,LAX,4,139,244,0,0,30,128,306,3,0,51
1,6,3,5,15,2475,UA,LAX,4,139,244,0,0,30,128,306,3,0,51
-6,6,3,5,6,2475,UA,LAX,4,139,244,0,0,30,128,306,3,0,51
-4,6,3,5,11,2475,UA,LAX,4,139,244,0,0,30,128,306,3,0,51
-1,6,3,5,10,2475,AA,LAX,4,139,244,0,0,30,128,306,3,0,51
-5,6,3,5,12,2475,DL,LAX,4,139,244,0,0,30,128,306,3,0,51
-5,6,3,5,7,2475,B6,LAX,4,139,244,0,0,30,128,306,3,0,51
-5,6,3,5,9,2475,DL,LAX,4,139,244,0,0,30,128,306,3,0,51
-5,6,3,5,11,2475,B6,LAX,4,139,244,0,0,30,128,306,3,0,51
14,6,3,5,19,2475,AA,LAX,4,139,244,0,0,30,128,306,3,0,51
-6,6,3,5,6,2475,AA,LAX,4,139,244,0,0,30,128,306,3,0,51
-2,6,3,5,16,2475,B6,LAX,4,139,244,0,0,30,128,306,3,0,51
-3,6,3,5,16,2475,AA,LAX,4,139,244,0,0,30,128,306,3,0,51
-4,6,3,5,12,2475,AA,LAX,4,139,244,0,0,30,128,306,3,0,51
-5,6,3,5,19,2475,DL,LAX,4,139,244,0,0,30,128,306,3,0,51
6,6,3,5,21,2475,AA,LAX,4,139,244,0,0,30,128,306,3,0,51
9,6,3,5,7,2475,AA,LAX,4,139,244,0,0,30,128,306,3,0,51
22,6,3,5,17,2475,DL,LAX,4,139,244,0,0,30,128,306,3,0,51
3,6,3,5,15,2475,AA,LAX,4,139,244,0,0,30,128,306,3,0,51
58,6,3,5,15,2475,DL,LAX,4,139,244,0,0,30,128,306,3,0,51
-4,6,3,5,20,2475,B6,LAX,4,139,244,0,0,30,128,306,3,0,51
-8,6,3,5,21,2475,DL,LAX,4,139,244,0,0,30,128,306,3,0,51
-6,6,3,5,7,2475,DL,LAX,4,139,244,0,0,30,128,306,3,0,51
-7,6,3,5,9,2475,AA,LAX,4,139,244,0,0,30,128,306,3,0,51
67,6,10,5,7,2475,AA,LAX,3,211,306,0,0,21,106,206,132,0,36
25,6,10,5,20,2475,B6,LAX,3,211,306,0,0,21,106,206,132,0,36
-2,6,10,5,19,2475,AA,LAX,3,211,306,0,0,21,106,206,132,0,36
-2,6,10,5,16,2475,B6,LAX,3,211,306,0,0,21,106,206,132,0,36
-2,6,10,5,11,2475,B6,LAX,3,211,306,0,0,21,106,206,132,0,36
-5,6,10,5,7,2475,B6,LAX,3,211,306,0,0,21,106,206,132,0,36
139,6,10,5,19,2475,DL,LAX,3,211,306,0,0,21,106,206,132,0,36
1,6,10,5,21,2475,DL,LAX,3,211,306,0,0,21,106,206,132,0,36
2,6,10,5,12,2475,DL,LAX,3,211,306,0,0,21,106,206,132,0,36
4,6,10,5,6,2475,AA,LAX,3,211,306,0,0,21,106,206,132,0,36
-5,6,10,5,13,2475,AA,LAX,3,211,306,0,0,21,106,206,132,0,36
-7,6,10,5,10,2475,AA,LAX,3,211,306,0,0,21,106,206,132,0,36
-4,6,10,5,12,2475,AA,LAX,3,211,306,0,0,21,106,206,132,0,36
114,6,10,5,15,2475,DL,LAX,3,211,306,0,0,21,106,206,132,0,36
11,6,10,5,9,2475,DL,LAX,3,211,306,0,0,21,106,206,132,0,36
1,6,10,5,17,2475,DL,LAX,3,211,306,0,0,21,106,206,132,0,36
11,6,10,5,16,2475,AA,LAX,3,211,306,0,0,21,106,206,132,0,36
64,6,10,5,9,2475,AA,LAX,3,211,306,0,0,21,106,206,132,0,36
92,6,10,5,15,2475,AA,LAX,3,211,306,0,0,21,106,206,132,0,36
38,6,10,5,20,2475,AA,LAX,3,211,306,0,0,21,106,206,132,0,36
0,6,10,5,7,2475,DL,LAX,3,211,306,0,0,21,106,206,132,0,36
-2,6,10,5,8,2475,UA,LAX,3,211,306,0,0,21,106,206,132,0,36
0,6,10,5,6,2475,UA,LAX,3,211,306,0,0,21,106,206,132,0,36
-2,6,10,5,15,2475,UA,LAX,3,211,306,0,0,21,106,206,132,0,36
-6,6,10,5,11,2475,UA,LAX,3,211,306,0,0,21,106,206,132,0,36
-5,6,10,5,20,2475,UA,LAX,3,211,306,0,0,21,106,206,132,0,36
-1,6,10,5,17,2475,UA,LAX,3,211,306,0,0,21,106,206,132,0,36
-8,7,8,5,8,2475,UA,LAX,4,200,294,102,0,15,161,300,0,0,27
85,7,8,5,20,2475,UA,LAX,4,200,294,102,0,15,161,300,0,0,27
56,7,8,5,15,2475,UA,LAX,4,200,294,102,0,15,161,300,0,0,27
-6,7,8,5,11,2475,UA,LAX,4,200,294,102,0,15,161,300,0,0,27
-1,7,8,5,6,2475,UA,LAX,4,200,294,102,0,15,161,300,0,0,27
96,7,8,5,17,2475,UA,LAX,4,200,294,102,0,15,161,300,0,0,27
-5,7,8,5,12,2475,DL,LAX,4,200,294,102,0,15,161,300,0,0,27
-2,7,8,5,19,2475,DL,LAX,4,200,294,102,0,15,161,300,0,0,27
0,7,8,5,21,2475,DL,LAX,4,200,294,102,0,15,161,300,0,0,27
-2,7,8,5,7,2475,DL,LAX,4,200,294,102,0,15,161,300,0,0,27
-3,7,8,5,7,2475,B6,LAX,4,200,294,102,0,15,161,300,0,0,27
-5,7,8,5,11,2475,B6,LAX,4,200,294,102,0,15,161,300,0,0,27
-4,7,8,5,9,2475,DL,LAX,4,200,294,102,0,15,161,300,0,0,27
-2,7,8,5,16,2475,B6,LAX,4,200,294,102,0,15,161,300,0,0,27
100,7,8,5,21,2475,B6,LAX,4,200,294,102,0,15,161,300,0,0,27
-2,7,8,5,9,2475,B6,LAX,4,200,294,102,0,15,161,300,0,0,27
23,7,8,5,15,2475,DL,LAX,4,200,294,102,0,15,161,300,0,0,27
-1,7,8,5,17,2475,DL,LAX,4,200,294,102,0,15,161,300,0,0,27
70,7,8,5,20,2475,AA,LAX,4,200,294,102,0,15,161,300,0,0,27
159,7,8,5,15,2475,AA,LAX,4,200,294,102,0,15,161,300,0,0,27
-3,7,8,5,10,2475,AA,LAX,4,200,294,102,0,15,161,300,0,0,27
49,7,8,5,19,2475,AA,LAX,4,200,294,102,0,15,161,300,0,0,27
-4,7,8,5,9,2475,AA,LAX,4,200,294,102,0,15,161,300,0,0,27
0,7,8,5,7,2475,AA,LAX,4,200,294,102,0,15,161,300,0,0,27
36,7,8,5,16,2475,AA,LAX,4,200,294,102,0,15,161,300,0,0,27
10,7,8,5,13,2475,AA,LAX,4,200,294,102,0,15,161,300,0,0,27
-2,7,15,5,16,2475,AA,LAX,11,189,306,0,0,19,211,306,0,0,30
-1,7,15,5,19,2475,AA,LAX,11,189,306,0,0,19,211,306,0,0,30
-10,7,15,5,12,2475,AA,LAX,11,189,306,0,0,19,211,306,0,0,30
-7,7,15,5,9,2475,AA,LAX,11,189,306,0,0,19,211,306,0,0,30
-1,7,15,5,7,2475,AA,LAX,11,189,306,0,0,19,211,306,0,0,30
-5,7,15,5,15,2475,AA,LAX,11,189,306,0,0,19,211,306,0,0,30
14,7,15,5,20,2475,AA,LAX,11,189,306,0,0,19,211,306,0,0,30
2,7,15,5,6,2475,AA,LAX,11,189,306,0,0,19,211,306,0,0,30
4,7,15,5,10,2475,AA,LAX,11,189,306,0,0,19,211,306,0,0,30
-1,7,15,5,9,2475,B6,LAX,11,189,306,0,0,19,211,306,0,0,30
111,7,15,5,21,2475,B6,LAX,11,189,306,0,0,19,211,306,0,0,30
-1,7,15,5,16,2475,B6,LAX,11,189,306,0,0,19,211,306,0,0,30
35,7,15,5,11,2475,B6,LAX,11,189,306,0,0,19,211,306,0,0,30
161,7,15,5,7,2475,B6,LAX,11,189,306,0,0,19,211,306,0,0,30
-3,7,15,5,15,2475,DL,LAX,11,189,306,0,0,19,211,306,0,0,30
-3,7,15,5,7,2475,DL,LAX,11,189,306,0,0,19,211,306,0,0,30
-4,7,15,5,17,2475,DL,LAX,11,189,306,0,0,19,211,306,0,0,30
-2,7,15,5,21,2475,DL,LAX,11,189,306,0,0,19,211,306,0,0,30
-4,7,15,5,19,2475,DL,LAX,11,189,306,0,0,19,211,306,0,0,30
-6,7,15,5,12,2475,DL,LAX,11,189,306,0,0,19,211,306,0,0,30
3,7,15,5,9,2475,DL,LAX,11,189,306,0,0,19,211,306,0,0,30
-1,7,15,5,8,2475,UA,LAX,11,189,306,0,0,19,211,306,0,0,30
-6,7,15,5,11,2475,UA,LAX,11,189,306,0,0,19,211,306,0,0,30
-1,7,15,5,17,2475,UA,LAX,11,189,306,0,0,19,211,306,0,0,30
-7,7,15,5,6,2475,UA,LAX,11,189,306,0,0,19,211,306,0,0,30
-1,7,15,5,15,2475,UA,LAX,11,189,306,0,0,19,211,306,0,0,30
3,7,15,5,20,2475,UA,LAX,11,189,306,0,0,19,211,306,0,0,30
-3,7,22,5,11,2475,UA,LAX,18,289,400,0,0,20,211,311,394,0,40
-5,7,22,5,6,2475,UA,LAX,18,289,400,0,0,20,211,311,394,0,40
-4,7,22,5,15,2475,UA,LAX,18,289,400,0,0,20,211,311,394,0,40
11,7,22,5,20,2475,UA,LAX,18,289,400,0,0,20,211,311,394,0,40
-2,7,22,5,8,2475,UA,LAX,18,289,400,0,0,20,211,311,394,0,40
1,7,22,5,17,2475,UA,LAX,18,289,400,0,0,20,211,311,394,0,40
1,7,22,5,20,2475,AA,LAX,18,289,400,0,0,20,211,311,394,0,40
-1,7,22,5,19,2475,AA,LAX,18,289,400,0,0,20,211,311,394,0,40
-6,7,22,5,16,2475,AA,LAX,18,289,400,0,0,20,211,311,394,0,40
5,7,22,5,13,2475,AA,LAX,18,289,400,0,0,20,211,311,394,0,40
-9,7,22,5,12,2475,AA,LAX,18,289,400,0,0,20,211,311,394,0,40
-5,7,22,5,7,2475,AA,LAX,18,289,400,0,0,20,211,311,394,0,40
-5,7,22,5,9,2475,AA,LAX,18,289,400,0,0,20,211,311,394,0,40
-7,7,22,5,10,2475,AA,LAX,18,289,400,0,0,20,211,311,394,0,40
-4,7,22,5,15,2475,AA,LAX,18,289,400,0,0,20,211,311,394,0,40
-1,7,22,5,6,2475,AA,LAX,18,289,400,0,0,20,211,311,394,0,40
-1,7,22,5,16,2475,B6,LAX,18,289,400,0,0,20,211,311,394,0,40
-1,7,22,5,9,2475,B6,LAX,18,289,400,0,0,20,211,311,394,0,40
-7,7,22,5,12,2475,DL,LAX,18,289,400,0,0,20,211,311,394,0,40
-4,7,22,5,19,2475,DL,LAX,18,289,400,0,0,20,211,311,394,0,40
32,7,22,5,21,2475,DL,LAX,18,289,400,0,0,20,211,311,394,0,40
-5,7,22,5,9,2475,DL,LAX,18,289,400,0,0,20,211,311,394,0,40
2,7,22,5,15,2475,DL,LAX,18,289,400,0,0,20,211,311,394,0,40
18,7,22,5,7,2475,DL,LAX,18,289,400,0,0,20,211,311,394,0,40
-5,7,22,5,17,2475,DL,LAX,18,289,400,0,0,20,211,311,394,0,40
129,7,22,5,21,2475,B6,LAX,18,289,400,0,0,20,211,311,394,0,40
-3,7,22,5,7,2475,B6,LAX,18,289,400,0,0,20,211,311,394,0,40
-1,7,22,5,11,2475,B6,LAX,18,289,400,0,0,20,211,311,394,0,40
6,8,27,6,12,2475,DL,LAX,7,217,256,732,0,34,178,272,0,0,41
13,8,27,6,7,2475,B6,LAX,7,217,256,732,0,34,178,272,0,0,41
23,8,27,6,9,2475,B6,LAX,7,217,256,732,0,34,178,272,0,0,41
3,8,27,6,9,2475,AA,LAX,7,217,256,732,0,34,178,272,0,0,41
0,8,27,6,7,2475,AA,LAX,7,217,256,732,0,34,178,272,0,0,41
5,8,27,6,7,2475,AA,LAX,7,217,256,732,0,34,178,272,0,0,41
6,9,4,7,17,2475,UA,LAX,1,222,300,0,0,23,144,228,0,0,51
-8,9,4,7,8,2475,UA,LAX,1,222,300,0,0,23,144,228,0,0,51
-3,9,4,7,11,2475,UA,LAX,1,222,300,0,0,23,144,228,0,0,51
2,9,4,7,7,2475,AA,LAX,1,222,300,0,0,23,144,228,0,0,51
-4,9,4,7,16,2475,AA,LAX,1,222,300,0,0,23,144,228,0,0,51
-5,9,4,7,7,2475,B6,LAX,1,222,300,0,0,23,144,228,0,0,51
31,9,4,7,16,2475,B6,LAX,1,222,300,0,0,23,144,228,0,0,51
-5,9,4,7,17,2475,DL,LAX,1,222,300,0,0,23,144,228,0,0,51
31,9,4,7,21,2475,B6,LAX,1,222,300,0,0,23,144,228,0,0,51
-5,9,4,7,12,2475,AA,LAX,1,222,300,0,0,23,144,228,0,0,51
-6,9,4,7,9,2475,B6,LAX,1,222,300,0,0,23,144,228,0,0,51
-6,9,4,7,9,2475,DL,LAX,1,222,300,0,0,23,144,228,0,0,51
-5,9,4,7,12,2475,DL,LAX,1,222,300,0,0,23,144,228,0,0,51
-1,9,4,7,13,2475,AA,LAX,1,222,300,0,0,23,144,228,0,0,51
-3,9,4,7,15,2475,AA,LAX,1,222,300,0,0,23,144,228,0,0,51
-5,9,4,7,15,2475,DL,LAX,1,222,300,0,0,23,144,228,0,0,51
-4,9,4,7,19,2475,DL,LAX,1,222,300,0,0,23,144,228,0,0,51
-10,9,4,7,10,2475,AA,LAX,1,222,300,0,0,23,144,228,0,0,51
-1,9,4,7,9,2475,AA,LAX,1,222,300,0,0,23,144,228,0,0,51
-6,9,4,7,7,2475,AA,LAX,1,222,300,0,0,23,144,228,0,0,51
-3,9,4,7,19,2475,AA,LAX,1,222,300,0,0,23,144,228,0,0,51
-1,9,4,7,21,2475,AA,LAX,1,222,300,0,0,23,144,228,0,0,51
-7,9,11,7,11,2475,B6,LAX,8,178,217,3,0,20,139,283,0,0,25
-5,9,11,7,6,2475,B6,LAX,8,178,217,3,0,20,139,283,0,0,25
-9,9,11,7,9,2475,B6,LAX,8,178,217,3,0,20,139,283,0,0,25
-4,9,11,7,21,2475,AA,LAX,8,178,217,3,0,20,139,283,0,0,25
-2,9,11,7,16,2475,AA,LAX,8,178,217,3,0,20,139,283,0,0,25
1,9,11,7,15,2475,AA,LAX,8,178,217,3,0,20,139,283,0,0,25
-3,9,11,7,13,2475,AA,LAX,8,178,217,3,0,20,139,283,0,0,25
-4,9,11,7,17,2475,DL,LAX,8,178,217,3,0,20,139,283,0,0,25
-2,9,11,7,9,2475,DL,LAX,8,178,217,3,0,20,139,283,0,0,25
-4,9,11,7,15,2475,DL,LAX,8,178,217,3,0,20,139,283,0,0,25
-7,9,11,7,12,2475,DL,LAX,8,178,217,3,0,20,139,283,0,0,25
1,9,11,7,21,2475,DL,LAX,8,178,217,3,0,20,139,283,0,0,25
-2,9,11,7,19,2475,DL,LAX,8,178,217,3,0,20,139,283,0,0,25
1,9,11,7,7,2475,AA,LAX,8,178,217,3,0,20,139,283,0,0,25
-6,9,11,7,19,2475,AA,LAX,8,178,217,3,0,20,139,283,0,0,25
-5,9,11,7,10,2475,AA,LAX,8,178,217,3,0,20,139,283,0,0,25
-5,9,11,7,12,2475,AA,LAX,8,178,217,3,0,20,139,283,0,0,25
-8,9,11,7,9,2475,AA,LAX,8,178,217,3,0,20,139,283,0,0,25
-5,9,11,7,20,2475,B6,LAX,8,178,217,3,0,20,139,283,0,0,25
7,9,11,7,16,2475,B6,LAX,8,178,217,3,0,20,139,283,0,0,25
-2,9,11,7,20,2475,UA,LAX,8,178,217,3,0,20,139,283,0,0,25
-2,9,11,7,15,2475,UA,LAX,8,178,217,3,0,20,139,283,0,0,25
-5,9,11,7,11,2475,UA,LAX,8,178,217,3,0,20,139,283,0,0,25
-4,9,11,7,8,2475,UA,LAX,8,178,217,3,0,20,139,283,0,0,25
-4,9,11,7,17,2475,UA,LAX,8,178,217,3,0,20,139,283,0,0,25
1,10,2,7,8,2475,UA,LAX,6,100,178,15,0,22,50,189,0,0,24
-2,10,2,7,15,2475,UA,LAX,6,100,178,15,0,22,50,189,0,0,24
0,10,2,7,11,2475,UA,LAX,6,100,178,15,0,22,50,189,0,0,24
1,10,2,7,17,2475,UA,LAX,6,100,178,15,0,22,50,189,0,0,24
10,10,2,7,20,2475,UA,LAX,6,100,178,15,0,22,50,189,0,0,24
-5,10,2,7,9,2475,AA,LAX,6,100,178,15,0,22,50,189,0,0,24
-6,10,2,7,12,2475,AA,LAX,6,100,178,15,0,22,50,189,0,0,24
-1,10,2,7,21,2475,AA,LAX,6,100,178,15,0,22,50,189,0,0,24
-4,10,2,7,13,2475,AA,LAX,6,100,178,15,0,22,50,189,0,0,24
10,10,2,7,15,2475,DL,LAX,6,100,178,15,0,22,50,189,0,0,24
2,10,2,7,10,2475,AA,LAX,6,100,178,15,0,22,50,189,0,0,24
9,10,2,7,16,2475,AA,LAX,6,100,178,15,0,22,50,189,0,0,24
16,10,2,7,7,2475,AA,LAX,6,100,178,15,0,22,50,189,0,0,24
-1,10,2,7,21,2475,DL,LAX,6,100,178,15,0,22,50,189,0,0,24
0,10,2,7,7,2475,AA,LAX,6,100,178,15,0,22,50,189,0,0,24
-3,10,2,7,19,2475,DL,LAX,6,100,178,15,0,22,50,189,0,0,24
5,10,2,7,20,2475,B6,LAX,6,100,178,15,0,22,50,189,0,0,24
0,10,2,7,16,2475,B6,LAX,6,100,178,15,0,22,50,189,0,0,24
-9,10,2,7,11,2475,B6,LAX,6,100,178,15,0,22,50,189,0,0,24
3,10,2,7,6,2475,B6,LAX,6,100,178,15,0,22,50,189,0,0,24
11,10,2,7,9,2475,B6,LAX,6,100,178,15,0,22,50,189,0,0,24
0,10,2,7,15,2475,AA,LAX,6,100,178,15,0,22,50,189,0,0,24
-4,10,2,7,12,2475,DL,LAX,6,100,178,15,0,22,50,189,0,0,24
4,10,2,7,17,2475,DL,LAX,6,100,178,15,0,22,50,189,0,0,24
-3,10,2,7,9,2475,DL,LAX,6,100,178,15,0,22,50,189,0,0,24
-4,10,2,7,19,2475,AA,LAX,6,100,178,15,0,22,50,189,0,0,24
-5,11,7,1,12,2475,DL,LAX,4,72,167,0,0,20,106,144,10,0,16
-2,11,7,1,7,2475,DL,LAX,4,72,167,0,0,20,106,144,10,0,16
-2,11,7,1,9,2475,B6,LAX,4,72,167,0,0,20,106,144,10,0,16
8,11,7,1,20,2475,B6,LAX,4,72,167,0,0,20,106,144,10,0,16
0,11,7,1,16,2475,B6,LAX,4,72,167,0,0,20,106,144,10,0,16
-4,11,7,1,11,2475,B6,LAX,4,72,167,0,0,20,106,144,10,0,16
6,11,7,1,7,2475,B6,LAX,4,72,167,0,0,20,106,144,10,0,16
-3,11,7,1,9,2475,DL,LAX,4,72,167,0,0,20,106,144,10,0,16
-1,11,7,1,17,2475,DL,LAX,4,72,167,0,0,20,106,144,10,0,16
0,11,7,1,7,2475,DL,LAX,4,72,167,0,0,20,106,144,10,0,16
12,11,7,1,19,2475,DL,LAX,4,72,167,0,0,20,106,144,10,0,16
-1,11,7,1,21,2475,DL,LAX,4,72,167,0,0,20,106,144,10,0,16
23,11,7,1,15,2475,DL,LAX,4,72,167,0,0,20,106,144,10,0,16
34,11,7,1,16,2475,AA,LAX,4,72,167,0,0,20,106,144,10,0,16
-9,11,7,1,10,2475,AA,LAX,4,72,167,0,0,20,106,144,10,0,16
-6,11,7,1,7,2475,AA,LAX,4,72,167,0,0,20,106,144,10,0,16
-6,11,7,1,9,2475,AA,LAX,4,72,167,0,0,20,106,144,10,0,16
-5,11,7,1,15,2475,AA,LAX,4,72,167,0,0,20,106,144,10,0,16
-3,11,7,1,12,2475,AA,LAX,4,72,167,0,0,20,106,144,10,0,16
-4,11,7,1,19,2475,AA,LAX,4,72,167,0,0,20,106,144,10,0,16
-9,11,7,1,21,2475,AA,LAX,4,72,167,0,0,20,106,144,10,0,16
-4,11,7,1,13,2475,AA,LAX,4,72,167,0,0,20,106,144,10,0,16
-7,11,7,1,6,2475,UA,LAX,4,72,167,0,0,20,106,144,10,0,16
-4,11,7,1,11,2475,UA,LAX,4,72,167,0,0,20,106,144,10,0,16
-7,11,7,1,15,2475,UA,LAX,4,72,167,0,0,20,106,144,10,0,16
-10,11,7,1,17,2475,UA,LAX,4,72,167,0,0,20,106,144,10,0,16
13,11,7,1,8,2475,UA,LAX,4,72,167,0,0,20,106,144,10,0,16
-1,11,7,1,20,2475,UA,LAX,4,72,167,0,0,20,106,144,10,0,16
-4,11,14,1,15,2475,UA,LAX,3,122,206,0,0,31,22,117,3,0,18
0,11,14,1,17,2475,UA,LAX,3,122,206,0,0,31,22,117,3,0,18
-6,11,14,1,6,2475,UA,LAX,3,122,206,0,0,31,22,117,3,0,18
-1,11,14,1,11,2475,UA,LAX,3,122,206,0,0,31,22,117,3,0,18
5,11,14,1,20,2475,UA,LAX,3,122,206,0,0,31,22,117,3,0,18
-4,11,14,1,8,2475,UA,LAX,3,122,206,0,0,31,22,117,3,0,18
-3,11,14,1,10,2475,AA,LAX,3,122,206,0,0,31,22,117,3,0,18
-5,11,14,1,7,2475,AA,LAX,3,122,206,0,0,31,22,117,3,0,18
-3,11,14,1,19,2475,AA,LAX,3,122,206,0,0,31,22,117,3,0,18
-6,11,14,1,16,2475,AA,LAX,3,122,206,0,0,31,22,117,3,0,18
-6,11,14,1,15,2475,AA,LAX,3,122,206,0,0,31,22,117,3,0,18
-8,11,14,1,21,2475,AA,LAX,3,122,206,0,0,31,22,117,3,0,18
-5,11,14,1,9,2475,AA,LAX,3,122,206,0,0,31,22,117,3,0,18
-2,11,14,1,12,2475,AA,LAX,3,122,206,0,0,31,22,117,3,0,18
0,11,14,1,13,2475,AA,LAX,3,122,206,0,0,31,22,117,3,0,18
-4,11,14,1,16,2475,B6,LAX,3,122,206,0,0,31,22,117,3,0,18
1,11,14,1,9,2475,B6,LAX,3,122,206,0,0,31,22,117,3,0,18
28,11,14,1,20,2475,B6,LAX,3,122,206,0,0,31,22,117,3,0,18
-3,11,14,1,19,2475,DL,LAX,3,122,206,0,0,31,22,117,3,0,18
-1,11,14,1,21,2475,DL,LAX,3,122,206,0,0,31,22,117,3,0,18
0,11,14,1,15,2475,DL,LAX,3,122,206,0,0,31,22,117,3,0,18
-6,11,14,1,12,2475,DL,LAX,3,122,206,0,0,31,22,117,3,0,18
3,11,14,1,7,2475,DL,LAX,3,122,206,0,0,31,22,117,3,0,18
-6,11,14,1,9,2475,DL,LAX,3,122,206,0,0,31,22,117,3,0,18
-3,11,14,1,17,2475,DL,LAX,3,122,206,0,0,31,22,117,3,0,18
-7,11,14,1,7,2475,DL,LAX,3,122,206,0,0,31,22,117,3,0,18
0,11,14,1,11,2475,B6,LAX,3,122,206,0,0,31,22,117,3,0,18
-6,11,14,1,7,2475,B6,LAX,3,122,206,0,0,31,22,117,3,0,18
34,11,21,1,9,2475,AA,LAX,1,78,150,30,0,22,50,83,0,0,41
-7,11,21,1,15,2475,AA,LAX,1,78,150,30,0,22,50,83,0,0,41
-7,11,21,1,12,2475,AA,LAX,1,78,150,30,0,22,50,83,0,0,41
-4,11,21,1,7,2475,AA,LAX,1,78,150,30,0,22,50,83,0,0,41
-2,11,21,1,16,2475,AA,LAX,1,78,150,30,0,22,50,83,0,0,41
-4,11,21,1,19,2475,AA,LAX,1,78,150,30,0,22,50,83,0,0,41
-2,11,21,1,21,2475,AA,LAX,1,78,150,30,0,22,50,83,0,0,41
-3,11,21,1,13,2475,AA,LAX,1,78,150,30,0,22,50,83,0,0,41
0,11,21,1,10,2475,AA,LAX,1,78,150,30,0,22,50,83,0,0,41
-8,11,21,1,11,2475,UA,LAX,1,78,150,30,0,22,50,83,0,0,41
-4,11,21,1,8,2475,UA,LAX,1,78,150,30,0,22,50,83,0,0,41
-1,11,21,1,17,2475,UA,LAX,1,78,150,30,0,22,50,83,0,0,41
-4,11,21,1,15,2475,UA,LAX,1,78,150,30,0,22,50,83,0,0,41
-3,11,21,1,20,2475,B6,LAX,1,78,150,30,0,22,50,83,0,0,41
-6,11,21,1,9,2475,B6,LAX,1,78,150,30,0,22,50,83,0,0,41
44,11,21,1,19,2475,DL,LAX,1,78,150,30,0,22,50,83,0,0,41
-4,11,21,1,21,2475,DL,LAX,1,78,150,30,0,22,50,83,0,0,41
0,11,21,1,15,2475,DL,LAX,1,78,150,30,0,22,50,83,0,0,41
-1,11,21,1,12,2475,DL,LAX,1,78,150,30,0,22,50,83,0,0,41
-5,11,21,1,7,2475,DL,LAX,1,78,150,30,0,22,50,83,0,0,41
0,11,21,1,9,2475,DL,LAX,1,78,150,30,0,22,50,83,0,0,41
-6,11,21,1,17,2475,DL,LAX,1,78,150,30,0,22,50,83,0,0,41
-6,11,21,1,7,2475,DL,LAX,1,78,150,30,0,22,50,83,0,0,41
-2,11,21,1,7,2475,B6,LAX,1,78,150,30,0,22,50,83,0,0,41
-2,11,21,1,11,2475,B6,LAX,1,78,150,30,0,22,50,83,0,0,41
-5,11,21,1,16,2475,B6,LAX,1,78,150,30,0,22,50,83,0,0,41
10,12,19,1,15,2475,AA,LAX,6,-22,83,0,0,34,33,100,0,0,51
-2,12,19,1,9,2475,AA,LAX,6,-22,83,0,0,34,33,100,0,0,51
-4,12,19,1,6,2475,AA,LAX,6,-22,83,0,0,34,33,100,0,0,51
52,12,19,1,13,2475,AA,LAX,6,-22,83,0,0,34,33,100,0,0,51
-3,12,19,1,7,2475,B6,LAX,6,-22,83,0,0,34,33,100,0,0,51
0,12,19,1,17,2475,DL,LAX,6,-22,83,0,0,34,33,100,0,0,51
-7,12,19,1,16,2475,B6,LAX,6,-22,83,0,0,34,33,100,0,0,51
6,12,19,1,21,2475,DL,LAX,6,-22,83,0,0,34,33,100,0,0,51
-3,12,19,1,9,2475,DL,LAX,6,-22,83,0,0,34,33,100,0,0,51
-2,12,19,1,7,2475,AA,LAX,6,-22,83,0,0,34,33,100,0,0,51
-3,12,19,1,7,2475,DL,LAX,6,-22,83,0,0,34,33,100,0,0,51
-4,12,19,1,12,2475,AA,LAX,6,-22,83,0,0,34,33,100,0,0,51
29,12,19,1,15,2475,DL,LAX,6,-22,83,0,0,34,33,100,0,0,51
-1,12,19,1,19,2475,DL,LAX,6,-22,83,0,0,34,33,100,0,0,51
-5,12,19,1,12,2475,DL,LAX,6,-22,83,0,0,34,33,100,0,0,51
-2,12,19,1,20,2475,B6,LAX,6,-22,83,0,0,34,33,100,0,0,51
-1,12,19,1,11,2475,B6,LAX,6,-22,83,0,0,34,33,100,0,0,51
0,12,19,1,16,2475,AA,LAX,6,-22,83,0,0,34,33,100,0,0,51
2,12,19,1,7,2475,DL,LAX,6,-22,83,0,0,34,33,100,0,0,51
-6,12,19,1,19,2475,AA,LAX,6,-22,83,0,0,34,33,100,0,0,51
-5,12,19,1,10,2475,AA,LAX,6,-22,83,0,0,34,33,100,0,0,51
-5,12,19,1,17,2475,UA,LAX,6,-22,83,0,0,34,33,100,0,0,51
-5,12,19,1,11,2475,UA,LAX,6,-22,83,0,0,34,33,100,0,0,51
-3,12,19,1,8,2475,UA,LAX,6,-22,83,0,0,34,33,100,0,0,51
-1,12,19,1,15,2475,UA,LAX,6,-22,83,0,0,34,33,100,0,0,51
-2,12,19,1,6,2475,UA,LAX,6,-22,83,0,0,34,33,100,0,0,51
-1,12,26,1,8,2475,UA,LAX,1,33,72,0,0,40,-50,72,15,0,51
-5,12,26,1,17,2475,UA,LAX,1,33,72,0,0,40,-50,72,15,0,51
-6,12,26,1,15,2475,UA,LAX,1,33,72,0,0,40,-50,72,15,0,51
-2,12,26,1,11,2475,UA,LAX,1,33,72,0,0,40,-50,72,15,0,51
-1,12,26,1,6,2475,UA,LAX,1,33,72,0,0,40,-50,72,15,0,51
-4,12,26,1,12,2475,AA,LAX,1,33,72,0,0,40,-50,72,15,0,51
-2,12,26,1,15,2475,AA,LAX,1,33,72,0,0,40,-50,72,15,0,51
-1,12,26,1,6,2475,AA,LAX,1,33,72,0,0,40,-50,72,15,0,51
-1,12,26,1,13,2475,AA,LAX,1,33,72,0,0,40,-50,72,15,0,51
-8,12,26,1,7,2475,AA,LAX,1,33,72,0,0,40,-50,72,15,0,51
-3,12,26,1,19,2475,AA,LAX,1,33,72,0,0,40,-50,72,15,0,51
-4,12,26,1,7,2475,B6,LAX,1,33,72,0,0,40,-50,72,15,0,51
-2,12,26,1,11,2475,B6,LAX,1,33,72,0,0,40,-50,72,15,0,51
-1,12,26,1,16,2475,B6,LAX,1,33,72,0,0,40,-50,72,15,0,51
-3,12,26,1,20,2475,B6,LAX,1,33,72,0,0,40,-50,72,15,0,51
3,12,26,1,10,2475,AA,LAX,1,33,72,0,0,40,-50,72,15,0,51
-7,12,26,1,9,2475,AA,LAX,1,33,72,0,0,40,-50,72,15,0,51
-5,12,26,1,7,2475,DL,LAX,1,33,72,0,0,40,-50,72,15,0,51
-1,12,26,1,17,2475,DL,LAX,1,33,72,0,0,40,-50,72,15,0,51
-8,12,26,1,9,2475,DL,LAX,1,33,72,0,0,40,-50,72,15,0,51
-4,12,26,1,7,2475,DL,LAX,1,33,72,0,0,40,-50,72,15,0,51
-5,12,26,1,12,2475,DL,LAX,1,33,72,0,0,40,-50,72,15,0,51
1,12,26,1,15,2475,DL,LAX,1,33,72,0,0,40,-50,72,15,0,51
2,12,26,1,21,2475,DL,LAX,1,33,72,0,0,40,-50,72,15,0,51
-4,12,26,1,19,2475,DL,LAX,1,33,72,0,0,40,-50,72,15,0,51
-3,12,26,1,16,2475,AA,LAX,1,33,72,0,0,40,-50,72,15,0,51
