-7,1,17,1,20,2475,UA,LAX,2,-72,-28,0,0,31,-78,0,79,23,54
-4,1,17,1,15,2475,UA,LAX,2,-72,-28,0,0,31,-78,0,79,23,54
-3,1,17,1,11,2475,UA,LAX,2,-72,-28,0,0,31,-78,0,79,23,54
-3,1,17,1,18,2475,UA,LAX,2,-72,-28,0,0,31,-78,0,79,23,54
-6,1,17,1,8,2475,UA,LAX,2,-72,-28,0,0,31,-78,0,79,23,54
-6,1,17,1,6,2475,UA,LAX,2,-72,-28,0,0,31,-78,0,79,23,54
-7,1,17,1,7,2475,DL,LAX,2,-72,-28,0,0,31,-78,0,79,23,54
-4,1,17,1,9,2475,DL,LAX,2,-72,-28,0,0,31,-78,0,79,23,54
-3,1,17,1,18,2475,B6,LAX,2,-72,-28,0,0,31,-78,0,79,23,54
22,1,17,1,12,2475,DL,LAX,2,-72,-28,0,0,31,-78,0,79,23,54
1,1,17,1,13,2475,AA,LAX,2,-72,-28,0,0,31,-78,0,79,23,54
-6,1,17,1,16,2475,AA,LAX,2,-72,-28,0,0,31,-78,0,79,23,54
-3,1,17,1,7,2475,AA,LAX,2,-72,-28,0,0,31,-78,0,79,23,54
2,1,17,1,21,2475,AA,LAX,2,-72,-28,0,0,31,-78,0,79,23,54
-5,1,17,1,19,2475,AA,LAX,2,-72,-28,0,0,31,-78,0,79,23,54
-6,1,17,1,6,2475,AA,LAX,2,-72,-28,0,0,31,-78,0,79,23,54
-4,1,17,1,15,2475,AA,LAX,2,-72,-28,0,0,31,-78,0,79,23,54
-5,1,17,1,10,2475,AA,LAX,2,-72,-28,0,0,31,-78,0,79,23,54
-2,1,17,1,11,2475,AA,LAX,2,-72,-28,0,0,31,-78,0,79,23,54
-3,1,17,1,9,2475,AA,LAX,2,-72,-28,0,0,31,-78,0,79,23,54
8,1,17,1,7,2475,B6,LAX,2,-72,-28,0,0,31,-78,0,79,23,54
-4,1,17,1,15,2475,B6,LAX,2,-72,-28,0,0,31,-78,0,79,23,54
-4,1,17,1,15,2475,DL,LAX,2,-72,-28,0,0,31,-78,0,79,23,54
0,1,17,1,17,2475,DL,LAX,2,-72,-28,0,0,31,-78,0,79,23,54
-3,1,17,1,21,2475,DL,LAX,2,-72,-28,0,0,31,-78,0,79,23,54
0,1,17,1,19,2475,DL,LAX,2,-72,-28,0,0,31,-78,0,79,23,54
-1,1,24,1,21,2475,DL,LAX,9,-144,-44,0,0,26,-94,-28,8,13,43
-3,1,24,1,6,2475,AA,LAX,9,-144,-44,0,0,26,-94,-28,8,13,43
107,1,24,1,17,2475,DL,LAX,9,-144,-44,0,0,26,-94,-28,8,13,43
-6,1,24,1,15,2475,DL,LAX,9,-144,-44,0,0,26,-94,-28,8,13,43
-4,1,24,1,21,2475,AA,LAX,9,-144,-44,0,0,26,-94,-28,8,13,43
-3,1,24,1,7,2475,B6,LAX,9,-144,-44,0,0,26,-94,-28,8,13,43
-5,1,24,1,19,2475,AA,LAX,9,-144,-44,0,0,26,-94,-28,8,13,43
0,1,24,1,7,2475,AA,LAX,9,-144,-44,0,0,26,-94,-28,8,13,43
-3,1,24,1,16,2475,AA,LAX,9,-144,-44,0,0,26,-94,-28,8,13,43
40,1,24,1,15,2475,B6,LAX,9,-144,-44,0,0,26,-94,-28,8,13,43
-2,1,24,1,13,2475,AA,LAX,9,-144,-44,0,0,26,-94,-28,8,13,43
-4,1,24,1,9,2475,DL,LAX,9,-144,-44,0,0,26,-94,-28,8,13,43
-1,1,24,1,10,2475,AA,LAX,9,-144,-44,0,0,26,-94,-28,8,13,43
10,1,24,1,15,2475,AA,LAX,9,-144,-44,0,0,26,-94,-28,8,13,43
7,1,24,1,7,2475,DL,LAX,9,-144,-44,0,0,26,-94,-28,8,13,43
-1,1,24,1,11,2475,AA,LAX,9,-144,-44,0,0,26,-94,-28,8,13,43
-5,1,24,1,18,2475,B6,LAX,9,-144,-44,0,0,26,-94,-28,8,13,43
-1,1,24,1,19,2475,DL,LAX,9,-144,-44,0,0,26,-94,-28,8,13,43
-7,1,24,1,9,2475,AA,LAX,9,-144,-44,0,0,26,-94,-28,8,13,43
-6,1,24,1,12,2475,DL,LAX,9,-144,-44,0,0,26,-94,-28,8,13,43
-5,1,24,1,11,2475,UA,LAX,9,-144,-44,0,0,26,-94,-28,8,13,43
-1,1,24,1,6,2475,UA,LAX,9,-144,-44,0,0,26,-94,-28,8,13,43
-5,1,24,1,15,2475,UA,LAX,9,-144,-44,0,0,26,-94,-28,8,13,43
-7,1,24,1,8,2475,UA,LAX,9,-144,-44,0,0,26,-94,-28,8,13,43
11,1,24,1,18,2475,UA,LAX,9,-144,-44,0,0,26,-94,-28,8,13,43
7,1,24,1,20,2475,UA,LAX,9,-144,-44,0,0,26,-94,-28,8,13,43
-2,1,31,1,6,2475,UA,LAX,16,-56,-6,0,0,26,-67,-33,23,25,69
-2,1,31,1,18,2475,UA,LAX,16,-56,-6,0,0,26,-67,-33,23,25,69
-2,1,31,1,11,2475,UA,LAX,16,-56,-6,0,0,26,-67,-33,23,25,69
-5,1,31,1,20,2475,UA,LAX,16,-56,-6,0,0,26,-67,-33,23,25,69
-8,1,31,1,8,2475,UA,LAX,16,-56,-6,0,0,26,-67,-33,23,25,69
-1,1,31,1,15,2475,UA,LAX,16,-56,-6,0,0,26,-67,-33,23,25,69
-7,1,31,1,12,2475,DL,LAX,16,-56,-6,0,0,26,-67,-33,23,25,69
81,1,31,1,9,2475,DL,LAX,16,-56,-6,0,0,26,-67,-33,23,25,69
-5,1,31,1,7,2475,DL,LAX,16,-56,-6,0,0,26,-67,-33,23,25,69
-1,1,31,1,19,2475,DL,LAX,16,-56,-6,0,0,26,-67,-33,23,25,69
-2,1,31,1,21,2475,DL,LAX,16,-56,-6,0,0,26,-67,-33,23,25,69
16,1,31,1,17,2475,DL,LAX,16,-56,-6,0,0,26,-67,-33,23,25,69
-8,1,31,1,15,2475,DL,LAX,16,-56,-6,0,0,26,-67,-33,23,25,69
3,1,31,1,18,2475,B6,LAX,16,-56,-6,0,0,26,-67,-33,23,25,69
51,1,31,1,15,2475,B6,LAX,16,-56,-6,0,0,26,-67,-33,23,25,69
-5,1,31,1,7,2475,B6,LAX,16,-56,-6,0,0,26,-67,-33,23,25,69
-5,1,31,1,6,2475,AA,LAX,16,-56,-6,0,0,26,-67,-33,23,25,69
8,1,31,1,21,2475,AA,LAX,16,-56,-6,0,0,26,-67,-33,23,25,69
-1,1,31,1,16,2475,AA,LAX,16,-56,-6,0,0,26,-67,-33,23,25,69
183,1,31,1,15,2475,AA,LAX,16,-56,-6,0,0,26,-67,-33,23,25,69
21,1,31,1,7,2475,AA,LAX,16,-56,-6,0,0,26,-67,-33,23,25,69
2,1,31,1,19,2475,AA,LAX,16,-56,-6,0,0,26,-67,-33,23,25,69
-8,1,31,1,10,2475,AA,LAX,16,-56,-6,0,0,26,-67,-33,23,25,69
-3,1,31,1,11,2475,AA,LAX,16,-56,-6,0,0,26,-67,-33,23,25,69
44,1,31,1,9,2475,AA,LAX,16,-56,-6,0,0,26,-67,-33,23,25,69
2,2,1,2,11,2475,UA,LAX,17,-39,-11,43,28,40,-67,-50,188,345,106
6,2,1,2,8,2475,UA,LAX,17,-39,-11,43,28,40,-67,-50,188,345,106
47,2,1,2,6,2475,UA,LAX,17,-39,-11,43,28,40,-67,-50,188,345,106
24,2,1,2,11,2475,AA,LAX,17,-39,-11,43,28,40,-67,-50,188,345,106
-1,2,1,2,12,2475,DL,LAX,17,-39,-11,43,28,40,-67,-50,188,345,106
-4,2,1,2,9,2475,DL,LAX,17,-39,-11,43,28,40,-67,-50,188,345,106
-8,2,1,2,7,2475,DL,LAX,17,-39,-11,43,28,40,-67,-50,188,345,106
-2,2,1,2,21,2475,DL,LAX,17,-39,-11,43,28,40,-67,-50,188,345,106
8,2,1,2,7,2475,B6,LAX,17,-39,-11,43,28,40,-67,-50,188,345,106
1,2,1,2,6,2475,AA,LAX,17,-39,-11,43,28,40,-67,-50,188,345,106
6,2,1,2,16,2475,AA,LAX,17,-39,-11,43,28,40,-67,-50,188,345,106
65,2,1,2,15,2475,AA,LAX,17,-39,-11,43,28,40,-67,-50,188,345,106
5,2,1,2,13,2475,AA,LAX,17,-39,-11,43,28,40,-67,-50,188,345,106
24,2,1,2,7,2475,AA,LAX,17,-39,-11,43,28,40,-67,-50,188,345,106
14,2,1,2,9,2475,AA,LAX,17,-39,-11,43,28,40,-67,-50,188,345,106
13,2,1,2,19,2475,AA,LAX,17,-39,-11,43,28,40,-67,-50,188,345,106
-5,2,1,2,10,2475,AA,LAX,17,-39,-11,43,28,40,-67,-50,188,345,106
115,3,6,7,20,2475,UA,LAX,15,100,122,513,0,38,-33,11,0,0,40
-5,3,6,7,6,2475,UA,LAX,15,100,122,513,0,38,-33,11,0,0,40
73,3,6,7,18,2475,UA,LAX,15,100,122,513,0,38,-33,11,0,0,40
-3,3,6,7,11,2475,UA,LAX,15,100,122,513,0,38,-33,11,0,0,40
-2,3,6,7,15,2475,UA,LAX,15,100,122,513,0,38,-33,11,0,0,40
1,3,6,7,8,2475,UA,LAX,15,100,122,513,0,38,-33,11,0,0,40
115,3,6,7,20,2475,UA,LAX,15,100,122,513,0,38,-33,11,0,0,40
-5,3,6,7,6,2475,UA,LAX,15,100,122,513,0,38,-33,11,0,0,40
73,3,6,7,18,2475,UA,LAX,15,100,122,513,0,38,-33,11,0,0,40
-3,3,6,7,11,2475,UA,LAX,15,100,122,513,0,38,-33,11,0,0,40
-2,3,6,7,15,2475,UA,LAX,15,100,122,513,0,38,-33,11,0,0,40
1,3,6,7,8,2475,UA,LAX,15,100,122,513,0,38,-33,11,0,0,40
-5,3,6,7,12,2475,DL,LAX,15,100,122,513,0,38,-33,11,0,0,40
-6,3,6,7,15,2475,DL,LAX,15,100,122,513,0,38,-33,11,0,0,40
-3,3,6,7,17,2475,DL,LAX,15,100,122,513,0,38,-33,11,0,0,40
23,3,6,7,21,2475,DL,LAX,15,100,122,513,0,38,-33,11,0,0,40
1,3,6,7,19,2475,DL,LAX,15,100,122,513,0,38,-33,11,0,0,40
-2,3,6,7,9,2475,DL,LAX,15,100,122,513,0,38,-33,11,0,0,40
115,3,6,7,20,2475,UA,LAX,15,100,122,513,0,38,-33,11,0,0,40
-5,3,6,7,6,2475,UA,LAX,15,100,122,513,0,38,-33,11,0,0,40
73,3,6,7,18,2475,UA,LAX,15,100,122,513,0,38,-33,11,0,0,40
-3,3,6,7,11,2475,UA,LAX,15,100,122,513,0,38,-33,11,0,0,40
-2,3,6,7,15,2475,UA,LAX,15,100,122,513,0,38,-33,11,0,0,40
1,3,6,7,8,2475,UA,LAX,15,100,122,513,0,38,-33,11,0,0,40
-5,3,6,7,12,2475,DL,LAX,15,100,122,513,0,38,-33,11,0,0,40
66,3,6,7,18,2475,B6,LAX,15,100,122,513,0,38,-33,11,0,0,40
-7,3,6,7,15,2475,B6,LAX,15,100,122,513,0,38,-33,11,0,0,40
-6,3,6,7,15,2475,DL,LAX,15,100,122,513,0,38,-33,11,0,0,40
-3,3,6,7,7,2475,B6,LAX,15,100,122,513,0,38,-33,11,0,0,40
-3,3,6,7,17,2475,DL,LAX,15,100,122,513,0,38,-33,11,0,0,40
23,3,6,7,21,2475,DL,LAX,15,100,122,513,0,38,-33,11,0,0,40
1,3,6,7,19,2475,DL,LAX,15,100,122,513,0,38,-33,11,0,0,40
-2,3,6,7,9,2475,DL,LAX,15,100,122,513,0,38,-33,11,0,0,40
250,3,6,7,19,2475,AA,LAX,15,100,122,513,0,38,-33,11,0,0,40
178,3,6,7,21,2475,AA,LAX,15,100,122,513,0,38,-33,11,0,0,40
-7,3,6,7,13,2475,AA,LAX,15,100,122,513,0,38,-33,11,0,0,40
12,3,6,7,17,2475,AA,LAX,15,100,122,513,0,38,-33,11,0,0,40
-6,3,6,7,12,2475,AA,LAX,15,100,122,513,0,38,-33,11,0,0,40
-6,3,6,7,7,2475,AA,LAX,15,100,122,513,0,38,-33,11,0,0,40
147,3,6,7,15,2475,AA,LAX,15,100,122,513,0,38,-33,11,0,0,40
-9,3,6,7,6,2475,AA,LAX,15,100,122,513,0,38,-33,11,0,0,40
-7,3,6,7,10,2475,AA,LAX,15,100,122,513,0,38,-33,11,0,0,40
1,3,6,7,9,2475,AA,LAX,15,100,122,513,0,38,-33,11,0,0,40
12,3,6,7,17,2475,AA,LAX,15,100,122,513,0,38,-33,11,0,0,40
1,3,6,7,9,2475,AA,LAX,15,100,122,513,0,38,-33,11,0,0,40
-6,3,6,7,12,2475,AA,LAX,15,100,122,513,0,38,-33,11,0,0,40
66,3,6,7,18,2475,B6,LAX,15,100,122,513,0,38,-33,11,0,0,40
-7,3,6,7,15,2475,B6,LAX,15,100,122,513,0,38,-33,11,0,0,40
-3,3,6,7,7,2475,B6,LAX,15,100,122,513,0,38,-33,11,0,0,40
-6,3,6,7,7,2475,AA,LAX,15,100,122,513,0,38,-33,11,0,0,40
-9,3,6,7,6,2475,AA,LAX,15,100,122,513,0,38,-33,11,0,0,40
-7,3,6,7,10,2475,AA,LAX,15,100,122,513,0,38,-33,11,0,0,40
147,3,6,7,15,2475,AA,LAX,15,100,122,513,0,38,-33,11,0,0,40
-7,3,6,7,13,2475,AA,LAX,15,100,122,513,0,38,-33,11,0,0,40
178,3,6,7,21,2475,AA,LAX,15,100,122,513,0,38,-33,11,0,0,40
250,3,6,7,19,2475,AA,LAX,15,100,122,513,0,38,-33,11,0,0,40
-6,3,6,7,15,2475,DL,LAX,15,100,122,513,0,38,-33,11,0,0,40
-3,3,6,7,17,2475,DL,LAX,15,100,122,513,0,38,-33,11,0,0,40
23,3,6,7,21,2475,DL,LAX,15,100,122,513,0,38,-33,11,0,0,40
1,3,6,7,19,2475,DL,LAX,15,100,122,513,0,38,-33,11,0,0,40
-2,3,6,7,9,2475,DL,LAX,15,100,122,513,0,38,-33,11,0,0,40
-5,3,6,7,12,2475,DL,LAX,15,100,122,513,0,38,-33,11,0,0,40
-9,3,6,7,6,2475,AA,LAX,15,100,122,513,0,38,-33,11,0,0,40
-3,3,6,7,7,2475,B6,LAX,15,100,122,513,0,38,-33,11,0,0,40
1,3,6,7,9,2475,AA,LAX,15,100,122,513,0,38,-33,11,0,0,40
-7,3,6,7,15,2475,B6,LAX,15,100,122,513,0,38,-33,11,0,0,40
178,3,6,7,21,2475,AA,LAX,15,100,122,513,0,38,-33,11,0,0,40
66,3,6,7,18,2475,B6,LAX,15,100,122,513,0,38,-33,11,0,0,40
12,3,6,7,17,2475,AA,LAX,15,100,122,513,0,38,-33,11,0,0,40
-6,3,6,7,7,2475,AA,LAX,15,100,122,513,0,38,-33,11,0,0,40
147,3,6,7,15,2475,AA,LAX,15,100,122,513,0,38,-33,11,0,0,40
-7,3,6,7,10,2475,AA,LAX,15,100,122,513,0,38,-33,11,0,0,40
-6,3,6,7,12,2475,AA,LAX,15,100,122,513,0,38,-33,11,0,0,40
-7,3,6,7,13,2475,AA,LAX,15,100,122,513,0,38,-33,11,0,0,40
250,3,6,7,19,2475,AA,LAX,15,100,122,513,0,38,-33,11,0,0,40
33,3,13,7,15,2475,B6,LAX,22,50,117,0,0,42,-44,50,0,0,26
-6,3,13,7,7,2475,B6,LAX,22,50,117,0,0,42,-44,50,0,0,26
-9,3,13,7,6,2475,AA,LAX,22,50,117,0,0,42,-44,50,0,0,26
-1,3,13,7,21,2475,AA,LAX,22,50,117,0,0,42,-44,50,0,0,26
0,3,13,7,10,2475,AA,LAX,22,50,117,0,0,42,-44,50,0,0,26
3,3,13,7,17,2475,AA,LAX,22,50,117,0,0,42,-44,50,0,0,26
-2,3,13,7,15,2475,AA,LAX,22,50,117,0,0,42,-44,50,0,0,26
61,3,13,7,13,2475,AA,LAX,22,50,117,0,0,42,-44,50,0,0,26
-2,3,13,7,9,2475,AA,LAX,22,50,117,0,0,42,-44,50,0,0,26
-4,3,13,7,7,2475,AA,LAX,22,50,117,0,0,42,-44,50,0,0,26
-7,3,13,7,12,2475,DL,LAX,22,50,117,0,0,42,-44,50,0,0,26
-7,3,13,7,9,2475,DL,LAX,22,50,117,0,0,42,-44,50,0,0,26
47,3,13,7,17,2475,DL,LAX,22,50,117,0,0,42,-44,50,0,0,26
-1,3,13,7,15,2475,DL,LAX,22,50,117,0,0,42,-44,50,0,0,26
2,3,13,7,19,2475,DL,LAX,22,50,117,0,0,42,-44,50,0,0,26
16,3,13,7,21,2475,DL,LAX,22,50,117,0,0,42,-44,50,0,0,26
-8,3,13,7,12,2475,AA,LAX,22,50,117,0,0,42,-44,50,0,0,26
-2,3,13,7,19,2475,AA,LAX,22,50,117,0,0,42,-44,50,0,0,26
3,3,13,7,18,2475,B6,LAX,22,50,117,0,0,42,-44,50,0,0,26
-3,3,13,7,6,2475,UA,LAX,22,50,117,0,0,42,-44,50,0,0,26
12,3,13,7,20,2475,UA,LAX,22,50,117,0,0,42,-44,50,0,0,26
-3,3,13,7,8,2475,UA,LAX,22,50,117,0,0,42,-44,50,0,0,26
-6,3,13,7,18,2475,UA,LAX,22,50,117,0,0,42,-44,50,0,0,26
-4,3,13,7,15,2475,UA,LAX,22,50,117,0,0,42,-44,50,0,0,26
-9,3,13,7,11,2475,UA,LAX,22,50,117,0,0,42,-44,50,0,0,26
-3,3,13,7,6,2475,UA,LAX,22,50,117,0,0,42,-44,50,0,0,26
12,3,13,7,20,2475,UA,LAX,22,50,117,0,0,42,-44,50,0,0,26
-3,3,13,7,8,2475,UA,LAX,22,50,117,0,0,42,-44,50,0,0,26
-6,3,13,7,18,2475,UA,LAX,22,50,117,0,0,42,-44,50,0,0,26
-4,3,13,7,15,2475,UA,LAX,22,50,117,0,0,42,-44,50,0,0,26
-9,3,13,7,11,2475,UA,LAX,22,50,117,0,0,42,-44,50,0,0,26
-9,3,13,7,6,2475,AA,LAX,22,50,117,0,0,42,-44,50,0,0,26
0,3,13,7,10,2475,AA,LAX,22,50,117,0,0,42,-44,50,0,0,26
-2,3,13,7,15,2475,AA,LAX,22,50,117,0,0,42,-44,50,0,0,26
-8,3,13,7,12,2475,AA,LAX,22,50,117,0,0,42,-44,50,0,0,26
-2,3,13,7,19,2475,AA,LAX,22,50,117,0,0,42,-44,50,0,0,26
-1,3,13,7,21,2475,AA,LAX,22,50,117,0,0,42,-44,50,0,0,26
-4,3,13,7,7,2475,AA,LAX,22,50,117,0,0,42,-44,50,0,0,26
-2,3,13,7,9,2475,AA,LAX,22,50,117,0,0,42,-44,50,0,0,26
61,3,13,7,13,2475,AA,LAX,22,50,117,0,0,42,-44,50,0,0,26
3,3,13,7,17,2475,AA,LAX,22,50,117,0,0,42,-44,50,0,0,26
16,3,13,7,21,2475,DL,LAX,22,50,117,0,0,42,-44,50,0,0,26
3,3,13,7,18,2475,B6,LAX,22,50,117,0,0,42,-44,50,0,0,26
-7,3,13,7,12,2475,DL,LAX,22,50,117,0,0,42,-44,50,0,0,26
-6,3,13,7,7,2475,B6,LAX,22,50,117,0,0,42,-44,50,0,0,26
-7,3,13,7,9,2475,DL,LAX,22,50,117,0,0,42,-44,50,0,0,26
33,3,13,7,15,2475,B6,LAX,22,50,117,0,0,42,-44,50,0,0,26
47,3,13,7,17,2475,DL,LAX,22,50,117,0,0,42,-44,50,0,0,26
-1,3,13,7,15,2475,DL,LAX,22,50,117,0,0,42,-44,50,0,0,26
2,3,13,7,19,2475,DL,LAX,22,50,117,0,0,42,-44,50,0,0,26
-3,3,13,7,6,2475,UA,LAX,22,50,117,0,0,42,-44,50,0,0,26
12,3,13,7,20,2475,UA,LAX,22,50,117,0,0,42,-44,50,0,0,26
-3,3,13,7,8,2475,UA,LAX,22,50,117,0,0,42,-44,50,0,0,26
-6,3,13,7,18,2475,UA,LAX,22,50,117,0,0,42,-44,50,0,0,26
-4,3,13,7,15,2475,UA,LAX,22,50,117,0,0,42,-44,50,0,0,26
-9,3,13,7,11,2475,UA,LAX,22,50,117,0,0,42,-44,50,0,0,26
16,3,13,7,21,2475,DL,LAX,22,50,117,0,0,42,-44,50,0,0,26
-7,3,13,7,12,2475,DL,LAX,22,50,117,0,0,42,-44,50,0,0,26
-7,3,13,7,9,2475,DL,LAX,22,50,117,0,0,42,-44,50,0,0,26
47,3,13,7,17,2475,DL,LAX,22,50,117,0,0,42,-44,50,0,0,26
-1,3,13,7,15,2475,DL,LAX,22,50,117,0,0,42,-44,50,0,0,26
2,3,13,7,19,2475,DL,LAX,22,50,117,0,0,42,-44,50,0,0,26
-4,3,13,7,7,2475,AA,LAX,22,50,117,0,0,42,-44,50,0,0,26
-9,3,13,7,6,2475,AA,LAX,22,50,117,0,0,42,-44,50,0,0,26
-6,3,13,7,7,2475,B6,LAX,22,50,117,0,0,42,-44,50,0,0,26
33,3,13,7,15,2475,B6,LAX,22,50,117,0,0,42,-44,50,0,0,26
3,3,13,7,18,2475,B6,LAX,22,50,117,0,0,42,-44,50,0,0,26
-2,3,13,7,15,2475,AA,LAX,22,50,117,0,0,42,-44,50,0,0,26
3,3,13,7,17,2475,AA,LAX,22,50,117,0,0,42,-44,50,0,0,26
61,3,13,7,13,2475,AA,LAX,22,50,117,0,0,42,-44,50,0,0,26
-2,3,13,7,9,2475,AA,LAX,22,50,117,0,0,42,-44,50,0,0,26
-8,3,13,7,12,2475,AA,LAX,22,50,117,0,0,42,-44,50,0,0,26
-1,3,13,7,21,2475,AA,LAX,22,50,117,0,0,42,-44,50,0,0,26
0,3,13,7,10,2475,AA,LAX,22,50,117,0,0,42,-44,50,0,0,26
-2,3,13,7,19,2475,AA,LAX,22,50,117,0,0,42,-44,50,0,0,26
-6,3,20,7,7,2475,AA,LAX,29,11,106,0,0,29,44,139,81,0,51
-6,3,20,7,6,2475,AA,LAX,29,11,106,0,0,29,44,139,81,0,51
-6,3,20,7,7,2475,B6,LAX,29,11,106,0,0,29,44,139,81,0,51
-5,3,20,7,19,2475,AA,LAX,29,11,106,0,0,29,44,139,81,0,51
2,3,20,7,21,2475,AA,LAX,29,11,106,0,0,29,44,139,81,0,51
-4,3,20,7,12,2475,AA,LAX,29,11,106,0,0,29,44,139,81,0,51
0,3,20,7,10,2475,AA,LAX,29,11,106,0,0,29,44,139,81,0,51
49,3,20,7,17,2475,AA,LAX,29,11,106,0,0,29,44,139,81,0,51
-5,3,20,7,15,2475,AA,LAX,29,11,106,0,0,29,44,139,81,0,51
174,3,20,7,13,2475,AA,LAX,29,11,106,0,0,29,44,139,81,0,51
55,3,20,7,15,2475,B6,LAX,29,11,106,0,0,29,44,139,81,0,51
0,3,20,7,18,2475,B6,LAX,29,11,106,0,0,29,44,139,81,0,51
-4,3,20,7,9,2475,AA,LAX,29,11,106,0,0,29,44,139,81,0,51
-4,3,20,7,9,2475,DL,LAX,29,11,106,0,0,29,44,139,81,0,51
-5,3,20,7,12,2475,DL,LAX,29,11,106,0,0,29,44,139,81,0,51
-4,3,20,7,15,2475,DL,LAX,29,11,106,0,0,29,44,139,81,0,51
17,3,20,7,21,2475,DL,LAX,29,11,106,0,0,29,44,139,81,0,51
-4,3,20,7,19,2475,DL,LAX,29,11,106,0,0,29,44,139,81,0,51
-5,3,20,7,17,2475,DL,LAX,29,11,106,0,0,29,44,139,81,0,51
17,3,20,7,21,2475,DL,LAX,29,11,106,0,0,29,44,139,81,0,51
-4,3,20,7,19,2475,DL,LAX,29,11,106,0,0,29,44,139,81,0,51
-5,3,20,7,17,2475,DL,LAX,29,11,106,0,0,29,44,139,81,0,51
-4,3,20,7,9,2475,DL,LAX,29,11,106,0,0,29,44,139,81,0,51
-5,3,20,7,12,2475,DL,LAX,29,11,106,0,0,29,44,139,81,0,51
0,3,20,7,18,2475,B6,LAX,29,11,106,0,0,29,44,139,81,0,51
55,3,20,7,15,2475,B6,LAX,29,11,106,0,0,29,44,139,81,0,51
-6,3,20,7,7,2475,B6,LAX,29,11,106,0,0,29,44,139,81,0,51
-4,3,20,7,15,2475,DL,LAX,29,11,106,0,0,29,44,139,81,0,51
-6,3,20,7,6,2475,AA,LAX,29,11,106,0,0,29,44,139,81,0,51
-6,3,20,7,7,2475,AA,LAX,29,11,106,0,0,29,44,139,81,0,51
-5,3,20,7,19,2475,AA,LAX,29,11,106,0,0,29,44,139,81,0,51
-5,3,20,7,15,2475,AA,LAX,29,11,106,0,0,29,44,139,81,0,51
2,3,20,7,21,2475,AA,LAX,29,11,106,0,0,29,44,139,81,0,51
174,3,20,7,13,2475,AA,LAX,29,11,106,0,0,29,44,139,81,0,51
-4,3,20,7,9,2475,AA,LAX,29,11,106,0,0,29,44,139,81,0,51
49,3,20,7,17,2475,AA,LAX,29,11,106,0,0,29,44,139,81,0,51
0,3,20,7,10,2475,AA,LAX,29,11,106,0,0,29,44,139,81,0,51
-4,3,20,7,12,2475,AA,LAX,29,11,106,0,0,29,44,139,81,0,51
3,3,20,7,18,2475,UA,LAX,29,11,106,0,0,29,44,139,81,0,51
-5,3,20,7,6,2475,UA,LAX,29,11,106,0,0,29,44,139,81,0,51
-4,3,20,7,8,2475,UA,LAX,29,11,106,0,0,29,44,139,81,0,51
-4,3,20,7,11,2475,UA,LAX,29,11,106,0,0,29,44,139,81,0,51
-5,3,20,7,15,2475,UA,LAX,29,11,106,0,0,29,44,139,81,0,51
-6,3,20,7,20,2475,UA,LAX,29,11,106,0,0,29,44,139,81,0,51
0,3,20,7,18,2475,B6,LAX,29,11,106,0,0,29,44,139,81,0,51
-5,3,20,7,19,2475,AA,LAX,29,11,106,0,0,29,44,139,81,0,51
-5,3,20,7,12,2475,DL,LAX,29,11,106,0,0,29,44,139,81,0,51
-4,3,20,7,9,2475,DL,LAX,29,11,106,0,0,29,44,139,81,0,51
-5,3,20,7,17,2475,DL,LAX,29,11,106,0,0,29,44,139,81,0,51
-4,3,20,7,19,2475,DL,LAX,29,11,106,0,0,29,44,139,81,0,51
17,3,20,7,21,2475,DL,LAX,29,11,106,0,0,29,44,139,81,0,51
-4,3,20,7,15,2475,DL,LAX,29,11,106,0,0,29,44,139,81,0,51
-4,3,20,7,9,2475,AA,LAX,29,11,106,0,0,29,44,139,81,0,51
55,3,20,7,15,2475,B6,LAX,29,11,106,0,0,29,44,139,81,0,51
-6,3,20,7,7,2475,B6,LAX,29,11,106,0,0,29,44,139,81,0,51
-4,3,20,7,12,2475,AA,LAX,29,11,106,0,0,29,44,139,81,0,51
-6,3,20,7,6,2475,AA,LAX,29,11,106,0,0,29,44,139,81,0,51
2,3,20,7,21,2475,AA,LAX,29,11,106,0,0,29,44,139,81,0,51
49,3,20,7,17,2475,AA,LAX,29,11,106,0,0,29,44,139,81,0,51
0,3,20,7,10,2475,AA,LAX,29,11,106,0,0,29,44,139,81,0,51
-5,3,20,7,15,2475,AA,LAX,29,11,106,0,0,29,44,139,81,0,51
174,3,20,7,13,2475,AA,LAX,29,11,106,0,0,29,44,139,81,0,51
-6,3,20,7,7,2475,AA,LAX,29,11,106,0,0,29,44,139,81,0,51
3,3,20,7,18,2475,UA,LAX,29,11,106,0,0,29,44,139,81,0,51
-5,3,20,7,6,2475,UA,LAX,29,11,106,0,0,29,44,139,81,0,51
-4,3,20,7,8,2475,UA,LAX,29,11,106,0,0,29,44,139,81,0,51
-4,3,20,7,11,2475,UA,LAX,29,11,106,0,0,29,44,139,81,0,51
-5,3,20,7,15,2475,UA,LAX,29,11,106,0,0,29,44,139,81,0,51
-6,3,20,7,20,2475,UA,LAX,29,11,106,0,0,29,44,139,81,0,51
3,3,20,7,18,2475,UA,LAX,29,11,106,0,0,29,44,139,81,0,51
-5,3,20,7,6,2475,UA,LAX,29,11,106,0,0,29,44,139,81,0,51
-4,3,20,7,8,2475,UA,LAX,29,11,106,0,0,29,44,139,81,0,51
-4,3,20,7,11,2475,UA,LAX,29,11,106,0,0,29,44,139,81,0,51
-5,3,20,7,15,2475,UA,LAX,29,11,106,0,0,29,44,139,81,0,51
-6,3,20,7,20,2475,UA,LAX,29,11,106,0,0,29,44,139,81,0,51
18,4,18,1,20,2475,UA,LAX,40,83,172,0,0,31,0,50,124,15,61
-5,4,18,1,6,2475,UA,LAX,40,83,172,0,0,31,0,50,124,15,61
-2,4,18,1,8,2475,UA,LAX,40,83,172,0,0,31,0,50,124,15,61
-5,4,18,1,11,2475,UA,LAX,40,83,172,0,0,31,0,50,124,15,61
13,4,18,1,18,2475,UA,LAX,40,83,172,0,0,31,0,50,124,15,61
29,4,18,1,15,2475,UA,LAX,40,83,172,0,0,31,0,50,124,15,61
-2,4,18,1,15,2475,DL,LAX,40,83,172,0,0,31,0,50,124,15,61
-3,4,18,1,12,2475,DL,LAX,40,83,172,0,0,31,0,50,124,15,61
-2,4,18,1,6,2475,AA,LAX,40,83,172,0,0,31,0,50,124,15,61
14,4,18,1,21,2475,DL,LAX,40,83,172,0,0,31,0,50,124,15,61
-1,4,18,1,19,2475,DL,LAX,40,83,172,0,0,31,0,50,124,15,61
40,4,18,1,16,2475,B6,LAX,40,83,172,0,0,31,0,50,124,15,61
-5,4,18,1,13,2475,AA,LAX,40,83,172,0,0,31,0,50,124,15,61
-2,4,18,1,7,2475,B6,LAX,40,83,172,0,0,31,0,50,124,15,61
-2,4,18,1,7,2475,DL,LAX,40,83,172,0,0,31,0,50,124,15,61
-3,4,18,1,9,2475,DL,LAX,40,83,172,0,0,31,0,50,124,15,61
-2,4,18,1,7,2475,AA,LAX,40,83,172,0,0,31,0,50,124,15,61
111,4,18,1,18,2475,B6,LAX,40,83,172,0,0,31,0,50,124,15,61
4,4,18,1,15,2475,AA,LAX,40,83,172,0,0,31,0,50,124,15,61
-7,4,18,1,12,2475,AA,LAX,40,83,172,0,0,31,0,50,124,15,61
-1,4,18,1,17,2475,DL,LAX,40,83,172,0,0,31,0,50,124,15,61
-4,4,18,1,19,2475,AA,LAX,40,83,172,0,0,31,0,50,124,15,61
-4,4,18,1,10,2475,AA,LAX,40,83,172,0,0,31,0,50,124,15,61
-1,4,18,1,16,2475,AA,LAX,40,83,172,0,0,31,0,50,124,15,61
-1,4,18,1,9,2475,AA,LAX,40,83,172,0,0,31,0,50,124,15,61
3,4,18,1,21,2475,AA,LAX,40,83,172,0,0,31,0,50,124,15,61
-4,4,25,1,13,2475,AA,LAX,33,133,239,0,0,24,72,122,86,0,47
0,4,25,1,15,2475,DL,LAX,33,133,239,0,0,24,72,122,86,0,47
-2,4,25,1,7,2475,DL,LAX,33,133,239,0,0,24,72,122,86,0,47
7,4,25,1,9,2475,DL,LAX,33,133,239,0,0,24,72,122,86,0,47
0,4,25,1,17,2475,DL,LAX,33,133,239,0,0,24,72,122,86,0,47
-5,4,25,1,15,2475,AA,LAX,33,133,239,0,0,24,72,122,86,0,47
-5,4,25,1,12,2475,AA,LAX,33,133,239,0,0,24,72,122,86,0,47
-4,4,25,1,10,2475,AA,LAX,33,133,239,0,0,24,72,122,86,0,47
0,4,25,1,12,2475,DL,LAX,33,133,239,0,0,24,72,122,86,0,47
30,4,25,1,21,2475,DL,LAX,33,133,239,0,0,24,72,122,86,0,47
-5,4,25,1,19,2475,DL,LAX,33,133,239,0,0,24,72,122,86,0,47
75,4,25,1,19,2475,AA,LAX,33,133,239,0,0,24,72,122,86,0,47
-11,4,25,1,9,2475,AA,LAX,33,133,239,0,0,24,72,122,86,0,47
-5,4,25,1,16,2475,B6,LAX,33,133,239,0,0,24,72,122,86,0,47
-1,4,25,1,7,2475,B6,LAX,33,133,239,0,0,24,72,122,86,0,47
15,4,25,1,6,2475,AA,LAX,33,133,239,0,0,24,72,122,86,0,47
18,4,25,1,21,2475,AA,LAX,33,133,239,0,0,24,72,122,86,0,47
2,4,25,1,18,2475,B6,LAX,33,133,239,0,0,24,72,122,86,0,47
9,4,25,1,16,2475,AA,LAX,33,133,239,0,0,24,72,122,86,0,47
-7,4,25,1,7,2475,AA,LAX,33,133,239,0,0,24,72,122,86,0,47
-3,4,25,1,6,2475,UA,LAX,33,133,239,0,0,24,72,122,86,0,47
-4,4,25,1,11,2475,UA,LAX,33,133,239,0,0,24,72,122,86,0,47
18,4,25,1,20,2475,UA,LAX,33,133,239,0,0,24,72,122,86,0,47
-1,4,25,1,8,2475,UA,LAX,33,133,239,0,0,24,72,122,86,0,47
-3,4,25,1,15,2475,UA,LAX,33,133,239,0,0,24,72,122,86,0,47
45,4,25,1,18,2475,UA,LAX,33,133,239,0,0,24,72,122,86,0,47
1,5,2,1,12,2475,DL,LAX,26,100,172,0,0,23,56,150,0,0,44
-3,5,2,1,21,2475,DL,LAX,26,100,172,0,0,23,56,150,0,0,44
-5,5,2,1,19,2475,DL,LAX,26,100,172,0,0,23,56,150,0,0,44
-1,5,2,1,18,2475,B6,LAX,26,100,172,0,0,23,56,150,0,0,44
-3,5,2,1,9,2475,DL,LAX,26,100,172,0,0,23,56,150,0,0,44
3,5,2,1,7,2475,B6,LAX,26,100,172,0,0,23,56,150,0,0,44
-2,5,2,1,16,2475,B6,LAX,26,100,172,0,0,23,56,150,0,0,44
16,5,2,1,17,2475,DL,LAX,26,100,172,0,0,23,56,150,0,0,44
-2,5,2,1,15,2475,DL,LAX,26,100,172,0,0,23,56,150,0,0,44
2,5,2,1,7,2475,DL,LAX,26,100,172,0,0,23,56,150,0,0,44
-2,5,2,1,19,2475,AA,LAX,26,100,172,0,0,23,56,150,0,0,44
-5,5,2,1,6,2475,AA,LAX,26,100,172,0,0,23,56,150,0,0,44
70,5,2,1,21,2475,AA,LAX,26,100,172,0,0,23,56,150,0,0,44
-9,5,2,1,12,2475,AA,LAX,26,100,172,0,0,23,56,150,0,0,44
-6,5,2,1,16,2475,AA,LAX,26,100,172,0,0,23,56,150,0,0,44
-3,5,2,1,9,2475,AA,LAX,26,100,172,0,0,23,56,150,0,0,44
6,5,2,1,15,2475,AA,LAX,26,100,172,0,0,23,56,150,0,0,44
51,5,2,1,13,2475,AA,LAX,26,100,172,0,0,23,56,150,0,0,44
-10,5,2,1,10,2475,AA,LAX,26,100,172,0,0,23,56,150,0,0,44
1,5,2,1,7,2475,AA,LAX,26,100,172,0,0,23,56,150,0,0,44
20,5,2,1,8,2475,UA,LAX,26,100,172,0,0,23,56,150,0,0,44
59,5,2,1,15,2475,UA,LAX,26,100,172,0,0,23,56,150,0,0,44
-2,5,2,1,11,2475,UA,LAX,26,100,172,0,0,23,56,150,0,0,44
-2,5,2,1,6,2475,UA,LAX,26,100,172,0,0,23,56,150,0,0,44
38,5,2,1,20,2475,UA,LAX,26,100,172,0,0,23,56,150,0,0,44
156,5,2,1,18,2475,UA,LAX,26,100,172,0,0,23,56,150,0,0,44
-5,6,7,2,17,2475,DL,LAX,0,189,306,0,0,23,239,356,0,0,47
9,6,7,2,21,2475,DL,LAX,0,189,306,0,0,23,239,356,0,0,47
-6,6,7,2,12,2475,AA,LAX,0,189,306,0,0,23,239,356,0,0,47
-4,6,7,2,20,2475,B6,LAX,0,189,306,0,0,23,239,356,0,0,47
-3,6,7,2,16,2475,B6,LAX,0,189,306,0,0,23,239,356,0,0,47
0,6,7,2,9,2475,DL,LAX,0,189,306,0,0,23,239,356,0,0,47
3,6,7,2,16,2475,AA,LAX,0,189,306,0,0,23,239,356,0,0,47
-2,6,7,2,11,2475,B6,LAX,0,189,306,0,0,23,239,356,0,0,47
-5,6,7,2,7,2475,B6,LAX,0,189,306,0,0,23,239,356,0,0,47
11,6,7,2,6,2475,AA,LAX,0,189,306,0,0,23,239,356,0,0,47
-4,6,7,2,12,2475,DL,LAX,0,189,306,0,0,23,239,356,0,0,47
81,6,7,2,7,2475,DL,LAX,0,189,306,0,0,23,239,356,0,0,47
-2,6,7,2,9,2475,AA,LAX,0,189,306,0,0,23,239,356,0,0,47
-5,6,7,2,21,2475,AA,LAX,0,189,306,0,0,23,239,356,0,0,47
-6,6,7,2,15,2475,DL,LAX,0,189,306,0,0,23,239,356,0,0,47
-7,6,7,2,7,2475,AA,LAX,0,189,306,0,0,23,239,356,0,0,47
20,6,7,2,15,2475,AA,LAX,0,189,306,0,0,23,239,356,0,0,47
12,6,7,2,19,2475,AA,LAX,0,189,306,0,0,23,239,356,0,0,47
1,6,7,2,13,2475,AA,LAX,0,189,306,0,0,23,239,356,0,0,47
-5,6,7,2,19,2475,DL,LAX,0,189,306,0,0,23,239,356,0,0,47
-11,6,7,2,10,2475,AA,LAX,0,189,306,0,0,23,239,356,0,0,47
0,6,7,2,20,2475,UA,LAX,0,189,306,0,0,23,239,356,0,0,47
-2,6,7,2,18,2475,UA,LAX,0,189,306,0,0,23,239,356,0,0,47
-3,6,7,2,6,2475,UA,LAX,0,189,306,0,0,23,239,356,0,0,47
-1,6,7,2,11,2475,UA,LAX,0,189,306,0,0,23,239,356,0,0,47
9,6,7,2,15,2475,UA,LAX,0,189,306,0,0,23,239,356,0,0,47
75,6,7,2,8,2475,UA,LAX,0,189,306,0,0,23,239,356,0,0,47
-1,6,14,2,17,2475,UA,LAX,7,144,222,13,0,21,117,250,0,0,38
-2,6,14,2,11,2475,UA,LAX,7,144,222,13,0,21,117,250,0,0,38
-5,6,14,2,15,2475,UA,LAX,7,144,222,13,0,21,117,250,0,0,38
-8,6,14,2,8,2475,UA,LAX,7,144,222,13,0,21,117,250,0,0,38
1,6,14,2,6,2475,UA,LAX,7,144,222,13,0,21,117,250,0,0,38
-4,6,14,2,20,2475,UA,LAX,7,144,222,13,0,21,117,250,0,0,38
-5,6,14,2,7,2475,AA,LAX,7,144,222,13,0,21,117,250,0,0,38
-4,6,14,2,7,2475,B6,LAX,7,144,222,13,0,21,117,250,0,0,38
-5,6,14,2,17,2475,DL,LAX,7,144,222,13,0,21,117,250,0,0,38
0,6,14,2,9,2475,DL,LAX,7,144,222,13,0,21,117,250,0,0,38
13,6,14,2,15,2475,DL,LAX,7,144,222,13,0,21,117,250,0,0,38
-4,6,14,2,7,2475,DL,LAX,7,144,222,13,0,21,117,250,0,0,38
-2,6,14,2,12,2475,DL,LAX,7,144,222,13,0,21,117,250,0,0,38
-5,6,14,2,21,2475,DL,LAX,7,144,222,13,0,21,117,250,0,0,38
-5,6,14,2,19,2475,DL,LAX,7,144,222,13,0,21,117,250,0,0,38
-2,6,14,2,19,2475,AA,LAX,7,144,222,13,0,21,117,250,0,0,38
-8,6,14,2,10,2475,AA,LAX,7,144,222,13,0,21,117,250,0,0,38
-8,6,14,2,12,2475,AA,LAX,7,144,222,13,0,21,117,250,0,0,38
142,6,14,2,9,2475,AA,LAX,7,144,222,13,0,21,117,250,0,0,38
5,6,14,2,16,2475,AA,LAX,7,144,222,13,0,21,117,250,0,0,38
-5,6,14,2,11,2475,B6,LAX,7,144,222,13,0,21,117,250,0,0,38
-6,6,14,2,15,2475,AA,LAX,7,144,222,13,0,21,117,250,0,0,38
17,6,14,2,20,2475,AA,LAX,7,144,222,13,0,21,117,250,0,0,38
-3,6,14,2,16,2475,B6,LAX,7,144,222,13,0,21,117,250,0,0,38
-7,6,14,2,6,2475,AA,LAX,7,144,222,13,0,21,117,250,0,0,38
7,6,14,2,20,2475,B6,LAX,7,144,222,13,0,21,117,250,0,0,38
-1,6,14,2,13,2475,AA,LAX,7,144,222,13,0,21,117,250,0,0,38
-1,6,21,2,12,2475,DL,LAX,13,211,278,0,0,19,189,317,114,0,54
4,6,21,2,16,2475,AA,LAX,13,211,278,0,0,19,189,317,114,0,54
7,6,21,2,15,2475,DL,LAX,13,211,278,0,0,19,189,317,114,0,54
62,6,21,2,19,2475,AA,LAX,13,211,278,0,0,19,189,317,114,0,54
-2,6,21,2,7,2475,AA,LAX,13,211,278,0,0,19,189,317,114,0,54
-3,6,21,2,6,2475,AA,LAX,13,211,278,0,0,19,189,317,114,0,54
-5,6,21,2,9,2475,DL,LAX,13,211,278,0,0,19,189,317,114,0,54
-14,6,21,2,17,2475,DL,LAX,13,211,278,0,0,19,189,317,114,0,54
47,6,21,2,9,2475,AA,LAX,13,211,278,0,0,19,189,317,114,0,54
-2,6,21,2,15,2475,AA,LAX,13,211,278,0,0,19,189,317,114,0,54
-5,6,21,2,12,2475,AA,LAX,13,211,278,0,0,19,189,317,114,0,54
-1,6,21,2,9,2475,B6,LAX,13,211,278,0,0,19,189,317,114,0,54
8,6,21,2,21,2475,B6,LAX,13,211,278,0,0,19,189,317,114,0,54
0,6,21,2,16,2475,B6,LAX,13,211,278,0,0,19,189,317,114,0,54
-6,6,21,2,11,2475,B6,LAX,13,211,278,0,0,19,189,317,114,0,54
-3,6,21,2,7,2475,B6,LAX,13,211,278,0,0,19,189,317,114,0,54
-2,6,21,2,21,2475,DL,LAX,13,211,278,0,0,19,189,317,114,0,54
2,6,21,2,19,2475,DL,LAX,13,211,278,0,0,19,189,317,114,0,54
-3,6,21,2,7,2475,DL,LAX,13,211,278,0,0,19,189,317,114,0,54
70,6,21,2,10,2475,AA,LAX,13,211,278,0,0,19,189,317,114,0,54
7,6,21,2,20,2475,AA,LAX,13,211,278,0,0,19,189,317,114,0,54
1,6,21,2,20,2475,UA,LAX,13,211,278,0,0,19,189,317,114,0,54
-1,6,21,2,17,2475,UA,LAX,13,211,278,0,0,19,189,317,114,0,54
-3,6,21,2,6,2475,UA,LAX,13,211,278,0,0,19,189,317,114,0,54
-3,6,21,2,11,2475,UA,LAX,13,211,278,0,0,19,189,317,114,0,54
-3,6,21,2,15,2475,UA,LAX,13,211,278,0,0,19,189,317,114,0,54
-1,6,21,2,8,2475,UA,LAX,13,211,278,0,0,19,189,317,114,0,54
-2,7,19,2,17,2475,UA,LAX,15,239,344,0,0,18,256,339,0,0,28
3,7,19,2,15,2475,UA,LAX,15,239,344,0,0,18,256,339,0,0,28
-6,7,19,2,6,2475,UA,LAX,15,239,344,0,0,18,256,339,0,0,28
-1,7,19,2,11,2475,UA,LAX,15,239,344,0,0,18,256,339,0,0,28
0,7,19,2,20,2475,UA,LAX,15,239,344,0,0,18,256,339,0,0,28
-7,7,19,2,8,2475,UA,LAX,15,239,344,0,0,18,256,339,0,0,28
46,7,19,2,19,2475,AA,LAX,15,239,344,0,0,18,256,339,0,0,28
1,7,19,2,16,2475,AA,LAX,15,239,344,0,0,18,256,339,0,0,28
13,7,19,2,20,2475,AA,LAX,15,239,344,0,0,18,256,339,0,0,28
-4,7,19,2,7,2475,AA,LAX,15,239,344,0,0,18,256,339,0,0,28
8,7,19,2,13,2475,AA,LAX,15,239,344,0,0,18,256,339,0,0,28
0,7,19,2,9,2475,AA,LAX,15,239,344,0,0,18,256,339,0,0,28
-4,7,19,2,6,2475,AA,LAX,15,239,344,0,0,18,256,339,0,0,28
-3,7,19,2,15,2475,AA,LAX,15,239,344,0,0,18,256,339,0,0,28
-2,7,19,2,10,2475,AA,LAX,15,239,344,0,0,18,256,339,0,0,28
-1,7,19,2,12,2475,AA,LAX,15,239,344,0,0,18,256,339,0,0,28
-3,7,19,2,7,2475,DL,LAX,15,239,344,0,0,18,256,339,0,0,28
-4,7,19,2,17,2475,DL,LAX,15,239,344,0,0,18,256,339,0,0,28
-2,7,19,2,11,2475,B6,LAX,15,239,344,0,0,18,256,339,0,0,28
48,7,19,2,21,2475,DL,LAX,15,239,344,0,0,18,256,339,0,0,28
24,7,19,2,19,2475,DL,LAX,15,239,344,0,0,18,256,339,0,0,28
-6,7,19,2,9,2475,DL,LAX,15,239,344,0,0,18,256,339,0,0,28
-1,7,19,2,7,2475,B6,LAX,15,239,344,0,0,18,256,339,0,0,28
-5,7,19,2,16,2475,B6,LAX,15,239,344,0,0,18,256,339,0,0,28
-2,7,19,2,21,2475,B6,LAX,15,239,344,0,0,18,256,339,0,0,28
-2,7,19,2,9,2475,B6,LAX,15,239,344,0,0,18,256,339,0,0,28
15,7,19,2,15,2475,DL,LAX,15,239,344,0,0,18,256,339,0,0,28
-2,7,19,2,12,2475,DL,LAX,15,239,344,0,0,18,256,339,0,0,28
-2,7,26,2,20,2475,UA,LAX,22,206,322,36,0,16,217,283,0,0,38
-8,7,26,2,11,2475,UA,LAX,22,206,322,36,0,16,217,283,0,0,38
-1,7,26,2,6,2475,UA,LAX,22,206,322,36,0,16,217,283,0,0,38
-3,7,26,2,17,2475,UA,LAX,22,206,322,36,0,16,217,283,0,0,38
-2,7,26,2,8,2475,UA,LAX,22,206,322,36,0,16,217,283,0,0,38
-5,7,26,2,15,2475,UA,LAX,22,206,322,36,0,16,217,283,0,0,38
4,7,26,2,21,2475,DL,LAX,22,206,322,36,0,16,217,283,0,0,38
-6,7,26,2,9,2475,DL,LAX,22,206,322,36,0,16,217,283,0,0,38
21,7,26,2,15,2475,DL,LAX,22,206,322,36,0,16,217,283,0,0,38
-3,7,26,2,12,2475,DL,LAX,22,206,322,36,0,16,217,283,0,0,38
10,7,26,2,7,2475,DL,LAX,22,206,322,36,0,16,217,283,0,0,38
-1,7,26,2,17,2475,DL,LAX,22,206,322,36,0,16,217,283,0,0,38
1,7,26,2,7,2475,B6,LAX,22,206,322,36,0,16,217,283,0,0,38
-4,7,26,2,11,2475,B6,LAX,22,206,322,36,0,16,217,283,0,0,38
4,7,26,2,16,2475,B6,LAX,22,206,322,36,0,16,217,283,0,0,38
19,7,26,2,21,2475,B6,LAX,22,206,322,36,0,16,217,283,0,0,38
1,7,26,2,9,2475,B6,LAX,22,206,322,36,0,16,217,283,0,0,38
-2,7,26,2,19,2475,DL,LAX,22,206,322,36,0,16,217,283,0,0,38
0,7,26,2,19,2475,AA,LAX,22,206,322,36,0,16,217,283,0,0,38
112,7,26,2,20,2475,AA,LAX,22,206,322,36,0,16,217,283,0,0,38
-4,7,26,2,10,2475,AA,LAX,22,206,322,36,0,16,217,283,0,0,38
-3,7,26,2,13,2475,AA,LAX,22,206,322,36,0,16,217,283,0,0,38
-3,7,26,2,6,2475,AA,LAX,22,206,322,36,0,16,217,283,0,0,38
-4,7,26,2,7,2475,AA,LAX,22,206,322,36,0,16,217,283,0,0,38
3,7,26,2,15,2475,AA,LAX,22,206,322,36,0,16,217,283,0,0,38
-7,7,26,2,9,2475,AA,LAX,22,206,322,36,0,16,217,283,0,0,38
-7,7,26,2,12,2475,AA,LAX,22,206,322,36,0,16,217,283,0,0,38
-4,8,3,3,15,2475,UA,LAX,30,194,311,193,0,14,222,300,0,0,36
-4,8,3,3,11,2475,UA,LAX,30,194,311,193,0,14,222,300,0,0,36
-4,8,3,3,8,2475,UA,LAX,30,194,311,193,0,14,222,300,0,0,36
41,8,3,3,20,2475,UA,LAX,30,194,311,193,0,14,222,300,0,0,36
-2,8,3,3,17,2475,UA,LAX,30,194,311,193,0,14,222,300,0,0,36
-2,8,3,3,6,2475,UA,LAX,30,194,311,193,0,14,222,300,0,0,36
-7,8,3,3,9,2475,B6,LAX,30,194,311,193,0,14,222,300,0,0,36
49,8,3,3,21,2475,B6,LAX,30,194,311,193,0,14,222,300,0,0,36
-2,8,3,3,16,2475,B6,LAX,30,194,311,193,0,14,222,300,0,0,36
-5,8,3,3,11,2475,B6,LAX,30,194,311,193,0,14,222,300,0,0,36
-3,8,3,3,7,2475,B6,LAX,30,194,311,193,0,14,222,300,0,0,36
51,8,3,3,20,2475,AA,LAX,30,194,311,193,0,14,222,300,0,0,36
-2,8,3,3,9,2475,AA,LAX,30,194,311,193,0,14,222,300,0,0,36
56,8,3,3,21,2475,DL,LAX,30,194,311,193,0,14,222,300,0,0,36
-6,8,3,3,6,2475,AA,LAX,30,194,311,193,0,14,222,300,0,0,36
-8,8,3,3,12,2475,AA,LAX,30,194,311,193,0,14,222,300,0,0,36
-1,8,3,3,9,2475,DL,LAX,30,194,311,193,0,14,222,300,0,0,36
-4,8,3,3,10,2475,AA,LAX,30,194,311,193,0,14,222,300,0,0,36
-4,8,3,3,15,2475,DL,LAX,30,194,311,193,0,14,222,300,0,0,36
-4,8,3,3,19,2475,AA,LAX,30,194,311,193,0,14,222,300,0,0,36
28,8,3,3,16,2475,AA,LAX,30,194,311,193,0,14,222,300,0,0,36
149,8,3,3,12,2475,DL,LAX,30,194,311,193,0,14,222,300,0,0,36
1,8,3,3,7,2475,DL,LAX,30,194,311,193,0,14,222,300,0,0,36
0,8,3,3,17,2475,DL,LAX,30,194,311,193,0,14,222,300,0,0,36
1,8,3,3,7,2475,AA,LAX,30,194,311,193,0,14,222,300,0,0,36
-4,8,3,3,15,2475,AA,LAX,30,194,311,193,0,14,222,300,0,0,36
-3,8,3,3,19,2475,DL,LAX,30,194,311,193,0,14,222,300,0,0,36
-2,8,3,3,13,2475,AA,LAX,30,194,311,193,0,14,222,300,0,0,36
-4,8,10,3,8,2475,UA,LAX,24,211,300,0,0,24,161,250,0,0,39
-1,8,10,3,15,2475,UA,LAX,24,211,300,0,0,24,161,250,0,0,39
29,8,10,3,17,2475,UA,LAX,24,211,300,0,0,24,161,250,0,0,39
-3,8,10,3,20,2475,UA,LAX,24,211,300,0,0,24,161,250,0,0,39
-6,8,10,3,11,2475,UA,LAX,24,211,300,0,0,24,161,250,0,0,39
-2,8,10,3,6,2475,AA,LAX,24,211,300,0,0,24,161,250,0,0,39
0,8,10,3,21,2475,B6,LAX,24,211,300,0,0,24,161,250,0,0,39
-6,8,10,3,16,2475,B6,LAX,24,211,300,0,0,24,161,250,0,0,39
9,8,10,3,11,2475,B6,LAX,24,211,300,0,0,24,161,250,0,0,39
-1,8,10,3,7,2475,B6,LAX,24,211,300,0,0,24,161,250,0,0,39
1,8,10,3,19,2475,AA,LAX,24,211,300,0,0,24,161,250,0,0,39
0,8,10,3,10,2475,AA,LAX,24,211,300,0,0,24,161,250,0,0,39
12,8,10,3,15,2475,AA,LAX,24,211,300,0,0,24,161,250,0,0,39
-4,8,10,3,7,2475,AA,LAX,24,211,300,0,0,24,161,250,0,0,39
4,8,10,3,9,2475,AA,LAX,24,211,300,0,0,24,161,250,0,0,39
-2,8,10,3,9,2475,B6,LAX,24,211,300,0,0,24,161,250,0,0,39
-2,8,10,3,16,2475,AA,LAX,24,211,300,0,0,24,161,250,0,0,39
-2,8,10,3,20,2475,AA,LAX,24,211,300,0,0,24,161,250,0,0,39
-3,8,10,3,9,2475,DL,LAX,24,211,300,0,0,24,161,250,0,0,39
-1,8,10,3,15,2475,DL,LAX,24,211,300,0,0,24,161,250,0,0,39
-3,8,10,3,12,2475,DL,LAX,24,211,300,0,0,24,161,250,0,0,39
0,8,10,3,7,2475,DL,LAX,24,211,300,0,0,24,161,250,0,0,39
2,8,10,3,17,2475,DL,LAX,24,211,300,0,0,24,161,250,0,0,39
-5,8,10,3,19,2475,DL,LAX,24,211,300,0,0,24,161,250,0,0,39
2,8,10,3,21,2475,DL,LAX,24,211,300,0,0,24,161,250,0,0,39
-2,8,10,3,6,2475,UA,LAX,24,211,300,0,0,24,161,250,0,0,39
24,9,8,4,15,2475,DL,LAX,5,172,261,229,0,30,139,239,0,0,60
-3,9,8,4,7,2475,AA,LAX,5,172,261,229,0,30,139,239,0,0,60
-6,9,8,4,12,2475,DL,LAX,5,172,261,229,0,30,139,239,0,0,60
-5,9,8,4,7,2475,DL,LAX,5,172,261,229,0,30,139,239,0,0,60
-6,9,8,4,10,2475,AA,LAX,5,172,261,229,0,30,139,239,0,0,60
-5,9,8,4,9,2475,B6,LAX,5,172,261,229,0,30,139,239,0,0,60
-2,9,8,4,6,2475,B6,LAX,5,172,261,229,0,30,139,239,0,0,60
0,9,8,4,7,2475,AA,LAX,5,172,261,229,0,30,139,239,0,0,60
2,9,8,4,11,2475,B6,LAX,5,172,261,229,0,30,139,239,0,0,60
-6,9,8,4,9,2475,AA,LAX,5,172,261,229,0,30,139,239,0,0,60
-6,9,8,4,12,2475,AA,LAX,5,172,261,229,0,30,139,239,0,0,60
-2,9,8,4,16,2475,B6,LAX,5,172,261,229,0,30,139,239,0,0,60
2,9,8,4,20,2475,B6,LAX,5,172,261,229,0,30,139,239,0,0,60
-6,9,8,4,9,2475,DL,LAX,5,172,261,229,0,30,139,239,0,0,60
-6,9,8,4,13,2475,AA,LAX,5,172,261,229,0,30,139,239,0,0,60
-6,9,8,4,17,2475,DL,LAX,5,172,261,229,0,30,139,239,0,0,60
-8,9,8,4,15,2475,AA,LAX,5,172,261,229,0,30,139,239,0,0,60
1,9,8,4,16,2475,AA,LAX,5,172,261,229,0,30,139,239,0,0,60
-3,9,8,4,19,2475,DL,LAX,5,172,261,229,0,30,139,239,0,0,60
-2,9,8,4,21,2475,DL,LAX,5,172,261,229,0,30,139,239,0,0,60
3,9,8,4,19,2475,AA,LAX,5,172,261,229,0,30,139,239,0,0,60
-5,9,8,4,21,2475,AA,LAX,5,172,261,229,0,30,139,239,0,0,60
-5,9,8,4,15,2475,UA,LAX,5,172,261,229,0,30,139,239,0,0,60
-5,9,8,4,6,2475,UA,LAX,5,172,261,229,0,30,139,239,0,0,60
28,9,8,4,20,2475,UA,LAX,5,172,261,229,0,30,139,239,0,0,60
36,9,8,4,8,2475,UA,LAX,5,172,261,229,0,30,139,239,0,0,60
-2,9,8,4,17,2475,UA,LAX,5,172,261,229,0,30,139,239,0,0,60
-3,9,8,4,11,2475,UA,LAX,5,172,261,229,0,30,139,239,0,0,60
-2,9,15,4,6,2475,UA,LAX,12,117,244,18,0,21,56,150,0,0,38
-10,9,15,4,8,2475,UA,LAX,12,117,244,18,0,21,56,150,0,0,38
4,9,15,4,11,2475,UA,LAX,12,117,244,18,0,21,56,150,0,0,38
41,9,15,4,20,2475,UA,LAX,12,117,244,18,0,21,56,150,0,0,38
-1,9,15,4,17,2475,UA,LAX,12,117,244,18,0,21,56,150,0,0,38
-1,9,15,4,15,2475,UA,LAX,12,117,244,18,0,21,56,150,0,0,38
0,9,15,4,20,2475,B6,LAX,12,117,244,18,0,21,56,150,0,0,38
-4,9,15,4,16,2475,B6,LAX,12,117,244,18,0,21,56,150,0,0,38
-3,9,15,4,11,2475,B6,LAX,12,117,244,18,0,21,56,150,0,0,38
-3,9,15,4,6,2475,B6,LAX,12,117,244,18,0,21,56,150,0,0,38
3,9,15,4,9,2475,B6,LAX,12,117,244,18,0,21,56,150,0,0,38
-4,9,15,4,9,2475,AA,LAX,12,117,244,18,0,21,56,150,0,0,38
-5,9,15,4,12,2475,AA,LAX,12,117,244,18,0,21,56,150,0,0,38
2,9,15,4,10,2475,AA,LAX,12,117,244,18,0,21,56,150,0,0,38
7,9,15,4,19,2475,AA,LAX,12,117,244,18,0,21,56,150,0,0,38
1,9,15,4,19,2475,DL,LAX,12,117,244,18,0,21,56,150,0,0,38
15,9,15,4,21,2475,DL,LAX,12,117,244,18,0,21,56,150,0,0,38
1,9,15,4,15,2475,DL,LAX,12,117,244,18,0,21,56,150,0,0,38
-2,9,15,4,12,2475,DL,LAX,12,117,244,18,0,21,56,150,0,0,38
-5,9,15,4,7,2475,DL,LAX,12,117,244,18,0,21,56,150,0,0,38
-3,9,15,4,9,2475,DL,LAX,12,117,244,18,0,21,56,150,0,0,38
1,9,15,4,17,2475,DL,LAX,12,117,244,18,0,21,56,150,0,0,38
-1,9,15,4,7,2475,AA,LAX,12,117,244,18,0,21,56,150,0,0,38
-3,9,15,4,13,2475,AA,LAX,12,117,244,18,0,21,56,150,0,0,38
1,9,15,4,16,2475,AA,LAX,12,117,244,18,0,21,56,150,0,0,38
2,9,15,4,21,2475,AA,LAX,12,117,244,18,0,21,56,150,0,0,38
-2,9,15,4,7,2475,AA,LAX,12,117,244,18,0,21,56,150,0,0,38
78,9,22,4,20,2475,UA,LAX,16,200,267,5,0,7,106,178,0,0,31
-6,9,22,4,15,2475,UA,LAX,16,200,267,5,0,7,106,178,0,0,31
-1,9,22,4,6,2475,UA,LAX,16,200,267,5,0,7,106,178,0,0,31
37,9,22,4,17,2475,UA,LAX,16,200,267,5,0,7,106,178,0,0,31
-9,9,22,4,8,2475,UA,LAX,16,200,267,5,0,7,106,178,0,0,31
-3,9,22,4,11,2475,UA,LAX,16,200,267,5,0,7,106,178,0,0,31
-6,9,22,4,15,2475,AA,LAX,16,200,267,5,0,7,106,178,0,0,31
-1,9,22,4,13,2475,AA,LAX,16,200,267,5,0,7,106,178,0,0,31
33,9,22,4,16,2475,AA,LAX,16,200,267,5,0,7,106,178,0,0,31
3,9,22,4,7,2475,AA,LAX,16,200,267,5,0,7,106,178,0,0,31
69,9,22,4,21,2475,AA,LAX,16,200,267,5,0,7,106,178,0,0,31
64,9,22,4,19,2475,AA,LAX,16,200,267,5,0,7,106,178,0,0,31
47,9,22,4,7,2475,AA,LAX,16,200,267,5,0,7,106,178,0,0,31
-8,9,22,4,10,2475,AA,LAX,16,200,267,5,0,7,106,178,0,0,31
-2,9,22,4,17,2475,DL,LAX,16,200,267,5,0,7,106,178,0,0,31
-5,9,22,4,9,2475,DL,LAX,16,200,267,5,0,7,106,178,0,0,31
-2,9,22,4,7,2475,DL,LAX,16,200,267,5,0,7,106,178,0,0,31
-3,9,22,4,12,2475,DL,LAX,16,200,267,5,0,7,106,178,0,0,31
-3,9,22,4,15,2475,DL,LAX,16,200,267,5,0,7,106,178,0,0,31
37,9,22,4,21,2475,DL,LAX,16,200,267,5,0,7,106,178,0,0,31
4,9,22,4,20,2475,B6,LAX,16,200,267,5,0,7,106,178,0,0,31
31,9,22,4,16,2475,B6,LAX,16,200,267,5,0,7,106,178,0,0,31
-7,9,22,4,11,2475,B6,LAX,16,200,267,5,0,7,106,178,0,0,31
-5,9,22,4,6,2475,B6,LAX,16,200,267,5,0,7,106,178,0,0,31
-1,9,22,4,9,2475,B6,LAX,16,200,267,5,0,7,106,178,0,0,31
5,9,22,4,19,2475,DL,LAX,16,200,267,5,0,7,106,178,0,0,31
-5,9,22,4,12,2475,AA,LAX,16,200,267,5,0,7,106,178,0,0,31
24,9,22,4,9,2475,AA,LAX,16,200,267,5,0,7,106,178,0,0,31
-1,10,6,4,17,2475,UA,LAX,2,83,194,0,0,13,100,272,0,0,21
-10,10,6,4,8,2475,UA,LAX,2,83,194,0,0,13,100,272,0,0,21
0,10,6,4,15,2475,UA,LAX,2,83,194,0,0,13,100,272,0,0,21
-4,10,6,4,11,2475,UA,LAX,2,83,194,0,0,13,100,272,0,0,21
-4,10,6,4,6,2475,UA,LAX,2,83,194,0,0,13,100,272,0,0,21
-6,10,6,4,20,2475,UA,LAX,2,83,194,0,0,13,100,272,0,0,21
-4,10,6,4,7,2475,DL,LAX,2,83,194,0,0,13,100,272,0,0,21
330,10,6,4,15,2475,AA,LAX,2,83,194,0,0,13,100,272,0,0,21
-5,10,6,4,19,2475,AA,LAX,2,83,194,0,0,13,100,272,0,0,21
-1,10,6,4,21,2475,AA,LAX,2,83,194,0,0,13,100,272,0,0,21
4,10,6,4,13,2475,AA,LAX,2,83,194,0,0,13,100,272,0,0,21
-9,10,6,4,12,2475,AA,LAX,2,83,194,0,0,13,100,272,0,0,21
-2,10,6,4,17,2475,DL,LAX,2,83,194,0,0,13,100,272,0,0,21
-10,10,6,4,9,2475,AA,LAX,2,83,194,0,0,13,100,272,0,0,21
-5,10,6,4,9,2475,DL,LAX,2,83,194,0,0,13,100,272,0,0,21
-6,10,6,4,12,2475,DL,LAX,2,83,194,0,0,13,100,272,0,0,21
-4,10,6,4,7,2475,AA,LAX,2,83,194,0,0,13,100,272,0,0,21
2,10,6,4,15,2475,DL,LAX,2,83,194,0,0,13,100,272,0,0,21
13,10,6,4,21,2475,DL,LAX,2,83,194,0,0,13,100,272,0,0,21
42,10,6,4,19,2475,DL,LAX,2,83,194,0,0,13,100,272,0,0,21
-7,10,6,4,10,2475,AA,LAX,2,83,194,0,0,13,100,272,0,0,21
0,10,6,4,20,2475,B6,LAX,2,83,194,0,0,13,100,272,0,0,21
5,10,6,4,16,2475,B6,LAX,2,83,194,0,0,13,100,272,0,0,21
-7,10,6,4,11,2475,B6,LAX,2,83,194,0,0,13,100,272,0,0,21
-2,10,6,4,6,2475,B6,LAX,2,83,194,0,0,13,100,272,0,0,21
-3,10,6,4,9,2475,B6,LAX,2,83,194,0,0,13,100,272,0,0,21
0,10,6,4,16,2475,AA,LAX,2,83,194,0,0,13,100,272,0,0,21
-1,10,6,4,7,2475,AA,LAX,2,83,194,0,0,13,100,272,0,0,21
-5,10,13,4,17,2475,DL,LAX,5,144,189,86,0,33,111,189,71,0,31
-9,10,13,4,15,2475,AA,LAX,5,144,189,86,0,33,111,189,71,0,31
0,10,13,4,9,2475,AA,LAX,5,144,189,86,0,33,111,189,71,0,31
1,10,13,4,13,2475,AA,LAX,5,144,189,86,0,33,111,189,71,0,31
10,10,13,4,16,2475,AA,LAX,5,144,189,86,0,33,111,189,71,0,31
115,10,13,4,21,2475,AA,LAX,5,144,189,86,0,33,111,189,71,0,31
1,10,13,4,12,2475,AA,LAX,5,144,189,86,0,33,111,189,71,0,31
30,10,13,4,7,2475,AA,LAX,5,144,189,86,0,33,111,189,71,0,31
4,10,13,4,10,2475,AA,LAX,5,144,189,86,0,33,111,189,71,0,31
-8,10,13,4,9,2475,B6,LAX,5,144,189,86,0,33,111,189,71,0,31
-3,10,13,4,6,2475,B6,LAX,5,144,189,86,0,33,111,189,71,0,31
-4,10,13,4,11,2475,B6,LAX,5,144,189,86,0,33,111,189,71,0,31
-1,10,13,4,16,2475,B6,LAX,5,144,189,86,0,33,111,189,71,0,31
68,10,13,4,20,2475,B6,LAX,5,144,189,86,0,33,111,189,71,0,31
-2,10,13,4,19,2475,AA,LAX,5,144,189,86,0,33,111,189,71,0,31
-5,10,13,4,7,2475,AA,LAX,5,144,189,86,0,33,111,189,71,0,31
-3,10,13,4,19,2475,DL,LAX,5,144,189,86,0,33,111,189,71,0,31
-4,10,13,4,21,2475,DL,LAX,5,144,189,86,0,33,111,189,71,0,31
23,10,13,4,15,2475,DL,LAX,5,144,189,86,0,33,111,189,71,0,31
17,10,13,4,12,2475,DL,LAX,5,144,189,86,0,33,111,189,71,0,31
-5,10,13,4,7,2475,DL,LAX,5,144,189,86,0,33,111,189,71,0,31
-6,10,13,4,9,2475,DL,LAX,5,144,189,86,0,33,111,189,71,0,31
-2,10,13,4,11,2475,UA,LAX,5,144,189,86,0,33,111,189,71,0,31
29,10,13,4,17,2475,UA,LAX,5,144,189,86,0,33,111,189,71,0,31
-1,10,13,4,6,2475,UA,LAX,5,144,189,86,0,33,111,189,71,0,31
-4,10,13,4,15,2475,UA,LAX,5,144,189,86,0,33,111,189,71,0,31
-3,10,13,4,20,2475,UA,LAX,5,144,189,86,0,33,111,189,71,0,31
-3,10,13,4,8,2475,UA,LAX,5,144,189,86,0,33,111,189,71,0,31
-4,10,20,4,20,2475,UA,LAX,12,122,194,3,0,36,61,83,20,0,72
-3,10,20,4,15,2475,UA,LAX,12,122,194,3,0,36,61,83,20,0,72
-4,10,20,4,11,2475,UA,LAX,12,122,194,3,0,36,61,83,20,0,72
22,10,20,4,17,2475,UA,LAX,12,122,194,3,0,36,61,83,20,0,72
-4,10,20,4,8,2475,UA,LAX,12,122,194,3,0,36,61,83,20,0,72
0,10,20,4,6,2475,UA,LAX,12,122,194,3,0,36,61,83,20,0,72
-2,10,20,4,9,2475,B6,LAX,12,122,194,3,0,36,61,83,20,0,72
-4,10,20,4,6,2475,B6,LAX,12,122,194,3,0,36,61,83,20,0,72
0,10,20,4,11,2475,B6,LAX,12,122,194,3,0,36,61,83,20,0,72
-4,10,20,4,12,2475,AA,LAX,12,122,194,3,0,36,61,83,20,0,72
-9,10,20,4,7,2475,AA,LAX,12,122,194,3,0,36,61,83,20,0,72
-6,10,20,4,13,2475,AA,LAX,12,122,194,3,0,36,61,83,20,0,72
-1,10,20,4,19,2475,AA,LAX,12,122,194,3,0,36,61,83,20,0,72
-4,10,20,4,17,2475,DL,LAX,12,122,194,3,0,36,61,83,20,0,72
-3,10,20,4,9,2475,DL,LAX,12,122,194,3,0,36,61,83,20,0,72
-3,10,20,4,10,2475,AA,LAX,12,122,194,3,0,36,61,83,20,0,72
-2,10,20,4,7,2475,DL,LAX,12,122,194,3,0,36,61,83,20,0,72
-4,10,20,4,12,2475,DL,LAX,12,122,194,3,0,36,61,83,20,0,72
-5,10,20,4,15,2475,DL,LAX,12,122,194,3,0,36,61,83,20,0,72
27,10,20,4,21,2475,DL,LAX,12,122,194,3,0,36,61,83,20,0,72
17,10,20,4,19,2475,DL,LAX,12,122,194,3,0,36,61,83,20,0,72
-3,10,20,4,7,2475,AA,LAX,12,122,194,3,0,36,61,83,20,0,72
-1,10,20,4,15,2475,AA,LAX,12,122,194,3,0,36,61,83,20,0,72
0,10,20,4,21,2475,AA,LAX,12,122,194,3,0,36,61,83,20,0,72
1,10,20,4,9,2475,AA,LAX,12,122,194,3,0,36,61,83,20,0,72
-4,10,20,4,16,2475,AA,LAX,12,122,194,3,0,36,61,83,20,0,72
-3,10,20,4,20,2475,B6,LAX,12,122,194,3,0,36,61,83,20,0,72
2,10,20,4,16,2475,B6,LAX,12,122,194,3,0,36,61,83,20,0,72
-6,11,18,5,9,2475,DL,LAX,4,22,78,0,0,31,-39,106,0,0,83
-5,11,18,5,17,2475,DL,LAX,4,22,78,0,0,31,-39,106,0,0,83
2,11,18,5,9,2475,B6,LAX,4,22,78,0,0,31,-39,106,0,0,83
-4,11,18,5,11,2475,B6,LAX,4,22,78,0,0,31,-39,106,0,0,83
-3,11,18,5,7,2475,B6,LAX,4,22,78,0,0,31,-39,106,0,0,83
-1,11,18,5,16,2475,B6,LAX,4,22,78,0,0,31,-39,106,0,0,83
-3,11,18,5,20,2475,B6,LAX,4,22,78,0,0,31,-39,106,0,0,83
-5,11,18,5,19,2475,DL,LAX,4,22,78,0,0,31,-39,106,0,0,83
7,11,18,5,21,2475,DL,LAX,4,22,78,0,0,31,-39,106,0,0,83
-5,11,18,5,15,2475,DL,LAX,4,22,78,0,0,31,-39,106,0,0,83
-6,11,18,5,12,2475,DL,LAX,4,22,78,0,0,31,-39,106,0,0,83
1,11,18,5,13,2475,AA,LAX,4,22,78,0,0,31,-39,106,0,0,83
9,11,18,5,15,2475,AA,LAX,4,22,78,0,0,31,-39,106,0,0,83
-4,11,18,5,19,2475,AA,LAX,4,22,78,0,0,31,-39,106,0,0,83
-3,11,18,5,10,2475,AA,LAX,4,22,78,0,0,31,-39,106,0,0,83
-1,11,18,5,9,2475,AA,LAX,4,22,78,0,0,31,-39,106,0,0,83
24,11,18,5,21,2475,AA,LAX,4,22,78,0,0,31,-39,106,0,0,83
-4,11,18,5,7,2475,AA,LAX,4,22,78,0,0,31,-39,106,0,0,83
-6,11,18,5,16,2475,AA,LAX,4,22,78,0,0,31,-39,106,0,0,83
-5,11,18,5,12,2475,AA,LAX,4,22,78,0,0,31,-39,106,0,0,83
-4,11,18,5,8,2475,UA,LAX,4,22,78,0,0,31,-39,106,0,0,83
-1,11,18,5,6,2475,UA,LAX,4,22,78,0,0,31,-39,106,0,0,83
16,11,18,5,20,2475,UA,LAX,4,22,78,0,0,31,-39,106,0,0,83
-5,11,18,5,11,2475,UA,LAX,4,22,78,0,0,31,-39,106,0,0,83
-2,11,18,5,17,2475,UA,LAX,4,22,78,0,0,31,-39,106,0,0,83
-1,11,18,5,15,2475,UA,LAX,4,22,78,0,0,31,-39,106,0,0,83
-3,11,25,5,8,2475,UA,LAX,3,78,161,0,0,26,56,139,0,0,75
-1,11,25,5,15,2475,UA,LAX,3,78,161,0,0,26,56,139,0,0,75
0,11,25,5,11,2475,UA,LAX,3,78,161,0,0,26,56,139,0,0,75
-3,11,25,5,17,2475,UA,LAX,3,78,161,0,0,26,56,139,0,0,75
-5,11,25,5,15,2475,AA,LAX,3,78,161,0,0,26,56,139,0,0,75
-9,11,25,5,12,2475,AA,LAX,3,78,161,0,0,26,56,139,0,0,75
-2,11,25,5,19,2475,AA,LAX,3,78,161,0,0,26,56,139,0,0,75
3,11,25,5,7,2475,AA,LAX,3,78,161,0,0,26,56,139,0,0,75
-6,11,25,5,21,2475,AA,LAX,3,78,161,0,0,26,56,139,0,0,75
-2,11,25,5,16,2475,AA,LAX,3,78,161,0,0,26,56,139,0,0,75
-6,11,25,5,9,2475,AA,LAX,3,78,161,0,0,26,56,139,0,0,75
-4,11,25,5,11,2475,B6,LAX,3,78,161,0,0,26,56,139,0,0,75
-4,11,25,5,7,2475,B6,LAX,3,78,161,0,0,26,56,139,0,0,75
-5,11,25,5,17,2475,DL,LAX,3,78,161,0,0,26,56,139,0,0,75
-5,11,25,5,15,2475,DL,LAX,3,78,161,0,0,26,56,139,0,0,75
1,11,25,5,19,2475,DL,LAX,3,78,161,0,0,26,56,139,0,0,75
-5,11,25,5,9,2475,DL,LAX,3,78,161,0,0,26,56,139,0,0,75
-5,11,25,5,9,2475,B6,LAX,3,78,161,0,0,26,56,139,0,0,75
15,11,25,5,20,2475,B6,LAX,3,78,161,0,0,26,56,139,0,0,75
-8,11,25,5,16,2475,B6,LAX,3,78,161,0,0,26,56,139,0,0,75
-1,12,2,5,15,2475,UA,LAX,10,39,111,0,0,24,-6,61,5,0,31
-2,12,2,5,20,2475,UA,LAX,10,39,111,0,0,24,-6,61,5,0,31
-4,12,2,5,17,2475,UA,LAX,10,39,111,0,0,24,-6,61,5,0,31
-1,12,2,5,8,2475,UA,LAX,10,39,111,0,0,24,-6,61,5,0,31
-3,12,2,5,11,2475,UA,LAX,10,39,111,0,0,24,-6,61,5,0,31
11,12,2,5,6,2475,UA,LAX,10,39,111,0,0,24,-6,61,5,0,31
-5,12,2,5,15,2475,AA,LAX,10,39,111,0,0,24,-6,61,5,0,31
-7,12,2,5,12,2475,AA,LAX,10,39,111,0,0,24,-6,61,5,0,31
38,12,2,5,7,2475,AA,LAX,10,39,111,0,0,24,-6,61,5,0,31
-6,12,2,5,9,2475,AA,LAX,10,39,111,0,0,24,-6,61,5,0,31
-9,12,2,5,16,2475,B6,LAX,10,39,111,0,0,24,-6,61,5,0,31
-3,12,2,5,19,2475,AA,LAX,10,39,111,0,0,24,-6,61,5,0,31
-7,12,2,5,10,2475,AA,LAX,10,39,111,0,0,24,-6,61,5,0,31
-6,12,2,5,21,2475,DL,LAX,10,39,111,0,0,24,-6,61,5,0,31
-5,12,2,5,19,2475,DL,LAX,10,39,111,0,0,24,-6,61,5,0,31
19,12,2,5,21,2475,AA,LAX,10,39,111,0,0,24,-6,61,5,0,31
-6,12,2,5,12,2475,DL,LAX,10,39,111,0,0,24,-6,61,5,0,31
-4,12,2,5,15,2475,DL,LAX,10,39,111,0,0,24,-6,61,5,0,31
-4,12,2,5,9,2475,B6,LAX,10,39,111,0,0,24,-6,61,5,0,31
24,12,2,5,16,2475,AA,LAX,10,39,111,0,0,24,-6,61,5,0,31
-4,12,2,5,17,2475,DL,LAX,10,39,111,0,0,24,-6,61,5,0,31
-1,12,2,5,9,2475,DL,LAX,10,39,111,0,0,24,-6,61,5,0,31
-8,12,2,5,20,2475,B6,LAX,10,39,111,0,0,24,-6,61,5,0,31
-4,12,2,5,7,2475,B6,LAX,10,39,111,0,0,24,-6,61,5,0,31
-3,12,2,5,11,2475,B6,LAX,10,39,111,0,0,24,-6,61,5,0,31
