0,1,3,6,9,2475,VX,LAX,2,6,56,180,0,29,56,150,0,0,23
-2,1,3,6,16,2475,VX,LAX,2,6,56,180,0,29,56,150,0,0,23
-1,1,3,6,11,2475,VX,LAX,2,6,56,180,0,29,56,150,0,0,23
8,1,3,6,13,2475,VX,LAX,2,6,56,180,0,29,56,150,0,0,23
-4,1,3,6,7,2475,VX,LAX,2,6,56,180,0,29,56,150,0,0,23
101,1,3,6,20,2475,VX,LAX,2,6,56,180,0,29,56,150,0,0,23
14,1,3,6,15,2475,DL,LAX,2,6,56,180,0,29,56,150,0,0,23
-3,1,3,6,12,2475,AA,LAX,2,6,56,180,0,29,56,150,0,0,23
-3,1,3,6,6,2475,B6,LAX,2,6,56,180,0,29,56,150,0,0,23
-2,1,3,6,9,2475,B6,LAX,2,6,56,180,0,29,56,150,0,0,23
-3,1,3,6,7,2475,AA,LAX,2,6,56,180,0,29,56,150,0,0,23
-9,1,3,6,14,2475,UA,LAX,2,6,56,180,0,29,56,150,0,0,23
-10,1,3,6,10,2475,AA,LAX,2,6,56,180,0,29,56,150,0,0,23
-6,1,3,6,11,2475,UA,LAX,2,6,56,180,0,29,56,150,0,0,23
0,1,3,6,8,2475,UA,LAX,2,6,56,180,0,29,56,150,0,0,23
-4,1,3,6,6,2475,UA,LAX,2,6,56,180,0,29,56,150,0,0,23
2,1,3,6,11,2475,B6,LAX,2,6,56,180,0,29,56,150,0,0,23
-7,1,3,6,9,2475,AA,LAX,2,6,56,180,0,29,56,150,0,0,23
1,1,3,6,16,2475,B6,LAX,2,6,56,180,0,29,56,150,0,0,23
-3,1,3,6,11,2475,AA,LAX,2,6,56,180,0,29,56,150,0,0,23
28,1,3,6,19,2475,AA,LAX,2,6,56,180,0,29,56,150,0,0,23
7,1,3,6,21,2475,B6,LAX,2,6,56,180,0,29,56,150,0,0,23
6,1,3,6,18,2475,AA,LAX,2,6,56,180,0,29,56,150,0,0,23
57,1,3,6,20,2475,AA,LAX,2,6,56,180,0,29,56,150,0,0,23
-2,1,3,6,18,2475,B6,LAX,2,6,56,180,0,29,56,150,0,0,23
0,1,3,6,8,2475,AA,LAX,2,6,56,180,0,29,56,150,0,0,23
-3,1,3,6,17,2475,AA,LAX,2,6,56,180,0,29,56,150,0,0,23
18,1,3,6,14,2475,AA,LAX,2,6,56,180,0,29,56,150,0,0,23
-2,1,3,6,8,2475,B6,LAX,2,6,56,180,0,29,56,150,0,0,23
16,1,3,6,19,2475,DL,LAX,2,6,56,180,0,29,56,150,0,0,23
16,1,3,6,6,2475,AA,LAX,2,6,56,180,0,29,56,150,0,0,23
157,1,3,6,17,2475,DL,LAX,2,6,56,180,0,29,56,150,0,0,23
0,1,3,6,11,2475,DL,LAX,2,6,56,180,0,29,56,150,0,0,23
0,1,3,6,8,2475,DL,LAX,2,6,56,180,0,29,56,150,0,0,23
-5,1,15,4,8,2475,B6,LAX,6,-38,17,0,0,21,100,228,0,0,23
1,1,15,4,11,2475,B6,LAX,6,-38,17,0,0,21,100,228,0,0,23
-7,1,15,4,6,2475,B6,LAX,6,-38,17,0,0,21,100,228,0,0,23
-3,1,15,4,9,2475,B6,LAX,6,-38,17,0,0,21,100,228,0,0,23
-6,1,15,4,10,2475,AA,LAX,6,-38,17,0,0,21,100,228,0,0,23
23,1,15,4,15,2475,B6,LAX,6,-38,17,0,0,21,100,228,0,0,23
0,1,15,4,19,2475,AA,LAX,6,-38,17,0,0,21,100,228,0,0,23
24,1,15,4,20,2475,AA,LAX,6,-38,17,0,0,21,100,228,0,0,23
19,1,15,4,21,2475,B6,LAX,6,-38,17,0,0,21,100,228,0,0,23
9,1,15,4,18,2475,B6,LAX,6,-38,17,0,0,21,100,228,0,0,23
65,1,15,4,17,2475,AA,LAX,6,-38,17,0,0,21,100,228,0,0,23
79,1,15,4,6,2475,AA,LAX,6,-38,17,0,0,21,100,228,0,0,23
3,1,15,4,16,2475,AA,LAX,6,-38,17,0,0,21,100,228,0,0,23
-7,1,15,4,14,2475,AA,LAX,6,-38,17,0,0,21,100,228,0,0,23
-1,1,15,4,17,2475,DL,LAX,6,-38,17,0,0,21,100,228,0,0,23
-6,1,15,4,9,2475,DL,LAX,6,-38,17,0,0,21,100,228,0,0,23
-3,1,15,4,15,2475,DL,LAX,6,-38,17,0,0,21,100,228,0,0,23
6,1,15,4,7,2475,DL,LAX,6,-38,17,0,0,21,100,228,0,0,23
35,1,15,4,21,2475,DL,LAX,6,-38,17,0,0,21,100,228,0,0,23
-2,1,15,4,8,2475,AA,LAX,6,-38,17,0,0,21,100,228,0,0,23
7,1,15,4,11,2475,DL,LAX,6,-38,17,0,0,21,100,228,0,0,23
2,1,15,4,18,2475,DL,LAX,6,-38,17,0,0,21,100,228,0,0,23
6,1,15,4,8,2475,DL,LAX,6,-38,17,0,0,21,100,228,0,0,23
-1,1,15,4,18,2475,AA,LAX,6,-38,17,0,0,21,100,228,0,0,23
-5,1,15,4,11,2475,AA,LAX,6,-38,17,0,0,21,100,228,0,0,23
-9,1,15,4,7,2475,AA,LAX,6,-38,17,0,0,21,100,228,0,0,23
-7,1,15,4,12,2475,AA,LAX,6,-38,17,0,0,21,100,228,0,0,23
397,1,15,4,7,2475,VX,LAX,6,-38,17,0,0,21,100,228,0,0,23
51,1,15,4,9,2475,VX,LAX,6,-38,17,0,0,21,100,228,0,0,23
188,1,15,4,13,2475,VX,LAX,6,-38,17,0,0,21,100,228,0,0,23
0,1,15,4,16,2475,VX,LAX,6,-38,17,0,0,21,100,228,0,0,23
-5,1,15,4,20,2475,VX,LAX,6,-38,17,0,0,21,100,228,0,0,23
-8,1,15,4,9,2475,AA,LAX,6,-38,17,0,0,21,100,228,0,0,23
33,1,15,4,8,2475,UA,LAX,6,-38,17,0,0,21,100,228,0,0,23
0,1,15,4,11,2475,UA,LAX,6,-38,17,0,0,21,100,228,0,0,23
-8,1,15,4,17,2475,UA,LAX,6,-38,17,0,0,21,100,228,0,0,23
10,1,15,4,19,2475,UA,LAX,6,-38,17,0,0,21,100,228,0,0,23
0,1,15,4,6,2475,UA,LAX,6,-38,17,0,0,21,100,228,0,0,23
-6,1,15,4,14,2475,UA,LAX,6,-38,17,0,0,21,100,228,0,0,23
4,1,27,2,21,2475,B6,LAX,6,-66,-10,91,109,37,122,206,0,0,22
0,2,11,3,16,2475,VX,LAX,7,-55,11,0,0,29,128,283,0,0,17
-9,2,11,3,13,2475,VX,LAX,7,-55,11,0,0,29,128,283,0,0,17
2,2,11,3,9,2475,VX,LAX,7,-55,11,0,0,29,128,283,0,0,17
6,2,11,3,7,2475,VX,LAX,7,-55,11,0,0,29,128,283,0,0,17
12,2,11,3,20,2475,VX,LAX,7,-55,11,0,0,29,128,283,0,0,17
1,2,11,3,18,2475,DL,LAX,7,-55,11,0,0,29,128,283,0,0,17
8,2,11,3,17,2475,AA,LAX,7,-55,11,0,0,29,128,283,0,0,17
-1,2,11,3,16,2475,AA,LAX,7,-55,11,0,0,29,128,283,0,0,17
-5,2,11,3,11,2475,AA,LAX,7,-55,11,0,0,29,128,283,0,0,17
-2,2,11,3,8,2475,B6,LAX,7,-55,11,0,0,29,128,283,0,0,17
-11,2,11,3,7,2475,AA,LAX,7,-55,11,0,0,29,128,283,0,0,17
-1,2,11,3,11,2475,DL,LAX,7,-55,11,0,0,29,128,283,0,0,17
-2,2,11,3,6,2475,B6,LAX,7,-55,11,0,0,29,128,283,0,0,17
-3,2,11,3,6,2475,AA,LAX,7,-55,11,0,0,29,128,283,0,0,17
-4,2,11,3,14,2475,UA,LAX,7,-55,11,0,0,29,128,283,0,0,17
-5,2,11,3,11,2475,UA,LAX,7,-55,11,0,0,29,128,283,0,0,17
-6,2,11,3,17,2475,UA,LAX,7,-55,11,0,0,29,128,283,0,0,17
5,2,11,3,20,2475,AA,LAX,7,-55,11,0,0,29,128,283,0,0,17
-3,2,11,3,21,2475,B6,LAX,7,-55,11,0,0,29,128,283,0,0,17
50,2,11,3,19,2475,UA,LAX,7,-55,11,0,0,29,128,283,0,0,17
-2,2,11,3,8,2475,UA,LAX,7,-55,11,0,0,29,128,283,0,0,17
0,2,11,3,9,2475,B6,LAX,7,-55,11,0,0,29,128,283,0,0,17
24,2,11,3,12,2475,AA,LAX,7,-55,11,0,0,29,128,283,0,0,17
-2,2,11,3,6,2475,UA,LAX,7,-55,11,0,0,29,128,283,0,0,17
8,2,11,3,8,2475,AA,LAX,7,-55,11,0,0,29,128,283,0,0,17
-7,2,11,3,10,2475,AA,LAX,7,-55,11,0,0,29,128,283,0,0,17
0,2,11,3,8,2475,DL,LAX,7,-55,11,0,0,29,128,283,0,0,17
-2,2,11,3,11,2475,B6,LAX,7,-55,11,0,0,29,128,283,0,0,17
3,2,11,3,18,2475,AA,LAX,7,-55,11,0,0,29,128,283,0,0,17
-4,2,11,3,18,2475,B6,LAX,7,-55,11,0,0,29,128,283,0,0,17
16,2,11,3,17,2475,DL,LAX,7,-55,11,0,0,29,128,283,0,0,17
-2,2,11,3,9,2475,DL,LAX,7,-55,11,0,0,29,128,283,0,0,17
4,2,11,3,19,2475,AA,LAX,7,-55,11,0,0,29,128,283,0,0,17
10,2,11,3,15,2475,B6,LAX,7,-55,11,0,0,29,128,283,0,0,17
-1,2,11,3,15,2475,DL,LAX,7,-55,11,0,0,29,128,283,0,0,17
10,2,11,3,7,2475,DL,LAX,7,-55,11,0,0,29,128,283,0,0,17
26,2,11,3,21,2475,DL,LAX,7,-55,11,0,0,29,128,283,0,0,17
-4,2,11,3,9,2475,AA,LAX,7,-55,11,0,0,29,128,283,0,0,17
-7,2,11,3,14,2475,AA,LAX,7,-55,11,0,0,29,128,283,0,0,17
41,3,6,5,17,2475,UA,LAX,16,-110,-27,0,0,28,100,261,0,0,15
3,3,6,5,19,2475,UA,LAX,16,-110,-27,0,0,28,100,261,0,0,15
-1,3,6,5,8,2475,UA,LAX,16,-110,-27,0,0,28,100,261,0,0,15
45,3,6,5,11,2475,UA,LAX,16,-110,-27,0,0,28,100,261,0,0,15
-1,3,6,5,14,2475,UA,LAX,16,-110,-27,0,0,28,100,261,0,0,15
0,3,6,5,7,2475,VX,LAX,16,-110,-27,0,0,28,100,261,0,0,15
53,3,6,5,9,2475,VX,LAX,16,-110,-27,0,0,28,100,261,0,0,15
59,3,6,5,13,2475,VX,LAX,16,-110,-27,0,0,28,100,261,0,0,15
56,3,6,5,16,2475,VX,LAX,16,-110,-27,0,0,28,100,261,0,0,15
-4,3,6,5,20,2475,VX,LAX,16,-110,-27,0,0,28,100,261,0,0,15
30,3,6,5,9,2475,AA,LAX,16,-110,-27,0,0,28,100,261,0,0,15
0,3,6,5,11,2475,B6,LAX,16,-110,-27,0,0,28,100,261,0,0,15
103,3,6,5,12,2475,AA,LAX,16,-110,-27,0,0,28,100,261,0,0,15
26,3,6,5,20,2475,AA,LAX,16,-110,-27,0,0,28,100,261,0,0,15
46,3,6,5,9,2475,B6,LAX,16,-110,-27,0,0,28,100,261,0,0,15
14,3,6,5,16,2475,AA,LAX,16,-110,-27,0,0,28,100,261,0,0,15
35,3,6,5,8,2475,AA,LAX,16,-110,-27,0,0,28,100,261,0,0,15
-5,3,6,5,6,2475,B6,LAX,16,-110,-27,0,0,28,100,261,0,0,15
166,3,6,5,18,2475,B6,LAX,16,-110,-27,0,0,28,100,261,0,0,15
8,3,6,5,9,2475,DL,LAX,16,-110,-27,0,0,28,100,261,0,0,15
29,3,6,5,12,2475,DL,LAX,16,-110,-27,0,0,28,100,261,0,0,15
33,3,6,5,7,2475,DL,LAX,16,-110,-27,0,0,28,100,261,0,0,15
123,3,6,5,21,2475,DL,LAX,16,-110,-27,0,0,28,100,261,0,0,15
96,3,6,5,11,2475,AA,LAX,16,-110,-27,0,0,28,100,261,0,0,15
33,3,6,5,17,2475,DL,LAX,16,-110,-27,0,0,28,100,261,0,0,15
48,3,6,5,18,2475,DL,LAX,16,-110,-27,0,0,28,100,261,0,0,15
41,3,6,5,19,2475,AA,LAX,16,-110,-27,0,0,28,100,261,0,0,15
34,3,6,5,15,2475,DL,LAX,16,-110,-27,0,0,28,100,261,0,0,15
191,3,6,5,8,2475,DL,LAX,16,-110,-27,0,0,28,100,261,0,0,15
103,3,6,5,14,2475,AA,LAX,16,-110,-27,0,0,28,100,261,0,0,15
15,3,6,5,21,2475,B6,LAX,16,-110,-27,0,0,28,100,261,0,0,15
8,3,6,5,7,2475,B6,LAX,16,-110,-27,0,0,28,100,261,0,0,15
-2,3,6,5,7,2475,AA,LAX,16,-110,-27,0,0,28,100,261,0,0,15
65,3,6,5,10,2475,AA,LAX,16,-110,-27,0,0,28,100,261,0,0,15
51,3,6,5,18,2475,AA,LAX,16,-110,-27,0,0,28,100,261,0,0,15
37,3,6,5,17,2475,AA,LAX,16,-110,-27,0,0,28,100,261,0,0,15
64,3,6,5,16,2475,B6,LAX,16,-110,-27,0,0,28,100,261,0,0,15
-8,3,18,3,17,2475,UA,LAX,28,-16,39,0,0,43,156,222,0,0,30
143,3,18,3,19,2475,UA,LAX,28,-16,39,0,0,43,156,222,0,0,30
-9,3,18,3,8,2475,UA,LAX,28,-16,39,0,0,43,156,222,0,0,30
-5,3,18,3,14,2475,UA,LAX,28,-16,39,0,0,43,156,222,0,0,30
-2,3,18,3,11,2475,UA,LAX,28,-16,39,0,0,43,156,222,0,0,30
-1,3,18,3,16,2475,VX,LAX,28,-16,39,0,0,43,156,222,0,0,30
-3,3,18,3,13,2475,VX,LAX,28,-16,39,0,0,43,156,222,0,0,30
-6,3,18,3,7,2475,VX,LAX,28,-16,39,0,0,43,156,222,0,0,30
193,3,18,3,20,2475,VX,LAX,28,-16,39,0,0,43,156,222,0,0,30
14,3,18,3,9,2475,VX,LAX,28,-16,39,0,0,43,156,222,0,0,30
-5,3,18,3,21,2475,AA,LAX,28,-16,39,0,0,43,156,222,0,0,30
-4,3,18,3,6,2475,AA,LAX,28,-16,39,0,0,43,156,222,0,0,30
137,3,18,3,21,2475,B6,LAX,28,-16,39,0,0,43,156,222,0,0,30
-6,3,18,3,19,2475,AA,LAX,28,-16,39,0,0,43,156,222,0,0,30
9,3,18,3,16,2475,B6,LAX,28,-16,39,0,0,43,156,222,0,0,30
-9,3,18,3,8,2475,AA,LAX,28,-16,39,0,0,43,156,222,0,0,30
24,3,18,3,10,2475,AA,LAX,28,-16,39,0,0,43,156,222,0,0,30
-1,3,18,3,8,2475,DL,LAX,28,-16,39,0,0,43,156,222,0,0,30
-7,3,18,3,7,2475,AA,LAX,28,-16,39,0,0,43,156,222,0,0,30
61,3,18,3,15,2475,DL,LAX,28,-16,39,0,0,43,156,222,0,0,30
18,3,18,3,18,2475,DL,LAX,28,-16,39,0,0,43,156,222,0,0,30
203,3,18,3,17,2475,DL,LAX,28,-16,39,0,0,43,156,222,0,0,30
-2,3,18,3,21,2475,DL,LAX,28,-16,39,0,0,43,156,222,0,0,30
-4,3,18,3,14,2475,AA,LAX,28,-16,39,0,0,43,156,222,0,0,30
-2,3,18,3,7,2475,DL,LAX,28,-16,39,0,0,43,156,222,0,0,30
-6,3,18,3,9,2475,B6,LAX,28,-16,39,0,0,43,156,222,0,0,30
-5,3,18,3,17,2475,AA,LAX,28,-16,39,0,0,43,156,222,0,0,30
35,3,18,3,12,2475,DL,LAX,28,-16,39,0,0,43,156,222,0,0,30
29,3,18,3,11,2475,B6,LAX,28,-16,39,0,0,43,156,222,0,0,30
-1,3,18,3,18,2475,AA,LAX,28,-16,39,0,0,43,156,222,0,0,30
0,3,18,3,18,2475,B6,LAX,28,-16,39,0,0,43,156,222,0,0,30
-5,3,18,3,6,2475,B6,LAX,28,-16,39,0,0,43,156,222,0,0,30
30,3,18,3,9,2475,DL,LAX,28,-16,39,0,0,43,156,222,0,0,30
-4,3,18,3,8,2475,B6,LAX,28,-16,39,0,0,43,156,222,0,0,30
-3,3,18,3,12,2475,AA,LAX,28,-16,39,0,0,43,156,222,0,0,30
-3,3,18,3,11,2475,AA,LAX,28,-16,39,0,0,43,156,222,0,0,30
-3,3,18,3,16,2475,AA,LAX,28,-16,39,0,0,43,156,222,0,0,30
-6,3,18,3,9,2475,AA,LAX,28,-16,39,0,0,43,156,222,0,0,30
14,3,31,2,17,2475,DL,LAX,41,17,83,43,0,24,128,189,0,0,21
-3,3,31,2,17,2475,UA,LAX,41,17,83,43,0,24,128,189,0,0,21
-6,3,31,2,12,2475,DL,LAX,41,17,83,43,0,24,128,189,0,0,21
4,3,31,2,14,2475,UA,LAX,41,17,83,43,0,24,128,189,0,0,21
-1,3,31,2,8,2475,DL,LAX,41,17,83,43,0,24,128,189,0,0,21
-2,3,31,2,11,2475,UA,LAX,41,17,83,43,0,24,128,189,0,0,21
-1,3,31,2,18,2475,DL,LAX,41,17,83,43,0,24,128,189,0,0,21
16,3,31,2,7,2475,DL,LAX,41,17,83,43,0,24,128,189,0,0,21
5,3,31,2,15,2475,DL,LAX,41,17,83,43,0,24,128,189,0,0,21
-5,3,31,2,9,2475,DL,LAX,41,17,83,43,0,24,128,189,0,0,21
2,3,31,2,8,2475,UA,LAX,41,17,83,43,0,24,128,189,0,0,21
29,3,31,2,19,2475,UA,LAX,41,17,83,43,0,24,128,189,0,0,21
58,3,31,2,21,2475,DL,LAX,41,17,83,43,0,24,128,189,0,0,21
-6,3,31,2,11,2475,AA,LAX,41,17,83,43,0,24,128,189,0,0,21
-4,3,31,2,8,2475,AA,LAX,41,17,83,43,0,24,128,189,0,0,21
-4,3,31,2,12,2475,AA,LAX,41,17,83,43,0,24,128,189,0,0,21
50,3,31,2,19,2475,AA,LAX,41,17,83,43,0,24,128,189,0,0,21
-8,3,31,2,12,2475,B6,LAX,41,17,83,43,0,24,128,189,0,0,21
15,3,31,2,16,2475,B6,LAX,41,17,83,43,0,24,128,189,0,0,21
46,3,31,2,11,2475,B6,LAX,41,17,83,43,0,24,128,189,0,0,21
13,3,31,2,21,2475,B6,LAX,41,17,83,43,0,24,128,189,0,0,21
-1,3,31,2,16,2475,AA,LAX,41,17,83,43,0,24,128,189,0,0,21
-4,3,31,2,6,2475,B6,LAX,41,17,83,43,0,24,128,189,0,0,21
-1,3,31,2,7,2475,AA,LAX,41,17,83,43,0,24,128,189,0,0,21
-4,3,31,2,15,2475,AA,LAX,41,17,83,43,0,24,128,189,0,0,21
-6,3,31,2,21,2475,AA,LAX,41,17,83,43,0,24,128,189,0,0,21
-7,3,31,2,10,2475,AA,LAX,41,17,83,43,0,24,128,189,0,0,21
52,3,31,2,18,2475,AA,LAX,41,17,83,43,0,24,128,189,0,0,21
-1,3,31,2,17,2475,AA,LAX,41,17,83,43,0,24,128,189,0,0,21
42,3,31,2,9,2475,B6,LAX,41,17,83,43,0,24,128,189,0,0,21
4,3,31,2,9,2475,AA,LAX,41,17,83,43,0,24,128,189,0,0,21
39,3,31,2,18,2475,B6,LAX,41,17,83,43,0,24,128,189,0,0,21
0,3,31,2,7,2475,VX,LAX,41,17,83,43,0,24,128,189,0,0,21
-7,3,31,2,9,2475,VX,LAX,41,17,83,43,0,24,128,189,0,0,21
2,3,31,2,13,2475,VX,LAX,41,17,83,43,0,24,128,189,0,0,21
0,3,31,2,16,2475,VX,LAX,41,17,83,43,0,24,128,189,0,0,21
28,3,31,2,20,2475,VX,LAX,41,17,83,43,0,24,128,189,0,0,21
-7,4,2,4,9,2475,AA,LAX,43,50,194,0,0,28,117,211,0,0,32
-6,4,2,4,10,2475,AA,LAX,43,50,194,0,0,28,117,211,0,0,32
-3,4,2,4,19,2475,AA,LAX,43,50,194,0,0,28,117,211,0,0,32
13,4,2,4,21,2475,AA,LAX,43,50,194,0,0,28,117,211,0,0,32
0,4,2,4,17,2475,AA,LAX,43,50,194,0,0,28,117,211,0,0,32
-4,4,2,4,8,2475,AA,LAX,43,50,194,0,0,28,117,211,0,0,32
-2,4,2,4,6,2475,AA,LAX,43,50,194,0,0,28,117,211,0,0,32
11,4,2,4,7,2475,AA,LAX,43,50,194,0,0,28,117,211,0,0,32
-3,4,2,4,11,2475,AA,LAX,43,50,194,0,0,28,117,211,0,0,32
-5,4,2,4,12,2475,AA,LAX,43,50,194,0,0,28,117,211,0,0,32
-4,4,2,4,16,2475,AA,LAX,43,50,194,0,0,28,117,211,0,0,32
4,4,2,4,18,2475,AA,LAX,43,50,194,0,0,28,117,211,0,0,32
-9,4,2,4,15,2475,AA,LAX,43,50,194,0,0,28,117,211,0,0,32
-3,4,2,4,9,2475,VX,LAX,43,50,194,0,0,28,117,211,0,0,32
29,4,2,4,18,2475,DL,LAX,43,50,194,0,0,28,117,211,0,0,32
7,4,2,4,8,2475,DL,LAX,43,50,194,0,0,28,117,211,0,0,32
46,4,2,4,17,2475,DL,LAX,43,50,194,0,0,28,117,211,0,0,32
2,4,2,4,21,2475,DL,LAX,43,50,194,0,0,28,117,211,0,0,32
86,4,2,4,7,2475,DL,LAX,43,50,194,0,0,28,117,211,0,0,32
-1,4,2,4,12,2475,DL,LAX,43,50,194,0,0,28,117,211,0,0,32
1,4,2,4,9,2475,DL,LAX,43,50,194,0,0,28,117,211,0,0,32
4,4,2,4,16,2475,B6,LAX,43,50,194,0,0,28,117,211,0,0,32
-6,4,2,4,20,2475,VX,LAX,43,50,194,0,0,28,117,211,0,0,32
-1,4,2,4,16,2475,VX,LAX,43,50,194,0,0,28,117,211,0,0,32
0,4,2,4,13,2475,VX,LAX,43,50,194,0,0,28,117,211,0,0,32
0,4,2,4,7,2475,VX,LAX,43,50,194,0,0,28,117,211,0,0,32
-4,4,2,4,6,2475,B6,LAX,43,50,194,0,0,28,117,211,0,0,32
-3,4,2,4,9,2475,B6,LAX,43,50,194,0,0,28,117,211,0,0,32
19,4,2,4,18,2475,B6,LAX,43,50,194,0,0,28,117,211,0,0,32
3,4,2,4,11,2475,B6,LAX,43,50,194,0,0,28,117,211,0,0,32
-4,4,2,4,14,2475,UA,LAX,43,50,194,0,0,28,117,211,0,0,32
-3,4,2,4,11,2475,UA,LAX,43,50,194,0,0,28,117,211,0,0,32
21,4,2,4,17,2475,UA,LAX,43,50,194,0,0,28,117,211,0,0,32
-2,4,2,4,19,2475,UA,LAX,43,50,194,0,0,28,117,211,0,0,32
14,4,2,4,8,2475,UA,LAX,43,50,194,0,0,28,117,211,0,0,32
14,4,2,4,21,2475,B6,LAX,43,50,194,0,0,28,117,211,0,0,32
-4,4,2,4,12,2475,B6,LAX,43,50,194,0,0,28,117,211,0,0,32
-7,4,14,2,18,2475,AA,LAX,38,128,183,3,0,17,133,189,0,0,37
-4,4,14,2,10,2475,AA,LAX,38,128,183,3,0,17,133,189,0,0,37
-8,4,14,2,15,2475,AA,LAX,38,128,183,3,0,17,133,189,0,0,37
-5,4,14,2,11,2475,AA,LAX,38,128,183,3,0,17,133,189,0,0,37
-3,4,14,2,9,2475,AA,LAX,38,128,183,3,0,17,133,189,0,0,37
0,4,14,2,17,2475,AA,LAX,38,128,183,3,0,17,133,189,0,0,37
-8,4,14,2,21,2475,AA,LAX,38,128,183,3,0,17,133,189,0,0,37
0,4,14,2,12,2475,AA,LAX,38,128,183,3,0,17,133,189,0,0,37
-3,4,14,2,19,2475,AA,LAX,38,128,183,3,0,17,133,189,0,0,37
-7,4,14,2,8,2475,AA,LAX,38,128,183,3,0,17,133,189,0,0,37
-5,4,14,2,16,2475,AA,LAX,38,128,183,3,0,17,133,189,0,0,37
7,4,14,2,14,2475,UA,LAX,38,128,183,3,0,17,133,189,0,0,37
-2,4,14,2,17,2475,UA,LAX,38,128,183,3,0,17,133,189,0,0,37
-4,4,14,2,8,2475,UA,LAX,38,128,183,3,0,17,133,189,0,0,37
-7,4,14,2,11,2475,UA,LAX,38,128,183,3,0,17,133,189,0,0,37
-2,4,14,2,6,2475,UA,LAX,38,128,183,3,0,17,133,189,0,0,37
3,4,14,2,19,2475,UA,LAX,38,128,183,3,0,17,133,189,0,0,37
-2,4,14,2,7,2475,VX,LAX,38,128,183,3,0,17,133,189,0,0,37
-4,4,14,2,6,2475,B6,LAX,38,128,183,3,0,17,133,189,0,0,37
-4,4,14,2,8,2475,DL,LAX,38,128,183,3,0,17,133,189,0,0,37
10,4,14,2,18,2475,DL,LAX,38,128,183,3,0,17,133,189,0,0,37
0,4,14,2,9,2475,B6,LAX,38,128,183,3,0,17,133,189,0,0,37
2,4,14,2,15,2475,DL,LAX,38,128,183,3,0,17,133,189,0,0,37
-6,4,14,2,9,2475,DL,LAX,38,128,183,3,0,17,133,189,0,0,37
-5,4,14,2,11,2475,DL,LAX,38,128,183,3,0,17,133,189,0,0,37
0,4,14,2,7,2475,DL,LAX,38,128,183,3,0,17,133,189,0,0,37
-3,4,14,2,11,2475,B6,LAX,38,128,183,3,0,17,133,189,0,0,37
1,4,14,2,21,2475,DL,LAX,38,128,183,3,0,17,133,189,0,0,37
-2,4,14,2,21,2475,B6,LAX,38,128,183,3,0,17,133,189,0,0,37
-7,4,14,2,12,2475,B6,LAX,38,128,183,3,0,17,133,189,0,0,37
-8,4,14,2,20,2475,VX,LAX,38,128,183,3,0,17,133,189,0,0,37
-1,4,14,2,18,2475,B6,LAX,38,128,183,3,0,17,133,189,0,0,37
62,4,14,2,16,2475,VX,LAX,38,128,183,3,0,17,133,189,0,0,37
-2,4,14,2,13,2475,VX,LAX,38,128,183,3,0,17,133,189,0,0,37
-2,4,14,2,16,2475,B6,LAX,38,128,183,3,0,17,133,189,0,0,37
-4,4,14,2,9,2475,VX,LAX,38,128,183,3,0,17,133,189,0,0,37
9,4,14,2,17,2475,DL,LAX,38,128,183,3,0,17,133,189,0,0,37
2,4,26,7,20,2475,VX,LAX,26,78,178,0,0,23,106,211,0,0,45
-3,4,26,7,16,2475,VX,LAX,26,78,178,0,0,23,106,211,0,0,45
-8,4,26,7,13,2475,VX,LAX,26,78,178,0,0,23,106,211,0,0,45
-3,4,26,7,9,2475,VX,LAX,26,78,178,0,0,23,106,211,0,0,45
17,4,26,7,7,2475,VX,LAX,26,78,178,0,0,23,106,211,0,0,45
-5,4,26,7,12,2475,AA,LAX,26,78,178,0,0,23,106,211,0,0,45
17,4,26,7,17,2475,AA,LAX,26,78,178,0,0,23,106,211,0,0,45
-9,4,26,7,9,2475,AA,LAX,26,78,178,0,0,23,106,211,0,0,45
0,4,26,7,18,2475,AA,LAX,26,78,178,0,0,23,106,211,0,0,45
0,4,26,7,8,2475,AA,LAX,26,78,178,0,0,23,106,211,0,0,45
-3,4,26,7,15,2475,AA,LAX,26,78,178,0,0,23,106,211,0,0,45
-9,4,26,7,11,2475,AA,LAX,26,78,178,0,0,23,106,211,0,0,45
-7,4,26,7,19,2475,AA,LAX,26,78,178,0,0,23,106,211,0,0,45
5,4,26,7,6,2475,AA,LAX,26,78,178,0,0,23,106,211,0,0,45
-8,4,26,7,10,2475,AA,LAX,26,78,178,0,0,23,106,211,0,0,45
-7,4,26,7,7,2475,AA,LAX,26,78,178,0,0,23,106,211,0,0,45
22,4,26,7,16,2475,AA,LAX,26,78,178,0,0,23,106,211,0,0,45
-3,4,26,7,21,2475,AA,LAX,26,78,178,0,0,23,106,211,0,0,45
22,4,26,7,19,2475,UA,LAX,26,78,178,0,0,23,106,211,0,0,45
1,4,26,7,11,2475,UA,LAX,26,78,178,0,0,23,106,211,0,0,45
89,4,26,7,17,2475,UA,LAX,26,78,178,0,0,23,106,211,0,0,45
-5,4,26,7,14,2475,UA,LAX,26,78,178,0,0,23,106,211,0,0,45
1,4,26,7,8,2475,UA,LAX,26,78,178,0,0,23,106,211,0,0,45
-3,4,26,7,7,2475,DL,LAX,26,78,178,0,0,23,106,211,0,0,45
31,4,26,7,21,2475,DL,LAX,26,78,178,0,0,23,106,211,0,0,45
10,4,26,7,18,2475,DL,LAX,26,78,178,0,0,23,106,211,0,0,45
-3,4,26,7,8,2475,DL,LAX,26,78,178,0,0,23,106,211,0,0,45
-5,4,26,7,11,2475,B6,LAX,26,78,178,0,0,23,106,211,0,0,45
22,4,26,7,21,2475,B6,LAX,26,78,178,0,0,23,106,211,0,0,45
-5,4,26,7,18,2475,B6,LAX,26,78,178,0,0,23,106,211,0,0,45
-11,4,26,7,6,2475,B6,LAX,26,78,178,0,0,23,106,211,0,0,45
11,4,26,7,17,2475,DL,LAX,26,78,178,0,0,23,106,211,0,0,45
-3,4,26,7,9,2475,B6,LAX,26,78,178,0,0,23,106,211,0,0,45
33,4,26,7,15,2475,DL,LAX,26,78,178,0,0,23,106,211,0,0,45
-2,4,26,7,12,2475,B6,LAX,26,78,178,0,0,23,106,211,0,0,45
-9,4,26,7,9,2475,DL,LAX,26,78,178,0,0,23,106,211,0,0,45
-3,4,26,7,16,2475,B6,LAX,26,78,178,0,0,23,106,211,0,0,45
-5,4,26,7,11,2475,DL,LAX,26,78,178,0,0,23,106,211,0,0,45
-8,5,9,6,13,2475,VX,LAX,13,139,211,0,0,19,128,178,0,0,32
-4,5,9,6,7,2475,VX,LAX,13,139,211,0,0,19,128,178,0,0,32
-8,5,9,6,9,2475,VX,LAX,13,139,211,0,0,19,128,178,0,0,32
0,5,9,6,16,2475,VX,LAX,13,139,211,0,0,19,128,178,0,0,32
6,5,9,6,20,2475,VX,LAX,13,139,211,0,0,19,128,178,0,0,32
-5,5,9,6,8,2475,UA,LAX,13,139,211,0,0,19,128,178,0,0,32
-5,5,9,6,6,2475,UA,LAX,13,139,211,0,0,19,128,178,0,0,32
0,5,9,6,14,2475,UA,LAX,13,139,211,0,0,19,128,178,0,0,32
2,5,9,6,18,2475,UA,LAX,13,139,211,0,0,19,128,178,0,0,32
-2,5,9,6,11,2475,UA,LAX,13,139,211,0,0,19,128,178,0,0,32
9,5,9,6,7,2475,AA,LAX,13,139,211,0,0,19,128,178,0,0,32
-4,5,9,6,18,2475,B6,LAX,13,139,211,0,0,19,128,178,0,0,32
10,5,9,6,11,2475,AA,LAX,13,139,211,0,0,19,128,178,0,0,32
-2,5,9,6,13,2475,B6,LAX,13,139,211,0,0,19,128,178,0,0,32
13,5,9,6,11,2475,B6,LAX,13,139,211,0,0,19,128,178,0,0,32
-3,5,9,6,8,2475,B6,LAX,13,139,211,0,0,19,128,178,0,0,32
-3,5,9,6,12,2475,DL,LAX,13,139,211,0,0,19,128,178,0,0,32
15,5,9,6,19,2475,AA,LAX,13,139,211,0,0,19,128,178,0,0,32
4,5,9,6,15,2475,DL,LAX,13,139,211,0,0,19,128,178,0,0,32
-2,5,9,6,15,2475,AA,LAX,13,139,211,0,0,19,128,178,0,0,32
-4,5,9,6,6,2475,B6,LAX,13,139,211,0,0,19,128,178,0,0,32
-3,5,9,6,9,2475,B6,LAX,13,139,211,0,0,19,128,178,0,0,32
-3,5,9,6,17,2475,AA,LAX,13,139,211,0,0,19,128,178,0,0,32
158,5,9,6,18,2475,DL,LAX,13,139,211,0,0,19,128,178,0,0,32
-2,5,9,6,16,2475,B6,LAX,13,139,211,0,0,19,128,178,0,0,32
-2,5,9,6,21,2475,AA,LAX,13,139,211,0,0,19,128,178,0,0,32
14,5,9,6,8,2475,DL,LAX,13,139,211,0,0,19,128,178,0,0,32
5,5,9,6,17,2475,DL,LAX,13,139,211,0,0,19,128,178,0,0,32
-5,5,9,6,12,2475,AA,LAX,13,139,211,0,0,19,128,178,0,0,32
12,5,10,7,16,2475,VX,LAX,12,161,283,0,0,16,122,189,0,0,29
-7,5,10,7,9,2475,VX,LAX,12,161,283,0,0,16,122,189,0,0,29
-12,5,10,7,7,2475,VX,LAX,12,161,283,0,0,16,122,189,0,0,29
-2,5,10,7,13,2475,VX,LAX,12,161,283,0,0,16,122,189,0,0,29
7,5,10,7,20,2475,VX,LAX,12,161,283,0,0,16,122,189,0,0,29
0,5,10,7,18,2475,B6,LAX,12,161,283,0,0,16,122,189,0,0,29
-3,5,10,7,21,2475,AA,LAX,12,161,283,0,0,16,122,189,0,0,29
-3,5,10,7,12,2475,AA,LAX,12,161,283,0,0,16,122,189,0,0,29
218,5,10,7,17,2475,UA,LAX,12,161,283,0,0,16,122,189,0,0,29
-4,5,10,7,17,2475,AA,LAX,12,161,283,0,0,16,122,189,0,0,29
-5,5,10,7,10,2475,AA,LAX,12,161,283,0,0,16,122,189,0,0,29
13,5,10,7,19,2475,UA,LAX,12,161,283,0,0,16,122,189,0,0,29
5,5,10,7,8,2475,B6,LAX,12,161,283,0,0,16,122,189,0,0,29
-2,5,10,7,7,2475,AA,LAX,12,161,283,0,0,16,122,189,0,0,29
-4,5,10,7,9,2475,AA,LAX,12,161,283,0,0,16,122,189,0,0,29
-3,5,10,7,11,2475,UA,LAX,12,161,283,0,0,16,122,189,0,0,29
1,5,10,7,11,2475,B6,LAX,12,161,283,0,0,16,122,189,0,0,29
-7,5,10,7,8,2475,AA,LAX,12,161,283,0,0,16,122,189,0,0,29
-7,5,10,7,13,2475,B6,LAX,12,161,283,0,0,16,122,189,0,0,29
0,5,10,7,8,2475,UA,LAX,12,161,283,0,0,16,122,189,0,0,29
55,5,10,7,18,2475,AA,LAX,12,161,283,0,0,16,122,189,0,0,29
7,5,10,7,16,2475,AA,LAX,12,161,283,0,0,16,122,189,0,0,29
12,5,10,7,14,2475,UA,LAX,12,161,283,0,0,16,122,189,0,0,29
2,5,10,7,11,2475,AA,LAX,12,161,283,0,0,16,122,189,0,0,29
-5,5,10,7,16,2475,B6,LAX,12,161,283,0,0,16,122,189,0,0,29
-6,5,10,7,6,2475,AA,LAX,12,161,283,0,0,16,122,189,0,0,29
-5,5,10,7,21,2475,B6,LAX,12,161,283,0,0,16,122,189,0,0,29
-6,5,10,7,9,2475,B6,LAX,12,161,283,0,0,16,122,189,0,0,29
-5,5,10,7,15,2475,AA,LAX,12,161,283,0,0,16,122,189,0,0,29
-3,5,10,7,19,2475,AA,LAX,12,161,283,0,0,16,122,189,0,0,29
-3,5,10,7,6,2475,B6,LAX,12,161,283,0,0,16,122,189,0,0,29
12,5,10,7,15,2475,DL,LAX,12,161,283,0,0,16,122,189,0,0,29
35,5,10,7,9,2475,DL,LAX,12,161,283,0,0,16,122,189,0,0,29
-3,5,10,7,11,2475,DL,LAX,12,161,283,0,0,16,122,189,0,0,29
-2,5,10,7,7,2475,DL,LAX,12,161,283,0,0,16,122,189,0,0,29
51,5,10,7,21,2475,DL,LAX,12,161,283,0,0,16,122,189,0,0,29
-2,5,10,7,17,2475,DL,LAX,12,161,283,0,0,16,122,189,0,0,29
-3,5,10,7,8,2475,DL,LAX,12,161,283,0,0,16,122,189,0,0,29
18,5,10,7,18,2475,DL,LAX,12,161,283,0,0,16,122,189,0,0,29
-7,5,22,5,6,2475,B6,LAX,0,128,233,0,0,27,139,183,0,0,56
-6,5,22,5,9,2475,B6,LAX,0,128,233,0,0,27,139,183,0,0,56
5,5,22,5,18,2475,B6,LAX,0,128,233,0,0,27,139,183,0,0,56
0,5,22,5,16,2475,B6,LAX,0,128,233,0,0,27,139,183,0,0,56
0,5,22,5,17,2475,AA,LAX,0,128,233,0,0,27,139,183,0,0,56
-1,5,22,5,8,2475,DL,LAX,0,128,233,0,0,27,139,183,0,0,56
-2,5,22,5,8,2475,B6,LAX,0,128,233,0,0,27,139,183,0,0,56
10,5,22,5,17,2475,DL,LAX,0,128,233,0,0,27,139,183,0,0,56
-4,5,22,5,8,2475,AA,LAX,0,128,233,0,0,27,139,183,0,0,56
-6,5,22,5,15,2475,AA,LAX,0,128,233,0,0,27,139,183,0,0,56
13,5,22,5,21,2475,DL,LAX,0,128,233,0,0,27,139,183,0,0,56
-4,5,22,5,11,2475,B6,LAX,0,128,233,0,0,27,139,183,0,0,56
-4,5,22,5,21,2475,AA,LAX,0,128,233,0,0,27,139,183,0,0,56
-4,5,22,5,10,2475,AA,LAX,0,128,233,0,0,27,139,183,0,0,56
0,5,22,5,18,2475,DL,LAX,0,128,233,0,0,27,139,183,0,0,56
-7,5,22,5,18,2475,AA,LAX,0,128,233,0,0,27,139,183,0,0,56
0,5,22,5,16,2475,AA,LAX,0,128,233,0,0,27,139,183,0,0,56
0,5,22,5,9,2475,AA,LAX,0,128,233,0,0,27,139,183,0,0,56
-1,5,22,5,7,2475,DL,LAX,0,128,233,0,0,27,139,183,0,0,56
-1,5,22,5,13,2475,B6,LAX,0,128,233,0,0,27,139,183,0,0,56
-7,5,22,5,11,2475,AA,LAX,0,128,233,0,0,27,139,183,0,0,56
7,5,22,5,21,2475,B6,LAX,0,128,233,0,0,27,139,183,0,0,56
20,5,22,5,11,2475,DL,LAX,0,128,233,0,0,27,139,183,0,0,56
-3,5,22,5,6,2475,AA,LAX,0,128,233,0,0,27,139,183,0,0,56
0,5,22,5,9,2475,DL,LAX,0,128,233,0,0,27,139,183,0,0,56
-7,5,22,5,12,2475,AA,LAX,0,128,233,0,0,27,139,183,0,0,56
-2,5,22,5,15,2475,DL,LAX,0,128,233,0,0,27,139,183,0,0,56
-5,5,22,5,7,2475,AA,LAX,0,128,233,0,0,27,139,183,0,0,56
-5,5,22,5,9,2475,VX,LAX,0,128,233,0,0,27,139,183,0,0,56
-2,5,22,5,16,2475,VX,LAX,0,128,233,0,0,27,139,183,0,0,56
-2,5,22,5,20,2475,VX,LAX,0,128,233,0,0,27,139,183,0,0,56
-6,5,22,5,7,2475,VX,LAX,0,128,233,0,0,27,139,183,0,0,56
-5,5,22,5,13,2475,VX,LAX,0,128,233,0,0,27,139,183,0,0,56
83,5,22,5,14,2475,UA,LAX,0,128,233,0,0,27,139,183,0,0,56
-5,5,22,5,11,2475,UA,LAX,0,128,233,0,0,27,139,183,0,0,56
-1,5,22,5,17,2475,UA,LAX,0,128,233,0,0,27,139,183,0,0,56
-1,5,22,5,19,2475,UA,LAX,0,128,233,0,0,27,139,183,0,0,56
8,5,22,5,8,2475,UA,LAX,0,128,233,0,0,27,139,183,0,0,56
2,5,22,5,6,2475,UA,LAX,0,128,233,0,0,27,139,183,0,0,56
-2,6,5,5,12,2475,AA,LAX,10,128,211,33,0,13,150,200,0,0,38
31,6,5,5,11,2475,AA,LAX,10,128,211,33,0,13,150,200,0,0,38
-6,6,5,5,9,2475,AA,LAX,10,128,211,33,0,13,150,200,0,0,38
-2,6,5,5,12,2475,AA,LAX,10,128,211,33,0,13,150,200,0,0,38
-6,6,5,5,9,2475,AA,LAX,10,128,211,33,0,13,150,200,0,0,38
31,6,5,5,11,2475,AA,LAX,10,128,211,33,0,13,150,200,0,0,38
4,6,17,3,11,2475,AA,LAX,17,189,278,0,0,17,161,211,0,0,32
4,6,17,3,11,2475,AA,LAX,17,189,278,0,0,17,161,211,0,0,32
-4,6,17,3,9,2475,AA,LAX,17,189,278,0,0,17,161,211,0,0,32
-5,6,17,3,12,2475,AA,LAX,17,189,278,0,0,17,161,211,0,0,32
-5,6,17,3,12,2475,AA,LAX,17,189,278,0,0,17,161,211,0,0,32
4,6,17,3,7,2475,AA,LAX,17,189,278,0,0,17,161,211,0,0,32
-4,6,17,3,9,2475,AA,LAX,17,189,278,0,0,17,161,211,0,0,32
4,6,17,3,7,2475,AA,LAX,17,189,278,0,0,17,161,211,0,0,32
-1,6,29,1,9,2475,AA,LAX,5,172,244,0,0,22,194,256,0,0,28
-1,6,29,1,11,2475,AA,LAX,5,172,244,0,0,22,194,256,0,0,28
-1,6,29,1,11,2475,AA,LAX,5,172,244,0,0,22,194,256,0,0,28
-6,6,29,1,7,2475,AA,LAX,5,172,244,0,0,22,194,256,0,0,28
-6,6,29,1,7,2475,AA,LAX,5,172,244,0,0,22,194,256,0,0,28
-1,6,29,1,12,2475,AA,LAX,5,172,244,0,0,22,194,256,0,0,28
-1,6,29,1,9,2475,AA,LAX,5,172,244,0,0,22,194,256,0,0,28
-1,6,29,1,12,2475,AA,LAX,5,172,244,0,0,22,194,256,0,0,28
-6,6,30,2,11,2475,AA,LAX,4,200,278,10,0,22,183,294,0,0,35
0,6,30,2,7,2475,AA,LAX,4,200,278,10,0,22,183,294,0,0,35
-6,6,30,2,11,2475,AA,LAX,4,200,278,10,0,22,183,294,0,0,35
0,6,30,2,9,2475,AA,LAX,4,200,278,10,0,22,183,294,0,0,35
-3,6,30,2,12,2475,AA,LAX,4,200,278,10,0,22,183,294,0,0,35
0,6,30,2,9,2475,AA,LAX,4,200,278,10,0,22,183,294,0,0,35
0,6,30,2,7,2475,AA,LAX,4,200,278,10,0,22,183,294,0,0,35
-3,6,30,2,12,2475,AA,LAX,4,200,278,10,0,22,183,294,0,0,35
-4,7,1,3,11,2475,AA,LAX,3,206,278,99,0,19,189,244,0,0,31
-5,7,1,3,7,2475,AA,LAX,3,206,278,99,0,19,189,244,0,0,31
-1,7,1,3,19,2475,AA,LAX,3,206,278,99,0,19,189,244,0,0,31
-3,7,1,3,10,2475,AA,LAX,3,206,278,99,0,19,189,244,0,0,31
-8,7,1,3,9,2475,AA,LAX,3,206,278,99,0,19,189,244,0,0,31
-1,7,1,3,18,2475,AA,LAX,3,206,278,99,0,19,189,244,0,0,31
-4,7,1,3,15,2475,AA,LAX,3,206,278,99,0,19,189,244,0,0,31
2,7,1,3,17,2475,AA,LAX,3,206,278,99,0,19,189,244,0,0,31
-7,7,1,3,12,2475,AA,LAX,3,206,278,99,0,19,189,244,0,0,31
27,7,1,3,21,2475,AA,LAX,3,206,278,99,0,19,189,244,0,0,31
5,7,1,3,16,2475,AA,LAX,3,206,278,99,0,19,189,244,0,0,31
11,7,1,3,16,2475,DL,LAX,3,206,278,99,0,19,189,244,0,0,31
1,7,1,3,7,2475,DL,LAX,3,206,278,99,0,19,189,244,0,0,31
3,7,1,3,12,2475,DL,LAX,3,206,278,99,0,19,189,244,0,0,31
-1,7,1,3,9,2475,DL,LAX,3,206,278,99,0,19,189,244,0,0,31
4,7,1,3,18,2475,DL,LAX,3,206,278,99,0,19,189,244,0,0,31
18,7,1,3,20,2475,DL,LAX,3,206,278,99,0,19,189,244,0,0,31
7,7,1,3,6,2475,UA,LAX,3,206,278,99,0,19,189,244,0,0,31
-3,7,1,3,8,2475,UA,LAX,3,206,278,99,0,19,189,244,0,0,31
-1,7,1,3,19,2475,UA,LAX,3,206,278,99,0,19,189,244,0,0,31
-2,7,1,3,17,2475,UA,LAX,3,206,278,99,0,19,189,244,0,0,31
-4,7,1,3,11,2475,UA,LAX,3,206,278,99,0,19,189,244,0,0,31
-8,7,1,3,14,2475,UA,LAX,3,206,278,99,0,19,189,244,0,0,31
-2,7,1,3,18,2475,B6,LAX,3,206,278,99,0,19,189,244,0,0,31
-4,7,1,3,16,2475,B6,LAX,3,206,278,99,0,19,189,244,0,0,31
4,7,1,3,12,2475,B6,LAX,3,206,278,99,0,19,189,244,0,0,31
-5,7,1,3,11,2475,B6,LAX,3,206,278,99,0,19,189,244,0,0,31
-3,7,1,3,9,2475,B6,LAX,3,206,278,99,0,19,189,244,0,0,31
-3,7,1,3,8,2475,B6,LAX,3,206,278,99,0,19,189,244,0,0,31
-1,7,1,3,6,2475,B6,LAX,3,206,278,99,0,19,189,244,0,0,31
-3,7,1,3,7,2475,VX,LAX,3,206,278,99,0,19,189,244,0,0,31
-10,7,1,3,9,2475,VX,LAX,3,206,278,99,0,19,189,244,0,0,31
-4,7,1,3,13,2475,VX,LAX,3,206,278,99,0,19,189,244,0,0,31
-3,7,1,3,16,2475,VX,LAX,3,206,278,99,0,19,189,244,0,0,31
5,7,1,3,20,2475,VX,LAX,3,206,278,99,0,19,189,244,0,0,31
-1,7,1,3,21,2475,B6,LAX,3,206,278,99,0,19,189,244,0,0,31
5,7,1,3,15,2475,DL,LAX,3,206,278,99,0,19,189,244,0,0,31
-2,7,1,3,8,2475,DL,LAX,3,206,278,99,0,19,189,244,0,0,31
6,7,13,1,21,2475,B6,LAX,9,228,311,0,0,12,183,239,0,0,41
-3,7,13,1,16,2475,B6,LAX,9,228,311,0,0,12,183,239,0,0,41
-4,7,13,1,18,2475,B6,LAX,9,228,311,0,0,12,183,239,0,0,41
26,7,13,1,19,2475,UA,LAX,9,228,311,0,0,12,183,239,0,0,41
-8,7,13,1,8,2475,UA,LAX,9,228,311,0,0,12,183,239,0,0,41
89,7,13,1,6,2475,UA,LAX,9,228,311,0,0,12,183,239,0,0,41
6,7,13,1,18,2475,DL,LAX,9,228,311,0,0,12,183,239,0,0,41
-6,7,13,1,20,2475,DL,LAX,9,228,311,0,0,12,183,239,0,0,41
0,7,13,1,9,2475,DL,LAX,9,228,311,0,0,12,183,239,0,0,41
13,7,13,1,16,2475,DL,LAX,9,228,311,0,0,12,183,239,0,0,41
-1,7,13,1,8,2475,DL,LAX,9,228,311,0,0,12,183,239,0,0,41
24,7,13,1,15,2475,DL,LAX,9,228,311,0,0,12,183,239,0,0,41
25,7,13,1,12,2475,DL,LAX,9,228,311,0,0,12,183,239,0,0,41
2,7,13,1,7,2475,DL,LAX,9,228,311,0,0,12,183,239,0,0,41
-4,7,13,1,20,2475,VX,LAX,9,228,311,0,0,12,183,239,0,0,41
-2,7,13,1,16,2475,VX,LAX,9,228,311,0,0,12,183,239,0,0,41
-4,7,13,1,6,2475,B6,LAX,9,228,311,0,0,12,183,239,0,0,41
6,7,13,1,8,2475,B6,LAX,9,228,311,0,0,12,183,239,0,0,41
-2,7,13,1,17,2475,UA,LAX,9,228,311,0,0,12,183,239,0,0,41
-6,7,13,1,11,2475,UA,LAX,9,228,311,0,0,12,183,239,0,0,41
-4,7,13,1,14,2475,UA,LAX,9,228,311,0,0,12,183,239,0,0,41
-4,7,13,1,9,2475,B6,LAX,9,228,311,0,0,12,183,239,0,0,41
-8,7,13,1,11,2475,B6,LAX,9,228,311,0,0,12,183,239,0,0,41
-3,7,13,1,12,2475,B6,LAX,9,228,311,0,0,12,183,239,0,0,41
-1,7,13,1,13,2475,VX,LAX,9,228,311,0,0,12,183,239,0,0,41
-9,7,13,1,9,2475,VX,LAX,9,228,311,0,0,12,183,239,0,0,41
0,7,13,1,7,2475,VX,LAX,9,228,311,0,0,12,183,239,0,0,41
-2,7,13,1,18,2475,AA,LAX,9,228,311,0,0,12,183,239,0,0,41
-10,7,13,1,17,2475,AA,LAX,9,228,311,0,0,12,183,239,0,0,41
-7,7,13,1,8,2475,AA,LAX,9,228,311,0,0,12,183,239,0,0,41
-8,7,13,1,16,2475,AA,LAX,9,228,311,0,0,12,183,239,0,0,41
-2,7,13,1,11,2475,AA,LAX,9,228,311,0,0,12,183,239,0,0,41
9,7,13,1,15,2475,AA,LAX,9,228,311,0,0,12,183,239,0,0,41
-7,7,13,1,10,2475,AA,LAX,9,228,311,0,0,12,183,239,0,0,41
9,7,13,1,21,2475,AA,LAX,9,228,311,0,0,12,183,239,0,0,41
-5,7,13,1,9,2475,AA,LAX,9,228,311,0,0,12,183,239,0,0,41
2,7,13,1,12,2475,AA,LAX,9,228,311,0,0,12,183,239,0,0,41
-7,7,13,1,19,2475,AA,LAX,9,228,311,0,0,12,183,239,0,0,41
-7,7,13,1,6,2475,AA,LAX,9,228,311,0,0,12,183,239,0,0,41
26,7,13,1,7,2475,AA,LAX,9,228,311,0,0,12,183,239,0,0,41
46,7,25,6,15,2475,AA,LAX,21,206,311,0,0,14,200,261,0,0,32
-6,7,25,6,16,2475,AA,LAX,21,206,311,0,0,14,200,261,0,0,32
-4,7,25,6,12,2475,AA,LAX,21,206,311,0,0,14,200,261,0,0,32
6,7,25,6,21,2475,AA,LAX,21,206,311,0,0,14,200,261,0,0,32
-5,7,25,6,11,2475,AA,LAX,21,206,311,0,0,14,200,261,0,0,32
-6,7,25,6,10,2475,AA,LAX,21,206,311,0,0,14,200,261,0,0,32
3,7,25,6,18,2475,AA,LAX,21,206,311,0,0,14,200,261,0,0,32
22,7,25,6,15,2475,DL,LAX,21,206,311,0,0,14,200,261,0,0,32
-4,7,25,6,8,2475,DL,LAX,21,206,311,0,0,14,200,261,0,0,32
9,7,25,6,17,2475,DL,LAX,21,206,311,0,0,14,200,261,0,0,32
11,7,25,6,12,2475,DL,LAX,21,206,311,0,0,14,200,261,0,0,32
58,7,25,6,18,2475,DL,LAX,21,206,311,0,0,14,200,261,0,0,32
-3,7,25,6,16,2475,B6,LAX,21,206,311,0,0,14,200,261,0,0,32
-2,7,25,6,11,2475,B6,LAX,21,206,311,0,0,14,200,261,0,0,32
-4,7,25,6,6,2475,B6,LAX,21,206,311,0,0,14,200,261,0,0,32
-2,7,25,6,8,2475,B6,LAX,21,206,311,0,0,14,200,261,0,0,32
-1,7,25,6,9,2475,B6,LAX,21,206,311,0,0,14,200,261,0,0,32
-2,7,25,6,14,2475,UA,LAX,21,206,311,0,0,14,200,261,0,0,32
-3,7,25,6,13,2475,B6,LAX,21,206,311,0,0,14,200,261,0,0,32
14,7,25,6,7,2475,VX,LAX,21,206,311,0,0,14,200,261,0,0,32
-5,7,25,6,9,2475,VX,LAX,21,206,311,0,0,14,200,261,0,0,32
-2,7,25,6,13,2475,VX,LAX,21,206,311,0,0,14,200,261,0,0,32
-5,7,25,6,16,2475,VX,LAX,21,206,311,0,0,14,200,261,0,0,32
-2,7,25,6,20,2475,VX,LAX,21,206,311,0,0,14,200,261,0,0,32
20,7,25,6,6,2475,UA,LAX,21,206,311,0,0,14,200,261,0,0,32
-2,7,25,6,8,2475,UA,LAX,21,206,311,0,0,14,200,261,0,0,32
-3,7,25,6,16,2475,UA,LAX,21,206,311,0,0,14,200,261,0,0,32
0,7,25,6,11,2475,UA,LAX,21,206,311,0,0,14,200,261,0,0,32
-3,7,25,6,18,2475,B6,LAX,21,206,311,0,0,14,200,261,0,0,32
-4,8,8,6,11,2475,AA,LAX,24,200,278,0,0,17,183,233,0,0,38
0,8,8,6,6,2475,B6,LAX,24,200,278,0,0,17,183,233,0,0,38
-4,8,8,6,12,2475,AA,LAX,24,200,278,0,0,17,183,233,0,0,38
13,8,8,6,13,2475,B6,LAX,24,200,278,0,0,17,183,233,0,0,38
-1,8,8,6,8,2475,DL,LAX,24,200,278,0,0,17,183,233,0,0,38
-2,8,8,6,15,2475,DL,LAX,24,200,278,0,0,17,183,233,0,0,38
-5,8,8,6,15,2475,AA,LAX,24,200,278,0,0,17,183,233,0,0,38
7,8,8,6,10,2475,AA,LAX,24,200,278,0,0,17,183,233,0,0,38
0,8,8,6,18,2475,B6,LAX,24,200,278,0,0,17,183,233,0,0,38
0,8,8,6,21,2475,AA,LAX,24,200,278,0,0,17,183,233,0,0,38
-1,8,8,6,8,2475,B6,LAX,24,200,278,0,0,17,183,233,0,0,38
-6,8,8,6,9,2475,B6,LAX,24,200,278,0,0,17,183,233,0,0,38
2,8,8,6,16,2475,B6,LAX,24,200,278,0,0,17,183,233,0,0,38
2,8,8,6,11,2475,B6,LAX,24,200,278,0,0,17,183,233,0,0,38
-5,8,8,6,16,2475,AA,LAX,24,200,278,0,0,17,183,233,0,0,38
-1,8,8,6,18,2475,DL,LAX,24,200,278,0,0,17,183,233,0,0,38
7,8,8,6,12,2475,DL,LAX,24,200,278,0,0,17,183,233,0,0,38
18,8,8,6,17,2475,DL,LAX,24,200,278,0,0,17,183,233,0,0,38
-1,8,8,6,18,2475,AA,LAX,24,200,278,0,0,17,183,233,0,0,38
-3,8,8,6,11,2475,UA,LAX,24,200,278,0,0,17,183,233,0,0,38
-1,8,8,6,14,2475,UA,LAX,24,200,278,0,0,17,183,233,0,0,38
38,8,8,6,16,2475,UA,LAX,24,200,278,0,0,17,183,233,0,0,38
-4,8,8,6,16,2475,VX,LAX,24,200,278,0,0,17,183,233,0,0,38
-4,8,8,6,8,2475,UA,LAX,24,200,278,0,0,17,183,233,0,0,38
-4,8,8,6,13,2475,VX,LAX,24,200,278,0,0,17,183,233,0,0,38
8,8,8,6,9,2475,VX,LAX,24,200,278,0,0,17,183,233,0,0,38
1,8,8,6,7,2475,VX,LAX,24,200,278,0,0,17,183,233,0,0,38
26,8,8,6,6,2475,UA,LAX,24,200,278,0,0,17,183,233,0,0,38
-10,8,8,6,20,2475,VX,LAX,24,200,278,0,0,17,183,233,0,0,38
2,8,21,5,8,2475,UA,LAX,11,217,306,81,0,19,194,239,0,0,34
-9,8,21,5,6,2475,UA,LAX,11,217,306,81,0,19,194,239,0,0,34
-4,8,21,5,13,2475,VX,LAX,11,217,306,81,0,19,194,239,0,0,34
-7,8,21,5,16,2475,VX,LAX,11,217,306,81,0,19,194,239,0,0,34
-5,8,21,5,20,2475,VX,LAX,11,217,306,81,0,19,194,239,0,0,34
7,8,21,5,11,2475,UA,LAX,11,217,306,81,0,19,194,239,0,0,34
-6,8,21,5,14,2475,UA,LAX,11,217,306,81,0,19,194,239,0,0,34
-4,8,21,5,9,2475,VX,LAX,11,217,306,81,0,19,194,239,0,0,34
1,8,21,5,7,2475,VX,LAX,11,217,306,81,0,19,194,239,0,0,34
63,8,21,5,17,2475,UA,LAX,11,217,306,81,0,19,194,239,0,0,34
-2,8,21,5,19,2475,UA,LAX,11,217,306,81,0,19,194,239,0,0,34
24,8,21,5,9,2475,DL,LAX,11,217,306,81,0,19,194,239,0,0,34
42,8,21,5,17,2475,DL,LAX,11,217,306,81,0,19,194,239,0,0,34
-8,8,21,5,7,2475,AA,LAX,11,217,306,81,0,19,194,239,0,0,34
4,8,21,5,15,2475,AA,LAX,11,217,306,81,0,19,194,239,0,0,34
-5,8,21,5,9,2475,AA,LAX,11,217,306,81,0,19,194,239,0,0,34
0,8,21,5,18,2475,B6,LAX,11,217,306,81,0,19,194,239,0,0,34
-2,8,21,5,20,2475,DL,LAX,11,217,306,81,0,19,194,239,0,0,34
6,8,21,5,15,2475,DL,LAX,11,217,306,81,0,19,194,239,0,0,34
-2,8,21,5,9,2475,B6,LAX,11,217,306,81,0,19,194,239,0,0,34
-2,8,21,5,8,2475,B6,LAX,11,217,306,81,0,19,194,239,0,0,34
27,8,21,5,13,2475,DL,LAX,11,217,306,81,0,19,194,239,0,0,34
8,8,21,5,21,2475,B6,LAX,11,217,306,81,0,19,194,239,0,0,34
2,8,21,5,11,2475,AA,LAX,11,217,306,81,0,19,194,239,0,0,34
26,8,21,5,7,2475,DL,LAX,11,217,306,81,0,19,194,239,0,0,34
6,8,21,5,16,2475,B6,LAX,11,217,306,81,0,19,194,239,0,0,34
-4,8,21,5,8,2475,DL,LAX,11,217,306,81,0,19,194,239,0,0,34
87,8,21,5,6,2475,B6,LAX,11,217,306,81,0,19,194,239,0,0,34
107,8,21,5,21,2475,AA,LAX,11,217,306,81,0,19,194,239,0,0,34
18,8,21,5,13,2475,B6,LAX,11,217,306,81,0,19,194,239,0,0,34
-2,8,21,5,11,2475,B6,LAX,11,217,306,81,0,19,194,239,0,0,34
-3,8,21,5,12,2475,AA,LAX,11,217,306,81,0,19,194,239,0,0,34
3,8,21,5,17,2475,AA,LAX,11,217,306,81,0,19,194,239,0,0,34
221,8,21,5,10,2475,AA,LAX,11,217,306,81,0,19,194,239,0,0,34
27,8,21,5,18,2475,AA,LAX,11,217,306,81,0,19,194,239,0,0,34
2,8,21,5,18,2475,DL,LAX,11,217,306,81,0,19,194,239,0,0,34
83,8,21,5,16,2475,AA,LAX,11,217,306,81,0,19,194,239,0,0,34
-2,8,21,5,12,2475,DL,LAX,11,217,306,81,0,19,194,239,0,0,34
-2,9,4,5,15,2475,DL,LAX,3,222,294,0,0,31,194,239,0,0,34
-6,9,4,5,8,2475,DL,LAX,3,222,294,0,0,31,194,239,0,0,34
9,9,4,5,17,2475,DL,LAX,3,222,294,0,0,31,194,239,0,0,34
-1,9,4,5,21,2475,DL,LAX,3,222,294,0,0,31,194,239,0,0,34
-2,9,4,5,14,2475,DL,LAX,3,222,294,0,0,31,194,239,0,0,34
0,9,4,5,7,2475,DL,LAX,3,222,294,0,0,31,194,239,0,0,34
-6,9,4,5,9,2475,DL,LAX,3,222,294,0,0,31,194,239,0,0,34
-2,9,4,5,18,2475,DL,LAX,3,222,294,0,0,31,194,239,0,0,34
-3,9,4,5,8,2475,UA,LAX,3,222,294,0,0,31,194,239,0,0,34
-3,9,4,5,6,2475,UA,LAX,3,222,294,0,0,31,194,239,0,0,34
-5,9,4,5,8,2475,B6,LAX,3,222,294,0,0,31,194,239,0,0,34
-2,9,4,5,21,2475,B6,LAX,3,222,294,0,0,31,194,239,0,0,34
-9,9,4,5,13,2475,VX,LAX,3,222,294,0,0,31,194,239,0,0,34
-3,9,4,5,9,2475,VX,LAX,3,222,294,0,0,31,194,239,0,0,34
-5,9,4,5,9,2475,B6,LAX,3,222,294,0,0,31,194,239,0,0,34
60,9,4,5,7,2475,VX,LAX,3,222,294,0,0,31,194,239,0,0,34
-5,9,4,5,13,2475,B6,LAX,3,222,294,0,0,31,194,239,0,0,34
-6,9,4,5,18,2475,B6,LAX,3,222,294,0,0,31,194,239,0,0,34
15,9,4,5,6,2475,B6,LAX,3,222,294,0,0,31,194,239,0,0,34
-5,9,4,5,16,2475,B6,LAX,3,222,294,0,0,31,194,239,0,0,34
-2,9,4,5,11,2475,B6,LAX,3,222,294,0,0,31,194,239,0,0,34
-2,9,4,5,14,2475,UA,LAX,3,222,294,0,0,31,194,239,0,0,34
-1,9,4,5,11,2475,UA,LAX,3,222,294,0,0,31,194,239,0,0,34
-4,9,4,5,20,2475,VX,LAX,3,222,294,0,0,31,194,239,0,0,34
-8,9,4,5,16,2475,VX,LAX,3,222,294,0,0,31,194,239,0,0,34
-2,9,4,5,17,2475,UA,LAX,3,222,294,0,0,31,194,239,0,0,34
-6,9,4,5,19,2475,UA,LAX,3,222,294,0,0,31,194,239,0,0,34
-3,9,4,5,19,2475,AA,LAX,3,222,294,0,0,31,194,239,0,0,34
-8,9,4,5,11,2475,AA,LAX,3,222,294,0,0,31,194,239,0,0,34
0,9,4,5,7,2475,AA,LAX,3,222,294,0,0,31,194,239,0,0,34
-3,9,4,5,16,2475,AA,LAX,3,222,294,0,0,31,194,239,0,0,34
-4,9,4,5,12,2475,AA,LAX,3,222,294,0,0,31,194,239,0,0,34
-4,9,4,5,21,2475,AA,LAX,3,222,294,0,0,31,194,239,0,0,34
-8,9,4,5,15,2475,AA,LAX,3,222,294,0,0,31,194,239,0,0,34
-2,9,4,5,17,2475,AA,LAX,3,222,294,0,0,31,194,239,0,0,34
-8,9,4,5,9,2475,AA,LAX,3,222,294,0,0,31,194,239,0,0,34
-8,9,4,5,18,2475,AA,LAX,3,222,294,0,0,31,194,239,0,0,34
-4,9,4,5,10,2475,AA,LAX,3,222,294,0,0,31,194,239,0,0,34
-10,9,16,3,8,2475,AA,LAX,15,189,311,0,0,6,194,233,0,0,27
-4,9,16,3,9,2475,AA,LAX,15,189,311,0,0,6,194,233,0,0,27
10,9,16,3,21,2475,AA,LAX,15,189,311,0,0,6,194,233,0,0,27
-5,9,16,3,11,2475,AA,LAX,15,189,311,0,0,6,194,233,0,0,27
1,9,16,3,6,2475,AA,LAX,15,189,311,0,0,6,194,233,0,0,27
-5,9,16,3,15,2475,AA,LAX,15,189,311,0,0,6,194,233,0,0,27
0,9,16,3,16,2475,AA,LAX,15,189,311,0,0,6,194,233,0,0,27
-6,9,16,3,12,2475,AA,LAX,15,189,311,0,0,6,194,233,0,0,27
16,9,16,3,17,2475,AA,LAX,15,189,311,0,0,6,194,233,0,0,27
-6,9,16,3,20,2475,AA,LAX,15,189,311,0,0,6,194,233,0,0,27
-5,9,16,3,18,2475,AA,LAX,15,189,311,0,0,6,194,233,0,0,27
-6,9,16,3,10,2475,AA,LAX,15,189,311,0,0,6,194,233,0,0,27
-4,9,16,3,7,2475,DL,LAX,15,189,311,0,0,6,194,233,0,0,27
-3,9,16,3,12,2475,DL,LAX,15,189,311,0,0,6,194,233,0,0,27
0,9,16,3,9,2475,DL,LAX,15,189,311,0,0,6,194,233,0,0,27
-5,9,16,3,16,2475,VX,LAX,15,189,311,0,0,6,194,233,0,0,27
0,9,16,3,18,2475,DL,LAX,15,189,311,0,0,6,194,233,0,0,27
-5,9,16,3,20,2475,VX,LAX,15,189,311,0,0,6,194,233,0,0,27
-4,9,16,3,11,2475,B6,LAX,15,189,311,0,0,6,194,233,0,0,27
114,9,16,3,14,2475,UA,LAX,15,189,311,0,0,6,194,233,0,0,27
4,9,16,3,19,2475,B6,LAX,15,189,311,0,0,6,194,233,0,0,27
-5,9,16,3,6,2475,UA,LAX,15,189,311,0,0,6,194,233,0,0,27
-6,9,16,3,8,2475,UA,LAX,15,189,311,0,0,6,194,233,0,0,27
-4,9,16,3,19,2475,UA,LAX,15,189,311,0,0,6,194,233,0,0,27
63,9,16,3,17,2475,B6,LAX,15,189,311,0,0,6,194,233,0,0,27
-3,9,16,3,13,2475,VX,LAX,15,189,311,0,0,6,194,233,0,0,27
274,9,16,3,17,2475,UA,LAX,15,189,311,0,0,6,194,233,0,0,27
29,9,16,3,11,2475,UA,LAX,15,189,311,0,0,6,194,233,0,0,27
-3,9,16,3,9,2475,B6,LAX,15,189,311,0,0,6,194,233,0,0,27
1,9,16,3,15,2475,DL,LAX,15,189,311,0,0,6,194,233,0,0,27
-8,9,16,3,7,2475,B6,LAX,15,189,311,0,0,6,194,233,0,0,27
6,9,16,3,20,2475,B6,LAX,15,189,311,0,0,6,194,233,0,0,27
-4,9,16,3,9,2475,VX,LAX,15,189,311,0,0,6,194,233,0,0,27
-7,9,16,3,8,2475,DL,LAX,15,189,311,0,0,6,194,233,0,0,27
-2,9,16,3,13,2475,B6,LAX,15,189,311,0,0,6,194,233,0,0,27
-5,9,16,3,13,2475,DL,LAX,15,189,311,0,0,6,194,233,0,0,27
-7,9,16,3,7,2475,VX,LAX,15,189,311,0,0,6,194,233,0,0,27
14,9,16,3,17,2475,DL,LAX,15,189,311,0,0,6,194,233,0,0,27
12,9,16,3,21,2475,DL,LAX,15,189,311,0,0,6,194,233,0,0,27
-4,9,28,1,17,2475,B6,LAX,15,183,256,0,0,15,200,272,0,0,29
-3,9,28,1,11,2475,B6,LAX,15,183,256,0,0,15,200,272,0,0,29
172,9,28,1,8,2475,UA,LAX,15,183,256,0,0,15,200,272,0,0,29
-2,9,28,1,7,2475,B6,LAX,15,183,256,0,0,15,200,272,0,0,29
-1,9,28,1,20,2475,B6,LAX,15,183,256,0,0,15,200,272,0,0,29
2,9,28,1,14,2475,UA,LAX,15,183,256,0,0,15,200,272,0,0,29
3,9,28,1,11,2475,UA,LAX,15,183,256,0,0,15,200,272,0,0,29
-5,9,28,1,19,2475,B6,LAX,15,183,256,0,0,15,200,272,0,0,29
-5,9,28,1,20,2475,VX,LAX,15,183,256,0,0,15,200,272,0,0,29
0,9,28,1,17,2475,UA,LAX,15,183,256,0,0,15,200,272,0,0,29
-4,9,28,1,7,2475,VX,LAX,15,183,256,0,0,15,200,272,0,0,29
-4,9,28,1,9,2475,VX,LAX,15,183,256,0,0,15,200,272,0,0,29
-3,9,28,1,13,2475,VX,LAX,15,183,256,0,0,15,200,272,0,0,29
-4,9,28,1,16,2475,VX,LAX,15,183,256,0,0,15,200,272,0,0,29
-2,9,28,1,9,2475,B6,LAX,15,183,256,0,0,15,200,272,0,0,29
4,9,28,1,19,2475,UA,LAX,15,183,256,0,0,15,200,272,0,0,29
-1,9,28,1,13,2475,B6,LAX,15,183,256,0,0,15,200,272,0,0,29
14,9,28,1,6,2475,UA,LAX,15,183,256,0,0,15,200,272,0,0,29
4,9,28,1,12,2475,DL,LAX,15,183,256,0,0,15,200,272,0,0,29
-3,9,28,1,9,2475,DL,LAX,15,183,256,0,0,15,200,272,0,0,29
4,9,28,1,18,2475,DL,LAX,15,183,256,0,0,15,200,272,0,0,29
-6,9,28,1,15,2475,DL,LAX,15,183,256,0,0,15,200,272,0,0,29
-10,9,28,1,8,2475,DL,LAX,15,183,256,0,0,15,200,272,0,0,29
12,9,28,1,13,2475,DL,LAX,15,183,256,0,0,15,200,272,0,0,29
29,9,28,1,17,2475,DL,LAX,15,183,256,0,0,15,200,272,0,0,29
3,9,28,1,21,2475,DL,LAX,15,183,256,0,0,15,200,272,0,0,29
7,9,28,1,7,2475,DL,LAX,15,183,256,0,0,15,200,272,0,0,29
-2,9,28,1,16,2475,AA,LAX,15,183,256,0,0,15,200,272,0,0,29
-2,9,28,1,18,2475,AA,LAX,15,183,256,0,0,15,200,272,0,0,29
-4,9,28,1,9,2475,AA,LAX,15,183,256,0,0,15,200,272,0,0,29
-4,9,28,1,11,2475,AA,LAX,15,183,256,0,0,15,200,272,0,0,29
-11,9,28,1,10,2475,AA,LAX,15,183,256,0,0,15,200,272,0,0,29
-3,9,28,1,15,2475,AA,LAX,15,183,256,0,0,15,200,272,0,0,29
-6,9,28,1,8,2475,AA,LAX,15,183,256,0,0,15,200,272,0,0,29
13,9,28,1,12,2475,AA,LAX,15,183,256,0,0,15,200,272,0,0,29
-5,9,28,1,17,2475,AA,LAX,15,183,256,0,0,15,200,272,0,0,29
7,9,28,1,20,2475,AA,LAX,15,183,256,0,0,15,200,272,0,0,29
-3,9,28,1,6,2475,AA,LAX,15,183,256,0,0,15,200,272,0,0,29
