-2,1,12,1,7,2475,VX,LAX,9,17,39,91,0,17,117,167,0,0,21
5,1,12,1,20,2475,VX,LAX,9,17,39,91,0,17,117,167,0,0,21
-2,1,12,1,16,2475,VX,LAX,9,17,39,91,0,17,117,167,0,0,21
-5,1,12,1,13,2475,VX,LAX,9,17,39,91,0,17,117,167,0,0,21
-3,1,12,1,9,2475,VX,LAX,9,17,39,91,0,17,117,167,0,0,21
13,1,12,1,21,2475,B6,LAX,9,17,39,91,0,17,117,167,0,0,21
4,1,12,1,10,2475,AA,LAX,9,17,39,91,0,17,117,167,0,0,21
-4,1,12,1,6,2475,AA,LAX,9,17,39,91,0,17,117,167,0,0,21
-2,1,12,1,6,2475,B6,LAX,9,17,39,91,0,17,117,167,0,0,21
-4,1,12,1,11,2475,UA,LAX,9,17,39,91,0,17,117,167,0,0,21
-1,1,12,1,19,2475,AA,LAX,9,17,39,91,0,17,117,167,0,0,21
0,1,12,1,11,2475,B6,LAX,9,17,39,91,0,17,117,167,0,0,21
20,1,12,1,16,2475,AA,LAX,9,17,39,91,0,17,117,167,0,0,21
-3,1,12,1,17,2475,UA,LAX,9,17,39,91,0,17,117,167,0,0,21
-1,1,12,1,20,2475,AA,LAX,9,17,39,91,0,17,117,167,0,0,21
-4,1,12,1,14,2475,UA,LAX,9,17,39,91,0,17,117,167,0,0,21
-3,1,12,1,6,2475,UA,LAX,9,17,39,91,0,17,117,167,0,0,21
1,1,12,1,17,2475,DL,LAX,9,17,39,91,0,17,117,167,0,0,21
14,1,12,1,9,2475,DL,LAX,9,17,39,91,0,17,117,167,0,0,21
6,1,12,1,15,2475,DL,LAX,9,17,39,91,0,17,117,167,0,0,21
13,1,12,1,7,2475,DL,LAX,9,17,39,91,0,17,117,167,0,0,21
-4,1,12,1,21,2475,DL,LAX,9,17,39,91,0,17,117,167,0,0,21
8,1,12,1,11,2475,DL,LAX,9,17,39,91,0,17,117,167,0,0,21
-1,1,12,1,8,2475,UA,LAX,9,17,39,91,0,17,117,167,0,0,21
-3,1,12,1,18,2475,DL,LAX,9,17,39,91,0,17,117,167,0,0,21
-2,1,12,1,15,2475,B6,LAX,9,17,39,91,0,17,117,167,0,0,21
-5,1,12,1,9,2475,B6,LAX,9,17,39,91,0,17,117,167,0,0,21
-7,1,12,1,9,2475,AA,LAX,9,17,39,91,0,17,117,167,0,0,21
-1,1,12,1,7,2475,AA,LAX,9,17,39,91,0,17,117,167,0,0,21
-5,1,12,1,8,2475,AA,LAX,9,17,39,91,0,17,117,167,0,0,21
-1,1,12,1,18,2475,AA,LAX,9,17,39,91,0,17,117,167,0,0,21
30,1,12,1,19,2475,UA,LAX,9,17,39,91,0,17,117,167,0,0,21
56,1,12,1,14,2475,AA,LAX,9,17,39,91,0,17,117,167,0,0,21
-2,1,12,1,18,2475,B6,LAX,9,17,39,91,0,17,117,167,0,0,21
70,1,12,1,11,2475,AA,LAX,9,17,39,91,0,17,117,167,0,0,21
-4,1,12,1,12,2475,AA,LAX,9,17,39,91,0,17,117,167,0,0,21
-5,1,12,1,8,2475,B6,LAX,9,17,39,91,0,17,117,167,0,0,21
-3,1,12,1,17,2475,AA,LAX,9,17,39,91,0,17,117,167,0,0,21
103,1,24,6,9,2475,AA,LAX,3,6,39,183,91,27,89,244,0,0,14
12,1,24,6,8,2475,AA,LAX,3,6,39,183,91,27,89,244,0,0,14
110,1,24,6,18,2475,AA,LAX,3,6,39,183,91,27,89,244,0,0,14
-3,1,24,6,6,2475,B6,LAX,3,6,39,183,91,27,89,244,0,0,14
3,1,24,6,17,2475,AA,LAX,3,6,39,183,91,27,89,244,0,0,14
-6,1,24,6,9,2475,B6,LAX,3,6,39,183,91,27,89,244,0,0,14
-4,1,24,6,12,2475,AA,LAX,3,6,39,183,91,27,89,244,0,0,14
-1,1,24,6,11,2475,B6,LAX,3,6,39,183,91,27,89,244,0,0,14
-6,1,24,6,17,2475,DL,LAX,3,6,39,183,91,27,89,244,0,0,14
-4,1,24,6,15,2475,DL,LAX,3,6,39,183,91,27,89,244,0,0,14
-3,1,24,6,18,2475,DL,LAX,3,6,39,183,91,27,89,244,0,0,14
68,1,24,6,11,2475,DL,LAX,3,6,39,183,91,27,89,244,0,0,14
-5,1,24,6,8,2475,DL,LAX,3,6,39,183,91,27,89,244,0,0,14
-1,1,24,6,11,2475,AA,LAX,3,6,39,183,91,27,89,244,0,0,14
12,1,24,6,20,2475,AA,LAX,3,6,39,183,91,27,89,244,0,0,14
-2,1,24,6,18,2475,B6,LAX,3,6,39,183,91,27,89,244,0,0,14
51,1,24,6,10,2475,AA,LAX,3,6,39,183,91,27,89,244,0,0,14
5,1,24,6,16,2475,AA,LAX,3,6,39,183,91,27,89,244,0,0,14
16,1,24,6,7,2475,AA,LAX,3,6,39,183,91,27,89,244,0,0,14
17,1,24,6,15,2475,B6,LAX,3,6,39,183,91,27,89,244,0,0,14
-2,1,24,6,14,2475,AA,LAX,3,6,39,183,91,27,89,244,0,0,14
14,1,24,6,8,2475,B6,LAX,3,6,39,183,91,27,89,244,0,0,14
-4,1,24,6,13,2475,VX,LAX,3,6,39,183,91,27,89,244,0,0,14
3,1,24,6,7,2475,VX,LAX,3,6,39,183,91,27,89,244,0,0,14
32,1,24,6,9,2475,VX,LAX,3,6,39,183,91,27,89,244,0,0,14
20,1,24,6,16,2475,VX,LAX,3,6,39,183,91,27,89,244,0,0,14
-4,1,24,6,14,2475,UA,LAX,3,6,39,183,91,27,89,244,0,0,14
2,1,24,6,6,2475,UA,LAX,3,6,39,183,91,27,89,244,0,0,14
156,1,24,6,8,2475,UA,LAX,3,6,39,183,91,27,89,244,0,0,14
-6,1,24,6,11,2475,UA,LAX,3,6,39,183,91,27,89,244,0,0,14
-3,1,24,6,17,2475,UA,LAX,3,6,39,183,91,27,89,244,0,0,14
-7,2,7,6,9,2475,VX,LAX,11,-38,44,5,0,17,106,178,0,0,19
-7,2,7,6,16,2475,VX,LAX,11,-38,44,5,0,17,106,178,0,0,19
-2,2,7,6,14,2475,UA,LAX,11,-38,44,5,0,17,106,178,0,0,19
-5,2,7,6,11,2475,UA,LAX,11,-38,44,5,0,17,106,178,0,0,19
-9,2,7,6,17,2475,UA,LAX,11,-38,44,5,0,17,106,178,0,0,19
111,2,7,6,13,2475,VX,LAX,11,-38,44,5,0,17,106,178,0,0,19
6,2,7,6,8,2475,UA,LAX,11,-38,44,5,0,17,106,178,0,0,19
-5,2,7,6,6,2475,UA,LAX,11,-38,44,5,0,17,106,178,0,0,19
-4,2,7,6,7,2475,VX,LAX,11,-38,44,5,0,17,106,178,0,0,19
-2,2,7,6,12,2475,AA,LAX,11,-38,44,5,0,17,106,178,0,0,19
-5,2,7,6,9,2475,AA,LAX,11,-38,44,5,0,17,106,178,0,0,19
-6,2,7,6,17,2475,AA,LAX,11,-38,44,5,0,17,106,178,0,0,19
-8,2,7,6,14,2475,AA,LAX,11,-38,44,5,0,17,106,178,0,0,19
-4,2,7,6,11,2475,B6,LAX,11,-38,44,5,0,17,106,178,0,0,19
9,2,7,6,8,2475,AA,LAX,11,-38,44,5,0,17,106,178,0,0,19
-1,2,7,6,9,2475,B6,LAX,11,-38,44,5,0,17,106,178,0,0,19
-8,2,7,6,7,2475,AA,LAX,11,-38,44,5,0,17,106,178,0,0,19
7,2,7,6,20,2475,AA,LAX,11,-38,44,5,0,17,106,178,0,0,19
40,2,7,6,16,2475,AA,LAX,11,-38,44,5,0,17,106,178,0,0,19
-5,2,7,6,18,2475,B6,LAX,11,-38,44,5,0,17,106,178,0,0,19
0,2,7,6,18,2475,DL,LAX,11,-38,44,5,0,17,106,178,0,0,19
-6,2,7,6,10,2475,AA,LAX,11,-38,44,5,0,17,106,178,0,0,19
0,2,7,6,6,2475,B6,LAX,11,-38,44,5,0,17,106,178,0,0,19
17,2,7,6,15,2475,DL,LAX,11,-38,44,5,0,17,106,178,0,0,19
4,2,7,6,18,2475,AA,LAX,11,-38,44,5,0,17,106,178,0,0,19
-7,2,7,6,11,2475,DL,LAX,11,-38,44,5,0,17,106,178,0,0,19
-2,2,7,6,11,2475,AA,LAX,11,-38,44,5,0,17,106,178,0,0,19
-4,2,7,6,8,2475,B6,LAX,11,-38,44,5,0,17,106,178,0,0,19
-5,2,7,6,17,2475,DL,LAX,11,-38,44,5,0,17,106,178,0,0,19
-5,2,7,6,15,2475,B6,LAX,11,-38,44,5,0,17,106,178,0,0,19
27,2,19,4,19,2475,UA,LAX,1,-132,-27,0,0,51,139,183,0,0,27
-4,2,19,4,8,2475,UA,LAX,1,-132,-27,0,0,51,139,183,0,0,27
40,2,19,4,6,2475,UA,LAX,1,-132,-27,0,0,51,139,183,0,0,27
-2,2,19,4,14,2475,UA,LAX,1,-132,-27,0,0,51,139,183,0,0,27
-1,2,19,4,11,2475,UA,LAX,1,-132,-27,0,0,51,139,183,0,0,27
-7,2,19,4,17,2475,UA,LAX,1,-132,-27,0,0,51,139,183,0,0,27
19,2,19,4,16,2475,B6,LAX,1,-132,-27,0,0,51,139,183,0,0,27
-4,2,19,4,11,2475,B6,LAX,1,-132,-27,0,0,51,139,183,0,0,27
-2,2,19,4,6,2475,B6,LAX,1,-132,-27,0,0,51,139,183,0,0,27
-7,2,19,4,7,2475,AA,LAX,1,-132,-27,0,0,51,139,183,0,0,27
0,2,19,4,8,2475,B6,LAX,1,-132,-27,0,0,51,139,183,0,0,27
35,2,19,4,8,2475,AA,LAX,1,-132,-27,0,0,51,139,183,0,0,27
-7,2,19,4,6,2475,AA,LAX,1,-132,-27,0,0,51,139,183,0,0,27
-4,2,19,4,9,2475,DL,LAX,1,-132,-27,0,0,51,139,183,0,0,27
-1,2,19,4,11,2475,DL,LAX,1,-132,-27,0,0,51,139,183,0,0,27
5,2,19,4,7,2475,DL,LAX,1,-132,-27,0,0,51,139,183,0,0,27
44,2,19,4,21,2475,DL,LAX,1,-132,-27,0,0,51,139,183,0,0,27
27,2,19,4,17,2475,DL,LAX,1,-132,-27,0,0,51,139,183,0,0,27
0,2,19,4,18,2475,DL,LAX,1,-132,-27,0,0,51,139,183,0,0,27
-4,2,19,4,8,2475,DL,LAX,1,-132,-27,0,0,51,139,183,0,0,27
-4,2,19,4,14,2475,AA,LAX,1,-132,-27,0,0,51,139,183,0,0,27
23,2,19,4,15,2475,DL,LAX,1,-132,-27,0,0,51,139,183,0,0,27
-2,2,19,4,11,2475,AA,LAX,1,-132,-27,0,0,51,139,183,0,0,27
60,2,19,4,19,2475,AA,LAX,1,-132,-27,0,0,51,139,183,0,0,27
29,2,19,4,16,2475,AA,LAX,1,-132,-27,0,0,51,139,183,0,0,27
-12,2,19,4,10,2475,AA,LAX,1,-132,-27,0,0,51,139,183,0,0,27
-4,2,19,4,9,2475,AA,LAX,1,-132,-27,0,0,51,139,183,0,0,27
19,2,19,4,18,2475,AA,LAX,1,-132,-27,0,0,51,139,183,0,0,27
16,2,19,4,20,2475,AA,LAX,1,-132,-27,0,0,51,139,183,0,0,27
-2,2,19,4,18,2475,B6,LAX,1,-132,-27,0,0,51,139,183,0,0,27
-2,2,19,4,17,2475,AA,LAX,1,-132,-27,0,0,51,139,183,0,0,27
-2,2,19,4,9,2475,B6,LAX,1,-132,-27,0,0,51,139,183,0,0,27
21,2,19,4,12,2475,AA,LAX,1,-132,-27,0,0,51,139,183,0,0,27
51,2,19,4,21,2475,B6,LAX,1,-132,-27,0,0,51,139,183,0,0,27
-3,2,19,4,16,2475,VX,LAX,1,-132,-27,0,0,51,139,183,0,0,27
0,2,19,4,9,2475,VX,LAX,1,-132,-27,0,0,51,139,183,0,0,27
11,2,19,4,20,2475,VX,LAX,1,-132,-27,0,0,51,139,183,0,0,27
-2,2,19,4,13,2475,VX,LAX,1,-132,-27,0,0,51,139,183,0,0,27
-2,2,19,4,7,2475,VX,LAX,1,-132,-27,0,0,51,139,183,0,0,27
19,2,20,5,15,2475,DL,LAX,2,-166,-71,0,0,46,139,183,0,0,22
0,2,20,5,19,2475,AA,LAX,2,-166,-71,0,0,46,139,183,0,0,22
6,2,20,5,9,2475,DL,LAX,2,-166,-71,0,0,46,139,183,0,0,22
5,2,20,5,16,2475,B6,LAX,2,-166,-71,0,0,46,139,183,0,0,22
-7,2,20,5,14,2475,AA,LAX,2,-166,-71,0,0,46,139,183,0,0,22
0,2,20,5,6,2475,AA,LAX,2,-166,-71,0,0,46,139,183,0,0,22
-7,2,20,5,10,2475,AA,LAX,2,-166,-71,0,0,46,139,183,0,0,22
5,2,20,5,8,2475,B6,LAX,2,-166,-71,0,0,46,139,183,0,0,22
-1,2,20,5,7,2475,AA,LAX,2,-166,-71,0,0,46,139,183,0,0,22
-1,2,20,5,6,2475,B6,LAX,2,-166,-71,0,0,46,139,183,0,0,22
24,2,20,5,16,2475,AA,LAX,2,-166,-71,0,0,46,139,183,0,0,22
-5,2,20,5,18,2475,AA,LAX,2,-166,-71,0,0,46,139,183,0,0,22
-4,2,20,5,20,2475,AA,LAX,2,-166,-71,0,0,46,139,183,0,0,22
-4,2,20,5,12,2475,AA,LAX,2,-166,-71,0,0,46,139,183,0,0,22
11,2,20,5,9,2475,AA,LAX,2,-166,-71,0,0,46,139,183,0,0,22
49,2,20,5,11,2475,DL,LAX,2,-166,-71,0,0,46,139,183,0,0,22
-2,2,20,5,18,2475,B6,LAX,2,-166,-71,0,0,46,139,183,0,0,22
19,2,20,5,9,2475,B6,LAX,2,-166,-71,0,0,46,139,183,0,0,22
-5,2,20,5,17,2475,AA,LAX,2,-166,-71,0,0,46,139,183,0,0,22
49,2,20,5,8,2475,AA,LAX,2,-166,-71,0,0,46,139,183,0,0,22
7,2,20,5,11,2475,B6,LAX,2,-166,-71,0,0,46,139,183,0,0,22
32,2,20,5,21,2475,B6,LAX,2,-166,-71,0,0,46,139,183,0,0,22
83,2,20,5,7,2475,DL,LAX,2,-166,-71,0,0,46,139,183,0,0,22
113,2,20,5,21,2475,DL,LAX,2,-166,-71,0,0,46,139,183,0,0,22
0,2,20,5,11,2475,AA,LAX,2,-166,-71,0,0,46,139,183,0,0,22
30,2,20,5,17,2475,DL,LAX,2,-166,-71,0,0,46,139,183,0,0,22
-1,2,20,5,18,2475,DL,LAX,2,-166,-71,0,0,46,139,183,0,0,22
2,2,20,5,8,2475,DL,LAX,2,-166,-71,0,0,46,139,183,0,0,22
-2,2,20,5,19,2475,UA,LAX,2,-166,-71,0,0,46,139,183,0,0,22
68,2,20,5,6,2475,UA,LAX,2,-166,-71,0,0,46,139,183,0,0,22
2,2,20,5,8,2475,UA,LAX,2,-166,-71,0,0,46,139,183,0,0,22
2,2,20,5,14,2475,UA,LAX,2,-166,-71,0,0,46,139,183,0,0,22
-1,2,20,5,11,2475,UA,LAX,2,-166,-71,0,0,46,139,183,0,0,22
0,2,20,5,17,2475,UA,LAX,2,-166,-71,0,0,46,139,183,0,0,22
23,2,20,5,7,2475,VX,LAX,2,-166,-71,0,0,46,139,183,0,0,22
-4,2,20,5,20,2475,VX,LAX,2,-166,-71,0,0,46,139,183,0,0,22
-2,2,20,5,16,2475,VX,LAX,2,-166,-71,0,0,46,139,183,0,0,22
7,2,20,5,13,2475,VX,LAX,2,-166,-71,0,0,46,139,183,0,0,22
16,2,20,5,9,2475,VX,LAX,2,-166,-71,0,0,46,139,183,0,0,22
-4,3,15,7,14,2475,UA,LAX,25,22,67,0,0,51,189,311,0,0,26
-3,3,15,7,8,2475,UA,LAX,25,22,67,0,0,51,189,311,0,0,26
1,3,15,7,11,2475,UA,LAX,25,22,67,0,0,51,189,311,0,0,26
239,3,15,7,19,2475,UA,LAX,25,22,67,0,0,51,189,311,0,0,26
6,3,15,7,15,2475,DL,LAX,25,22,67,0,0,51,189,311,0,0,26
-3,3,15,7,9,2475,AA,LAX,25,22,67,0,0,51,189,311,0,0,26
32,3,15,7,7,2475,DL,LAX,25,22,67,0,0,51,189,311,0,0,26
114,3,15,7,21,2475,DL,LAX,25,22,67,0,0,51,189,311,0,0,26
35,3,15,7,21,2475,AA,LAX,25,22,67,0,0,51,189,311,0,0,26
328,3,15,7,17,2475,DL,LAX,25,22,67,0,0,51,189,311,0,0,26
209,3,15,7,18,2475,DL,LAX,25,22,67,0,0,51,189,311,0,0,26
1,3,15,7,6,2475,B6,LAX,25,22,67,0,0,51,189,311,0,0,26
63,3,15,7,18,2475,B6,LAX,25,22,67,0,0,51,189,311,0,0,26
9,3,15,7,16,2475,B6,LAX,25,22,67,0,0,51,189,311,0,0,26
134,3,15,7,16,2475,AA,LAX,25,22,67,0,0,51,189,311,0,0,26
-1,3,15,7,11,2475,AA,LAX,25,22,67,0,0,51,189,311,0,0,26
-4,3,15,7,19,2475,AA,LAX,25,22,67,0,0,51,189,311,0,0,26
-5,3,15,7,8,2475,AA,LAX,25,22,67,0,0,51,189,311,0,0,26
140,3,15,7,21,2475,B6,LAX,25,22,67,0,0,51,189,311,0,0,26
-7,3,15,7,7,2475,AA,LAX,25,22,67,0,0,51,189,311,0,0,26
-6,3,15,7,14,2475,AA,LAX,25,22,67,0,0,51,189,311,0,0,26
-9,3,15,7,10,2475,AA,LAX,25,22,67,0,0,51,189,311,0,0,26
0,3,15,7,8,2475,B6,LAX,25,22,67,0,0,51,189,311,0,0,26
-6,3,15,7,12,2475,AA,LAX,25,22,67,0,0,51,189,311,0,0,26
21,3,15,7,9,2475,DL,LAX,25,22,67,0,0,51,189,311,0,0,26
-2,3,15,7,12,2475,DL,LAX,25,22,67,0,0,51,189,311,0,0,26
-2,3,15,7,9,2475,B6,LAX,25,22,67,0,0,51,189,311,0,0,26
72,3,15,7,18,2475,AA,LAX,25,22,67,0,0,51,189,311,0,0,26
4,3,15,7,11,2475,B6,LAX,25,22,67,0,0,51,189,311,0,0,26
1,3,15,7,8,2475,DL,LAX,25,22,67,0,0,51,189,311,0,0,26
-2,3,15,7,9,2475,VX,LAX,25,22,67,0,0,51,189,311,0,0,26
198,3,15,7,20,2475,VX,LAX,25,22,67,0,0,51,189,311,0,0,26
-3,3,15,7,13,2475,VX,LAX,25,22,67,0,0,51,189,311,0,0,26
263,3,15,7,16,2475,VX,LAX,25,22,67,0,0,51,189,311,0,0,26
-3,3,27,5,14,2475,UA,LAX,37,39,78,69,0,19,156,283,0,0,26
1,3,27,5,12,2475,DL,LAX,37,39,78,69,0,19,156,283,0,0,26
0,3,27,5,9,2475,DL,LAX,37,39,78,69,0,19,156,283,0,0,26
27,3,27,5,20,2475,VX,LAX,37,39,78,69,0,19,156,283,0,0,26
2,3,27,5,16,2475,VX,LAX,37,39,78,69,0,19,156,283,0,0,26
-2,3,27,5,13,2475,VX,LAX,37,39,78,69,0,19,156,283,0,0,26
-7,3,27,5,9,2475,VX,LAX,37,39,78,69,0,19,156,283,0,0,26
33,3,27,5,7,2475,VX,LAX,37,39,78,69,0,19,156,283,0,0,26
5,3,27,5,7,2475,DL,LAX,37,39,78,69,0,19,156,283,0,0,26
31,3,27,5,21,2475,DL,LAX,37,39,78,69,0,19,156,283,0,0,26
1,3,27,5,17,2475,DL,LAX,37,39,78,69,0,19,156,283,0,0,26
34,3,27,5,18,2475,DL,LAX,37,39,78,69,0,19,156,283,0,0,26
-1,3,27,5,15,2475,DL,LAX,37,39,78,69,0,19,156,283,0,0,26
26,3,27,5,11,2475,UA,LAX,37,39,78,69,0,19,156,283,0,0,26
-1,3,27,5,17,2475,UA,LAX,37,39,78,69,0,19,156,283,0,0,26
-2,3,27,5,19,2475,UA,LAX,37,39,78,69,0,19,156,283,0,0,26
2,3,27,5,8,2475,UA,LAX,37,39,78,69,0,19,156,283,0,0,26
-3,3,27,5,8,2475,DL,LAX,37,39,78,69,0,19,156,283,0,0,26
11,3,27,5,9,2475,AA,LAX,37,39,78,69,0,19,156,283,0,0,26
-6,3,27,5,18,2475,AA,LAX,37,39,78,69,0,19,156,283,0,0,26
-6,3,27,5,7,2475,AA,LAX,37,39,78,69,0,19,156,283,0,0,26
-2,3,27,5,12,2475,AA,LAX,37,39,78,69,0,19,156,283,0,0,26
0,3,27,5,16,2475,B6,LAX,37,39,78,69,0,19,156,283,0,0,26
0,3,27,5,11,2475,B6,LAX,37,39,78,69,0,19,156,283,0,0,26
-3,3,27,5,8,2475,AA,LAX,37,39,78,69,0,19,156,283,0,0,26
-5,3,27,5,10,2475,AA,LAX,37,39,78,69,0,19,156,283,0,0,26
-5,3,27,5,9,2475,B6,LAX,37,39,78,69,0,19,156,283,0,0,26
-2,3,27,5,19,2475,AA,LAX,37,39,78,69,0,19,156,283,0,0,26
-1,3,27,5,6,2475,B6,LAX,37,39,78,69,0,19,156,283,0,0,26
-9,3,27,5,11,2475,AA,LAX,37,39,78,69,0,19,156,283,0,0,26
-7,3,27,5,21,2475,AA,LAX,37,39,78,69,0,19,156,283,0,0,26
-8,3,27,5,14,2475,AA,LAX,37,39,78,69,0,19,156,283,0,0,26
6,3,27,5,17,2475,AA,LAX,37,39,78,69,0,19,156,283,0,0,26
24,3,27,5,16,2475,AA,LAX,37,39,78,69,0,19,156,283,0,0,26
-5,3,27,5,18,2475,B6,LAX,37,39,78,69,0,19,156,283,0,0,26
-3,3,27,5,21,2475,B6,LAX,37,39,78,69,0,19,156,283,0,0,26
-3,3,27,5,8,2475,B6,LAX,37,39,78,69,0,19,156,283,0,0,26
-4,4,11,6,11,2475,B6,LAX,41,67,139,0,0,39,117,200,0,0,29
-5,4,11,6,7,2475,VX,LAX,41,67,139,0,0,39,117,200,0,0,29
-2,4,11,6,9,2475,VX,LAX,41,67,139,0,0,39,117,200,0,0,29
-2,4,11,6,13,2475,VX,LAX,41,67,139,0,0,39,117,200,0,0,29
1,4,11,6,16,2475,VX,LAX,41,67,139,0,0,39,117,200,0,0,29
-10,4,11,6,18,2475,B6,LAX,41,67,139,0,0,39,117,200,0,0,29
68,4,11,6,18,2475,DL,LAX,41,67,139,0,0,39,117,200,0,0,29
-1,4,11,6,8,2475,DL,LAX,41,67,139,0,0,39,117,200,0,0,29
22,4,11,6,17,2475,DL,LAX,41,67,139,0,0,39,117,200,0,0,29
5,4,11,6,12,2475,DL,LAX,41,67,139,0,0,39,117,200,0,0,29
-5,4,11,6,16,2475,B6,LAX,41,67,139,0,0,39,117,200,0,0,29
-7,4,11,6,12,2475,B6,LAX,41,67,139,0,0,39,117,200,0,0,29
-4,4,11,6,9,2475,B6,LAX,41,67,139,0,0,39,117,200,0,0,29
20,4,11,6,6,2475,B6,LAX,41,67,139,0,0,39,117,200,0,0,29
21,4,11,6,15,2475,DL,LAX,41,67,139,0,0,39,117,200,0,0,29
-2,4,11,6,8,2475,UA,LAX,41,67,139,0,0,39,117,200,0,0,29
-2,4,11,6,17,2475,UA,LAX,41,67,139,0,0,39,117,200,0,0,29
-5,4,11,6,11,2475,UA,LAX,41,67,139,0,0,39,117,200,0,0,29
2,4,11,6,14,2475,UA,LAX,41,67,139,0,0,39,117,200,0,0,29
-1,4,11,6,6,2475,UA,LAX,41,67,139,0,0,39,117,200,0,0,29
-10,4,11,6,10,2475,AA,LAX,41,67,139,0,0,39,117,200,0,0,29
8,4,11,6,16,2475,AA,LAX,41,67,139,0,0,39,117,200,0,0,29
-5,4,11,6,18,2475,AA,LAX,41,67,139,0,0,39,117,200,0,0,29
-6,4,11,6,11,2475,AA,LAX,41,67,139,0,0,39,117,200,0,0,29
-4,4,11,6,12,2475,AA,LAX,41,67,139,0,0,39,117,200,0,0,29
100,4,11,6,15,2475,AA,LAX,41,67,139,0,0,39,117,200,0,0,29
-8,4,11,6,19,2475,AA,LAX,41,67,139,0,0,39,117,200,0,0,29
97,4,11,6,21,2475,AA,LAX,41,67,139,0,0,39,117,200,0,0,29
-4,4,11,6,8,2475,AA,LAX,41,67,139,0,0,39,117,200,0,0,29
-3,4,11,6,17,2475,AA,LAX,41,67,139,0,0,39,117,200,0,0,29
-6,4,11,6,9,2475,AA,LAX,41,67,139,0,0,39,117,200,0,0,29
-10,4,23,4,7,2475,VX,LAX,29,50,111,0,0,41,133,189,0,0,41
224,4,23,4,9,2475,VX,LAX,29,50,111,0,0,41,133,189,0,0,41
98,4,23,4,13,2475,VX,LAX,29,50,111,0,0,41,133,189,0,0,41
0,4,23,4,17,2475,DL,LAX,29,50,111,0,0,41,133,189,0,0,41
-5,4,23,4,8,2475,DL,LAX,29,50,111,0,0,41,133,189,0,0,41
-3,4,23,4,9,2475,B6,LAX,29,50,111,0,0,41,133,189,0,0,41
-2,4,23,4,11,2475,B6,LAX,29,50,111,0,0,41,133,189,0,0,41
16,4,23,4,18,2475,B6,LAX,29,50,111,0,0,41,133,189,0,0,41
-5,4,23,4,12,2475,B6,LAX,29,50,111,0,0,41,133,189,0,0,41
-3,4,23,4,16,2475,VX,LAX,29,50,111,0,0,41,133,189,0,0,41
-2,4,23,4,20,2475,VX,LAX,29,50,111,0,0,41,133,189,0,0,41
16,4,23,4,15,2475,DL,LAX,29,50,111,0,0,41,133,189,0,0,41
-5,4,23,4,18,2475,DL,LAX,29,50,111,0,0,41,133,189,0,0,41
-5,4,23,4,21,2475,B6,LAX,29,50,111,0,0,41,133,189,0,0,41
-5,4,23,4,6,2475,B6,LAX,29,50,111,0,0,41,133,189,0,0,41
-7,4,23,4,9,2475,DL,LAX,29,50,111,0,0,41,133,189,0,0,41
-5,4,23,4,11,2475,DL,LAX,29,50,111,0,0,41,133,189,0,0,41
-4,4,23,4,7,2475,DL,LAX,29,50,111,0,0,41,133,189,0,0,41
-4,4,23,4,21,2475,DL,LAX,29,50,111,0,0,41,133,189,0,0,41
-9,4,23,4,16,2475,B6,LAX,29,50,111,0,0,41,133,189,0,0,41
-4,4,23,4,8,2475,AA,LAX,29,50,111,0,0,41,133,189,0,0,41
26,4,23,4,21,2475,AA,LAX,29,50,111,0,0,41,133,189,0,0,41
-5,4,23,4,19,2475,AA,LAX,29,50,111,0,0,41,133,189,0,0,41
-8,4,23,4,18,2475,AA,LAX,29,50,111,0,0,41,133,189,0,0,41
-3,4,23,4,9,2475,AA,LAX,29,50,111,0,0,41,133,189,0,0,41
-3,4,23,4,7,2475,AA,LAX,29,50,111,0,0,41,133,189,0,0,41
-6,4,23,4,15,2475,AA,LAX,29,50,111,0,0,41,133,189,0,0,41
-1,4,23,4,17,2475,AA,LAX,29,50,111,0,0,41,133,189,0,0,41
-11,4,23,4,11,2475,AA,LAX,29,50,111,0,0,41,133,189,0,0,41
-2,4,23,4,16,2475,AA,LAX,29,50,111,0,0,41,133,189,0,0,41
-8,4,23,4,10,2475,AA,LAX,29,50,111,0,0,41,133,189,0,0,41
-10,4,23,4,6,2475,AA,LAX,29,50,111,0,0,41,133,189,0,0,41
-5,4,23,4,12,2475,AA,LAX,29,50,111,0,0,41,133,189,0,0,41
-3,4,23,4,6,2475,UA,LAX,29,50,111,0,0,41,133,189,0,0,41
-2,4,23,4,14,2475,UA,LAX,29,50,111,0,0,41,133,189,0,0,41
-8,4,23,4,11,2475,UA,LAX,29,50,111,0,0,41,133,189,0,0,41
8,4,23,4,17,2475,UA,LAX,29,50,111,0,0,41,133,189,0,0,41
47,4,23,4,19,2475,UA,LAX,29,50,111,0,0,41,133,189,0,0,41
-4,4,23,4,8,2475,UA,LAX,29,50,111,0,0,41,133,189,0,0,41
-4,5,6,3,11,2475,VX,LAX,16,150,228,0,0,22,133,178,0,0,39
-9,5,6,3,7,2475,VX,LAX,16,150,228,0,0,22,133,178,0,0,39
-6,5,6,3,17,2475,UA,LAX,16,150,228,0,0,22,133,178,0,0,39
-1,5,6,3,19,2475,UA,LAX,16,150,228,0,0,22,133,178,0,0,39
-1,5,6,3,8,2475,UA,LAX,16,150,228,0,0,22,133,178,0,0,39
-7,5,6,3,6,2475,UA,LAX,16,150,228,0,0,22,133,178,0,0,39
-9,5,6,3,9,2475,VX,LAX,16,150,228,0,0,22,133,178,0,0,39
160,5,6,3,14,2475,UA,LAX,16,150,228,0,0,22,133,178,0,0,39
-2,5,6,3,11,2475,UA,LAX,16,150,228,0,0,22,133,178,0,0,39
-2,5,6,3,20,2475,VX,LAX,16,150,228,0,0,22,133,178,0,0,39
-2,5,6,3,16,2475,VX,LAX,16,150,228,0,0,22,133,178,0,0,39
-7,5,6,3,13,2475,VX,LAX,16,150,228,0,0,22,133,178,0,0,39
-6,5,6,3,16,2475,AA,LAX,16,150,228,0,0,22,133,178,0,0,39
-1,5,6,3,21,2475,B6,LAX,16,150,228,0,0,22,133,178,0,0,39
-7,5,6,3,6,2475,B6,LAX,16,150,228,0,0,22,133,178,0,0,39
-3,5,6,3,8,2475,B6,LAX,16,150,228,0,0,22,133,178,0,0,39
-6,5,6,3,19,2475,AA,LAX,16,150,228,0,0,22,133,178,0,0,39
-10,5,6,3,16,2475,B6,LAX,16,150,228,0,0,22,133,178,0,0,39
-4,5,6,3,11,2475,B6,LAX,16,150,228,0,0,22,133,178,0,0,39
-5,5,6,3,9,2475,B6,LAX,16,150,228,0,0,22,133,178,0,0,39
-8,5,6,3,10,2475,AA,LAX,16,150,228,0,0,22,133,178,0,0,39
21,5,6,3,9,2475,AA,LAX,16,150,228,0,0,22,133,178,0,0,39
-3,5,6,3,15,2475,AA,LAX,16,150,228,0,0,22,133,178,0,0,39
0,5,6,3,8,2475,AA,LAX,16,150,228,0,0,22,133,178,0,0,39
0,5,6,3,15,2475,DL,LAX,16,150,228,0,0,22,133,178,0,0,39
-1,5,6,3,9,2475,DL,LAX,16,150,228,0,0,22,133,178,0,0,39
-1,5,6,3,11,2475,DL,LAX,16,150,228,0,0,22,133,178,0,0,39
0,5,6,3,7,2475,DL,LAX,16,150,228,0,0,22,133,178,0,0,39
55,5,6,3,21,2475,DL,LAX,16,150,228,0,0,22,133,178,0,0,39
5,5,6,3,17,2475,DL,LAX,16,150,228,0,0,22,133,178,0,0,39
-2,5,6,3,8,2475,DL,LAX,16,150,228,0,0,22,133,178,0,0,39
13,5,6,3,18,2475,DL,LAX,16,150,228,0,0,22,133,178,0,0,39
7,5,6,3,18,2475,AA,LAX,16,150,228,0,0,22,133,178,0,0,39
-7,5,6,3,12,2475,AA,LAX,16,150,228,0,0,22,133,178,0,0,39
-3,5,6,3,11,2475,AA,LAX,16,150,228,0,0,22,133,178,0,0,39
-4,5,6,3,17,2475,AA,LAX,16,150,228,0,0,22,133,178,0,0,39
-9,5,6,3,7,2475,AA,LAX,16,150,228,0,0,22,133,178,0,0,39
-7,5,6,3,21,2475,AA,LAX,16,150,228,0,0,22,133,178,0,0,39
-2,5,6,3,18,2475,B6,LAX,16,150,228,0,0,22,133,178,0,0,39
-9,5,6,3,13,2475,B6,LAX,16,150,228,0,0,22,133,178,0,0,39
-2,5,18,1,6,2475,UA,LAX,4,156,239,0,0,21,144,189,0,0,41
-2,5,18,1,11,2475,UA,LAX,4,156,239,0,0,21,144,189,0,0,41
-5,5,18,1,14,2475,UA,LAX,4,156,239,0,0,21,144,189,0,0,41
-7,5,18,1,8,2475,UA,LAX,4,156,239,0,0,21,144,189,0,0,41
132,5,18,1,19,2475,UA,LAX,4,156,239,0,0,21,144,189,0,0,41
-2,5,18,1,17,2475,UA,LAX,4,156,239,0,0,21,144,189,0,0,41
0,5,18,1,9,2475,VX,LAX,4,156,239,0,0,21,144,189,0,0,41
-1,5,18,1,13,2475,VX,LAX,4,156,239,0,0,21,144,189,0,0,41
-3,5,18,1,16,2475,VX,LAX,4,156,239,0,0,21,144,189,0,0,41
157,5,18,1,20,2475,VX,LAX,4,156,239,0,0,21,144,189,0,0,41
-3,5,18,1,7,2475,VX,LAX,4,156,239,0,0,21,144,189,0,0,41
-3,5,18,1,6,2475,B6,LAX,4,156,239,0,0,21,144,189,0,0,41
-8,5,18,1,10,2475,AA,LAX,4,156,239,0,0,21,144,189,0,0,41
18,5,18,1,17,2475,AA,LAX,4,156,239,0,0,21,144,189,0,0,41
-8,5,18,1,8,2475,AA,LAX,4,156,239,0,0,21,144,189,0,0,41
-3,5,18,1,18,2475,B6,LAX,4,156,239,0,0,21,144,189,0,0,41
-6,5,18,1,11,2475,AA,LAX,4,156,239,0,0,21,144,189,0,0,41
50,5,18,1,19,2475,AA,LAX,4,156,239,0,0,21,144,189,0,0,41
-5,5,18,1,7,2475,AA,LAX,4,156,239,0,0,21,144,189,0,0,41
-4,5,18,1,8,2475,B6,LAX,4,156,239,0,0,21,144,189,0,0,41
-5,5,18,1,11,2475,DL,LAX,4,156,239,0,0,21,144,189,0,0,41
-1,5,18,1,9,2475,DL,LAX,4,156,239,0,0,21,144,189,0,0,41
10,5,18,1,18,2475,DL,LAX,4,156,239,0,0,21,144,189,0,0,41
-1,5,18,1,15,2475,DL,LAX,4,156,239,0,0,21,144,189,0,0,41
-2,5,18,1,11,2475,B6,LAX,4,156,239,0,0,21,144,189,0,0,41
134,5,18,1,21,2475,DL,LAX,4,156,239,0,0,21,144,189,0,0,41
-3,5,18,1,12,2475,AA,LAX,4,156,239,0,0,21,144,189,0,0,41
0,5,18,1,9,2475,B6,LAX,4,156,239,0,0,21,144,189,0,0,41
-2,5,18,1,8,2475,DL,LAX,4,156,239,0,0,21,144,189,0,0,41
-6,5,18,1,15,2475,AA,LAX,4,156,239,0,0,21,144,189,0,0,41
50,5,18,1,21,2475,AA,LAX,4,156,239,0,0,21,144,189,0,0,41
-1,5,18,1,16,2475,AA,LAX,4,156,239,0,0,21,144,189,0,0,41
183,5,18,1,21,2475,B6,LAX,4,156,239,0,0,21,144,189,0,0,41
-5,5,18,1,6,2475,AA,LAX,4,156,239,0,0,21,144,189,0,0,41
-4,5,18,1,13,2475,B6,LAX,4,156,239,0,0,21,144,189,0,0,41
99,5,18,1,18,2475,AA,LAX,4,156,239,0,0,21,144,189,0,0,41
-5,5,18,1,16,2475,B6,LAX,4,156,239,0,0,21,144,189,0,0,41
48,5,18,1,17,2475,DL,LAX,4,156,239,0,0,21,144,189,0,0,41
18,5,18,1,9,2475,AA,LAX,4,156,239,0,0,21,144,189,0,0,41
-1,5,18,1,7,2475,DL,LAX,4,156,239,0,0,21,144,189,0,0,41
2,5,31,7,11,2475,DL,LAX,5,139,306,371,0,25,133,189,0,0,34
-5,5,31,7,9,2475,DL,LAX,5,139,306,371,0,25,133,189,0,0,34
32,5,31,7,15,2475,DL,LAX,5,139,306,371,0,25,133,189,0,0,34
98,5,31,7,18,2475,AA,LAX,5,139,306,371,0,25,133,189,0,0,34
235,5,31,7,21,2475,B6,LAX,5,139,306,371,0,25,133,189,0,0,34
-1,5,31,7,17,2475,AA,LAX,5,139,306,371,0,25,133,189,0,0,34
-2,5,31,7,9,2475,B6,LAX,5,139,306,371,0,25,133,189,0,0,34
-7,5,31,7,9,2475,AA,LAX,5,139,306,371,0,25,133,189,0,0,34
-4,5,31,7,8,2475,B6,LAX,5,139,306,371,0,25,133,189,0,0,34
116,5,31,7,18,2475,DL,LAX,5,139,306,371,0,25,133,189,0,0,34
-2,5,31,7,11,2475,B6,LAX,5,139,306,371,0,25,133,189,0,0,34
20,5,31,7,7,2475,AA,LAX,5,139,306,371,0,25,133,189,0,0,34
58,5,31,7,16,2475,AA,LAX,5,139,306,371,0,25,133,189,0,0,34
106,5,31,7,19,2475,AA,LAX,5,139,306,371,0,25,133,189,0,0,34
-8,5,31,7,12,2475,AA,LAX,5,139,306,371,0,25,133,189,0,0,34
-5,5,31,7,6,2475,B6,LAX,5,139,306,371,0,25,133,189,0,0,34
44,5,31,7,21,2475,AA,LAX,5,139,306,371,0,25,133,189,0,0,34
-7,5,31,7,11,2475,AA,LAX,5,139,306,371,0,25,133,189,0,0,34
6,5,31,7,8,2475,DL,LAX,5,139,306,371,0,25,133,189,0,0,34
176,5,31,7,18,2475,B6,LAX,5,139,306,371,0,25,133,189,0,0,34
-5,5,31,7,13,2475,B6,LAX,5,139,306,371,0,25,133,189,0,0,34
5,5,31,7,15,2475,AA,LAX,5,139,306,371,0,25,133,189,0,0,34
-1,5,31,7,17,2475,DL,LAX,5,139,306,371,0,25,133,189,0,0,34
0,5,31,7,16,2475,B6,LAX,5,139,306,371,0,25,133,189,0,0,34
118,5,31,7,21,2475,DL,LAX,5,139,306,371,0,25,133,189,0,0,34
-5,5,31,7,7,2475,DL,LAX,5,139,306,371,0,25,133,189,0,0,34
157,5,31,7,20,2475,VX,LAX,5,139,306,371,0,25,133,189,0,0,34
-2,5,31,7,16,2475,VX,LAX,5,139,306,371,0,25,133,189,0,0,34
-3,5,31,7,13,2475,VX,LAX,5,139,306,371,0,25,133,189,0,0,34
7,5,31,7,9,2475,VX,LAX,5,139,306,371,0,25,133,189,0,0,34
-2,5,31,7,7,2475,VX,LAX,5,139,306,371,0,25,133,189,0,0,34
0,5,31,7,17,2475,UA,LAX,5,139,306,371,0,25,133,189,0,0,34
-2,5,31,7,11,2475,UA,LAX,5,139,306,371,0,25,133,189,0,0,34
250,5,31,7,19,2475,UA,LAX,5,139,306,371,0,25,133,189,0,0,34
-2,5,31,7,14,2475,UA,LAX,5,139,306,371,0,25,133,189,0,0,34
-3,5,31,7,8,2475,UA,LAX,5,139,306,371,0,25,133,189,0,0,34
-7,6,2,2,12,2475,AA,LAX,7,100,128,94,0,28,150,206,0,0,32
-3,6,2,2,9,2475,AA,LAX,7,100,128,94,0,28,150,206,0,0,32
-3,6,2,2,9,2475,AA,LAX,7,100,128,94,0,28,150,206,0,0,32
-4,6,2,2,11,2475,AA,LAX,7,100,128,94,0,28,150,206,0,0,32
-2,6,2,2,7,2475,AA,LAX,7,100,128,94,0,28,150,206,0,0,32
-4,6,2,2,11,2475,AA,LAX,7,100,128,94,0,28,150,206,0,0,32
-2,6,2,2,7,2475,AA,LAX,7,100,128,94,0,28,150,206,0,0,32
-7,6,2,2,12,2475,AA,LAX,7,100,128,94,0,28,150,206,0,0,32
-11,6,14,7,11,2475,AA,LAX,19,189,311,91,0,12,161,222,0,0,32
-8,6,14,7,12,2475,AA,LAX,19,189,311,91,0,12,161,222,0,0,32
-7,6,14,7,9,2475,AA,LAX,19,189,311,91,0,12,161,222,0,0,32
-7,6,14,7,9,2475,AA,LAX,19,189,311,91,0,12,161,222,0,0,32
-8,6,14,7,12,2475,AA,LAX,19,189,311,91,0,12,161,222,0,0,32
-11,6,14,7,11,2475,AA,LAX,19,189,311,91,0,12,161,222,0,0,32
-11,6,26,5,9,2475,AA,LAX,8,206,272,0,0,20,156,211,0,0,42
-11,6,26,5,9,2475,AA,LAX,8,206,272,0,0,20,156,211,0,0,42
-11,6,26,5,12,2475,AA,LAX,8,206,272,0,0,20,156,211,0,0,42
-5,6,26,5,11,2475,AA,LAX,8,206,272,0,0,20,156,211,0,0,42
-5,6,26,5,11,2475,AA,LAX,8,206,272,0,0,20,156,211,0,0,42
-11,6,26,5,12,2475,AA,LAX,8,206,272,0,0,20,156,211,0,0,42
-3,7,9,4,12,2475,DL,LAX,5,200,261,76,0,21,172,228,0,0,45
91,7,9,4,9,2475,DL,LAX,5,200,261,76,0,21,172,228,0,0,45
0,7,9,4,18,2475,DL,LAX,5,200,261,76,0,21,172,228,0,0,45
-8,7,9,4,6,2475,B6,LAX,5,200,261,76,0,21,172,228,0,0,45
-1,7,9,4,8,2475,B6,LAX,5,200,261,76,0,21,172,228,0,0,45
-5,7,9,4,9,2475,B6,LAX,5,200,261,76,0,21,172,228,0,0,45
25,7,9,4,11,2475,B6,LAX,5,200,261,76,0,21,172,228,0,0,45
7,7,9,4,12,2475,B6,LAX,5,200,261,76,0,21,172,228,0,0,45
1,7,9,4,16,2475,B6,LAX,5,200,261,76,0,21,172,228,0,0,45
2,7,9,4,18,2475,B6,LAX,5,200,261,76,0,21,172,228,0,0,45
39,7,9,4,21,2475,B6,LAX,5,200,261,76,0,21,172,228,0,0,45
-4,7,9,4,17,2475,UA,LAX,5,200,261,76,0,21,172,228,0,0,45
52,7,9,4,19,2475,UA,LAX,5,200,261,76,0,21,172,228,0,0,45
-3,7,9,4,8,2475,UA,LAX,5,200,261,76,0,21,172,228,0,0,45
-2,7,9,4,6,2475,UA,LAX,5,200,261,76,0,21,172,228,0,0,45
-2,7,9,4,14,2475,UA,LAX,5,200,261,76,0,21,172,228,0,0,45
2,7,9,4,11,2475,UA,LAX,5,200,261,76,0,21,172,228,0,0,45
105,7,9,4,20,2475,VX,LAX,5,200,261,76,0,21,172,228,0,0,45
4,7,9,4,16,2475,VX,LAX,5,200,261,76,0,21,172,228,0,0,45
-4,7,9,4,13,2475,VX,LAX,5,200,261,76,0,21,172,228,0,0,45
-6,7,9,4,9,2475,VX,LAX,5,200,261,76,0,21,172,228,0,0,45
-2,7,9,4,7,2475,VX,LAX,5,200,261,76,0,21,172,228,0,0,45
-3,7,9,4,15,2475,DL,LAX,5,200,261,76,0,21,172,228,0,0,45
87,7,9,4,8,2475,DL,LAX,5,200,261,76,0,21,172,228,0,0,45
11,7,9,4,16,2475,DL,LAX,5,200,261,76,0,21,172,228,0,0,45
30,7,9,4,20,2475,DL,LAX,5,200,261,76,0,21,172,228,0,0,45
-2,7,9,4,7,2475,DL,LAX,5,200,261,76,0,21,172,228,0,0,45
-2,7,9,4,6,2475,AA,LAX,5,200,261,76,0,21,172,228,0,0,45
19,7,9,4,18,2475,AA,LAX,5,200,261,76,0,21,172,228,0,0,45
-3,7,9,4,11,2475,AA,LAX,5,200,261,76,0,21,172,228,0,0,45
-3,7,9,4,7,2475,AA,LAX,5,200,261,76,0,21,172,228,0,0,45
-7,7,9,4,12,2475,AA,LAX,5,200,261,76,0,21,172,228,0,0,45
-7,7,9,4,9,2475,AA,LAX,5,200,261,76,0,21,172,228,0,0,45
-7,7,9,4,10,2475,AA,LAX,5,200,261,76,0,21,172,228,0,0,45
0,7,9,4,16,2475,AA,LAX,5,200,261,76,0,21,172,228,0,0,45
-1,7,9,4,15,2475,AA,LAX,5,200,261,76,0,21,172,228,0,0,45
0,7,9,4,19,2475,AA,LAX,5,200,261,76,0,21,172,228,0,0,45
-5,7,9,4,21,2475,AA,LAX,5,200,261,76,0,21,172,228,0,0,45
-3,7,9,4,17,2475,AA,LAX,5,200,261,76,0,21,172,228,0,0,45
-5,7,10,5,9,2475,AA,LAX,6,222,289,0,0,21,167,217,0,0,45
-2,7,10,5,12,2475,AA,LAX,6,222,289,0,0,21,167,217,0,0,45
-4,7,10,5,7,2475,AA,LAX,6,222,289,0,0,21,167,217,0,0,45
0,7,10,5,18,2475,AA,LAX,6,222,289,0,0,21,167,217,0,0,45
-4,7,10,5,21,2475,AA,LAX,6,222,289,0,0,21,167,217,0,0,45
-2,7,10,5,15,2475,AA,LAX,6,222,289,0,0,21,167,217,0,0,45
-7,7,10,5,11,2475,AA,LAX,6,222,289,0,0,21,167,217,0,0,45
13,7,10,5,16,2475,AA,LAX,6,222,289,0,0,21,167,217,0,0,45
154,7,10,5,19,2475,AA,LAX,6,222,289,0,0,21,167,217,0,0,45
-3,7,10,5,10,2475,AA,LAX,6,222,289,0,0,21,167,217,0,0,45
-6,7,10,5,17,2475,AA,LAX,6,222,289,0,0,21,167,217,0,0,45
0,7,10,5,8,2475,B6,LAX,6,222,289,0,0,21,167,217,0,0,45
4,7,10,5,6,2475,B6,LAX,6,222,289,0,0,21,167,217,0,0,45
-2,7,10,5,7,2475,VX,LAX,6,222,289,0,0,21,167,217,0,0,45
-2,7,10,5,9,2475,VX,LAX,6,222,289,0,0,21,167,217,0,0,45
-6,7,10,5,13,2475,VX,LAX,6,222,289,0,0,21,167,217,0,0,45
-6,7,10,5,16,2475,VX,LAX,6,222,289,0,0,21,167,217,0,0,45
-3,7,10,5,20,2475,VX,LAX,6,222,289,0,0,21,167,217,0,0,45
-1,7,10,5,6,2475,UA,LAX,6,222,289,0,0,21,167,217,0,0,45
-8,7,10,5,8,2475,UA,LAX,6,222,289,0,0,21,167,217,0,0,45
-1,7,10,5,9,2475,DL,LAX,6,222,289,0,0,21,167,217,0,0,45
-3,7,10,5,18,2475,DL,LAX,6,222,289,0,0,21,167,217,0,0,45
1,7,10,5,19,2475,UA,LAX,6,222,289,0,0,21,167,217,0,0,45
-3,7,10,5,17,2475,UA,LAX,6,222,289,0,0,21,167,217,0,0,45
-4,7,10,5,11,2475,UA,LAX,6,222,289,0,0,21,167,217,0,0,45
-4,7,10,5,15,2475,DL,LAX,6,222,289,0,0,21,167,217,0,0,45
-4,7,10,5,8,2475,DL,LAX,6,222,289,0,0,21,167,217,0,0,45
-1,7,10,5,16,2475,DL,LAX,6,222,289,0,0,21,167,217,0,0,45
0,7,10,5,20,2475,DL,LAX,6,222,289,0,0,21,167,217,0,0,45
1,7,10,5,7,2475,DL,LAX,6,222,289,0,0,21,167,217,0,0,45
1,7,10,5,12,2475,DL,LAX,6,222,289,0,0,21,167,217,0,0,45
-10,7,10,5,14,2475,UA,LAX,6,222,289,0,0,21,167,217,0,0,45
-4,7,10,5,21,2475,B6,LAX,6,222,289,0,0,21,167,217,0,0,45
-3,7,10,5,18,2475,B6,LAX,6,222,289,0,0,21,167,217,0,0,45
-3,7,10,5,16,2475,B6,LAX,6,222,289,0,0,21,167,217,0,0,45
-6,7,10,5,13,2475,B6,LAX,6,222,289,0,0,21,167,217,0,0,45
-8,7,10,5,11,2475,B6,LAX,6,222,289,0,0,21,167,217,0,0,45
-2,7,10,5,9,2475,B6,LAX,6,222,289,0,0,21,167,217,0,0,45
17,7,22,3,15,2475,DL,LAX,18,206,294,0,0,26,194,250,0,0,45
-3,7,22,3,21,2475,B6,LAX,18,206,294,0,0,26,194,250,0,0,45
-4,7,22,3,18,2475,B6,LAX,18,206,294,0,0,26,194,250,0,0,45
-2,7,22,3,16,2475,B6,LAX,18,206,294,0,0,26,194,250,0,0,45
-1,7,22,3,12,2475,B6,LAX,18,206,294,0,0,26,194,250,0,0,45
0,7,22,3,11,2475,B6,LAX,18,206,294,0,0,26,194,250,0,0,45
-5,7,22,3,9,2475,B6,LAX,18,206,294,0,0,26,194,250,0,0,45
-2,7,22,3,6,2475,UA,LAX,18,206,294,0,0,26,194,250,0,0,45
-1,7,22,3,8,2475,UA,LAX,18,206,294,0,0,26,194,250,0,0,45
162,7,22,3,19,2475,UA,LAX,18,206,294,0,0,26,194,250,0,0,45
2,7,22,3,17,2475,UA,LAX,18,206,294,0,0,26,194,250,0,0,45
-5,7,22,3,11,2475,UA,LAX,18,206,294,0,0,26,194,250,0,0,45
-2,7,22,3,14,2475,UA,LAX,18,206,294,0,0,26,194,250,0,0,45
-1,7,22,3,8,2475,B6,LAX,18,206,294,0,0,26,194,250,0,0,45
-3,7,22,3,6,2475,B6,LAX,18,206,294,0,0,26,194,250,0,0,45
-6,7,22,3,7,2475,VX,LAX,18,206,294,0,0,26,194,250,0,0,45
-3,7,22,3,9,2475,VX,LAX,18,206,294,0,0,26,194,250,0,0,45
41,7,22,3,13,2475,VX,LAX,18,206,294,0,0,26,194,250,0,0,45
-2,7,22,3,16,2475,VX,LAX,18,206,294,0,0,26,194,250,0,0,45
-6,7,22,3,20,2475,VX,LAX,18,206,294,0,0,26,194,250,0,0,45
-2,7,22,3,18,2475,DL,LAX,18,206,294,0,0,26,194,250,0,0,45
24,7,22,3,9,2475,DL,LAX,18,206,294,0,0,26,194,250,0,0,45
7,7,22,3,12,2475,DL,LAX,18,206,294,0,0,26,194,250,0,0,45
-3,7,22,3,7,2475,DL,LAX,18,206,294,0,0,26,194,250,0,0,45
14,7,22,3,20,2475,DL,LAX,18,206,294,0,0,26,194,250,0,0,45
28,7,22,3,16,2475,DL,LAX,18,206,294,0,0,26,194,250,0,0,45
13,7,22,3,8,2475,DL,LAX,18,206,294,0,0,26,194,250,0,0,45
-3,7,22,3,21,2475,AA,LAX,18,206,294,0,0,26,194,250,0,0,45
-5,7,22,3,11,2475,AA,LAX,18,206,294,0,0,26,194,250,0,0,45
-2,7,22,3,7,2475,AA,LAX,18,206,294,0,0,26,194,250,0,0,45
-3,7,22,3,12,2475,AA,LAX,18,206,294,0,0,26,194,250,0,0,45
0,7,22,3,18,2475,AA,LAX,18,206,294,0,0,26,194,250,0,0,45
-5,7,22,3,9,2475,AA,LAX,18,206,294,0,0,26,194,250,0,0,45
18,7,22,3,10,2475,AA,LAX,18,206,294,0,0,26,194,250,0,0,45
-10,7,22,3,16,2475,AA,LAX,18,206,294,0,0,26,194,250,0,0,45
-1,7,22,3,17,2475,AA,LAX,18,206,294,0,0,26,194,250,0,0,45
-4,7,22,3,15,2475,AA,LAX,18,206,294,0,0,26,194,250,0,0,45
-1,7,22,3,19,2475,AA,LAX,18,206,294,0,0,26,194,250,0,0,45
-2,8,5,3,8,2475,UA,LAX,27,222,306,0,0,13,189,267,0,0,32
0,8,5,3,6,2475,UA,LAX,27,222,306,0,0,13,189,267,0,0,32
5,8,5,3,20,2475,VX,LAX,27,222,306,0,0,13,189,267,0,0,32
-3,8,5,3,16,2475,VX,LAX,27,222,306,0,0,13,189,267,0,0,32
1,8,5,3,13,2475,VX,LAX,27,222,306,0,0,13,189,267,0,0,32
-2,8,5,3,9,2475,VX,LAX,27,222,306,0,0,13,189,267,0,0,32
-2,8,5,3,7,2475,VX,LAX,27,222,306,0,0,13,189,267,0,0,32
-1,8,5,3,14,2475,UA,LAX,27,222,306,0,0,13,189,267,0,0,32
1,8,5,3,11,2475,UA,LAX,27,222,306,0,0,13,189,267,0,0,32
-3,8,5,3,17,2475,UA,LAX,27,222,306,0,0,13,189,267,0,0,32
-7,8,5,3,19,2475,UA,LAX,27,222,306,0,0,13,189,267,0,0,32
-1,8,5,3,7,2475,AA,LAX,27,222,306,0,0,13,189,267,0,0,32
-2,8,5,3,9,2475,DL,LAX,27,222,306,0,0,13,189,267,0,0,32
11,8,5,3,16,2475,B6,LAX,27,222,306,0,0,13,189,267,0,0,32
115,8,5,3,15,2475,AA,LAX,27,222,306,0,0,13,189,267,0,0,32
75,8,5,3,21,2475,AA,LAX,27,222,306,0,0,13,189,267,0,0,32
307,8,5,3,11,2475,AA,LAX,27,222,306,0,0,13,189,267,0,0,32
0,8,5,3,12,2475,B6,LAX,27,222,306,0,0,13,189,267,0,0,32
-4,8,5,3,8,2475,B6,LAX,27,222,306,0,0,13,189,267,0,0,32
12,8,5,3,15,2475,DL,LAX,27,222,306,0,0,13,189,267,0,0,32
-4,8,5,3,8,2475,DL,LAX,27,222,306,0,0,13,189,267,0,0,32
70,8,5,3,18,2475,DL,LAX,27,222,306,0,0,13,189,267,0,0,32
-3,8,5,3,6,2475,B6,LAX,27,222,306,0,0,13,189,267,0,0,32
24,8,5,3,17,2475,DL,LAX,27,222,306,0,0,13,189,267,0,0,32
-3,8,5,3,12,2475,AA,LAX,27,222,306,0,0,13,189,267,0,0,32
19,8,5,3,20,2475,DL,LAX,27,222,306,0,0,13,189,267,0,0,32
60,8,5,3,10,2475,AA,LAX,27,222,306,0,0,13,189,267,0,0,32
14,8,5,3,9,2475,B6,LAX,27,222,306,0,0,13,189,267,0,0,32
5,8,5,3,7,2475,DL,LAX,27,222,306,0,0,13,189,267,0,0,32
90,8,5,3,21,2475,B6,LAX,27,222,306,0,0,13,189,267,0,0,32
2,8,5,3,18,2475,B6,LAX,27,222,306,0,0,13,189,267,0,0,32
-3,8,5,3,9,2475,AA,LAX,27,222,306,0,0,13,189,267,0,0,32
-5,8,5,3,12,2475,DL,LAX,27,222,306,0,0,13,189,267,0,0,32
-6,8,5,3,17,2475,AA,LAX,27,222,306,0,0,13,189,267,0,0,32
103,8,5,3,19,2475,AA,LAX,27,222,306,0,0,13,189,267,0,0,32
-4,8,5,3,11,2475,B6,LAX,27,222,306,0,0,13,189,267,0,0,32
-7,8,5,3,16,2475,AA,LAX,27,222,306,0,0,13,189,267,0,0,32
-4,8,5,3,18,2475,AA,LAX,27,222,306,0,0,13,189,267,0,0,32
9,8,17,1,7,2475,DL,LAX,15,256,350,0,0,15,200,278,0,0,28
18,8,17,1,20,2475,DL,LAX,15,256,350,0,0,15,200,278,0,0,28
11,8,17,1,17,2475,DL,LAX,15,256,350,0,0,15,200,278,0,0,28
-1,8,17,1,13,2475,DL,LAX,15,256,350,0,0,15,200,278,0,0,28
17,8,17,1,8,2475,DL,LAX,15,256,350,0,0,15,200,278,0,0,28
-3,8,17,1,15,2475,DL,LAX,15,256,350,0,0,15,200,278,0,0,28
-2,8,17,1,7,2475,AA,LAX,15,256,350,0,0,15,200,278,0,0,28
-2,8,17,1,6,2475,B6,LAX,15,256,350,0,0,15,200,278,0,0,28
-4,8,17,1,8,2475,B6,LAX,15,256,350,0,0,15,200,278,0,0,28
-5,8,17,1,9,2475,B6,LAX,15,256,350,0,0,15,200,278,0,0,28
-7,8,17,1,12,2475,AA,LAX,15,256,350,0,0,15,200,278,0,0,28
-6,8,17,1,11,2475,B6,LAX,15,256,350,0,0,15,200,278,0,0,28
-6,8,17,1,12,2475,B6,LAX,15,256,350,0,0,15,200,278,0,0,28
0,8,17,1,16,2475,B6,LAX,15,256,350,0,0,15,200,278,0,0,28
-5,8,17,1,18,2475,B6,LAX,15,256,350,0,0,15,200,278,0,0,28
8,8,17,1,21,2475,B6,LAX,15,256,350,0,0,15,200,278,0,0,28
7,8,17,1,11,2475,AA,LAX,15,256,350,0,0,15,200,278,0,0,28
-2,8,17,1,18,2475,AA,LAX,15,256,350,0,0,15,200,278,0,0,28
-5,8,17,1,21,2475,AA,LAX,15,256,350,0,0,15,200,278,0,0,28
-6,8,17,1,8,2475,AA,LAX,15,256,350,0,0,15,200,278,0,0,28
10,8,17,1,16,2475,AA,LAX,15,256,350,0,0,15,200,278,0,0,28
1,8,17,1,15,2475,AA,LAX,15,256,350,0,0,15,200,278,0,0,28
-2,8,17,1,17,2475,AA,LAX,15,256,350,0,0,15,200,278,0,0,28
-4,8,17,1,6,2475,AA,LAX,15,256,350,0,0,15,200,278,0,0,28
-6,8,17,1,9,2475,AA,LAX,15,256,350,0,0,15,200,278,0,0,28
-2,8,17,1,18,2475,DL,LAX,15,256,350,0,0,15,200,278,0,0,28
-5,8,17,1,9,2475,DL,LAX,15,256,350,0,0,15,200,278,0,0,28
16,8,17,1,10,2475,AA,LAX,15,256,350,0,0,15,200,278,0,0,28
1,8,17,1,19,2475,AA,LAX,15,256,350,0,0,15,200,278,0,0,28
0,8,17,1,12,2475,DL,LAX,15,256,350,0,0,15,200,278,0,0,28
-7,8,17,1,8,2475,UA,LAX,15,256,350,0,0,15,200,278,0,0,28
-7,8,17,1,6,2475,UA,LAX,15,256,350,0,0,15,200,278,0,0,28
-8,8,17,1,20,2475,VX,LAX,15,256,350,0,0,15,200,278,0,0,28
0,8,17,1,16,2475,VX,LAX,15,256,350,0,0,15,200,278,0,0,28
-2,8,17,1,13,2475,VX,LAX,15,256,350,0,0,15,200,278,0,0,28
-5,8,17,1,9,2475,VX,LAX,15,256,350,0,0,15,200,278,0,0,28
-1,8,17,1,7,2475,VX,LAX,15,256,350,0,0,15,200,278,0,0,28
-4,8,17,1,14,2475,UA,LAX,15,256,350,0,0,15,200,278,0,0,28
1,8,17,1,11,2475,UA,LAX,15,256,350,0,0,15,200,278,0,0,28
-3,8,17,1,17,2475,UA,LAX,15,256,350,0,0,15,200,278,0,0,28
-6,8,17,1,19,2475,UA,LAX,15,256,350,0,0,15,200,278,0,0,28
-6,8,29,6,11,2475,UA,LAX,3,194,306,0,0,9,211,289,0,0,39
-2,8,29,6,17,2475,UA,LAX,3,194,306,0,0,9,211,289,0,0,39
-4,8,29,6,8,2475,UA,LAX,3,194,306,0,0,9,211,289,0,0,39
-3,8,29,6,6,2475,UA,LAX,3,194,306,0,0,9,211,289,0,0,39
-6,8,29,6,18,2475,B6,LAX,3,194,306,0,0,9,211,289,0,0,39
-5,8,29,6,16,2475,B6,LAX,3,194,306,0,0,9,211,289,0,0,39
-4,8,29,6,13,2475,B6,LAX,3,194,306,0,0,9,211,289,0,0,39
15,8,29,6,11,2475,B6,LAX,3,194,306,0,0,9,211,289,0,0,39
-5,8,29,6,9,2475,B6,LAX,3,194,306,0,0,9,211,289,0,0,39
0,8,29,6,8,2475,B6,LAX,3,194,306,0,0,9,211,289,0,0,39
-4,8,29,6,6,2475,B6,LAX,3,194,306,0,0,9,211,289,0,0,39
-7,8,29,6,16,2475,AA,LAX,3,194,306,0,0,9,211,289,0,0,39
-2,8,29,6,19,2475,AA,LAX,3,194,306,0,0,9,211,289,0,0,39
-7,8,29,6,10,2475,AA,LAX,3,194,306,0,0,9,211,289,0,0,39
-9,8,29,6,21,2475,AA,LAX,3,194,306,0,0,9,211,289,0,0,39
-6,8,29,6,17,2475,AA,LAX,3,194,306,0,0,9,211,289,0,0,39
-3,8,29,6,15,2475,AA,LAX,3,194,306,0,0,9,211,289,0,0,39
-7,8,29,6,11,2475,AA,LAX,3,194,306,0,0,9,211,289,0,0,39
-6,8,29,6,7,2475,AA,LAX,3,194,306,0,0,9,211,289,0,0,39
-6,8,29,6,12,2475,AA,LAX,3,194,306,0,0,9,211,289,0,0,39
-4,8,29,6,9,2475,AA,LAX,3,194,306,0,0,9,211,289,0,0,39
53,8,29,6,17,2475,DL,LAX,3,194,306,0,0,9,211,289,0,0,39
14,8,29,6,18,2475,DL,LAX,3,194,306,0,0,9,211,289,0,0,39
-6,8,29,6,7,2475,VX,LAX,3,194,306,0,0,9,211,289,0,0,39
5,8,29,6,9,2475,VX,LAX,3,194,306,0,0,9,211,289,0,0,39
-3,8,29,6,13,2475,VX,LAX,3,194,306,0,0,9,211,289,0,0,39
-4,8,29,6,16,2475,VX,LAX,3,194,306,0,0,9,211,289,0,0,39
-11,8,29,6,20,2475,VX,LAX,3,194,306,0,0,9,211,289,0,0,39
9,8,29,6,12,2475,DL,LAX,3,194,306,0,0,9,211,289,0,0,39
-8,8,29,6,14,2475,UA,LAX,3,194,306,0,0,9,211,289,0,0,39
0,8,29,6,8,2475,DL,LAX,3,194,306,0,0,9,211,289,0,0,39
-2,8,29,6,15,2475,DL,LAX,3,194,306,0,0,9,211,289,0,0,39
28,8,30,7,15,2475,DL,LAX,2,222,322,33,0,18,211,278,0,0,32
7,8,30,7,13,2475,DL,LAX,2,222,322,33,0,18,211,278,0,0,32
-6,8,30,7,16,2475,VX,LAX,2,222,322,33,0,18,211,278,0,0,32
-10,8,30,7,7,2475,VX,LAX,2,222,322,33,0,18,211,278,0,0,32
-10,8,30,7,9,2475,VX,LAX,2,222,322,33,0,18,211,278,0,0,32
-4,8,30,7,14,2475,UA,LAX,2,222,322,33,0,18,211,278,0,0,32
-3,8,30,7,11,2475,UA,LAX,2,222,322,33,0,18,211,278,0,0,32
-8,8,30,7,17,2475,UA,LAX,2,222,322,33,0,18,211,278,0,0,32
-1,8,30,7,13,2475,VX,LAX,2,222,322,33,0,18,211,278,0,0,32
10,8,30,7,20,2475,VX,LAX,2,222,322,33,0,18,211,278,0,0,32
15,8,30,7,17,2475,DL,LAX,2,222,322,33,0,18,211,278,0,0,32
-3,8,30,7,9,2475,DL,LAX,2,222,322,33,0,18,211,278,0,0,32
-6,8,30,7,12,2475,DL,LAX,2,222,322,33,0,18,211,278,0,0,32
25,8,30,7,20,2475,DL,LAX,2,222,322,33,0,18,211,278,0,0,32
30,8,30,7,18,2475,DL,LAX,2,222,322,33,0,18,211,278,0,0,32
-4,8,30,7,8,2475,DL,LAX,2,222,322,33,0,18,211,278,0,0,32
-7,8,30,7,10,2475,AA,LAX,2,222,322,33,0,18,211,278,0,0,32
-6,8,30,7,19,2475,AA,LAX,2,222,322,33,0,18,211,278,0,0,32
-9,8,30,7,9,2475,AA,LAX,2,222,322,33,0,18,211,278,0,0,32
24,8,30,7,19,2475,UA,LAX,2,222,322,33,0,18,211,278,0,0,32
-2,8,30,7,16,2475,AA,LAX,2,222,322,33,0,18,211,278,0,0,32
38,8,30,7,12,2475,AA,LAX,2,222,322,33,0,18,211,278,0,0,32
5,8,30,7,8,2475,UA,LAX,2,222,322,33,0,18,211,278,0,0,32
-7,8,30,7,7,2475,AA,LAX,2,222,322,33,0,18,211,278,0,0,32
2,8,30,7,11,2475,AA,LAX,2,222,322,33,0,18,211,278,0,0,32
-1,8,30,7,18,2475,AA,LAX,2,222,322,33,0,18,211,278,0,0,32
-5,8,30,7,15,2475,AA,LAX,2,222,322,33,0,18,211,278,0,0,32
-3,8,30,7,21,2475,B6,LAX,2,222,322,33,0,18,211,278,0,0,32
-6,8,30,7,18,2475,B6,LAX,2,222,322,33,0,18,211,278,0,0,32
-5,8,30,7,16,2475,B6,LAX,2,222,322,33,0,18,211,278,0,0,32
-6,8,30,7,12,2475,B6,LAX,2,222,322,33,0,18,211,278,0,0,32
5,8,30,7,11,2475,B6,LAX,2,222,322,33,0,18,211,278,0,0,32
-4,8,30,7,9,2475,B6,LAX,2,222,322,33,0,18,211,278,0,0,32
-5,8,30,7,8,2475,B6,LAX,2,222,322,33,0,18,211,278,0,0,32
-3,8,30,7,6,2475,AA,LAX,2,222,322,33,0,18,211,278,0,0,32
-5,8,30,7,6,2475,B6,LAX,2,222,322,33,0,18,211,278,0,0,32
0,8,30,7,17,2475,AA,LAX,2,222,322,33,0,18,211,278,0,0,32
-5,8,30,7,21,2475,AA,LAX,2,222,322,33,0,18,211,278,0,0,32
-6,9,1,2,11,2475,AA,LAX,0,244,322,0,0,10,200,256,0,0,37
-6,9,1,2,12,2475,AA,LAX,0,244,322,0,0,10,200,256,0,0,37
-5,9,1,2,21,2475,AA,LAX,0,244,322,0,0,10,200,256,0,0,37
-5,9,1,2,17,2475,AA,LAX,0,244,322,0,0,10,200,256,0,0,37
-7,9,1,2,9,2475,AA,LAX,0,244,322,0,0,10,200,256,0,0,37
-9,9,1,2,10,2475,AA,LAX,0,244,322,0,0,10,200,256,0,0,37
6,9,1,2,7,2475,AA,LAX,0,244,322,0,0,10,200,256,0,0,37
-8,9,1,2,16,2475,AA,LAX,0,244,322,0,0,10,200,256,0,0,37
-6,9,1,2,6,2475,AA,LAX,0,244,322,0,0,10,200,256,0,0,37
-3,9,1,2,15,2475,AA,LAX,0,244,322,0,0,10,200,256,0,0,37
-4,9,1,2,18,2475,AA,LAX,0,244,322,0,0,10,200,256,0,0,37
-8,9,1,2,19,2475,AA,LAX,0,244,322,0,0,10,200,256,0,0,37
-7,9,1,2,6,2475,B6,LAX,0,244,322,0,0,10,200,256,0,0,37
0,9,1,2,19,2475,UA,LAX,0,244,322,0,0,10,200,256,0,0,37
-3,9,1,2,8,2475,UA,LAX,0,244,322,0,0,10,200,256,0,0,37
-6,9,1,2,6,2475,UA,LAX,0,244,322,0,0,10,200,256,0,0,37
-7,9,1,2,20,2475,VX,LAX,0,244,322,0,0,10,200,256,0,0,37
0,9,1,2,16,2475,VX,LAX,0,244,322,0,0,10,200,256,0,0,37
8,9,1,2,13,2475,VX,LAX,0,244,322,0,0,10,200,256,0,0,37
-10,9,1,2,9,2475,VX,LAX,0,244,322,0,0,10,200,256,0,0,37
-1,9,1,2,7,2475,VX,LAX,0,244,322,0,0,10,200,256,0,0,37
-5,9,1,2,14,2475,UA,LAX,0,244,322,0,0,10,200,256,0,0,37
-9,9,1,2,11,2475,UA,LAX,0,244,322,0,0,10,200,256,0,0,37
22,9,1,2,17,2475,UA,LAX,0,244,322,0,0,10,200,256,0,0,37
-5,9,1,2,15,2475,DL,LAX,0,244,322,0,0,10,200,256,0,0,37
-1,9,1,2,8,2475,DL,LAX,0,244,322,0,0,10,200,256,0,0,37
-4,9,1,2,17,2475,DL,LAX,0,244,322,0,0,10,200,256,0,0,37
22,9,1,2,21,2475,DL,LAX,0,244,322,0,0,10,200,256,0,0,37
-3,9,1,2,14,2475,DL,LAX,0,244,322,0,0,10,200,256,0,0,37
-1,9,1,2,7,2475,DL,LAX,0,244,322,0,0,10,200,256,0,0,37
-3,9,1,2,18,2475,DL,LAX,0,244,322,0,0,10,200,256,0,0,37
0,9,1,2,21,2475,B6,LAX,0,244,322,0,0,10,200,256,0,0,37
-7,9,1,2,9,2475,B6,LAX,0,244,322,0,0,10,200,256,0,0,37
0,9,1,2,12,2475,B6,LAX,0,244,322,0,0,10,200,256,0,0,37
-3,9,1,2,18,2475,B6,LAX,0,244,322,0,0,10,200,256,0,0,37
0,9,1,2,16,2475,B6,LAX,0,244,322,0,0,10,200,256,0,0,37
-5,9,1,2,11,2475,B6,LAX,0,244,322,0,0,10,200,256,0,0,37
-4,9,1,2,8,2475,B6,LAX,0,244,322,0,0,10,200,256,0,0,37
10,9,13,7,11,2475,AA,LAX,12,167,267,10,0,28,217,283,0,0,34
25,9,13,7,15,2475,AA,LAX,12,167,267,10,0,28,217,283,0,0,34
-7,9,13,7,12,2475,AA,LAX,12,167,267,10,0,28,217,283,0,0,34
1,9,13,7,21,2475,AA,LAX,12,167,267,10,0,28,217,283,0,0,34
-8,9,13,7,10,2475,AA,LAX,12,167,267,10,0,28,217,283,0,0,34
-9,9,13,7,9,2475,AA,LAX,12,167,267,10,0,28,217,283,0,0,34
-2,9,13,7,8,2475,AA,LAX,12,167,267,10,0,28,217,283,0,0,34
0,9,13,7,6,2475,AA,LAX,12,167,267,10,0,28,217,283,0,0,34
3,9,13,7,20,2475,AA,LAX,12,167,267,10,0,28,217,283,0,0,34
-1,9,13,7,18,2475,AA,LAX,12,167,267,10,0,28,217,283,0,0,34
2,9,13,7,16,2475,AA,LAX,12,167,267,10,0,28,217,283,0,0,34
-1,9,13,7,17,2475,AA,LAX,12,167,267,10,0,28,217,283,0,0,34
36,9,13,7,17,2475,B6,LAX,12,167,267,10,0,28,217,283,0,0,34
-4,9,13,7,7,2475,VX,LAX,12,167,267,10,0,28,217,283,0,0,34
-6,9,13,7,9,2475,VX,LAX,12,167,267,10,0,28,217,283,0,0,34
-5,9,13,7,13,2475,VX,LAX,12,167,267,10,0,28,217,283,0,0,34
12,9,13,7,16,2475,VX,LAX,12,167,267,10,0,28,217,283,0,0,34
2,9,13,7,20,2475,VX,LAX,12,167,267,10,0,28,217,283,0,0,34
10,9,13,7,20,2475,B6,LAX,12,167,267,10,0,28,217,283,0,0,34
5,9,13,7,12,2475,DL,LAX,12,167,267,10,0,28,217,283,0,0,34
-2,9,13,7,7,2475,DL,LAX,12,167,267,10,0,28,217,283,0,0,34
-2,9,13,7,14,2475,DL,LAX,12,167,267,10,0,28,217,283,0,0,34
29,9,13,7,21,2475,DL,LAX,12,167,267,10,0,28,217,283,0,0,34
0,9,13,7,17,2475,DL,LAX,12,167,267,10,0,28,217,283,0,0,34
-4,9,13,7,15,2475,DL,LAX,12,167,267,10,0,28,217,283,0,0,34
-6,9,13,7,8,2475,UA,LAX,12,167,267,10,0,28,217,283,0,0,34
-6,9,13,7,7,2475,B6,LAX,12,167,267,10,0,28,217,283,0,0,34
14,9,13,7,18,2475,DL,LAX,12,167,267,10,0,28,217,283,0,0,34
-2,9,13,7,19,2475,UA,LAX,12,167,267,10,0,28,217,283,0,0,34
-1,9,13,7,13,2475,B6,LAX,12,167,267,10,0,28,217,283,0,0,34
-9,9,13,7,9,2475,DL,LAX,12,167,267,10,0,28,217,283,0,0,34
-2,9,13,7,14,2475,UA,LAX,12,167,267,10,0,28,217,283,0,0,34
1,9,13,7,17,2475,UA,LAX,12,167,267,10,0,28,217,283,0,0,34
27,9,13,7,19,2475,B6,LAX,12,167,267,10,0,28,217,283,0,0,34
-5,9,13,7,11,2475,UA,LAX,12,167,267,10,0,28,217,283,0,0,34
0,9,13,7,11,2475,B6,LAX,12,167,267,10,0,28,217,283,0,0,34
-2,9,13,7,9,2475,B6,LAX,12,167,267,10,0,28,217,283,0,0,34
-4,9,25,5,15,2475,DL,LAX,18,172,244,0,0,28,211,289,0,0,26
-3,9,25,5,7,2475,DL,LAX,18,172,244,0,0,28,211,289,0,0,26
1,9,25,5,21,2475,DL,LAX,18,172,244,0,0,28,211,289,0,0,26
24,9,25,5,17,2475,DL,LAX,18,172,244,0,0,28,211,289,0,0,26
9,9,25,5,13,2475,DL,LAX,18,172,244,0,0,28,211,289,0,0,26
-1,9,25,5,8,2475,DL,LAX,18,172,244,0,0,28,211,289,0,0,26
-5,9,25,5,18,2475,DL,LAX,18,172,244,0,0,28,211,289,0,0,26
16,9,25,5,9,2475,DL,LAX,18,172,244,0,0,28,211,289,0,0,26
-5,9,25,5,12,2475,DL,LAX,18,172,244,0,0,28,211,289,0,0,26
-5,9,25,5,9,2475,B6,LAX,18,172,244,0,0,28,211,289,0,0,26
0,9,25,5,14,2475,UA,LAX,18,172,244,0,0,28,211,289,0,0,26
-1,9,25,5,8,2475,UA,LAX,18,172,244,0,0,28,211,289,0,0,26
-7,9,25,5,6,2475,UA,LAX,18,172,244,0,0,28,211,289,0,0,26
-7,9,25,5,19,2475,UA,LAX,18,172,244,0,0,28,211,289,0,0,26
-3,9,25,5,17,2475,UA,LAX,18,172,244,0,0,28,211,289,0,0,26
-6,9,25,5,13,2475,B6,LAX,18,172,244,0,0,28,211,289,0,0,26
39,9,25,5,19,2475,B6,LAX,18,172,244,0,0,28,211,289,0,0,26
-9,9,25,5,20,2475,VX,LAX,18,172,244,0,0,28,211,289,0,0,26
10,9,25,5,16,2475,VX,LAX,18,172,244,0,0,28,211,289,0,0,26
-7,9,25,5,13,2475,VX,LAX,18,172,244,0,0,28,211,289,0,0,26
-6,9,25,5,9,2475,VX,LAX,18,172,244,0,0,28,211,289,0,0,26
-7,9,25,5,7,2475,VX,LAX,18,172,244,0,0,28,211,289,0,0,26
-9,9,25,5,20,2475,B6,LAX,18,172,244,0,0,28,211,289,0,0,26
-6,9,25,5,11,2475,UA,LAX,18,172,244,0,0,28,211,289,0,0,26
16,9,25,5,17,2475,B6,LAX,18,172,244,0,0,28,211,289,0,0,26
3,9,25,5,11,2475,B6,LAX,18,172,244,0,0,28,211,289,0,0,26
-3,9,25,5,7,2475,B6,LAX,18,172,244,0,0,28,211,289,0,0,26
-4,9,25,5,20,2475,AA,LAX,18,172,244,0,0,28,211,289,0,0,26
-5,9,25,5,10,2475,AA,LAX,18,172,244,0,0,28,211,289,0,0,26
90,9,25,5,15,2475,AA,LAX,18,172,244,0,0,28,211,289,0,0,26
-4,9,25,5,6,2475,AA,LAX,18,172,244,0,0,28,211,289,0,0,26
-3,9,25,5,8,2475,AA,LAX,18,172,244,0,0,28,211,289,0,0,26
-3,9,25,5,11,2475,AA,LAX,18,172,244,0,0,28,211,289,0,0,26
16,9,25,5,16,2475,AA,LAX,18,172,244,0,0,28,211,289,0,0,26
-5,9,25,5,12,2475,AA,LAX,18,172,244,0,0,28,211,289,0,0,26
12,9,25,5,17,2475,AA,LAX,18,172,244,0,0,28,211,289,0,0,26
-5,9,25,5,9,2475,AA,LAX,18,172,244,0,0,28,211,289,0,0,26
