2,1,5,1,13,2475,VX,LAX,4,-60,94,0,0,47,100,261,0,0,25
13,1,5,1,16,2475,VX,LAX,4,-60,94,0,0,47,100,261,0,0,25
0,1,5,1,20,2475,VX,LAX,4,-60,94,0,0,47,100,261,0,0,25
6,1,5,1,7,2475,VX,LAX,4,-60,94,0,0,47,100,261,0,0,25
26,1,5,1,9,2475,VX,LAX,4,-60,94,0,0,47,100,261,0,0,25
5,1,5,1,11,2475,VX,LAX,4,-60,94,0,0,47,100,261,0,0,25
-1,1,5,1,6,2475,UA,LAX,4,-60,94,0,0,47,100,261,0,0,25
3,1,5,1,15,2475,DL,LAX,4,-60,94,0,0,47,100,261,0,0,25
6,1,5,1,7,2475,DL,LAX,4,-60,94,0,0,47,100,261,0,0,25
15,1,5,1,18,2475,B6,LAX,4,-60,94,0,0,47,100,261,0,0,25
-4,1,5,1,14,2475,AA,LAX,4,-60,94,0,0,47,100,261,0,0,25
-5,1,5,1,19,2475,AA,LAX,4,-60,94,0,0,47,100,261,0,0,25
3,1,5,1,8,2475,UA,LAX,4,-60,94,0,0,47,100,261,0,0,25
8,1,5,1,19,2475,UA,LAX,4,-60,94,0,0,47,100,261,0,0,25
-5,1,5,1,11,2475,DL,LAX,4,-60,94,0,0,47,100,261,0,0,25
69,1,5,1,17,2475,UA,LAX,4,-60,94,0,0,47,100,261,0,0,25
0,1,5,1,16,2475,AA,LAX,4,-60,94,0,0,47,100,261,0,0,25
25,1,5,1,6,2475,B6,LAX,4,-60,94,0,0,47,100,261,0,0,25
11,1,5,1,6,2475,AA,LAX,4,-60,94,0,0,47,100,261,0,0,25
-6,1,5,1,11,2475,AA,LAX,4,-60,94,0,0,47,100,261,0,0,25
-5,1,5,1,8,2475,AA,LAX,4,-60,94,0,0,47,100,261,0,0,25
7,1,5,1,8,2475,B6,LAX,4,-60,94,0,0,47,100,261,0,0,25
15,1,5,1,18,2475,DL,LAX,4,-60,94,0,0,47,100,261,0,0,25
-6,1,5,1,12,2475,AA,LAX,4,-60,94,0,0,47,100,261,0,0,25
0,1,5,1,11,2475,B6,LAX,4,-60,94,0,0,47,100,261,0,0,25
13,1,5,1,21,2475,DL,LAX,4,-60,94,0,0,47,100,261,0,0,25
8,1,5,1,17,2475,AA,LAX,4,-60,94,0,0,47,100,261,0,0,25
-7,1,5,1,9,2475,AA,LAX,4,-60,94,0,0,47,100,261,0,0,25
-5,1,5,1,10,2475,AA,LAX,4,-60,94,0,0,47,100,261,0,0,25
-1,1,5,1,7,2475,AA,LAX,4,-60,94,0,0,47,100,261,0,0,25
-2,1,5,1,17,2475,DL,LAX,4,-60,94,0,0,47,100,261,0,0,25
5,1,5,1,21,2475,B6,LAX,4,-60,94,0,0,47,100,261,0,0,25
-2,1,5,1,18,2475,AA,LAX,4,-60,94,0,0,47,100,261,0,0,25
31,1,5,1,16,2475,B6,LAX,4,-60,94,0,0,47,100,261,0,0,25
-5,1,5,1,14,2475,UA,LAX,4,-60,94,0,0,47,100,261,0,0,25
3,1,5,1,9,2475,DL,LAX,4,-60,94,0,0,47,100,261,0,0,25
-1,1,5,1,20,2475,AA,LAX,4,-60,94,0,0,47,100,261,0,0,25
-6,1,5,1,11,2475,UA,LAX,4,-60,94,0,0,47,100,261,0,0,25
-2,1,5,1,9,2475,B6,LAX,4,-60,94,0,0,47,100,261,0,0,25
-4,1,17,6,14,2475,AA,LAX,4,-82,0,0,0,27,94,233,0,0,18
-5,1,17,6,7,2475,VX,LAX,4,-82,0,0,0,27,94,233,0,0,18
-5,1,17,6,9,2475,VX,LAX,4,-82,0,0,0,27,94,233,0,0,18
-8,1,17,6,9,2475,AA,LAX,4,-82,0,0,0,27,94,233,0,0,18
-5,1,17,6,8,2475,AA,LAX,4,-82,0,0,0,27,94,233,0,0,18
-3,1,17,6,13,2475,VX,LAX,4,-82,0,0,0,27,94,233,0,0,18
-2,1,17,6,17,2475,AA,LAX,4,-82,0,0,0,27,94,233,0,0,18
-2,1,17,6,18,2475,B6,LAX,4,-82,0,0,0,27,94,233,0,0,18
0,1,17,6,17,2475,DL,LAX,4,-82,0,0,0,27,94,233,0,0,18
-6,1,17,6,15,2475,DL,LAX,4,-82,0,0,0,27,94,233,0,0,18
18,1,17,6,11,2475,DL,LAX,4,-82,0,0,0,27,94,233,0,0,18
0,1,17,6,8,2475,DL,LAX,4,-82,0,0,0,27,94,233,0,0,18
-6,1,17,6,18,2475,AA,LAX,4,-82,0,0,0,27,94,233,0,0,18
11,1,17,6,11,2475,AA,LAX,4,-82,0,0,0,27,94,233,0,0,18
-1,1,17,6,7,2475,AA,LAX,4,-82,0,0,0,27,94,233,0,0,18
15,1,17,6,15,2475,B6,LAX,4,-82,0,0,0,27,94,233,0,0,18
-9,1,17,6,9,2475,B6,LAX,4,-82,0,0,0,27,94,233,0,0,18
-5,1,17,6,10,2475,AA,LAX,4,-82,0,0,0,27,94,233,0,0,18
-2,1,17,6,12,2475,AA,LAX,4,-82,0,0,0,27,94,233,0,0,18
-3,1,17,6,11,2475,B6,LAX,4,-82,0,0,0,27,94,233,0,0,18
1,1,17,6,16,2475,VX,LAX,4,-82,0,0,0,27,94,233,0,0,18
-5,1,17,6,8,2475,B6,LAX,4,-82,0,0,0,27,94,233,0,0,18
-3,1,17,6,6,2475,B6,LAX,4,-82,0,0,0,27,94,233,0,0,18
-8,1,17,6,16,2475,AA,LAX,4,-82,0,0,0,27,94,233,0,0,18
342,1,17,6,14,2475,UA,LAX,4,-82,0,0,0,27,94,233,0,0,18
-6,1,17,6,11,2475,UA,LAX,4,-82,0,0,0,27,94,233,0,0,18
4,1,17,6,17,2475,UA,LAX,4,-82,0,0,0,27,94,233,0,0,18
-3,1,17,6,8,2475,UA,LAX,4,-82,0,0,0,27,94,233,0,0,18
0,1,17,6,6,2475,UA,LAX,4,-82,0,0,0,27,94,233,0,0,18
-2,1,29,4,11,2475,B6,LAX,8,-71,22,5,0,17,150,228,0,0,17
-2,1,29,4,17,2475,DL,LAX,8,-71,22,5,0,17,150,228,0,0,17
-9,1,29,4,7,2475,AA,LAX,8,-71,22,5,0,17,150,228,0,0,17
-7,1,29,4,17,2475,AA,LAX,8,-71,22,5,0,17,150,228,0,0,17
-3,1,29,4,18,2475,AA,LAX,8,-71,22,5,0,17,150,228,0,0,17
-5,1,29,4,18,2475,DL,LAX,8,-71,22,5,0,17,150,228,0,0,17
0,1,29,4,18,2475,B6,LAX,8,-71,22,5,0,17,150,228,0,0,17
-4,1,29,4,7,2475,DL,LAX,8,-71,22,5,0,17,150,228,0,0,17
15,1,29,4,21,2475,B6,LAX,8,-71,22,5,0,17,150,228,0,0,17
-9,1,29,4,14,2475,AA,LAX,8,-71,22,5,0,17,150,228,0,0,17
20,1,29,4,8,2475,AA,LAX,8,-71,22,5,0,17,150,228,0,0,17
-1,1,29,4,15,2475,B6,LAX,8,-71,22,5,0,17,150,228,0,0,17
-3,1,29,4,12,2475,AA,LAX,8,-71,22,5,0,17,150,228,0,0,17
-1,1,29,4,11,2475,DL,LAX,8,-71,22,5,0,17,150,228,0,0,17
0,1,29,4,15,2475,DL,LAX,8,-71,22,5,0,17,150,228,0,0,17
0,1,29,4,9,2475,B6,LAX,8,-71,22,5,0,17,150,228,0,0,17
-1,1,29,4,9,2475,DL,LAX,8,-71,22,5,0,17,150,228,0,0,17
-7,1,29,4,10,2475,AA,LAX,8,-71,22,5,0,17,150,228,0,0,17
-4,1,29,4,19,2475,AA,LAX,8,-71,22,5,0,17,150,228,0,0,17
0,1,29,4,8,2475,B6,LAX,8,-71,22,5,0,17,150,228,0,0,17
-2,1,29,4,8,2475,DL,LAX,8,-71,22,5,0,17,150,228,0,0,17
-5,1,29,4,9,2475,AA,LAX,8,-71,22,5,0,17,150,228,0,0,17
-5,1,29,4,6,2475,B6,LAX,8,-71,22,5,0,17,150,228,0,0,17
-7,1,29,4,16,2475,AA,LAX,8,-71,22,5,0,17,150,228,0,0,17
-7,1,29,4,6,2475,AA,LAX,8,-71,22,5,0,17,150,228,0,0,17
-3,1,29,4,20,2475,AA,LAX,8,-71,22,5,0,17,150,228,0,0,17
8,1,29,4,11,2475,AA,LAX,8,-71,22,5,0,17,150,228,0,0,17
6,1,29,4,21,2475,DL,LAX,8,-71,22,5,0,17,150,228,0,0,17
-6,1,29,4,9,2475,VX,LAX,8,-71,22,5,0,17,150,228,0,0,17
-4,1,29,4,20,2475,VX,LAX,8,-71,22,5,0,17,150,228,0,0,17
-10,1,29,4,16,2475,VX,LAX,8,-71,22,5,0,17,150,228,0,0,17
8,1,29,4,13,2475,VX,LAX,8,-71,22,5,0,17,150,228,0,0,17
-2,1,29,4,7,2475,VX,LAX,8,-71,22,5,0,17,150,228,0,0,17
-12,1,29,4,17,2475,UA,LAX,8,-71,22,5,0,17,150,228,0,0,17
-1,1,29,4,6,2475,UA,LAX,8,-71,22,5,0,17,150,228,0,0,17
-6,1,29,4,14,2475,UA,LAX,8,-71,22,5,0,17,150,228,0,0,17
-6,1,29,4,8,2475,UA,LAX,8,-71,22,5,0,17,150,228,0,0,17
-2,1,29,4,11,2475,UA,LAX,8,-71,22,5,0,17,150,228,0,0,17
-2,1,29,4,19,2475,UA,LAX,8,-71,22,5,0,17,150,228,0,0,17
-1,1,30,5,6,2475,UA,LAX,9,-71,33,15,25,47,144,200,10,0,16
-4,1,30,5,8,2475,UA,LAX,9,-71,33,15,25,47,144,200,10,0,16
9,1,30,5,19,2475,UA,LAX,9,-71,33,15,25,47,144,200,10,0,16
-3,1,30,5,17,2475,UA,LAX,9,-71,33,15,25,47,144,200,10,0,16
2,1,30,5,11,2475,UA,LAX,9,-71,33,15,25,47,144,200,10,0,16
77,1,30,5,14,2475,UA,LAX,9,-71,33,15,25,47,144,200,10,0,16
1,1,30,5,8,2475,B6,LAX,9,-71,33,15,25,47,144,200,10,0,16
-10,1,30,5,10,2475,AA,LAX,9,-71,33,15,25,47,144,200,10,0,16
4,1,30,5,21,2475,B6,LAX,9,-71,33,15,25,47,144,200,10,0,16
-2,1,30,5,7,2475,AA,LAX,9,-71,33,15,25,47,144,200,10,0,16
27,1,30,5,16,2475,AA,LAX,9,-71,33,15,25,47,144,200,10,0,16
-6,1,30,5,15,2475,B6,LAX,9,-71,33,15,25,47,144,200,10,0,16
-4,1,30,5,6,2475,B6,LAX,9,-71,33,15,25,47,144,200,10,0,16
-2,1,30,5,9,2475,AA,LAX,9,-71,33,15,25,47,144,200,10,0,16
5,1,30,5,11,2475,AA,LAX,9,-71,33,15,25,47,144,200,10,0,16
-2,1,30,5,11,2475,B6,LAX,9,-71,33,15,25,47,144,200,10,0,16
-5,1,30,5,17,2475,AA,LAX,9,-71,33,15,25,47,144,200,10,0,16
-5,1,30,5,18,2475,AA,LAX,9,-71,33,15,25,47,144,200,10,0,16
3,1,30,5,18,2475,B6,LAX,9,-71,33,15,25,47,144,200,10,0,16
-5,1,30,5,14,2475,AA,LAX,9,-71,33,15,25,47,144,200,10,0,16
-5,1,30,5,8,2475,AA,LAX,9,-71,33,15,25,47,144,200,10,0,16
29,1,30,5,12,2475,AA,LAX,9,-71,33,15,25,47,144,200,10,0,16
-5,1,30,5,6,2475,AA,LAX,9,-71,33,15,25,47,144,200,10,0,16
-1,1,30,5,9,2475,B6,LAX,9,-71,33,15,25,47,144,200,10,0,16
-3,1,30,5,19,2475,AA,LAX,9,-71,33,15,25,47,144,200,10,0,16
-6,1,30,5,20,2475,AA,LAX,9,-71,33,15,25,47,144,200,10,0,16
11,1,30,5,16,2475,VX,LAX,9,-71,33,15,25,47,144,200,10,0,16
0,1,30,5,17,2475,DL,LAX,9,-71,33,15,25,47,144,200,10,0,16
1,1,30,5,9,2475,DL,LAX,9,-71,33,15,25,47,144,200,10,0,16
0,1,30,5,15,2475,DL,LAX,9,-71,33,15,25,47,144,200,10,0,16
0,1,30,5,7,2475,DL,LAX,9,-71,33,15,25,47,144,200,10,0,16
10,1,30,5,21,2475,DL,LAX,9,-71,33,15,25,47,144,200,10,0,16
-2,1,30,5,11,2475,DL,LAX,9,-71,33,15,25,47,144,200,10,0,16
-3,1,30,5,18,2475,DL,LAX,9,-71,33,15,25,47,144,200,10,0,16
15,1,30,5,8,2475,DL,LAX,9,-71,33,15,25,47,144,200,10,0,16
-10,1,30,5,7,2475,VX,LAX,9,-71,33,15,25,47,144,200,10,0,16
-9,1,30,5,9,2475,VX,LAX,9,-71,33,15,25,47,144,200,10,0,16
-4,1,30,5,13,2475,VX,LAX,9,-71,33,15,25,47,144,200,10,0,16
-8,1,30,5,20,2475,VX,LAX,9,-71,33,15,25,47,144,200,10,0,16
-3,2,1,7,9,2475,AA,LAX,11,-66,22,8,8,17,100,211,0,0,17
-1,2,1,7,9,2475,B6,LAX,11,-66,22,8,8,17,100,211,0,0,17
-5,2,1,7,12,2475,AA,LAX,11,-66,22,8,8,17,100,211,0,0,17
6,2,1,7,15,2475,B6,LAX,11,-66,22,8,8,17,100,211,0,0,17
-1,2,1,7,21,2475,B6,LAX,11,-66,22,8,8,17,100,211,0,0,17
-7,2,1,7,7,2475,AA,LAX,11,-66,22,8,8,17,100,211,0,0,17
-3,2,1,7,11,2475,B6,LAX,11,-66,22,8,8,17,100,211,0,0,17
-2,2,1,7,6,2475,B6,LAX,11,-66,22,8,8,17,100,211,0,0,17
-7,2,1,7,11,2475,AA,LAX,11,-66,22,8,8,17,100,211,0,0,17
-1,2,1,7,8,2475,B6,LAX,11,-66,22,8,8,17,100,211,0,0,17
26,2,1,7,14,2475,AA,LAX,11,-66,22,8,8,17,100,211,0,0,17
-6,2,1,7,18,2475,AA,LAX,11,-66,22,8,8,17,100,211,0,0,17
-1,2,1,7,19,2475,AA,LAX,11,-66,22,8,8,17,100,211,0,0,17
-3,2,1,7,6,2475,AA,LAX,11,-66,22,8,8,17,100,211,0,0,17
0,2,1,7,18,2475,B6,LAX,11,-66,22,8,8,17,100,211,0,0,17
-4,2,1,7,10,2475,AA,LAX,11,-66,22,8,8,17,100,211,0,0,17
-7,2,1,7,16,2475,AA,LAX,11,-66,22,8,8,17,100,211,0,0,17
-6,2,1,7,8,2475,AA,LAX,11,-66,22,8,8,17,100,211,0,0,17
1,2,1,7,20,2475,AA,LAX,11,-66,22,8,8,17,100,211,0,0,17
19,2,1,7,17,2475,AA,LAX,11,-66,22,8,8,17,100,211,0,0,17
12,2,1,7,19,2475,DL,LAX,11,-66,22,8,8,17,100,211,0,0,17
113,2,1,7,8,2475,DL,LAX,11,-66,22,8,8,17,100,211,0,0,17
0,2,1,7,11,2475,DL,LAX,11,-66,22,8,8,17,100,211,0,0,17
9,2,1,7,9,2475,DL,LAX,11,-66,22,8,8,17,100,211,0,0,17
28,2,1,7,17,2475,DL,LAX,11,-66,22,8,8,17,100,211,0,0,17
89,2,1,7,16,2475,VX,LAX,11,-66,22,8,8,17,100,211,0,0,17
10,2,1,7,13,2475,VX,LAX,11,-66,22,8,8,17,100,211,0,0,17
7,2,1,7,9,2475,VX,LAX,11,-66,22,8,8,17,100,211,0,0,17
119,2,1,7,14,2475,UA,LAX,11,-66,22,8,8,17,100,211,0,0,17
-1,2,1,7,11,2475,UA,LAX,11,-66,22,8,8,17,100,211,0,0,17
16,2,1,7,17,2475,UA,LAX,11,-66,22,8,8,17,100,211,0,0,17
1,2,1,7,8,2475,UA,LAX,11,-66,22,8,8,17,100,211,0,0,17
-3,2,1,7,20,2475,VX,LAX,11,-66,22,8,8,17,100,211,0,0,17
15,2,13,5,17,2475,UA,LAX,5,-132,-60,0,0,41,133,289,0,0,24
53,2,13,5,19,2475,UA,LAX,5,-132,-60,0,0,41,133,289,0,0,24
-3,2,13,5,8,2475,UA,LAX,5,-132,-60,0,0,41,133,289,0,0,24
-2,2,13,5,14,2475,UA,LAX,5,-132,-60,0,0,41,133,289,0,0,24
-4,2,13,5,11,2475,UA,LAX,5,-132,-60,0,0,41,133,289,0,0,24
3,2,13,5,6,2475,UA,LAX,5,-132,-60,0,0,41,133,289,0,0,24
-3,2,13,5,7,2475,AA,LAX,5,-132,-60,0,0,41,133,289,0,0,24
-11,2,13,5,14,2475,AA,LAX,5,-132,-60,0,0,41,133,289,0,0,24
0,2,13,5,9,2475,B6,LAX,5,-132,-60,0,0,41,133,289,0,0,24
22,2,13,5,19,2475,AA,LAX,5,-132,-60,0,0,41,133,289,0,0,24
3,2,13,5,17,2475,AA,LAX,5,-132,-60,0,0,41,133,289,0,0,24
1,2,13,5,11,2475,B6,LAX,5,-132,-60,0,0,41,133,289,0,0,24
-4,2,13,5,6,2475,AA,LAX,5,-132,-60,0,0,41,133,289,0,0,24
-2,2,13,5,16,2475,AA,LAX,5,-132,-60,0,0,41,133,289,0,0,24
-2,2,13,5,8,2475,AA,LAX,5,-132,-60,0,0,41,133,289,0,0,24
-2,2,13,5,18,2475,AA,LAX,5,-132,-60,0,0,41,133,289,0,0,24
0,2,13,5,18,2475,B6,LAX,5,-132,-60,0,0,41,133,289,0,0,24
4,2,13,5,10,2475,AA,LAX,5,-132,-60,0,0,41,133,289,0,0,24
31,2,13,5,9,2475,AA,LAX,5,-132,-60,0,0,41,133,289,0,0,24
7,2,13,5,21,2475,B6,LAX,5,-132,-60,0,0,41,133,289,0,0,24
3,2,13,5,11,2475,AA,LAX,5,-132,-60,0,0,41,133,289,0,0,24
-8,2,13,5,12,2475,AA,LAX,5,-132,-60,0,0,41,133,289,0,0,24
3,2,13,5,16,2475,B6,LAX,5,-132,-60,0,0,41,133,289,0,0,24
17,2,13,5,6,2475,B6,LAX,5,-132,-60,0,0,41,133,289,0,0,24
14,2,13,5,9,2475,DL,LAX,5,-132,-60,0,0,41,133,289,0,0,24
24,2,13,5,11,2475,DL,LAX,5,-132,-60,0,0,41,133,289,0,0,24
126,2,13,5,7,2475,DL,LAX,5,-132,-60,0,0,41,133,289,0,0,24
29,2,13,5,21,2475,DL,LAX,5,-132,-60,0,0,41,133,289,0,0,24
5,2,13,5,17,2475,DL,LAX,5,-132,-60,0,0,41,133,289,0,0,24
164,2,13,5,18,2475,DL,LAX,5,-132,-60,0,0,41,133,289,0,0,24
1,2,13,5,8,2475,DL,LAX,5,-132,-60,0,0,41,133,289,0,0,24
71,2,13,5,15,2475,DL,LAX,5,-132,-60,0,0,41,133,289,0,0,24
-6,2,13,5,20,2475,AA,LAX,5,-132,-60,0,0,41,133,289,0,0,24
-2,2,13,5,8,2475,B6,LAX,5,-132,-60,0,0,41,133,289,0,0,24
2,2,13,5,16,2475,VX,LAX,5,-132,-60,0,0,41,133,289,0,0,24
-11,2,13,5,13,2475,VX,LAX,5,-132,-60,0,0,41,133,289,0,0,24
0,2,13,5,7,2475,VX,LAX,5,-132,-60,0,0,41,133,289,0,0,24
-1,2,13,5,9,2475,VX,LAX,5,-132,-60,0,0,41,133,289,0,0,24
-3,2,13,5,20,2475,VX,LAX,5,-132,-60,0,0,41,133,289,0,0,24
4,2,25,3,17,2475,UA,LAX,7,-66,28,0,0,29,89,206,0,0,27
0,2,25,3,19,2475,UA,LAX,7,-66,28,0,0,29,89,206,0,0,27
-1,2,25,3,8,2475,UA,LAX,7,-66,28,0,0,29,89,206,0,0,27
-1,2,25,3,14,2475,UA,LAX,7,-66,28,0,0,29,89,206,0,0,27
-5,2,25,3,11,2475,UA,LAX,7,-66,28,0,0,29,89,206,0,0,27
0,2,25,3,6,2475,UA,LAX,7,-66,28,0,0,29,89,206,0,0,27
-4,2,25,3,7,2475,VX,LAX,7,-66,28,0,0,29,89,206,0,0,27
25,2,25,3,20,2475,VX,LAX,7,-66,28,0,0,29,89,206,0,0,27
-8,2,25,3,16,2475,VX,LAX,7,-66,28,0,0,29,89,206,0,0,27
-8,2,25,3,13,2475,VX,LAX,7,-66,28,0,0,29,89,206,0,0,27
-3,2,25,3,9,2475,VX,LAX,7,-66,28,0,0,29,89,206,0,0,27
-2,2,25,3,8,2475,B6,LAX,7,-66,28,0,0,29,89,206,0,0,27
-2,2,25,3,21,2475,B6,LAX,7,-66,28,0,0,29,89,206,0,0,27
-8,2,25,3,9,2475,AA,LAX,7,-66,28,0,0,29,89,206,0,0,27
102,2,25,3,19,2475,AA,LAX,7,-66,28,0,0,29,89,206,0,0,27
-4,2,25,3,11,2475,AA,LAX,7,-66,28,0,0,29,89,206,0,0,27
-3,2,25,3,17,2475,AA,LAX,7,-66,28,0,0,29,89,206,0,0,27
5,2,25,3,7,2475,DL,LAX,7,-66,28,0,0,29,89,206,0,0,27
46,2,25,3,21,2475,DL,LAX,7,-66,28,0,0,29,89,206,0,0,27
-9,2,25,3,10,2475,AA,LAX,7,-66,28,0,0,29,89,206,0,0,27
-6,2,25,3,6,2475,AA,LAX,7,-66,28,0,0,29,89,206,0,0,27
44,2,25,3,11,2475,B6,LAX,7,-66,28,0,0,29,89,206,0,0,27
8,2,25,3,17,2475,DL,LAX,7,-66,28,0,0,29,89,206,0,0,27
1,2,25,3,18,2475,DL,LAX,7,-66,28,0,0,29,89,206,0,0,27
-8,2,25,3,8,2475,AA,LAX,7,-66,28,0,0,29,89,206,0,0,27
7,2,25,3,8,2475,DL,LAX,7,-66,28,0,0,29,89,206,0,0,27
-1,2,25,3,16,2475,B6,LAX,7,-66,28,0,0,29,89,206,0,0,27
4,2,25,3,16,2475,AA,LAX,7,-66,28,0,0,29,89,206,0,0,27
-2,2,25,3,15,2475,DL,LAX,7,-66,28,0,0,29,89,206,0,0,27
-9,2,25,3,12,2475,AA,LAX,7,-66,28,0,0,29,89,206,0,0,27
19,2,25,3,20,2475,AA,LAX,7,-66,28,0,0,29,89,206,0,0,27
-5,2,25,3,6,2475,B6,LAX,7,-66,28,0,0,29,89,206,0,0,27
-5,2,25,3,14,2475,AA,LAX,7,-66,28,0,0,29,89,206,0,0,27
-3,2,25,3,9,2475,B6,LAX,7,-66,28,0,0,29,89,206,0,0,27
-7,2,25,3,7,2475,AA,LAX,7,-66,28,0,0,29,89,206,0,0,27
-6,2,25,3,18,2475,B6,LAX,7,-66,28,0,0,29,89,206,0,0,27
-1,2,25,3,9,2475,DL,LAX,7,-66,28,0,0,29,89,206,0,0,27
-4,2,25,3,11,2475,DL,LAX,7,-66,28,0,0,29,89,206,0,0,27
-7,2,25,3,18,2475,AA,LAX,7,-66,28,0,0,29,89,206,0,0,27
-2,3,8,7,17,2475,UA,LAX,18,28,94,0,0,23,106,217,0,0,29
15,3,8,7,13,2475,VX,LAX,18,28,94,0,0,23,106,217,0,0,29
68,3,8,7,19,2475,UA,LAX,18,28,94,0,0,23,106,217,0,0,29
34,3,8,7,20,2475,VX,LAX,18,28,94,0,0,23,106,217,0,0,29
-3,3,8,7,9,2475,VX,LAX,18,28,94,0,0,23,106,217,0,0,29
43,3,8,7,16,2475,VX,LAX,18,28,94,0,0,23,106,217,0,0,29
-7,3,8,7,8,2475,UA,LAX,18,28,94,0,0,23,106,217,0,0,29
0,3,8,7,14,2475,UA,LAX,18,28,94,0,0,23,106,217,0,0,29
-3,3,8,7,11,2475,UA,LAX,18,28,94,0,0,23,106,217,0,0,29
10,3,8,7,8,2475,DL,LAX,18,28,94,0,0,23,106,217,0,0,29
38,3,8,7,17,2475,DL,LAX,18,28,94,0,0,23,106,217,0,0,29
30,3,8,7,18,2475,DL,LAX,18,28,94,0,0,23,106,217,0,0,29
-1,3,8,7,15,2475,DL,LAX,18,28,94,0,0,23,106,217,0,0,29
21,3,8,7,21,2475,DL,LAX,18,28,94,0,0,23,106,217,0,0,29
-6,3,8,7,9,2475,AA,LAX,18,28,94,0,0,23,106,217,0,0,29
-8,3,8,7,8,2475,AA,LAX,18,28,94,0,0,23,106,217,0,0,29
51,3,8,7,19,2475,AA,LAX,18,28,94,0,0,23,106,217,0,0,29
-4,3,8,7,7,2475,DL,LAX,18,28,94,0,0,23,106,217,0,0,29
-2,3,8,7,12,2475,DL,LAX,18,28,94,0,0,23,106,217,0,0,29
43,3,8,7,9,2475,DL,LAX,18,28,94,0,0,23,106,217,0,0,29
-1,3,8,7,16,2475,B6,LAX,18,28,94,0,0,23,106,217,0,0,29
4,3,8,7,17,2475,AA,LAX,18,28,94,0,0,23,106,217,0,0,29
-4,3,8,7,9,2475,B6,LAX,18,28,94,0,0,23,106,217,0,0,29
-5,3,8,7,7,2475,AA,LAX,18,28,94,0,0,23,106,217,0,0,29
0,3,8,7,21,2475,B6,LAX,18,28,94,0,0,23,106,217,0,0,29
19,3,8,7,14,2475,AA,LAX,18,28,94,0,0,23,106,217,0,0,29
-7,3,8,7,10,2475,AA,LAX,18,28,94,0,0,23,106,217,0,0,29
-1,3,8,7,11,2475,AA,LAX,18,28,94,0,0,23,106,217,0,0,29
3,3,8,7,6,2475,B6,LAX,18,28,94,0,0,23,106,217,0,0,29
-6,3,8,7,8,2475,B6,LAX,18,28,94,0,0,23,106,217,0,0,29
4,3,8,7,18,2475,B6,LAX,18,28,94,0,0,23,106,217,0,0,29
37,3,8,7,16,2475,AA,LAX,18,28,94,0,0,23,106,217,0,0,29
-2,3,8,7,18,2475,AA,LAX,18,28,94,0,0,23,106,217,0,0,29
-5,3,8,7,11,2475,B6,LAX,18,28,94,0,0,23,106,217,0,0,29
-1,3,8,7,21,2475,AA,LAX,18,28,94,0,0,23,106,217,0,0,29
-3,3,8,7,12,2475,AA,LAX,18,28,94,0,0,23,106,217,0,0,29
-8,3,21,6,17,2475,UA,LAX,31,-16,83,0,0,24,156,200,0,0,30
0,3,21,6,14,2475,UA,LAX,31,-16,83,0,0,24,156,200,0,0,30
44,3,21,6,6,2475,UA,LAX,31,-16,83,0,0,24,156,200,0,0,30
-1,3,21,6,8,2475,UA,LAX,31,-16,83,0,0,24,156,200,0,0,30
-1,3,21,6,11,2475,UA,LAX,31,-16,83,0,0,24,156,200,0,0,30
0,3,21,6,11,2475,AA,LAX,31,-16,83,0,0,24,156,200,0,0,30
51,3,21,6,17,2475,DL,LAX,31,-16,83,0,0,24,156,200,0,0,30
-2,3,21,6,7,2475,B6,LAX,31,-16,83,0,0,24,156,200,0,0,30
-4,3,21,6,10,2475,AA,LAX,31,-16,83,0,0,24,156,200,0,0,30
-3,3,21,6,7,2475,AA,LAX,31,-16,83,0,0,24,156,200,0,0,30
-1,3,21,6,18,2475,DL,LAX,31,-16,83,0,0,24,156,200,0,0,30
-4,3,21,6,14,2475,AA,LAX,31,-16,83,0,0,24,156,200,0,0,30
-4,3,21,6,19,2475,AA,LAX,31,-16,83,0,0,24,156,200,0,0,30
-4,3,21,6,12,2475,AA,LAX,31,-16,83,0,0,24,156,200,0,0,30
-5,3,21,6,9,2475,B6,LAX,31,-16,83,0,0,24,156,200,0,0,30
-3,3,21,6,11,2475,B6,LAX,31,-16,83,0,0,24,156,200,0,0,30
-4,3,21,6,16,2475,B6,LAX,31,-16,83,0,0,24,156,200,0,0,30
1,3,21,6,8,2475,DL,LAX,31,-16,83,0,0,24,156,200,0,0,30
3,3,21,6,15,2475,DL,LAX,31,-16,83,0,0,24,156,200,0,0,30
4,3,21,6,21,2475,AA,LAX,31,-16,83,0,0,24,156,200,0,0,30
-8,3,21,6,17,2475,AA,LAX,31,-16,83,0,0,24,156,200,0,0,30
16,3,21,6,9,2475,AA,LAX,31,-16,83,0,0,24,156,200,0,0,30
25,3,21,6,8,2475,AA,LAX,31,-16,83,0,0,24,156,200,0,0,30
-4,3,21,6,18,2475,B6,LAX,31,-16,83,0,0,24,156,200,0,0,30
2,3,21,6,18,2475,AA,LAX,31,-16,83,0,0,24,156,200,0,0,30
-3,3,21,6,6,2475,B6,LAX,31,-16,83,0,0,24,156,200,0,0,30
140,3,21,6,12,2475,DL,LAX,31,-16,83,0,0,24,156,200,0,0,30
16,3,21,6,13,2475,VX,LAX,31,-16,83,0,0,24,156,200,0,0,30
0,3,21,6,9,2475,VX,LAX,31,-16,83,0,0,24,156,200,0,0,30
3,3,21,6,7,2475,VX,LAX,31,-16,83,0,0,24,156,200,0,0,30
-4,3,21,6,16,2475,VX,LAX,31,-16,83,0,0,24,156,200,0,0,30
-2,4,4,6,12,2475,B6,LAX,45,56,156,3,0,45,144,256,0,0,30
1,4,4,6,6,2475,UA,LAX,45,56,156,3,0,45,144,256,0,0,30
0,4,4,6,9,2475,B6,LAX,45,56,156,3,0,45,144,256,0,0,30
-7,4,4,6,8,2475,UA,LAX,45,56,156,3,0,45,144,256,0,0,30
-8,4,4,6,17,2475,UA,LAX,45,56,156,3,0,45,144,256,0,0,30
-8,4,4,6,11,2475,UA,LAX,45,56,156,3,0,45,144,256,0,0,30
-6,4,4,6,14,2475,UA,LAX,45,56,156,3,0,45,144,256,0,0,30
-8,4,4,6,11,2475,B6,LAX,45,56,156,3,0,45,144,256,0,0,30
7,4,4,6,18,2475,B6,LAX,45,56,156,3,0,45,144,256,0,0,30
-10,4,4,6,6,2475,B6,LAX,45,56,156,3,0,45,144,256,0,0,30
22,4,4,6,18,2475,DL,LAX,45,56,156,3,0,45,144,256,0,0,30
99,4,4,6,17,2475,DL,LAX,45,56,156,3,0,45,144,256,0,0,30
-7,4,4,6,16,2475,B6,LAX,45,56,156,3,0,45,144,256,0,0,30
8,4,4,6,12,2475,DL,LAX,45,56,156,3,0,45,144,256,0,0,30
-2,4,4,6,7,2475,VX,LAX,45,56,156,3,0,45,144,256,0,0,30
-2,4,4,6,9,2475,VX,LAX,45,56,156,3,0,45,144,256,0,0,30
2,4,4,6,13,2475,VX,LAX,45,56,156,3,0,45,144,256,0,0,30
315,4,4,6,16,2475,VX,LAX,45,56,156,3,0,45,144,256,0,0,30
-7,4,4,6,17,2475,AA,LAX,45,56,156,3,0,45,144,256,0,0,30
-5,4,4,6,10,2475,AA,LAX,45,56,156,3,0,45,144,256,0,0,30
-8,4,4,6,11,2475,AA,LAX,45,56,156,3,0,45,144,256,0,0,30
-4,4,4,6,18,2475,AA,LAX,45,56,156,3,0,45,144,256,0,0,30
9,4,4,6,19,2475,AA,LAX,45,56,156,3,0,45,144,256,0,0,30
-5,4,4,6,9,2475,AA,LAX,45,56,156,3,0,45,144,256,0,0,30
-5,4,4,6,16,2475,AA,LAX,45,56,156,3,0,45,144,256,0,0,30
-9,4,4,6,12,2475,AA,LAX,45,56,156,3,0,45,144,256,0,0,30
8,4,4,6,21,2475,AA,LAX,45,56,156,3,0,45,144,256,0,0,30
0,4,4,6,15,2475,AA,LAX,45,56,156,3,0,45,144,256,0,0,30
-3,4,4,6,8,2475,AA,LAX,45,56,156,3,0,45,144,256,0,0,30
-6,4,16,4,17,2475,AA,LAX,36,111,178,0,0,29,133,250,0,0,34
-1,4,16,4,21,2475,AA,LAX,36,111,178,0,0,29,133,250,0,0,34
-6,4,16,4,9,2475,AA,LAX,36,111,178,0,0,29,133,250,0,0,34
-4,4,16,4,12,2475,AA,LAX,36,111,178,0,0,29,133,250,0,0,34
-5,4,16,4,7,2475,AA,LAX,36,111,178,0,0,29,133,250,0,0,34
-10,4,16,4,11,2475,AA,LAX,36,111,178,0,0,29,133,250,0,0,34
-2,4,16,4,18,2475,AA,LAX,36,111,178,0,0,29,133,250,0,0,34
-6,4,16,4,8,2475,AA,LAX,36,111,178,0,0,29,133,250,0,0,34
-4,4,16,4,6,2475,AA,LAX,36,111,178,0,0,29,133,250,0,0,34
-6,4,16,4,16,2475,AA,LAX,36,111,178,0,0,29,133,250,0,0,34
-7,4,16,4,10,2475,AA,LAX,36,111,178,0,0,29,133,250,0,0,34
-6,4,16,4,15,2475,AA,LAX,36,111,178,0,0,29,133,250,0,0,34
-6,4,16,4,19,2475,AA,LAX,36,111,178,0,0,29,133,250,0,0,34
0,4,16,4,16,2475,VX,LAX,36,111,178,0,0,29,133,250,0,0,34
6,4,16,4,18,2475,B6,LAX,36,111,178,0,0,29,133,250,0,0,34
60,4,16,4,21,2475,DL,LAX,36,111,178,0,0,29,133,250,0,0,34
-1,4,16,4,7,2475,DL,LAX,36,111,178,0,0,29,133,250,0,0,34
-2,4,16,4,11,2475,DL,LAX,36,111,178,0,0,29,133,250,0,0,34
1,4,16,4,9,2475,DL,LAX,36,111,178,0,0,29,133,250,0,0,34
-2,4,16,4,18,2475,DL,LAX,36,111,178,0,0,29,133,250,0,0,34
14,4,16,4,15,2475,DL,LAX,36,111,178,0,0,29,133,250,0,0,34
-5,4,16,4,9,2475,VX,LAX,36,111,178,0,0,29,133,250,0,0,34
5,4,16,4,20,2475,VX,LAX,36,111,178,0,0,29,133,250,0,0,34
-2,4,16,4,6,2475,B6,LAX,36,111,178,0,0,29,133,250,0,0,34
-6,4,16,4,21,2475,B6,LAX,36,111,178,0,0,29,133,250,0,0,34
-6,4,16,4,11,2475,B6,LAX,36,111,178,0,0,29,133,250,0,0,34
-3,4,16,4,12,2475,B6,LAX,36,111,178,0,0,29,133,250,0,0,34
-5,4,16,4,9,2475,B6,LAX,36,111,178,0,0,29,133,250,0,0,34
8,4,16,4,16,2475,B6,LAX,36,111,178,0,0,29,133,250,0,0,34
-7,4,16,4,7,2475,VX,LAX,36,111,178,0,0,29,133,250,0,0,34
-3,4,16,4,8,2475,DL,LAX,36,111,178,0,0,29,133,250,0,0,34
-3,4,16,4,17,2475,DL,LAX,36,111,178,0,0,29,133,250,0,0,34
-9,4,16,4,13,2475,VX,LAX,36,111,178,0,0,29,133,250,0,0,34
-6,4,16,4,8,2475,UA,LAX,36,111,178,0,0,29,133,250,0,0,34
-4,4,16,4,11,2475,UA,LAX,36,111,178,0,0,29,133,250,0,0,34
-3,4,16,4,6,2475,UA,LAX,36,111,178,0,0,29,133,250,0,0,34
-6,4,16,4,17,2475,UA,LAX,36,111,178,0,0,29,133,250,0,0,34
12,4,16,4,19,2475,UA,LAX,36,111,178,0,0,29,133,250,0,0,34
-9,4,16,4,14,2475,UA,LAX,36,111,178,0,0,29,133,250,0,0,34
-2,4,28,2,6,2475,UA,LAX,24,100,217,0,0,35,133,267,0,0,33
-5,4,28,2,14,2475,UA,LAX,24,100,217,0,0,35,133,267,0,0,33
-1,4,28,2,8,2475,UA,LAX,24,100,217,0,0,35,133,267,0,0,33
-2,4,28,2,19,2475,UA,LAX,24,100,217,0,0,35,133,267,0,0,33
7,4,28,2,11,2475,UA,LAX,24,100,217,0,0,35,133,267,0,0,33
14,4,28,2,17,2475,UA,LAX,24,100,217,0,0,35,133,267,0,0,33
-1,4,28,2,11,2475,B6,LAX,24,100,217,0,0,35,133,267,0,0,33
-3,4,28,2,20,2475,VX,LAX,24,100,217,0,0,35,133,267,0,0,33
-3,4,28,2,7,2475,VX,LAX,24,100,217,0,0,35,133,267,0,0,33
27,4,28,2,18,2475,DL,LAX,24,100,217,0,0,35,133,267,0,0,33
-4,4,28,2,21,2475,B6,LAX,24,100,217,0,0,35,133,267,0,0,33
-10,4,28,2,6,2475,B6,LAX,24,100,217,0,0,35,133,267,0,0,33
3,4,28,2,11,2475,DL,LAX,24,100,217,0,0,35,133,267,0,0,33
-4,4,28,2,7,2475,DL,LAX,24,100,217,0,0,35,133,267,0,0,33
-2,4,28,2,12,2475,B6,LAX,24,100,217,0,0,35,133,267,0,0,33
0,4,28,2,15,2475,DL,LAX,24,100,217,0,0,35,133,267,0,0,33
15,4,28,2,21,2475,DL,LAX,24,100,217,0,0,35,133,267,0,0,33
3,4,28,2,17,2475,DL,LAX,24,100,217,0,0,35,133,267,0,0,33
-3,4,28,2,9,2475,B6,LAX,24,100,217,0,0,35,133,267,0,0,33
-2,4,28,2,16,2475,B6,LAX,24,100,217,0,0,35,133,267,0,0,33
25,4,28,2,9,2475,DL,LAX,24,100,217,0,0,35,133,267,0,0,33
-5,4,28,2,16,2475,VX,LAX,24,100,217,0,0,35,133,267,0,0,33
-1,4,28,2,8,2475,DL,LAX,24,100,217,0,0,35,133,267,0,0,33
-12,4,28,2,9,2475,VX,LAX,24,100,217,0,0,35,133,267,0,0,33
-2,4,28,2,18,2475,B6,LAX,24,100,217,0,0,35,133,267,0,0,33
-4,4,28,2,13,2475,VX,LAX,24,100,217,0,0,35,133,267,0,0,33
-4,4,28,2,21,2475,AA,LAX,24,100,217,0,0,35,133,267,0,0,33
-7,4,28,2,9,2475,AA,LAX,24,100,217,0,0,35,133,267,0,0,33
-4,4,28,2,10,2475,AA,LAX,24,100,217,0,0,35,133,267,0,0,33
-5,4,28,2,15,2475,AA,LAX,24,100,217,0,0,35,133,267,0,0,33
-9,4,28,2,11,2475,AA,LAX,24,100,217,0,0,35,133,267,0,0,33
-4,4,28,2,19,2475,AA,LAX,24,100,217,0,0,35,133,267,0,0,33
-8,4,28,2,17,2475,AA,LAX,24,100,217,0,0,35,133,267,0,0,33
-4,4,28,2,18,2475,AA,LAX,24,100,217,0,0,35,133,267,0,0,33
-7,4,28,2,12,2475,AA,LAX,24,100,217,0,0,35,133,267,0,0,33
0,4,28,2,16,2475,AA,LAX,24,100,217,0,0,35,133,267,0,0,33
-3,4,28,2,8,2475,AA,LAX,24,100,217,0,0,35,133,267,0,0,33
7,5,12,2,11,2475,UA,LAX,10,178,300,0,0,24,139,211,0,0,35
-6,5,12,2,14,2475,UA,LAX,10,178,300,0,0,24,139,211,0,0,35
-2,5,12,2,17,2475,UA,LAX,10,178,300,0,0,24,139,211,0,0,35
37,5,12,2,19,2475,UA,LAX,10,178,300,0,0,24,139,211,0,0,35
-6,5,12,2,8,2475,UA,LAX,10,178,300,0,0,24,139,211,0,0,35
6,5,12,2,6,2475,UA,LAX,10,178,300,0,0,24,139,211,0,0,35
-8,5,12,2,13,2475,VX,LAX,10,178,300,0,0,24,139,211,0,0,35
-7,5,12,2,9,2475,VX,LAX,10,178,300,0,0,24,139,211,0,0,35
-8,5,12,2,7,2475,VX,LAX,10,178,300,0,0,24,139,211,0,0,35
132,5,12,2,20,2475,VX,LAX,10,178,300,0,0,24,139,211,0,0,35
2,5,12,2,16,2475,VX,LAX,10,178,300,0,0,24,139,211,0,0,35
-1,5,12,2,11,2475,DL,LAX,10,178,300,0,0,24,139,211,0,0,35
0,5,12,2,21,2475,DL,LAX,10,178,300,0,0,24,139,211,0,0,35
1,5,12,2,17,2475,DL,LAX,10,178,300,0,0,24,139,211,0,0,35
-1,5,12,2,8,2475,DL,LAX,10,178,300,0,0,24,139,211,0,0,35
4,5,12,2,18,2475,DL,LAX,10,178,300,0,0,24,139,211,0,0,35
13,5,12,2,6,2475,B6,LAX,10,178,300,0,0,24,139,211,0,0,35
-3,5,12,2,9,2475,B6,LAX,10,178,300,0,0,24,139,211,0,0,35
-4,5,12,2,17,2475,AA,LAX,10,178,300,0,0,24,139,211,0,0,35
-3,5,12,2,15,2475,AA,LAX,10,178,300,0,0,24,139,211,0,0,35
-5,5,12,2,21,2475,B6,LAX,10,178,300,0,0,24,139,211,0,0,35
-5,5,12,2,11,2475,AA,LAX,10,178,300,0,0,24,139,211,0,0,35
-2,5,12,2,16,2475,B6,LAX,10,178,300,0,0,24,139,211,0,0,35
-6,5,12,2,12,2475,AA,LAX,10,178,300,0,0,24,139,211,0,0,35
-1,5,12,2,6,2475,AA,LAX,10,178,300,0,0,24,139,211,0,0,35
2,5,12,2,21,2475,AA,LAX,10,178,300,0,0,24,139,211,0,0,35
47,5,12,2,18,2475,B6,LAX,10,178,300,0,0,24,139,211,0,0,35
57,5,12,2,7,2475,DL,LAX,10,178,300,0,0,24,139,211,0,0,35
-4,5,12,2,19,2475,AA,LAX,10,178,300,0,0,24,139,211,0,0,35
-1,5,12,2,16,2475,AA,LAX,10,178,300,0,0,24,139,211,0,0,35
-4,5,12,2,13,2475,B6,LAX,10,178,300,0,0,24,139,211,0,0,35
60,5,12,2,18,2475,AA,LAX,10,178,300,0,0,24,139,211,0,0,35
-2,5,12,2,11,2475,B6,LAX,10,178,300,0,0,24,139,211,0,0,35
-8,5,12,2,7,2475,AA,LAX,10,178,300,0,0,24,139,211,0,0,35
-5,5,12,2,9,2475,AA,LAX,10,178,300,0,0,24,139,211,0,0,35
2,5,12,2,8,2475,B6,LAX,10,178,300,0,0,24,139,211,0,0,35
-4,5,12,2,10,2475,AA,LAX,10,178,300,0,0,24,139,211,0,0,35
29,5,12,2,15,2475,DL,LAX,10,178,300,0,0,24,139,211,0,0,35
-3,5,12,2,9,2475,DL,LAX,10,178,300,0,0,24,139,211,0,0,35
-3,5,24,7,16,2475,VX,LAX,2,133,272,0,0,17,144,189,0,0,37
-1,5,24,7,13,2475,VX,LAX,2,133,272,0,0,17,144,189,0,0,37
-8,5,24,7,9,2475,VX,LAX,2,133,272,0,0,17,144,189,0,0,37
4,5,24,7,7,2475,VX,LAX,2,133,272,0,0,17,144,189,0,0,37
-9,5,24,7,20,2475,VX,LAX,2,133,272,0,0,17,144,189,0,0,37
-5,5,24,7,19,2475,AA,LAX,2,133,272,0,0,17,144,189,0,0,37
-7,5,24,7,16,2475,AA,LAX,2,133,272,0,0,17,144,189,0,0,37
-1,5,24,7,11,2475,B6,LAX,2,133,272,0,0,17,144,189,0,0,37
41,5,24,7,21,2475,B6,LAX,2,133,272,0,0,17,144,189,0,0,37
-3,5,24,7,8,2475,B6,LAX,2,133,272,0,0,17,144,189,0,0,37
-3,5,24,7,6,2475,B6,LAX,2,133,272,0,0,17,144,189,0,0,37
-2,5,24,7,9,2475,B6,LAX,2,133,272,0,0,17,144,189,0,0,37
-5,5,24,7,12,2475,DL,LAX,2,133,272,0,0,17,144,189,0,0,37
-8,5,24,7,18,2475,B6,LAX,2,133,272,0,0,17,144,189,0,0,37
-4,5,24,7,9,2475,AA,LAX,2,133,272,0,0,17,144,189,0,0,37
0,5,24,7,17,2475,DL,LAX,2,133,272,0,0,17,144,189,0,0,37
-1,5,24,7,8,2475,DL,LAX,2,133,272,0,0,17,144,189,0,0,37
-3,5,24,7,18,2475,DL,LAX,2,133,272,0,0,17,144,189,0,0,37
-3,5,24,7,17,2475,AA,LAX,2,133,272,0,0,17,144,189,0,0,37
-3,5,24,7,16,2475,B6,LAX,2,133,272,0,0,17,144,189,0,0,37
-1,5,24,7,15,2475,DL,LAX,2,133,272,0,0,17,144,189,0,0,37
-8,5,24,7,11,2475,AA,LAX,2,133,272,0,0,17,144,189,0,0,37
-7,5,24,7,13,2475,B6,LAX,2,133,272,0,0,17,144,189,0,0,37
-9,5,24,7,12,2475,AA,LAX,2,133,272,0,0,17,144,189,0,0,37
-6,5,24,7,15,2475,AA,LAX,2,133,272,0,0,17,144,189,0,0,37
-4,5,24,7,8,2475,UA,LAX,2,133,272,0,0,17,144,189,0,0,37
-7,5,24,7,19,2475,UA,LAX,2,133,272,0,0,17,144,189,0,0,37
11,5,24,7,17,2475,UA,LAX,2,133,272,0,0,17,144,189,0,0,37
-2,5,24,7,14,2475,UA,LAX,2,133,272,0,0,17,144,189,0,0,37
-4,6,7,7,9,2475,AA,LAX,12,128,233,0,0,17,150,200,0,0,38
-4,6,7,7,9,2475,AA,LAX,12,128,233,0,0,17,150,200,0,0,38
-4,6,7,7,11,2475,AA,LAX,12,128,233,0,0,17,150,200,0,0,38
-3,6,7,7,12,2475,AA,LAX,12,128,233,0,0,17,150,200,0,0,38
-4,6,7,7,11,2475,AA,LAX,12,128,233,0,0,17,150,200,0,0,38
-3,6,7,7,12,2475,AA,LAX,12,128,233,0,0,17,150,200,0,0,38
-4,6,19,5,11,2475,AA,LAX,15,200,306,0,0,17,150,217,0,0,30
-4,6,19,5,9,2475,AA,LAX,15,200,306,0,0,17,150,217,0,0,30
-3,6,19,5,12,2475,AA,LAX,15,200,306,0,0,17,150,217,0,0,30
-3,6,19,5,12,2475,AA,LAX,15,200,306,0,0,17,150,217,0,0,30
-4,6,19,5,11,2475,AA,LAX,15,200,306,0,0,17,150,217,0,0,30
-4,6,19,5,9,2475,AA,LAX,15,200,306,0,0,17,150,217,0,0,30
-4,6,20,6,11,2475,AA,LAX,14,178,239,0,0,24,161,250,0,0,30
-6,6,20,6,12,2475,AA,LAX,14,178,239,0,0,24,161,250,0,0,30
-4,6,20,6,11,2475,AA,LAX,14,178,239,0,0,24,161,250,0,0,30
-6,6,20,6,12,2475,AA,LAX,14,178,239,0,0,24,161,250,0,0,30
-6,7,3,5,11,2475,AA,LAX,1,189,278,0,0,13,167,217,0,0,42
-8,7,3,5,16,2475,AA,LAX,1,189,278,0,0,13,167,217,0,0,42
-4,7,3,5,18,2475,AA,LAX,1,189,278,0,0,13,167,217,0,0,42
0,7,3,5,17,2475,AA,LAX,1,189,278,0,0,13,167,217,0,0,42
-5,7,3,5,12,2475,AA,LAX,1,189,278,0,0,13,167,217,0,0,42
104,7,3,5,21,2475,AA,LAX,1,189,278,0,0,13,167,217,0,0,42
-7,7,3,5,8,2475,AA,LAX,1,189,278,0,0,13,167,217,0,0,42
-4,7,3,5,8,2475,B6,LAX,1,189,278,0,0,13,167,217,0,0,42
-1,7,3,5,6,2475,B6,LAX,1,189,278,0,0,13,167,217,0,0,42
12,7,3,5,7,2475,DL,LAX,1,189,278,0,0,13,167,217,0,0,42
-1,7,3,5,18,2475,DL,LAX,1,189,278,0,0,13,167,217,0,0,42
-6,7,3,5,9,2475,DL,LAX,1,189,278,0,0,13,167,217,0,0,42
0,7,3,5,12,2475,DL,LAX,1,189,278,0,0,13,167,217,0,0,42
6,7,3,5,20,2475,DL,LAX,1,189,278,0,0,13,167,217,0,0,42
58,7,3,5,17,2475,DL,LAX,1,189,278,0,0,13,167,217,0,0,42
-9,7,3,5,7,2475,VX,LAX,1,189,278,0,0,13,167,217,0,0,42
-1,7,3,5,21,2475,B6,LAX,1,189,278,0,0,13,167,217,0,0,42
-2,7,3,5,18,2475,B6,LAX,1,189,278,0,0,13,167,217,0,0,42
-2,7,3,5,16,2475,B6,LAX,1,189,278,0,0,13,167,217,0,0,42
-4,7,3,5,13,2475,B6,LAX,1,189,278,0,0,13,167,217,0,0,42
-5,7,3,5,8,2475,DL,LAX,1,189,278,0,0,13,167,217,0,0,42
0,7,3,5,15,2475,DL,LAX,1,189,278,0,0,13,167,217,0,0,42
-12,7,3,5,9,2475,VX,LAX,1,189,278,0,0,13,167,217,0,0,42
-8,7,3,5,13,2475,VX,LAX,1,189,278,0,0,13,167,217,0,0,42
-9,7,3,5,16,2475,VX,LAX,1,189,278,0,0,13,167,217,0,0,42
-3,7,3,5,11,2475,B6,LAX,1,189,278,0,0,13,167,217,0,0,42
-3,7,3,5,6,2475,UA,LAX,1,189,278,0,0,13,167,217,0,0,42
-8,7,3,5,8,2475,UA,LAX,1,189,278,0,0,13,167,217,0,0,42
3,7,3,5,11,2475,UA,LAX,1,189,278,0,0,13,167,217,0,0,42
-3,7,3,5,9,2475,B6,LAX,1,189,278,0,0,13,167,217,0,0,42
-6,7,15,3,9,2475,AA,LAX,11,222,272,30,0,20,178,239,0,0,35
-5,7,15,3,10,2475,AA,LAX,11,222,272,30,0,20,178,239,0,0,35
0,7,15,3,19,2475,AA,LAX,11,222,272,30,0,20,178,239,0,0,35
17,7,15,3,11,2475,AA,LAX,11,222,272,30,0,20,178,239,0,0,35
-3,7,15,3,16,2475,AA,LAX,11,222,272,30,0,20,178,239,0,0,35
8,7,15,3,17,2475,AA,LAX,11,222,272,30,0,20,178,239,0,0,35
33,7,15,3,15,2475,AA,LAX,11,222,272,30,0,20,178,239,0,0,35
80,7,15,3,12,2475,AA,LAX,11,222,272,30,0,20,178,239,0,0,35
19,7,15,3,18,2475,AA,LAX,11,222,272,30,0,20,178,239,0,0,35
14,7,15,3,21,2475,AA,LAX,11,222,272,30,0,20,178,239,0,0,35
-4,7,15,3,7,2475,AA,LAX,11,222,272,30,0,20,178,239,0,0,35
133,7,15,3,16,2475,DL,LAX,11,222,272,30,0,20,178,239,0,0,35
-4,7,15,3,8,2475,DL,LAX,11,222,272,30,0,20,178,239,0,0,35
87,7,15,3,16,2475,B6,LAX,11,222,272,30,0,20,178,239,0,0,35
-1,7,15,3,18,2475,B6,LAX,11,222,272,30,0,20,178,239,0,0,35
7,7,15,3,7,2475,DL,LAX,11,222,272,30,0,20,178,239,0,0,35
-1,7,15,3,12,2475,DL,LAX,11,222,272,30,0,20,178,239,0,0,35
-6,7,15,3,9,2475,DL,LAX,11,222,272,30,0,20,178,239,0,0,35
1,7,15,3,18,2475,DL,LAX,11,222,272,30,0,20,178,239,0,0,35
6,7,15,3,15,2475,DL,LAX,11,222,272,30,0,20,178,239,0,0,35
41,7,15,3,14,2475,UA,LAX,11,222,272,30,0,20,178,239,0,0,35
26,7,15,3,21,2475,B6,LAX,11,222,272,30,0,20,178,239,0,0,35
4,7,15,3,11,2475,UA,LAX,11,222,272,30,0,20,178,239,0,0,35
-1,7,15,3,6,2475,B6,LAX,11,222,272,30,0,20,178,239,0,0,35
-3,7,15,3,7,2475,VX,LAX,11,222,272,30,0,20,178,239,0,0,35
15,7,15,3,6,2475,UA,LAX,11,222,272,30,0,20,178,239,0,0,35
-4,7,15,3,8,2475,UA,LAX,11,222,272,30,0,20,178,239,0,0,35
0,7,15,3,19,2475,UA,LAX,11,222,272,30,0,20,178,239,0,0,35
-2,7,15,3,8,2475,B6,LAX,11,222,272,30,0,20,178,239,0,0,35
-3,7,15,3,9,2475,B6,LAX,11,222,272,30,0,20,178,239,0,0,35
2,7,15,3,11,2475,B6,LAX,11,222,272,30,0,20,178,239,0,0,35
-4,7,15,3,9,2475,VX,LAX,11,222,272,30,0,20,178,239,0,0,35
121,7,15,3,13,2475,VX,LAX,11,222,272,30,0,20,178,239,0,0,35
21,7,15,3,16,2475,VX,LAX,11,222,272,30,0,20,178,239,0,0,35
0,7,15,3,20,2475,VX,LAX,11,222,272,30,0,20,178,239,0,0,35
47,7,15,3,12,2475,B6,LAX,11,222,272,30,0,20,178,239,0,0,35
-3,7,15,3,17,2475,UA,LAX,11,222,272,30,0,20,178,239,0,0,35
45,7,15,3,20,2475,DL,LAX,11,222,272,30,0,20,178,239,0,0,35
-7,7,27,1,12,2475,AA,LAX,23,217,300,91,0,13,194,244,0,0,35
22,7,27,1,19,2475,AA,LAX,23,217,300,91,0,13,194,244,0,0,35
0,7,27,1,8,2475,AA,LAX,23,217,300,91,0,13,194,244,0,0,35
-2,7,27,1,9,2475,AA,LAX,23,217,300,91,0,13,194,244,0,0,35
0,7,27,1,17,2475,AA,LAX,23,217,300,91,0,13,194,244,0,0,35
-9,7,27,1,21,2475,AA,LAX,23,217,300,91,0,13,194,244,0,0,35
-1,7,27,1,16,2475,AA,LAX,23,217,300,91,0,13,194,244,0,0,35
0,7,27,1,11,2475,AA,LAX,23,217,300,91,0,13,194,244,0,0,35
-2,7,27,1,10,2475,AA,LAX,23,217,300,91,0,13,194,244,0,0,35
1,7,27,1,7,2475,AA,LAX,23,217,300,91,0,13,194,244,0,0,35
21,7,27,1,15,2475,AA,LAX,23,217,300,91,0,13,194,244,0,0,35
-1,7,27,1,6,2475,AA,LAX,23,217,300,91,0,13,194,244,0,0,35
-4,7,27,1,18,2475,AA,LAX,23,217,300,91,0,13,194,244,0,0,35
6,7,27,1,16,2475,VX,LAX,23,217,300,91,0,13,194,244,0,0,35
17,7,27,1,20,2475,VX,LAX,23,217,300,91,0,13,194,244,0,0,35
140,7,27,1,14,2475,UA,LAX,23,217,300,91,0,13,194,244,0,0,35
0,7,27,1,6,2475,UA,LAX,23,217,300,91,0,13,194,244,0,0,35
-7,7,27,1,8,2475,UA,LAX,23,217,300,91,0,13,194,244,0,0,35
-9,7,27,1,19,2475,UA,LAX,23,217,300,91,0,13,194,244,0,0,35
-3,7,27,1,21,2475,B6,LAX,23,217,300,91,0,13,194,244,0,0,35
-3,7,27,1,18,2475,B6,LAX,23,217,300,91,0,13,194,244,0,0,35
-1,7,27,1,12,2475,B6,LAX,23,217,300,91,0,13,194,244,0,0,35
-1,7,27,1,11,2475,B6,LAX,23,217,300,91,0,13,194,244,0,0,35
-5,7,27,1,9,2475,B6,LAX,23,217,300,91,0,13,194,244,0,0,35
-3,7,27,1,8,2475,B6,LAX,23,217,300,91,0,13,194,244,0,0,35
-3,7,27,1,6,2475,B6,LAX,23,217,300,91,0,13,194,244,0,0,35
1,7,27,1,16,2475,B6,LAX,23,217,300,91,0,13,194,244,0,0,35
-4,7,27,1,17,2475,UA,LAX,23,217,300,91,0,13,194,244,0,0,35
-2,7,27,1,11,2475,UA,LAX,23,217,300,91,0,13,194,244,0,0,35
0,7,27,1,7,2475,VX,LAX,23,217,300,91,0,13,194,244,0,0,35
-2,7,27,1,9,2475,VX,LAX,23,217,300,91,0,13,194,244,0,0,35
15,7,27,1,13,2475,VX,LAX,23,217,300,91,0,13,194,244,0,0,35
5,7,27,1,8,2475,DL,LAX,23,217,300,91,0,13,194,244,0,0,35
1,7,27,1,18,2475,DL,LAX,23,217,300,91,0,13,194,244,0,0,35
-5,7,27,1,9,2475,DL,LAX,23,217,300,91,0,13,194,244,0,0,35
-2,7,27,1,12,2475,DL,LAX,23,217,300,91,0,13,194,244,0,0,35
-2,7,27,1,7,2475,DL,LAX,23,217,300,91,0,13,194,244,0,0,35
2,7,27,1,20,2475,DL,LAX,23,217,300,91,0,13,194,244,0,0,35
3,7,27,1,16,2475,DL,LAX,23,217,300,91,0,13,194,244,0,0,35
-2,7,27,1,15,2475,DL,LAX,23,217,300,91,0,13,194,244,0,0,35
-3,8,11,2,13,2475,VX,LAX,21,217,272,297,0,19,178,239,0,0,35
7,8,11,2,7,2475,VX,LAX,21,217,272,297,0,19,178,239,0,0,35
-2,8,11,2,6,2475,UA,LAX,21,217,272,297,0,19,178,239,0,0,35
-4,8,11,2,8,2475,UA,LAX,21,217,272,297,0,19,178,239,0,0,35
74,8,11,2,19,2475,UA,LAX,21,217,272,297,0,19,178,239,0,0,35
93,8,11,2,17,2475,UA,LAX,21,217,272,297,0,19,178,239,0,0,35
-6,8,11,2,11,2475,UA,LAX,21,217,272,297,0,19,178,239,0,0,35
19,8,11,2,14,2475,UA,LAX,21,217,272,297,0,19,178,239,0,0,35
71,8,11,2,20,2475,VX,LAX,21,217,272,297,0,19,178,239,0,0,35
-2,8,11,2,9,2475,VX,LAX,21,217,272,297,0,19,178,239,0,0,35
143,8,11,2,16,2475,VX,LAX,21,217,272,297,0,19,178,239,0,0,35
3,8,11,2,18,2475,B6,LAX,21,217,272,297,0,19,178,239,0,0,35
1,8,11,2,19,2475,AA,LAX,21,217,272,297,0,19,178,239,0,0,35
24,8,11,2,6,2475,B6,LAX,21,217,272,297,0,19,178,239,0,0,35
-5,8,11,2,10,2475,AA,LAX,21,217,272,297,0,19,178,239,0,0,35
8,8,11,2,21,2475,AA,LAX,21,217,272,297,0,19,178,239,0,0,35
20,8,11,2,17,2475,AA,LAX,21,217,272,297,0,19,178,239,0,0,35
-4,8,11,2,15,2475,AA,LAX,21,217,272,297,0,19,178,239,0,0,35
7,8,11,2,18,2475,AA,LAX,21,217,272,297,0,19,178,239,0,0,35
87,8,11,2,18,2475,DL,LAX,21,217,272,297,0,19,178,239,0,0,35
5,8,11,2,9,2475,DL,LAX,21,217,272,297,0,19,178,239,0,0,35
-3,8,11,2,11,2475,AA,LAX,21,217,272,297,0,19,178,239,0,0,35
29,8,11,2,12,2475,DL,LAX,21,217,272,297,0,19,178,239,0,0,35
6,8,11,2,7,2475,DL,LAX,21,217,272,297,0,19,178,239,0,0,35
9,8,11,2,20,2475,DL,LAX,21,217,272,297,0,19,178,239,0,0,35
55,8,11,2,17,2475,DL,LAX,21,217,272,297,0,19,178,239,0,0,35
0,8,11,2,13,2475,DL,LAX,21,217,272,297,0,19,178,239,0,0,35
7,8,11,2,8,2475,DL,LAX,21,217,272,297,0,19,178,239,0,0,35
3,8,11,2,15,2475,DL,LAX,21,217,272,297,0,19,178,239,0,0,35
-3,8,11,2,7,2475,AA,LAX,21,217,272,297,0,19,178,239,0,0,35
3,8,11,2,12,2475,AA,LAX,21,217,272,297,0,19,178,239,0,0,35
-1,8,11,2,8,2475,B6,LAX,21,217,272,297,0,19,178,239,0,0,35
-1,8,11,2,16,2475,AA,LAX,21,217,272,297,0,19,178,239,0,0,35
83,8,11,2,9,2475,AA,LAX,21,217,272,297,0,19,178,239,0,0,35
273,8,11,2,21,2475,B6,LAX,21,217,272,297,0,19,178,239,0,0,35
4,8,11,2,9,2475,B6,LAX,21,217,272,297,0,19,178,239,0,0,35
61,8,11,2,11,2475,B6,LAX,21,217,272,297,0,19,178,239,0,0,35
-3,8,11,2,12,2475,B6,LAX,21,217,272,297,0,19,178,239,0,0,35
0,8,11,2,16,2475,B6,LAX,21,217,272,297,0,19,178,239,0,0,35
-7,8,23,7,6,2475,AA,LAX,9,211,294,0,0,18,189,233,0,0,31
-3,8,23,7,12,2475,B6,LAX,9,211,294,0,0,18,189,233,0,0,31
2,8,23,7,11,2475,B6,LAX,9,211,294,0,0,18,189,233,0,0,31
-4,8,23,7,9,2475,B6,LAX,9,211,294,0,0,18,189,233,0,0,31
-4,8,23,7,17,2475,AA,LAX,9,211,294,0,0,18,189,233,0,0,31
-2,8,23,7,21,2475,B6,LAX,9,211,294,0,0,18,189,233,0,0,31
-2,8,23,7,18,2475,B6,LAX,9,211,294,0,0,18,189,233,0,0,31
-2,8,23,7,8,2475,B6,LAX,9,211,294,0,0,18,189,233,0,0,31
-2,8,23,7,6,2475,B6,LAX,9,211,294,0,0,18,189,233,0,0,31
-2,8,23,7,21,2475,AA,LAX,9,211,294,0,0,18,189,233,0,0,31
1,8,23,7,16,2475,B6,LAX,9,211,294,0,0,18,189,233,0,0,31
-2,8,23,7,10,2475,AA,LAX,9,211,294,0,0,18,189,233,0,0,31
-5,8,23,7,12,2475,AA,LAX,9,211,294,0,0,18,189,233,0,0,31
-2,8,23,7,7,2475,AA,LAX,9,211,294,0,0,18,189,233,0,0,31
-4,8,23,7,11,2475,AA,LAX,9,211,294,0,0,18,189,233,0,0,31
-5,8,23,7,18,2475,AA,LAX,9,211,294,0,0,18,189,233,0,0,31
-5,8,23,7,15,2475,AA,LAX,9,211,294,0,0,18,189,233,0,0,31
-9,8,23,7,9,2475,AA,LAX,9,211,294,0,0,18,189,233,0,0,31
-6,8,23,7,16,2475,AA,LAX,9,211,294,0,0,18,189,233,0,0,31
-5,8,23,7,19,2475,AA,LAX,9,211,294,0,0,18,189,233,0,0,31
-3,8,23,7,8,2475,UA,LAX,9,211,294,0,0,18,189,233,0,0,31
2,8,23,7,19,2475,UA,LAX,9,211,294,0,0,18,189,233,0,0,31
-3,8,23,7,17,2475,UA,LAX,9,211,294,0,0,18,189,233,0,0,31
1,8,23,7,11,2475,UA,LAX,9,211,294,0,0,18,189,233,0,0,31
55,8,23,7,17,2475,DL,LAX,9,211,294,0,0,18,189,233,0,0,31
4,8,23,7,9,2475,DL,LAX,9,211,294,0,0,18,189,233,0,0,31
0,8,23,7,12,2475,DL,LAX,9,211,294,0,0,18,189,233,0,0,31
16,8,23,7,7,2475,DL,LAX,9,211,294,0,0,18,189,233,0,0,31
27,8,23,7,20,2475,DL,LAX,9,211,294,0,0,18,189,233,0,0,31
15,8,23,7,18,2475,DL,LAX,9,211,294,0,0,18,189,233,0,0,31
78,8,23,7,8,2475,DL,LAX,9,211,294,0,0,18,189,233,0,0,31
42,8,23,7,15,2475,DL,LAX,9,211,294,0,0,18,189,233,0,0,31
-7,8,23,7,20,2475,VX,LAX,9,211,294,0,0,18,189,233,0,0,31
0,8,23,7,16,2475,VX,LAX,9,211,294,0,0,18,189,233,0,0,31
-4,8,23,7,13,2475,VX,LAX,9,211,294,0,0,18,189,233,0,0,31
-4,8,23,7,9,2475,VX,LAX,9,211,294,0,0,18,189,233,0,0,31
-3,8,23,7,7,2475,VX,LAX,9,211,294,0,0,18,189,233,0,0,31
-3,8,23,7,14,2475,UA,LAX,9,211,294,0,0,18,189,233,0,0,31
3,8,23,7,13,2475,DL,LAX,9,211,294,0,0,18,189,233,0,0,31
-7,9,6,7,11,2475,AA,LAX,5,183,306,0,0,6,183,256,0,0,26
-10,9,6,7,10,2475,AA,LAX,5,183,306,0,0,6,183,256,0,0,26
-6,9,6,7,19,2475,AA,LAX,5,183,306,0,0,6,183,256,0,0,26
0,9,6,7,12,2475,AA,LAX,5,183,306,0,0,6,183,256,0,0,26
-5,9,6,7,21,2475,AA,LAX,5,183,306,0,0,6,183,256,0,0,26
-6,9,6,7,7,2475,AA,LAX,5,183,306,0,0,6,183,256,0,0,26
-14,9,6,7,9,2475,AA,LAX,5,183,306,0,0,6,183,256,0,0,26
30,9,6,7,17,2475,AA,LAX,5,183,306,0,0,6,183,256,0,0,26
-3,9,6,7,16,2475,AA,LAX,5,183,306,0,0,6,183,256,0,0,26
-4,9,6,7,15,2475,AA,LAX,5,183,306,0,0,6,183,256,0,0,26
-5,9,6,7,16,2475,B6,LAX,5,183,306,0,0,6,183,256,0,0,26
-2,9,6,7,18,2475,B6,LAX,5,183,306,0,0,6,183,256,0,0,26
40,9,6,7,12,2475,B6,LAX,5,183,306,0,0,6,183,256,0,0,26
-5,9,6,7,6,2475,B6,LAX,5,183,306,0,0,6,183,256,0,0,26
-8,9,6,7,9,2475,B6,LAX,5,183,306,0,0,6,183,256,0,0,26
-16,9,6,7,8,2475,B6,LAX,5,183,306,0,0,6,183,256,0,0,26
-1,9,6,7,21,2475,B6,LAX,5,183,306,0,0,6,183,256,0,0,26
-5,9,6,7,20,2475,VX,LAX,5,183,306,0,0,6,183,256,0,0,26
-9,9,6,7,16,2475,VX,LAX,5,183,306,0,0,6,183,256,0,0,26
-10,9,6,7,13,2475,VX,LAX,5,183,306,0,0,6,183,256,0,0,26
-10,9,6,7,9,2475,VX,LAX,5,183,306,0,0,6,183,256,0,0,26
29,9,6,7,21,2475,DL,LAX,5,183,306,0,0,6,183,256,0,0,26
14,9,6,7,17,2475,DL,LAX,5,183,306,0,0,6,183,256,0,0,26
0,9,6,7,8,2475,DL,LAX,5,183,306,0,0,6,183,256,0,0,26
-1,9,6,7,15,2475,DL,LAX,5,183,306,0,0,6,183,256,0,0,26
-7,9,6,7,18,2475,DL,LAX,5,183,306,0,0,6,183,256,0,0,26
-3,9,6,7,12,2475,DL,LAX,5,183,306,0,0,6,183,256,0,0,26
0,9,6,7,7,2475,DL,LAX,5,183,306,0,0,6,183,256,0,0,26
-7,9,6,7,14,2475,DL,LAX,5,183,306,0,0,6,183,256,0,0,26
1,9,6,7,14,2475,UA,LAX,5,183,306,0,0,6,183,256,0,0,26
11,9,6,7,17,2475,UA,LAX,5,183,306,0,0,6,183,256,0,0,26
-5,9,6,7,8,2475,UA,LAX,5,183,306,0,0,6,183,256,0,0,26
-4,9,6,7,11,2475,B6,LAX,5,183,306,0,0,6,183,256,0,0,26
-3,9,18,5,8,2475,DL,LAX,17,200,306,0,0,9,183,267,0,0,27
-3,9,18,5,15,2475,DL,LAX,17,200,306,0,0,9,183,267,0,0,27
3,9,18,5,18,2475,DL,LAX,17,200,306,0,0,9,183,267,0,0,27
-2,9,18,5,20,2475,VX,LAX,17,200,306,0,0,9,183,267,0,0,27
-5,9,18,5,16,2475,VX,LAX,17,200,306,0,0,9,183,267,0,0,27
-4,9,18,5,14,2475,UA,LAX,17,200,306,0,0,9,183,267,0,0,27
-1,9,18,5,9,2475,B6,LAX,17,200,306,0,0,9,183,267,0,0,27
14,9,18,5,19,2475,B6,LAX,17,200,306,0,0,9,183,267,0,0,27
-8,9,18,5,13,2475,VX,LAX,17,200,306,0,0,9,183,267,0,0,27
-1,9,18,5,20,2475,B6,LAX,17,200,306,0,0,9,183,267,0,0,27
-4,9,18,5,9,2475,VX,LAX,17,200,306,0,0,9,183,267,0,0,27
-2,9,18,5,17,2475,B6,LAX,17,200,306,0,0,9,183,267,0,0,27
-7,9,18,5,11,2475,UA,LAX,17,200,306,0,0,9,183,267,0,0,27
-1,9,18,5,17,2475,UA,LAX,17,200,306,0,0,9,183,267,0,0,27
-3,9,18,5,19,2475,UA,LAX,17,200,306,0,0,9,183,267,0,0,27
40,9,18,5,7,2475,VX,LAX,17,200,306,0,0,9,183,267,0,0,27
2,9,18,5,13,2475,B6,LAX,17,200,306,0,0,9,183,267,0,0,27
13,9,18,5,11,2475,B6,LAX,17,200,306,0,0,9,183,267,0,0,27
-5,9,18,5,7,2475,B6,LAX,17,200,306,0,0,9,183,267,0,0,27
-3,9,18,5,9,2475,DL,LAX,17,200,306,0,0,9,183,267,0,0,27
0,9,18,5,12,2475,DL,LAX,17,200,306,0,0,9,183,267,0,0,27
-2,9,18,5,7,2475,DL,LAX,17,200,306,0,0,9,183,267,0,0,27
3,9,18,5,21,2475,DL,LAX,17,200,306,0,0,9,183,267,0,0,27
22,9,18,5,17,2475,DL,LAX,17,200,306,0,0,9,183,267,0,0,27
-3,9,18,5,8,2475,UA,LAX,17,200,306,0,0,9,183,267,0,0,27
-6,9,18,5,6,2475,UA,LAX,17,200,306,0,0,9,183,267,0,0,27
1,9,18,5,13,2475,DL,LAX,17,200,306,0,0,9,183,267,0,0,27
-4,9,18,5,16,2475,AA,LAX,17,200,306,0,0,9,183,267,0,0,27
7,9,18,5,6,2475,AA,LAX,17,200,306,0,0,9,183,267,0,0,27
-2,9,18,5,11,2475,AA,LAX,17,200,306,0,0,9,183,267,0,0,27
-9,9,18,5,10,2475,AA,LAX,17,200,306,0,0,9,183,267,0,0,27
-4,9,18,5,15,2475,AA,LAX,17,200,306,0,0,9,183,267,0,0,27
-2,9,18,5,8,2475,AA,LAX,17,200,306,0,0,9,183,267,0,0,27
16,9,18,5,17,2475,AA,LAX,17,200,306,0,0,9,183,267,0,0,27
-5,9,18,5,20,2475,AA,LAX,17,200,306,0,0,9,183,267,0,0,27
-1,9,18,5,12,2475,AA,LAX,17,200,306,0,0,9,183,267,0,0,27
-3,9,18,5,9,2475,AA,LAX,17,200,306,0,0,9,183,267,0,0,27
