-4,1,7,3,16,2475,VX,LAX,6,-127,-49,0,0,57,117,261,0,0,21
5,1,7,3,20,2475,VX,LAX,6,-127,-49,0,0,57,117,261,0,0,21
-4,1,7,3,7,2475,VX,LAX,6,-127,-49,0,0,57,117,261,0,0,21
-2,1,7,3,9,2475,VX,LAX,6,-127,-49,0,0,57,117,261,0,0,21
-3,1,7,3,13,2475,VX,LAX,6,-127,-49,0,0,57,117,261,0,0,21
1,1,7,3,6,2475,B6,LAX,6,-127,-49,0,0,57,117,261,0,0,21
-3,1,7,3,6,2475,UA,LAX,6,-127,-49,0,0,57,117,261,0,0,21
0,1,7,3,11,2475,UA,LAX,6,-127,-49,0,0,57,117,261,0,0,21
-2,1,7,3,17,2475,UA,LAX,6,-127,-49,0,0,57,117,261,0,0,21
-3,1,7,3,9,2475,B6,LAX,6,-127,-49,0,0,57,117,261,0,0,21
2,1,7,3,10,2475,AA,LAX,6,-127,-49,0,0,57,117,261,0,0,21
26,1,7,3,18,2475,AA,LAX,6,-127,-49,0,0,57,117,261,0,0,21
29,1,7,3,19,2475,UA,LAX,6,-127,-49,0,0,57,117,261,0,0,21
-5,1,7,3,16,2475,AA,LAX,6,-127,-49,0,0,57,117,261,0,0,21
-5,1,7,3,14,2475,AA,LAX,6,-127,-49,0,0,57,117,261,0,0,21
6,1,7,3,8,2475,AA,LAX,6,-127,-49,0,0,57,117,261,0,0,21
-1,1,7,3,15,2475,B6,LAX,6,-127,-49,0,0,57,117,261,0,0,21
8,1,7,3,17,2475,AA,LAX,6,-127,-49,0,0,57,117,261,0,0,21
-2,1,7,3,8,2475,UA,LAX,6,-127,-49,0,0,57,117,261,0,0,21
37,1,7,3,19,2475,AA,LAX,6,-127,-49,0,0,57,117,261,0,0,21
-5,1,7,3,12,2475,AA,LAX,6,-127,-49,0,0,57,117,261,0,0,21
2,1,7,3,7,2475,AA,LAX,6,-127,-49,0,0,57,117,261,0,0,21
16,1,7,3,6,2475,AA,LAX,6,-127,-49,0,0,57,117,261,0,0,21
-3,1,7,3,8,2475,B6,LAX,6,-127,-49,0,0,57,117,261,0,0,21
1,1,7,3,14,2475,UA,LAX,6,-127,-49,0,0,57,117,261,0,0,21
18,1,7,3,21,2475,B6,LAX,6,-127,-49,0,0,57,117,261,0,0,21
0,1,7,3,17,2475,DL,LAX,6,-127,-49,0,0,57,117,261,0,0,21
40,1,7,3,9,2475,DL,LAX,6,-127,-49,0,0,57,117,261,0,0,21
1,1,7,3,15,2475,DL,LAX,6,-127,-49,0,0,57,117,261,0,0,21
29,1,7,3,7,2475,DL,LAX,6,-127,-49,0,0,57,117,261,0,0,21
141,1,7,3,21,2475,DL,LAX,6,-127,-49,0,0,57,117,261,0,0,21
3,1,7,3,11,2475,DL,LAX,6,-127,-49,0,0,57,117,261,0,0,21
15,1,7,3,18,2475,DL,LAX,6,-127,-49,0,0,57,117,261,0,0,21
2,1,7,3,8,2475,DL,LAX,6,-127,-49,0,0,57,117,261,0,0,21
-1,1,7,3,9,2475,AA,LAX,6,-127,-49,0,0,57,117,261,0,0,21
1,1,7,3,11,2475,AA,LAX,6,-127,-49,0,0,57,117,261,0,0,21
-5,1,7,3,18,2475,B6,LAX,6,-127,-49,0,0,57,117,261,0,0,21
6,1,7,3,11,2475,B6,LAX,6,-127,-49,0,0,57,117,261,0,0,21
154,1,7,3,20,2475,AA,LAX,6,-127,-49,0,0,57,117,261,0,0,21
12,1,19,1,9,2475,DL,LAX,2,22,56,0,0,34,100,189,0,0,12
-7,1,19,1,16,2475,VX,LAX,2,22,56,0,0,34,100,189,0,0,12
-2,1,19,1,13,2475,VX,LAX,2,22,56,0,0,34,100,189,0,0,12
-7,1,19,1,9,2475,VX,LAX,2,22,56,0,0,34,100,189,0,0,12
-6,1,19,1,7,2475,VX,LAX,2,22,56,0,0,34,100,189,0,0,12
5,1,19,1,17,2475,DL,LAX,2,22,56,0,0,34,100,189,0,0,12
-3,1,19,1,16,2475,AA,LAX,2,22,56,0,0,34,100,189,0,0,12
-3,1,19,1,19,2475,AA,LAX,2,22,56,0,0,34,100,189,0,0,12
-3,1,19,1,8,2475,AA,LAX,2,22,56,0,0,34,100,189,0,0,12
1,1,19,1,21,2475,B6,LAX,2,22,56,0,0,34,100,189,0,0,12
-3,1,19,1,20,2475,AA,LAX,2,22,56,0,0,34,100,189,0,0,12
-2,1,19,1,15,2475,B6,LAX,2,22,56,0,0,34,100,189,0,0,12
-1,1,19,1,9,2475,B6,LAX,2,22,56,0,0,34,100,189,0,0,12
-7,1,19,1,10,2475,AA,LAX,2,22,56,0,0,34,100,189,0,0,12
-8,1,19,1,11,2475,AA,LAX,2,22,56,0,0,34,100,189,0,0,12
-3,1,19,1,11,2475,B6,LAX,2,22,56,0,0,34,100,189,0,0,12
-5,1,19,1,14,2475,AA,LAX,2,22,56,0,0,34,100,189,0,0,12
-5,1,19,1,18,2475,AA,LAX,2,22,56,0,0,34,100,189,0,0,12
-4,1,19,1,18,2475,B6,LAX,2,22,56,0,0,34,100,189,0,0,12
0,1,19,1,8,2475,B6,LAX,2,22,56,0,0,34,100,189,0,0,12
-3,1,19,1,18,2475,DL,LAX,2,22,56,0,0,34,100,189,0,0,12
-2,1,19,1,11,2475,DL,LAX,2,22,56,0,0,34,100,189,0,0,12
-6,1,19,1,20,2475,VX,LAX,2,22,56,0,0,34,100,189,0,0,12
-7,1,19,1,6,2475,AA,LAX,2,22,56,0,0,34,100,189,0,0,12
0,1,19,1,21,2475,DL,LAX,2,22,56,0,0,34,100,189,0,0,12
70,1,19,1,6,2475,B6,LAX,2,22,56,0,0,34,100,189,0,0,12
-9,1,19,1,12,2475,AA,LAX,2,22,56,0,0,34,100,189,0,0,12
11,1,19,1,7,2475,DL,LAX,2,22,56,0,0,34,100,189,0,0,12
-6,1,19,1,9,2475,AA,LAX,2,22,56,0,0,34,100,189,0,0,12
-4,1,19,1,17,2475,AA,LAX,2,22,56,0,0,34,100,189,0,0,12
-8,1,19,1,15,2475,DL,LAX,2,22,56,0,0,34,100,189,0,0,12
-4,1,19,1,7,2475,AA,LAX,2,22,56,0,0,34,100,189,0,0,12
-3,1,19,1,11,2475,UA,LAX,2,22,56,0,0,34,100,189,0,0,12
0,1,19,1,6,2475,UA,LAX,2,22,56,0,0,34,100,189,0,0,12
-9,1,19,1,8,2475,UA,LAX,2,22,56,0,0,34,100,189,0,0,12
-7,1,19,1,17,2475,UA,LAX,2,22,56,0,0,34,100,189,0,0,12
-1,1,19,1,14,2475,UA,LAX,2,22,56,0,0,34,100,189,0,0,12
-4,1,20,2,18,2475,DL,LAX,1,0,44,0,0,26,117,150,0,0,15
19,1,20,2,20,2475,AA,LAX,1,0,44,0,0,26,117,150,0,0,15
-4,1,20,2,11,2475,B6,LAX,1,0,44,0,0,26,117,150,0,0,15
-3,1,20,2,20,2475,VX,LAX,1,0,44,0,0,26,117,150,0,0,15
-7,1,20,2,16,2475,VX,LAX,1,0,44,0,0,26,117,150,0,0,15
-3,1,20,2,13,2475,VX,LAX,1,0,44,0,0,26,117,150,0,0,15
-8,1,20,2,9,2475,VX,LAX,1,0,44,0,0,26,117,150,0,0,15
-8,1,20,2,7,2475,VX,LAX,1,0,44,0,0,26,117,150,0,0,15
0,1,20,2,12,2475,AA,LAX,1,0,44,0,0,26,117,150,0,0,15
-5,1,20,2,6,2475,B6,LAX,1,0,44,0,0,26,117,150,0,0,15
10,1,20,2,7,2475,AA,LAX,1,0,44,0,0,26,117,150,0,0,15
-7,1,20,2,11,2475,AA,LAX,1,0,44,0,0,26,117,150,0,0,15
-7,1,20,2,10,2475,AA,LAX,1,0,44,0,0,26,117,150,0,0,15
-4,1,20,2,9,2475,B6,LAX,1,0,44,0,0,26,117,150,0,0,15
-4,1,20,2,11,2475,DL,LAX,1,0,44,0,0,26,117,150,0,0,15
-3,1,20,2,21,2475,DL,LAX,1,0,44,0,0,26,117,150,0,0,15
6,1,20,2,7,2475,DL,LAX,1,0,44,0,0,26,117,150,0,0,15
-3,1,20,2,15,2475,DL,LAX,1,0,44,0,0,26,117,150,0,0,15
-6,1,20,2,9,2475,DL,LAX,1,0,44,0,0,26,117,150,0,0,15
-2,1,20,2,17,2475,DL,LAX,1,0,44,0,0,26,117,150,0,0,15
-8,1,20,2,18,2475,AA,LAX,1,0,44,0,0,26,117,150,0,0,15
-6,1,20,2,8,2475,AA,LAX,1,0,44,0,0,26,117,150,0,0,15
-6,1,20,2,14,2475,AA,LAX,1,0,44,0,0,26,117,150,0,0,15
-5,1,20,2,19,2475,AA,LAX,1,0,44,0,0,26,117,150,0,0,15
-3,1,20,2,15,2475,B6,LAX,1,0,44,0,0,26,117,150,0,0,15
-1,1,20,2,8,2475,B6,LAX,1,0,44,0,0,26,117,150,0,0,15
15,1,20,2,16,2475,AA,LAX,1,0,44,0,0,26,117,150,0,0,15
-8,1,20,2,6,2475,AA,LAX,1,0,44,0,0,26,117,150,0,0,15
-3,1,20,2,21,2475,B6,LAX,1,0,44,0,0,26,117,150,0,0,15
-7,1,20,2,9,2475,AA,LAX,1,0,44,0,0,26,117,150,0,0,15
-2,1,20,2,18,2475,B6,LAX,1,0,44,0,0,26,117,150,0,0,15
-7,1,20,2,17,2475,AA,LAX,1,0,44,0,0,26,117,150,0,0,15
-11,1,20,2,14,2475,UA,LAX,1,0,44,0,0,26,117,150,0,0,15
-1,1,20,2,6,2475,UA,LAX,1,0,44,0,0,26,117,150,0,0,15
-4,1,20,2,8,2475,UA,LAX,1,0,44,0,0,26,117,150,0,0,15
-2,1,20,2,19,2475,UA,LAX,1,0,44,0,0,26,117,150,0,0,15
-10,1,20,2,17,2475,UA,LAX,1,0,44,0,0,26,117,150,0,0,15
-11,1,20,2,11,2475,UA,LAX,1,0,44,0,0,26,117,150,0,0,15
-5,2,3,2,14,2475,UA,LAX,13,-105,-32,0,0,32,117,167,0,0,20
32,2,3,2,7,2475,VX,LAX,13,-105,-32,0,0,32,117,167,0,0,20
18,2,3,2,9,2475,VX,LAX,13,-105,-32,0,0,32,117,167,0,0,20
72,2,3,2,13,2475,VX,LAX,13,-105,-32,0,0,32,117,167,0,0,20
27,2,3,2,16,2475,VX,LAX,13,-105,-32,0,0,32,117,167,0,0,20
-9,2,3,2,20,2475,VX,LAX,13,-105,-32,0,0,32,117,167,0,0,20
-1,2,3,2,6,2475,UA,LAX,13,-105,-32,0,0,32,117,167,0,0,20
-1,2,3,2,8,2475,UA,LAX,13,-105,-32,0,0,32,117,167,0,0,20
10,2,3,2,19,2475,UA,LAX,13,-105,-32,0,0,32,117,167,0,0,20
0,2,3,2,17,2475,UA,LAX,13,-105,-32,0,0,32,117,167,0,0,20
-1,2,3,2,11,2475,UA,LAX,13,-105,-32,0,0,32,117,167,0,0,20
174,2,3,2,11,2475,AA,LAX,13,-105,-32,0,0,32,117,167,0,0,20
-5,2,3,2,16,2475,AA,LAX,13,-105,-32,0,0,32,117,167,0,0,20
2,2,3,2,6,2475,AA,LAX,13,-105,-32,0,0,32,117,167,0,0,20
-4,2,3,2,8,2475,AA,LAX,13,-105,-32,0,0,32,117,167,0,0,20
108,2,3,2,20,2475,AA,LAX,13,-105,-32,0,0,32,117,167,0,0,20
22,2,3,2,10,2475,AA,LAX,13,-105,-32,0,0,32,117,167,0,0,20
99,2,3,2,18,2475,B6,LAX,13,-105,-32,0,0,32,117,167,0,0,20
-1,2,3,2,19,2475,AA,LAX,13,-105,-32,0,0,32,117,167,0,0,20
-3,2,3,2,18,2475,AA,LAX,13,-105,-32,0,0,32,117,167,0,0,20
15,2,3,2,18,2475,DL,LAX,13,-105,-32,0,0,32,117,167,0,0,20
1,2,3,2,14,2475,AA,LAX,13,-105,-32,0,0,32,117,167,0,0,20
57,2,3,2,11,2475,DL,LAX,13,-105,-32,0,0,32,117,167,0,0,20
93,2,3,2,21,2475,DL,LAX,13,-105,-32,0,0,32,117,167,0,0,20
6,2,3,2,8,2475,B6,LAX,13,-105,-32,0,0,32,117,167,0,0,20
68,2,3,2,7,2475,DL,LAX,13,-105,-32,0,0,32,117,167,0,0,20
71,2,3,2,6,2475,B6,LAX,13,-105,-32,0,0,32,117,167,0,0,20
13,2,3,2,15,2475,DL,LAX,13,-105,-32,0,0,32,117,167,0,0,20
21,2,3,2,11,2475,B6,LAX,13,-105,-32,0,0,32,117,167,0,0,20
-4,2,3,2,9,2475,AA,LAX,13,-105,-32,0,0,32,117,167,0,0,20
-3,2,3,2,7,2475,AA,LAX,13,-105,-32,0,0,32,117,167,0,0,20
47,2,3,2,21,2475,B6,LAX,13,-105,-32,0,0,32,117,167,0,0,20
17,2,3,2,17,2475,DL,LAX,13,-105,-32,0,0,32,117,167,0,0,20
40,2,3,2,15,2475,B6,LAX,13,-105,-32,0,0,32,117,167,0,0,20
154,2,3,2,12,2475,AA,LAX,13,-105,-32,0,0,32,117,167,0,0,20
3,2,3,2,9,2475,B6,LAX,13,-105,-32,0,0,32,117,167,0,0,20
16,2,3,2,17,2475,AA,LAX,13,-105,-32,0,0,32,117,167,0,0,20
-5,2,15,7,11,2475,UA,LAX,3,-155,-38,0,0,65,117,233,0,0,26
-2,2,15,7,14,2475,UA,LAX,3,-155,-38,0,0,65,117,233,0,0,26
-1,2,15,7,19,2475,UA,LAX,3,-155,-38,0,0,65,117,233,0,0,26
-3,2,15,7,17,2475,UA,LAX,3,-155,-38,0,0,65,117,233,0,0,26
0,2,15,7,19,2475,AA,LAX,3,-155,-38,0,0,65,117,233,0,0,26
-7,2,15,7,9,2475,B6,LAX,3,-155,-38,0,0,65,117,233,0,0,26
-4,2,15,7,16,2475,B6,LAX,3,-155,-38,0,0,65,117,233,0,0,26
-8,2,15,7,20,2475,AA,LAX,3,-155,-38,0,0,65,117,233,0,0,26
0,2,15,7,11,2475,B6,LAX,3,-155,-38,0,0,65,117,233,0,0,26
72,2,15,7,18,2475,B6,LAX,3,-155,-38,0,0,65,117,233,0,0,26
31,2,15,7,11,2475,AA,LAX,3,-155,-38,0,0,65,117,233,0,0,26
0,2,15,7,8,2475,B6,LAX,3,-155,-38,0,0,65,117,233,0,0,26
1,2,15,7,17,2475,AA,LAX,3,-155,-38,0,0,65,117,233,0,0,26
4,2,15,7,18,2475,AA,LAX,3,-155,-38,0,0,65,117,233,0,0,26
-3,2,15,7,12,2475,AA,LAX,3,-155,-38,0,0,65,117,233,0,0,26
-2,2,15,7,6,2475,B6,LAX,3,-155,-38,0,0,65,117,233,0,0,26
32,2,15,7,8,2475,DL,LAX,3,-155,-38,0,0,65,117,233,0,0,26
0,2,15,7,18,2475,DL,LAX,3,-155,-38,0,0,65,117,233,0,0,26
0,2,15,7,17,2475,DL,LAX,3,-155,-38,0,0,65,117,233,0,0,26
77,2,15,7,21,2475,DL,LAX,3,-155,-38,0,0,65,117,233,0,0,26
20,2,15,7,14,2475,AA,LAX,3,-155,-38,0,0,65,117,233,0,0,26
24,2,15,7,21,2475,B6,LAX,3,-155,-38,0,0,65,117,233,0,0,26
0,2,15,7,16,2475,AA,LAX,3,-155,-38,0,0,65,117,233,0,0,26
-3,2,15,7,9,2475,AA,LAX,3,-155,-38,0,0,65,117,233,0,0,26
-1,2,15,7,9,2475,VX,LAX,3,-155,-38,0,0,65,117,233,0,0,26
103,2,15,7,20,2475,VX,LAX,3,-155,-38,0,0,65,117,233,0,0,26
22,2,15,7,16,2475,VX,LAX,3,-155,-38,0,0,65,117,233,0,0,26
2,2,15,7,13,2475,VX,LAX,3,-155,-38,0,0,65,117,233,0,0,26
-4,2,27,5,7,2475,VX,LAX,9,-77,-10,0,0,27,111,178,0,0,45
-4,2,27,5,20,2475,VX,LAX,9,-77,-10,0,0,27,111,178,0,0,45
-2,2,27,5,16,2475,VX,LAX,9,-77,-10,0,0,27,111,178,0,0,45
-7,2,27,5,13,2475,VX,LAX,9,-77,-10,0,0,27,111,178,0,0,45
-4,2,27,5,9,2475,VX,LAX,9,-77,-10,0,0,27,111,178,0,0,45
-4,2,27,5,11,2475,UA,LAX,9,-77,-10,0,0,27,111,178,0,0,45
-8,2,27,5,8,2475,UA,LAX,9,-77,-10,0,0,27,111,178,0,0,45
-3,2,27,5,6,2475,UA,LAX,9,-77,-10,0,0,27,111,178,0,0,45
4,2,27,5,14,2475,UA,LAX,9,-77,-10,0,0,27,111,178,0,0,45
0,2,27,5,19,2475,UA,LAX,9,-77,-10,0,0,27,111,178,0,0,45
1,2,27,5,17,2475,UA,LAX,9,-77,-10,0,0,27,111,178,0,0,45
-3,2,27,5,18,2475,AA,LAX,9,-77,-10,0,0,27,111,178,0,0,45
-9,2,27,5,11,2475,B6,LAX,9,-77,-10,0,0,27,111,178,0,0,45
1,2,27,5,8,2475,DL,LAX,9,-77,-10,0,0,27,111,178,0,0,45
-3,2,27,5,9,2475,B6,LAX,9,-77,-10,0,0,27,111,178,0,0,45
-1,2,27,5,14,2475,AA,LAX,9,-77,-10,0,0,27,111,178,0,0,45
190,2,27,5,17,2475,DL,LAX,9,-77,-10,0,0,27,111,178,0,0,45
110,2,27,5,19,2475,AA,LAX,9,-77,-10,0,0,27,111,178,0,0,45
-1,2,27,5,7,2475,AA,LAX,9,-77,-10,0,0,27,111,178,0,0,45
27,2,27,5,6,2475,AA,LAX,9,-77,-10,0,0,27,111,178,0,0,45
-4,2,27,5,8,2475,B6,LAX,9,-77,-10,0,0,27,111,178,0,0,45
-5,2,27,5,11,2475,AA,LAX,9,-77,-10,0,0,27,111,178,0,0,45
0,2,27,5,18,2475,DL,LAX,9,-77,-10,0,0,27,111,178,0,0,45
53,2,27,5,21,2475,DL,LAX,9,-77,-10,0,0,27,111,178,0,0,45
-9,2,27,5,10,2475,AA,LAX,9,-77,-10,0,0,27,111,178,0,0,45
-4,2,27,5,9,2475,AA,LAX,9,-77,-10,0,0,27,111,178,0,0,45
-3,2,27,5,16,2475,B6,LAX,9,-77,-10,0,0,27,111,178,0,0,45
-3,2,27,5,7,2475,DL,LAX,9,-77,-10,0,0,27,111,178,0,0,45
-2,2,27,5,16,2475,AA,LAX,9,-77,-10,0,0,27,111,178,0,0,45
-3,2,27,5,11,2475,DL,LAX,9,-77,-10,0,0,27,111,178,0,0,45
9,2,27,5,9,2475,DL,LAX,9,-77,-10,0,0,27,111,178,0,0,45
23,2,27,5,21,2475,B6,LAX,9,-77,-10,0,0,27,111,178,0,0,45
-7,2,27,5,18,2475,B6,LAX,9,-77,-10,0,0,27,111,178,0,0,45
-1,2,27,5,17,2475,AA,LAX,9,-77,-10,0,0,27,111,178,0,0,45
-9,2,27,5,8,2475,AA,LAX,9,-77,-10,0,0,27,111,178,0,0,45
-5,2,27,5,20,2475,AA,LAX,9,-77,-10,0,0,27,111,178,0,0,45
361,2,27,5,12,2475,AA,LAX,9,-77,-10,0,0,27,111,178,0,0,45
11,2,27,5,15,2475,DL,LAX,9,-77,-10,0,0,27,111,178,0,0,45
-5,2,27,5,6,2475,B6,LAX,9,-77,-10,0,0,27,111,178,0,0,45
-3,3,11,3,20,2475,VX,LAX,21,67,150,3,0,31,144,217,0,0,19
-1,3,11,3,16,2475,VX,LAX,21,67,150,3,0,31,144,217,0,0,19
-3,3,11,3,8,2475,UA,LAX,21,67,150,3,0,31,144,217,0,0,19
42,3,11,3,19,2475,UA,LAX,21,67,150,3,0,31,144,217,0,0,19
168,3,11,3,13,2475,VX,LAX,21,67,150,3,0,31,144,217,0,0,19
-1,3,11,3,9,2475,VX,LAX,21,67,150,3,0,31,144,217,0,0,19
-1,3,11,3,11,2475,UA,LAX,21,67,150,3,0,31,144,217,0,0,19
-4,3,11,3,7,2475,VX,LAX,21,67,150,3,0,31,144,217,0,0,19
-2,3,11,3,14,2475,UA,LAX,21,67,150,3,0,31,144,217,0,0,19
-4,3,11,3,17,2475,UA,LAX,21,67,150,3,0,31,144,217,0,0,19
-1,3,11,3,19,2475,AA,LAX,21,67,150,3,0,31,144,217,0,0,19
-6,3,11,3,8,2475,AA,LAX,21,67,150,3,0,31,144,217,0,0,19
-6,3,11,3,7,2475,DL,LAX,21,67,150,3,0,31,144,217,0,0,19
-2,3,11,3,21,2475,DL,LAX,21,67,150,3,0,31,144,217,0,0,19
23,3,11,3,17,2475,DL,LAX,21,67,150,3,0,31,144,217,0,0,19
-1,3,11,3,18,2475,DL,LAX,21,67,150,3,0,31,144,217,0,0,19
11,3,11,3,15,2475,DL,LAX,21,67,150,3,0,31,144,217,0,0,19
19,3,11,3,8,2475,DL,LAX,21,67,150,3,0,31,144,217,0,0,19
0,3,11,3,11,2475,B6,LAX,21,67,150,3,0,31,144,217,0,0,19
-6,3,11,3,18,2475,AA,LAX,21,67,150,3,0,31,144,217,0,0,19
-5,3,11,3,6,2475,B6,LAX,21,67,150,3,0,31,144,217,0,0,19
1,3,11,3,12,2475,AA,LAX,21,67,150,3,0,31,144,217,0,0,19
-5,3,11,3,18,2475,B6,LAX,21,67,150,3,0,31,144,217,0,0,19
-5,3,11,3,8,2475,B6,LAX,21,67,150,3,0,31,144,217,0,0,19
3,3,11,3,21,2475,B6,LAX,21,67,150,3,0,31,144,217,0,0,19
41,3,11,3,16,2475,AA,LAX,21,67,150,3,0,31,144,217,0,0,19
-3,3,11,3,9,2475,B6,LAX,21,67,150,3,0,31,144,217,0,0,19
-5,3,11,3,9,2475,AA,LAX,21,67,150,3,0,31,144,217,0,0,19
-6,3,11,3,21,2475,AA,LAX,21,67,150,3,0,31,144,217,0,0,19
-5,3,11,3,6,2475,AA,LAX,21,67,150,3,0,31,144,217,0,0,19
-4,3,11,3,10,2475,AA,LAX,21,67,150,3,0,31,144,217,0,0,19
-6,3,11,3,7,2475,AA,LAX,21,67,150,3,0,31,144,217,0,0,19
2,3,11,3,11,2475,AA,LAX,21,67,150,3,0,31,144,217,0,0,19
-10,3,11,3,17,2475,AA,LAX,21,67,150,3,0,31,144,217,0,0,19
4,3,11,3,16,2475,B6,LAX,21,67,150,3,0,31,144,217,0,0,19
23,3,11,3,9,2475,DL,LAX,21,67,150,3,0,31,144,217,0,0,19
-3,3,11,3,12,2475,DL,LAX,21,67,150,3,0,31,144,217,0,0,19
76,3,11,3,14,2475,AA,LAX,21,67,150,3,0,31,144,217,0,0,19
-6,3,23,1,11,2475,UA,LAX,33,-49,33,0,0,30,128,200,0,0,42
-6,3,23,1,17,2475,UA,LAX,33,-49,33,0,0,30,128,200,0,0,42
6,3,23,1,19,2475,UA,LAX,33,-49,33,0,0,30,128,200,0,0,42
1,3,23,1,6,2475,UA,LAX,33,-49,33,0,0,30,128,200,0,0,42
-10,3,23,1,14,2475,UA,LAX,33,-49,33,0,0,30,128,200,0,0,42
-5,3,23,1,8,2475,UA,LAX,33,-49,33,0,0,30,128,200,0,0,42
-7,3,23,1,14,2475,AA,LAX,33,-49,33,0,0,30,128,200,0,0,42
-7,3,23,1,11,2475,B6,LAX,33,-49,33,0,0,30,128,200,0,0,42
-1,3,23,1,17,2475,AA,LAX,33,-49,33,0,0,30,128,200,0,0,42
5,3,23,1,9,2475,AA,LAX,33,-49,33,0,0,30,128,200,0,0,42
-2,3,23,1,8,2475,B6,LAX,33,-49,33,0,0,30,128,200,0,0,42
-10,3,23,1,12,2475,AA,LAX,33,-49,33,0,0,30,128,200,0,0,42
0,3,23,1,10,2475,AA,LAX,33,-49,33,0,0,30,128,200,0,0,42
-6,3,23,1,7,2475,AA,LAX,33,-49,33,0,0,30,128,200,0,0,42
173,3,23,1,6,2475,B6,LAX,33,-49,33,0,0,30,128,200,0,0,42
22,3,23,1,9,2475,B6,LAX,33,-49,33,0,0,30,128,200,0,0,42
-6,3,23,1,11,2475,AA,LAX,33,-49,33,0,0,30,128,200,0,0,42
-6,3,23,1,19,2475,AA,LAX,33,-49,33,0,0,30,128,200,0,0,42
-5,3,23,1,18,2475,AA,LAX,33,-49,33,0,0,30,128,200,0,0,42
-5,3,23,1,18,2475,B6,LAX,33,-49,33,0,0,30,128,200,0,0,42
-9,3,23,1,8,2475,AA,LAX,33,-49,33,0,0,30,128,200,0,0,42
-4,3,23,1,16,2475,B6,LAX,33,-49,33,0,0,30,128,200,0,0,42
-9,3,23,1,16,2475,AA,LAX,33,-49,33,0,0,30,128,200,0,0,42
-3,3,23,1,21,2475,AA,LAX,33,-49,33,0,0,30,128,200,0,0,42
-3,3,23,1,21,2475,B6,LAX,33,-49,33,0,0,30,128,200,0,0,42
-5,3,23,1,6,2475,AA,LAX,33,-49,33,0,0,30,128,200,0,0,42
-7,3,23,1,13,2475,VX,LAX,33,-49,33,0,0,30,128,200,0,0,42
67,3,23,1,20,2475,VX,LAX,33,-49,33,0,0,30,128,200,0,0,42
-3,3,23,1,16,2475,VX,LAX,33,-49,33,0,0,30,128,200,0,0,42
-2,3,23,1,9,2475,VX,LAX,33,-49,33,0,0,30,128,200,0,0,42
-2,3,23,1,7,2475,VX,LAX,33,-49,33,0,0,30,128,200,0,0,42
17,3,23,1,9,2475,DL,LAX,33,-49,33,0,0,30,128,200,0,0,42
10,3,23,1,12,2475,DL,LAX,33,-49,33,0,0,30,128,200,0,0,42
29,3,23,1,7,2475,DL,LAX,33,-49,33,0,0,30,128,200,0,0,42
19,3,23,1,21,2475,DL,LAX,33,-49,33,0,0,30,128,200,0,0,42
0,3,23,1,17,2475,DL,LAX,33,-49,33,0,0,30,128,200,0,0,42
-4,3,23,1,18,2475,DL,LAX,33,-49,33,0,0,30,128,200,0,0,42
-2,3,23,1,15,2475,DL,LAX,33,-49,33,0,0,30,128,200,0,0,42
-10,4,6,1,9,2475,VX,LAX,46,56,172,0,0,19,122,172,0,0,43
-10,4,6,1,14,2475,UA,LAX,46,56,172,0,0,19,122,172,0,0,43
1,4,6,1,18,2475,DL,LAX,46,56,172,0,0,19,122,172,0,0,43
-2,4,6,1,9,2475,DL,LAX,46,56,172,0,0,19,122,172,0,0,43
8,4,6,1,13,2475,VX,LAX,46,56,172,0,0,19,122,172,0,0,43
-5,4,6,1,8,2475,DL,LAX,46,56,172,0,0,19,122,172,0,0,43
-4,4,6,1,16,2475,B6,LAX,46,56,172,0,0,19,122,172,0,0,43
3,4,6,1,15,2475,DL,LAX,46,56,172,0,0,19,122,172,0,0,43
-5,4,6,1,6,2475,B6,LAX,46,56,172,0,0,19,122,172,0,0,43
-8,4,6,1,12,2475,B6,LAX,46,56,172,0,0,19,122,172,0,0,43
13,4,6,1,16,2475,VX,LAX,46,56,172,0,0,19,122,172,0,0,43
-7,4,6,1,20,2475,VX,LAX,46,56,172,0,0,19,122,172,0,0,43
-7,4,6,1,11,2475,B6,LAX,46,56,172,0,0,19,122,172,0,0,43
0,4,6,1,19,2475,UA,LAX,46,56,172,0,0,19,122,172,0,0,43
13,4,6,1,9,2475,B6,LAX,46,56,172,0,0,19,122,172,0,0,43
-6,4,6,1,7,2475,VX,LAX,46,56,172,0,0,19,122,172,0,0,43
-3,4,6,1,6,2475,UA,LAX,46,56,172,0,0,19,122,172,0,0,43
3,4,6,1,17,2475,DL,LAX,46,56,172,0,0,19,122,172,0,0,43
0,4,6,1,7,2475,DL,LAX,46,56,172,0,0,19,122,172,0,0,43
15,4,6,1,11,2475,DL,LAX,46,56,172,0,0,19,122,172,0,0,43
4,4,6,1,18,2475,B6,LAX,46,56,172,0,0,19,122,172,0,0,43
-11,4,6,1,8,2475,UA,LAX,46,56,172,0,0,19,122,172,0,0,43
2,4,6,1,11,2475,UA,LAX,46,56,172,0,0,19,122,172,0,0,43
-4,4,6,1,17,2475,UA,LAX,46,56,172,0,0,19,122,172,0,0,43
-4,4,6,1,21,2475,B6,LAX,46,56,172,0,0,19,122,172,0,0,43
-6,4,6,1,21,2475,AA,LAX,46,56,172,0,0,19,122,172,0,0,43
7,4,6,1,12,2475,AA,LAX,46,56,172,0,0,19,122,172,0,0,43
-6,4,6,1,10,2475,AA,LAX,46,56,172,0,0,19,122,172,0,0,43
0,4,6,1,19,2475,AA,LAX,46,56,172,0,0,19,122,172,0,0,43
-2,4,6,1,7,2475,AA,LAX,46,56,172,0,0,19,122,172,0,0,43
-6,4,6,1,11,2475,AA,LAX,46,56,172,0,0,19,122,172,0,0,43
-5,4,6,1,15,2475,AA,LAX,46,56,172,0,0,19,122,172,0,0,43
-2,4,6,1,18,2475,AA,LAX,46,56,172,0,0,19,122,172,0,0,43
-1,4,6,1,17,2475,AA,LAX,46,56,172,0,0,19,122,172,0,0,43
-3,4,6,1,8,2475,AA,LAX,46,56,172,0,0,19,122,172,0,0,43
-2,4,6,1,16,2475,AA,LAX,46,56,172,0,0,19,122,172,0,0,43
-8,4,6,1,6,2475,AA,LAX,46,56,172,0,0,19,122,172,0,0,43
-13,4,6,1,9,2475,AA,LAX,46,56,172,0,0,19,122,172,0,0,43
-5,4,18,6,14,2475,UA,LAX,34,150,267,0,0,19,128,222,0,0,33
-9,4,18,6,17,2475,UA,LAX,34,150,267,0,0,19,128,222,0,0,33
-11,4,18,6,11,2475,UA,LAX,34,150,267,0,0,19,128,222,0,0,33
-1,4,18,6,6,2475,UA,LAX,34,150,267,0,0,19,128,222,0,0,33
-4,4,18,6,8,2475,UA,LAX,34,150,267,0,0,19,128,222,0,0,33
-8,4,18,6,15,2475,AA,LAX,34,150,267,0,0,19,128,222,0,0,33
-5,4,18,6,10,2475,AA,LAX,34,150,267,0,0,19,128,222,0,0,33
-8,4,18,6,9,2475,AA,LAX,34,150,267,0,0,19,128,222,0,0,33
-7,4,18,6,17,2475,AA,LAX,34,150,267,0,0,19,128,222,0,0,33
9,4,18,6,18,2475,AA,LAX,34,150,267,0,0,19,128,222,0,0,33
22,4,18,6,21,2475,AA,LAX,34,150,267,0,0,19,128,222,0,0,33
0,4,18,6,16,2475,AA,LAX,34,150,267,0,0,19,128,222,0,0,33
-6,4,18,6,19,2475,AA,LAX,34,150,267,0,0,19,128,222,0,0,33
-10,4,18,6,8,2475,AA,LAX,34,150,267,0,0,19,128,222,0,0,33
-8,4,18,6,11,2475,AA,LAX,34,150,267,0,0,19,128,222,0,0,33
-5,4,18,6,12,2475,AA,LAX,34,150,267,0,0,19,128,222,0,0,33
-2,4,18,6,18,2475,B6,LAX,34,150,267,0,0,19,128,222,0,0,33
-4,4,18,6,16,2475,B6,LAX,34,150,267,0,0,19,128,222,0,0,33
-3,4,18,6,6,2475,B6,LAX,34,150,267,0,0,19,128,222,0,0,33
-3,4,18,6,9,2475,VX,LAX,34,150,267,0,0,19,128,222,0,0,33
-3,4,18,6,13,2475,VX,LAX,34,150,267,0,0,19,128,222,0,0,33
5,4,18,6,13,2475,B6,LAX,34,150,267,0,0,19,128,222,0,0,33
155,4,18,6,16,2475,VX,LAX,34,150,267,0,0,19,128,222,0,0,33
-4,4,18,6,9,2475,B6,LAX,34,150,267,0,0,19,128,222,0,0,33
0,4,18,6,11,2475,B6,LAX,34,150,267,0,0,19,128,222,0,0,33
-3,4,18,6,7,2475,VX,LAX,34,150,267,0,0,19,128,222,0,0,33
-4,4,18,6,18,2475,DL,LAX,34,150,267,0,0,19,128,222,0,0,33
-2,4,18,6,8,2475,DL,LAX,34,150,267,0,0,19,128,222,0,0,33
28,4,18,6,17,2475,DL,LAX,34,150,267,0,0,19,128,222,0,0,33
-2,4,18,6,12,2475,DL,LAX,34,150,267,0,0,19,128,222,0,0,33
-1,4,18,6,15,2475,DL,LAX,34,150,267,0,0,19,128,222,0,0,33
-1,5,2,6,14,2475,UA,LAX,20,89,233,0,0,13,139,200,0,0,37
-7,5,2,6,7,2475,VX,LAX,20,89,233,0,0,13,139,200,0,0,37
-9,5,2,6,11,2475,UA,LAX,20,89,233,0,0,13,139,200,0,0,37
10,5,2,6,20,2475,VX,LAX,20,89,233,0,0,13,139,200,0,0,37
0,5,2,6,16,2475,VX,LAX,20,89,233,0,0,13,139,200,0,0,37
-10,5,2,6,13,2475,VX,LAX,20,89,233,0,0,13,139,200,0,0,37
88,5,2,6,9,2475,VX,LAX,20,89,233,0,0,13,139,200,0,0,37
-4,5,2,6,6,2475,UA,LAX,20,89,233,0,0,13,139,200,0,0,37
-7,5,2,6,8,2475,UA,LAX,20,89,233,0,0,13,139,200,0,0,37
-5,5,2,6,17,2475,UA,LAX,20,89,233,0,0,13,139,200,0,0,37
-5,5,2,6,11,2475,B6,LAX,20,89,233,0,0,13,139,200,0,0,37
-6,5,2,6,9,2475,AA,LAX,20,89,233,0,0,13,139,200,0,0,37
-4,5,2,6,11,2475,AA,LAX,20,89,233,0,0,13,139,200,0,0,37
-1,5,2,6,8,2475,AA,LAX,20,89,233,0,0,13,139,200,0,0,37
-3,5,2,6,21,2475,AA,LAX,20,89,233,0,0,13,139,200,0,0,37
-7,5,2,6,19,2475,AA,LAX,20,89,233,0,0,13,139,200,0,0,37
-2,5,2,6,6,2475,B6,LAX,20,89,233,0,0,13,139,200,0,0,37
-4,5,2,6,17,2475,AA,LAX,20,89,233,0,0,13,139,200,0,0,37
-2,5,2,6,12,2475,AA,LAX,20,89,233,0,0,13,139,200,0,0,37
4,5,2,6,18,2475,DL,LAX,20,89,233,0,0,13,139,200,0,0,37
-1,5,2,6,8,2475,DL,LAX,20,89,233,0,0,13,139,200,0,0,37
101,5,2,6,17,2475,DL,LAX,20,89,233,0,0,13,139,200,0,0,37
-4,5,2,6,12,2475,DL,LAX,20,89,233,0,0,13,139,200,0,0,37
-1,5,2,6,15,2475,DL,LAX,20,89,233,0,0,13,139,200,0,0,37
-9,5,2,6,15,2475,AA,LAX,20,89,233,0,0,13,139,200,0,0,37
-8,5,2,6,10,2475,AA,LAX,20,89,233,0,0,13,139,200,0,0,37
-8,5,2,6,9,2475,B6,LAX,20,89,233,0,0,13,139,200,0,0,37
-8,5,2,6,18,2475,AA,LAX,20,89,233,0,0,13,139,200,0,0,37
-4,5,2,6,8,2475,B6,LAX,20,89,233,0,0,13,139,200,0,0,37
-5,5,2,6,16,2475,B6,LAX,20,89,233,0,0,13,139,200,0,0,37
-5,5,2,6,16,2475,AA,LAX,20,89,233,0,0,13,139,200,0,0,37
68,5,2,6,18,2475,B6,LAX,20,89,233,0,0,13,139,200,0,0,37
-10,5,2,6,13,2475,B6,LAX,20,89,233,0,0,13,139,200,0,0,37
5,5,14,4,17,2475,UA,LAX,8,100,228,0,0,17,122,178,48,0,31
-5,5,14,4,11,2475,UA,LAX,8,100,228,0,0,17,122,178,48,0,31
140,5,14,4,14,2475,UA,LAX,8,100,228,0,0,17,122,178,48,0,31
-2,5,14,4,8,2475,UA,LAX,8,100,228,0,0,17,122,178,48,0,31
-7,5,14,4,19,2475,UA,LAX,8,100,228,0,0,17,122,178,48,0,31
-6,5,14,4,6,2475,UA,LAX,8,100,228,0,0,17,122,178,48,0,31
-7,5,14,4,12,2475,AA,LAX,8,100,228,0,0,17,122,178,48,0,31
-6,5,14,4,8,2475,B6,LAX,8,100,228,0,0,17,122,178,48,0,31
-2,5,14,4,7,2475,AA,LAX,8,100,228,0,0,17,122,178,48,0,31
-3,5,14,4,9,2475,DL,LAX,8,100,228,0,0,17,122,178,48,0,31
0,5,14,4,15,2475,DL,LAX,8,100,228,0,0,17,122,178,48,0,31
-6,5,14,4,21,2475,AA,LAX,8,100,228,0,0,17,122,178,48,0,31
-2,5,14,4,18,2475,AA,LAX,8,100,228,0,0,17,122,178,48,0,31
-4,5,14,4,15,2475,AA,LAX,8,100,228,0,0,17,122,178,48,0,31
2,5,14,4,11,2475,DL,LAX,8,100,228,0,0,17,122,178,48,0,31
-4,5,14,4,16,2475,B6,LAX,8,100,228,0,0,17,122,178,48,0,31
11,5,14,4,7,2475,DL,LAX,8,100,228,0,0,17,122,178,48,0,31
-3,5,14,4,18,2475,B6,LAX,8,100,228,0,0,17,122,178,48,0,31
-1,5,14,4,21,2475,DL,LAX,8,100,228,0,0,17,122,178,48,0,31
-3,5,14,4,17,2475,AA,LAX,8,100,228,0,0,17,122,178,48,0,31
11,5,14,4,17,2475,DL,LAX,8,100,228,0,0,17,122,178,48,0,31
-6,5,14,4,9,2475,AA,LAX,8,100,228,0,0,17,122,178,48,0,31
0,5,14,4,21,2475,B6,LAX,8,100,228,0,0,17,122,178,48,0,31
-3,5,14,4,16,2475,AA,LAX,8,100,228,0,0,17,122,178,48,0,31
-4,5,14,4,10,2475,AA,LAX,8,100,228,0,0,17,122,178,48,0,31
16,5,14,4,18,2475,DL,LAX,8,100,228,0,0,17,122,178,48,0,31
-4,5,14,4,11,2475,AA,LAX,8,100,228,0,0,17,122,178,48,0,31
-3,5,14,4,6,2475,B6,LAX,8,100,228,0,0,17,122,178,48,0,31
-7,5,14,4,8,2475,AA,LAX,8,100,228,0,0,17,122,178,48,0,31
-2,5,14,4,11,2475,B6,LAX,8,100,228,0,0,17,122,178,48,0,31
-4,5,14,4,19,2475,AA,LAX,8,100,228,0,0,17,122,178,48,0,31
-3,5,14,4,13,2475,B6,LAX,8,100,228,0,0,17,122,178,48,0,31
0,5,14,4,6,2475,AA,LAX,8,100,228,0,0,17,122,178,48,0,31
-3,5,14,4,9,2475,B6,LAX,8,100,228,0,0,17,122,178,48,0,31
-6,5,14,4,8,2475,DL,LAX,8,100,228,0,0,17,122,178,48,0,31
-5,5,14,4,9,2475,VX,LAX,8,100,228,0,0,17,122,178,48,0,31
-8,5,14,4,13,2475,VX,LAX,8,100,228,0,0,17,122,178,48,0,31
-1,5,14,4,20,2475,VX,LAX,8,100,228,0,0,17,122,178,48,0,31
0,5,14,4,16,2475,VX,LAX,8,100,228,0,0,17,122,178,48,0,31
0,5,14,4,7,2475,VX,LAX,8,100,228,0,0,17,122,178,48,0,31
-2,5,26,2,8,2475,AA,LAX,0,194,311,0,0,23,144,189,0,0,36
10,5,26,2,16,2475,AA,LAX,0,194,311,0,0,23,144,189,0,0,36
2,5,26,2,18,2475,DL,LAX,0,194,311,0,0,23,144,189,0,0,36
-4,5,26,2,6,2475,B6,LAX,0,194,311,0,0,23,144,189,0,0,36
-4,5,26,2,13,2475,B6,LAX,0,194,311,0,0,23,144,189,0,0,36
-6,5,26,2,19,2475,AA,LAX,0,194,311,0,0,23,144,189,0,0,36
-3,5,26,2,9,2475,DL,LAX,0,194,311,0,0,23,144,189,0,0,36
6,5,26,2,15,2475,DL,LAX,0,194,311,0,0,23,144,189,0,0,36
0,5,26,2,8,2475,DL,LAX,0,194,311,0,0,23,144,189,0,0,36
9,5,26,2,21,2475,B6,LAX,0,194,311,0,0,23,144,189,0,0,36
-6,5,26,2,10,2475,AA,LAX,0,194,311,0,0,23,144,189,0,0,36
34,5,26,2,11,2475,B6,LAX,0,194,311,0,0,23,144,189,0,0,36
-9,5,26,2,9,2475,AA,LAX,0,194,311,0,0,23,144,189,0,0,36
-6,5,26,2,16,2475,B6,LAX,0,194,311,0,0,23,144,189,0,0,36
18,5,26,2,18,2475,AA,LAX,0,194,311,0,0,23,144,189,0,0,36
-4,5,26,2,21,2475,AA,LAX,0,194,311,0,0,23,144,189,0,0,36
0,5,26,2,17,2475,DL,LAX,0,194,311,0,0,23,144,189,0,0,36
46,5,26,2,12,2475,AA,LAX,0,194,311,0,0,23,144,189,0,0,36
-5,5,26,2,11,2475,DL,LAX,0,194,311,0,0,23,144,189,0,0,36
-6,5,26,2,9,2475,B6,LAX,0,194,311,0,0,23,144,189,0,0,36
-5,5,26,2,15,2475,AA,LAX,0,194,311,0,0,23,144,189,0,0,36
-5,5,26,2,8,2475,B6,LAX,0,194,311,0,0,23,144,189,0,0,36
-6,5,26,2,7,2475,AA,LAX,0,194,311,0,0,23,144,189,0,0,36
-6,5,26,2,11,2475,AA,LAX,0,194,311,0,0,23,144,189,0,0,36
-5,5,26,2,7,2475,DL,LAX,0,194,311,0,0,23,144,189,0,0,36
0,5,26,2,18,2475,B6,LAX,0,194,311,0,0,23,144,189,0,0,36
-4,5,26,2,17,2475,AA,LAX,0,194,311,0,0,23,144,189,0,0,36
13,5,26,2,21,2475,DL,LAX,0,194,311,0,0,23,144,189,0,0,36
-2,5,26,2,13,2475,VX,LAX,0,194,311,0,0,23,144,189,0,0,36
-1,5,26,2,7,2475,VX,LAX,0,194,311,0,0,23,144,189,0,0,36
-5,5,26,2,9,2475,VX,LAX,0,194,311,0,0,23,144,189,0,0,36
-7,5,26,2,20,2475,VX,LAX,0,194,311,0,0,23,144,189,0,0,36
13,5,26,2,16,2475,VX,LAX,0,194,311,0,0,23,144,189,0,0,36
22,5,26,2,17,2475,UA,LAX,0,194,311,0,0,23,144,189,0,0,36
8,5,26,2,6,2475,UA,LAX,0,194,311,0,0,23,144,189,0,0,36
-7,5,26,2,8,2475,UA,LAX,0,194,311,0,0,23,144,189,0,0,36
-7,5,26,2,19,2475,UA,LAX,0,194,311,0,0,23,144,189,0,0,36
3,5,26,2,14,2475,UA,LAX,0,194,311,0,0,23,144,189,0,0,36
-8,5,26,2,11,2475,UA,LAX,0,194,311,0,0,23,144,189,0,0,36
-8,6,9,2,9,2475,AA,LAX,14,200,283,3,0,22,156,272,3,0,40
-6,6,9,2,11,2475,AA,LAX,14,200,283,3,0,22,156,272,3,0,40
-6,6,9,2,7,2475,AA,LAX,14,200,283,3,0,22,156,272,3,0,40
-9,6,9,2,12,2475,AA,LAX,14,200,283,3,0,22,156,272,3,0,40
-8,6,9,2,9,2475,AA,LAX,14,200,283,3,0,22,156,272,3,0,40
-6,6,9,2,11,2475,AA,LAX,14,200,283,3,0,22,156,272,3,0,40
-6,6,9,2,7,2475,AA,LAX,14,200,283,3,0,22,156,272,3,0,40
-9,6,9,2,12,2475,AA,LAX,14,200,283,3,0,22,156,272,3,0,40
0,6,10,3,9,2475,AA,LAX,15,183,278,0,0,14,156,211,0,0,38
0,6,10,3,9,2475,AA,LAX,15,183,278,0,0,14,156,211,0,0,38
-5,6,10,3,7,2475,AA,LAX,15,183,278,0,0,14,156,211,0,0,38
-7,6,10,3,12,2475,AA,LAX,15,183,278,0,0,14,156,211,0,0,38
-2,6,10,3,11,2475,AA,LAX,15,183,278,0,0,14,156,211,0,0,38
-2,6,10,3,11,2475,AA,LAX,15,183,278,0,0,14,156,211,0,0,38
-7,6,10,3,12,2475,AA,LAX,15,183,278,0,0,14,156,211,0,0,38
-5,6,10,3,7,2475,AA,LAX,15,183,278,0,0,14,156,211,0,0,38
-5,6,22,1,12,2475,AA,LAX,12,211,306,0,0,22,172,233,0,0,33
-5,6,22,1,12,2475,AA,LAX,12,211,306,0,0,22,172,233,0,0,33
-5,6,22,1,7,2475,AA,LAX,12,211,306,0,0,22,172,233,0,0,33
-10,6,22,1,9,2475,AA,LAX,12,211,306,0,0,22,172,233,0,0,33
-10,6,22,1,9,2475,AA,LAX,12,211,306,0,0,22,172,233,0,0,33
-4,6,22,1,11,2475,AA,LAX,12,211,306,0,0,22,172,233,0,0,33
-4,6,22,1,11,2475,AA,LAX,12,211,306,0,0,22,172,233,0,0,33
-5,6,22,1,7,2475,AA,LAX,12,211,306,0,0,22,172,233,0,0,33
-4,7,5,7,17,2475,AA,LAX,1,200,283,0,0,7,172,211,0,0,35
6,7,5,7,16,2475,AA,LAX,1,200,283,0,0,7,172,211,0,0,35
-6,7,5,7,9,2475,AA,LAX,1,200,283,0,0,7,172,211,0,0,35
-6,7,5,7,6,2475,AA,LAX,1,200,283,0,0,7,172,211,0,0,35
-4,7,5,7,11,2475,AA,LAX,1,200,283,0,0,7,172,211,0,0,35
-5,7,5,7,19,2475,AA,LAX,1,200,283,0,0,7,172,211,0,0,35
-5,7,5,7,15,2475,AA,LAX,1,200,283,0,0,7,172,211,0,0,35
-5,7,5,7,7,2475,AA,LAX,1,200,283,0,0,7,172,211,0,0,35
-6,7,5,7,10,2475,AA,LAX,1,200,283,0,0,7,172,211,0,0,35
-3,7,5,7,21,2475,AA,LAX,1,200,283,0,0,7,172,211,0,0,35
-8,7,5,7,18,2475,AA,LAX,1,200,283,0,0,7,172,211,0,0,35
-4,7,5,7,12,2475,AA,LAX,1,200,283,0,0,7,172,211,0,0,35
-8,7,5,7,17,2475,UA,LAX,1,200,283,0,0,7,172,211,0,0,35
0,7,5,7,11,2475,UA,LAX,1,200,283,0,0,7,172,211,0,0,35
15,7,5,7,20,2475,DL,LAX,1,200,283,0,0,7,172,211,0,0,35
-3,7,5,7,16,2475,B6,LAX,1,200,283,0,0,7,172,211,0,0,35
-8,7,5,7,18,2475,B6,LAX,1,200,283,0,0,7,172,211,0,0,35
-3,7,5,7,7,2475,VX,LAX,1,200,283,0,0,7,172,211,0,0,35
-4,7,5,7,9,2475,DL,LAX,1,200,283,0,0,7,172,211,0,0,35
-1,7,5,7,21,2475,B6,LAX,1,200,283,0,0,7,172,211,0,0,35
-3,7,5,7,6,2475,B6,LAX,1,200,283,0,0,7,172,211,0,0,35
0,7,5,7,8,2475,B6,LAX,1,200,283,0,0,7,172,211,0,0,35
-3,7,5,7,14,2475,UA,LAX,1,200,283,0,0,7,172,211,0,0,35
-3,7,5,7,9,2475,B6,LAX,1,200,283,0,0,7,172,211,0,0,35
0,7,5,7,15,2475,DL,LAX,1,200,283,0,0,7,172,211,0,0,35
-5,7,5,7,11,2475,B6,LAX,1,200,283,0,0,7,172,211,0,0,35
-1,7,5,7,7,2475,DL,LAX,1,200,283,0,0,7,172,211,0,0,35
0,7,5,7,12,2475,DL,LAX,1,200,283,0,0,7,172,211,0,0,35
-1,7,5,7,16,2475,DL,LAX,1,200,283,0,0,7,172,211,0,0,35
-8,7,5,7,20,2475,VX,LAX,1,200,283,0,0,7,172,211,0,0,35
-2,7,5,7,12,2475,B6,LAX,1,200,283,0,0,7,172,211,0,0,35
-2,7,5,7,8,2475,UA,LAX,1,200,283,0,0,7,172,211,0,0,35
-4,7,5,7,19,2475,UA,LAX,1,200,283,0,0,7,172,211,0,0,35
-10,7,5,7,16,2475,VX,LAX,1,200,283,0,0,7,172,211,0,0,35
26,7,5,7,8,2475,DL,LAX,1,200,283,0,0,7,172,211,0,0,35
-7,7,5,7,18,2475,DL,LAX,1,200,283,0,0,7,172,211,0,0,35
-3,7,5,7,13,2475,VX,LAX,1,200,283,0,0,7,172,211,0,0,35
-7,7,5,7,9,2475,VX,LAX,1,200,283,0,0,7,172,211,0,0,35
-2,7,17,5,16,2475,AA,LAX,13,194,272,0,0,17,178,228,0,0,38
-1,7,17,5,19,2475,AA,LAX,13,194,272,0,0,17,178,228,0,0,38
-8,7,17,5,11,2475,AA,LAX,13,194,272,0,0,17,178,228,0,0,38
-8,7,17,5,15,2475,AA,LAX,13,194,272,0,0,17,178,228,0,0,38
-4,7,17,5,12,2475,AA,LAX,13,194,272,0,0,17,178,228,0,0,38
5,7,17,5,21,2475,AA,LAX,13,194,272,0,0,17,178,228,0,0,38
-6,7,17,5,7,2475,AA,LAX,13,194,272,0,0,17,178,228,0,0,38
14,7,17,5,18,2475,AA,LAX,13,194,272,0,0,17,178,228,0,0,38
-10,7,17,5,9,2475,AA,LAX,13,194,272,0,0,17,178,228,0,0,38
0,7,17,5,17,2475,AA,LAX,13,194,272,0,0,17,178,228,0,0,38
-8,7,17,5,10,2475,AA,LAX,13,194,272,0,0,17,178,228,0,0,38
5,7,17,5,16,2475,VX,LAX,13,194,272,0,0,17,178,228,0,0,38
-6,7,17,5,13,2475,VX,LAX,13,194,272,0,0,17,178,228,0,0,38
-10,7,17,5,9,2475,VX,LAX,13,194,272,0,0,17,178,228,0,0,38
-5,7,17,5,7,2475,VX,LAX,13,194,272,0,0,17,178,228,0,0,38
-1,7,17,5,18,2475,B6,LAX,13,194,272,0,0,17,178,228,0,0,38
-5,7,17,5,15,2475,DL,LAX,13,194,272,0,0,17,178,228,0,0,38
39,7,17,5,16,2475,DL,LAX,13,194,272,0,0,17,178,228,0,0,38
-1,7,17,5,20,2475,DL,LAX,13,194,272,0,0,17,178,228,0,0,38
3,7,17,5,7,2475,DL,LAX,13,194,272,0,0,17,178,228,0,0,38
59,7,17,5,12,2475,DL,LAX,13,194,272,0,0,17,178,228,0,0,38
-5,7,17,5,9,2475,DL,LAX,13,194,272,0,0,17,178,228,0,0,38
0,7,17,5,18,2475,DL,LAX,13,194,272,0,0,17,178,228,0,0,38
-1,7,17,5,6,2475,UA,LAX,13,194,272,0,0,17,178,228,0,0,38
-3,7,17,5,8,2475,UA,LAX,13,194,272,0,0,17,178,228,0,0,38
-6,7,17,5,19,2475,UA,LAX,13,194,272,0,0,17,178,228,0,0,38
-1,7,17,5,17,2475,UA,LAX,13,194,272,0,0,17,178,228,0,0,38
0,7,17,5,6,2475,B6,LAX,13,194,272,0,0,17,178,228,0,0,38
-3,7,17,5,8,2475,B6,LAX,13,194,272,0,0,17,178,228,0,0,38
-3,7,17,5,9,2475,B6,LAX,13,194,272,0,0,17,178,228,0,0,38
-4,7,17,5,11,2475,B6,LAX,13,194,272,0,0,17,178,228,0,0,38
8,7,17,5,13,2475,B6,LAX,13,194,272,0,0,17,178,228,0,0,38
-1,7,17,5,16,2475,B6,LAX,13,194,272,0,0,17,178,228,0,0,38
-6,7,17,5,11,2475,UA,LAX,13,194,272,0,0,17,178,228,0,0,38
-12,7,17,5,14,2475,UA,LAX,13,194,272,0,0,17,178,228,0,0,38
-1,7,17,5,21,2475,B6,LAX,13,194,272,0,0,17,178,228,0,0,38
-9,7,17,5,20,2475,VX,LAX,13,194,272,0,0,17,178,228,0,0,38
9,7,29,3,15,2475,DL,LAX,25,256,356,0,0,17,183,233,0,0,38
0,7,29,3,8,2475,DL,LAX,25,256,356,0,0,17,183,233,0,0,38
-1,7,29,3,16,2475,DL,LAX,25,256,356,0,0,17,183,233,0,0,38
15,7,29,3,20,2475,DL,LAX,25,256,356,0,0,17,183,233,0,0,38
0,7,29,3,7,2475,DL,LAX,25,256,356,0,0,17,183,233,0,0,38
31,7,29,3,12,2475,DL,LAX,25,256,356,0,0,17,183,233,0,0,38
-2,7,29,3,9,2475,DL,LAX,25,256,356,0,0,17,183,233,0,0,38
10,7,29,3,18,2475,DL,LAX,25,256,356,0,0,17,183,233,0,0,38
-3,7,29,3,7,2475,AA,LAX,25,256,356,0,0,17,183,233,0,0,38
-6,7,29,3,9,2475,AA,LAX,25,256,356,0,0,17,183,233,0,0,38
-5,7,29,3,18,2475,AA,LAX,25,256,356,0,0,17,183,233,0,0,38
4,7,29,3,17,2475,AA,LAX,25,256,356,0,0,17,183,233,0,0,38
-4,7,29,3,12,2475,AA,LAX,25,256,356,0,0,17,183,233,0,0,38
-5,7,29,3,15,2475,AA,LAX,25,256,356,0,0,17,183,233,0,0,38
-3,7,29,3,11,2475,AA,LAX,25,256,356,0,0,17,183,233,0,0,38
-5,7,29,3,19,2475,AA,LAX,25,256,356,0,0,17,183,233,0,0,38
-5,7,29,3,16,2475,AA,LAX,25,256,356,0,0,17,183,233,0,0,38
-1,7,29,3,21,2475,AA,LAX,25,256,356,0,0,17,183,233,0,0,38
-8,7,29,3,10,2475,AA,LAX,25,256,356,0,0,17,183,233,0,0,38
2,7,29,3,21,2475,B6,LAX,25,256,356,0,0,17,183,233,0,0,38
1,7,29,3,12,2475,B6,LAX,25,256,356,0,0,17,183,233,0,0,38
7,7,29,3,20,2475,VX,LAX,25,256,356,0,0,17,183,233,0,0,38
0,7,29,3,18,2475,B6,LAX,25,256,356,0,0,17,183,233,0,0,38
-4,7,29,3,9,2475,B6,LAX,25,256,356,0,0,17,183,233,0,0,38
-4,7,29,3,8,2475,B6,LAX,25,256,356,0,0,17,183,233,0,0,38
0,7,29,3,6,2475,B6,LAX,25,256,356,0,0,17,183,233,0,0,38
-4,7,29,3,16,2475,VX,LAX,25,256,356,0,0,17,183,233,0,0,38
-2,7,29,3,13,2475,VX,LAX,25,256,356,0,0,17,183,233,0,0,38
-5,7,29,3,11,2475,UA,LAX,25,256,356,0,0,17,183,233,0,0,38
-5,7,29,3,6,2475,UA,LAX,25,256,356,0,0,17,183,233,0,0,38
1,7,29,3,8,2475,UA,LAX,25,256,356,0,0,17,183,233,0,0,38
8,7,29,3,19,2475,UA,LAX,25,256,356,0,0,17,183,233,0,0,38
-3,7,29,3,17,2475,UA,LAX,25,256,356,0,0,17,183,233,0,0,38
-3,7,29,3,9,2475,VX,LAX,25,256,356,0,0,17,183,233,0,0,38
-6,7,29,3,7,2475,VX,LAX,25,256,356,0,0,17,183,233,0,0,38
15,7,29,3,16,2475,B6,LAX,25,256,356,0,0,17,183,233,0,0,38
-1,7,29,3,14,2475,UA,LAX,25,256,356,0,0,17,183,233,0,0,38
-5,7,29,3,11,2475,B6,LAX,25,256,356,0,0,17,183,233,0,0,38
-3,7,30,4,6,2475,B6,LAX,26,244,306,495,0,19,194,250,0,0,39
227,7,30,4,18,2475,B6,LAX,26,244,306,495,0,19,194,250,0,0,39
-7,7,30,4,7,2475,VX,LAX,26,244,306,495,0,19,194,250,0,0,39
35,7,30,4,9,2475,VX,LAX,26,244,306,495,0,19,194,250,0,0,39
410,7,30,4,13,2475,VX,LAX,26,244,306,495,0,19,194,250,0,0,39
71,7,30,4,16,2475,VX,LAX,26,244,306,495,0,19,194,250,0,0,39
160,7,30,4,20,2475,VX,LAX,26,244,306,495,0,19,194,250,0,0,39
-1,7,30,4,16,2475,B6,LAX,26,244,306,495,0,19,194,250,0,0,39
-3,7,30,4,12,2475,B6,LAX,26,244,306,495,0,19,194,250,0,0,39
-1,7,30,4,11,2475,B6,LAX,26,244,306,495,0,19,194,250,0,0,39
3,7,30,4,9,2475,B6,LAX,26,244,306,495,0,19,194,250,0,0,39
-3,7,30,4,8,2475,B6,LAX,26,244,306,495,0,19,194,250,0,0,39
1,7,30,4,6,2475,UA,LAX,26,244,306,495,0,19,194,250,0,0,39
0,7,30,4,11,2475,UA,LAX,26,244,306,495,0,19,194,250,0,0,39
262,7,30,4,14,2475,UA,LAX,26,244,306,495,0,19,194,250,0,0,39
85,7,30,4,17,2475,UA,LAX,26,244,306,495,0,19,194,250,0,0,39
-4,7,30,4,8,2475,UA,LAX,26,244,306,495,0,19,194,250,0,0,39
27,7,30,4,21,2475,B6,LAX,26,244,306,495,0,19,194,250,0,0,39
-7,7,30,4,9,2475,AA,LAX,26,244,306,495,0,19,194,250,0,0,39
-6,7,30,4,12,2475,AA,LAX,26,244,306,495,0,19,194,250,0,0,39
283,7,30,4,21,2475,AA,LAX,26,244,306,495,0,19,194,250,0,0,39
5,7,30,4,6,2475,AA,LAX,26,244,306,495,0,19,194,250,0,0,39
-6,7,30,4,11,2475,AA,LAX,26,244,306,495,0,19,194,250,0,0,39
-6,7,30,4,10,2475,AA,LAX,26,244,306,495,0,19,194,250,0,0,39
10,7,30,4,17,2475,AA,LAX,26,244,306,495,0,19,194,250,0,0,39
18,7,30,4,19,2475,AA,LAX,26,244,306,495,0,19,194,250,0,0,39
98,7,30,4,18,2475,AA,LAX,26,244,306,495,0,19,194,250,0,0,39
-2,7,30,4,16,2475,AA,LAX,26,244,306,495,0,19,194,250,0,0,39
188,7,30,4,15,2475,AA,LAX,26,244,306,495,0,19,194,250,0,0,39
-2,7,30,4,7,2475,AA,LAX,26,244,306,495,0,19,194,250,0,0,39
-4,7,30,4,12,2475,DL,LAX,26,244,306,495,0,19,194,250,0,0,39
6,7,30,4,9,2475,DL,LAX,26,244,306,495,0,19,194,250,0,0,39
7,7,30,4,18,2475,DL,LAX,26,244,306,495,0,19,194,250,0,0,39
-4,7,30,4,7,2475,DL,LAX,26,244,306,495,0,19,194,250,0,0,39
3,7,30,4,20,2475,DL,LAX,26,244,306,495,0,19,194,250,0,0,39
1,7,30,4,16,2475,DL,LAX,26,244,306,495,0,19,194,250,0,0,39
3,7,30,4,8,2475,DL,LAX,26,244,306,495,0,19,194,250,0,0,39
264,7,30,4,15,2475,DL,LAX,26,244,306,495,0,19,194,250,0,0,39
6,8,1,6,14,2475,UA,LAX,28,239,317,0,0,20,194,239,0,0,34
-3,8,1,6,7,2475,VX,LAX,28,239,317,0,0,20,194,239,0,0,34
1,8,1,6,16,2475,VX,LAX,28,239,317,0,0,20,194,239,0,0,34
-5,8,1,6,11,2475,UA,LAX,28,239,317,0,0,20,194,239,0,0,34
12,8,1,6,20,2475,VX,LAX,28,239,317,0,0,20,194,239,0,0,34
0,8,1,6,9,2475,VX,LAX,28,239,317,0,0,20,194,239,0,0,34
-2,8,1,6,13,2475,VX,LAX,28,239,317,0,0,20,194,239,0,0,34
-1,8,1,6,6,2475,UA,LAX,28,239,317,0,0,20,194,239,0,0,34
-2,8,1,6,8,2475,UA,LAX,28,239,317,0,0,20,194,239,0,0,34
-1,8,1,6,9,2475,B6,LAX,28,239,317,0,0,20,194,239,0,0,34
0,8,1,6,8,2475,B6,LAX,28,239,317,0,0,20,194,239,0,0,34
-3,8,1,6,6,2475,B6,LAX,28,239,317,0,0,20,194,239,0,0,34
-3,8,1,6,10,2475,AA,LAX,28,239,317,0,0,20,194,239,0,0,34
-3,8,1,6,13,2475,B6,LAX,28,239,317,0,0,20,194,239,0,0,34
9,8,1,6,11,2475,B6,LAX,28,239,317,0,0,20,194,239,0,0,34
12,8,1,6,21,2475,AA,LAX,28,239,317,0,0,20,194,239,0,0,34
-3,8,1,6,11,2475,AA,LAX,28,239,317,0,0,20,194,239,0,0,34
14,8,1,6,16,2475,AA,LAX,28,239,317,0,0,20,194,239,0,0,34
-5,8,1,6,12,2475,AA,LAX,28,239,317,0,0,20,194,239,0,0,34
4,8,1,6,18,2475,AA,LAX,28,239,317,0,0,20,194,239,0,0,34
-1,8,1,6,16,2475,B6,LAX,28,239,317,0,0,20,194,239,0,0,34
-4,8,1,6,15,2475,AA,LAX,28,239,317,0,0,20,194,239,0,0,34
0,8,1,6,18,2475,B6,LAX,28,239,317,0,0,20,194,239,0,0,34
86,8,1,6,18,2475,DL,LAX,28,239,317,0,0,20,194,239,0,0,34
0,8,1,6,12,2475,DL,LAX,28,239,317,0,0,20,194,239,0,0,34
62,8,1,6,17,2475,DL,LAX,28,239,317,0,0,20,194,239,0,0,34
-1,8,1,6,8,2475,DL,LAX,28,239,317,0,0,20,194,239,0,0,34
23,8,1,6,15,2475,DL,LAX,28,239,317,0,0,20,194,239,0,0,34
-4,8,13,4,14,2475,UA,LAX,19,194,283,0,0,14,200,272,0,0,31
-6,8,13,4,13,2475,VX,LAX,19,194,283,0,0,14,200,272,0,0,31
-4,8,13,4,16,2475,VX,LAX,19,194,283,0,0,14,200,272,0,0,31
-6,8,13,4,19,2475,UA,LAX,19,194,283,0,0,14,200,272,0,0,31
-6,8,13,4,11,2475,UA,LAX,19,194,283,0,0,14,200,272,0,0,31
0,8,13,4,8,2475,UA,LAX,19,194,283,0,0,14,200,272,0,0,31
0,8,13,4,6,2475,UA,LAX,19,194,283,0,0,14,200,272,0,0,31
14,8,13,4,7,2475,VX,LAX,19,194,283,0,0,14,200,272,0,0,31
-1,8,13,4,9,2475,VX,LAX,19,194,283,0,0,14,200,272,0,0,31
-7,8,13,4,20,2475,VX,LAX,19,194,283,0,0,14,200,272,0,0,31
7,8,13,4,17,2475,UA,LAX,19,194,283,0,0,14,200,272,0,0,31
13,8,13,4,7,2475,DL,LAX,19,194,283,0,0,14,200,272,0,0,31
-7,8,13,4,9,2475,AA,LAX,19,194,283,0,0,14,200,272,0,0,31
-7,8,13,4,6,2475,AA,LAX,19,194,283,0,0,14,200,272,0,0,31
-3,8,13,4,21,2475,B6,LAX,19,194,283,0,0,14,200,272,0,0,31
-3,8,13,4,18,2475,B6,LAX,19,194,283,0,0,14,200,272,0,0,31
9,8,13,4,16,2475,B6,LAX,19,194,283,0,0,14,200,272,0,0,31
0,8,13,4,12,2475,B6,LAX,19,194,283,0,0,14,200,272,0,0,31
6,8,13,4,11,2475,B6,LAX,19,194,283,0,0,14,200,272,0,0,31
-3,8,13,4,9,2475,B6,LAX,19,194,283,0,0,14,200,272,0,0,31
-3,8,13,4,8,2475,B6,LAX,19,194,283,0,0,14,200,272,0,0,31
0,8,13,4,6,2475,B6,LAX,19,194,283,0,0,14,200,272,0,0,31
1,8,13,4,12,2475,AA,LAX,19,194,283,0,0,14,200,272,0,0,31
-3,8,13,4,16,2475,AA,LAX,19,194,283,0,0,14,200,272,0,0,31
-6,8,13,4,7,2475,AA,LAX,19,194,283,0,0,14,200,272,0,0,31
-4,8,13,4,19,2475,AA,LAX,19,194,283,0,0,14,200,272,0,0,31
91,8,13,4,15,2475,DL,LAX,19,194,283,0,0,14,200,272,0,0,31
90,8,13,4,8,2475,DL,LAX,19,194,283,0,0,14,200,272,0,0,31
-7,8,13,4,13,2475,DL,LAX,19,194,283,0,0,14,200,272,0,0,31
40,8,13,4,17,2475,DL,LAX,19,194,283,0,0,14,200,272,0,0,31
39,8,13,4,12,2475,DL,LAX,19,194,283,0,0,14,200,272,0,0,31
-5,8,13,4,9,2475,DL,LAX,19,194,283,0,0,14,200,272,0,0,31
43,8,13,4,18,2475,DL,LAX,19,194,283,0,0,14,200,272,0,0,31
-6,8,13,4,10,2475,AA,LAX,19,194,283,0,0,14,200,272,0,0,31
-4,8,13,4,11,2475,AA,LAX,19,194,283,0,0,14,200,272,0,0,31
-5,8,13,4,18,2475,AA,LAX,19,194,283,0,0,14,200,272,0,0,31
1,8,13,4,21,2475,AA,LAX,19,194,283,0,0,14,200,272,0,0,31
-3,8,13,4,15,2475,AA,LAX,19,194,283,0,0,14,200,272,0,0,31
-1,8,13,4,17,2475,AA,LAX,19,194,283,0,0,14,200,272,0,0,31
-1,8,25,2,16,2475,B6,LAX,7,228,322,0,0,17,200,283,0,0,25
9,8,25,2,12,2475,B6,LAX,7,228,322,0,0,17,200,283,0,0,25
9,8,25,2,15,2475,AA,LAX,7,228,322,0,0,17,200,283,0,0,25
132,8,25,2,10,2475,AA,LAX,7,228,322,0,0,17,200,283,0,0,25
-6,8,25,2,9,2475,AA,LAX,7,228,322,0,0,17,200,283,0,0,25
-10,8,25,2,6,2475,AA,LAX,7,228,322,0,0,17,200,283,0,0,25
-4,8,25,2,11,2475,B6,LAX,7,228,322,0,0,17,200,283,0,0,25
-5,8,25,2,9,2475,B6,LAX,7,228,322,0,0,17,200,283,0,0,25
-1,8,25,2,7,2475,AA,LAX,7,228,322,0,0,17,200,283,0,0,25
-2,8,25,2,8,2475,B6,LAX,7,228,322,0,0,17,200,283,0,0,25
-1,8,25,2,6,2475,B6,LAX,7,228,322,0,0,17,200,283,0,0,25
-3,8,25,2,17,2475,AA,LAX,7,228,322,0,0,17,200,283,0,0,25
-6,8,25,2,18,2475,AA,LAX,7,228,322,0,0,17,200,283,0,0,25
0,8,25,2,11,2475,AA,LAX,7,228,322,0,0,17,200,283,0,0,25
-2,8,25,2,21,2475,AA,LAX,7,228,322,0,0,17,200,283,0,0,25
-6,8,25,2,19,2475,AA,LAX,7,228,322,0,0,17,200,283,0,0,25
-2,8,25,2,21,2475,B6,LAX,7,228,322,0,0,17,200,283,0,0,25
67,8,25,2,12,2475,AA,LAX,7,228,322,0,0,17,200,283,0,0,25
-7,8,25,2,18,2475,B6,LAX,7,228,322,0,0,17,200,283,0,0,25
-2,8,25,2,16,2475,AA,LAX,7,228,322,0,0,17,200,283,0,0,25
-13,8,25,2,20,2475,VX,LAX,7,228,322,0,0,17,200,283,0,0,25
-1,8,25,2,8,2475,UA,LAX,7,228,322,0,0,17,200,283,0,0,25
6,8,25,2,19,2475,UA,LAX,7,228,322,0,0,17,200,283,0,0,25
-3,8,25,2,17,2475,UA,LAX,7,228,322,0,0,17,200,283,0,0,25
-4,8,25,2,14,2475,UA,LAX,7,228,322,0,0,17,200,283,0,0,25
11,8,25,2,13,2475,DL,LAX,7,228,322,0,0,17,200,283,0,0,25
-5,8,25,2,15,2475,DL,LAX,7,228,322,0,0,17,200,283,0,0,25
-5,8,25,2,8,2475,DL,LAX,7,228,322,0,0,17,200,283,0,0,25
1,8,25,2,18,2475,DL,LAX,7,228,322,0,0,17,200,283,0,0,25
50,8,25,2,20,2475,DL,LAX,7,228,322,0,0,17,200,283,0,0,25
10,8,25,2,7,2475,DL,LAX,7,228,322,0,0,17,200,283,0,0,25
4,8,25,2,12,2475,DL,LAX,7,228,322,0,0,17,200,283,0,0,25
-5,8,25,2,9,2475,DL,LAX,7,228,322,0,0,17,200,283,0,0,25
-8,8,25,2,17,2475,DL,LAX,7,228,322,0,0,17,200,283,0,0,25
-6,8,25,2,11,2475,UA,LAX,7,228,322,0,0,17,200,283,0,0,25
-2,8,25,2,7,2475,VX,LAX,7,228,322,0,0,17,200,283,0,0,25
-10,8,25,2,6,2475,UA,LAX,7,228,322,0,0,17,200,283,0,0,25
-8,8,25,2,9,2475,VX,LAX,7,228,322,0,0,17,200,283,0,0,25
9,8,25,2,13,2475,VX,LAX,7,228,322,0,0,17,200,283,0,0,25
-7,8,25,2,16,2475,VX,LAX,7,228,322,0,0,17,200,283,0,0,25
-12,9,8,2,6,2475,UA,LAX,7,244,361,0,0,22,217,294,0,0,31
-5,9,8,2,8,2475,UA,LAX,7,244,361,0,0,22,217,294,0,0,31
20,9,8,2,19,2475,UA,LAX,7,244,361,0,0,22,217,294,0,0,31
-1,9,8,2,17,2475,UA,LAX,7,244,361,0,0,22,217,294,0,0,31
-5,9,8,2,11,2475,UA,LAX,7,244,361,0,0,22,217,294,0,0,31
6,9,8,2,13,2475,B6,LAX,7,244,361,0,0,22,217,294,0,0,31
3,9,8,2,9,2475,VX,LAX,7,244,361,0,0,22,217,294,0,0,31
-4,9,8,2,9,2475,B6,LAX,7,244,361,0,0,22,217,294,0,0,31
26,9,8,2,19,2475,B6,LAX,7,244,361,0,0,22,217,294,0,0,31
-2,9,8,2,15,2475,DL,LAX,7,244,361,0,0,22,217,294,0,0,31
-6,9,8,2,14,2475,UA,LAX,7,244,361,0,0,22,217,294,0,0,31
-5,9,8,2,20,2475,B6,LAX,7,244,361,0,0,22,217,294,0,0,31
30,9,8,2,8,2475,DL,LAX,7,244,361,0,0,22,217,294,0,0,31
-1,9,8,2,13,2475,VX,LAX,7,244,361,0,0,22,217,294,0,0,31
-4,9,8,2,16,2475,VX,LAX,7,244,361,0,0,22,217,294,0,0,31
-5,9,8,2,20,2475,VX,LAX,7,244,361,0,0,22,217,294,0,0,31
1,9,8,2,17,2475,B6,LAX,7,244,361,0,0,22,217,294,0,0,31
0,9,8,2,7,2475,VX,LAX,7,244,361,0,0,22,217,294,0,0,31
5,9,8,2,17,2475,DL,LAX,7,244,361,0,0,22,217,294,0,0,31
0,9,8,2,21,2475,DL,LAX,7,244,361,0,0,22,217,294,0,0,31
3,9,8,2,14,2475,DL,LAX,7,244,361,0,0,22,217,294,0,0,31
-1,9,8,2,7,2475,B6,LAX,7,244,361,0,0,22,217,294,0,0,31
-4,9,8,2,7,2475,DL,LAX,7,244,361,0,0,22,217,294,0,0,31
27,9,8,2,12,2475,DL,LAX,7,244,361,0,0,22,217,294,0,0,31
-2,9,8,2,18,2475,DL,LAX,7,244,361,0,0,22,217,294,0,0,31
-4,9,8,2,11,2475,B6,LAX,7,244,361,0,0,22,217,294,0,0,31
-7,9,8,2,6,2475,AA,LAX,7,244,361,0,0,22,217,294,0,0,31
19,9,8,2,21,2475,AA,LAX,7,244,361,0,0,22,217,294,0,0,31
-6,9,8,2,12,2475,AA,LAX,7,244,361,0,0,22,217,294,0,0,31
-8,9,8,2,10,2475,AA,LAX,7,244,361,0,0,22,217,294,0,0,31
-4,9,8,2,11,2475,AA,LAX,7,244,361,0,0,22,217,294,0,0,31
-4,9,8,2,9,2475,AA,LAX,7,244,361,0,0,22,217,294,0,0,31
-2,9,8,2,15,2475,AA,LAX,7,244,361,0,0,22,217,294,0,0,31
-3,9,8,2,19,2475,AA,LAX,7,244,361,0,0,22,217,294,0,0,31
-3,9,8,2,17,2475,AA,LAX,7,244,361,0,0,22,217,294,0,0,31
-5,9,8,2,16,2475,AA,LAX,7,244,361,0,0,22,217,294,0,0,31
-4,9,8,2,7,2475,AA,LAX,7,244,361,0,0,22,217,294,0,0,31
75,9,8,2,18,2475,AA,LAX,7,244,361,0,0,22,217,294,0,0,31
-1,9,21,1,15,2475,DL,LAX,20,150,228,0,0,34,217,289,0,0,30
8,9,21,1,13,2475,DL,LAX,20,150,228,0,0,34,217,289,0,0,30
-2,9,21,1,9,2475,AA,LAX,20,150,228,0,0,34,217,289,0,0,30
70,9,21,1,18,2475,AA,LAX,20,150,228,0,0,34,217,289,0,0,30
-1,9,21,1,11,2475,AA,LAX,20,150,228,0,0,34,217,289,0,0,30
-4,9,21,1,8,2475,AA,LAX,20,150,228,0,0,34,217,289,0,0,30
-5,9,21,1,10,2475,AA,LAX,20,150,228,0,0,34,217,289,0,0,30
0,9,21,1,15,2475,AA,LAX,20,150,228,0,0,34,217,289,0,0,30
-3,9,21,1,16,2475,AA,LAX,20,150,228,0,0,34,217,289,0,0,30
-5,9,21,1,12,2475,AA,LAX,20,150,228,0,0,34,217,289,0,0,30
54,9,21,1,20,2475,AA,LAX,20,150,228,0,0,34,217,289,0,0,30
50,9,21,1,17,2475,AA,LAX,20,150,228,0,0,34,217,289,0,0,30
-5,9,21,1,6,2475,AA,LAX,20,150,228,0,0,34,217,289,0,0,30
-3,9,21,1,11,2475,B6,LAX,20,150,228,0,0,34,217,289,0,0,30
2,9,21,1,19,2475,B6,LAX,20,150,228,0,0,34,217,289,0,0,30
10,9,21,1,17,2475,DL,LAX,20,150,228,0,0,34,217,289,0,0,30
-3,9,21,1,9,2475,B6,LAX,20,150,228,0,0,34,217,289,0,0,30
17,9,21,1,20,2475,B6,LAX,20,150,228,0,0,34,217,289,0,0,30
50,9,21,1,21,2475,DL,LAX,20,150,228,0,0,34,217,289,0,0,30
13,9,21,1,13,2475,B6,LAX,20,150,228,0,0,34,217,289,0,0,30
-3,9,21,1,6,2475,UA,LAX,20,150,228,0,0,34,217,289,0,0,30
-2,9,21,1,8,2475,UA,LAX,20,150,228,0,0,34,217,289,0,0,30
-1,9,21,1,19,2475,UA,LAX,20,150,228,0,0,34,217,289,0,0,30
0,9,21,1,17,2475,UA,LAX,20,150,228,0,0,34,217,289,0,0,30
0,9,21,1,11,2475,UA,LAX,20,150,228,0,0,34,217,289,0,0,30
-6,9,21,1,14,2475,UA,LAX,20,150,228,0,0,34,217,289,0,0,30
17,9,21,1,20,2475,VX,LAX,20,150,228,0,0,34,217,289,0,0,30
30,9,21,1,16,2475,VX,LAX,20,150,228,0,0,34,217,289,0,0,30
-3,9,21,1,13,2475,VX,LAX,20,150,228,0,0,34,217,289,0,0,30
-3,9,21,1,9,2475,VX,LAX,20,150,228,0,0,34,217,289,0,0,30
-5,9,21,1,7,2475,VX,LAX,20,150,228,0,0,34,217,289,0,0,30
16,9,21,1,18,2475,DL,LAX,20,150,228,0,0,34,217,289,0,0,30
-4,9,21,1,9,2475,DL,LAX,20,150,228,0,0,34,217,289,0,0,30
-7,9,21,1,12,2475,DL,LAX,20,150,228,0,0,34,217,289,0,0,30
-5,9,21,1,7,2475,DL,LAX,20,150,228,0,0,34,217,289,0,0,30
-1,9,21,1,7,2475,B6,LAX,20,150,228,0,0,34,217,289,0,0,30
-3,9,21,1,17,2475,B6,LAX,20,150,228,0,0,34,217,289,0,0,30
