-3,1,2,5,10,2475,AA,LAX,1,17,56,0,0,32,33,133,0,0,19
-4,1,2,5,8,2475,B6,LAX,1,17,56,0,0,32,33,133,0,0,19
-5,1,2,5,14,2475,AA,LAX,1,17,56,0,0,32,33,133,0,0,19
-5,1,2,5,8,2475,AA,LAX,1,17,56,0,0,32,33,133,0,0,19
-7,1,2,5,14,2475,UA,LAX,1,17,56,0,0,32,33,133,0,0,19
-7,1,2,5,11,2475,B6,LAX,1,17,56,0,0,32,33,133,0,0,19
-4,1,2,5,6,2475,AA,LAX,1,17,56,0,0,32,33,133,0,0,19
-2,1,2,5,6,2475,B6,LAX,1,17,56,0,0,32,33,133,0,0,19
-5,1,2,5,11,2475,AA,LAX,1,17,56,0,0,32,33,133,0,0,19
-1,1,2,5,16,2475,B6,LAX,1,17,56,0,0,32,33,133,0,0,19
32,1,2,5,16,2475,VX,LAX,1,17,56,0,0,32,33,133,0,0,19
19,1,2,5,19,2475,AA,LAX,1,17,56,0,0,32,33,133,0,0,19
28,1,2,5,9,2475,VX,LAX,1,17,56,0,0,32,33,133,0,0,19
68,1,2,5,21,2475,B6,LAX,1,17,56,0,0,32,33,133,0,0,19
0,1,2,5,15,2475,DL,LAX,1,17,56,0,0,32,33,133,0,0,19
-4,1,2,5,8,2475,DL,LAX,1,17,56,0,0,32,33,133,0,0,19
116,1,2,5,21,2475,DL,LAX,1,17,56,0,0,32,33,133,0,0,19
-11,1,2,5,12,2475,AA,LAX,1,17,56,0,0,32,33,133,0,0,19
0,1,2,5,7,2475,VX,LAX,1,17,56,0,0,32,33,133,0,0,19
5,1,2,5,18,2475,AA,LAX,1,17,56,0,0,32,33,133,0,0,19
-3,1,2,5,18,2475,B6,LAX,1,17,56,0,0,32,33,133,0,0,19
-4,1,2,5,9,2475,DL,LAX,1,17,56,0,0,32,33,133,0,0,19
11,1,2,5,17,2475,DL,LAX,1,17,56,0,0,32,33,133,0,0,19
29,1,2,5,20,2475,AA,LAX,1,17,56,0,0,32,33,133,0,0,19
12,1,2,5,11,2475,VX,LAX,1,17,56,0,0,32,33,133,0,0,19
31,1,2,5,18,2475,DL,LAX,1,17,56,0,0,32,33,133,0,0,19
-1,1,2,5,20,2475,VX,LAX,1,17,56,0,0,32,33,133,0,0,19
-4,1,2,5,17,2475,AA,LAX,1,17,56,0,0,32,33,133,0,0,19
8,1,2,5,7,2475,DL,LAX,1,17,56,0,0,32,33,133,0,0,19
-4,1,2,5,11,2475,DL,LAX,1,17,56,0,0,32,33,133,0,0,19
6,1,2,5,17,2475,UA,LAX,1,17,56,0,0,32,33,133,0,0,19
-5,1,2,5,11,2475,UA,LAX,1,17,56,0,0,32,33,133,0,0,19
15,1,2,5,19,2475,UA,LAX,1,17,56,0,0,32,33,133,0,0,19
10,1,2,5,8,2475,UA,LAX,1,17,56,0,0,32,33,133,0,0,19
-1,1,2,5,6,2475,UA,LAX,1,17,56,0,0,32,33,133,0,0,19
-3,1,2,5,9,2475,B6,LAX,1,17,56,0,0,32,33,133,0,0,19
100,1,2,5,13,2475,VX,LAX,1,17,56,0,0,32,33,133,0,0,19
-10,1,2,5,9,2475,AA,LAX,1,17,56,0,0,32,33,133,0,0,19
15,1,2,5,7,2475,AA,LAX,1,17,56,0,0,32,33,133,0,0,19
-2,1,14,3,18,2475,B6,LAX,7,-88,0,0,0,28,83,206,0,0,18
-3,1,14,3,15,2475,DL,LAX,7,-88,0,0,0,28,83,206,0,0,18
-2,1,14,3,6,2475,B6,LAX,7,-88,0,0,0,28,83,206,0,0,18
1,1,14,3,12,2475,AA,LAX,7,-88,0,0,0,28,83,206,0,0,18
-3,1,14,3,21,2475,DL,LAX,7,-88,0,0,0,28,83,206,0,0,18
3,1,14,3,8,2475,AA,LAX,7,-88,0,0,0,28,83,206,0,0,18
-2,1,14,3,9,2475,B6,LAX,7,-88,0,0,0,28,83,206,0,0,18
19,1,14,3,11,2475,B6,LAX,7,-88,0,0,0,28,83,206,0,0,18
-6,1,14,3,8,2475,B6,LAX,7,-88,0,0,0,28,83,206,0,0,18
-5,1,14,3,16,2475,AA,LAX,7,-88,0,0,0,28,83,206,0,0,18
10,1,14,3,11,2475,DL,LAX,7,-88,0,0,0,28,83,206,0,0,18
26,1,14,3,15,2475,B6,LAX,7,-88,0,0,0,28,83,206,0,0,18
-8,1,14,3,14,2475,AA,LAX,7,-88,0,0,0,28,83,206,0,0,18
-10,1,14,3,7,2475,AA,LAX,7,-88,0,0,0,28,83,206,0,0,18
198,1,14,3,19,2475,AA,LAX,7,-88,0,0,0,28,83,206,0,0,18
25,1,14,3,20,2475,AA,LAX,7,-88,0,0,0,28,83,206,0,0,18
0,1,14,3,9,2475,DL,LAX,7,-88,0,0,0,28,83,206,0,0,18
-6,1,14,3,10,2475,AA,LAX,7,-88,0,0,0,28,83,206,0,0,18
5,1,14,3,18,2475,DL,LAX,7,-88,0,0,0,28,83,206,0,0,18
-1,1,14,3,8,2475,DL,LAX,7,-88,0,0,0,28,83,206,0,0,18
-1,1,14,3,11,2475,AA,LAX,7,-88,0,0,0,28,83,206,0,0,18
18,1,14,3,7,2475,DL,LAX,7,-88,0,0,0,28,83,206,0,0,18
-1,1,14,3,17,2475,DL,LAX,7,-88,0,0,0,28,83,206,0,0,18
0,1,14,3,17,2475,AA,LAX,7,-88,0,0,0,28,83,206,0,0,18
-6,1,14,3,18,2475,AA,LAX,7,-88,0,0,0,28,83,206,0,0,18
-4,1,14,3,9,2475,AA,LAX,7,-88,0,0,0,28,83,206,0,0,18
-9,1,14,3,6,2475,AA,LAX,7,-88,0,0,0,28,83,206,0,0,18
11,1,14,3,21,2475,B6,LAX,7,-88,0,0,0,28,83,206,0,0,18
7,1,14,3,13,2475,VX,LAX,7,-88,0,0,0,28,83,206,0,0,18
-8,1,14,3,16,2475,VX,LAX,7,-88,0,0,0,28,83,206,0,0,18
2,1,14,3,20,2475,VX,LAX,7,-88,0,0,0,28,83,206,0,0,18
-8,1,14,3,14,2475,UA,LAX,7,-88,0,0,0,28,83,206,0,0,18
-3,1,14,3,11,2475,UA,LAX,7,-88,0,0,0,28,83,206,0,0,18
-10,1,14,3,17,2475,UA,LAX,7,-88,0,0,0,28,83,206,0,0,18
60,1,14,3,19,2475,UA,LAX,7,-88,0,0,0,28,83,206,0,0,18
-6,1,14,3,8,2475,UA,LAX,7,-88,0,0,0,28,83,206,0,0,18
-4,1,14,3,6,2475,UA,LAX,7,-88,0,0,0,28,83,206,0,0,18
-6,1,14,3,7,2475,VX,LAX,7,-88,0,0,0,28,83,206,0,0,18
0,1,14,3,9,2475,VX,LAX,7,-88,0,0,0,28,83,206,0,0,18
7,1,26,1,6,2475,UA,LAX,5,-55,-5,122,140,57,128,244,33,0,26
1,1,26,1,14,2475,UA,LAX,5,-55,-5,122,140,57,128,244,33,0,26
1,1,26,1,11,2475,UA,LAX,5,-55,-5,122,140,57,128,244,33,0,26
18,1,26,1,17,2475,UA,LAX,5,-55,-5,122,140,57,128,244,33,0,26
-1,1,26,1,8,2475,UA,LAX,5,-55,-5,122,140,57,128,244,33,0,26
11,1,26,1,7,2475,VX,LAX,5,-55,-5,122,140,57,128,244,33,0,26
48,1,26,1,9,2475,VX,LAX,5,-55,-5,122,140,57,128,244,33,0,26
30,1,26,1,13,2475,VX,LAX,5,-55,-5,122,140,57,128,244,33,0,26
43,1,26,1,16,2475,VX,LAX,5,-55,-5,122,140,57,128,244,33,0,26
-1,1,26,1,7,2475,DL,LAX,5,-55,-5,122,140,57,128,244,33,0,26
142,1,26,1,17,2475,AA,LAX,5,-55,-5,122,140,57,128,244,33,0,26
66,1,26,1,15,2475,DL,LAX,5,-55,-5,122,140,57,128,244,33,0,26
-4,1,26,1,11,2475,AA,LAX,5,-55,-5,122,140,57,128,244,33,0,26
46,1,26,1,9,2475,DL,LAX,5,-55,-5,122,140,57,128,244,33,0,26
-3,1,26,1,6,2475,AA,LAX,5,-55,-5,122,140,57,128,244,33,0,26
-2,1,26,1,10,2475,AA,LAX,5,-55,-5,122,140,57,128,244,33,0,26
6,1,26,1,11,2475,B6,LAX,5,-55,-5,122,140,57,128,244,33,0,26
-2,1,26,1,7,2475,AA,LAX,5,-55,-5,122,140,57,128,244,33,0,26
111,1,26,1,16,2475,AA,LAX,5,-55,-5,122,140,57,128,244,33,0,26
-6,1,26,1,9,2475,AA,LAX,5,-55,-5,122,140,57,128,244,33,0,26
78,1,26,1,15,2475,B6,LAX,5,-55,-5,122,140,57,128,244,33,0,26
-6,1,26,1,8,2475,B6,LAX,5,-55,-5,122,140,57,128,244,33,0,26
-1,1,26,1,6,2475,B6,LAX,5,-55,-5,122,140,57,128,244,33,0,26
181,1,26,1,17,2475,DL,LAX,5,-55,-5,122,140,57,128,244,33,0,26
-3,1,26,1,14,2475,AA,LAX,5,-55,-5,122,140,57,128,244,33,0,26
26,1,26,1,9,2475,B6,LAX,5,-55,-5,122,140,57,128,244,33,0,26
-7,1,26,1,12,2475,AA,LAX,5,-55,-5,122,140,57,128,244,33,0,26
5,1,26,1,11,2475,DL,LAX,5,-55,-5,122,140,57,128,244,33,0,26
-2,1,26,1,8,2475,AA,LAX,5,-55,-5,122,140,57,128,244,33,0,26
27,2,9,1,9,2475,AA,LAX,9,-38,-16,23,0,49,133,194,0,0,34
-7,2,9,1,16,2475,AA,LAX,9,-38,-16,23,0,49,133,194,0,0,34
-3,2,9,1,15,2475,B6,LAX,9,-38,-16,23,0,49,133,194,0,0,34
74,2,9,1,21,2475,DL,LAX,9,-38,-16,23,0,49,133,194,0,0,34
23,2,9,1,11,2475,AA,LAX,9,-38,-16,23,0,49,133,194,0,0,34
-1,2,9,1,15,2475,DL,LAX,9,-38,-16,23,0,49,133,194,0,0,34
1,2,9,1,8,2475,AA,LAX,9,-38,-16,23,0,49,133,194,0,0,34
60,2,9,1,21,2475,B6,LAX,9,-38,-16,23,0,49,133,194,0,0,34
12,2,9,1,14,2475,UA,LAX,9,-38,-16,23,0,49,133,194,0,0,34
-3,2,9,1,11,2475,B6,LAX,9,-38,-16,23,0,49,133,194,0,0,34
88,2,9,1,11,2475,DL,LAX,9,-38,-16,23,0,49,133,194,0,0,34
7,2,9,1,17,2475,DL,LAX,9,-38,-16,23,0,49,133,194,0,0,34
0,2,9,1,7,2475,AA,LAX,9,-38,-16,23,0,49,133,194,0,0,34
2,2,9,1,19,2475,AA,LAX,9,-38,-16,23,0,49,133,194,0,0,34
-3,2,9,1,18,2475,B6,LAX,9,-38,-16,23,0,49,133,194,0,0,34
-6,2,9,1,18,2475,DL,LAX,9,-38,-16,23,0,49,133,194,0,0,34
-2,2,9,1,9,2475,B6,LAX,9,-38,-16,23,0,49,133,194,0,0,34
-2,2,9,1,11,2475,UA,LAX,9,-38,-16,23,0,49,133,194,0,0,34
84,2,9,1,6,2475,B6,LAX,9,-38,-16,23,0,49,133,194,0,0,34
30,2,9,1,7,2475,DL,LAX,9,-38,-16,23,0,49,133,194,0,0,34
-3,2,9,1,8,2475,UA,LAX,9,-38,-16,23,0,49,133,194,0,0,34
15,2,9,1,19,2475,UA,LAX,9,-38,-16,23,0,49,133,194,0,0,34
9,2,9,1,9,2475,VX,LAX,9,-38,-16,23,0,49,133,194,0,0,34
1,2,9,1,13,2475,VX,LAX,9,-38,-16,23,0,49,133,194,0,0,34
182,2,9,1,16,2475,VX,LAX,9,-38,-16,23,0,49,133,194,0,0,34
-4,2,10,2,14,2475,AA,LAX,8,-32,44,3,3,47,106,222,0,0,22
-7,2,10,2,14,2475,UA,LAX,8,-32,44,3,3,47,106,222,0,0,22
-2,2,10,2,11,2475,UA,LAX,8,-32,44,3,3,47,106,222,0,0,22
-4,2,10,2,17,2475,UA,LAX,8,-32,44,3,3,47,106,222,0,0,22
-2,2,10,2,19,2475,UA,LAX,8,-32,44,3,3,47,106,222,0,0,22
-5,2,10,2,8,2475,UA,LAX,8,-32,44,3,3,47,106,222,0,0,22
24,2,10,2,6,2475,UA,LAX,8,-32,44,3,3,47,106,222,0,0,22
1,2,10,2,18,2475,B6,LAX,8,-32,44,3,3,47,106,222,0,0,22
13,2,10,2,9,2475,B6,LAX,8,-32,44,3,3,47,106,222,0,0,22
0,2,10,2,15,2475,B6,LAX,8,-32,44,3,3,47,106,222,0,0,22
24,2,10,2,21,2475,B6,LAX,8,-32,44,3,3,47,106,222,0,0,22
0,2,10,2,11,2475,B6,LAX,8,-32,44,3,3,47,106,222,0,0,22
77,2,10,2,6,2475,B6,LAX,8,-32,44,3,3,47,106,222,0,0,22
0,2,10,2,8,2475,B6,LAX,8,-32,44,3,3,47,106,222,0,0,22
-7,2,10,2,19,2475,AA,LAX,8,-32,44,3,3,47,106,222,0,0,22
-5,2,10,2,10,2475,AA,LAX,8,-32,44,3,3,47,106,222,0,0,22
21,2,10,2,20,2475,AA,LAX,8,-32,44,3,3,47,106,222,0,0,22
114,2,10,2,17,2475,AA,LAX,8,-32,44,3,3,47,106,222,0,0,22
-4,2,10,2,6,2475,AA,LAX,8,-32,44,3,3,47,106,222,0,0,22
2,2,10,2,16,2475,AA,LAX,8,-32,44,3,3,47,106,222,0,0,22
-7,2,10,2,8,2475,AA,LAX,8,-32,44,3,3,47,106,222,0,0,22
-2,2,10,2,18,2475,AA,LAX,8,-32,44,3,3,47,106,222,0,0,22
-4,2,10,2,11,2475,AA,LAX,8,-32,44,3,3,47,106,222,0,0,22
2,2,10,2,7,2475,AA,LAX,8,-32,44,3,3,47,106,222,0,0,22
4,2,10,2,12,2475,AA,LAX,8,-32,44,3,3,47,106,222,0,0,22
-2,2,10,2,9,2475,AA,LAX,8,-32,44,3,3,47,106,222,0,0,22
-3,2,10,2,18,2475,DL,LAX,8,-32,44,3,3,47,106,222,0,0,22
22,2,10,2,11,2475,DL,LAX,8,-32,44,3,3,47,106,222,0,0,22
5,2,10,2,21,2475,DL,LAX,8,-32,44,3,3,47,106,222,0,0,22
41,2,10,2,7,2475,DL,LAX,8,-32,44,3,3,47,106,222,0,0,22
-4,2,10,2,15,2475,DL,LAX,8,-32,44,3,3,47,106,222,0,0,22
-1,2,10,2,9,2475,DL,LAX,8,-32,44,3,3,47,106,222,0,0,22
22,2,10,2,17,2475,DL,LAX,8,-32,44,3,3,47,106,222,0,0,22
-9,2,10,2,20,2475,VX,LAX,8,-32,44,3,3,47,106,222,0,0,22
-6,2,10,2,16,2475,VX,LAX,8,-32,44,3,3,47,106,222,0,0,22
-6,2,10,2,13,2475,VX,LAX,8,-32,44,3,3,47,106,222,0,0,22
4,2,10,2,9,2475,VX,LAX,8,-32,44,3,3,47,106,222,0,0,22
-8,2,10,2,7,2475,VX,LAX,8,-32,44,3,3,47,106,222,0,0,22
0,2,22,7,14,2475,UA,LAX,4,0,61,25,25,13,117,167,69,0,28
-8,2,22,7,19,2475,UA,LAX,4,0,61,25,25,13,117,167,69,0,28
19,2,22,7,11,2475,UA,LAX,4,0,61,25,25,13,117,167,69,0,28
-4,2,22,7,17,2475,UA,LAX,4,0,61,25,25,13,117,167,69,0,28
50,2,22,7,8,2475,UA,LAX,4,0,61,25,25,13,117,167,69,0,28
15,2,22,7,9,2475,VX,LAX,4,0,61,25,25,13,117,167,69,0,28
21,2,22,7,13,2475,VX,LAX,4,0,61,25,25,13,117,167,69,0,28
-1,2,22,7,16,2475,VX,LAX,4,0,61,25,25,13,117,167,69,0,28
-8,2,22,7,20,2475,VX,LAX,4,0,61,25,25,13,117,167,69,0,28
159,2,22,7,11,2475,DL,LAX,4,0,61,25,25,13,117,167,69,0,28
55,2,22,7,8,2475,B6,LAX,4,0,61,25,25,13,117,167,69,0,28
151,2,22,7,19,2475,AA,LAX,4,0,61,25,25,13,117,167,69,0,28
7,2,22,7,18,2475,AA,LAX,4,0,61,25,25,13,117,167,69,0,28
177,2,22,7,8,2475,AA,LAX,4,0,61,25,25,13,117,167,69,0,28
113,2,22,7,20,2475,AA,LAX,4,0,61,25,25,13,117,167,69,0,28
82,2,22,7,11,2475,B6,LAX,4,0,61,25,25,13,117,167,69,0,28
94,2,22,7,17,2475,AA,LAX,4,0,61,25,25,13,117,167,69,0,28
1,2,22,7,6,2475,B6,LAX,4,0,61,25,25,13,117,167,69,0,28
49,2,22,7,15,2475,DL,LAX,4,0,61,25,25,13,117,167,69,0,28
10,2,22,7,7,2475,AA,LAX,4,0,61,25,25,13,117,167,69,0,28
208,2,22,7,16,2475,AA,LAX,4,0,61,25,25,13,117,167,69,0,28
13,2,22,7,18,2475,B6,LAX,4,0,61,25,25,13,117,167,69,0,28
200,2,22,7,9,2475,DL,LAX,4,0,61,25,25,13,117,167,69,0,28
-3,2,22,7,21,2475,B6,LAX,4,0,61,25,25,13,117,167,69,0,28
21,2,22,7,18,2475,DL,LAX,4,0,61,25,25,13,117,167,69,0,28
27,2,22,7,17,2475,DL,LAX,4,0,61,25,25,13,117,167,69,0,28
46,2,22,7,21,2475,DL,LAX,4,0,61,25,25,13,117,167,69,0,28
13,2,22,7,14,2475,AA,LAX,4,0,61,25,25,13,117,167,69,0,28
102,2,22,7,9,2475,B6,LAX,4,0,61,25,25,13,117,167,69,0,28
19,2,22,7,16,2475,B6,LAX,4,0,61,25,25,13,117,167,69,0,28
-6,2,22,7,8,2475,DL,LAX,4,0,61,25,25,13,117,167,69,0,28
-3,2,22,7,12,2475,AA,LAX,4,0,61,25,25,13,117,167,69,0,28
29,3,5,4,17,2475,UA,LAX,15,-71,44,193,191,26,94,228,0,0,27
333,3,5,4,20,2475,VX,LAX,15,-71,44,193,191,26,94,228,0,0,27
365,3,5,4,16,2475,VX,LAX,15,-71,44,193,191,26,94,228,0,0,27
4,3,5,4,13,2475,VX,LAX,15,-71,44,193,191,26,94,228,0,0,27
-2,3,5,4,7,2475,VX,LAX,15,-71,44,193,191,26,94,228,0,0,27
224,3,5,4,19,2475,UA,LAX,15,-71,44,193,191,26,94,228,0,0,27
237,3,5,4,14,2475,UA,LAX,15,-71,44,193,191,26,94,228,0,0,27
-7,3,5,4,11,2475,UA,LAX,15,-71,44,193,191,26,94,228,0,0,27
173,3,5,4,21,2475,DL,LAX,15,-71,44,193,191,26,94,228,0,0,27
42,3,5,4,7,2475,B6,LAX,15,-71,44,193,191,26,94,228,0,0,27
138,3,5,4,18,2475,B6,LAX,15,-71,44,193,191,26,94,228,0,0,27
-4,3,5,4,6,2475,B6,LAX,15,-71,44,193,191,26,94,228,0,0,27
77,3,5,4,18,2475,AA,LAX,15,-71,44,193,191,26,94,228,0,0,27
86,3,5,4,16,2475,AA,LAX,15,-71,44,193,191,26,94,228,0,0,27
30,3,5,4,11,2475,B6,LAX,15,-71,44,193,191,26,94,228,0,0,27
52,3,5,4,20,2475,AA,LAX,15,-71,44,193,191,26,94,228,0,0,27
172,3,5,4,15,2475,DL,LAX,15,-71,44,193,191,26,94,228,0,0,27
311,3,5,4,14,2475,AA,LAX,15,-71,44,193,191,26,94,228,0,0,27
20,3,5,4,9,2475,B6,LAX,15,-71,44,193,191,26,94,228,0,0,27
-4,3,5,4,9,2475,AA,LAX,15,-71,44,193,191,26,94,228,0,0,27
29,3,5,4,8,2475,DL,LAX,15,-71,44,193,191,26,94,228,0,0,27
32,3,5,4,16,2475,B6,LAX,15,-71,44,193,191,26,94,228,0,0,27
46,3,5,4,12,2475,DL,LAX,15,-71,44,193,191,26,94,228,0,0,27
64,3,5,4,7,2475,DL,LAX,15,-71,44,193,191,26,94,228,0,0,27
38,3,5,4,21,2475,B6,LAX,15,-71,44,193,191,26,94,228,0,0,27
-8,3,17,2,14,2475,UA,LAX,27,11,139,5,0,43,156,256,0,0,30
-5,3,17,2,8,2475,UA,LAX,27,11,139,5,0,43,156,256,0,0,30
-5,3,17,2,17,2475,UA,LAX,27,11,139,5,0,43,156,256,0,0,30
-9,3,17,2,11,2475,UA,LAX,27,11,139,5,0,43,156,256,0,0,30
-5,3,17,2,18,2475,AA,LAX,27,11,139,5,0,43,156,256,0,0,30
-5,3,17,2,16,2475,B6,LAX,27,11,139,5,0,43,156,256,0,0,30
-2,3,17,2,18,2475,DL,LAX,27,11,139,5,0,43,156,256,0,0,30
-6,3,17,2,7,2475,AA,LAX,27,11,139,5,0,43,156,256,0,0,30
11,3,17,2,17,2475,DL,LAX,27,11,139,5,0,43,156,256,0,0,30
-6,3,17,2,19,2475,AA,LAX,27,11,139,5,0,43,156,256,0,0,30
1,3,17,2,15,2475,DL,LAX,27,11,139,5,0,43,156,256,0,0,30
118,3,17,2,21,2475,DL,LAX,27,11,139,5,0,43,156,256,0,0,30
-4,3,17,2,8,2475,DL,LAX,27,11,139,5,0,43,156,256,0,0,30
-5,3,17,2,16,2475,AA,LAX,27,11,139,5,0,43,156,256,0,0,30
1,3,17,2,14,2475,AA,LAX,27,11,139,5,0,43,156,256,0,0,30
-9,3,17,2,11,2475,AA,LAX,27,11,139,5,0,43,156,256,0,0,30
-2,3,17,2,8,2475,B6,LAX,27,11,139,5,0,43,156,256,0,0,30
-4,3,17,2,10,2475,AA,LAX,27,11,139,5,0,43,156,256,0,0,30
29,3,17,2,8,2475,AA,LAX,27,11,139,5,0,43,156,256,0,0,30
126,3,17,2,21,2475,B6,LAX,27,11,139,5,0,43,156,256,0,0,30
-5,3,17,2,18,2475,B6,LAX,27,11,139,5,0,43,156,256,0,0,30
60,3,17,2,7,2475,DL,LAX,27,11,139,5,0,43,156,256,0,0,30
-8,3,17,2,9,2475,B6,LAX,27,11,139,5,0,43,156,256,0,0,30
-6,3,17,2,6,2475,B6,LAX,27,11,139,5,0,43,156,256,0,0,30
-5,3,17,2,12,2475,DL,LAX,27,11,139,5,0,43,156,256,0,0,30
-6,3,17,2,12,2475,AA,LAX,27,11,139,5,0,43,156,256,0,0,30
-2,3,17,2,9,2475,AA,LAX,27,11,139,5,0,43,156,256,0,0,30
13,3,17,2,21,2475,AA,LAX,27,11,139,5,0,43,156,256,0,0,30
-6,3,17,2,17,2475,AA,LAX,27,11,139,5,0,43,156,256,0,0,30
10,3,17,2,9,2475,DL,LAX,27,11,139,5,0,43,156,256,0,0,30
-5,3,17,2,11,2475,B6,LAX,27,11,139,5,0,43,156,256,0,0,30
-6,3,17,2,9,2475,VX,LAX,27,11,139,5,0,43,156,256,0,0,30
1,3,17,2,20,2475,VX,LAX,27,11,139,5,0,43,156,256,0,0,30
-9,3,17,2,16,2475,VX,LAX,27,11,139,5,0,43,156,256,0,0,30
4,3,17,2,13,2475,VX,LAX,27,11,139,5,0,43,156,256,0,0,30
-4,3,17,2,7,2475,VX,LAX,27,11,139,5,0,43,156,256,0,0,30
-3,3,29,7,14,2475,UA,LAX,39,-38,78,0,0,28,133,200,0,0,28
-3,3,29,7,17,2475,UA,LAX,39,-38,78,0,0,28,133,200,0,0,28
21,3,29,7,19,2475,UA,LAX,39,-38,78,0,0,28,133,200,0,0,28
-9,3,29,7,8,2475,UA,LAX,39,-38,78,0,0,28,133,200,0,0,28
0,3,29,7,11,2475,UA,LAX,39,-38,78,0,0,28,133,200,0,0,28
-5,3,29,7,9,2475,AA,LAX,39,-38,78,0,0,28,133,200,0,0,28
-4,3,29,7,19,2475,AA,LAX,39,-38,78,0,0,28,133,200,0,0,28
-5,3,29,7,12,2475,AA,LAX,39,-38,78,0,0,28,133,200,0,0,28
-3,3,29,7,21,2475,B6,LAX,39,-38,78,0,0,28,133,200,0,0,28
-4,3,29,7,6,2475,AA,LAX,39,-38,78,0,0,28,133,200,0,0,28
-3,3,29,7,16,2475,B6,LAX,39,-38,78,0,0,28,133,200,0,0,28
1,3,29,7,21,2475,AA,LAX,39,-38,78,0,0,28,133,200,0,0,28
-7,3,29,7,17,2475,AA,LAX,39,-38,78,0,0,28,133,200,0,0,28
-2,3,29,7,11,2475,B6,LAX,39,-38,78,0,0,28,133,200,0,0,28
-6,3,29,7,11,2475,AA,LAX,39,-38,78,0,0,28,133,200,0,0,28
-4,3,29,7,9,2475,B6,LAX,39,-38,78,0,0,28,133,200,0,0,28
2,3,29,7,18,2475,B6,LAX,39,-38,78,0,0,28,133,200,0,0,28
-6,3,29,7,7,2475,AA,LAX,39,-38,78,0,0,28,133,200,0,0,28
-4,3,29,7,18,2475,AA,LAX,39,-38,78,0,0,28,133,200,0,0,28
-5,3,29,7,16,2475,AA,LAX,39,-38,78,0,0,28,133,200,0,0,28
-3,3,29,7,12,2475,B6,LAX,39,-38,78,0,0,28,133,200,0,0,28
-3,3,29,7,15,2475,AA,LAX,39,-38,78,0,0,28,133,200,0,0,28
1,3,29,7,6,2475,B6,LAX,39,-38,78,0,0,28,133,200,0,0,28
-5,3,29,7,10,2475,AA,LAX,39,-38,78,0,0,28,133,200,0,0,28
-1,3,29,7,8,2475,AA,LAX,39,-38,78,0,0,28,133,200,0,0,28
-4,3,29,7,7,2475,VX,LAX,39,-38,78,0,0,28,133,200,0,0,28
4,3,29,7,20,2475,VX,LAX,39,-38,78,0,0,28,133,200,0,0,28
-6,3,29,7,16,2475,VX,LAX,39,-38,78,0,0,28,133,200,0,0,28
215,3,29,7,13,2475,VX,LAX,39,-38,78,0,0,28,133,200,0,0,28
45,3,29,7,18,2475,DL,LAX,39,-38,78,0,0,28,133,200,0,0,28
-4,3,29,7,8,2475,DL,LAX,39,-38,78,0,0,28,133,200,0,0,28
18,3,29,7,15,2475,DL,LAX,39,-38,78,0,0,28,133,200,0,0,28
11,3,29,7,17,2475,DL,LAX,39,-38,78,0,0,28,133,200,0,0,28
42,3,29,7,21,2475,DL,LAX,39,-38,78,0,0,28,133,200,0,0,28
8,3,29,7,7,2475,DL,LAX,39,-38,78,0,0,28,133,200,0,0,28
0,3,29,7,12,2475,DL,LAX,39,-38,78,0,0,28,133,200,0,0,28
-5,3,29,7,9,2475,DL,LAX,39,-38,78,0,0,28,133,200,0,0,28
-9,3,29,7,9,2475,VX,LAX,39,-38,78,0,0,28,133,200,0,0,28
29,3,30,1,9,2475,DL,LAX,40,22,122,0,0,35,133,194,0,0,29
-5,3,30,1,18,2475,DL,LAX,40,22,122,0,0,35,133,194,0,0,29
-2,3,30,1,15,2475,DL,LAX,40,22,122,0,0,35,133,194,0,0,29
17,3,30,1,17,2475,DL,LAX,40,22,122,0,0,35,133,194,0,0,29
-5,3,30,1,6,2475,UA,LAX,40,22,122,0,0,35,133,194,0,0,29
-5,3,30,1,8,2475,UA,LAX,40,22,122,0,0,35,133,194,0,0,29
3,3,30,1,19,2475,UA,LAX,40,22,122,0,0,35,133,194,0,0,29
-5,3,30,1,17,2475,UA,LAX,40,22,122,0,0,35,133,194,0,0,29
-3,3,30,1,20,2475,VX,LAX,40,22,122,0,0,35,133,194,0,0,29
6,3,30,1,16,2475,VX,LAX,40,22,122,0,0,35,133,194,0,0,29
-3,3,30,1,13,2475,VX,LAX,40,22,122,0,0,35,133,194,0,0,29
-4,3,30,1,9,2475,VX,LAX,40,22,122,0,0,35,133,194,0,0,29
0,3,30,1,7,2475,VX,LAX,40,22,122,0,0,35,133,194,0,0,29
40,3,30,1,21,2475,DL,LAX,40,22,122,0,0,35,133,194,0,0,29
0,3,30,1,7,2475,DL,LAX,40,22,122,0,0,35,133,194,0,0,29
-4,3,30,1,12,2475,DL,LAX,40,22,122,0,0,35,133,194,0,0,29
14,3,30,1,11,2475,B6,LAX,40,22,122,0,0,35,133,194,0,0,29
-1,3,30,1,6,2475,B6,LAX,40,22,122,0,0,35,133,194,0,0,29
-6,3,30,1,10,2475,AA,LAX,40,22,122,0,0,35,133,194,0,0,29
17,3,30,1,9,2475,B6,LAX,40,22,122,0,0,35,133,194,0,0,29
9,3,30,1,19,2475,AA,LAX,40,22,122,0,0,35,133,194,0,0,29
-6,3,30,1,21,2475,AA,LAX,40,22,122,0,0,35,133,194,0,0,29
-5,3,30,1,16,2475,B6,LAX,40,22,122,0,0,35,133,194,0,0,29
2,3,30,1,17,2475,AA,LAX,40,22,122,0,0,35,133,194,0,0,29
7,3,30,1,12,2475,B6,LAX,40,22,122,0,0,35,133,194,0,0,29
-2,3,30,1,6,2475,AA,LAX,40,22,122,0,0,35,133,194,0,0,29
26,3,30,1,21,2475,B6,LAX,40,22,122,0,0,35,133,194,0,0,29
9,3,30,1,16,2475,AA,LAX,40,22,122,0,0,35,133,194,0,0,29
-6,3,30,1,15,2475,AA,LAX,40,22,122,0,0,35,133,194,0,0,29
-4,3,30,1,8,2475,AA,LAX,40,22,122,0,0,35,133,194,0,0,29
0,3,30,1,18,2475,B6,LAX,40,22,122,0,0,35,133,194,0,0,29
-5,3,30,1,18,2475,AA,LAX,40,22,122,0,0,35,133,194,0,0,29
-6,3,30,1,11,2475,AA,LAX,40,22,122,0,0,35,133,194,0,0,29
-5,3,30,1,7,2475,AA,LAX,40,22,122,0,0,35,133,194,0,0,29
-5,3,30,1,12,2475,AA,LAX,40,22,122,0,0,35,133,194,0,0,29
-6,3,30,1,9,2475,AA,LAX,40,22,122,0,0,35,133,194,0,0,29
-6,3,30,1,11,2475,UA,LAX,40,22,122,0,0,35,133,194,0,0,29
-2,3,30,1,14,2475,UA,LAX,40,22,122,0,0,35,133,194,0,0,29
-4,4,1,3,9,2475,B6,LAX,42,0,106,0,0,23,128,200,0,0,37
28,4,1,3,20,2475,VX,LAX,42,0,106,0,0,23,128,200,0,0,37
1,4,1,3,16,2475,VX,LAX,42,0,106,0,0,23,128,200,0,0,37
0,4,1,3,13,2475,VX,LAX,42,0,106,0,0,23,128,200,0,0,37
-4,4,1,3,9,2475,VX,LAX,42,0,106,0,0,23,128,200,0,0,37
-1,4,1,3,7,2475,VX,LAX,42,0,106,0,0,23,128,200,0,0,37
-1,4,1,3,14,2475,UA,LAX,42,0,106,0,0,23,128,200,0,0,37
-11,4,1,3,11,2475,UA,LAX,42,0,106,0,0,23,128,200,0,0,37
-2,4,1,3,17,2475,UA,LAX,42,0,106,0,0,23,128,200,0,0,37
12,4,1,3,19,2475,UA,LAX,42,0,106,0,0,23,128,200,0,0,37
-6,4,1,3,8,2475,UA,LAX,42,0,106,0,0,23,128,200,0,0,37
-5,4,1,3,6,2475,B6,LAX,42,0,106,0,0,23,128,200,0,0,37
71,4,1,3,18,2475,DL,LAX,42,0,106,0,0,23,128,200,0,0,37
3,4,1,3,8,2475,DL,LAX,42,0,106,0,0,23,128,200,0,0,37
17,4,1,3,15,2475,DL,LAX,42,0,106,0,0,23,128,200,0,0,37
79,4,1,3,17,2475,DL,LAX,42,0,106,0,0,23,128,200,0,0,37
10,4,1,3,21,2475,DL,LAX,42,0,106,0,0,23,128,200,0,0,37
17,4,1,3,7,2475,DL,LAX,42,0,106,0,0,23,128,200,0,0,37
-5,4,1,3,12,2475,DL,LAX,42,0,106,0,0,23,128,200,0,0,37
-1,4,1,3,9,2475,DL,LAX,42,0,106,0,0,23,128,200,0,0,37
-3,4,1,3,18,2475,B6,LAX,42,0,106,0,0,23,128,200,0,0,37
-3,4,1,3,21,2475,B6,LAX,42,0,106,0,0,23,128,200,0,0,37
-2,4,1,3,12,2475,B6,LAX,42,0,106,0,0,23,128,200,0,0,37
-1,4,1,3,11,2475,B6,LAX,42,0,106,0,0,23,128,200,0,0,37
8,4,1,3,16,2475,B6,LAX,42,0,106,0,0,23,128,200,0,0,37
-5,4,1,3,7,2475,AA,LAX,42,0,106,0,0,23,128,200,0,0,37
-2,4,1,3,19,2475,AA,LAX,42,0,106,0,0,23,128,200,0,0,37
-3,4,1,3,21,2475,AA,LAX,42,0,106,0,0,23,128,200,0,0,37
-7,4,1,3,11,2475,AA,LAX,42,0,106,0,0,23,128,200,0,0,37
-4,4,1,3,17,2475,AA,LAX,42,0,106,0,0,23,128,200,0,0,37
-5,4,1,3,18,2475,AA,LAX,42,0,106,0,0,23,128,200,0,0,37
-12,4,1,3,9,2475,AA,LAX,42,0,106,0,0,23,128,200,0,0,37
-3,4,1,3,16,2475,AA,LAX,42,0,106,0,0,23,128,200,0,0,37
0,4,1,3,12,2475,AA,LAX,42,0,106,0,0,23,128,200,0,0,37
-6,4,1,3,8,2475,AA,LAX,42,0,106,0,0,23,128,200,0,0,37
-2,4,1,3,10,2475,AA,LAX,42,0,106,0,0,23,128,200,0,0,37
-5,4,1,3,15,2475,AA,LAX,42,0,106,0,0,23,128,200,0,0,37
-6,4,13,1,14,2475,UA,LAX,39,100,200,0,0,21,139,189,0,0,31
-9,4,13,1,19,2475,UA,LAX,39,100,200,0,0,21,139,189,0,0,31
-8,4,13,1,17,2475,UA,LAX,39,100,200,0,0,21,139,189,0,0,31
0,4,13,1,8,2475,UA,LAX,39,100,200,0,0,21,139,189,0,0,31
-4,4,13,1,11,2475,UA,LAX,39,100,200,0,0,21,139,189,0,0,31
1,4,13,1,6,2475,UA,LAX,39,100,200,0,0,21,139,189,0,0,31
46,4,13,1,7,2475,DL,LAX,39,100,200,0,0,21,139,189,0,0,31
78,4,13,1,21,2475,DL,LAX,39,100,200,0,0,21,139,189,0,0,31
-3,4,13,1,7,2475,VX,LAX,39,100,200,0,0,21,139,189,0,0,31
9,4,13,1,18,2475,DL,LAX,39,100,200,0,0,21,139,189,0,0,31
3,4,13,1,17,2475,DL,LAX,39,100,200,0,0,21,139,189,0,0,31
-4,4,13,1,8,2475,DL,LAX,39,100,200,0,0,21,139,189,0,0,31
4,4,13,1,11,2475,B6,LAX,39,100,200,0,0,21,139,189,0,0,31
0,4,13,1,6,2475,B6,LAX,39,100,200,0,0,21,139,189,0,0,31
-5,4,13,1,20,2475,VX,LAX,39,100,200,0,0,21,139,189,0,0,31
-2,4,13,1,15,2475,DL,LAX,39,100,200,0,0,21,139,189,0,0,31
1,4,13,1,9,2475,DL,LAX,39,100,200,0,0,21,139,189,0,0,31
-5,4,13,1,11,2475,DL,LAX,39,100,200,0,0,21,139,189,0,0,31
-4,4,13,1,21,2475,B6,LAX,39,100,200,0,0,21,139,189,0,0,31
-5,4,13,1,9,2475,B6,LAX,39,100,200,0,0,21,139,189,0,0,31
46,4,13,1,16,2475,B6,LAX,39,100,200,0,0,21,139,189,0,0,31
2,4,13,1,18,2475,B6,LAX,39,100,200,0,0,21,139,189,0,0,31
-1,4,13,1,12,2475,B6,LAX,39,100,200,0,0,21,139,189,0,0,31
4,4,13,1,16,2475,VX,LAX,39,100,200,0,0,21,139,189,0,0,31
-1,4,13,1,13,2475,VX,LAX,39,100,200,0,0,21,139,189,0,0,31
-5,4,13,1,9,2475,VX,LAX,39,100,200,0,0,21,139,189,0,0,31
-7,4,13,1,17,2475,AA,LAX,39,100,200,0,0,21,139,189,0,0,31
-2,4,13,1,21,2475,AA,LAX,39,100,200,0,0,21,139,189,0,0,31
12,4,13,1,18,2475,AA,LAX,39,100,200,0,0,21,139,189,0,0,31
-4,4,13,1,19,2475,AA,LAX,39,100,200,0,0,21,139,189,0,0,31
11,4,13,1,7,2475,AA,LAX,39,100,200,0,0,21,139,189,0,0,31
-4,4,13,1,8,2475,AA,LAX,39,100,200,0,0,21,139,189,0,0,31
-5,4,13,1,6,2475,AA,LAX,39,100,200,0,0,21,139,189,0,0,31
-5,4,13,1,12,2475,AA,LAX,39,100,200,0,0,21,139,189,0,0,31
-7,4,13,1,16,2475,AA,LAX,39,100,200,0,0,21,139,189,0,0,31
-1,4,13,1,15,2475,AA,LAX,39,100,200,0,0,21,139,189,0,0,31
-10,4,13,1,11,2475,AA,LAX,39,100,200,0,0,21,139,189,0,0,31
-5,4,13,1,9,2475,AA,LAX,39,100,200,0,0,21,139,189,0,0,31
-1,4,13,1,10,2475,AA,LAX,39,100,200,0,0,21,139,189,0,0,31
-2,4,25,6,19,2475,AA,LAX,27,33,167,0,0,25,133,172,3,0,54
50,4,25,6,21,2475,AA,LAX,27,33,167,0,0,25,133,172,3,0,54
-10,4,25,6,16,2475,AA,LAX,27,33,167,0,0,25,133,172,3,0,54
-5,4,25,6,10,2475,AA,LAX,27,33,167,0,0,25,133,172,3,0,54
1,4,25,6,8,2475,AA,LAX,27,33,167,0,0,25,133,172,3,0,54
-7,4,25,6,18,2475,AA,LAX,27,33,167,0,0,25,133,172,3,0,54
-6,4,25,6,11,2475,AA,LAX,27,33,167,0,0,25,133,172,3,0,54
-5,4,25,6,15,2475,AA,LAX,27,33,167,0,0,25,133,172,3,0,54
-5,4,25,6,17,2475,AA,LAX,27,33,167,0,0,25,133,172,3,0,54
-1,4,25,6,12,2475,AA,LAX,27,33,167,0,0,25,133,172,3,0,54
67,4,25,6,9,2475,AA,LAX,27,33,167,0,0,25,133,172,3,0,54
-8,4,25,6,7,2475,VX,LAX,27,33,167,0,0,25,133,172,3,0,54
-5,4,25,6,16,2475,VX,LAX,27,33,167,0,0,25,133,172,3,0,54
-4,4,25,6,13,2475,VX,LAX,27,33,167,0,0,25,133,172,3,0,54
0,4,25,6,9,2475,VX,LAX,27,33,167,0,0,25,133,172,3,0,54
4,4,25,6,13,2475,B6,LAX,27,33,167,0,0,25,133,172,3,0,54
-7,4,25,6,6,2475,B6,LAX,27,33,167,0,0,25,133,172,3,0,54
-4,4,25,6,8,2475,DL,LAX,27,33,167,0,0,25,133,172,3,0,54
-3,4,25,6,16,2475,B6,LAX,27,33,167,0,0,25,133,172,3,0,54
-5,4,25,6,11,2475,B6,LAX,27,33,167,0,0,25,133,172,3,0,54
-7,4,25,6,9,2475,B6,LAX,27,33,167,0,0,25,133,172,3,0,54
-5,4,25,6,17,2475,DL,LAX,27,33,167,0,0,25,133,172,3,0,54
-3,4,25,6,18,2475,B6,LAX,27,33,167,0,0,25,133,172,3,0,54
0,4,25,6,12,2475,DL,LAX,27,33,167,0,0,25,133,172,3,0,54
18,4,25,6,18,2475,DL,LAX,27,33,167,0,0,25,133,172,3,0,54
-2,4,25,6,15,2475,DL,LAX,27,33,167,0,0,25,133,172,3,0,54
0,4,25,6,8,2475,UA,LAX,27,33,167,0,0,25,133,172,3,0,54
-3,4,25,6,14,2475,UA,LAX,27,33,167,0,0,25,133,172,3,0,54
-4,4,25,6,11,2475,UA,LAX,27,33,167,0,0,25,133,172,3,0,54
-2,4,25,6,17,2475,UA,LAX,27,33,167,0,0,25,133,172,3,0,54
-5,4,25,6,6,2475,UA,LAX,27,33,167,0,0,25,133,172,3,0,54
-1,5,21,4,17,2475,UA,LAX,1,111,167,0,0,12,139,194,0,0,45
-3,5,21,4,6,2475,UA,LAX,1,111,167,0,0,12,139,194,0,0,45
24,5,21,4,19,2475,UA,LAX,1,111,167,0,0,12,139,194,0,0,45
-7,5,21,4,11,2475,UA,LAX,1,111,167,0,0,12,139,194,0,0,45
0,5,21,4,14,2475,UA,LAX,1,111,167,0,0,12,139,194,0,0,45
-9,5,21,4,8,2475,UA,LAX,1,111,167,0,0,12,139,194,0,0,45
-3,5,21,4,16,2475,VX,LAX,1,111,167,0,0,12,139,194,0,0,45
0,5,21,4,7,2475,VX,LAX,1,111,167,0,0,12,139,194,0,0,45
0,5,21,4,9,2475,VX,LAX,1,111,167,0,0,12,139,194,0,0,45
1,5,21,4,13,2475,VX,LAX,1,111,167,0,0,12,139,194,0,0,45
0,5,21,4,20,2475,VX,LAX,1,111,167,0,0,12,139,194,0,0,45
-5,5,21,4,11,2475,AA,LAX,1,111,167,0,0,12,139,194,0,0,45
-4,5,21,4,7,2475,AA,LAX,1,111,167,0,0,12,139,194,0,0,45
-3,5,21,4,18,2475,AA,LAX,1,111,167,0,0,12,139,194,0,0,45
-5,5,21,4,8,2475,AA,LAX,1,111,167,0,0,12,139,194,0,0,45
5,5,21,4,21,2475,AA,LAX,1,111,167,0,0,12,139,194,0,0,45
11,5,21,4,12,2475,AA,LAX,1,111,167,0,0,12,139,194,0,0,45
-6,5,21,4,19,2475,AA,LAX,1,111,167,0,0,12,139,194,0,0,45
-2,5,21,4,17,2475,AA,LAX,1,111,167,0,0,12,139,194,0,0,45
-8,5,21,4,10,2475,AA,LAX,1,111,167,0,0,12,139,194,0,0,45
-5,5,21,4,9,2475,AA,LAX,1,111,167,0,0,12,139,194,0,0,45
6,5,21,4,8,2475,B6,LAX,1,111,167,0,0,12,139,194,0,0,45
14,5,21,4,11,2475,B6,LAX,1,111,167,0,0,12,139,194,0,0,45
14,5,21,4,16,2475,AA,LAX,1,111,167,0,0,12,139,194,0,0,45
-7,5,21,4,13,2475,B6,LAX,1,111,167,0,0,12,139,194,0,0,45
0,5,21,4,18,2475,B6,LAX,1,111,167,0,0,12,139,194,0,0,45
4,5,21,4,16,2475,B6,LAX,1,111,167,0,0,12,139,194,0,0,45
-8,5,21,4,15,2475,AA,LAX,1,111,167,0,0,12,139,194,0,0,45
-1,5,21,4,21,2475,B6,LAX,1,111,167,0,0,12,139,194,0,0,45
-2,5,21,4,9,2475,B6,LAX,1,111,167,0,0,12,139,194,0,0,45
-1,5,21,4,6,2475,B6,LAX,1,111,167,0,0,12,139,194,0,0,45
-2,5,21,4,15,2475,DL,LAX,1,111,167,0,0,12,139,194,0,0,45
-2,5,21,4,9,2475,DL,LAX,1,111,167,0,0,12,139,194,0,0,45
15,5,21,4,11,2475,DL,LAX,1,111,167,0,0,12,139,194,0,0,45
-1,5,21,4,7,2475,DL,LAX,1,111,167,0,0,12,139,194,0,0,45
21,5,21,4,21,2475,DL,LAX,1,111,167,0,0,12,139,194,0,0,45
5,5,21,4,17,2475,DL,LAX,1,111,167,0,0,12,139,194,0,0,45
-1,5,21,4,8,2475,DL,LAX,1,111,167,0,0,12,139,194,0,0,45
12,5,21,4,18,2475,DL,LAX,1,111,167,0,0,12,139,194,0,0,45
-7,6,4,4,12,2475,AA,LAX,9,122,183,0,0,23,150,189,0,0,34
-5,6,4,4,7,2475,AA,LAX,9,122,183,0,0,23,150,189,0,0,34
51,6,4,4,11,2475,AA,LAX,9,122,183,0,0,23,150,189,0,0,34
-6,6,4,4,9,2475,AA,LAX,9,122,183,0,0,23,150,189,0,0,34
-7,6,4,4,12,2475,AA,LAX,9,122,183,0,0,23,150,189,0,0,34
-6,6,4,4,9,2475,AA,LAX,9,122,183,0,0,23,150,189,0,0,34
51,6,4,4,11,2475,AA,LAX,9,122,183,0,0,23,150,189,0,0,34
-5,6,4,4,7,2475,AA,LAX,9,122,183,0,0,23,150,189,0,0,34
-5,6,16,2,9,2475,AA,LAX,18,183,261,69,0,10,161,206,0,0,30
8,6,16,2,7,2475,AA,LAX,18,183,261,69,0,10,161,206,0,0,30
-5,6,16,2,9,2475,AA,LAX,18,183,261,69,0,10,161,206,0,0,30
-2,6,16,2,12,2475,AA,LAX,18,183,261,69,0,10,161,206,0,0,30
2,6,16,2,11,2475,AA,LAX,18,183,261,69,0,10,161,206,0,0,30
8,6,16,2,7,2475,AA,LAX,18,183,261,69,0,10,161,206,0,0,30
-2,6,16,2,12,2475,AA,LAX,18,183,261,69,0,10,161,206,0,0,30
2,6,16,2,11,2475,AA,LAX,18,183,261,69,0,10,161,206,0,0,30
-6,6,28,7,12,2475,AA,LAX,6,167,228,74,0,24,189,239,0,0,37
-9,6,28,7,9,2475,AA,LAX,6,167,228,74,0,24,189,239,0,0,37
-6,6,28,7,12,2475,AA,LAX,6,167,228,74,0,24,189,239,0,0,37
-9,6,28,7,9,2475,AA,LAX,6,167,228,74,0,24,189,239,0,0,37
39,6,28,7,11,2475,AA,LAX,6,167,228,74,0,24,189,239,0,0,37
39,6,28,7,11,2475,AA,LAX,6,167,228,74,0,24,189,239,0,0,37
-3,7,12,7,16,2475,VX,LAX,8,222,317,0,0,9,178,233,0,0,38
-2,7,12,7,13,2475,VX,LAX,8,222,317,0,0,9,178,233,0,0,38
-9,7,12,7,9,2475,VX,LAX,8,222,317,0,0,9,178,233,0,0,38
-1,7,12,7,7,2475,VX,LAX,8,222,317,0,0,9,178,233,0,0,38
3,7,12,7,6,2475,B6,LAX,8,222,317,0,0,9,178,233,0,0,38
53,7,12,7,20,2475,DL,LAX,8,222,317,0,0,9,178,233,0,0,38
14,7,12,7,16,2475,DL,LAX,8,222,317,0,0,9,178,233,0,0,38
94,7,12,7,8,2475,DL,LAX,8,222,317,0,0,9,178,233,0,0,38
3,7,12,7,15,2475,DL,LAX,8,222,317,0,0,9,178,233,0,0,38
-4,7,12,7,7,2475,DL,LAX,8,222,317,0,0,9,178,233,0,0,38
-4,7,12,7,12,2475,DL,LAX,8,222,317,0,0,9,178,233,0,0,38
-6,7,12,7,9,2475,DL,LAX,8,222,317,0,0,9,178,233,0,0,38
7,7,12,7,18,2475,DL,LAX,8,222,317,0,0,9,178,233,0,0,38
0,7,12,7,16,2475,B6,LAX,8,222,317,0,0,9,178,233,0,0,38
-2,7,12,7,9,2475,B6,LAX,8,222,317,0,0,9,178,233,0,0,38
-1,7,12,7,11,2475,B6,LAX,8,222,317,0,0,9,178,233,0,0,38
-9,7,12,7,12,2475,B6,LAX,8,222,317,0,0,9,178,233,0,0,38
-8,7,12,7,14,2475,UA,LAX,8,222,317,0,0,9,178,233,0,0,38
-5,7,12,7,11,2475,UA,LAX,8,222,317,0,0,9,178,233,0,0,38
-7,7,12,7,17,2475,UA,LAX,8,222,317,0,0,9,178,233,0,0,38
-3,7,12,7,19,2475,UA,LAX,8,222,317,0,0,9,178,233,0,0,38
-2,7,12,7,8,2475,UA,LAX,8,222,317,0,0,9,178,233,0,0,38
-4,7,12,7,8,2475,B6,LAX,8,222,317,0,0,9,178,233,0,0,38
-3,7,12,7,18,2475,B6,LAX,8,222,317,0,0,9,178,233,0,0,38
9,7,12,7,21,2475,B6,LAX,8,222,317,0,0,9,178,233,0,0,38
-8,7,12,7,20,2475,VX,LAX,8,222,317,0,0,9,178,233,0,0,38
-5,7,12,7,17,2475,AA,LAX,8,222,317,0,0,9,178,233,0,0,38
-7,7,12,7,10,2475,AA,LAX,8,222,317,0,0,9,178,233,0,0,38
-6,7,12,7,19,2475,AA,LAX,8,222,317,0,0,9,178,233,0,0,38
-3,7,12,7,16,2475,AA,LAX,8,222,317,0,0,9,178,233,0,0,38
20,7,12,7,9,2475,AA,LAX,8,222,317,0,0,9,178,233,0,0,38
-5,7,12,7,6,2475,AA,LAX,8,222,317,0,0,9,178,233,0,0,38
-7,7,12,7,12,2475,AA,LAX,8,222,317,0,0,9,178,233,0,0,38
-7,7,12,7,18,2475,AA,LAX,8,222,317,0,0,9,178,233,0,0,38
-2,7,12,7,15,2475,AA,LAX,8,222,317,0,0,9,178,233,0,0,38
-5,7,12,7,21,2475,AA,LAX,8,222,317,0,0,9,178,233,0,0,38
-8,7,12,7,11,2475,AA,LAX,8,222,317,0,0,9,178,233,0,0,38
27,7,24,5,15,2475,DL,LAX,20,211,306,0,0,9,194,250,0,0,36
17,7,24,5,8,2475,DL,LAX,20,211,306,0,0,9,194,250,0,0,36
30,7,24,5,16,2475,DL,LAX,20,211,306,0,0,9,194,250,0,0,36
22,7,24,5,20,2475,DL,LAX,20,211,306,0,0,9,194,250,0,0,36
15,7,24,5,7,2475,DL,LAX,20,211,306,0,0,9,194,250,0,0,36
-4,7,24,5,12,2475,DL,LAX,20,211,306,0,0,9,194,250,0,0,36
-1,7,24,5,9,2475,DL,LAX,20,211,306,0,0,9,194,250,0,0,36
0,7,24,5,18,2475,DL,LAX,20,211,306,0,0,9,194,250,0,0,36
-1,7,24,5,15,2475,AA,LAX,20,211,306,0,0,9,194,250,0,0,36
-1,7,24,5,11,2475,AA,LAX,20,211,306,0,0,9,194,250,0,0,36
-5,7,24,5,12,2475,AA,LAX,20,211,306,0,0,9,194,250,0,0,36
-7,7,24,5,9,2475,AA,LAX,20,211,306,0,0,9,194,250,0,0,36
-5,7,24,5,19,2475,AA,LAX,20,211,306,0,0,9,194,250,0,0,36
-2,7,24,5,21,2475,AA,LAX,20,211,306,0,0,9,194,250,0,0,36
-3,7,24,5,7,2475,AA,LAX,20,211,306,0,0,9,194,250,0,0,36
-7,7,24,5,10,2475,AA,LAX,20,211,306,0,0,9,194,250,0,0,36
-9,7,24,5,16,2475,AA,LAX,20,211,306,0,0,9,194,250,0,0,36
0,7,24,5,17,2475,AA,LAX,20,211,306,0,0,9,194,250,0,0,36
-4,7,24,5,18,2475,AA,LAX,20,211,306,0,0,9,194,250,0,0,36
-1,7,24,5,11,2475,B6,LAX,20,211,306,0,0,9,194,250,0,0,36
15,7,24,5,13,2475,B6,LAX,20,211,306,0,0,9,194,250,0,0,36
4,7,24,5,16,2475,B6,LAX,20,211,306,0,0,9,194,250,0,0,36
-4,7,24,5,18,2475,B6,LAX,20,211,306,0,0,9,194,250,0,0,36
0,7,24,5,21,2475,B6,LAX,20,211,306,0,0,9,194,250,0,0,36
2,7,24,5,6,2475,UA,LAX,20,211,306,0,0,9,194,250,0,0,36
0,7,24,5,8,2475,UA,LAX,20,211,306,0,0,9,194,250,0,0,36
-2,7,24,5,19,2475,UA,LAX,20,211,306,0,0,9,194,250,0,0,36
0,7,24,5,17,2475,UA,LAX,20,211,306,0,0,9,194,250,0,0,36
-2,7,24,5,11,2475,UA,LAX,20,211,306,0,0,9,194,250,0,0,36
76,7,24,5,14,2475,UA,LAX,20,211,306,0,0,9,194,250,0,0,36
0,7,24,5,6,2475,B6,LAX,20,211,306,0,0,9,194,250,0,0,36
0,7,24,5,8,2475,B6,LAX,20,211,306,0,0,9,194,250,0,0,36
-2,7,24,5,20,2475,VX,LAX,20,211,306,0,0,9,194,250,0,0,36
14,7,24,5,16,2475,VX,LAX,20,211,306,0,0,9,194,250,0,0,36
-5,7,24,5,13,2475,VX,LAX,20,211,306,0,0,9,194,250,0,0,36
-7,7,24,5,9,2475,VX,LAX,20,211,306,0,0,9,194,250,0,0,36
-4,7,24,5,7,2475,VX,LAX,20,211,306,0,0,9,194,250,0,0,36
-3,7,24,5,9,2475,B6,LAX,20,211,306,0,0,9,194,250,0,0,36
320,8,7,5,17,2475,AA,LAX,25,206,289,0,0,24,189,250,0,0,40
-6,8,7,5,9,2475,AA,LAX,25,206,289,0,0,24,189,250,0,0,40
-6,8,7,5,15,2475,AA,LAX,25,206,289,0,0,24,189,250,0,0,40
0,8,7,5,16,2475,B6,LAX,25,206,289,0,0,24,189,250,0,0,40
-3,8,7,5,18,2475,AA,LAX,25,206,289,0,0,24,189,250,0,0,40
75,8,7,5,7,2475,AA,LAX,25,206,289,0,0,24,189,250,0,0,40
0,8,7,5,9,2475,B6,LAX,25,206,289,0,0,24,189,250,0,0,40
-6,8,7,5,18,2475,DL,LAX,25,206,289,0,0,24,189,250,0,0,40
-3,8,7,5,6,2475,B6,LAX,25,206,289,0,0,24,189,250,0,0,40
69,8,7,5,15,2475,DL,LAX,25,206,289,0,0,24,189,250,0,0,40
0,8,7,5,21,2475,AA,LAX,25,206,289,0,0,24,189,250,0,0,40
-6,8,7,5,11,2475,AA,LAX,25,206,289,0,0,24,189,250,0,0,40
-3,8,7,5,12,2475,AA,LAX,25,206,289,0,0,24,189,250,0,0,40
0,8,7,5,8,2475,DL,LAX,25,206,289,0,0,24,189,250,0,0,40
-3,8,7,5,21,2475,B6,LAX,25,206,289,0,0,24,189,250,0,0,40
69,8,7,5,17,2475,DL,LAX,25,206,289,0,0,24,189,250,0,0,40
23,8,7,5,20,2475,DL,LAX,25,206,289,0,0,24,189,250,0,0,40
-4,8,7,5,7,2475,DL,LAX,25,206,289,0,0,24,189,250,0,0,40
-2,8,7,5,19,2475,AA,LAX,25,206,289,0,0,24,189,250,0,0,40
-3,8,7,5,12,2475,DL,LAX,25,206,289,0,0,24,189,250,0,0,40
5,8,7,5,8,2475,B6,LAX,25,206,289,0,0,24,189,250,0,0,40
-2,8,7,5,18,2475,B6,LAX,25,206,289,0,0,24,189,250,0,0,40
-5,8,7,5,16,2475,AA,LAX,25,206,289,0,0,24,189,250,0,0,40
4,8,7,5,13,2475,B6,LAX,25,206,289,0,0,24,189,250,0,0,40
-3,8,7,5,9,2475,DL,LAX,25,206,289,0,0,24,189,250,0,0,40
-2,8,7,5,11,2475,B6,LAX,25,206,289,0,0,24,189,250,0,0,40
4,8,7,5,10,2475,AA,LAX,25,206,289,0,0,24,189,250,0,0,40
59,8,7,5,14,2475,UA,LAX,25,206,289,0,0,24,189,250,0,0,40
3,8,7,5,11,2475,UA,LAX,25,206,289,0,0,24,189,250,0,0,40
-4,8,7,5,7,2475,VX,LAX,25,206,289,0,0,24,189,250,0,0,40
-3,8,7,5,9,2475,VX,LAX,25,206,289,0,0,24,189,250,0,0,40
96,8,7,5,13,2475,VX,LAX,25,206,289,0,0,24,189,250,0,0,40
-5,8,7,5,6,2475,UA,LAX,25,206,289,0,0,24,189,250,0,0,40
-5,8,7,5,8,2475,UA,LAX,25,206,289,0,0,24,189,250,0,0,40
1,8,7,5,19,2475,UA,LAX,25,206,289,0,0,24,189,250,0,0,40
185,8,7,5,17,2475,UA,LAX,25,206,289,0,0,24,189,250,0,0,40
-2,8,7,5,16,2475,VX,LAX,25,206,289,0,0,24,189,250,0,0,40
20,8,7,5,20,2475,VX,LAX,25,206,289,0,0,24,189,250,0,0,40
-1,8,19,3,16,2475,VX,LAX,13,250,306,0,0,18,189,239,0,0,34
30,8,19,3,19,2475,UA,LAX,13,250,306,0,0,18,189,239,0,0,34
5,8,19,3,20,2475,VX,LAX,13,250,306,0,0,18,189,239,0,0,34
2,8,19,3,14,2475,UA,LAX,13,250,306,0,0,18,189,239,0,0,34
-5,8,19,3,11,2475,UA,LAX,13,250,306,0,0,18,189,239,0,0,34
-4,8,19,3,17,2475,UA,LAX,13,250,306,0,0,18,189,239,0,0,34
-3,8,19,3,6,2475,UA,LAX,13,250,306,0,0,18,189,239,0,0,34
-4,8,19,3,8,2475,UA,LAX,13,250,306,0,0,18,189,239,0,0,34
-3,8,19,3,7,2475,VX,LAX,13,250,306,0,0,18,189,239,0,0,34
0,8,19,3,9,2475,VX,LAX,13,250,306,0,0,18,189,239,0,0,34
-1,8,19,3,13,2475,VX,LAX,13,250,306,0,0,18,189,239,0,0,34
-5,8,19,3,7,2475,AA,LAX,13,250,306,0,0,18,189,239,0,0,34
-1,8,19,3,8,2475,DL,LAX,13,250,306,0,0,18,189,239,0,0,34
0,8,19,3,21,2475,B6,LAX,13,250,306,0,0,18,189,239,0,0,34
1,8,19,3,18,2475,B6,LAX,13,250,306,0,0,18,189,239,0,0,34
8,8,19,3,15,2475,DL,LAX,13,250,306,0,0,18,189,239,0,0,34
-2,8,19,3,21,2475,AA,LAX,13,250,306,0,0,18,189,239,0,0,34
-3,8,19,3,13,2475,DL,LAX,13,250,306,0,0,18,189,239,0,0,34
0,8,19,3,18,2475,DL,LAX,13,250,306,0,0,18,189,239,0,0,34
4,8,19,3,20,2475,DL,LAX,13,250,306,0,0,18,189,239,0,0,34
-6,8,19,3,10,2475,AA,LAX,13,250,306,0,0,18,189,239,0,0,34
1,8,19,3,7,2475,DL,LAX,13,250,306,0,0,18,189,239,0,0,34
5,8,19,3,12,2475,AA,LAX,13,250,306,0,0,18,189,239,0,0,34
-1,8,19,3,12,2475,DL,LAX,13,250,306,0,0,18,189,239,0,0,34
34,8,19,3,17,2475,DL,LAX,13,250,306,0,0,18,189,239,0,0,34
-8,8,19,3,11,2475,AA,LAX,13,250,306,0,0,18,189,239,0,0,34
0,8,19,3,16,2475,AA,LAX,13,250,306,0,0,18,189,239,0,0,34
-4,8,19,3,6,2475,AA,LAX,13,250,306,0,0,18,189,239,0,0,34
-6,8,19,3,9,2475,AA,LAX,13,250,306,0,0,18,189,239,0,0,34
19,8,19,3,18,2475,AA,LAX,13,250,306,0,0,18,189,239,0,0,34
-5,8,19,3,9,2475,DL,LAX,13,250,306,0,0,18,189,239,0,0,34
-6,8,19,3,17,2475,AA,LAX,13,250,306,0,0,18,189,239,0,0,34
-2,8,19,3,15,2475,AA,LAX,13,250,306,0,0,18,189,239,0,0,34
-6,8,19,3,8,2475,B6,LAX,13,250,306,0,0,18,189,239,0,0,34
-1,8,19,3,9,2475,B6,LAX,13,250,306,0,0,18,189,239,0,0,34
-3,8,19,3,11,2475,B6,LAX,13,250,306,0,0,18,189,239,0,0,34
0,8,19,3,12,2475,B6,LAX,13,250,306,0,0,18,189,239,0,0,34
-2,8,19,3,6,2475,B6,LAX,13,250,306,0,0,18,189,239,0,0,34
0,8,19,3,16,2475,B6,LAX,13,250,306,0,0,18,189,239,0,0,34
-9,8,19,3,19,2475,AA,LAX,13,250,306,0,0,18,189,239,0,0,34
19,8,20,4,12,2475,AA,LAX,12,250,300,3,0,25,194,250,0,0,37
-6,8,20,4,10,2475,AA,LAX,12,250,300,3,0,25,194,250,0,0,37
40,8,20,4,19,2475,AA,LAX,12,250,300,3,0,25,194,250,0,0,37
-3,8,20,4,6,2475,B6,LAX,12,250,300,3,0,25,194,250,0,0,37
101,8,20,4,21,2475,AA,LAX,12,250,300,3,0,25,194,250,0,0,37
-2,8,20,4,8,2475,B6,LAX,12,250,300,3,0,25,194,250,0,0,37
-3,8,20,4,9,2475,B6,LAX,12,250,300,3,0,25,194,250,0,0,37
-3,8,20,4,11,2475,B6,LAX,12,250,300,3,0,25,194,250,0,0,37
-1,8,20,4,12,2475,B6,LAX,12,250,300,3,0,25,194,250,0,0,37
-2,8,20,4,16,2475,B6,LAX,12,250,300,3,0,25,194,250,0,0,37
-1,8,20,4,18,2475,B6,LAX,12,250,300,3,0,25,194,250,0,0,37
13,8,20,4,21,2475,B6,LAX,12,250,300,3,0,25,194,250,0,0,37
-5,8,20,4,17,2475,AA,LAX,12,250,300,3,0,25,194,250,0,0,37
-5,8,20,4,16,2475,AA,LAX,12,250,300,3,0,25,194,250,0,0,37
-2,8,20,4,6,2475,AA,LAX,12,250,300,3,0,25,194,250,0,0,37
-4,8,20,4,15,2475,AA,LAX,12,250,300,3,0,25,194,250,0,0,37
-4,8,20,4,9,2475,AA,LAX,12,250,300,3,0,25,194,250,0,0,37
101,8,20,4,18,2475,AA,LAX,12,250,300,3,0,25,194,250,0,0,37
-7,8,20,4,11,2475,AA,LAX,12,250,300,3,0,25,194,250,0,0,37
-9,8,20,4,7,2475,AA,LAX,12,250,300,3,0,25,194,250,0,0,37
5,8,20,4,13,2475,DL,LAX,12,250,300,3,0,25,194,250,0,0,37
0,8,20,4,9,2475,DL,LAX,12,250,300,3,0,25,194,250,0,0,37
-3,8,20,4,7,2475,DL,LAX,12,250,300,3,0,25,194,250,0,0,37
-2,8,20,4,17,2475,DL,LAX,12,250,300,3,0,25,194,250,0,0,37
-7,8,20,4,12,2475,DL,LAX,12,250,300,3,0,25,194,250,0,0,37
6,8,20,4,20,2475,DL,LAX,12,250,300,3,0,25,194,250,0,0,37
-1,8,20,4,15,2475,DL,LAX,12,250,300,3,0,25,194,250,0,0,37
6,8,20,4,8,2475,DL,LAX,12,250,300,3,0,25,194,250,0,0,37
1,8,20,4,18,2475,DL,LAX,12,250,300,3,0,25,194,250,0,0,37
32,8,20,4,14,2475,UA,LAX,12,250,300,3,0,25,194,250,0,0,37
-4,8,20,4,7,2475,VX,LAX,12,250,300,3,0,25,194,250,0,0,37
97,8,20,4,20,2475,VX,LAX,12,250,300,3,0,25,194,250,0,0,37
-5,8,20,4,16,2475,VX,LAX,12,250,300,3,0,25,194,250,0,0,37
-4,8,20,4,13,2475,VX,LAX,12,250,300,3,0,25,194,250,0,0,37
66,8,20,4,19,2475,UA,LAX,12,250,300,3,0,25,194,250,0,0,37
-5,8,20,4,9,2475,VX,LAX,12,250,300,3,0,25,194,250,0,0,37
-3,8,20,4,11,2475,UA,LAX,12,250,300,3,0,25,194,250,0,0,37
-1,8,20,4,17,2475,UA,LAX,12,250,300,3,0,25,194,250,0,0,37
2,8,20,4,8,2475,UA,LAX,12,250,300,3,0,25,194,250,0,0,37
-3,8,20,4,6,2475,UA,LAX,12,250,300,3,0,25,194,250,0,0,37
-11,9,3,4,7,2475,VX,LAX,2,233,339,0,0,9,194,239,0,0,28
-6,9,3,4,11,2475,B6,LAX,2,233,339,0,0,9,194,239,0,0,28
-10,9,3,4,6,2475,UA,LAX,2,233,339,0,0,9,194,239,0,0,28
-2,9,3,4,8,2475,UA,LAX,2,233,339,0,0,9,194,239,0,0,28
23,9,3,4,19,2475,UA,LAX,2,233,339,0,0,9,194,239,0,0,28
2,9,3,4,17,2475,UA,LAX,2,233,339,0,0,9,194,239,0,0,28
6,9,3,4,11,2475,UA,LAX,2,233,339,0,0,9,194,239,0,0,28
257,9,3,4,14,2475,UA,LAX,2,233,339,0,0,9,194,239,0,0,28
-3,9,3,4,15,2475,DL,LAX,2,233,339,0,0,9,194,239,0,0,28
-5,9,3,4,8,2475,DL,LAX,2,233,339,0,0,9,194,239,0,0,28
21,9,3,4,17,2475,DL,LAX,2,233,339,0,0,9,194,239,0,0,28
33,9,3,4,21,2475,DL,LAX,2,233,339,0,0,9,194,239,0,0,28
-6,9,3,4,14,2475,DL,LAX,2,233,339,0,0,9,194,239,0,0,28
-2,9,3,4,7,2475,DL,LAX,2,233,339,0,0,9,194,239,0,0,28
-5,9,3,4,9,2475,DL,LAX,2,233,339,0,0,9,194,239,0,0,28
0,9,3,4,18,2475,DL,LAX,2,233,339,0,0,9,194,239,0,0,28
-6,9,3,4,8,2475,B6,LAX,2,233,339,0,0,9,194,239,0,0,28
-3,9,3,4,21,2475,B6,LAX,2,233,339,0,0,9,194,239,0,0,28
-2,9,3,4,9,2475,B6,LAX,2,233,339,0,0,9,194,239,0,0,28
-4,9,3,4,12,2475,B6,LAX,2,233,339,0,0,9,194,239,0,0,28
0,9,3,4,18,2475,B6,LAX,2,233,339,0,0,9,194,239,0,0,28
0,9,3,4,20,2475,VX,LAX,2,233,339,0,0,9,194,239,0,0,28
-5,9,3,4,16,2475,B6,LAX,2,233,339,0,0,9,194,239,0,0,28
-3,9,3,4,6,2475,B6,LAX,2,233,339,0,0,9,194,239,0,0,28
-3,9,3,4,16,2475,VX,LAX,2,233,339,0,0,9,194,239,0,0,28
-5,9,3,4,13,2475,VX,LAX,2,233,339,0,0,9,194,239,0,0,28
-6,9,3,4,9,2475,VX,LAX,2,233,339,0,0,9,194,239,0,0,28
16,9,3,4,15,2475,AA,LAX,2,233,339,0,0,9,194,239,0,0,28
-4,9,3,4,17,2475,AA,LAX,2,233,339,0,0,9,194,239,0,0,28
-6,9,3,4,11,2475,AA,LAX,2,233,339,0,0,9,194,239,0,0,28
-3,9,3,4,9,2475,AA,LAX,2,233,339,0,0,9,194,239,0,0,28
-6,9,3,4,18,2475,AA,LAX,2,233,339,0,0,9,194,239,0,0,28
-3,9,3,4,19,2475,AA,LAX,2,233,339,0,0,9,194,239,0,0,28
-3,9,3,4,7,2475,AA,LAX,2,233,339,0,0,9,194,239,0,0,28
-7,9,3,4,12,2475,AA,LAX,2,233,339,0,0,9,194,239,0,0,28
-8,9,3,4,10,2475,AA,LAX,2,233,339,0,0,9,194,239,0,0,28
2,9,3,4,21,2475,AA,LAX,2,233,339,0,0,9,194,239,0,0,28
21,9,3,4,16,2475,AA,LAX,2,233,339,0,0,9,194,239,0,0,28
-3,9,3,4,6,2475,AA,LAX,2,233,339,0,0,9,194,239,0,0,28
-5,9,15,2,15,2475,AA,LAX,14,167,289,0,0,10,200,250,457,0,44
-2,9,15,2,6,2475,AA,LAX,14,167,289,0,0,10,200,250,457,0,44
-8,9,15,2,10,2475,AA,LAX,14,167,289,0,0,10,200,250,457,0,44
41,9,15,2,20,2475,AA,LAX,14,167,289,0,0,10,200,250,457,0,44
-3,9,15,2,21,2475,AA,LAX,14,167,289,0,0,10,200,250,457,0,44
17,9,15,2,17,2475,AA,LAX,14,167,289,0,0,10,200,250,457,0,44
-7,9,15,2,16,2475,AA,LAX,14,167,289,0,0,10,200,250,457,0,44
-7,9,15,2,8,2475,AA,LAX,14,167,289,0,0,10,200,250,457,0,44
-2,9,15,2,18,2475,AA,LAX,14,167,289,0,0,10,200,250,457,0,44
-6,9,15,2,11,2475,AA,LAX,14,167,289,0,0,10,200,250,457,0,44
-6,9,15,2,12,2475,AA,LAX,14,167,289,0,0,10,200,250,457,0,44
0,9,15,2,9,2475,AA,LAX,14,167,289,0,0,10,200,250,457,0,44
15,9,15,2,21,2475,DL,LAX,14,167,289,0,0,10,200,250,457,0,44
-3,9,15,2,13,2475,DL,LAX,14,167,289,0,0,10,200,250,457,0,44
-4,9,15,2,8,2475,DL,LAX,14,167,289,0,0,10,200,250,457,0,44
1,9,15,2,15,2475,DL,LAX,14,167,289,0,0,10,200,250,457,0,44
-7,9,15,2,7,2475,VX,LAX,14,167,289,0,0,10,200,250,457,0,44
-3,9,15,2,9,2475,VX,LAX,14,167,289,0,0,10,200,250,457,0,44
-3,9,15,2,13,2475,B6,LAX,14,167,289,0,0,10,200,250,457,0,44
-4,9,15,2,20,2475,VX,LAX,14,167,289,0,0,10,200,250,457,0,44
-7,9,15,2,11,2475,B6,LAX,14,167,289,0,0,10,200,250,457,0,44
0,9,15,2,16,2475,VX,LAX,14,167,289,0,0,10,200,250,457,0,44
-7,9,15,2,13,2475,VX,LAX,14,167,289,0,0,10,200,250,457,0,44
-5,9,15,2,19,2475,B6,LAX,14,167,289,0,0,10,200,250,457,0,44
10,9,15,2,17,2475,DL,LAX,14,167,289,0,0,10,200,250,457,0,44
-1,9,15,2,20,2475,B6,LAX,14,167,289,0,0,10,200,250,457,0,44
-4,9,15,2,9,2475,B6,LAX,14,167,289,0,0,10,200,250,457,0,44
-4,9,15,2,14,2475,UA,LAX,14,167,289,0,0,10,200,250,457,0,44
8,9,15,2,11,2475,UA,LAX,14,167,289,0,0,10,200,250,457,0,44
0,9,15,2,17,2475,UA,LAX,14,167,289,0,0,10,200,250,457,0,44
36,9,15,2,19,2475,UA,LAX,14,167,289,0,0,10,200,250,457,0,44
7,9,15,2,6,2475,UA,LAX,14,167,289,0,0,10,200,250,457,0,44
0,9,15,2,18,2475,DL,LAX,14,167,289,0,0,10,200,250,457,0,44
-6,9,15,2,7,2475,DL,LAX,14,167,289,0,0,10,200,250,457,0,44
13,9,15,2,7,2475,B6,LAX,14,167,289,0,0,10,200,250,457,0,44
-6,9,15,2,17,2475,B6,LAX,14,167,289,0,0,10,200,250,457,0,44
-1,9,27,7,9,2475,B6,LAX,16,133,217,0,0,22,200,267,0,0,25
-6,9,27,7,13,2475,B6,LAX,16,133,217,0,0,22,200,267,0,0,25
3,9,27,7,11,2475,UA,LAX,16,133,217,0,0,22,200,267,0,0,25
-7,9,27,7,11,2475,B6,LAX,16,133,217,0,0,22,200,267,0,0,25
4,9,27,7,19,2475,UA,LAX,16,133,217,0,0,22,200,267,0,0,25
-1,9,27,7,20,2475,B6,LAX,16,133,217,0,0,22,200,267,0,0,25
-3,9,27,7,20,2475,VX,LAX,16,133,217,0,0,22,200,267,0,0,25
23,9,27,7,16,2475,VX,LAX,16,133,217,0,0,22,200,267,0,0,25
-2,9,27,7,7,2475,B6,LAX,16,133,217,0,0,22,200,267,0,0,25
28,9,27,7,13,2475,VX,LAX,16,133,217,0,0,22,200,267,0,0,25
-5,9,27,7,9,2475,VX,LAX,16,133,217,0,0,22,200,267,0,0,25
-5,9,27,7,7,2475,VX,LAX,16,133,217,0,0,22,200,267,0,0,25
-3,9,27,7,19,2475,B6,LAX,16,133,217,0,0,22,200,267,0,0,25
-4,9,27,7,14,2475,UA,LAX,16,133,217,0,0,22,200,267,0,0,25
-5,9,27,7,16,2475,B6,LAX,16,133,217,0,0,22,200,267,0,0,25
9,9,27,7,17,2475,UA,LAX,16,133,217,0,0,22,200,267,0,0,25
40,9,27,7,8,2475,UA,LAX,16,133,217,0,0,22,200,267,0,0,25
-1,9,27,7,12,2475,DL,LAX,16,133,217,0,0,22,200,267,0,0,25
-3,9,27,7,9,2475,DL,LAX,16,133,217,0,0,22,200,267,0,0,25
32,9,27,7,18,2475,DL,LAX,16,133,217,0,0,22,200,267,0,0,25
-4,9,27,7,15,2475,DL,LAX,16,133,217,0,0,22,200,267,0,0,25
0,9,27,7,8,2475,DL,LAX,16,133,217,0,0,22,200,267,0,0,25
1,9,27,7,13,2475,DL,LAX,16,133,217,0,0,22,200,267,0,0,25
33,9,27,7,17,2475,DL,LAX,16,133,217,0,0,22,200,267,0,0,25
21,9,27,7,21,2475,DL,LAX,16,133,217,0,0,22,200,267,0,0,25
-1,9,27,7,7,2475,DL,LAX,16,133,217,0,0,22,200,267,0,0,25
-5,9,27,7,9,2475,AA,LAX,16,133,217,0,0,22,200,267,0,0,25
15,9,27,7,10,2475,AA,LAX,16,133,217,0,0,22,200,267,0,0,25
-4,9,27,7,15,2475,AA,LAX,16,133,217,0,0,22,200,267,0,0,25
-2,9,27,7,17,2475,AA,LAX,16,133,217,0,0,22,200,267,0,0,25
7,9,27,7,21,2475,AA,LAX,16,133,217,0,0,22,200,267,0,0,25
-3,9,27,7,6,2475,AA,LAX,16,133,217,0,0,22,200,267,0,0,25
-4,9,27,7,20,2475,AA,LAX,16,133,217,0,0,22,200,267,0,0,25
1,9,27,7,16,2475,AA,LAX,16,133,217,0,0,22,200,267,0,0,25
-4,9,27,7,8,2475,AA,LAX,16,133,217,0,0,22,200,267,0,0,25
-2,9,27,7,11,2475,AA,LAX,16,133,217,0,0,22,200,267,0,0,25
-4,9,27,7,12,2475,AA,LAX,16,133,217,0,0,22,200,267,0,0,25
1,9,27,7,18,2475,AA,LAX,16,133,217,0,0,22,200,267,0,0,25
