-6,1,5,6,15,2475,AA,LAX,4,0,56,0,0,30
-9,1,5,6,9,2475,AA,LAX,4,0,56,0,0,30
68,1,5,6,12,2475,AA,LAX,4,0,56,0,0,30
11,1,5,6,21,2475,AA,LAX,4,0,56,0,0,30
-2,1,5,6,19,2475,AA,LAX,4,0,56,0,0,30
1,1,5,6,10,2475,AA,LAX,4,0,56,0,0,30
1,1,5,6,13,2475,AA,LAX,4,0,56,0,0,30
-4,1,5,6,16,2475,AA,LAX,4,0,56,0,0,30
-2,1,5,6,9,2475,B6,LAX,4,0,56,0,0,30
-3,1,5,6,19,2475,UA,LAX,4,0,56,0,0,30
-4,1,5,6,6,2475,UA,LAX,4,0,56,0,0,30
3,1,5,6,13,2475,VX,LAX,4,0,56,0,0,30
-3,1,5,6,9,2475,DL,LAX,4,0,56,0,0,30
0,1,5,6,19,2475,DL,LAX,4,0,56,0,0,30
44,1,5,6,15,2475,DL,LAX,4,0,56,0,0,30
9,1,5,6,16,2475,VX,LAX,4,0,56,0,0,30
8,1,5,6,20,2475,VX,LAX,4,0,56,0,0,30
-9,1,5,6,12,2475,DL,LAX,4,0,56,0,0,30
14,1,5,6,17,2475,DL,LAX,4,0,56,0,0,30
-2,1,5,6,11,2475,UA,LAX,4,0,56,0,0,30
-5,1,5,6,15,2475,UA,LAX,4,0,56,0,0,30
6,1,5,6,8,2475,UA,LAX,4,0,56,0,0,30
0,1,5,6,7,2475,VX,LAX,4,0,56,0,0,30
-3,1,5,6,9,2475,VX,LAX,4,0,56,0,0,30
12,1,5,6,11,2475,VX,LAX,4,0,56,0,0,30
0,1,5,6,12,2475,B6,LAX,4,0,56,0,0,30
1,1,5,6,16,2475,B6,LAX,4,0,56,0,0,30
5,1,5,6,20,2475,B6,LAX,4,0,56,0,0,30
8,1,12,6,8,2475,UA,LAX,9,56,83,5,0,17
13,1,12,6,19,2475,DL,LAX,9,56,83,5,0,17
-2,1,12,6,9,2475,DL,LAX,9,56,83,5,0,17
-8,1,12,6,12,2475,DL,LAX,9,56,83,5,0,17
17,1,12,6,17,2475,DL,LAX,9,56,83,5,0,17
-6,1,12,6,16,2475,B6,LAX,9,56,83,5,0,17
-9,1,12,6,16,2475,VX,LAX,9,56,83,5,0,17
15,1,12,6,20,2475,B6,LAX,9,56,83,5,0,17
-2,1,12,6,17,2475,UA,LAX,9,56,83,5,0,17
-5,1,12,6,7,2475,VX,LAX,9,56,83,5,0,17
-2,1,12,6,9,2475,VX,LAX,9,56,83,5,0,17
-4,1,12,6,13,2475,VX,LAX,9,56,83,5,0,17
-2,1,12,6,15,2475,DL,LAX,9,56,83,5,0,17
4,1,12,6,6,2475,UA,LAX,9,56,83,5,0,17
0,1,12,6,11,2475,B6,LAX,9,56,83,5,0,17
-5,1,12,6,11,2475,UA,LAX,9,56,83,5,0,17
0,1,12,6,15,2475,UA,LAX,9,56,83,5,0,17
4,1,12,6,16,2475,AA,LAX,9,56,83,5,0,17
-4,1,12,6,15,2475,AA,LAX,9,56,83,5,0,17
1,1,12,6,13,2475,AA,LAX,9,56,83,5,0,17
-1,1,12,6,19,2475,AA,LAX,9,56,83,5,0,17
-3,1,12,6,12,2475,AA,LAX,9,56,83,5,0,17
-3,1,12,6,10,2475,AA,LAX,9,56,83,5,0,17
-6,1,12,6,9,2475,AA,LAX,9,56,83,5,0,17
-5,1,12,6,21,2475,AA,LAX,9,56,83,5,0,17
-7,1,19,6,12,2475,AA,LAX,2,-11,106,0,0,44
-4,1,19,6,21,2475,AA,LAX,2,-11,106,0,0,44
18,1,19,6,19,2475,AA,LAX,2,-11,106,0,0,44
5,1,19,6,13,2475,AA,LAX,2,-11,106,0,0,44
-1,1,19,6,15,2475,AA,LAX,2,-11,106,0,0,44
-6,1,19,6,16,2475,AA,LAX,2,-11,106,0,0,44
-4,1,19,6,10,2475,AA,LAX,2,-11,106,0,0,44
-1,1,19,6,9,2475,AA,LAX,2,-11,106,0,0,44
-3,1,19,6,15,2475,DL,LAX,2,-11,106,0,0,44
-9,1,19,6,9,2475,VX,LAX,2,-11,106,0,0,44
-2,1,19,6,8,2475,UA,LAX,2,-11,106,0,0,44
-1,1,19,6,7,2475,VX,LAX,2,-11,106,0,0,44
4,1,19,6,17,2475,UA,LAX,2,-11,106,0,0,44
-6,1,19,6,20,2475,B6,LAX,2,-11,106,0,0,44
-2,1,19,6,16,2475,B6,LAX,2,-11,106,0,0,44
3,1,19,6,11,2475,B6,LAX,2,-11,106,0,0,44
-7,1,19,6,11,2475,UA,LAX,2,-11,106,0,0,44
-5,1,19,6,15,2475,UA,LAX,2,-11,106,0,0,44
1,1,19,6,6,2475,UA,LAX,2,-11,106,0,0,44
-5,1,19,6,12,2475,DL,LAX,2,-11,106,0,0,44
-5,1,19,6,17,2475,DL,LAX,2,-11,106,0,0,44
-1,1,19,6,9,2475,DL,LAX,2,-11,106,0,0,44
-4,1,19,6,19,2475,DL,LAX,2,-11,106,0,0,44
-2,1,19,6,13,2475,VX,LAX,2,-11,106,0,0,44
22,1,19,6,16,2475,VX,LAX,2,-11,106,0,0,44
4,1,26,6,16,2475,B6,LAX,5,-94,-28,0,0,30
16,1,26,6,11,2475,B6,LAX,5,-94,-28,0,0,30
-3,1,26,6,9,2475,DL,LAX,5,-94,-28,0,0,30
-5,1,26,6,15,2475,DL,LAX,5,-94,-28,0,0,30
0,1,26,6,19,2475,DL,LAX,5,-94,-28,0,0,30
-4,1,26,6,12,2475,DL,LAX,5,-94,-28,0,0,30
-1,1,26,6,13,2475,VX,LAX,5,-94,-28,0,0,30
15,1,26,6,17,2475,DL,LAX,5,-94,-28,0,0,30
-3,1,26,6,9,2475,VX,LAX,5,-94,-28,0,0,30
3,1,26,6,7,2475,VX,LAX,5,-94,-28,0,0,30
-6,1,26,6,16,2475,VX,LAX,5,-94,-28,0,0,30
-6,1,26,6,20,2475,B6,LAX,5,-94,-28,0,0,30
-5,1,26,6,8,2475,UA,LAX,5,-94,-28,0,0,30
-6,1,26,6,15,2475,UA,LAX,5,-94,-28,0,0,30
-8,1,26,6,16,2475,AA,LAX,5,-94,-28,0,0,30
-4,1,26,6,21,2475,AA,LAX,5,-94,-28,0,0,30
-1,1,26,6,11,2475,UA,LAX,5,-94,-28,0,0,30
4,1,26,6,10,2475,AA,LAX,5,-94,-28,0,0,30
-4,1,26,6,17,2475,UA,LAX,5,-94,-28,0,0,30
-7,1,26,6,19,2475,AA,LAX,5,-94,-28,0,0,30
-7,1,26,6,13,2475,AA,LAX,5,-94,-28,0,0,30
83,1,26,6,15,2475,AA,LAX,5,-94,-28,0,0,30
-6,1,26,6,6,2475,UA,LAX,5,-94,-28,0,0,30
10,1,26,6,9,2475,AA,LAX,5,-94,-28,0,0,30
-7,1,26,6,12,2475,AA,LAX,5,-94,-28,0,0,30
3,2,3,7,11,2475,UA,LAX,13,-44,-11,5,8,16
-4,2,3,7,15,2475,UA,LAX,13,-44,-11,5,8,16
-3,2,3,7,17,2475,UA,LAX,13,-44,-11,5,8,16
-1,2,3,7,20,2475,UA,LAX,13,-44,-11,5,8,16
-2,2,3,7,9,2475,VX,LAX,13,-44,-11,5,8,16
3,2,3,7,13,2475,VX,LAX,13,-44,-11,5,8,16
-1,2,3,7,16,2475,VX,LAX,13,-44,-11,5,8,16
-4,2,3,7,20,2475,VX,LAX,13,-44,-11,5,8,16
9,2,3,7,8,2475,UA,LAX,13,-44,-11,5,8,16
-3,2,3,7,13,2475,AA,LAX,13,-44,-11,5,8,16
-5,2,3,7,15,2475,DL,LAX,13,-44,-11,5,8,16
-4,2,3,7,19,2475,DL,LAX,13,-44,-11,5,8,16
-2,2,3,7,21,2475,DL,LAX,13,-44,-11,5,8,16
29,2,3,7,7,2475,AA,LAX,13,-44,-11,5,8,16
83,2,3,7,20,2475,B6,LAX,13,-44,-11,5,8,16
8,2,3,7,16,2475,B6,LAX,13,-44,-11,5,8,16
-3,2,3,7,16,2475,AA,LAX,13,-44,-11,5,8,16
-8,2,3,7,19,2475,AA,LAX,13,-44,-11,5,8,16
29,2,3,7,11,2475,B6,LAX,13,-44,-11,5,8,16
60,2,3,7,15,2475,AA,LAX,13,-44,-11,5,8,16
-6,2,3,7,7,2475,B6,LAX,13,-44,-11,5,8,16
9,2,3,7,12,2475,AA,LAX,13,-44,-11,5,8,16
-6,2,3,7,17,2475,DL,LAX,13,-44,-11,5,8,16
-5,2,3,7,9,2475,AA,LAX,13,-44,-11,5,8,16
-4,2,3,7,12,2475,DL,LAX,13,-44,-11,5,8,16
-5,2,3,7,9,2475,DL,LAX,13,-44,-11,5,8,16
26,2,3,7,21,2475,AA,LAX,13,-44,-11,5,8,16
-6,2,3,7,10,2475,AA,LAX,13,-44,-11,5,8,16
56,2,10,7,15,2475,DL,LAX,8,-78,22,0,0,14
8,2,10,7,21,2475,DL,LAX,8,-78,22,0,0,14
-6,2,10,7,7,2475,AA,LAX,8,-78,22,0,0,14
-5,2,10,7,19,2475,DL,LAX,8,-78,22,0,0,14
-4,2,10,7,16,2475,B6,LAX,8,-78,22,0,0,14
-1,2,10,7,11,2475,B6,LAX,8,-78,22,0,0,14
0,2,10,7,9,2475,AA,LAX,8,-78,22,0,0,14
-4,2,10,7,7,2475,B6,LAX,8,-78,22,0,0,14
222,2,10,7,19,2475,AA,LAX,8,-78,22,0,0,14
0,2,10,7,16,2475,AA,LAX,8,-78,22,0,0,14
-4,2,10,7,12,2475,AA,LAX,8,-78,22,0,0,14
-4,2,10,7,10,2475,AA,LAX,8,-78,22,0,0,14
-4,2,10,7,13,2475,AA,LAX,8,-78,22,0,0,14
13,2,10,7,20,2475,B6,LAX,8,-78,22,0,0,14
-2,2,10,7,21,2475,AA,LAX,8,-78,22,0,0,14
3,2,10,7,15,2475,AA,LAX,8,-78,22,0,0,14
19,2,10,7,17,2475,DL,LAX,8,-78,22,0,0,14
-3,2,10,7,9,2475,DL,LAX,8,-78,22,0,0,14
-5,2,10,7,12,2475,DL,LAX,8,-78,22,0,0,14
152,2,10,7,8,2475,UA,LAX,8,-78,22,0,0,14
-2,2,10,7,20,2475,UA,LAX,8,-78,22,0,0,14
-1,2,10,7,15,2475,UA,LAX,8,-78,22,0,0,14
-6,2,10,7,20,2475,VX,LAX,8,-78,22,0,0,14
128,2,10,7,9,2475,VX,LAX,8,-78,22,0,0,14
9,2,10,7,13,2475,VX,LAX,8,-78,22,0,0,14
-6,2,10,7,17,2475,UA,LAX,8,-78,22,0,0,14
2,2,10,7,16,2475,VX,LAX,8,-78,22,0,0,14
-1,2,17,7,13,2475,VX,LAX,1,-78,0,0,0,55
-1,2,17,7,20,2475,VX,LAX,1,-78,0,0,0,55
-2,2,17,7,17,2475,UA,LAX,1,-78,0,0,0,55
-5,2,17,7,19,2475,DL,LAX,1,-78,0,0,0,55
-5,2,17,7,9,2475,DL,LAX,1,-78,0,0,0,55
-5,2,17,7,17,2475,DL,LAX,1,-78,0,0,0,55
-4,2,17,7,12,2475,DL,LAX,1,-78,0,0,0,55
-1,2,17,7,15,2475,DL,LAX,1,-78,0,0,0,55
14,2,17,7,16,2475,VX,LAX,1,-78,0,0,0,55
-5,2,17,7,11,2475,UA,LAX,1,-78,0,0,0,55
-4,2,17,7,20,2475,UA,LAX,1,-78,0,0,0,55
-2,2,17,7,15,2475,UA,LAX,1,-78,0,0,0,55
-4,2,17,7,8,2475,UA,LAX,1,-78,0,0,0,55
-5,2,17,7,9,2475,VX,LAX,1,-78,0,0,0,55
3,2,17,7,13,2475,AA,LAX,1,-78,0,0,0,55
72,2,17,7,7,2475,B6,LAX,1,-78,0,0,0,55
-1,2,17,7,9,2475,AA,LAX,1,-78,0,0,0,55
64,2,17,7,16,2475,B6,LAX,1,-78,0,0,0,55
119,2,17,7,20,2475,B6,LAX,1,-78,0,0,0,55
-2,2,17,7,10,2475,AA,LAX,1,-78,0,0,0,55
-3,2,17,7,16,2475,AA,LAX,1,-78,0,0,0,55
11,2,17,7,15,2475,AA,LAX,1,-78,0,0,0,55
-8,2,17,7,19,2475,AA,LAX,1,-78,0,0,0,55
-10,2,17,7,7,2475,AA,LAX,1,-78,0,0,0,55
-7,2,17,7,12,2475,AA,LAX,1,-78,0,0,0,55
-4,2,17,7,11,2475,B6,LAX,1,-78,0,0,0,55
33,2,17,7,21,2475,AA,LAX,1,-78,0,0,0,55
-4,2,24,7,8,2475,UA,LAX,6,11,83,3,0,32
-3,2,24,7,17,2475,UA,LAX,6,11,83,3,0,32
-4,2,24,7,15,2475,UA,LAX,6,11,83,3,0,32
-4,2,24,7,20,2475,UA,LAX,6,11,83,3,0,32
-2,2,24,7,11,2475,UA,LAX,6,11,83,3,0,32
-3,2,24,7,16,2475,AA,LAX,6,11,83,3,0,32
0,2,24,7,20,2475,B6,LAX,6,11,83,3,0,32
5,2,24,7,16,2475,B6,LAX,6,11,83,3,0,32
-4,2,24,7,11,2475,B6,LAX,6,11,83,3,0,32
-7,2,24,7,7,2475,B6,LAX,6,11,83,3,0,32
50,2,24,7,21,2475,AA,LAX,6,11,83,3,0,32
-2,2,24,7,7,2475,AA,LAX,6,11,83,3,0,32
149,2,24,7,19,2475,AA,LAX,6,11,83,3,0,32
-4,2,24,7,10,2475,AA,LAX,6,11,83,3,0,32
-7,2,24,7,12,2475,AA,LAX,6,11,83,3,0,32
-2,2,24,7,9,2475,AA,LAX,6,11,83,3,0,32
0,2,24,7,15,2475,AA,LAX,6,11,83,3,0,32
-1,2,24,7,13,2475,AA,LAX,6,11,83,3,0,32
-3,2,24,7,9,2475,DL,LAX,6,11,83,3,0,32
0,2,24,7,19,2475,DL,LAX,6,11,83,3,0,32
-3,2,24,7,15,2475,DL,LAX,6,11,83,3,0,32
-7,2,24,7,21,2475,DL,LAX,6,11,83,3,0,32
0,2,24,7,12,2475,DL,LAX,6,11,83,3,0,32
-5,2,24,7,16,2475,VX,LAX,6,11,83,3,0,32
70,2,24,7,13,2475,VX,LAX,6,11,83,3,0,32
-5,2,24,7,9,2475,VX,LAX,6,11,83,3,0,32
-4,2,24,7,20,2475,VX,LAX,6,11,83,3,0,32
-1,2,24,7,7,2475,VX,LAX,6,11,83,3,0,32
-5,2,24,7,17,2475,DL,LAX,6,11,83,3,0,32
6,3,1,5,7,2475,VX,LAX,11,22,72,0,0,24
14,3,1,5,20,2475,VX,LAX,11,22,72,0,0,24
9,3,1,5,16,2475,VX,LAX,11,22,72,0,0,24
17,3,1,5,13,2475,VX,LAX,11,22,72,0,0,24
7,3,1,5,9,2475,VX,LAX,11,22,72,0,0,24
164,3,1,5,16,2475,AA,LAX,11,22,72,0,0,24
-3,3,1,5,7,2475,AA,LAX,11,22,72,0,0,24
3,3,1,5,9,2475,AA,LAX,11,22,72,0,0,24
-1,3,1,5,10,2475,AA,LAX,11,22,72,0,0,24
113,3,1,5,15,2475,AA,LAX,11,22,72,0,0,24
27,3,1,5,21,2475,AA,LAX,11,22,72,0,0,24
184,3,1,5,19,2475,AA,LAX,11,22,72,0,0,24
-2,3,1,5,13,2475,AA,LAX,11,22,72,0,0,24
-3,3,1,5,12,2475,AA,LAX,11,22,72,0,0,24
33,3,1,5,11,2475,B6,LAX,11,22,72,0,0,24
-1,3,1,5,7,2475,B6,LAX,11,22,72,0,0,24
11,3,1,5,21,2475,DL,LAX,11,22,72,0,0,24
-3,3,1,5,7,2475,DL,LAX,11,22,72,0,0,24
-3,3,1,5,12,2475,DL,LAX,11,22,72,0,0,24
-5,3,1,5,18,2475,DL,LAX,11,22,72,0,0,24
-5,3,1,5,17,2475,DL,LAX,11,22,72,0,0,24
-3,3,1,5,9,2475,DL,LAX,11,22,72,0,0,24
-4,3,1,5,19,2475,DL,LAX,11,22,72,0,0,24
-5,3,1,5,15,2475,DL,LAX,11,22,72,0,0,24
36,3,1,5,20,2475,B6,LAX,11,22,72,0,0,24
17,3,1,5,16,2475,B6,LAX,11,22,72,0,0,24
-5,3,1,5,17,2475,UA,LAX,11,22,72,0,0,24
-5,3,1,5,11,2475,UA,LAX,11,22,72,0,0,24
-3,3,1,5,6,2475,UA,LAX,11,22,72,0,0,24
-4,3,1,5,8,2475,UA,LAX,11,22,72,0,0,24
51,3,1,5,15,2475,UA,LAX,11,22,72,0,0,24
-2,3,1,5,20,2475,UA,LAX,11,22,72,0,0,24
66,3,8,5,8,2475,UA,LAX,18,-6,56,137,102,34
0,3,8,5,15,2475,UA,LAX,18,-6,56,137,102,34
-8,3,8,5,17,2475,UA,LAX,18,-6,56,137,102,34
58,3,8,5,11,2475,UA,LAX,18,-6,56,137,102,34
48,3,8,5,20,2475,UA,LAX,18,-6,56,137,102,34
-1,3,8,5,6,2475,UA,LAX,18,-6,56,137,102,34
-4,3,8,5,7,2475,VX,LAX,18,-6,56,137,102,34
76,3,8,5,9,2475,VX,LAX,18,-6,56,137,102,34
5,3,8,5,13,2475,VX,LAX,18,-6,56,137,102,34
-1,3,8,5,16,2475,VX,LAX,18,-6,56,137,102,34
100,3,8,5,20,2475,VX,LAX,18,-6,56,137,102,34
-3,3,8,5,9,2475,DL,LAX,18,-6,56,137,102,34
1,3,8,5,17,2475,DL,LAX,18,-6,56,137,102,34
-3,3,8,5,7,2475,DL,LAX,18,-6,56,137,102,34
-6,3,8,5,12,2475,DL,LAX,18,-6,56,137,102,34
6,3,8,5,14,2475,DL,LAX,18,-6,56,137,102,34
-3,3,8,5,16,2475,DL,LAX,18,-6,56,137,102,34
53,3,8,5,21,2475,DL,LAX,18,-6,56,137,102,34
-1,3,8,5,19,2475,DL,LAX,18,-6,56,137,102,34
3,3,8,5,13,2475,AA,LAX,18,-6,56,137,102,34
102,3,8,5,9,2475,AA,LAX,18,-6,56,137,102,34
138,3,8,5,21,2475,AA,LAX,18,-6,56,137,102,34
18,3,8,5,12,2475,AA,LAX,18,-6,56,137,102,34
92,3,8,5,10,2475,AA,LAX,18,-6,56,137,102,34
23,3,8,5,19,2475,AA,LAX,18,-6,56,137,102,34
70,3,8,5,16,2475,AA,LAX,18,-6,56,137,102,34
48,3,8,5,7,2475,AA,LAX,18,-6,56,137,102,34
17,3,8,5,7,2475,B6,LAX,18,-6,56,137,102,34
93,3,8,5,11,2475,B6,LAX,18,-6,56,137,102,34
44,3,8,5,16,2475,B6,LAX,18,-6,56,137,102,34
65,3,8,5,20,2475,B6,LAX,18,-6,56,137,102,34
-1,3,8,5,15,2475,AA,LAX,18,-6,56,137,102,34
19,3,15,5,11,2475,B6,LAX,25,-11,83,0,0,35
5,3,15,5,16,2475,B6,LAX,25,-11,83,0,0,35
12,3,15,5,20,2475,B6,LAX,25,-11,83,0,0,35
-3,3,15,5,7,2475,AA,LAX,25,-11,83,0,0,35
-10,3,15,5,19,2475,AA,LAX,25,-11,83,0,0,35
-3,3,15,5,10,2475,AA,LAX,25,-11,83,0,0,35
-4,3,15,5,13,2475,AA,LAX,25,-11,83,0,0,35
-4,3,15,5,12,2475,AA,LAX,25,-11,83,0,0,35
-2,3,15,5,15,2475,AA,LAX,25,-11,83,0,0,35
5,3,15,5,16,2475,AA,LAX,25,-11,83,0,0,35
-2,3,15,5,9,2475,AA,LAX,25,-11,83,0,0,35
0,3,15,5,21,2475,AA,LAX,25,-11,83,0,0,35
-1,3,15,5,7,2475,B6,LAX,25,-11,83,0,0,35
28,3,15,5,19,2475,DL,LAX,25,-11,83,0,0,35
-3,3,15,5,17,2475,DL,LAX,25,-11,83,0,0,35
0,3,15,5,16,2475,DL,LAX,25,-11,83,0,0,35
-4,3,15,5,14,2475,DL,LAX,25,-11,83,0,0,35
-5,3,15,5,12,2475,DL,LAX,25,-11,83,0,0,35
3,3,15,5,7,2475,DL,LAX,25,-11,83,0,0,35
-3,3,15,5,9,2475,DL,LAX,25,-11,83,0,0,35
-5,3,15,5,21,2475,DL,LAX,25,-11,83,0,0,35
-1,3,15,5,20,2475,VX,LAX,25,-11,83,0,0,35
-2,3,15,5,16,2475,VX,LAX,25,-11,83,0,0,35
1,3,15,5,13,2475,VX,LAX,25,-11,83,0,0,35
5,3,15,5,9,2475,VX,LAX,25,-11,83,0,0,35
-2,3,15,5,7,2475,VX,LAX,25,-11,83,0,0,35
2,3,15,5,8,2475,UA,LAX,25,-11,83,0,0,35
-5,3,15,5,6,2475,UA,LAX,25,-11,83,0,0,35
-3,3,15,5,20,2475,UA,LAX,25,-11,83,0,0,35
8,3,15,5,11,2475,UA,LAX,25,-11,83,0,0,35
-5,3,15,5,17,2475,UA,LAX,25,-11,83,0,0,35
17,3,15,5,15,2475,UA,LAX,25,-11,83,0,0,35
13,3,22,5,7,2475,VX,LAX,32,-22,50,0,0,40
26,3,22,5,9,2475,VX,LAX,32,-22,50,0,0,40
-1,3,22,5,13,2475,VX,LAX,32,-22,50,0,0,40
10,3,22,5,16,2475,VX,LAX,32,-22,50,0,0,40
6,3,22,5,20,2475,VX,LAX,32,-22,50,0,0,40
-6,3,22,5,9,2475,DL,LAX,32,-22,50,0,0,40
-1,3,22,5,19,2475,DL,LAX,32,-22,50,0,0,40
-2,3,22,5,12,2475,DL,LAX,32,-22,50,0,0,40
-4,3,22,5,7,2475,DL,LAX,32,-22,50,0,0,40
-2,3,22,5,17,2475,DL,LAX,32,-22,50,0,0,40
-2,3,22,5,21,2475,DL,LAX,32,-22,50,0,0,40
-4,3,22,5,16,2475,DL,LAX,32,-22,50,0,0,40
-2,3,22,5,14,2475,DL,LAX,32,-22,50,0,0,40
-3,3,22,5,20,2475,B6,LAX,32,-22,50,0,0,40
-4,3,22,5,16,2475,B6,LAX,32,-22,50,0,0,40
3,3,22,5,11,2475,B6,LAX,32,-22,50,0,0,40
-4,3,22,5,7,2475,B6,LAX,32,-22,50,0,0,40
-7,3,22,5,7,2475,AA,LAX,32,-22,50,0,0,40
0,3,22,5,19,2475,AA,LAX,32,-22,50,0,0,40
-6,3,22,5,10,2475,AA,LAX,32,-22,50,0,0,40
1,3,22,5,12,2475,AA,LAX,32,-22,50,0,0,40
-2,3,22,5,9,2475,AA,LAX,32,-22,50,0,0,40
-4,3,22,5,21,2475,AA,LAX,32,-22,50,0,0,40
-6,3,22,5,16,2475,AA,LAX,32,-22,50,0,0,40
-8,3,22,5,15,2475,AA,LAX,32,-22,50,0,0,40
-8,3,22,5,13,2475,AA,LAX,32,-22,50,0,0,40
-4,3,22,5,6,2475,UA,LAX,32,-22,50,0,0,40
3,3,22,5,20,2475,UA,LAX,32,-22,50,0,0,40
-6,3,22,5,11,2475,UA,LAX,32,-22,50,0,0,40
-2,3,22,5,17,2475,UA,LAX,32,-22,50,0,0,40
1,3,22,5,8,2475,UA,LAX,32,-22,50,0,0,40
-3,3,22,5,15,2475,UA,LAX,32,-22,50,0,0,40
-2,3,29,5,8,2475,UA,LAX,39,44,128,0,0,25
-7,3,29,5,11,2475,UA,LAX,39,44,128,0,0,25
19,3,29,5,20,2475,UA,LAX,39,44,128,0,0,25
6,3,29,5,19,2475,AA,LAX,39,44,128,0,0,25
-6,3,29,5,6,2475,UA,LAX,39,44,128,0,0,25
-11,3,29,5,12,2475,AA,LAX,39,44,128,0,0,25
-3,3,29,5,7,2475,AA,LAX,39,44,128,0,0,25
-9,3,29,5,17,2475,UA,LAX,39,44,128,0,0,25
-2,3,29,5,21,2475,AA,LAX,39,44,128,0,0,25
-5,3,29,5,13,2475,AA,LAX,39,44,128,0,0,25
62,3,29,5,16,2475,AA,LAX,39,44,128,0,0,25
3,3,29,5,15,2475,AA,LAX,39,44,128,0,0,25
-2,3,29,5,15,2475,UA,LAX,39,44,128,0,0,25
-6,3,29,5,9,2475,AA,LAX,39,44,128,0,0,25
-3,3,29,5,10,2475,AA,LAX,39,44,128,0,0,25
92,3,29,5,19,2475,DL,LAX,39,44,128,0,0,25
-5,3,29,5,21,2475,DL,LAX,39,44,128,0,0,25
15,3,29,5,9,2475,DL,LAX,39,44,128,0,0,25
-6,3,29,5,16,2475,DL,LAX,39,44,128,0,0,25
-2,3,29,5,16,2475,B6,LAX,39,44,128,0,0,25
-5,3,29,5,11,2475,B6,LAX,39,44,128,0,0,25
-5,3,29,5,7,2475,B6,LAX,39,44,128,0,0,25
-4,3,29,5,20,2475,B6,LAX,39,44,128,0,0,25
-3,3,29,5,17,2475,DL,LAX,39,44,128,0,0,25
4,3,29,5,16,2475,VX,LAX,39,44,128,0,0,25
-5,3,29,5,13,2475,VX,LAX,39,44,128,0,0,25
31,3,29,5,9,2475,VX,LAX,39,44,128,0,0,25
-6,3,29,5,14,2475,DL,LAX,39,44,128,0,0,25
-4,3,29,5,12,2475,DL,LAX,39,44,128,0,0,25
-2,3,29,5,7,2475,VX,LAX,39,44,128,0,0,25
0,3,29,5,7,2475,DL,LAX,39,44,128,0,0,25
-3,3,29,5,20,2475,VX,LAX,39,44,128,0,0,25
-7,4,6,6,11,2475,B6,LAX,46,17,111,0,0,27
-3,4,6,6,19,2475,DL,LAX,46,17,111,0,0,27
-4,4,6,6,12,2475,DL,LAX,46,17,111,0,0,27
-3,4,6,6,20,2475,B6,LAX,46,17,111,0,0,27
-3,4,6,6,16,2475,DL,LAX,46,17,111,0,0,27
-5,4,6,6,9,2475,DL,LAX,46,17,111,0,0,27
69,4,6,6,17,2475,DL,LAX,46,17,111,0,0,27
-10,4,6,6,10,2475,AA,LAX,46,17,111,0,0,27
-4,4,6,6,19,2475,AA,LAX,46,17,111,0,0,27
-4,4,6,6,7,2475,AA,LAX,46,17,111,0,0,27
-9,4,6,6,9,2475,AA,LAX,46,17,111,0,0,27
14,4,6,6,15,2475,AA,LAX,46,17,111,0,0,27
-4,4,6,6,17,2475,AA,LAX,46,17,111,0,0,27
-1,4,6,6,14,2475,DL,LAX,46,17,111,0,0,27
-5,4,6,6,13,2475,AA,LAX,46,17,111,0,0,27
-5,4,6,6,12,2475,AA,LAX,46,17,111,0,0,27
0,4,6,6,16,2475,B6,LAX,46,17,111,0,0,27
55,4,6,6,18,2475,UA,LAX,46,17,111,0,0,27
11,4,6,6,7,2475,VX,LAX,46,17,111,0,0,27
-8,4,6,6,13,2475,VX,LAX,46,17,111,0,0,27
15,4,6,6,16,2475,VX,LAX,46,17,111,0,0,27
5,4,6,6,20,2475,VX,LAX,46,17,111,0,0,27
-3,4,6,6,15,2475,UA,LAX,46,17,111,0,0,27
-4,4,6,6,12,2475,UA,LAX,46,17,111,0,0,27
-11,4,6,6,8,2475,UA,LAX,46,17,111,0,0,27
-7,4,6,6,6,2475,UA,LAX,46,17,111,0,0,27
-1,4,6,6,9,2475,VX,LAX,46,17,111,0,0,27
-1,4,13,6,16,2475,DL,LAX,39,50,144,3,0,13
-5,4,13,6,9,2475,DL,LAX,39,50,144,3,0,13
46,4,13,6,15,2475,AA,LAX,39,50,144,3,0,13
-7,4,13,6,16,2475,B6,LAX,39,50,144,3,0,13
-5,4,13,6,19,2475,DL,LAX,39,50,144,3,0,13
-4,4,13,6,20,2475,B6,LAX,39,50,144,3,0,13
-3,4,13,6,17,2475,DL,LAX,39,50,144,3,0,13
130,4,13,6,19,2475,AA,LAX,39,50,144,3,0,13
-2,4,13,6,7,2475,AA,LAX,39,50,144,3,0,13
150,4,13,6,13,2475,AA,LAX,39,50,144,3,0,13
-7,4,13,6,12,2475,AA,LAX,39,50,144,3,0,13
-6,4,13,6,11,2475,B6,LAX,39,50,144,3,0,13
65,4,13,6,17,2475,AA,LAX,39,50,144,3,0,13
-4,4,13,6,10,2475,AA,LAX,39,50,144,3,0,13
-8,4,13,6,9,2475,AA,LAX,39,50,144,3,0,13
89,4,13,6,14,2475,DL,LAX,39,50,144,3,0,13
-6,4,13,6,12,2475,DL,LAX,39,50,144,3,0,13
-3,4,13,6,13,2475,VX,LAX,39,50,144,3,0,13
-7,4,13,6,15,2475,UA,LAX,39,50,144,3,0,13
3,4,13,6,9,2475,VX,LAX,39,50,144,3,0,13
0,4,13,6,7,2475,VX,LAX,39,50,144,3,0,13
-5,4,13,6,11,2475,UA,LAX,39,50,144,3,0,13
23,4,13,6,8,2475,UA,LAX,39,50,144,3,0,13
1,4,13,6,20,2475,VX,LAX,39,50,144,3,0,13
-5,4,13,6,16,2475,VX,LAX,39,50,144,3,0,13
-3,4,13,6,6,2475,UA,LAX,39,50,144,3,0,13
-5,4,13,6,18,2475,UA,LAX,39,50,144,3,0,13
-5,4,20,6,18,2475,UA,LAX,32,61,156,15,0,38
-9,4,20,6,8,2475,UA,LAX,32,61,156,15,0,38
-2,4,20,6,7,2475,VX,LAX,32,61,156,15,0,38
-1,4,20,6,9,2475,VX,LAX,32,61,156,15,0,38
2,4,20,6,13,2475,VX,LAX,32,61,156,15,0,38
-3,4,20,6,16,2475,VX,LAX,32,61,156,15,0,38
-3,4,20,6,20,2475,VX,LAX,32,61,156,15,0,38
-6,4,20,6,15,2475,UA,LAX,32,61,156,15,0,38
-15,4,20,6,11,2475,UA,LAX,32,61,156,15,0,38
-7,4,20,6,12,2475,DL,LAX,32,61,156,15,0,38
-5,4,20,6,9,2475,AA,LAX,32,61,156,15,0,38
-1,4,20,6,10,2475,AA,LAX,32,61,156,15,0,38
-3,4,20,6,17,2475,AA,LAX,32,61,156,15,0,38
-4,4,20,6,19,2475,AA,LAX,32,61,156,15,0,38
-5,4,20,6,15,2475,AA,LAX,32,61,156,15,0,38
-4,4,20,6,20,2475,B6,LAX,32,61,156,15,0,38
-6,4,20,6,13,2475,AA,LAX,32,61,156,15,0,38
-2,4,20,6,9,2475,DL,LAX,32,61,156,15,0,38
-1,4,20,6,16,2475,B6,LAX,32,61,156,15,0,38
17,4,20,6,19,2475,DL,LAX,32,61,156,15,0,38
7,4,20,6,6,2475,UA,LAX,32,61,156,15,0,38
11,4,20,6,11,2475,B6,LAX,32,61,156,15,0,38
-7,4,20,6,17,2475,DL,LAX,32,61,156,15,0,38
-2,4,20,6,7,2475,AA,LAX,32,61,156,15,0,38
-9,4,20,6,12,2475,AA,LAX,32,61,156,15,0,38
-3,4,20,6,16,2475,DL,LAX,32,61,156,15,0,38
-3,4,20,6,14,2475,DL,LAX,32,61,156,15,0,38
69,4,27,6,20,2475,B6,LAX,25,89,217,0,0,21
-5,4,27,6,16,2475,B6,LAX,25,89,217,0,0,21
-5,4,27,6,11,2475,B6,LAX,25,89,217,0,0,21
2,4,27,6,18,2475,UA,LAX,25,89,217,0,0,21
-5,4,27,6,14,2475,DL,LAX,25,89,217,0,0,21
48,4,27,6,15,2475,AA,LAX,25,89,217,0,0,21
0,4,27,6,17,2475,DL,LAX,25,89,217,0,0,21
-3,4,27,6,7,2475,AA,LAX,25,89,217,0,0,21
0,4,27,6,16,2475,DL,LAX,25,89,217,0,0,21
-4,4,27,6,9,2475,AA,LAX,25,89,217,0,0,21
58,4,27,6,19,2475,AA,LAX,25,89,217,0,0,21
19,4,27,6,12,2475,AA,LAX,25,89,217,0,0,21
-3,4,27,6,6,2475,UA,LAX,25,89,217,0,0,21
-9,4,27,6,12,2475,DL,LAX,25,89,217,0,0,21
-1,4,27,6,17,2475,AA,LAX,25,89,217,0,0,21
-1,4,27,6,9,2475,DL,LAX,25,89,217,0,0,21
-4,4,27,6,10,2475,AA,LAX,25,89,217,0,0,21
-7,4,27,6,15,2475,UA,LAX,25,89,217,0,0,21
-9,4,27,6,11,2475,UA,LAX,25,89,217,0,0,21
-4,4,27,6,19,2475,DL,LAX,25,89,217,0,0,21
-3,4,27,6,8,2475,UA,LAX,25,89,217,0,0,21
-2,4,27,6,9,2475,VX,LAX,25,89,217,0,0,21
-4,4,27,6,13,2475,VX,LAX,25,89,217,0,0,21
31,4,27,6,16,2475,VX,LAX,25,89,217,0,0,21
107,4,27,6,20,2475,VX,LAX,25,89,217,0,0,21
0,4,27,6,7,2475,VX,LAX,25,89,217,0,0,21
-6,5,4,6,8,2475,UA,LAX,18,89,206,0,0,26
64,5,4,6,18,2475,UA,LAX,18,89,206,0,0,26
-3,5,4,6,11,2475,UA,LAX,18,89,206,0,0,26
-7,5,4,6,6,2475,UA,LAX,18,89,206,0,0,26
-9,5,4,6,15,2475,UA,LAX,18,89,206,0,0,26
10,5,4,6,7,2475,VX,LAX,18,89,206,0,0,26
77,5,4,6,20,2475,VX,LAX,18,89,206,0,0,26
31,5,4,6,16,2475,VX,LAX,18,89,206,0,0,26
10,5,4,6,13,2475,VX,LAX,18,89,206,0,0,26
35,5,4,6,9,2475,VX,LAX,18,89,206,0,0,26
-3,5,4,6,7,2475,AA,LAX,18,89,206,0,0,26
-1,5,4,6,13,2475,AA,LAX,18,89,206,0,0,26
51,5,4,6,19,2475,AA,LAX,18,89,206,0,0,26
11,5,4,6,15,2475,AA,LAX,18,89,206,0,0,26
-9,5,4,6,10,2475,AA,LAX,18,89,206,0,0,26
-5,5,4,6,9,2475,AA,LAX,18,89,206,0,0,26
-5,5,4,6,7,2475,B6,LAX,18,89,206,0,0,26
5,5,4,6,16,2475,B6,LAX,18,89,206,0,0,26
25,5,4,6,20,2475,B6,LAX,18,89,206,0,0,26
-2,5,4,6,16,2475,DL,LAX,18,89,206,0,0,26
61,5,4,6,18,2475,DL,LAX,18,89,206,0,0,26
40,5,4,6,19,2475,DL,LAX,18,89,206,0,0,26
-6,5,4,6,9,2475,DL,LAX,18,89,206,0,0,26
-1,5,4,6,14,2475,DL,LAX,18,89,206,0,0,26
-8,5,4,6,12,2475,DL,LAX,18,89,206,0,0,26
-3,5,4,6,17,2475,AA,LAX,18,89,206,0,0,26
-6,5,4,6,12,2475,AA,LAX,18,89,206,0,0,26
8,5,11,6,8,2475,DL,LAX,11,161,211,277,0,14
-4,5,11,6,10,2475,AA,LAX,11,161,211,277,0,14
-1,5,11,6,12,2475,AA,LAX,11,161,211,277,0,14
50,5,11,6,17,2475,AA,LAX,11,161,211,277,0,14
-5,5,11,6,12,2475,DL,LAX,11,161,211,277,0,14
6,5,11,6,14,2475,DL,LAX,11,161,211,277,0,14
22,5,11,6,15,2475,AA,LAX,11,161,211,277,0,14
-6,5,11,6,9,2475,AA,LAX,11,161,211,277,0,14
-2,5,11,6,13,2475,AA,LAX,11,161,211,277,0,14
71,5,11,6,18,2475,DL,LAX,11,161,211,277,0,14
43,5,11,6,19,2475,AA,LAX,11,161,211,277,0,14
-4,5,11,6,7,2475,B6,LAX,11,161,211,277,0,14
17,5,11,6,7,2475,AA,LAX,11,161,211,277,0,14
18,5,11,6,19,2475,DL,LAX,11,161,211,277,0,14
12,5,11,6,16,2475,B6,LAX,11,161,211,277,0,14
152,5,11,6,20,2475,B6,LAX,11,161,211,277,0,14
82,5,11,6,16,2475,DL,LAX,11,161,211,277,0,14
-4,5,11,6,6,2475,UA,LAX,11,161,211,277,0,14
157,5,11,6,15,2475,UA,LAX,11,161,211,277,0,14
-6,5,11,6,11,2475,UA,LAX,11,161,211,277,0,14
91,5,11,6,18,2475,UA,LAX,11,161,211,277,0,14
-2,5,11,6,8,2475,UA,LAX,11,161,211,277,0,14
-2,5,11,6,7,2475,VX,LAX,11,161,211,277,0,14
6,5,11,6,9,2475,VX,LAX,11,161,211,277,0,14
-5,5,11,6,13,2475,VX,LAX,11,161,211,277,0,14
34,5,11,6,16,2475,VX,LAX,11,161,211,277,0,14
133,5,11,6,20,2475,VX,LAX,11,161,211,277,0,14
-5,5,18,6,9,2475,AA,LAX,4,133,183,3,0,9
-4,5,18,6,16,2475,B6,LAX,4,133,183,3,0,9
9,5,18,6,20,2475,B6,LAX,4,133,183,3,0,9
-3,5,18,6,7,2475,AA,LAX,4,133,183,3,0,9
-5,5,18,6,13,2475,AA,LAX,4,133,183,3,0,9
0,5,18,6,19,2475,AA,LAX,4,133,183,3,0,9
-3,5,18,6,16,2475,DL,LAX,4,133,183,3,0,9
33,5,18,6,15,2475,AA,LAX,4,133,183,3,0,9
64,5,18,6,18,2475,DL,LAX,4,133,183,3,0,9
-1,5,18,6,10,2475,AA,LAX,4,133,183,3,0,9
-2,5,18,6,17,2475,AA,LAX,4,133,183,3,0,9
-5,5,18,6,7,2475,B6,LAX,4,133,183,3,0,9
5,5,18,6,12,2475,AA,LAX,4,133,183,3,0,9
4,5,18,6,19,2475,DL,LAX,4,133,183,3,0,9
-1,5,18,6,9,2475,DL,LAX,4,133,183,3,0,9
-2,5,18,6,14,2475,DL,LAX,4,133,183,3,0,9
-1,5,18,6,13,2475,VX,LAX,4,133,183,3,0,9
-1,5,18,6,9,2475,VX,LAX,4,133,183,3,0,9
5,5,18,6,20,2475,VX,LAX,4,133,183,3,0,9
-1,5,18,6,7,2475,VX,LAX,4,133,183,3,0,9
28,5,18,6,16,2475,VX,LAX,4,133,183,3,0,9
5,5,18,6,6,2475,UA,LAX,4,133,183,3,0,9
-6,5,18,6,8,2475,UA,LAX,4,133,183,3,0,9
-4,5,18,6,11,2475,UA,LAX,4,133,183,3,0,9
-5,5,18,6,18,2475,UA,LAX,4,133,183,3,0,9
-1,5,18,6,15,2475,UA,LAX,4,133,183,3,0,9
1,5,25,6,6,2475,UA,LAX,1,72,122,36,0,41
-11,5,25,6,15,2475,UA,LAX,1,72,122,36,0,41
-5,5,25,6,11,2475,UA,LAX,1,72,122,36,0,41
-1,5,25,6,17,2475,UA,LAX,1,72,122,36,0,41
-3,5,25,6,8,2475,UA,LAX,1,72,122,36,0,41
-3,5,25,6,16,2475,B6,LAX,1,72,122,36,0,41
67,5,25,6,12,2475,AA,LAX,1,72,122,36,0,41
-5,5,25,6,10,2475,AA,LAX,1,72,122,36,0,41
8,5,25,6,15,2475,AA,LAX,1,72,122,36,0,41
-3,5,25,6,20,2475,B6,LAX,1,72,122,36,0,41
-7,5,25,6,7,2475,B6,LAX,1,72,122,36,0,41
-2,5,25,6,7,2475,AA,LAX,1,72,122,36,0,41
17,5,25,6,12,2475,DL,LAX,1,72,122,36,0,41
-2,5,25,6,13,2475,AA,LAX,1,72,122,36,0,41
9,5,25,6,14,2475,DL,LAX,1,72,122,36,0,41
-2,5,25,6,9,2475,DL,LAX,1,72,122,36,0,41
-4,5,25,6,9,2475,AA,LAX,1,72,122,36,0,41
-4,5,25,6,19,2475,DL,LAX,1,72,122,36,0,41
-3,5,25,6,17,2475,AA,LAX,1,72,122,36,0,41
4,5,25,6,19,2475,AA,LAX,1,72,122,36,0,41
21,5,25,6,18,2475,DL,LAX,1,72,122,36,0,41
47,5,25,6,16,2475,DL,LAX,1,72,122,36,0,41
-2,5,25,6,13,2475,VX,LAX,1,72,122,36,0,41
1,5,25,6,16,2475,VX,LAX,1,72,122,36,0,41
2,5,25,6,9,2475,VX,LAX,1,72,122,36,0,41
0,5,25,6,7,2475,VX,LAX,1,72,122,36,0,41
192,5,25,6,20,2475,VX,LAX,1,72,122,36,0,41
193,6,2,7,17,2475,UA,LAX,7,206,311,216,0,27
222,6,2,7,20,2475,VX,LAX,7,206,311,216,0,27
-1,6,2,7,16,2475,VX,LAX,7,206,311,216,0,27
9,6,2,7,13,2475,VX,LAX,7,206,311,216,0,27
-1,6,2,7,9,2475,VX,LAX,7,206,311,216,0,27
-5,6,2,7,7,2475,VX,LAX,7,206,311,216,0,27
0,6,2,7,8,2475,UA,LAX,7,206,311,216,0,27
2,6,2,7,15,2475,UA,LAX,7,206,311,216,0,27
143,6,2,7,20,2475,UA,LAX,7,206,311,216,0,27
-7,6,2,7,11,2475,UA,LAX,7,206,311,216,0,27
31,6,2,7,18,2475,DL,LAX,7,206,311,216,0,27
19,6,2,7,21,2475,DL,LAX,7,206,311,216,0,27
-5,6,2,7,15,2475,DL,LAX,7,206,311,216,0,27
-5,6,2,7,9,2475,DL,LAX,7,206,311,216,0,27
-1,6,2,7,15,2475,AA,LAX,7,206,311,216,0,27
24,6,2,7,17,2475,AA,LAX,7,206,311,216,0,27
1,6,2,7,12,2475,DL,LAX,7,206,311,216,0,27
-4,6,2,7,7,2475,AA,LAX,7,206,311,216,0,27
115,6,2,7,21,2475,AA,LAX,7,206,311,216,0,27
0,6,2,7,12,2475,AA,LAX,7,206,311,216,0,27
0,6,2,7,7,2475,DL,LAX,7,206,311,216,0,27
65,6,2,7,20,2475,B6,LAX,7,206,311,216,0,27
41,6,2,7,7,2475,B6,LAX,7,206,311,216,0,27
-5,6,2,7,16,2475,B6,LAX,7,206,311,216,0,27
-2,6,2,7,10,2475,AA,LAX,7,206,311,216,0,27
-7,6,2,7,13,2475,AA,LAX,7,206,311,216,0,27
-4,6,2,7,9,2475,B6,LAX,7,206,311,216,0,27
-5,6,2,7,9,2475,AA,LAX,7,206,311,216,0,27
104,6,2,7,19,2475,AA,LAX,7,206,311,216,0,27
4,6,9,7,19,2475,AA,LAX,14,172,267,0,0,10
2,6,9,7,17,2475,AA,LAX,14,172,267,0,0,10
-3,6,9,7,21,2475,AA,LAX,14,172,267,0,0,10
-1,6,9,7,15,2475,AA,LAX,14,172,267,0,0,10
-5,6,9,7,7,2475,AA,LAX,14,172,267,0,0,10
-5,6,9,7,13,2475,AA,LAX,14,172,267,0,0,10
-3,6,9,7,16,2475,B6,LAX,14,172,267,0,0,10
-4,6,9,7,7,2475,B6,LAX,14,172,267,0,0,10
-6,6,9,7,20,2475,B6,LAX,14,172,267,0,0,10
123,6,9,7,9,2475,B6,LAX,14,172,267,0,0,10
-4,6,9,7,10,2475,AA,LAX,14,172,267,0,0,10
-12,6,9,7,12,2475,AA,LAX,14,172,267,0,0,10
-6,6,9,7,9,2475,AA,LAX,14,172,267,0,0,10
0,6,9,7,18,2475,DL,LAX,14,172,267,0,0,10
30,6,9,7,17,2475,DL,LAX,14,172,267,0,0,10
22,6,9,7,21,2475,DL,LAX,14,172,267,0,0,10
17,6,9,7,7,2475,DL,LAX,14,172,267,0,0,10
0,6,9,7,12,2475,DL,LAX,14,172,267,0,0,10
31,6,9,7,15,2475,DL,LAX,14,172,267,0,0,10
-4,6,9,7,9,2475,DL,LAX,14,172,267,0,0,10
-2,6,9,7,8,2475,UA,LAX,14,172,267,0,0,10
-3,6,9,7,14,2475,UA,LAX,14,172,267,0,0,10
10,6,9,7,7,2475,VX,LAX,14,172,267,0,0,10
36,6,9,7,9,2475,VX,LAX,14,172,267,0,0,10
6,6,9,7,16,2475,VX,LAX,14,172,267,0,0,10
0,6,9,7,13,2475,VX,LAX,14,172,267,0,0,10
9,6,9,7,20,2475,VX,LAX,14,172,267,0,0,10
0,6,9,7,17,2475,UA,LAX,14,172,267,0,0,10
1,6,9,7,11,2475,UA,LAX,14,172,267,0,0,10
-6,6,9,7,20,2475,UA,LAX,14,172,267,0,0,10
-4,6,16,7,8,2475,UA,LAX,18,183,267,0,0,17
2,6,16,7,9,2475,VX,LAX,18,183,267,0,0,17
1,6,16,7,14,2475,UA,LAX,18,183,267,0,0,17
2,6,16,7,7,2475,VX,LAX,18,183,267,0,0,17
-3,6,16,7,11,2475,UA,LAX,18,183,267,0,0,17
3,6,16,7,17,2475,UA,LAX,18,183,267,0,0,17
2,6,16,7,20,2475,VX,LAX,18,183,267,0,0,17
0,6,16,7,16,2475,VX,LAX,18,183,267,0,0,17
-2,6,16,7,20,2475,UA,LAX,18,183,267,0,0,17
4,6,16,7,13,2475,VX,LAX,18,183,267,0,0,17
7,6,16,7,19,2475,AA,LAX,18,183,267,0,0,17
-3,6,16,7,7,2475,B6,LAX,18,183,267,0,0,17
1,6,16,7,20,2475,B6,LAX,18,183,267,0,0,17
-4,6,16,7,22,2475,B6,LAX,18,183,267,0,0,17
-2,6,16,7,16,2475,B6,LAX,18,183,267,0,0,17
-2,6,16,7,10,2475,AA,LAX,18,183,267,0,0,17
-3,6,16,7,13,2475,AA,LAX,18,183,267,0,0,17
-1,6,16,7,12,2475,AA,LAX,18,183,267,0,0,17
-7,6,16,7,7,2475,AA,LAX,18,183,267,0,0,17
-5,6,16,7,15,2475,AA,LAX,18,183,267,0,0,17
-5,6,16,7,9,2475,AA,LAX,18,183,267,0,0,17
144,6,16,7,21,2475,AA,LAX,18,183,267,0,0,17
-3,6,16,7,17,2475,AA,LAX,18,183,267,0,0,17
177,6,16,7,9,2475,B6,LAX,18,183,267,0,0,17
-4,6,16,7,7,2475,DL,LAX,18,183,267,0,0,17
-7,6,16,7,12,2475,DL,LAX,18,183,267,0,0,17
0,6,16,7,17,2475,DL,LAX,18,183,267,0,0,17
12,6,16,7,21,2475,DL,LAX,18,183,267,0,0,17
0,6,16,7,18,2475,DL,LAX,18,183,267,0,0,17
-4,6,16,7,15,2475,DL,LAX,18,183,267,0,0,17
0,6,16,7,9,2475,DL,LAX,18,183,267,0,0,17
2,6,23,7,15,2475,DL,LAX,11,211,311,0,0,21
15,6,23,7,7,2475,DL,LAX,11,211,311,0,0,21
2,6,23,7,12,2475,DL,LAX,11,211,311,0,0,21
-2,6,23,7,17,2475,DL,LAX,11,211,311,0,0,21
23,6,23,7,21,2475,DL,LAX,11,211,311,0,0,21
2,6,23,7,9,2475,DL,LAX,11,211,311,0,0,21
9,6,23,7,18,2475,DL,LAX,11,211,311,0,0,21
12,6,23,7,22,2475,B6,LAX,11,211,311,0,0,21
96,6,23,7,19,2475,AA,LAX,11,211,311,0,0,21
6,6,23,7,13,2475,AA,LAX,11,211,311,0,0,21
-5,6,23,7,12,2475,B6,LAX,11,211,311,0,0,21
6,6,23,7,7,2475,B6,LAX,11,211,311,0,0,21
0,6,23,7,10,2475,AA,LAX,11,211,311,0,0,21
-1,6,23,7,20,2475,B6,LAX,11,211,311,0,0,21
31,6,23,7,21,2475,AA,LAX,11,211,311,0,0,21
-5,6,23,7,15,2475,AA,LAX,11,211,311,0,0,21
-7,6,23,7,12,2475,AA,LAX,11,211,311,0,0,21
4,6,23,7,17,2475,AA,LAX,11,211,311,0,0,21
-1,6,23,7,9,2475,AA,LAX,11,211,311,0,0,21
0,6,23,7,7,2475,AA,LAX,11,211,311,0,0,21
5,6,23,7,16,2475,B6,LAX,11,211,311,0,0,21
-3,6,23,7,9,2475,B6,LAX,11,211,311,0,0,21
8,6,23,7,14,2475,UA,LAX,11,211,311,0,0,21
-5,6,23,7,8,2475,UA,LAX,11,211,311,0,0,21
59,6,23,7,17,2475,UA,LAX,11,211,311,0,0,21
-2,6,23,7,11,2475,UA,LAX,11,211,311,0,0,21
91,6,23,7,9,2475,VX,LAX,11,211,311,0,0,21
2,6,23,7,20,2475,UA,LAX,11,211,311,0,0,21
26,6,23,7,16,2475,VX,LAX,11,211,311,0,0,21
36,6,23,7,20,2475,VX,LAX,11,211,311,0,0,21
-7,6,23,7,7,2475,VX,LAX,11,211,311,0,0,21
1,6,23,7,13,2475,VX,LAX,11,211,311,0,0,21
80,6,30,7,16,2475,VX,LAX,4,228,300,0,0,14
19,6,30,7,14,2475,UA,LAX,4,228,300,0,0,14
0,6,30,7,8,2475,UA,LAX,4,228,300,0,0,14
59,6,30,7,20,2475,UA,LAX,4,228,300,0,0,14
-4,6,30,7,11,2475,UA,LAX,4,228,300,0,0,14
37,6,30,7,17,2475,UA,LAX,4,228,300,0,0,14
30,6,30,7,20,2475,VX,LAX,4,228,300,0,0,14
-4,6,30,7,7,2475,VX,LAX,4,228,300,0,0,14
15,6,30,7,9,2475,VX,LAX,4,228,300,0,0,14
-7,6,30,7,13,2475,VX,LAX,4,228,300,0,0,14
38,6,30,7,19,2475,AA,LAX,4,228,300,0,0,14
-9,6,30,7,12,2475,AA,LAX,4,228,300,0,0,14
22,6,30,7,21,2475,AA,LAX,4,228,300,0,0,14
-1,6,30,7,7,2475,AA,LAX,4,228,300,0,0,14
-4,6,30,7,15,2475,AA,LAX,4,228,300,0,0,14
-2,6,30,7,10,2475,AA,LAX,4,228,300,0,0,14
-4,6,30,7,9,2475,AA,LAX,4,228,300,0,0,14
-7,6,30,7,13,2475,AA,LAX,4,228,300,0,0,14
54,6,30,7,17,2475,AA,LAX,4,228,300,0,0,14
28,6,30,7,15,2475,DL,LAX,4,228,300,0,0,14
37,6,30,7,20,2475,B6,LAX,4,228,300,0,0,14
15,6,30,7,18,2475,DL,LAX,4,228,300,0,0,14
-2,6,30,7,7,2475,DL,LAX,4,228,300,0,0,14
-6,6,30,7,7,2475,B6,LAX,4,228,300,0,0,14
-3,6,30,7,12,2475,B6,LAX,4,228,300,0,0,14
-4,6,30,7,9,2475,B6,LAX,4,228,300,0,0,14
85,6,30,7,21,2475,DL,LAX,4,228,300,0,0,14
-4,6,30,7,17,2475,DL,LAX,4,228,300,0,0,14
-6,6,30,7,12,2475,DL,LAX,4,228,300,0,0,14
10,6,30,7,9,2475,DL,LAX,4,228,300,0,0,14
188,6,30,7,22,2475,B6,LAX,4,228,300,0,0,14
5,6,30,7,16,2475,B6,LAX,4,228,300,0,0,14
-8,7,7,7,12,2475,AA,LAX,3,256,333,0,0,19
1,7,7,7,7,2475,AA,LAX,3,256,333,0,0,19
-2,7,7,7,12,2475,DL,LAX,3,256,333,0,0,19
29,7,7,7,7,2475,DL,LAX,3,256,333,0,0,19
112,7,7,7,19,2475,AA,LAX,3,256,333,0,0,19
0,7,7,7,9,2475,DL,LAX,3,256,333,0,0,19
102,7,7,7,13,2475,AA,LAX,3,256,333,0,0,19
30,7,7,7,15,2475,DL,LAX,3,256,333,0,0,19
-6,7,7,7,15,2475,AA,LAX,3,256,333,0,0,19
20,7,7,7,17,2475,AA,LAX,3,256,333,0,0,19
257,7,7,7,17,2475,DL,LAX,3,256,333,0,0,19
-1,7,7,7,18,2475,DL,LAX,3,256,333,0,0,19
-5,7,7,7,7,2475,B6,LAX,3,256,333,0,0,19
0,7,7,7,20,2475,B6,LAX,3,256,333,0,0,19
4,7,7,7,12,2475,B6,LAX,3,256,333,0,0,19
2,7,7,7,9,2475,B6,LAX,3,256,333,0,0,19
86,7,7,7,22,2475,B6,LAX,3,256,333,0,0,19
21,7,7,7,16,2475,B6,LAX,3,256,333,0,0,19
25,7,7,7,21,2475,AA,LAX,3,256,333,0,0,19
-4,7,7,7,9,2475,AA,LAX,3,256,333,0,0,19
-7,7,7,7,10,2475,AA,LAX,3,256,333,0,0,19
159,7,7,7,21,2475,DL,LAX,3,256,333,0,0,19
-7,7,7,7,8,2475,UA,LAX,3,256,333,0,0,19
22,7,7,7,13,2475,VX,LAX,3,256,333,0,0,19
18,7,7,7,9,2475,VX,LAX,3,256,333,0,0,19
19,7,7,7,16,2475,VX,LAX,3,256,333,0,0,19
150,7,7,7,20,2475,VX,LAX,3,256,333,0,0,19
-4,7,7,7,17,2475,UA,LAX,3,256,333,0,0,19
10,7,7,7,14,2475,UA,LAX,3,256,333,0,0,19
62,7,7,7,20,2475,UA,LAX,3,256,333,0,0,19
-5,7,7,7,11,2475,UA,LAX,3,256,333,0,0,19
7,7,14,7,9,2475,VX,LAX,10,233,322,0,0,18
40,7,14,7,16,2475,VX,LAX,10,233,322,0,0,18
14,7,14,7,20,2475,VX,LAX,10,233,322,0,0,18
5,7,14,7,8,2475,UA,LAX,10,233,322,0,0,18
20,7,14,7,14,2475,UA,LAX,10,233,322,0,0,18
0,7,14,7,13,2475,VX,LAX,10,233,322,0,0,18
16,7,14,7,17,2475,UA,LAX,10,233,322,0,0,18
-5,7,14,7,11,2475,UA,LAX,10,233,322,0,0,18
8,7,14,7,20,2475,UA,LAX,10,233,322,0,0,18
-1,7,14,7,7,2475,VX,LAX,10,233,322,0,0,18
0,7,14,7,7,2475,DL,LAX,10,233,322,0,0,18
1,7,14,7,18,2475,DL,LAX,10,233,322,0,0,18
4,7,14,7,15,2475,DL,LAX,10,233,322,0,0,18
56,7,14,7,17,2475,DL,LAX,10,233,322,0,0,18
0,7,14,7,12,2475,DL,LAX,10,233,322,0,0,18
-1,7,14,7,21,2475,DL,LAX,10,233,322,0,0,18
-2,7,14,7,9,2475,DL,LAX,10,233,322,0,0,18
-10,7,14,7,13,2475,AA,LAX,10,233,322,0,0,18
-2,7,14,7,12,2475,B6,LAX,10,233,322,0,0,18
4,7,14,7,16,2475,B6,LAX,10,233,322,0,0,18
0,7,14,7,15,2475,AA,LAX,10,233,322,0,0,18
52,7,14,7,7,2475,B6,LAX,10,233,322,0,0,18
-5,7,14,7,9,2475,B6,LAX,10,233,322,0,0,18
3,7,14,7,21,2475,AA,LAX,10,233,322,0,0,18
-2,7,14,7,10,2475,AA,LAX,10,233,322,0,0,18
-8,7,14,7,12,2475,AA,LAX,10,233,322,0,0,18
-3,7,14,7,22,2475,B6,LAX,10,233,322,0,0,18
70,7,14,7,9,2475,AA,LAX,10,233,322,0,0,18
6,7,14,7,19,2475,AA,LAX,10,233,322,0,0,18
-5,7,14,7,17,2475,AA,LAX,10,233,322,0,0,18
-2,7,14,7,20,2475,B6,LAX,10,233,322,0,0,18
-1,7,14,7,7,2475,AA,LAX,10,233,322,0,0,18
8,7,21,7,15,2475,DL,LAX,17,244,317,0,0,21
-3,7,21,7,18,2475,DL,LAX,17,244,317,0,0,21
-2,7,21,7,21,2475,DL,LAX,17,244,317,0,0,21
50,7,21,7,17,2475,DL,LAX,17,244,317,0,0,21
-7,7,21,7,9,2475,DL,LAX,17,244,317,0,0,21
0,7,21,7,7,2475,DL,LAX,17,244,317,0,0,21
-2,7,21,7,12,2475,DL,LAX,17,244,317,0,0,21
0,7,21,7,9,2475,AA,LAX,17,244,317,0,0,21
26,7,21,7,21,2475,AA,LAX,17,244,317,0,0,21
-6,7,21,7,10,2475,AA,LAX,17,244,317,0,0,21
2,7,21,7,22,2475,B6,LAX,17,244,317,0,0,21
0,7,21,7,12,2475,B6,LAX,17,244,317,0,0,21
-7,7,21,7,13,2475,AA,LAX,17,244,317,0,0,21
28,7,21,7,20,2475,B6,LAX,17,244,317,0,0,21
-7,7,21,7,7,2475,B6,LAX,17,244,317,0,0,21
9,7,21,7,9,2475,B6,LAX,17,244,317,0,0,21
-3,7,21,7,15,2475,AA,LAX,17,244,317,0,0,21
76,7,21,7,19,2475,AA,LAX,17,244,317,0,0,21
-1,7,21,7,16,2475,B6,LAX,17,244,317,0,0,21
-2,7,21,7,7,2475,AA,LAX,17,244,317,0,0,21
-5,7,21,7,12,2475,AA,LAX,17,244,317,0,0,21
7,7,21,7,17,2475,AA,LAX,17,244,317,0,0,21
-4,7,21,7,11,2475,UA,LAX,17,244,317,0,0,21
-8,7,21,7,8,2475,UA,LAX,17,244,317,0,0,21
3,7,21,7,17,2475,UA,LAX,17,244,317,0,0,21
24,7,21,7,20,2475,VX,LAX,17,244,317,0,0,21
172,7,21,7,14,2475,UA,LAX,17,244,317,0,0,21
5,7,21,7,20,2475,UA,LAX,17,244,317,0,0,21
21,7,21,7,16,2475,VX,LAX,17,244,317,0,0,21
-2,7,21,7,13,2475,VX,LAX,17,244,317,0,0,21
4,7,21,7,9,2475,VX,LAX,17,244,317,0,0,21
0,7,21,7,7,2475,VX,LAX,17,244,317,0,0,21
-4,7,28,7,14,2475,UA,LAX,24,211,256,61,0,9
6,7,28,7,9,2475,VX,LAX,24,211,256,61,0,9
-1,7,28,7,13,2475,VX,LAX,24,211,256,61,0,9
46,7,28,7,16,2475,VX,LAX,24,211,256,61,0,9
92,7,28,7,20,2475,VX,LAX,24,211,256,61,0,9
-9,7,28,7,11,2475,UA,LAX,24,211,256,61,0,9
-2,7,28,7,7,2475,VX,LAX,24,211,256,61,0,9
-7,7,28,7,8,2475,UA,LAX,24,211,256,61,0,9
120,7,28,7,17,2475,UA,LAX,24,211,256,61,0,9
140,7,28,7,20,2475,UA,LAX,24,211,256,61,0,9
-3,7,28,7,9,2475,DL,LAX,24,211,256,61,0,9
8,7,28,7,15,2475,DL,LAX,24,211,256,61,0,9
18,7,28,7,18,2475,DL,LAX,24,211,256,61,0,9
22,7,28,7,17,2475,DL,LAX,24,211,256,61,0,9
-5,7,28,7,12,2475,DL,LAX,24,211,256,61,0,9
0,7,28,7,7,2475,DL,LAX,24,211,256,61,0,9
160,7,28,7,21,2475,DL,LAX,24,211,256,61,0,9
-4,7,28,7,10,2475,AA,LAX,24,211,256,61,0,9
169,7,28,7,19,2475,AA,LAX,24,211,256,61,0,9
-2,7,28,7,7,2475,AA,LAX,24,211,256,61,0,9
10,7,28,7,13,2475,AA,LAX,24,211,256,61,0,9
10,7,28,7,15,2475,AA,LAX,24,211,256,61,0,9
2,7,28,7,17,2475,AA,LAX,24,211,256,61,0,9
74,7,28,7,21,2475,AA,LAX,24,211,256,61,0,9
-3,7,28,7,9,2475,AA,LAX,24,211,256,61,0,9
-5,7,28,7,12,2475,AA,LAX,24,211,256,61,0,9
1,7,28,7,9,2475,B6,LAX,24,211,256,61,0,9
-3,7,28,7,12,2475,B6,LAX,24,211,256,61,0,9
-1,7,28,7,7,2475,B6,LAX,24,211,256,61,0,9
10,7,28,7,22,2475,B6,LAX,24,211,256,61,0,9
59,7,28,7,20,2475,B6,LAX,24,211,256,61,0,9
4,7,28,7,16,2475,B6,LAX,24,211,256,61,0,9
6,8,5,1,20,2475,UA,LAX,27,167,256,0,0,15
-13,8,5,1,6,2475,UA,LAX,27,167,256,0,0,15
-7,8,5,1,11,2475,UA,LAX,27,167,256,0,0,15
-4,8,5,1,17,2475,UA,LAX,27,167,256,0,0,15
-1,8,5,1,7,2475,VX,LAX,27,167,256,0,0,15
-6,8,5,1,9,2475,VX,LAX,27,167,256,0,0,15
5,8,5,1,13,2475,VX,LAX,27,167,256,0,0,15
-2,8,5,1,16,2475,VX,LAX,27,167,256,0,0,15
0,8,5,1,20,2475,VX,LAX,27,167,256,0,0,15
-6,8,5,1,8,2475,UA,LAX,27,167,256,0,0,15
-2,8,5,1,14,2475,UA,LAX,27,167,256,0,0,15
13,8,5,1,7,2475,AA,LAX,27,167,256,0,0,15
4,8,5,1,21,2475,AA,LAX,27,167,256,0,0,15
-4,8,5,1,15,2475,AA,LAX,27,167,256,0,0,15
-7,8,5,1,10,2475,AA,LAX,27,167,256,0,0,15
28,8,5,1,22,2475,B6,LAX,27,167,256,0,0,15
208,8,5,1,17,2475,AA,LAX,27,167,256,0,0,15
-3,8,5,1,9,2475,AA,LAX,27,167,256,0,0,15
60,8,5,1,20,2475,B6,LAX,27,167,256,0,0,15
104,8,5,1,21,2475,DL,LAX,27,167,256,0,0,15
-5,8,5,1,12,2475,DL,LAX,27,167,256,0,0,15
72,8,5,1,17,2475,DL,LAX,27,167,256,0,0,15
-1,8,5,1,18,2475,DL,LAX,27,167,256,0,0,15
0,8,5,1,15,2475,DL,LAX,27,167,256,0,0,15
-7,8,5,1,9,2475,DL,LAX,27,167,256,0,0,15
1,8,5,1,7,2475,DL,LAX,27,167,256,0,0,15
-4,8,5,1,13,2475,AA,LAX,27,167,256,0,0,15
-1,8,5,1,12,2475,B6,LAX,27,167,256,0,0,15
-1,8,5,1,9,2475,B6,LAX,27,167,256,0,0,15
26,8,5,1,7,2475,B6,LAX,27,167,256,0,0,15
0,8,5,1,12,2475,AA,LAX,27,167,256,0,0,15
171,8,5,1,19,2475,AA,LAX,27,167,256,0,0,15
24,8,5,1,16,2475,B6,LAX,27,167,256,0,0,15
-8,8,12,1,12,2475,AA,LAX,20,211,278,13,0,9
-4,8,12,1,12,2475,DL,LAX,20,211,278,13,0,9
-1,8,12,1,22,2475,B6,LAX,20,211,278,13,0,9
45,8,12,1,20,2475,B6,LAX,20,211,278,13,0,9
-1,8,12,1,16,2475,B6,LAX,20,211,278,13,0,9
24,8,12,1,12,2475,B6,LAX,20,211,278,13,0,9
11,8,12,1,9,2475,B6,LAX,20,211,278,13,0,9
-1,8,12,1,7,2475,B6,LAX,20,211,278,13,0,9
-1,8,12,1,9,2475,AA,LAX,20,211,278,13,0,9
0,8,12,1,7,2475,DL,LAX,20,211,278,13,0,9
13,8,12,1,7,2475,AA,LAX,20,211,278,13,0,9
-5,8,12,1,9,2475,DL,LAX,20,211,278,13,0,9
21,8,12,1,19,2475,AA,LAX,20,211,278,13,0,9
10,8,12,1,15,2475,DL,LAX,20,211,278,13,0,9
-2,8,12,1,10,2475,AA,LAX,20,211,278,13,0,9
-1,8,12,1,18,2475,DL,LAX,20,211,278,13,0,9
-2,8,12,1,21,2475,AA,LAX,20,211,278,13,0,9
22,8,12,1,17,2475,AA,LAX,20,211,278,13,0,9
-5,8,12,1,17,2475,DL,LAX,20,211,278,13,0,9
1,8,12,1,15,2475,AA,LAX,20,211,278,13,0,9
-4,8,12,1,13,2475,AA,LAX,20,211,278,13,0,9
-3,8,12,1,21,2475,DL,LAX,20,211,278,13,0,9
-1,8,12,1,7,2475,VX,LAX,20,211,278,13,0,9
1,8,12,1,17,2475,UA,LAX,20,211,278,13,0,9
-4,8,12,1,8,2475,UA,LAX,20,211,278,13,0,9
-1,8,12,1,11,2475,UA,LAX,20,211,278,13,0,9
6,8,12,1,14,2475,UA,LAX,20,211,278,13,0,9
76,8,12,1,20,2475,UA,LAX,20,211,278,13,0,9
0,8,12,1,6,2475,UA,LAX,20,211,278,13,0,9
8,8,12,1,9,2475,VX,LAX,20,211,278,13,0,9
-1,8,12,1,20,2475,VX,LAX,20,211,278,13,0,9
-1,8,12,1,16,2475,VX,LAX,20,211,278,13,0,9
0,8,12,1,13,2475,VX,LAX,20,211,278,13,0,9
1,8,19,1,6,2475,UA,LAX,13,189,261,0,0,15
5,8,19,1,20,2475,UA,LAX,13,189,261,0,0,15
0,8,19,1,8,2475,UA,LAX,13,189,261,0,0,15
43,8,19,1,17,2475,UA,LAX,13,189,261,0,0,15
-2,8,19,1,11,2475,UA,LAX,13,189,261,0,0,15
1,8,19,1,7,2475,VX,LAX,13,189,261,0,0,15
-2,8,19,1,9,2475,VX,LAX,13,189,261,0,0,15
4,8,19,1,13,2475,VX,LAX,13,189,261,0,0,15
16,8,19,1,16,2475,VX,LAX,13,189,261,0,0,15
17,8,19,1,20,2475,VX,LAX,13,189,261,0,0,15
3,8,19,1,21,2475,DL,LAX,13,189,261,0,0,15
-1,8,19,1,7,2475,DL,LAX,13,189,261,0,0,15
7,8,19,1,15,2475,DL,LAX,13,189,261,0,0,15
-8,8,19,1,7,2475,AA,LAX,13,189,261,0,0,15
-5,8,19,1,9,2475,B6,LAX,13,189,261,0,0,15
71,8,19,1,18,2475,DL,LAX,13,189,261,0,0,15
79,8,19,1,17,2475,DL,LAX,13,189,261,0,0,15
1,8,19,1,21,2475,AA,LAX,13,189,261,0,0,15
-3,8,19,1,12,2475,B6,LAX,13,189,261,0,0,15
-5,8,19,1,12,2475,DL,LAX,13,189,261,0,0,15
-3,8,19,1,7,2475,B6,LAX,13,189,261,0,0,15
-7,8,19,1,19,2475,AA,LAX,13,189,261,0,0,15
-11,8,19,1,12,2475,AA,LAX,13,189,261,0,0,15
0,8,19,1,22,2475,B6,LAX,13,189,261,0,0,15
47,8,19,1,17,2475,AA,LAX,13,189,261,0,0,15
-3,8,19,1,13,2475,AA,LAX,13,189,261,0,0,15
19,8,19,1,16,2475,B6,LAX,13,189,261,0,0,15
-11,8,19,1,10,2475,AA,LAX,13,189,261,0,0,15
20,8,19,1,20,2475,B6,LAX,13,189,261,0,0,15
2,8,19,1,9,2475,AA,LAX,13,189,261,0,0,15
-2,8,19,1,9,2475,DL,LAX,13,189,261,0,0,15
118,8,19,1,15,2475,AA,LAX,13,189,261,0,0,15
1,8,26,1,9,2475,AA,LAX,6,200,289,10,0,26
-4,8,26,1,13,2475,AA,LAX,6,200,289,10,0,26
-7,8,26,1,17,2475,AA,LAX,6,200,289,10,0,26
-3,8,26,1,9,2475,DL,LAX,6,200,289,10,0,26
-4,8,26,1,15,2475,AA,LAX,6,200,289,10,0,26
61,8,26,1,7,2475,B6,LAX,6,200,289,10,0,26
-3,8,26,1,9,2475,B6,LAX,6,200,289,10,0,26
-5,8,26,1,21,2475,AA,LAX,6,200,289,10,0,26
59,8,26,1,12,2475,B6,LAX,6,200,289,10,0,26
-7,8,26,1,16,2475,B6,LAX,6,200,289,10,0,26
-4,8,26,1,20,2475,B6,LAX,6,200,289,10,0,26
-12,8,26,1,12,2475,AA,LAX,6,200,289,10,0,26
0,8,26,1,7,2475,AA,LAX,6,200,289,10,0,26
-1,8,26,1,17,2475,DL,LAX,6,200,289,10,0,26
-1,8,26,1,15,2475,DL,LAX,6,200,289,10,0,26
-5,8,26,1,18,2475,DL,LAX,6,200,289,10,0,26
2,8,26,1,19,2475,AA,LAX,6,200,289,10,0,26
-2,8,26,1,21,2475,DL,LAX,6,200,289,10,0,26
-5,8,26,1,12,2475,DL,LAX,6,200,289,10,0,26
-6,8,26,1,10,2475,AA,LAX,6,200,289,10,0,26
-3,8,26,1,7,2475,DL,LAX,6,200,289,10,0,26
-8,8,26,1,8,2475,UA,LAX,6,200,289,10,0,26
-1,8,26,1,16,2475,VX,LAX,6,200,289,10,0,26
-3,8,26,1,13,2475,VX,LAX,6,200,289,10,0,26
-2,8,26,1,7,2475,VX,LAX,6,200,289,10,0,26
-3,8,26,1,14,2475,UA,LAX,6,200,289,10,0,26
0,8,26,1,20,2475,VX,LAX,6,200,289,10,0,26
-4,8,26,1,6,2475,UA,LAX,6,200,289,10,0,26
-6,8,26,1,20,2475,UA,LAX,6,200,289,10,0,26
-1,8,26,1,11,2475,UA,LAX,6,200,289,10,0,26
9,8,26,1,9,2475,VX,LAX,6,200,289,10,0,26
-8,8,26,1,17,2475,UA,LAX,6,200,289,10,0,26
2,9,3,2,12,2475,B6,LAX,2,200,278,8,0,13
-2,9,3,2,20,2475,VX,LAX,2,200,278,8,0,13
2,9,3,2,18,2475,DL,LAX,2,200,278,8,0,13
-2,9,3,2,13,2475,VX,LAX,2,200,278,8,0,13
24,9,3,2,16,2475,VX,LAX,2,200,278,8,0,13
-3,9,3,2,16,2475,B6,LAX,2,200,278,8,0,13
-1,9,3,2,7,2475,VX,LAX,2,200,278,8,0,13
37,9,3,2,20,2475,B6,LAX,2,200,278,8,0,13
-4,9,3,2,9,2475,VX,LAX,2,200,278,8,0,13
-3,9,3,2,7,2475,DL,LAX,2,200,278,8,0,13
-3,9,3,2,9,2475,DL,LAX,2,200,278,8,0,13
10,9,3,2,7,2475,B6,LAX,2,200,278,8,0,13
-1,9,3,2,15,2475,DL,LAX,2,200,278,8,0,13
-2,9,3,2,17,2475,DL,LAX,2,200,278,8,0,13
-2,9,3,2,21,2475,DL,LAX,2,200,278,8,0,13
0,9,3,2,6,2475,UA,LAX,2,200,278,8,0,13
29,9,3,2,9,2475,B6,LAX,2,200,278,8,0,13
-1,9,3,2,14,2475,UA,LAX,2,200,278,8,0,13
-2,9,3,2,11,2475,UA,LAX,2,200,278,8,0,13
8,9,3,2,17,2475,UA,LAX,2,200,278,8,0,13
-2,9,3,2,20,2475,UA,LAX,2,200,278,8,0,13
-7,9,3,2,8,2475,UA,LAX,2,200,278,8,0,13
-7,9,3,2,8,2475,AA,LAX,2,200,278,8,0,13
-8,9,3,2,12,2475,AA,LAX,2,200,278,8,0,13
1,9,3,2,9,2475,AA,LAX,2,200,278,8,0,13
8,9,3,2,10,2475,AA,LAX,2,200,278,8,0,13
179,9,3,2,19,2475,AA,LAX,2,200,278,8,0,13
8,9,3,2,16,2475,AA,LAX,2,200,278,8,0,13
-5,9,3,2,21,2475,AA,LAX,2,200,278,8,0,13
18,9,3,2,15,2475,AA,LAX,2,200,278,8,0,13
4,9,3,2,13,2475,AA,LAX,2,200,278,8,0,13
5,9,10,2,18,2475,DL,LAX,9,200,306,3,0,26
-6,9,10,2,20,2475,UA,LAX,9,200,306,3,0,26
1,9,10,2,17,2475,UA,LAX,9,200,306,3,0,26
-9,9,10,2,9,2475,DL,LAX,9,200,306,3,0,26
-10,9,10,2,14,2475,UA,LAX,9,200,306,3,0,26
-1,9,10,2,13,2475,VX,LAX,9,200,306,3,0,26
14,9,10,2,17,2475,DL,LAX,9,200,306,3,0,26
-6,9,10,2,20,2475,B6,LAX,9,200,306,3,0,26
-1,9,10,2,7,2475,DL,LAX,9,200,306,3,0,26
-4,9,10,2,12,2475,DL,LAX,9,200,306,3,0,26
38,9,10,2,15,2475,DL,LAX,9,200,306,3,0,26
-6,9,10,2,6,2475,UA,LAX,9,200,306,3,0,26
38,9,10,2,8,2475,UA,LAX,9,200,306,3,0,26
-7,9,10,2,7,2475,B6,LAX,9,200,306,3,0,26
0,9,10,2,9,2475,B6,LAX,9,200,306,3,0,26
-1,9,10,2,21,2475,DL,LAX,9,200,306,3,0,26
2,9,10,2,9,2475,VX,LAX,9,200,306,3,0,26
-2,9,10,2,7,2475,VX,LAX,9,200,306,3,0,26
-2,9,10,2,11,2475,B6,LAX,9,200,306,3,0,26
0,9,10,2,16,2475,B6,LAX,9,200,306,3,0,26
5,9,10,2,16,2475,VX,LAX,9,200,306,3,0,26
3,9,10,2,11,2475,UA,LAX,9,200,306,3,0,26
-3,9,10,2,20,2475,VX,LAX,9,200,306,3,0,26
-5,9,10,2,13,2475,AA,LAX,9,200,306,3,0,26
49,9,10,2,9,2475,AA,LAX,9,200,306,3,0,26
-1,9,10,2,19,2475,AA,LAX,9,200,306,3,0,26
-2,9,10,2,8,2475,AA,LAX,9,200,306,3,0,26
-2,9,10,2,21,2475,AA,LAX,9,200,306,3,0,26
-6,9,10,2,16,2475,AA,LAX,9,200,306,3,0,26
-7,9,10,2,12,2475,AA,LAX,9,200,306,3,0,26
-6,9,10,2,10,2475,AA,LAX,9,200,306,3,0,26
-1,9,10,2,15,2475,AA,LAX,9,200,306,3,0,26
0,9,17,2,15,2475,AA,LAX,16,100,183,0,0,21
33,9,17,2,21,2475,AA,LAX,16,100,183,0,0,21
-3,9,17,2,8,2475,AA,LAX,16,100,183,0,0,21
0,9,17,2,19,2475,AA,LAX,16,100,183,0,0,21
0,9,17,2,13,2475,AA,LAX,16,100,183,0,0,21
-6,9,17,2,12,2475,AA,LAX,16,100,183,0,0,21
2,9,17,2,16,2475,AA,LAX,16,100,183,0,0,21
-7,9,17,2,10,2475,AA,LAX,16,100,183,0,0,21
4,9,17,2,9,2475,AA,LAX,16,100,183,0,0,21
0,9,17,2,21,2475,DL,LAX,16,100,183,0,0,21
4,9,17,2,20,2475,B6,LAX,16,100,183,0,0,21
1,9,17,2,7,2475,VX,LAX,16,100,183,0,0,21
-1,9,17,2,9,2475,VX,LAX,16,100,183,0,0,21
-5,9,17,2,13,2475,VX,LAX,16,100,183,0,0,21
2,9,17,2,16,2475,VX,LAX,16,100,183,0,0,21
1,9,17,2,20,2475,VX,LAX,16,100,183,0,0,21
-7,9,17,2,8,2475,UA,LAX,16,100,183,0,0,21
-8,9,17,2,14,2475,UA,LAX,16,100,183,0,0,21
-5,9,17,2,6,2475,UA,LAX,16,100,183,0,0,21
-5,9,17,2,20,2475,UA,LAX,16,100,183,0,0,21
-4,9,17,2,11,2475,UA,LAX,16,100,183,0,0,21
31,9,17,2,17,2475,UA,LAX,16,100,183,0,0,21
-5,9,17,2,7,2475,B6,LAX,16,100,183,0,0,21
-5,9,17,2,9,2475,B6,LAX,16,100,183,0,0,21
14,9,17,2,11,2475,B6,LAX,16,100,183,0,0,21
-4,9,17,2,16,2475,B6,LAX,16,100,183,0,0,21
-10,9,17,2,12,2475,DL,LAX,16,100,183,0,0,21
5,9,17,2,7,2475,DL,LAX,16,100,183,0,0,21
-1,9,17,2,9,2475,DL,LAX,16,100,183,0,0,21
-5,9,17,2,17,2475,DL,LAX,16,100,183,0,0,21
-1,9,17,2,18,2475,DL,LAX,16,100,183,0,0,21
-1,9,17,2,15,2475,DL,LAX,16,100,183,0,0,21
-6,9,24,2,16,2475,B6,LAX,19,83,228,0,0,18
-1,9,24,2,21,2475,DL,LAX,19,83,228,0,0,18
-2,9,24,2,20,2475,VX,LAX,19,83,228,0,0,18
-5,9,24,2,7,2475,DL,LAX,19,83,228,0,0,18
10,9,24,2,18,2475,DL,LAX,19,83,228,0,0,18
-6,9,24,2,17,2475,DL,LAX,19,83,228,0,0,18
0,9,24,2,9,2475,DL,LAX,19,83,228,0,0,18
-8,9,24,2,7,2475,B6,LAX,19,83,228,0,0,18
-8,9,24,2,9,2475,B6,LAX,19,83,228,0,0,18
-7,9,24,2,12,2475,DL,LAX,19,83,228,0,0,18
7,9,24,2,15,2475,DL,LAX,19,83,228,0,0,18
-3,9,24,2,7,2475,VX,LAX,19,83,228,0,0,18
-1,9,24,2,9,2475,VX,LAX,19,83,228,0,0,18
-5,9,24,2,11,2475,B6,LAX,19,83,228,0,0,18
-1,9,24,2,13,2475,VX,LAX,19,83,228,0,0,18
4,9,24,2,16,2475,VX,LAX,19,83,228,0,0,18
-3,9,24,2,20,2475,B6,LAX,19,83,228,0,0,18
-5,9,24,2,6,2475,UA,LAX,19,83,228,0,0,18
29,9,24,2,20,2475,UA,LAX,19,83,228,0,0,18
-2,9,24,2,17,2475,UA,LAX,19,83,228,0,0,18
-5,9,24,2,11,2475,UA,LAX,19,83,228,0,0,18
-5,9,24,2,19,2475,AA,LAX,19,83,228,0,0,18
-8,9,24,2,12,2475,AA,LAX,19,83,228,0,0,18
-6,9,24,2,10,2475,AA,LAX,19,83,228,0,0,18
-2,9,24,2,8,2475,AA,LAX,19,83,228,0,0,18
-8,9,24,2,9,2475,AA,LAX,19,83,228,0,0,18
-6,9,24,2,15,2475,AA,LAX,19,83,228,0,0,18
-1,9,24,2,13,2475,AA,LAX,19,83,228,0,0,18
3,9,24,2,21,2475,AA,LAX,19,83,228,0,0,18
0,9,24,2,16,2475,AA,LAX,19,83,228,0,0,18
-1,9,24,2,8,2475,UA,LAX,19,83,228,0,0,18
-2,9,24,2,14,2475,UA,LAX,19,83,228,0,0,18
-2,10,1,2,14,2475,UA,LAX,12,150,278,0,0,9
-3,10,1,2,6,2475,UA,LAX,12,150,278,0,0,9
-5,10,1,2,20,2475,UA,LAX,12,150,278,0,0,9
-6,10,1,2,11,2475,UA,LAX,12,150,278,0,0,9
3,10,1,2,17,2475,UA,LAX,12,150,278,0,0,9
0,10,1,2,8,2475,UA,LAX,12,150,278,0,0,9
-1,10,1,2,7,2475,VX,LAX,12,150,278,0,0,9
9,10,1,2,9,2475,VX,LAX,12,150,278,0,0,9
-2,10,1,2,13,2475,VX,LAX,12,150,278,0,0,9
3,10,1,2,16,2475,VX,LAX,12,150,278,0,0,9
-3,10,1,2,20,2475,VX,LAX,12,150,278,0,0,9
-7,10,1,2,9,2475,AA,LAX,12,150,278,0,0,9
-3,10,1,2,16,2475,AA,LAX,12,150,278,0,0,9
-2,10,1,2,21,2475,AA,LAX,12,150,278,0,0,9
11,10,1,2,13,2475,AA,LAX,12,150,278,0,0,9
12,10,1,2,12,2475,AA,LAX,12,150,278,0,0,9
-4,10,1,2,15,2475,AA,LAX,12,150,278,0,0,9
-4,10,1,2,21,2475,DL,LAX,12,150,278,0,0,9
-4,10,1,2,15,2475,DL,LAX,12,150,278,0,0,9
-6,10,1,2,12,2475,DL,LAX,12,150,278,0,0,9
-3,10,1,2,7,2475,DL,LAX,12,150,278,0,0,9
-6,10,1,2,8,2475,AA,LAX,12,150,278,0,0,9
-4,10,1,2,9,2475,DL,LAX,12,150,278,0,0,9
-2,10,1,2,17,2475,DL,LAX,12,150,278,0,0,9
-5,10,1,2,18,2475,DL,LAX,12,150,278,0,0,9
-5,10,1,2,11,2475,B6,LAX,12,150,278,0,0,9
-10,10,1,2,7,2475,B6,LAX,12,150,278,0,0,9
-2,10,1,2,9,2475,B6,LAX,12,150,278,0,0,9
-1,10,1,2,16,2475,B6,LAX,12,150,278,0,0,9
-14,10,1,2,20,2475,B6,LAX,12,150,278,0,0,9
-1,10,1,2,10,2475,AA,LAX,12,150,278,0,0,9
-8,10,1,2,19,2475,AA,LAX,12,150,278,0,0,9
10,10,8,2,21,2475,AA,LAX,5,122,194,0,0,27
-2,10,8,2,11,2475,B6,LAX,5,122,194,0,0,27
-9,10,8,2,9,2475,B6,LAX,5,122,194,0,0,27
-5,10,8,2,7,2475,DL,LAX,5,122,194,0,0,27
0,10,8,2,16,2475,B6,LAX,5,122,194,0,0,27
-5,10,8,2,8,2475,AA,LAX,5,122,194,0,0,27
-1,10,8,2,17,2475,DL,LAX,5,122,194,0,0,27
-6,10,8,2,7,2475,B6,LAX,5,122,194,0,0,27
-2,10,8,2,9,2475,DL,LAX,5,122,194,0,0,27
-2,10,8,2,15,2475,AA,LAX,5,122,194,0,0,27
-6,10,8,2,9,2475,AA,LAX,5,122,194,0,0,27
6,10,8,2,20,2475,B6,LAX,5,122,194,0,0,27
-4,10,8,2,16,2475,AA,LAX,5,122,194,0,0,27
-8,10,8,2,13,2475,AA,LAX,5,122,194,0,0,27
-5,10,8,2,12,2475,AA,LAX,5,122,194,0,0,27
15,10,8,2,15,2475,DL,LAX,5,122,194,0,0,27
-5,10,8,2,21,2475,DL,LAX,5,122,194,0,0,27
-9,10,8,2,19,2475,AA,LAX,5,122,194,0,0,27
-6,10,8,2,12,2475,DL,LAX,5,122,194,0,0,27
2,10,8,2,18,2475,DL,LAX,5,122,194,0,0,27
-1,10,8,2,10,2475,AA,LAX,5,122,194,0,0,27
-7,10,8,2,9,2475,VX,LAX,5,122,194,0,0,27
-7,10,8,2,20,2475,UA,LAX,5,122,194,0,0,27
5,10,8,2,8,2475,UA,LAX,5,122,194,0,0,27
0,10,8,2,14,2475,UA,LAX,5,122,194,0,0,27
36,10,8,2,6,2475,UA,LAX,5,122,194,0,0,27
34,10,8,2,17,2475,UA,LAX,5,122,194,0,0,27
-4,10,8,2,11,2475,UA,LAX,5,122,194,0,0,27
-3,10,8,2,7,2475,VX,LAX,5,122,194,0,0,27
-4,10,8,2,20,2475,VX,LAX,5,122,194,0,0,27
3,10,8,2,16,2475,VX,LAX,5,122,194,0,0,27
7,10,8,2,13,2475,VX,LAX,5,122,194,0,0,27
17,10,15,2,21,2475,DL,LAX,2,117,222,0,0,13
0,10,15,2,11,2475,UA,LAX,2,117,222,0,0,13
0,10,15,2,20,2475,UA,LAX,2,117,222,0,0,13
-10,10,15,2,6,2475,UA,LAX,2,117,222,0,0,13
13,10,15,2,14,2475,UA,LAX,2,117,222,0,0,13
-1,10,15,2,8,2475,UA,LAX,2,117,222,0,0,13
-3,10,15,2,17,2475,UA,LAX,2,117,222,0,0,13
-12,10,15,2,20,2475,VX,LAX,2,117,222,0,0,13
-5,10,15,2,16,2475,VX,LAX,2,117,222,0,0,13
-7,10,15,2,13,2475,VX,LAX,2,117,222,0,0,13
-4,10,15,2,9,2475,VX,LAX,2,117,222,0,0,13
-2,10,15,2,7,2475,VX,LAX,2,117,222,0,0,13
-3,10,15,2,18,2475,DL,LAX,2,117,222,0,0,13
0,10,15,2,17,2475,DL,LAX,2,117,222,0,0,13
-1,10,15,2,9,2475,DL,LAX,2,117,222,0,0,13
1,10,15,2,7,2475,DL,LAX,2,117,222,0,0,13
-5,10,15,2,12,2475,DL,LAX,2,117,222,0,0,13
-1,10,15,2,15,2475,DL,LAX,2,117,222,0,0,13
-4,10,15,2,12,2475,AA,LAX,2,117,222,0,0,13
-4,10,15,2,8,2475,AA,LAX,2,117,222,0,0,13
-8,10,15,2,7,2475,B6,LAX,2,117,222,0,0,13
-4,10,15,2,19,2475,AA,LAX,2,117,222,0,0,13
-9,10,15,2,15,2475,AA,LAX,2,117,222,0,0,13
31,10,15,2,16,2475,AA,LAX,2,117,222,0,0,13
22,10,15,2,12,2475,B6,LAX,2,117,222,0,0,13
-8,10,15,2,9,2475,B6,LAX,2,117,222,0,0,13
2,10,15,2,16,2475,B6,LAX,2,117,222,0,0,13
-1,10,15,2,10,2475,AA,LAX,2,117,222,0,0,13
-3,10,15,2,21,2475,AA,LAX,2,117,222,0,0,13
0,10,15,2,20,2475,B6,LAX,2,117,222,0,0,13
-2,10,15,2,9,2475,AA,LAX,2,117,222,0,0,13
-3,10,15,2,13,2475,AA,LAX,2,117,222,0,0,13
-9,10,22,2,7,2475,B6,LAX,9,106,194,0,0,20
0,10,22,2,19,2475,AA,LAX,9,106,194,0,0,20
54,10,22,2,13,2475,AA,LAX,9,106,194,0,0,20
-5,10,22,2,12,2475,B6,LAX,9,106,194,0,0,20
35,10,22,2,16,2475,AA,LAX,9,106,194,0,0,20
-5,10,22,2,9,2475,AA,LAX,9,106,194,0,0,20
4,10,22,2,12,2475,AA,LAX,9,106,194,0,0,20
97,10,22,2,15,2475,AA,LAX,9,106,194,0,0,20
204,10,22,2,8,2475,AA,LAX,9,106,194,0,0,20
-7,10,22,2,9,2475,B6,LAX,9,106,194,0,0,20
3,10,22,2,16,2475,B6,LAX,9,106,194,0,0,20
-3,10,22,2,10,2475,AA,LAX,9,106,194,0,0,20
-9,10,22,2,20,2475,B6,LAX,9,106,194,0,0,20
-6,10,22,2,21,2475,AA,LAX,9,106,194,0,0,20
1,10,22,2,18,2475,DL,LAX,9,106,194,0,0,20
-5,10,22,2,17,2475,DL,LAX,9,106,194,0,0,20
0,10,22,2,21,2475,DL,LAX,9,106,194,0,0,20
-2,10,22,2,9,2475,DL,LAX,9,106,194,0,0,20
-6,10,22,2,9,2475,VX,LAX,9,106,194,0,0,20
-4,10,22,2,13,2475,VX,LAX,9,106,194,0,0,20
-1,10,22,2,16,2475,VX,LAX,9,106,194,0,0,20
-3,10,22,2,7,2475,VX,LAX,9,106,194,0,0,20
-1,10,22,2,20,2475,VX,LAX,9,106,194,0,0,20
-5,10,22,2,7,2475,DL,LAX,9,106,194,0,0,20
-3,10,22,2,12,2475,DL,LAX,9,106,194,0,0,20
22,10,22,2,15,2475,DL,LAX,9,106,194,0,0,20
0,10,22,2,14,2475,UA,LAX,9,106,194,0,0,20
-10,10,22,2,6,2475,UA,LAX,9,106,194,0,0,20
0,10,22,2,20,2475,UA,LAX,9,106,194,0,0,20
-2,10,22,2,11,2475,UA,LAX,9,106,194,0,0,20
1,10,22,2,17,2475,UA,LAX,9,106,194,0,0,20
-2,10,22,2,8,2475,UA,LAX,9,106,194,0,0,20
-9,10,29,2,20,2475,UA,LAX,13,67,133,0,0,22
-4,10,29,2,8,2475,UA,LAX,13,67,133,0,0,22
-1,10,29,2,17,2475,UA,LAX,13,67,133,0,0,22
0,10,29,2,11,2475,UA,LAX,13,67,133,0,0,22
-5,10,29,2,6,2475,UA,LAX,13,67,133,0,0,22
61,10,29,2,14,2475,UA,LAX,13,67,133,0,0,22
0,10,29,2,17,2475,DL,LAX,13,67,133,0,0,22
-1,10,29,2,21,2475,DL,LAX,13,67,133,0,0,22
-5,10,29,2,18,2475,DL,LAX,13,67,133,0,0,22
-7,10,29,2,12,2475,DL,LAX,13,67,133,0,0,22
-5,10,29,2,9,2475,DL,LAX,13,67,133,0,0,22
-1,10,29,2,15,2475,DL,LAX,13,67,133,0,0,22
-6,10,29,2,7,2475,DL,LAX,13,67,133,0,0,22
-2,10,29,2,20,2475,VX,LAX,13,67,133,0,0,22
0,10,29,2,16,2475,VX,LAX,13,67,133,0,0,22
-1,10,29,2,13,2475,VX,LAX,13,67,133,0,0,22
-5,10,29,2,9,2475,VX,LAX,13,67,133,0,0,22
-4,10,29,2,7,2475,VX,LAX,13,67,133,0,0,22
1,10,29,2,16,2475,AA,LAX,13,67,133,0,0,22
-6,10,29,2,8,2475,AA,LAX,13,67,133,0,0,22
-1,10,29,2,21,2475,AA,LAX,13,67,133,0,0,22
-6,10,29,2,13,2475,AA,LAX,13,67,133,0,0,22
4,10,29,2,19,2475,AA,LAX,13,67,133,0,0,22
-2,10,29,2,15,2475,AA,LAX,13,67,133,0,0,22
-7,10,29,2,10,2475,AA,LAX,13,67,133,0,0,22
-6,10,29,2,12,2475,AA,LAX,13,67,133,0,0,22
0,10,29,2,16,2475,B6,LAX,13,67,133,0,0,22
-3,10,29,2,11,2475,B6,LAX,13,67,133,0,0,22
-7,10,29,2,7,2475,B6,LAX,13,67,133,0,0,22
-1,10,29,2,20,2475,B6,LAX,13,67,133,0,0,22
-4,10,29,2,9,2475,B6,LAX,13,67,133,0,0,22
-6,10,29,2,9,2475,AA,LAX,13,67,133,0,0,22
-5,11,6,3,15,2475,AA,LAX,5,94,161,0,0,16
-5,11,6,3,20,2475,DL,LAX,5,94,161,0,0,16
-5,11,6,3,8,2475,AA,LAX,5,94,161,0,0,16
-4,11,6,3,7,2475,B6,LAX,5,94,161,0,0,16
29,11,6,3,13,2475,AA,LAX,5,94,161,0,0,16
-3,11,6,3,19,2475,AA,LAX,5,94,161,0,0,16
-7,11,6,3,12,2475,DL,LAX,5,94,161,0,0,16
-1,11,6,3,9,2475,DL,LAX,5,94,161,0,0,16
-4,11,6,3,7,2475,DL,LAX,5,94,161,0,0,16
-1,11,6,3,15,2475,DL,LAX,5,94,161,0,0,16
-4,11,6,3,20,2475,B6,LAX,5,94,161,0,0,16
-2,11,6,3,16,2475,B6,LAX,5,94,161,0,0,16
-6,11,6,3,16,2475,AA,LAX,5,94,161,0,0,16
-3,11,6,3,12,2475,AA,LAX,5,94,161,0,0,16
-9,11,6,3,16,2475,DL,LAX,5,94,161,0,0,16
-3,11,6,3,9,2475,AA,LAX,5,94,161,0,0,16
-1,11,6,3,11,2475,B6,LAX,5,94,161,0,0,16
-6,11,6,3,10,2475,AA,LAX,5,94,161,0,0,16
-5,11,6,3,9,2475,B6,LAX,5,94,161,0,0,16
-3,11,6,3,18,2475,DL,LAX,5,94,161,0,0,16
-10,11,6,3,21,2475,AA,LAX,5,94,161,0,0,16
0,11,6,3,11,2475,UA,LAX,5,94,161,0,0,16
1,11,6,3,17,2475,UA,LAX,5,94,161,0,0,16
0,11,6,3,14,2475,UA,LAX,5,94,161,0,0,16
-10,11,6,3,6,2475,UA,LAX,5,94,161,0,0,16
-2,11,6,3,9,2475,VX,LAX,5,94,161,0,0,16
1,11,6,3,7,2475,VX,LAX,5,94,161,0,0,16
-2,11,6,3,20,2475,VX,LAX,5,94,161,0,0,16
-3,11,6,3,16,2475,VX,LAX,5,94,161,0,0,16
-1,11,6,3,13,2475,VX,LAX,5,94,161,0,0,16
8,11,6,3,20,2475,UA,LAX,5,94,161,0,0,16
-4,11,6,3,8,2475,UA,LAX,5,94,161,0,0,16
-6,11,13,3,19,2475,AA,LAX,2,-16,39,0,0,27
1,11,13,3,16,2475,AA,LAX,2,-16,39,0,0,27
-7,11,13,3,15,2475,AA,LAX,2,-16,39,0,0,27
10,11,13,3,21,2475,AA,LAX,2,-16,39,0,0,27
-3,11,13,3,8,2475,AA,LAX,2,-16,39,0,0,27
-4,11,13,3,9,2475,B6,LAX,2,-16,39,0,0,27
11,11,13,3,15,2475,DL,LAX,2,-16,39,0,0,27
37,11,13,3,20,2475,B6,LAX,2,-16,39,0,0,27
2,11,13,3,16,2475,B6,LAX,2,-16,39,0,0,27
-5,11,13,3,11,2475,B6,LAX,2,-16,39,0,0,27
-7,11,13,3,7,2475,B6,LAX,2,-16,39,0,0,27
-3,11,13,3,9,2475,DL,LAX,2,-16,39,0,0,27
-8,11,13,3,9,2475,AA,LAX,2,-16,39,0,0,27
-5,11,13,3,10,2475,AA,LAX,2,-16,39,0,0,27
8,11,13,3,18,2475,DL,LAX,2,-16,39,0,0,27
9,11,13,3,20,2475,DL,LAX,2,-16,39,0,0,27
-6,11,13,3,7,2475,DL,LAX,2,-16,39,0,0,27
-5,11,13,3,12,2475,AA,LAX,2,-16,39,0,0,27
-8,11,13,3,12,2475,DL,LAX,2,-16,39,0,0,27
-9,11,13,3,16,2475,DL,LAX,2,-16,39,0,0,27
-6,11,13,3,13,2475,AA,LAX,2,-16,39,0,0,27
28,11,13,3,11,2475,UA,LAX,2,-16,39,0,0,27
0,11,13,3,9,2475,VX,LAX,2,-16,39,0,0,27
16,11,13,3,16,2475,VX,LAX,2,-16,39,0,0,27
10,11,13,3,20,2475,VX,LAX,2,-16,39,0,0,27
1,11,13,3,13,2475,VX,LAX,2,-16,39,0,0,27
-5,11,13,3,14,2475,UA,LAX,2,-16,39,0,0,27
7,11,13,3,17,2475,UA,LAX,2,-16,39,0,0,27
-5,11,13,3,7,2475,VX,LAX,2,-16,39,0,0,27
-7,11,13,3,6,2475,UA,LAX,2,-16,39,0,0,27
0,11,13,3,20,2475,UA,LAX,2,-16,39,0,0,27
9,11,13,3,8,2475,UA,LAX,2,-16,39,0,0,27
-5,11,20,3,20,2475,VX,LAX,7,0,67,0,0,31
3,11,20,3,16,2475,VX,LAX,7,0,67,0,0,31
-5,11,20,3,13,2475,VX,LAX,7,0,67,0,0,31
-3,11,20,3,9,2475,VX,LAX,7,0,67,0,0,31
-10,11,20,3,7,2475,VX,LAX,7,0,67,0,0,31
19,11,20,3,14,2475,UA,LAX,7,0,67,0,0,31
40,11,20,3,17,2475,UA,LAX,7,0,67,0,0,31
-4,11,20,3,8,2475,UA,LAX,7,0,67,0,0,31
-11,11,20,3,6,2475,UA,LAX,7,0,67,0,0,31
-1,11,20,3,20,2475,UA,LAX,7,0,67,0,0,31
-5,11,20,3,11,2475,UA,LAX,7,0,67,0,0,31
37,11,20,3,11,2475,B6,LAX,7,0,67,0,0,31
-4,11,20,3,7,2475,DL,LAX,7,0,67,0,0,31
-5,11,20,3,9,2475,AA,LAX,7,0,67,0,0,31
0,11,20,3,12,2475,DL,LAX,7,0,67,0,0,31
-6,11,20,3,10,2475,AA,LAX,7,0,67,0,0,31
-7,11,20,3,12,2475,AA,LAX,7,0,67,0,0,31
-6,11,20,3,19,2475,AA,LAX,7,0,67,0,0,31
-2,11,20,3,18,2475,DL,LAX,7,0,67,0,0,31
-4,11,20,3,20,2475,DL,LAX,7,0,67,0,0,31
12,11,20,3,16,2475,AA,LAX,7,0,67,0,0,31
-6,11,20,3,15,2475,AA,LAX,7,0,67,0,0,31
-7,11,20,3,9,2475,B6,LAX,7,0,67,0,0,31
-6,11,20,3,21,2475,AA,LAX,7,0,67,0,0,31
0,11,20,3,15,2475,DL,LAX,7,0,67,0,0,31
-4,11,20,3,16,2475,DL,LAX,7,0,67,0,0,31
-3,11,20,3,16,2475,B6,LAX,7,0,67,0,0,31
-7,11,20,3,7,2475,B6,LAX,7,0,67,0,0,31
-3,11,20,3,13,2475,AA,LAX,7,0,67,0,0,31
-2,11,20,3,9,2475,DL,LAX,7,0,67,0,0,31
-6,11,20,3,8,2475,AA,LAX,7,0,67,0,0,31
-4,11,20,3,20,2475,B6,LAX,7,0,67,0,0,31
7,11,27,3,20,2475,DL,LAX,0,17,167,503,0,43
-2,11,27,3,7,2475,DL,LAX,0,17,167,503,0,43
161,11,27,3,9,2475,AA,LAX,0,17,167,503,0,43
0,11,27,3,16,2475,DL,LAX,0,17,167,503,0,43
-5,11,27,3,13,2475,AA,LAX,0,17,167,503,0,43
-1,11,27,3,10,2475,AA,LAX,0,17,167,503,0,43
10,11,27,3,16,2475,AA,LAX,0,17,167,503,0,43
2,11,27,3,20,2475,B6,LAX,0,17,167,503,0,43
-3,11,27,3,12,2475,AA,LAX,0,17,167,503,0,43
18,11,27,3,16,2475,B6,LAX,0,17,167,503,0,43
-2,11,27,3,15,2475,AA,LAX,0,17,167,503,0,43
-6,11,27,3,11,2475,B6,LAX,0,17,167,503,0,43
-4,11,27,3,9,2475,B6,LAX,0,17,167,503,0,43
14,11,27,3,21,2475,AA,LAX,0,17,167,503,0,43
-6,11,27,3,7,2475,AA,LAX,0,17,167,503,0,43
0,11,27,3,9,2475,DL,LAX,0,17,167,503,0,43
-2,11,27,3,15,2475,DL,LAX,0,17,167,503,0,43
-5,11,27,3,12,2475,DL,LAX,0,17,167,503,0,43
-2,11,27,3,18,2475,DL,LAX,0,17,167,503,0,43
0,11,27,3,19,2475,AA,LAX,0,17,167,503,0,43
-4,11,27,3,7,2475,B6,LAX,0,17,167,503,0,43
-7,11,27,3,13,2475,B6,LAX,0,17,167,503,0,43
45,11,27,3,16,2475,VX,LAX,0,17,167,503,0,43
312,11,27,3,8,2475,UA,LAX,0,17,167,503,0,43
2,11,27,3,17,2475,UA,LAX,0,17,167,503,0,43
5,11,27,3,11,2475,UA,LAX,0,17,167,503,0,43
59,11,27,3,20,2475,VX,LAX,0,17,167,503,0,43
16,11,27,3,14,2475,UA,LAX,0,17,167,503,0,43
41,11,27,3,20,2475,UA,LAX,0,17,167,503,0,43
-4,11,27,3,6,2475,UA,LAX,0,17,167,503,0,43
-1,11,27,3,7,2475,VX,LAX,0,17,167,503,0,43
-3,11,27,3,9,2475,VX,LAX,0,17,167,503,0,43
-7,11,27,3,13,2475,VX,LAX,0,17,167,503,0,43
-2,12,4,3,13,2475,AA,LAX,7,50,111,0,0,13
0,12,4,3,9,2475,B6,LAX,7,50,111,0,0,13
31,12,4,3,21,2475,AA,LAX,7,50,111,0,0,13
-10,12,4,3,9,2475,DL,LAX,7,50,111,0,0,13
-4,12,4,3,19,2475,AA,LAX,7,50,111,0,0,13
6,12,4,3,16,2475,AA,LAX,7,50,111,0,0,13
-1,12,4,3,15,2475,AA,LAX,7,50,111,0,0,13
-1,12,4,3,20,2475,B6,LAX,7,50,111,0,0,13
-1,12,4,3,20,2475,DL,LAX,7,50,111,0,0,13
-2,12,4,3,15,2475,DL,LAX,7,50,111,0,0,13
-1,12,4,3,7,2475,B6,LAX,7,50,111,0,0,13
-2,12,4,3,16,2475,DL,LAX,7,50,111,0,0,13
6,12,4,3,7,2475,AA,LAX,7,50,111,0,0,13
-6,12,4,3,9,2475,AA,LAX,7,50,111,0,0,13
-3,12,4,3,18,2475,DL,LAX,7,50,111,0,0,13
-2,12,4,3,11,2475,B6,LAX,7,50,111,0,0,13
-1,12,4,3,10,2475,AA,LAX,7,50,111,0,0,13
9,12,4,3,16,2475,B6,LAX,7,50,111,0,0,13
-5,12,4,3,12,2475,DL,LAX,7,50,111,0,0,13
-1,12,4,3,12,2475,AA,LAX,7,50,111,0,0,13
-6,12,4,3,7,2475,DL,LAX,7,50,111,0,0,13
0,12,4,3,13,2475,VX,LAX,7,50,111,0,0,13
-7,12,4,3,9,2475,VX,LAX,7,50,111,0,0,13
-7,12,4,3,17,2475,UA,LAX,7,50,111,0,0,13
13,12,4,3,14,2475,UA,LAX,7,50,111,0,0,13
15,12,4,3,11,2475,UA,LAX,7,50,111,0,0,13
-5,12,4,3,8,2475,UA,LAX,7,50,111,0,0,13
-8,12,4,3,6,2475,UA,LAX,7,50,111,0,0,13
0,12,4,3,7,2475,VX,LAX,7,50,111,0,0,13
-5,12,4,3,20,2475,VX,LAX,7,50,111,0,0,13
3,12,4,3,20,2475,UA,LAX,7,50,111,0,0,13
-6,12,4,3,16,2475,VX,LAX,7,50,111,0,0,13
35,12,11,3,9,2475,DL,LAX,14,-27,6,0,0,34
-4,12,11,3,15,2475,DL,LAX,14,-27,6,0,0,34
-4,12,11,3,17,2475,UA,LAX,14,-27,6,0,0,34
-1,12,11,3,14,2475,UA,LAX,14,-27,6,0,0,34
-2,12,11,3,11,2475,UA,LAX,14,-27,6,0,0,34
-1,12,11,3,8,2475,UA,LAX,14,-27,6,0,0,34
13,12,11,3,6,2475,UA,LAX,14,-27,6,0,0,34
22,12,11,3,20,2475,UA,LAX,14,-27,6,0,0,34
45,12,11,3,7,2475,VX,LAX,14,-27,6,0,0,34
-1,12,11,3,9,2475,VX,LAX,14,-27,6,0,0,34
-1,12,11,3,13,2475,VX,LAX,14,-27,6,0,0,34
-2,12,11,3,16,2475,VX,LAX,14,-27,6,0,0,34
13,12,11,3,20,2475,VX,LAX,14,-27,6,0,0,34
-5,12,11,3,16,2475,DL,LAX,14,-27,6,0,0,34
-1,12,11,3,7,2475,DL,LAX,14,-27,6,0,0,34
0,12,11,3,20,2475,DL,LAX,14,-27,6,0,0,34
-5,12,11,3,18,2475,DL,LAX,14,-27,6,0,0,34
1,12,11,3,12,2475,DL,LAX,14,-27,6,0,0,34
-5,12,11,3,15,2475,AA,LAX,14,-27,6,0,0,34
-6,12,11,3,13,2475,AA,LAX,14,-27,6,0,0,34
0,12,11,3,21,2475,AA,LAX,14,-27,6,0,0,34
-3,12,11,3,9,2475,B6,LAX,14,-27,6,0,0,34
3,12,11,3,19,2475,AA,LAX,14,-27,6,0,0,34
3,12,11,3,16,2475,AA,LAX,14,-27,6,0,0,34
1,12,11,3,9,2475,AA,LAX,14,-27,6,0,0,34
-1,12,11,3,20,2475,B6,LAX,14,-27,6,0,0,34
12,12,11,3,16,2475,B6,LAX,14,-27,6,0,0,34
-3,12,11,3,11,2475,B6,LAX,14,-27,6,0,0,34
-7,12,11,3,12,2475,AA,LAX,14,-27,6,0,0,34
25,12,11,3,10,2475,AA,LAX,14,-27,6,0,0,34
-2,12,11,3,7,2475,AA,LAX,14,-27,6,0,0,34
-8,12,11,3,7,2475,B6,LAX,14,-27,6,0,0,34
-1,12,18,3,14,2475,UA,LAX,7,-49,28,0,0,30
13,12,18,3,11,2475,UA,LAX,7,-49,28,0,0,30
1,12,18,3,17,2475,UA,LAX,7,-49,28,0,0,30
-1,12,18,3,16,2475,B6,LAX,7,-49,28,0,0,30
0,12,18,3,7,2475,B6,LAX,7,-49,28,0,0,30
4,12,18,3,21,2475,AA,LAX,7,-49,28,0,0,30
49,12,18,3,9,2475,B6,LAX,7,-49,28,0,0,30
2,12,18,3,9,2475,AA,LAX,7,-49,28,0,0,30
-3,12,18,3,13,2475,AA,LAX,7,-49,28,0,0,30
10,12,18,3,7,2475,AA,LAX,7,-49,28,0,0,30
112,12,18,3,12,2475,AA,LAX,7,-49,28,0,0,30
-1,12,18,3,15,2475,AA,LAX,7,-49,28,0,0,30
15,12,18,3,11,2475,B6,LAX,7,-49,28,0,0,30
268,12,18,3,19,2475,AA,LAX,7,-49,28,0,0,30
-6,12,18,3,10,2475,AA,LAX,7,-49,28,0,0,30
7,12,18,3,16,2475,AA,LAX,7,-49,28,0,0,30
37,12,18,3,20,2475,B6,LAX,7,-49,28,0,0,30
47,12,18,3,20,2475,DL,LAX,7,-49,28,0,0,30
13,12,18,3,16,2475,DL,LAX,7,-49,28,0,0,30
-8,12,18,3,8,2475,UA,LAX,7,-49,28,0,0,30
6,12,18,3,7,2475,VX,LAX,7,-49,28,0,0,30
36,12,18,3,9,2475,VX,LAX,7,-49,28,0,0,30
5,12,18,3,13,2475,VX,LAX,7,-49,28,0,0,30
-1,12,18,3,6,2475,UA,LAX,7,-49,28,0,0,30
17,12,18,3,20,2475,UA,LAX,7,-49,28,0,0,30
3,12,18,3,7,2475,DL,LAX,7,-49,28,0,0,30
57,12,18,3,16,2475,VX,LAX,7,-49,28,0,0,30
26,12,18,3,20,2475,VX,LAX,7,-49,28,0,0,30
0,12,18,3,15,2475,DL,LAX,7,-49,28,0,0,30
1,12,18,3,9,2475,DL,LAX,7,-49,28,0,0,30
-4,12,18,3,12,2475,DL,LAX,7,-49,28,0,0,30
2,12,18,3,18,2475,DL,LAX,7,-49,28,0,0,30
123,12,25,3,17,2475,DL,LAX,0,-71,-5,0,0,21
2,12,25,3,15,2475,DL,LAX,0,-71,-5,0,0,21
7,12,25,3,20,2475,VX,LAX,0,-71,-5,0,0,21
6,12,25,3,16,2475,VX,LAX,0,-71,-5,0,0,21
2,12,25,3,13,2475,VX,LAX,0,-71,-5,0,0,21
-2,12,25,3,9,2475,VX,LAX,0,-71,-5,0,0,21
3,12,25,3,9,2475,DL,LAX,0,-71,-5,0,0,21
7,12,25,3,18,2475,DL,LAX,0,-71,-5,0,0,21
1,12,25,3,20,2475,DL,LAX,0,-71,-5,0,0,21
8,12,25,3,7,2475,DL,LAX,0,-71,-5,0,0,21
14,12,25,3,16,2475,B6,LAX,0,-71,-5,0,0,21
-4,12,25,3,20,2475,B6,LAX,0,-71,-5,0,0,21
3,12,25,3,15,2475,AA,LAX,0,-71,-5,0,0,21
-2,12,25,3,13,2475,AA,LAX,0,-71,-5,0,0,21
7,12,25,3,19,2475,AA,LAX,0,-71,-5,0,0,21
-4,12,25,3,16,2475,AA,LAX,0,-71,-5,0,0,21
-2,12,25,3,12,2475,AA,LAX,0,-71,-5,0,0,21
-5,12,25,3,21,2475,AA,LAX,0,-71,-5,0,0,21
3,12,25,3,9,2475,AA,LAX,0,-71,-5,0,0,21
6,12,25,3,7,2475,B6,LAX,0,-71,-5,0,0,21
24,12,25,3,9,2475,B6,LAX,0,-71,-5,0,0,21
-4,12,25,3,11,2475,B6,LAX,0,-71,-5,0,0,21
-2,12,25,3,14,2475,UA,LAX,0,-71,-5,0,0,21
-1,12,25,3,6,2475,UA,LAX,0,-71,-5,0,0,21
-2,12,25,3,11,2475,UA,LAX,0,-71,-5,0,0,21
4,12,25,3,17,2475,UA,LAX,0,-71,-5,0,0,21
