-2,1,4,5,9,2475,AA,LAX,3,-11,28,0,0,36
-5,1,4,5,21,2475,AA,LAX,3,-11,28,0,0,36
41,1,4,5,19,2475,AA,LAX,3,-11,28,0,0,36
78,1,4,5,15,2475,AA,LAX,3,-11,28,0,0,36
-2,1,4,5,7,2475,AA,LAX,3,-11,28,0,0,36
-3,1,4,5,12,2475,AA,LAX,3,-11,28,0,0,36
-5,1,4,5,13,2475,AA,LAX,3,-11,28,0,0,36
-2,1,4,5,10,2475,AA,LAX,3,-11,28,0,0,36
-1,1,4,5,16,2475,AA,LAX,3,-11,28,0,0,36
17,1,4,5,20,2475,VX,LAX,3,-11,28,0,0,36
-6,1,4,5,12,2475,DL,LAX,3,-11,28,0,0,36
-3,1,4,5,15,2475,DL,LAX,3,-11,28,0,0,36
0,1,4,5,12,2475,B6,LAX,3,-11,28,0,0,36
19,1,4,5,16,2475,VX,LAX,3,-11,28,0,0,36
-2,1,4,5,13,2475,VX,LAX,3,-11,28,0,0,36
0,1,4,5,11,2475,VX,LAX,3,-11,28,0,0,36
5,1,4,5,8,2475,UA,LAX,3,-11,28,0,0,36
7,1,4,5,15,2475,UA,LAX,3,-11,28,0,0,36
3,1,4,5,17,2475,UA,LAX,3,-11,28,0,0,36
-12,1,4,5,11,2475,UA,LAX,3,-11,28,0,0,36
-11,1,4,5,20,2475,UA,LAX,3,-11,28,0,0,36
7,1,4,5,5,2475,UA,LAX,3,-11,28,0,0,36
-4,1,4,5,9,2475,VX,LAX,3,-11,28,0,0,36
0,1,4,5,7,2475,VX,LAX,3,-11,28,0,0,36
-1,1,4,5,19,2475,DL,LAX,3,-11,28,0,0,36
21,1,4,5,7,2475,B6,LAX,3,-11,28,0,0,36
15,1,4,5,7,2475,DL,LAX,3,-11,28,0,0,36
-2,1,4,5,16,2475,B6,LAX,3,-11,28,0,0,36
6,1,4,5,20,2475,B6,LAX,3,-11,28,0,0,36
16,1,4,5,9,2475,B6,LAX,3,-11,28,0,0,36
-1,1,4,5,21,2475,DL,LAX,3,-11,28,0,0,36
-2,1,4,5,9,2475,DL,LAX,3,-11,28,0,0,36
-5,1,4,5,17,2475,DL,LAX,3,-11,28,0,0,36
-4,1,11,5,13,2475,VX,LAX,10,28,78,140,0,20
-4,1,11,5,9,2475,VX,LAX,10,28,78,140,0,20
-2,1,11,5,15,2475,DL,LAX,10,28,78,140,0,20
-3,1,11,5,16,2475,B6,LAX,10,28,78,140,0,20
39,1,11,5,12,2475,DL,LAX,10,28,78,140,0,20
-5,1,11,5,7,2475,DL,LAX,10,28,78,140,0,20
-3,1,11,5,17,2475,DL,LAX,10,28,78,140,0,20
-5,1,11,5,9,2475,DL,LAX,10,28,78,140,0,20
-3,1,11,5,19,2475,DL,LAX,10,28,78,140,0,20
-2,1,11,5,7,2475,VX,LAX,10,28,78,140,0,20
-7,1,11,5,15,2475,UA,LAX,10,28,78,140,0,20
0,1,11,5,20,2475,UA,LAX,10,28,78,140,0,20
2,1,11,5,20,2475,B6,LAX,10,28,78,140,0,20
0,1,11,5,21,2475,DL,LAX,10,28,78,140,0,20
-2,1,11,5,11,2475,B6,LAX,10,28,78,140,0,20
-1,1,11,5,7,2475,B6,LAX,10,28,78,140,0,20
11,1,11,5,8,2475,UA,LAX,10,28,78,140,0,20
-4,1,11,5,20,2475,VX,LAX,10,28,78,140,0,20
-9,1,11,5,11,2475,UA,LAX,10,28,78,140,0,20
-6,1,11,5,16,2475,VX,LAX,10,28,78,140,0,20
-4,1,11,5,6,2475,UA,LAX,10,28,78,140,0,20
13,1,11,5,17,2475,UA,LAX,10,28,78,140,0,20
-6,1,11,5,10,2475,AA,LAX,10,28,78,140,0,20
6,1,11,5,19,2475,AA,LAX,10,28,78,140,0,20
-6,1,11,5,12,2475,AA,LAX,10,28,78,140,0,20
3,1,11,5,9,2475,AA,LAX,10,28,78,140,0,20
1,1,11,5,16,2475,AA,LAX,10,28,78,140,0,20
-3,1,11,5,7,2475,AA,LAX,10,28,78,140,0,20
-3,1,11,5,15,2475,AA,LAX,10,28,78,140,0,20
-5,1,11,5,21,2475,AA,LAX,10,28,78,140,0,20
-5,1,11,5,13,2475,AA,LAX,10,28,78,140,0,20
2,1,18,5,7,2475,AA,LAX,3,-39,17,0,0,30
-2,1,18,5,10,2475,AA,LAX,3,-39,17,0,0,30
4,1,18,5,19,2475,AA,LAX,3,-39,17,0,0,30
-8,1,18,5,12,2475,AA,LAX,3,-39,17,0,0,30
-1,1,18,5,16,2475,AA,LAX,3,-39,17,0,0,30
-5,1,18,5,13,2475,AA,LAX,3,-39,17,0,0,30
5,1,18,5,15,2475,AA,LAX,3,-39,17,0,0,30
-4,1,18,5,21,2475,AA,LAX,3,-39,17,0,0,30
-2,1,18,5,9,2475,AA,LAX,3,-39,17,0,0,30
8,1,18,5,16,2475,VX,LAX,3,-39,17,0,0,30
0,1,18,5,6,2475,UA,LAX,3,-39,17,0,0,30
-10,1,18,5,7,2475,VX,LAX,3,-39,17,0,0,30
-5,1,18,5,9,2475,VX,LAX,3,-39,17,0,0,30
-6,1,18,5,20,2475,UA,LAX,3,-39,17,0,0,30
1,1,18,5,13,2475,VX,LAX,3,-39,17,0,0,30
-9,1,18,5,20,2475,VX,LAX,3,-39,17,0,0,30
-1,1,18,5,20,2475,B6,LAX,3,-39,17,0,0,30
-3,1,18,5,16,2475,B6,LAX,3,-39,17,0,0,30
6,1,18,5,11,2475,B6,LAX,3,-39,17,0,0,30
-6,1,18,5,7,2475,B6,LAX,3,-39,17,0,0,30
5,1,18,5,21,2475,DL,LAX,3,-39,17,0,0,30
2,1,18,5,15,2475,DL,LAX,3,-39,17,0,0,30
-4,1,18,5,12,2475,DL,LAX,3,-39,17,0,0,30
-3,1,18,5,7,2475,DL,LAX,3,-39,17,0,0,30
-3,1,18,5,15,2475,UA,LAX,3,-39,17,0,0,30
3,1,18,5,17,2475,UA,LAX,3,-39,17,0,0,30
-4,1,18,5,11,2475,UA,LAX,3,-39,17,0,0,30
-3,1,18,5,8,2475,UA,LAX,3,-39,17,0,0,30
-2,1,18,5,17,2475,DL,LAX,3,-39,17,0,0,30
0,1,18,5,9,2475,DL,LAX,3,-39,17,0,0,30
0,1,18,5,19,2475,DL,LAX,3,-39,17,0,0,30
-6,1,25,5,9,2475,VX,LAX,4,-106,-44,18,38,30
-4,1,25,5,7,2475,VX,LAX,4,-106,-44,18,38,30
13,1,25,5,20,2475,B6,LAX,4,-106,-44,18,38,30
114,1,25,5,21,2475,DL,LAX,4,-106,-44,18,38,30
-2,1,25,5,20,2475,VX,LAX,4,-106,-44,18,38,30
-5,1,25,5,16,2475,VX,LAX,4,-106,-44,18,38,30
15,1,25,5,19,2475,DL,LAX,4,-106,-44,18,38,30
-2,1,25,5,17,2475,DL,LAX,4,-106,-44,18,38,30
-3,1,25,5,13,2475,VX,LAX,4,-106,-44,18,38,30
-5,1,25,5,7,2475,B6,LAX,4,-106,-44,18,38,30
-3,1,25,5,11,2475,B6,LAX,4,-106,-44,18,38,30
-2,1,25,5,16,2475,B6,LAX,4,-106,-44,18,38,30
-1,1,25,5,9,2475,DL,LAX,4,-106,-44,18,38,30
-1,1,25,5,20,2475,UA,LAX,4,-106,-44,18,38,30
-5,1,25,5,11,2475,UA,LAX,4,-106,-44,18,38,30
0,1,25,5,17,2475,UA,LAX,4,-106,-44,18,38,30
81,1,25,5,15,2475,UA,LAX,4,-106,-44,18,38,30
11,1,25,5,8,2475,UA,LAX,4,-106,-44,18,38,30
-6,1,25,5,7,2475,DL,LAX,4,-106,-44,18,38,30
-3,1,25,5,12,2475,DL,LAX,4,-106,-44,18,38,30
1,1,25,5,15,2475,DL,LAX,4,-106,-44,18,38,30
3,1,25,5,9,2475,AA,LAX,4,-106,-44,18,38,30
-1,1,25,5,15,2475,AA,LAX,4,-106,-44,18,38,30
-5,1,25,5,13,2475,AA,LAX,4,-106,-44,18,38,30
-1,1,25,5,7,2475,AA,LAX,4,-106,-44,18,38,30
57,1,25,5,19,2475,AA,LAX,4,-106,-44,18,38,30
-5,1,25,5,12,2475,AA,LAX,4,-106,-44,18,38,30
-2,1,25,5,10,2475,AA,LAX,4,-106,-44,18,38,30
63,1,25,5,21,2475,AA,LAX,4,-106,-44,18,38,30
19,1,25,5,16,2475,AA,LAX,4,-106,-44,18,38,30
7,1,25,5,6,2475,UA,LAX,4,-106,-44,18,38,30
-2,2,2,6,8,2475,UA,LAX,12,-72,-17,5,3,29
-6,2,2,6,7,2475,VX,LAX,12,-72,-17,5,3,29
-8,2,2,6,9,2475,VX,LAX,12,-72,-17,5,3,29
-4,2,2,6,15,2475,UA,LAX,12,-72,-17,5,3,29
-12,2,2,6,11,2475,UA,LAX,12,-72,-17,5,3,29
3,2,2,6,13,2475,VX,LAX,12,-72,-17,5,3,29
55,2,2,6,17,2475,UA,LAX,12,-72,-17,5,3,29
-4,2,2,6,16,2475,VX,LAX,12,-72,-17,5,3,29
2,2,2,6,6,2475,UA,LAX,12,-72,-17,5,3,29
-3,2,2,6,15,2475,AA,LAX,12,-72,-17,5,3,29
28,2,2,6,19,2475,DL,LAX,12,-72,-17,5,3,29
-3,2,2,6,9,2475,DL,LAX,12,-72,-17,5,3,29
0,2,2,6,17,2475,DL,LAX,12,-72,-17,5,3,29
-4,2,2,6,12,2475,DL,LAX,12,-72,-17,5,3,29
-1,2,2,6,20,2475,B6,LAX,12,-72,-17,5,3,29
-3,2,2,6,16,2475,B6,LAX,12,-72,-17,5,3,29
1,2,2,6,11,2475,B6,LAX,12,-72,-17,5,3,29
-4,2,2,6,21,2475,AA,LAX,12,-72,-17,5,3,29
-5,2,2,6,16,2475,AA,LAX,12,-72,-17,5,3,29
-5,2,2,6,12,2475,AA,LAX,12,-72,-17,5,3,29
-8,2,2,6,15,2475,DL,LAX,12,-72,-17,5,3,29
-6,2,2,6,13,2475,AA,LAX,12,-72,-17,5,3,29
15,2,2,6,19,2475,AA,LAX,12,-72,-17,5,3,29
1,2,2,6,9,2475,AA,LAX,12,-72,-17,5,3,29
-4,2,2,6,10,2475,AA,LAX,12,-72,-17,5,3,29
7,2,9,6,21,2475,AA,LAX,9,-61,0,97,130,38
0,2,9,6,17,2475,DL,LAX,9,-61,0,97,130,38
-3,2,9,6,19,2475,DL,LAX,9,-61,0,97,130,38
1,2,9,6,9,2475,DL,LAX,9,-61,0,97,130,38
3,2,9,6,19,2475,AA,LAX,9,-61,0,97,130,38
45,2,9,6,15,2475,AA,LAX,9,-61,0,97,130,38
16,2,9,6,16,2475,AA,LAX,9,-61,0,97,130,38
6,2,9,6,16,2475,B6,LAX,9,-61,0,97,130,38
10,2,9,6,16,2475,VX,LAX,9,-61,0,97,130,38
21,2,9,6,15,2475,DL,LAX,9,-61,0,97,130,38
-1,2,9,6,17,2475,UA,LAX,9,-61,0,97,130,38
3,2,16,6,16,2475,VX,LAX,2,-6,50,5,0,32
-6,2,16,6,9,2475,VX,LAX,2,-6,50,5,0,32
0,2,16,6,7,2475,VX,LAX,2,-6,50,5,0,32
-1,2,16,6,19,2475,DL,LAX,2,-6,50,5,0,32
-1,2,16,6,9,2475,DL,LAX,2,-6,50,5,0,32
0,2,16,6,17,2475,DL,LAX,2,-6,50,5,0,32
-2,2,16,6,15,2475,DL,LAX,2,-6,50,5,0,32
0,2,16,6,12,2475,DL,LAX,2,-6,50,5,0,32
10,2,16,6,13,2475,VX,LAX,2,-6,50,5,0,32
4,2,16,6,11,2475,UA,LAX,2,-6,50,5,0,32
8,2,16,6,18,2475,UA,LAX,2,-6,50,5,0,32
0,2,16,6,8,2475,UA,LAX,2,-6,50,5,0,32
5,2,16,6,20,2475,VX,LAX,2,-6,50,5,0,32
-1,2,16,6,6,2475,UA,LAX,2,-6,50,5,0,32
3,2,16,6,15,2475,UA,LAX,2,-6,50,5,0,32
-5,2,16,6,15,2475,AA,LAX,2,-6,50,5,0,32
-3,2,16,6,16,2475,AA,LAX,2,-6,50,5,0,32
-4,2,16,6,12,2475,AA,LAX,2,-6,50,5,0,32
-6,2,16,6,9,2475,AA,LAX,2,-6,50,5,0,32
-4,2,16,6,10,2475,AA,LAX,2,-6,50,5,0,32
-4,2,16,6,20,2475,B6,LAX,2,-6,50,5,0,32
-2,2,16,6,13,2475,AA,LAX,2,-6,50,5,0,32
-10,2,16,6,16,2475,B6,LAX,2,-6,50,5,0,32
19,2,16,6,11,2475,B6,LAX,2,-6,50,5,0,32
-6,2,16,6,21,2475,AA,LAX,2,-6,50,5,0,32
8,2,16,6,19,2475,AA,LAX,2,-6,50,5,0,32
3,2,23,6,13,2475,VX,LAX,5,22,56,66,0,40
-3,2,23,6,16,2475,VX,LAX,5,22,56,66,0,40
-7,2,23,6,15,2475,DL,LAX,5,22,56,66,0,40
-5,2,23,6,20,2475,VX,LAX,5,22,56,66,0,40
28,2,23,6,9,2475,VX,LAX,5,22,56,66,0,40
-7,2,23,6,7,2475,VX,LAX,5,22,56,66,0,40
-4,2,23,6,13,2475,AA,LAX,5,22,56,66,0,40
-4,2,23,6,12,2475,AA,LAX,5,22,56,66,0,40
-6,2,23,6,21,2475,AA,LAX,5,22,56,66,0,40
-3,2,23,6,10,2475,AA,LAX,5,22,56,66,0,40
-2,2,23,6,20,2475,B6,LAX,5,22,56,66,0,40
4,2,23,6,19,2475,AA,LAX,5,22,56,66,0,40
-5,2,23,6,15,2475,AA,LAX,5,22,56,66,0,40
-3,2,23,6,16,2475,B6,LAX,5,22,56,66,0,40
-4,2,23,6,11,2475,B6,LAX,5,22,56,66,0,40
-3,2,23,6,9,2475,AA,LAX,5,22,56,66,0,40
0,2,23,6,16,2475,AA,LAX,5,22,56,66,0,40
-5,2,23,6,17,2475,DL,LAX,5,22,56,66,0,40
-4,2,23,6,12,2475,DL,LAX,5,22,56,66,0,40
9,2,23,6,6,2475,UA,LAX,5,22,56,66,0,40
1,2,23,6,15,2475,UA,LAX,5,22,56,66,0,40
-2,2,23,6,8,2475,UA,LAX,5,22,56,66,0,40
86,2,23,6,18,2475,UA,LAX,5,22,56,66,0,40
-7,2,23,6,11,2475,UA,LAX,5,22,56,66,0,40
3,2,23,6,19,2475,DL,LAX,5,22,56,66,0,40
-3,2,23,6,9,2475,DL,LAX,5,22,56,66,0,40
0,3,7,4,7,2475,VX,LAX,17,6,33,48,0,45
-2,3,7,4,9,2475,VX,LAX,17,6,33,48,0,45
-1,3,7,4,13,2475,VX,LAX,17,6,33,48,0,45
3,3,7,4,16,2475,VX,LAX,17,6,33,48,0,45
-4,3,7,4,20,2475,VX,LAX,17,6,33,48,0,45
-1,3,7,4,17,2475,UA,LAX,17,6,33,48,0,45
-7,3,7,4,11,2475,UA,LAX,17,6,33,48,0,45
-5,3,7,4,6,2475,UA,LAX,17,6,33,48,0,45
-5,3,7,4,20,2475,UA,LAX,17,6,33,48,0,45
-10,3,7,4,15,2475,UA,LAX,17,6,33,48,0,45
-10,3,7,4,8,2475,UA,LAX,17,6,33,48,0,45
17,3,7,4,9,2475,AA,LAX,17,6,33,48,0,45
0,3,7,4,10,2475,AA,LAX,17,6,33,48,0,45
-4,3,7,4,12,2475,AA,LAX,17,6,33,48,0,45
3,3,7,4,21,2475,AA,LAX,17,6,33,48,0,45
4,3,7,4,19,2475,AA,LAX,17,6,33,48,0,45
-2,3,7,4,7,2475,B6,LAX,17,6,33,48,0,45
15,3,7,4,16,2475,B6,LAX,17,6,33,48,0,45
-2,3,7,4,16,2475,AA,LAX,17,6,33,48,0,45
-5,3,7,4,20,2475,B6,LAX,17,6,33,48,0,45
95,3,7,4,11,2475,B6,LAX,17,6,33,48,0,45
-2,3,7,4,15,2475,AA,LAX,17,6,33,48,0,45
-3,3,7,4,13,2475,AA,LAX,17,6,33,48,0,45
-4,3,7,4,12,2475,DL,LAX,17,6,33,48,0,45
-1,3,7,4,19,2475,DL,LAX,17,6,33,48,0,45
115,3,7,4,9,2475,DL,LAX,17,6,33,48,0,45
-5,3,7,4,14,2475,DL,LAX,17,6,33,48,0,45
-2,3,7,4,21,2475,DL,LAX,17,6,33,48,0,45
11,3,7,4,16,2475,DL,LAX,17,6,33,48,0,45
0,3,7,4,17,2475,DL,LAX,17,6,33,48,0,45
-5,3,7,4,7,2475,DL,LAX,17,6,33,48,0,45
-1,3,14,4,21,2475,DL,LAX,24,-17,50,0,0,51
0,3,14,4,16,2475,DL,LAX,24,-17,50,0,0,51
-1,3,14,4,9,2475,DL,LAX,24,-17,50,0,0,51
15,3,14,4,14,2475,DL,LAX,24,-17,50,0,0,51
-5,3,14,4,12,2475,DL,LAX,24,-17,50,0,0,51
-6,3,14,4,7,2475,DL,LAX,24,-17,50,0,0,51
1,3,14,4,17,2475,DL,LAX,24,-17,50,0,0,51
7,3,14,4,20,2475,VX,LAX,24,-17,50,0,0,51
20,3,14,4,16,2475,VX,LAX,24,-17,50,0,0,51
-6,3,14,4,13,2475,VX,LAX,24,-17,50,0,0,51
14,3,14,4,9,2475,VX,LAX,24,-17,50,0,0,51
0,3,14,4,7,2475,VX,LAX,24,-17,50,0,0,51
-2,3,14,4,19,2475,DL,LAX,24,-17,50,0,0,51
-3,3,14,4,11,2475,UA,LAX,24,-17,50,0,0,51
3,3,14,4,6,2475,UA,LAX,24,-17,50,0,0,51
7,3,14,4,20,2475,UA,LAX,24,-17,50,0,0,51
6,3,14,4,15,2475,UA,LAX,24,-17,50,0,0,51
-2,3,14,4,8,2475,UA,LAX,24,-17,50,0,0,51
7,3,14,4,17,2475,UA,LAX,24,-17,50,0,0,51
3,3,14,4,15,2475,AA,LAX,24,-17,50,0,0,51
-4,3,14,4,20,2475,B6,LAX,24,-17,50,0,0,51
9,3,14,4,16,2475,B6,LAX,24,-17,50,0,0,51
0,3,14,4,11,2475,B6,LAX,24,-17,50,0,0,51
-1,3,14,4,7,2475,B6,LAX,24,-17,50,0,0,51
-1,3,14,4,7,2475,AA,LAX,24,-17,50,0,0,51
1,3,14,4,19,2475,AA,LAX,24,-17,50,0,0,51
-5,3,14,4,10,2475,AA,LAX,24,-17,50,0,0,51
-1,3,14,4,12,2475,AA,LAX,24,-17,50,0,0,51
-3,3,14,4,9,2475,AA,LAX,24,-17,50,0,0,51
12,3,14,4,21,2475,AA,LAX,24,-17,50,0,0,51
-3,3,14,4,13,2475,AA,LAX,24,-17,50,0,0,51
0,3,14,4,16,2475,AA,LAX,24,-17,50,0,0,51
-3,3,21,4,15,2475,UA,LAX,31,-11,44,0,0,29
-6,3,21,4,6,2475,UA,LAX,31,-11,44,0,0,29
-11,3,21,4,13,2475,AA,LAX,31,-11,44,0,0,29
-2,3,21,4,21,2475,AA,LAX,31,-11,44,0,0,29
-7,3,21,4,20,2475,UA,LAX,31,-11,44,0,0,29
-2,3,21,4,15,2475,AA,LAX,31,-11,44,0,0,29
-4,3,21,4,10,2475,AA,LAX,31,-11,44,0,0,29
1,3,21,4,11,2475,B6,LAX,31,-11,44,0,0,29
0,3,21,4,7,2475,AA,LAX,31,-11,44,0,0,29
-2,3,21,4,9,2475,AA,LAX,31,-11,44,0,0,29
7,3,21,4,19,2475,AA,LAX,31,-11,44,0,0,29
-7,3,21,4,7,2475,B6,LAX,31,-11,44,0,0,29
2,3,21,4,20,2475,B6,LAX,31,-11,44,0,0,29
-7,3,21,4,12,2475,AA,LAX,31,-11,44,0,0,29
18,3,21,4,16,2475,B6,LAX,31,-11,44,0,0,29
-1,3,21,4,16,2475,AA,LAX,31,-11,44,0,0,29
2,3,21,4,8,2475,UA,LAX,31,-11,44,0,0,29
16,3,21,4,16,2475,DL,LAX,31,-11,44,0,0,29
-4,3,21,4,7,2475,DL,LAX,31,-11,44,0,0,29
-6,3,21,4,12,2475,DL,LAX,31,-11,44,0,0,29
-1,3,21,4,14,2475,DL,LAX,31,-11,44,0,0,29
-3,3,21,4,17,2475,DL,LAX,31,-11,44,0,0,29
1,3,21,4,21,2475,DL,LAX,31,-11,44,0,0,29
-3,3,21,4,9,2475,DL,LAX,31,-11,44,0,0,29
0,3,21,4,19,2475,DL,LAX,31,-11,44,0,0,29
0,3,21,4,17,2475,UA,LAX,31,-11,44,0,0,29
-5,3,21,4,11,2475,UA,LAX,31,-11,44,0,0,29
0,3,21,4,20,2475,VX,LAX,31,-11,44,0,0,29
-1,3,21,4,7,2475,VX,LAX,31,-11,44,0,0,29
3,3,21,4,9,2475,VX,LAX,31,-11,44,0,0,29
-2,3,21,4,13,2475,VX,LAX,31,-11,44,0,0,29
18,3,21,4,16,2475,VX,LAX,31,-11,44,0,0,29
1,3,28,4,20,2475,VX,LAX,38,28,106,0,0,26
-1,3,28,4,9,2475,VX,LAX,38,28,106,0,0,26
3,3,28,4,7,2475,VX,LAX,38,28,106,0,0,26
-4,3,28,4,13,2475,VX,LAX,38,28,106,0,0,26
8,3,28,4,16,2475,VX,LAX,38,28,106,0,0,26
7,3,28,4,8,2475,UA,LAX,38,28,106,0,0,26
-4,3,28,4,17,2475,UA,LAX,38,28,106,0,0,26
-1,3,28,4,9,2475,DL,LAX,38,28,106,0,0,26
0,3,28,4,19,2475,DL,LAX,38,28,106,0,0,26
-2,3,28,4,7,2475,B6,LAX,38,28,106,0,0,26
-5,3,28,4,11,2475,B6,LAX,38,28,106,0,0,26
25,3,28,4,16,2475,B6,LAX,38,28,106,0,0,26
9,3,28,4,20,2475,B6,LAX,38,28,106,0,0,26
-1,3,28,4,21,2475,DL,LAX,38,28,106,0,0,26
0,3,28,4,16,2475,DL,LAX,38,28,106,0,0,26
-2,3,28,4,14,2475,DL,LAX,38,28,106,0,0,26
-5,3,28,4,12,2475,DL,LAX,38,28,106,0,0,26
49,3,28,4,7,2475,DL,LAX,38,28,106,0,0,26
-1,3,28,4,17,2475,DL,LAX,38,28,106,0,0,26
-7,3,28,4,9,2475,AA,LAX,38,28,106,0,0,26
10,3,28,4,15,2475,UA,LAX,38,28,106,0,0,26
-6,3,28,4,7,2475,AA,LAX,38,28,106,0,0,26
21,3,28,4,21,2475,AA,LAX,38,28,106,0,0,26
-5,3,28,4,13,2475,AA,LAX,38,28,106,0,0,26
1,3,28,4,15,2475,AA,LAX,38,28,106,0,0,26
-5,3,28,4,12,2475,AA,LAX,38,28,106,0,0,26
-4,3,28,4,10,2475,AA,LAX,38,28,106,0,0,26
-9,3,28,4,6,2475,UA,LAX,38,28,106,0,0,26
-4,3,28,4,20,2475,UA,LAX,38,28,106,0,0,26
-12,3,28,4,11,2475,UA,LAX,38,28,106,0,0,26
-7,3,28,4,19,2475,AA,LAX,38,28,106,0,0,26
0,3,28,4,16,2475,AA,LAX,38,28,106,0,0,26
-1,4,5,5,11,2475,B6,LAX,46,50,178,0,0,25
-2,4,5,5,20,2475,B6,LAX,46,50,178,0,0,25
-4,4,5,5,7,2475,AA,LAX,46,50,178,0,0,25
-1,4,5,5,19,2475,AA,LAX,46,50,178,0,0,25
-8,4,5,5,10,2475,AA,LAX,46,50,178,0,0,25
-2,4,5,5,16,2475,DL,LAX,46,50,178,0,0,25
-5,4,5,5,21,2475,DL,LAX,46,50,178,0,0,25
-1,4,5,5,17,2475,DL,LAX,46,50,178,0,0,25
1,4,5,5,19,2475,DL,LAX,46,50,178,0,0,25
-5,4,5,5,21,2475,AA,LAX,46,50,178,0,0,25
-3,4,5,5,9,2475,DL,LAX,46,50,178,0,0,25
-4,4,5,5,7,2475,DL,LAX,46,50,178,0,0,25
-5,4,5,5,12,2475,DL,LAX,46,50,178,0,0,25
15,4,5,5,14,2475,DL,LAX,46,50,178,0,0,25
8,4,5,5,17,2475,AA,LAX,46,50,178,0,0,25
-1,4,5,5,16,2475,B6,LAX,46,50,178,0,0,25
184,4,5,5,15,2475,AA,LAX,46,50,178,0,0,25
-5,4,5,5,13,2475,AA,LAX,46,50,178,0,0,25
46,4,5,5,12,2475,AA,LAX,46,50,178,0,0,25
-2,4,5,5,9,2475,AA,LAX,46,50,178,0,0,25
9,4,5,5,7,2475,B6,LAX,46,50,178,0,0,25
3,4,5,5,15,2475,UA,LAX,46,50,178,0,0,25
-4,4,5,5,17,2475,UA,LAX,46,50,178,0,0,25
-9,4,5,5,12,2475,UA,LAX,46,50,178,0,0,25
-5,4,5,5,6,2475,UA,LAX,46,50,178,0,0,25
-6,4,5,5,20,2475,UA,LAX,46,50,178,0,0,25
10,4,5,5,7,2475,VX,LAX,46,50,178,0,0,25
-3,4,5,5,9,2475,VX,LAX,46,50,178,0,0,25
1,4,5,5,13,2475,VX,LAX,46,50,178,0,0,25
1,4,5,5,16,2475,VX,LAX,46,50,178,0,0,25
-2,4,5,5,20,2475,VX,LAX,46,50,178,0,0,25
0,4,5,5,8,2475,UA,LAX,46,50,178,0,0,25
-2,4,12,5,6,2475,UA,LAX,40,50,83,160,0,50
4,4,12,5,8,2475,UA,LAX,40,50,83,160,0,50
29,4,12,5,15,2475,UA,LAX,40,50,83,160,0,50
5,4,12,5,16,2475,VX,LAX,40,50,83,160,0,50
-2,4,12,5,13,2475,VX,LAX,40,50,83,160,0,50
43,4,12,5,20,2475,VX,LAX,40,50,83,160,0,50
-2,4,12,5,9,2475,VX,LAX,40,50,83,160,0,50
-2,4,12,5,7,2475,VX,LAX,40,50,83,160,0,50
-9,4,12,5,11,2475,UA,LAX,40,50,83,160,0,50
142,4,12,5,20,2475,UA,LAX,40,50,83,160,0,50
5,4,12,5,17,2475,UA,LAX,40,50,83,160,0,50
-3,4,12,5,7,2475,B6,LAX,40,50,83,160,0,50
-2,4,12,5,17,2475,AA,LAX,40,50,83,160,0,50
-2,4,12,5,20,2475,B6,LAX,40,50,83,160,0,50
1,4,12,5,13,2475,AA,LAX,40,50,83,160,0,50
-5,4,12,5,19,2475,AA,LAX,40,50,83,160,0,50
-6,4,12,5,11,2475,B6,LAX,40,50,83,160,0,50
-3,4,12,5,7,2475,AA,LAX,40,50,83,160,0,50
-1,4,12,5,15,2475,AA,LAX,40,50,83,160,0,50
7,4,12,5,21,2475,AA,LAX,40,50,83,160,0,50
0,4,12,5,21,2475,DL,LAX,40,50,83,160,0,50
-3,4,12,5,8,2475,DL,LAX,40,50,83,160,0,50
1,4,12,5,12,2475,AA,LAX,40,50,83,160,0,50
-3,4,12,5,19,2475,DL,LAX,40,50,83,160,0,50
-5,4,12,5,9,2475,AA,LAX,40,50,83,160,0,50
-3,4,12,5,17,2475,DL,LAX,40,50,83,160,0,50
-5,4,12,5,16,2475,DL,LAX,40,50,83,160,0,50
6,4,12,5,10,2475,AA,LAX,40,50,83,160,0,50
-5,4,12,5,14,2475,DL,LAX,40,50,83,160,0,50
-6,4,12,5,12,2475,DL,LAX,40,50,83,160,0,50
-4,4,12,5,7,2475,DL,LAX,40,50,83,160,0,50
0,4,12,5,16,2475,B6,LAX,40,50,83,160,0,50
161,4,19,5,20,2475,UA,LAX,33,128,217,13,0,32
-1,4,19,5,9,2475,AA,LAX,33,128,217,13,0,32
20,4,19,5,17,2475,AA,LAX,33,128,217,13,0,32
55,4,19,5,21,2475,AA,LAX,33,128,217,13,0,32
-2,4,19,5,15,2475,AA,LAX,33,128,217,13,0,32
-2,4,19,5,10,2475,AA,LAX,33,128,217,13,0,32
-3,4,19,5,7,2475,AA,LAX,33,128,217,13,0,32
-3,4,19,5,13,2475,AA,LAX,33,128,217,13,0,32
34,4,19,5,16,2475,DL,LAX,33,128,217,13,0,32
135,4,19,5,20,2475,B6,LAX,33,128,217,13,0,32
0,4,19,5,16,2475,B6,LAX,33,128,217,13,0,32
-5,4,19,5,17,2475,DL,LAX,33,128,217,13,0,32
-2,4,19,5,11,2475,B6,LAX,33,128,217,13,0,32
19,4,19,5,19,2475,DL,LAX,33,128,217,13,0,32
-6,4,19,5,8,2475,DL,LAX,33,128,217,13,0,32
5,4,19,5,7,2475,DL,LAX,33,128,217,13,0,32
-5,4,19,5,12,2475,DL,LAX,33,128,217,13,0,32
73,4,19,5,14,2475,DL,LAX,33,128,217,13,0,32
117,4,19,5,19,2475,AA,LAX,33,128,217,13,0,32
121,4,19,5,21,2475,DL,LAX,33,128,217,13,0,32
-2,4,19,5,12,2475,AA,LAX,33,128,217,13,0,32
3,4,19,5,6,2475,UA,LAX,33,128,217,13,0,32
-6,4,19,5,7,2475,B6,LAX,33,128,217,13,0,32
-11,4,19,5,11,2475,UA,LAX,33,128,217,13,0,32
4,4,19,5,8,2475,UA,LAX,33,128,217,13,0,32
44,4,19,5,9,2475,VX,LAX,33,128,217,13,0,32
-3,4,19,5,13,2475,VX,LAX,33,128,217,13,0,32
22,4,19,5,16,2475,VX,LAX,33,128,217,13,0,32
-6,4,19,5,7,2475,VX,LAX,33,128,217,13,0,32
124,4,19,5,20,2475,VX,LAX,33,128,217,13,0,32
22,4,19,5,17,2475,UA,LAX,33,128,217,13,0,32
32,4,19,5,15,2475,UA,LAX,33,128,217,13,0,32
-1,4,26,5,9,2475,VX,LAX,26,100,194,0,0,15
8,4,26,5,20,2475,VX,LAX,26,100,194,0,0,15
27,4,26,5,16,2475,VX,LAX,26,100,194,0,0,15
-6,4,26,5,7,2475,VX,LAX,26,100,194,0,0,15
-5,4,26,5,13,2475,VX,LAX,26,100,194,0,0,15
1,4,26,5,17,2475,AA,LAX,26,100,194,0,0,15
-5,4,26,5,16,2475,DL,LAX,26,100,194,0,0,15
-7,4,26,5,8,2475,UA,LAX,26,100,194,0,0,15
-7,4,26,5,11,2475,B6,LAX,26,100,194,0,0,15
85,4,26,5,13,2475,AA,LAX,26,100,194,0,0,15
-6,4,26,5,7,2475,DL,LAX,26,100,194,0,0,15
-1,4,26,5,21,2475,AA,LAX,26,100,194,0,0,15
-6,4,26,5,11,2475,UA,LAX,26,100,194,0,0,15
-5,4,26,5,17,2475,DL,LAX,26,100,194,0,0,15
32,4,26,5,16,2475,B6,LAX,26,100,194,0,0,15
9,4,26,5,12,2475,AA,LAX,26,100,194,0,0,15
17,4,26,5,14,2475,DL,LAX,26,100,194,0,0,15
7,4,26,5,12,2475,DL,LAX,26,100,194,0,0,15
-1,4,26,5,20,2475,B6,LAX,26,100,194,0,0,15
-6,4,26,5,10,2475,AA,LAX,26,100,194,0,0,15
3,4,26,5,20,2475,UA,LAX,26,100,194,0,0,15
-3,4,26,5,8,2475,DL,LAX,26,100,194,0,0,15
-3,4,26,5,17,2475,UA,LAX,26,100,194,0,0,15
8,4,26,5,19,2475,AA,LAX,26,100,194,0,0,15
-2,4,26,5,7,2475,AA,LAX,26,100,194,0,0,15
-7,4,26,5,19,2475,DL,LAX,26,100,194,0,0,15
7,4,26,5,15,2475,UA,LAX,26,100,194,0,0,15
1,4,26,5,6,2475,UA,LAX,26,100,194,0,0,15
-5,4,26,5,15,2475,AA,LAX,26,100,194,0,0,15
-8,4,26,5,9,2475,AA,LAX,26,100,194,0,0,15
-7,4,26,5,7,2475,B6,LAX,26,100,194,0,0,15
-1,4,26,5,21,2475,DL,LAX,26,100,194,0,0,15
9,5,3,5,17,2475,UA,LAX,19,94,189,0,0,29
-4,5,3,5,11,2475,UA,LAX,19,94,189,0,0,29
16,5,3,5,20,2475,UA,LAX,19,94,189,0,0,29
-3,5,3,5,6,2475,UA,LAX,19,94,189,0,0,29
9,5,3,5,15,2475,UA,LAX,19,94,189,0,0,29
18,5,3,5,8,2475,UA,LAX,19,94,189,0,0,29
0,5,3,5,7,2475,VX,LAX,19,94,189,0,0,29
12,5,3,5,20,2475,VX,LAX,19,94,189,0,0,29
14,5,3,5,16,2475,VX,LAX,19,94,189,0,0,29
-5,5,3,5,13,2475,VX,LAX,19,94,189,0,0,29
8,5,3,5,9,2475,VX,LAX,19,94,189,0,0,29
-4,5,3,5,19,2475,DL,LAX,19,94,189,0,0,29
-5,5,3,5,8,2475,DL,LAX,19,94,189,0,0,29
-1,5,3,5,13,2475,AA,LAX,19,94,189,0,0,29
48,5,3,5,20,2475,B6,LAX,19,94,189,0,0,29
-6,5,3,5,10,2475,AA,LAX,19,94,189,0,0,29
1,5,3,5,15,2475,AA,LAX,19,94,189,0,0,29
-6,5,3,5,16,2475,B6,LAX,19,94,189,0,0,29
0,5,3,5,7,2475,B6,LAX,19,94,189,0,0,29
15,5,3,5,16,2475,DL,LAX,19,94,189,0,0,29
-2,5,3,5,7,2475,AA,LAX,19,94,189,0,0,29
44,5,3,5,19,2475,AA,LAX,19,94,189,0,0,29
-1,5,3,5,17,2475,AA,LAX,19,94,189,0,0,29
-1,5,3,5,21,2475,AA,LAX,19,94,189,0,0,29
-7,5,3,5,21,2475,DL,LAX,19,94,189,0,0,29
-5,5,3,5,12,2475,DL,LAX,19,94,189,0,0,29
-8,5,3,5,7,2475,DL,LAX,19,94,189,0,0,29
-4,5,3,5,9,2475,AA,LAX,19,94,189,0,0,29
18,5,3,5,18,2475,DL,LAX,19,94,189,0,0,29
-7,5,3,5,12,2475,AA,LAX,19,94,189,0,0,29
-5,5,3,5,14,2475,DL,LAX,19,94,189,0,0,29
-4,5,3,5,9,2475,B6,LAX,19,94,189,0,0,29
2,5,10,5,12,2475,AA,LAX,12,150,261,3,0,17
-3,5,10,5,12,2475,DL,LAX,12,150,261,3,0,17
1,5,10,5,10,2475,AA,LAX,12,150,261,3,0,17
6,5,10,5,18,2475,DL,LAX,12,150,261,3,0,17
-4,5,10,5,19,2475,DL,LAX,12,150,261,3,0,17
-3,5,10,5,8,2475,DL,LAX,12,150,261,3,0,17
-8,5,10,5,14,2475,DL,LAX,12,150,261,3,0,17
-6,5,10,5,7,2475,DL,LAX,12,150,261,3,0,17
-3,5,10,5,21,2475,DL,LAX,12,150,261,3,0,17
1,5,10,5,15,2475,AA,LAX,12,150,261,3,0,17
-1,5,10,5,17,2475,AA,LAX,12,150,261,3,0,17
-4,5,10,5,7,2475,AA,LAX,12,150,261,3,0,17
-1,5,10,5,16,2475,DL,LAX,12,150,261,3,0,17
-1,5,10,5,9,2475,B6,LAX,12,150,261,3,0,17
62,5,10,5,20,2475,B6,LAX,12,150,261,3,0,17
-5,5,10,5,16,2475,B6,LAX,12,150,261,3,0,17
-7,5,10,5,7,2475,B6,LAX,12,150,261,3,0,17
10,5,10,5,9,2475,AA,LAX,12,150,261,3,0,17
-5,5,10,5,13,2475,AA,LAX,12,150,261,3,0,17
12,5,10,5,21,2475,AA,LAX,12,150,261,3,0,17
55,5,10,5,19,2475,AA,LAX,12,150,261,3,0,17
16,5,10,5,17,2475,UA,LAX,12,150,261,3,0,17
50,5,10,5,20,2475,UA,LAX,12,150,261,3,0,17
-8,5,10,5,11,2475,UA,LAX,12,150,261,3,0,17
-3,5,10,5,9,2475,VX,LAX,12,150,261,3,0,17
0,5,10,5,13,2475,VX,LAX,12,150,261,3,0,17
11,5,10,5,16,2475,VX,LAX,12,150,261,3,0,17
8,5,10,5,20,2475,VX,LAX,12,150,261,3,0,17
2,5,10,5,8,2475,UA,LAX,12,150,261,3,0,17
-6,5,10,5,6,2475,UA,LAX,12,150,261,3,0,17
6,5,10,5,15,2475,UA,LAX,12,150,261,3,0,17
-6,5,10,5,7,2475,VX,LAX,12,150,261,3,0,17
-1,5,17,5,7,2475,VX,LAX,5,144,222,0,0,16
1,5,17,5,20,2475,VX,LAX,5,144,222,0,0,16
3,5,17,5,16,2475,VX,LAX,5,144,222,0,0,16
-1,5,17,5,13,2475,VX,LAX,5,144,222,0,0,16
2,5,17,5,9,2475,VX,LAX,5,144,222,0,0,16
-5,5,17,5,9,2475,AA,LAX,5,144,222,0,0,16
50,5,17,5,21,2475,AA,LAX,5,144,222,0,0,16
-4,5,17,5,7,2475,DL,LAX,5,144,222,0,0,16
-1,5,17,5,21,2475,DL,LAX,5,144,222,0,0,16
-1,5,17,5,14,2475,DL,LAX,5,144,222,0,0,16
-4,5,17,5,8,2475,DL,LAX,5,144,222,0,0,16
-5,5,17,5,19,2475,DL,LAX,5,144,222,0,0,16
-3,5,17,5,9,2475,B6,LAX,5,144,222,0,0,16
6,5,17,5,20,2475,B6,LAX,5,144,222,0,0,16
59,5,17,5,16,2475,B6,LAX,5,144,222,0,0,16
-1,5,17,5,7,2475,B6,LAX,5,144,222,0,0,16
8,5,17,5,18,2475,DL,LAX,5,144,222,0,0,16
-7,5,17,5,13,2475,AA,LAX,5,144,222,0,0,16
-2,5,17,5,10,2475,AA,LAX,5,144,222,0,0,16
-4,5,17,5,12,2475,AA,LAX,5,144,222,0,0,16
24,5,17,5,17,2475,AA,LAX,5,144,222,0,0,16
-5,5,17,5,7,2475,AA,LAX,5,144,222,0,0,16
76,5,17,5,15,2475,AA,LAX,5,144,222,0,0,16
0,5,17,5,19,2475,AA,LAX,5,144,222,0,0,16
-4,5,17,5,12,2475,DL,LAX,5,144,222,0,0,16
0,5,17,5,16,2475,DL,LAX,5,144,222,0,0,16
-2,5,17,5,15,2475,UA,LAX,5,144,222,0,0,16
-4,5,17,5,17,2475,UA,LAX,5,144,222,0,0,16
2,5,17,5,11,2475,UA,LAX,5,144,222,0,0,16
1,5,17,5,20,2475,UA,LAX,5,144,222,0,0,16
9,5,17,5,8,2475,UA,LAX,5,144,222,0,0,16
3,5,17,5,6,2475,UA,LAX,5,144,222,0,0,16
8,5,24,5,6,2475,UA,LAX,2,72,183,76,0,24
11,5,24,5,16,2475,DL,LAX,2,72,183,76,0,24
0,5,24,5,8,2475,UA,LAX,2,72,183,76,0,24
7,5,24,5,15,2475,UA,LAX,2,72,183,76,0,24
0,5,24,5,20,2475,UA,LAX,2,72,183,76,0,24
-2,5,24,5,11,2475,UA,LAX,2,72,183,76,0,24
66,5,24,5,17,2475,UA,LAX,2,72,183,76,0,24
2,5,24,5,20,2475,VX,LAX,2,72,183,76,0,24
141,5,24,5,7,2475,VX,LAX,2,72,183,76,0,24
108,5,24,5,9,2475,VX,LAX,2,72,183,76,0,24
-4,5,24,5,13,2475,VX,LAX,2,72,183,76,0,24
29,5,24,5,16,2475,VX,LAX,2,72,183,76,0,24
-2,5,24,5,20,2475,B6,LAX,2,72,183,76,0,24
50,5,24,5,21,2475,DL,LAX,2,72,183,76,0,24
-1,5,24,5,14,2475,DL,LAX,2,72,183,76,0,24
0,5,24,5,8,2475,DL,LAX,2,72,183,76,0,24
-1,5,24,5,19,2475,DL,LAX,2,72,183,76,0,24
76,5,24,5,18,2475,DL,LAX,2,72,183,76,0,24
-1,5,24,5,12,2475,DL,LAX,2,72,183,76,0,24
5,5,24,5,7,2475,DL,LAX,2,72,183,76,0,24
-1,5,24,5,9,2475,B6,LAX,2,72,183,76,0,24
25,5,24,5,16,2475,B6,LAX,2,72,183,76,0,24
-2,5,24,5,7,2475,B6,LAX,2,72,183,76,0,24
0,5,24,5,15,2475,AA,LAX,2,72,183,76,0,24
-2,5,24,5,13,2475,AA,LAX,2,72,183,76,0,24
3,5,24,5,7,2475,AA,LAX,2,72,183,76,0,24
134,5,24,5,19,2475,AA,LAX,2,72,183,76,0,24
-5,5,24,5,10,2475,AA,LAX,2,72,183,76,0,24
56,5,24,5,21,2475,AA,LAX,2,72,183,76,0,24
142,5,24,5,17,2475,AA,LAX,2,72,183,76,0,24
-1,5,24,5,12,2475,AA,LAX,2,72,183,76,0,24
49,5,24,5,9,2475,AA,LAX,2,72,183,76,0,24
0,5,31,5,7,2475,B6,LAX,5,239,322,0,0,18
45,5,31,5,15,2475,AA,LAX,5,239,322,0,0,18
2,5,31,5,13,2475,AA,LAX,5,239,322,0,0,18
-2,5,31,5,19,2475,DL,LAX,5,239,322,0,0,18
16,5,31,5,18,2475,DL,LAX,5,239,322,0,0,18
-3,5,31,5,12,2475,DL,LAX,5,239,322,0,0,18
31,5,31,5,21,2475,DL,LAX,5,239,322,0,0,18
174,5,31,5,9,2475,AA,LAX,5,239,322,0,0,18
15,5,31,5,7,2475,DL,LAX,5,239,322,0,0,18
-1,5,31,5,7,2475,AA,LAX,5,239,322,0,0,18
-3,5,31,5,19,2475,AA,LAX,5,239,322,0,0,18
-2,5,31,5,12,2475,AA,LAX,5,239,322,0,0,18
-1,5,31,5,8,2475,DL,LAX,5,239,322,0,0,18
0,5,31,5,15,2475,DL,LAX,5,239,322,0,0,18
1,5,31,5,17,2475,AA,LAX,5,239,322,0,0,18
-1,5,31,5,9,2475,B6,LAX,5,239,322,0,0,18
-5,5,31,5,10,2475,AA,LAX,5,239,322,0,0,18
-7,5,31,5,21,2475,AA,LAX,5,239,322,0,0,18
12,5,31,5,20,2475,B6,LAX,5,239,322,0,0,18
-1,5,31,5,16,2475,B6,LAX,5,239,322,0,0,18
1,5,31,5,17,2475,UA,LAX,5,239,322,0,0,18
0,5,31,5,8,2475,UA,LAX,5,239,322,0,0,18
16,5,31,5,6,2475,UA,LAX,5,239,322,0,0,18
3,5,31,5,15,2475,UA,LAX,5,239,322,0,0,18
15,5,31,5,20,2475,UA,LAX,5,239,322,0,0,18
82,5,31,5,11,2475,UA,LAX,5,239,322,0,0,18
-4,5,31,5,16,2475,VX,LAX,5,239,322,0,0,18
17,5,31,5,20,2475,VX,LAX,5,239,322,0,0,18
-1,5,31,5,7,2475,VX,LAX,5,239,322,0,0,18
143,5,31,5,9,2475,VX,LAX,5,239,322,0,0,18
47,5,31,5,13,2475,VX,LAX,5,239,322,0,0,18
1,6,1,6,7,2475,VX,LAX,6,228,322,0,0,17
-5,6,1,6,20,2475,VX,LAX,6,228,322,0,0,17
-1,6,1,6,16,2475,VX,LAX,6,228,322,0,0,17
-10,6,1,6,18,2475,UA,LAX,6,228,322,0,0,17
-9,6,1,6,11,2475,UA,LAX,6,228,322,0,0,17
-6,6,1,6,6,2475,UA,LAX,6,228,322,0,0,17
-1,6,1,6,8,2475,UA,LAX,6,228,322,0,0,17
4,6,1,6,15,2475,UA,LAX,6,228,322,0,0,17
8,6,1,6,9,2475,VX,LAX,6,228,322,0,0,17
99,6,1,6,13,2475,VX,LAX,6,228,322,0,0,17
-2,6,1,6,17,2475,DL,LAX,6,228,322,0,0,17
-1,6,1,6,7,2475,AA,LAX,6,228,322,0,0,17
-6,6,1,6,20,2475,B6,LAX,6,228,322,0,0,17
-2,6,1,6,7,2475,B6,LAX,6,228,322,0,0,17
11,6,1,6,16,2475,B6,LAX,6,228,322,0,0,17
-3,6,1,6,13,2475,AA,LAX,6,228,322,0,0,17
0,6,1,6,9,2475,AA,LAX,6,228,322,0,0,17
16,6,1,6,19,2475,AA,LAX,6,228,322,0,0,17
-1,6,1,6,7,2475,DL,LAX,6,228,322,0,0,17
11,6,1,6,12,2475,AA,LAX,6,228,322,0,0,17
53,6,1,6,15,2475,AA,LAX,6,228,322,0,0,17
-1,6,1,6,10,2475,AA,LAX,6,228,322,0,0,17
-2,6,1,6,17,2475,AA,LAX,6,228,322,0,0,17
3,6,1,6,15,2475,DL,LAX,6,228,322,0,0,17
0,6,1,6,9,2475,DL,LAX,6,228,322,0,0,17
0,6,1,6,18,2475,DL,LAX,6,228,322,0,0,17
9,6,8,6,7,2475,DL,LAX,13,139,250,122,0,17
-5,6,8,6,17,2475,DL,LAX,13,139,250,122,0,17
-1,6,8,6,9,2475,DL,LAX,13,139,250,122,0,17
7,6,8,6,15,2475,DL,LAX,13,139,250,122,0,17
41,6,8,6,18,2475,DL,LAX,13,139,250,122,0,17
-3,6,8,6,9,2475,AA,LAX,13,139,250,122,0,17
-4,6,8,6,10,2475,AA,LAX,13,139,250,122,0,17
-5,6,8,6,20,2475,B6,LAX,13,139,250,122,0,17
-5,6,8,6,7,2475,B6,LAX,13,139,250,122,0,17
115,6,8,6,17,2475,AA,LAX,13,139,250,122,0,17
74,6,8,6,15,2475,AA,LAX,13,139,250,122,0,17
-8,6,8,6,7,2475,AA,LAX,13,139,250,122,0,17
-3,6,8,6,12,2475,AA,LAX,13,139,250,122,0,17
29,6,8,6,16,2475,B6,LAX,13,139,250,122,0,17
-7,6,8,6,13,2475,AA,LAX,13,139,250,122,0,17
0,6,8,6,19,2475,AA,LAX,13,139,250,122,0,17
-4,6,8,6,13,2475,VX,LAX,13,139,250,122,0,17
1,6,8,6,14,2475,UA,LAX,13,139,250,122,0,17
0,6,8,6,20,2475,VX,LAX,13,139,250,122,0,17
43,6,8,6,16,2475,VX,LAX,13,139,250,122,0,17
6,6,8,6,6,2475,UA,LAX,13,139,250,122,0,17
-1,6,8,6,8,2475,UA,LAX,13,139,250,122,0,17
-6,6,8,6,11,2475,UA,LAX,13,139,250,122,0,17
16,6,8,6,17,2475,UA,LAX,13,139,250,122,0,17
-1,6,8,6,7,2475,VX,LAX,13,139,250,122,0,17
4,6,8,6,9,2475,VX,LAX,13,139,250,122,0,17
7,6,15,6,14,2475,UA,LAX,19,161,267,0,0,17
-5,6,15,6,8,2475,UA,LAX,19,161,267,0,0,17
4,6,15,6,9,2475,VX,LAX,19,161,267,0,0,17
2,6,15,6,7,2475,VX,LAX,19,161,267,0,0,17
32,6,15,6,16,2475,VX,LAX,19,161,267,0,0,17
-6,6,15,6,20,2475,VX,LAX,19,161,267,0,0,17
6,6,15,6,6,2475,UA,LAX,19,161,267,0,0,17
3,6,15,6,17,2475,UA,LAX,19,161,267,0,0,17
15,6,15,6,13,2475,VX,LAX,19,161,267,0,0,17
-2,6,15,6,11,2475,UA,LAX,19,161,267,0,0,17
-5,6,15,6,17,2475,AA,LAX,19,161,267,0,0,17
1,6,15,6,7,2475,AA,LAX,19,161,267,0,0,17
-3,6,15,6,9,2475,AA,LAX,19,161,267,0,0,17
-1,6,15,6,20,2475,B6,LAX,19,161,267,0,0,17
-2,6,15,6,7,2475,B6,LAX,19,161,267,0,0,17
8,6,15,6,22,2475,B6,LAX,19,161,267,0,0,17
-7,6,15,6,12,2475,AA,LAX,19,161,267,0,0,17
-8,6,15,6,13,2475,AA,LAX,19,161,267,0,0,17
-4,6,15,6,16,2475,B6,LAX,19,161,267,0,0,17
29,6,15,6,15,2475,AA,LAX,19,161,267,0,0,17
-1,6,15,6,19,2475,AA,LAX,19,161,267,0,0,17
-6,6,15,6,21,2475,AA,LAX,19,161,267,0,0,17
-3,6,15,6,9,2475,DL,LAX,19,161,267,0,0,17
6,6,15,6,7,2475,DL,LAX,19,161,267,0,0,17
0,6,15,6,18,2475,DL,LAX,19,161,267,0,0,17
1,6,15,6,15,2475,DL,LAX,19,161,267,0,0,17
-1,6,15,6,12,2475,DL,LAX,19,161,267,0,0,17
8,6,22,6,18,2475,DL,LAX,12,183,289,0,0,18
28,6,22,6,12,2475,B6,LAX,12,183,289,0,0,18
111,6,22,6,20,2475,B6,LAX,12,183,289,0,0,18
8,6,22,6,9,2475,DL,LAX,12,183,289,0,0,18
30,6,22,6,15,2475,DL,LAX,12,183,289,0,0,18
-3,6,22,6,12,2475,DL,LAX,12,183,289,0,0,18
-3,6,22,6,7,2475,DL,LAX,12,183,289,0,0,18
-8,6,22,6,11,2475,UA,LAX,12,183,289,0,0,18
2,6,22,6,16,2475,VX,LAX,12,183,289,0,0,18
2,6,22,6,20,2475,VX,LAX,12,183,289,0,0,18
6,6,22,6,6,2475,UA,LAX,12,183,289,0,0,18
-4,6,22,6,8,2475,UA,LAX,12,183,289,0,0,18
0,6,22,6,17,2475,UA,LAX,12,183,289,0,0,18
-8,6,22,6,14,2475,UA,LAX,12,183,289,0,0,18
0,6,22,6,7,2475,VX,LAX,12,183,289,0,0,18
4,6,22,6,9,2475,VX,LAX,12,183,289,0,0,18
-3,6,22,6,13,2475,VX,LAX,12,183,289,0,0,18
-2,6,22,6,7,2475,AA,LAX,12,183,289,0,0,18
1,6,22,6,13,2475,AA,LAX,12,183,289,0,0,18
11,6,22,6,16,2475,B6,LAX,12,183,289,0,0,18
3,6,22,6,17,2475,AA,LAX,12,183,289,0,0,18
-7,6,22,6,19,2475,AA,LAX,12,183,289,0,0,18
-1,6,22,6,22,2475,B6,LAX,12,183,289,0,0,18
3,6,22,6,12,2475,AA,LAX,12,183,289,0,0,18
-5,6,22,6,7,2475,B6,LAX,12,183,289,0,0,18
-3,6,22,6,9,2475,AA,LAX,12,183,289,0,0,18
2,6,22,6,15,2475,AA,LAX,12,183,289,0,0,18
-3,6,22,6,21,2475,AA,LAX,12,183,289,0,0,18
31,6,29,6,19,2475,AA,LAX,5,217,283,0,0,17
-3,6,29,6,7,2475,AA,LAX,5,217,283,0,0,17
-4,6,29,6,9,2475,AA,LAX,5,217,283,0,0,17
-1,6,29,6,17,2475,AA,LAX,5,217,283,0,0,17
0,6,29,6,16,2475,B6,LAX,5,217,283,0,0,17
-8,6,29,6,12,2475,AA,LAX,5,217,283,0,0,17
-2,6,29,6,13,2475,AA,LAX,5,217,283,0,0,17
57,6,29,6,22,2475,B6,LAX,5,217,283,0,0,17
24,6,29,6,21,2475,AA,LAX,5,217,283,0,0,17
49,6,29,6,15,2475,AA,LAX,5,217,283,0,0,17
-2,6,29,6,11,2475,UA,LAX,5,217,283,0,0,17
4,6,29,6,20,2475,VX,LAX,5,217,283,0,0,17
8,6,29,6,16,2475,VX,LAX,5,217,283,0,0,17
1,6,29,6,13,2475,VX,LAX,5,217,283,0,0,17
8,6,29,6,9,2475,VX,LAX,5,217,283,0,0,17
1,6,29,6,7,2475,VX,LAX,5,217,283,0,0,17
1,6,29,6,6,2475,UA,LAX,5,217,283,0,0,17
19,6,29,6,17,2475,UA,LAX,5,217,283,0,0,17
-1,6,29,6,8,2475,UA,LAX,5,217,283,0,0,17
7,6,29,6,14,2475,UA,LAX,5,217,283,0,0,17
31,6,29,6,18,2475,DL,LAX,5,217,283,0,0,17
3,6,29,6,20,2475,B6,LAX,5,217,283,0,0,17
2,6,29,6,12,2475,DL,LAX,5,217,283,0,0,17
-2,6,29,6,7,2475,DL,LAX,5,217,283,0,0,17
-2,6,29,6,9,2475,DL,LAX,5,217,283,0,0,17
51,6,29,6,7,2475,B6,LAX,5,217,283,0,0,17
44,6,29,6,12,2475,B6,LAX,5,217,283,0,0,17
35,6,29,6,15,2475,DL,LAX,5,217,283,0,0,17
-4,7,6,6,12,2475,DL,LAX,2,256,333,0,0,20
-3,7,6,6,13,2475,AA,LAX,2,256,333,0,0,20
-1,7,6,6,21,2475,AA,LAX,2,256,333,0,0,20
-2,7,6,6,7,2475,B6,LAX,2,256,333,0,0,20
-3,7,6,6,20,2475,B6,LAX,2,256,333,0,0,20
-4,7,6,6,12,2475,AA,LAX,2,256,333,0,0,20
162,7,6,6,19,2475,AA,LAX,2,256,333,0,0,20
22,7,6,6,22,2475,B6,LAX,2,256,333,0,0,20
7,7,6,6,15,2475,AA,LAX,2,256,333,0,0,20
-1,7,6,6,17,2475,AA,LAX,2,256,333,0,0,20
-1,7,6,6,9,2475,AA,LAX,2,256,333,0,0,20
-4,7,6,6,12,2475,B6,LAX,2,256,333,0,0,20
52,7,6,6,16,2475,B6,LAX,2,256,333,0,0,20
-6,7,6,6,7,2475,AA,LAX,2,256,333,0,0,20
0,7,6,6,7,2475,DL,LAX,2,256,333,0,0,20
-7,7,6,6,9,2475,DL,LAX,2,256,333,0,0,20
2,7,6,6,15,2475,DL,LAX,2,256,333,0,0,20
15,7,6,6,18,2475,DL,LAX,2,256,333,0,0,20
9,7,6,6,11,2475,UA,LAX,2,256,333,0,0,20
-2,7,6,6,7,2475,VX,LAX,2,256,333,0,0,20
-3,7,6,6,9,2475,VX,LAX,2,256,333,0,0,20
6,7,6,6,13,2475,VX,LAX,2,256,333,0,0,20
2,7,6,6,14,2475,UA,LAX,2,256,333,0,0,20
-7,7,6,6,6,2475,UA,LAX,2,256,333,0,0,20
0,7,6,6,17,2475,UA,LAX,2,256,333,0,0,20
-15,7,6,6,8,2475,UA,LAX,2,256,333,0,0,20
50,7,6,6,16,2475,VX,LAX,2,256,333,0,0,20
11,7,13,6,9,2475,VX,LAX,9,194,272,15,0,24
6,7,13,6,16,2475,VX,LAX,9,194,272,15,0,24
35,7,13,6,20,2475,VX,LAX,9,194,272,15,0,24
-4,7,13,6,11,2475,UA,LAX,9,194,272,15,0,24
-3,7,13,6,17,2475,UA,LAX,9,194,272,15,0,24
-6,7,13,6,8,2475,UA,LAX,9,194,272,15,0,24
0,7,13,6,7,2475,VX,LAX,9,194,272,15,0,24
-2,7,13,6,6,2475,UA,LAX,9,194,272,15,0,24
-2,7,13,6,13,2475,VX,LAX,9,194,272,15,0,24
-2,7,13,6,14,2475,UA,LAX,9,194,272,15,0,24
-5,7,13,6,9,2475,DL,LAX,9,194,272,15,0,24
20,7,13,6,18,2475,DL,LAX,9,194,272,15,0,24
0,7,13,6,12,2475,DL,LAX,9,194,272,15,0,24
-6,7,13,6,7,2475,DL,LAX,9,194,272,15,0,24
1,7,13,6,15,2475,DL,LAX,9,194,272,15,0,24
17,7,13,6,22,2475,B6,LAX,9,194,272,15,0,24
260,7,13,6,13,2475,AA,LAX,9,194,272,15,0,24
-10,7,13,6,12,2475,AA,LAX,9,194,272,15,0,24
3,7,13,6,7,2475,B6,LAX,9,194,272,15,0,24
49,7,13,6,20,2475,B6,LAX,9,194,272,15,0,24
64,7,13,6,16,2475,B6,LAX,9,194,272,15,0,24
-2,7,13,6,12,2475,B6,LAX,9,194,272,15,0,24
-5,7,13,6,7,2475,AA,LAX,9,194,272,15,0,24
-5,7,13,6,15,2475,AA,LAX,9,194,272,15,0,24
-3,7,13,6,17,2475,AA,LAX,9,194,272,15,0,24
3,7,13,6,21,2475,AA,LAX,9,194,272,15,0,24
-1,7,13,6,19,2475,AA,LAX,9,194,272,15,0,24
-5,7,13,6,9,2475,AA,LAX,9,194,272,15,0,24
15,7,20,6,9,2475,DL,LAX,16,272,339,0,0,26
9,7,20,6,12,2475,DL,LAX,16,272,339,0,0,26
-3,7,20,6,7,2475,DL,LAX,16,272,339,0,0,26
8,7,20,6,18,2475,DL,LAX,16,272,339,0,0,26
16,7,20,6,15,2475,DL,LAX,16,272,339,0,0,26
5,7,20,6,16,2475,VX,LAX,16,272,339,0,0,26
-1,7,20,6,13,2475,VX,LAX,16,272,339,0,0,26
-10,7,20,6,11,2475,UA,LAX,16,272,339,0,0,26
-3,7,20,6,17,2475,UA,LAX,16,272,339,0,0,26
-3,7,20,6,6,2475,UA,LAX,16,272,339,0,0,26
-10,7,20,6,14,2475,UA,LAX,16,272,339,0,0,26
3,7,20,6,20,2475,VX,LAX,16,272,339,0,0,26
0,7,20,6,7,2475,VX,LAX,16,272,339,0,0,26
-2,7,20,6,9,2475,VX,LAX,16,272,339,0,0,26
-3,7,20,6,8,2475,UA,LAX,16,272,339,0,0,26
-3,7,20,6,19,2475,AA,LAX,16,272,339,0,0,26
1,7,20,6,20,2475,B6,LAX,16,272,339,0,0,26
39,7,20,6,22,2475,B6,LAX,16,272,339,0,0,26
8,7,20,6,12,2475,B6,LAX,16,272,339,0,0,26
1,7,20,6,15,2475,AA,LAX,16,272,339,0,0,26
17,7,20,6,7,2475,B6,LAX,16,272,339,0,0,26
60,7,20,6,16,2475,B6,LAX,16,272,339,0,0,26
-1,7,20,6,12,2475,AA,LAX,16,272,339,0,0,26
-3,7,20,6,13,2475,AA,LAX,16,272,339,0,0,26
-3,7,20,6,9,2475,AA,LAX,16,272,339,0,0,26
25,7,20,6,21,2475,AA,LAX,16,272,339,0,0,26
4,7,20,6,17,2475,AA,LAX,16,272,339,0,0,26
-4,7,20,6,7,2475,AA,LAX,16,272,339,0,0,26
-8,7,27,6,7,2475,AA,LAX,23,211,278,0,0,15
-3,7,27,6,12,2475,AA,LAX,23,211,278,0,0,15
-2,7,27,6,20,2475,B6,LAX,23,211,278,0,0,15
-2,7,27,6,12,2475,B6,LAX,23,211,278,0,0,15
115,7,27,6,22,2475,B6,LAX,23,211,278,0,0,15
-1,7,27,6,19,2475,AA,LAX,23,211,278,0,0,15
-1,7,27,6,21,2475,AA,LAX,23,211,278,0,0,15
-2,7,27,6,16,2475,B6,LAX,23,211,278,0,0,15
0,7,27,6,17,2475,AA,LAX,23,211,278,0,0,15
-5,7,27,6,9,2475,AA,LAX,23,211,278,0,0,15
9,7,27,6,13,2475,AA,LAX,23,211,278,0,0,15
-3,7,27,6,15,2475,AA,LAX,23,211,278,0,0,15
-3,7,27,6,7,2475,B6,LAX,23,211,278,0,0,15
28,7,27,6,18,2475,DL,LAX,23,211,278,0,0,15
-1,7,27,6,7,2475,DL,LAX,23,211,278,0,0,15
-6,7,27,6,12,2475,DL,LAX,23,211,278,0,0,15
1,7,27,6,15,2475,DL,LAX,23,211,278,0,0,15
-6,7,27,6,9,2475,DL,LAX,23,211,278,0,0,15
0,7,27,6,16,2475,VX,LAX,23,211,278,0,0,15
-4,7,27,6,13,2475,VX,LAX,23,211,278,0,0,15
2,7,27,6,9,2475,VX,LAX,23,211,278,0,0,15
3,7,27,6,7,2475,VX,LAX,23,211,278,0,0,15
1,7,27,6,14,2475,UA,LAX,23,211,278,0,0,15
-7,7,27,6,6,2475,UA,LAX,23,211,278,0,0,15
-3,7,27,6,11,2475,UA,LAX,23,211,278,0,0,15
-1,7,27,6,17,2475,UA,LAX,23,211,278,0,0,15
-2,7,27,6,8,2475,UA,LAX,23,211,278,0,0,15
3,7,27,6,20,2475,VX,LAX,23,211,278,0,0,15
12,8,4,7,20,2475,VX,LAX,28,189,267,0,0,23
-2,8,4,7,17,2475,UA,LAX,28,189,267,0,0,23
18,8,4,7,14,2475,UA,LAX,28,189,267,0,0,23
-5,8,4,7,11,2475,UA,LAX,28,189,267,0,0,23
-2,8,4,7,20,2475,UA,LAX,28,189,267,0,0,23
2,8,4,7,16,2475,VX,LAX,28,189,267,0,0,23
-5,8,4,7,13,2475,VX,LAX,28,189,267,0,0,23
-15,8,4,7,8,2475,UA,LAX,28,189,267,0,0,23
1,8,4,7,9,2475,VX,LAX,28,189,267,0,0,23
0,8,4,7,7,2475,VX,LAX,28,189,267,0,0,23
0,8,4,7,18,2475,DL,LAX,28,189,267,0,0,23
-2,8,4,7,15,2475,DL,LAX,28,189,267,0,0,23
-4,8,4,7,9,2475,DL,LAX,28,189,267,0,0,23
0,8,4,7,12,2475,DL,LAX,28,189,267,0,0,23
-1,8,4,7,7,2475,DL,LAX,28,189,267,0,0,23
28,8,4,7,21,2475,DL,LAX,28,189,267,0,0,23
2,8,4,7,17,2475,DL,LAX,28,189,267,0,0,23
26,8,4,7,10,2475,AA,LAX,28,189,267,0,0,23
47,8,4,7,7,2475,B6,LAX,28,189,267,0,0,23
24,8,4,7,17,2475,AA,LAX,28,189,267,0,0,23
9,8,4,7,7,2475,AA,LAX,28,189,267,0,0,23
-1,8,4,7,16,2475,B6,LAX,28,189,267,0,0,23
-2,8,4,7,15,2475,AA,LAX,28,189,267,0,0,23
4,8,4,7,21,2475,AA,LAX,28,189,267,0,0,23
-2,8,4,7,12,2475,AA,LAX,28,189,267,0,0,23
24,8,4,7,22,2475,B6,LAX,28,189,267,0,0,23
-5,8,4,7,9,2475,B6,LAX,28,189,267,0,0,23
0,8,4,7,19,2475,AA,LAX,28,189,267,0,0,23
-1,8,4,7,12,2475,B6,LAX,28,189,267,0,0,23
-2,8,4,7,9,2475,AA,LAX,28,189,267,0,0,23
-4,8,4,7,13,2475,AA,LAX,28,189,267,0,0,23
40,8,4,7,20,2475,B6,LAX,28,189,267,0,0,23
0,8,11,7,7,2475,VX,LAX,21,183,272,0,0,11
-4,8,11,7,11,2475,UA,LAX,21,183,272,0,0,11
2,8,11,7,20,2475,UA,LAX,21,183,272,0,0,11
-2,8,11,7,17,2475,UA,LAX,21,183,272,0,0,11
0,8,11,7,9,2475,VX,LAX,21,183,272,0,0,11
-3,8,11,7,13,2475,VX,LAX,21,183,272,0,0,11
-6,8,11,7,8,2475,UA,LAX,21,183,272,0,0,11
-2,8,11,7,16,2475,VX,LAX,21,183,272,0,0,11
0,8,11,7,20,2475,VX,LAX,21,183,272,0,0,11
-4,8,11,7,14,2475,UA,LAX,21,183,272,0,0,11
3,8,11,7,12,2475,B6,LAX,21,183,272,0,0,11
-7,8,11,7,15,2475,AA,LAX,21,183,272,0,0,11
57,8,11,7,17,2475,AA,LAX,21,183,272,0,0,11
14,8,11,7,9,2475,B6,LAX,21,183,272,0,0,11
25,8,11,7,21,2475,DL,LAX,21,183,272,0,0,11
-5,8,11,7,12,2475,AA,LAX,21,183,272,0,0,11
-3,8,11,7,21,2475,AA,LAX,21,183,272,0,0,11
41,8,11,7,17,2475,DL,LAX,21,183,272,0,0,11
-3,8,11,7,22,2475,B6,LAX,21,183,272,0,0,11
-1,8,11,7,13,2475,AA,LAX,21,183,272,0,0,11
5,8,11,7,19,2475,AA,LAX,21,183,272,0,0,11
-4,8,11,7,7,2475,B6,LAX,21,183,272,0,0,11
-7,8,11,7,9,2475,AA,LAX,21,183,272,0,0,11
-8,8,11,7,10,2475,AA,LAX,21,183,272,0,0,11
29,8,11,7,20,2475,B6,LAX,21,183,272,0,0,11
-5,8,11,7,16,2475,B6,LAX,21,183,272,0,0,11
-3,8,11,7,7,2475,AA,LAX,21,183,272,0,0,11
-1,8,11,7,15,2475,DL,LAX,21,183,272,0,0,11
-2,8,11,7,12,2475,DL,LAX,21,183,272,0,0,11
107,8,11,7,7,2475,DL,LAX,21,183,272,0,0,11
-2,8,11,7,9,2475,DL,LAX,21,183,272,0,0,11
63,8,11,7,18,2475,DL,LAX,21,183,272,0,0,11
6,8,18,7,18,2475,DL,LAX,14,200,244,0,0,13
-2,8,18,7,15,2475,DL,LAX,14,200,244,0,0,13
-3,8,18,7,9,2475,DL,LAX,14,200,244,0,0,13
-1,8,18,7,7,2475,DL,LAX,14,200,244,0,0,13
-6,8,18,7,12,2475,DL,LAX,14,200,244,0,0,13
-1,8,18,7,7,2475,AA,LAX,14,200,244,0,0,13
-9,8,18,7,15,2475,AA,LAX,14,200,244,0,0,13
1,8,18,7,19,2475,AA,LAX,14,200,244,0,0,13
-1,8,18,7,21,2475,DL,LAX,14,200,244,0,0,13
-1,8,18,7,17,2475,DL,LAX,14,200,244,0,0,13
-4,8,18,7,22,2475,B6,LAX,14,200,244,0,0,13
2,8,18,7,13,2475,AA,LAX,14,200,244,0,0,13
-4,8,18,7,10,2475,AA,LAX,14,200,244,0,0,13
39,8,18,7,7,2475,B6,LAX,14,200,244,0,0,13
2,8,18,7,9,2475,B6,LAX,14,200,244,0,0,13
-4,8,18,7,12,2475,B6,LAX,14,200,244,0,0,13
-2,8,18,7,16,2475,B6,LAX,14,200,244,0,0,13
-2,8,18,7,20,2475,B6,LAX,14,200,244,0,0,13
-5,8,18,7,9,2475,AA,LAX,14,200,244,0,0,13
-4,8,18,7,21,2475,AA,LAX,14,200,244,0,0,13
-8,8,18,7,12,2475,AA,LAX,14,200,244,0,0,13
-7,8,18,7,17,2475,AA,LAX,14,200,244,0,0,13
5,8,18,7,9,2475,VX,LAX,14,200,244,0,0,13
-11,8,18,7,20,2475,UA,LAX,14,200,244,0,0,13
54,8,18,7,14,2475,UA,LAX,14,200,244,0,0,13
12,8,18,7,7,2475,VX,LAX,14,200,244,0,0,13
392,8,18,7,13,2475,VX,LAX,14,200,244,0,0,13
23,8,18,7,16,2475,VX,LAX,14,200,244,0,0,13
26,8,18,7,20,2475,VX,LAX,14,200,244,0,0,13
-5,8,18,7,8,2475,UA,LAX,14,200,244,0,0,13
-1,8,18,7,17,2475,UA,LAX,14,200,244,0,0,13
-3,8,18,7,11,2475,UA,LAX,14,200,244,0,0,13
-9,8,25,7,20,2475,UA,LAX,7,178,283,0,0,18
-9,8,25,7,11,2475,UA,LAX,7,178,283,0,0,18
-1,8,25,7,13,2475,VX,LAX,7,178,283,0,0,18
1,8,25,7,9,2475,VX,LAX,7,178,283,0,0,18
-5,8,25,7,17,2475,UA,LAX,7,178,283,0,0,18
-3,8,25,7,8,2475,UA,LAX,7,178,283,0,0,18
21,8,25,7,20,2475,VX,LAX,7,178,283,0,0,18
19,8,25,7,16,2475,VX,LAX,7,178,283,0,0,18
-1,8,25,7,7,2475,VX,LAX,7,178,283,0,0,18
1,8,25,7,14,2475,UA,LAX,7,178,283,0,0,18
-1,8,25,7,15,2475,DL,LAX,7,178,283,0,0,18
-4,8,25,7,9,2475,AA,LAX,7,178,283,0,0,18
-3,8,25,7,21,2475,DL,LAX,7,178,283,0,0,18
-1,8,25,7,12,2475,B6,LAX,7,178,283,0,0,18
13,8,25,7,18,2475,DL,LAX,7,178,283,0,0,18
-3,8,25,7,16,2475,B6,LAX,7,178,283,0,0,18
19,8,25,7,20,2475,B6,LAX,7,178,283,0,0,18
-5,8,25,7,7,2475,AA,LAX,7,178,283,0,0,18
-5,8,25,7,9,2475,DL,LAX,7,178,283,0,0,18
-8,8,25,7,12,2475,AA,LAX,7,178,283,0,0,18
-2,8,25,7,21,2475,AA,LAX,7,178,283,0,0,18
-5,8,25,7,10,2475,AA,LAX,7,178,283,0,0,18
-3,8,25,7,7,2475,B6,LAX,7,178,283,0,0,18
0,8,25,7,7,2475,DL,LAX,7,178,283,0,0,18
-1,8,25,7,13,2475,AA,LAX,7,178,283,0,0,18
-4,8,25,7,17,2475,AA,LAX,7,178,283,0,0,18
-4,8,25,7,15,2475,AA,LAX,7,178,283,0,0,18
-2,8,25,7,19,2475,AA,LAX,7,178,283,0,0,18
-5,8,25,7,12,2475,DL,LAX,7,178,283,0,0,18
-4,8,25,7,9,2475,B6,LAX,7,178,283,0,0,18
20,8,25,7,17,2475,DL,LAX,7,178,283,0,0,18
-1,9,2,1,20,2475,B6,LAX,1,233,278,13,0,4
-6,9,2,1,16,2475,B6,LAX,1,233,278,13,0,4
-1,9,2,1,7,2475,B6,LAX,1,233,278,13,0,4
-3,9,2,1,12,2475,B6,LAX,1,233,278,13,0,4
-7,9,2,1,11,2475,UA,LAX,1,233,278,13,0,4
-5,9,2,1,20,2475,UA,LAX,1,233,278,13,0,4
23,9,2,1,17,2475,UA,LAX,1,233,278,13,0,4
8,9,2,1,14,2475,UA,LAX,1,233,278,13,0,4
51,9,2,1,16,2475,VX,LAX,1,233,278,13,0,4
-2,9,2,1,8,2475,UA,LAX,1,233,278,13,0,4
-5,9,2,1,9,2475,B6,LAX,1,233,278,13,0,4
-8,9,2,1,15,2475,DL,LAX,1,233,278,13,0,4
-1,9,2,1,13,2475,VX,LAX,1,233,278,13,0,4
14,9,2,1,18,2475,DL,LAX,1,233,278,13,0,4
-6,9,2,1,9,2475,VX,LAX,1,233,278,13,0,4
39,9,2,1,20,2475,VX,LAX,1,233,278,13,0,4
42,9,2,1,21,2475,DL,LAX,1,233,278,13,0,4
-6,9,2,1,12,2475,DL,LAX,1,233,278,13,0,4
0,9,2,1,7,2475,DL,LAX,1,233,278,13,0,4
20,9,2,1,17,2475,DL,LAX,1,233,278,13,0,4
-1,9,2,1,9,2475,DL,LAX,1,233,278,13,0,4
-8,9,2,1,12,2475,AA,LAX,1,233,278,13,0,4
34,9,2,1,21,2475,AA,LAX,1,233,278,13,0,4
96,9,2,1,16,2475,AA,LAX,1,233,278,13,0,4
2,9,2,1,9,2475,AA,LAX,1,233,278,13,0,4
-2,9,2,1,10,2475,AA,LAX,1,233,278,13,0,4
-8,9,2,1,13,2475,AA,LAX,1,233,278,13,0,4
-2,9,2,1,15,2475,AA,LAX,1,233,278,13,0,4
-1,9,2,1,8,2475,AA,LAX,1,233,278,13,0,4
66,9,2,1,19,2475,AA,LAX,1,233,278,13,0,4
-4,9,9,1,21,2475,AA,LAX,8,139,228,0,0,19
-1,9,9,1,10,2475,AA,LAX,8,139,228,0,0,19
-3,9,9,1,8,2475,AA,LAX,8,139,228,0,0,19
-7,9,9,1,12,2475,AA,LAX,8,139,228,0,0,19
-1,9,9,1,15,2475,AA,LAX,8,139,228,0,0,19
-2,9,9,1,9,2475,AA,LAX,8,139,228,0,0,19
1,9,9,1,19,2475,AA,LAX,8,139,228,0,0,19
-3,9,9,1,16,2475,AA,LAX,8,139,228,0,0,19
-2,9,9,1,13,2475,AA,LAX,8,139,228,0,0,19
-5,9,9,1,21,2475,DL,LAX,8,139,228,0,0,19
-9,9,9,1,6,2475,UA,LAX,8,139,228,0,0,19
-8,9,9,1,14,2475,UA,LAX,8,139,228,0,0,19
-4,9,9,1,7,2475,B6,LAX,8,139,228,0,0,19
-5,9,9,1,9,2475,B6,LAX,8,139,228,0,0,19
6,9,9,1,11,2475,B6,LAX,8,139,228,0,0,19
-3,9,9,1,16,2475,B6,LAX,8,139,228,0,0,19
-3,9,9,1,20,2475,B6,LAX,8,139,228,0,0,19
-4,9,9,1,15,2475,DL,LAX,8,139,228,0,0,19
-5,9,9,1,9,2475,DL,LAX,8,139,228,0,0,19
35,9,9,1,17,2475,DL,LAX,8,139,228,0,0,19
-1,9,9,1,18,2475,DL,LAX,8,139,228,0,0,19
-7,9,9,1,12,2475,DL,LAX,8,139,228,0,0,19
-8,9,9,1,7,2475,DL,LAX,8,139,228,0,0,19
0,9,9,1,8,2475,UA,LAX,8,139,228,0,0,19
11,9,9,1,17,2475,UA,LAX,8,139,228,0,0,19
-4,9,9,1,11,2475,UA,LAX,8,139,228,0,0,19
-4,9,9,1,20,2475,UA,LAX,8,139,228,0,0,19
-7,9,9,1,7,2475,VX,LAX,8,139,228,0,0,19
2,9,9,1,9,2475,VX,LAX,8,139,228,0,0,19
-1,9,9,1,13,2475,VX,LAX,8,139,228,0,0,19
0,9,9,1,16,2475,VX,LAX,8,139,228,0,0,19
-1,9,9,1,20,2475,VX,LAX,8,139,228,0,0,19
30,9,16,1,7,2475,B6,LAX,15,133,228,8,0,21
-6,9,16,1,21,2475,DL,LAX,15,133,228,8,0,21
-2,9,16,1,9,2475,B6,LAX,15,133,228,8,0,21
-6,9,16,1,11,2475,B6,LAX,15,133,228,8,0,21
-4,9,16,1,16,2475,B6,LAX,15,133,228,8,0,21
3,9,16,1,20,2475,B6,LAX,15,133,228,8,0,21
0,9,16,1,9,2475,VX,LAX,15,133,228,8,0,21
-1,9,16,1,13,2475,VX,LAX,15,133,228,8,0,21
-2,9,16,1,16,2475,VX,LAX,15,133,228,8,0,21
43,9,16,1,20,2475,VX,LAX,15,133,228,8,0,21
-1,9,16,1,15,2475,DL,LAX,15,133,228,8,0,21
-5,9,16,1,8,2475,UA,LAX,15,133,228,8,0,21
-6,9,16,1,14,2475,UA,LAX,15,133,228,8,0,21
-3,9,16,1,6,2475,UA,LAX,15,133,228,8,0,21
-5,9,16,1,20,2475,UA,LAX,15,133,228,8,0,21
-5,9,16,1,11,2475,UA,LAX,15,133,228,8,0,21
1,9,16,1,7,2475,VX,LAX,15,133,228,8,0,21
-11,9,16,1,17,2475,UA,LAX,15,133,228,8,0,21
-5,9,16,1,13,2475,AA,LAX,15,133,228,8,0,21
-5,9,16,1,10,2475,AA,LAX,15,133,228,8,0,21
-1,9,16,1,12,2475,DL,LAX,15,133,228,8,0,21
-6,9,16,1,8,2475,AA,LAX,15,133,228,8,0,21
-1,9,16,1,12,2475,AA,LAX,15,133,228,8,0,21
8,9,16,1,21,2475,AA,LAX,15,133,228,8,0,21
-7,9,16,1,19,2475,AA,LAX,15,133,228,8,0,21
-7,9,16,1,16,2475,AA,LAX,15,133,228,8,0,21
-3,9,16,1,7,2475,DL,LAX,15,133,228,8,0,21
21,9,16,1,15,2475,AA,LAX,15,133,228,8,0,21
-5,9,16,1,17,2475,DL,LAX,15,133,228,8,0,21
-4,9,16,1,9,2475,DL,LAX,15,133,228,8,0,21
0,9,16,1,9,2475,AA,LAX,15,133,228,8,0,21
10,9,16,1,18,2475,DL,LAX,15,133,228,8,0,21
-4,9,23,1,12,2475,AA,LAX,20,100,189,0,0,18
-2,9,23,1,11,2475,UA,LAX,20,100,189,0,0,18
-11,9,23,1,13,2475,AA,LAX,20,100,189,0,0,18
-10,9,23,1,8,2475,UA,LAX,20,100,189,0,0,18
7,9,23,1,19,2475,AA,LAX,20,100,189,0,0,18
-2,9,23,1,15,2475,AA,LAX,20,100,189,0,0,18
21,9,23,1,16,2475,AA,LAX,20,100,189,0,0,18
7,9,23,1,14,2475,UA,LAX,20,100,189,0,0,18
0,9,23,1,8,2475,AA,LAX,20,100,189,0,0,18
5,9,23,1,9,2475,AA,LAX,20,100,189,0,0,18
-6,9,23,1,10,2475,AA,LAX,20,100,189,0,0,18
-4,9,23,1,21,2475,AA,LAX,20,100,189,0,0,18
14,9,23,1,20,2475,UA,LAX,20,100,189,0,0,18
-4,9,23,1,6,2475,UA,LAX,20,100,189,0,0,18
8,9,23,1,17,2475,UA,LAX,20,100,189,0,0,18
-1,9,23,1,7,2475,VX,LAX,20,100,189,0,0,18
-1,9,23,1,16,2475,VX,LAX,20,100,189,0,0,18
-1,9,23,1,18,2475,DL,LAX,20,100,189,0,0,18
-2,9,23,1,9,2475,B6,LAX,20,100,189,0,0,18
11,9,23,1,7,2475,B6,LAX,20,100,189,0,0,18
20,9,23,1,21,2475,DL,LAX,20,100,189,0,0,18
2,9,23,1,20,2475,B6,LAX,20,100,189,0,0,18
-7,9,23,1,13,2475,VX,LAX,20,100,189,0,0,18
-4,9,23,1,9,2475,VX,LAX,20,100,189,0,0,18
-1,9,23,1,7,2475,DL,LAX,20,100,189,0,0,18
-7,9,23,1,12,2475,DL,LAX,20,100,189,0,0,18
0,9,23,1,15,2475,DL,LAX,20,100,189,0,0,18
6,9,23,1,20,2475,VX,LAX,20,100,189,0,0,18
-4,9,23,1,9,2475,DL,LAX,20,100,189,0,0,18
-4,9,23,1,17,2475,DL,LAX,20,100,189,0,0,18
11,9,23,1,11,2475,B6,LAX,20,100,189,0,0,18
-3,9,23,1,16,2475,B6,LAX,20,100,189,0,0,18
19,9,30,1,9,2475,VX,LAX,13,133,239,0,0,15
21,9,30,1,21,2475,DL,LAX,13,133,239,0,0,15
0,9,30,1,12,2475,DL,LAX,13,133,239,0,0,15
24,9,30,1,15,2475,DL,LAX,13,133,239,0,0,15
0,9,30,1,7,2475,VX,LAX,13,133,239,0,0,15
-2,9,30,1,13,2475,VX,LAX,13,133,239,0,0,15
-1,9,30,1,16,2475,VX,LAX,13,133,239,0,0,15
9,9,30,1,20,2475,VX,LAX,13,133,239,0,0,15
-3,9,30,1,7,2475,B6,LAX,13,133,239,0,0,15
-3,9,30,1,20,2475,B6,LAX,13,133,239,0,0,15
0,9,30,1,16,2475,B6,LAX,13,133,239,0,0,15
-2,9,30,1,11,2475,B6,LAX,13,133,239,0,0,15
3,9,30,1,9,2475,B6,LAX,13,133,239,0,0,15
-8,9,30,1,8,2475,AA,LAX,13,133,239,0,0,15
-4,9,30,1,11,2475,UA,LAX,13,133,239,0,0,15
-2,9,30,1,8,2475,UA,LAX,13,133,239,0,0,15
56,9,30,1,16,2475,AA,LAX,13,133,239,0,0,15
-1,9,30,1,17,2475,UA,LAX,13,133,239,0,0,15
0,9,30,1,9,2475,AA,LAX,13,133,239,0,0,15
1,9,30,1,17,2475,DL,LAX,13,133,239,0,0,15
0,9,30,1,20,2475,UA,LAX,13,133,239,0,0,15
-5,9,30,1,10,2475,AA,LAX,13,133,239,0,0,15
78,9,30,1,19,2475,AA,LAX,13,133,239,0,0,15
-5,9,30,1,12,2475,AA,LAX,13,133,239,0,0,15
-6,9,30,1,6,2475,UA,LAX,13,133,239,0,0,15
8,9,30,1,18,2475,DL,LAX,13,133,239,0,0,15
3,9,30,1,13,2475,AA,LAX,13,133,239,0,0,15
12,9,30,1,15,2475,AA,LAX,13,133,239,0,0,15
0,9,30,1,21,2475,AA,LAX,13,133,239,0,0,15
6,9,30,1,14,2475,UA,LAX,13,133,239,0,0,15
-1,9,30,1,9,2475,DL,LAX,13,133,239,0,0,15
-2,9,30,1,7,2475,DL,LAX,13,133,239,0,0,15
-3,10,7,1,7,2475,VX,LAX,6,156,244,64,0,26
-2,10,7,1,9,2475,VX,LAX,6,156,244,64,0,26
-8,10,7,1,13,2475,VX,LAX,6,156,244,64,0,26
35,10,7,1,16,2475,VX,LAX,6,156,244,64,0,26
67,10,7,1,20,2475,VX,LAX,6,156,244,64,0,26
-5,10,7,1,8,2475,UA,LAX,6,156,244,64,0,26
17,10,7,1,11,2475,UA,LAX,6,156,244,64,0,26
-1,10,7,1,14,2475,UA,LAX,6,156,244,64,0,26
-6,10,7,1,6,2475,UA,LAX,6,156,244,64,0,26
33,10,7,1,20,2475,UA,LAX,6,156,244,64,0,26
128,10,7,1,17,2475,UA,LAX,6,156,244,64,0,26
-3,10,7,1,7,2475,DL,LAX,6,156,244,64,0,26
-2,10,7,1,9,2475,DL,LAX,6,156,244,64,0,26
-2,10,7,1,17,2475,DL,LAX,6,156,244,64,0,26
15,10,7,1,18,2475,DL,LAX,6,156,244,64,0,26
0,10,7,1,21,2475,DL,LAX,6,156,244,64,0,26
-2,10,7,1,15,2475,DL,LAX,6,156,244,64,0,26
-5,10,7,1,12,2475,DL,LAX,6,156,244,64,0,26
-5,10,7,1,16,2475,B6,LAX,6,156,244,64,0,26
8,10,7,1,15,2475,AA,LAX,6,156,244,64,0,26
-6,10,7,1,10,2475,AA,LAX,6,156,244,64,0,26
-2,10,7,1,7,2475,B6,LAX,6,156,244,64,0,26
-6,10,7,1,9,2475,AA,LAX,6,156,244,64,0,26
6,10,7,1,16,2475,AA,LAX,6,156,244,64,0,26
-6,10,7,1,12,2475,AA,LAX,6,156,244,64,0,26
0,10,7,1,11,2475,B6,LAX,6,156,244,64,0,26
-10,10,7,1,9,2475,B6,LAX,6,156,244,64,0,26
247,10,7,1,19,2475,AA,LAX,6,156,244,64,0,26
20,10,7,1,21,2475,AA,LAX,6,156,244,64,0,26
65,10,7,1,20,2475,B6,LAX,6,156,244,64,0,26
-7,10,7,1,13,2475,AA,LAX,6,156,244,64,0,26
2,10,7,1,8,2475,AA,LAX,6,156,244,64,0,26
25,10,14,1,16,2475,B6,LAX,1,111,189,0,0,11
79,10,14,1,16,2475,AA,LAX,1,111,189,0,0,11
-6,10,14,1,10,2475,AA,LAX,1,111,189,0,0,11
0,10,14,1,8,2475,AA,LAX,1,111,189,0,0,11
10,10,14,1,19,2475,AA,LAX,1,111,189,0,0,11
-5,10,14,1,13,2475,AA,LAX,1,111,189,0,0,11
-2,10,14,1,11,2475,B6,LAX,1,111,189,0,0,11
2,10,14,1,20,2475,B6,LAX,1,111,189,0,0,11
-9,10,14,1,9,2475,B6,LAX,1,111,189,0,0,11
-9,10,14,1,7,2475,B6,LAX,1,111,189,0,0,11
-5,10,14,1,9,2475,AA,LAX,1,111,189,0,0,11
-8,10,14,1,12,2475,AA,LAX,1,111,189,0,0,11
-1,10,14,1,21,2475,AA,LAX,1,111,189,0,0,11
-8,10,14,1,15,2475,AA,LAX,1,111,189,0,0,11
-3,10,14,1,6,2475,UA,LAX,1,111,189,0,0,11
-1,10,14,1,20,2475,VX,LAX,1,111,189,0,0,11
1,10,14,1,16,2475,VX,LAX,1,111,189,0,0,11
-8,10,14,1,9,2475,VX,LAX,1,111,189,0,0,11
-6,10,14,1,11,2475,UA,LAX,1,111,189,0,0,11
-2,10,14,1,13,2475,VX,LAX,1,111,189,0,0,11
-1,10,14,1,7,2475,VX,LAX,1,111,189,0,0,11
-2,10,14,1,20,2475,UA,LAX,1,111,189,0,0,11
-1,10,14,1,17,2475,UA,LAX,1,111,189,0,0,11
-4,10,14,1,14,2475,UA,LAX,1,111,189,0,0,11
-9,10,14,1,8,2475,UA,LAX,1,111,189,0,0,11
0,10,14,1,9,2475,DL,LAX,1,111,189,0,0,11
16,10,14,1,18,2475,DL,LAX,1,111,189,0,0,11
74,10,14,1,17,2475,DL,LAX,1,111,189,0,0,11
-1,10,14,1,21,2475,DL,LAX,1,111,189,0,0,11
2,10,14,1,15,2475,DL,LAX,1,111,189,0,0,11
-3,10,14,1,12,2475,DL,LAX,1,111,189,0,0,11
0,10,14,1,7,2475,DL,LAX,1,111,189,0,0,11
-2,10,21,1,11,2475,UA,LAX,8,100,189,0,0,17
10,10,21,1,8,2475,UA,LAX,8,100,189,0,0,17
-1,10,21,1,7,2475,VX,LAX,8,100,189,0,0,17
20,10,21,1,15,2475,DL,LAX,8,100,189,0,0,17
-1,10,21,1,12,2475,DL,LAX,8,100,189,0,0,17
-2,10,21,1,7,2475,DL,LAX,8,100,189,0,0,17
-3,10,21,1,9,2475,DL,LAX,8,100,189,0,0,17
-4,10,21,1,18,2475,DL,LAX,8,100,189,0,0,17
-4,10,21,1,16,2475,VX,LAX,8,100,189,0,0,17
-4,10,21,1,20,2475,VX,LAX,8,100,189,0,0,17
-1,10,21,1,17,2475,DL,LAX,8,100,189,0,0,17
10,10,21,1,14,2475,UA,LAX,8,100,189,0,0,17
-5,10,21,1,6,2475,UA,LAX,8,100,189,0,0,17
-3,10,21,1,20,2475,UA,LAX,8,100,189,0,0,17
13,10,21,1,17,2475,UA,LAX,8,100,189,0,0,17
47,10,21,1,13,2475,VX,LAX,8,100,189,0,0,17
-1,10,21,1,9,2475,VX,LAX,8,100,189,0,0,17
-5,10,21,1,21,2475,DL,LAX,8,100,189,0,0,17
-4,10,21,1,12,2475,B6,LAX,8,100,189,0,0,17
-1,10,21,1,10,2475,AA,LAX,8,100,189,0,0,17
-4,10,21,1,7,2475,B6,LAX,8,100,189,0,0,17
127,10,21,1,21,2475,AA,LAX,8,100,189,0,0,17
-1,10,21,1,20,2475,B6,LAX,8,100,189,0,0,17
-2,10,21,1,16,2475,B6,LAX,8,100,189,0,0,17
-4,10,21,1,12,2475,AA,LAX,8,100,189,0,0,17
2,10,21,1,8,2475,AA,LAX,8,100,189,0,0,17
6,10,21,1,15,2475,AA,LAX,8,100,189,0,0,17
-4,10,21,1,16,2475,AA,LAX,8,100,189,0,0,17
-5,10,21,1,13,2475,AA,LAX,8,100,189,0,0,17
-7,10,21,1,9,2475,AA,LAX,8,100,189,0,0,17
-10,10,21,1,19,2475,AA,LAX,8,100,189,0,0,17
-7,10,21,1,9,2475,B6,LAX,8,100,189,0,0,17
-3,10,28,1,13,2475,AA,LAX,14,61,161,0,0,20
-2,10,28,1,7,2475,B6,LAX,14,61,161,0,0,20
-2,10,28,1,16,2475,B6,LAX,14,61,161,0,0,20
5,10,28,1,9,2475,B6,LAX,14,61,161,0,0,20
-1,10,28,1,20,2475,B6,LAX,14,61,161,0,0,20
-4,10,28,1,11,2475,B6,LAX,14,61,161,0,0,20
54,10,28,1,15,2475,AA,LAX,14,61,161,0,0,20
-4,10,28,1,21,2475,AA,LAX,14,61,161,0,0,20
-1,10,28,1,16,2475,AA,LAX,14,61,161,0,0,20
-3,10,28,1,8,2475,AA,LAX,14,61,161,0,0,20
-2,10,28,1,19,2475,AA,LAX,14,61,161,0,0,20
-8,10,28,1,10,2475,AA,LAX,14,61,161,0,0,20
-5,10,28,1,12,2475,AA,LAX,14,61,161,0,0,20
-3,10,28,1,9,2475,AA,LAX,14,61,161,0,0,20
-4,10,28,1,12,2475,DL,LAX,14,61,161,0,0,20
-6,10,28,1,17,2475,DL,LAX,14,61,161,0,0,20
-5,10,28,1,21,2475,DL,LAX,14,61,161,0,0,20
0,10,28,1,18,2475,DL,LAX,14,61,161,0,0,20
29,10,28,1,20,2475,VX,LAX,14,61,161,0,0,20
-4,10,28,1,7,2475,DL,LAX,14,61,161,0,0,20
2,10,28,1,16,2475,VX,LAX,14,61,161,0,0,20
-1,10,28,1,13,2475,VX,LAX,14,61,161,0,0,20
0,10,28,1,9,2475,VX,LAX,14,61,161,0,0,20
-2,10,28,1,7,2475,VX,LAX,14,61,161,0,0,20
-6,10,28,1,9,2475,DL,LAX,14,61,161,0,0,20
-2,10,28,1,15,2475,DL,LAX,14,61,161,0,0,20
-9,10,28,1,8,2475,UA,LAX,14,61,161,0,0,20
-3,10,28,1,11,2475,UA,LAX,14,61,161,0,0,20
-2,10,28,1,20,2475,UA,LAX,14,61,161,0,0,20
-6,10,28,1,6,2475,UA,LAX,14,61,161,0,0,20
3,10,28,1,14,2475,UA,LAX,14,61,161,0,0,20
-2,10,28,1,17,2475,UA,LAX,14,61,161,0,0,20
-8,11,5,2,7,2475,VX,LAX,6,50,128,0,0,18
-6,11,5,2,17,2475,UA,LAX,6,50,128,0,0,18
-2,11,5,2,11,2475,UA,LAX,6,50,128,0,0,18
-6,11,5,2,6,2475,UA,LAX,6,50,128,0,0,18
0,11,5,2,20,2475,UA,LAX,6,50,128,0,0,18
2,11,5,2,8,2475,UA,LAX,6,50,128,0,0,18
-4,11,5,2,14,2475,UA,LAX,6,50,128,0,0,18
1,11,5,2,20,2475,VX,LAX,6,50,128,0,0,18
-2,11,5,2,16,2475,VX,LAX,6,50,128,0,0,18
31,11,5,2,13,2475,VX,LAX,6,50,128,0,0,18
-6,11,5,2,9,2475,VX,LAX,6,50,128,0,0,18
-4,11,5,2,19,2475,AA,LAX,6,50,128,0,0,18
-6,11,5,2,9,2475,AA,LAX,6,50,128,0,0,18
11,11,5,2,13,2475,AA,LAX,6,50,128,0,0,18
24,11,5,2,7,2475,DL,LAX,6,50,128,0,0,18
-3,11,5,2,20,2475,B6,LAX,6,50,128,0,0,18
-8,11,5,2,7,2475,B6,LAX,6,50,128,0,0,18
4,11,5,2,9,2475,B6,LAX,6,50,128,0,0,18
0,11,5,2,16,2475,B6,LAX,6,50,128,0,0,18
5,11,5,2,11,2475,B6,LAX,6,50,128,0,0,18
-4,11,5,2,9,2475,DL,LAX,6,50,128,0,0,18
-6,11,5,2,18,2475,DL,LAX,6,50,128,0,0,18
102,11,5,2,10,2475,AA,LAX,6,50,128,0,0,18
-6,11,5,2,12,2475,AA,LAX,6,50,128,0,0,18
2,11,5,2,8,2475,AA,LAX,6,50,128,0,0,18
-4,11,5,2,21,2475,AA,LAX,6,50,128,0,0,18
0,11,5,2,20,2475,DL,LAX,6,50,128,0,0,18
75,11,5,2,15,2475,AA,LAX,6,50,128,0,0,18
-3,11,5,2,16,2475,AA,LAX,6,50,128,0,0,18
-4,11,5,2,15,2475,DL,LAX,6,50,128,0,0,18
-5,11,5,2,12,2475,DL,LAX,6,50,128,0,0,18
-3,11,5,2,16,2475,DL,LAX,6,50,128,0,0,18
22,11,12,2,20,2475,UA,LAX,1,-5,111,8,0,28
-1,11,12,2,17,2475,UA,LAX,1,-5,111,8,0,28
3,11,12,2,7,2475,VX,LAX,1,-5,111,8,0,28
-1,11,12,2,9,2475,VX,LAX,1,-5,111,8,0,28
21,11,12,2,16,2475,VX,LAX,1,-5,111,8,0,28
47,11,12,2,20,2475,VX,LAX,1,-5,111,8,0,28
-5,11,12,2,11,2475,UA,LAX,1,-5,111,8,0,28
-5,11,12,2,14,2475,UA,LAX,1,-5,111,8,0,28
-8,11,12,2,8,2475,UA,LAX,1,-5,111,8,0,28
-8,11,12,2,6,2475,UA,LAX,1,-5,111,8,0,28
-1,11,12,2,21,2475,AA,LAX,1,-5,111,8,0,28
-4,11,12,2,15,2475,AA,LAX,1,-5,111,8,0,28
-7,11,12,2,13,2475,AA,LAX,1,-5,111,8,0,28
121,11,12,2,20,2475,DL,LAX,1,-5,111,8,0,28
-4,11,12,2,18,2475,DL,LAX,1,-5,111,8,0,28
-1,11,12,2,20,2475,B6,LAX,1,-5,111,8,0,28
-8,11,12,2,7,2475,B6,LAX,1,-5,111,8,0,28
11,11,12,2,16,2475,B6,LAX,1,-5,111,8,0,28
-3,11,12,2,11,2475,B6,LAX,1,-5,111,8,0,28
-1,11,12,2,9,2475,DL,LAX,1,-5,111,8,0,28
126,11,12,2,19,2475,AA,LAX,1,-5,111,8,0,28
-2,11,12,2,12,2475,DL,LAX,1,-5,111,8,0,28
43,11,12,2,16,2475,AA,LAX,1,-5,111,8,0,28
-4,11,12,2,12,2475,AA,LAX,1,-5,111,8,0,28
5,11,12,2,10,2475,AA,LAX,1,-5,111,8,0,28
6,11,12,2,15,2475,DL,LAX,1,-5,111,8,0,28
92,11,12,2,9,2475,B6,LAX,1,-5,111,8,0,28
-4,11,12,2,9,2475,AA,LAX,1,-5,111,8,0,28
-4,11,12,2,16,2475,DL,LAX,1,-5,111,8,0,28
-4,11,12,2,8,2475,AA,LAX,1,-5,111,8,0,28
-3,11,12,2,7,2475,DL,LAX,1,-5,111,8,0,28
0,11,19,2,16,2475,VX,LAX,8,22,106,0,0,41
-6,11,19,2,13,2475,VX,LAX,8,22,106,0,0,41
0,11,19,2,9,2475,VX,LAX,8,22,106,0,0,41
-5,11,19,2,11,2475,UA,LAX,8,22,106,0,0,41
-6,11,19,2,14,2475,UA,LAX,8,22,106,0,0,41
-5,11,19,2,20,2475,UA,LAX,8,22,106,0,0,41
-7,11,19,2,6,2475,UA,LAX,8,22,106,0,0,41
56,11,19,2,17,2475,UA,LAX,8,22,106,0,0,41
-2,11,19,2,8,2475,UA,LAX,8,22,106,0,0,41
-7,11,19,2,20,2475,VX,LAX,8,22,106,0,0,41
-2,11,19,2,7,2475,VX,LAX,8,22,106,0,0,41
-10,11,19,2,12,2475,AA,LAX,8,22,106,0,0,41
10,11,19,2,20,2475,B6,LAX,8,22,106,0,0,41
-7,11,19,2,7,2475,B6,LAX,8,22,106,0,0,41
-5,11,19,2,9,2475,B6,LAX,8,22,106,0,0,41
-8,11,19,2,11,2475,B6,LAX,8,22,106,0,0,41
-10,11,19,2,16,2475,B6,LAX,8,22,106,0,0,41
-5,11,19,2,15,2475,DL,LAX,8,22,106,0,0,41
-2,11,19,2,9,2475,DL,LAX,8,22,106,0,0,41
-3,11,19,2,12,2475,DL,LAX,8,22,106,0,0,41
-3,11,19,2,18,2475,DL,LAX,8,22,106,0,0,41
3,11,19,2,20,2475,DL,LAX,8,22,106,0,0,41
-1,11,19,2,7,2475,DL,LAX,8,22,106,0,0,41
-3,11,19,2,16,2475,DL,LAX,8,22,106,0,0,41
-1,11,19,2,21,2475,AA,LAX,8,22,106,0,0,41
-2,11,19,2,9,2475,AA,LAX,8,22,106,0,0,41
-5,11,19,2,16,2475,AA,LAX,8,22,106,0,0,41
-2,11,19,2,8,2475,AA,LAX,8,22,106,0,0,41
-3,11,19,2,13,2475,AA,LAX,8,22,106,0,0,41
26,11,19,2,15,2475,AA,LAX,8,22,106,0,0,41
5,11,19,2,19,2475,AA,LAX,8,22,106,0,0,41
6,11,19,2,10,2475,AA,LAX,8,22,106,0,0,41
19,11,26,2,7,2475,DL,LAX,1,6,83,130,0,19
-2,11,26,2,7,2475,AA,LAX,1,6,83,130,0,19
17,11,26,2,21,2475,AA,LAX,1,6,83,130,0,19
-6,11,26,2,9,2475,AA,LAX,1,6,83,130,0,19
3,11,26,2,16,2475,B6,LAX,1,6,83,130,0,19
31,11,26,2,12,2475,AA,LAX,1,6,83,130,0,19
0,11,26,2,15,2475,AA,LAX,1,6,83,130,0,19
-9,11,26,2,7,2475,B6,LAX,1,6,83,130,0,19
-4,11,26,2,9,2475,B6,LAX,1,6,83,130,0,19
-3,11,26,2,20,2475,B6,LAX,1,6,83,130,0,19
51,11,26,2,11,2475,B6,LAX,1,6,83,130,0,19
-2,11,26,2,9,2475,DL,LAX,1,6,83,130,0,19
-7,11,26,2,13,2475,B6,LAX,1,6,83,130,0,19
0,11,26,2,15,2475,DL,LAX,1,6,83,130,0,19
6,11,26,2,16,2475,DL,LAX,1,6,83,130,0,19
-1,11,26,2,16,2475,AA,LAX,1,6,83,130,0,19
7,11,26,2,12,2475,DL,LAX,1,6,83,130,0,19
40,11,26,2,20,2475,DL,LAX,1,6,83,130,0,19
0,11,26,2,18,2475,DL,LAX,1,6,83,130,0,19
-3,11,26,2,10,2475,AA,LAX,1,6,83,130,0,19
3,11,26,2,19,2475,AA,LAX,1,6,83,130,0,19
-3,11,26,2,13,2475,AA,LAX,1,6,83,130,0,19
25,11,26,2,17,2475,UA,LAX,1,6,83,130,0,19
-2,11,26,2,11,2475,UA,LAX,1,6,83,130,0,19
-1,11,26,2,14,2475,UA,LAX,1,6,83,130,0,19
2,11,26,2,20,2475,VX,LAX,1,6,83,130,0,19
10,11,26,2,16,2475,VX,LAX,1,6,83,130,0,19
-10,11,26,2,13,2475,VX,LAX,1,6,83,130,0,19
-3,11,26,2,9,2475,VX,LAX,1,6,83,130,0,19
1,11,26,2,7,2475,VX,LAX,1,6,83,130,0,19
-2,11,26,2,6,2475,UA,LAX,1,6,83,130,0,19
-1,11,26,2,8,2475,UA,LAX,1,6,83,130,0,19
-4,11,26,2,20,2475,UA,LAX,1,6,83,130,0,19
-3,12,3,2,20,2475,VX,LAX,6,33,117,0,0,14
-3,12,3,2,6,2475,UA,LAX,6,33,117,0,0,14
9,12,3,2,8,2475,UA,LAX,6,33,117,0,0,14
14,12,3,2,14,2475,UA,LAX,6,33,117,0,0,14
-3,12,3,2,11,2475,UA,LAX,6,33,117,0,0,14
6,12,3,2,17,2475,UA,LAX,6,33,117,0,0,14
0,12,3,2,7,2475,VX,LAX,6,33,117,0,0,14
0,12,3,2,16,2475,DL,LAX,6,33,117,0,0,14
-1,12,3,2,7,2475,DL,LAX,6,33,117,0,0,14
0,12,3,2,20,2475,DL,LAX,6,33,117,0,0,14
0,12,3,2,18,2475,DL,LAX,6,33,117,0,0,14
5,12,3,2,12,2475,DL,LAX,6,33,117,0,0,14
-2,12,3,2,9,2475,DL,LAX,6,33,117,0,0,14
45,12,3,2,15,2475,DL,LAX,6,33,117,0,0,14
8,12,3,2,9,2475,VX,LAX,6,33,117,0,0,14
26,12,3,2,20,2475,UA,LAX,6,33,117,0,0,14
8,12,3,2,13,2475,VX,LAX,6,33,117,0,0,14
5,12,3,2,16,2475,VX,LAX,6,33,117,0,0,14
21,12,3,2,9,2475,B6,LAX,6,33,117,0,0,14
75,12,3,2,13,2475,AA,LAX,6,33,117,0,0,14
0,12,3,2,16,2475,B6,LAX,6,33,117,0,0,14
-5,12,3,2,16,2475,AA,LAX,6,33,117,0,0,14
21,12,3,2,11,2475,B6,LAX,6,33,117,0,0,14
-3,12,3,2,15,2475,AA,LAX,6,33,117,0,0,14
-7,12,3,2,9,2475,AA,LAX,6,33,117,0,0,14
-7,12,3,2,21,2475,AA,LAX,6,33,117,0,0,14
-5,12,3,2,10,2475,AA,LAX,6,33,117,0,0,14
5,12,3,2,7,2475,AA,LAX,6,33,117,0,0,14
-8,12,3,2,19,2475,AA,LAX,6,33,117,0,0,14
-5,12,3,2,12,2475,AA,LAX,6,33,117,0,0,14
-4,12,3,2,20,2475,B6,LAX,6,33,117,0,0,14
-5,12,3,2,7,2475,B6,LAX,6,33,117,0,0,14
-1,12,10,2,9,2475,B6,LAX,13,-10,28,58,36,29
0,12,10,2,16,2475,B6,LAX,13,-10,28,58,36,29
-4,12,10,2,20,2475,B6,LAX,13,-10,28,58,36,29
8,12,10,2,21,2475,AA,LAX,13,-10,28,58,36,29
0,12,10,2,16,2475,AA,LAX,13,-10,28,58,36,29
22,12,10,2,13,2475,AA,LAX,13,-10,28,58,36,29
113,12,10,2,15,2475,AA,LAX,13,-10,28,58,36,29
21,12,10,2,11,2475,B6,LAX,13,-10,28,58,36,29
2,12,10,2,7,2475,AA,LAX,13,-10,28,58,36,29
43,12,10,2,19,2475,AA,LAX,13,-10,28,58,36,29
59,12,10,2,10,2475,AA,LAX,13,-10,28,58,36,29
0,12,10,2,12,2475,AA,LAX,13,-10,28,58,36,29
172,12,10,2,9,2475,AA,LAX,13,-10,28,58,36,29
-4,12,10,2,7,2475,B6,LAX,13,-10,28,58,36,29
-2,12,10,2,9,2475,VX,LAX,13,-10,28,58,36,29
-5,12,10,2,13,2475,VX,LAX,13,-10,28,58,36,29
-9,12,10,2,7,2475,VX,LAX,13,-10,28,58,36,29
22,12,10,2,16,2475,VX,LAX,13,-10,28,58,36,29
84,12,10,2,20,2475,VX,LAX,13,-10,28,58,36,29
-5,12,10,2,16,2475,DL,LAX,13,-10,28,58,36,29
-3,12,10,2,18,2475,DL,LAX,13,-10,28,58,36,29
-2,12,10,2,11,2475,UA,LAX,13,-10,28,58,36,29
69,12,10,2,17,2475,UA,LAX,13,-10,28,58,36,29
3,12,10,2,7,2475,DL,LAX,13,-10,28,58,36,29
7,12,10,2,8,2475,UA,LAX,13,-10,28,58,36,29
44,12,10,2,20,2475,UA,LAX,13,-10,28,58,36,29
-2,12,10,2,6,2475,UA,LAX,13,-10,28,58,36,29
22,12,10,2,15,2475,DL,LAX,13,-10,28,58,36,29
-4,12,10,2,12,2475,DL,LAX,13,-10,28,58,36,29
3,12,10,2,9,2475,DL,LAX,13,-10,28,58,36,29
-2,12,10,2,20,2475,DL,LAX,13,-10,28,58,36,29
7,12,10,2,14,2475,UA,LAX,13,-10,28,58,36,29
-7,12,17,2,11,2475,UA,LAX,8,-43,0,48,38,27
-2,12,17,2,17,2475,UA,LAX,8,-43,0,48,38,27
76,12,17,2,20,2475,UA,LAX,8,-43,0,48,38,27
-2,12,17,2,6,2475,UA,LAX,8,-43,0,48,38,27
-2,12,17,2,8,2475,UA,LAX,8,-43,0,48,38,27
0,12,17,2,14,2475,UA,LAX,8,-43,0,48,38,27
16,12,17,2,7,2475,VX,LAX,8,-43,0,48,38,27
3,12,17,2,9,2475,VX,LAX,8,-43,0,48,38,27
37,12,17,2,15,2475,DL,LAX,8,-43,0,48,38,27
35,12,17,2,16,2475,VX,LAX,8,-43,0,48,38,27
67,12,17,2,20,2475,VX,LAX,8,-43,0,48,38,27
-5,12,17,2,16,2475,DL,LAX,8,-43,0,48,38,27
30,12,17,2,7,2475,DL,LAX,8,-43,0,48,38,27
180,12,17,2,20,2475,DL,LAX,8,-43,0,48,38,27
0,12,17,2,12,2475,DL,LAX,8,-43,0,48,38,27
-2,12,17,2,9,2475,DL,LAX,8,-43,0,48,38,27
-1,12,17,2,13,2475,VX,LAX,8,-43,0,48,38,27
0,12,17,2,18,2475,DL,LAX,8,-43,0,48,38,27
-2,12,17,2,7,2475,B6,LAX,8,-43,0,48,38,27
-2,12,17,2,9,2475,B6,LAX,8,-43,0,48,38,27
-1,12,17,2,10,2475,AA,LAX,8,-43,0,48,38,27
21,12,17,2,19,2475,AA,LAX,8,-43,0,48,38,27
165,12,17,2,20,2475,B6,LAX,8,-43,0,48,38,27
72,12,17,2,15,2475,AA,LAX,8,-43,0,48,38,27
-5,12,17,2,12,2475,AA,LAX,8,-43,0,48,38,27
17,12,17,2,11,2475,B6,LAX,8,-43,0,48,38,27
-2,12,17,2,7,2475,AA,LAX,8,-43,0,48,38,27
-5,12,17,2,13,2475,AA,LAX,8,-43,0,48,38,27
-1,12,17,2,9,2475,AA,LAX,8,-43,0,48,38,27
1,12,17,2,16,2475,B6,LAX,8,-43,0,48,38,27
68,12,17,2,21,2475,AA,LAX,8,-43,0,48,38,27
42,12,17,2,16,2475,AA,LAX,8,-43,0,48,38,27
-4,12,24,2,6,2475,UA,LAX,1,-32,56,0,0,37
3,12,24,2,14,2475,UA,LAX,1,-32,56,0,0,37
-3,12,24,2,11,2475,UA,LAX,1,-32,56,0,0,37
-2,12,24,2,8,2475,UA,LAX,1,-32,56,0,0,37
29,12,24,2,16,2475,B6,LAX,1,-32,56,0,0,37
0,12,24,2,16,2475,AA,LAX,1,-32,56,0,0,37
-6,12,24,2,12,2475,AA,LAX,1,-32,56,0,0,37
2,12,24,2,15,2475,AA,LAX,1,-32,56,0,0,37
1,12,24,2,21,2475,AA,LAX,1,-32,56,0,0,37
-2,12,24,2,9,2475,B6,LAX,1,-32,56,0,0,37
27,12,24,2,9,2475,AA,LAX,1,-32,56,0,0,37
9,12,24,2,19,2475,AA,LAX,1,-32,56,0,0,37
0,12,24,2,22,2475,B6,LAX,1,-32,56,0,0,37
-1,12,24,2,7,2475,B6,LAX,1,-32,56,0,0,37
-1,12,24,2,20,2475,B6,LAX,1,-32,56,0,0,37
2,12,24,2,13,2475,AA,LAX,1,-32,56,0,0,37
-3,12,24,2,11,2475,B6,LAX,1,-32,56,0,0,37
8,12,24,2,16,2475,VX,LAX,1,-32,56,0,0,37
-1,12,24,2,7,2475,VX,LAX,1,-32,56,0,0,37
-1,12,24,2,17,2475,DL,LAX,1,-32,56,0,0,37
-2,12,24,2,20,2475,DL,LAX,1,-32,56,0,0,37
3,12,24,2,18,2475,DL,LAX,1,-32,56,0,0,37
-4,12,24,2,12,2475,DL,LAX,1,-32,56,0,0,37
-1,12,24,2,9,2475,DL,LAX,1,-32,56,0,0,37
29,12,24,2,15,2475,DL,LAX,1,-32,56,0,0,37
-3,12,24,2,9,2475,VX,LAX,1,-32,56,0,0,37
0,12,24,2,13,2475,VX,LAX,1,-32,56,0,0,37
-4,12,31,2,16,2475,AA,LAX,1,-60,0,0,0,26
-7,12,31,2,21,2475,AA,LAX,1,-60,0,0,0,26
-10,12,31,2,19,2475,AA,LAX,1,-60,0,0,0,26
0,12,31,2,13,2475,AA,LAX,1,-60,0,0,0,26
-3,12,31,2,20,2475,B6,LAX,1,-60,0,0,0,26
-1,12,31,2,9,2475,AA,LAX,1,-60,0,0,0,26
-6,12,31,2,16,2475,B6,LAX,1,-60,0,0,0,26
-3,12,31,2,15,2475,AA,LAX,1,-60,0,0,0,26
1,12,31,2,11,2475,B6,LAX,1,-60,0,0,0,26
6,12,31,2,9,2475,B6,LAX,1,-60,0,0,0,26
-1,12,31,2,7,2475,B6,LAX,1,-60,0,0,0,26
-5,12,31,2,12,2475,AA,LAX,1,-60,0,0,0,26
-4,12,31,2,16,2475,VX,LAX,1,-60,0,0,0,26
24,12,31,2,7,2475,VX,LAX,1,-60,0,0,0,26
1,12,31,2,15,2475,DL,LAX,1,-60,0,0,0,26
-2,12,31,2,9,2475,VX,LAX,1,-60,0,0,0,26
-3,12,31,2,9,2475,DL,LAX,1,-60,0,0,0,26
5,12,31,2,12,2475,DL,LAX,1,-60,0,0,0,26
82,12,31,2,13,2475,VX,LAX,1,-60,0,0,0,26
6,12,31,2,18,2475,DL,LAX,1,-60,0,0,0,26
-1,12,31,2,20,2475,DL,LAX,1,-60,0,0,0,26
3,12,31,2,17,2475,DL,LAX,1,-60,0,0,0,26
6,12,31,2,14,2475,UA,LAX,1,-60,0,0,0,26
3,12,31,2,11,2475,UA,LAX,1,-60,0,0,0,26
-1,12,31,2,6,2475,UA,LAX,1,-60,0,0,0,26
4,12,31,2,17,2475,UA,LAX,1,-60,0,0,0,26
