1,1,3,4,15,2475,AA,LAX,2,-44,0,0,0,20
-5,1,3,4,13,2475,AA,LAX,2,-44,0,0,0,20
2,1,3,4,21,2475,AA,LAX,2,-44,0,0,0,20
0,1,3,4,7,2475,AA,LAX,2,-44,0,0,0,20
-8,1,3,4,12,2475,AA,LAX,2,-44,0,0,0,20
35,1,3,4,16,2475,AA,LAX,2,-44,0,0,0,20
-6,1,3,4,10,2475,AA,LAX,2,-44,0,0,0,20
4,1,3,4,19,2475,AA,LAX,2,-44,0,0,0,20
-5,1,3,4,9,2475,AA,LAX,2,-44,0,0,0,20
17,1,3,4,5,2475,UA,LAX,2,-44,0,0,0,20
-2,1,3,4,17,2475,UA,LAX,2,-44,0,0,0,20
21,1,3,4,20,2475,B6,LAX,2,-44,0,0,0,20
19,1,3,4,20,2475,VX,LAX,2,-44,0,0,0,20
26,1,3,4,16,2475,VX,LAX,2,-44,0,0,0,20
-4,1,3,4,13,2475,VX,LAX,2,-44,0,0,0,20
-6,1,3,4,11,2475,VX,LAX,2,-44,0,0,0,20
-2,1,3,4,9,2475,VX,LAX,2,-44,0,0,0,20
-2,1,3,4,7,2475,VX,LAX,2,-44,0,0,0,20
-2,1,3,4,19,2475,DL,LAX,2,-44,0,0,0,20
-5,1,3,4,9,2475,DL,LAX,2,-44,0,0,0,20
-1,1,3,4,17,2475,DL,LAX,2,-44,0,0,0,20
-4,1,3,4,7,2475,DL,LAX,2,-44,0,0,0,20
33,1,3,4,12,2475,DL,LAX,2,-44,0,0,0,20
-4,1,3,4,16,2475,B6,LAX,2,-44,0,0,0,20
-7,1,3,4,12,2475,B6,LAX,2,-44,0,0,0,20
-6,1,3,4,15,2475,DL,LAX,2,-44,0,0,0,20
1,1,3,4,7,2475,B6,LAX,2,-44,0,0,0,20
14,1,3,4,21,2475,DL,LAX,2,-44,0,0,0,20
-4,1,3,4,9,2475,B6,LAX,2,-44,0,0,0,20
7,1,3,4,15,2475,UA,LAX,2,-44,0,0,0,20
-4,1,3,4,8,2475,UA,LAX,2,-44,0,0,0,20
-7,1,3,4,20,2475,UA,LAX,2,-44,0,0,0,20
-3,1,3,4,11,2475,UA,LAX,2,-44,0,0,0,20
3,1,10,4,7,2475,B6,LAX,9,44,83,0,0,30
-4,1,10,4,11,2475,UA,LAX,9,44,83,0,0,30
-5,1,10,4,20,2475,UA,LAX,9,44,83,0,0,30
6,1,10,4,6,2475,UA,LAX,9,44,83,0,0,30
-5,1,10,4,8,2475,UA,LAX,9,44,83,0,0,30
0,1,10,4,15,2475,UA,LAX,9,44,83,0,0,30
-5,1,10,4,17,2475,UA,LAX,9,44,83,0,0,30
0,1,10,4,21,2475,DL,LAX,9,44,83,0,0,30
-1,1,10,4,15,2475,DL,LAX,9,44,83,0,0,30
-7,1,10,4,12,2475,DL,LAX,9,44,83,0,0,30
-1,1,10,4,7,2475,DL,LAX,9,44,83,0,0,30
-2,1,10,4,17,2475,DL,LAX,9,44,83,0,0,30
-5,1,10,4,9,2475,DL,LAX,9,44,83,0,0,30
-3,1,10,4,19,2475,DL,LAX,9,44,83,0,0,30
-3,1,10,4,7,2475,VX,LAX,9,44,83,0,0,30
34,1,10,4,9,2475,VX,LAX,9,44,83,0,0,30
-5,1,10,4,13,2475,VX,LAX,9,44,83,0,0,30
-5,1,10,4,16,2475,VX,LAX,9,44,83,0,0,30
-5,1,10,4,20,2475,VX,LAX,9,44,83,0,0,30
0,1,10,4,20,2475,B6,LAX,9,44,83,0,0,30
-3,1,10,4,16,2475,B6,LAX,9,44,83,0,0,30
14,1,10,4,11,2475,B6,LAX,9,44,83,0,0,30
-2,1,10,4,12,2475,AA,LAX,9,44,83,0,0,30
-3,1,10,4,16,2475,AA,LAX,9,44,83,0,0,30
-5,1,10,4,10,2475,AA,LAX,9,44,83,0,0,30
-4,1,10,4,9,2475,AA,LAX,9,44,83,0,0,30
-8,1,10,4,19,2475,AA,LAX,9,44,83,0,0,30
0,1,10,4,15,2475,AA,LAX,9,44,83,0,0,30
-5,1,10,4,13,2475,AA,LAX,9,44,83,0,0,30
-9,1,10,4,7,2475,AA,LAX,9,44,83,0,0,30
10,1,10,4,21,2475,AA,LAX,9,44,83,0,0,30
1,1,17,4,21,2475,AA,LAX,4,17,61,0,0,25
-7,1,17,4,19,2475,AA,LAX,4,17,61,0,0,25
1,1,17,4,16,2475,AA,LAX,4,17,61,0,0,25
-4,1,17,4,10,2475,AA,LAX,4,17,61,0,0,25
-3,1,17,4,13,2475,AA,LAX,4,17,61,0,0,25
7,1,17,4,12,2475,AA,LAX,4,17,61,0,0,25
-2,1,17,4,7,2475,AA,LAX,4,17,61,0,0,25
-2,1,17,4,15,2475,AA,LAX,4,17,61,0,0,25
-5,1,17,4,9,2475,AA,LAX,4,17,61,0,0,25
-1,1,17,4,19,2475,DL,LAX,4,17,61,0,0,25
1,1,17,4,9,2475,DL,LAX,4,17,61,0,0,25
-1,1,17,4,17,2475,DL,LAX,4,17,61,0,0,25
-7,1,17,4,7,2475,DL,LAX,4,17,61,0,0,25
1,1,17,4,12,2475,DL,LAX,4,17,61,0,0,25
12,1,17,4,15,2475,DL,LAX,4,17,61,0,0,25
0,1,17,4,20,2475,B6,LAX,4,17,61,0,0,25
-4,1,17,4,16,2475,B6,LAX,4,17,61,0,0,25
7,1,17,4,13,2475,VX,LAX,4,17,61,0,0,25
-4,1,17,4,17,2475,UA,LAX,4,17,61,0,0,25
-6,1,17,4,9,2475,VX,LAX,4,17,61,0,0,25
-11,1,17,4,7,2475,VX,LAX,4,17,61,0,0,25
-3,1,17,4,20,2475,VX,LAX,4,17,61,0,0,25
-4,1,17,4,16,2475,VX,LAX,4,17,61,0,0,25
-2,1,17,4,7,2475,B6,LAX,4,17,61,0,0,25
-4,1,17,4,11,2475,B6,LAX,4,17,61,0,0,25
2,1,17,4,11,2475,UA,LAX,4,17,61,0,0,25
93,1,17,4,20,2475,UA,LAX,4,17,61,0,0,25
1,1,17,4,6,2475,UA,LAX,4,17,61,0,0,25
7,1,17,4,8,2475,UA,LAX,4,17,61,0,0,25
20,1,17,4,15,2475,UA,LAX,4,17,61,0,0,25
0,1,17,4,21,2475,DL,LAX,4,17,61,0,0,25
-6,1,24,4,21,2475,DL,LAX,3,-111,-56,0,0,38
-5,1,24,4,12,2475,DL,LAX,3,-111,-56,0,0,38
-4,1,24,4,7,2475,DL,LAX,3,-111,-56,0,0,38
-5,1,24,4,17,2475,DL,LAX,3,-111,-56,0,0,38
-2,1,24,4,9,2475,DL,LAX,3,-111,-56,0,0,38
0,1,24,4,19,2475,DL,LAX,3,-111,-56,0,0,38
-2,1,24,4,7,2475,VX,LAX,3,-111,-56,0,0,38
-7,1,24,4,9,2475,VX,LAX,3,-111,-56,0,0,38
1,1,24,4,13,2475,VX,LAX,3,-111,-56,0,0,38
0,1,24,4,16,2475,VX,LAX,3,-111,-56,0,0,38
-9,1,24,4,20,2475,VX,LAX,3,-111,-56,0,0,38
-3,1,24,4,15,2475,DL,LAX,3,-111,-56,0,0,38
16,1,24,4,20,2475,B6,LAX,3,-111,-56,0,0,38
-4,1,24,4,16,2475,B6,LAX,3,-111,-56,0,0,38
-2,1,24,4,11,2475,B6,LAX,3,-111,-56,0,0,38
-5,1,24,4,7,2475,B6,LAX,3,-111,-56,0,0,38
-4,1,24,4,15,2475,UA,LAX,3,-111,-56,0,0,38
-3,1,24,4,11,2475,UA,LAX,3,-111,-56,0,0,38
-6,1,24,4,17,2475,UA,LAX,3,-111,-56,0,0,38
13,1,24,4,10,2475,AA,LAX,3,-111,-56,0,0,38
-8,1,24,4,12,2475,AA,LAX,3,-111,-56,0,0,38
-3,1,24,4,20,2475,UA,LAX,3,-111,-56,0,0,38
0,1,24,4,15,2475,AA,LAX,3,-111,-56,0,0,38
-3,1,24,4,13,2475,AA,LAX,3,-111,-56,0,0,38
-5,1,24,4,21,2475,AA,LAX,3,-111,-56,0,0,38
19,1,24,4,7,2475,AA,LAX,3,-111,-56,0,0,38
0,1,24,4,8,2475,UA,LAX,3,-111,-56,0,0,38
-5,1,24,4,19,2475,AA,LAX,3,-111,-56,0,0,38
17,1,24,4,9,2475,AA,LAX,3,-111,-56,0,0,38
-7,1,24,4,6,2475,UA,LAX,3,-111,-56,0,0,38
7,1,24,4,16,2475,AA,LAX,3,-111,-56,0,0,38
-6,1,31,4,8,2475,UA,LAX,10,-11,161,229,0,55
-3,1,31,4,13,2475,AA,LAX,10,-11,161,229,0,55
4,1,31,4,7,2475,AA,LAX,10,-11,161,229,0,55
10,1,31,4,15,2475,UA,LAX,10,-11,161,229,0,55
-4,1,31,4,17,2475,UA,LAX,10,-11,161,229,0,55
26,1,31,4,19,2475,AA,LAX,10,-11,161,229,0,55
-4,1,31,4,6,2475,UA,LAX,10,-11,161,229,0,55
-1,1,31,4,15,2475,AA,LAX,10,-11,161,229,0,55
17,1,31,4,12,2475,AA,LAX,10,-11,161,229,0,55
-1,1,31,4,20,2475,UA,LAX,10,-11,161,229,0,55
-4,1,31,4,10,2475,AA,LAX,10,-11,161,229,0,55
0,1,31,4,11,2475,UA,LAX,10,-11,161,229,0,55
-4,1,31,4,9,2475,AA,LAX,10,-11,161,229,0,55
4,1,31,4,16,2475,AA,LAX,10,-11,161,229,0,55
0,1,31,4,21,2475,AA,LAX,10,-11,161,229,0,55
9,1,31,4,15,2475,DL,LAX,10,-11,161,229,0,55
39,1,31,4,12,2475,DL,LAX,10,-11,161,229,0,55
-5,1,31,4,7,2475,DL,LAX,10,-11,161,229,0,55
-4,1,31,4,17,2475,DL,LAX,10,-11,161,229,0,55
71,1,31,4,9,2475,DL,LAX,10,-11,161,229,0,55
2,1,31,4,19,2475,DL,LAX,10,-11,161,229,0,55
-3,1,31,4,21,2475,DL,LAX,10,-11,161,229,0,55
31,1,31,4,20,2475,B6,LAX,10,-11,161,229,0,55
-2,1,31,4,16,2475,B6,LAX,10,-11,161,229,0,55
-1,1,31,4,11,2475,B6,LAX,10,-11,161,229,0,55
-3,1,31,4,7,2475,B6,LAX,10,-11,161,229,0,55
-6,1,31,4,7,2475,VX,LAX,10,-11,161,229,0,55
-7,1,31,4,9,2475,VX,LAX,10,-11,161,229,0,55
-3,1,31,4,13,2475,VX,LAX,10,-11,161,229,0,55
0,1,31,4,16,2475,VX,LAX,10,-11,161,229,0,55
15,1,31,4,20,2475,VX,LAX,10,-11,161,229,0,55
-1,2,1,5,15,2475,UA,LAX,11,-44,-6,0,0,38
-4,2,1,5,8,2475,UA,LAX,11,-44,-6,0,0,38
1,2,1,5,20,2475,VX,LAX,11,-44,-6,0,0,38
8,2,1,5,16,2475,VX,LAX,11,-44,-6,0,0,38
3,2,1,5,13,2475,VX,LAX,11,-44,-6,0,0,38
-4,2,1,5,9,2475,VX,LAX,11,-44,-6,0,0,38
-8,2,1,5,7,2475,VX,LAX,11,-44,-6,0,0,38
-7,2,1,5,6,2475,UA,LAX,11,-44,-6,0,0,38
-6,2,1,5,20,2475,UA,LAX,11,-44,-6,0,0,38
-3,2,1,5,11,2475,UA,LAX,11,-44,-6,0,0,38
-1,2,1,5,17,2475,UA,LAX,11,-44,-6,0,0,38
-5,2,1,5,20,2475,B6,LAX,11,-44,-6,0,0,38
-3,2,1,5,19,2475,DL,LAX,11,-44,-6,0,0,38
-9,2,1,5,15,2475,DL,LAX,11,-44,-6,0,0,38
37,2,1,5,7,2475,AA,LAX,11,-44,-6,0,0,38
0,2,1,5,12,2475,DL,LAX,11,-44,-6,0,0,38
121,2,1,5,19,2475,AA,LAX,11,-44,-6,0,0,38
-1,2,1,5,9,2475,AA,LAX,11,-44,-6,0,0,38
-7,2,1,5,17,2475,DL,LAX,11,-44,-6,0,0,38
-5,2,1,5,12,2475,AA,LAX,11,-44,-6,0,0,38
-1,2,1,5,10,2475,AA,LAX,11,-44,-6,0,0,38
-1,2,1,5,21,2475,DL,LAX,11,-44,-6,0,0,38
-3,2,1,5,13,2475,AA,LAX,11,-44,-6,0,0,38
44,2,1,5,21,2475,AA,LAX,11,-44,-6,0,0,38
-3,2,1,5,9,2475,DL,LAX,11,-44,-6,0,0,38
-2,2,1,5,16,2475,AA,LAX,11,-44,-6,0,0,38
-1,2,1,5,11,2475,B6,LAX,11,-44,-6,0,0,38
-2,2,1,5,7,2475,B6,LAX,11,-44,-6,0,0,38
-6,2,1,5,7,2475,DL,LAX,11,-44,-6,0,0,38
-3,2,1,5,15,2475,AA,LAX,11,-44,-6,0,0,38
14,2,1,5,16,2475,B6,LAX,11,-44,-6,0,0,38
-2,2,8,5,7,2475,DL,LAX,10,-28,11,292,160,61
9,2,8,5,13,2475,AA,LAX,10,-28,11,292,160,61
-7,2,8,5,15,2475,AA,LAX,10,-28,11,292,160,61
-4,2,8,5,12,2475,DL,LAX,10,-28,11,292,160,61
-2,2,8,5,7,2475,B6,LAX,10,-28,11,292,160,61
10,2,8,5,9,2475,AA,LAX,10,-28,11,292,160,61
13,2,8,5,12,2475,AA,LAX,10,-28,11,292,160,61
-2,2,8,5,16,2475,B6,LAX,10,-28,11,292,160,61
0,2,8,5,11,2475,B6,LAX,10,-28,11,292,160,61
3,2,8,5,10,2475,AA,LAX,10,-28,11,292,160,61
1,2,8,5,7,2475,AA,LAX,10,-28,11,292,160,61
23,2,8,5,7,2475,VX,LAX,10,-28,11,292,160,61
9,2,8,5,9,2475,VX,LAX,10,-28,11,292,160,61
13,2,8,5,13,2475,VX,LAX,10,-28,11,292,160,61
-1,2,8,5,8,2475,UA,LAX,10,-28,11,292,160,61
3,2,8,5,6,2475,UA,LAX,10,-28,11,292,160,61
22,2,15,5,20,2475,UA,LAX,3,28,128,0,0,27
1,2,15,5,17,2475,UA,LAX,3,28,128,0,0,27
-6,2,15,5,8,2475,UA,LAX,3,28,128,0,0,27
1,2,15,5,15,2475,UA,LAX,3,28,128,0,0,27
6,2,15,5,20,2475,VX,LAX,3,28,128,0,0,27
0,2,15,5,7,2475,VX,LAX,3,28,128,0,0,27
2,2,15,5,9,2475,VX,LAX,3,28,128,0,0,27
2,2,15,5,13,2475,VX,LAX,3,28,128,0,0,27
-5,2,15,5,11,2475,UA,LAX,3,28,128,0,0,27
30,2,15,5,7,2475,DL,LAX,3,28,128,0,0,27
-7,2,15,5,12,2475,DL,LAX,3,28,128,0,0,27
17,2,15,5,16,2475,VX,LAX,3,28,128,0,0,27
12,2,15,5,21,2475,DL,LAX,3,28,128,0,0,27
-3,2,15,5,15,2475,DL,LAX,3,28,128,0,0,27
0,2,15,5,6,2475,UA,LAX,3,28,128,0,0,27
1,2,15,5,17,2475,DL,LAX,3,28,128,0,0,27
0,2,15,5,19,2475,DL,LAX,3,28,128,0,0,27
-3,2,15,5,9,2475,DL,LAX,3,28,128,0,0,27
0,2,15,5,7,2475,AA,LAX,3,28,128,0,0,27
-2,2,15,5,11,2475,B6,LAX,3,28,128,0,0,27
-7,2,15,5,7,2475,B6,LAX,3,28,128,0,0,27
-3,2,15,5,12,2475,AA,LAX,3,28,128,0,0,27
3,2,15,5,21,2475,AA,LAX,3,28,128,0,0,27
-8,2,15,5,13,2475,AA,LAX,3,28,128,0,0,27
-4,2,15,5,9,2475,AA,LAX,3,28,128,0,0,27
-4,2,15,5,10,2475,AA,LAX,3,28,128,0,0,27
106,2,15,5,15,2475,AA,LAX,3,28,128,0,0,27
33,2,15,5,16,2475,AA,LAX,3,28,128,0,0,27
10,2,15,5,19,2475,AA,LAX,3,28,128,0,0,27
26,2,15,5,20,2475,B6,LAX,3,28,128,0,0,27
-4,2,15,5,16,2475,B6,LAX,3,28,128,0,0,27
-4,2,22,5,7,2475,DL,LAX,4,-39,33,0,0,32
-5,2,22,5,9,2475,DL,LAX,4,-39,33,0,0,32
-4,2,22,5,9,2475,VX,LAX,4,-39,33,0,0,32
-3,2,22,5,7,2475,VX,LAX,4,-39,33,0,0,32
-2,2,22,5,19,2475,DL,LAX,4,-39,33,0,0,32
-1,2,22,5,16,2475,VX,LAX,4,-39,33,0,0,32
-10,2,22,5,20,2475,VX,LAX,4,-39,33,0,0,32
-6,2,22,5,12,2475,DL,LAX,4,-39,33,0,0,32
-3,2,22,5,17,2475,DL,LAX,4,-39,33,0,0,32
0,2,22,5,13,2475,VX,LAX,4,-39,33,0,0,32
-8,2,22,5,10,2475,AA,LAX,4,-39,33,0,0,32
-2,2,22,5,16,2475,B6,LAX,4,-39,33,0,0,32
7,2,22,5,20,2475,B6,LAX,4,-39,33,0,0,32
21,2,22,5,16,2475,AA,LAX,4,-39,33,0,0,32
-4,2,22,5,12,2475,AA,LAX,4,-39,33,0,0,32
-9,2,22,5,9,2475,AA,LAX,4,-39,33,0,0,32
-5,2,22,5,7,2475,AA,LAX,4,-39,33,0,0,32
0,2,22,5,21,2475,AA,LAX,4,-39,33,0,0,32
0,2,22,5,19,2475,AA,LAX,4,-39,33,0,0,32
-7,2,22,5,13,2475,AA,LAX,4,-39,33,0,0,32
0,2,22,5,7,2475,B6,LAX,4,-39,33,0,0,32
-4,2,22,5,11,2475,B6,LAX,4,-39,33,0,0,32
15,2,22,5,6,2475,UA,LAX,4,-39,33,0,0,32
-4,2,22,5,11,2475,UA,LAX,4,-39,33,0,0,32
2,2,22,5,17,2475,UA,LAX,4,-39,33,0,0,32
19,2,22,5,8,2475,UA,LAX,4,-39,33,0,0,32
-5,2,22,5,15,2475,UA,LAX,4,-39,33,0,0,32
6,2,22,5,20,2475,UA,LAX,4,-39,33,0,0,32
-7,2,22,5,21,2475,DL,LAX,4,-39,33,0,0,32
-1,2,22,5,15,2475,DL,LAX,4,-39,33,0,0,32
8,3,6,3,17,2475,UA,LAX,16,33,56,0,0,69
-5,3,6,3,8,2475,UA,LAX,16,33,56,0,0,69
71,3,6,3,15,2475,UA,LAX,16,33,56,0,0,69
-8,3,6,3,11,2475,UA,LAX,16,33,56,0,0,69
6,3,6,3,6,2475,UA,LAX,16,33,56,0,0,69
19,3,6,3,20,2475,VX,LAX,16,33,56,0,0,69
0,3,6,3,7,2475,VX,LAX,16,33,56,0,0,69
21,3,6,3,9,2475,VX,LAX,16,33,56,0,0,69
-6,3,6,3,13,2475,VX,LAX,16,33,56,0,0,69
41,3,6,3,16,2475,VX,LAX,16,33,56,0,0,69
-2,3,6,3,20,2475,UA,LAX,16,33,56,0,0,69
4,3,6,3,15,2475,AA,LAX,16,33,56,0,0,69
-6,3,6,3,9,2475,AA,LAX,16,33,56,0,0,69
41,3,6,3,20,2475,B6,LAX,16,33,56,0,0,69
1,3,6,3,13,2475,AA,LAX,16,33,56,0,0,69
-5,3,6,3,7,2475,AA,LAX,16,33,56,0,0,69
3,3,6,3,16,2475,B6,LAX,16,33,56,0,0,69
0,3,6,3,7,2475,B6,LAX,16,33,56,0,0,69
4,3,6,3,16,2475,AA,LAX,16,33,56,0,0,69
-6,3,6,3,10,2475,AA,LAX,16,33,56,0,0,69
-3,3,6,3,11,2475,B6,LAX,16,33,56,0,0,69
9,3,6,3,19,2475,AA,LAX,16,33,56,0,0,69
2,3,6,3,12,2475,AA,LAX,16,33,56,0,0,69
-1,3,6,3,17,2475,DL,LAX,16,33,56,0,0,69
-3,3,6,3,12,2475,DL,LAX,16,33,56,0,0,69
7,3,6,3,14,2475,DL,LAX,16,33,56,0,0,69
-6,3,6,3,7,2475,DL,LAX,16,33,56,0,0,69
0,3,6,3,16,2475,DL,LAX,16,33,56,0,0,69
-3,3,6,3,9,2475,DL,LAX,16,33,56,0,0,69
10,3,13,3,6,2475,UA,LAX,23,33,111,0,0,28
11,3,13,3,15,2475,UA,LAX,23,33,111,0,0,28
1,3,13,3,8,2475,UA,LAX,23,33,111,0,0,28
19,3,13,3,17,2475,UA,LAX,23,33,111,0,0,28
-2,3,13,3,11,2475,UA,LAX,23,33,111,0,0,28
42,3,13,3,20,2475,UA,LAX,23,33,111,0,0,28
34,3,13,3,9,2475,VX,LAX,23,33,111,0,0,28
-1,3,13,3,16,2475,VX,LAX,23,33,111,0,0,28
11,3,13,3,20,2475,VX,LAX,23,33,111,0,0,28
-8,3,13,3,13,2475,VX,LAX,23,33,111,0,0,28
-2,3,13,3,7,2475,VX,LAX,23,33,111,0,0,28
-5,3,13,3,16,2475,DL,LAX,23,33,111,0,0,28
5,3,13,3,12,2475,DL,LAX,23,33,111,0,0,28
-1,3,13,3,21,2475,DL,LAX,23,33,111,0,0,28
-4,3,13,3,7,2475,DL,LAX,23,33,111,0,0,28
-4,3,13,3,19,2475,DL,LAX,23,33,111,0,0,28
-8,3,13,3,9,2475,DL,LAX,23,33,111,0,0,28
-2,3,13,3,17,2475,DL,LAX,23,33,111,0,0,28
5,3,13,3,14,2475,DL,LAX,23,33,111,0,0,28
-1,3,13,3,19,2475,AA,LAX,23,33,111,0,0,28
-5,3,13,3,7,2475,B6,LAX,23,33,111,0,0,28
2,3,13,3,20,2475,B6,LAX,23,33,111,0,0,28
-2,3,13,3,15,2475,AA,LAX,23,33,111,0,0,28
4,3,13,3,16,2475,AA,LAX,23,33,111,0,0,28
-9,3,13,3,10,2475,AA,LAX,23,33,111,0,0,28
-9,3,13,3,7,2475,AA,LAX,23,33,111,0,0,28
-7,3,13,3,12,2475,AA,LAX,23,33,111,0,0,28
-1,3,13,3,21,2475,AA,LAX,23,33,111,0,0,28
1,3,13,3,9,2475,AA,LAX,23,33,111,0,0,28
-7,3,13,3,13,2475,AA,LAX,23,33,111,0,0,28
0,3,13,3,11,2475,B6,LAX,23,33,111,0,0,28
8,3,13,3,16,2475,B6,LAX,23,33,111,0,0,28
-2,3,20,3,20,2475,B6,LAX,30,0,72,0,0,34
-3,3,20,3,16,2475,B6,LAX,30,0,72,0,0,34
7,3,20,3,11,2475,B6,LAX,30,0,72,0,0,34
-4,3,20,3,15,2475,AA,LAX,30,0,72,0,0,34
0,3,20,3,9,2475,AA,LAX,30,0,72,0,0,34
-2,3,20,3,7,2475,B6,LAX,30,0,72,0,0,34
4,3,20,3,19,2475,AA,LAX,30,0,72,0,0,34
-7,3,20,3,10,2475,AA,LAX,30,0,72,0,0,34
14,3,20,3,16,2475,AA,LAX,30,0,72,0,0,34
-8,3,20,3,13,2475,AA,LAX,30,0,72,0,0,34
-6,3,20,3,12,2475,AA,LAX,30,0,72,0,0,34
-2,3,20,3,7,2475,AA,LAX,30,0,72,0,0,34
3,3,20,3,21,2475,AA,LAX,30,0,72,0,0,34
-7,3,20,3,6,2475,UA,LAX,30,0,72,0,0,34
0,3,20,3,20,2475,UA,LAX,30,0,72,0,0,34
-8,3,20,3,11,2475,UA,LAX,30,0,72,0,0,34
-3,3,20,3,17,2475,UA,LAX,30,0,72,0,0,34
-9,3,20,3,8,2475,UA,LAX,30,0,72,0,0,34
11,3,20,3,15,2475,UA,LAX,30,0,72,0,0,34
-5,3,20,3,9,2475,DL,LAX,30,0,72,0,0,34
-3,3,20,3,14,2475,DL,LAX,30,0,72,0,0,34
-3,3,20,3,19,2475,DL,LAX,30,0,72,0,0,34
-6,3,20,3,12,2475,DL,LAX,30,0,72,0,0,34
-3,3,20,3,7,2475,DL,LAX,30,0,72,0,0,34
-1,3,20,3,16,2475,DL,LAX,30,0,72,0,0,34
20,3,20,3,21,2475,DL,LAX,30,0,72,0,0,34
-1,3,20,3,17,2475,DL,LAX,30,0,72,0,0,34
0,3,20,3,20,2475,VX,LAX,30,0,72,0,0,34
0,3,20,3,7,2475,VX,LAX,30,0,72,0,0,34
1,3,20,3,9,2475,VX,LAX,30,0,72,0,0,34
12,3,20,3,13,2475,VX,LAX,30,0,72,0,0,34
18,3,20,3,16,2475,VX,LAX,30,0,72,0,0,34
2,3,27,3,20,2475,VX,LAX,37,22,117,0,0,25
-2,3,27,3,13,2475,VX,LAX,37,22,117,0,0,25
0,3,27,3,9,2475,VX,LAX,37,22,117,0,0,25
-6,3,27,3,7,2475,VX,LAX,37,22,117,0,0,25
5,3,27,3,16,2475,VX,LAX,37,22,117,0,0,25
-5,3,27,3,9,2475,DL,LAX,37,22,117,0,0,25
-5,3,27,3,19,2475,DL,LAX,37,22,117,0,0,25
5,3,27,3,16,2475,B6,LAX,37,22,117,0,0,25
0,3,27,3,11,2475,B6,LAX,37,22,117,0,0,25
-4,3,27,3,7,2475,B6,LAX,37,22,117,0,0,25
-7,3,27,3,20,2475,B6,LAX,37,22,117,0,0,25
-5,3,27,3,16,2475,DL,LAX,37,22,117,0,0,25
-5,3,27,3,14,2475,DL,LAX,37,22,117,0,0,25
-2,3,27,3,12,2475,DL,LAX,37,22,117,0,0,25
-3,3,27,3,7,2475,DL,LAX,37,22,117,0,0,25
-4,3,27,3,21,2475,DL,LAX,37,22,117,0,0,25
-5,3,27,3,17,2475,DL,LAX,37,22,117,0,0,25
-5,3,27,3,9,2475,AA,LAX,37,22,117,0,0,25
-1,3,27,3,21,2475,AA,LAX,37,22,117,0,0,25
-4,3,27,3,15,2475,AA,LAX,37,22,117,0,0,25
-4,3,27,3,16,2475,AA,LAX,37,22,117,0,0,25
0,3,27,3,15,2475,UA,LAX,37,22,117,0,0,25
-9,3,27,3,10,2475,AA,LAX,37,22,117,0,0,25
-5,3,27,3,19,2475,AA,LAX,37,22,117,0,0,25
-6,3,27,3,13,2475,AA,LAX,37,22,117,0,0,25
-3,3,27,3,12,2475,AA,LAX,37,22,117,0,0,25
5,3,27,3,20,2475,UA,LAX,37,22,117,0,0,25
-7,3,27,3,7,2475,AA,LAX,37,22,117,0,0,25
-6,3,27,3,6,2475,UA,LAX,37,22,117,0,0,25
-10,3,27,3,11,2475,UA,LAX,37,22,117,0,0,25
-4,3,27,3,17,2475,UA,LAX,37,22,117,0,0,25
-8,3,27,3,8,2475,UA,LAX,37,22,117,0,0,25
5,4,4,4,15,2475,UA,LAX,45,6,117,0,0,26
-6,4,4,4,7,2475,VX,LAX,45,6,117,0,0,26
-3,4,4,4,8,2475,UA,LAX,45,6,117,0,0,26
2,4,4,4,17,2475,UA,LAX,45,6,117,0,0,26
-5,4,4,4,12,2475,UA,LAX,45,6,117,0,0,26
-6,4,4,4,6,2475,UA,LAX,45,6,117,0,0,26
-3,4,4,4,13,2475,VX,LAX,45,6,117,0,0,26
3,4,4,4,20,2475,UA,LAX,45,6,117,0,0,26
53,4,4,4,20,2475,VX,LAX,45,6,117,0,0,26
90,4,4,4,16,2475,VX,LAX,45,6,117,0,0,26
-3,4,4,4,9,2475,VX,LAX,45,6,117,0,0,26
-2,4,4,4,16,2475,B6,LAX,45,6,117,0,0,26
1,4,4,4,21,2475,DL,LAX,45,6,117,0,0,26
-3,4,4,4,16,2475,DL,LAX,45,6,117,0,0,26
-8,4,4,4,14,2475,DL,LAX,45,6,117,0,0,26
-3,4,4,4,12,2475,DL,LAX,45,6,117,0,0,26
-3,4,4,4,7,2475,DL,LAX,45,6,117,0,0,26
-9,4,4,4,9,2475,DL,LAX,45,6,117,0,0,26
-5,4,4,4,19,2475,DL,LAX,45,6,117,0,0,26
-2,4,4,4,17,2475,DL,LAX,45,6,117,0,0,26
-1,4,4,4,20,2475,B6,LAX,45,6,117,0,0,26
-2,4,4,4,11,2475,B6,LAX,45,6,117,0,0,26
-4,4,4,4,7,2475,B6,LAX,45,6,117,0,0,26
-2,4,4,4,7,2475,AA,LAX,45,6,117,0,0,26
-4,4,4,4,19,2475,AA,LAX,45,6,117,0,0,26
-6,4,4,4,10,2475,AA,LAX,45,6,117,0,0,26
-6,4,4,4,21,2475,AA,LAX,45,6,117,0,0,26
-4,4,4,4,17,2475,AA,LAX,45,6,117,0,0,26
-10,4,4,4,15,2475,AA,LAX,45,6,117,0,0,26
2,4,4,4,13,2475,AA,LAX,45,6,117,0,0,26
-5,4,4,4,12,2475,AA,LAX,45,6,117,0,0,26
-4,4,4,4,9,2475,AA,LAX,45,6,117,0,0,26
43,4,11,4,7,2475,AA,LAX,41,83,156,0,0,28
-2,4,11,4,11,2475,B6,LAX,41,83,156,0,0,28
-6,4,11,4,7,2475,B6,LAX,41,83,156,0,0,28
52,4,11,4,17,2475,AA,LAX,41,83,156,0,0,28
-4,4,11,4,21,2475,AA,LAX,41,83,156,0,0,28
-2,4,11,4,9,2475,AA,LAX,41,83,156,0,0,28
6,4,11,4,20,2475,B6,LAX,41,83,156,0,0,28
-2,4,11,4,12,2475,DL,LAX,41,83,156,0,0,28
-5,4,11,4,14,2475,DL,LAX,41,83,156,0,0,28
-5,4,11,4,16,2475,DL,LAX,41,83,156,0,0,28
38,4,11,4,21,2475,DL,LAX,41,83,156,0,0,28
-4,4,11,4,16,2475,B6,LAX,41,83,156,0,0,28
-2,4,11,4,15,2475,AA,LAX,41,83,156,0,0,28
10,4,11,4,17,2475,DL,LAX,41,83,156,0,0,28
11,4,11,4,10,2475,AA,LAX,41,83,156,0,0,28
-1,4,11,4,19,2475,AA,LAX,41,83,156,0,0,28
-1,4,11,4,19,2475,DL,LAX,41,83,156,0,0,28
-2,4,11,4,7,2475,DL,LAX,41,83,156,0,0,28
-1,4,11,4,9,2475,DL,LAX,41,83,156,0,0,28
-2,4,11,4,13,2475,AA,LAX,41,83,156,0,0,28
1,4,11,4,12,2475,AA,LAX,41,83,156,0,0,28
10,4,11,4,16,2475,VX,LAX,41,83,156,0,0,28
-2,4,11,4,13,2475,VX,LAX,41,83,156,0,0,28
-4,4,11,4,9,2475,VX,LAX,41,83,156,0,0,28
1,4,11,4,6,2475,UA,LAX,41,83,156,0,0,28
4,4,11,4,17,2475,UA,LAX,41,83,156,0,0,28
6,4,11,4,8,2475,UA,LAX,41,83,156,0,0,28
-1,4,11,4,7,2475,VX,LAX,41,83,156,0,0,28
-4,4,11,4,20,2475,UA,LAX,41,83,156,0,0,28
20,4,11,4,15,2475,UA,LAX,41,83,156,0,0,28
-4,4,11,4,11,2475,UA,LAX,41,83,156,0,0,28
-4,4,11,4,20,2475,VX,LAX,41,83,156,0,0,28
28,4,18,4,16,2475,VX,LAX,34,106,150,3,0,27
52,4,18,4,15,2475,UA,LAX,34,106,150,3,0,27
36,4,18,4,20,2475,UA,LAX,34,106,150,3,0,27
-4,4,18,4,11,2475,UA,LAX,34,106,150,3,0,27
131,4,18,4,17,2475,UA,LAX,34,106,150,3,0,27
-5,4,18,4,8,2475,UA,LAX,34,106,150,3,0,27
4,4,18,4,6,2475,UA,LAX,34,106,150,3,0,27
-1,4,18,4,7,2475,VX,LAX,34,106,150,3,0,27
1,4,18,4,9,2475,VX,LAX,34,106,150,3,0,27
-4,4,18,4,13,2475,VX,LAX,34,106,150,3,0,27
69,4,18,4,20,2475,VX,LAX,34,106,150,3,0,27
149,4,18,4,21,2475,AA,LAX,34,106,150,3,0,27
-2,4,18,4,10,2475,AA,LAX,34,106,150,3,0,27
1,4,18,4,7,2475,AA,LAX,34,106,150,3,0,27
-6,4,18,4,7,2475,B6,LAX,34,106,150,3,0,27
95,4,18,4,11,2475,B6,LAX,34,106,150,3,0,27
0,4,18,4,16,2475,B6,LAX,34,106,150,3,0,27
2,4,18,4,20,2475,B6,LAX,34,106,150,3,0,27
-2,4,18,4,16,2475,DL,LAX,34,106,150,3,0,27
80,4,18,4,9,2475,AA,LAX,34,106,150,3,0,27
-3,4,18,4,14,2475,DL,LAX,34,106,150,3,0,27
-3,4,18,4,12,2475,DL,LAX,34,106,150,3,0,27
-5,4,18,4,7,2475,DL,LAX,34,106,150,3,0,27
0,4,18,4,9,2475,DL,LAX,34,106,150,3,0,27
0,4,18,4,19,2475,DL,LAX,34,106,150,3,0,27
-2,4,18,4,17,2475,DL,LAX,34,106,150,3,0,27
12,4,18,4,12,2475,AA,LAX,34,106,150,3,0,27
57,4,18,4,19,2475,AA,LAX,34,106,150,3,0,27
37,4,18,4,21,2475,DL,LAX,34,106,150,3,0,27
-5,4,18,4,13,2475,AA,LAX,34,106,150,3,0,27
-3,4,18,4,15,2475,AA,LAX,34,106,150,3,0,27
16,4,18,4,17,2475,AA,LAX,34,106,150,3,0,27
-4,4,25,4,15,2475,UA,LAX,27,78,189,0,0,24
9,4,25,4,12,2475,AA,LAX,27,78,189,0,0,24
-2,4,25,4,21,2475,AA,LAX,27,78,189,0,0,24
4,4,25,4,11,2475,B6,LAX,27,78,189,0,0,24
103,4,25,4,16,2475,B6,LAX,27,78,189,0,0,24
1,4,25,4,7,2475,DL,LAX,27,78,189,0,0,24
-3,4,25,4,12,2475,DL,LAX,27,78,189,0,0,24
-6,4,25,4,14,2475,DL,LAX,27,78,189,0,0,24
345,4,25,4,17,2475,AA,LAX,27,78,189,0,0,24
-3,4,25,4,16,2475,DL,LAX,27,78,189,0,0,24
-7,4,25,4,21,2475,DL,LAX,27,78,189,0,0,24
-4,4,25,4,13,2475,AA,LAX,27,78,189,0,0,24
-2,4,25,4,7,2475,B6,LAX,27,78,189,0,0,24
-1,4,25,4,17,2475,DL,LAX,27,78,189,0,0,24
63,4,25,4,20,2475,UA,LAX,27,78,189,0,0,24
17,4,25,4,19,2475,DL,LAX,27,78,189,0,0,24
25,4,25,4,10,2475,AA,LAX,27,78,189,0,0,24
-3,4,25,4,9,2475,AA,LAX,27,78,189,0,0,24
-9,4,25,4,11,2475,UA,LAX,27,78,189,0,0,24
41,4,25,4,20,2475,B6,LAX,27,78,189,0,0,24
-1,4,25,4,15,2475,AA,LAX,27,78,189,0,0,24
7,4,25,4,17,2475,UA,LAX,27,78,189,0,0,24
10,4,25,4,19,2475,AA,LAX,27,78,189,0,0,24
-6,4,25,4,8,2475,UA,LAX,27,78,189,0,0,24
-3,4,25,4,9,2475,DL,LAX,27,78,189,0,0,24
3,4,25,4,6,2475,UA,LAX,27,78,189,0,0,24
-1,4,25,4,7,2475,AA,LAX,27,78,189,0,0,24
10,4,25,4,16,2475,VX,LAX,27,78,189,0,0,24
49,4,25,4,20,2475,VX,LAX,27,78,189,0,0,24
2,4,25,4,7,2475,VX,LAX,27,78,189,0,0,24
0,4,25,4,9,2475,VX,LAX,27,78,189,0,0,24
-7,4,25,4,13,2475,VX,LAX,27,78,189,0,0,24
-1,5,2,4,7,2475,VX,LAX,20,94,222,0,0,16
-2,5,2,4,9,2475,VX,LAX,20,94,222,0,0,16
-4,5,2,4,20,2475,VX,LAX,20,94,222,0,0,16
11,5,2,4,16,2475,VX,LAX,20,94,222,0,0,16
19,5,2,4,13,2475,VX,LAX,20,94,222,0,0,16
3,5,2,4,15,2475,UA,LAX,20,94,222,0,0,16
0,5,2,4,8,2475,UA,LAX,20,94,222,0,0,16
8,5,2,4,17,2475,UA,LAX,20,94,222,0,0,16
-1,5,2,4,6,2475,UA,LAX,20,94,222,0,0,16
3,5,2,4,20,2475,UA,LAX,20,94,222,0,0,16
5,5,2,4,11,2475,UA,LAX,20,94,222,0,0,16
-3,5,2,4,12,2475,AA,LAX,20,94,222,0,0,16
-4,5,2,4,9,2475,B6,LAX,20,94,222,0,0,16
3,5,2,4,20,2475,B6,LAX,20,94,222,0,0,16
0,5,2,4,16,2475,B6,LAX,20,94,222,0,0,16
-3,5,2,4,7,2475,B6,LAX,20,94,222,0,0,16
0,5,2,4,17,2475,AA,LAX,20,94,222,0,0,16
11,5,2,4,9,2475,AA,LAX,20,94,222,0,0,16
-1,5,2,4,16,2475,DL,LAX,20,94,222,0,0,16
-3,5,2,4,14,2475,DL,LAX,20,94,222,0,0,16
-5,5,2,4,9,2475,DL,LAX,20,94,222,0,0,16
-3,5,2,4,19,2475,DL,LAX,20,94,222,0,0,16
-2,5,2,4,18,2475,DL,LAX,20,94,222,0,0,16
-3,5,2,4,21,2475,DL,LAX,20,94,222,0,0,16
-6,5,2,4,12,2475,DL,LAX,20,94,222,0,0,16
-5,5,2,4,7,2475,DL,LAX,20,94,222,0,0,16
14,5,2,4,21,2475,AA,LAX,20,94,222,0,0,16
-4,5,2,4,10,2475,AA,LAX,20,94,222,0,0,16
-4,5,2,4,15,2475,AA,LAX,20,94,222,0,0,16
39,5,2,4,19,2475,AA,LAX,20,94,222,0,0,16
9,5,2,4,13,2475,AA,LAX,20,94,222,0,0,16
-3,5,2,4,7,2475,AA,LAX,20,94,222,0,0,16
5,5,9,4,16,2475,B6,LAX,13,122,200,127,0,16
-5,5,9,4,19,2475,DL,LAX,13,122,200,127,0,16
6,5,9,4,18,2475,DL,LAX,13,122,200,127,0,16
0,5,9,4,9,2475,AA,LAX,13,122,200,127,0,16
-1,5,9,4,7,2475,B6,LAX,13,122,200,127,0,16
1,5,9,4,7,2475,AA,LAX,13,122,200,127,0,16
2,5,9,4,13,2475,AA,LAX,13,122,200,127,0,16
37,5,9,4,19,2475,AA,LAX,13,122,200,127,0,16
4,5,9,4,12,2475,AA,LAX,13,122,200,127,0,16
2,5,9,4,17,2475,AA,LAX,13,122,200,127,0,16
-3,5,9,4,15,2475,AA,LAX,13,122,200,127,0,16
83,5,9,4,21,2475,AA,LAX,13,122,200,127,0,16
-1,5,9,4,9,2475,B6,LAX,13,122,200,127,0,16
10,5,9,4,16,2475,DL,LAX,13,122,200,127,0,16
4,5,9,4,21,2475,DL,LAX,13,122,200,127,0,16
-2,5,9,4,10,2475,AA,LAX,13,122,200,127,0,16
-7,5,9,4,12,2475,DL,LAX,13,122,200,127,0,16
3,5,9,4,7,2475,DL,LAX,13,122,200,127,0,16
10,5,9,4,14,2475,DL,LAX,13,122,200,127,0,16
47,5,9,4,20,2475,B6,LAX,13,122,200,127,0,16
-5,5,9,4,9,2475,DL,LAX,13,122,200,127,0,16
97,5,9,4,7,2475,VX,LAX,13,122,200,127,0,16
0,5,9,4,13,2475,VX,LAX,13,122,200,127,0,16
22,5,9,4,16,2475,VX,LAX,13,122,200,127,0,16
72,5,9,4,20,2475,VX,LAX,13,122,200,127,0,16
6,5,9,4,9,2475,VX,LAX,13,122,200,127,0,16
1,5,9,4,8,2475,UA,LAX,13,122,200,127,0,16
32,5,9,4,15,2475,UA,LAX,13,122,200,127,0,16
0,5,9,4,17,2475,UA,LAX,13,122,200,127,0,16
58,5,9,4,20,2475,UA,LAX,13,122,200,127,0,16
-3,5,9,4,11,2475,UA,LAX,13,122,200,127,0,16
2,5,9,4,6,2475,UA,LAX,13,122,200,127,0,16
-1,5,16,4,10,2475,AA,LAX,6,167,261,0,0,16
148,5,16,4,21,2475,AA,LAX,6,167,261,0,0,16
38,5,16,4,19,2475,AA,LAX,6,167,261,0,0,16
-4,5,16,4,7,2475,AA,LAX,6,167,261,0,0,16
-6,5,16,4,15,2475,AA,LAX,6,167,261,0,0,16
-5,5,16,4,17,2475,AA,LAX,6,167,261,0,0,16
-6,5,16,4,13,2475,AA,LAX,6,167,261,0,0,16
5,5,16,4,18,2475,DL,LAX,6,167,261,0,0,16
-3,5,16,4,19,2475,DL,LAX,6,167,261,0,0,16
23,5,16,4,20,2475,B6,LAX,6,167,261,0,0,16
-3,5,16,4,9,2475,DL,LAX,6,167,261,0,0,16
0,5,16,4,14,2475,DL,LAX,6,167,261,0,0,16
0,5,16,4,7,2475,DL,LAX,6,167,261,0,0,16
-4,5,16,4,12,2475,DL,LAX,6,167,261,0,0,16
7,5,16,4,16,2475,DL,LAX,6,167,261,0,0,16
2,5,16,4,9,2475,AA,LAX,6,167,261,0,0,16
14,5,16,4,12,2475,AA,LAX,6,167,261,0,0,16
-3,5,16,4,21,2475,DL,LAX,6,167,261,0,0,16
-8,5,16,4,7,2475,B6,LAX,6,167,261,0,0,16
10,5,16,4,9,2475,B6,LAX,6,167,261,0,0,16
-3,5,16,4,16,2475,B6,LAX,6,167,261,0,0,16
3,5,16,4,20,2475,UA,LAX,6,167,261,0,0,16
12,5,16,4,6,2475,UA,LAX,6,167,261,0,0,16
5,5,16,4,8,2475,UA,LAX,6,167,261,0,0,16
-1,5,16,4,15,2475,UA,LAX,6,167,261,0,0,16
42,5,16,4,17,2475,UA,LAX,6,167,261,0,0,16
-4,5,16,4,11,2475,UA,LAX,6,167,261,0,0,16
11,5,16,4,16,2475,VX,LAX,6,167,261,0,0,16
203,5,16,4,13,2475,VX,LAX,6,167,261,0,0,16
28,5,16,4,9,2475,VX,LAX,6,167,261,0,0,16
-3,5,16,4,7,2475,VX,LAX,6,167,261,0,0,16
18,5,16,4,20,2475,VX,LAX,6,167,261,0,0,16
246,5,23,4,20,2475,VX,LAX,1,178,267,460,0,24
212,5,23,4,16,2475,VX,LAX,1,178,267,460,0,24
13,5,23,4,13,2475,VX,LAX,1,178,267,460,0,24
-6,5,23,4,9,2475,VX,LAX,1,178,267,460,0,24
0,5,23,4,7,2475,VX,LAX,1,178,267,460,0,24
34,5,23,4,7,2475,AA,LAX,1,178,267,460,0,24
47,5,23,4,7,2475,DL,LAX,1,178,267,460,0,24
-2,5,23,4,13,2475,AA,LAX,1,178,267,460,0,24
-3,5,23,4,12,2475,AA,LAX,1,178,267,460,0,24
-1,5,23,4,9,2475,AA,LAX,1,178,267,460,0,24
15,5,23,4,15,2475,AA,LAX,1,178,267,460,0,24
28,5,23,4,7,2475,B6,LAX,1,178,267,460,0,24
92,5,23,4,21,2475,AA,LAX,1,178,267,460,0,24
-4,5,23,4,18,2475,DL,LAX,1,178,267,460,0,24
62,5,23,4,16,2475,DL,LAX,1,178,267,460,0,24
3,5,23,4,19,2475,DL,LAX,1,178,267,460,0,24
115,5,23,4,17,2475,AA,LAX,1,178,267,460,0,24
39,5,23,4,20,2475,B6,LAX,1,178,267,460,0,24
-2,5,23,4,9,2475,DL,LAX,1,178,267,460,0,24
-6,5,23,4,10,2475,AA,LAX,1,178,267,460,0,24
106,5,23,4,19,2475,AA,LAX,1,178,267,460,0,24
19,5,23,4,14,2475,DL,LAX,1,178,267,460,0,24
-3,5,23,4,12,2475,DL,LAX,1,178,267,460,0,24
1,5,23,4,9,2475,B6,LAX,1,178,267,460,0,24
40,5,23,4,21,2475,DL,LAX,1,178,267,460,0,24
1,5,23,4,16,2475,B6,LAX,1,178,267,460,0,24
-4,5,23,4,8,2475,UA,LAX,1,178,267,460,0,24
117,5,23,4,15,2475,UA,LAX,1,178,267,460,0,24
-10,5,23,4,11,2475,UA,LAX,1,178,267,460,0,24
163,5,23,4,17,2475,UA,LAX,1,178,267,460,0,24
197,5,23,4,20,2475,UA,LAX,1,178,267,460,0,24
-3,5,23,4,6,2475,UA,LAX,1,178,267,460,0,24
-4,5,30,4,8,2475,UA,LAX,4,222,322,0,0,23
55,5,30,4,17,2475,UA,LAX,4,222,322,0,0,23
-2,5,30,4,20,2475,UA,LAX,4,222,322,0,0,23
0,5,30,4,11,2475,UA,LAX,4,222,322,0,0,23
-3,5,30,4,15,2475,UA,LAX,4,222,322,0,0,23
2,5,30,4,6,2475,UA,LAX,4,222,322,0,0,23
-2,5,30,4,7,2475,VX,LAX,4,222,322,0,0,23
0,5,30,4,9,2475,VX,LAX,4,222,322,0,0,23
39,5,30,4,16,2475,VX,LAX,4,222,322,0,0,23
5,5,30,4,20,2475,VX,LAX,4,222,322,0,0,23
-5,5,30,4,13,2475,VX,LAX,4,222,322,0,0,23
-3,5,30,4,10,2475,AA,LAX,4,222,322,0,0,23
-4,5,30,4,9,2475,AA,LAX,4,222,322,0,0,23
-4,5,30,4,7,2475,B6,LAX,4,222,322,0,0,23
1,5,30,4,17,2475,AA,LAX,4,222,322,0,0,23
46,5,30,4,19,2475,AA,LAX,4,222,322,0,0,23
-4,5,30,4,7,2475,AA,LAX,4,222,322,0,0,23
-9,5,30,4,15,2475,AA,LAX,4,222,322,0,0,23
-4,5,30,4,19,2475,DL,LAX,4,222,322,0,0,23
-2,5,30,4,9,2475,DL,LAX,4,222,322,0,0,23
46,5,30,4,21,2475,DL,LAX,4,222,322,0,0,23
-2,5,30,4,7,2475,DL,LAX,4,222,322,0,0,23
-3,5,30,4,21,2475,AA,LAX,4,222,322,0,0,23
-1,5,30,4,16,2475,DL,LAX,4,222,322,0,0,23
7,5,30,4,12,2475,DL,LAX,4,222,322,0,0,23
7,5,30,4,18,2475,DL,LAX,4,222,322,0,0,23
-6,5,30,4,13,2475,AA,LAX,4,222,322,0,0,23
-8,5,30,4,12,2475,AA,LAX,4,222,322,0,0,23
-1,5,30,4,9,2475,B6,LAX,4,222,322,0,0,23
7,5,30,4,20,2475,B6,LAX,4,222,322,0,0,23
-5,5,30,4,16,2475,B6,LAX,4,222,322,0,0,23
9,6,7,5,8,2475,UA,LAX,12,150,172,1057,0,38
-3,6,7,5,6,2475,UA,LAX,12,150,172,1057,0,38
17,6,7,5,17,2475,UA,LAX,12,150,172,1057,0,38
4,6,7,5,11,2475,UA,LAX,12,150,172,1057,0,38
0,6,7,5,7,2475,VX,LAX,12,150,172,1057,0,38
7,6,7,5,9,2475,VX,LAX,12,150,172,1057,0,38
9,6,7,5,13,2475,VX,LAX,12,150,172,1057,0,38
36,6,7,5,16,2475,VX,LAX,12,150,172,1057,0,38
127,6,7,5,20,2475,VX,LAX,12,150,172,1057,0,38
98,6,7,5,20,2475,UA,LAX,12,150,172,1057,0,38
74,6,7,5,14,2475,UA,LAX,12,150,172,1057,0,38
-2,6,7,5,15,2475,AA,LAX,12,150,172,1057,0,38
72,6,7,5,7,2475,AA,LAX,12,150,172,1057,0,38
14,6,7,5,17,2475,AA,LAX,12,150,172,1057,0,38
85,6,7,5,21,2475,AA,LAX,12,150,172,1057,0,38
-4,6,7,5,13,2475,AA,LAX,12,150,172,1057,0,38
-4,6,7,5,16,2475,B6,LAX,12,150,172,1057,0,38
21,6,7,5,19,2475,AA,LAX,12,150,172,1057,0,38
-5,6,7,5,9,2475,AA,LAX,12,150,172,1057,0,38
-5,6,7,5,20,2475,B6,LAX,12,150,172,1057,0,38
-2,6,7,5,10,2475,AA,LAX,12,150,172,1057,0,38
32,6,7,5,12,2475,AA,LAX,12,150,172,1057,0,38
-5,6,7,5,7,2475,B6,LAX,12,150,172,1057,0,38
3,6,7,5,9,2475,B6,LAX,12,150,172,1057,0,38
-1,6,7,5,12,2475,DL,LAX,12,150,172,1057,0,38
-3,6,7,5,7,2475,DL,LAX,12,150,172,1057,0,38
59,6,7,5,17,2475,DL,LAX,12,150,172,1057,0,38
29,6,7,5,18,2475,DL,LAX,12,150,172,1057,0,38
2,6,7,5,15,2475,DL,LAX,12,150,172,1057,0,38
84,6,7,5,21,2475,DL,LAX,12,150,172,1057,0,38
-1,6,7,5,8,2475,DL,LAX,12,150,172,1057,0,38
-7,6,14,5,12,2475,DL,LAX,19,117,222,97,0,23
10,6,14,5,21,2475,DL,LAX,19,117,222,97,0,23
-4,6,14,5,17,2475,DL,LAX,19,117,222,97,0,23
-6,6,14,5,9,2475,DL,LAX,19,117,222,97,0,23
10,6,14,5,15,2475,DL,LAX,19,117,222,97,0,23
1,6,14,5,18,2475,DL,LAX,19,117,222,97,0,23
-3,6,14,5,7,2475,DL,LAX,19,117,222,97,0,23
6,6,14,5,22,2475,B6,LAX,19,117,222,97,0,23
6,6,14,5,9,2475,B6,LAX,19,117,222,97,0,23
1,6,14,5,7,2475,B6,LAX,19,117,222,97,0,23
0,6,14,5,16,2475,B6,LAX,19,117,222,97,0,23
-7,6,14,5,12,2475,AA,LAX,19,117,222,97,0,23
-7,6,14,5,10,2475,AA,LAX,19,117,222,97,0,23
27,6,14,5,15,2475,AA,LAX,19,117,222,97,0,23
68,6,14,5,19,2475,AA,LAX,19,117,222,97,0,23
-7,6,14,5,20,2475,B6,LAX,19,117,222,97,0,23
-6,6,14,5,9,2475,AA,LAX,19,117,222,97,0,23
7,6,14,5,21,2475,AA,LAX,19,117,222,97,0,23
-2,6,14,5,17,2475,AA,LAX,19,117,222,97,0,23
-3,6,14,5,13,2475,AA,LAX,19,117,222,97,0,23
18,6,14,5,7,2475,AA,LAX,19,117,222,97,0,23
271,6,14,5,16,2475,VX,LAX,19,117,222,97,0,23
1,6,14,5,7,2475,VX,LAX,19,117,222,97,0,23
129,6,14,5,20,2475,VX,LAX,19,117,222,97,0,23
-1,6,14,5,14,2475,UA,LAX,19,117,222,97,0,23
5,6,14,5,20,2475,UA,LAX,19,117,222,97,0,23
0,6,14,5,11,2475,UA,LAX,19,117,222,97,0,23
2,6,14,5,6,2475,UA,LAX,19,117,222,97,0,23
11,6,14,5,17,2475,UA,LAX,19,117,222,97,0,23
-9,6,14,5,8,2475,UA,LAX,19,117,222,97,0,23
-1,6,14,5,9,2475,VX,LAX,19,117,222,97,0,23
-1,6,14,5,13,2475,VX,LAX,19,117,222,97,0,23
-2,6,21,5,20,2475,UA,LAX,13,178,278,0,0,22
2,6,21,5,7,2475,VX,LAX,13,178,278,0,0,22
-5,6,21,5,9,2475,VX,LAX,13,178,278,0,0,22
-9,6,21,5,13,2475,VX,LAX,13,178,278,0,0,22
4,6,21,5,16,2475,VX,LAX,13,178,278,0,0,22
4,6,21,5,20,2475,VX,LAX,13,178,278,0,0,22
-7,6,21,5,8,2475,UA,LAX,13,178,278,0,0,22
28,6,21,5,17,2475,UA,LAX,13,178,278,0,0,22
-1,6,21,5,11,2475,UA,LAX,13,178,278,0,0,22
-5,6,21,5,14,2475,UA,LAX,13,178,278,0,0,22
5,6,21,5,6,2475,UA,LAX,13,178,278,0,0,22
-1,6,21,5,15,2475,DL,LAX,13,178,278,0,0,22
-3,6,21,5,9,2475,DL,LAX,13,178,278,0,0,22
1,6,21,5,7,2475,DL,LAX,13,178,278,0,0,22
0,6,21,5,7,2475,B6,LAX,13,178,278,0,0,22
-4,6,21,5,16,2475,B6,LAX,13,178,278,0,0,22
43,6,21,5,20,2475,B6,LAX,13,178,278,0,0,22
60,6,21,5,22,2475,B6,LAX,13,178,278,0,0,22
-6,6,21,5,12,2475,DL,LAX,13,178,278,0,0,22
33,6,21,5,21,2475,DL,LAX,13,178,278,0,0,22
-1,6,21,5,17,2475,DL,LAX,13,178,278,0,0,22
3,6,21,5,18,2475,DL,LAX,13,178,278,0,0,22
1,6,21,5,12,2475,B6,LAX,13,178,278,0,0,22
-1,6,21,5,9,2475,B6,LAX,13,178,278,0,0,22
0,6,21,5,17,2475,AA,LAX,13,178,278,0,0,22
-2,6,21,5,7,2475,AA,LAX,13,178,278,0,0,22
4,6,21,5,21,2475,AA,LAX,13,178,278,0,0,22
-2,6,21,5,15,2475,AA,LAX,13,178,278,0,0,22
-7,6,21,5,13,2475,AA,LAX,13,178,278,0,0,22
-6,6,21,5,19,2475,AA,LAX,13,178,278,0,0,22
-9,6,21,5,10,2475,AA,LAX,13,178,278,0,0,22
1,6,21,5,12,2475,AA,LAX,13,178,278,0,0,22
-7,6,21,5,9,2475,AA,LAX,13,178,278,0,0,22
104,6,28,5,7,2475,AA,LAX,6,228,294,0,0,23
94,6,28,5,22,2475,B6,LAX,6,228,294,0,0,23
200,6,28,5,15,2475,AA,LAX,6,228,294,0,0,23
224,6,28,5,17,2475,AA,LAX,6,228,294,0,0,23
102,6,28,5,13,2475,AA,LAX,6,228,294,0,0,23
92,6,28,5,9,2475,B6,LAX,6,228,294,0,0,23
254,6,28,5,19,2475,AA,LAX,6,228,294,0,0,23
-3,6,28,5,16,2475,B6,LAX,6,228,294,0,0,23
-9,6,28,5,9,2475,AA,LAX,6,228,294,0,0,23
3,6,28,5,7,2475,B6,LAX,6,228,294,0,0,23
181,6,28,5,20,2475,B6,LAX,6,228,294,0,0,23
69,6,28,5,21,2475,AA,LAX,6,228,294,0,0,23
-5,6,28,5,10,2475,AA,LAX,6,228,294,0,0,23
-6,6,28,5,12,2475,AA,LAX,6,228,294,0,0,23
-1,6,28,5,12,2475,B6,LAX,6,228,294,0,0,23
16,6,28,5,18,2475,DL,LAX,6,228,294,0,0,23
0,6,28,5,17,2475,DL,LAX,6,228,294,0,0,23
80,6,28,5,12,2475,DL,LAX,6,228,294,0,0,23
112,6,28,5,21,2475,DL,LAX,6,228,294,0,0,23
13,6,28,5,7,2475,DL,LAX,6,228,294,0,0,23
13,6,28,5,9,2475,DL,LAX,6,228,294,0,0,23
2,6,28,5,15,2475,DL,LAX,6,228,294,0,0,23
0,6,28,5,11,2475,UA,LAX,6,228,294,0,0,23
0,6,28,5,7,2475,VX,LAX,6,228,294,0,0,23
233,6,28,5,20,2475,VX,LAX,6,228,294,0,0,23
57,6,28,5,8,2475,UA,LAX,6,228,294,0,0,23
38,6,28,5,17,2475,UA,LAX,6,228,294,0,0,23
-1,6,28,5,14,2475,UA,LAX,6,228,294,0,0,23
69,6,28,5,20,2475,UA,LAX,6,228,294,0,0,23
6,6,28,5,6,2475,UA,LAX,6,228,294,0,0,23
-4,6,28,5,13,2475,VX,LAX,6,228,294,0,0,23
22,6,28,5,9,2475,VX,LAX,6,228,294,0,0,23
75,6,28,5,16,2475,VX,LAX,6,228,294,0,0,23
2,7,5,5,8,2475,UA,LAX,1,244,322,0,0,22
-3,7,5,5,17,2475,UA,LAX,1,244,322,0,0,22
-6,7,5,5,13,2475,VX,LAX,1,244,322,0,0,22
6,7,5,5,16,2475,VX,LAX,1,244,322,0,0,22
98,7,5,5,20,2475,UA,LAX,1,244,322,0,0,22
-6,7,5,5,7,2475,VX,LAX,1,244,322,0,0,22
-8,7,5,5,11,2475,UA,LAX,1,244,322,0,0,22
-5,7,5,5,9,2475,VX,LAX,1,244,322,0,0,22
-11,7,5,5,6,2475,UA,LAX,1,244,322,0,0,22
10,7,5,5,21,2475,DL,LAX,1,244,322,0,0,22
-2,7,5,5,12,2475,B6,LAX,1,244,322,0,0,22
3,7,5,5,20,2475,B6,LAX,1,244,322,0,0,22
-5,7,5,5,9,2475,B6,LAX,1,244,322,0,0,22
-1,7,5,5,7,2475,B6,LAX,1,244,322,0,0,22
-3,7,5,5,16,2475,B6,LAX,1,244,322,0,0,22
28,7,5,5,12,2475,AA,LAX,1,244,322,0,0,22
5,7,5,5,9,2475,AA,LAX,1,244,322,0,0,22
-6,7,5,5,21,2475,AA,LAX,1,244,322,0,0,22
-1,7,5,5,17,2475,AA,LAX,1,244,322,0,0,22
-2,7,5,5,15,2475,AA,LAX,1,244,322,0,0,22
9,7,5,5,13,2475,AA,LAX,1,244,322,0,0,22
-7,7,5,5,12,2475,DL,LAX,1,244,322,0,0,22
12,7,5,5,18,2475,DL,LAX,1,244,322,0,0,22
9,7,5,5,15,2475,DL,LAX,1,244,322,0,0,22
1,7,5,5,9,2475,DL,LAX,1,244,322,0,0,22
-4,7,5,5,7,2475,AA,LAX,1,244,322,0,0,22
-10,7,5,5,19,2475,AA,LAX,1,244,322,0,0,22
141,7,5,5,22,2475,B6,LAX,1,244,322,0,0,22
-6,7,12,5,13,2475,AA,LAX,8,200,250,64,0,43
3,7,12,5,16,2475,B6,LAX,8,200,250,64,0,43
-1,7,12,5,9,2475,AA,LAX,8,200,250,64,0,43
-4,7,12,5,17,2475,AA,LAX,8,200,250,64,0,43
-6,7,12,5,10,2475,AA,LAX,8,200,250,64,0,43
22,7,12,5,12,2475,B6,LAX,8,200,250,64,0,43
148,7,12,5,19,2475,AA,LAX,8,200,250,64,0,43
-5,7,12,5,9,2475,B6,LAX,8,200,250,64,0,43
4,7,12,5,22,2475,B6,LAX,8,200,250,64,0,43
20,7,12,5,21,2475,AA,LAX,8,200,250,64,0,43
-8,7,12,5,12,2475,AA,LAX,8,200,250,64,0,43
-4,7,12,5,7,2475,B6,LAX,8,200,250,64,0,43
-3,7,12,5,15,2475,AA,LAX,8,200,250,64,0,43
-1,7,12,5,20,2475,B6,LAX,8,200,250,64,0,43
2,7,12,5,7,2475,AA,LAX,8,200,250,64,0,43
53,7,12,5,9,2475,VX,LAX,8,200,250,64,0,43
-2,7,12,5,8,2475,UA,LAX,8,200,250,64,0,43
26,7,12,5,14,2475,UA,LAX,8,200,250,64,0,43
1,7,12,5,20,2475,UA,LAX,8,200,250,64,0,43
-8,7,12,5,6,2475,UA,LAX,8,200,250,64,0,43
-5,7,12,5,11,2475,UA,LAX,8,200,250,64,0,43
6,7,12,5,7,2475,VX,LAX,8,200,250,64,0,43
33,7,12,5,17,2475,UA,LAX,8,200,250,64,0,43
17,7,12,5,20,2475,VX,LAX,8,200,250,64,0,43
6,7,12,5,16,2475,VX,LAX,8,200,250,64,0,43
7,7,12,5,13,2475,VX,LAX,8,200,250,64,0,43
-5,7,12,5,7,2475,DL,LAX,8,200,250,64,0,43
1,7,12,5,18,2475,DL,LAX,8,200,250,64,0,43
33,7,12,5,21,2475,DL,LAX,8,200,250,64,0,43
16,7,12,5,15,2475,DL,LAX,8,200,250,64,0,43
22,7,12,5,17,2475,DL,LAX,8,200,250,64,0,43
19,7,12,5,9,2475,DL,LAX,8,200,250,64,0,43
-2,7,12,5,12,2475,DL,LAX,8,200,250,64,0,43
2,7,19,5,18,2475,DL,LAX,15,283,356,0,0,23
-1,7,19,5,21,2475,DL,LAX,15,283,356,0,0,23
25,7,19,5,17,2475,DL,LAX,15,283,356,0,0,23
102,7,19,5,12,2475,DL,LAX,15,283,356,0,0,23
-2,7,19,5,7,2475,DL,LAX,15,283,356,0,0,23
-5,7,19,5,9,2475,DL,LAX,15,283,356,0,0,23
-2,7,19,5,15,2475,DL,LAX,15,283,356,0,0,23
5,7,19,5,17,2475,AA,LAX,15,283,356,0,0,23
0,7,19,5,9,2475,AA,LAX,15,283,356,0,0,23
4,7,19,5,9,2475,B6,LAX,15,283,356,0,0,23
-2,7,19,5,10,2475,AA,LAX,15,283,356,0,0,23
1,7,19,5,7,2475,B6,LAX,15,283,356,0,0,23
-3,7,19,5,12,2475,AA,LAX,15,283,356,0,0,23
-3,7,19,5,21,2475,AA,LAX,15,283,356,0,0,23
27,7,19,5,22,2475,B6,LAX,15,283,356,0,0,23
64,7,19,5,15,2475,AA,LAX,15,283,356,0,0,23
-9,7,19,5,7,2475,AA,LAX,15,283,356,0,0,23
9,7,19,5,20,2475,B6,LAX,15,283,356,0,0,23
-5,7,19,5,12,2475,B6,LAX,15,283,356,0,0,23
4,7,19,5,19,2475,AA,LAX,15,283,356,0,0,23
-7,7,19,5,16,2475,B6,LAX,15,283,356,0,0,23
11,7,19,5,17,2475,UA,LAX,15,283,356,0,0,23
17,7,19,5,20,2475,UA,LAX,15,283,356,0,0,23
-1,7,19,5,14,2475,UA,LAX,15,283,356,0,0,23
-8,7,19,5,8,2475,UA,LAX,15,283,356,0,0,23
3,7,19,5,7,2475,VX,LAX,15,283,356,0,0,23
0,7,19,5,9,2475,VX,LAX,15,283,356,0,0,23
0,7,19,5,13,2475,VX,LAX,15,283,356,0,0,23
0,7,19,5,16,2475,VX,LAX,15,283,356,0,0,23
21,7,19,5,20,2475,VX,LAX,15,283,356,0,0,23
-5,7,19,5,6,2475,UA,LAX,15,283,356,0,0,23
-2,7,19,5,11,2475,UA,LAX,15,283,356,0,0,23
0,7,26,5,20,2475,UA,LAX,22,183,283,0,0,23
-6,7,26,5,6,2475,UA,LAX,22,183,283,0,0,23
-3,7,26,5,11,2475,UA,LAX,22,183,283,0,0,23
4,7,26,5,13,2475,VX,LAX,22,183,283,0,0,23
-11,7,26,5,8,2475,UA,LAX,22,183,283,0,0,23
0,7,26,5,17,2475,UA,LAX,22,183,283,0,0,23
-4,7,26,5,7,2475,VX,LAX,22,183,283,0,0,23
21,7,26,5,9,2475,VX,LAX,22,183,283,0,0,23
-7,7,26,5,20,2475,VX,LAX,22,183,283,0,0,23
4,7,26,5,16,2475,VX,LAX,22,183,283,0,0,23
38,7,26,5,14,2475,UA,LAX,22,183,283,0,0,23
-2,7,26,5,17,2475,DL,LAX,22,183,283,0,0,23
0,7,26,5,18,2475,DL,LAX,22,183,283,0,0,23
-7,7,26,5,15,2475,DL,LAX,22,183,283,0,0,23
-4,7,26,5,12,2475,DL,LAX,22,183,283,0,0,23
-3,7,26,5,9,2475,DL,LAX,22,183,283,0,0,23
-2,7,26,5,7,2475,DL,LAX,22,183,283,0,0,23
2,7,26,5,21,2475,DL,LAX,22,183,283,0,0,23
12,7,26,5,7,2475,AA,LAX,22,183,283,0,0,23
-4,7,26,5,15,2475,AA,LAX,22,183,283,0,0,23
134,7,26,5,17,2475,AA,LAX,22,183,283,0,0,23
-4,7,26,5,21,2475,AA,LAX,22,183,283,0,0,23
-7,7,26,5,13,2475,AA,LAX,22,183,283,0,0,23
1,7,26,5,10,2475,AA,LAX,22,183,283,0,0,23
-4,7,26,5,9,2475,AA,LAX,22,183,283,0,0,23
-8,7,26,5,12,2475,AA,LAX,22,183,283,0,0,23
22,7,26,5,19,2475,AA,LAX,22,183,283,0,0,23
2,7,26,5,9,2475,B6,LAX,22,183,283,0,0,23
-11,7,26,5,12,2475,B6,LAX,22,183,283,0,0,23
29,7,26,5,16,2475,B6,LAX,22,183,283,0,0,23
74,7,26,5,7,2475,B6,LAX,22,183,283,0,0,23
0,7,26,5,22,2475,B6,LAX,22,183,283,0,0,23
-3,7,26,5,20,2475,B6,LAX,22,183,283,0,0,23
1,8,3,6,7,2475,DL,LAX,29,200,256,15,0,15
-5,8,3,6,12,2475,DL,LAX,29,200,256,15,0,15
-7,8,3,6,7,2475,VX,LAX,29,200,256,15,0,15
-6,8,3,6,20,2475,VX,LAX,29,200,256,15,0,15
-7,8,3,6,16,2475,VX,LAX,29,200,256,15,0,15
-1,8,3,6,17,2475,UA,LAX,29,200,256,15,0,15
-15,8,3,6,8,2475,UA,LAX,29,200,256,15,0,15
11,8,3,6,14,2475,UA,LAX,29,200,256,15,0,15
-3,8,3,6,6,2475,UA,LAX,29,200,256,15,0,15
-12,8,3,6,11,2475,UA,LAX,29,200,256,15,0,15
-3,8,3,6,13,2475,VX,LAX,29,200,256,15,0,15
0,8,3,6,9,2475,VX,LAX,29,200,256,15,0,15
2,8,3,6,21,2475,AA,LAX,29,200,256,15,0,15
3,8,3,6,15,2475,DL,LAX,29,200,256,15,0,15
7,8,3,6,18,2475,DL,LAX,29,200,256,15,0,15
-7,8,3,6,12,2475,AA,LAX,29,200,256,15,0,15
-6,8,3,6,13,2475,AA,LAX,29,200,256,15,0,15
60,8,3,6,12,2475,B6,LAX,29,200,256,15,0,15
-1,8,3,6,9,2475,AA,LAX,29,200,256,15,0,15
-1,8,3,6,20,2475,B6,LAX,29,200,256,15,0,15
-6,8,3,6,15,2475,AA,LAX,29,200,256,15,0,15
-2,8,3,6,19,2475,AA,LAX,29,200,256,15,0,15
-2,8,3,6,7,2475,B6,LAX,29,200,256,15,0,15
-6,8,3,6,7,2475,AA,LAX,29,200,256,15,0,15
-1,8,3,6,16,2475,B6,LAX,29,200,256,15,0,15
5,8,3,6,22,2475,B6,LAX,29,200,256,15,0,15
-2,8,3,6,17,2475,AA,LAX,29,200,256,15,0,15
19,8,3,6,9,2475,DL,LAX,29,200,256,15,0,15
68,8,10,6,16,2475,B6,LAX,22,211,283,0,0,22
-4,8,10,6,12,2475,AA,LAX,22,211,283,0,0,22
-4,8,10,6,21,2475,AA,LAX,22,211,283,0,0,22
-2,8,10,6,12,2475,DL,LAX,22,211,283,0,0,22
-2,8,10,6,7,2475,DL,LAX,22,211,283,0,0,22
-2,8,10,6,7,2475,AA,LAX,22,211,283,0,0,22
-3,8,10,6,15,2475,AA,LAX,22,211,283,0,0,22
3,8,10,6,17,2475,AA,LAX,22,211,283,0,0,22
-3,8,10,6,9,2475,DL,LAX,22,211,283,0,0,22
6,8,10,6,9,2475,AA,LAX,22,211,283,0,0,22
5,8,10,6,15,2475,DL,LAX,22,211,283,0,0,22
1,8,10,6,13,2475,AA,LAX,22,211,283,0,0,22
-1,8,10,6,22,2475,B6,LAX,22,211,283,0,0,22
3,8,10,6,20,2475,B6,LAX,22,211,283,0,0,22
-5,8,10,6,12,2475,B6,LAX,22,211,283,0,0,22
51,8,10,6,7,2475,B6,LAX,22,211,283,0,0,22
1,8,10,6,19,2475,AA,LAX,22,211,283,0,0,22
-1,8,10,6,18,2475,DL,LAX,22,211,283,0,0,22
0,8,10,6,20,2475,VX,LAX,22,211,283,0,0,22
18,8,10,6,8,2475,UA,LAX,22,211,283,0,0,22
-1,8,10,6,17,2475,UA,LAX,22,211,283,0,0,22
-5,8,10,6,11,2475,UA,LAX,22,211,283,0,0,22
-8,8,10,6,6,2475,UA,LAX,22,211,283,0,0,22
-3,8,10,6,14,2475,UA,LAX,22,211,283,0,0,22
-8,8,10,6,7,2475,VX,LAX,22,211,283,0,0,22
-2,8,10,6,9,2475,VX,LAX,22,211,283,0,0,22
1,8,10,6,13,2475,VX,LAX,22,211,283,0,0,22
2,8,10,6,16,2475,VX,LAX,22,211,283,0,0,22
2,8,17,6,16,2475,VX,LAX,15,178,289,0,0,9
13,8,17,6,20,2475,VX,LAX,15,178,289,0,0,9
-8,8,17,6,14,2475,UA,LAX,15,178,289,0,0,9
17,8,17,6,6,2475,UA,LAX,15,178,289,0,0,9
-5,8,17,6,11,2475,UA,LAX,15,178,289,0,0,9
18,8,17,6,17,2475,UA,LAX,15,178,289,0,0,9
4,8,17,6,8,2475,UA,LAX,15,178,289,0,0,9
-1,8,17,6,7,2475,VX,LAX,15,178,289,0,0,9
15,8,17,6,9,2475,VX,LAX,15,178,289,0,0,9
0,8,17,6,13,2475,VX,LAX,15,178,289,0,0,9
8,8,17,6,19,2475,AA,LAX,15,178,289,0,0,9
-1,8,17,6,12,2475,DL,LAX,15,178,289,0,0,9
-7,8,17,6,9,2475,AA,LAX,15,178,289,0,0,9
71,8,17,6,15,2475,DL,LAX,15,178,289,0,0,9
-4,8,17,6,17,2475,AA,LAX,15,178,289,0,0,9
-6,8,17,6,7,2475,DL,LAX,15,178,289,0,0,9
-1,8,17,6,18,2475,DL,LAX,15,178,289,0,0,9
-9,8,17,6,12,2475,AA,LAX,15,178,289,0,0,9
-3,8,17,6,22,2475,B6,LAX,15,178,289,0,0,9
113,8,17,6,20,2475,B6,LAX,15,178,289,0,0,9
-4,8,17,6,16,2475,B6,LAX,15,178,289,0,0,9
-5,8,17,6,15,2475,AA,LAX,15,178,289,0,0,9
-3,8,17,6,12,2475,B6,LAX,15,178,289,0,0,9
24,8,17,6,7,2475,B6,LAX,15,178,289,0,0,9
-5,8,17,6,9,2475,DL,LAX,15,178,289,0,0,9
17,8,17,6,21,2475,AA,LAX,15,178,289,0,0,9
-4,8,17,6,13,2475,AA,LAX,15,178,289,0,0,9
-3,8,17,6,7,2475,AA,LAX,15,178,289,0,0,9
54,8,24,6,15,2475,AA,LAX,8,183,267,0,0,22
-2,8,24,6,12,2475,DL,LAX,8,183,267,0,0,22
-4,8,24,6,7,2475,DL,LAX,8,183,267,0,0,22
7,8,24,6,17,2475,AA,LAX,8,183,267,0,0,22
-5,8,24,6,9,2475,DL,LAX,8,183,267,0,0,22
-3,8,24,6,19,2475,AA,LAX,8,183,267,0,0,22
-5,8,24,6,7,2475,B6,LAX,8,183,267,0,0,22
0,8,24,6,20,2475,B6,LAX,8,183,267,0,0,22
12,8,24,6,16,2475,B6,LAX,8,183,267,0,0,22
18,8,24,6,12,2475,B6,LAX,8,183,267,0,0,22
15,8,24,6,15,2475,DL,LAX,8,183,267,0,0,22
-4,8,24,6,18,2475,DL,LAX,8,183,267,0,0,22
11,8,24,6,7,2475,AA,LAX,8,183,267,0,0,22
0,8,24,6,21,2475,AA,LAX,8,183,267,0,0,22
-6,8,24,6,9,2475,AA,LAX,8,183,267,0,0,22
-5,8,24,6,13,2475,AA,LAX,8,183,267,0,0,22
-4,8,24,6,12,2475,AA,LAX,8,183,267,0,0,22
0,8,24,6,8,2475,UA,LAX,8,183,267,0,0,22
-1,8,24,6,14,2475,UA,LAX,8,183,267,0,0,22
-6,8,24,6,6,2475,UA,LAX,8,183,267,0,0,22
-8,8,24,6,11,2475,UA,LAX,8,183,267,0,0,22
-4,8,24,6,7,2475,VX,LAX,8,183,267,0,0,22
-2,8,24,6,9,2475,VX,LAX,8,183,267,0,0,22
15,8,24,6,13,2475,VX,LAX,8,183,267,0,0,22
7,8,24,6,16,2475,VX,LAX,8,183,267,0,0,22
-3,8,24,6,17,2475,UA,LAX,8,183,267,0,0,22
-2,8,31,6,6,2475,UA,LAX,1,228,300,0,0,22
-3,8,31,6,8,2475,UA,LAX,1,228,300,0,0,22
16,8,31,6,17,2475,UA,LAX,1,228,300,0,0,22
-6,8,31,6,14,2475,UA,LAX,1,228,300,0,0,22
3,8,31,6,16,2475,VX,LAX,1,228,300,0,0,22
-5,8,31,6,13,2475,VX,LAX,1,228,300,0,0,22
-7,8,31,6,9,2475,VX,LAX,1,228,300,0,0,22
-4,8,31,6,7,2475,VX,LAX,1,228,300,0,0,22
-8,8,31,6,11,2475,UA,LAX,1,228,300,0,0,22
-4,8,31,6,16,2475,AA,LAX,1,228,300,0,0,22
-5,8,31,6,7,2475,DL,LAX,1,228,300,0,0,22
-3,8,31,6,9,2475,DL,LAX,1,228,300,0,0,22
0,8,31,6,15,2475,DL,LAX,1,228,300,0,0,22
-5,8,31,6,7,2475,B6,LAX,1,228,300,0,0,22
7,8,31,6,20,2475,B6,LAX,1,228,300,0,0,22
22,8,31,6,16,2475,B6,LAX,1,228,300,0,0,22
-7,8,31,6,12,2475,B6,LAX,1,228,300,0,0,22
2,8,31,6,18,2475,DL,LAX,1,228,300,0,0,22
-5,8,31,6,12,2475,DL,LAX,1,228,300,0,0,22
-9,8,31,6,13,2475,AA,LAX,1,228,300,0,0,22
-5,8,31,6,8,2475,AA,LAX,1,228,300,0,0,22
37,8,31,6,19,2475,AA,LAX,1,228,300,0,0,22
-7,8,31,6,10,2475,AA,LAX,1,228,300,0,0,22
-8,8,31,6,15,2475,AA,LAX,1,228,300,0,0,22
-6,8,31,6,21,2475,AA,LAX,1,228,300,0,0,22
-5,9,1,7,15,2475,AA,LAX,0,239,289,0,0,11
128,9,1,7,16,2475,AA,LAX,0,239,289,0,0,11
-8,9,1,7,8,2475,AA,LAX,0,239,289,0,0,11
-2,9,1,7,21,2475,AA,LAX,0,239,289,0,0,11
-2,9,1,7,10,2475,AA,LAX,0,239,289,0,0,11
-1,9,1,7,13,2475,AA,LAX,0,239,289,0,0,11
-5,9,1,7,12,2475,AA,LAX,0,239,289,0,0,11
13,9,1,7,19,2475,AA,LAX,0,239,289,0,0,11
-7,9,1,7,9,2475,AA,LAX,0,239,289,0,0,11
-3,9,1,7,7,2475,B6,LAX,0,239,289,0,0,11
-1,9,1,7,20,2475,VX,LAX,0,239,289,0,0,11
0,9,1,7,16,2475,VX,LAX,0,239,289,0,0,11
-4,9,1,7,13,2475,VX,LAX,0,239,289,0,0,11
-7,9,1,7,9,2475,VX,LAX,0,239,289,0,0,11
-3,9,1,7,7,2475,VX,LAX,0,239,289,0,0,11
-8,9,1,7,11,2475,UA,LAX,0,239,289,0,0,11
-5,9,1,7,17,2475,UA,LAX,0,239,289,0,0,11
-1,9,1,7,8,2475,UA,LAX,0,239,289,0,0,11
-2,9,1,7,17,2475,DL,LAX,0,239,289,0,0,11
-5,9,1,7,12,2475,DL,LAX,0,239,289,0,0,11
-2,9,1,7,9,2475,DL,LAX,0,239,289,0,0,11
0,9,1,7,15,2475,DL,LAX,0,239,289,0,0,11
4,9,1,7,18,2475,DL,LAX,0,239,289,0,0,11
-3,9,1,7,21,2475,DL,LAX,0,239,289,0,0,11
19,9,1,7,20,2475,B6,LAX,0,239,289,0,0,11
12,9,1,7,16,2475,B6,LAX,0,239,289,0,0,11
-3,9,1,7,12,2475,B6,LAX,0,239,289,0,0,11
-5,9,1,7,9,2475,B6,LAX,0,239,289,0,0,11
-1,9,8,7,8,2475,UA,LAX,7,178,283,0,0,29
9,9,8,7,20,2475,VX,LAX,7,178,283,0,0,29
-1,9,8,7,16,2475,VX,LAX,7,178,283,0,0,29
-4,9,8,7,13,2475,VX,LAX,7,178,283,0,0,29
-5,9,8,7,9,2475,VX,LAX,7,178,283,0,0,29
-6,9,8,7,7,2475,VX,LAX,7,178,283,0,0,29
-6,9,8,7,7,2475,B6,LAX,7,178,283,0,0,29
10,9,8,7,9,2475,B6,LAX,7,178,283,0,0,29
-3,9,8,7,11,2475,B6,LAX,7,178,283,0,0,29
4,9,8,7,16,2475,B6,LAX,7,178,283,0,0,29
51,9,8,7,20,2475,B6,LAX,7,178,283,0,0,29
3,9,8,7,18,2475,DL,LAX,7,178,283,0,0,29
7,9,8,7,17,2475,DL,LAX,7,178,283,0,0,29
-5,9,8,7,9,2475,DL,LAX,7,178,283,0,0,29
14,9,8,7,7,2475,DL,LAX,7,178,283,0,0,29
0,9,8,7,21,2475,DL,LAX,7,178,283,0,0,29
10,9,8,7,14,2475,UA,LAX,7,178,283,0,0,29
5,9,8,7,20,2475,UA,LAX,7,178,283,0,0,29
-7,9,8,7,11,2475,UA,LAX,7,178,283,0,0,29
48,9,8,7,17,2475,UA,LAX,7,178,283,0,0,29
25,9,8,7,15,2475,DL,LAX,7,178,283,0,0,29
-2,9,8,7,12,2475,DL,LAX,7,178,283,0,0,29
-2,9,8,7,10,2475,AA,LAX,7,178,283,0,0,29
-1,9,8,7,19,2475,AA,LAX,7,178,283,0,0,29
-5,9,8,7,13,2475,AA,LAX,7,178,283,0,0,29
17,9,8,7,16,2475,AA,LAX,7,178,283,0,0,29
-2,9,8,7,15,2475,AA,LAX,7,178,283,0,0,29
-6,9,8,7,9,2475,AA,LAX,7,178,283,0,0,29
-7,9,8,7,12,2475,AA,LAX,7,178,283,0,0,29
4,9,8,7,21,2475,AA,LAX,7,178,283,0,0,29
-5,9,8,7,8,2475,AA,LAX,7,178,283,0,0,29
-12,9,15,7,14,2475,UA,LAX,14,106,228,0,0,17
21,9,15,7,15,2475,DL,LAX,14,106,228,0,0,17
-8,9,15,7,12,2475,DL,LAX,14,106,228,0,0,17
20,9,15,7,7,2475,DL,LAX,14,106,228,0,0,17
-4,9,15,7,9,2475,DL,LAX,14,106,228,0,0,17
-1,9,15,7,17,2475,DL,LAX,14,106,228,0,0,17
-1,9,15,7,18,2475,DL,LAX,14,106,228,0,0,17
1,9,15,7,7,2475,VX,LAX,14,106,228,0,0,17
-2,9,15,7,9,2475,VX,LAX,14,106,228,0,0,17
65,9,15,7,13,2475,VX,LAX,14,106,228,0,0,17
4,9,15,7,16,2475,VX,LAX,14,106,228,0,0,17
14,9,15,7,20,2475,VX,LAX,14,106,228,0,0,17
-2,9,15,7,20,2475,B6,LAX,14,106,228,0,0,17
5,9,15,7,16,2475,B6,LAX,14,106,228,0,0,17
-1,9,15,7,11,2475,B6,LAX,14,106,228,0,0,17
-5,9,15,7,9,2475,B6,LAX,14,106,228,0,0,17
-2,9,15,7,7,2475,B6,LAX,14,106,228,0,0,17
-4,9,15,7,8,2475,UA,LAX,14,106,228,0,0,17
-2,9,15,7,17,2475,UA,LAX,14,106,228,0,0,17
-5,9,15,7,11,2475,UA,LAX,14,106,228,0,0,17
-5,9,15,7,20,2475,UA,LAX,14,106,228,0,0,17
21,9,15,7,21,2475,DL,LAX,14,106,228,0,0,17
-3,9,15,7,21,2475,AA,LAX,14,106,228,0,0,17
68,9,15,7,16,2475,AA,LAX,14,106,228,0,0,17
41,9,15,7,15,2475,AA,LAX,14,106,228,0,0,17
-5,9,15,7,8,2475,AA,LAX,14,106,228,0,0,17
3,9,15,7,19,2475,AA,LAX,14,106,228,0,0,17
-5,9,15,7,10,2475,AA,LAX,14,106,228,0,0,17
-3,9,15,7,12,2475,AA,LAX,14,106,228,0,0,17
-3,9,15,7,9,2475,AA,LAX,14,106,228,0,0,17
-9,9,15,7,13,2475,AA,LAX,14,106,228,0,0,17
11,9,22,7,14,2475,UA,LAX,21,122,206,114,0,26
10,9,22,7,19,2475,AA,LAX,21,122,206,114,0,26
-9,9,22,7,12,2475,AA,LAX,21,122,206,114,0,26
-3,9,22,7,8,2475,AA,LAX,21,122,206,114,0,26
46,9,22,7,20,2475,UA,LAX,21,122,206,114,0,26
1,9,22,7,9,2475,AA,LAX,21,122,206,114,0,26
-2,9,22,7,10,2475,AA,LAX,21,122,206,114,0,26
-4,9,22,7,15,2475,AA,LAX,21,122,206,114,0,26
-2,9,22,7,13,2475,AA,LAX,21,122,206,114,0,26
-4,9,22,7,21,2475,AA,LAX,21,122,206,114,0,26
88,9,22,7,16,2475,AA,LAX,21,122,206,114,0,26
-1,9,22,7,20,2475,B6,LAX,21,122,206,114,0,26
-2,9,22,7,11,2475,UA,LAX,21,122,206,114,0,26
-1,9,22,7,13,2475,VX,LAX,21,122,206,114,0,26
-5,9,22,7,11,2475,B6,LAX,21,122,206,114,0,26
-1,9,22,7,16,2475,B6,LAX,21,122,206,114,0,26
16,9,22,7,18,2475,DL,LAX,21,122,206,114,0,26
28,9,22,7,21,2475,DL,LAX,21,122,206,114,0,26
1,9,22,7,15,2475,DL,LAX,21,122,206,114,0,26
-7,9,22,7,12,2475,DL,LAX,21,122,206,114,0,26
-2,9,22,7,7,2475,DL,LAX,21,122,206,114,0,26
0,9,22,7,9,2475,DL,LAX,21,122,206,114,0,26
87,9,22,7,17,2475,DL,LAX,21,122,206,114,0,26
0,9,22,7,7,2475,VX,LAX,21,122,206,114,0,26
1,9,22,7,9,2475,VX,LAX,21,122,206,114,0,26
-3,9,22,7,17,2475,UA,LAX,21,122,206,114,0,26
2,9,22,7,8,2475,UA,LAX,21,122,206,114,0,26
-1,9,22,7,9,2475,B6,LAX,21,122,206,114,0,26
-5,9,22,7,7,2475,B6,LAX,21,122,206,114,0,26
6,9,22,7,20,2475,VX,LAX,21,122,206,114,0,26
-1,9,22,7,16,2475,VX,LAX,21,122,206,114,0,26
5,9,29,7,7,2475,DL,LAX,14,139,222,0,0,14
18,9,29,7,12,2475,DL,LAX,14,139,222,0,0,14
173,9,29,7,20,2475,VX,LAX,14,139,222,0,0,14
17,9,29,7,16,2475,VX,LAX,14,139,222,0,0,14
4,9,29,7,13,2475,VX,LAX,14,139,222,0,0,14
-1,9,29,7,9,2475,VX,LAX,14,139,222,0,0,14
-4,9,29,7,7,2475,VX,LAX,14,139,222,0,0,14
-10,9,29,7,7,2475,B6,LAX,14,139,222,0,0,14
5,9,29,7,9,2475,B6,LAX,14,139,222,0,0,14
-3,9,29,7,11,2475,B6,LAX,14,139,222,0,0,14
-1,9,29,7,16,2475,B6,LAX,14,139,222,0,0,14
0,9,29,7,20,2475,B6,LAX,14,139,222,0,0,14
-2,9,29,7,21,2475,DL,LAX,14,139,222,0,0,14
2,9,29,7,15,2475,DL,LAX,14,139,222,0,0,14
0,9,29,7,18,2475,DL,LAX,14,139,222,0,0,14
-4,9,29,7,17,2475,DL,LAX,14,139,222,0,0,14
-1,9,29,7,9,2475,DL,LAX,14,139,222,0,0,14
7,9,29,7,19,2475,AA,LAX,14,139,222,0,0,14
-2,9,29,7,15,2475,AA,LAX,14,139,222,0,0,14
-10,9,29,7,12,2475,AA,LAX,14,139,222,0,0,14
-5,9,29,7,21,2475,AA,LAX,14,139,222,0,0,14
-1,9,29,7,13,2475,AA,LAX,14,139,222,0,0,14
79,9,29,7,10,2475,AA,LAX,14,139,222,0,0,14
-1,9,29,7,8,2475,AA,LAX,14,139,222,0,0,14
-1,9,29,7,16,2475,AA,LAX,14,139,222,0,0,14
-6,9,29,7,7,2475,UA,LAX,14,139,222,0,0,14
-1,9,29,7,20,2475,UA,LAX,14,139,222,0,0,14
-3,9,29,7,11,2475,UA,LAX,14,139,222,0,0,14
-1,9,29,7,9,2475,AA,LAX,14,139,222,0,0,14
-2,9,29,7,17,2475,UA,LAX,14,139,222,0,0,14
-2,9,29,7,14,2475,UA,LAX,14,139,222,0,0,14
3,10,6,7,19,2475,AA,LAX,7,183,211,0,0,26
-3,10,6,7,15,2475,DL,LAX,7,183,211,0,0,26
-5,10,6,7,12,2475,DL,LAX,7,183,211,0,0,26
39,10,6,7,9,2475,DL,LAX,7,183,211,0,0,26
-3,10,6,7,9,2475,AA,LAX,7,183,211,0,0,26
-3,10,6,7,17,2475,DL,LAX,7,183,211,0,0,26
-1,10,6,7,18,2475,DL,LAX,7,183,211,0,0,26
18,10,6,7,12,2475,B6,LAX,7,183,211,0,0,26
-5,10,6,7,9,2475,B6,LAX,7,183,211,0,0,26
-6,10,6,7,7,2475,B6,LAX,7,183,211,0,0,26
0,10,6,7,20,2475,B6,LAX,7,183,211,0,0,26
0,10,6,7,16,2475,B6,LAX,7,183,211,0,0,26
-2,10,6,7,7,2475,DL,LAX,7,183,211,0,0,26
-2,10,6,7,21,2475,AA,LAX,7,183,211,0,0,26
11,10,6,7,16,2475,AA,LAX,7,183,211,0,0,26
-2,10,6,7,8,2475,AA,LAX,7,183,211,0,0,26
-3,10,6,7,10,2475,AA,LAX,7,183,211,0,0,26
3,10,6,7,21,2475,DL,LAX,7,183,211,0,0,26
-8,10,6,7,12,2475,AA,LAX,7,183,211,0,0,26
-2,10,6,7,13,2475,AA,LAX,7,183,211,0,0,26
10,10,6,7,15,2475,AA,LAX,7,183,211,0,0,26
11,10,6,7,16,2475,VX,LAX,7,183,211,0,0,26
-1,10,6,7,14,2475,UA,LAX,7,183,211,0,0,26
-2,10,6,7,20,2475,UA,LAX,7,183,211,0,0,26
-8,10,6,7,11,2475,UA,LAX,7,183,211,0,0,26
-4,10,6,7,17,2475,UA,LAX,7,183,211,0,0,26
5,10,6,7,7,2475,UA,LAX,7,183,211,0,0,26
0,10,6,7,13,2475,VX,LAX,7,183,211,0,0,26
-5,10,6,7,9,2475,VX,LAX,7,183,211,0,0,26
12,10,6,7,7,2475,VX,LAX,7,183,211,0,0,26
123,10,6,7,20,2475,VX,LAX,7,183,211,0,0,26
-6,10,13,7,11,2475,UA,LAX,0,133,183,0,0,38
9,10,13,7,17,2475,UA,LAX,0,133,183,0,0,38
2,10,13,7,7,2475,VX,LAX,0,133,183,0,0,38
-2,10,13,7,14,2475,UA,LAX,0,133,183,0,0,38
-2,10,13,7,15,2475,DL,LAX,0,133,183,0,0,38
-5,10,13,7,7,2475,DL,LAX,0,133,183,0,0,38
-1,10,13,7,21,2475,DL,LAX,0,133,183,0,0,38
30,10,13,7,12,2475,DL,LAX,0,133,183,0,0,38
-7,10,13,7,20,2475,VX,LAX,0,133,183,0,0,38
0,10,13,7,16,2475,VX,LAX,0,133,183,0,0,38
-1,10,13,7,13,2475,VX,LAX,0,133,183,0,0,38
-1,10,13,7,7,2475,UA,LAX,0,133,183,0,0,38
-1,10,13,7,9,2475,VX,LAX,0,133,183,0,0,38
18,10,13,7,20,2475,UA,LAX,0,133,183,0,0,38
-4,10,13,7,9,2475,B6,LAX,0,133,183,0,0,38
-5,10,13,7,12,2475,B6,LAX,0,133,183,0,0,38
-7,10,13,7,10,2475,AA,LAX,0,133,183,0,0,38
8,10,13,7,19,2475,AA,LAX,0,133,183,0,0,38
0,10,13,7,18,2475,DL,LAX,0,133,183,0,0,38
-5,10,13,7,17,2475,DL,LAX,0,133,183,0,0,38
-5,10,13,7,7,2475,B6,LAX,0,133,183,0,0,38
-1,10,13,7,15,2475,AA,LAX,0,133,183,0,0,38
-1,10,13,7,12,2475,AA,LAX,0,133,183,0,0,38
-3,10,13,7,9,2475,DL,LAX,0,133,183,0,0,38
-6,10,13,7,16,2475,AA,LAX,0,133,183,0,0,38
-5,10,13,7,8,2475,AA,LAX,0,133,183,0,0,38
-9,10,13,7,13,2475,AA,LAX,0,133,183,0,0,38
-3,10,13,7,9,2475,AA,LAX,0,133,183,0,0,38
-4,10,13,7,21,2475,AA,LAX,0,133,183,0,0,38
0,10,13,7,20,2475,B6,LAX,0,133,183,0,0,38
-1,10,13,7,16,2475,B6,LAX,0,133,183,0,0,38
-5,10,20,7,8,2475,AA,LAX,7,100,172,0,0,25
1,10,20,7,9,2475,AA,LAX,7,100,172,0,0,25
-4,10,20,7,10,2475,AA,LAX,7,100,172,0,0,25
7,10,20,7,9,2475,B6,LAX,7,100,172,0,0,25
-1,10,20,7,16,2475,AA,LAX,7,100,172,0,0,25
-5,10,20,7,7,2475,B6,LAX,7,100,172,0,0,25
-4,10,20,7,21,2475,AA,LAX,7,100,172,0,0,25
4,10,20,7,19,2475,AA,LAX,7,100,172,0,0,25
-9,10,20,7,12,2475,AA,LAX,7,100,172,0,0,25
2,10,20,7,16,2475,B6,LAX,7,100,172,0,0,25
-3,10,20,7,20,2475,B6,LAX,7,100,172,0,0,25
-2,10,20,7,12,2475,B6,LAX,7,100,172,0,0,25
-3,10,20,7,15,2475,AA,LAX,7,100,172,0,0,25
-2,10,20,7,13,2475,AA,LAX,7,100,172,0,0,25
-1,10,20,7,7,2475,DL,LAX,7,100,172,0,0,25
0,10,20,7,16,2475,VX,LAX,7,100,172,0,0,25
9,10,20,7,20,2475,VX,LAX,7,100,172,0,0,25
-2,10,20,7,12,2475,DL,LAX,7,100,172,0,0,25
5,10,20,7,15,2475,DL,LAX,7,100,172,0,0,25
23,10,20,7,21,2475,DL,LAX,7,100,172,0,0,25
-1,10,20,7,14,2475,UA,LAX,7,100,172,0,0,25
-5,10,20,7,7,2475,UA,LAX,7,100,172,0,0,25
3,10,20,7,17,2475,UA,LAX,7,100,172,0,0,25
16,10,20,7,20,2475,UA,LAX,7,100,172,0,0,25
-2,10,20,7,18,2475,DL,LAX,7,100,172,0,0,25
2,10,20,7,17,2475,DL,LAX,7,100,172,0,0,25
-4,10,20,7,9,2475,DL,LAX,7,100,172,0,0,25
0,10,20,7,7,2475,VX,LAX,7,100,172,0,0,25
6,10,20,7,9,2475,VX,LAX,7,100,172,0,0,25
-4,10,20,7,13,2475,VX,LAX,7,100,172,0,0,25
1,10,20,7,11,2475,UA,LAX,7,100,172,0,0,25
-6,10,27,7,7,2475,VX,LAX,14,78,144,0,0,23
25,10,27,7,17,2475,DL,LAX,14,78,144,0,0,23
-1,10,27,7,7,2475,DL,LAX,14,78,144,0,0,23
-6,10,27,7,18,2475,DL,LAX,14,78,144,0,0,23
2,10,27,7,20,2475,VX,LAX,14,78,144,0,0,23
12,10,27,7,16,2475,VX,LAX,14,78,144,0,0,23
-3,10,27,7,15,2475,DL,LAX,14,78,144,0,0,23
-3,10,27,7,12,2475,DL,LAX,14,78,144,0,0,23
-2,10,27,7,7,2475,DL,LAX,14,78,144,0,0,23
7,10,27,7,21,2475,DL,LAX,14,78,144,0,0,23
1,10,27,7,13,2475,VX,LAX,14,78,144,0,0,23
-6,10,27,7,9,2475,VX,LAX,14,78,144,0,0,23
63,10,27,7,7,2475,UA,LAX,14,78,144,0,0,23
-5,10,27,7,14,2475,UA,LAX,14,78,144,0,0,23
22,10,27,7,20,2475,UA,LAX,14,78,144,0,0,23
-9,10,27,7,11,2475,UA,LAX,14,78,144,0,0,23
2,10,27,7,17,2475,UA,LAX,14,78,144,0,0,23
-4,10,27,7,9,2475,B6,LAX,14,78,144,0,0,23
-5,10,27,7,9,2475,AA,LAX,14,78,144,0,0,23
5,10,27,7,15,2475,AA,LAX,14,78,144,0,0,23
-3,10,27,7,11,2475,B6,LAX,14,78,144,0,0,23
-6,10,27,7,7,2475,B6,LAX,14,78,144,0,0,23
0,10,27,7,16,2475,B6,LAX,14,78,144,0,0,23
-3,10,27,7,20,2475,B6,LAX,14,78,144,0,0,23
-2,10,27,7,12,2475,AA,LAX,14,78,144,0,0,23
-8,10,27,7,10,2475,AA,LAX,14,78,144,0,0,23
71,10,27,7,16,2475,AA,LAX,14,78,144,0,0,23
-4,10,27,7,13,2475,AA,LAX,14,78,144,0,0,23
-6,10,27,7,21,2475,AA,LAX,14,78,144,0,0,23
-1,10,27,7,19,2475,AA,LAX,14,78,144,0,0,23
-7,10,27,7,8,2475,AA,LAX,14,78,144,0,0,23
-4,11,4,1,20,2475,VX,LAX,7,17,78,0,0,29
1,11,4,1,7,2475,VX,LAX,7,17,78,0,0,29
-3,11,4,1,9,2475,VX,LAX,7,17,78,0,0,29
6,11,4,1,13,2475,VX,LAX,7,17,78,0,0,29
7,11,4,1,16,2475,VX,LAX,7,17,78,0,0,29
3,11,4,1,8,2475,UA,LAX,7,17,78,0,0,29
-6,11,4,1,11,2475,UA,LAX,7,17,78,0,0,29
-3,11,4,1,17,2475,UA,LAX,7,17,78,0,0,29
0,11,4,1,20,2475,UA,LAX,7,17,78,0,0,29
19,11,4,1,6,2475,UA,LAX,7,17,78,0,0,29
3,11,4,1,14,2475,UA,LAX,7,17,78,0,0,29
-1,11,4,1,10,2475,AA,LAX,7,17,78,0,0,29
-5,11,4,1,13,2475,AA,LAX,7,17,78,0,0,29
-1,11,4,1,7,2475,DL,LAX,7,17,78,0,0,29
-3,11,4,1,16,2475,DL,LAX,7,17,78,0,0,29
-3,11,4,1,15,2475,DL,LAX,7,17,78,0,0,29
-1,11,4,1,20,2475,DL,LAX,7,17,78,0,0,29
5,11,4,1,9,2475,AA,LAX,7,17,78,0,0,29
-2,11,4,1,9,2475,DL,LAX,7,17,78,0,0,29
-3,11,4,1,19,2475,AA,LAX,7,17,78,0,0,29
12,11,4,1,9,2475,B6,LAX,7,17,78,0,0,29
-3,11,4,1,11,2475,B6,LAX,7,17,78,0,0,29
-2,11,4,1,20,2475,B6,LAX,7,17,78,0,0,29
-3,11,4,1,7,2475,B6,LAX,7,17,78,0,0,29
-3,11,4,1,16,2475,B6,LAX,7,17,78,0,0,29
-2,11,4,1,18,2475,DL,LAX,7,17,78,0,0,29
-6,11,4,1,12,2475,AA,LAX,7,17,78,0,0,29
-1,11,4,1,21,2475,AA,LAX,7,17,78,0,0,29
-6,11,4,1,15,2475,AA,LAX,7,17,78,0,0,29
-1,11,4,1,12,2475,DL,LAX,7,17,78,0,0,29
-6,11,4,1,8,2475,AA,LAX,7,17,78,0,0,29
-1,11,4,1,16,2475,AA,LAX,7,17,78,0,0,29
0,11,11,1,15,2475,DL,LAX,0,61,117,0,0,29
-7,11,11,1,12,2475,AA,LAX,0,61,117,0,0,29
59,11,11,1,19,2475,AA,LAX,0,61,117,0,0,29
-4,11,11,1,20,2475,B6,LAX,0,61,117,0,0,29
-1,11,11,1,16,2475,DL,LAX,0,61,117,0,0,29
-2,11,11,1,12,2475,DL,LAX,0,61,117,0,0,29
-7,11,11,1,16,2475,AA,LAX,0,61,117,0,0,29
-3,11,11,1,16,2475,B6,LAX,0,61,117,0,0,29
-4,11,11,1,18,2475,DL,LAX,0,61,117,0,0,29
-8,11,11,1,15,2475,AA,LAX,0,61,117,0,0,29
-10,11,11,1,7,2475,DL,LAX,0,61,117,0,0,29
-2,11,11,1,20,2475,DL,LAX,0,61,117,0,0,29
-11,11,11,1,9,2475,AA,LAX,0,61,117,0,0,29
-2,11,11,1,9,2475,B6,LAX,0,61,117,0,0,29
-4,11,11,1,21,2475,AA,LAX,0,61,117,0,0,29
-8,11,11,1,7,2475,B6,LAX,0,61,117,0,0,29
-3,11,11,1,11,2475,B6,LAX,0,61,117,0,0,29
-8,11,11,1,13,2475,AA,LAX,0,61,117,0,0,29
-6,11,11,1,8,2475,AA,LAX,0,61,117,0,0,29
-7,11,11,1,10,2475,AA,LAX,0,61,117,0,0,29
-4,11,11,1,9,2475,DL,LAX,0,61,117,0,0,29
-2,11,11,1,7,2475,VX,LAX,0,61,117,0,0,29
0,11,11,1,20,2475,UA,LAX,0,61,117,0,0,29
-8,11,11,1,6,2475,UA,LAX,0,61,117,0,0,29
-7,11,11,1,8,2475,UA,LAX,0,61,117,0,0,29
16,11,11,1,17,2475,UA,LAX,0,61,117,0,0,29
0,11,11,1,14,2475,UA,LAX,0,61,117,0,0,29
-4,11,11,1,11,2475,UA,LAX,0,61,117,0,0,29
11,11,11,1,20,2475,VX,LAX,0,61,117,0,0,29
0,11,11,1,16,2475,VX,LAX,0,61,117,0,0,29
-3,11,11,1,13,2475,VX,LAX,0,61,117,0,0,29
-1,11,11,1,9,2475,VX,LAX,0,61,117,0,0,29
1,11,18,1,7,2475,VX,LAX,7,106,183,56,0,33
-6,11,18,1,9,2475,VX,LAX,7,106,183,56,0,33
-1,11,18,1,8,2475,UA,LAX,7,106,183,56,0,33
-2,11,18,1,17,2475,UA,LAX,7,106,183,56,0,33
-4,11,18,1,11,2475,UA,LAX,7,106,183,56,0,33
-8,11,18,1,14,2475,UA,LAX,7,106,183,56,0,33
-5,11,18,1,13,2475,VX,LAX,7,106,183,56,0,33
-5,11,18,1,16,2475,VX,LAX,7,106,183,56,0,33
-3,11,18,1,20,2475,VX,LAX,7,106,183,56,0,33
48,11,18,1,20,2475,UA,LAX,7,106,183,56,0,33
-2,11,18,1,6,2475,UA,LAX,7,106,183,56,0,33
0,11,18,1,7,2475,DL,LAX,7,106,183,56,0,33
-6,11,18,1,9,2475,B6,LAX,7,106,183,56,0,33
-4,11,18,1,13,2475,AA,LAX,7,106,183,56,0,33
0,11,18,1,16,2475,DL,LAX,7,106,183,56,0,33
-8,11,18,1,7,2475,B6,LAX,7,106,183,56,0,33
-2,11,18,1,10,2475,AA,LAX,7,106,183,56,0,33
19,11,18,1,12,2475,AA,LAX,7,106,183,56,0,33
-4,11,18,1,15,2475,AA,LAX,7,106,183,56,0,33
-1,11,18,1,16,2475,AA,LAX,7,106,183,56,0,33
14,11,18,1,16,2475,B6,LAX,7,106,183,56,0,33
-5,11,18,1,20,2475,B6,LAX,7,106,183,56,0,33
-4,11,18,1,11,2475,B6,LAX,7,106,183,56,0,33
-5,11,18,1,9,2475,AA,LAX,7,106,183,56,0,33
-1,11,18,1,15,2475,DL,LAX,7,106,183,56,0,33
-3,11,18,1,9,2475,DL,LAX,7,106,183,56,0,33
0,11,18,1,12,2475,DL,LAX,7,106,183,56,0,33
-2,11,18,1,18,2475,DL,LAX,7,106,183,56,0,33
-5,11,18,1,19,2475,AA,LAX,7,106,183,56,0,33
-5,11,18,1,20,2475,DL,LAX,7,106,183,56,0,33
-5,11,18,1,21,2475,AA,LAX,7,106,183,56,0,33
-6,11,18,1,8,2475,AA,LAX,7,106,183,56,0,33
33,11,25,1,20,2475,VX,LAX,2,-49,17,0,0,26
-1,11,25,1,13,2475,VX,LAX,2,-49,17,0,0,26
2,11,25,1,9,2475,VX,LAX,2,-49,17,0,0,26
-4,11,25,1,8,2475,UA,LAX,2,-49,17,0,0,26
21,11,25,1,20,2475,UA,LAX,2,-49,17,0,0,26
0,11,25,1,7,2475,VX,LAX,2,-49,17,0,0,26
-5,11,25,1,11,2475,UA,LAX,2,-49,17,0,0,26
4,11,25,1,16,2475,VX,LAX,2,-49,17,0,0,26
2,11,25,1,17,2475,UA,LAX,2,-49,17,0,0,26
-5,11,25,1,10,2475,AA,LAX,2,-49,17,0,0,26
-4,11,25,1,9,2475,B6,LAX,2,-49,17,0,0,26
-4,11,25,1,7,2475,B6,LAX,2,-49,17,0,0,26
-3,11,25,1,13,2475,AA,LAX,2,-49,17,0,0,26
-4,11,25,1,12,2475,DL,LAX,2,-49,17,0,0,26
245,11,25,1,19,2475,AA,LAX,2,-49,17,0,0,26
-5,11,25,1,16,2475,B6,LAX,2,-49,17,0,0,26
-6,11,25,1,15,2475,AA,LAX,2,-49,17,0,0,26
14,11,25,1,20,2475,B6,LAX,2,-49,17,0,0,26
-3,11,25,1,7,2475,AA,LAX,2,-49,17,0,0,26
15,11,25,1,21,2475,AA,LAX,2,-49,17,0,0,26
-5,11,25,1,16,2475,AA,LAX,2,-49,17,0,0,26
-6,11,25,1,9,2475,AA,LAX,2,-49,17,0,0,26
3,11,25,1,11,2475,B6,LAX,2,-49,17,0,0,26
-4,11,25,1,15,2475,DL,LAX,2,-49,17,0,0,26
9,11,25,1,18,2475,DL,LAX,2,-49,17,0,0,26
18,11,25,1,20,2475,DL,LAX,2,-49,17,0,0,26
-3,11,25,1,12,2475,AA,LAX,2,-49,17,0,0,26
0,11,25,1,16,2475,DL,LAX,2,-49,17,0,0,26
-2,11,25,1,7,2475,DL,LAX,2,-49,17,0,0,26
22,12,2,1,16,2475,VX,LAX,5,50,94,0,0,14
0,12,2,1,20,2475,VX,LAX,5,50,94,0,0,14
-7,12,2,1,8,2475,UA,LAX,5,50,94,0,0,14
-3,12,2,1,6,2475,UA,LAX,5,50,94,0,0,14
-6,12,2,1,14,2475,UA,LAX,5,50,94,0,0,14
-7,12,2,1,11,2475,UA,LAX,5,50,94,0,0,14
6,12,2,1,9,2475,VX,LAX,5,50,94,0,0,14
5,12,2,1,20,2475,UA,LAX,5,50,94,0,0,14
-2,12,2,1,17,2475,UA,LAX,5,50,94,0,0,14
-4,12,2,1,13,2475,VX,LAX,5,50,94,0,0,14
0,12,2,1,7,2475,VX,LAX,5,50,94,0,0,14
73,12,2,1,19,2475,AA,LAX,5,50,94,0,0,14
-2,12,2,1,15,2475,DL,LAX,5,50,94,0,0,14
-3,12,2,1,9,2475,B6,LAX,5,50,94,0,0,14
-5,12,2,1,12,2475,AA,LAX,5,50,94,0,0,14
-4,12,2,1,18,2475,DL,LAX,5,50,94,0,0,14
-2,12,2,1,7,2475,B6,LAX,5,50,94,0,0,14
0,12,2,1,12,2475,DL,LAX,5,50,94,0,0,14
-2,12,2,1,21,2475,AA,LAX,5,50,94,0,0,14
-6,12,2,1,16,2475,DL,LAX,5,50,94,0,0,14
2,12,2,1,16,2475,AA,LAX,5,50,94,0,0,14
-4,12,2,1,7,2475,DL,LAX,5,50,94,0,0,14
0,12,2,1,11,2475,B6,LAX,5,50,94,0,0,14
11,12,2,1,20,2475,DL,LAX,5,50,94,0,0,14
-5,12,2,1,15,2475,AA,LAX,5,50,94,0,0,14
-13,12,2,1,13,2475,AA,LAX,5,50,94,0,0,14
22,12,2,1,20,2475,B6,LAX,5,50,94,0,0,14
-6,12,2,1,9,2475,AA,LAX,5,50,94,0,0,14
-5,12,2,1,13,2475,B6,LAX,5,50,94,0,0,14
1,12,2,1,7,2475,AA,LAX,5,50,94,0,0,14
-3,12,2,1,16,2475,B6,LAX,5,50,94,0,0,14
-6,12,2,1,10,2475,AA,LAX,5,50,94,0,0,14
0,12,2,1,9,2475,DL,LAX,5,50,94,0,0,14
19,12,9,1,15,2475,AA,LAX,12,-5,39,76,0,30
1,12,9,1,20,2475,B6,LAX,12,-5,39,76,0,30
46,12,9,1,16,2475,B6,LAX,12,-5,39,76,0,30
8,12,9,1,11,2475,B6,LAX,12,-5,39,76,0,30
-1,12,9,1,9,2475,AA,LAX,12,-5,39,76,0,30
-2,12,9,1,7,2475,B6,LAX,12,-5,39,76,0,30
-3,12,9,1,9,2475,B6,LAX,12,-5,39,76,0,30
-2,12,9,1,12,2475,AA,LAX,12,-5,39,76,0,30
-7,12,9,1,21,2475,AA,LAX,12,-5,39,76,0,30
-1,12,9,1,10,2475,AA,LAX,12,-5,39,76,0,30
-1,12,9,1,19,2475,AA,LAX,12,-5,39,76,0,30
117,12,9,1,16,2475,AA,LAX,12,-5,39,76,0,30
-1,12,9,1,7,2475,AA,LAX,12,-5,39,76,0,30
1,12,9,1,13,2475,AA,LAX,12,-5,39,76,0,30
-5,12,9,1,17,2475,UA,LAX,12,-5,39,76,0,30
-1,12,9,1,15,2475,DL,LAX,12,-5,39,76,0,30
-5,12,9,1,8,2475,UA,LAX,12,-5,39,76,0,30
-9,12,9,1,6,2475,UA,LAX,12,-5,39,76,0,30
21,12,9,1,20,2475,UA,LAX,12,-5,39,76,0,30
-5,12,9,1,18,2475,DL,LAX,12,-5,39,76,0,30
-2,12,9,1,12,2475,DL,LAX,12,-5,39,76,0,30
-3,12,9,1,9,2475,DL,LAX,12,-5,39,76,0,30
-1,12,9,1,20,2475,DL,LAX,12,-5,39,76,0,30
2,12,9,1,7,2475,DL,LAX,12,-5,39,76,0,30
24,12,9,1,16,2475,DL,LAX,12,-5,39,76,0,30
5,12,9,1,7,2475,VX,LAX,12,-5,39,76,0,30
6,12,9,1,9,2475,VX,LAX,12,-5,39,76,0,30
-6,12,9,1,13,2475,VX,LAX,12,-5,39,76,0,30
-1,12,9,1,16,2475,VX,LAX,12,-5,39,76,0,30
-3,12,9,1,20,2475,VX,LAX,12,-5,39,76,0,30
65,12,9,1,11,2475,UA,LAX,12,-5,39,76,0,30
-6,12,9,1,14,2475,UA,LAX,12,-5,39,76,0,30
20,12,16,1,9,2475,B6,LAX,9,-38,6,0,0,35
0,12,16,1,7,2475,B6,LAX,9,-38,6,0,0,35
-1,12,16,1,18,2475,DL,LAX,9,-38,6,0,0,35
20,12,16,1,20,2475,DL,LAX,9,-38,6,0,0,35
1,12,16,1,7,2475,DL,LAX,9,-38,6,0,0,35
-5,12,16,1,16,2475,DL,LAX,9,-38,6,0,0,35
40,12,16,1,20,2475,VX,LAX,9,-38,6,0,0,35
22,12,16,1,16,2475,VX,LAX,9,-38,6,0,0,35
-1,12,16,1,14,2475,UA,LAX,9,-38,6,0,0,35
-3,12,16,1,11,2475,UA,LAX,9,-38,6,0,0,35
-1,12,16,1,8,2475,UA,LAX,9,-38,6,0,0,35
-4,12,16,1,6,2475,UA,LAX,9,-38,6,0,0,35
-2,12,16,1,13,2475,VX,LAX,9,-38,6,0,0,35
0,12,16,1,9,2475,VX,LAX,9,-38,6,0,0,35
20,12,16,1,7,2475,VX,LAX,9,-38,6,0,0,35
-1,12,16,1,15,2475,DL,LAX,9,-38,6,0,0,35
-1,12,16,1,9,2475,DL,LAX,9,-38,6,0,0,35
-4,12,16,1,12,2475,DL,LAX,9,-38,6,0,0,35
5,12,16,1,20,2475,B6,LAX,9,-38,6,0,0,35
2,12,16,1,16,2475,B6,LAX,9,-38,6,0,0,35
-6,12,16,1,11,2475,B6,LAX,9,-38,6,0,0,35
22,12,16,1,10,2475,AA,LAX,9,-38,6,0,0,35
9,12,16,1,19,2475,AA,LAX,9,-38,6,0,0,35
2,12,16,1,12,2475,AA,LAX,9,-38,6,0,0,35
93,12,16,1,21,2475,AA,LAX,9,-38,6,0,0,35
305,12,16,1,16,2475,AA,LAX,9,-38,6,0,0,35
3,12,16,1,15,2475,AA,LAX,9,-38,6,0,0,35
3,12,16,1,7,2475,AA,LAX,9,-38,6,0,0,35
242,12,16,1,13,2475,AA,LAX,9,-38,6,0,0,35
6,12,16,1,9,2475,AA,LAX,9,-38,6,0,0,35
-1,12,16,1,17,2475,UA,LAX,9,-38,6,0,0,35
8,12,16,1,20,2475,UA,LAX,9,-38,6,0,0,35
-1,12,23,1,13,2475,VX,LAX,2,56,178,130,0,21
11,12,23,1,20,2475,VX,LAX,2,56,178,130,0,21
-1,12,23,1,18,2475,DL,LAX,2,56,178,130,0,21
-2,12,23,1,12,2475,DL,LAX,2,56,178,130,0,21
1,12,23,1,9,2475,DL,LAX,2,56,178,130,0,21
33,12,23,1,15,2475,DL,LAX,2,56,178,130,0,21
36,12,23,1,16,2475,VX,LAX,2,56,178,130,0,21
-4,12,23,1,17,2475,DL,LAX,2,56,178,130,0,21
46,12,23,1,20,2475,DL,LAX,2,56,178,130,0,21
-3,12,23,1,7,2475,VX,LAX,2,56,178,130,0,21
-4,12,23,1,9,2475,VX,LAX,2,56,178,130,0,21
24,12,23,1,14,2475,UA,LAX,2,56,178,130,0,21
0,12,23,1,8,2475,UA,LAX,2,56,178,130,0,21
10,12,23,1,11,2475,UA,LAX,2,56,178,130,0,21
13,12,23,1,17,2475,UA,LAX,2,56,178,130,0,21
-3,12,23,1,6,2475,UA,LAX,2,56,178,130,0,21
4,12,23,1,20,2475,UA,LAX,2,56,178,130,0,21
-9,12,23,1,11,2475,B6,LAX,2,56,178,130,0,21
-1,12,23,1,13,2475,AA,LAX,2,56,178,130,0,21
59,12,23,1,16,2475,AA,LAX,2,56,178,130,0,21
72,12,23,1,22,2475,B6,LAX,2,56,178,130,0,21
6,12,23,1,20,2475,B6,LAX,2,56,178,130,0,21
-4,12,23,1,16,2475,B6,LAX,2,56,178,130,0,21
19,12,23,1,19,2475,AA,LAX,2,56,178,130,0,21
-1,12,23,1,9,2475,B6,LAX,2,56,178,130,0,21
9,12,23,1,15,2475,AA,LAX,2,56,178,130,0,21
0,12,23,1,7,2475,AA,LAX,2,56,178,130,0,21
1,12,23,1,21,2475,AA,LAX,2,56,178,130,0,21
262,12,23,1,12,2475,AA,LAX,2,56,178,130,0,21
0,12,23,1,7,2475,B6,LAX,2,56,178,130,0,21
-5,12,23,1,9,2475,AA,LAX,2,56,178,130,0,21
3,12,30,1,16,2475,AA,LAX,2,-49,72,0,0,28
-6,12,30,1,12,2475,AA,LAX,2,-49,72,0,0,28
-9,12,30,1,13,2475,AA,LAX,2,-49,72,0,0,28
-3,12,30,1,9,2475,AA,LAX,2,-49,72,0,0,28
8,12,30,1,19,2475,AA,LAX,2,-49,72,0,0,28
2,12,30,1,20,2475,B6,LAX,2,-49,72,0,0,28
-1,12,30,1,16,2475,B6,LAX,2,-49,72,0,0,28
4,12,30,1,11,2475,B6,LAX,2,-49,72,0,0,28
0,12,30,1,21,2475,AA,LAX,2,-49,72,0,0,28
-3,12,30,1,7,2475,AA,LAX,2,-49,72,0,0,28
-2,12,30,1,9,2475,B6,LAX,2,-49,72,0,0,28
0,12,30,1,22,2475,B6,LAX,2,-49,72,0,0,28
-5,12,30,1,7,2475,B6,LAX,2,-49,72,0,0,28
28,12,30,1,15,2475,AA,LAX,2,-49,72,0,0,28
-5,12,30,1,14,2475,UA,LAX,2,-49,72,0,0,28
3,12,30,1,11,2475,UA,LAX,2,-49,72,0,0,28
2,12,30,1,16,2475,VX,LAX,2,-49,72,0,0,28
-7,12,30,1,8,2475,UA,LAX,2,-49,72,0,0,28
37,12,30,1,17,2475,UA,LAX,2,-49,72,0,0,28
0,12,30,1,17,2475,DL,LAX,2,-49,72,0,0,28
0,12,30,1,20,2475,DL,LAX,2,-49,72,0,0,28
-3,12,30,1,18,2475,DL,LAX,2,-49,72,0,0,28
-1,12,30,1,12,2475,DL,LAX,2,-49,72,0,0,28
16,12,30,1,9,2475,DL,LAX,2,-49,72,0,0,28
-1,12,30,1,15,2475,DL,LAX,2,-49,72,0,0,28
0,12,30,1,6,2475,UA,LAX,2,-49,72,0,0,28
52,12,30,1,20,2475,UA,LAX,2,-49,72,0,0,28
3,12,30,1,7,2475,VX,LAX,2,-49,72,0,0,28
0,12,30,1,20,2475,VX,LAX,2,-49,72,0,0,28
0,12,30,1,13,2475,VX,LAX,2,-49,72,0,0,28
0,12,30,1,9,2475,VX,LAX,2,-49,72,0,0,28
