-4,1,2,1,6,2475,UA,LAX,1,6,100,0,0,46,94,239,0,0,25
-2,1,2,1,15,2475,UA,LAX,1,6,100,0,0,46,94,239,0,0,25
16,1,2,1,20,2475,UA,LAX,1,6,100,0,0,46,94,239,0,0,25
-5,1,2,1,11,2475,UA,LAX,1,6,100,0,0,46,94,239,0,0,25
-2,1,2,1,17,2475,UA,LAX,1,6,100,0,0,46,94,239,0,0,25
-2,1,2,1,8,2475,UA,LAX,1,6,100,0,0,46,94,239,0,0,25
-4,1,2,1,13,2475,AA,LAX,1,6,100,0,0,46,94,239,0,0,25
40,1,2,1,19,2475,AA,LAX,1,6,100,0,0,46,94,239,0,0,25
17,1,2,1,15,2475,AA,LAX,1,6,100,0,0,46,94,239,0,0,25
-5,1,2,1,7,2475,AA,LAX,1,6,100,0,0,46,94,239,0,0,25
24,1,2,1,7,2475,VX,LAX,1,6,100,0,0,46,94,239,0,0,25
10,1,2,1,9,2475,VX,LAX,1,6,100,0,0,46,94,239,0,0,25
365,1,2,1,11,2475,VX,LAX,1,6,100,0,0,46,94,239,0,0,25
-4,1,2,1,15,2475,DL,LAX,1,6,100,0,0,46,94,239,0,0,25
5,1,2,1,21,2475,DL,LAX,1,6,100,0,0,46,94,239,0,0,25
10,1,2,1,13,2475,VX,LAX,1,6,100,0,0,46,94,239,0,0,25
199,1,2,1,20,2475,VX,LAX,1,6,100,0,0,46,94,239,0,0,25
-6,1,2,1,11,2475,B6,LAX,1,6,100,0,0,46,94,239,0,0,25
-5,1,2,1,12,2475,AA,LAX,1,6,100,0,0,46,94,239,0,0,25
21,1,2,1,9,2475,AA,LAX,1,6,100,0,0,46,94,239,0,0,25
-1,1,2,1,16,2475,AA,LAX,1,6,100,0,0,46,94,239,0,0,25
-3,1,2,1,7,2475,B6,LAX,1,6,100,0,0,46,94,239,0,0,25
-1,1,2,1,19,2475,DL,LAX,1,6,100,0,0,46,94,239,0,0,25
81,1,2,1,16,2475,B6,LAX,1,6,100,0,0,46,94,239,0,0,25
10,1,2,1,20,2475,B6,LAX,1,6,100,0,0,46,94,239,0,0,25
-2,1,2,1,6,2475,AA,LAX,1,6,100,0,0,46,94,239,0,0,25
133,1,2,1,16,2475,VX,LAX,1,6,100,0,0,46,94,239,0,0,25
2,1,2,1,17,2475,DL,LAX,1,6,100,0,0,46,94,239,0,0,25
-4,1,2,1,7,2475,DL,LAX,1,6,100,0,0,46,94,239,0,0,25
16,1,2,1,10,2475,AA,LAX,1,6,100,0,0,46,94,239,0,0,25
-2,1,2,1,9,2475,DL,LAX,1,6,100,0,0,46,94,239,0,0,25
-3,1,2,1,7,2475,DL,LAX,1,6,100,0,0,46,94,239,0,0,25
-5,1,2,1,12,2475,DL,LAX,1,6,100,0,0,46,94,239,0,0,25
-12,1,25,3,13,2475,VX,LAX,4,22,67,0,0,30,100,261,0,0,12
-4,1,25,3,9,2475,AA,LAX,4,22,67,0,0,30,100,261,0,0,12
-5,1,25,3,20,2475,VX,LAX,4,22,67,0,0,30,100,261,0,0,12
-7,1,25,3,7,2475,VX,LAX,4,22,67,0,0,30,100,261,0,0,12
-3,1,25,3,9,2475,VX,LAX,4,22,67,0,0,30,100,261,0,0,12
-5,1,25,3,16,2475,AA,LAX,4,22,67,0,0,30,100,261,0,0,12
-3,1,25,3,10,2475,AA,LAX,4,22,67,0,0,30,100,261,0,0,12
-1,1,25,3,16,2475,VX,LAX,4,22,67,0,0,30,100,261,0,0,12
-7,1,25,3,6,2475,AA,LAX,4,22,67,0,0,30,100,261,0,0,12
-3,1,25,3,15,2475,AA,LAX,4,22,67,0,0,30,100,261,0,0,12
-2,1,25,3,19,2475,AA,LAX,4,22,67,0,0,30,100,261,0,0,12
-4,1,25,3,20,2475,B6,LAX,4,22,67,0,0,30,100,261,0,0,12
-4,1,25,3,16,2475,B6,LAX,4,22,67,0,0,30,100,261,0,0,12
-7,1,25,3,11,2475,B6,LAX,4,22,67,0,0,30,100,261,0,0,12
-3,1,25,3,7,2475,B6,LAX,4,22,67,0,0,30,100,261,0,0,12
4,1,25,3,21,2475,AA,LAX,4,22,67,0,0,30,100,261,0,0,12
12,1,25,3,13,2475,AA,LAX,4,22,67,0,0,30,100,261,0,0,12
-1,1,25,3,12,2475,AA,LAX,4,22,67,0,0,30,100,261,0,0,12
-1,1,25,3,11,2475,VX,LAX,4,22,67,0,0,30,100,261,0,0,12
0,1,25,3,8,2475,UA,LAX,4,22,67,0,0,30,100,261,0,0,12
-11,1,25,3,20,2475,UA,LAX,4,22,67,0,0,30,100,261,0,0,12
-5,1,25,3,6,2475,UA,LAX,4,22,67,0,0,30,100,261,0,0,12
-4,1,25,3,15,2475,UA,LAX,4,22,67,0,0,30,100,261,0,0,12
-3,1,25,3,17,2475,UA,LAX,4,22,67,0,0,30,100,261,0,0,12
-1,1,25,3,11,2475,UA,LAX,4,22,67,0,0,30,100,261,0,0,12
-4,1,25,3,17,2475,DL,LAX,4,22,67,0,0,30,100,261,0,0,12
-7,1,25,3,9,2475,DL,LAX,4,22,67,0,0,30,100,261,0,0,12
-2,1,25,3,12,2475,DL,LAX,4,22,67,0,0,30,100,261,0,0,12
-5,1,25,3,21,2475,DL,LAX,4,22,67,0,0,30,100,261,0,0,12
-4,1,25,3,19,2475,DL,LAX,4,22,67,0,0,30,100,261,0,0,12
-7,1,25,3,15,2475,DL,LAX,4,22,67,0,0,30,100,261,0,0,12
0,2,3,5,13,2475,VX,LAX,13,-11,67,0,0,30,83,228,0,0,13
-4,2,3,5,20,2475,UA,LAX,13,-11,67,0,0,30,83,228,0,0,13
-7,2,3,5,8,2475,UA,LAX,13,-11,67,0,0,30,83,228,0,0,13
-9,2,3,5,6,2475,UA,LAX,13,-11,67,0,0,30,83,228,0,0,13
13,2,3,5,9,2475,VX,LAX,13,-11,67,0,0,30,83,228,0,0,13
1,2,3,5,7,2475,VX,LAX,13,-11,67,0,0,30,83,228,0,0,13
0,2,3,5,17,2475,UA,LAX,13,-11,67,0,0,30,83,228,0,0,13
-5,2,3,5,20,2475,VX,LAX,13,-11,67,0,0,30,83,228,0,0,13
-4,2,3,5,11,2475,UA,LAX,13,-11,67,0,0,30,83,228,0,0,13
-5,2,3,5,16,2475,VX,LAX,13,-11,67,0,0,30,83,228,0,0,13
1,2,3,5,15,2475,UA,LAX,13,-11,67,0,0,30,83,228,0,0,13
4,2,3,5,11,2475,VX,LAX,13,-11,67,0,0,30,83,228,0,0,13
-2,2,3,5,9,2475,AA,LAX,13,-11,67,0,0,30,83,228,0,0,13
-9,2,3,5,20,2475,B6,LAX,13,-11,67,0,0,30,83,228,0,0,13
44,2,3,5,16,2475,B6,LAX,13,-11,67,0,0,30,83,228,0,0,13
-5,2,3,5,11,2475,B6,LAX,13,-11,67,0,0,30,83,228,0,0,13
-4,2,3,5,7,2475,B6,LAX,13,-11,67,0,0,30,83,228,0,0,13
-7,2,3,5,15,2475,AA,LAX,13,-11,67,0,0,30,83,228,0,0,13
-2,2,3,5,15,2475,DL,LAX,13,-11,67,0,0,30,83,228,0,0,13
-14,2,3,5,21,2475,DL,LAX,13,-11,67,0,0,30,83,228,0,0,13
-3,2,3,5,19,2475,DL,LAX,13,-11,67,0,0,30,83,228,0,0,13
-3,2,3,5,19,2475,AA,LAX,13,-11,67,0,0,30,83,228,0,0,13
-5,2,3,5,16,2475,AA,LAX,13,-11,67,0,0,30,83,228,0,0,13
-9,2,3,5,21,2475,AA,LAX,13,-11,67,0,0,30,83,228,0,0,13
-5,2,3,5,17,2475,DL,LAX,13,-11,67,0,0,30,83,228,0,0,13
-5,2,3,5,13,2475,AA,LAX,13,-11,67,0,0,30,83,228,0,0,13
-6,2,3,5,10,2475,AA,LAX,13,-11,67,0,0,30,83,228,0,0,13
1,2,3,5,6,2475,AA,LAX,13,-11,67,0,0,30,83,228,0,0,13
-5,2,3,5,9,2475,DL,LAX,13,-11,67,0,0,30,83,228,0,0,13
-7,2,3,5,12,2475,DL,LAX,13,-11,67,0,0,30,83,228,0,0,13
-4,2,3,5,12,2475,AA,LAX,13,-11,67,0,0,30,83,228,0,0,13
-2,2,26,7,15,2475,DL,LAX,8,-17,72,0,0,39,94,161,0,0,25
-7,2,26,7,12,2475,DL,LAX,8,-17,72,0,0,39,94,161,0,0,25
-6,2,26,7,17,2475,DL,LAX,8,-17,72,0,0,39,94,161,0,0,25
-6,2,26,7,9,2475,DL,LAX,8,-17,72,0,0,39,94,161,0,0,25
-1,2,26,7,21,2475,AA,LAX,8,-17,72,0,0,39,94,161,0,0,25
31,2,26,7,13,2475,AA,LAX,8,-17,72,0,0,39,94,161,0,0,25
-6,2,26,7,7,2475,AA,LAX,8,-17,72,0,0,39,94,161,0,0,25
-5,2,26,7,10,2475,AA,LAX,8,-17,72,0,0,39,94,161,0,0,25
-9,2,26,7,15,2475,AA,LAX,8,-17,72,0,0,39,94,161,0,0,25
-8,2,26,7,21,2475,DL,LAX,8,-17,72,0,0,39,94,161,0,0,25
23,2,26,7,19,2475,AA,LAX,8,-17,72,0,0,39,94,161,0,0,25
-4,2,26,7,7,2475,AA,LAX,8,-17,72,0,0,39,94,161,0,0,25
-1,2,26,7,12,2475,AA,LAX,8,-17,72,0,0,39,94,161,0,0,25
-2,2,26,7,16,2475,B6,LAX,8,-17,72,0,0,39,94,161,0,0,25
-2,2,26,7,19,2475,DL,LAX,8,-17,72,0,0,39,94,161,0,0,25
-8,2,26,7,7,2475,B6,LAX,8,-17,72,0,0,39,94,161,0,0,25
-9,2,26,7,9,2475,AA,LAX,8,-17,72,0,0,39,94,161,0,0,25
6,2,26,7,9,2475,B6,LAX,8,-17,72,0,0,39,94,161,0,0,25
-3,2,26,7,20,2475,B6,LAX,8,-17,72,0,0,39,94,161,0,0,25
-10,2,26,7,16,2475,AA,LAX,8,-17,72,0,0,39,94,161,0,0,25
212,2,26,7,15,2475,UA,LAX,8,-17,72,0,0,39,94,161,0,0,25
-5,2,26,7,11,2475,VX,LAX,8,-17,72,0,0,39,94,161,0,0,25
-2,2,26,7,13,2475,VX,LAX,8,-17,72,0,0,39,94,161,0,0,25
3,2,26,7,16,2475,VX,LAX,8,-17,72,0,0,39,94,161,0,0,25
70,2,26,7,17,2475,UA,LAX,8,-17,72,0,0,39,94,161,0,0,25
-8,2,26,7,7,2475,VX,LAX,8,-17,72,0,0,39,94,161,0,0,25
-3,2,26,7,8,2475,UA,LAX,8,-17,72,0,0,39,94,161,0,0,25
63,2,26,7,11,2475,UA,LAX,8,-17,72,0,0,39,94,161,0,0,25
3,2,26,7,20,2475,UA,LAX,8,-17,72,0,0,39,94,161,0,0,25
-3,2,26,7,20,2475,VX,LAX,8,-17,72,0,0,39,94,161,0,0,25
-2,2,26,7,9,2475,VX,LAX,8,-17,72,0,0,39,94,161,0,0,25
-7,3,4,7,17,2475,DL,LAX,15,22,72,0,0,31,122,306,0,0,23
-8,3,4,7,9,2475,DL,LAX,15,22,72,0,0,31,122,306,0,0,23
-4,3,4,7,12,2475,DL,LAX,15,22,72,0,0,31,122,306,0,0,23
-1,3,4,7,19,2475,DL,LAX,15,22,72,0,0,31,122,306,0,0,23
0,3,4,7,15,2475,DL,LAX,15,22,72,0,0,31,122,306,0,0,23
2,3,4,7,21,2475,DL,LAX,15,22,72,0,0,31,122,306,0,0,23
-2,3,4,7,7,2475,VX,LAX,15,22,72,0,0,31,122,306,0,0,23
0,3,4,7,20,2475,UA,LAX,15,22,72,0,0,31,122,306,0,0,23
-1,3,4,7,8,2475,UA,LAX,15,22,72,0,0,31,122,306,0,0,23
3,3,4,7,17,2475,UA,LAX,15,22,72,0,0,31,122,306,0,0,23
-3,3,4,7,11,2475,UA,LAX,15,22,72,0,0,31,122,306,0,0,23
-2,3,4,7,15,2475,UA,LAX,15,22,72,0,0,31,122,306,0,0,23
61,3,4,7,9,2475,VX,LAX,15,22,72,0,0,31,122,306,0,0,23
-1,3,4,7,20,2475,VX,LAX,15,22,72,0,0,31,122,306,0,0,23
-2,3,4,7,16,2475,VX,LAX,15,22,72,0,0,31,122,306,0,0,23
193,3,4,7,13,2475,VX,LAX,15,22,72,0,0,31,122,306,0,0,23
-1,3,4,7,11,2475,VX,LAX,15,22,72,0,0,31,122,306,0,0,23
-7,3,4,7,15,2475,AA,LAX,15,22,72,0,0,31,122,306,0,0,23
13,3,4,7,13,2475,AA,LAX,15,22,72,0,0,31,122,306,0,0,23
-2,3,4,7,16,2475,AA,LAX,15,22,72,0,0,31,122,306,0,0,23
-7,3,4,7,7,2475,AA,LAX,15,22,72,0,0,31,122,306,0,0,23
-4,3,4,7,9,2475,AA,LAX,15,22,72,0,0,31,122,306,0,0,23
1,3,4,7,21,2475,AA,LAX,15,22,72,0,0,31,122,306,0,0,23
-7,3,4,7,7,2475,AA,LAX,15,22,72,0,0,31,122,306,0,0,23
52,3,4,7,19,2475,AA,LAX,15,22,72,0,0,31,122,306,0,0,23
-6,3,4,7,7,2475,B6,LAX,15,22,72,0,0,31,122,306,0,0,23
0,3,4,7,9,2475,B6,LAX,15,22,72,0,0,31,122,306,0,0,23
6,3,4,7,16,2475,B6,LAX,15,22,72,0,0,31,122,306,0,0,23
-2,3,4,7,20,2475,B6,LAX,15,22,72,0,0,31,122,306,0,0,23
-9,3,4,7,10,2475,AA,LAX,15,22,72,0,0,31,122,306,0,0,23
-11,3,4,7,12,2475,AA,LAX,15,22,72,0,0,31,122,306,0,0,23
-2,3,27,2,16,2475,B6,LAX,38,-11,106,0,0,24,89,156,0,0,36
-5,3,27,2,20,2475,B6,LAX,38,-11,106,0,0,24,89,156,0,0,36
-6,3,27,2,15,2475,AA,LAX,38,-11,106,0,0,24,89,156,0,0,36
-7,3,27,2,21,2475,AA,LAX,38,-11,106,0,0,24,89,156,0,0,36
-4,3,27,2,16,2475,AA,LAX,38,-11,106,0,0,24,89,156,0,0,36
-4,3,27,2,13,2475,AA,LAX,38,-11,106,0,0,24,89,156,0,0,36
-5,3,27,2,19,2475,AA,LAX,38,-11,106,0,0,24,89,156,0,0,36
-10,3,27,2,10,2475,AA,LAX,38,-11,106,0,0,24,89,156,0,0,36
-4,3,27,2,7,2475,AA,LAX,38,-11,106,0,0,24,89,156,0,0,36
-8,3,27,2,7,2475,AA,LAX,38,-11,106,0,0,24,89,156,0,0,36
-1,3,27,2,12,2475,AA,LAX,38,-11,106,0,0,24,89,156,0,0,36
-7,3,27,2,9,2475,AA,LAX,38,-11,106,0,0,24,89,156,0,0,36
-3,3,27,2,7,2475,B6,LAX,38,-11,106,0,0,24,89,156,0,0,36
-2,3,27,2,9,2475,B6,LAX,38,-11,106,0,0,24,89,156,0,0,36
-4,3,27,2,17,2475,DL,LAX,38,-11,106,0,0,24,89,156,0,0,36
-4,3,27,2,9,2475,DL,LAX,38,-11,106,0,0,24,89,156,0,0,36
6,3,27,2,12,2475,DL,LAX,38,-11,106,0,0,24,89,156,0,0,36
-7,3,27,2,7,2475,DL,LAX,38,-11,106,0,0,24,89,156,0,0,36
1,3,27,2,15,2475,DL,LAX,38,-11,106,0,0,24,89,156,0,0,36
-3,3,27,2,21,2475,DL,LAX,38,-11,106,0,0,24,89,156,0,0,36
-3,3,27,2,19,2475,DL,LAX,38,-11,106,0,0,24,89,156,0,0,36
-3,3,27,2,9,2475,VX,LAX,38,-11,106,0,0,24,89,156,0,0,36
-3,3,27,2,11,2475,VX,LAX,38,-11,106,0,0,24,89,156,0,0,36
0,3,27,2,13,2475,VX,LAX,38,-11,106,0,0,24,89,156,0,0,36
0,3,27,2,16,2475,VX,LAX,38,-11,106,0,0,24,89,156,0,0,36
-5,3,27,2,20,2475,VX,LAX,38,-11,106,0,0,24,89,156,0,0,36
-1,3,27,2,15,2475,UA,LAX,38,-11,106,0,0,24,89,156,0,0,36
-1,3,27,2,8,2475,UA,LAX,38,-11,106,0,0,24,89,156,0,0,36
-3,3,27,2,11,2475,UA,LAX,38,-11,106,0,0,24,89,156,0,0,36
-2,3,27,2,17,2475,UA,LAX,38,-11,106,0,0,24,89,156,0,0,36
0,3,27,2,6,2475,UA,LAX,38,-11,106,0,0,24,89,156,0,0,36
17,3,27,2,20,2475,UA,LAX,38,-11,106,0,0,24,89,156,0,0,36
-3,3,27,2,7,2475,VX,LAX,38,-11,106,0,0,24,89,156,0,0,36
28,4,5,4,8,2475,UA,LAX,47,56,144,0,0,23,106,167,0,0,36
7,4,5,4,7,2475,VX,LAX,47,56,144,0,0,23,106,167,0,0,36
15,4,5,4,9,2475,VX,LAX,47,56,144,0,0,23,106,167,0,0,36
13,4,5,4,11,2475,VX,LAX,47,56,144,0,0,23,106,167,0,0,36
3,4,5,4,13,2475,VX,LAX,47,56,144,0,0,23,106,167,0,0,36
3,4,5,4,16,2475,VX,LAX,47,56,144,0,0,23,106,167,0,0,36
0,4,5,4,20,2475,VX,LAX,47,56,144,0,0,23,106,167,0,0,36
-1,4,5,4,17,2475,UA,LAX,47,56,144,0,0,23,106,167,0,0,36
32,4,5,4,20,2475,UA,LAX,47,56,144,0,0,23,106,167,0,0,36
-2,4,5,4,16,2475,B6,LAX,47,56,144,0,0,23,106,167,0,0,36
-2,4,5,4,7,2475,B6,LAX,47,56,144,0,0,23,106,167,0,0,36
3,4,5,4,6,2475,AA,LAX,47,56,144,0,0,23,106,167,0,0,36
-5,4,5,4,12,2475,DL,LAX,47,56,144,0,0,23,106,167,0,0,36
-2,4,5,4,7,2475,DL,LAX,47,56,144,0,0,23,106,167,0,0,36
1,4,5,4,15,2475,DL,LAX,47,56,144,0,0,23,106,167,0,0,36
1,4,5,4,17,2475,DL,LAX,47,56,144,0,0,23,106,167,0,0,36
-3,4,5,4,9,2475,DL,LAX,47,56,144,0,0,23,106,167,0,0,36
-5,4,5,4,21,2475,AA,LAX,47,56,144,0,0,23,106,167,0,0,36
4,4,5,4,21,2475,DL,LAX,47,56,144,0,0,23,106,167,0,0,36
25,4,5,4,19,2475,DL,LAX,47,56,144,0,0,23,106,167,0,0,36
1,4,5,4,16,2475,AA,LAX,47,56,144,0,0,23,106,167,0,0,36
-3,4,5,4,15,2475,AA,LAX,47,56,144,0,0,23,106,167,0,0,36
-1,4,5,4,9,2475,B6,LAX,47,56,144,0,0,23,106,167,0,0,36
-7,4,5,4,13,2475,AA,LAX,47,56,144,0,0,23,106,167,0,0,36
3,4,5,4,7,2475,AA,LAX,47,56,144,0,0,23,106,167,0,0,36
-2,4,5,4,9,2475,AA,LAX,47,56,144,0,0,23,106,167,0,0,36
-3,4,5,4,19,2475,AA,LAX,47,56,144,0,0,23,106,167,0,0,36
11,4,5,4,10,2475,AA,LAX,47,56,144,0,0,23,106,167,0,0,36
-6,4,5,4,12,2475,AA,LAX,47,56,144,0,0,23,106,167,0,0,36
5,4,5,4,15,2475,UA,LAX,47,56,144,0,0,23,106,167,0,0,36
5,4,5,4,11,2475,UA,LAX,47,56,144,0,0,23,106,167,0,0,36
2,4,5,4,6,2475,UA,LAX,47,56,144,0,0,23,106,167,0,0,36
-2,4,5,4,20,2475,B6,LAX,47,56,144,0,0,23,106,167,0,0,36
240,4,10,2,15,2475,AA,LAX,42,72,156,0,0,25,100,172,94,0,37
-5,4,10,2,19,2475,DL,LAX,42,72,156,0,0,25,100,172,94,0,37
-1,4,10,2,9,2475,DL,LAX,42,72,156,0,0,25,100,172,94,0,37
-4,4,10,2,9,2475,B6,LAX,42,72,156,0,0,25,100,172,94,0,37
-2,4,10,2,7,2475,B6,LAX,42,72,156,0,0,25,100,172,94,0,37
1,4,10,2,16,2475,B6,LAX,42,72,156,0,0,25,100,172,94,0,37
-5,4,10,2,17,2475,DL,LAX,42,72,156,0,0,25,100,172,94,0,37
0,4,10,2,10,2475,AA,LAX,42,72,156,0,0,25,100,172,94,0,37
-2,4,10,2,7,2475,AA,LAX,42,72,156,0,0,25,100,172,94,0,37
-5,4,10,2,9,2475,AA,LAX,42,72,156,0,0,25,100,172,94,0,37
-3,4,10,2,20,2475,UA,LAX,42,72,156,0,0,25,100,172,94,0,37
-7,4,10,2,21,2475,AA,LAX,42,72,156,0,0,25,100,172,94,0,37
3,4,10,2,6,2475,AA,LAX,42,72,156,0,0,25,100,172,94,0,37
-4,4,10,2,20,2475,B6,LAX,42,72,156,0,0,25,100,172,94,0,37
5,4,10,2,19,2475,AA,LAX,42,72,156,0,0,25,100,172,94,0,37
0,4,10,2,13,2475,AA,LAX,42,72,156,0,0,25,100,172,94,0,37
-9,4,10,2,8,2475,UA,LAX,42,72,156,0,0,25,100,172,94,0,37
-2,4,10,2,17,2475,UA,LAX,42,72,156,0,0,25,100,172,94,0,37
-1,4,10,2,21,2475,DL,LAX,42,72,156,0,0,25,100,172,94,0,37
-5,4,10,2,6,2475,UA,LAX,42,72,156,0,0,25,100,172,94,0,37
-6,4,10,2,11,2475,UA,LAX,42,72,156,0,0,25,100,172,94,0,37
1,4,10,2,15,2475,UA,LAX,42,72,156,0,0,25,100,172,94,0,37
-13,4,10,2,12,2475,AA,LAX,42,72,156,0,0,25,100,172,94,0,37
-4,4,10,2,16,2475,AA,LAX,42,72,156,0,0,25,100,172,94,0,37
2,4,10,2,15,2475,DL,LAX,42,72,156,0,0,25,100,172,94,0,37
8,4,10,2,12,2475,DL,LAX,42,72,156,0,0,25,100,172,94,0,37
-3,4,10,2,7,2475,DL,LAX,42,72,156,0,0,25,100,172,94,0,37
1,4,10,2,20,2475,VX,LAX,42,72,156,0,0,25,100,172,94,0,37
17,4,10,2,16,2475,VX,LAX,42,72,156,0,0,25,100,172,94,0,37
0,4,10,2,13,2475,VX,LAX,42,72,156,0,0,25,100,172,94,0,37
-2,4,10,2,11,2475,VX,LAX,42,72,156,0,0,25,100,172,94,0,37
6,4,10,2,9,2475,VX,LAX,42,72,156,0,0,25,100,172,94,0,37
3,4,10,2,7,2475,VX,LAX,42,72,156,0,0,25,100,172,94,0,37
-8,4,28,6,12,2475,AA,LAX,24,33,156,0,0,27,128,200,0,0,26
161,4,28,6,15,2475,AA,LAX,24,33,156,0,0,27,128,200,0,0,26
-1,4,28,6,6,2475,AA,LAX,24,33,156,0,0,27,128,200,0,0,26
-6,4,28,6,16,2475,AA,LAX,24,33,156,0,0,27,128,200,0,0,26
212,4,28,6,13,2475,AA,LAX,24,33,156,0,0,27,128,200,0,0,26
7,4,28,6,9,2475,AA,LAX,24,33,156,0,0,27,128,200,0,0,26
289,4,28,6,7,2475,AA,LAX,24,33,156,0,0,27,128,200,0,0,26
-5,4,28,6,21,2475,AA,LAX,24,33,156,0,0,27,128,200,0,0,26
14,4,28,6,19,2475,DL,LAX,24,33,156,0,0,27,128,200,0,0,26
-6,4,28,6,9,2475,DL,LAX,24,33,156,0,0,27,128,200,0,0,26
-6,4,28,6,12,2475,DL,LAX,24,33,156,0,0,27,128,200,0,0,26
-6,4,28,6,15,2475,DL,LAX,24,33,156,0,0,27,128,200,0,0,26
-2,4,28,6,19,2475,AA,LAX,24,33,156,0,0,27,128,200,0,0,26
-6,4,28,6,17,2475,DL,LAX,24,33,156,0,0,27,128,200,0,0,26
-1,4,28,6,9,2475,B6,LAX,24,33,156,0,0,27,128,200,0,0,26
-2,4,28,6,16,2475,B6,LAX,24,33,156,0,0,27,128,200,0,0,26
-6,4,28,6,20,2475,B6,LAX,24,33,156,0,0,27,128,200,0,0,26
0,4,28,6,11,2475,VX,LAX,24,33,156,0,0,27,128,200,0,0,26
18,4,28,6,9,2475,VX,LAX,24,33,156,0,0,27,128,200,0,0,26
-3,4,28,6,7,2475,VX,LAX,24,33,156,0,0,27,128,200,0,0,26
-6,4,28,6,20,2475,VX,LAX,24,33,156,0,0,27,128,200,0,0,26
-3,4,28,6,16,2475,VX,LAX,24,33,156,0,0,27,128,200,0,0,26
-4,4,28,6,13,2475,VX,LAX,24,33,156,0,0,27,128,200,0,0,26
-2,4,28,6,6,2475,UA,LAX,24,33,156,0,0,27,128,200,0,0,26
-4,4,28,6,15,2475,UA,LAX,24,33,156,0,0,27,128,200,0,0,26
-8,4,28,6,11,2475,UA,LAX,24,33,156,0,0,27,128,200,0,0,26
-7,4,28,6,17,2475,UA,LAX,24,33,156,0,0,27,128,200,0,0,26
-6,4,28,6,8,2475,UA,LAX,24,33,156,0,0,27,128,200,0,0,26
25,5,6,7,20,2475,VX,LAX,16,117,183,0,0,16,122,206,0,0,29
-6,5,6,7,20,2475,UA,LAX,16,117,183,0,0,16,122,206,0,0,29
29,5,6,7,8,2475,UA,LAX,16,117,183,0,0,16,122,206,0,0,29
42,5,6,7,17,2475,UA,LAX,16,117,183,0,0,16,122,206,0,0,29
-4,5,6,7,15,2475,UA,LAX,16,117,183,0,0,16,122,206,0,0,29
-3,5,6,7,11,2475,UA,LAX,16,117,183,0,0,16,122,206,0,0,29
-9,5,6,7,7,2475,VX,LAX,16,117,183,0,0,16,122,206,0,0,29
-4,5,6,7,9,2475,VX,LAX,16,117,183,0,0,16,122,206,0,0,29
-3,5,6,7,11,2475,VX,LAX,16,117,183,0,0,16,122,206,0,0,29
-4,5,6,7,13,2475,VX,LAX,16,117,183,0,0,16,122,206,0,0,29
-3,5,6,7,16,2475,VX,LAX,16,117,183,0,0,16,122,206,0,0,29
-5,5,6,7,16,2475,AA,LAX,16,117,183,0,0,16,122,206,0,0,29
-5,5,6,7,9,2475,AA,LAX,16,117,183,0,0,16,122,206,0,0,29
-3,5,6,7,19,2475,AA,LAX,16,117,183,0,0,16,122,206,0,0,29
-2,5,6,7,19,2475,DL,LAX,16,117,183,0,0,16,122,206,0,0,29
-4,5,6,7,10,2475,AA,LAX,16,117,183,0,0,16,122,206,0,0,29
-3,5,6,7,9,2475,DL,LAX,16,117,183,0,0,16,122,206,0,0,29
-7,5,6,7,7,2475,DL,LAX,16,117,183,0,0,16,122,206,0,0,29
1,5,6,7,12,2475,DL,LAX,16,117,183,0,0,16,122,206,0,0,29
4,5,6,7,15,2475,DL,LAX,16,117,183,0,0,16,122,206,0,0,29
-1,5,6,7,17,2475,DL,LAX,16,117,183,0,0,16,122,206,0,0,29
8,5,6,7,21,2475,DL,LAX,16,117,183,0,0,16,122,206,0,0,29
-5,5,6,7,7,2475,AA,LAX,16,117,183,0,0,16,122,206,0,0,29
-8,5,6,7,13,2475,AA,LAX,16,117,183,0,0,16,122,206,0,0,29
-6,5,6,7,15,2475,AA,LAX,16,117,183,0,0,16,122,206,0,0,29
-2,5,6,7,16,2475,B6,LAX,16,117,183,0,0,16,122,206,0,0,29
1,5,6,7,20,2475,B6,LAX,16,117,183,0,0,16,122,206,0,0,29
-7,5,6,7,12,2475,AA,LAX,16,117,183,0,0,16,122,206,0,0,29
14,5,6,7,21,2475,AA,LAX,16,117,183,0,0,16,122,206,0,0,29
-5,5,6,7,9,2475,B6,LAX,16,117,183,0,0,16,122,206,0,0,29
-1,5,6,7,7,2475,B6,LAX,16,117,183,0,0,16,122,206,0,0,29
0,5,11,5,16,2475,AA,LAX,11,94,200,0,0,25,150,200,0,0,36
-1,5,11,5,12,2475,AA,LAX,11,94,200,0,0,25,150,200,0,0,36
-2,5,11,5,17,2475,DL,LAX,11,94,200,0,0,25,150,200,0,0,36
-5,5,11,5,7,2475,B6,LAX,11,94,200,0,0,25,150,200,0,0,36
-1,5,11,5,19,2475,DL,LAX,11,94,200,0,0,25,150,200,0,0,36
-6,5,11,5,6,2475,AA,LAX,11,94,200,0,0,25,150,200,0,0,36
-7,5,11,5,7,2475,AA,LAX,11,94,200,0,0,25,150,200,0,0,36
-1,5,11,5,9,2475,DL,LAX,11,94,200,0,0,25,150,200,0,0,36
4,5,11,5,15,2475,AA,LAX,11,94,200,0,0,25,150,200,0,0,36
66,5,11,5,21,2475,AA,LAX,11,94,200,0,0,25,150,200,0,0,36
143,5,11,5,16,2475,B6,LAX,11,94,200,0,0,25,150,200,0,0,36
-2,5,11,5,7,2475,DL,LAX,11,94,200,0,0,25,150,200,0,0,36
15,5,11,5,21,2475,DL,LAX,11,94,200,0,0,25,150,200,0,0,36
-2,5,11,5,12,2475,DL,LAX,11,94,200,0,0,25,150,200,0,0,36
-7,5,11,5,9,2475,AA,LAX,11,94,200,0,0,25,150,200,0,0,36
-9,5,11,5,10,2475,AA,LAX,11,94,200,0,0,25,150,200,0,0,36
-2,5,11,5,15,2475,DL,LAX,11,94,200,0,0,25,150,200,0,0,36
-3,5,11,5,20,2475,B6,LAX,11,94,200,0,0,25,150,200,0,0,36
4,5,11,5,9,2475,B6,LAX,11,94,200,0,0,25,150,200,0,0,36
180,5,11,5,19,2475,AA,LAX,11,94,200,0,0,25,150,200,0,0,36
-3,5,11,5,11,2475,UA,LAX,11,94,200,0,0,25,150,200,0,0,36
3,5,11,5,17,2475,UA,LAX,11,94,200,0,0,25,150,200,0,0,36
-8,5,11,5,8,2475,UA,LAX,11,94,200,0,0,25,150,200,0,0,36
-2,5,11,5,6,2475,UA,LAX,11,94,200,0,0,25,150,200,0,0,36
9,5,11,5,9,2475,VX,LAX,11,94,200,0,0,25,150,200,0,0,36
7,5,11,5,7,2475,VX,LAX,11,94,200,0,0,25,150,200,0,0,36
8,5,11,5,15,2475,UA,LAX,11,94,200,0,0,25,150,200,0,0,36
3,5,11,5,21,2475,UA,LAX,11,94,200,0,0,25,150,200,0,0,36
18,5,11,5,20,2475,VX,LAX,11,94,200,0,0,25,150,200,0,0,36
4,5,11,5,16,2475,VX,LAX,11,94,200,0,0,25,150,200,0,0,36
-2,5,11,5,13,2475,VX,LAX,11,94,200,0,0,25,150,200,0,0,36
1,5,11,5,11,2475,VX,LAX,11,94,200,0,0,25,150,200,0,0,36
0,5,29,2,7,2475,VX,LAX,3,200,317,53,0,20,150,233,0,0,34
77,5,29,2,9,2475,VX,LAX,3,200,317,53,0,20,150,233,0,0,34
0,5,29,2,11,2475,VX,LAX,3,200,317,53,0,20,150,233,0,0,34
32,5,29,2,13,2475,VX,LAX,3,200,317,53,0,20,150,233,0,0,34
19,5,29,2,16,2475,VX,LAX,3,200,317,53,0,20,150,233,0,0,34
321,5,29,2,20,2475,VX,LAX,3,200,317,53,0,20,150,233,0,0,34
237,5,29,2,21,2475,AA,LAX,3,200,317,53,0,20,150,233,0,0,34
1,5,29,2,6,2475,AA,LAX,3,200,317,53,0,20,150,233,0,0,34
-3,5,29,2,16,2475,AA,LAX,3,200,317,53,0,20,150,233,0,0,34
-4,5,29,2,15,2475,AA,LAX,3,200,317,53,0,20,150,233,0,0,34
-2,5,29,2,13,2475,AA,LAX,3,200,317,53,0,20,150,233,0,0,34
-6,5,29,2,7,2475,AA,LAX,3,200,317,53,0,20,150,233,0,0,34
37,5,29,2,19,2475,AA,LAX,3,200,317,53,0,20,150,233,0,0,34
14,5,29,2,15,2475,UA,LAX,3,200,317,53,0,20,150,233,0,0,34
34,5,29,2,12,2475,AA,LAX,3,200,317,53,0,20,150,233,0,0,34
-5,5,29,2,9,2475,B6,LAX,3,200,317,53,0,20,150,233,0,0,34
-10,5,29,2,9,2475,AA,LAX,3,200,317,53,0,20,150,233,0,0,34
-4,5,29,2,19,2475,DL,LAX,3,200,317,53,0,20,150,233,0,0,34
-4,5,29,2,9,2475,DL,LAX,3,200,317,53,0,20,150,233,0,0,34
-4,5,29,2,7,2475,DL,LAX,3,200,317,53,0,20,150,233,0,0,34
-6,5,29,2,12,2475,DL,LAX,3,200,317,53,0,20,150,233,0,0,34
-3,5,29,2,15,2475,DL,LAX,3,200,317,53,0,20,150,233,0,0,34
106,5,29,2,21,2475,DL,LAX,3,200,317,53,0,20,150,233,0,0,34
-4,5,29,2,17,2475,DL,LAX,3,200,317,53,0,20,150,233,0,0,34
-7,5,29,2,7,2475,B6,LAX,3,200,317,53,0,20,150,233,0,0,34
1,5,29,2,16,2475,B6,LAX,3,200,317,53,0,20,150,233,0,0,34
42,5,29,2,20,2475,B6,LAX,3,200,317,53,0,20,150,233,0,0,34
-5,5,29,2,11,2475,UA,LAX,3,200,317,53,0,20,150,233,0,0,34
26,5,29,2,17,2475,UA,LAX,3,200,317,53,0,20,150,233,0,0,34
-7,5,29,2,8,2475,UA,LAX,3,200,317,53,0,20,150,233,0,0,34
-3,5,29,2,6,2475,UA,LAX,3,200,317,53,0,20,150,233,0,0,34
91,5,29,2,21,2475,UA,LAX,3,200,317,53,0,20,150,233,0,0,34
-7,5,29,2,10,2475,AA,LAX,3,200,317,53,0,20,150,233,0,0,34
45,6,7,4,20,2475,B6,LAX,12,144,256,3,0,13,156,233,0,0,31
-3,6,7,4,16,2475,B6,LAX,12,144,256,3,0,13,156,233,0,0,31
-8,6,7,4,7,2475,B6,LAX,12,144,256,3,0,13,156,233,0,0,31
4,6,7,4,6,2475,AA,LAX,12,144,256,3,0,13,156,233,0,0,31
46,6,7,4,21,2475,AA,LAX,12,144,256,3,0,13,156,233,0,0,31
-5,6,7,4,16,2475,AA,LAX,12,144,256,3,0,13,156,233,0,0,31
-8,6,7,4,9,2475,AA,LAX,12,144,256,3,0,13,156,233,0,0,31
33,6,7,4,17,2475,DL,LAX,12,144,256,3,0,13,156,233,0,0,31
-3,6,7,4,19,2475,DL,LAX,12,144,256,3,0,13,156,233,0,0,31
35,6,7,4,9,2475,DL,LAX,12,144,256,3,0,13,156,233,0,0,31
0,6,7,4,15,2475,DL,LAX,12,144,256,3,0,13,156,233,0,0,31
-6,6,7,4,13,2475,DL,LAX,12,144,256,3,0,13,156,233,0,0,31
2,6,7,4,11,2475,DL,LAX,12,144,256,3,0,13,156,233,0,0,31
-4,6,7,4,15,2475,AA,LAX,12,144,256,3,0,13,156,233,0,0,31
86,6,7,4,21,2475,DL,LAX,12,144,256,3,0,13,156,233,0,0,31
-1,6,7,4,13,2475,AA,LAX,12,144,256,3,0,13,156,233,0,0,31
-6,6,7,4,7,2475,AA,LAX,12,144,256,3,0,13,156,233,0,0,31
-3,6,7,4,7,2475,DL,LAX,12,144,256,3,0,13,156,233,0,0,31
-4,6,7,4,19,2475,AA,LAX,12,144,256,3,0,13,156,233,0,0,31
-2,6,7,4,10,2475,AA,LAX,12,144,256,3,0,13,156,233,0,0,31
-7,6,7,4,12,2475,AA,LAX,12,144,256,3,0,13,156,233,0,0,31
28,6,7,4,9,2475,B6,LAX,12,144,256,3,0,13,156,233,0,0,31
-3,6,7,4,6,2475,UA,LAX,12,144,256,3,0,13,156,233,0,0,31
-3,6,7,4,8,2475,UA,LAX,12,144,256,3,0,13,156,233,0,0,31
1,6,7,4,17,2475,UA,LAX,12,144,256,3,0,13,156,233,0,0,31
18,6,7,4,21,2475,UA,LAX,12,144,256,3,0,13,156,233,0,0,31
-2,6,7,4,11,2475,UA,LAX,12,144,256,3,0,13,156,233,0,0,31
-3,6,7,4,15,2475,UA,LAX,12,144,256,3,0,13,156,233,0,0,31
-7,6,7,4,7,2475,VX,LAX,12,144,256,3,0,13,156,233,0,0,31
1,6,7,4,20,2475,VX,LAX,12,144,256,3,0,13,156,233,0,0,31
3,6,7,4,16,2475,VX,LAX,12,144,256,3,0,13,156,233,0,0,31
-3,6,7,4,13,2475,VX,LAX,12,144,256,3,0,13,156,233,0,0,31
-1,6,7,4,11,2475,VX,LAX,12,144,256,3,0,13,156,233,0,0,31
-2,6,7,4,9,2475,VX,LAX,12,144,256,3,0,13,156,233,0,0,31
42,6,12,2,13,2475,VX,LAX,17,183,222,259,0,25,161,189,0,0,34
-8,6,12,2,9,2475,VX,LAX,17,183,222,259,0,25,161,189,0,0,34
-4,6,12,2,11,2475,VX,LAX,17,183,222,259,0,25,161,189,0,0,34
-2,6,12,2,7,2475,VX,LAX,17,183,222,259,0,25,161,189,0,0,34
3,6,12,2,20,2475,VX,LAX,17,183,222,259,0,25,161,189,0,0,34
8,6,12,2,16,2475,VX,LAX,17,183,222,259,0,25,161,189,0,0,34
-2,6,12,2,15,2475,UA,LAX,17,183,222,259,0,25,161,189,0,0,34
-3,6,12,2,11,2475,UA,LAX,17,183,222,259,0,25,161,189,0,0,34
-4,6,12,2,6,2475,UA,LAX,17,183,222,259,0,25,161,189,0,0,34
5,6,12,2,21,2475,UA,LAX,17,183,222,259,0,25,161,189,0,0,34
164,6,12,2,17,2475,UA,LAX,17,183,222,259,0,25,161,189,0,0,34
-6,6,12,2,8,2475,UA,LAX,17,183,222,259,0,25,161,189,0,0,34
19,6,12,2,17,2475,DL,LAX,17,183,222,259,0,25,161,189,0,0,34
-8,6,12,2,15,2475,AA,LAX,17,183,222,259,0,25,161,189,0,0,34
-3,6,12,2,7,2475,B6,LAX,17,183,222,259,0,25,161,189,0,0,34
-4,6,12,2,13,2475,AA,LAX,17,183,222,259,0,25,161,189,0,0,34
-3,6,12,2,6,2475,AA,LAX,17,183,222,259,0,25,161,189,0,0,34
-9,6,12,2,12,2475,AA,LAX,17,183,222,259,0,25,161,189,0,0,34
0,6,12,2,21,2475,AA,LAX,17,183,222,259,0,25,161,189,0,0,34
-5,6,12,2,13,2475,DL,LAX,17,183,222,259,0,25,161,189,0,0,34
-4,6,12,2,7,2475,DL,LAX,17,183,222,259,0,25,161,189,0,0,34
26,6,12,2,11,2475,DL,LAX,17,183,222,259,0,25,161,189,0,0,34
7,6,12,2,19,2475,AA,LAX,17,183,222,259,0,25,161,189,0,0,34
-5,6,12,2,9,2475,AA,LAX,17,183,222,259,0,25,161,189,0,0,34
9,6,12,2,9,2475,B6,LAX,17,183,222,259,0,25,161,189,0,0,34
-3,6,12,2,21,2475,DL,LAX,17,183,222,259,0,25,161,189,0,0,34
-2,6,12,2,15,2475,DL,LAX,17,183,222,259,0,25,161,189,0,0,34
-2,6,12,2,9,2475,DL,LAX,17,183,222,259,0,25,161,189,0,0,34
-5,6,12,2,19,2475,DL,LAX,17,183,222,259,0,25,161,189,0,0,34
-3,6,12,2,20,2475,B6,LAX,17,183,222,259,0,25,161,189,0,0,34
-1,6,12,2,16,2475,AA,LAX,17,183,222,259,0,25,161,189,0,0,34
-8,6,12,2,7,2475,AA,LAX,17,183,222,259,0,25,161,189,0,0,34
-5,6,12,2,10,2475,AA,LAX,17,183,222,259,0,25,161,189,0,0,34
1,6,12,2,16,2475,B6,LAX,17,183,222,259,0,25,161,189,0,0,34
32,7,8,7,7,2475,DL,LAX,4,222,333,23,0,14,139,200,0,0,38
7,7,8,7,11,2475,VX,LAX,4,222,333,23,0,14,139,200,0,0,38
28,7,8,7,9,2475,VX,LAX,4,222,333,23,0,14,139,200,0,0,38
78,7,8,7,7,2475,VX,LAX,4,222,333,23,0,14,139,200,0,0,38
-3,7,8,7,13,2475,VX,LAX,4,222,333,23,0,14,139,200,0,0,38
9,7,8,7,16,2475,VX,LAX,4,222,333,23,0,14,139,200,0,0,38
17,7,8,7,20,2475,VX,LAX,4,222,333,23,0,14,139,200,0,0,38
-2,7,8,7,17,2475,DL,LAX,4,222,333,23,0,14,139,200,0,0,38
60,7,8,7,21,2475,DL,LAX,4,222,333,23,0,14,139,200,0,0,38
-6,7,8,7,11,2475,DL,LAX,4,222,333,23,0,14,139,200,0,0,38
5,7,8,7,19,2475,DL,LAX,4,222,333,23,0,14,139,200,0,0,38
-2,7,8,7,9,2475,DL,LAX,4,222,333,23,0,14,139,200,0,0,38
24,7,8,7,15,2475,DL,LAX,4,222,333,23,0,14,139,200,0,0,38
50,7,8,7,17,2475,UA,LAX,4,222,333,23,0,14,139,200,0,0,38
4,7,8,7,21,2475,UA,LAX,4,222,333,23,0,14,139,200,0,0,38
-5,7,8,7,11,2475,UA,LAX,4,222,333,23,0,14,139,200,0,0,38
-5,7,8,7,15,2475,UA,LAX,4,222,333,23,0,14,139,200,0,0,38
-2,7,8,7,8,2475,UA,LAX,4,222,333,23,0,14,139,200,0,0,38
15,7,8,7,13,2475,DL,LAX,4,222,333,23,0,14,139,200,0,0,38
-1,7,8,7,16,2475,B6,LAX,4,222,333,23,0,14,139,200,0,0,38
-7,7,8,7,12,2475,B6,LAX,4,222,333,23,0,14,139,200,0,0,38
-6,7,8,7,7,2475,B6,LAX,4,222,333,23,0,14,139,200,0,0,38
51,7,8,7,22,2475,B6,LAX,4,222,333,23,0,14,139,200,0,0,38
-7,7,8,7,6,2475,AA,LAX,4,222,333,23,0,14,139,200,0,0,38
2,7,8,7,20,2475,AA,LAX,4,222,333,23,0,14,139,200,0,0,38
2,7,8,7,17,2475,AA,LAX,4,222,333,23,0,14,139,200,0,0,38
25,7,8,7,15,2475,AA,LAX,4,222,333,23,0,14,139,200,0,0,38
2,7,8,7,13,2475,AA,LAX,4,222,333,23,0,14,139,200,0,0,38
3,7,8,7,19,2475,AA,LAX,4,222,333,23,0,14,139,200,0,0,38
-9,7,8,7,10,2475,AA,LAX,4,222,333,23,0,14,139,200,0,0,38
-3,7,8,7,12,2475,AA,LAX,4,222,333,23,0,14,139,200,0,0,38
22,7,8,7,9,2475,AA,LAX,4,222,333,23,0,14,139,200,0,0,38
11,7,8,7,9,2475,B6,LAX,4,222,333,23,0,14,139,200,0,0,38
18,7,8,7,21,2475,B6,LAX,4,222,333,23,0,14,139,200,0,0,38
65,7,13,5,13,2475,AA,LAX,9,233,317,0,0,13,178,244,0,0,27
9,7,13,5,9,2475,AA,LAX,9,233,317,0,0,13,178,244,0,0,27
0,7,13,5,20,2475,AA,LAX,9,233,317,0,0,13,178,244,0,0,27
-6,7,13,5,12,2475,AA,LAX,9,233,317,0,0,13,178,244,0,0,27
-3,7,13,5,10,2475,AA,LAX,9,233,317,0,0,13,178,244,0,0,27
41,7,13,5,17,2475,AA,LAX,9,233,317,0,0,13,178,244,0,0,27
-7,7,13,5,6,2475,AA,LAX,9,233,317,0,0,13,178,244,0,0,27
2,7,13,5,9,2475,B6,LAX,9,233,317,0,0,13,178,244,0,0,27
-2,7,13,5,21,2475,B6,LAX,9,233,317,0,0,13,178,244,0,0,27
-6,7,13,5,19,2475,AA,LAX,9,233,317,0,0,13,178,244,0,0,27
-5,7,13,5,16,2475,B6,LAX,9,233,317,0,0,13,178,244,0,0,27
-5,7,13,5,12,2475,B6,LAX,9,233,317,0,0,13,178,244,0,0,27
-8,7,13,5,7,2475,B6,LAX,9,233,317,0,0,13,178,244,0,0,27
5,7,13,5,22,2475,B6,LAX,9,233,317,0,0,13,178,244,0,0,27
48,7,13,5,15,2475,AA,LAX,9,233,317,0,0,13,178,244,0,0,27
-4,7,13,5,7,2475,DL,LAX,9,233,317,0,0,13,178,244,0,0,27
24,7,13,5,11,2475,DL,LAX,9,233,317,0,0,13,178,244,0,0,27
-8,7,13,5,20,2475,VX,LAX,9,233,317,0,0,13,178,244,0,0,27
-3,7,13,5,21,2475,DL,LAX,9,233,317,0,0,13,178,244,0,0,27
-2,7,13,5,15,2475,DL,LAX,9,233,317,0,0,13,178,244,0,0,27
-5,7,13,5,9,2475,DL,LAX,9,233,317,0,0,13,178,244,0,0,27
-1,7,13,5,19,2475,DL,LAX,9,233,317,0,0,13,178,244,0,0,27
8,7,13,5,17,2475,DL,LAX,9,233,317,0,0,13,178,244,0,0,27
0,7,13,5,13,2475,DL,LAX,9,233,317,0,0,13,178,244,0,0,27
-5,7,13,5,11,2475,UA,LAX,9,233,317,0,0,13,178,244,0,0,27
4,7,13,5,21,2475,UA,LAX,9,233,317,0,0,13,178,244,0,0,27
-5,7,13,5,6,2475,UA,LAX,9,233,317,0,0,13,178,244,0,0,27
-6,7,13,5,15,2475,UA,LAX,9,233,317,0,0,13,178,244,0,0,27
11,7,13,5,7,2475,VX,LAX,9,233,317,0,0,13,178,244,0,0,27
14,7,13,5,8,2475,UA,LAX,9,233,317,0,0,13,178,244,0,0,27
6,7,13,5,17,2475,UA,LAX,9,233,317,0,0,13,178,244,0,0,27
-1,7,13,5,9,2475,VX,LAX,9,233,317,0,0,13,178,244,0,0,27
-5,7,13,5,11,2475,VX,LAX,9,233,317,0,0,13,178,244,0,0,27
-4,7,13,5,13,2475,VX,LAX,9,233,317,0,0,13,178,244,0,0,27
-2,7,13,5,16,2475,VX,LAX,9,233,317,0,0,13,178,244,0,0,27
-2,8,9,4,7,2475,VX,LAX,23,228,311,0,0,13,194,261,0,0,34
-5,8,9,4,8,2475,UA,LAX,23,228,311,0,0,13,194,261,0,0,34
-2,8,9,4,17,2475,UA,LAX,23,228,311,0,0,13,194,261,0,0,34
16,8,9,4,16,2475,VX,LAX,23,228,311,0,0,13,194,261,0,0,34
-1,8,9,4,15,2475,UA,LAX,23,228,311,0,0,13,194,261,0,0,34
-4,8,9,4,6,2475,UA,LAX,23,228,311,0,0,13,194,261,0,0,34
-3,8,9,4,11,2475,UA,LAX,23,228,311,0,0,13,194,261,0,0,34
231,8,9,4,21,2475,UA,LAX,23,228,311,0,0,13,194,261,0,0,34
38,8,9,4,20,2475,VX,LAX,23,228,311,0,0,13,194,261,0,0,34
-3,8,9,4,13,2475,VX,LAX,23,228,311,0,0,13,194,261,0,0,34
-5,8,9,4,11,2475,VX,LAX,23,228,311,0,0,13,194,261,0,0,34
22,8,9,4,9,2475,VX,LAX,23,228,311,0,0,13,194,261,0,0,34
154,8,9,4,20,2475,AA,LAX,23,228,311,0,0,13,194,261,0,0,34
-2,8,9,4,15,2475,DL,LAX,23,228,311,0,0,13,194,261,0,0,34
128,8,9,4,16,2475,B6,LAX,23,228,311,0,0,13,194,261,0,0,34
64,8,9,4,21,2475,B6,LAX,23,228,311,0,0,13,194,261,0,0,34
44,8,9,4,17,2475,AA,LAX,23,228,311,0,0,13,194,261,0,0,34
4,8,9,4,13,2475,AA,LAX,23,228,311,0,0,13,194,261,0,0,34
-3,8,9,4,6,2475,AA,LAX,23,228,311,0,0,13,194,261,0,0,34
59,8,9,4,9,2475,B6,LAX,23,228,311,0,0,13,194,261,0,0,34
-7,8,9,4,9,2475,AA,LAX,23,228,311,0,0,13,194,261,0,0,34
-5,8,9,4,12,2475,AA,LAX,23,228,311,0,0,13,194,261,0,0,34
-5,8,9,4,13,2475,DL,LAX,23,228,311,0,0,13,194,261,0,0,34
-5,8,9,4,9,2475,DL,LAX,23,228,311,0,0,13,194,261,0,0,34
17,8,9,4,19,2475,DL,LAX,23,228,311,0,0,13,194,261,0,0,34
85,8,9,4,22,2475,B6,LAX,23,228,311,0,0,13,194,261,0,0,34
-7,8,9,4,10,2475,AA,LAX,23,228,311,0,0,13,194,261,0,0,34
16,8,9,4,19,2475,AA,LAX,23,228,311,0,0,13,194,261,0,0,34
-1,8,9,4,11,2475,DL,LAX,23,228,311,0,0,13,194,261,0,0,34
-3,8,9,4,7,2475,B6,LAX,23,228,311,0,0,13,194,261,0,0,34
110,8,9,4,21,2475,DL,LAX,23,228,311,0,0,13,194,261,0,0,34
0,8,9,4,12,2475,B6,LAX,23,228,311,0,0,13,194,261,0,0,34
-3,8,9,4,7,2475,DL,LAX,23,228,311,0,0,13,194,261,0,0,34
19,8,9,4,15,2475,AA,LAX,23,228,311,0,0,13,194,261,0,0,34
25,8,9,4,17,2475,DL,LAX,23,228,311,0,0,13,194,261,0,0,34
-6,8,14,2,6,2475,AA,LAX,18,222,261,3,0,10,194,256,0,0,35
1,8,14,2,20,2475,AA,LAX,18,222,261,3,0,10,194,256,0,0,35
-6,8,14,2,17,2475,AA,LAX,18,222,261,3,0,10,194,256,0,0,35
20,8,14,2,15,2475,AA,LAX,18,222,261,3,0,10,194,256,0,0,35
-6,8,14,2,13,2475,AA,LAX,18,222,261,3,0,10,194,256,0,0,35
-2,8,14,2,19,2475,AA,LAX,18,222,261,3,0,10,194,256,0,0,35
39,8,14,2,17,2475,DL,LAX,18,222,261,3,0,10,194,256,0,0,35
-2,8,14,2,19,2475,DL,LAX,18,222,261,3,0,10,194,256,0,0,35
-3,8,14,2,9,2475,DL,LAX,18,222,261,3,0,10,194,256,0,0,35
-5,8,14,2,15,2475,DL,LAX,18,222,261,3,0,10,194,256,0,0,35
16,8,14,2,7,2475,DL,LAX,18,222,261,3,0,10,194,256,0,0,35
-5,8,14,2,10,2475,AA,LAX,18,222,261,3,0,10,194,256,0,0,35
12,8,14,2,22,2475,B6,LAX,18,222,261,3,0,10,194,256,0,0,35
51,8,14,2,7,2475,B6,LAX,18,222,261,3,0,10,194,256,0,0,35
-6,8,14,2,12,2475,B6,LAX,18,222,261,3,0,10,194,256,0,0,35
16,8,14,2,16,2475,B6,LAX,18,222,261,3,0,10,194,256,0,0,35
-1,8,14,2,11,2475,DL,LAX,18,222,261,3,0,10,194,256,0,0,35
4,8,14,2,21,2475,B6,LAX,18,222,261,3,0,10,194,256,0,0,35
15,8,14,2,9,2475,B6,LAX,18,222,261,3,0,10,194,256,0,0,35
-2,8,14,2,13,2475,DL,LAX,18,222,261,3,0,10,194,256,0,0,35
-7,8,14,2,12,2475,AA,LAX,18,222,261,3,0,10,194,256,0,0,35
3,8,14,2,21,2475,DL,LAX,18,222,261,3,0,10,194,256,0,0,35
-8,8,14,2,9,2475,AA,LAX,18,222,261,3,0,10,194,256,0,0,35
0,8,14,2,8,2475,UA,LAX,18,222,261,3,0,10,194,256,0,0,35
-8,8,14,2,6,2475,UA,LAX,18,222,261,3,0,10,194,256,0,0,35
-4,8,14,2,15,2475,UA,LAX,18,222,261,3,0,10,194,256,0,0,35
-1,8,14,2,7,2475,VX,LAX,18,222,261,3,0,10,194,256,0,0,35
0,8,14,2,9,2475,VX,LAX,18,222,261,3,0,10,194,256,0,0,35
-8,8,14,2,11,2475,VX,LAX,18,222,261,3,0,10,194,256,0,0,35
1,8,14,2,13,2475,VX,LAX,18,222,261,3,0,10,194,256,0,0,35
10,8,14,2,16,2475,VX,LAX,18,222,261,3,0,10,194,256,0,0,35
22,8,14,2,20,2475,VX,LAX,18,222,261,3,0,10,194,256,0,0,35
11,8,14,2,21,2475,UA,LAX,18,222,261,3,0,10,194,256,0,0,35
-3,8,14,2,11,2475,UA,LAX,18,222,261,3,0,10,194,256,0,0,35
9,8,14,2,17,2475,UA,LAX,18,222,261,3,0,10,194,256,0,0,35
-3,9,15,6,7,2475,VX,LAX,14,156,228,3,0,20,217,367,0,0,27
3,9,15,6,20,2475,VX,LAX,14,156,228,3,0,20,217,367,0,0,27
0,9,15,6,16,2475,VX,LAX,14,156,228,3,0,20,217,367,0,0,27
10,9,15,6,13,2475,VX,LAX,14,156,228,3,0,20,217,367,0,0,27
-2,9,15,6,11,2475,VX,LAX,14,156,228,3,0,20,217,367,0,0,27
-4,9,15,6,9,2475,VX,LAX,14,156,228,3,0,20,217,367,0,0,27
-3,9,15,6,6,2475,UA,LAX,14,156,228,3,0,20,217,367,0,0,27
-5,9,15,6,8,2475,UA,LAX,14,156,228,3,0,20,217,367,0,0,27
-3,9,15,6,17,2475,DL,LAX,14,156,228,3,0,20,217,367,0,0,27
-5,9,15,6,20,2475,B6,LAX,14,156,228,3,0,20,217,367,0,0,27
-3,9,15,6,15,2475,DL,LAX,14,156,228,3,0,20,217,367,0,0,27
-3,9,15,6,19,2475,DL,LAX,14,156,228,3,0,20,217,367,0,0,27
-5,9,15,6,9,2475,DL,LAX,14,156,228,3,0,20,217,367,0,0,27
-10,9,15,6,17,2475,UA,LAX,14,156,228,3,0,20,217,367,0,0,27
-5,9,15,6,13,2475,DL,LAX,14,156,228,3,0,20,217,367,0,0,27
0,9,15,6,11,2475,UA,LAX,14,156,228,3,0,20,217,367,0,0,27
17,9,15,6,9,2475,B6,LAX,14,156,228,3,0,20,217,367,0,0,27
-4,9,15,6,16,2475,B6,LAX,14,156,228,3,0,20,217,367,0,0,27
-9,9,15,6,7,2475,B6,LAX,14,156,228,3,0,20,217,367,0,0,27
18,9,15,6,15,2475,UA,LAX,14,156,228,3,0,20,217,367,0,0,27
-1,9,15,6,11,2475,DL,LAX,14,156,228,3,0,20,217,367,0,0,27
1,9,15,6,13,2475,AA,LAX,14,156,228,3,0,20,217,367,0,0,27
-1,9,15,6,16,2475,AA,LAX,14,156,228,3,0,20,217,367,0,0,27
-9,9,15,6,19,2475,AA,LAX,14,156,228,3,0,20,217,367,0,0,27
-5,9,15,6,12,2475,AA,LAX,14,156,228,3,0,20,217,367,0,0,27
2,9,15,6,9,2475,AA,LAX,14,156,228,3,0,20,217,367,0,0,27
-2,9,15,6,10,2475,AA,LAX,14,156,228,3,0,20,217,367,0,0,27
-2,9,15,6,6,2475,AA,LAX,14,156,228,3,0,20,217,367,0,0,27
27,9,15,6,15,2475,AA,LAX,14,156,228,3,0,20,217,367,0,0,27
2,9,20,4,13,2475,AA,LAX,19,122,206,0,0,25,189,256,0,0,28
7,9,20,4,19,2475,AA,LAX,19,122,206,0,0,25,189,256,0,0,28
-6,9,20,4,15,2475,AA,LAX,19,122,206,0,0,25,189,256,0,0,28
35,9,20,4,16,2475,AA,LAX,19,122,206,0,0,25,189,256,0,0,28
-4,9,20,4,20,2475,AA,LAX,19,122,206,0,0,25,189,256,0,0,28
-5,9,20,4,10,2475,AA,LAX,19,122,206,0,0,25,189,256,0,0,28
-5,9,20,4,6,2475,AA,LAX,19,122,206,0,0,25,189,256,0,0,28
-6,9,20,4,9,2475,AA,LAX,19,122,206,0,0,25,189,256,0,0,28
-7,9,20,4,12,2475,AA,LAX,19,122,206,0,0,25,189,256,0,0,28
-5,9,20,4,8,2475,UA,LAX,19,122,206,0,0,25,189,256,0,0,28
-1,9,20,4,15,2475,UA,LAX,19,122,206,0,0,25,189,256,0,0,28
0,9,20,4,6,2475,UA,LAX,19,122,206,0,0,25,189,256,0,0,28
-7,9,20,4,11,2475,UA,LAX,19,122,206,0,0,25,189,256,0,0,28
-6,9,20,4,21,2475,UA,LAX,19,122,206,0,0,25,189,256,0,0,28
4,9,20,4,17,2475,UA,LAX,19,122,206,0,0,25,189,256,0,0,28
-1,9,20,4,9,2475,DL,LAX,19,122,206,0,0,25,189,256,0,0,28
-4,9,20,4,9,2475,B6,LAX,19,122,206,0,0,25,189,256,0,0,28
-5,9,20,4,17,2475,DL,LAX,19,122,206,0,0,25,189,256,0,0,28
-8,9,20,4,7,2475,DL,LAX,19,122,206,0,0,25,189,256,0,0,28
-2,9,20,4,19,2475,DL,LAX,19,122,206,0,0,25,189,256,0,0,28
4,9,20,4,15,2475,DL,LAX,19,122,206,0,0,25,189,256,0,0,28
9,9,20,4,13,2475,DL,LAX,19,122,206,0,0,25,189,256,0,0,28
-2,9,20,4,11,2475,DL,LAX,19,122,206,0,0,25,189,256,0,0,28
7,9,20,4,21,2475,DL,LAX,19,122,206,0,0,25,189,256,0,0,28
-2,9,20,4,20,2475,B6,LAX,19,122,206,0,0,25,189,256,0,0,28
-5,9,20,4,7,2475,B6,LAX,19,122,206,0,0,25,189,256,0,0,28
-6,9,20,4,12,2475,B6,LAX,19,122,206,0,0,25,189,256,0,0,28
-3,9,20,4,16,2475,B6,LAX,19,122,206,0,0,25,189,256,0,0,28
-5,9,20,4,20,2475,VX,LAX,19,122,206,0,0,25,189,256,0,0,28
11,9,20,4,7,2475,VX,LAX,19,122,206,0,0,25,189,256,0,0,28
0,9,20,4,9,2475,VX,LAX,19,122,206,0,0,25,189,256,0,0,28
-1,9,20,4,11,2475,VX,LAX,19,122,206,0,0,25,189,256,0,0,28
-3,9,20,4,13,2475,VX,LAX,19,122,206,0,0,25,189,256,0,0,28
17,9,20,4,16,2475,VX,LAX,19,122,206,0,0,25,189,256,0,0,28
-3,10,6,6,15,2475,UA,LAX,7,122,250,0,0,25,167,244,0,0,25
1,10,6,6,11,2475,VX,LAX,7,122,250,0,0,25,167,244,0,0,25
-5,10,6,6,13,2475,VX,LAX,7,122,250,0,0,25,167,244,0,0,25
-5,10,6,6,8,2475,UA,LAX,7,122,250,0,0,25,167,244,0,0,25
-9,10,6,6,20,2475,VX,LAX,7,122,250,0,0,25,167,244,0,0,25
-1,10,6,6,16,2475,VX,LAX,7,122,250,0,0,25,167,244,0,0,25
-6,10,6,6,7,2475,VX,LAX,7,122,250,0,0,25,167,244,0,0,25
-5,10,6,6,17,2475,UA,LAX,7,122,250,0,0,25,167,244,0,0,25
7,10,6,6,6,2475,UA,LAX,7,122,250,0,0,25,167,244,0,0,25
-9,10,6,6,9,2475,VX,LAX,7,122,250,0,0,25,167,244,0,0,25
-5,10,6,6,11,2475,UA,LAX,7,122,250,0,0,25,167,244,0,0,25
-6,10,6,6,15,2475,AA,LAX,7,122,250,0,0,25,167,244,0,0,25
13,10,6,6,17,2475,AA,LAX,7,122,250,0,0,25,167,244,0,0,25
-2,10,6,6,16,2475,B6,LAX,7,122,250,0,0,25,167,244,0,0,25
46,10,6,6,19,2475,DL,LAX,7,122,250,0,0,25,167,244,0,0,25
-5,10,6,6,9,2475,DL,LAX,7,122,250,0,0,25,167,244,0,0,25
5,10,6,6,9,2475,AA,LAX,7,122,250,0,0,25,167,244,0,0,25
3,10,6,6,13,2475,AA,LAX,7,122,250,0,0,25,167,244,0,0,25
-7,10,6,6,7,2475,B6,LAX,7,122,250,0,0,25,167,244,0,0,25
-2,10,6,6,17,2475,DL,LAX,7,122,250,0,0,25,167,244,0,0,25
-4,10,6,6,11,2475,DL,LAX,7,122,250,0,0,25,167,244,0,0,25
-1,10,6,6,15,2475,DL,LAX,7,122,250,0,0,25,167,244,0,0,25
-8,10,6,6,13,2475,DL,LAX,7,122,250,0,0,25,167,244,0,0,25
-3,10,6,6,12,2475,AA,LAX,7,122,250,0,0,25,167,244,0,0,25
-1,10,6,6,6,2475,AA,LAX,7,122,250,0,0,25,167,244,0,0,25
-6,10,6,6,20,2475,B6,LAX,7,122,250,0,0,25,167,244,0,0,25
42,10,6,6,19,2475,AA,LAX,7,122,250,0,0,25,167,244,0,0,25
11,10,6,6,10,2475,AA,LAX,7,122,250,0,0,25,167,244,0,0,25
-1,10,6,6,9,2475,B6,LAX,7,122,250,0,0,25,167,244,0,0,25
7,10,11,4,13,2475,VX,LAX,2,83,150,0,0,25,150,217,28,0,24
-3,10,11,4,9,2475,VX,LAX,2,83,150,0,0,25,150,217,28,0,24
4,10,11,4,15,2475,UA,LAX,2,83,150,0,0,25,150,217,28,0,24
-3,10,11,4,8,2475,UA,LAX,2,83,150,0,0,25,150,217,28,0,24
-1,10,11,4,17,2475,UA,LAX,2,83,150,0,0,25,150,217,28,0,24
-3,10,11,4,11,2475,UA,LAX,2,83,150,0,0,25,150,217,28,0,24
-6,10,11,4,21,2475,UA,LAX,2,83,150,0,0,25,150,217,28,0,24
10,10,11,4,6,2475,UA,LAX,2,83,150,0,0,25,150,217,28,0,24
-3,10,11,4,7,2475,VX,LAX,2,83,150,0,0,25,150,217,28,0,24
1,10,11,4,11,2475,VX,LAX,2,83,150,0,0,25,150,217,28,0,24
-6,10,11,4,16,2475,VX,LAX,2,83,150,0,0,25,150,217,28,0,24
-3,10,11,4,20,2475,VX,LAX,2,83,150,0,0,25,150,217,28,0,24
-3,10,11,4,11,2475,DL,LAX,2,83,150,0,0,25,150,217,28,0,24
-5,10,11,4,9,2475,B6,LAX,2,83,150,0,0,25,150,217,28,0,24
0,10,11,4,9,2475,AA,LAX,2,83,150,0,0,25,150,217,28,0,24
-3,10,11,4,17,2475,DL,LAX,2,83,150,0,0,25,150,217,28,0,24
-6,10,11,4,15,2475,AA,LAX,2,83,150,0,0,25,150,217,28,0,24
2,10,11,4,19,2475,AA,LAX,2,83,150,0,0,25,150,217,28,0,24
-5,10,11,4,7,2475,DL,LAX,2,83,150,0,0,25,150,217,28,0,24
-4,10,11,4,19,2475,DL,LAX,2,83,150,0,0,25,150,217,28,0,24
-2,10,11,4,13,2475,AA,LAX,2,83,150,0,0,25,150,217,28,0,24
-9,10,11,4,9,2475,DL,LAX,2,83,150,0,0,25,150,217,28,0,24
-8,10,11,4,6,2475,AA,LAX,2,83,150,0,0,25,150,217,28,0,24
9,10,11,4,15,2475,DL,LAX,2,83,150,0,0,25,150,217,28,0,24
-5,10,11,4,13,2475,DL,LAX,2,83,150,0,0,25,150,217,28,0,24
-3,10,11,4,10,2475,AA,LAX,2,83,150,0,0,25,150,217,28,0,24
11,10,11,4,20,2475,AA,LAX,2,83,150,0,0,25,150,217,28,0,24
-4,10,11,4,21,2475,DL,LAX,2,83,150,0,0,25,150,217,28,0,24
26,10,11,4,20,2475,B6,LAX,2,83,150,0,0,25,150,217,28,0,24
0,10,11,4,7,2475,B6,LAX,2,83,150,0,0,25,150,217,28,0,24
-7,10,11,4,12,2475,B6,LAX,2,83,150,0,0,25,150,217,28,0,24
4,10,11,4,16,2475,B6,LAX,2,83,150,0,0,25,150,217,28,0,24
-8,10,11,4,12,2475,AA,LAX,2,83,150,0,0,25,150,217,28,0,24
3,10,11,4,17,2475,AA,LAX,2,83,150,0,0,25,150,217,28,0,24
-4,11,7,3,11,2475,UA,LAX,4,-6,50,284,109,47,167,189,0,0,26
-5,11,7,3,8,2475,UA,LAX,4,-6,50,284,109,47,167,189,0,0,26
-3,11,7,3,13,2475,DL,LAX,4,-6,50,284,109,47,167,189,0,0,26
44,11,7,3,15,2475,DL,LAX,4,-6,50,284,109,47,167,189,0,0,26
63,11,7,3,9,2475,DL,LAX,4,-6,50,284,109,47,167,189,0,0,26
3,11,7,3,9,2475,VX,LAX,4,-6,50,284,109,47,167,189,0,0,26
2,11,7,3,11,2475,VX,LAX,4,-6,50,284,109,47,167,189,0,0,26
-1,11,7,3,7,2475,B6,LAX,4,-6,50,284,109,47,167,189,0,0,26
-1,11,7,3,13,2475,VX,LAX,4,-6,50,284,109,47,167,189,0,0,26
45,11,7,3,12,2475,B6,LAX,4,-6,50,284,109,47,167,189,0,0,26
7,11,7,3,16,2475,B6,LAX,4,-6,50,284,109,47,167,189,0,0,26
58,11,7,3,20,2475,B6,LAX,4,-6,50,284,109,47,167,189,0,0,26
0,11,7,3,9,2475,B6,LAX,4,-6,50,284,109,47,167,189,0,0,26
-1,11,7,3,7,2475,DL,LAX,4,-6,50,284,109,47,167,189,0,0,26
-5,11,7,3,11,2475,DL,LAX,4,-6,50,284,109,47,167,189,0,0,26
0,11,7,3,6,2475,UA,LAX,4,-6,50,284,109,47,167,189,0,0,26
-1,11,7,3,9,2475,AA,LAX,4,-6,50,284,109,47,167,189,0,0,26
56,11,7,3,10,2475,AA,LAX,4,-6,50,284,109,47,167,189,0,0,26
123,11,7,3,12,2475,AA,LAX,4,-6,50,284,109,47,167,189,0,0,26
6,11,7,3,13,2475,AA,LAX,4,-6,50,284,109,47,167,189,0,0,26
-4,11,7,3,6,2475,AA,LAX,4,-6,50,284,109,47,167,189,0,0,26
33,11,12,1,11,2475,VX,LAX,1,89,189,0,0,17,83,228,0,0,21
5,11,12,1,9,2475,VX,LAX,1,89,189,0,0,17,83,228,0,0,21
60,11,12,1,7,2475,VX,LAX,1,89,189,0,0,17,83,228,0,0,21
87,11,12,1,7,2475,DL,LAX,1,89,189,0,0,17,83,228,0,0,21
-12,11,12,1,6,2475,UA,LAX,1,89,189,0,0,17,83,228,0,0,21
40,11,12,1,11,2475,DL,LAX,1,89,189,0,0,17,83,228,0,0,21
8,11,12,1,13,2475,DL,LAX,1,89,189,0,0,17,83,228,0,0,21
8,11,12,1,19,2475,DL,LAX,1,89,189,0,0,17,83,228,0,0,21
-3,11,12,1,9,2475,DL,LAX,1,89,189,0,0,17,83,228,0,0,21
2,11,12,1,17,2475,DL,LAX,1,89,189,0,0,17,83,228,0,0,21
-15,11,12,1,17,2475,UA,LAX,1,89,189,0,0,17,83,228,0,0,21
-4,11,12,1,8,2475,UA,LAX,1,89,189,0,0,17,83,228,0,0,21
46,11,12,1,21,2475,DL,LAX,1,89,189,0,0,17,83,228,0,0,21
-5,11,12,1,15,2475,DL,LAX,1,89,189,0,0,17,83,228,0,0,21
60,11,12,1,15,2475,UA,LAX,1,89,189,0,0,17,83,228,0,0,21
-7,11,12,1,13,2475,VX,LAX,1,89,189,0,0,17,83,228,0,0,21
254,11,12,1,16,2475,VX,LAX,1,89,189,0,0,17,83,228,0,0,21
70,11,12,1,20,2475,VX,LAX,1,89,189,0,0,17,83,228,0,0,21
144,11,12,1,9,2475,B6,LAX,1,89,189,0,0,17,83,228,0,0,21
39,11,12,1,20,2475,B6,LAX,1,89,189,0,0,17,83,228,0,0,21
18,11,12,1,16,2475,B6,LAX,1,89,189,0,0,17,83,228,0,0,21
10,11,12,1,12,2475,B6,LAX,1,89,189,0,0,17,83,228,0,0,21
2,11,12,1,7,2475,B6,LAX,1,89,189,0,0,17,83,228,0,0,21
-8,11,12,1,11,2475,UA,LAX,1,89,189,0,0,17,83,228,0,0,21
-10,11,12,1,20,2475,UA,LAX,1,89,189,0,0,17,83,228,0,0,21
-4,11,12,1,6,2475,AA,LAX,1,89,189,0,0,17,83,228,0,0,21
6,11,12,1,21,2475,AA,LAX,1,89,189,0,0,17,83,228,0,0,21
3,11,12,1,13,2475,AA,LAX,1,89,189,0,0,17,83,228,0,0,21
19,11,12,1,19,2475,AA,LAX,1,89,189,0,0,17,83,228,0,0,21
-7,11,12,1,9,2475,AA,LAX,1,89,189,0,0,17,83,228,0,0,21
22,11,12,1,15,2475,AA,LAX,1,89,189,0,0,17,83,228,0,0,21
3,11,12,1,10,2475,AA,LAX,1,89,189,0,0,17,83,228,0,0,21
-5,11,12,1,12,2475,AA,LAX,1,89,189,0,0,17,83,228,0,0,21
11,11,12,1,17,2475,AA,LAX,1,89,189,0,0,17,83,228,0,0,21
-1,12,8,6,9,2475,VX,LAX,11,67,100,91,0,14,117,189,0,0,14
-5,12,8,6,13,2475,VX,LAX,11,67,100,91,0,14,117,189,0,0,14
-6,12,8,6,20,2475,VX,LAX,11,67,100,91,0,14,117,189,0,0,14
-3,12,8,6,16,2475,VX,LAX,11,67,100,91,0,14,117,189,0,0,14
-5,12,8,6,11,2475,VX,LAX,11,67,100,91,0,14,117,189,0,0,14
-7,12,8,6,15,2475,DL,LAX,11,67,100,91,0,14,117,189,0,0,14
-3,12,8,6,16,2475,AA,LAX,11,67,100,91,0,14,117,189,0,0,14
-7,12,8,6,12,2475,B6,LAX,11,67,100,91,0,14,117,189,0,0,14
7,12,8,6,16,2475,B6,LAX,11,67,100,91,0,14,117,189,0,0,14
-1,12,8,6,20,2475,B6,LAX,11,67,100,91,0,14,117,189,0,0,14
-3,12,8,6,9,2475,B6,LAX,11,67,100,91,0,14,117,189,0,0,14
30,12,8,6,15,2475,AA,LAX,11,67,100,91,0,14,117,189,0,0,14
-8,12,8,6,13,2475,AA,LAX,11,67,100,91,0,14,117,189,0,0,14
3,12,8,6,19,2475,AA,LAX,11,67,100,91,0,14,117,189,0,0,14
-5,12,8,6,19,2475,DL,LAX,11,67,100,91,0,14,117,189,0,0,14
-3,12,8,6,9,2475,DL,LAX,11,67,100,91,0,14,117,189,0,0,14
-2,12,8,6,12,2475,DL,LAX,11,67,100,91,0,14,117,189,0,0,14
-4,12,8,6,17,2475,DL,LAX,11,67,100,91,0,14,117,189,0,0,14
-4,12,8,6,10,2475,AA,LAX,11,67,100,91,0,14,117,189,0,0,14
-8,12,8,6,12,2475,AA,LAX,11,67,100,91,0,14,117,189,0,0,14
-8,12,8,6,9,2475,AA,LAX,11,67,100,91,0,14,117,189,0,0,14
-9,12,8,6,15,2475,UA,LAX,11,67,100,91,0,14,117,189,0,0,14
-8,12,8,6,8,2475,UA,LAX,11,67,100,91,0,14,117,189,0,0,14
-2,12,8,6,15,2475,UA,LAX,11,67,100,91,0,14,117,189,0,0,14
0,12,8,6,11,2475,UA,LAX,11,67,100,91,0,14,117,189,0,0,14
-3,12,8,6,6,2475,UA,LAX,11,67,100,91,0,14,117,189,0,0,14
-5,12,8,6,21,2475,AA,LAX,11,67,100,91,0,14,117,189,0,0,14
-1,12,13,4,20,2475,VX,LAX,12,22,78,0,0,7,100,156,0,0,32
13,12,13,4,13,2475,VX,LAX,12,22,78,0,0,7,100,156,0,0,32
-1,12,13,4,11,2475,VX,LAX,12,22,78,0,0,7,100,156,0,0,32
-2,12,13,4,9,2475,VX,LAX,12,22,78,0,0,7,100,156,0,0,32
-5,12,13,4,7,2475,VX,LAX,12,22,78,0,0,7,100,156,0,0,32
-1,12,13,4,16,2475,VX,LAX,12,22,78,0,0,7,100,156,0,0,32
-5,12,13,4,7,2475,DL,LAX,12,22,78,0,0,7,100,156,0,0,32
-2,12,13,4,11,2475,UA,LAX,12,22,78,0,0,7,100,156,0,0,32
-4,12,13,4,20,2475,UA,LAX,12,22,78,0,0,7,100,156,0,0,32
1,12,13,4,6,2475,UA,LAX,12,22,78,0,0,7,100,156,0,0,32
-4,12,13,4,8,2475,UA,LAX,12,22,78,0,0,7,100,156,0,0,32
124,12,13,4,16,2475,AA,LAX,12,22,78,0,0,7,100,156,0,0,32
-3,12,13,4,10,2475,AA,LAX,12,22,78,0,0,7,100,156,0,0,32
18,12,13,4,9,2475,B6,LAX,12,22,78,0,0,7,100,156,0,0,32
-2,12,13,4,20,2475,B6,LAX,12,22,78,0,0,7,100,156,0,0,32
-5,12,13,4,16,2475,B6,LAX,12,22,78,0,0,7,100,156,0,0,32
-2,12,13,4,12,2475,B6,LAX,12,22,78,0,0,7,100,156,0,0,32
-7,12,13,4,7,2475,B6,LAX,12,22,78,0,0,7,100,156,0,0,32
-5,12,13,4,13,2475,AA,LAX,12,22,78,0,0,7,100,156,0,0,32
-3,12,13,4,17,2475,DL,LAX,12,22,78,0,0,7,100,156,0,0,32
-3,12,13,4,15,2475,DL,LAX,12,22,78,0,0,7,100,156,0,0,32
-1,12,13,4,21,2475,DL,LAX,12,22,78,0,0,7,100,156,0,0,32
-2,12,13,4,7,2475,AA,LAX,12,22,78,0,0,7,100,156,0,0,32
-6,12,13,4,19,2475,AA,LAX,12,22,78,0,0,7,100,156,0,0,32
-6,12,13,4,12,2475,AA,LAX,12,22,78,0,0,7,100,156,0,0,32
0,12,13,4,21,2475,AA,LAX,12,22,78,0,0,7,100,156,0,0,32
-1,12,13,4,12,2475,DL,LAX,12,22,78,0,0,7,100,156,0,0,32
44,12,13,4,9,2475,AA,LAX,12,22,78,0,0,7,100,156,0,0,32
18,12,13,4,15,2475,AA,LAX,12,22,78,0,0,7,100,156,0,0,32
-6,12,13,4,17,2475,UA,LAX,12,22,78,0,0,7,100,156,0,0,32
11,12,13,4,15,2475,UA,LAX,12,22,78,0,0,7,100,156,0,0,32
-2,12,13,4,19,2475,DL,LAX,12,22,78,0,0,7,100,156,0,0,32
-2,12,13,4,9,2475,DL,LAX,12,22,78,0,0,7,100,156,0,0,32
