27,1,5,4,17,2475,UA,LAX,4,-28,44,0,0,28,150,283,0,0,23
-4,1,5,4,15,2475,UA,LAX,4,-28,44,0,0,28,150,283,0,0,23
2,1,5,4,11,2475,UA,LAX,4,-28,44,0,0,28,150,283,0,0,23
0,1,5,4,20,2475,UA,LAX,4,-28,44,0,0,28,150,283,0,0,23
15,1,5,4,6,2475,UA,LAX,4,-28,44,0,0,28,150,283,0,0,23
-2,1,5,4,8,2475,UA,LAX,4,-28,44,0,0,28,150,283,0,0,23
-6,1,5,4,13,2475,AA,LAX,4,-28,44,0,0,28,150,283,0,0,23
-3,1,5,4,7,2475,DL,LAX,4,-28,44,0,0,28,150,283,0,0,23
19,1,5,4,20,2475,B6,LAX,4,-28,44,0,0,28,150,283,0,0,23
12,1,5,4,16,2475,VX,LAX,4,-28,44,0,0,28,150,283,0,0,23
-4,1,5,4,7,2475,DL,LAX,4,-28,44,0,0,28,150,283,0,0,23
-3,1,5,4,19,2475,AA,LAX,4,-28,44,0,0,28,150,283,0,0,23
3,1,5,4,12,2475,DL,LAX,4,-28,44,0,0,28,150,283,0,0,23
-2,1,5,4,12,2475,AA,LAX,4,-28,44,0,0,28,150,283,0,0,23
0,1,5,4,13,2475,VX,LAX,4,-28,44,0,0,28,150,283,0,0,23
9,1,5,4,15,2475,AA,LAX,4,-28,44,0,0,28,150,283,0,0,23
-9,1,5,4,15,2475,DL,LAX,4,-28,44,0,0,28,150,283,0,0,23
3,1,5,4,11,2475,VX,LAX,4,-28,44,0,0,28,150,283,0,0,23
-4,1,5,4,7,2475,B6,LAX,4,-28,44,0,0,28,150,283,0,0,23
20,1,5,4,20,2475,VX,LAX,4,-28,44,0,0,28,150,283,0,0,23
-2,1,5,4,9,2475,AA,LAX,4,-28,44,0,0,28,150,283,0,0,23
-1,1,5,4,9,2475,DL,LAX,4,-28,44,0,0,28,150,283,0,0,23
-4,1,5,4,9,2475,VX,LAX,4,-28,44,0,0,28,150,283,0,0,23
-5,1,5,4,16,2475,B6,LAX,4,-28,44,0,0,28,150,283,0,0,23
-4,1,5,4,21,2475,DL,LAX,4,-28,44,0,0,28,150,283,0,0,23
-1,1,5,4,10,2475,AA,LAX,4,-28,44,0,0,28,150,283,0,0,23
5,1,5,4,7,2475,VX,LAX,4,-28,44,0,0,28,150,283,0,0,23
-3,1,5,4,19,2475,DL,LAX,4,-28,44,0,0,28,150,283,0,0,23
-4,1,5,4,17,2475,DL,LAX,4,-28,44,0,0,28,150,283,0,0,23
-3,1,5,4,6,2475,AA,LAX,4,-28,44,0,0,28,150,283,0,0,23
-5,1,5,4,16,2475,AA,LAX,4,-28,44,0,0,28,150,283,0,0,23
36,1,5,4,11,2475,B6,LAX,4,-28,44,0,0,28,150,283,0,0,23
4,1,10,2,10,2475,AA,LAX,9,6,83,0,0,33,94,194,0,0,21
0,1,10,2,16,2475,VX,LAX,9,6,83,0,0,33,94,194,0,0,21
-5,1,10,2,7,2475,VX,LAX,9,6,83,0,0,33,94,194,0,0,21
-1,1,10,2,20,2475,VX,LAX,9,6,83,0,0,33,94,194,0,0,21
-5,1,10,2,7,2475,DL,LAX,9,6,83,0,0,33,94,194,0,0,21
-6,1,10,2,9,2475,DL,LAX,9,6,83,0,0,33,94,194,0,0,21
-3,1,10,2,17,2475,DL,LAX,9,6,83,0,0,33,94,194,0,0,21
-5,1,10,2,12,2475,AA,LAX,9,6,83,0,0,33,94,194,0,0,21
-4,1,10,2,7,2475,DL,LAX,9,6,83,0,0,33,94,194,0,0,21
-5,1,10,2,15,2475,AA,LAX,9,6,83,0,0,33,94,194,0,0,21
-5,1,10,2,9,2475,VX,LAX,9,6,83,0,0,33,94,194,0,0,21
0,1,10,2,13,2475,AA,LAX,9,6,83,0,0,33,94,194,0,0,21
-2,1,10,2,6,2475,AA,LAX,9,6,83,0,0,33,94,194,0,0,21
-5,1,10,2,19,2475,AA,LAX,9,6,83,0,0,33,94,194,0,0,21
6,1,10,2,11,2475,VX,LAX,9,6,83,0,0,33,94,194,0,0,21
-4,1,10,2,12,2475,DL,LAX,9,6,83,0,0,33,94,194,0,0,21
-8,1,10,2,21,2475,AA,LAX,9,6,83,0,0,33,94,194,0,0,21
-8,1,10,2,9,2475,AA,LAX,9,6,83,0,0,33,94,194,0,0,21
7,1,10,2,13,2475,VX,LAX,9,6,83,0,0,33,94,194,0,0,21
-3,1,10,2,7,2475,B6,LAX,9,6,83,0,0,33,94,194,0,0,21
-5,1,10,2,11,2475,B6,LAX,9,6,83,0,0,33,94,194,0,0,21
0,1,10,2,16,2475,B6,LAX,9,6,83,0,0,33,94,194,0,0,21
-4,1,10,2,20,2475,B6,LAX,9,6,83,0,0,33,94,194,0,0,21
-4,1,10,2,16,2475,AA,LAX,9,6,83,0,0,33,94,194,0,0,21
-5,1,10,2,8,2475,UA,LAX,9,6,83,0,0,33,94,194,0,0,21
0,1,10,2,15,2475,UA,LAX,9,6,83,0,0,33,94,194,0,0,21
-2,1,10,2,11,2475,UA,LAX,9,6,83,0,0,33,94,194,0,0,21
-4,1,10,2,6,2475,UA,LAX,9,6,83,0,0,33,94,194,0,0,21
-2,1,10,2,17,2475,UA,LAX,9,6,83,0,0,33,94,194,0,0,21
-1,1,10,2,20,2475,UA,LAX,9,6,83,0,0,33,94,194,0,0,21
5,1,10,2,15,2475,DL,LAX,9,6,83,0,0,33,94,194,0,0,21
-4,1,10,2,19,2475,DL,LAX,9,6,83,0,0,33,94,194,0,0,21
-6,1,10,2,21,2475,DL,LAX,9,6,83,0,0,33,94,194,0,0,21
-2,2,6,1,20,2475,VX,LAX,12,6,106,0,0,36,94,206,0,0,19
-2,2,6,1,11,2475,UA,LAX,12,6,106,0,0,36,94,206,0,0,19
0,2,6,1,11,2475,VX,LAX,12,6,106,0,0,36,94,206,0,0,19
-3,2,6,1,13,2475,VX,LAX,12,6,106,0,0,36,94,206,0,0,19
3,2,6,1,16,2475,VX,LAX,12,6,106,0,0,36,94,206,0,0,19
1,2,6,1,8,2475,UA,LAX,12,6,106,0,0,36,94,206,0,0,19
-5,2,6,1,6,2475,UA,LAX,12,6,106,0,0,36,94,206,0,0,19
-7,2,6,1,20,2475,UA,LAX,12,6,106,0,0,36,94,206,0,0,19
-2,2,6,1,17,2475,UA,LAX,12,6,106,0,0,36,94,206,0,0,19
-4,2,6,1,15,2475,UA,LAX,12,6,106,0,0,36,94,206,0,0,19
2,2,6,1,7,2475,VX,LAX,12,6,106,0,0,36,94,206,0,0,19
4,2,6,1,9,2475,VX,LAX,12,6,106,0,0,36,94,206,0,0,19
49,2,6,1,19,2475,AA,LAX,12,6,106,0,0,36,94,206,0,0,19
-5,2,6,1,17,2475,DL,LAX,12,6,106,0,0,36,94,206,0,0,19
7,2,6,1,6,2475,AA,LAX,12,6,106,0,0,36,94,206,0,0,19
-4,2,6,1,12,2475,AA,LAX,12,6,106,0,0,36,94,206,0,0,19
-7,2,6,1,20,2475,B6,LAX,12,6,106,0,0,36,94,206,0,0,19
-1,2,6,1,7,2475,B6,LAX,12,6,106,0,0,36,94,206,0,0,19
-4,2,6,1,11,2475,B6,LAX,12,6,106,0,0,36,94,206,0,0,19
-8,2,6,1,16,2475,B6,LAX,12,6,106,0,0,36,94,206,0,0,19
-2,2,6,1,21,2475,DL,LAX,12,6,106,0,0,36,94,206,0,0,19
-4,2,6,1,15,2475,DL,LAX,12,6,106,0,0,36,94,206,0,0,19
-7,2,6,1,13,2475,AA,LAX,12,6,106,0,0,36,94,206,0,0,19
-6,2,6,1,9,2475,AA,LAX,12,6,106,0,0,36,94,206,0,0,19
-5,2,6,1,12,2475,DL,LAX,12,6,106,0,0,36,94,206,0,0,19
-6,2,6,1,15,2475,AA,LAX,12,6,106,0,0,36,94,206,0,0,19
-7,2,6,1,10,2475,AA,LAX,12,6,106,0,0,36,94,206,0,0,19
-8,2,6,1,7,2475,DL,LAX,12,6,106,0,0,36,94,206,0,0,19
-4,2,6,1,16,2475,AA,LAX,12,6,106,0,0,36,94,206,0,0,19
-5,2,6,1,19,2475,DL,LAX,12,6,106,0,0,36,94,206,0,0,19
-7,2,6,1,9,2475,DL,LAX,12,6,106,0,0,36,94,206,0,0,19
-2,2,6,1,21,2475,AA,LAX,12,6,106,0,0,36,94,206,0,0,19
-3,2,11,6,9,2475,AA,LAX,7,0,33,20,0,26,117,161,0,0,47
2,2,11,6,12,2475,AA,LAX,7,0,33,20,0,26,117,161,0,0,47
-11,2,11,6,19,2475,AA,LAX,7,0,33,20,0,26,117,161,0,0,47
1,2,11,6,13,2475,AA,LAX,7,0,33,20,0,26,117,161,0,0,47
-6,2,11,6,15,2475,AA,LAX,7,0,33,20,0,26,117,161,0,0,47
-5,2,11,6,16,2475,AA,LAX,7,0,33,20,0,26,117,161,0,0,47
-5,2,11,6,21,2475,AA,LAX,7,0,33,20,0,26,117,161,0,0,47
-3,2,11,6,7,2475,AA,LAX,7,0,33,20,0,26,117,161,0,0,47
-8,2,11,6,11,2475,B6,LAX,7,0,33,20,0,26,117,161,0,0,47
-2,2,11,6,16,2475,B6,LAX,7,0,33,20,0,26,117,161,0,0,47
25,2,11,6,20,2475,B6,LAX,7,0,33,20,0,26,117,161,0,0,47
-10,2,11,6,17,2475,DL,LAX,7,0,33,20,0,26,117,161,0,0,47
-2,2,11,6,9,2475,DL,LAX,7,0,33,20,0,26,117,161,0,0,47
-4,2,11,6,12,2475,DL,LAX,7,0,33,20,0,26,117,161,0,0,47
-3,2,11,6,15,2475,DL,LAX,7,0,33,20,0,26,117,161,0,0,47
-4,2,11,6,19,2475,DL,LAX,7,0,33,20,0,26,117,161,0,0,47
2,2,11,6,9,2475,VX,LAX,7,0,33,20,0,26,117,161,0,0,47
4,2,11,6,7,2475,VX,LAX,7,0,33,20,0,26,117,161,0,0,47
6,2,11,6,13,2475,VX,LAX,7,0,33,20,0,26,117,161,0,0,47
-8,2,11,6,16,2475,VX,LAX,7,0,33,20,0,26,117,161,0,0,47
-8,2,11,6,20,2475,VX,LAX,7,0,33,20,0,26,117,161,0,0,47
1,2,11,6,15,2475,UA,LAX,7,0,33,20,0,26,117,161,0,0,47
10,2,11,6,6,2475,UA,LAX,7,0,33,20,0,26,117,161,0,0,47
6,2,11,6,8,2475,UA,LAX,7,0,33,20,0,26,117,161,0,0,47
-4,2,11,6,11,2475,UA,LAX,7,0,33,20,0,26,117,161,0,0,47
-2,2,11,6,17,2475,UA,LAX,7,0,33,20,0,26,117,161,0,0,47
0,2,11,6,11,2475,VX,LAX,7,0,33,20,0,26,117,161,0,0,47
17,2,29,3,20,2475,UA,LAX,11,33,56,94,0,17,67,150,0,0,45
-5,2,29,3,7,2475,VX,LAX,11,33,56,94,0,17,67,150,0,0,45
38,2,29,3,17,2475,UA,LAX,11,33,56,94,0,17,67,150,0,0,45
-5,2,29,3,8,2475,UA,LAX,11,33,56,94,0,17,67,150,0,0,45
-2,2,29,3,13,2475,VX,LAX,11,33,56,94,0,17,67,150,0,0,45
21,2,29,3,15,2475,UA,LAX,11,33,56,94,0,17,67,150,0,0,45
5,2,29,3,16,2475,VX,LAX,11,33,56,94,0,17,67,150,0,0,45
-5,2,29,3,11,2475,UA,LAX,11,33,56,94,0,17,67,150,0,0,45
21,2,29,3,20,2475,VX,LAX,11,33,56,94,0,17,67,150,0,0,45
-5,2,29,3,11,2475,VX,LAX,11,33,56,94,0,17,67,150,0,0,45
-4,2,29,3,6,2475,UA,LAX,11,33,56,94,0,17,67,150,0,0,45
0,2,29,3,9,2475,VX,LAX,11,33,56,94,0,17,67,150,0,0,45
11,2,29,3,21,2475,AA,LAX,11,33,56,94,0,17,67,150,0,0,45
0,2,29,3,16,2475,AA,LAX,11,33,56,94,0,17,67,150,0,0,45
-4,2,29,3,15,2475,AA,LAX,11,33,56,94,0,17,67,150,0,0,45
-4,2,29,3,13,2475,AA,LAX,11,33,56,94,0,17,67,150,0,0,45
-6,2,29,3,7,2475,AA,LAX,11,33,56,94,0,17,67,150,0,0,45
6,2,29,3,19,2475,AA,LAX,11,33,56,94,0,17,67,150,0,0,45
-7,2,29,3,10,2475,AA,LAX,11,33,56,94,0,17,67,150,0,0,45
23,2,29,3,15,2475,DL,LAX,11,33,56,94,0,17,67,150,0,0,45
-3,2,29,3,21,2475,DL,LAX,11,33,56,94,0,17,67,150,0,0,45
-2,2,29,3,19,2475,DL,LAX,11,33,56,94,0,17,67,150,0,0,45
-9,2,29,3,12,2475,AA,LAX,11,33,56,94,0,17,67,150,0,0,45
-5,2,29,3,9,2475,AA,LAX,11,33,56,94,0,17,67,150,0,0,45
-6,2,29,3,7,2475,AA,LAX,11,33,56,94,0,17,67,150,0,0,45
56,2,29,3,17,2475,DL,LAX,11,33,56,94,0,17,67,150,0,0,45
-4,2,29,3,9,2475,DL,LAX,11,33,56,94,0,17,67,150,0,0,45
-10,2,29,3,12,2475,DL,LAX,11,33,56,94,0,17,67,150,0,0,45
-2,2,29,3,7,2475,B6,LAX,11,33,56,94,0,17,67,150,0,0,45
-6,2,29,3,9,2475,B6,LAX,11,33,56,94,0,17,67,150,0,0,45
19,2,29,3,16,2475,B6,LAX,11,33,56,94,0,17,67,150,0,0,45
-2,2,29,3,20,2475,B6,LAX,11,33,56,94,0,17,67,150,0,0,45
-5,3,7,3,21,2475,DL,LAX,18,28,167,0,0,37,100,167,0,0,47
-6,3,7,3,15,2475,DL,LAX,18,28,167,0,0,37,100,167,0,0,47
-5,3,7,3,19,2475,DL,LAX,18,28,167,0,0,37,100,167,0,0,47
-4,3,7,3,7,2475,DL,LAX,18,28,167,0,0,37,100,167,0,0,47
-7,3,7,3,12,2475,DL,LAX,18,28,167,0,0,37,100,167,0,0,47
52,3,7,3,9,2475,DL,LAX,18,28,167,0,0,37,100,167,0,0,47
0,3,7,3,17,2475,DL,LAX,18,28,167,0,0,37,100,167,0,0,47
3,3,7,3,16,2475,B6,LAX,18,28,167,0,0,37,100,167,0,0,47
-8,3,7,3,10,2475,AA,LAX,18,28,167,0,0,37,100,167,0,0,47
-6,3,7,3,9,2475,AA,LAX,18,28,167,0,0,37,100,167,0,0,47
-5,3,7,3,16,2475,AA,LAX,18,28,167,0,0,37,100,167,0,0,47
-6,3,7,3,12,2475,AA,LAX,18,28,167,0,0,37,100,167,0,0,47
-2,3,7,3,7,2475,AA,LAX,18,28,167,0,0,37,100,167,0,0,47
-8,3,7,3,19,2475,AA,LAX,18,28,167,0,0,37,100,167,0,0,47
-3,3,7,3,20,2475,B6,LAX,18,28,167,0,0,37,100,167,0,0,47
-3,3,7,3,9,2475,B6,LAX,18,28,167,0,0,37,100,167,0,0,47
10,3,7,3,21,2475,AA,LAX,18,28,167,0,0,37,100,167,0,0,47
-11,3,7,3,13,2475,AA,LAX,18,28,167,0,0,37,100,167,0,0,47
-2,3,7,3,7,2475,B6,LAX,18,28,167,0,0,37,100,167,0,0,47
-8,3,7,3,15,2475,AA,LAX,18,28,167,0,0,37,100,167,0,0,47
-2,3,7,3,7,2475,AA,LAX,18,28,167,0,0,37,100,167,0,0,47
-1,3,7,3,11,2475,VX,LAX,18,28,167,0,0,37,100,167,0,0,47
1,3,7,3,9,2475,VX,LAX,18,28,167,0,0,37,100,167,0,0,47
-1,3,7,3,7,2475,VX,LAX,18,28,167,0,0,37,100,167,0,0,47
-1,3,7,3,6,2475,UA,LAX,18,28,167,0,0,37,100,167,0,0,47
0,3,7,3,15,2475,UA,LAX,18,28,167,0,0,37,100,167,0,0,47
32,3,7,3,8,2475,UA,LAX,18,28,167,0,0,37,100,167,0,0,47
0,3,7,3,11,2475,UA,LAX,18,28,167,0,0,37,100,167,0,0,47
0,3,7,3,17,2475,UA,LAX,18,28,167,0,0,37,100,167,0,0,47
-2,3,7,3,20,2475,UA,LAX,18,28,167,0,0,37,100,167,0,0,47
4,3,7,3,20,2475,VX,LAX,18,28,167,0,0,37,100,167,0,0,47
3,3,7,3,16,2475,VX,LAX,18,28,167,0,0,37,100,167,0,0,47
-3,3,7,3,13,2475,VX,LAX,18,28,167,0,0,37,100,167,0,0,47
-5,3,12,1,11,2475,VX,LAX,23,83,217,0,0,19,117,156,0,0,30
35,3,12,1,9,2475,VX,LAX,23,83,217,0,0,19,117,156,0,0,30
52,3,12,1,20,2475,UA,LAX,23,83,217,0,0,19,117,156,0,0,30
-4,3,12,1,17,2475,UA,LAX,23,83,217,0,0,19,117,156,0,0,30
-6,3,12,1,11,2475,UA,LAX,23,83,217,0,0,19,117,156,0,0,30
0,3,12,1,8,2475,UA,LAX,23,83,217,0,0,19,117,156,0,0,30
2,3,12,1,15,2475,UA,LAX,23,83,217,0,0,19,117,156,0,0,30
0,3,12,1,6,2475,UA,LAX,23,83,217,0,0,19,117,156,0,0,30
1,3,12,1,7,2475,VX,LAX,23,83,217,0,0,19,117,156,0,0,30
3,3,12,1,20,2475,VX,LAX,23,83,217,0,0,19,117,156,0,0,30
-1,3,12,1,16,2475,VX,LAX,23,83,217,0,0,19,117,156,0,0,30
82,3,12,1,13,2475,VX,LAX,23,83,217,0,0,19,117,156,0,0,30
-3,3,12,1,12,2475,DL,LAX,23,83,217,0,0,19,117,156,0,0,30
-2,3,12,1,7,2475,DL,LAX,23,83,217,0,0,19,117,156,0,0,30
-5,3,12,1,19,2475,DL,LAX,23,83,217,0,0,19,117,156,0,0,30
-3,3,12,1,15,2475,DL,LAX,23,83,217,0,0,19,117,156,0,0,30
-5,3,12,1,17,2475,DL,LAX,23,83,217,0,0,19,117,156,0,0,30
0,3,12,1,21,2475,DL,LAX,23,83,217,0,0,19,117,156,0,0,30
-3,3,12,1,9,2475,DL,LAX,23,83,217,0,0,19,117,156,0,0,30
40,3,12,1,9,2475,B6,LAX,23,83,217,0,0,19,117,156,0,0,30
-4,3,12,1,7,2475,B6,LAX,23,83,217,0,0,19,117,156,0,0,30
-6,3,12,1,10,2475,AA,LAX,23,83,217,0,0,19,117,156,0,0,30
-8,3,12,1,19,2475,AA,LAX,23,83,217,0,0,19,117,156,0,0,30
-4,3,12,1,21,2475,AA,LAX,23,83,217,0,0,19,117,156,0,0,30
-5,3,12,1,7,2475,AA,LAX,23,83,217,0,0,19,117,156,0,0,30
-8,3,12,1,15,2475,AA,LAX,23,83,217,0,0,19,117,156,0,0,30
-4,3,12,1,16,2475,B6,LAX,23,83,217,0,0,19,117,156,0,0,30
-2,3,12,1,20,2475,B6,LAX,23,83,217,0,0,19,117,156,0,0,30
-2,3,12,1,13,2475,AA,LAX,23,83,217,0,0,19,117,156,0,0,30
-6,3,12,1,9,2475,AA,LAX,23,83,217,0,0,19,117,156,0,0,30
-1,3,12,1,12,2475,AA,LAX,23,83,217,0,0,19,117,156,0,0,30
-8,3,12,1,7,2475,AA,LAX,23,83,217,0,0,19,117,156,0,0,30
-5,3,12,1,16,2475,AA,LAX,23,83,217,0,0,19,117,156,0,0,30
-1,4,8,7,13,2475,VX,LAX,44,67,194,0,0,35,100,211,0,0,27
5,4,8,7,16,2475,VX,LAX,44,67,194,0,0,35,100,211,0,0,27
9,4,8,7,20,2475,VX,LAX,44,67,194,0,0,35,100,211,0,0,27
-1,4,8,7,7,2475,VX,LAX,44,67,194,0,0,35,100,211,0,0,27
9,4,8,7,9,2475,VX,LAX,44,67,194,0,0,35,100,211,0,0,27
-3,4,8,7,11,2475,VX,LAX,44,67,194,0,0,35,100,211,0,0,27
-1,4,8,7,15,2475,AA,LAX,44,67,194,0,0,35,100,211,0,0,27
-6,4,8,7,10,2475,AA,LAX,44,67,194,0,0,35,100,211,0,0,27
-5,4,8,7,19,2475,DL,LAX,44,67,194,0,0,35,100,211,0,0,27
-4,4,8,7,16,2475,AA,LAX,44,67,194,0,0,35,100,211,0,0,27
17,4,8,7,21,2475,DL,LAX,44,67,194,0,0,35,100,211,0,0,27
-2,4,8,7,7,2475,B6,LAX,44,67,194,0,0,35,100,211,0,0,27
7,4,8,7,19,2475,AA,LAX,44,67,194,0,0,35,100,211,0,0,27
-3,4,8,7,20,2475,UA,LAX,44,67,194,0,0,35,100,211,0,0,27
-1,4,8,7,8,2475,UA,LAX,44,67,194,0,0,35,100,211,0,0,27
-6,4,8,7,15,2475,DL,LAX,44,67,194,0,0,35,100,211,0,0,27
-5,4,8,7,12,2475,DL,LAX,44,67,194,0,0,35,100,211,0,0,27
2,4,8,7,16,2475,B6,LAX,44,67,194,0,0,35,100,211,0,0,27
-4,4,8,7,7,2475,AA,LAX,44,67,194,0,0,35,100,211,0,0,27
3,4,8,7,17,2475,UA,LAX,44,67,194,0,0,35,100,211,0,0,27
-7,4,8,7,12,2475,AA,LAX,44,67,194,0,0,35,100,211,0,0,27
-7,4,8,7,9,2475,AA,LAX,44,67,194,0,0,35,100,211,0,0,27
-4,4,8,7,9,2475,B6,LAX,44,67,194,0,0,35,100,211,0,0,27
-1,4,8,7,21,2475,AA,LAX,44,67,194,0,0,35,100,211,0,0,27
-6,4,8,7,20,2475,B6,LAX,44,67,194,0,0,35,100,211,0,0,27
-3,4,8,7,11,2475,UA,LAX,44,67,194,0,0,35,100,211,0,0,27
-1,4,8,7,15,2475,UA,LAX,44,67,194,0,0,35,100,211,0,0,27
-6,4,8,7,13,2475,AA,LAX,44,67,194,0,0,35,100,211,0,0,27
-1,4,8,7,17,2475,DL,LAX,44,67,194,0,0,35,100,211,0,0,27
1,4,8,7,9,2475,DL,LAX,44,67,194,0,0,35,100,211,0,0,27
-8,4,13,5,6,2475,AA,LAX,39,61,183,0,0,15,100,150,112,0,76
-6,4,13,5,10,2475,AA,LAX,39,61,183,0,0,15,100,150,112,0,76
-5,4,13,5,7,2475,AA,LAX,39,61,183,0,0,15,100,150,112,0,76
-4,4,13,5,20,2475,B6,LAX,39,61,183,0,0,15,100,150,112,0,76
49,4,13,5,21,2475,AA,LAX,39,61,183,0,0,15,100,150,112,0,76
0,4,13,5,16,2475,B6,LAX,39,61,183,0,0,15,100,150,112,0,76
13,4,13,5,9,2475,B6,LAX,39,61,183,0,0,15,100,150,112,0,76
-1,4,13,5,13,2475,AA,LAX,39,61,183,0,0,15,100,150,112,0,76
-4,4,13,5,21,2475,DL,LAX,39,61,183,0,0,15,100,150,112,0,76
20,4,13,5,17,2475,DL,LAX,39,61,183,0,0,15,100,150,112,0,76
0,4,13,5,16,2475,AA,LAX,39,61,183,0,0,15,100,150,112,0,76
-3,4,13,5,12,2475,AA,LAX,39,61,183,0,0,15,100,150,112,0,76
-4,4,13,5,12,2475,DL,LAX,39,61,183,0,0,15,100,150,112,0,76
-4,4,13,5,7,2475,DL,LAX,39,61,183,0,0,15,100,150,112,0,76
13,4,13,5,7,2475,B6,LAX,39,61,183,0,0,15,100,150,112,0,76
-2,4,13,5,9,2475,DL,LAX,39,61,183,0,0,15,100,150,112,0,76
94,4,13,5,19,2475,DL,LAX,39,61,183,0,0,15,100,150,112,0,76
0,4,13,5,9,2475,AA,LAX,39,61,183,0,0,15,100,150,112,0,76
-9,4,13,5,15,2475,AA,LAX,39,61,183,0,0,15,100,150,112,0,76
35,4,13,5,15,2475,DL,LAX,39,61,183,0,0,15,100,150,112,0,76
-5,4,13,5,20,2475,UA,LAX,39,61,183,0,0,15,100,150,112,0,76
-7,4,13,5,8,2475,UA,LAX,39,61,183,0,0,15,100,150,112,0,76
-6,4,13,5,19,2475,AA,LAX,39,61,183,0,0,15,100,150,112,0,76
8,4,13,5,13,2475,VX,LAX,39,61,183,0,0,15,100,150,112,0,76
1,4,13,5,11,2475,VX,LAX,39,61,183,0,0,15,100,150,112,0,76
34,4,13,5,9,2475,VX,LAX,39,61,183,0,0,15,100,150,112,0,76
-6,4,13,5,7,2475,VX,LAX,39,61,183,0,0,15,100,150,112,0,76
-6,4,13,5,20,2475,VX,LAX,39,61,183,0,0,15,100,150,112,0,76
0,4,13,5,16,2475,VX,LAX,39,61,183,0,0,15,100,150,112,0,76
-4,4,13,5,17,2475,UA,LAX,39,61,183,0,0,15,100,150,112,0,76
0,4,13,5,15,2475,UA,LAX,39,61,183,0,0,15,100,150,112,0,76
-6,4,13,5,11,2475,UA,LAX,39,61,183,0,0,15,100,150,112,0,76
0,4,13,5,6,2475,UA,LAX,39,61,183,0,0,15,100,150,112,0,76
-2,5,9,3,8,2475,UA,LAX,13,139,206,84,0,13,144,217,0,0,25
26,5,9,3,20,2475,VX,LAX,13,139,206,84,0,13,144,217,0,0,25
9,5,9,3,15,2475,UA,LAX,13,139,206,84,0,13,144,217,0,0,25
6,5,9,3,21,2475,UA,LAX,13,139,206,84,0,13,144,217,0,0,25
0,5,9,3,11,2475,UA,LAX,13,139,206,84,0,13,144,217,0,0,25
24,5,9,3,17,2475,UA,LAX,13,139,206,84,0,13,144,217,0,0,25
24,5,9,3,6,2475,UA,LAX,13,139,206,84,0,13,144,217,0,0,25
-1,5,9,3,7,2475,VX,LAX,13,139,206,84,0,13,144,217,0,0,25
6,5,9,3,9,2475,VX,LAX,13,139,206,84,0,13,144,217,0,0,25
1,5,9,3,11,2475,VX,LAX,13,139,206,84,0,13,144,217,0,0,25
0,5,9,3,13,2475,VX,LAX,13,139,206,84,0,13,144,217,0,0,25
38,5,9,3,16,2475,VX,LAX,13,139,206,84,0,13,144,217,0,0,25
-4,5,9,3,9,2475,B6,LAX,13,139,206,84,0,13,144,217,0,0,25
-5,5,9,3,16,2475,B6,LAX,13,139,206,84,0,13,144,217,0,0,25
-4,5,9,3,13,2475,AA,LAX,13,139,206,84,0,13,144,217,0,0,25
117,5,9,3,21,2475,AA,LAX,13,139,206,84,0,13,144,217,0,0,25
1,5,9,3,6,2475,AA,LAX,13,139,206,84,0,13,144,217,0,0,25
-3,5,9,3,7,2475,B6,LAX,13,139,206,84,0,13,144,217,0,0,25
21,5,9,3,16,2475,AA,LAX,13,139,206,84,0,13,144,217,0,0,25
-5,5,9,3,7,2475,AA,LAX,13,139,206,84,0,13,144,217,0,0,25
-2,5,9,3,17,2475,DL,LAX,13,139,206,84,0,13,144,217,0,0,25
-2,5,9,3,15,2475,DL,LAX,13,139,206,84,0,13,144,217,0,0,25
0,5,9,3,20,2475,B6,LAX,13,139,206,84,0,13,144,217,0,0,25
-7,5,9,3,10,2475,AA,LAX,13,139,206,84,0,13,144,217,0,0,25
-3,5,9,3,7,2475,DL,LAX,13,139,206,84,0,13,144,217,0,0,25
9,5,9,3,21,2475,DL,LAX,13,139,206,84,0,13,144,217,0,0,25
-5,5,9,3,19,2475,DL,LAX,13,139,206,84,0,13,144,217,0,0,25
-1,5,9,3,9,2475,DL,LAX,13,139,206,84,0,13,144,217,0,0,25
-5,5,9,3,12,2475,DL,LAX,13,139,206,84,0,13,144,217,0,0,25
122,5,9,3,19,2475,AA,LAX,13,139,206,84,0,13,144,217,0,0,25
-6,5,9,3,12,2475,AA,LAX,13,139,206,84,0,13,144,217,0,0,25
0,5,9,3,15,2475,AA,LAX,13,139,206,84,0,13,144,217,0,0,25
-7,5,9,3,9,2475,AA,LAX,13,139,206,84,0,13,144,217,0,0,25
-5,5,14,1,15,2475,AA,LAX,8,172,211,0,0,18,139,211,0,0,35
-5,5,14,1,15,2475,UA,LAX,8,172,211,0,0,18,139,211,0,0,35
27,5,14,1,6,2475,UA,LAX,8,172,211,0,0,18,139,211,0,0,35
-6,5,14,1,19,2475,AA,LAX,8,172,211,0,0,18,139,211,0,0,35
-5,5,14,1,16,2475,B6,LAX,8,172,211,0,0,18,139,211,0,0,35
32,5,14,1,20,2475,B6,LAX,8,172,211,0,0,18,139,211,0,0,35
-2,5,14,1,17,2475,UA,LAX,8,172,211,0,0,18,139,211,0,0,35
2,5,14,1,11,2475,UA,LAX,8,172,211,0,0,18,139,211,0,0,35
221,5,14,1,13,2475,AA,LAX,8,172,211,0,0,18,139,211,0,0,35
14,5,14,1,21,2475,AA,LAX,8,172,211,0,0,18,139,211,0,0,35
-8,5,14,1,6,2475,AA,LAX,8,172,211,0,0,18,139,211,0,0,35
34,5,14,1,21,2475,DL,LAX,8,172,211,0,0,18,139,211,0,0,35
0,5,14,1,9,2475,B6,LAX,8,172,211,0,0,18,139,211,0,0,35
-6,5,14,1,17,2475,DL,LAX,8,172,211,0,0,18,139,211,0,0,35
9,5,14,1,21,2475,UA,LAX,8,172,211,0,0,18,139,211,0,0,35
-3,5,14,1,7,2475,B6,LAX,8,172,211,0,0,18,139,211,0,0,35
-6,5,14,1,15,2475,DL,LAX,8,172,211,0,0,18,139,211,0,0,35
-3,5,14,1,12,2475,DL,LAX,8,172,211,0,0,18,139,211,0,0,35
-1,5,14,1,7,2475,DL,LAX,8,172,211,0,0,18,139,211,0,0,35
-5,5,14,1,8,2475,UA,LAX,8,172,211,0,0,18,139,211,0,0,35
17,5,14,1,9,2475,DL,LAX,8,172,211,0,0,18,139,211,0,0,35
-5,5,14,1,9,2475,AA,LAX,8,172,211,0,0,18,139,211,0,0,35
16,5,14,1,16,2475,AA,LAX,8,172,211,0,0,18,139,211,0,0,35
2,5,14,1,19,2475,DL,LAX,8,172,211,0,0,18,139,211,0,0,35
-4,5,14,1,7,2475,AA,LAX,8,172,211,0,0,18,139,211,0,0,35
-4,5,14,1,12,2475,AA,LAX,8,172,211,0,0,18,139,211,0,0,35
-3,5,14,1,10,2475,AA,LAX,8,172,211,0,0,18,139,211,0,0,35
-7,5,14,1,13,2475,VX,LAX,8,172,211,0,0,18,139,211,0,0,35
19,5,14,1,9,2475,VX,LAX,8,172,211,0,0,18,139,211,0,0,35
-1,5,14,1,7,2475,VX,LAX,8,172,211,0,0,18,139,211,0,0,35
0,5,14,1,16,2475,VX,LAX,8,172,211,0,0,18,139,211,0,0,35
27,5,14,1,20,2475,VX,LAX,8,172,211,0,0,18,139,211,0,0,35
0,5,14,1,11,2475,VX,LAX,8,172,211,0,0,18,139,211,0,0,35
-3,6,15,5,11,2475,UA,LAX,19,156,267,0,0,18,167,211,0,0,36
0,6,15,5,17,2475,UA,LAX,19,156,267,0,0,18,167,211,0,0,36
-6,6,15,5,6,2475,UA,LAX,19,156,267,0,0,18,167,211,0,0,36
-3,6,15,5,21,2475,UA,LAX,19,156,267,0,0,18,167,211,0,0,36
7,6,15,5,15,2475,UA,LAX,19,156,267,0,0,18,167,211,0,0,36
-6,6,15,5,8,2475,UA,LAX,19,156,267,0,0,18,167,211,0,0,36
7,6,15,5,11,2475,VX,LAX,19,156,267,0,0,18,167,211,0,0,36
1,6,15,5,9,2475,VX,LAX,19,156,267,0,0,18,167,211,0,0,36
2,6,15,5,7,2475,VX,LAX,19,156,267,0,0,18,167,211,0,0,36
-1,6,15,5,20,2475,VX,LAX,19,156,267,0,0,18,167,211,0,0,36
1,6,15,5,16,2475,VX,LAX,19,156,267,0,0,18,167,211,0,0,36
-3,6,15,5,13,2475,VX,LAX,19,156,267,0,0,18,167,211,0,0,36
58,6,15,5,15,2475,AA,LAX,19,156,267,0,0,18,167,211,0,0,36
-2,6,15,5,8,2475,AA,LAX,19,156,267,0,0,18,167,211,0,0,36
-3,6,15,5,7,2475,DL,LAX,19,156,267,0,0,18,167,211,0,0,36
-6,6,15,5,11,2475,DL,LAX,19,156,267,0,0,18,167,211,0,0,36
-6,6,15,5,13,2475,DL,LAX,19,156,267,0,0,18,167,211,0,0,36
0,6,15,5,17,2475,DL,LAX,19,156,267,0,0,18,167,211,0,0,36
12,6,15,5,15,2475,DL,LAX,19,156,267,0,0,18,167,211,0,0,36
-7,6,15,5,9,2475,AA,LAX,19,156,267,0,0,18,167,211,0,0,36
-1,6,15,5,9,2475,DL,LAX,19,156,267,0,0,18,167,211,0,0,36
12,6,15,5,17,2475,AA,LAX,19,156,267,0,0,18,167,211,0,0,36
-8,6,15,5,19,2475,AA,LAX,19,156,267,0,0,18,167,211,0,0,36
-6,6,15,5,19,2475,DL,LAX,19,156,267,0,0,18,167,211,0,0,36
-7,6,15,5,13,2475,AA,LAX,19,156,267,0,0,18,167,211,0,0,36
-2,6,15,5,10,2475,AA,LAX,19,156,267,0,0,18,167,211,0,0,36
7,6,15,5,16,2475,B6,LAX,19,156,267,0,0,18,167,211,0,0,36
-4,6,15,5,21,2475,DL,LAX,19,156,267,0,0,18,167,211,0,0,36
1,6,15,5,20,2475,AA,LAX,19,156,267,0,0,18,167,211,0,0,36
-4,6,15,5,9,2475,B6,LAX,19,156,267,0,0,18,167,211,0,0,36
71,6,15,5,20,2475,B6,LAX,19,156,267,0,0,18,167,211,0,0,36
-4,6,15,5,7,2475,B6,LAX,19,156,267,0,0,18,167,211,0,0,36
-3,6,15,5,12,2475,AA,LAX,19,156,267,0,0,18,167,211,0,0,36
27,6,20,3,15,2475,DL,LAX,14,211,344,0,0,16,161,206,0,0,39
145,6,20,3,11,2475,DL,LAX,14,211,344,0,0,16,161,206,0,0,39
-4,6,20,3,10,2475,AA,LAX,14,211,344,0,0,16,161,206,0,0,39
-3,6,20,3,9,2475,B6,LAX,14,211,344,0,0,16,161,206,0,0,39
3,6,20,3,20,2475,B6,LAX,14,211,344,0,0,16,161,206,0,0,39
-7,6,20,3,16,2475,B6,LAX,14,211,344,0,0,16,161,206,0,0,39
-4,6,20,3,11,2475,B6,LAX,14,211,344,0,0,16,161,206,0,0,39
27,6,20,3,15,2475,AA,LAX,14,211,344,0,0,16,161,206,0,0,39
-9,6,20,3,7,2475,B6,LAX,14,211,344,0,0,16,161,206,0,0,39
-8,6,20,3,9,2475,AA,LAX,14,211,344,0,0,16,161,206,0,0,39
-2,6,20,3,9,2475,DL,LAX,14,211,344,0,0,16,161,206,0,0,39
17,6,20,3,17,2475,AA,LAX,14,211,344,0,0,16,161,206,0,0,39
-6,6,20,3,17,2475,DL,LAX,14,211,344,0,0,16,161,206,0,0,39
0,6,20,3,8,2475,AA,LAX,14,211,344,0,0,16,161,206,0,0,39
-5,6,20,3,13,2475,AA,LAX,14,211,344,0,0,16,161,206,0,0,39
-1,6,20,3,21,2475,DL,LAX,14,211,344,0,0,16,161,206,0,0,39
0,6,20,3,19,2475,AA,LAX,14,211,344,0,0,16,161,206,0,0,39
-6,6,20,3,12,2475,AA,LAX,14,211,344,0,0,16,161,206,0,0,39
25,6,20,3,20,2475,AA,LAX,14,211,344,0,0,16,161,206,0,0,39
-4,6,20,3,7,2475,DL,LAX,14,211,344,0,0,16,161,206,0,0,39
-4,6,20,3,13,2475,DL,LAX,14,211,344,0,0,16,161,206,0,0,39
-2,6,20,3,19,2475,DL,LAX,14,211,344,0,0,16,161,206,0,0,39
0,6,20,3,16,2475,VX,LAX,14,211,344,0,0,16,161,206,0,0,39
26,6,20,3,20,2475,VX,LAX,14,211,344,0,0,16,161,206,0,0,39
-4,6,20,3,7,2475,VX,LAX,14,211,344,0,0,16,161,206,0,0,39
6,6,20,3,9,2475,VX,LAX,14,211,344,0,0,16,161,206,0,0,39
-3,6,20,3,11,2475,VX,LAX,14,211,344,0,0,16,161,206,0,0,39
-6,6,20,3,13,2475,VX,LAX,14,211,344,0,0,16,161,206,0,0,39
-8,6,20,3,6,2475,UA,LAX,14,211,344,0,0,16,161,206,0,0,39
-8,6,20,3,11,2475,UA,LAX,14,211,344,0,0,16,161,206,0,0,39
-5,6,20,3,21,2475,UA,LAX,14,211,344,0,0,16,161,206,0,0,39
20,6,20,3,8,2475,UA,LAX,14,211,344,0,0,16,161,206,0,0,39
-3,6,20,3,15,2475,UA,LAX,14,211,344,0,0,16,161,206,0,0,39
7,6,20,3,17,2475,UA,LAX,14,211,344,0,0,16,161,206,0,0,39
-3,7,16,1,7,2475,DL,LAX,12,211,328,0,0,21,167,217,0,0,33
-4,7,16,1,11,2475,DL,LAX,12,211,328,0,0,21,167,217,0,0,33
-1,7,16,1,13,2475,DL,LAX,12,211,328,0,0,21,167,217,0,0,33
16,7,16,1,8,2475,UA,LAX,12,211,328,0,0,21,167,217,0,0,33
28,7,16,1,17,2475,UA,LAX,12,211,328,0,0,21,167,217,0,0,33
43,7,16,1,21,2475,UA,LAX,12,211,328,0,0,21,167,217,0,0,33
21,7,16,1,11,2475,UA,LAX,12,211,328,0,0,21,167,217,0,0,33
-3,7,16,1,6,2475,UA,LAX,12,211,328,0,0,21,167,217,0,0,33
2,7,16,1,15,2475,UA,LAX,12,211,328,0,0,21,167,217,0,0,33
5,7,16,1,21,2475,DL,LAX,12,211,328,0,0,21,167,217,0,0,33
104,7,16,1,9,2475,VX,LAX,12,211,328,0,0,21,167,217,0,0,33
11,7,16,1,7,2475,VX,LAX,12,211,328,0,0,21,167,217,0,0,33
29,7,16,1,9,2475,VX,LAX,12,211,328,0,0,21,167,217,0,0,33
46,7,16,1,11,2475,VX,LAX,12,211,328,0,0,21,167,217,0,0,33
-1,7,16,1,13,2475,VX,LAX,12,211,328,0,0,21,167,217,0,0,33
136,7,16,1,16,2475,VX,LAX,12,211,328,0,0,21,167,217,0,0,33
20,7,16,1,20,2475,VX,LAX,12,211,328,0,0,21,167,217,0,0,33
14,7,16,1,17,2475,DL,LAX,12,211,328,0,0,21,167,217,0,0,33
1,7,16,1,19,2475,DL,LAX,12,211,328,0,0,21,167,217,0,0,33
0,7,16,1,9,2475,DL,LAX,12,211,328,0,0,21,167,217,0,0,33
2,7,16,1,15,2475,DL,LAX,12,211,328,0,0,21,167,217,0,0,33
77,7,16,1,12,2475,B6,LAX,12,211,328,0,0,21,167,217,0,0,33
74,7,16,1,22,2475,B6,LAX,12,211,328,0,0,21,167,217,0,0,33
-6,7,16,1,9,2475,AA,LAX,12,211,328,0,0,21,167,217,0,0,33
35,7,16,1,21,2475,B6,LAX,12,211,328,0,0,21,167,217,0,0,33
37,7,16,1,9,2475,B6,LAX,12,211,328,0,0,21,167,217,0,0,33
-9,7,16,1,12,2475,AA,LAX,12,211,328,0,0,21,167,217,0,0,33
-3,7,16,1,10,2475,AA,LAX,12,211,328,0,0,21,167,217,0,0,33
1,7,16,1,19,2475,AA,LAX,12,211,328,0,0,21,167,217,0,0,33
-5,7,16,1,13,2475,AA,LAX,12,211,328,0,0,21,167,217,0,0,33
-3,7,16,1,16,2475,B6,LAX,12,211,328,0,0,21,167,217,0,0,33
41,7,16,1,15,2475,AA,LAX,12,211,328,0,0,21,167,217,0,0,33
9,7,16,1,17,2475,AA,LAX,12,211,328,0,0,21,167,217,0,0,33
-4,7,16,1,20,2475,AA,LAX,12,211,328,0,0,21,167,217,0,0,33
-4,7,16,1,6,2475,AA,LAX,12,211,328,0,0,21,167,217,0,0,33
-1,7,16,1,7,2475,B6,LAX,12,211,328,0,0,21,167,217,0,0,33
-7,7,21,6,15,2475,AA,LAX,17,161,256,0,0,19,172,233,0,0,32
-10,7,21,6,19,2475,AA,LAX,17,161,256,0,0,19,172,233,0,0,32
1,7,21,6,22,2475,B6,LAX,17,161,256,0,0,19,172,233,0,0,32
-3,7,21,6,7,2475,B6,LAX,17,161,256,0,0,19,172,233,0,0,32
-5,7,21,6,10,2475,AA,LAX,17,161,256,0,0,19,172,233,0,0,32
-2,7,21,6,16,2475,B6,LAX,17,161,256,0,0,19,172,233,0,0,32
-1,7,21,6,13,2475,AA,LAX,17,161,256,0,0,19,172,233,0,0,32
-1,7,21,6,21,2475,B6,LAX,17,161,256,0,0,19,172,233,0,0,32
-3,7,21,6,9,2475,B6,LAX,17,161,256,0,0,19,172,233,0,0,32
-6,7,21,6,12,2475,AA,LAX,17,161,256,0,0,19,172,233,0,0,32
41,7,21,6,9,2475,AA,LAX,17,161,256,0,0,19,172,233,0,0,32
-1,7,21,6,6,2475,AA,LAX,17,161,256,0,0,19,172,233,0,0,32
-3,7,21,6,20,2475,AA,LAX,17,161,256,0,0,19,172,233,0,0,32
-5,7,21,6,17,2475,AA,LAX,17,161,256,0,0,19,172,233,0,0,32
6,7,21,6,9,2475,VX,LAX,17,161,256,0,0,19,172,233,0,0,32
-4,7,21,6,7,2475,VX,LAX,17,161,256,0,0,19,172,233,0,0,32
-5,7,21,6,17,2475,DL,LAX,17,161,256,0,0,19,172,233,0,0,32
-5,7,21,6,19,2475,DL,LAX,17,161,256,0,0,19,172,233,0,0,32
-9,7,21,6,9,2475,DL,LAX,17,161,256,0,0,19,172,233,0,0,32
-5,7,21,6,15,2475,DL,LAX,17,161,256,0,0,19,172,233,0,0,32
-6,7,21,6,11,2475,DL,LAX,17,161,256,0,0,19,172,233,0,0,32
-4,7,21,6,13,2475,DL,LAX,17,161,256,0,0,19,172,233,0,0,32
-6,7,21,6,13,2475,VX,LAX,17,161,256,0,0,19,172,233,0,0,32
-4,7,21,6,16,2475,VX,LAX,17,161,256,0,0,19,172,233,0,0,32
-2,7,21,6,20,2475,VX,LAX,17,161,256,0,0,19,172,233,0,0,32
-3,7,21,6,11,2475,VX,LAX,17,161,256,0,0,19,172,233,0,0,32
-5,7,21,6,11,2475,UA,LAX,17,161,256,0,0,19,172,233,0,0,32
6,7,21,6,8,2475,UA,LAX,17,161,256,0,0,19,172,233,0,0,32
-3,7,21,6,6,2475,UA,LAX,17,161,256,0,0,19,172,233,0,0,32
2,7,21,6,15,2475,UA,LAX,17,161,256,0,0,19,172,233,0,0,32
32,7,21,6,17,2475,UA,LAX,17,161,256,0,0,19,172,233,0,0,32
46,8,17,5,12,2475,B6,LAX,15,183,311,38,0,18,206,289,0,0,30
5,8,17,5,22,2475,B6,LAX,15,183,311,38,0,18,206,289,0,0,30
-7,8,17,5,6,2475,AA,LAX,15,183,311,38,0,18,206,289,0,0,30
-3,8,17,5,20,2475,AA,LAX,15,183,311,38,0,18,206,289,0,0,30
-4,8,17,5,17,2475,AA,LAX,15,183,311,38,0,18,206,289,0,0,30
61,8,17,5,15,2475,AA,LAX,15,183,311,38,0,18,206,289,0,0,30
-1,8,17,5,7,2475,B6,LAX,15,183,311,38,0,18,206,289,0,0,30
-7,8,17,5,13,2475,AA,LAX,15,183,311,38,0,18,206,289,0,0,30
-6,8,17,5,19,2475,AA,LAX,15,183,311,38,0,18,206,289,0,0,30
-2,8,17,5,10,2475,AA,LAX,15,183,311,38,0,18,206,289,0,0,30
13,8,17,5,12,2475,AA,LAX,15,183,311,38,0,18,206,289,0,0,30
-5,8,17,5,17,2475,DL,LAX,15,183,311,38,0,18,206,289,0,0,30
0,8,17,5,19,2475,DL,LAX,15,183,311,38,0,18,206,289,0,0,30
31,8,17,5,9,2475,DL,LAX,15,183,311,38,0,18,206,289,0,0,30
-6,8,17,5,15,2475,DL,LAX,15,183,311,38,0,18,206,289,0,0,30
0,8,17,5,7,2475,DL,LAX,15,183,311,38,0,18,206,289,0,0,30
-2,8,17,5,11,2475,DL,LAX,15,183,311,38,0,18,206,289,0,0,30
-4,8,17,5,13,2475,DL,LAX,15,183,311,38,0,18,206,289,0,0,30
28,8,17,5,21,2475,DL,LAX,15,183,311,38,0,18,206,289,0,0,30
-4,8,17,5,9,2475,AA,LAX,15,183,311,38,0,18,206,289,0,0,30
0,8,17,5,9,2475,B6,LAX,15,183,311,38,0,18,206,289,0,0,30
41,8,17,5,21,2475,B6,LAX,15,183,311,38,0,18,206,289,0,0,30
-1,8,17,5,16,2475,B6,LAX,15,183,311,38,0,18,206,289,0,0,30
16,8,17,5,9,2475,VX,LAX,15,183,311,38,0,18,206,289,0,0,30
-5,8,17,5,7,2475,VX,LAX,15,183,311,38,0,18,206,289,0,0,30
8,8,17,5,17,2475,UA,LAX,15,183,311,38,0,18,206,289,0,0,30
-3,8,17,5,15,2475,UA,LAX,15,183,311,38,0,18,206,289,0,0,30
0,8,17,5,6,2475,UA,LAX,15,183,311,38,0,18,206,289,0,0,30
17,8,17,5,21,2475,UA,LAX,15,183,311,38,0,18,206,289,0,0,30
-6,8,17,5,8,2475,UA,LAX,15,183,311,38,0,18,206,289,0,0,30
-7,8,17,5,20,2475,VX,LAX,15,183,311,38,0,18,206,289,0,0,30
-2,8,17,5,16,2475,VX,LAX,15,183,311,38,0,18,206,289,0,0,30
1,8,17,5,13,2475,VX,LAX,15,183,311,38,0,18,206,289,0,0,30
-4,8,17,5,11,2475,VX,LAX,15,183,311,38,0,18,206,289,0,0,30
-3,8,17,5,11,2475,UA,LAX,15,183,311,38,0,18,206,289,0,0,30
-7,8,22,3,9,2475,DL,LAX,10,200,278,0,0,9,189,256,0,0,35
11,8,22,3,19,2475,DL,LAX,10,200,278,0,0,9,189,256,0,0,35
-4,8,22,3,17,2475,DL,LAX,10,200,278,0,0,9,189,256,0,0,35
-5,8,22,3,13,2475,DL,LAX,10,200,278,0,0,9,189,256,0,0,35
10,8,22,3,21,2475,DL,LAX,10,200,278,0,0,9,189,256,0,0,35
-4,8,22,3,9,2475,AA,LAX,10,200,278,0,0,9,189,256,0,0,35
-5,8,22,3,12,2475,AA,LAX,10,200,278,0,0,9,189,256,0,0,35
-2,8,22,3,10,2475,AA,LAX,10,200,278,0,0,9,189,256,0,0,35
-6,8,22,3,19,2475,AA,LAX,10,200,278,0,0,9,189,256,0,0,35
-1,8,22,3,8,2475,AA,LAX,10,200,278,0,0,9,189,256,0,0,35
0,8,22,3,15,2475,AA,LAX,10,200,278,0,0,9,189,256,0,0,35
6,8,22,3,16,2475,AA,LAX,10,200,278,0,0,9,189,256,0,0,35
-6,8,22,3,20,2475,AA,LAX,10,200,278,0,0,9,189,256,0,0,35
-4,8,22,3,6,2475,AA,LAX,10,200,278,0,0,9,189,256,0,0,35
13,8,22,3,9,2475,B6,LAX,10,200,278,0,0,9,189,256,0,0,35
-3,8,22,3,21,2475,B6,LAX,10,200,278,0,0,9,189,256,0,0,35
-5,8,22,3,16,2475,B6,LAX,10,200,278,0,0,9,189,256,0,0,35
-2,8,22,3,12,2475,B6,LAX,10,200,278,0,0,9,189,256,0,0,35
2,8,22,3,7,2475,B6,LAX,10,200,278,0,0,9,189,256,0,0,35
1,8,22,3,13,2475,AA,LAX,10,200,278,0,0,9,189,256,0,0,35
-4,8,22,3,11,2475,DL,LAX,10,200,278,0,0,9,189,256,0,0,35
2,8,22,3,7,2475,DL,LAX,10,200,278,0,0,9,189,256,0,0,35
-5,8,22,3,15,2475,DL,LAX,10,200,278,0,0,9,189,256,0,0,35
-12,8,22,3,8,2475,UA,LAX,10,200,278,0,0,9,189,256,0,0,35
-8,8,22,3,15,2475,UA,LAX,10,200,278,0,0,9,189,256,0,0,35
4,8,22,3,6,2475,UA,LAX,10,200,278,0,0,9,189,256,0,0,35
20,8,22,3,21,2475,UA,LAX,10,200,278,0,0,9,189,256,0,0,35
13,8,22,3,17,2475,UA,LAX,10,200,278,0,0,9,189,256,0,0,35
-4,8,22,3,11,2475,UA,LAX,10,200,278,0,0,9,189,256,0,0,35
-5,8,22,3,13,2475,VX,LAX,10,200,278,0,0,9,189,256,0,0,35
-3,8,22,3,20,2475,VX,LAX,10,200,278,0,0,9,189,256,0,0,35
-1,8,22,3,16,2475,VX,LAX,10,200,278,0,0,9,189,256,0,0,35
-8,8,22,3,11,2475,VX,LAX,10,200,278,0,0,9,189,256,0,0,35
20,8,22,3,9,2475,VX,LAX,10,200,278,0,0,9,189,256,0,0,35
7,8,22,3,7,2475,VX,LAX,10,200,278,0,0,9,189,256,0,0,35
214,9,18,2,20,2475,VX,LAX,17,194,239,391,0,28,172,233,0,0,27
7,9,18,2,11,2475,VX,LAX,17,194,239,391,0,28,172,233,0,0,27
3,9,18,2,13,2475,VX,LAX,17,194,239,391,0,28,172,233,0,0,27
19,9,18,2,16,2475,VX,LAX,17,194,239,391,0,28,172,233,0,0,27
3,9,18,2,9,2475,VX,LAX,17,194,239,391,0,28,172,233,0,0,27
4,9,18,2,7,2475,VX,LAX,17,194,239,391,0,28,172,233,0,0,27
23,9,18,2,16,2475,B6,LAX,17,194,239,391,0,28,172,233,0,0,27
-3,9,18,2,7,2475,DL,LAX,17,194,239,391,0,28,172,233,0,0,27
-5,9,18,2,9,2475,B6,LAX,17,194,239,391,0,28,172,233,0,0,27
64,9,18,2,21,2475,DL,LAX,17,194,239,391,0,28,172,233,0,0,27
2,9,18,2,13,2475,DL,LAX,17,194,239,391,0,28,172,233,0,0,27
23,9,18,2,17,2475,DL,LAX,17,194,239,391,0,28,172,233,0,0,27
-4,9,18,2,15,2475,DL,LAX,17,194,239,391,0,28,172,233,0,0,27
-3,9,18,2,11,2475,UA,LAX,17,194,239,391,0,28,172,233,0,0,27
121,9,18,2,21,2475,UA,LAX,17,194,239,391,0,28,172,233,0,0,27
-4,9,18,2,6,2475,UA,LAX,17,194,239,391,0,28,172,233,0,0,27
-2,9,18,2,19,2475,DL,LAX,17,194,239,391,0,28,172,233,0,0,27
-7,9,18,2,9,2475,DL,LAX,17,194,239,391,0,28,172,233,0,0,27
40,9,18,2,20,2475,B6,LAX,17,194,239,391,0,28,172,233,0,0,27
-1,9,18,2,7,2475,B6,LAX,17,194,239,391,0,28,172,233,0,0,27
-5,9,18,2,12,2475,B6,LAX,17,194,239,391,0,28,172,233,0,0,27
17,9,18,2,17,2475,UA,LAX,17,194,239,391,0,28,172,233,0,0,27
-3,9,18,2,8,2475,UA,LAX,17,194,239,391,0,28,172,233,0,0,27
7,9,18,2,15,2475,UA,LAX,17,194,239,391,0,28,172,233,0,0,27
14,9,18,2,15,2475,AA,LAX,17,194,239,391,0,28,172,233,0,0,27
-1,9,18,2,16,2475,AA,LAX,17,194,239,391,0,28,172,233,0,0,27
108,9,18,2,19,2475,AA,LAX,17,194,239,391,0,28,172,233,0,0,27
-2,9,18,2,9,2475,AA,LAX,17,194,239,391,0,28,172,233,0,0,27
-7,9,18,2,6,2475,AA,LAX,17,194,239,391,0,28,172,233,0,0,27
-4,9,18,2,13,2475,AA,LAX,17,194,239,391,0,28,172,233,0,0,27
-4,9,18,2,10,2475,AA,LAX,17,194,239,391,0,28,172,233,0,0,27
-5,9,18,2,12,2475,AA,LAX,17,194,239,391,0,28,172,233,0,0,27
70,9,18,2,20,2475,AA,LAX,17,194,239,391,0,28,172,233,0,0,27
6,9,23,7,11,2475,VX,LAX,20,128,200,0,0,28,189,283,0,0,23
-2,9,23,7,16,2475,VX,LAX,20,128,200,0,0,28,189,283,0,0,23
-1,9,23,7,20,2475,VX,LAX,20,128,200,0,0,28,189,283,0,0,23
1,9,23,7,13,2475,VX,LAX,20,128,200,0,0,28,189,283,0,0,23
-2,9,23,7,7,2475,VX,LAX,20,128,200,0,0,28,189,283,0,0,23
4,9,23,7,9,2475,VX,LAX,20,128,200,0,0,28,189,283,0,0,23
-10,9,23,7,8,2475,UA,LAX,20,128,200,0,0,28,189,283,0,0,23
12,9,23,7,17,2475,UA,LAX,20,128,200,0,0,28,189,283,0,0,23
-10,9,23,7,21,2475,UA,LAX,20,128,200,0,0,28,189,283,0,0,23
-6,9,23,7,15,2475,UA,LAX,20,128,200,0,0,28,189,283,0,0,23
-5,9,23,7,13,2475,AA,LAX,20,128,200,0,0,28,189,283,0,0,23
15,9,23,7,12,2475,AA,LAX,20,128,200,0,0,28,189,283,0,0,23
99,9,23,7,19,2475,AA,LAX,20,128,200,0,0,28,189,283,0,0,23
186,9,23,7,16,2475,AA,LAX,20,128,200,0,0,28,189,283,0,0,23
-2,9,23,7,9,2475,AA,LAX,20,128,200,0,0,28,189,283,0,0,23
-9,9,23,7,15,2475,AA,LAX,20,128,200,0,0,28,189,283,0,0,23
-3,9,23,7,6,2475,AA,LAX,20,128,200,0,0,28,189,283,0,0,23
5,9,23,7,10,2475,AA,LAX,20,128,200,0,0,28,189,283,0,0,23
144,9,23,7,20,2475,AA,LAX,20,128,200,0,0,28,189,283,0,0,23
-5,9,23,7,11,2475,DL,LAX,20,128,200,0,0,28,189,283,0,0,23
-2,9,23,7,21,2475,DL,LAX,20,128,200,0,0,28,189,283,0,0,23
-3,9,23,7,19,2475,DL,LAX,20,128,200,0,0,28,189,283,0,0,23
-6,9,23,7,11,2475,UA,LAX,20,128,200,0,0,28,189,283,0,0,23
32,9,23,7,20,2475,B6,LAX,20,128,200,0,0,28,189,283,0,0,23
-5,9,23,7,7,2475,B6,LAX,20,128,200,0,0,28,189,283,0,0,23
-2,9,23,7,12,2475,B6,LAX,20,128,200,0,0,28,189,283,0,0,23
-4,9,23,7,16,2475,B6,LAX,20,128,200,0,0,28,189,283,0,0,23
-3,9,23,7,9,2475,B6,LAX,20,128,200,0,0,28,189,283,0,0,23
-4,9,23,7,9,2475,DL,LAX,20,128,200,0,0,28,189,283,0,0,23
9,9,23,7,15,2475,DL,LAX,20,128,200,0,0,28,189,283,0,0,23
-7,9,23,7,7,2475,DL,LAX,20,128,200,0,0,28,189,283,0,0,23
2,9,23,7,17,2475,DL,LAX,20,128,200,0,0,28,189,283,0,0,23
-1,9,23,7,13,2475,DL,LAX,20,128,200,0,0,28,189,283,0,0,23
0,10,9,2,7,2475,VX,LAX,4,100,144,8,0,29,156,222,0,0,40
0,10,9,2,9,2475,VX,LAX,4,100,144,8,0,29,156,222,0,0,40
-8,10,9,2,8,2475,UA,LAX,4,100,144,8,0,29,156,222,0,0,40
-7,10,9,2,11,2475,VX,LAX,4,100,144,8,0,29,156,222,0,0,40
2,10,9,2,13,2475,VX,LAX,4,100,144,8,0,29,156,222,0,0,40
5,10,9,2,16,2475,VX,LAX,4,100,144,8,0,29,156,222,0,0,40
19,10,9,2,20,2475,VX,LAX,4,100,144,8,0,29,156,222,0,0,40
-6,10,9,2,17,2475,UA,LAX,4,100,144,8,0,29,156,222,0,0,40
25,10,9,2,11,2475,UA,LAX,4,100,144,8,0,29,156,222,0,0,40
1,10,9,2,15,2475,UA,LAX,4,100,144,8,0,29,156,222,0,0,40
-9,10,9,2,21,2475,UA,LAX,4,100,144,8,0,29,156,222,0,0,40
3,10,9,2,6,2475,UA,LAX,4,100,144,8,0,29,156,222,0,0,40
-3,10,9,2,11,2475,DL,LAX,4,100,144,8,0,29,156,222,0,0,40
3,10,9,2,15,2475,DL,LAX,4,100,144,8,0,29,156,222,0,0,40
15,10,9,2,13,2475,DL,LAX,4,100,144,8,0,29,156,222,0,0,40
-2,10,9,2,10,2475,AA,LAX,4,100,144,8,0,29,156,222,0,0,40
0,10,9,2,21,2475,DL,LAX,4,100,144,8,0,29,156,222,0,0,40
25,10,9,2,12,2475,AA,LAX,4,100,144,8,0,29,156,222,0,0,40
-7,10,9,2,19,2475,AA,LAX,4,100,144,8,0,29,156,222,0,0,40
-2,10,9,2,17,2475,DL,LAX,4,100,144,8,0,29,156,222,0,0,40
-5,10,9,2,13,2475,AA,LAX,4,100,144,8,0,29,156,222,0,0,40
-6,10,9,2,9,2475,AA,LAX,4,100,144,8,0,29,156,222,0,0,40
22,10,9,2,15,2475,AA,LAX,4,100,144,8,0,29,156,222,0,0,40
1,10,9,2,17,2475,AA,LAX,4,100,144,8,0,29,156,222,0,0,40
-5,10,9,2,20,2475,AA,LAX,4,100,144,8,0,29,156,222,0,0,40
-3,10,9,2,9,2475,B6,LAX,4,100,144,8,0,29,156,222,0,0,40
19,10,9,2,16,2475,B6,LAX,4,100,144,8,0,29,156,222,0,0,40
-6,10,9,2,12,2475,B6,LAX,4,100,144,8,0,29,156,222,0,0,40
-4,10,9,2,7,2475,B6,LAX,4,100,144,8,0,29,156,222,0,0,40
-6,10,9,2,6,2475,AA,LAX,4,100,144,8,0,29,156,222,0,0,40
12,10,9,2,20,2475,B6,LAX,4,100,144,8,0,29,156,222,0,0,40
16,10,9,2,19,2475,DL,LAX,4,100,144,8,0,29,156,222,0,0,40
-9,10,9,2,9,2475,DL,LAX,4,100,144,8,0,29,156,222,0,0,40
-4,10,9,2,7,2475,DL,LAX,4,100,144,8,0,29,156,222,0,0,40
-3,10,14,7,15,2475,AA,LAX,1,117,211,0,0,28,161,278,0,0,25
-6,10,14,7,9,2475,DL,LAX,1,117,211,0,0,28,161,278,0,0,25
-2,10,14,7,19,2475,DL,LAX,1,117,211,0,0,28,161,278,0,0,25
-2,10,14,7,20,2475,AA,LAX,1,117,211,0,0,28,161,278,0,0,25
-2,10,14,7,12,2475,B6,LAX,1,117,211,0,0,28,161,278,0,0,25
-4,10,14,7,7,2475,B6,LAX,1,117,211,0,0,28,161,278,0,0,25
3,10,14,7,20,2475,B6,LAX,1,117,211,0,0,28,161,278,0,0,25
-11,10,14,7,9,2475,AA,LAX,1,117,211,0,0,28,161,278,0,0,25
-4,10,14,7,6,2475,AA,LAX,1,117,211,0,0,28,161,278,0,0,25
-2,10,14,7,10,2475,AA,LAX,1,117,211,0,0,28,161,278,0,0,25
-4,10,14,7,19,2475,AA,LAX,1,117,211,0,0,28,161,278,0,0,25
-2,10,14,7,13,2475,AA,LAX,1,117,211,0,0,28,161,278,0,0,25
8,10,14,7,21,2475,DL,LAX,1,117,211,0,0,28,161,278,0,0,25
-10,10,14,7,12,2475,AA,LAX,1,117,211,0,0,28,161,278,0,0,25
-2,10,14,7,15,2475,DL,LAX,1,117,211,0,0,28,161,278,0,0,25
-2,10,14,7,11,2475,DL,LAX,1,117,211,0,0,28,161,278,0,0,25
-6,10,14,7,7,2475,DL,LAX,1,117,211,0,0,28,161,278,0,0,25
-4,10,14,7,17,2475,DL,LAX,1,117,211,0,0,28,161,278,0,0,25
-1,10,14,7,13,2475,DL,LAX,1,117,211,0,0,28,161,278,0,0,25
26,10,14,7,16,2475,B6,LAX,1,117,211,0,0,28,161,278,0,0,25
-4,10,14,7,9,2475,B6,LAX,1,117,211,0,0,28,161,278,0,0,25
4,10,14,7,17,2475,AA,LAX,1,117,211,0,0,28,161,278,0,0,25
0,10,14,7,15,2475,UA,LAX,1,117,211,0,0,28,161,278,0,0,25
-9,10,14,7,11,2475,UA,LAX,1,117,211,0,0,28,161,278,0,0,25
209,10,14,7,17,2475,UA,LAX,1,117,211,0,0,28,161,278,0,0,25
22,10,14,7,20,2475,VX,LAX,1,117,211,0,0,28,161,278,0,0,25
31,10,14,7,16,2475,VX,LAX,1,117,211,0,0,28,161,278,0,0,25
-5,10,14,7,13,2475,VX,LAX,1,117,211,0,0,28,161,278,0,0,25
-7,10,14,7,11,2475,VX,LAX,1,117,211,0,0,28,161,278,0,0,25
2,10,14,7,7,2475,UA,LAX,1,117,211,0,0,28,161,278,0,0,25
8,10,14,7,9,2475,VX,LAX,1,117,211,0,0,28,161,278,0,0,25
-11,10,14,7,21,2475,UA,LAX,1,117,211,0,0,28,161,278,0,0,25
6,11,15,4,15,2475,AA,LAX,4,17,72,0,0,21,122,194,0,0,17
10,11,15,4,16,2475,AA,LAX,4,17,72,0,0,21,122,194,0,0,17
-3,11,15,4,9,2475,AA,LAX,4,17,72,0,0,21,122,194,0,0,17
-7,11,15,4,13,2475,AA,LAX,4,17,72,0,0,21,122,194,0,0,17
-2,11,15,4,21,2475,AA,LAX,4,17,72,0,0,21,122,194,0,0,17
2,11,15,4,12,2475,AA,LAX,4,17,72,0,0,21,122,194,0,0,17
-5,11,15,4,7,2475,AA,LAX,4,17,72,0,0,21,122,194,0,0,17
1,11,15,4,10,2475,AA,LAX,4,17,72,0,0,21,122,194,0,0,17
3,11,15,4,19,2475,AA,LAX,4,17,72,0,0,21,122,194,0,0,17
-1,11,15,4,12,2475,B6,LAX,4,17,72,0,0,21,122,194,0,0,17
3,11,15,4,16,2475,B6,LAX,4,17,72,0,0,21,122,194,0,0,17
2,11,15,4,20,2475,VX,LAX,4,17,72,0,0,21,122,194,0,0,17
24,11,15,4,16,2475,VX,LAX,4,17,72,0,0,21,122,194,0,0,17
2,11,15,4,13,2475,VX,LAX,4,17,72,0,0,21,122,194,0,0,17
-5,11,15,4,11,2475,VX,LAX,4,17,72,0,0,21,122,194,0,0,17
-1,11,15,4,9,2475,VX,LAX,4,17,72,0,0,21,122,194,0,0,17
3,11,15,4,7,2475,VX,LAX,4,17,72,0,0,21,122,194,0,0,17
4,11,15,4,9,2475,DL,LAX,4,17,72,0,0,21,122,194,0,0,17
20,11,15,4,19,2475,DL,LAX,4,17,72,0,0,21,122,194,0,0,17
10,11,15,4,6,2475,UA,LAX,4,17,72,0,0,21,122,194,0,0,17
-2,11,15,4,20,2475,UA,LAX,4,17,72,0,0,21,122,194,0,0,17
1,11,15,4,20,2475,B6,LAX,4,17,72,0,0,21,122,194,0,0,17
-4,11,15,4,9,2475,B6,LAX,4,17,72,0,0,21,122,194,0,0,17
-2,11,15,4,7,2475,B6,LAX,4,17,72,0,0,21,122,194,0,0,17
-1,11,15,4,15,2475,DL,LAX,4,17,72,0,0,21,122,194,0,0,17
7,11,15,4,21,2475,DL,LAX,4,17,72,0,0,21,122,194,0,0,17
16,11,15,4,17,2475,UA,LAX,4,17,72,0,0,21,122,194,0,0,17
0,11,15,4,11,2475,UA,LAX,4,17,72,0,0,21,122,194,0,0,17
-3,11,15,4,13,2475,DL,LAX,4,17,72,0,0,21,122,194,0,0,17
-5,11,15,4,11,2475,DL,LAX,4,17,72,0,0,21,122,194,0,0,17
-3,11,15,4,7,2475,DL,LAX,4,17,72,0,0,21,122,194,0,0,17
-1,11,15,4,17,2475,DL,LAX,4,17,72,0,0,21,122,194,0,0,17
0,11,15,4,15,2475,UA,LAX,4,17,72,0,0,21,122,194,0,0,17
-1,11,15,4,8,2475,UA,LAX,4,17,72,0,0,21,122,194,0,0,17
-2,11,20,2,20,2475,UA,LAX,7,44,106,0,0,18,133,194,0,0,21
-4,11,20,2,11,2475,UA,LAX,7,44,106,0,0,18,133,194,0,0,21
10,11,20,2,17,2475,UA,LAX,7,44,106,0,0,18,133,194,0,0,21
-4,11,20,2,8,2475,UA,LAX,7,44,106,0,0,18,133,194,0,0,21
16,11,20,2,15,2475,UA,LAX,7,44,106,0,0,18,133,194,0,0,21
0,11,20,2,6,2475,UA,LAX,7,44,106,0,0,18,133,194,0,0,21
12,11,20,2,16,2475,B6,LAX,7,44,106,0,0,18,133,194,0,0,21
0,11,20,2,9,2475,B6,LAX,7,44,106,0,0,18,133,194,0,0,21
0,11,20,2,11,2475,VX,LAX,7,44,106,0,0,18,133,194,0,0,21
-5,11,20,2,19,2475,DL,LAX,7,44,106,0,0,18,133,194,0,0,21
-2,11,20,2,9,2475,DL,LAX,7,44,106,0,0,18,133,194,0,0,21
-3,11,20,2,17,2475,DL,LAX,7,44,106,0,0,18,133,194,0,0,21
-4,11,20,2,15,2475,DL,LAX,7,44,106,0,0,18,133,194,0,0,21
19,11,20,2,21,2475,DL,LAX,7,44,106,0,0,18,133,194,0,0,21
-5,11,20,2,7,2475,DL,LAX,7,44,106,0,0,18,133,194,0,0,21
-6,11,20,2,11,2475,DL,LAX,7,44,106,0,0,18,133,194,0,0,21
46,11,20,2,20,2475,B6,LAX,7,44,106,0,0,18,133,194,0,0,21
-5,11,20,2,13,2475,DL,LAX,7,44,106,0,0,18,133,194,0,0,21
3,11,20,2,7,2475,VX,LAX,7,44,106,0,0,18,133,194,0,0,21
2,11,20,2,9,2475,VX,LAX,7,44,106,0,0,18,133,194,0,0,21
32,11,20,2,20,2475,VX,LAX,7,44,106,0,0,18,133,194,0,0,21
3,11,20,2,16,2475,VX,LAX,7,44,106,0,0,18,133,194,0,0,21
-8,11,20,2,13,2475,VX,LAX,7,44,106,0,0,18,133,194,0,0,21
0,11,20,2,7,2475,B6,LAX,7,44,106,0,0,18,133,194,0,0,21
-6,11,20,2,12,2475,B6,LAX,7,44,106,0,0,18,133,194,0,0,21
6,11,20,2,16,2475,AA,LAX,7,44,106,0,0,18,133,194,0,0,21
1,11,20,2,19,2475,AA,LAX,7,44,106,0,0,18,133,194,0,0,21
3,11,20,2,15,2475,AA,LAX,7,44,106,0,0,18,133,194,0,0,21
-7,11,20,2,9,2475,AA,LAX,7,44,106,0,0,18,133,194,0,0,21
14,11,20,2,10,2475,AA,LAX,7,44,106,0,0,18,133,194,0,0,21
25,11,20,2,21,2475,AA,LAX,7,44,106,0,0,18,133,194,0,0,21
1,11,20,2,13,2475,AA,LAX,7,44,106,0,0,18,133,194,0,0,21
-6,11,20,2,7,2475,AA,LAX,7,44,106,0,0,18,133,194,0,0,21
3,11,20,2,12,2475,AA,LAX,7,44,106,0,0,18,133,194,0,0,21
-4,12,16,7,14,2475,UA,LAX,9,56,83,102,0,40,122,139,5,0,32
62,12,16,7,20,2475,UA,LAX,9,56,83,102,0,40,122,139,5,0,32
-4,12,16,7,11,2475,UA,LAX,9,56,83,102,0,40,122,139,5,0,32
-9,12,16,7,8,2475,UA,LAX,9,56,83,102,0,40,122,139,5,0,32
52,12,16,7,17,2475,UA,LAX,9,56,83,102,0,40,122,139,5,0,32
-2,12,16,7,9,2475,VX,LAX,9,56,83,102,0,40,122,139,5,0,32
-3,12,16,7,11,2475,VX,LAX,9,56,83,102,0,40,122,139,5,0,32
-3,12,16,7,13,2475,VX,LAX,9,56,83,102,0,40,122,139,5,0,32
2,12,16,7,16,2475,VX,LAX,9,56,83,102,0,40,122,139,5,0,32
-4,12,16,7,20,2475,VX,LAX,9,56,83,102,0,40,122,139,5,0,32
-2,12,16,7,7,2475,VX,LAX,9,56,83,102,0,40,122,139,5,0,32
25,12,16,7,9,2475,AA,LAX,9,56,83,102,0,40,122,139,5,0,32
1,12,16,7,7,2475,AA,LAX,9,56,83,102,0,40,122,139,5,0,32
-3,12,16,7,10,2475,AA,LAX,9,56,83,102,0,40,122,139,5,0,32
-5,12,16,7,13,2475,AA,LAX,9,56,83,102,0,40,122,139,5,0,32
13,12,16,7,9,2475,B6,LAX,9,56,83,102,0,40,122,139,5,0,32
4,12,16,7,20,2475,B6,LAX,9,56,83,102,0,40,122,139,5,0,32
89,12,16,7,16,2475,B6,LAX,9,56,83,102,0,40,122,139,5,0,32
44,12,16,7,12,2475,B6,LAX,9,56,83,102,0,40,122,139,5,0,32
-2,12,16,7,12,2475,AA,LAX,9,56,83,102,0,40,122,139,5,0,32
-2,12,16,7,7,2475,B6,LAX,9,56,83,102,0,40,122,139,5,0,32
-5,12,16,7,19,2475,DL,LAX,9,56,83,102,0,40,122,139,5,0,32
5,12,16,7,9,2475,DL,LAX,9,56,83,102,0,40,122,139,5,0,32
2,12,16,7,17,2475,DL,LAX,9,56,83,102,0,40,122,139,5,0,32
-2,12,16,7,7,2475,DL,LAX,9,56,83,102,0,40,122,139,5,0,32
-2,12,16,7,12,2475,DL,LAX,9,56,83,102,0,40,122,139,5,0,32
-2,12,16,7,15,2475,DL,LAX,9,56,83,102,0,40,122,139,5,0,32
45,12,16,7,21,2475,DL,LAX,9,56,83,102,0,40,122,139,5,0,32
-6,12,16,7,15,2475,AA,LAX,9,56,83,102,0,40,122,139,5,0,32
-4,12,16,7,16,2475,AA,LAX,9,56,83,102,0,40,122,139,5,0,32
10,12,16,7,21,2475,AA,LAX,9,56,83,102,0,40,122,139,5,0,32
18,12,16,7,19,2475,AA,LAX,9,56,83,102,0,40,122,139,5,0,32
18,12,21,5,8,2475,UA,LAX,4,22,133,178,0,46,67,167,0,0,20
0,12,21,5,17,2475,UA,LAX,4,22,133,178,0,46,67,167,0,0,20
-6,12,21,5,15,2475,UA,LAX,4,22,133,178,0,46,67,167,0,0,20
1,12,21,5,6,2475,UA,LAX,4,22,133,178,0,46,67,167,0,0,20
9,12,21,5,11,2475,UA,LAX,4,22,133,178,0,46,67,167,0,0,20
11,12,21,5,21,2475,DL,LAX,4,22,133,178,0,46,67,167,0,0,20
-4,12,21,5,9,2475,DL,LAX,4,22,133,178,0,46,67,167,0,0,20
0,12,21,5,19,2475,DL,LAX,4,22,133,178,0,46,67,167,0,0,20
-1,12,21,5,10,2475,DL,LAX,4,22,133,178,0,46,67,167,0,0,20
-4,12,21,5,20,2475,B6,LAX,4,22,133,178,0,46,67,167,0,0,20
-2,12,21,5,12,2475,DL,LAX,4,22,133,178,0,46,67,167,0,0,20
0,12,21,5,7,2475,DL,LAX,4,22,133,178,0,46,67,167,0,0,20
1,12,21,5,17,2475,DL,LAX,4,22,133,178,0,46,67,167,0,0,20
103,12,21,5,9,2475,AA,LAX,4,22,133,178,0,46,67,167,0,0,20
-3,12,21,5,12,2475,AA,LAX,4,22,133,178,0,46,67,167,0,0,20
-1,12,21,5,19,2475,AA,LAX,4,22,133,178,0,46,67,167,0,0,20
-3,12,21,5,13,2475,AA,LAX,4,22,133,178,0,46,67,167,0,0,20
-4,12,21,5,10,2475,AA,LAX,4,22,133,178,0,46,67,167,0,0,20
2,12,21,5,16,2475,AA,LAX,4,22,133,178,0,46,67,167,0,0,20
31,12,21,5,9,2475,B6,LAX,4,22,133,178,0,46,67,167,0,0,20
146,12,21,5,16,2475,B6,LAX,4,22,133,178,0,46,67,167,0,0,20
2,12,21,5,7,2475,AA,LAX,4,22,133,178,0,46,67,167,0,0,20
4,12,21,5,7,2475,B6,LAX,4,22,133,178,0,46,67,167,0,0,20
-4,12,21,5,15,2475,AA,LAX,4,22,133,178,0,46,67,167,0,0,20
-4,12,21,5,12,2475,B6,LAX,4,22,133,178,0,46,67,167,0,0,20
19,12,21,5,21,2475,AA,LAX,4,22,133,178,0,46,67,167,0,0,20
109,12,21,5,16,2475,VX,LAX,4,22,133,178,0,46,67,167,0,0,20
-1,12,21,5,15,2475,DL,LAX,4,22,133,178,0,46,67,167,0,0,20
66,12,21,5,20,2475,VX,LAX,4,22,133,178,0,46,67,167,0,0,20
10,12,21,5,7,2475,VX,LAX,4,22,133,178,0,46,67,167,0,0,20
9,12,21,5,9,2475,VX,LAX,4,22,133,178,0,46,67,167,0,0,20
16,12,21,5,11,2475,VX,LAX,4,22,133,178,0,46,67,167,0,0,20
23,12,21,5,13,2475,VX,LAX,4,22,133,178,0,46,67,167,0,0,20
