1,1,21,6,9,2475,DL,LAX,0,-56,-17,99,109,43,122,161,157,0,63
4,1,21,6,17,2475,DL,LAX,0,-56,-17,99,109,43,122,161,157,0,63
-4,1,21,6,12,2475,DL,LAX,0,-56,-17,99,109,43,122,161,157,0,63
2,1,21,6,15,2475,DL,LAX,0,-56,-17,99,109,43,122,161,157,0,63
30,1,21,6,16,2475,VX,LAX,0,-56,-17,99,109,43,122,161,157,0,63
38,1,21,6,11,2475,B6,LAX,0,-56,-17,99,109,43,122,161,157,0,63
19,1,21,6,21,2475,AA,LAX,0,-56,-17,99,109,43,122,161,157,0,63
-3,1,21,6,20,2475,B6,LAX,0,-56,-17,99,109,43,122,161,157,0,63
13,1,21,6,9,2475,AA,LAX,0,-56,-17,99,109,43,122,161,157,0,63
14,1,21,6,16,2475,B6,LAX,0,-56,-17,99,109,43,122,161,157,0,63
0,1,21,6,19,2475,AA,LAX,0,-56,-17,99,109,43,122,161,157,0,63
-2,1,21,6,16,2475,AA,LAX,0,-56,-17,99,109,43,122,161,157,0,63
6,1,21,6,13,2475,VX,LAX,0,-56,-17,99,109,43,122,161,157,0,63
-5,1,21,6,11,2475,VX,LAX,0,-56,-17,99,109,43,122,161,157,0,63
-2,1,21,6,9,2475,VX,LAX,0,-56,-17,99,109,43,122,161,157,0,63
19,1,21,6,12,2475,AA,LAX,0,-56,-17,99,109,43,122,161,157,0,63
126,1,21,6,20,2475,VX,LAX,0,-56,-17,99,109,43,122,161,157,0,63
14,1,21,6,7,2475,VX,LAX,0,-56,-17,99,109,43,122,161,157,0,63
28,1,21,6,6,2475,AA,LAX,0,-56,-17,99,109,43,122,161,157,0,63
33,1,21,6,15,2475,UA,LAX,0,-56,-17,99,109,43,122,161,157,0,63
7,1,21,6,17,2475,UA,LAX,0,-56,-17,99,109,43,122,161,157,0,63
-1,1,21,6,6,2475,UA,LAX,0,-56,-17,99,109,43,122,161,157,0,63
159,1,21,6,11,2475,UA,LAX,0,-56,-17,99,109,43,122,161,157,0,63
-4,1,21,6,8,2475,UA,LAX,0,-56,-17,99,109,43,122,161,157,0,63
-11,2,17,5,21,2475,DL,LAX,1,50,100,8,0,30,89,200,0,0,23
-2,2,17,5,12,2475,AA,LAX,1,50,100,8,0,30,89,200,0,0,23
-7,2,17,5,16,2475,AA,LAX,1,50,100,8,0,30,89,200,0,0,23
-5,2,17,5,15,2475,DL,LAX,1,50,100,8,0,30,89,200,0,0,23
28,2,17,5,19,2475,AA,LAX,1,50,100,8,0,30,89,200,0,0,23
-6,2,17,5,10,2475,AA,LAX,1,50,100,8,0,30,89,200,0,0,23
0,2,17,5,7,2475,AA,LAX,1,50,100,8,0,30,89,200,0,0,23
-5,2,17,5,12,2475,DL,LAX,1,50,100,8,0,30,89,200,0,0,23
-3,2,17,5,9,2475,DL,LAX,1,50,100,8,0,30,89,200,0,0,23
-8,2,17,5,13,2475,AA,LAX,1,50,100,8,0,30,89,200,0,0,23
-2,2,17,5,7,2475,AA,LAX,1,50,100,8,0,30,89,200,0,0,23
-4,2,17,5,17,2475,DL,LAX,1,50,100,8,0,30,89,200,0,0,23
-4,2,17,5,20,2475,B6,LAX,1,50,100,8,0,30,89,200,0,0,23
5,2,17,5,16,2475,B6,LAX,1,50,100,8,0,30,89,200,0,0,23
16,2,17,5,9,2475,B6,LAX,1,50,100,8,0,30,89,200,0,0,23
-6,2,17,5,7,2475,B6,LAX,1,50,100,8,0,30,89,200,0,0,23
2,2,17,5,21,2475,AA,LAX,1,50,100,8,0,30,89,200,0,0,23
-7,2,17,5,15,2475,AA,LAX,1,50,100,8,0,30,89,200,0,0,23
24,2,17,5,9,2475,AA,LAX,1,50,100,8,0,30,89,200,0,0,23
1,2,17,5,19,2475,DL,LAX,1,50,100,8,0,30,89,200,0,0,23
1,2,17,5,6,2475,UA,LAX,1,50,100,8,0,30,89,200,0,0,23
0,2,17,5,20,2475,VX,LAX,1,50,100,8,0,30,89,200,0,0,23
0,2,17,5,17,2475,UA,LAX,1,50,100,8,0,30,89,200,0,0,23
-3,2,17,5,20,2475,UA,LAX,1,50,100,8,0,30,89,200,0,0,23
-1,2,17,5,11,2475,UA,LAX,1,50,100,8,0,30,89,200,0,0,23
-2,2,17,5,16,2475,VX,LAX,1,50,100,8,0,30,89,200,0,0,23
-3,2,17,5,13,2475,VX,LAX,1,50,100,8,0,30,89,200,0,0,23
0,2,17,5,11,2475,VX,LAX,1,50,100,8,0,30,89,200,0,0,23
-2,2,17,5,15,2475,UA,LAX,1,50,100,8,0,30,89,200,0,0,23
-1,2,17,5,8,2475,UA,LAX,1,50,100,8,0,30,89,200,0,0,23
-1,2,17,5,9,2475,VX,LAX,1,50,100,8,0,30,89,200,0,0,23
8,2,17,5,7,2475,VX,LAX,1,50,100,8,0,30,89,200,0,0,23
-1,2,22,3,15,2475,DL,LAX,4,61,139,0,0,29,94,233,0,0,19
0,2,22,3,21,2475,DL,LAX,4,61,139,0,0,29,94,233,0,0,19
-6,2,22,3,19,2475,DL,LAX,4,61,139,0,0,29,94,233,0,0,19
26,2,22,3,20,2475,B6,LAX,4,61,139,0,0,29,94,233,0,0,19
0,2,22,3,16,2475,B6,LAX,4,61,139,0,0,29,94,233,0,0,19
-8,2,22,3,9,2475,B6,LAX,4,61,139,0,0,29,94,233,0,0,19
-1,2,22,3,7,2475,B6,LAX,4,61,139,0,0,29,94,233,0,0,19
-7,2,22,3,9,2475,AA,LAX,4,61,139,0,0,29,94,233,0,0,19
-7,2,22,3,7,2475,AA,LAX,4,61,139,0,0,29,94,233,0,0,19
-4,2,22,3,12,2475,AA,LAX,4,61,139,0,0,29,94,233,0,0,19
-7,2,22,3,21,2475,AA,LAX,4,61,139,0,0,29,94,233,0,0,19
-7,2,22,3,16,2475,AA,LAX,4,61,139,0,0,29,94,233,0,0,19
-5,2,22,3,10,2475,AA,LAX,4,61,139,0,0,29,94,233,0,0,19
-1,2,22,3,15,2475,AA,LAX,4,61,139,0,0,29,94,233,0,0,19
1,2,22,3,13,2475,AA,LAX,4,61,139,0,0,29,94,233,0,0,19
-5,2,22,3,17,2475,DL,LAX,4,61,139,0,0,29,94,233,0,0,19
-1,2,22,3,9,2475,DL,LAX,4,61,139,0,0,29,94,233,0,0,19
-6,2,22,3,19,2475,AA,LAX,4,61,139,0,0,29,94,233,0,0,19
-1,2,22,3,7,2475,AA,LAX,4,61,139,0,0,29,94,233,0,0,19
-6,2,22,3,12,2475,DL,LAX,4,61,139,0,0,29,94,233,0,0,19
0,2,22,3,17,2475,UA,LAX,4,61,139,0,0,29,94,233,0,0,19
-4,2,22,3,20,2475,UA,LAX,4,61,139,0,0,29,94,233,0,0,19
1,2,22,3,7,2475,VX,LAX,4,61,139,0,0,29,94,233,0,0,19
4,2,22,3,9,2475,VX,LAX,4,61,139,0,0,29,94,233,0,0,19
-3,2,22,3,11,2475,VX,LAX,4,61,139,0,0,29,94,233,0,0,19
1,2,22,3,13,2475,VX,LAX,4,61,139,0,0,29,94,233,0,0,19
4,2,22,3,16,2475,VX,LAX,4,61,139,0,0,29,94,233,0,0,19
11,2,22,3,20,2475,VX,LAX,4,61,139,0,0,29,94,233,0,0,19
-4,2,22,3,15,2475,UA,LAX,4,61,139,0,0,29,94,233,0,0,19
12,2,22,3,8,2475,UA,LAX,4,61,139,0,0,29,94,233,0,0,19
-2,2,22,3,11,2475,UA,LAX,4,61,139,0,0,29,94,233,0,0,19
-1,2,22,3,6,2475,UA,LAX,4,61,139,0,0,29,94,233,0,0,19
-3,3,23,5,7,2475,B6,LAX,34,144,244,0,0,19,117,167,0,0,27
-7,3,23,5,20,2475,B6,LAX,34,144,244,0,0,19,117,167,0,0,27
-8,3,23,5,10,2475,AA,LAX,34,144,244,0,0,19,117,167,0,0,27
-8,3,23,5,9,2475,AA,LAX,34,144,244,0,0,19,117,167,0,0,27
-8,3,23,5,19,2475,AA,LAX,34,144,244,0,0,19,117,167,0,0,27
-4,3,23,5,16,2475,B6,LAX,34,144,244,0,0,19,117,167,0,0,27
-2,3,23,5,7,2475,AA,LAX,34,144,244,0,0,19,117,167,0,0,27
-4,3,23,5,9,2475,B6,LAX,34,144,244,0,0,19,117,167,0,0,27
-8,3,23,5,15,2475,AA,LAX,34,144,244,0,0,19,117,167,0,0,27
-6,3,23,5,7,2475,AA,LAX,34,144,244,0,0,19,117,167,0,0,27
0,3,23,5,16,2475,AA,LAX,34,144,244,0,0,19,117,167,0,0,27
-2,3,23,5,21,2475,AA,LAX,34,144,244,0,0,19,117,167,0,0,27
-4,3,23,5,12,2475,AA,LAX,34,144,244,0,0,19,117,167,0,0,27
-5,3,23,5,13,2475,AA,LAX,34,144,244,0,0,19,117,167,0,0,27
-3,3,23,5,12,2475,DL,LAX,34,144,244,0,0,19,117,167,0,0,27
-6,3,23,5,7,2475,DL,LAX,34,144,244,0,0,19,117,167,0,0,27
23,3,23,5,19,2475,DL,LAX,34,144,244,0,0,19,117,167,0,0,27
-2,3,23,5,15,2475,DL,LAX,34,144,244,0,0,19,117,167,0,0,27
-8,3,23,5,17,2475,DL,LAX,34,144,244,0,0,19,117,167,0,0,27
-3,3,23,5,21,2475,DL,LAX,34,144,244,0,0,19,117,167,0,0,27
-2,3,23,5,9,2475,DL,LAX,34,144,244,0,0,19,117,167,0,0,27
26,3,23,5,20,2475,VX,LAX,34,144,244,0,0,19,117,167,0,0,27
-6,3,23,5,6,2475,UA,LAX,34,144,244,0,0,19,117,167,0,0,27
-5,3,23,5,15,2475,UA,LAX,34,144,244,0,0,19,117,167,0,0,27
-1,3,23,5,11,2475,UA,LAX,34,144,244,0,0,19,117,167,0,0,27
26,3,23,5,17,2475,UA,LAX,34,144,244,0,0,19,117,167,0,0,27
16,3,23,5,8,2475,UA,LAX,34,144,244,0,0,19,117,167,0,0,27
-3,3,23,5,20,2475,UA,LAX,34,144,244,0,0,19,117,167,0,0,27
29,3,23,5,7,2475,VX,LAX,34,144,244,0,0,19,117,167,0,0,27
19,3,23,5,9,2475,VX,LAX,34,144,244,0,0,19,117,167,0,0,27
-8,3,23,5,11,2475,VX,LAX,34,144,244,0,0,19,117,167,0,0,27
2,3,23,5,13,2475,VX,LAX,34,144,244,0,0,19,117,167,0,0,27
1,3,23,5,16,2475,VX,LAX,34,144,244,0,0,19,117,167,0,0,27
-8,4,1,7,15,2475,UA,LAX,43,56,111,130,0,11,100,200,0,0,57
-3,4,1,7,11,2475,UA,LAX,43,56,111,130,0,11,100,200,0,0,57
30,4,1,7,7,2475,VX,LAX,43,56,111,130,0,11,100,200,0,0,57
22,4,1,7,9,2475,VX,LAX,43,56,111,130,0,11,100,200,0,0,57
0,4,1,7,11,2475,VX,LAX,43,56,111,130,0,11,100,200,0,0,57
74,4,1,7,13,2475,VX,LAX,43,56,111,130,0,11,100,200,0,0,57
14,4,1,7,16,2475,VX,LAX,43,56,111,130,0,11,100,200,0,0,57
13,4,1,7,20,2475,VX,LAX,43,56,111,130,0,11,100,200,0,0,57
0,4,1,7,17,2475,UA,LAX,43,56,111,130,0,11,100,200,0,0,57
-2,4,1,7,20,2475,UA,LAX,43,56,111,130,0,11,100,200,0,0,57
0,4,1,7,8,2475,UA,LAX,43,56,111,130,0,11,100,200,0,0,57
-5,4,1,7,13,2475,AA,LAX,43,56,111,130,0,11,100,200,0,0,57
-2,4,1,7,7,2475,AA,LAX,43,56,111,130,0,11,100,200,0,0,57
-4,4,1,7,9,2475,AA,LAX,43,56,111,130,0,11,100,200,0,0,57
-6,4,1,7,9,2475,B6,LAX,43,56,111,130,0,11,100,200,0,0,57
-4,4,1,7,16,2475,B6,LAX,43,56,111,130,0,11,100,200,0,0,57
-3,4,1,7,15,2475,AA,LAX,43,56,111,130,0,11,100,200,0,0,57
-6,4,1,7,19,2475,AA,LAX,43,56,111,130,0,11,100,200,0,0,57
21,4,1,7,20,2475,B6,LAX,43,56,111,130,0,11,100,200,0,0,57
156,4,1,7,16,2475,AA,LAX,43,56,111,130,0,11,100,200,0,0,57
-5,4,1,7,10,2475,AA,LAX,43,56,111,130,0,11,100,200,0,0,57
-7,4,1,7,21,2475,AA,LAX,43,56,111,130,0,11,100,200,0,0,57
4,4,1,7,19,2475,DL,LAX,43,56,111,130,0,11,100,200,0,0,57
1,4,1,7,21,2475,DL,LAX,43,56,111,130,0,11,100,200,0,0,57
-4,4,1,7,9,2475,DL,LAX,43,56,111,130,0,11,100,200,0,0,57
10,4,1,7,17,2475,DL,LAX,43,56,111,130,0,11,100,200,0,0,57
-8,4,1,7,7,2475,AA,LAX,43,56,111,130,0,11,100,200,0,0,57
-5,4,1,7,15,2475,DL,LAX,43,56,111,130,0,11,100,200,0,0,57
-5,4,1,7,7,2475,DL,LAX,43,56,111,130,0,11,100,200,0,0,57
-4,4,1,7,12,2475,DL,LAX,43,56,111,130,0,11,100,200,0,0,57
-1,4,1,7,7,2475,B6,LAX,43,56,111,130,0,11,100,200,0,0,57
-7,4,1,7,12,2475,AA,LAX,43,56,111,130,0,11,100,200,0,0,57
1,4,19,4,17,2475,UA,LAX,33,83,211,10,0,9,133,178,0,0,27
-3,4,19,4,6,2475,UA,LAX,33,83,211,10,0,9,133,178,0,0,27
-4,4,19,4,11,2475,UA,LAX,33,83,211,10,0,9,133,178,0,0,27
-4,4,19,4,15,2475,UA,LAX,33,83,211,10,0,9,133,178,0,0,27
1,4,19,4,20,2475,UA,LAX,33,83,211,10,0,9,133,178,0,0,27
-2,4,19,4,8,2475,UA,LAX,33,83,211,10,0,9,133,178,0,0,27
-4,4,19,4,16,2475,B6,LAX,33,83,211,10,0,9,133,178,0,0,27
-5,4,19,4,12,2475,DL,LAX,33,83,211,10,0,9,133,178,0,0,27
-3,4,19,4,12,2475,AA,LAX,33,83,211,10,0,9,133,178,0,0,27
1,4,19,4,16,2475,AA,LAX,33,83,211,10,0,9,133,178,0,0,27
-2,4,19,4,7,2475,DL,LAX,33,83,211,10,0,9,133,178,0,0,27
-4,4,19,4,9,2475,DL,LAX,33,83,211,10,0,9,133,178,0,0,27
-4,4,19,4,19,2475,DL,LAX,33,83,211,10,0,9,133,178,0,0,27
-5,4,19,4,6,2475,AA,LAX,33,83,211,10,0,9,133,178,0,0,27
2,4,19,4,17,2475,DL,LAX,33,83,211,10,0,9,133,178,0,0,27
-7,4,19,4,20,2475,B6,LAX,33,83,211,10,0,9,133,178,0,0,27
-7,4,19,4,9,2475,AA,LAX,33,83,211,10,0,9,133,178,0,0,27
-5,4,19,4,21,2475,AA,LAX,33,83,211,10,0,9,133,178,0,0,27
-5,4,19,4,10,2475,AA,LAX,33,83,211,10,0,9,133,178,0,0,27
-2,4,19,4,15,2475,DL,LAX,33,83,211,10,0,9,133,178,0,0,27
-8,4,19,4,15,2475,AA,LAX,33,83,211,10,0,9,133,178,0,0,27
-6,4,19,4,19,2475,AA,LAX,33,83,211,10,0,9,133,178,0,0,27
-5,4,19,4,7,2475,AA,LAX,33,83,211,10,0,9,133,178,0,0,27
-1,4,19,4,21,2475,DL,LAX,33,83,211,10,0,9,133,178,0,0,27
-4,4,19,4,13,2475,AA,LAX,33,83,211,10,0,9,133,178,0,0,27
-1,4,19,4,7,2475,B6,LAX,33,83,211,10,0,9,133,178,0,0,27
-1,4,19,4,9,2475,B6,LAX,33,83,211,10,0,9,133,178,0,0,27
-1,4,19,4,13,2475,VX,LAX,33,83,211,10,0,9,133,178,0,0,27
2,4,19,4,16,2475,VX,LAX,33,83,211,10,0,9,133,178,0,0,27
3,4,19,4,20,2475,VX,LAX,33,83,211,10,0,9,133,178,0,0,27
-7,4,19,4,7,2475,VX,LAX,33,83,211,10,0,9,133,178,0,0,27
1,4,19,4,9,2475,VX,LAX,33,83,211,10,0,9,133,178,0,0,27
1,4,19,4,11,2475,VX,LAX,33,83,211,10,0,9,133,178,0,0,27
-2,4,24,2,13,2475,AA,LAX,28,50,150,0,0,28,139,206,0,0,38
-4,4,24,2,7,2475,B6,LAX,28,50,150,0,0,28,139,206,0,0,38
-9,4,24,2,10,2475,AA,LAX,28,50,150,0,0,28,139,206,0,0,38
-3,4,24,2,16,2475,AA,LAX,28,50,150,0,0,28,139,206,0,0,38
-7,4,24,2,15,2475,AA,LAX,28,50,150,0,0,28,139,206,0,0,38
-11,4,24,2,12,2475,AA,LAX,28,50,150,0,0,28,139,206,0,0,38
-1,4,24,2,9,2475,B6,LAX,28,50,150,0,0,28,139,206,0,0,38
-2,4,24,2,19,2475,AA,LAX,28,50,150,0,0,28,139,206,0,0,38
-4,4,24,2,16,2475,B6,LAX,28,50,150,0,0,28,139,206,0,0,38
-7,4,24,2,20,2475,B6,LAX,28,50,150,0,0,28,139,206,0,0,38
-5,4,24,2,6,2475,AA,LAX,28,50,150,0,0,28,139,206,0,0,38
-2,4,24,2,21,2475,AA,LAX,28,50,150,0,0,28,139,206,0,0,38
-5,4,24,2,7,2475,AA,LAX,28,50,150,0,0,28,139,206,0,0,38
-6,4,24,2,9,2475,AA,LAX,28,50,150,0,0,28,139,206,0,0,38
-9,4,24,2,21,2475,DL,LAX,28,50,150,0,0,28,139,206,0,0,38
-7,4,24,2,9,2475,DL,LAX,28,50,150,0,0,28,139,206,0,0,38
-8,4,24,2,17,2475,DL,LAX,28,50,150,0,0,28,139,206,0,0,38
1,4,24,2,7,2475,VX,LAX,28,50,150,0,0,28,139,206,0,0,38
30,4,24,2,9,2475,VX,LAX,28,50,150,0,0,28,139,206,0,0,38
-4,4,24,2,19,2475,DL,LAX,28,50,150,0,0,28,139,206,0,0,38
-3,4,24,2,11,2475,VX,LAX,28,50,150,0,0,28,139,206,0,0,38
-2,4,24,2,13,2475,VX,LAX,28,50,150,0,0,28,139,206,0,0,38
11,4,24,2,16,2475,VX,LAX,28,50,150,0,0,28,139,206,0,0,38
4,4,24,2,20,2475,VX,LAX,28,50,150,0,0,28,139,206,0,0,38
23,4,24,2,15,2475,DL,LAX,28,50,150,0,0,28,139,206,0,0,38
-3,4,24,2,12,2475,DL,LAX,28,50,150,0,0,28,139,206,0,0,38
-6,4,24,2,7,2475,DL,LAX,28,50,150,0,0,28,139,206,0,0,38
-2,4,24,2,17,2475,UA,LAX,28,50,150,0,0,28,139,206,0,0,38
-6,4,24,2,8,2475,UA,LAX,28,50,150,0,0,28,139,206,0,0,38
-4,4,24,2,20,2475,UA,LAX,28,50,150,0,0,28,139,206,0,0,38
-5,4,24,2,15,2475,UA,LAX,28,50,150,0,0,28,139,206,0,0,38
-6,4,24,2,11,2475,UA,LAX,28,50,150,0,0,28,139,206,0,0,38
-3,4,24,2,6,2475,UA,LAX,28,50,150,0,0,28,139,206,0,0,38
-11,5,2,3,8,2475,UA,LAX,20,100,117,20,0,26,144,183,0,0,34
-5,5,2,3,11,2475,UA,LAX,20,100,117,20,0,26,144,183,0,0,34
-1,5,2,3,20,2475,VX,LAX,20,100,117,20,0,26,144,183,0,0,34
22,5,2,3,16,2475,VX,LAX,20,100,117,20,0,26,144,183,0,0,34
-1,5,2,3,13,2475,VX,LAX,20,100,117,20,0,26,144,183,0,0,34
-8,5,2,3,11,2475,VX,LAX,20,100,117,20,0,26,144,183,0,0,34
16,5,2,3,9,2475,VX,LAX,20,100,117,20,0,26,144,183,0,0,34
-1,5,2,3,7,2475,VX,LAX,20,100,117,20,0,26,144,183,0,0,34
50,5,2,3,21,2475,UA,LAX,20,100,117,20,0,26,144,183,0,0,34
22,5,2,3,15,2475,UA,LAX,20,100,117,20,0,26,144,183,0,0,34
23,5,2,3,17,2475,UA,LAX,20,100,117,20,0,26,144,183,0,0,34
-7,5,2,3,6,2475,UA,LAX,20,100,117,20,0,26,144,183,0,0,34
0,5,2,3,16,2475,B6,LAX,20,100,117,20,0,26,144,183,0,0,34
-5,5,2,3,7,2475,B6,LAX,20,100,117,20,0,26,144,183,0,0,34
-5,5,2,3,21,2475,AA,LAX,20,100,117,20,0,26,144,183,0,0,34
-3,5,2,3,9,2475,AA,LAX,20,100,117,20,0,26,144,183,0,0,34
-6,5,2,3,12,2475,AA,LAX,20,100,117,20,0,26,144,183,0,0,34
-6,5,2,3,10,2475,AA,LAX,20,100,117,20,0,26,144,183,0,0,34
0,5,2,3,19,2475,AA,LAX,20,100,117,20,0,26,144,183,0,0,34
0,5,2,3,7,2475,AA,LAX,20,100,117,20,0,26,144,183,0,0,34
-6,5,2,3,21,2475,DL,LAX,20,100,117,20,0,26,144,183,0,0,34
-5,5,2,3,17,2475,DL,LAX,20,100,117,20,0,26,144,183,0,0,34
8,5,2,3,15,2475,DL,LAX,20,100,117,20,0,26,144,183,0,0,34
-5,5,2,3,12,2475,DL,LAX,20,100,117,20,0,26,144,183,0,0,34
-1,5,2,3,7,2475,DL,LAX,20,100,117,20,0,26,144,183,0,0,34
-5,5,2,3,9,2475,DL,LAX,20,100,117,20,0,26,144,183,0,0,34
-3,5,2,3,19,2475,DL,LAX,20,100,117,20,0,26,144,183,0,0,34
-7,5,2,3,6,2475,AA,LAX,20,100,117,20,0,26,144,183,0,0,34
-3,5,2,3,13,2475,AA,LAX,20,100,117,20,0,26,144,183,0,0,34
-1,5,2,3,15,2475,AA,LAX,20,100,117,20,0,26,144,183,0,0,34
4,5,2,3,16,2475,AA,LAX,20,100,117,20,0,26,144,183,0,0,34
-2,5,2,3,9,2475,B6,LAX,20,100,117,20,0,26,144,183,0,0,34
-7,5,2,3,20,2475,B6,LAX,20,100,117,20,0,26,144,183,0,0,34
-1,5,25,5,21,2475,AA,LAX,1,156,239,0,0,16,139,183,0,0,62
-3,5,25,5,6,2475,AA,LAX,1,156,239,0,0,16,139,183,0,0,62
166,5,25,5,17,2475,UA,LAX,1,156,239,0,0,16,139,183,0,0,62
-3,5,25,5,11,2475,UA,LAX,1,156,239,0,0,16,139,183,0,0,62
-3,5,25,5,21,2475,UA,LAX,1,156,239,0,0,16,139,183,0,0,62
-5,5,25,5,17,2475,DL,LAX,1,156,239,0,0,16,139,183,0,0,62
6,5,25,5,15,2475,DL,LAX,1,156,239,0,0,16,139,183,0,0,62
-4,5,25,5,12,2475,DL,LAX,1,156,239,0,0,16,139,183,0,0,62
39,5,25,5,7,2475,DL,LAX,1,156,239,0,0,16,139,183,0,0,62
8,5,25,5,21,2475,DL,LAX,1,156,239,0,0,16,139,183,0,0,62
-7,5,25,5,9,2475,AA,LAX,1,156,239,0,0,16,139,183,0,0,62
28,5,25,5,12,2475,AA,LAX,1,156,239,0,0,16,139,183,0,0,62
-5,5,25,5,10,2475,AA,LAX,1,156,239,0,0,16,139,183,0,0,62
-5,5,25,5,19,2475,AA,LAX,1,156,239,0,0,16,139,183,0,0,62
-4,5,25,5,9,2475,DL,LAX,1,156,239,0,0,16,139,183,0,0,62
0,5,25,5,19,2475,DL,LAX,1,156,239,0,0,16,139,183,0,0,62
-3,5,25,5,15,2475,UA,LAX,1,156,239,0,0,16,139,183,0,0,62
-3,5,25,5,6,2475,UA,LAX,1,156,239,0,0,16,139,183,0,0,62
0,5,25,5,9,2475,B6,LAX,1,156,239,0,0,16,139,183,0,0,62
-5,5,25,5,20,2475,B6,LAX,1,156,239,0,0,16,139,183,0,0,62
-5,5,25,5,16,2475,B6,LAX,1,156,239,0,0,16,139,183,0,0,62
1,5,25,5,7,2475,B6,LAX,1,156,239,0,0,16,139,183,0,0,62
-6,5,25,5,7,2475,AA,LAX,1,156,239,0,0,16,139,183,0,0,62
-5,5,25,5,13,2475,AA,LAX,1,156,239,0,0,16,139,183,0,0,62
-4,5,25,5,15,2475,AA,LAX,1,156,239,0,0,16,139,183,0,0,62
31,5,25,5,16,2475,AA,LAX,1,156,239,0,0,16,139,183,0,0,62
-1,5,25,5,8,2475,UA,LAX,1,156,239,0,0,16,139,183,0,0,62
1,5,25,5,13,2475,VX,LAX,1,156,239,0,0,16,139,183,0,0,62
1,5,25,5,9,2475,VX,LAX,1,156,239,0,0,16,139,183,0,0,62
-3,5,25,5,11,2475,VX,LAX,1,156,239,0,0,16,139,183,0,0,62
-1,5,25,5,7,2475,VX,LAX,1,156,239,0,0,16,139,183,0,0,62
0,5,25,5,20,2475,VX,LAX,1,156,239,0,0,16,139,183,0,0,62
5,5,25,5,16,2475,VX,LAX,1,156,239,0,0,16,139,183,0,0,62
29,5,30,3,9,2475,VX,LAX,4,200,244,3,0,14,150,194,0,0,33
-1,5,30,3,11,2475,VX,LAX,4,200,244,3,0,14,150,194,0,0,33
62,5,30,3,7,2475,VX,LAX,4,200,244,3,0,14,150,194,0,0,33
-3,5,30,3,13,2475,VX,LAX,4,200,244,3,0,14,150,194,0,0,33
-5,5,30,3,16,2475,VX,LAX,4,200,244,3,0,14,150,194,0,0,33
15,5,30,3,20,2475,VX,LAX,4,200,244,3,0,14,150,194,0,0,33
-1,5,30,3,6,2475,UA,LAX,4,200,244,3,0,14,150,194,0,0,33
-4,5,30,3,15,2475,DL,LAX,4,200,244,3,0,14,150,194,0,0,33
-3,5,30,3,17,2475,DL,LAX,4,200,244,3,0,14,150,194,0,0,33
-5,5,30,3,21,2475,DL,LAX,4,200,244,3,0,14,150,194,0,0,33
-1,5,30,3,12,2475,DL,LAX,4,200,244,3,0,14,150,194,0,0,33
11,5,30,3,7,2475,DL,LAX,4,200,244,3,0,14,150,194,0,0,33
-4,5,30,3,9,2475,DL,LAX,4,200,244,3,0,14,150,194,0,0,33
75,5,30,3,19,2475,DL,LAX,4,200,244,3,0,14,150,194,0,0,33
-3,5,30,3,9,2475,B6,LAX,4,200,244,3,0,14,150,194,0,0,33
4,5,30,3,20,2475,B6,LAX,4,200,244,3,0,14,150,194,0,0,33
4,5,30,3,16,2475,B6,LAX,4,200,244,3,0,14,150,194,0,0,33
-1,5,30,3,7,2475,B6,LAX,4,200,244,3,0,14,150,194,0,0,33
13,5,30,3,6,2475,AA,LAX,4,200,244,3,0,14,150,194,0,0,33
-5,5,30,3,21,2475,AA,LAX,4,200,244,3,0,14,150,194,0,0,33
-2,5,30,3,16,2475,AA,LAX,4,200,244,3,0,14,150,194,0,0,33
66,5,30,3,15,2475,AA,LAX,4,200,244,3,0,14,150,194,0,0,33
-6,5,30,3,13,2475,AA,LAX,4,200,244,3,0,14,150,194,0,0,33
-1,5,30,3,7,2475,AA,LAX,4,200,244,3,0,14,150,194,0,0,33
-4,5,30,3,19,2475,AA,LAX,4,200,244,3,0,14,150,194,0,0,33
-6,5,30,3,10,2475,AA,LAX,4,200,244,3,0,14,150,194,0,0,33
-5,5,30,3,12,2475,AA,LAX,4,200,244,3,0,14,150,194,0,0,33
10,5,30,3,9,2475,AA,LAX,4,200,244,3,0,14,150,194,0,0,33
-6,5,30,3,15,2475,UA,LAX,4,200,244,3,0,14,150,194,0,0,33
-5,5,30,3,21,2475,UA,LAX,4,200,244,3,0,14,150,194,0,0,33
-6,5,30,3,11,2475,UA,LAX,4,200,244,3,0,14,150,194,0,0,33
-7,5,30,3,17,2475,UA,LAX,4,200,244,3,0,14,150,194,0,0,33
-2,5,30,3,8,2475,UA,LAX,4,200,244,3,0,14,150,194,0,0,33
-5,6,3,7,17,2475,DL,LAX,8,144,244,3,0,24,167,211,0,0,31
2,6,3,7,9,2475,DL,LAX,8,144,244,3,0,24,167,211,0,0,31
4,6,3,7,21,2475,AA,LAX,8,144,244,3,0,24,167,211,0,0,31
138,6,3,7,21,2475,DL,LAX,8,144,244,3,0,24,167,211,0,0,31
-4,6,3,7,16,2475,AA,LAX,8,144,244,3,0,24,167,211,0,0,31
-1,6,3,7,15,2475,AA,LAX,8,144,244,3,0,24,167,211,0,0,31
1,6,3,7,13,2475,AA,LAX,8,144,244,3,0,24,167,211,0,0,31
-7,6,3,7,7,2475,AA,LAX,8,144,244,3,0,24,167,211,0,0,31
-2,6,3,7,19,2475,DL,LAX,8,144,244,3,0,24,167,211,0,0,31
14,6,3,7,19,2475,AA,LAX,8,144,244,3,0,24,167,211,0,0,31
-1,6,3,7,10,2475,AA,LAX,8,144,244,3,0,24,167,211,0,0,31
-9,6,3,7,9,2475,AA,LAX,8,144,244,3,0,24,167,211,0,0,31
-6,6,3,7,12,2475,AA,LAX,8,144,244,3,0,24,167,211,0,0,31
-1,6,3,7,7,2475,B6,LAX,8,144,244,3,0,24,167,211,0,0,31
-2,6,3,7,16,2475,B6,LAX,8,144,244,3,0,24,167,211,0,0,31
43,6,3,7,20,2475,B6,LAX,8,144,244,3,0,24,167,211,0,0,31
16,6,3,7,9,2475,B6,LAX,8,144,244,3,0,24,167,211,0,0,31
-1,6,3,7,15,2475,DL,LAX,8,144,244,3,0,24,167,211,0,0,31
-4,6,3,7,7,2475,DL,LAX,8,144,244,3,0,24,167,211,0,0,31
-6,6,3,7,12,2475,DL,LAX,8,144,244,3,0,24,167,211,0,0,31
3,6,3,7,17,2475,UA,LAX,8,144,244,3,0,24,167,211,0,0,31
-9,6,3,7,8,2475,UA,LAX,8,144,244,3,0,24,167,211,0,0,31
106,6,3,7,20,2475,UA,LAX,8,144,244,3,0,24,167,211,0,0,31
-1,6,3,7,15,2475,UA,LAX,8,144,244,3,0,24,167,211,0,0,31
-6,6,3,7,11,2475,UA,LAX,8,144,244,3,0,24,167,211,0,0,31
5,6,3,7,16,2475,VX,LAX,8,144,244,3,0,24,167,211,0,0,31
0,6,3,7,11,2475,VX,LAX,8,144,244,3,0,24,167,211,0,0,31
-1,6,3,7,9,2475,VX,LAX,8,144,244,3,0,24,167,211,0,0,31
-1,6,3,7,7,2475,VX,LAX,8,144,244,3,0,24,167,211,0,0,31
-1,6,3,7,13,2475,VX,LAX,8,144,244,3,0,24,167,211,0,0,31
7,6,3,7,20,2475,VX,LAX,8,144,244,3,0,24,167,211,0,0,31
4,6,26,2,16,2475,VX,LAX,8,144,222,0,0,28,144,222,0,0,31
-8,6,26,2,9,2475,VX,LAX,8,144,222,0,0,28,144,222,0,0,31
-2,6,26,2,7,2475,VX,LAX,8,144,222,0,0,28,144,222,0,0,31
4,6,26,2,20,2475,VX,LAX,8,144,222,0,0,28,144,222,0,0,31
-4,6,26,2,13,2475,VX,LAX,8,144,222,0,0,28,144,222,0,0,31
19,6,26,2,11,2475,VX,LAX,8,144,222,0,0,28,144,222,0,0,31
0,6,26,2,17,2475,UA,LAX,8,144,222,0,0,28,144,222,0,0,31
-3,6,26,2,21,2475,UA,LAX,8,144,222,0,0,28,144,222,0,0,31
-4,6,26,2,11,2475,UA,LAX,8,144,222,0,0,28,144,222,0,0,31
-3,6,26,2,6,2475,UA,LAX,8,144,222,0,0,28,144,222,0,0,31
58,6,26,2,8,2475,UA,LAX,8,144,222,0,0,28,144,222,0,0,31
-1,6,26,2,15,2475,UA,LAX,8,144,222,0,0,28,144,222,0,0,31
-3,6,26,2,19,2475,DL,LAX,8,144,222,0,0,28,144,222,0,0,31
35,6,26,2,17,2475,AA,LAX,8,144,222,0,0,28,144,222,0,0,31
-1,6,26,2,15,2475,DL,LAX,8,144,222,0,0,28,144,222,0,0,31
-5,6,26,2,19,2475,AA,LAX,8,144,222,0,0,28,144,222,0,0,31
2,6,26,2,13,2475,AA,LAX,8,144,222,0,0,28,144,222,0,0,31
8,6,26,2,15,2475,AA,LAX,8,144,222,0,0,28,144,222,0,0,31
-5,6,26,2,9,2475,B6,LAX,8,144,222,0,0,28,144,222,0,0,31
39,6,26,2,21,2475,B6,LAX,8,144,222,0,0,28,144,222,0,0,31
-2,6,26,2,16,2475,B6,LAX,8,144,222,0,0,28,144,222,0,0,31
-1,6,26,2,12,2475,B6,LAX,8,144,222,0,0,28,144,222,0,0,31
42,6,26,2,7,2475,B6,LAX,8,144,222,0,0,28,144,222,0,0,31
127,6,26,2,22,2475,B6,LAX,8,144,222,0,0,28,144,222,0,0,31
-6,6,26,2,10,2475,AA,LAX,8,144,222,0,0,28,144,222,0,0,31
10,6,26,2,20,2475,AA,LAX,8,144,222,0,0,28,144,222,0,0,31
-2,6,26,2,9,2475,DL,LAX,8,144,222,0,0,28,144,222,0,0,31
-2,6,26,2,8,2475,AA,LAX,8,144,222,0,0,28,144,222,0,0,31
2,6,26,2,12,2475,AA,LAX,8,144,222,0,0,28,144,222,0,0,31
-7,6,26,2,9,2475,AA,LAX,8,144,222,0,0,28,144,222,0,0,31
-4,6,26,2,13,2475,DL,LAX,8,144,222,0,0,28,144,222,0,0,31
0,6,26,2,7,2475,DL,LAX,8,144,222,0,0,28,144,222,0,0,31
7,6,26,2,21,2475,DL,LAX,8,144,222,0,0,28,144,222,0,0,31
-3,6,26,2,11,2475,DL,LAX,8,144,222,0,0,28,144,222,0,0,31
18,6,26,2,17,2475,DL,LAX,8,144,222,0,0,28,144,222,0,0,31
-4,7,4,3,17,2475,AA,LAX,0,211,333,15,0,19,172,211,0,0,29
0,7,4,3,9,2475,B6,LAX,0,211,333,15,0,19,172,211,0,0,29
-2,7,4,3,6,2475,AA,LAX,0,211,333,15,0,19,172,211,0,0,29
-3,7,4,3,12,2475,B6,LAX,0,211,333,15,0,19,172,211,0,0,29
-6,7,4,3,19,2475,AA,LAX,0,211,333,15,0,19,172,211,0,0,29
16,7,4,3,15,2475,AA,LAX,0,211,333,15,0,19,172,211,0,0,29
-5,7,4,3,12,2475,AA,LAX,0,211,333,15,0,19,172,211,0,0,29
-3,7,4,3,7,2475,B6,LAX,0,211,333,15,0,19,172,211,0,0,29
-12,7,4,3,10,2475,AA,LAX,0,211,333,15,0,19,172,211,0,0,29
-8,7,4,3,9,2475,AA,LAX,0,211,333,15,0,19,172,211,0,0,29
2,7,4,3,16,2475,B6,LAX,0,211,333,15,0,19,172,211,0,0,29
-3,7,4,3,21,2475,B6,LAX,0,211,333,15,0,19,172,211,0,0,29
-8,7,4,3,13,2475,AA,LAX,0,211,333,15,0,19,172,211,0,0,29
0,7,4,3,8,2475,UA,LAX,0,211,333,15,0,19,172,211,0,0,29
-4,7,4,3,16,2475,VX,LAX,0,211,333,15,0,19,172,211,0,0,29
-5,7,4,3,11,2475,DL,LAX,0,211,333,15,0,19,172,211,0,0,29
-2,7,4,3,13,2475,DL,LAX,0,211,333,15,0,19,172,211,0,0,29
-2,7,4,3,15,2475,DL,LAX,0,211,333,15,0,19,172,211,0,0,29
-7,7,4,3,13,2475,VX,LAX,0,211,333,15,0,19,172,211,0,0,29
-1,7,4,3,11,2475,VX,LAX,0,211,333,15,0,19,172,211,0,0,29
-3,7,4,3,9,2475,VX,LAX,0,211,333,15,0,19,172,211,0,0,29
-1,7,4,3,6,2475,UA,LAX,0,211,333,15,0,19,172,211,0,0,29
-6,7,4,3,7,2475,VX,LAX,0,211,333,15,0,19,172,211,0,0,29
0,7,4,3,17,2475,UA,LAX,0,211,333,15,0,19,172,211,0,0,29
-10,7,4,3,11,2475,UA,LAX,0,211,333,15,0,19,172,211,0,0,29
0,7,4,3,19,2475,DL,LAX,0,211,333,15,0,19,172,211,0,0,29
-5,7,4,3,9,2475,DL,LAX,0,211,333,15,0,19,172,211,0,0,29
19,7,4,3,20,2475,VX,LAX,0,211,333,15,0,19,172,211,0,0,29
11,7,27,5,15,2475,DL,LAX,23,217,306,0,0,20,156,211,0,0,34
-5,7,27,5,9,2475,DL,LAX,23,217,306,0,0,20,156,211,0,0,34
0,7,27,5,19,2475,DL,LAX,23,217,306,0,0,20,156,211,0,0,34
0,7,27,5,17,2475,DL,LAX,23,217,306,0,0,20,156,211,0,0,34
-4,7,27,5,13,2475,DL,LAX,23,217,306,0,0,20,156,211,0,0,34
-2,7,27,5,20,2475,VX,LAX,23,217,306,0,0,20,156,211,0,0,34
-1,7,27,5,16,2475,VX,LAX,23,217,306,0,0,20,156,211,0,0,34
-4,7,27,5,13,2475,VX,LAX,23,217,306,0,0,20,156,211,0,0,34
-8,7,27,5,11,2475,VX,LAX,23,217,306,0,0,20,156,211,0,0,34
27,7,27,5,9,2475,VX,LAX,23,217,306,0,0,20,156,211,0,0,34
-2,7,27,5,7,2475,VX,LAX,23,217,306,0,0,20,156,211,0,0,34
21,7,27,5,21,2475,UA,LAX,23,217,306,0,0,20,156,211,0,0,34
-1,7,27,5,17,2475,UA,LAX,23,217,306,0,0,20,156,211,0,0,34
-5,7,27,5,8,2475,UA,LAX,23,217,306,0,0,20,156,211,0,0,34
-1,7,27,5,21,2475,DL,LAX,23,217,306,0,0,20,156,211,0,0,34
0,7,27,5,11,2475,DL,LAX,23,217,306,0,0,20,156,211,0,0,34
-2,7,27,5,7,2475,DL,LAX,23,217,306,0,0,20,156,211,0,0,34
-6,7,27,5,9,2475,AA,LAX,23,217,306,0,0,20,156,211,0,0,34
43,7,27,5,13,2475,AA,LAX,23,217,306,0,0,20,156,211,0,0,34
56,7,27,5,9,2475,B6,LAX,23,217,306,0,0,20,156,211,0,0,34
-4,7,27,5,7,2475,B6,LAX,23,217,306,0,0,20,156,211,0,0,34
2,7,27,5,22,2475,B6,LAX,23,217,306,0,0,20,156,211,0,0,34
-6,7,27,5,20,2475,AA,LAX,23,217,306,0,0,20,156,211,0,0,34
-5,7,27,5,6,2475,AA,LAX,23,217,306,0,0,20,156,211,0,0,34
-5,7,27,5,10,2475,AA,LAX,23,217,306,0,0,20,156,211,0,0,34
-4,7,27,5,17,2475,AA,LAX,23,217,306,0,0,20,156,211,0,0,34
-7,7,27,5,16,2475,B6,LAX,23,217,306,0,0,20,156,211,0,0,34
4,7,27,5,12,2475,AA,LAX,23,217,306,0,0,20,156,211,0,0,34
37,7,27,5,21,2475,B6,LAX,23,217,306,0,0,20,156,211,0,0,34
-5,7,27,5,12,2475,B6,LAX,23,217,306,0,0,20,156,211,0,0,34
-5,7,27,5,19,2475,AA,LAX,23,217,306,0,0,20,156,211,0,0,34
15,7,27,5,15,2475,AA,LAX,23,217,306,0,0,20,156,211,0,0,34
7,7,27,5,15,2475,UA,LAX,23,217,306,0,0,20,156,211,0,0,34
-6,7,27,5,11,2475,UA,LAX,23,217,306,0,0,20,156,211,0,0,34
37,7,27,5,6,2475,UA,LAX,23,217,306,0,0,20,156,211,0,0,34
100,8,5,7,21,2475,UA,LAX,27,228,328,56,0,27,167,217,0,0,38
-4,8,5,7,11,2475,UA,LAX,27,228,328,56,0,27,167,217,0,0,38
1,8,5,7,8,2475,UA,LAX,27,228,328,56,0,27,167,217,0,0,38
138,8,5,7,20,2475,VX,LAX,27,228,328,56,0,27,167,217,0,0,38
56,8,5,7,16,2475,VX,LAX,27,228,328,56,0,27,167,217,0,0,38
-1,8,5,7,13,2475,VX,LAX,27,228,328,56,0,27,167,217,0,0,38
3,8,5,7,11,2475,VX,LAX,27,228,328,56,0,27,167,217,0,0,38
1,8,5,7,9,2475,VX,LAX,27,228,328,56,0,27,167,217,0,0,38
33,8,5,7,7,2475,VX,LAX,27,228,328,56,0,27,167,217,0,0,38
-3,8,5,7,17,2475,UA,LAX,27,228,328,56,0,27,167,217,0,0,38
-1,8,5,7,15,2475,UA,LAX,27,228,328,56,0,27,167,217,0,0,38
120,8,5,7,19,2475,DL,LAX,27,228,328,56,0,27,167,217,0,0,38
-2,8,5,7,6,2475,AA,LAX,27,228,328,56,0,27,167,217,0,0,38
-9,8,5,7,9,2475,AA,LAX,27,228,328,56,0,27,167,217,0,0,38
-11,8,5,7,12,2475,AA,LAX,27,228,328,56,0,27,167,217,0,0,38
-4,8,5,7,10,2475,AA,LAX,27,228,328,56,0,27,167,217,0,0,38
164,8,5,7,19,2475,AA,LAX,27,228,328,56,0,27,167,217,0,0,38
-6,8,5,7,13,2475,AA,LAX,27,228,328,56,0,27,167,217,0,0,38
314,8,5,7,15,2475,AA,LAX,27,228,328,56,0,27,167,217,0,0,38
243,8,5,7,17,2475,AA,LAX,27,228,328,56,0,27,167,217,0,0,38
233,8,5,7,21,2475,DL,LAX,27,228,328,56,0,27,167,217,0,0,38
58,8,5,7,20,2475,AA,LAX,27,228,328,56,0,27,167,217,0,0,38
2,8,5,7,9,2475,B6,LAX,27,228,328,56,0,27,167,217,0,0,38
99,8,5,7,21,2475,B6,LAX,27,228,328,56,0,27,167,217,0,0,38
-6,8,5,7,16,2475,B6,LAX,27,228,328,56,0,27,167,217,0,0,38
-1,8,5,7,12,2475,B6,LAX,27,228,328,56,0,27,167,217,0,0,38
-4,8,5,7,7,2475,B6,LAX,27,228,328,56,0,27,167,217,0,0,38
166,8,5,7,22,2475,B6,LAX,27,228,328,56,0,27,167,217,0,0,38
-3,8,5,7,7,2475,DL,LAX,27,228,328,56,0,27,167,217,0,0,38
0,8,5,7,11,2475,DL,LAX,27,228,328,56,0,27,167,217,0,0,38
-10,8,5,7,13,2475,DL,LAX,27,228,328,56,0,27,167,217,0,0,38
2,8,5,7,15,2475,DL,LAX,27,228,328,56,0,27,167,217,0,0,38
-5,8,5,7,9,2475,DL,LAX,27,228,328,56,0,27,167,217,0,0,38
1,8,5,7,17,2475,DL,LAX,27,228,328,56,0,27,167,217,0,0,38
53,8,10,5,15,2475,AA,LAX,22,211,267,61,0,19,194,261,0,0,27
-2,8,10,5,7,2475,B6,LAX,22,211,267,61,0,19,194,261,0,0,27
59,8,10,5,12,2475,B6,LAX,22,211,267,61,0,19,194,261,0,0,27
81,8,10,5,16,2475,B6,LAX,22,211,267,61,0,19,194,261,0,0,27
-2,8,10,5,17,2475,AA,LAX,22,211,267,61,0,19,194,261,0,0,27
150,8,10,5,21,2475,B6,LAX,22,211,267,61,0,19,194,261,0,0,27
161,8,10,5,9,2475,B6,LAX,22,211,267,61,0,19,194,261,0,0,27
1,8,10,5,10,2475,AA,LAX,22,211,267,61,0,19,194,261,0,0,27
95,8,10,5,12,2475,AA,LAX,22,211,267,61,0,19,194,261,0,0,27
-3,8,10,5,6,2475,AA,LAX,22,211,267,61,0,19,194,261,0,0,27
63,8,10,5,20,2475,AA,LAX,22,211,267,61,0,19,194,261,0,0,27
72,8,10,5,17,2475,DL,LAX,22,211,267,61,0,19,194,261,0,0,27
109,8,10,5,21,2475,DL,LAX,22,211,267,61,0,19,194,261,0,0,27
62,8,10,5,13,2475,DL,LAX,22,211,267,61,0,19,194,261,0,0,27
-5,8,10,5,11,2475,DL,LAX,22,211,267,61,0,19,194,261,0,0,27
165,8,10,5,19,2475,AA,LAX,22,211,267,61,0,19,194,261,0,0,27
22,8,10,5,13,2475,AA,LAX,22,211,267,61,0,19,194,261,0,0,27
-5,8,10,5,7,2475,DL,LAX,22,211,267,61,0,19,194,261,0,0,27
306,8,10,5,15,2475,DL,LAX,22,211,267,61,0,19,194,261,0,0,27
-1,8,10,5,9,2475,DL,LAX,22,211,267,61,0,19,194,261,0,0,27
31,8,10,5,19,2475,DL,LAX,22,211,267,61,0,19,194,261,0,0,27
240,8,10,5,22,2475,B6,LAX,22,211,267,61,0,19,194,261,0,0,27
-5,8,10,5,9,2475,AA,LAX,22,211,267,61,0,19,194,261,0,0,27
102,8,10,5,13,2475,VX,LAX,22,211,267,61,0,19,194,261,0,0,27
41,8,10,5,8,2475,UA,LAX,22,211,267,61,0,19,194,261,0,0,27
264,8,10,5,17,2475,UA,LAX,22,211,267,61,0,19,194,261,0,0,27
107,8,10,5,21,2475,UA,LAX,22,211,267,61,0,19,194,261,0,0,27
-1,8,10,5,7,2475,VX,LAX,22,211,267,61,0,19,194,261,0,0,27
300,8,10,5,16,2475,VX,LAX,22,211,267,61,0,19,194,261,0,0,27
0,8,10,5,11,2475,UA,LAX,22,211,267,61,0,19,194,261,0,0,27
8,8,10,5,15,2475,UA,LAX,22,211,267,61,0,19,194,261,0,0,27
-1,8,10,5,6,2475,UA,LAX,22,211,267,61,0,19,194,261,0,0,27
265,8,10,5,20,2475,VX,LAX,22,211,267,61,0,19,194,261,0,0,27
24,8,10,5,9,2475,VX,LAX,22,211,267,61,0,19,194,261,0,0,27
-3,8,10,5,11,2475,VX,LAX,22,211,267,61,0,19,194,261,0,0,27
47,8,28,2,20,2475,AA,LAX,4,228,306,36,0,28,194,261,0,0,29
0,8,28,2,19,2475,AA,LAX,4,228,306,36,0,28,194,261,0,0,29
-6,8,28,2,10,2475,AA,LAX,4,228,306,36,0,28,194,261,0,0,29
12,8,28,2,12,2475,AA,LAX,4,228,306,36,0,28,194,261,0,0,29
-5,8,28,2,8,2475,AA,LAX,4,228,306,36,0,28,194,261,0,0,29
-4,8,28,2,7,2475,B6,LAX,4,228,306,36,0,28,194,261,0,0,29
-2,8,28,2,12,2475,B6,LAX,4,228,306,36,0,28,194,261,0,0,29
-1,8,28,2,16,2475,B6,LAX,4,228,306,36,0,28,194,261,0,0,29
-2,8,28,2,16,2475,AA,LAX,4,228,306,36,0,28,194,261,0,0,29
72,8,28,2,13,2475,AA,LAX,4,228,306,36,0,28,194,261,0,0,29
-8,8,28,2,21,2475,B6,LAX,4,228,306,36,0,28,194,261,0,0,29
-6,8,28,2,9,2475,AA,LAX,4,228,306,36,0,28,194,261,0,0,29
-5,8,28,2,15,2475,AA,LAX,4,228,306,36,0,28,194,261,0,0,29
-6,8,28,2,6,2475,AA,LAX,4,228,306,36,0,28,194,261,0,0,29
-1,8,28,2,21,2475,DL,LAX,4,228,306,36,0,28,194,261,0,0,29
-5,8,28,2,9,2475,B6,LAX,4,228,306,36,0,28,194,261,0,0,29
-5,8,28,2,16,2475,VX,LAX,4,228,306,36,0,28,194,261,0,0,29
-3,8,28,2,20,2475,VX,LAX,4,228,306,36,0,28,194,261,0,0,29
-5,8,28,2,7,2475,VX,LAX,4,228,306,36,0,28,194,261,0,0,29
0,8,28,2,9,2475,VX,LAX,4,228,306,36,0,28,194,261,0,0,29
-3,8,28,2,11,2475,VX,LAX,4,228,306,36,0,28,194,261,0,0,29
0,8,28,2,13,2475,VX,LAX,4,228,306,36,0,28,194,261,0,0,29
-5,8,28,2,19,2475,DL,LAX,4,228,306,36,0,28,194,261,0,0,29
-7,8,28,2,17,2475,DL,LAX,4,228,306,36,0,28,194,261,0,0,29
-8,8,28,2,13,2475,DL,LAX,4,228,306,36,0,28,194,261,0,0,29
-7,8,28,2,9,2475,DL,LAX,4,228,306,36,0,28,194,261,0,0,29
-4,8,28,2,7,2475,DL,LAX,4,228,306,36,0,28,194,261,0,0,29
-7,8,28,2,11,2475,DL,LAX,4,228,306,36,0,28,194,261,0,0,29
1,8,28,2,8,2475,UA,LAX,4,228,306,36,0,28,194,261,0,0,29
49,8,28,2,17,2475,UA,LAX,4,228,306,36,0,28,194,261,0,0,29
-4,8,28,2,11,2475,UA,LAX,4,228,306,36,0,28,194,261,0,0,29
5,8,28,2,21,2475,UA,LAX,4,228,306,36,0,28,194,261,0,0,29
-3,8,28,2,6,2475,UA,LAX,4,228,306,36,0,28,194,261,0,0,29
-6,8,28,2,15,2475,DL,LAX,4,228,306,36,0,28,194,261,0,0,29
117,8,28,2,15,2475,UA,LAX,4,228,306,36,0,28,194,261,0,0,29
-4,9,6,4,6,2475,UA,LAX,5,206,267,0,0,11,200,283,0,0,29
-1,9,6,4,20,2475,B6,LAX,5,206,267,0,0,11,200,283,0,0,29
-5,9,6,4,7,2475,B6,LAX,5,206,267,0,0,11,200,283,0,0,29
-2,9,6,4,12,2475,B6,LAX,5,206,267,0,0,11,200,283,0,0,29
-6,9,6,4,8,2475,UA,LAX,5,206,267,0,0,11,200,283,0,0,29
-7,9,6,4,11,2475,VX,LAX,5,206,267,0,0,11,200,283,0,0,29
-3,9,6,4,11,2475,DL,LAX,5,206,267,0,0,11,200,283,0,0,29
7,9,6,4,21,2475,DL,LAX,5,206,267,0,0,11,200,283,0,0,29
-3,9,6,4,9,2475,B6,LAX,5,206,267,0,0,11,200,283,0,0,29
0,9,6,4,16,2475,B6,LAX,5,206,267,0,0,11,200,283,0,0,29
5,9,6,4,7,2475,VX,LAX,5,206,267,0,0,11,200,283,0,0,29
-8,9,6,4,9,2475,VX,LAX,5,206,267,0,0,11,200,283,0,0,29
-5,9,6,4,7,2475,DL,LAX,5,206,267,0,0,11,200,283,0,0,29
-3,9,6,4,19,2475,DL,LAX,5,206,267,0,0,11,200,283,0,0,29
-7,9,6,4,9,2475,DL,LAX,5,206,267,0,0,11,200,283,0,0,29
-6,9,6,4,13,2475,DL,LAX,5,206,267,0,0,11,200,283,0,0,29
-3,9,6,4,15,2475,UA,LAX,5,206,267,0,0,11,200,283,0,0,29
-1,9,6,4,17,2475,DL,LAX,5,206,267,0,0,11,200,283,0,0,29
-4,9,6,4,13,2475,VX,LAX,5,206,267,0,0,11,200,283,0,0,29
-7,9,6,4,17,2475,UA,LAX,5,206,267,0,0,11,200,283,0,0,29
-5,9,6,4,11,2475,UA,LAX,5,206,267,0,0,11,200,283,0,0,29
36,9,6,4,15,2475,DL,LAX,5,206,267,0,0,11,200,283,0,0,29
-4,9,6,4,21,2475,UA,LAX,5,206,267,0,0,11,200,283,0,0,29
-7,9,6,4,16,2475,VX,LAX,5,206,267,0,0,11,200,283,0,0,29
41,9,6,4,20,2475,VX,LAX,5,206,267,0,0,11,200,283,0,0,29
-4,9,6,4,15,2475,AA,LAX,5,206,267,0,0,11,200,283,0,0,29
-5,9,6,4,12,2475,AA,LAX,5,206,267,0,0,11,200,283,0,0,29
-9,9,6,4,10,2475,AA,LAX,5,206,267,0,0,11,200,283,0,0,29
-4,9,6,4,9,2475,AA,LAX,5,206,267,0,0,11,200,283,0,0,29
6,9,6,4,6,2475,AA,LAX,5,206,267,0,0,11,200,283,0,0,29
2,9,6,4,20,2475,AA,LAX,5,206,267,0,0,11,200,283,0,0,29
16,9,6,4,19,2475,AA,LAX,5,206,267,0,0,11,200,283,0,0,29
3,9,6,4,16,2475,AA,LAX,5,206,267,0,0,11,200,283,0,0,29
-6,9,6,4,13,2475,AA,LAX,5,206,267,0,0,11,200,283,0,0,29
-1,9,11,2,9,2475,DL,LAX,10,122,228,0,0,13,194,239,0,0,31
1,9,11,2,15,2475,DL,LAX,10,122,228,0,0,13,194,239,0,0,31
-7,9,11,2,13,2475,DL,LAX,10,122,228,0,0,13,194,239,0,0,31
0,9,11,2,17,2475,DL,LAX,10,122,228,0,0,13,194,239,0,0,31
-4,9,11,2,8,2475,UA,LAX,10,122,228,0,0,13,194,239,0,0,31
-3,9,11,2,21,2475,DL,LAX,10,122,228,0,0,13,194,239,0,0,31
16,9,11,2,9,2475,B6,LAX,10,122,228,0,0,13,194,239,0,0,31
-5,9,11,2,7,2475,DL,LAX,10,122,228,0,0,13,194,239,0,0,31
-6,9,11,2,16,2475,B6,LAX,10,122,228,0,0,13,194,239,0,0,31
8,9,11,2,12,2475,B6,LAX,10,122,228,0,0,13,194,239,0,0,31
-3,9,11,2,7,2475,B6,LAX,10,122,228,0,0,13,194,239,0,0,31
26,9,11,2,20,2475,B6,LAX,10,122,228,0,0,13,194,239,0,0,31
-4,9,11,2,15,2475,UA,LAX,10,122,228,0,0,13,194,239,0,0,31
-5,9,11,2,17,2475,UA,LAX,10,122,228,0,0,13,194,239,0,0,31
-5,9,11,2,11,2475,UA,LAX,10,122,228,0,0,13,194,239,0,0,31
6,9,11,2,21,2475,UA,LAX,10,122,228,0,0,13,194,239,0,0,31
-7,9,11,2,6,2475,UA,LAX,10,122,228,0,0,13,194,239,0,0,31
-3,9,11,2,19,2475,DL,LAX,10,122,228,0,0,13,194,239,0,0,31
1,9,11,2,15,2475,AA,LAX,10,122,228,0,0,13,194,239,0,0,31
-6,9,11,2,10,2475,AA,LAX,10,122,228,0,0,13,194,239,0,0,31
-5,9,11,2,9,2475,AA,LAX,10,122,228,0,0,13,194,239,0,0,31
-6,9,11,2,19,2475,AA,LAX,10,122,228,0,0,13,194,239,0,0,31
31,9,11,2,12,2475,AA,LAX,10,122,228,0,0,13,194,239,0,0,31
-7,9,11,2,16,2475,AA,LAX,10,122,228,0,0,13,194,239,0,0,31
126,9,11,2,20,2475,AA,LAX,10,122,228,0,0,13,194,239,0,0,31
79,9,11,2,6,2475,AA,LAX,10,122,228,0,0,13,194,239,0,0,31
-7,9,11,2,13,2475,AA,LAX,10,122,228,0,0,13,194,239,0,0,31
-6,9,11,2,7,2475,VX,LAX,10,122,228,0,0,13,194,239,0,0,31
5,9,11,2,20,2475,VX,LAX,10,122,228,0,0,13,194,239,0,0,31
15,9,11,2,16,2475,VX,LAX,10,122,228,0,0,13,194,239,0,0,31
17,9,11,2,13,2475,VX,LAX,10,122,228,0,0,13,194,239,0,0,31
2,9,11,2,11,2475,VX,LAX,10,122,228,0,0,13,194,239,0,0,31
9,9,11,2,9,2475,VX,LAX,10,122,228,0,0,13,194,239,0,0,31
-6,9,29,6,15,2475,DL,LAX,14,139,183,0,0,12,178,250,0,0,30
-2,9,29,6,9,2475,DL,LAX,14,139,183,0,0,12,178,250,0,0,30
6,9,29,6,19,2475,DL,LAX,14,139,183,0,0,12,178,250,0,0,30
-13,9,29,6,7,2475,VX,LAX,14,139,183,0,0,12,178,250,0,0,30
0,9,29,6,9,2475,VX,LAX,14,139,183,0,0,12,178,250,0,0,30
16,9,29,6,11,2475,VX,LAX,14,139,183,0,0,12,178,250,0,0,30
7,9,29,6,13,2475,VX,LAX,14,139,183,0,0,12,178,250,0,0,30
-3,9,29,6,16,2475,VX,LAX,14,139,183,0,0,12,178,250,0,0,30
22,9,29,6,20,2475,VX,LAX,14,139,183,0,0,12,178,250,0,0,30
23,9,29,6,20,2475,B6,LAX,14,139,183,0,0,12,178,250,0,0,30
-7,9,29,6,7,2475,B6,LAX,14,139,183,0,0,12,178,250,0,0,30
3,9,29,6,16,2475,B6,LAX,14,139,183,0,0,12,178,250,0,0,30
-4,9,29,6,9,2475,B6,LAX,14,139,183,0,0,12,178,250,0,0,30
-4,9,29,6,11,2475,DL,LAX,14,139,183,0,0,12,178,250,0,0,30
-3,9,29,6,8,2475,UA,LAX,14,139,183,0,0,12,178,250,0,0,30
-8,9,29,6,6,2475,UA,LAX,14,139,183,0,0,12,178,250,0,0,30
-4,9,29,6,11,2475,UA,LAX,14,139,183,0,0,12,178,250,0,0,30
-1,9,29,6,15,2475,UA,LAX,14,139,183,0,0,12,178,250,0,0,30
-7,9,29,6,17,2475,UA,LAX,14,139,183,0,0,12,178,250,0,0,30
5,9,29,6,10,2475,AA,LAX,14,139,183,0,0,12,178,250,0,0,30
-3,9,29,6,6,2475,AA,LAX,14,139,183,0,0,12,178,250,0,0,30
-2,9,29,6,19,2475,AA,LAX,14,139,183,0,0,12,178,250,0,0,30
-7,9,29,6,15,2475,AA,LAX,14,139,183,0,0,12,178,250,0,0,30
-4,9,29,6,12,2475,AA,LAX,14,139,183,0,0,12,178,250,0,0,30
5,9,29,6,16,2475,AA,LAX,14,139,183,0,0,12,178,250,0,0,30
-5,9,29,6,9,2475,AA,LAX,14,139,183,0,0,12,178,250,0,0,30
-5,9,29,6,13,2475,AA,LAX,14,139,183,0,0,12,178,250,0,0,30
-1,9,29,6,17,2475,DL,LAX,14,139,183,0,0,12,178,250,0,0,30
-4,9,29,6,13,2475,DL,LAX,14,139,183,0,0,12,178,250,0,0,30
-2,10,2,2,11,2475,VX,LAX,11,167,206,97,0,13,189,294,0,0,27
-4,10,2,2,9,2475,VX,LAX,11,167,206,97,0,13,189,294,0,0,27
-3,10,2,2,7,2475,VX,LAX,11,167,206,97,0,13,189,294,0,0,27
37,10,2,2,15,2475,UA,LAX,11,167,206,97,0,13,189,294,0,0,27
-6,10,2,2,8,2475,UA,LAX,11,167,206,97,0,13,189,294,0,0,27
0,10,2,2,17,2475,UA,LAX,11,167,206,97,0,13,189,294,0,0,27
-4,10,2,2,11,2475,UA,LAX,11,167,206,97,0,13,189,294,0,0,27
-8,10,2,2,21,2475,UA,LAX,11,167,206,97,0,13,189,294,0,0,27
-5,10,2,2,6,2475,UA,LAX,11,167,206,97,0,13,189,294,0,0,27
7,10,2,2,20,2475,VX,LAX,11,167,206,97,0,13,189,294,0,0,27
10,10,2,2,16,2475,VX,LAX,11,167,206,97,0,13,189,294,0,0,27
5,10,2,2,13,2475,VX,LAX,11,167,206,97,0,13,189,294,0,0,27
49,10,2,2,16,2475,B6,LAX,11,167,206,97,0,13,189,294,0,0,27
1,10,2,2,15,2475,DL,LAX,11,167,206,97,0,13,189,294,0,0,27
-9,10,2,2,13,2475,DL,LAX,11,167,206,97,0,13,189,294,0,0,27
2,10,2,2,17,2475,DL,LAX,11,167,206,97,0,13,189,294,0,0,27
196,10,2,2,17,2475,AA,LAX,11,167,206,97,0,13,189,294,0,0,27
-10,10,2,2,12,2475,B6,LAX,11,167,206,97,0,13,189,294,0,0,27
-4,10,2,2,7,2475,B6,LAX,11,167,206,97,0,13,189,294,0,0,27
-5,10,2,2,20,2475,B6,LAX,11,167,206,97,0,13,189,294,0,0,27
0,10,2,2,15,2475,AA,LAX,11,167,206,97,0,13,189,294,0,0,27
6,10,2,2,21,2475,DL,LAX,11,167,206,97,0,13,189,294,0,0,27
-5,10,2,2,13,2475,AA,LAX,11,167,206,97,0,13,189,294,0,0,27
79,10,2,2,19,2475,AA,LAX,11,167,206,97,0,13,189,294,0,0,27
197,10,2,2,10,2475,AA,LAX,11,167,206,97,0,13,189,294,0,0,27
-6,10,2,2,12,2475,AA,LAX,11,167,206,97,0,13,189,294,0,0,27
6,10,2,2,9,2475,AA,LAX,11,167,206,97,0,13,189,294,0,0,27
-1,10,2,2,20,2475,AA,LAX,11,167,206,97,0,13,189,294,0,0,27
-9,10,2,2,6,2475,AA,LAX,11,167,206,97,0,13,189,294,0,0,27
-2,10,2,2,9,2475,B6,LAX,11,167,206,97,0,13,189,294,0,0,27
-5,10,2,2,9,2475,DL,LAX,11,167,206,97,0,13,189,294,0,0,27
-4,10,2,2,7,2475,DL,LAX,11,167,206,97,0,13,189,294,0,0,27
-7,10,2,2,11,2475,DL,LAX,11,167,206,97,0,13,189,294,0,0,27
-7,10,2,2,19,2475,DL,LAX,11,167,206,97,0,13,189,294,0,0,27
-3,10,25,4,20,2475,B6,LAX,12,128,167,0,0,14,183,272,0,0,61
-5,10,25,4,13,2475,DL,LAX,12,128,167,0,0,14,183,272,0,0,61
-5,10,25,4,7,2475,B6,LAX,12,128,167,0,0,14,183,272,0,0,61
-3,10,25,4,20,2475,AA,LAX,12,128,167,0,0,14,183,272,0,0,61
-2,10,25,4,6,2475,AA,LAX,12,128,167,0,0,14,183,272,0,0,61
1,10,25,4,19,2475,AA,LAX,12,128,167,0,0,14,183,272,0,0,61
-2,10,25,4,17,2475,DL,LAX,12,128,167,0,0,14,183,272,0,0,61
-4,10,25,4,21,2475,DL,LAX,12,128,167,0,0,14,183,272,0,0,61
-5,10,25,4,15,2475,AA,LAX,12,128,167,0,0,14,183,272,0,0,61
-9,10,25,4,13,2475,AA,LAX,12,128,167,0,0,14,183,272,0,0,61
-1,10,25,4,12,2475,B6,LAX,12,128,167,0,0,14,183,272,0,0,61
29,10,25,4,16,2475,B6,LAX,12,128,167,0,0,14,183,272,0,0,61
1,10,25,4,9,2475,B6,LAX,12,128,167,0,0,14,183,272,0,0,61
-5,10,25,4,9,2475,DL,LAX,12,128,167,0,0,14,183,272,0,0,61
-2,10,25,4,19,2475,DL,LAX,12,128,167,0,0,14,183,272,0,0,61
20,10,25,4,17,2475,AA,LAX,12,128,167,0,0,14,183,272,0,0,61
-4,10,25,4,9,2475,AA,LAX,12,128,167,0,0,14,183,272,0,0,61
-5,10,25,4,12,2475,AA,LAX,12,128,167,0,0,14,183,272,0,0,61
-5,10,25,4,10,2475,AA,LAX,12,128,167,0,0,14,183,272,0,0,61
-17,10,25,4,11,2475,UA,LAX,12,128,167,0,0,14,183,272,0,0,61
4,10,25,4,6,2475,UA,LAX,12,128,167,0,0,14,183,272,0,0,61
5,10,25,4,17,2475,UA,LAX,12,128,167,0,0,14,183,272,0,0,61
-3,10,25,4,15,2475,DL,LAX,12,128,167,0,0,14,183,272,0,0,61
-2,10,25,4,15,2475,UA,LAX,12,128,167,0,0,14,183,272,0,0,61
1,10,25,4,11,2475,DL,LAX,12,128,167,0,0,14,183,272,0,0,61
-2,10,25,4,7,2475,DL,LAX,12,128,167,0,0,14,183,272,0,0,61
-1,10,25,4,8,2475,UA,LAX,12,128,167,0,0,14,183,272,0,0,61
-6,10,25,4,21,2475,UA,LAX,12,128,167,0,0,14,183,272,0,0,61
-5,10,25,4,20,2475,VX,LAX,12,128,167,0,0,14,183,272,0,0,61
3,10,25,4,9,2475,VX,LAX,12,128,167,0,0,14,183,272,0,0,61
-2,10,25,4,11,2475,VX,LAX,12,128,167,0,0,14,183,272,0,0,61
3,10,25,4,13,2475,VX,LAX,12,128,167,0,0,14,183,272,0,0,61
1,10,25,4,16,2475,VX,LAX,12,128,167,0,0,14,183,272,0,0,61
41,11,3,6,19,2475,AA,LAX,8,44,106,0,0,38,133,206,0,0,21
-4,11,3,6,6,2475,AA,LAX,8,44,106,0,0,38,133,206,0,0,21
2,11,3,6,17,2475,AA,LAX,8,44,106,0,0,38,133,206,0,0,21
-3,11,3,6,15,2475,AA,LAX,8,44,106,0,0,38,133,206,0,0,21
42,11,3,6,13,2475,AA,LAX,8,44,106,0,0,38,133,206,0,0,21
-2,11,3,6,10,2475,AA,LAX,8,44,106,0,0,38,133,206,0,0,21
-6,11,3,6,12,2475,AA,LAX,8,44,106,0,0,38,133,206,0,0,21
5,11,3,6,9,2475,AA,LAX,8,44,106,0,0,38,133,206,0,0,21
-4,11,3,6,17,2475,DL,LAX,8,44,106,0,0,38,133,206,0,0,21
-6,11,3,6,9,2475,DL,LAX,8,44,106,0,0,38,133,206,0,0,21
25,11,3,6,19,2475,DL,LAX,8,44,106,0,0,38,133,206,0,0,21
-7,11,3,6,13,2475,DL,LAX,8,44,106,0,0,38,133,206,0,0,21
-7,11,3,6,15,2475,DL,LAX,8,44,106,0,0,38,133,206,0,0,21
-10,11,3,6,11,2475,DL,LAX,8,44,106,0,0,38,133,206,0,0,21
-2,11,3,6,7,2475,VX,LAX,8,44,106,0,0,38,133,206,0,0,21
1,11,3,6,9,2475,VX,LAX,8,44,106,0,0,38,133,206,0,0,21
17,11,3,6,11,2475,VX,LAX,8,44,106,0,0,38,133,206,0,0,21
-3,11,3,6,13,2475,VX,LAX,8,44,106,0,0,38,133,206,0,0,21
-9,11,3,6,16,2475,VX,LAX,8,44,106,0,0,38,133,206,0,0,21
-2,11,3,6,20,2475,VX,LAX,8,44,106,0,0,38,133,206,0,0,21
0,11,3,6,9,2475,B6,LAX,8,44,106,0,0,38,133,206,0,0,21
-5,11,3,6,20,2475,B6,LAX,8,44,106,0,0,38,133,206,0,0,21
2,11,3,6,16,2475,B6,LAX,8,44,106,0,0,38,133,206,0,0,21
-4,11,3,6,11,2475,B6,LAX,8,44,106,0,0,38,133,206,0,0,21
54,11,3,6,18,2475,UA,LAX,8,44,106,0,0,38,133,206,0,0,21
-6,11,3,6,11,2475,UA,LAX,8,44,106,0,0,38,133,206,0,0,21
290,11,3,6,15,2475,UA,LAX,8,44,106,0,0,38,133,206,0,0,21
0,11,3,6,6,2475,UA,LAX,8,44,106,0,0,38,133,206,0,0,21
-11,11,3,6,8,2475,UA,LAX,8,44,106,0,0,38,133,206,0,0,21
-4,11,26,1,19,2475,DL,LAX,1,22,89,0,0,24,133,189,0,0,24
0,11,26,1,20,2475,VX,LAX,1,22,89,0,0,24,133,189,0,0,24
2,11,26,1,16,2475,VX,LAX,1,22,89,0,0,24,133,189,0,0,24
16,11,26,1,13,2475,VX,LAX,1,22,89,0,0,24,133,189,0,0,24
9,11,26,1,11,2475,VX,LAX,1,22,89,0,0,24,133,189,0,0,24
-2,11,26,1,9,2475,VX,LAX,1,22,89,0,0,24,133,189,0,0,24
9,11,26,1,7,2475,VX,LAX,1,22,89,0,0,24,133,189,0,0,24
-1,11,26,1,11,2475,DL,LAX,1,22,89,0,0,24,133,189,0,0,24
-2,11,26,1,7,2475,DL,LAX,1,22,89,0,0,24,133,189,0,0,24
8,11,26,1,17,2475,DL,LAX,1,22,89,0,0,24,133,189,0,0,24
0,11,26,1,9,2475,DL,LAX,1,22,89,0,0,24,133,189,0,0,24
6,11,26,1,21,2475,DL,LAX,1,22,89,0,0,24,133,189,0,0,24
-4,11,26,1,15,2475,DL,LAX,1,22,89,0,0,24,133,189,0,0,24
-5,11,26,1,13,2475,DL,LAX,1,22,89,0,0,24,133,189,0,0,24
5,11,26,1,9,2475,B6,LAX,1,22,89,0,0,24,133,189,0,0,24
-2,11,26,1,20,2475,B6,LAX,1,22,89,0,0,24,133,189,0,0,24
-7,11,26,1,16,2475,B6,LAX,1,22,89,0,0,24,133,189,0,0,24
186,11,26,1,12,2475,B6,LAX,1,22,89,0,0,24,133,189,0,0,24
-6,11,26,1,7,2475,B6,LAX,1,22,89,0,0,24,133,189,0,0,24
6,11,26,1,20,2475,UA,LAX,1,22,89,0,0,24,133,189,0,0,24
34,11,26,1,17,2475,UA,LAX,1,22,89,0,0,24,133,189,0,0,24
30,11,26,1,15,2475,UA,LAX,1,22,89,0,0,24,133,189,0,0,24
0,11,26,1,6,2475,UA,LAX,1,22,89,0,0,24,133,189,0,0,24
-3,11,26,1,8,2475,UA,LAX,1,22,89,0,0,24,133,189,0,0,24
8,11,26,1,11,2475,UA,LAX,1,22,89,0,0,24,133,189,0,0,24
8,11,26,1,12,2475,AA,LAX,1,22,89,0,0,24,133,189,0,0,24
-4,11,26,1,15,2475,AA,LAX,1,22,89,0,0,24,133,189,0,0,24
-5,11,26,1,13,2475,AA,LAX,1,22,89,0,0,24,133,189,0,0,24
-2,11,26,1,7,2475,AA,LAX,1,22,89,0,0,24,133,189,0,0,24
1,11,26,1,16,2475,AA,LAX,1,22,89,0,0,24,133,189,0,0,24
16,11,26,1,21,2475,AA,LAX,1,22,89,0,0,24,133,189,0,0,24
-2,11,26,1,10,2475,AA,LAX,1,22,89,0,0,24,133,189,0,0,24
-1,11,26,1,9,2475,AA,LAX,1,22,89,0,0,24,133,189,0,0,24
7,11,26,1,19,2475,AA,LAX,1,22,89,0,0,24,133,189,0,0,24
0,12,4,2,6,2475,UA,LAX,7,83,167,18,0,13,133,178,0,0,19
-2,12,4,2,11,2475,VX,LAX,7,83,167,18,0,13,133,178,0,0,19
-1,12,4,2,20,2475,UA,LAX,7,83,167,18,0,13,133,178,0,0,19
-2,12,4,2,11,2475,UA,LAX,7,83,167,18,0,13,133,178,0,0,19
-2,12,4,2,8,2475,UA,LAX,7,83,167,18,0,13,133,178,0,0,19
15,12,4,2,15,2475,UA,LAX,7,83,167,18,0,13,133,178,0,0,19
-2,12,4,2,9,2475,VX,LAX,7,83,167,18,0,13,133,178,0,0,19
-5,12,4,2,13,2475,VX,LAX,7,83,167,18,0,13,133,178,0,0,19
21,12,4,2,17,2475,UA,LAX,7,83,167,18,0,13,133,178,0,0,19
3,12,4,2,16,2475,VX,LAX,7,83,167,18,0,13,133,178,0,0,19
-2,12,4,2,20,2475,VX,LAX,7,83,167,18,0,13,133,178,0,0,19
5,12,4,2,9,2475,B6,LAX,7,83,167,18,0,13,133,178,0,0,19
-1,12,4,2,21,2475,AA,LAX,7,83,167,18,0,13,133,178,0,0,19
90,12,4,2,16,2475,AA,LAX,7,83,167,18,0,13,133,178,0,0,19
160,12,4,2,19,2475,AA,LAX,7,83,167,18,0,13,133,178,0,0,19
-7,12,4,2,12,2475,AA,LAX,7,83,167,18,0,13,133,178,0,0,19
-6,12,4,2,10,2475,AA,LAX,7,83,167,18,0,13,133,178,0,0,19
104,12,4,2,21,2475,DL,LAX,7,83,167,18,0,13,133,178,0,0,19
-3,12,4,2,15,2475,DL,LAX,7,83,167,18,0,13,133,178,0,0,19
66,12,4,2,9,2475,AA,LAX,7,83,167,18,0,13,133,178,0,0,19
-1,12,4,2,12,2475,DL,LAX,7,83,167,18,0,13,133,178,0,0,19
-4,12,4,2,7,2475,DL,LAX,7,83,167,18,0,13,133,178,0,0,19
-2,12,4,2,9,2475,DL,LAX,7,83,167,18,0,13,133,178,0,0,19
-3,12,4,2,19,2475,DL,LAX,7,83,167,18,0,13,133,178,0,0,19
2,12,4,2,7,2475,AA,LAX,7,83,167,18,0,13,133,178,0,0,19
-3,12,4,2,17,2475,DL,LAX,7,83,167,18,0,13,133,178,0,0,19
160,12,4,2,13,2475,AA,LAX,7,83,167,18,0,13,133,178,0,0,19
-6,12,4,2,7,2475,B6,LAX,7,83,167,18,0,13,133,178,0,0,19
-2,12,4,2,12,2475,B6,LAX,7,83,167,18,0,13,133,178,0,0,19
57,12,4,2,15,2475,AA,LAX,7,83,167,18,0,13,133,178,0,0,19
-3,12,4,2,16,2475,B6,LAX,7,83,167,18,0,13,133,178,0,0,19
-6,12,4,2,20,2475,B6,LAX,7,83,167,18,0,13,133,178,0,0,19
5,12,27,4,15,2475,DL,LAX,2,-11,39,157,0,56,106,167,0,0,49
-8,12,27,4,12,2475,DL,LAX,2,-11,39,157,0,56,106,167,0,0,49
3,12,27,4,7,2475,DL,LAX,2,-11,39,157,0,56,106,167,0,0,49
0,12,27,4,17,2475,DL,LAX,2,-11,39,157,0,56,106,167,0,0,49
-6,12,27,4,13,2475,AA,LAX,2,-11,39,157,0,56,106,167,0,0,49
-2,12,27,4,9,2475,DL,LAX,2,-11,39,157,0,56,106,167,0,0,49
12,12,27,4,19,2475,DL,LAX,2,-11,39,157,0,56,106,167,0,0,49
30,12,27,4,19,2475,AA,LAX,2,-11,39,157,0,56,106,167,0,0,49
147,12,27,4,7,2475,B6,LAX,2,-11,39,157,0,56,106,167,0,0,49
18,12,27,4,9,2475,B6,LAX,2,-11,39,157,0,56,106,167,0,0,49
-1,12,27,4,12,2475,B6,LAX,2,-11,39,157,0,56,106,167,0,0,49
-3,12,27,4,10,2475,AA,LAX,2,-11,39,157,0,56,106,167,0,0,49
31,12,27,4,16,2475,B6,LAX,2,-11,39,157,0,56,106,167,0,0,49
-11,12,27,4,12,2475,AA,LAX,2,-11,39,157,0,56,106,167,0,0,49
49,12,27,4,20,2475,B6,LAX,2,-11,39,157,0,56,106,167,0,0,49
221,12,27,4,15,2475,AA,LAX,2,-11,39,157,0,56,106,167,0,0,49
-3,12,27,4,16,2475,AA,LAX,2,-11,39,157,0,56,106,167,0,0,49
60,12,27,4,21,2475,AA,LAX,2,-11,39,157,0,56,106,167,0,0,49
5,12,27,4,21,2475,DL,LAX,2,-11,39,157,0,56,106,167,0,0,49
1,12,27,4,13,2475,VX,LAX,2,-11,39,157,0,56,106,167,0,0,49
-5,12,27,4,16,2475,VX,LAX,2,-11,39,157,0,56,106,167,0,0,49
128,12,27,4,20,2475,VX,LAX,2,-11,39,157,0,56,106,167,0,0,49
2,12,27,4,7,2475,VX,LAX,2,-11,39,157,0,56,106,167,0,0,49
18,12,27,4,9,2475,VX,LAX,2,-11,39,157,0,56,106,167,0,0,49
-7,12,27,4,11,2475,VX,LAX,2,-11,39,157,0,56,106,167,0,0,49
-5,12,27,4,11,2475,UA,LAX,2,-11,39,157,0,56,106,167,0,0,49
-3,12,27,4,17,2475,UA,LAX,2,-11,39,157,0,56,106,167,0,0,49
-4,12,27,4,15,2475,UA,LAX,2,-11,39,157,0,56,106,167,0,0,49
-10,12,27,4,8,2475,UA,LAX,2,-11,39,157,0,56,106,167,0,0,49
4,12,27,4,6,2475,UA,LAX,2,-11,39,157,0,56,106,167,0,0,49
