-5,9,22,2,12,2475,DL,LAX,21
-1,9,22,2,7,2475,DL,LAX,21
14,9,22,2,21,2475,DL,LAX,21
-5,9,22,2,17,2475,DL,LAX,21
-4,9,22,2,13,2475,DL,LAX,21
1,9,22,2,15,2475,DL,LAX,21
8,9,21,1,13,2475,DL,LAX,20
-1,9,21,1,15,2475,DL,LAX,20
-5,9,25,5,18,2475,DL,LAX,18
16,9,25,5,9,2475,DL,LAX,18
-5,9,25,5,12,2475,DL,LAX,18
-3,9,25,5,7,2475,DL,LAX,18
1,9,25,5,21,2475,DL,LAX,18
24,9,25,5,17,2475,DL,LAX,18
9,9,25,5,13,2475,DL,LAX,18
-1,9,25,5,8,2475,DL,LAX,18
-4,9,25,5,15,2475,DL,LAX,18
32,9,27,7,18,2475,DL,LAX,16
-3,9,27,7,9,2475,DL,LAX,16
-1,9,27,7,12,2475,DL,LAX,16
-1,9,27,7,7,2475,DL,LAX,16
21,9,27,7,21,2475,DL,LAX,16
33,9,27,7,17,2475,DL,LAX,16
1,9,27,7,13,2475,DL,LAX,16
0,9,27,7,8,2475,DL,LAX,16
-4,9,27,7,15,2475,DL,LAX,16
4,9,28,1,18,2475,DL,LAX,15
-3,9,28,1,9,2475,DL,LAX,15
4,9,28,1,12,2475,DL,LAX,15
7,9,28,1,7,2475,DL,LAX,15
3,9,28,1,21,2475,DL,LAX,15
29,9,28,1,17,2475,DL,LAX,15
12,9,28,1,13,2475,DL,LAX,15
-10,9,28,1,8,2475,DL,LAX,15
-6,9,28,1,15,2475,DL,LAX,15
-1,9,29,2,18,2475,DL,LAX,14
-6,9,29,2,9,2475,DL,LAX,14
-7,9,29,2,12,2475,DL,LAX,14
-6,9,29,2,7,2475,DL,LAX,14
-5,9,29,2,21,2475,DL,LAX,14
18,9,29,2,17,2475,DL,LAX,14
-9,9,29,2,13,2475,DL,LAX,14
-1,9,29,2,8,2475,DL,LAX,14
18,9,29,2,15,2475,DL,LAX,14
0,9,30,3,18,2475,DL,LAX,13
0,9,30,3,9,2475,DL,LAX,13
-5,9,30,3,12,2475,DL,LAX,13
10,9,30,3,7,2475,DL,LAX,13
-1,9,30,3,21,2475,DL,LAX,13
17,9,30,3,17,2475,DL,LAX,13
-3,9,30,3,13,2475,DL,LAX,13
0,9,30,3,8,2475,DL,LAX,13
2,9,30,3,15,2475,DL,LAX,13
9,9,26,6,18,2475,DL,LAX,17
1,9,26,6,12,2475,DL,LAX,17
9,9,26,6,17,2475,DL,LAX,17
-1,9,26,6,13,2475,DL,LAX,17
-3,9,26,6,8,2475,DL,LAX,17
6,9,26,6,15,2475,DL,LAX,17
30,9,12,6,18,2475,DL,LAX,11
46,9,12,6,12,2475,DL,LAX,11
-5,9,12,6,14,2475,DL,LAX,11
30,9,12,6,17,2475,DL,LAX,11
2,9,12,6,8,2475,DL,LAX,11
36,9,12,6,15,2475,DL,LAX,11
-5,9,24,4,18,2475,DL,LAX,19
23,9,24,4,9,2475,DL,LAX,19
0,9,24,4,12,2475,DL,LAX,19
89,9,24,4,7,2475,DL,LAX,19
65,9,24,4,21,2475,DL,LAX,19
27,9,24,4,17,2475,DL,LAX,19
-5,9,24,4,13,2475,DL,LAX,19
6,9,24,4,8,2475,DL,LAX,19
14,9,24,4,15,2475,DL,LAX,19
-1,9,30,3,6,2475,UA,LAX,13
13,9,30,3,19,2475,UA,LAX,13
