-5,3,31,2,9,2475,DL,LAX,41
-6,3,31,2,12,2475,DL,LAX,41
16,3,31,2,7,2475,DL,LAX,41
58,3,31,2,21,2475,DL,LAX,41
14,3,31,2,17,2475,DL,LAX,41
5,3,31,2,15,2475,DL,LAX,41
-1,3,31,2,8,2475,DL,LAX,41
-1,3,31,2,18,2475,DL,LAX,41
2,3,31,2,8,2475,UA,LAX,41
29,3,31,2,19,2475,UA,LAX,41
-3,3,31,2,17,2475,UA,LAX,41
-2,3,31,2,11,2475,UA,LAX,41
4,3,31,2,14,2475,UA,LAX,41
-6,3,30,1,11,2475,UA,LAX,40
-2,3,30,1,14,2475,UA,LAX,40
7,3,28,6,6,2475,UA,LAX,38
-8,3,28,6,8,2475,UA,LAX,38
-3,3,28,6,17,2475,UA,LAX,38
-3,3,28,6,11,2475,UA,LAX,38
-6,3,28,6,14,2475,UA,LAX,38
-9,3,29,7,8,2475,UA,LAX,39
21,3,29,7,19,2475,UA,LAX,39
-3,3,29,7,17,2475,UA,LAX,39
0,3,29,7,11,2475,UA,LAX,39
-3,3,29,7,14,2475,UA,LAX,39
-3,3,27,5,14,2475,UA,LAX,37
-11,3,25,3,8,2475,UA,LAX,35
13,3,25,3,19,2475,UA,LAX,35
0,3,25,3,17,2475,UA,LAX,35
-6,3,25,3,11,2475,UA,LAX,35
-4,3,26,4,8,2475,UA,LAX,36
195,3,26,4,19,2475,UA,LAX,36
15,3,26,4,17,2475,UA,LAX,36
-6,3,26,4,11,2475,UA,LAX,36
-3,3,26,4,14,2475,UA,LAX,36
-8,3,24,2,8,2475,UA,LAX,34
-2,3,24,2,19,2475,UA,LAX,34
-8,3,24,2,17,2475,UA,LAX,34
-4,3,24,2,11,2475,UA,LAX,34
-6,3,24,2,14,2475,UA,LAX,34
-4,3,22,7,8,2475,UA,LAX,32
24,3,22,7,19,2475,UA,LAX,32
3,3,22,7,17,2475,UA,LAX,32
-9,3,22,7,11,2475,UA,LAX,32
-6,3,22,7,14,2475,UA,LAX,32
1,3,23,1,6,2475,UA,LAX,33
-5,3,23,1,8,2475,UA,LAX,33
6,3,23,1,19,2475,UA,LAX,33
-6,3,23,1,17,2475,UA,LAX,33
-6,3,23,1,11,2475,UA,LAX,33
-10,3,23,1,14,2475,UA,LAX,33
44,3,21,6,6,2475,UA,LAX,31
-1,3,21,6,8,2475,UA,LAX,31
-8,3,21,6,17,2475,UA,LAX,31
-1,3,21,6,11,2475,UA,LAX,31
0,3,21,6,14,2475,UA,LAX,31
-3,3,20,5,8,2475,UA,LAX,30
254,3,20,5,19,2475,UA,LAX,30
-3,3,20,5,17,2475,UA,LAX,30
-1,3,20,5,11,2475,UA,LAX,30
23,3,20,5,14,2475,UA,LAX,30
-7,3,19,4,8,2475,UA,LAX,29
-3,3,19,4,19,2475,UA,LAX,29
-8,3,19,4,17,2475,UA,LAX,29
-3,3,19,4,11,2475,UA,LAX,29
-6,3,19,4,14,2475,UA,LAX,29
-3,3,25,3,14,2475,UA,LAX,35
-5,3,17,2,8,2475,UA,LAX,27
-5,3,17,2,17,2475,UA,LAX,27
-9,3,17,2,11,2475,UA,LAX,27
-9,3,18,3,8,2475,UA,LAX,28
143,3,18,3,19,2475,UA,LAX,28
-8,3,18,3,17,2475,UA,LAX,28
-2,3,18,3,11,2475,UA,LAX,28
-5,3,18,3,14,2475,UA,LAX,28
-8,3,17,2,14,2475,UA,LAX,27
-3,3,15,7,8,2475,UA,LAX,25
239,3,15,7,19,2475,UA,LAX,25
1,3,15,7,11,2475,UA,LAX,25
-4,3,15,7,14,2475,UA,LAX,25
-4,3,16,1,6,2475,UA,LAX,26
3,3,16,1,8,2475,UA,LAX,26
6,3,16,1,19,2475,UA,LAX,26
10,3,16,1,17,2475,UA,LAX,26
-8,3,16,1,11,2475,UA,LAX,26
-4,3,16,1,14,2475,UA,LAX,26
-1,3,13,5,8,2475,UA,LAX,23
57,3,13,5,19,2475,UA,LAX,23
-4,3,13,5,17,2475,UA,LAX,23
-5,3,13,5,11,2475,UA,LAX,23
0,3,13,5,14,2475,UA,LAX,23
0,3,14,6,6,2475,UA,LAX,24
0,3,14,6,8,2475,UA,LAX,24
-2,3,14,6,17,2475,UA,LAX,24
1,3,14,6,11,2475,UA,LAX,24
-4,3,14,6,14,2475,UA,LAX,24
-6,3,12,4,8,2475,UA,LAX,22
-9,3,12,4,19,2475,UA,LAX,22
-4,3,12,4,17,2475,UA,LAX,22
-2,3,12,4,11,2475,UA,LAX,22
-4,3,12,4,14,2475,UA,LAX,22
-5,3,9,1,6,2475,UA,LAX,19
0,3,9,1,8,2475,UA,LAX,19
6,3,9,1,19,2475,UA,LAX,19
-5,3,9,1,17,2475,UA,LAX,19
-3,3,10,2,17,2475,UA,LAX,20
-3,3,10,2,11,2475,UA,LAX,20
-4,3,10,2,14,2475,UA,LAX,20
-12,4,1,3,9,2475,AA,LAX,42
-7,4,2,4,9,2475,AA,LAX,43
-7,4,3,5,9,2475,AA,LAX,44
-5,4,4,6,9,2475,AA,LAX,45
-7,4,5,7,9,2475,AA,LAX,46
-13,4,6,1,9,2475,AA,LAX,46
-7,4,7,2,9,2475,AA,LAX,45
-7,4,8,3,9,2475,AA,LAX,44
-2,4,9,4,9,2475,AA,LAX,43
-6,4,10,5,9,2475,AA,LAX,42
-6,4,11,6,9,2475,AA,LAX,41
-1,4,12,7,9,2475,AA,LAX,40
-5,4,13,1,9,2475,AA,LAX,39
-3,4,14,2,9,2475,AA,LAX,38
-8,4,15,3,9,2475,AA,LAX,37
-6,4,16,4,9,2475,AA,LAX,36
-3,4,17,5,9,2475,AA,LAX,35
-8,4,18,6,9,2475,AA,LAX,34
-7,4,19,7,9,2475,AA,LAX,33
5,4,20,1,9,2475,AA,LAX,32
-4,4,21,2,9,2475,AA,LAX,31
-7,4,22,3,9,2475,AA,LAX,30
-3,4,23,4,9,2475,AA,LAX,29
9,4,24,5,9,2475,AA,LAX,28
67,4,25,6,9,2475,AA,LAX,27
-9,4,26,7,9,2475,AA,LAX,26
0,4,27,1,9,2475,AA,LAX,25
-7,4,28,2,9,2475,AA,LAX,24
-4,4,29,3,9,2475,AA,LAX,23
1,4,30,4,9,2475,AA,LAX,22
0,4,1,3,12,2475,AA,LAX,42
-5,4,2,4,12,2475,AA,LAX,43
23,4,3,5,12,2475,AA,LAX,44
-9,4,4,6,12,2475,AA,LAX,45
-2,4,5,7,12,2475,AA,LAX,46
7,4,6,1,12,2475,AA,LAX,46
2,4,7,2,12,2475,AA,LAX,45
-5,4,8,3,12,2475,AA,LAX,44
32,4,9,4,12,2475,AA,LAX,43
2,4,10,5,12,2475,AA,LAX,42
-4,4,11,6,12,2475,AA,LAX,41
-5,4,12,7,12,2475,AA,LAX,40
-5,4,13,1,12,2475,AA,LAX,39
0,4,14,2,12,2475,AA,LAX,38
-6,4,15,3,12,2475,AA,LAX,37
-4,4,16,4,12,2475,AA,LAX,36
-2,4,17,5,12,2475,AA,LAX,35
-5,4,18,6,12,2475,AA,LAX,34
-9,4,19,7,12,2475,AA,LAX,33
51,4,20,1,12,2475,AA,LAX,32
78,4,21,2,12,2475,AA,LAX,31
-6,4,22,3,12,2475,AA,LAX,30
-5,4,23,4,12,2475,AA,LAX,29
-7,4,24,5,12,2475,AA,LAX,28
-1,4,25,6,12,2475,AA,LAX,27
-5,4,26,7,12,2475,AA,LAX,26
-6,4,27,1,12,2475,AA,LAX,25
-7,4,28,2,12,2475,AA,LAX,24
-7,4,29,3,12,2475,AA,LAX,23
-4,4,30,4,12,2475,AA,LAX,22
-5,4,1,3,7,2475,AA,LAX,42
11,4,2,4,7,2475,AA,LAX,43
-7,4,5,7,7,2475,AA,LAX,46
-2,4,6,1,7,2475,AA,LAX,46
-2,4,8,3,7,2475,AA,LAX,44
64,4,9,4,7,2475,AA,LAX,43
-5,4,12,7,7,2475,AA,LAX,40
11,4,13,1,7,2475,AA,LAX,39
-8,4,15,3,7,2475,AA,LAX,37
-5,4,16,4,7,2475,AA,LAX,36
-8,4,19,7,7,2475,AA,LAX,33
-3,4,20,1,7,2475,AA,LAX,32
-5,4,22,3,7,2475,AA,LAX,30
-3,4,23,4,7,2475,AA,LAX,29
-7,4,26,7,7,2475,AA,LAX,26
-5,4,27,1,7,2475,AA,LAX,25
61,4,29,3,7,2475,AA,LAX,23
-3,4,30,4,7,2475,AA,LAX,22
-7,4,1,3,11,2475,AA,LAX,42
-3,4,2,4,11,2475,AA,LAX,43
0,4,3,5,11,2475,AA,LAX,44
-8,4,4,6,11,2475,AA,LAX,45
13,4,5,7,11,2475,AA,LAX,46
-6,4,6,1,11,2475,AA,LAX,46
-1,4,7,2,11,2475,AA,LAX,45
25,4,8,3,11,2475,AA,LAX,44
53,4,9,4,11,2475,AA,LAX,43
-4,4,10,5,11,2475,AA,LAX,42
-6,4,11,6,11,2475,AA,LAX,41
-3,4,12,7,11,2475,AA,LAX,40
-10,4,13,1,11,2475,AA,LAX,39
-5,4,14,2,11,2475,AA,LAX,38
-5,4,15,3,11,2475,AA,LAX,37
-10,4,16,4,11,2475,AA,LAX,36
-4,4,17,5,11,2475,AA,LAX,35
-8,4,18,6,11,2475,AA,LAX,34
0,4,19,7,11,2475,AA,LAX,33
29,4,20,1,11,2475,AA,LAX,32
-5,4,21,2,11,2475,AA,LAX,31
-11,4,22,3,11,2475,AA,LAX,30
-11,4,23,4,11,2475,AA,LAX,29
-2,4,24,5,11,2475,AA,LAX,28
-6,4,25,6,11,2475,AA,LAX,27
-9,4,26,7,11,2475,AA,LAX,26
4,4,27,1,11,2475,AA,LAX,25
-9,4,28,2,11,2475,AA,LAX,24
-3,4,29,3,11,2475,AA,LAX,23
-4,4,30,4,11,2475,AA,LAX,22
-5,4,1,3,18,2475,AA,LAX,42
4,4,2,4,18,2475,AA,LAX,43
-4,4,3,5,18,2475,AA,LAX,44
-4,4,4,6,18,2475,AA,LAX,45
46,4,5,7,18,2475,AA,LAX,46
-2,4,6,1,18,2475,AA,LAX,46
-5,4,7,2,18,2475,AA,LAX,45
-6,4,8,3,18,2475,AA,LAX,44
7,4,9,4,18,2475,AA,LAX,43
-2,4,10,5,18,2475,AA,LAX,42
-5,4,11,6,18,2475,AA,LAX,41
7,4,12,7,18,2475,AA,LAX,40
12,4,13,1,18,2475,AA,LAX,39
-7,4,14,2,18,2475,AA,LAX,38
41,4,15,3,18,2475,AA,LAX,37
-2,4,16,4,18,2475,AA,LAX,36
-2,4,17,5,18,2475,AA,LAX,35
9,4,18,6,18,2475,AA,LAX,34
15,4,19,7,18,2475,AA,LAX,33
121,4,20,1,18,2475,AA,LAX,32
-1,4,21,2,18,2475,AA,LAX,31
13,4,22,3,18,2475,AA,LAX,30
-8,4,23,4,18,2475,AA,LAX,29
-5,4,24,5,18,2475,AA,LAX,28
-7,4,25,6,18,2475,AA,LAX,27
0,4,26,7,18,2475,AA,LAX,26
1,4,27,1,18,2475,AA,LAX,25
-4,4,28,2,18,2475,AA,LAX,24
-5,4,29,3,18,2475,AA,LAX,23
1,4,30,4,18,2475,AA,LAX,22
-6,4,1,3,8,2475,AA,LAX,42
-4,4,2,4,8,2475,AA,LAX,43
48,4,3,5,8,2475,AA,LAX,44
-3,4,4,6,8,2475,AA,LAX,45
-6,4,5,7,8,2475,AA,LAX,46
-3,4,6,1,8,2475,AA,LAX,46
-7,4,7,2,8,2475,AA,LAX,45
-3,4,8,3,8,2475,AA,LAX,44
-5,4,9,4,8,2475,AA,LAX,43
-1,4,10,5,8,2475,AA,LAX,42
-4,4,11,6,8,2475,AA,LAX,41
-7,4,12,7,8,2475,AA,LAX,40
-4,4,13,1,8,2475,AA,LAX,39
-7,4,14,2,8,2475,AA,LAX,38
-3,4,15,3,8,2475,AA,LAX,37
-6,4,16,4,8,2475,AA,LAX,36
11,4,17,5,8,2475,AA,LAX,35
-10,4,18,6,8,2475,AA,LAX,34
-7,4,19,7,8,2475,AA,LAX,33
-4,4,20,1,8,2475,AA,LAX,32
-3,4,21,2,8,2475,AA,LAX,31
-7,4,22,3,8,2475,AA,LAX,30
-4,4,23,4,8,2475,AA,LAX,29
-8,4,24,5,8,2475,AA,LAX,28
1,4,25,6,8,2475,AA,LAX,27
0,4,26,7,8,2475,AA,LAX,26
-3,4,27,1,8,2475,AA,LAX,25
-3,4,28,2,8,2475,AA,LAX,24
-6,4,29,3,8,2475,AA,LAX,23
-3,4,30,4,8,2475,AA,LAX,22
-3,4,1,3,16,2475,AA,LAX,42
-4,4,2,4,16,2475,AA,LAX,43
4,4,3,5,16,2475,AA,LAX,44
-5,4,4,6,16,2475,AA,LAX,45
0,4,5,7,16,2475,AA,LAX,46
-2,4,6,1,16,2475,AA,LAX,46
-2,4,7,2,16,2475,AA,LAX,45
-5,4,8,3,16,2475,AA,LAX,44
-2,4,9,4,16,2475,AA,LAX,43
1,4,10,5,16,2475,AA,LAX,42
8,4,11,6,16,2475,AA,LAX,41
4,4,12,7,16,2475,AA,LAX,40
-7,4,13,1,16,2475,AA,LAX,39
-5,4,14,2,16,2475,AA,LAX,38
-5,4,15,3,16,2475,AA,LAX,37
-6,4,16,4,16,2475,AA,LAX,36
-2,4,17,5,16,2475,AA,LAX,35
0,4,18,6,16,2475,AA,LAX,34
-6,4,19,7,16,2475,AA,LAX,33
10,4,20,1,16,2475,AA,LAX,32
16,4,21,2,16,2475,AA,LAX,31
33,4,22,3,16,2475,AA,LAX,30
-2,4,23,4,16,2475,AA,LAX,29
11,4,24,5,16,2475,AA,LAX,28
-10,4,25,6,16,2475,AA,LAX,27
22,4,26,7,16,2475,AA,LAX,26
-4,4,27,1,16,2475,AA,LAX,25
0,4,28,2,16,2475,AA,LAX,24
-1,4,29,3,16,2475,AA,LAX,23
-3,4,30,4,16,2475,AA,LAX,22
-2,4,2,4,6,2475,AA,LAX,43
-8,4,5,7,6,2475,AA,LAX,46
-8,4,6,1,6,2475,AA,LAX,46
-3,4,9,4,6,2475,AA,LAX,43
-6,4,12,7,6,2475,AA,LAX,40
-5,4,1,3,15,2475,AA,LAX,42
-9,4,2,4,15,2475,AA,LAX,43
-4,4,3,5,15,2475,AA,LAX,44
0,4,4,6,15,2475,AA,LAX,45
-6,4,5,7,15,2475,AA,LAX,46
-5,4,6,1,15,2475,AA,LAX,46
-2,4,7,2,15,2475,AA,LAX,45
107,4,8,3,15,2475,AA,LAX,44
-5,4,9,4,15,2475,AA,LAX,43
31,4,10,5,15,2475,AA,LAX,42
100,4,11,6,15,2475,AA,LAX,41
-3,4,12,7,15,2475,AA,LAX,40
-1,4,13,1,15,2475,AA,LAX,39
-8,4,14,2,15,2475,AA,LAX,38
12,4,15,3,15,2475,AA,LAX,37
-6,4,16,4,15,2475,AA,LAX,36
1,4,17,5,15,2475,AA,LAX,35
-8,4,18,6,15,2475,AA,LAX,34
12,4,19,7,15,2475,AA,LAX,33
-5,4,20,1,15,2475,AA,LAX,32
-5,4,21,2,15,2475,AA,LAX,31
-7,4,22,3,15,2475,AA,LAX,30
-6,4,23,4,15,2475,AA,LAX,29
-1,4,24,5,15,2475,AA,LAX,28
-5,4,25,6,15,2475,AA,LAX,27
-3,4,26,7,15,2475,AA,LAX,26
-7,4,27,1,15,2475,AA,LAX,25
-5,4,28,2,15,2475,AA,LAX,24
7,4,29,3,15,2475,AA,LAX,23
-2,4,30,4,15,2475,AA,LAX,22
50,4,25,6,21,2475,AA,LAX,27
-3,4,26,7,21,2475,AA,LAX,26
63,4,27,1,21,2475,AA,LAX,25
-4,4,28,2,21,2475,AA,LAX,24
4,4,29,3,21,2475,AA,LAX,23
-1,4,30,4,21,2475,AA,LAX,22
-2,4,1,3,10,2475,AA,LAX,42
-6,4,2,4,10,2475,AA,LAX,43
-9,4,3,5,10,2475,AA,LAX,44
-5,4,4,6,10,2475,AA,LAX,45
59,4,5,7,10,2475,AA,LAX,46
-6,4,6,1,10,2475,AA,LAX,46
-8,4,7,2,10,2475,AA,LAX,45
-9,4,8,3,10,2475,AA,LAX,44
-7,4,9,4,10,2475,AA,LAX,43
-4,4,10,5,10,2475,AA,LAX,42
-10,4,11,6,10,2475,AA,LAX,41
0,4,12,7,10,2475,AA,LAX,40
-1,4,13,1,10,2475,AA,LAX,39
-4,4,14,2,10,2475,AA,LAX,38
-5,4,15,3,10,2475,AA,LAX,37
-7,4,16,4,10,2475,AA,LAX,36
-7,4,17,5,10,2475,AA,LAX,35
-5,4,18,6,10,2475,AA,LAX,34
-4,4,19,7,10,2475,AA,LAX,33
-4,4,20,1,10,2475,AA,LAX,32
-5,4,21,2,10,2475,AA,LAX,31
-6,4,22,3,10,2475,AA,LAX,30
-8,4,23,4,10,2475,AA,LAX,29
-9,4,24,5,10,2475,AA,LAX,28
-5,4,25,6,10,2475,AA,LAX,27
-8,4,26,7,10,2475,AA,LAX,26
-3,4,27,1,10,2475,AA,LAX,25
-4,4,28,2,10,2475,AA,LAX,24
-8,4,29,3,10,2475,AA,LAX,23
-8,4,30,4,10,2475,AA,LAX,22
-5,4,13,1,6,2475,AA,LAX,39
-4,4,16,4,6,2475,AA,LAX,36
-9,4,19,7,6,2475,AA,LAX,33
-6,4,20,1,6,2475,AA,LAX,32
-10,4,23,4,6,2475,AA,LAX,29
5,4,26,7,6,2475,AA,LAX,26
-6,4,27,1,6,2475,AA,LAX,25
-5,4,30,4,6,2475,AA,LAX,22
-4,4,1,3,17,2475,AA,LAX,42
0,4,2,4,17,2475,AA,LAX,43
-2,4,3,5,17,2475,AA,LAX,44
-7,4,4,6,17,2475,AA,LAX,45
-2,4,5,7,17,2475,AA,LAX,46
-1,4,6,1,17,2475,AA,LAX,46
-3,4,7,2,17,2475,AA,LAX,45
21,4,8,3,17,2475,AA,LAX,44
12,4,9,4,17,2475,AA,LAX,43
5,4,10,5,17,2475,AA,LAX,42
-3,4,11,6,17,2475,AA,LAX,41
-1,4,12,7,17,2475,AA,LAX,40
-7,4,13,1,17,2475,AA,LAX,39
0,4,14,2,17,2475,AA,LAX,38
-4,4,15,3,17,2475,AA,LAX,37
-6,4,16,4,17,2475,AA,LAX,36
-1,4,17,5,17,2475,AA,LAX,35
-7,4,18,6,17,2475,AA,LAX,34
-5,4,19,7,17,2475,AA,LAX,33
-5,4,20,1,17,2475,AA,LAX,32
-3,4,21,2,17,2475,AA,LAX,31
23,4,22,3,17,2475,AA,LAX,30
-1,4,23,4,17,2475,AA,LAX,29
-4,4,24,5,17,2475,AA,LAX,28
-5,4,25,6,17,2475,AA,LAX,27
17,4,26,7,17,2475,AA,LAX,26
-6,4,27,1,17,2475,AA,LAX,25
-8,4,28,2,17,2475,AA,LAX,24
-6,4,29,3,17,2475,AA,LAX,23
-2,4,30,4,17,2475,AA,LAX,22
-3,4,1,3,21,2475,AA,LAX,42
13,4,2,4,21,2475,AA,LAX,43
0,4,3,5,21,2475,AA,LAX,44
8,4,4,6,21,2475,AA,LAX,45
-3,4,5,7,21,2475,AA,LAX,46
-6,4,6,1,21,2475,AA,LAX,46
104,4,7,2,21,2475,AA,LAX,45
4,4,8,3,21,2475,AA,LAX,44
69,4,9,4,21,2475,AA,LAX,43
8,4,10,5,21,2475,AA,LAX,42
97,4,11,6,21,2475,AA,LAX,41
-7,4,12,7,21,2475,AA,LAX,40
-2,4,13,1,21,2475,AA,LAX,39
-8,4,14,2,21,2475,AA,LAX,38
13,4,15,3,21,2475,AA,LAX,37
-1,4,16,4,21,2475,AA,LAX,36
4,4,17,5,21,2475,AA,LAX,35
22,4,18,6,21,2475,AA,LAX,34
-7,4,19,7,21,2475,AA,LAX,33
18,4,20,1,21,2475,AA,LAX,32
-3,4,21,2,21,2475,AA,LAX,31
-5,4,22,3,21,2475,AA,LAX,30
26,4,23,4,21,2475,AA,LAX,29
-5,4,24,5,21,2475,AA,LAX,28
-2,4,1,3,19,2475,AA,LAX,42
-3,4,2,4,19,2475,AA,LAX,43
-3,4,3,5,19,2475,AA,LAX,44
9,4,4,6,19,2475,AA,LAX,45
4,4,5,7,19,2475,AA,LAX,46
0,4,6,1,19,2475,AA,LAX,46
-5,4,7,2,19,2475,AA,LAX,45
30,4,8,3,19,2475,AA,LAX,44
8,4,9,4,19,2475,AA,LAX,43
13,4,10,5,19,2475,AA,LAX,42
-8,4,11,6,19,2475,AA,LAX,41
0,4,12,7,19,2475,AA,LAX,40
-4,4,13,1,19,2475,AA,LAX,39
-3,4,14,2,19,2475,AA,LAX,38
-3,4,15,3,19,2475,AA,LAX,37
-6,4,16,4,19,2475,AA,LAX,36
-3,4,17,5,19,2475,AA,LAX,35
-6,4,18,6,19,2475,AA,LAX,34
-5,4,19,7,19,2475,AA,LAX,33
0,4,20,1,19,2475,AA,LAX,32
-1,4,21,2,19,2475,AA,LAX,31
-4,4,22,3,19,2475,AA,LAX,30
-5,4,23,4,19,2475,AA,LAX,29
-5,4,24,5,19,2475,AA,LAX,28
-2,4,25,6,19,2475,AA,LAX,27
-7,4,26,7,19,2475,AA,LAX,26
27,4,27,1,19,2475,AA,LAX,25
-4,4,28,2,19,2475,AA,LAX,24
-7,4,29,3,19,2475,AA,LAX,23
-4,4,30,4,19,2475,AA,LAX,22
