-2,8,20,4,17,2475,DL,LAX,12
0,8,20,4,9,2475,DL,LAX,12
-7,8,20,4,12,2475,DL,LAX,12
-3,8,20,4,7,2475,DL,LAX,12
6,8,20,4,20,2475,DL,LAX,12
1,8,20,4,18,2475,DL,LAX,12
6,8,20,4,8,2475,DL,LAX,12
-1,8,20,4,15,2475,DL,LAX,12
5,8,20,4,13,2475,DL,LAX,12
50,8,26,3,17,2475,DL,LAX,6
-4,8,26,3,9,2475,DL,LAX,6
-8,8,26,3,12,2475,DL,LAX,6
-3,8,26,3,7,2475,DL,LAX,6
-1,8,26,3,20,2475,DL,LAX,6
15,8,26,3,18,2475,DL,LAX,6
-4,8,26,3,8,2475,DL,LAX,6
-2,8,26,3,15,2475,DL,LAX,6
2,8,26,3,13,2475,DL,LAX,6
-7,9,1,2,9,2475,AA,LAX,0
-6,9,2,3,9,2475,AA,LAX,1
-3,9,3,4,9,2475,AA,LAX,2
-8,9,4,5,9,2475,AA,LAX,3
-3,9,5,6,9,2475,AA,LAX,4
-14,9,6,7,9,2475,AA,LAX,5
-5,9,7,1,9,2475,AA,LAX,6
-4,9,8,2,9,2475,AA,LAX,7
-6,9,9,3,9,2475,AA,LAX,8
-8,9,10,4,9,2475,AA,LAX,9
-7,9,11,5,9,2475,AA,LAX,10
-9,9,13,7,9,2475,AA,LAX,12
-7,9,14,1,9,2475,AA,LAX,13
0,9,15,2,9,2475,AA,LAX,14
-4,9,16,3,9,2475,AA,LAX,15
-1,9,17,4,9,2475,AA,LAX,16
-3,9,18,5,9,2475,AA,LAX,17
-8,9,20,7,9,2475,AA,LAX,19
-2,9,21,1,9,2475,AA,LAX,20
-7,9,22,2,9,2475,AA,LAX,21
-6,9,23,3,9,2475,AA,LAX,20
-6,9,24,4,9,2475,AA,LAX,19
-5,9,25,5,9,2475,AA,LAX,18
-5,9,27,7,9,2475,AA,LAX,16
-4,9,28,1,9,2475,AA,LAX,15
-9,9,29,2,9,2475,AA,LAX,14
-5,9,30,3,9,2475,AA,LAX,13
-6,9,1,2,12,2475,AA,LAX,0
-9,9,2,3,12,2475,AA,LAX,1
-7,9,3,4,12,2475,AA,LAX,2
-4,9,4,5,12,2475,AA,LAX,3
-7,9,5,6,12,2475,AA,LAX,4
0,9,6,7,12,2475,AA,LAX,5
-5,9,7,1,12,2475,AA,LAX,6
-6,9,8,2,12,2475,AA,LAX,7
-6,9,9,3,12,2475,AA,LAX,8
-6,9,10,4,12,2475,AA,LAX,9
0,9,11,5,12,2475,AA,LAX,10
-7,9,12,6,12,2475,AA,LAX,11
-7,9,13,7,12,2475,AA,LAX,12
-9,9,14,1,12,2475,AA,LAX,13
-6,9,15,2,12,2475,AA,LAX,14
-6,9,16,3,12,2475,AA,LAX,15
0,9,17,4,12,2475,AA,LAX,16
-1,9,18,5,12,2475,AA,LAX,17
-3,9,19,6,12,2475,AA,LAX,18
-8,9,20,7,12,2475,AA,LAX,19
-5,9,21,1,12,2475,AA,LAX,20
-3,9,22,2,12,2475,AA,LAX,21
-1,9,23,3,12,2475,AA,LAX,20
-4,9,24,4,12,2475,AA,LAX,19
-5,9,25,5,12,2475,AA,LAX,18
-6,9,26,6,12,2475,AA,LAX,17
-4,9,27,7,12,2475,AA,LAX,16
13,9,28,1,12,2475,AA,LAX,15
-3,9,29,2,12,2475,AA,LAX,14
-7,9,30,3,12,2475,AA,LAX,13
6,9,1,2,7,2475,AA,LAX,0
26,9,2,3,7,2475,AA,LAX,1
-3,9,3,4,7,2475,AA,LAX,2
0,9,4,5,7,2475,AA,LAX,3
-5,9,5,6,7,2475,AA,LAX,4
-6,9,6,7,7,2475,AA,LAX,5
-3,9,7,1,7,2475,AA,LAX,6
-4,9,8,2,7,2475,AA,LAX,7
-6,9,1,2,11,2475,AA,LAX,0
-5,9,2,3,11,2475,AA,LAX,1
-6,9,3,4,11,2475,AA,LAX,2
-8,9,4,5,11,2475,AA,LAX,3
-6,9,5,6,11,2475,AA,LAX,4
-7,9,6,7,11,2475,AA,LAX,5
-8,9,7,1,11,2475,AA,LAX,6
-4,9,8,2,11,2475,AA,LAX,7
-3,9,9,3,11,2475,AA,LAX,8
-3,9,10,4,11,2475,AA,LAX,9
-4,9,11,5,11,2475,AA,LAX,10
-5,9,12,6,11,2475,AA,LAX,11
10,9,13,7,11,2475,AA,LAX,12
-6,9,14,1,11,2475,AA,LAX,13
-6,9,15,2,11,2475,AA,LAX,14
-5,9,16,3,11,2475,AA,LAX,15
-5,9,17,4,11,2475,AA,LAX,16
-2,9,18,5,11,2475,AA,LAX,17
2,9,19,6,11,2475,AA,LAX,18
-3,9,20,7,11,2475,AA,LAX,19
-1,9,21,1,11,2475,AA,LAX,20
43,9,22,2,11,2475,AA,LAX,21
-5,9,23,3,11,2475,AA,LAX,20
-6,9,24,4,11,2475,AA,LAX,19
-3,9,25,5,11,2475,AA,LAX,18
98,9,26,6,11,2475,AA,LAX,17
-2,9,27,7,11,2475,AA,LAX,16
-4,9,28,1,11,2475,AA,LAX,15
5,9,29,2,11,2475,AA,LAX,14
-3,9,30,3,11,2475,AA,LAX,13
-4,9,1,2,18,2475,AA,LAX,0
67,9,2,3,18,2475,AA,LAX,1
-6,9,3,4,18,2475,AA,LAX,2
-8,9,4,5,18,2475,AA,LAX,3
-4,9,7,1,18,2475,AA,LAX,6
75,9,8,2,18,2475,AA,LAX,7
27,9,9,3,18,2475,AA,LAX,8
78,9,10,4,18,2475,AA,LAX,9
7,9,12,6,18,2475,AA,LAX,11
-1,9,13,7,18,2475,AA,LAX,12
-8,9,14,1,18,2475,AA,LAX,13
-2,9,15,2,18,2475,AA,LAX,14
-5,9,16,3,18,2475,AA,LAX,15
-3,9,17,4,18,2475,AA,LAX,16
-6,9,19,6,18,2475,AA,LAX,18
225,9,20,7,18,2475,AA,LAX,19
70,9,21,1,18,2475,AA,LAX,20
-6,9,22,2,18,2475,AA,LAX,21
-3,9,23,3,18,2475,AA,LAX,20
-1,9,24,4,18,2475,AA,LAX,19
-4,9,26,6,18,2475,AA,LAX,17
1,9,27,7,18,2475,AA,LAX,16
-2,9,28,1,18,2475,AA,LAX,15
3,9,29,2,18,2475,AA,LAX,14
3,9,30,3,18,2475,AA,LAX,13
-6,9,9,3,8,2475,AA,LAX,8
-4,9,10,4,8,2475,AA,LAX,9
19,9,11,5,8,2475,AA,LAX,10
-6,9,12,6,8,2475,AA,LAX,11
-2,9,13,7,8,2475,AA,LAX,12
-3,9,14,1,8,2475,AA,LAX,13
-7,9,15,2,8,2475,AA,LAX,14
-10,9,16,3,8,2475,AA,LAX,15
-2,9,17,4,8,2475,AA,LAX,16
-2,9,18,5,8,2475,AA,LAX,17
-6,9,19,6,8,2475,AA,LAX,18
-4,9,20,7,8,2475,AA,LAX,19
-4,9,21,1,8,2475,AA,LAX,20
70,9,22,2,8,2475,AA,LAX,21
-4,9,23,3,8,2475,AA,LAX,20
-5,9,24,4,8,2475,AA,LAX,19
-3,9,25,5,8,2475,AA,LAX,18
-4,9,26,6,8,2475,AA,LAX,17
-4,9,27,7,8,2475,AA,LAX,16
-6,9,28,1,8,2475,AA,LAX,15
3,9,29,2,8,2475,AA,LAX,14
8,9,30,3,8,2475,AA,LAX,13
-3,9,1,2,15,2475,AA,LAX,0
-7,9,2,3,15,2475,AA,LAX,1
16,9,3,4,15,2475,AA,LAX,2
-8,9,4,5,15,2475,AA,LAX,3
-5,9,5,6,15,2475,AA,LAX,4
-4,9,6,7,15,2475,AA,LAX,5
-6,9,7,1,15,2475,AA,LAX,6
-2,9,8,2,15,2475,AA,LAX,7
-7,9,9,3,15,2475,AA,LAX,8
-6,9,10,4,15,2475,AA,LAX,9
-1,9,11,5,15,2475,AA,LAX,10
-4,9,12,6,15,2475,AA,LAX,11
25,9,13,7,15,2475,AA,LAX,12
-3,9,14,1,15,2475,AA,LAX,13
-5,9,15,2,15,2475,AA,LAX,14
-5,9,16,3,15,2475,AA,LAX,15
-4,9,17,4,15,2475,AA,LAX,16
-4,9,18,5,15,2475,AA,LAX,17
-4,9,19,6,15,2475,AA,LAX,18
-4,9,20,7,15,2475,AA,LAX,19
0,9,21,1,15,2475,AA,LAX,20
-1,9,22,2,15,2475,AA,LAX,21
-3,9,23,3,15,2475,AA,LAX,20
1,9,24,4,15,2475,AA,LAX,19
90,9,25,5,15,2475,AA,LAX,18
-7,9,26,6,15,2475,AA,LAX,17
-4,9,27,7,15,2475,AA,LAX,16
-3,9,28,1,15,2475,AA,LAX,15
-3,9,29,2,15,2475,AA,LAX,14
0,9,30,3,15,2475,AA,LAX,13
-8,9,1,2,16,2475,AA,LAX,0
12,9,2,3,16,2475,AA,LAX,1
21,9,3,4,16,2475,AA,LAX,2
-3,9,4,5,16,2475,AA,LAX,3
-4,9,5,6,16,2475,AA,LAX,4
-3,9,6,7,16,2475,AA,LAX,5
-6,9,7,1,16,2475,AA,LAX,6
-5,9,8,2,16,2475,AA,LAX,7
-6,9,9,3,16,2475,AA,LAX,8
-3,9,10,4,16,2475,AA,LAX,9
7,9,11,5,16,2475,AA,LAX,10
2,9,13,7,16,2475,AA,LAX,12
-6,9,14,1,16,2475,AA,LAX,13
-7,9,15,2,16,2475,AA,LAX,14
0,9,16,3,16,2475,AA,LAX,15
-5,9,17,4,16,2475,AA,LAX,16
-4,9,18,5,16,2475,AA,LAX,17
-6,9,20,7,16,2475,AA,LAX,19
-3,9,21,1,16,2475,AA,LAX,20
-6,9,22,2,16,2475,AA,LAX,21
-2,9,23,3,16,2475,AA,LAX,20
173,9,24,4,16,2475,AA,LAX,19
16,9,25,5,16,2475,AA,LAX,18
1,9,27,7,16,2475,AA,LAX,16
-2,9,28,1,16,2475,AA,LAX,15
-4,9,29,2,16,2475,AA,LAX,14
-5,9,30,3,16,2475,AA,LAX,13
-5,9,1,2,17,2475,AA,LAX,0
125,9,2,3,17,2475,AA,LAX,1
-4,9,3,4,17,2475,AA,LAX,2
-2,9,4,5,17,2475,AA,LAX,3
-5,9,5,6,17,2475,AA,LAX,4
30,9,6,7,17,2475,AA,LAX,5
2,9,7,1,17,2475,AA,LAX,6
-3,9,8,2,17,2475,AA,LAX,7
44,9,9,3,17,2475,AA,LAX,8
23,9,10,4,17,2475,AA,LAX,9
-5,9,11,5,17,2475,AA,LAX,10
-1,9,13,7,17,2475,AA,LAX,12
1,9,14,1,17,2475,AA,LAX,13
17,9,15,2,17,2475,AA,LAX,14
16,9,16,3,17,2475,AA,LAX,15
6,9,17,4,17,2475,AA,LAX,16
16,9,18,5,17,2475,AA,LAX,17
103,9,20,7,17,2475,AA,LAX,19
50,9,21,1,17,2475,AA,LAX,20
-4,9,22,2,17,2475,AA,LAX,21
-5,9,23,3,17,2475,AA,LAX,20
-6,9,24,4,17,2475,AA,LAX,19
12,9,25,5,17,2475,AA,LAX,18
-2,9,27,7,17,2475,AA,LAX,16
-5,9,28,1,17,2475,AA,LAX,15
69,9,29,2,17,2475,AA,LAX,14
9,9,30,3,17,2475,AA,LAX,13
-5,9,1,2,21,2475,AA,LAX,0
-5,9,2,3,21,2475,AA,LAX,1
2,9,3,4,21,2475,AA,LAX,2
-4,9,4,5,21,2475,AA,LAX,3
-5,9,5,6,21,2475,AA,LAX,4
-5,9,6,7,21,2475,AA,LAX,5
-7,9,7,1,21,2475,AA,LAX,6
19,9,8,2,21,2475,AA,LAX,7
-3,9,9,3,21,2475,AA,LAX,8
75,9,10,4,21,2475,AA,LAX,9
1,9,13,7,21,2475,AA,LAX,12
-3,9,15,2,21,2475,AA,LAX,14
10,9,16,3,21,2475,AA,LAX,15
-5,9,17,4,21,2475,AA,LAX,16
4,9,20,7,21,2475,AA,LAX,19
-3,9,22,2,21,2475,AA,LAX,21
-3,9,23,3,21,2475,AA,LAX,20
-4,9,24,4,21,2475,AA,LAX,19
7,9,27,7,21,2475,AA,LAX,16
-4,9,29,2,21,2475,AA,LAX,14
-2,9,30,3,21,2475,AA,LAX,13
-8,9,1,2,19,2475,AA,LAX,0
-7,9,2,3,19,2475,AA,LAX,1
-3,9,3,4,19,2475,AA,LAX,2
-3,9,4,5,19,2475,AA,LAX,3
-10,9,5,6,19,2475,AA,LAX,4
-6,9,6,7,19,2475,AA,LAX,5
-5,9,7,1,19,2475,AA,LAX,6
-3,9,8,2,19,2475,AA,LAX,7
-6,9,9,3,20,2475,AA,LAX,8
105,9,10,4,20,2475,AA,LAX,9
18,9,11,5,20,2475,AA,LAX,10
-4,9,12,6,20,2475,AA,LAX,11
3,9,13,7,20,2475,AA,LAX,12
-6,9,14,1,20,2475,AA,LAX,13
41,9,15,2,20,2475,AA,LAX,14
-6,9,16,3,20,2475,AA,LAX,15
8,9,17,4,20,2475,AA,LAX,16
-5,9,18,5,20,2475,AA,LAX,17
-5,9,19,6,20,2475,AA,LAX,18
-7,9,20,7,20,2475,AA,LAX,19
54,9,21,1,20,2475,AA,LAX,20
-2,9,22,2,20,2475,AA,LAX,21
-5,9,23,3,20,2475,AA,LAX,20
4,9,24,4,20,2475,AA,LAX,19
-4,9,25,5,20,2475,AA,LAX,18
-4,9,26,6,20,2475,AA,LAX,17
-4,9,27,7,20,2475,AA,LAX,16
7,9,28,1,20,2475,AA,LAX,15
-5,9,29,2,20,2475,AA,LAX,14
-8,9,30,3,20,2475,AA,LAX,13
-9,9,1,2,10,2475,AA,LAX,0
30,9,2,3,10,2475,AA,LAX,1
-8,9,3,4,10,2475,AA,LAX,2
-4,9,4,5,10,2475,AA,LAX,3
4,9,5,6,10,2475,AA,LAX,4
-10,9,6,7,10,2475,AA,LAX,5
-7,9,7,1,10,2475,AA,LAX,6
-8,9,8,2,10,2475,AA,LAX,7
-3,9,9,3,10,2475,AA,LAX,8
-6,9,10,4,10,2475,AA,LAX,9
-7,9,11,5,10,2475,AA,LAX,10
-4,9,12,6,10,2475,AA,LAX,11
-8,9,13,7,10,2475,AA,LAX,12
-7,9,14,1,10,2475,AA,LAX,13
-8,9,15,2,10,2475,AA,LAX,14
-6,9,16,3,10,2475,AA,LAX,15
-3,9,17,4,10,2475,AA,LAX,16
-9,9,18,5,10,2475,AA,LAX,17
1,9,19,6,10,2475,AA,LAX,18
15,9,20,7,10,2475,AA,LAX,19
-5,9,21,1,10,2475,AA,LAX,20
-5,9,22,2,10,2475,AA,LAX,21
-2,9,23,3,10,2475,AA,LAX,20
-6,9,24,4,10,2475,AA,LAX,19
-5,9,25,5,10,2475,AA,LAX,18
-4,9,26,6,10,2475,AA,LAX,17
15,9,27,7,10,2475,AA,LAX,16
-11,9,28,1,10,2475,AA,LAX,15
-8,9,29,2,10,2475,AA,LAX,14
-4,9,30,3,10,2475,AA,LAX,13
-6,9,1,2,6,2475,AA,LAX,0
-9,9,2,3,6,2475,AA,LAX,1
-3,9,3,4,6,2475,AA,LAX,2
-7,9,7,1,6,2475,AA,LAX,6
-7,9,8,2,6,2475,AA,LAX,7
-4,9,9,3,6,2475,AA,LAX,8
-5,9,10,4,6,2475,AA,LAX,9
-2,9,11,5,6,2475,AA,LAX,10
0,9,13,7,6,2475,AA,LAX,12
-4,9,14,1,6,2475,AA,LAX,13
-2,9,15,2,6,2475,AA,LAX,14
1,9,16,3,6,2475,AA,LAX,15
6,9,17,4,6,2475,AA,LAX,16
7,9,18,5,6,2475,AA,LAX,17
-3,9,20,7,6,2475,AA,LAX,19
-5,9,21,1,6,2475,AA,LAX,20
-3,9,22,2,6,2475,AA,LAX,21
-5,9,23,3,6,2475,AA,LAX,20
-6,9,24,4,6,2475,AA,LAX,19
-4,9,25,5,6,2475,AA,LAX,18
-3,9,27,7,6,2475,AA,LAX,16
-3,9,28,1,6,2475,AA,LAX,15
-3,9,29,2,6,2475,AA,LAX,14
-4,9,30,3,6,2475,AA,LAX,13
