140,3,21,6,12,2475,DL,LAX,31
9,3,22,7,21,2475,DL,LAX,32
3,3,22,7,17,2475,DL,LAX,32
50,3,22,7,18,2475,DL,LAX,32
-2,3,22,7,15,2475,DL,LAX,32
-1,3,22,7,8,2475,DL,LAX,32
0,3,24,2,9,2475,DL,LAX,34
-3,3,24,2,12,2475,DL,LAX,34
7,3,24,2,7,2475,DL,LAX,34
28,3,24,2,21,2475,DL,LAX,34
-2,3,24,2,17,2475,DL,LAX,34
14,3,24,2,18,2475,DL,LAX,34
11,3,24,2,15,2475,DL,LAX,34
-2,3,24,2,8,2475,DL,LAX,34
-4,3,25,3,9,2475,DL,LAX,35
-4,3,25,3,12,2475,DL,LAX,35
29,3,25,3,7,2475,DL,LAX,35
53,3,25,3,21,2475,DL,LAX,35
22,3,25,3,17,2475,DL,LAX,35
16,3,25,3,18,2475,DL,LAX,35
14,3,25,3,15,2475,DL,LAX,35
-8,3,25,3,8,2475,DL,LAX,35
12,3,22,7,9,2475,DL,LAX,32
0,3,22,7,12,2475,DL,LAX,32
0,3,22,7,7,2475,DL,LAX,32
17,3,23,1,9,2475,DL,LAX,33
10,3,23,1,12,2475,DL,LAX,33
29,3,23,1,7,2475,DL,LAX,33
19,3,23,1,21,2475,DL,LAX,33
0,3,23,1,17,2475,DL,LAX,33
-4,3,23,1,18,2475,DL,LAX,33
-2,3,23,1,15,2475,DL,LAX,33
2,3,26,4,9,2475,DL,LAX,36
-6,3,26,4,12,2475,DL,LAX,36
45,3,26,4,7,2475,DL,LAX,36
119,3,26,4,21,2475,DL,LAX,36
26,3,26,4,17,2475,DL,LAX,36
41,3,26,4,18,2475,DL,LAX,36
25,3,26,4,15,2475,DL,LAX,36
0,3,26,4,8,2475,DL,LAX,36
0,3,27,5,9,2475,DL,LAX,37
1,3,27,5,12,2475,DL,LAX,37
5,3,27,5,7,2475,DL,LAX,37
31,3,27,5,21,2475,DL,LAX,37
1,3,27,5,17,2475,DL,LAX,37
34,3,27,5,18,2475,DL,LAX,37
-1,3,27,5,15,2475,DL,LAX,37
-3,3,27,5,8,2475,DL,LAX,37
3,3,28,6,12,2475,DL,LAX,38
-4,3,28,6,17,2475,DL,LAX,38
-9,3,28,6,18,2475,DL,LAX,38
6,3,28,6,15,2475,DL,LAX,38
-2,3,28,6,8,2475,DL,LAX,38
29,3,30,1,9,2475,DL,LAX,40
-4,3,30,1,12,2475,DL,LAX,40
0,3,30,1,7,2475,DL,LAX,40
40,3,30,1,21,2475,DL,LAX,40
17,3,30,1,17,2475,DL,LAX,40
-2,3,30,1,15,2475,DL,LAX,40
-5,3,30,1,18,2475,DL,LAX,40
-5,3,29,7,9,2475,DL,LAX,39
0,3,29,7,12,2475,DL,LAX,39
8,3,29,7,7,2475,DL,LAX,39
42,3,29,7,21,2475,DL,LAX,39
11,3,29,7,17,2475,DL,LAX,39
18,3,29,7,15,2475,DL,LAX,39
-4,3,29,7,8,2475,DL,LAX,39
45,3,29,7,18,2475,DL,LAX,39
-2,3,8,7,17,2475,UA,LAX,18
-3,3,8,7,11,2475,UA,LAX,18
0,3,8,7,14,2475,UA,LAX,18
-3,3,11,3,8,2475,UA,LAX,21
42,3,11,3,19,2475,UA,LAX,21
-4,3,11,3,17,2475,UA,LAX,21
-1,3,11,3,11,2475,UA,LAX,21
-2,3,11,3,14,2475,UA,LAX,21
-7,3,8,7,8,2475,UA,LAX,18
68,3,8,7,19,2475,UA,LAX,18
-1,3,6,5,8,2475,UA,LAX,16
3,3,6,5,19,2475,UA,LAX,16
41,3,6,5,17,2475,UA,LAX,16
45,3,6,5,11,2475,UA,LAX,16
-1,3,6,5,14,2475,UA,LAX,16
-8,3,10,2,8,2475,UA,LAX,20
0,3,10,2,19,2475,UA,LAX,20
29,3,5,4,17,2475,UA,LAX,15
-7,3,5,4,11,2475,UA,LAX,15
237,3,5,4,14,2475,UA,LAX,15
-12,3,9,1,11,2475,UA,LAX,19
-2,3,9,1,14,2475,UA,LAX,19
224,3,5,4,19,2475,UA,LAX,15
0,3,7,6,6,2475,UA,LAX,17
-7,3,7,6,8,2475,UA,LAX,17
-5,3,7,6,17,2475,UA,LAX,17
-4,3,7,6,11,2475,UA,LAX,17
1,3,7,6,14,2475,UA,LAX,17
-1,3,3,2,11,2475,UA,LAX,13
-2,3,3,2,14,2475,UA,LAX,13
0,3,2,1,6,2475,UA,LAX,12
-1,3,2,1,8,2475,UA,LAX,12
11,3,2,1,19,2475,UA,LAX,12
-7,3,2,1,17,2475,UA,LAX,12
9,3,2,1,11,2475,UA,LAX,12
25,3,2,1,14,2475,UA,LAX,12
-1,3,3,2,6,2475,UA,LAX,13
-3,3,3,2,8,2475,UA,LAX,13
21,3,3,2,19,2475,UA,LAX,13
30,3,3,2,17,2475,UA,LAX,13
-6,3,1,7,8,2475,UA,LAX,11
223,3,1,7,19,2475,UA,LAX,11
243,3,1,7,17,2475,UA,LAX,11
-5,3,1,7,11,2475,UA,LAX,11
1,3,1,7,14,2475,UA,LAX,11
-5,3,30,1,6,2475,UA,LAX,40
-5,3,30,1,8,2475,UA,LAX,40
3,3,30,1,19,2475,UA,LAX,40
-5,3,30,1,17,2475,UA,LAX,40
2,3,27,5,8,2475,UA,LAX,37
-2,3,27,5,19,2475,UA,LAX,37
-1,3,27,5,17,2475,UA,LAX,37
26,3,27,5,11,2475,UA,LAX,37
-2,3,14,6,7,2475,VX,LAX,24
-5,3,14,6,9,2475,VX,LAX,24
5,3,14,6,13,2475,VX,LAX,24
68,3,14,6,16,2475,VX,LAX,24
-2,3,15,7,9,2475,VX,LAX,25
-3,3,15,7,13,2475,VX,LAX,25
263,3,15,7,16,2475,VX,LAX,25
198,3,15,7,20,2475,VX,LAX,25
41,3,16,1,7,2475,VX,LAX,26
2,3,16,1,9,2475,VX,LAX,26
3,3,16,1,13,2475,VX,LAX,26
-10,3,16,1,16,2475,VX,LAX,26
-2,3,16,1,20,2475,VX,LAX,26
-4,3,17,2,7,2475,VX,LAX,27
-6,3,17,2,9,2475,VX,LAX,27
4,3,17,2,13,2475,VX,LAX,27
-9,3,17,2,16,2475,VX,LAX,27
1,3,17,2,20,2475,VX,LAX,27
-6,3,18,3,7,2475,VX,LAX,28
14,3,18,3,9,2475,VX,LAX,28
-3,3,18,3,13,2475,VX,LAX,28
-1,3,18,3,16,2475,VX,LAX,28
193,3,18,3,20,2475,VX,LAX,28
-4,3,1,7,9,2475,VX,LAX,11
2,3,1,7,13,2475,VX,LAX,11
42,3,1,7,16,2475,VX,LAX,11
254,3,1,7,20,2475,VX,LAX,11
-10,3,10,2,7,2475,VX,LAX,20
-7,3,10,2,9,2475,VX,LAX,20
-1,3,10,2,13,2475,VX,LAX,20
-1,3,10,2,16,2475,VX,LAX,20
-3,3,10,2,20,2475,VX,LAX,20
-4,3,11,3,7,2475,VX,LAX,21
-1,3,11,3,9,2475,VX,LAX,21
168,3,11,3,13,2475,VX,LAX,21
-1,3,11,3,16,2475,VX,LAX,21
-3,3,11,3,20,2475,VX,LAX,21
-3,3,12,4,7,2475,VX,LAX,22
13,3,12,4,9,2475,VX,LAX,22
-2,3,12,4,13,2475,VX,LAX,22
-3,3,12,4,16,2475,VX,LAX,22
-7,3,12,4,20,2475,VX,LAX,22
-2,3,13,5,7,2475,VX,LAX,23
4,3,13,5,9,2475,VX,LAX,23
-4,3,13,5,13,2475,VX,LAX,23
-2,3,13,5,16,2475,VX,LAX,23
-5,3,13,5,20,2475,VX,LAX,23
1,3,26,4,7,2475,VX,LAX,36
51,3,26,4,9,2475,VX,LAX,36
-3,3,26,4,13,2475,VX,LAX,36
20,3,26,4,16,2475,VX,LAX,36
138,3,26,4,20,2475,VX,LAX,36
33,3,27,5,7,2475,VX,LAX,37
-7,3,27,5,9,2475,VX,LAX,37
-2,3,27,5,13,2475,VX,LAX,37
2,3,27,5,16,2475,VX,LAX,37
27,3,27,5,20,2475,VX,LAX,37
-1,3,28,6,7,2475,VX,LAX,38
-2,3,28,6,9,2475,VX,LAX,38
-6,3,28,6,13,2475,VX,LAX,38
-1,3,28,6,16,2475,VX,LAX,38
-4,3,29,7,7,2475,VX,LAX,39
-9,3,29,7,9,2475,VX,LAX,39
215,3,29,7,13,2475,VX,LAX,39
-6,3,29,7,16,2475,VX,LAX,39
4,3,29,7,20,2475,VX,LAX,39
-9,3,3,2,7,2475,VX,LAX,13
-11,3,3,2,9,2475,VX,LAX,13
-3,3,3,2,13,2475,VX,LAX,13
0,3,3,2,16,2475,VX,LAX,13
-3,3,3,2,20,2475,VX,LAX,13
0,3,31,2,7,2475,VX,LAX,41
-7,3,31,2,9,2475,VX,LAX,41
2,3,31,2,13,2475,VX,LAX,41
0,3,31,2,16,2475,VX,LAX,41
28,3,31,2,20,2475,VX,LAX,41
-3,3,4,3,7,2475,VX,LAX,14
-7,3,4,3,9,2475,VX,LAX,14
-6,3,4,3,13,2475,VX,LAX,14
1,3,4,3,16,2475,VX,LAX,14
10,3,4,3,20,2475,VX,LAX,14
-2,3,5,4,7,2475,VX,LAX,15
4,3,5,4,13,2475,VX,LAX,15
365,3,5,4,16,2475,VX,LAX,15
333,3,5,4,20,2475,VX,LAX,15
0,3,6,5,7,2475,VX,LAX,16
53,3,6,5,9,2475,VX,LAX,16
59,3,6,5,13,2475,VX,LAX,16
56,3,6,5,16,2475,VX,LAX,16
-4,3,6,5,20,2475,VX,LAX,16
26,3,7,6,7,2475,VX,LAX,17
-2,3,7,6,9,2475,VX,LAX,17
-5,3,7,6,13,2475,VX,LAX,17
2,3,7,6,16,2475,VX,LAX,17
-3,3,8,7,9,2475,VX,LAX,18
15,3,8,7,13,2475,VX,LAX,18
43,3,8,7,16,2475,VX,LAX,18
34,3,8,7,20,2475,VX,LAX,18
-4,3,9,1,7,2475,VX,LAX,19
-7,3,9,1,9,2475,VX,LAX,19
-2,3,9,1,13,2475,VX,LAX,19
7,3,9,1,16,2475,VX,LAX,19
-4,3,9,1,20,2475,VX,LAX,19
-1,3,20,5,7,2475,VX,LAX,30
0,3,20,5,9,2475,VX,LAX,30
-9,3,20,5,13,2475,VX,LAX,30
50,3,20,5,20,2475,VX,LAX,30
3,3,21,6,7,2475,VX,LAX,31
0,3,21,6,9,2475,VX,LAX,31
16,3,21,6,13,2475,VX,LAX,31
-4,3,21,6,16,2475,VX,LAX,31
-5,3,22,7,9,2475,VX,LAX,32
0,3,22,7,13,2475,VX,LAX,32
7,3,22,7,16,2475,VX,LAX,32
59,3,22,7,20,2475,VX,LAX,32
-2,3,23,1,7,2475,VX,LAX,33
-2,3,23,1,9,2475,VX,LAX,33
-7,3,23,1,13,2475,VX,LAX,33
-3,3,23,1,16,2475,VX,LAX,33
67,3,23,1,20,2475,VX,LAX,33
2,3,24,2,7,2475,VX,LAX,34
-5,3,24,2,9,2475,VX,LAX,34
-4,3,24,2,13,2475,VX,LAX,34
3,3,24,2,16,2475,VX,LAX,34
1,3,24,2,20,2475,VX,LAX,34
1,3,25,3,7,2475,VX,LAX,35
0,3,25,3,9,2475,VX,LAX,35
-5,3,25,3,13,2475,VX,LAX,35
-3,3,25,3,16,2475,VX,LAX,35
-4,3,25,3,20,2475,VX,LAX,35
-1,3,19,4,7,2475,VX,LAX,29
-5,3,19,4,9,2475,VX,LAX,29
-9,3,19,4,13,2475,VX,LAX,29
-1,3,19,4,16,2475,VX,LAX,29
-3,3,19,4,20,2475,VX,LAX,29
-3,3,2,1,7,2475,VX,LAX,12
-2,3,2,1,9,2475,VX,LAX,12
4,3,2,1,13,2475,VX,LAX,12
-2,3,2,1,16,2475,VX,LAX,12
-3,3,2,1,20,2475,VX,LAX,12
0,3,30,1,7,2475,VX,LAX,40
-4,3,30,1,9,2475,VX,LAX,40
-3,3,30,1,13,2475,VX,LAX,40
6,3,30,1,16,2475,VX,LAX,40
-3,3,30,1,20,2475,VX,LAX,40
7,3,4,3,6,2475,UA,LAX,14
-1,3,4,3,8,2475,UA,LAX,14
-2,3,4,3,19,2475,UA,LAX,14
4,3,4,3,17,2475,UA,LAX,14
-5,3,4,3,11,2475,UA,LAX,14
-7,3,4,3,14,2475,UA,LAX,14
