-8,4,25,6,7,2475,VX,LAX,27
0,4,25,6,9,2475,VX,LAX,27
-4,4,25,6,13,2475,VX,LAX,27
-5,4,25,6,16,2475,VX,LAX,27
17,4,26,7,7,2475,VX,LAX,26
-3,4,26,7,9,2475,VX,LAX,26
-8,4,26,7,13,2475,VX,LAX,26
-3,4,26,7,16,2475,VX,LAX,26
2,4,26,7,20,2475,VX,LAX,26
-6,4,27,1,7,2475,VX,LAX,25
-6,4,27,1,9,2475,VX,LAX,25
1,4,27,1,13,2475,VX,LAX,25
-1,4,27,1,16,2475,VX,LAX,25
-1,4,27,1,20,2475,VX,LAX,25
-1,4,18,6,15,2475,DL,LAX,34
-2,4,18,6,12,2475,DL,LAX,34
28,4,18,6,17,2475,DL,LAX,34
-2,4,18,6,8,2475,DL,LAX,34
-4,4,18,6,18,2475,DL,LAX,34
