-11,8,31,1,6,2475,UA,LAX,1
-7,8,31,1,8,2475,UA,LAX,1
-5,8,31,1,19,2475,UA,LAX,1
-7,8,31,1,17,2475,UA,LAX,1
-6,8,31,1,11,2475,UA,LAX,1
-10,8,31,1,14,2475,UA,LAX,1
-8,8,30,7,17,2475,UA,LAX,2
-3,8,30,7,11,2475,UA,LAX,2
-4,8,30,7,14,2475,UA,LAX,2
-8,8,29,6,14,2475,UA,LAX,3
-3,8,27,4,11,2475,UA,LAX,5
0,8,27,4,14,2475,UA,LAX,5
-6,8,25,2,11,2475,UA,LAX,7
-5,8,28,5,6,2475,UA,LAX,4
-4,8,28,5,8,2475,UA,LAX,4
-5,8,28,5,19,2475,UA,LAX,4
12,8,28,5,17,2475,UA,LAX,4
-8,8,28,5,11,2475,UA,LAX,4
1,8,28,5,14,2475,UA,LAX,4
-12,8,26,3,6,2475,UA,LAX,6
-2,8,26,3,8,2475,UA,LAX,6
0,8,26,3,19,2475,UA,LAX,6
-5,8,26,3,17,2475,UA,LAX,6
-6,8,26,3,11,2475,UA,LAX,6
-3,8,26,3,14,2475,UA,LAX,6
-9,8,27,4,6,2475,UA,LAX,5
-2,8,27,4,8,2475,UA,LAX,5
8,8,27,4,19,2475,UA,LAX,5
-7,8,27,4,17,2475,UA,LAX,5
-10,8,25,2,6,2475,UA,LAX,7
-1,8,25,2,8,2475,UA,LAX,7
6,8,25,2,19,2475,UA,LAX,7
-3,8,25,2,17,2475,UA,LAX,7
-4,8,25,2,14,2475,UA,LAX,7
-3,8,23,7,14,2475,UA,LAX,9
-3,8,23,7,8,2475,UA,LAX,9
2,8,23,7,19,2475,UA,LAX,9
-3,8,23,7,17,2475,UA,LAX,9
1,8,23,7,11,2475,UA,LAX,9
-8,8,22,6,6,2475,UA,LAX,10
2,8,22,6,8,2475,UA,LAX,10
6,8,22,6,17,2475,UA,LAX,10
-5,8,22,6,11,2475,UA,LAX,10
-4,8,22,6,14,2475,UA,LAX,10
-9,8,21,5,6,2475,UA,LAX,11
2,8,21,5,8,2475,UA,LAX,11
-2,8,21,5,19,2475,UA,LAX,11
63,8,21,5,17,2475,UA,LAX,11
7,8,21,5,11,2475,UA,LAX,11
-6,8,21,5,14,2475,UA,LAX,11
32,8,20,4,14,2475,UA,LAX,12
-3,8,20,4,6,2475,UA,LAX,12
2,8,20,4,8,2475,UA,LAX,12
66,8,20,4,19,2475,UA,LAX,12
-1,8,20,4,17,2475,UA,LAX,12
-3,8,20,4,11,2475,UA,LAX,12
-3,8,19,3,6,2475,UA,LAX,13
-4,8,19,3,8,2475,UA,LAX,13
30,8,19,3,19,2475,UA,LAX,13
2,8,18,2,6,2475,UA,LAX,14
0,8,18,2,8,2475,UA,LAX,14
92,8,18,2,19,2475,UA,LAX,14
-2,8,18,2,17,2475,UA,LAX,14
0,8,18,2,11,2475,UA,LAX,14
-5,8,18,2,14,2475,UA,LAX,14
-7,8,17,1,6,2475,UA,LAX,15
-7,8,17,1,8,2475,UA,LAX,15
-6,8,17,1,19,2475,UA,LAX,15
-3,8,17,1,17,2475,UA,LAX,15
1,8,17,1,11,2475,UA,LAX,15
-4,8,19,3,17,2475,UA,LAX,13
-5,8,19,3,11,2475,UA,LAX,13
2,8,19,3,14,2475,UA,LAX,13
-5,8,16,7,8,2475,UA,LAX,16
-4,8,16,7,19,2475,UA,LAX,16
95,8,16,7,17,2475,UA,LAX,16
-12,8,16,7,11,2475,UA,LAX,16
-3,8,16,7,14,2475,UA,LAX,16
-2,8,15,6,6,2475,UA,LAX,17
-2,8,15,6,8,2475,UA,LAX,17
-5,8,15,6,16,2475,UA,LAX,17
-8,8,15,6,11,2475,UA,LAX,17
-4,8,15,6,14,2475,UA,LAX,17
-4,8,17,1,14,2475,UA,LAX,15
6,8,14,5,6,2475,UA,LAX,18
-4,8,14,5,8,2475,UA,LAX,18
1,8,14,5,19,2475,UA,LAX,18
-5,8,14,5,17,2475,UA,LAX,18
-6,8,14,5,11,2475,UA,LAX,18
-7,8,14,5,14,2475,UA,LAX,18
7,8,13,4,17,2475,UA,LAX,19
-6,8,13,4,11,2475,UA,LAX,19
-4,8,13,4,14,2475,UA,LAX,19
-2,8,11,2,6,2475,UA,LAX,21
-4,8,11,2,8,2475,UA,LAX,21
74,8,11,2,19,2475,UA,LAX,21
93,8,11,2,17,2475,UA,LAX,21
-6,8,11,2,11,2475,UA,LAX,21
19,8,11,2,14,2475,UA,LAX,21
0,8,13,4,6,2475,UA,LAX,19
0,8,13,4,8,2475,UA,LAX,19
-6,8,13,4,19,2475,UA,LAX,19
-7,8,10,1,11,2475,UA,LAX,22
0,8,12,3,6,2475,UA,LAX,20
5,8,12,3,8,2475,UA,LAX,20
0,8,12,3,19,2475,UA,LAX,20
9,8,12,3,17,2475,UA,LAX,20
2,8,12,3,11,2475,UA,LAX,20
14,8,12,3,14,2475,UA,LAX,20
-3,8,10,1,14,2475,UA,LAX,22
-3,8,8,6,11,2475,UA,LAX,24
-1,8,8,6,14,2475,UA,LAX,24
-9,8,9,7,8,2475,UA,LAX,23
-5,8,9,7,19,2475,UA,LAX,23
7,8,9,7,17,2475,UA,LAX,23
-4,8,9,7,11,2475,UA,LAX,23
212,8,9,7,14,2475,UA,LAX,23
-5,8,7,5,6,2475,UA,LAX,25
-5,8,7,5,8,2475,UA,LAX,25
1,8,7,5,19,2475,UA,LAX,25
185,8,7,5,17,2475,UA,LAX,25
-3,8,10,1,6,2475,UA,LAX,22
-8,8,10,1,8,2475,UA,LAX,22
-7,8,10,1,19,2475,UA,LAX,22
-2,8,10,1,17,2475,UA,LAX,22
26,8,8,6,6,2475,UA,LAX,24
-4,8,8,6,8,2475,UA,LAX,24
38,8,8,6,16,2475,UA,LAX,24
0,8,6,4,6,2475,UA,LAX,26
30,8,6,4,8,2475,UA,LAX,26
-14,8,6,4,19,2475,UA,LAX,26
-4,8,6,4,17,2475,UA,LAX,26
6,8,6,4,11,2475,UA,LAX,26
3,8,7,5,11,2475,UA,LAX,25
59,8,7,5,14,2475,UA,LAX,25
0,8,5,3,6,2475,UA,LAX,27
-2,8,5,3,8,2475,UA,LAX,27
-7,8,5,3,19,2475,UA,LAX,27
-3,8,5,3,17,2475,UA,LAX,27
1,8,5,3,11,2475,UA,LAX,27
-1,8,5,3,14,2475,UA,LAX,27
27,8,4,2,17,2475,UA,LAX,28
-1,8,4,2,11,2475,UA,LAX,28
49,8,4,2,14,2475,UA,LAX,28
-5,8,3,1,6,2475,UA,LAX,29
3,8,3,1,8,2475,UA,LAX,29
-8,8,3,1,19,2475,UA,LAX,29
-4,8,3,1,17,2475,UA,LAX,29
-1,8,3,1,11,2475,UA,LAX,29
-4,8,3,1,14,2475,UA,LAX,29
-1,8,1,6,6,2475,UA,LAX,28
-2,8,1,6,8,2475,UA,LAX,28
-2,8,6,4,14,2475,UA,LAX,26
2,8,2,7,8,2475,UA,LAX,29
244,8,2,7,19,2475,UA,LAX,29
-1,8,2,7,17,2475,UA,LAX,29
-12,8,2,7,11,2475,UA,LAX,29
20,8,2,7,14,2475,UA,LAX,29
-3,8,16,7,7,2475,VX,LAX,16
-6,8,16,7,9,2475,VX,LAX,16
-4,8,16,7,13,2475,VX,LAX,16
-1,8,16,7,16,2475,VX,LAX,16
-7,8,16,7,20,2475,VX,LAX,16
-1,8,17,1,7,2475,VX,LAX,15
-5,8,17,1,9,2475,VX,LAX,15
-2,8,17,1,13,2475,VX,LAX,15
0,8,17,1,16,2475,VX,LAX,15
-8,8,17,1,20,2475,VX,LAX,15
-3,8,18,2,7,2475,VX,LAX,14
-3,8,18,2,9,2475,VX,LAX,14
-3,8,18,2,13,2475,VX,LAX,14
-5,8,1,6,11,2475,UA,LAX,28
6,8,1,6,14,2475,UA,LAX,28
7,8,11,2,7,2475,VX,LAX,21
-2,8,11,2,9,2475,VX,LAX,21
-3,8,11,2,13,2475,VX,LAX,21
143,8,11,2,16,2475,VX,LAX,21
71,8,11,2,20,2475,VX,LAX,21
-2,8,12,3,7,2475,VX,LAX,20
-2,8,12,3,9,2475,VX,LAX,20
-3,8,12,3,13,2475,VX,LAX,20
-4,8,12,3,16,2475,VX,LAX,20
5,8,12,3,20,2475,VX,LAX,20
14,8,13,4,7,2475,VX,LAX,19
-1,8,13,4,9,2475,VX,LAX,19
-6,8,13,4,13,2475,VX,LAX,19
-4,8,13,4,16,2475,VX,LAX,19
-7,8,13,4,20,2475,VX,LAX,19
40,8,14,5,7,2475,VX,LAX,18
17,8,14,5,9,2475,VX,LAX,18
3,8,14,5,13,2475,VX,LAX,18
3,8,14,5,16,2475,VX,LAX,18
-1,8,14,5,20,2475,VX,LAX,18
4,8,15,6,7,2475,VX,LAX,17
-4,8,15,6,9,2475,VX,LAX,17
-6,8,15,6,13,2475,VX,LAX,17
-7,8,15,6,16,2475,VX,LAX,17
23,8,15,6,20,2475,VX,LAX,17
-5,8,26,3,7,2475,VX,LAX,6
-4,8,26,3,9,2475,VX,LAX,6
-5,8,26,3,13,2475,VX,LAX,6
-10,8,26,3,16,2475,VX,LAX,6
-9,8,26,3,20,2475,VX,LAX,6
-5,8,27,4,7,2475,VX,LAX,5
-7,8,27,4,9,2475,VX,LAX,5
-6,8,27,4,13,2475,VX,LAX,5
-6,8,27,4,16,2475,VX,LAX,5
-5,8,27,4,20,2475,VX,LAX,5
-3,8,1,6,7,2475,VX,LAX,28
0,8,1,6,9,2475,VX,LAX,28
-2,8,1,6,13,2475,VX,LAX,28
1,8,1,6,16,2475,VX,LAX,28
12,8,1,6,20,2475,VX,LAX,28
7,8,10,1,7,2475,VX,LAX,22
0,8,10,1,9,2475,VX,LAX,22
1,8,10,1,13,2475,VX,LAX,22
1,8,10,1,16,2475,VX,LAX,22
0,8,10,1,20,2475,VX,LAX,22
1,8,21,5,7,2475,VX,LAX,11
-4,8,21,5,9,2475,VX,LAX,11
-4,8,21,5,13,2475,VX,LAX,11
-7,8,21,5,16,2475,VX,LAX,11
-5,8,21,5,20,2475,VX,LAX,11
-7,8,22,6,7,2475,VX,LAX,10
-5,8,22,6,9,2475,VX,LAX,10
-1,8,22,6,13,2475,VX,LAX,10
-6,8,22,6,16,2475,VX,LAX,10
-7,8,22,6,20,2475,VX,LAX,10
-3,8,23,7,7,2475,VX,LAX,9
-4,8,23,7,9,2475,VX,LAX,9
-4,8,23,7,13,2475,VX,LAX,9
0,8,23,7,16,2475,VX,LAX,9
-7,8,23,7,20,2475,VX,LAX,9
-1,8,24,1,7,2475,VX,LAX,8
-4,8,24,1,9,2475,VX,LAX,8
-8,8,24,1,13,2475,VX,LAX,8
5,8,24,1,16,2475,VX,LAX,8
17,8,24,1,20,2475,VX,LAX,8
-2,8,25,2,7,2475,VX,LAX,7
-8,8,25,2,9,2475,VX,LAX,7
9,8,25,2,13,2475,VX,LAX,7
-7,8,25,2,16,2475,VX,LAX,7
-13,8,25,2,20,2475,VX,LAX,7
-9,8,18,2,16,2475,VX,LAX,14
6,8,18,2,20,2475,VX,LAX,14
-3,8,19,3,7,2475,VX,LAX,13
0,8,19,3,9,2475,VX,LAX,13
-1,8,19,3,13,2475,VX,LAX,13
-1,8,19,3,16,2475,VX,LAX,13
5,8,19,3,20,2475,VX,LAX,13
-5,8,2,7,7,2475,VX,LAX,29
-2,8,2,7,9,2475,VX,LAX,29
-8,8,2,7,13,2475,VX,LAX,29
-2,8,2,7,16,2475,VX,LAX,29
-7,8,2,7,20,2475,VX,LAX,29
-4,8,20,4,7,2475,VX,LAX,12
-5,8,20,4,9,2475,VX,LAX,12
-4,8,20,4,13,2475,VX,LAX,12
-5,8,20,4,16,2475,VX,LAX,12
97,8,20,4,20,2475,VX,LAX,12
-5,8,31,1,7,2475,VX,LAX,1
-8,8,31,1,9,2475,VX,LAX,1
-5,8,31,1,13,2475,VX,LAX,1
-3,8,31,1,16,2475,VX,LAX,1
-6,8,31,1,20,2475,VX,LAX,1
-1,8,4,2,7,2475,VX,LAX,28
-7,8,4,2,9,2475,VX,LAX,28
-4,8,4,2,13,2475,VX,LAX,28
-3,8,4,2,16,2475,VX,LAX,28
9,8,4,2,20,2475,VX,LAX,28
-2,8,5,3,7,2475,VX,LAX,27
-2,8,5,3,9,2475,VX,LAX,27
1,8,5,3,13,2475,VX,LAX,27
-3,8,5,3,16,2475,VX,LAX,27
5,8,5,3,20,2475,VX,LAX,27
1,8,6,4,7,2475,VX,LAX,26
-1,8,6,4,9,2475,VX,LAX,26
47,8,6,4,13,2475,VX,LAX,26
14,8,6,4,16,2475,VX,LAX,26
-4,8,6,4,20,2475,VX,LAX,26
-4,8,7,5,7,2475,VX,LAX,25
-3,8,7,5,9,2475,VX,LAX,25
96,8,7,5,13,2475,VX,LAX,25
-2,8,7,5,16,2475,VX,LAX,25
20,8,7,5,20,2475,VX,LAX,25
-7,8,28,5,7,2475,VX,LAX,4
-6,8,28,5,9,2475,VX,LAX,4
-5,8,28,5,13,2475,VX,LAX,4
-8,8,28,5,16,2475,VX,LAX,4
-6,8,28,5,20,2475,VX,LAX,4
-6,8,29,6,7,2475,VX,LAX,3
5,8,29,6,9,2475,VX,LAX,3
-3,8,29,6,13,2475,VX,LAX,3
-4,8,29,6,16,2475,VX,LAX,3
-11,8,29,6,20,2475,VX,LAX,3
-1,8,3,1,7,2475,VX,LAX,29
-3,8,3,1,9,2475,VX,LAX,29
-3,8,3,1,13,2475,VX,LAX,29
-1,8,3,1,16,2475,VX,LAX,29
-9,8,3,1,20,2475,VX,LAX,29
-10,8,30,7,7,2475,VX,LAX,2
-10,8,30,7,9,2475,VX,LAX,2
-1,8,30,7,13,2475,VX,LAX,2
-6,8,30,7,16,2475,VX,LAX,2
10,8,30,7,20,2475,VX,LAX,2
1,8,8,6,7,2475,VX,LAX,24
8,8,8,6,9,2475,VX,LAX,24
-4,8,8,6,13,2475,VX,LAX,24
-4,8,8,6,16,2475,VX,LAX,24
-10,8,8,6,20,2475,VX,LAX,24
-5,8,9,7,7,2475,VX,LAX,23
-4,8,9,7,9,2475,VX,LAX,23
2,8,9,7,13,2475,VX,LAX,23
-4,8,9,7,16,2475,VX,LAX,23
-6,8,9,7,20,2475,VX,LAX,23
-8,8,24,1,6,2475,UA,LAX,8
8,8,24,1,8,2475,UA,LAX,8
138,8,24,1,19,2475,UA,LAX,8
0,8,24,1,17,2475,UA,LAX,8
-7,8,24,1,11,2475,UA,LAX,8
-2,8,24,1,14,2475,UA,LAX,8
16,8,4,2,6,2475,UA,LAX,28
2,8,4,2,8,2475,UA,LAX,28
54,8,4,2,19,2475,UA,LAX,28
55,8,23,7,17,2475,DL,LAX,9
4,8,23,7,9,2475,DL,LAX,9
0,8,23,7,12,2475,DL,LAX,9
16,8,23,7,7,2475,DL,LAX,9
27,8,23,7,20,2475,DL,LAX,9
15,8,23,7,18,2475,DL,LAX,9
78,8,23,7,8,2475,DL,LAX,9
42,8,23,7,15,2475,DL,LAX,9
3,8,23,7,13,2475,DL,LAX,9
194,8,24,1,18,2475,DL,LAX,8
-4,8,24,1,8,2475,DL,LAX,8
1,8,24,1,15,2475,DL,LAX,8
320,8,24,1,13,2475,DL,LAX,8
9,8,24,1,17,2475,DL,LAX,8
-4,8,24,1,9,2475,DL,LAX,8
-1,8,24,1,12,2475,DL,LAX,8
-4,8,24,1,7,2475,DL,LAX,8
26,8,24,1,20,2475,DL,LAX,8
-4,8,27,4,17,2475,DL,LAX,5
0,8,27,4,9,2475,DL,LAX,5
-1,8,27,4,12,2475,DL,LAX,5
-6,8,27,4,7,2475,DL,LAX,5
5,8,27,4,20,2475,DL,LAX,5
-3,8,27,4,18,2475,DL,LAX,5
-2,8,27,4,8,2475,DL,LAX,5
0,8,27,4,15,2475,DL,LAX,5
9,8,27,4,13,2475,DL,LAX,5
-8,8,25,2,17,2475,DL,LAX,7
-5,8,25,2,9,2475,DL,LAX,7
4,8,25,2,12,2475,DL,LAX,7
10,8,25,2,7,2475,DL,LAX,7
50,8,25,2,20,2475,DL,LAX,7
1,8,25,2,18,2475,DL,LAX,7
-5,8,25,2,8,2475,DL,LAX,7
-5,8,25,2,15,2475,DL,LAX,7
11,8,25,2,13,2475,DL,LAX,7
-3,8,31,1,6,2475,B6,LAX,1
-4,8,31,1,8,2475,B6,LAX,1
-2,8,2,7,18,2475,DL,LAX,29
-3,8,2,7,9,2475,DL,LAX,29
-4,8,2,7,12,2475,DL,LAX,29
-3,8,2,7,7,2475,DL,LAX,29
94,8,2,7,20,2475,DL,LAX,29
10,8,2,7,17,2475,DL,LAX,29
4,8,2,7,8,2475,DL,LAX,29
17,8,2,7,15,2475,DL,LAX,29
15,8,30,7,17,2475,DL,LAX,2
-3,8,30,7,9,2475,DL,LAX,2
-6,8,30,7,12,2475,DL,LAX,2
25,8,30,7,20,2475,DL,LAX,2
30,8,30,7,18,2475,DL,LAX,2
-4,8,30,7,8,2475,DL,LAX,2
28,8,30,7,15,2475,DL,LAX,2
7,8,30,7,13,2475,DL,LAX,2
5,8,28,5,17,2475,DL,LAX,4
-6,8,28,5,9,2475,DL,LAX,4
-3,8,28,5,12,2475,DL,LAX,4
0,8,28,5,7,2475,DL,LAX,4
-1,8,28,5,20,2475,DL,LAX,4
-7,8,28,5,18,2475,DL,LAX,4
-7,8,28,5,8,2475,DL,LAX,4
0,8,28,5,15,2475,DL,LAX,4
45,8,28,5,13,2475,DL,LAX,4
53,8,29,6,17,2475,DL,LAX,3
9,8,29,6,12,2475,DL,LAX,3
14,8,29,6,18,2475,DL,LAX,3
0,8,29,6,8,2475,DL,LAX,3
-2,8,29,6,15,2475,DL,LAX,3
17,8,31,1,17,2475,DL,LAX,1
-6,8,31,1,9,2475,DL,LAX,1
-5,8,31,1,12,2475,DL,LAX,1
-5,8,31,1,7,2475,DL,LAX,1
-1,8,31,1,20,2475,DL,LAX,1
83,8,31,1,18,2475,DL,LAX,1
-1,8,31,1,8,2475,DL,LAX,1
-4,8,31,1,15,2475,DL,LAX,1
32,8,31,1,13,2475,DL,LAX,1
