-3,5,31,7,8,2475,UA,LAX,5
250,5,31,7,19,2475,UA,LAX,5
0,5,31,7,17,2475,UA,LAX,5
-2,5,31,7,11,2475,UA,LAX,5
-2,5,31,7,14,2475,UA,LAX,5
-6,5,29,5,6,2475,UA,LAX,3
-2,5,29,5,8,2475,UA,LAX,3
0,5,29,5,19,2475,UA,LAX,3
5,5,29,5,17,2475,UA,LAX,3
1,5,30,6,6,2475,UA,LAX,4
-3,5,30,6,8,2475,UA,LAX,4
-2,5,30,6,18,2475,UA,LAX,4
-2,5,30,6,11,2475,UA,LAX,4
-2,5,30,6,14,2475,UA,LAX,4
-1,5,29,5,14,2475,UA,LAX,3
-5,5,27,3,11,2475,UA,LAX,1
1,5,27,3,14,2475,UA,LAX,1
-5,5,29,5,11,2475,UA,LAX,3
-9,5,28,4,6,2475,UA,LAX,2
-3,5,28,4,8,2475,UA,LAX,2
-5,5,28,4,19,2475,UA,LAX,2
-1,5,28,4,17,2475,UA,LAX,2
-2,5,28,4,11,2475,UA,LAX,2
1,5,28,4,14,2475,UA,LAX,2
8,5,26,2,6,2475,UA,LAX,0
-7,5,26,2,8,2475,UA,LAX,0
-7,5,26,2,19,2475,UA,LAX,0
22,5,26,2,17,2475,UA,LAX,0
-4,5,27,3,6,2475,UA,LAX,1
-7,5,27,3,8,2475,UA,LAX,1
279,5,27,3,19,2475,UA,LAX,1
6,5,27,3,17,2475,UA,LAX,1
-8,5,26,2,11,2475,UA,LAX,0
3,5,26,2,14,2475,UA,LAX,0
-4,5,24,7,8,2475,UA,LAX,2
-7,5,24,7,19,2475,UA,LAX,2
11,5,24,7,17,2475,UA,LAX,2
-2,5,24,7,14,2475,UA,LAX,2
-5,5,25,1,6,2475,UA,LAX,1
-9,5,25,1,8,2475,UA,LAX,1
-4,5,25,1,19,2475,UA,LAX,1
-3,5,25,1,17,2475,UA,LAX,1
-4,5,23,6,6,2475,UA,LAX,1
-8,5,23,6,8,2475,UA,LAX,1
-1,5,23,6,18,2475,UA,LAX,1
-9,5,23,6,11,2475,UA,LAX,1
6,5,23,6,14,2475,UA,LAX,1
-3,5,21,4,6,2475,UA,LAX,1
-9,5,21,4,8,2475,UA,LAX,1
24,5,21,4,19,2475,UA,LAX,1
-1,5,21,4,17,2475,UA,LAX,1
2,5,22,5,6,2475,UA,LAX,0
8,5,22,5,8,2475,UA,LAX,0
-1,5,22,5,19,2475,UA,LAX,0
-1,5,22,5,17,2475,UA,LAX,0
-5,5,22,5,11,2475,UA,LAX,0
83,5,22,5,14,2475,UA,LAX,0
-3,5,19,2,6,2475,UA,LAX,3
-8,5,19,2,8,2475,UA,LAX,3
-1,5,19,2,19,2475,UA,LAX,3
-2,5,19,2,17,2475,UA,LAX,3
-6,5,19,2,11,2475,UA,LAX,3
-4,5,19,2,14,2475,UA,LAX,3
3,5,17,7,8,2475,UA,LAX,5
-8,5,17,7,19,2475,UA,LAX,5
8,5,17,7,17,2475,UA,LAX,5
-7,5,21,4,11,2475,UA,LAX,1
0,5,21,4,14,2475,UA,LAX,1
-2,5,18,1,6,2475,UA,LAX,4
-7,5,18,1,8,2475,UA,LAX,4
132,5,18,1,19,2475,UA,LAX,4
-2,5,18,1,17,2475,UA,LAX,4
1,5,20,3,6,2475,UA,LAX,2
-4,5,20,3,8,2475,UA,LAX,2
10,5,20,3,19,2475,UA,LAX,2
-2,5,20,3,17,2475,UA,LAX,2
-5,5,20,3,11,2475,UA,LAX,2
-1,5,20,3,14,2475,UA,LAX,2
-6,5,16,6,6,2475,UA,LAX,6
-4,5,16,6,8,2475,UA,LAX,6
-1,5,16,6,18,2475,UA,LAX,6
24,5,16,6,11,2475,UA,LAX,6
-5,5,18,1,14,2475,UA,LAX,4
-2,5,18,1,11,2475,UA,LAX,4
-7,5,15,5,6,2475,UA,LAX,7
7,5,15,5,8,2475,UA,LAX,7
7,5,15,5,19,2475,UA,LAX,7
3,5,15,5,17,2475,UA,LAX,7
-1,5,13,3,17,2475,UA,LAX,9
-5,5,13,3,11,2475,UA,LAX,9
-3,5,13,3,14,2475,UA,LAX,9
-10,5,17,7,11,2475,UA,LAX,5
-1,5,17,7,14,2475,UA,LAX,5
-1,5,15,5,11,2475,UA,LAX,7
32,5,15,5,14,2475,UA,LAX,7
-5,5,16,6,14,2475,UA,LAX,6
-6,5,14,4,6,2475,UA,LAX,8
-2,5,14,4,8,2475,UA,LAX,8
-7,5,14,4,19,2475,UA,LAX,8
5,5,14,4,17,2475,UA,LAX,8
-5,5,14,4,11,2475,UA,LAX,8
140,5,14,4,14,2475,UA,LAX,8
6,5,12,2,6,2475,UA,LAX,10
-6,5,12,2,8,2475,UA,LAX,10
37,5,12,2,19,2475,UA,LAX,10
-2,5,11,1,6,2475,UA,LAX,11
-6,5,11,1,8,2475,UA,LAX,11
15,5,11,1,19,2475,UA,LAX,11
-2,5,11,1,17,2475,UA,LAX,11
5,5,11,1,11,2475,UA,LAX,11
0,5,11,1,14,2475,UA,LAX,11
2,5,9,6,18,2475,UA,LAX,13
-2,5,9,6,11,2475,UA,LAX,13
0,5,9,6,14,2475,UA,LAX,13
-2,5,12,2,17,2475,UA,LAX,10
7,5,12,2,11,2475,UA,LAX,10
-6,5,12,2,14,2475,UA,LAX,10
-2,6,1,1,9,2475,AA,LAX,6
-3,6,2,2,9,2475,AA,LAX,7
-8,6,3,3,9,2475,AA,LAX,8
-6,6,4,4,9,2475,AA,LAX,9
-6,6,5,5,9,2475,AA,LAX,10
-4,6,7,7,9,2475,AA,LAX,12
-4,6,8,1,9,2475,AA,LAX,13
-8,6,9,2,9,2475,AA,LAX,14
0,6,10,3,9,2475,AA,LAX,15
-7,6,11,4,9,2475,AA,LAX,16
-4,6,12,5,9,2475,AA,LAX,17
-7,6,14,7,9,2475,AA,LAX,19
-5,6,15,1,9,2475,AA,LAX,19
-5,6,16,2,9,2475,AA,LAX,18
-4,6,17,3,9,2475,AA,LAX,17
4,6,18,4,9,2475,AA,LAX,16
-4,6,19,5,9,2475,AA,LAX,15
10,6,21,7,9,2475,AA,LAX,13
-10,6,22,1,9,2475,AA,LAX,12
-6,6,23,2,9,2475,AA,LAX,11
-7,6,24,3,9,2475,AA,LAX,10
-7,6,25,4,9,2475,AA,LAX,9
-11,6,26,5,9,2475,AA,LAX,8
-9,6,28,7,9,2475,AA,LAX,6
-1,6,29,1,9,2475,AA,LAX,5
0,6,30,2,9,2475,AA,LAX,4
168,6,1,1,12,2475,AA,LAX,6
-7,6,2,2,12,2475,AA,LAX,7
11,6,3,3,12,2475,AA,LAX,8
-7,6,4,4,12,2475,AA,LAX,9
-2,6,5,5,12,2475,AA,LAX,10
8,6,6,6,12,2475,AA,LAX,11
-3,6,7,7,12,2475,AA,LAX,12
-7,6,8,1,12,2475,AA,LAX,13
-9,6,9,2,12,2475,AA,LAX,14
-7,6,10,3,12,2475,AA,LAX,15
-5,6,11,4,12,2475,AA,LAX,16
-4,6,12,5,12,2475,AA,LAX,17
-2,6,13,6,12,2475,AA,LAX,18
-8,6,14,7,12,2475,AA,LAX,19
-2,6,15,1,12,2475,AA,LAX,19
-2,6,16,2,12,2475,AA,LAX,18
-5,6,17,3,12,2475,AA,LAX,17
-2,6,18,4,12,2475,AA,LAX,16
-3,6,19,5,12,2475,AA,LAX,15
-6,6,20,6,12,2475,AA,LAX,14
-3,6,21,7,12,2475,AA,LAX,13
-5,6,22,1,12,2475,AA,LAX,12
5,6,23,2,12,2475,AA,LAX,11
38,6,24,3,12,2475,AA,LAX,10
-4,6,25,4,12,2475,AA,LAX,9
-11,6,26,5,12,2475,AA,LAX,8
-5,6,27,6,12,2475,AA,LAX,7
-6,6,28,7,12,2475,AA,LAX,6
-1,6,29,1,12,2475,AA,LAX,5
-3,6,30,2,12,2475,AA,LAX,4
-6,6,1,1,7,2475,AA,LAX,6
-2,6,2,2,7,2475,AA,LAX,7
-7,6,3,3,7,2475,AA,LAX,8
-5,6,4,4,7,2475,AA,LAX,9
-8,6,8,1,7,2475,AA,LAX,13
-6,6,9,2,7,2475,AA,LAX,14
-5,6,10,3,7,2475,AA,LAX,15
-7,6,11,4,7,2475,AA,LAX,16
2,6,15,1,7,2475,AA,LAX,19
8,6,16,2,7,2475,AA,LAX,18
4,6,17,3,7,2475,AA,LAX,17
-6,6,18,4,7,2475,AA,LAX,16
-5,6,22,1,7,2475,AA,LAX,12
-2,6,23,2,7,2475,AA,LAX,11
-1,6,24,3,7,2475,AA,LAX,10
-3,6,25,4,7,2475,AA,LAX,9
-6,6,29,1,7,2475,AA,LAX,5
0,6,30,2,7,2475,AA,LAX,4
-4,6,1,1,11,2475,AA,LAX,6
-4,6,2,2,11,2475,AA,LAX,7
-5,6,3,3,11,2475,AA,LAX,8
51,6,4,4,11,2475,AA,LAX,9
31,6,5,5,11,2475,AA,LAX,10
-7,6,6,6,11,2475,AA,LAX,11
-4,6,7,7,11,2475,AA,LAX,12
-6,6,8,1,11,2475,AA,LAX,13
-6,6,9,2,11,2475,AA,LAX,14
-2,6,10,3,11,2475,AA,LAX,15
-5,6,11,4,11,2475,AA,LAX,16
-4,6,12,5,11,2475,AA,LAX,17
1,6,13,6,11,2475,AA,LAX,18
-11,6,14,7,11,2475,AA,LAX,19
-7,6,15,1,11,2475,AA,LAX,19
2,6,16,2,11,2475,AA,LAX,18
4,6,17,3,11,2475,AA,LAX,17
-4,6,18,4,11,2475,AA,LAX,16
-4,6,19,5,11,2475,AA,LAX,15
-4,6,20,6,11,2475,AA,LAX,14
88,6,21,7,11,2475,AA,LAX,13
-4,6,22,1,11,2475,AA,LAX,12
-2,6,23,2,11,2475,AA,LAX,11
-3,6,24,3,11,2475,AA,LAX,10
-3,6,25,4,11,2475,AA,LAX,9
-5,6,26,5,11,2475,AA,LAX,8
-4,6,27,6,11,2475,AA,LAX,7
39,6,28,7,11,2475,AA,LAX,6
-1,6,29,1,11,2475,AA,LAX,5
-6,6,30,2,11,2475,AA,LAX,4
-2,6,1,1,9,2475,AA,LAX,6
-3,6,2,2,9,2475,AA,LAX,7
-8,6,3,3,9,2475,AA,LAX,8
-6,6,4,4,9,2475,AA,LAX,9
-6,6,5,5,9,2475,AA,LAX,10
-4,6,7,7,9,2475,AA,LAX,12
-4,6,8,1,9,2475,AA,LAX,13
-8,6,9,2,9,2475,AA,LAX,14
0,6,10,3,9,2475,AA,LAX,15
-7,6,11,4,9,2475,AA,LAX,16
-4,6,12,5,9,2475,AA,LAX,17
-7,6,14,7,9,2475,AA,LAX,19
-5,6,15,1,9,2475,AA,LAX,19
-5,6,16,2,9,2475,AA,LAX,18
-4,6,17,3,9,2475,AA,LAX,17
4,6,18,4,9,2475,AA,LAX,16
-4,6,19,5,9,2475,AA,LAX,15
10,6,21,7,9,2475,AA,LAX,13
-10,6,22,1,9,2475,AA,LAX,12
-6,6,23,2,9,2475,AA,LAX,11
-7,6,24,3,9,2475,AA,LAX,10
-7,6,25,4,9,2475,AA,LAX,9
-11,6,26,5,9,2475,AA,LAX,8
-9,6,28,7,9,2475,AA,LAX,6
-1,6,29,1,9,2475,AA,LAX,5
0,6,30,2,9,2475,AA,LAX,4
168,6,1,1,12,2475,AA,LAX,6
-7,6,2,2,12,2475,AA,LAX,7
11,6,3,3,12,2475,AA,LAX,8
-7,6,4,4,12,2475,AA,LAX,9
-2,6,5,5,12,2475,AA,LAX,10
8,6,6,6,12,2475,AA,LAX,11
-3,6,7,7,12,2475,AA,LAX,12
-7,6,8,1,12,2475,AA,LAX,13
-9,6,9,2,12,2475,AA,LAX,14
-7,6,10,3,12,2475,AA,LAX,15
-5,6,11,4,12,2475,AA,LAX,16
-4,6,12,5,12,2475,AA,LAX,17
-2,6,13,6,12,2475,AA,LAX,18
-8,6,14,7,12,2475,AA,LAX,19
-2,6,15,1,12,2475,AA,LAX,19
-2,6,16,2,12,2475,AA,LAX,18
-5,6,17,3,12,2475,AA,LAX,17
-2,6,18,4,12,2475,AA,LAX,16
-3,6,19,5,12,2475,AA,LAX,15
-6,6,20,6,12,2475,AA,LAX,14
-3,6,21,7,12,2475,AA,LAX,13
-5,6,22,1,12,2475,AA,LAX,12
5,6,23,2,12,2475,AA,LAX,11
38,6,24,3,12,2475,AA,LAX,10
-4,6,25,4,12,2475,AA,LAX,9
-11,6,26,5,12,2475,AA,LAX,8
-5,6,27,6,12,2475,AA,LAX,7
-6,6,28,7,12,2475,AA,LAX,6
-1,6,29,1,12,2475,AA,LAX,5
-3,6,30,2,12,2475,AA,LAX,4
-6,6,1,1,7,2475,AA,LAX,6
-2,6,2,2,7,2475,AA,LAX,7
-7,6,3,3,7,2475,AA,LAX,8
-5,6,4,4,7,2475,AA,LAX,9
-8,6,8,1,7,2475,AA,LAX,13
-6,6,9,2,7,2475,AA,LAX,14
-5,6,10,3,7,2475,AA,LAX,15
-7,6,11,4,7,2475,AA,LAX,16
2,6,15,1,7,2475,AA,LAX,19
8,6,16,2,7,2475,AA,LAX,18
4,6,17,3,7,2475,AA,LAX,17
-6,6,18,4,7,2475,AA,LAX,16
-5,6,22,1,7,2475,AA,LAX,12
-2,6,23,2,7,2475,AA,LAX,11
-1,6,24,3,7,2475,AA,LAX,10
-3,6,25,4,7,2475,AA,LAX,9
-6,6,29,1,7,2475,AA,LAX,5
0,6,30,2,7,2475,AA,LAX,4
-4,6,1,1,11,2475,AA,LAX,6
-4,6,2,2,11,2475,AA,LAX,7
-5,6,3,3,11,2475,AA,LAX,8
51,6,4,4,11,2475,AA,LAX,9
31,6,5,5,11,2475,AA,LAX,10
-7,6,6,6,11,2475,AA,LAX,11
-4,6,7,7,11,2475,AA,LAX,12
-6,6,8,1,11,2475,AA,LAX,13
-6,6,9,2,11,2475,AA,LAX,14
-2,6,10,3,11,2475,AA,LAX,15
-5,6,11,4,11,2475,AA,LAX,16
-4,6,12,5,11,2475,AA,LAX,17
1,6,13,6,11,2475,AA,LAX,18
-11,6,14,7,11,2475,AA,LAX,19
-7,6,15,1,11,2475,AA,LAX,19
2,6,16,2,11,2475,AA,LAX,18
4,6,17,3,11,2475,AA,LAX,17
-4,6,18,4,11,2475,AA,LAX,16
-4,6,19,5,11,2475,AA,LAX,15
-4,6,20,6,11,2475,AA,LAX,14
88,6,21,7,11,2475,AA,LAX,13
-4,6,22,1,11,2475,AA,LAX,12
-2,6,23,2,11,2475,AA,LAX,11
-3,6,24,3,11,2475,AA,LAX,10
-3,6,25,4,11,2475,AA,LAX,9
-5,6,26,5,11,2475,AA,LAX,8
-4,6,27,6,11,2475,AA,LAX,7
39,6,28,7,11,2475,AA,LAX,6
-1,6,29,1,11,2475,AA,LAX,5
-6,6,30,2,11,2475,AA,LAX,4
-5,7,2,4,6,2475,AA,LAX,2
-6,7,5,7,6,2475,AA,LAX,1
-7,7,6,1,6,2475,AA,LAX,2
-2,7,9,4,6,2475,AA,LAX,5
-5,7,12,7,6,2475,AA,LAX,8
-7,7,13,1,6,2475,AA,LAX,9
-5,7,16,4,6,2475,AA,LAX,12
-3,7,19,7,6,2475,AA,LAX,15
58,7,20,1,6,2475,AA,LAX,16
-5,7,23,4,6,2475,AA,LAX,19
2,7,26,7,6,2475,AA,LAX,22
-1,7,27,1,6,2475,AA,LAX,23
5,7,30,4,6,2475,AA,LAX,26
2,7,1,3,17,2475,AA,LAX,3
0,7,2,4,17,2475,AA,LAX,2
0,7,3,5,17,2475,AA,LAX,1
-3,7,4,6,17,2475,AA,LAX,0
-4,7,5,7,17,2475,AA,LAX,1
-5,7,6,1,17,2475,AA,LAX,2
5,7,7,2,17,2475,AA,LAX,3
102,7,8,3,17,2475,AA,LAX,4
-3,7,9,4,17,2475,AA,LAX,5
-6,7,10,5,17,2475,AA,LAX,6
-5,7,12,7,17,2475,AA,LAX,8
-10,7,13,1,17,2475,AA,LAX,9
-4,7,14,2,17,2475,AA,LAX,10
8,7,15,3,17,2475,AA,LAX,11
-2,7,16,4,17,2475,AA,LAX,12
0,7,17,5,17,2475,AA,LAX,13
-4,7,19,7,17,2475,AA,LAX,15
-2,7,20,1,17,2475,AA,LAX,16
-7,7,21,2,17,2475,AA,LAX,17
-1,7,22,3,17,2475,AA,LAX,18
-1,7,23,4,17,2475,AA,LAX,19
0,7,24,5,17,2475,AA,LAX,20
-2,7,26,7,17,2475,AA,LAX,22
0,7,27,1,17,2475,AA,LAX,23
10,7,28,2,17,2475,AA,LAX,24
4,7,29,3,17,2475,AA,LAX,25
10,7,30,4,17,2475,AA,LAX,26
-2,7,31,5,17,2475,AA,LAX,27
27,7,1,3,21,2475,AA,LAX,3
104,7,3,5,21,2475,AA,LAX,1
-3,7,5,7,21,2475,AA,LAX,1
19,7,6,1,21,2475,AA,LAX,2
-7,7,7,2,21,2475,AA,LAX,3
0,7,8,3,21,2475,AA,LAX,4
-5,7,9,4,21,2475,AA,LAX,5
-4,7,10,5,21,2475,AA,LAX,6
-3,7,11,6,21,2475,AA,LAX,7
-5,7,12,7,21,2475,AA,LAX,8
9,7,13,1,21,2475,AA,LAX,9
16,7,14,2,21,2475,AA,LAX,10
14,7,15,3,21,2475,AA,LAX,11
12,7,16,4,21,2475,AA,LAX,12
5,7,17,5,21,2475,AA,LAX,13
-7,7,18,6,21,2475,AA,LAX,14
54,7,19,7,21,2475,AA,LAX,15
-9,7,20,1,21,2475,AA,LAX,16
-5,7,21,2,21,2475,AA,LAX,17
-3,7,22,3,21,2475,AA,LAX,18
-3,7,23,4,21,2475,AA,LAX,19
-2,7,24,5,21,2475,AA,LAX,20
6,7,25,6,21,2475,AA,LAX,21
24,7,26,7,21,2475,AA,LAX,22
-9,7,27,1,21,2475,AA,LAX,23
0,7,28,2,21,2475,AA,LAX,24
-1,7,29,3,21,2475,AA,LAX,25
283,7,30,4,21,2475,AA,LAX,26
8,7,31,5,21,2475,AA,LAX,27
-1,7,1,3,19,2475,AA,LAX,3
2,7,2,4,19,2475,AA,LAX,2
-5,7,5,7,19,2475,AA,LAX,1
-1,7,6,1,19,2475,AA,LAX,2
-1,7,7,2,19,2475,AA,LAX,3
78,7,8,3,19,2475,AA,LAX,4
0,7,9,4,19,2475,AA,LAX,5
154,7,10,5,19,2475,AA,LAX,6
-6,7,12,7,19,2475,AA,LAX,8
-7,7,13,1,19,2475,AA,LAX,9
-3,7,14,2,19,2475,AA,LAX,10
0,7,15,3,19,2475,AA,LAX,11
-4,7,16,4,19,2475,AA,LAX,12
-1,7,17,5,19,2475,AA,LAX,13
84,7,19,7,19,2475,AA,LAX,15
-2,7,20,1,19,2475,AA,LAX,16
-2,7,21,2,19,2475,AA,LAX,17
-1,7,22,3,19,2475,AA,LAX,18
-6,7,23,4,19,2475,AA,LAX,19
-5,7,24,5,19,2475,AA,LAX,20
58,7,26,7,19,2475,AA,LAX,22
22,7,27,1,19,2475,AA,LAX,23
2,7,28,2,19,2475,AA,LAX,24
-5,7,29,3,19,2475,AA,LAX,25
18,7,30,4,19,2475,AA,LAX,26
28,7,31,5,19,2475,AA,LAX,27
-4,7,1,3,15,2475,AA,LAX,3
-6,7,2,4,15,2475,AA,LAX,2
-7,7,4,6,15,2475,AA,LAX,0
-5,7,5,7,15,2475,AA,LAX,1
-6,7,6,1,15,2475,AA,LAX,2
52,7,7,2,15,2475,AA,LAX,3
3,7,8,3,15,2475,AA,LAX,4
-1,7,9,4,15,2475,AA,LAX,5
-2,7,10,5,15,2475,AA,LAX,6
-3,7,11,6,15,2475,AA,LAX,7
-2,7,12,7,15,2475,AA,LAX,8
9,7,13,1,15,2475,AA,LAX,9
-2,7,14,2,15,2475,AA,LAX,10
33,7,15,3,15,2475,AA,LAX,11
0,7,16,4,15,2475,AA,LAX,12
-8,7,17,5,15,2475,AA,LAX,13
-5,7,18,6,15,2475,AA,LAX,14
-3,7,19,7,15,2475,AA,LAX,15
28,7,20,1,15,2475,AA,LAX,16
-1,7,21,2,15,2475,AA,LAX,17
-4,7,22,3,15,2475,AA,LAX,18
1,7,23,4,15,2475,AA,LAX,19
-1,7,24,5,15,2475,AA,LAX,20
46,7,25,6,15,2475,AA,LAX,21
-4,7,26,7,15,2475,AA,LAX,22
21,7,27,1,15,2475,AA,LAX,23
-4,7,28,2,15,2475,AA,LAX,24
-5,7,29,3,15,2475,AA,LAX,25
188,7,30,4,15,2475,AA,LAX,26
-3,7,31,5,15,2475,AA,LAX,27
5,7,1,3,16,2475,AA,LAX,3
-5,7,2,4,16,2475,AA,LAX,2
-8,7,3,5,16,2475,AA,LAX,1
-7,7,4,6,16,2475,AA,LAX,0
6,7,5,7,16,2475,AA,LAX,1
-3,7,6,1,16,2475,AA,LAX,2
43,7,7,2,16,2475,AA,LAX,3
4,7,8,3,16,2475,AA,LAX,4
0,7,9,4,16,2475,AA,LAX,5
13,7,10,5,16,2475,AA,LAX,6
-10,7,11,6,16,2475,AA,LAX,7
-3,7,12,7,16,2475,AA,LAX,8
-8,7,13,1,16,2475,AA,LAX,9
-4,7,14,2,16,2475,AA,LAX,10
-3,7,15,3,16,2475,AA,LAX,11
-2,7,16,4,16,2475,AA,LAX,12
-2,7,17,5,16,2475,AA,LAX,13
17,7,18,6,16,2475,AA,LAX,14
-2,7,19,7,16,2475,AA,LAX,15
1,7,20,1,16,2475,AA,LAX,16
-2,7,21,2,16,2475,AA,LAX,17
-10,7,22,3,16,2475,AA,LAX,18
-5,7,23,4,16,2475,AA,LAX,19
-9,7,24,5,16,2475,AA,LAX,20
-6,7,25,6,16,2475,AA,LAX,21
-7,7,26,7,16,2475,AA,LAX,22
-1,7,27,1,16,2475,AA,LAX,23
1,7,28,2,16,2475,AA,LAX,24
-5,7,29,3,16,2475,AA,LAX,25
-2,7,30,4,16,2475,AA,LAX,26
43,7,31,5,16,2475,AA,LAX,27
-3,7,1,3,10,2475,AA,LAX,3
10,7,2,4,10,2475,AA,LAX,2
-11,7,4,6,10,2475,AA,LAX,0
-6,7,5,7,10,2475,AA,LAX,1
-5,7,6,1,10,2475,AA,LAX,2
-6,7,7,2,10,2475,AA,LAX,3
-2,7,8,3,10,2475,AA,LAX,4
-7,7,9,4,10,2475,AA,LAX,5
-3,7,10,5,10,2475,AA,LAX,6
-4,7,11,6,10,2475,AA,LAX,7
-7,7,12,7,10,2475,AA,LAX,8
-7,7,13,1,10,2475,AA,LAX,9
-8,7,14,2,10,2475,AA,LAX,10
-5,7,15,3,10,2475,AA,LAX,11
-6,7,16,4,10,2475,AA,LAX,12
-8,7,17,5,10,2475,AA,LAX,13
30,7,18,6,10,2475,AA,LAX,14
-4,7,19,7,10,2475,AA,LAX,15
-3,7,20,1,10,2475,AA,LAX,16
-3,7,21,2,10,2475,AA,LAX,17
18,7,22,3,10,2475,AA,LAX,18
-4,7,23,4,10,2475,AA,LAX,19
-7,7,24,5,10,2475,AA,LAX,20
-6,7,25,6,10,2475,AA,LAX,21
-6,7,26,7,10,2475,AA,LAX,22
-2,7,27,1,10,2475,AA,LAX,23
-4,7,28,2,10,2475,AA,LAX,24
-8,7,29,3,10,2475,AA,LAX,25
-6,7,30,4,10,2475,AA,LAX,26
-3,7,31,5,10,2475,AA,LAX,27
-8,7,1,3,9,2475,AA,LAX,3
-6,7,2,4,9,2475,AA,LAX,2
-6,7,5,7,9,2475,AA,LAX,1
-5,7,6,1,9,2475,AA,LAX,2
-1,7,7,2,9,2475,AA,LAX,3
-4,7,8,3,9,2475,AA,LAX,4
-7,7,9,4,9,2475,AA,LAX,5
-5,7,10,5,9,2475,AA,LAX,6
20,7,12,7,9,2475,AA,LAX,8
-5,7,13,1,9,2475,AA,LAX,9
-5,7,14,2,9,2475,AA,LAX,10
-6,7,15,3,9,2475,AA,LAX,11
-7,7,16,4,9,2475,AA,LAX,12
-10,7,17,5,9,2475,AA,LAX,13
0,7,19,7,9,2475,AA,LAX,15
-8,7,20,1,9,2475,AA,LAX,16
-7,7,21,2,9,2475,AA,LAX,17
-5,7,22,3,9,2475,AA,LAX,18
1,7,23,4,9,2475,AA,LAX,19
-7,7,24,5,9,2475,AA,LAX,20
37,7,26,7,9,2475,AA,LAX,22
-2,7,27,1,9,2475,AA,LAX,23
-8,7,28,2,9,2475,AA,LAX,24
-6,7,29,3,9,2475,AA,LAX,25
-7,7,30,4,9,2475,AA,LAX,26
-7,7,31,5,9,2475,AA,LAX,27
-7,7,1,3,12,2475,AA,LAX,3
-6,7,2,4,12,2475,AA,LAX,2
-5,7,3,5,12,2475,AA,LAX,1
-9,7,4,6,12,2475,AA,LAX,0
-4,7,5,7,12,2475,AA,LAX,1
-5,7,6,1,12,2475,AA,LAX,2
-6,7,7,2,12,2475,AA,LAX,3
-7,7,8,3,12,2475,AA,LAX,4
-7,7,9,4,12,2475,AA,LAX,5
-2,7,10,5,12,2475,AA,LAX,6
-7,7,11,6,12,2475,AA,LAX,7
-7,7,12,7,12,2475,AA,LAX,8
2,7,13,1,12,2475,AA,LAX,9
-6,7,14,2,12,2475,AA,LAX,10
80,7,15,3,12,2475,AA,LAX,11
-1,7,16,4,12,2475,AA,LAX,12
-4,7,17,5,12,2475,AA,LAX,13
6,7,18,6,12,2475,AA,LAX,14
1,7,19,7,12,2475,AA,LAX,15
-4,7,20,1,12,2475,AA,LAX,16
-4,7,21,2,12,2475,AA,LAX,17
-3,7,22,3,12,2475,AA,LAX,18
-5,7,23,4,12,2475,AA,LAX,19
-5,7,24,5,12,2475,AA,LAX,20
-4,7,25,6,12,2475,AA,LAX,21
-9,7,26,7,12,2475,AA,LAX,22
-7,7,27,1,12,2475,AA,LAX,23
-1,7,28,2,12,2475,AA,LAX,24
-4,7,29,3,12,2475,AA,LAX,25
-6,7,30,4,12,2475,AA,LAX,26
-4,7,31,5,12,2475,AA,LAX,27
-5,7,1,3,7,2475,AA,LAX,3
-5,7,5,7,7,2475,AA,LAX,1
-5,7,6,1,7,2475,AA,LAX,2
-2,7,7,2,7,2475,AA,LAX,3
-4,7,8,3,7,2475,AA,LAX,4
-3,7,9,4,7,2475,AA,LAX,5
-4,7,10,5,7,2475,AA,LAX,6
26,7,13,1,7,2475,AA,LAX,9
54,7,14,2,7,2475,AA,LAX,10
-4,7,15,3,7,2475,AA,LAX,11
-4,7,16,4,7,2475,AA,LAX,12
-6,7,17,5,7,2475,AA,LAX,13
-2,7,20,1,7,2475,AA,LAX,16
-5,7,21,2,7,2475,AA,LAX,17
-2,7,22,3,7,2475,AA,LAX,18
-2,7,23,4,7,2475,AA,LAX,19
-3,7,24,5,7,2475,AA,LAX,20
1,7,27,1,7,2475,AA,LAX,23
-3,7,28,2,7,2475,AA,LAX,24
-3,7,29,3,7,2475,AA,LAX,25
-2,7,30,4,7,2475,AA,LAX,26
-4,7,31,5,7,2475,AA,LAX,27
-4,7,1,3,11,2475,AA,LAX,3
-5,7,2,4,11,2475,AA,LAX,2
-6,7,3,5,11,2475,AA,LAX,1
-4,7,5,7,11,2475,AA,LAX,1
-3,7,6,1,11,2475,AA,LAX,2
2,7,7,2,11,2475,AA,LAX,3
-2,7,8,3,11,2475,AA,LAX,4
-3,7,9,4,11,2475,AA,LAX,5
-7,7,10,5,11,2475,AA,LAX,6
-9,7,11,6,11,2475,AA,LAX,7
-8,7,12,7,11,2475,AA,LAX,8
-2,7,13,1,11,2475,AA,LAX,9
46,7,14,2,11,2475,AA,LAX,10
17,7,15,3,11,2475,AA,LAX,11
-5,7,16,4,11,2475,AA,LAX,12
-8,7,17,5,11,2475,AA,LAX,13
8,7,18,6,11,2475,AA,LAX,14
-6,7,19,7,11,2475,AA,LAX,15
-4,7,20,1,11,2475,AA,LAX,16
-5,7,21,2,11,2475,AA,LAX,17
-5,7,22,3,11,2475,AA,LAX,18
-6,7,23,4,11,2475,AA,LAX,19
-1,7,24,5,11,2475,AA,LAX,20
-5,7,25,6,11,2475,AA,LAX,21
-7,7,26,7,11,2475,AA,LAX,22
0,7,27,1,11,2475,AA,LAX,23
-8,7,28,2,11,2475,AA,LAX,24
-3,7,29,3,11,2475,AA,LAX,25
-6,7,30,4,11,2475,AA,LAX,26
-5,7,31,5,11,2475,AA,LAX,27
-1,7,1,3,18,2475,AA,LAX,3
2,7,2,4,18,2475,AA,LAX,2
-4,7,3,5,18,2475,AA,LAX,1
-8,7,5,7,18,2475,AA,LAX,1
58,7,6,1,18,2475,AA,LAX,2
1,7,7,2,18,2475,AA,LAX,3
43,7,8,3,18,2475,AA,LAX,4
19,7,9,4,18,2475,AA,LAX,5
0,7,10,5,18,2475,AA,LAX,6
-7,7,11,6,18,2475,AA,LAX,7
-7,7,12,7,18,2475,AA,LAX,8
-2,7,13,1,18,2475,AA,LAX,9
30,7,14,2,18,2475,AA,LAX,10
19,7,15,3,18,2475,AA,LAX,11
-3,7,16,4,18,2475,AA,LAX,12
14,7,17,5,18,2475,AA,LAX,13
106,7,18,6,18,2475,AA,LAX,14
52,7,19,7,18,2475,AA,LAX,15
-5,7,20,1,18,2475,AA,LAX,16
4,7,21,2,18,2475,AA,LAX,17
0,7,22,3,18,2475,AA,LAX,18
59,7,23,4,18,2475,AA,LAX,19
-4,7,24,5,18,2475,AA,LAX,20
3,7,25,6,18,2475,AA,LAX,21
47,7,26,7,18,2475,AA,LAX,22
-4,7,27,1,18,2475,AA,LAX,23
-9,7,28,2,18,2475,AA,LAX,24
-5,7,29,3,18,2475,AA,LAX,25
98,7,30,4,18,2475,AA,LAX,26
64,7,31,5,18,2475,AA,LAX,27
-7,7,3,5,8,2475,AA,LAX,1
-7,7,4,6,8,2475,AA,LAX,0
-9,7,6,1,8,2475,AA,LAX,2
-7,7,13,1,8,2475,AA,LAX,9
-4,7,20,1,8,2475,AA,LAX,16
0,7,27,1,8,2475,AA,LAX,23
