-4,4,1,3,9,2475,B6,LAX,42
-3,4,2,4,9,2475,B6,LAX,43
1,4,3,5,9,2475,B6,LAX,44
0,4,4,6,9,2475,B6,LAX,45
6,4,5,7,9,2475,B6,LAX,46
13,4,6,1,9,2475,B6,LAX,46
0,4,7,2,9,2475,B6,LAX,45
-1,4,8,3,9,2475,B6,LAX,44
-5,4,9,4,9,2475,B6,LAX,43
5,4,10,5,9,2475,B6,LAX,42
-4,4,11,6,9,2475,B6,LAX,41
3,4,12,7,9,2475,B6,LAX,40
-5,4,13,1,9,2475,B6,LAX,39
0,4,14,2,9,2475,B6,LAX,38
-3,4,15,3,9,2475,B6,LAX,37
-5,4,16,4,9,2475,B6,LAX,36
1,4,17,5,9,2475,B6,LAX,35
-4,4,18,6,9,2475,B6,LAX,34
-6,4,19,7,9,2475,B6,LAX,33
-5,4,20,1,9,2475,B6,LAX,32
-6,4,21,2,9,2475,B6,LAX,31
9,4,22,3,9,2475,B6,LAX,30
-3,4,23,4,9,2475,B6,LAX,29
-2,4,24,5,9,2475,B6,LAX,28
-7,4,25,6,9,2475,B6,LAX,27
-3,4,26,7,9,2475,B6,LAX,26
-6,4,27,1,9,2475,B6,LAX,25
-3,4,28,2,9,2475,B6,LAX,24
-6,4,29,3,9,2475,B6,LAX,23
-3,4,30,4,9,2475,B6,LAX,22
8,4,1,3,16,2475,B6,LAX,42
4,4,2,4,16,2475,B6,LAX,43
-6,4,3,5,16,2475,B6,LAX,44
-7,4,4,6,16,2475,B6,LAX,45
-5,4,5,7,16,2475,B6,LAX,46
-4,4,6,1,16,2475,B6,LAX,46
-8,4,7,2,16,2475,B6,LAX,45
-2,4,8,3,16,2475,B6,LAX,44
8,4,9,4,16,2475,B6,LAX,43
-8,4,10,5,16,2475,B6,LAX,42
-5,4,11,6,16,2475,B6,LAX,41
-2,4,12,7,16,2475,B6,LAX,40
46,4,13,1,16,2475,B6,LAX,39
-2,4,14,2,16,2475,B6,LAX,38
15,4,15,3,16,2475,B6,LAX,37
8,4,16,4,16,2475,B6,LAX,36
22,4,17,5,16,2475,B6,LAX,35
-4,4,18,6,16,2475,B6,LAX,34
47,4,19,7,16,2475,B6,LAX,33
47,4,20,1,16,2475,B6,LAX,32
-8,4,21,2,16,2475,B6,LAX,31
21,4,22,3,16,2475,B6,LAX,30
-9,4,23,4,16,2475,B6,LAX,29
-4,4,24,5,16,2475,B6,LAX,28
-3,4,25,6,16,2475,B6,LAX,27
-3,4,26,7,16,2475,B6,LAX,26
-5,4,27,1,16,2475,B6,LAX,25
-2,4,28,2,16,2475,B6,LAX,24
8,4,29,3,16,2475,B6,LAX,23
10,4,30,4,16,2475,B6,LAX,22
-1,4,1,3,11,2475,B6,LAX,42
3,4,2,4,11,2475,B6,LAX,43
-3,4,3,5,11,2475,B6,LAX,44
-8,4,4,6,11,2475,B6,LAX,45
-1,4,5,7,11,2475,B6,LAX,46
-7,4,6,1,11,2475,B6,LAX,46
-3,4,7,2,11,2475,B6,LAX,45
-6,4,8,3,11,2475,B6,LAX,44
-3,4,9,4,11,2475,B6,LAX,43
-4,4,10,5,11,2475,B6,LAX,42
-4,4,11,6,11,2475,B6,LAX,41
-9,4,12,7,11,2475,B6,LAX,40
4,4,13,1,11,2475,B6,LAX,39
-3,4,14,2,11,2475,B6,LAX,38
-2,4,15,3,11,2475,B6,LAX,37
-6,4,16,4,11,2475,B6,LAX,36
-2,4,17,5,11,2475,B6,LAX,35
0,4,18,6,11,2475,B6,LAX,34
-3,4,19,7,11,2475,B6,LAX,33
3,4,20,1,11,2475,B6,LAX,32
-4,4,21,2,11,2475,B6,LAX,31
-1,4,22,3,11,2475,B6,LAX,30
-2,4,23,4,11,2475,B6,LAX,29
0,4,24,5,11,2475,B6,LAX,28
-5,4,25,6,11,2475,B6,LAX,27
-5,4,26,7,11,2475,B6,LAX,26
7,4,27,1,11,2475,B6,LAX,25
-1,4,28,2,11,2475,B6,LAX,24
2,4,29,3,11,2475,B6,LAX,23
-9,4,30,4,11,2475,B6,LAX,22
-2,4,1,3,12,2475,B6,LAX,42
-4,4,2,4,12,2475,B6,LAX,43
-5,4,3,5,12,2475,B6,LAX,44
-2,4,4,6,12,2475,B6,LAX,45
1,4,5,7,12,2475,B6,LAX,46
-8,4,6,1,12,2475,B6,LAX,46
-2,4,7,2,12,2475,B6,LAX,45
-3,4,8,3,12,2475,B6,LAX,44
-3,4,9,4,12,2475,B6,LAX,43
3,4,10,5,12,2475,B6,LAX,42
-7,4,11,6,12,2475,B6,LAX,41
-3,4,12,7,12,2475,B6,LAX,40
-1,4,13,1,12,2475,B6,LAX,39
-7,4,14,2,12,2475,B6,LAX,38
-3,4,15,3,12,2475,B6,LAX,37
-3,4,16,4,12,2475,B6,LAX,36
-2,4,17,5,12,2475,B6,LAX,35
5,4,18,6,13,2475,B6,LAX,34
30,4,19,7,12,2475,B6,LAX,33
-1,4,20,1,12,2475,B6,LAX,32
-6,4,21,2,12,2475,B6,LAX,31
-5,4,22,3,12,2475,B6,LAX,30
-5,4,23,4,12,2475,B6,LAX,29
5,4,24,5,12,2475,B6,LAX,28
4,4,25,6,13,2475,B6,LAX,27
-2,4,26,7,12,2475,B6,LAX,26
-2,4,27,1,12,2475,B6,LAX,25
-2,4,28,2,12,2475,B6,LAX,24
-3,4,29,3,12,2475,B6,LAX,23
-5,4,30,4,12,2475,B6,LAX,22
-3,4,1,3,21,2475,B6,LAX,42
14,4,2,4,21,2475,B6,LAX,43
-2,4,3,5,21,2475,B6,LAX,44
6,4,5,7,21,2475,B6,LAX,46
-4,4,6,1,21,2475,B6,LAX,46
-2,4,7,2,21,2475,B6,LAX,45
50,4,8,3,21,2475,B6,LAX,44
30,4,9,4,21,2475,B6,LAX,43
89,4,10,5,21,2475,B6,LAX,42
3,4,12,7,21,2475,B6,LAX,40
-4,4,13,1,21,2475,B6,LAX,39
-2,4,14,2,21,2475,B6,LAX,38
-5,4,15,3,21,2475,B6,LAX,37
-6,4,16,4,21,2475,B6,LAX,36
-2,4,17,5,21,2475,B6,LAX,35
-1,4,19,7,21,2475,B6,LAX,33
119,4,20,1,21,2475,B6,LAX,32
11,4,21,2,21,2475,B6,LAX,31
-3,4,22,3,21,2475,B6,LAX,30
-5,4,23,4,21,2475,B6,LAX,29
9,4,24,5,21,2475,B6,LAX,28
22,4,26,7,21,2475,B6,LAX,26
14,4,27,1,21,2475,B6,LAX,25
-4,4,28,2,21,2475,B6,LAX,24
0,4,29,3,21,2475,B6,LAX,23
-1,4,30,4,21,2475,B6,LAX,22
-3,4,1,3,18,2475,B6,LAX,42
19,4,2,4,18,2475,B6,LAX,43
1,4,3,5,18,2475,B6,LAX,44
7,4,4,6,18,2475,B6,LAX,45
0,4,5,7,18,2475,B6,LAX,46
4,4,6,1,18,2475,B6,LAX,46
9,4,7,2,18,2475,B6,LAX,45
-2,4,8,3,18,2475,B6,LAX,44
-2,4,9,4,18,2475,B6,LAX,43
-1,4,10,5,18,2475,B6,LAX,42
-10,4,11,6,18,2475,B6,LAX,41
6,4,12,7,18,2475,B6,LAX,40
2,4,13,1,18,2475,B6,LAX,39
-1,4,14,2,18,2475,B6,LAX,38
30,4,15,3,18,2475,B6,LAX,37
6,4,16,4,18,2475,B6,LAX,36
-4,4,17,5,18,2475,B6,LAX,35
-2,4,18,6,18,2475,B6,LAX,34
-3,4,19,7,18,2475,B6,LAX,33
299,4,20,1,18,2475,B6,LAX,32
-3,4,21,2,18,2475,B6,LAX,31
12,4,22,3,18,2475,B6,LAX,30
16,4,23,4,18,2475,B6,LAX,29
-9,4,24,5,18,2475,B6,LAX,28
-3,4,25,6,18,2475,B6,LAX,27
-5,4,26,7,18,2475,B6,LAX,26
14,4,27,1,18,2475,B6,LAX,25
-2,4,28,2,18,2475,B6,LAX,24
8,4,29,3,18,2475,B6,LAX,23
-1,4,30,4,18,2475,B6,LAX,22
-1,4,1,3,9,2475,DL,LAX,42
-5,4,1,3,12,2475,DL,LAX,42
17,4,1,3,7,2475,DL,LAX,42
10,4,1,3,21,2475,DL,LAX,42
79,4,1,3,17,2475,DL,LAX,42
17,4,1,3,15,2475,DL,LAX,42
3,4,1,3,8,2475,DL,LAX,42
71,4,1,3,18,2475,DL,LAX,42
1,4,2,4,9,2475,DL,LAX,43
-1,4,2,4,12,2475,DL,LAX,43
86,4,2,4,7,2475,DL,LAX,43
2,4,2,4,21,2475,DL,LAX,43
46,4,2,4,17,2475,DL,LAX,43
7,4,2,4,8,2475,DL,LAX,43
29,4,2,4,18,2475,DL,LAX,43
5,4,5,7,8,2475,DL,LAX,46
0,4,5,7,18,2475,DL,LAX,46
90,4,5,7,9,2475,DL,LAX,46
-5,4,5,7,11,2475,DL,LAX,46
52,4,5,7,7,2475,DL,LAX,46
1,4,5,7,17,2475,DL,LAX,46
19,4,5,7,15,2475,DL,LAX,46
-2,4,6,1,9,2475,DL,LAX,46
15,4,6,1,11,2475,DL,LAX,46
0,4,6,1,7,2475,DL,LAX,46
3,4,6,1,17,2475,DL,LAX,46
3,4,6,1,15,2475,DL,LAX,46
-5,4,6,1,8,2475,DL,LAX,46
1,4,6,1,18,2475,DL,LAX,46
-3,4,3,5,9,2475,DL,LAX,44
3,4,3,5,11,2475,DL,LAX,44
19,4,3,5,7,2475,DL,LAX,44
22,4,3,5,17,2475,DL,LAX,44
31,4,3,5,15,2475,DL,LAX,44
-1,4,3,5,8,2475,DL,LAX,44
28,4,3,5,18,2475,DL,LAX,44
8,4,4,6,12,2475,DL,LAX,45
99,4,4,6,17,2475,DL,LAX,45
22,4,4,6,18,2475,DL,LAX,45
21,4,8,3,15,2475,DL,LAX,44
3,4,8,3,9,2475,DL,LAX,44
0,4,8,3,11,2475,DL,LAX,44
21,4,8,3,7,2475,DL,LAX,44
143,4,8,3,21,2475,DL,LAX,44
5,4,8,3,17,2475,DL,LAX,44
22,4,8,3,8,2475,DL,LAX,44
0,4,8,3,18,2475,DL,LAX,44
23,4,7,2,15,2475,DL,LAX,45
-3,4,7,2,9,2475,DL,LAX,45
-1,4,7,2,11,2475,DL,LAX,45
12,4,7,2,7,2475,DL,LAX,45
3,4,7,2,21,2475,DL,LAX,45
16,4,7,2,17,2475,DL,LAX,45
-2,4,7,2,8,2475,DL,LAX,45
0,4,7,2,18,2475,DL,LAX,45
78,4,9,4,15,2475,DL,LAX,43
6,4,9,4,9,2475,DL,LAX,43
-10,4,9,4,11,2475,DL,LAX,43
1,4,9,4,7,2475,DL,LAX,43
71,4,9,4,21,2475,DL,LAX,43
39,4,9,4,17,2475,DL,LAX,43
15,4,9,4,8,2475,DL,LAX,43
-3,4,9,4,18,2475,DL,LAX,43
21,4,11,6,15,2475,DL,LAX,41
5,4,11,6,12,2475,DL,LAX,41
22,4,11,6,17,2475,DL,LAX,41
-1,4,11,6,8,2475,DL,LAX,41
68,4,11,6,18,2475,DL,LAX,41
5,4,12,7,15,2475,DL,LAX,40
3,4,12,7,9,2475,DL,LAX,40
22,4,12,7,11,2475,DL,LAX,40
42,4,12,7,7,2475,DL,LAX,40
22,4,12,7,21,2475,DL,LAX,40
63,4,12,7,17,2475,DL,LAX,40
2,4,12,7,8,2475,DL,LAX,40
25,4,12,7,18,2475,DL,LAX,40
24,4,10,5,15,2475,DL,LAX,42
1,4,10,5,9,2475,DL,LAX,42
-5,4,10,5,11,2475,DL,LAX,42
28,4,10,5,7,2475,DL,LAX,42
11,4,10,5,21,2475,DL,LAX,42
71,4,10,5,17,2475,DL,LAX,42
-3,4,10,5,8,2475,DL,LAX,42
16,4,10,5,18,2475,DL,LAX,42
2,4,14,2,15,2475,DL,LAX,38
-6,4,14,2,9,2475,DL,LAX,38
-5,4,14,2,11,2475,DL,LAX,38
0,4,14,2,7,2475,DL,LAX,38
1,4,14,2,21,2475,DL,LAX,38
9,4,14,2,17,2475,DL,LAX,38
-4,4,14,2,8,2475,DL,LAX,38
10,4,14,2,18,2475,DL,LAX,38
15,4,15,3,15,2475,DL,LAX,37
-3,4,15,3,9,2475,DL,LAX,37
0,4,15,3,11,2475,DL,LAX,37
21,4,15,3,7,2475,DL,LAX,37
9,4,15,3,21,2475,DL,LAX,37
-1,4,15,3,17,2475,DL,LAX,37
-2,4,15,3,8,2475,DL,LAX,37
3,4,15,3,18,2475,DL,LAX,37
-2,4,13,1,15,2475,DL,LAX,39
1,4,13,1,9,2475,DL,LAX,39
-5,4,13,1,11,2475,DL,LAX,39
46,4,13,1,7,2475,DL,LAX,39
78,4,13,1,21,2475,DL,LAX,39
3,4,13,1,17,2475,DL,LAX,39
-4,4,13,1,8,2475,DL,LAX,39
9,4,13,1,18,2475,DL,LAX,39
14,4,16,4,15,2475,DL,LAX,36
1,4,16,4,9,2475,DL,LAX,36
-2,4,16,4,11,2475,DL,LAX,36
-1,4,16,4,7,2475,DL,LAX,36
60,4,16,4,21,2475,DL,LAX,36
-3,4,16,4,17,2475,DL,LAX,36
-3,4,16,4,8,2475,DL,LAX,36
-2,4,16,4,18,2475,DL,LAX,36
21,4,17,5,15,2475,DL,LAX,35
-5,4,17,5,9,2475,DL,LAX,35
-5,4,17,5,11,2475,DL,LAX,35
36,4,17,5,7,2475,DL,LAX,35
2,4,17,5,21,2475,DL,LAX,35
18,4,17,5,17,2475,DL,LAX,35
38,4,17,5,8,2475,DL,LAX,35
41,4,17,5,18,2475,DL,LAX,35
-5,4,1,3,6,2475,B6,LAX,42
-4,4,2,4,6,2475,B6,LAX,43
-11,4,3,5,6,2475,B6,LAX,44
-10,4,4,6,6,2475,B6,LAX,45
-7,4,5,7,6,2475,B6,LAX,46
-5,4,6,1,6,2475,B6,LAX,46
-2,4,7,2,6,2475,B6,LAX,45
0,4,8,3,6,2475,B6,LAX,44
-8,4,9,4,6,2475,B6,LAX,43
4,4,10,5,6,2475,B6,LAX,42
20,4,11,6,6,2475,B6,LAX,41
-4,4,12,7,6,2475,B6,LAX,40
0,4,13,1,6,2475,B6,LAX,39
-4,4,14,2,6,2475,B6,LAX,38
-4,4,15,3,6,2475,B6,LAX,37
-2,4,16,4,6,2475,B6,LAX,36
-1,4,17,5,6,2475,B6,LAX,35
-3,4,18,6,6,2475,B6,LAX,34
-8,4,19,7,6,2475,B6,LAX,33
-7,4,20,1,6,2475,B6,LAX,32
1,4,21,2,6,2475,B6,LAX,31
-9,4,22,3,6,2475,B6,LAX,30
-5,4,23,4,6,2475,B6,LAX,29
-2,4,24,5,6,2475,B6,LAX,28
-7,4,25,6,6,2475,B6,LAX,27
-11,4,26,7,6,2475,B6,LAX,26
9,4,27,1,6,2475,B6,LAX,25
-10,4,28,2,6,2475,B6,LAX,24
-5,4,29,3,6,2475,B6,LAX,23
-7,4,30,4,6,2475,B6,LAX,22
13,4,20,1,15,2475,DL,LAX,32
52,4,20,1,9,2475,DL,LAX,32
2,4,20,1,11,2475,DL,LAX,32
23,4,20,1,7,2475,DL,LAX,32
40,4,20,1,21,2475,DL,LAX,32
99,4,20,1,17,2475,DL,LAX,32
-5,4,20,1,8,2475,DL,LAX,32
2,4,20,1,18,2475,DL,LAX,32
0,4,19,7,15,2475,DL,LAX,33
-6,4,19,7,9,2475,DL,LAX,33
-2,4,19,7,11,2475,DL,LAX,33
4,4,19,7,7,2475,DL,LAX,33
21,4,19,7,21,2475,DL,LAX,33
34,4,19,7,17,2475,DL,LAX,33
86,4,19,7,8,2475,DL,LAX,33
-1,4,19,7,18,2475,DL,LAX,33
-2,4,21,2,15,2475,DL,LAX,31
-4,4,21,2,9,2475,DL,LAX,31
5,4,21,2,11,2475,DL,LAX,31
-4,4,21,2,7,2475,DL,LAX,31
-5,4,21,2,21,2475,DL,LAX,31
-4,4,21,2,17,2475,DL,LAX,31
0,4,21,2,8,2475,DL,LAX,31
0,4,21,2,18,2475,DL,LAX,31
-1,4,22,3,15,2475,DL,LAX,30
17,4,22,3,9,2475,DL,LAX,30
-1,4,22,3,11,2475,DL,LAX,30
-3,4,22,3,7,2475,DL,LAX,30
10,4,22,3,21,2475,DL,LAX,30
27,4,22,3,17,2475,DL,LAX,30
-6,4,22,3,8,2475,DL,LAX,30
-5,4,22,3,18,2475,DL,LAX,30
16,4,23,4,15,2475,DL,LAX,29
-7,4,23,4,9,2475,DL,LAX,29
-5,4,23,4,11,2475,DL,LAX,29
-4,4,23,4,7,2475,DL,LAX,29
-4,4,23,4,21,2475,DL,LAX,29
0,4,23,4,17,2475,DL,LAX,29
-5,4,23,4,8,2475,DL,LAX,29
-5,4,23,4,18,2475,DL,LAX,29
-1,4,24,5,15,2475,DL,LAX,28
1,4,24,5,9,2475,DL,LAX,28
-1,4,24,5,11,2475,DL,LAX,28
22,4,24,5,7,2475,DL,LAX,28
7,4,24,5,21,2475,DL,LAX,28
2,4,24,5,17,2475,DL,LAX,28
0,4,24,5,8,2475,DL,LAX,28
-1,4,24,5,18,2475,DL,LAX,28
-2,4,25,6,15,2475,DL,LAX,27
0,4,25,6,12,2475,DL,LAX,27
-5,4,25,6,17,2475,DL,LAX,27
-4,4,25,6,8,2475,DL,LAX,27
18,4,25,6,18,2475,DL,LAX,27
33,4,26,7,15,2475,DL,LAX,26
-9,4,26,7,9,2475,DL,LAX,26
-5,4,26,7,11,2475,DL,LAX,26
-3,4,26,7,7,2475,DL,LAX,26
31,4,26,7,21,2475,DL,LAX,26
11,4,26,7,17,2475,DL,LAX,26
-3,4,26,7,8,2475,DL,LAX,26
10,4,26,7,18,2475,DL,LAX,26
7,4,27,1,15,2475,DL,LAX,25
-9,4,27,1,9,2475,DL,LAX,25
-7,4,27,1,11,2475,DL,LAX,25
19,4,27,1,7,2475,DL,LAX,25
20,4,27,1,21,2475,DL,LAX,25
17,4,27,1,17,2475,DL,LAX,25
-3,4,27,1,8,2475,DL,LAX,25
-4,4,27,1,18,2475,DL,LAX,25
0,4,28,2,15,2475,DL,LAX,24
25,4,28,2,9,2475,DL,LAX,24
3,4,28,2,11,2475,DL,LAX,24
-4,4,28,2,7,2475,DL,LAX,24
15,4,28,2,21,2475,DL,LAX,24
3,4,28,2,17,2475,DL,LAX,24
-1,4,28,2,8,2475,DL,LAX,24
27,4,28,2,18,2475,DL,LAX,24
-4,4,29,3,17,2475,DL,LAX,23
-2,4,29,3,15,2475,DL,LAX,23
-1,4,29,3,9,2475,DL,LAX,23
-4,4,29,3,11,2475,DL,LAX,23
-5,4,29,3,7,2475,DL,LAX,23
10,4,29,3,21,2475,DL,LAX,23
13,4,30,4,15,2475,DL,LAX,22
-4,4,30,4,9,2475,DL,LAX,22
-2,4,30,4,11,2475,DL,LAX,22
-5,4,30,4,7,2475,DL,LAX,22
17,4,30,4,21,2475,DL,LAX,22
8,4,30,4,17,2475,DL,LAX,22
24,4,30,4,8,2475,DL,LAX,22
-3,4,30,4,18,2475,DL,LAX,22
-1,4,29,3,8,2475,DL,LAX,23
0,4,29,3,18,2475,DL,LAX,23
-4,4,10,5,8,2475,UA,LAX,42
-5,4,10,5,19,2475,UA,LAX,42
-8,4,10,5,17,2475,UA,LAX,42
-7,4,10,5,11,2475,UA,LAX,42
-4,4,10,5,14,2475,UA,LAX,42
-5,4,9,4,11,2475,UA,LAX,43
-12,4,9,4,14,2475,UA,LAX,43
-8,4,7,2,11,2475,UA,LAX,45
-2,4,7,2,14,2475,UA,LAX,45
-8,4,9,4,6,2475,UA,LAX,43
-4,4,9,4,8,2475,UA,LAX,43
6,4,9,4,19,2475,UA,LAX,43
-3,4,8,3,6,2475,UA,LAX,44
-5,4,8,3,8,2475,UA,LAX,44
71,4,8,3,19,2475,UA,LAX,44
-2,4,8,3,17,2475,UA,LAX,44
-5,4,8,3,11,2475,UA,LAX,44
-5,4,8,3,14,2475,UA,LAX,44
-5,4,5,7,14,2475,UA,LAX,46
-3,4,6,1,6,2475,UA,LAX,46
-11,4,6,1,8,2475,UA,LAX,46
0,4,6,1,19,2475,UA,LAX,46
-4,4,6,1,17,2475,UA,LAX,46
2,4,6,1,11,2475,UA,LAX,46
-10,4,6,1,14,2475,UA,LAX,46
4,4,7,2,6,2475,UA,LAX,45
-4,4,7,2,8,2475,UA,LAX,45
-1,4,7,2,19,2475,UA,LAX,45
11,4,7,2,17,2475,UA,LAX,45
1,4,4,6,6,2475,UA,LAX,45
-7,4,4,6,8,2475,UA,LAX,45
-8,4,4,6,17,2475,UA,LAX,45
-8,4,4,6,11,2475,UA,LAX,45
-6,4,4,6,14,2475,UA,LAX,45
-2,4,3,5,8,2475,UA,LAX,44
-2,4,3,5,19,2475,UA,LAX,44
20,4,3,5,17,2475,UA,LAX,44
-7,4,3,5,11,2475,UA,LAX,44
-5,4,3,5,14,2475,UA,LAX,44
-1,4,5,7,8,2475,UA,LAX,46
0,4,5,7,19,2475,UA,LAX,46
-4,4,5,7,17,2475,UA,LAX,46
-6,4,5,7,11,2475,UA,LAX,46
-6,4,1,3,8,2475,UA,LAX,42
12,4,1,3,19,2475,UA,LAX,42
-2,4,1,3,17,2475,UA,LAX,42
-11,4,1,3,11,2475,UA,LAX,42
-1,4,1,3,14,2475,UA,LAX,42
14,4,2,4,8,2475,UA,LAX,43
-2,4,2,4,19,2475,UA,LAX,43
21,4,2,4,17,2475,UA,LAX,43
-3,4,2,4,11,2475,UA,LAX,43
-4,4,2,4,14,2475,UA,LAX,43
-5,4,10,5,7,2475,VX,LAX,42
-4,4,10,5,9,2475,VX,LAX,42
14,4,10,5,13,2475,VX,LAX,42
-2,4,10,5,16,2475,VX,LAX,42
152,4,10,5,20,2475,VX,LAX,42
-5,4,11,6,7,2475,VX,LAX,41
-2,4,11,6,9,2475,VX,LAX,41
-2,4,11,6,13,2475,VX,LAX,41
1,4,11,6,16,2475,VX,LAX,41
234,4,21,2,6,2475,UA,LAX,31
53,4,21,2,8,2475,UA,LAX,31
35,4,21,2,19,2475,UA,LAX,31
1,4,21,2,17,2475,UA,LAX,31
-3,4,21,2,11,2475,UA,LAX,31
-3,4,21,2,14,2475,UA,LAX,31
-6,4,19,7,8,2475,UA,LAX,33
0,4,19,7,19,2475,UA,LAX,33
-3,4,19,7,17,2475,UA,LAX,33
-5,4,19,7,11,2475,UA,LAX,33
-2,4,19,7,14,2475,UA,LAX,33
1,4,21,2,16,2475,VX,LAX,31
0,4,21,2,20,2475,VX,LAX,31
-9,4,22,3,7,2475,VX,LAX,30
-3,4,22,3,9,2475,VX,LAX,30
-3,4,22,3,13,2475,VX,LAX,30
13,4,22,3,16,2475,VX,LAX,30
0,4,22,3,20,2475,VX,LAX,30
-10,4,23,4,7,2475,VX,LAX,29
224,4,23,4,9,2475,VX,LAX,29
98,4,23,4,13,2475,VX,LAX,29
-3,4,23,4,16,2475,VX,LAX,29
-2,4,23,4,20,2475,VX,LAX,29
-4,4,24,5,7,2475,VX,LAX,28
-7,4,24,5,9,2475,VX,LAX,28
0,4,24,5,13,2475,VX,LAX,28
-4,4,24,5,16,2475,VX,LAX,28
-4,4,24,5,20,2475,VX,LAX,28
-1,4,1,3,7,2475,VX,LAX,42
-4,4,1,3,9,2475,VX,LAX,42
0,4,1,3,13,2475,VX,LAX,42
1,4,1,3,16,2475,VX,LAX,42
28,4,1,3,20,2475,VX,LAX,42
-3,4,28,2,7,2475,VX,LAX,24
-12,4,28,2,9,2475,VX,LAX,24
-4,4,28,2,13,2475,VX,LAX,24
-5,4,28,2,16,2475,VX,LAX,24
-3,4,28,2,20,2475,VX,LAX,24
-6,4,29,3,7,2475,VX,LAX,23
-10,4,29,3,9,2475,VX,LAX,23
-6,4,29,3,13,2475,VX,LAX,23
-1,4,29,3,16,2475,VX,LAX,23
-3,4,29,3,20,2475,VX,LAX,23
0,4,3,5,7,2475,VX,LAX,44
-4,4,3,5,9,2475,VX,LAX,44
-2,4,3,5,13,2475,VX,LAX,44
10,4,3,5,16,2475,VX,LAX,44
-8,4,3,5,20,2475,VX,LAX,44
-6,4,30,4,7,2475,VX,LAX,22
-6,4,30,4,9,2475,VX,LAX,22
9,4,30,4,13,2475,VX,LAX,22
-4,4,30,4,16,2475,VX,LAX,22
-6,4,30,4,20,2475,VX,LAX,22
-7,4,16,4,7,2475,VX,LAX,36
-5,4,16,4,9,2475,VX,LAX,36
-9,4,16,4,13,2475,VX,LAX,36
0,4,16,4,16,2475,VX,LAX,36
5,4,16,4,20,2475,VX,LAX,36
-6,4,17,5,7,2475,VX,LAX,35
-4,4,17,5,9,2475,VX,LAX,35
-6,4,17,5,13,2475,VX,LAX,35
0,4,17,5,16,2475,VX,LAX,35
-1,4,17,5,20,2475,VX,LAX,35
-3,4,18,6,7,2475,VX,LAX,34
-3,4,18,6,9,2475,VX,LAX,34
-3,4,18,6,13,2475,VX,LAX,34
155,4,18,6,16,2475,VX,LAX,34
-3,4,19,7,7,2475,VX,LAX,33
-3,4,19,7,9,2475,VX,LAX,33
-1,4,19,7,13,2475,VX,LAX,33
11,4,19,7,16,2475,VX,LAX,33
-5,4,19,7,20,2475,VX,LAX,33
0,4,2,4,7,2475,VX,LAX,43
-3,4,2,4,9,2475,VX,LAX,43
0,4,2,4,13,2475,VX,LAX,43
-1,4,2,4,16,2475,VX,LAX,43
-6,4,2,4,20,2475,VX,LAX,43
1,4,20,1,7,2475,VX,LAX,32
-6,4,20,1,9,2475,VX,LAX,32
220,4,20,1,13,2475,VX,LAX,32
159,4,20,1,20,2475,VX,LAX,32
2,4,21,2,7,2475,VX,LAX,31
-6,4,21,2,9,2475,VX,LAX,31
-4,4,21,2,13,2475,VX,LAX,31
-6,4,6,1,7,2475,VX,LAX,46
-10,4,6,1,9,2475,VX,LAX,46
8,4,6,1,13,2475,VX,LAX,46
13,4,6,1,16,2475,VX,LAX,46
-7,4,6,1,20,2475,VX,LAX,46
-1,4,7,2,7,2475,VX,LAX,45
-4,4,7,2,9,2475,VX,LAX,45
-2,4,7,2,13,2475,VX,LAX,45
-1,4,7,2,16,2475,VX,LAX,45
-7,4,7,2,20,2475,VX,LAX,45
-6,4,8,3,7,2475,VX,LAX,44
-9,4,8,3,9,2475,VX,LAX,44
-9,4,8,3,13,2475,VX,LAX,44
-4,4,8,3,16,2475,VX,LAX,44
27,4,8,3,20,2475,VX,LAX,44
8,4,9,4,7,2475,VX,LAX,43
-11,4,9,4,9,2475,VX,LAX,43
4,4,9,4,13,2475,VX,LAX,43
5,4,9,4,16,2475,VX,LAX,43
16,4,9,4,20,2475,VX,LAX,43
-2,4,4,6,7,2475,VX,LAX,45
-2,4,4,6,9,2475,VX,LAX,45
2,4,4,6,13,2475,VX,LAX,45
315,4,4,6,16,2475,VX,LAX,45
1,4,5,7,7,2475,VX,LAX,46
2,4,5,7,9,2475,VX,LAX,46
-5,4,5,7,13,2475,VX,LAX,46
14,4,5,7,16,2475,VX,LAX,46
-4,4,5,7,20,2475,VX,LAX,46
-3,4,12,7,7,2475,VX,LAX,40
-3,4,12,7,9,2475,VX,LAX,40
-3,4,12,7,13,2475,VX,LAX,40
-2,4,12,7,16,2475,VX,LAX,40
-2,4,12,7,20,2475,VX,LAX,40
-3,4,13,1,7,2475,VX,LAX,39
-5,4,13,1,9,2475,VX,LAX,39
-1,4,13,1,13,2475,VX,LAX,39
4,4,13,1,16,2475,VX,LAX,39
-5,4,13,1,20,2475,VX,LAX,39
-2,4,14,2,7,2475,VX,LAX,38
-4,4,14,2,9,2475,VX,LAX,38
-2,4,14,2,13,2475,VX,LAX,38
62,4,14,2,16,2475,VX,LAX,38
-8,4,14,2,20,2475,VX,LAX,38
-7,4,15,3,7,2475,VX,LAX,37
-6,4,15,3,9,2475,VX,LAX,37
-3,4,15,3,13,2475,VX,LAX,37
-3,4,15,3,16,2475,VX,LAX,37
-5,4,15,3,20,2475,VX,LAX,37
