5,2,28,6,6,2475,UA,LAX,10
-4,2,28,6,8,2475,UA,LAX,10
-7,2,28,6,17,2475,UA,LAX,10
-1,2,28,6,11,2475,UA,LAX,10
6,2,28,6,14,2475,UA,LAX,10
4,2,27,5,14,2475,UA,LAX,9
20,2,26,4,6,2475,UA,LAX,8
-2,2,26,4,8,2475,UA,LAX,8
-4,2,26,4,19,2475,UA,LAX,8
-2,2,26,4,17,2475,UA,LAX,8
-4,2,26,4,11,2475,UA,LAX,8
5,2,26,4,14,2475,UA,LAX,8
-3,2,27,5,6,2475,UA,LAX,9
-8,2,27,5,8,2475,UA,LAX,9
0,2,27,5,19,2475,UA,LAX,9
1,2,27,5,17,2475,UA,LAX,9
-4,2,27,5,11,2475,UA,LAX,9
0,2,25,3,6,2475,UA,LAX,7
-1,2,25,3,8,2475,UA,LAX,7
0,2,25,3,19,2475,UA,LAX,7
4,2,25,3,17,2475,UA,LAX,7
-5,2,25,3,11,2475,UA,LAX,7
-1,2,25,3,14,2475,UA,LAX,7
4,2,24,2,6,2475,UA,LAX,6
-10,2,24,2,8,2475,UA,LAX,6
-5,2,24,2,19,2475,UA,LAX,6
-7,2,24,2,17,2475,UA,LAX,6
-4,2,24,2,11,2475,UA,LAX,6
-8,2,24,2,14,2475,UA,LAX,6
19,2,22,7,11,2475,UA,LAX,4
0,2,22,7,14,2475,UA,LAX,4
50,2,22,7,8,2475,UA,LAX,4
-8,2,22,7,19,2475,UA,LAX,4
-4,2,22,7,17,2475,UA,LAX,4
68,2,20,5,6,2475,UA,LAX,2
2,2,20,5,8,2475,UA,LAX,2
-2,2,20,5,19,2475,UA,LAX,2
0,2,20,5,17,2475,UA,LAX,2
-1,2,20,5,11,2475,UA,LAX,2
2,2,20,5,14,2475,UA,LAX,2
-6,2,23,1,6,2475,UA,LAX,5
-9,2,23,1,8,2475,UA,LAX,5
-3,2,23,1,19,2475,UA,LAX,5
-3,2,23,1,17,2475,UA,LAX,5
-7,2,23,1,11,2475,UA,LAX,5
-3,2,23,1,14,2475,UA,LAX,5
-5,2,21,6,6,2475,UA,LAX,3
-8,2,21,6,8,2475,UA,LAX,3
-5,2,21,6,17,2475,UA,LAX,3
12,2,21,6,11,2475,UA,LAX,3
-6,2,21,6,14,2475,UA,LAX,3
40,2,19,4,6,2475,UA,LAX,1
-4,2,19,4,8,2475,UA,LAX,1
27,2,19,4,19,2475,UA,LAX,1
-7,2,19,4,17,2475,UA,LAX,1
-1,2,19,4,11,2475,UA,LAX,1
-2,2,19,4,14,2475,UA,LAX,1
2,2,17,2,6,2475,UA,LAX,1
-1,2,17,2,8,2475,UA,LAX,1
3,2,17,2,19,2475,UA,LAX,1
24,2,17,2,17,2475,UA,LAX,1
1,2,17,2,11,2475,UA,LAX,1
1,2,17,2,14,2475,UA,LAX,1
11,2,16,1,11,2475,UA,LAX,2
-8,2,16,1,14,2475,UA,LAX,2
-1,2,15,7,19,2475,UA,LAX,3
-3,2,15,7,17,2475,UA,LAX,3
-5,2,15,7,11,2475,UA,LAX,3
-2,2,15,7,14,2475,UA,LAX,3
3,2,13,5,6,2475,UA,LAX,5
-3,2,13,5,8,2475,UA,LAX,5
53,2,13,5,19,2475,UA,LAX,5
15,2,13,5,17,2475,UA,LAX,5
-4,2,13,5,11,2475,UA,LAX,5
-2,2,13,5,14,2475,UA,LAX,5
0,2,14,6,6,2475,UA,LAX,4
14,2,14,6,8,2475,UA,LAX,4
13,2,14,6,17,2475,UA,LAX,4
0,2,14,6,11,2475,UA,LAX,4
-1,2,14,6,14,2475,UA,LAX,4
4,2,16,1,6,2475,UA,LAX,2
-3,2,16,1,8,2475,UA,LAX,2
20,2,16,1,19,2475,UA,LAX,2
-6,2,16,1,17,2475,UA,LAX,2
18,2,12,4,6,2475,UA,LAX,6
15,2,12,4,8,2475,UA,LAX,6
9,2,12,4,19,2475,UA,LAX,6
-4,2,12,4,17,2475,UA,LAX,6
-3,2,12,4,11,2475,UA,LAX,6
-6,2,12,4,14,2475,UA,LAX,6
-6,3,1,7,9,2475,AA,LAX,11
-7,3,2,1,9,2475,AA,LAX,12
-8,3,3,2,9,2475,AA,LAX,13
-4,3,4,3,9,2475,AA,LAX,14
-4,3,5,4,9,2475,AA,LAX,15
30,3,6,5,9,2475,AA,LAX,16
8,3,7,6,9,2475,AA,LAX,17
-6,3,8,7,9,2475,AA,LAX,18
-5,3,9,1,9,2475,AA,LAX,19
-7,3,10,2,9,2475,AA,LAX,20
-5,3,11,3,9,2475,AA,LAX,21
14,3,12,4,9,2475,AA,LAX,22
-3,3,13,5,9,2475,AA,LAX,23
7,3,14,6,9,2475,AA,LAX,24
-3,3,15,7,9,2475,AA,LAX,25
-7,3,16,1,9,2475,AA,LAX,26
-2,3,17,2,9,2475,AA,LAX,27
-6,3,18,3,9,2475,AA,LAX,28
4,3,19,4,9,2475,AA,LAX,29
-3,3,20,5,9,2475,AA,LAX,30
16,3,21,6,9,2475,AA,LAX,31
-2,3,22,7,9,2475,AA,LAX,32
5,3,23,1,9,2475,AA,LAX,33
-6,3,24,2,9,2475,AA,LAX,34
-9,3,25,3,9,2475,AA,LAX,35
-5,3,26,4,9,2475,AA,LAX,36
11,3,27,5,9,2475,AA,LAX,37
-7,3,28,6,9,2475,AA,LAX,38
-5,3,29,7,9,2475,AA,LAX,39
-6,3,30,1,9,2475,AA,LAX,40
4,3,31,2,9,2475,AA,LAX,41
19,3,1,7,12,2475,AA,LAX,11
-7,3,2,1,12,2475,AA,LAX,12
-7,3,3,2,12,2475,AA,LAX,13
-3,3,4,3,12,2475,AA,LAX,14
103,3,6,5,12,2475,AA,LAX,16
-5,3,7,6,12,2475,AA,LAX,17
-3,3,8,7,12,2475,AA,LAX,18
-8,3,9,1,12,2475,AA,LAX,19
-3,3,10,2,12,2475,AA,LAX,20
1,3,11,3,12,2475,AA,LAX,21
-7,3,12,4,12,2475,AA,LAX,22
-5,3,13,5,12,2475,AA,LAX,23
-6,3,14,6,12,2475,AA,LAX,24
-6,3,15,7,12,2475,AA,LAX,25
-8,3,16,1,12,2475,AA,LAX,26
-6,3,17,2,12,2475,AA,LAX,27
-3,3,18,3,12,2475,AA,LAX,28
-7,3,19,4,12,2475,AA,LAX,29
-9,3,20,5,12,2475,AA,LAX,30
-4,3,21,6,12,2475,AA,LAX,31
-8,3,22,7,12,2475,AA,LAX,32
-10,3,23,1,12,2475,AA,LAX,33
-8,3,24,2,12,2475,AA,LAX,34
-4,3,25,3,12,2475,AA,LAX,35
-6,3,26,4,12,2475,AA,LAX,36
-2,3,27,5,12,2475,AA,LAX,37
-4,3,28,6,12,2475,AA,LAX,38
-5,3,29,7,12,2475,AA,LAX,39
-5,3,30,1,12,2475,AA,LAX,40
-4,3,31,2,12,2475,AA,LAX,41
-7,3,1,7,7,2475,AA,LAX,11
0,3,2,1,7,2475,AA,LAX,12
-6,3,3,2,7,2475,AA,LAX,13
-7,3,4,3,7,2475,AA,LAX,14
-2,3,6,5,7,2475,AA,LAX,16
-5,3,7,6,7,2475,AA,LAX,17
-5,3,8,7,7,2475,AA,LAX,18
-4,3,9,1,7,2475,AA,LAX,19
-7,3,10,2,7,2475,AA,LAX,20
-6,3,11,3,7,2475,AA,LAX,21
-2,3,12,4,7,2475,AA,LAX,22
-4,3,13,5,7,2475,AA,LAX,23
-2,3,14,6,7,2475,AA,LAX,24
-7,3,15,7,7,2475,AA,LAX,25
-6,3,16,1,7,2475,AA,LAX,26
-6,3,17,2,7,2475,AA,LAX,27
-7,3,18,3,7,2475,AA,LAX,28
38,3,19,4,7,2475,AA,LAX,29
-4,3,20,5,7,2475,AA,LAX,30
-3,3,21,6,7,2475,AA,LAX,31
-4,3,22,7,7,2475,AA,LAX,32
-6,3,23,1,7,2475,AA,LAX,33
-8,3,24,2,7,2475,AA,LAX,34
-5,3,25,3,7,2475,AA,LAX,35
-7,3,26,4,7,2475,AA,LAX,36
-6,3,27,5,7,2475,AA,LAX,37
-9,3,28,6,7,2475,AA,LAX,38
-6,3,29,7,7,2475,AA,LAX,39
-5,3,30,1,7,2475,AA,LAX,40
-1,3,31,2,7,2475,AA,LAX,41
-3,3,1,7,11,2475,AA,LAX,11
0,3,2,1,11,2475,AA,LAX,12
-9,3,3,2,11,2475,AA,LAX,13
-7,3,4,3,11,2475,AA,LAX,14
96,3,6,5,11,2475,AA,LAX,16
24,3,7,6,11,2475,AA,LAX,17
-1,3,8,7,11,2475,AA,LAX,18
3,3,9,1,11,2475,AA,LAX,19
-5,3,10,2,11,2475,AA,LAX,20
2,3,11,3,11,2475,AA,LAX,21
41,3,12,4,11,2475,AA,LAX,22
-6,3,13,5,11,2475,AA,LAX,23
-5,3,14,6,11,2475,AA,LAX,24
-1,3,15,7,11,2475,AA,LAX,25
-9,3,16,1,11,2475,AA,LAX,26
-9,3,17,2,11,2475,AA,LAX,27
-3,3,18,3,11,2475,AA,LAX,28
-5,3,19,4,11,2475,AA,LAX,29
-4,3,20,5,11,2475,AA,LAX,30
0,3,21,6,11,2475,AA,LAX,31
-4,3,22,7,11,2475,AA,LAX,32
-6,3,23,1,11,2475,AA,LAX,33
-3,3,24,2,11,2475,AA,LAX,34
-3,3,25,3,11,2475,AA,LAX,35
-5,3,26,4,11,2475,AA,LAX,36
-9,3,27,5,11,2475,AA,LAX,37
2,3,28,6,11,2475,AA,LAX,38
-6,3,29,7,11,2475,AA,LAX,39
-6,3,30,1,11,2475,AA,LAX,40
-6,3,31,2,11,2475,AA,LAX,41
3,3,2,1,18,2475,AA,LAX,12
241,3,3,2,18,2475,AA,LAX,13
14,3,4,3,18,2475,AA,LAX,14
77,3,5,4,18,2475,AA,LAX,15
51,3,6,5,18,2475,AA,LAX,16
-3,3,7,6,18,2475,AA,LAX,17
-2,3,8,7,18,2475,AA,LAX,18
-6,3,9,1,18,2475,AA,LAX,19
-7,3,10,2,18,2475,AA,LAX,20
-6,3,11,3,18,2475,AA,LAX,21
0,3,12,4,18,2475,AA,LAX,22
24,3,13,5,18,2475,AA,LAX,23
-4,3,14,6,18,2475,AA,LAX,24
72,3,15,7,18,2475,AA,LAX,25
3,3,16,1,18,2475,AA,LAX,26
-5,3,17,2,18,2475,AA,LAX,27
-1,3,18,3,18,2475,AA,LAX,28
12,3,19,4,18,2475,AA,LAX,29
0,3,20,5,18,2475,AA,LAX,30
2,3,21,6,18,2475,AA,LAX,31
-3,3,22,7,18,2475,AA,LAX,32
-5,3,23,1,18,2475,AA,LAX,33
27,3,24,2,18,2475,AA,LAX,34
-2,3,25,3,18,2475,AA,LAX,35
-2,3,26,4,18,2475,AA,LAX,36
-6,3,27,5,18,2475,AA,LAX,37
3,3,28,6,18,2475,AA,LAX,38
-4,3,29,7,18,2475,AA,LAX,39
-5,3,30,1,18,2475,AA,LAX,40
52,3,31,2,18,2475,AA,LAX,41
-3,3,1,7,8,2475,AA,LAX,11
-5,3,3,2,8,2475,AA,LAX,13
35,3,6,5,8,2475,AA,LAX,16
11,3,7,6,8,2475,AA,LAX,17
-8,3,8,7,8,2475,AA,LAX,18
-1,3,9,1,8,2475,AA,LAX,19
-6,3,10,2,8,2475,AA,LAX,20
-6,3,11,3,8,2475,AA,LAX,21
-6,3,12,4,8,2475,AA,LAX,22
-7,3,13,5,8,2475,AA,LAX,23
-3,3,14,6,8,2475,AA,LAX,24
-5,3,15,7,8,2475,AA,LAX,25
-4,3,16,1,8,2475,AA,LAX,26
29,3,17,2,8,2475,AA,LAX,27
-9,3,18,3,8,2475,AA,LAX,28
-6,3,19,4,8,2475,AA,LAX,29
-3,3,20,5,8,2475,AA,LAX,30
25,3,21,6,8,2475,AA,LAX,31
-3,3,22,7,8,2475,AA,LAX,32
-9,3,23,1,8,2475,AA,LAX,33
-9,3,24,2,8,2475,AA,LAX,34
-6,3,25,3,8,2475,AA,LAX,35
-10,3,26,4,8,2475,AA,LAX,36
-3,3,27,5,8,2475,AA,LAX,37
-9,3,28,6,8,2475,AA,LAX,38
-1,3,29,7,8,2475,AA,LAX,39
-4,3,30,1,8,2475,AA,LAX,40
-4,3,31,2,8,2475,AA,LAX,41
-3,3,29,7,15,2475,AA,LAX,39
-6,3,30,1,15,2475,AA,LAX,40
-4,3,31,2,15,2475,AA,LAX,41
87,3,1,7,16,2475,AA,LAX,11
0,3,2,1,16,2475,AA,LAX,12
0,3,3,2,16,2475,AA,LAX,13
-4,3,4,3,16,2475,AA,LAX,14
86,3,5,4,16,2475,AA,LAX,15
14,3,6,5,16,2475,AA,LAX,16
37,3,8,7,16,2475,AA,LAX,18
-9,3,9,1,16,2475,AA,LAX,19
27,3,10,2,16,2475,AA,LAX,20
41,3,11,3,16,2475,AA,LAX,21
-3,3,12,4,16,2475,AA,LAX,22
-5,3,13,5,16,2475,AA,LAX,23
134,3,15,7,16,2475,AA,LAX,25
-2,3,16,1,16,2475,AA,LAX,26
-5,3,17,2,16,2475,AA,LAX,27
-3,3,18,3,16,2475,AA,LAX,28
-5,3,19,4,16,2475,AA,LAX,29
-2,3,20,5,16,2475,AA,LAX,30
-5,3,22,7,16,2475,AA,LAX,32
-9,3,23,1,16,2475,AA,LAX,33
0,3,24,2,16,2475,AA,LAX,34
67,3,25,3,16,2475,AA,LAX,35
72,3,26,4,16,2475,AA,LAX,36
24,3,27,5,16,2475,AA,LAX,37
-5,3,29,7,16,2475,AA,LAX,39
9,3,30,1,16,2475,AA,LAX,40
-1,3,31,2,16,2475,AA,LAX,41
-3,3,1,7,6,2475,AA,LAX,11
3,3,2,1,6,2475,AA,LAX,12
-5,3,3,2,6,2475,AA,LAX,13
-7,3,9,1,6,2475,AA,LAX,19
-5,3,11,3,6,2475,AA,LAX,21
-4,3,16,1,6,2475,AA,LAX,26
-4,3,18,3,6,2475,AA,LAX,28
-5,3,23,1,6,2475,AA,LAX,33
-5,3,25,3,6,2475,AA,LAX,35
-4,3,29,7,6,2475,AA,LAX,39
-2,3,30,1,6,2475,AA,LAX,40
13,3,1,7,14,2475,AA,LAX,11
-7,3,2,1,14,2475,AA,LAX,12
-3,3,3,2,14,2475,AA,LAX,13
27,3,4,3,14,2475,AA,LAX,14
311,3,5,4,14,2475,AA,LAX,15
103,3,6,5,14,2475,AA,LAX,16
-2,3,7,6,14,2475,AA,LAX,17
19,3,8,7,14,2475,AA,LAX,18
-7,3,9,1,14,2475,AA,LAX,19
-5,3,10,2,14,2475,AA,LAX,20
76,3,11,3,14,2475,AA,LAX,21
0,3,12,4,14,2475,AA,LAX,22
-5,3,13,5,14,2475,AA,LAX,23
-6,3,14,6,14,2475,AA,LAX,24
-6,3,15,7,14,2475,AA,LAX,25
1,3,17,2,14,2475,AA,LAX,27
-4,3,18,3,14,2475,AA,LAX,28
-4,3,19,4,14,2475,AA,LAX,29
-5,3,20,5,14,2475,AA,LAX,30
-4,3,21,6,14,2475,AA,LAX,31
-2,3,22,7,14,2475,AA,LAX,32
-7,3,23,1,14,2475,AA,LAX,33
-2,3,24,2,14,2475,AA,LAX,34
-1,3,25,3,14,2475,AA,LAX,35
-4,3,26,4,14,2475,AA,LAX,36
-8,3,27,5,14,2475,AA,LAX,37
-2,3,28,6,14,2475,AA,LAX,38
18,3,2,1,17,2475,AA,LAX,12
15,3,3,2,17,2475,AA,LAX,13
56,3,4,3,17,2475,AA,LAX,14
37,3,6,5,17,2475,AA,LAX,16
-5,3,7,6,17,2475,AA,LAX,17
4,3,8,7,17,2475,AA,LAX,18
0,3,9,1,17,2475,AA,LAX,19
-4,3,10,2,17,2475,AA,LAX,20
-10,3,11,3,17,2475,AA,LAX,21
21,3,12,4,17,2475,AA,LAX,22
13,3,13,5,17,2475,AA,LAX,23
-4,3,14,6,17,2475,AA,LAX,24
3,3,16,1,17,2475,AA,LAX,26
-6,3,17,2,17,2475,AA,LAX,27
-5,3,18,3,17,2475,AA,LAX,28
-3,3,19,4,17,2475,AA,LAX,29
-8,3,21,6,17,2475,AA,LAX,31
-1,3,22,7,17,2475,AA,LAX,32
-1,3,23,1,17,2475,AA,LAX,33
-6,3,24,2,17,2475,AA,LAX,34
-8,3,25,3,17,2475,AA,LAX,35
16,3,26,4,17,2475,AA,LAX,36
6,3,27,5,17,2475,AA,LAX,37
-5,3,28,6,17,2475,AA,LAX,38
-7,3,29,7,17,2475,AA,LAX,39
2,3,30,1,17,2475,AA,LAX,40
-1,3,31,2,17,2475,AA,LAX,41
118,3,1,7,20,2475,AA,LAX,11
-3,3,2,1,20,2475,AA,LAX,12
67,3,3,2,20,2475,AA,LAX,13
-1,3,4,3,20,2475,AA,LAX,14
52,3,5,4,20,2475,AA,LAX,15
26,3,6,5,20,2475,AA,LAX,16
-3,3,7,6,20,2475,AA,LAX,17
-1,3,8,7,21,2475,AA,LAX,18
-2,3,9,1,21,2475,AA,LAX,19
19,3,10,2,21,2475,AA,LAX,20
-6,3,11,3,21,2475,AA,LAX,21
15,3,12,4,21,2475,AA,LAX,22
-7,3,13,5,21,2475,AA,LAX,23
66,3,14,6,21,2475,AA,LAX,24
35,3,15,7,21,2475,AA,LAX,25
-8,3,16,1,21,2475,AA,LAX,26
13,3,17,2,21,2475,AA,LAX,27
-5,3,18,3,21,2475,AA,LAX,28
5,3,19,4,21,2475,AA,LAX,29
58,3,20,5,21,2475,AA,LAX,30
4,3,21,6,21,2475,AA,LAX,31
53,3,22,7,21,2475,AA,LAX,32
-3,3,23,1,21,2475,AA,LAX,33
-7,3,24,2,21,2475,AA,LAX,34
-1,3,25,3,21,2475,AA,LAX,35
107,3,26,4,21,2475,AA,LAX,36
-7,3,27,5,21,2475,AA,LAX,37
53,3,28,6,21,2475,AA,LAX,38
1,3,29,7,21,2475,AA,LAX,39
-6,3,30,1,21,2475,AA,LAX,40
-6,3,31,2,21,2475,AA,LAX,41
33,3,1,7,19,2475,AA,LAX,11
0,3,2,1,19,2475,AA,LAX,12
108,3,3,2,19,2475,AA,LAX,13
4,3,4,3,19,2475,AA,LAX,14
41,3,6,5,19,2475,AA,LAX,16
4,3,7,6,19,2475,AA,LAX,17
51,3,8,7,19,2475,AA,LAX,18
-6,3,9,1,19,2475,AA,LAX,19
-1,3,10,2,19,2475,AA,LAX,20
-1,3,11,3,19,2475,AA,LAX,21
8,3,12,4,19,2475,AA,LAX,22
-9,3,13,5,19,2475,AA,LAX,23
25,3,14,6,19,2475,AA,LAX,24
-4,3,15,7,19,2475,AA,LAX,25
18,3,16,1,19,2475,AA,LAX,26
-6,3,17,2,19,2475,AA,LAX,27
-6,3,18,3,19,2475,AA,LAX,28
-3,3,19,4,19,2475,AA,LAX,29
-4,3,21,6,19,2475,AA,LAX,31
81,3,22,7,19,2475,AA,LAX,32
-6,3,23,1,19,2475,AA,LAX,33
-3,3,24,2,19,2475,AA,LAX,34
-9,3,25,3,19,2475,AA,LAX,35
0,3,26,4,19,2475,AA,LAX,36
-2,3,27,5,19,2475,AA,LAX,37
-8,3,28,6,19,2475,AA,LAX,38
-4,3,29,7,19,2475,AA,LAX,39
9,3,30,1,19,2475,AA,LAX,40
50,3,31,2,19,2475,AA,LAX,41
83,3,1,7,10,2475,AA,LAX,11
-3,3,3,2,10,2475,AA,LAX,13
-6,3,4,3,10,2475,AA,LAX,14
65,3,6,5,10,2475,AA,LAX,16
-5,3,7,6,10,2475,AA,LAX,17
-7,3,8,7,10,2475,AA,LAX,18
-9,3,9,1,10,2475,AA,LAX,19
-9,3,10,2,10,2475,AA,LAX,20
-4,3,11,3,10,2475,AA,LAX,21
13,3,12,4,10,2475,AA,LAX,22
0,3,13,5,10,2475,AA,LAX,23
-2,3,14,6,10,2475,AA,LAX,24
-9,3,15,7,10,2475,AA,LAX,25
3,3,16,1,10,2475,AA,LAX,26
-4,3,17,2,10,2475,AA,LAX,27
24,3,18,3,10,2475,AA,LAX,28
-11,3,19,4,10,2475,AA,LAX,29
-3,3,20,5,10,2475,AA,LAX,30
-4,3,21,6,10,2475,AA,LAX,31
8,3,22,7,10,2475,AA,LAX,32
0,3,23,1,10,2475,AA,LAX,33
-7,3,24,2,10,2475,AA,LAX,34
5,3,25,3,10,2475,AA,LAX,35
-6,3,26,4,10,2475,AA,LAX,36
-5,3,27,5,10,2475,AA,LAX,37
-5,3,28,6,10,2475,AA,LAX,38
-5,3,29,7,10,2475,AA,LAX,39
-6,3,30,1,10,2475,AA,LAX,40
-7,3,31,2,10,2475,AA,LAX,41
-5,3,1,7,6,2475,B6,LAX,11
-6,3,2,1,6,2475,B6,LAX,12
-4,3,3,2,6,2475,B6,LAX,13
-6,3,4,3,6,2475,B6,LAX,14
-4,3,5,4,6,2475,B6,LAX,15
-5,3,6,5,6,2475,B6,LAX,16
-2,3,7,6,6,2475,B6,LAX,17
3,3,8,7,6,2475,B6,LAX,18
-6,3,9,1,6,2475,B6,LAX,19
-2,3,10,2,6,2475,B6,LAX,20
-5,3,11,3,6,2475,B6,LAX,21
-6,3,12,4,6,2475,B6,LAX,22
-5,3,13,5,6,2475,B6,LAX,23
-2,3,14,6,6,2475,B6,LAX,24
1,3,15,7,6,2475,B6,LAX,25
-6,3,16,1,6,2475,B6,LAX,26
-6,3,17,2,6,2475,B6,LAX,27
-5,3,18,3,6,2475,B6,LAX,28
-6,3,19,4,6,2475,B6,LAX,29
-2,3,20,5,6,2475,B6,LAX,30
-3,3,21,6,6,2475,B6,LAX,31
-5,3,22,7,6,2475,B6,LAX,32
173,3,23,1,6,2475,B6,LAX,33
-3,3,24,2,6,2475,B6,LAX,34
2,3,25,3,6,2475,B6,LAX,35
-5,3,26,4,6,2475,B6,LAX,36
-1,3,27,5,6,2475,B6,LAX,37
0,3,28,6,6,2475,B6,LAX,38
1,3,29,7,6,2475,B6,LAX,39
-1,3,30,1,6,2475,B6,LAX,40
-4,3,31,2,6,2475,B6,LAX,41
-6,3,1,7,9,2475,B6,LAX,11
0,3,2,1,9,2475,B6,LAX,12
-1,3,3,2,9,2475,B6,LAX,13
-3,3,4,3,9,2475,B6,LAX,14
20,3,5,4,9,2475,B6,LAX,15
46,3,6,5,9,2475,B6,LAX,16
6,3,7,6,9,2475,B6,LAX,17
-4,3,8,7,9,2475,B6,LAX,18
-5,3,9,1,9,2475,B6,LAX,19
-7,3,10,2,9,2475,B6,LAX,20
-3,3,11,3,9,2475,B6,LAX,21
6,3,12,4,9,2475,B6,LAX,22
-1,3,13,5,9,2475,B6,LAX,23
-3,3,14,6,9,2475,B6,LAX,24
-2,3,15,7,9,2475,B6,LAX,25
-2,3,16,1,9,2475,B6,LAX,26
-8,3,17,2,9,2475,B6,LAX,27
-6,3,18,3,9,2475,B6,LAX,28
-10,3,19,4,9,2475,B6,LAX,29
1,3,20,5,9,2475,B6,LAX,30
-5,3,21,6,9,2475,B6,LAX,31
-5,3,22,7,9,2475,B6,LAX,32
22,3,23,1,9,2475,B6,LAX,33
-7,3,24,2,9,2475,B6,LAX,34
-3,3,25,3,9,2475,B6,LAX,35
-1,3,26,4,9,2475,B6,LAX,36
-5,3,27,5,9,2475,B6,LAX,37
-6,3,28,6,9,2475,B6,LAX,38
-2,3,29,7,11,2475,B6,LAX,39
14,3,30,1,11,2475,B6,LAX,40
46,3,31,2,11,2475,B6,LAX,41
-4,3,1,7,7,2475,B6,LAX,11
11,3,2,1,7,2475,B6,LAX,12
-7,3,3,2,7,2475,B6,LAX,13
-3,3,4,3,7,2475,B6,LAX,14
42,3,5,4,7,2475,B6,LAX,15
8,3,6,5,7,2475,B6,LAX,16
-2,3,7,6,7,2475,B6,LAX,17
-6,3,8,7,8,2475,B6,LAX,18
-4,3,9,1,8,2475,B6,LAX,19
-6,3,10,2,8,2475,B6,LAX,20
-5,3,11,3,8,2475,B6,LAX,21
128,3,12,4,8,2475,B6,LAX,22
-1,3,13,5,8,2475,B6,LAX,23
-2,3,14,6,7,2475,B6,LAX,24
0,3,15,7,8,2475,B6,LAX,25
-3,3,16,1,8,2475,B6,LAX,26
-2,3,17,2,8,2475,B6,LAX,27
-4,3,18,3,8,2475,B6,LAX,28
-1,3,19,4,8,2475,B6,LAX,29
4,3,20,5,8,2475,B6,LAX,30
-2,3,21,6,7,2475,B6,LAX,31
-6,3,22,7,8,2475,B6,LAX,32
-2,3,23,1,8,2475,B6,LAX,33
-4,3,24,2,8,2475,B6,LAX,34
-3,3,25,3,8,2475,B6,LAX,35
-1,3,26,4,8,2475,B6,LAX,36
-3,3,27,5,8,2475,B6,LAX,37
-3,3,28,6,7,2475,B6,LAX,38
-4,3,29,7,9,2475,B6,LAX,39
17,3,30,1,9,2475,B6,LAX,40
42,3,31,2,9,2475,B6,LAX,41
468,3,1,7,16,2475,B6,LAX,11
0,3,2,1,16,2475,B6,LAX,12
0,3,3,2,16,2475,B6,LAX,13
-2,3,4,3,16,2475,B6,LAX,14
32,3,5,4,16,2475,B6,LAX,15
64,3,6,5,16,2475,B6,LAX,16
15,3,7,6,16,2475,B6,LAX,17
-1,3,8,7,16,2475,B6,LAX,18
24,3,9,1,16,2475,B6,LAX,19
-2,3,10,2,16,2475,B6,LAX,20
4,3,11,3,16,2475,B6,LAX,21
2,3,12,4,16,2475,B6,LAX,22
-7,3,13,5,16,2475,B6,LAX,23
7,3,14,6,16,2475,B6,LAX,24
9,3,15,7,16,2475,B6,LAX,25
-1,3,16,1,16,2475,B6,LAX,26
-5,3,17,2,16,2475,B6,LAX,27
9,3,18,3,16,2475,B6,LAX,28
-4,3,19,4,16,2475,B6,LAX,29
-6,3,20,5,16,2475,B6,LAX,30
-4,3,21,6,16,2475,B6,LAX,31
-5,3,22,7,16,2475,B6,LAX,32
-4,3,23,1,16,2475,B6,LAX,33
6,3,24,2,16,2475,B6,LAX,34
-6,3,25,3,16,2475,B6,LAX,35
10,3,26,4,16,2475,B6,LAX,36
0,3,27,5,16,2475,B6,LAX,37
-3,3,28,6,16,2475,B6,LAX,38
-3,3,29,7,16,2475,B6,LAX,39
-5,3,30,1,16,2475,B6,LAX,40
15,3,31,2,16,2475,B6,LAX,41
-4,3,1,7,11,2475,B6,LAX,11
0,3,2,1,11,2475,B6,LAX,12
-1,3,3,2,11,2475,B6,LAX,13
0,3,4,3,11,2475,B6,LAX,14
30,3,5,4,11,2475,B6,LAX,15
0,3,6,5,11,2475,B6,LAX,16
-4,3,7,6,11,2475,B6,LAX,17
-5,3,8,7,11,2475,B6,LAX,18
-3,3,9,1,11,2475,B6,LAX,19
-7,3,10,2,11,2475,B6,LAX,20
0,3,11,3,11,2475,B6,LAX,21
-4,3,12,4,11,2475,B6,LAX,22
-5,3,13,5,11,2475,B6,LAX,23
-1,3,14,6,11,2475,B6,LAX,24
4,3,15,7,11,2475,B6,LAX,25
-1,3,16,1,11,2475,B6,LAX,26
-5,3,17,2,11,2475,B6,LAX,27
29,3,18,3,11,2475,B6,LAX,28
4,3,19,4,11,2475,B6,LAX,29
3,3,20,5,11,2475,B6,LAX,30
-3,3,21,6,11,2475,B6,LAX,31
-9,3,22,7,11,2475,B6,LAX,32
-7,3,23,1,11,2475,B6,LAX,33
-5,3,24,2,11,2475,B6,LAX,34
-7,3,25,3,11,2475,B6,LAX,35
12,3,26,4,11,2475,B6,LAX,36
0,3,27,5,11,2475,B6,LAX,37
-1,3,28,6,11,2475,B6,LAX,38
-3,3,29,7,12,2475,B6,LAX,39
7,3,30,1,12,2475,B6,LAX,40
-8,3,31,2,12,2475,B6,LAX,41
210,3,1,7,21,2475,B6,LAX,11
45,3,2,1,21,2475,B6,LAX,12
1,3,3,2,21,2475,B6,LAX,13
9,3,4,3,21,2475,B6,LAX,14
38,3,5,4,21,2475,B6,LAX,15
15,3,6,5,21,2475,B6,LAX,16
0,3,8,7,21,2475,B6,LAX,18
0,3,9,1,21,2475,B6,LAX,19
12,3,10,2,21,2475,B6,LAX,20
3,3,11,3,21,2475,B6,LAX,21
-3,3,12,4,21,2475,B6,LAX,22
-4,3,13,5,21,2475,B6,LAX,23
140,3,15,7,21,2475,B6,LAX,25
-2,3,16,1,21,2475,B6,LAX,26
126,3,17,2,21,2475,B6,LAX,27
137,3,18,3,21,2475,B6,LAX,28
8,3,19,4,21,2475,B6,LAX,29
38,3,20,5,21,2475,B6,LAX,30
-5,3,22,7,21,2475,B6,LAX,32
-3,3,23,1,21,2475,B6,LAX,33
2,3,24,2,21,2475,B6,LAX,34
5,3,25,3,21,2475,B6,LAX,35
-4,3,26,4,21,2475,B6,LAX,36
-3,3,27,5,21,2475,B6,LAX,37
-3,3,29,7,21,2475,B6,LAX,39
26,3,30,1,21,2475,B6,LAX,40
13,3,31,2,21,2475,B6,LAX,41
17,3,1,7,18,2475,B6,LAX,11
-8,3,2,1,18,2475,B6,LAX,12
-2,3,3,2,18,2475,B6,LAX,13
-3,3,4,3,18,2475,B6,LAX,14
138,3,5,4,18,2475,B6,LAX,15
166,3,6,5,18,2475,B6,LAX,16
0,3,7,6,18,2475,B6,LAX,17
4,3,8,7,18,2475,B6,LAX,18
15,3,9,1,18,2475,B6,LAX,19
-11,3,10,2,18,2475,B6,LAX,20
-5,3,11,3,18,2475,B6,LAX,21
-1,3,12,4,18,2475,B6,LAX,22
-6,3,13,5,18,2475,B6,LAX,23
-3,3,14,6,18,2475,B6,LAX,24
63,3,15,7,18,2475,B6,LAX,25
-4,3,16,1,18,2475,B6,LAX,26
-5,3,17,2,18,2475,B6,LAX,27
0,3,18,3,18,2475,B6,LAX,28
2,3,19,4,18,2475,B6,LAX,29
-4,3,20,5,18,2475,B6,LAX,30
-4,3,21,6,18,2475,B6,LAX,31
0,3,22,7,18,2475,B6,LAX,32
-5,3,23,1,18,2475,B6,LAX,33
22,3,24,2,18,2475,B6,LAX,34
-1,3,25,3,18,2475,B6,LAX,35
7,3,26,4,18,2475,B6,LAX,36
-5,3,27,5,18,2475,B6,LAX,37
-5,3,28,6,18,2475,B6,LAX,38
2,3,29,7,18,2475,B6,LAX,39
0,3,30,1,18,2475,B6,LAX,40
39,3,31,2,18,2475,B6,LAX,41
102,3,2,1,9,2475,DL,LAX,12
87,3,2,1,7,2475,DL,LAX,12
26,3,2,1,21,2475,DL,LAX,12
27,3,2,1,17,2475,DL,LAX,12
27,3,2,1,18,2475,DL,LAX,12
1,3,2,1,15,2475,DL,LAX,12
-4,3,3,2,9,2475,DL,LAX,13
-3,3,3,2,12,2475,DL,LAX,13
-6,3,3,2,7,2475,DL,LAX,13
31,3,3,2,21,2475,DL,LAX,13
10,3,3,2,17,2475,DL,LAX,13
4,3,3,2,18,2475,DL,LAX,13
8,3,3,2,15,2475,DL,LAX,13
-2,3,3,2,8,2475,DL,LAX,13
13,3,4,3,9,2475,DL,LAX,14
3,3,4,3,12,2475,DL,LAX,14
5,3,4,3,7,2475,DL,LAX,14
27,3,4,3,21,2475,DL,LAX,14
35,3,4,3,17,2475,DL,LAX,14
5,3,4,3,18,2475,DL,LAX,14
48,3,4,3,15,2475,DL,LAX,14
49,3,4,3,8,2475,DL,LAX,14
8,3,6,5,9,2475,DL,LAX,16
29,3,6,5,12,2475,DL,LAX,16
33,3,6,5,7,2475,DL,LAX,16
123,3,6,5,21,2475,DL,LAX,16
33,3,6,5,17,2475,DL,LAX,16
48,3,6,5,18,2475,DL,LAX,16
34,3,6,5,15,2475,DL,LAX,16
191,3,6,5,8,2475,DL,LAX,16
72,3,1,7,9,2475,DL,LAX,11
5,3,1,7,11,2475,DL,LAX,11
232,3,1,7,21,2475,DL,LAX,11
275,3,1,7,18,2475,DL,LAX,11
156,3,1,7,8,2475,DL,LAX,11
34,3,1,7,15,2475,DL,LAX,11
46,3,5,4,12,2475,DL,LAX,15
64,3,5,4,7,2475,DL,LAX,15
173,3,5,4,21,2475,DL,LAX,15
172,3,5,4,15,2475,DL,LAX,15
29,3,5,4,8,2475,DL,LAX,15
-1,3,7,6,12,2475,DL,LAX,17
69,3,7,6,17,2475,DL,LAX,17
32,3,7,6,18,2475,DL,LAX,17
6,3,7,6,15,2475,DL,LAX,17
1,3,7,6,8,2475,DL,LAX,17
43,3,8,7,9,2475,DL,LAX,18
-2,3,8,7,12,2475,DL,LAX,18
-4,3,8,7,7,2475,DL,LAX,18
21,3,8,7,21,2475,DL,LAX,18
-1,3,8,7,15,2475,DL,LAX,18
30,3,8,7,18,2475,DL,LAX,18
38,3,8,7,17,2475,DL,LAX,18
10,3,8,7,8,2475,DL,LAX,18
-1,3,10,2,9,2475,DL,LAX,20
-1,3,10,2,12,2475,DL,LAX,20
-3,3,10,2,7,2475,DL,LAX,20
38,3,10,2,21,2475,DL,LAX,20
16,3,10,2,17,2475,DL,LAX,20
-3,3,10,2,18,2475,DL,LAX,20
1,3,10,2,15,2475,DL,LAX,20
14,3,10,2,8,2475,DL,LAX,20
114,3,12,4,9,2475,DL,LAX,22
1,3,12,4,12,2475,DL,LAX,22
21,3,12,4,7,2475,DL,LAX,22
144,3,12,4,21,2475,DL,LAX,22
74,3,12,4,17,2475,DL,LAX,22
63,3,12,4,18,2475,DL,LAX,22
37,3,12,4,15,2475,DL,LAX,22
124,3,12,4,8,2475,DL,LAX,22
-5,3,9,1,9,2475,DL,LAX,19
-1,3,9,1,12,2475,DL,LAX,19
-1,3,9,1,7,2475,DL,LAX,19
41,3,9,1,21,2475,DL,LAX,19
-4,3,9,1,17,2475,DL,LAX,19
2,3,9,1,18,2475,DL,LAX,19
-1,3,9,1,15,2475,DL,LAX,19
23,3,11,3,9,2475,DL,LAX,21
-3,3,11,3,12,2475,DL,LAX,21
-6,3,11,3,7,2475,DL,LAX,21
-2,3,11,3,21,2475,DL,LAX,21
23,3,11,3,17,2475,DL,LAX,21
-1,3,11,3,18,2475,DL,LAX,21
11,3,11,3,15,2475,DL,LAX,21
19,3,11,3,8,2475,DL,LAX,21
5,3,13,5,9,2475,DL,LAX,23
-2,3,13,5,12,2475,DL,LAX,23
109,3,13,5,7,2475,DL,LAX,23
153,3,13,5,21,2475,DL,LAX,23
-1,3,13,5,17,2475,DL,LAX,23
9,3,13,5,18,2475,DL,LAX,23
54,3,13,5,15,2475,DL,LAX,23
33,3,13,5,8,2475,DL,LAX,23
3,3,14,6,12,2475,DL,LAX,24
9,3,14,6,17,2475,DL,LAX,24
23,3,14,6,18,2475,DL,LAX,24
26,3,14,6,15,2475,DL,LAX,24
7,3,14,6,8,2475,DL,LAX,24
21,3,15,7,9,2475,DL,LAX,25
-2,3,15,7,12,2475,DL,LAX,25
32,3,15,7,7,2475,DL,LAX,25
114,3,15,7,21,2475,DL,LAX,25
328,3,15,7,17,2475,DL,LAX,25
209,3,15,7,18,2475,DL,LAX,25
6,3,15,7,15,2475,DL,LAX,25
1,3,15,7,8,2475,DL,LAX,25
10,3,17,2,9,2475,DL,LAX,27
-5,3,17,2,12,2475,DL,LAX,27
60,3,17,2,7,2475,DL,LAX,27
118,3,17,2,21,2475,DL,LAX,27
11,3,17,2,17,2475,DL,LAX,27
-2,3,17,2,18,2475,DL,LAX,27
1,3,17,2,15,2475,DL,LAX,27
-4,3,17,2,8,2475,DL,LAX,27
-1,3,16,1,9,2475,DL,LAX,26
0,3,16,1,12,2475,DL,LAX,26
16,3,16,1,7,2475,DL,LAX,26
45,3,16,1,21,2475,DL,LAX,26
20,3,16,1,17,2475,DL,LAX,26
-3,3,16,1,18,2475,DL,LAX,26
-1,3,16,1,15,2475,DL,LAX,26
30,3,18,3,9,2475,DL,LAX,28
35,3,18,3,12,2475,DL,LAX,28
-2,3,18,3,7,2475,DL,LAX,28
-2,3,18,3,21,2475,DL,LAX,28
203,3,18,3,17,2475,DL,LAX,28
18,3,18,3,18,2475,DL,LAX,28
61,3,18,3,15,2475,DL,LAX,28
-1,3,18,3,8,2475,DL,LAX,28
0,3,19,4,9,2475,DL,LAX,29
1,3,19,4,12,2475,DL,LAX,29
8,3,19,4,7,2475,DL,LAX,29
81,3,19,4,21,2475,DL,LAX,29
19,3,19,4,17,2475,DL,LAX,29
-7,3,19,4,18,2475,DL,LAX,29
18,3,19,4,15,2475,DL,LAX,29
-2,3,19,4,8,2475,DL,LAX,29
17,3,20,5,9,2475,DL,LAX,30
3,3,20,5,12,2475,DL,LAX,30
50,3,20,5,7,2475,DL,LAX,30
137,3,20,5,21,2475,DL,LAX,30
24,3,20,5,17,2475,DL,LAX,30
31,3,20,5,18,2475,DL,LAX,30
3,3,20,5,15,2475,DL,LAX,30
112,3,20,5,8,2475,DL,LAX,30
51,3,21,6,17,2475,DL,LAX,31
-1,3,21,6,18,2475,DL,LAX,31
3,3,21,6,15,2475,DL,LAX,31
1,3,21,6,8,2475,DL,LAX,31
