43,5,7,4,14,2475,UA,LAX,15
-7,5,6,3,6,2475,UA,LAX,16
-1,5,6,3,8,2475,UA,LAX,16
-1,5,6,3,19,2475,UA,LAX,16
-6,5,6,3,17,2475,UA,LAX,16
-2,5,6,3,11,2475,UA,LAX,16
160,5,6,3,14,2475,UA,LAX,16
-5,5,9,6,6,2475,UA,LAX,13
-5,5,9,6,8,2475,UA,LAX,13
-2,5,5,2,14,2475,UA,LAX,17
-9,5,2,6,11,2475,UA,LAX,20
-1,5,2,6,14,2475,UA,LAX,20
-5,5,5,2,6,2475,UA,LAX,17
-7,5,5,2,8,2475,UA,LAX,17
-5,5,5,2,19,2475,UA,LAX,17
-8,5,5,2,17,2475,UA,LAX,17
-4,5,5,2,11,2475,UA,LAX,17
-6,5,3,7,8,2475,UA,LAX,19
-4,5,3,7,19,2475,UA,LAX,19
11,5,3,7,17,2475,UA,LAX,19
-4,5,3,7,11,2475,UA,LAX,19
-6,5,3,7,14,2475,UA,LAX,19
-4,5,2,6,6,2475,UA,LAX,20
-7,5,2,6,8,2475,UA,LAX,20
-5,5,2,6,17,2475,UA,LAX,20
-1,5,1,5,6,2475,UA,LAX,21
-4,5,1,5,8,2475,UA,LAX,21
-6,5,1,5,19,2475,UA,LAX,21
-4,5,1,5,17,2475,UA,LAX,21
-4,5,1,5,11,2475,UA,LAX,21
-4,5,1,5,14,2475,UA,LAX,21
-7,5,25,1,11,2475,UA,LAX,1
-12,5,25,1,14,2475,UA,LAX,1
-2,5,1,5,7,2475,VX,LAX,21
-3,5,1,5,9,2475,VX,LAX,21
-3,5,1,5,13,2475,VX,LAX,21
-1,5,1,5,16,2475,VX,LAX,21
-3,5,1,5,20,2475,VX,LAX,21
-12,5,10,7,7,2475,VX,LAX,12
-7,5,10,7,9,2475,VX,LAX,12
-2,5,10,7,13,2475,VX,LAX,12
12,5,10,7,16,2475,VX,LAX,12
7,5,10,7,20,2475,VX,LAX,12
-2,5,11,1,7,2475,VX,LAX,11
0,5,11,1,9,2475,VX,LAX,11
-12,5,11,1,13,2475,VX,LAX,11
41,5,11,1,16,2475,VX,LAX,11
-11,5,11,1,20,2475,VX,LAX,11
-8,5,12,2,7,2475,VX,LAX,10
-7,5,12,2,9,2475,VX,LAX,10
-8,5,12,2,13,2475,VX,LAX,10
2,5,12,2,16,2475,VX,LAX,10
132,5,12,2,20,2475,VX,LAX,10
-5,5,14,4,9,2475,VX,LAX,8
-8,5,14,4,13,2475,VX,LAX,8
0,5,14,4,16,2475,VX,LAX,8
-1,5,14,4,20,2475,VX,LAX,8
-10,5,15,5,7,2475,VX,LAX,7
-8,5,15,5,9,2475,VX,LAX,7
-4,5,15,5,13,2475,VX,LAX,7
7,5,15,5,16,2475,VX,LAX,7
32,5,15,5,20,2475,VX,LAX,7
-5,5,16,6,7,2475,VX,LAX,6
-1,5,16,6,9,2475,VX,LAX,6
126,5,16,6,13,2475,VX,LAX,6
0,5,16,6,16,2475,VX,LAX,6
-4,5,16,6,20,2475,VX,LAX,6
-6,5,17,7,7,2475,VX,LAX,5
-6,5,17,7,9,2475,VX,LAX,5
-3,5,17,7,13,2475,VX,LAX,5
-1,5,17,7,16,2475,VX,LAX,5
4,5,17,7,20,2475,VX,LAX,5
-3,5,18,1,7,2475,VX,LAX,4
0,5,18,1,9,2475,VX,LAX,4
-1,5,18,1,13,2475,VX,LAX,4
-3,5,18,1,16,2475,VX,LAX,4
157,5,18,1,20,2475,VX,LAX,4
-9,5,19,2,7,2475,VX,LAX,3
-5,5,19,2,9,2475,VX,LAX,3
-3,5,19,2,13,2475,VX,LAX,3
-1,5,19,2,16,2475,VX,LAX,3
-1,5,19,2,20,2475,VX,LAX,3
-7,5,2,6,7,2475,VX,LAX,20
-12,5,30,6,7,2475,VX,LAX,4
-7,5,30,6,9,2475,VX,LAX,4
-6,5,30,6,13,2475,VX,LAX,4
7,5,30,6,16,2475,VX,LAX,4
-5,5,30,6,20,2475,VX,LAX,4
-1,5,26,2,7,2475,VX,LAX,0
-5,5,26,2,9,2475,VX,LAX,0
-2,5,26,2,13,2475,VX,LAX,0
13,5,26,2,16,2475,VX,LAX,0
-7,5,26,2,20,2475,VX,LAX,0
-5,5,27,3,7,2475,VX,LAX,1
-5,5,27,3,9,2475,VX,LAX,1
-3,5,27,3,13,2475,VX,LAX,1
4,5,27,3,16,2475,VX,LAX,1
209,5,27,3,20,2475,VX,LAX,1
0,5,28,4,7,2475,VX,LAX,2
0,5,28,4,9,2475,VX,LAX,2
-5,5,28,4,13,2475,VX,LAX,2
-1,5,28,4,16,2475,VX,LAX,2
-11,5,28,4,20,2475,VX,LAX,2
-2,5,31,7,7,2475,VX,LAX,5
7,5,31,7,9,2475,VX,LAX,5
-3,5,31,7,13,2475,VX,LAX,5
-2,5,31,7,16,2475,VX,LAX,5
157,5,31,7,20,2475,VX,LAX,5
-13,5,4,1,7,2475,VX,LAX,18
-6,5,4,1,9,2475,VX,LAX,18
-2,5,4,1,13,2475,VX,LAX,18
43,5,4,1,16,2475,VX,LAX,18
-6,5,4,1,20,2475,VX,LAX,18
-9,5,5,2,7,2475,VX,LAX,17
-2,5,5,2,9,2475,VX,LAX,17
-7,5,5,2,13,2475,VX,LAX,17
2,5,5,2,16,2475,VX,LAX,17
2,5,5,2,20,2475,VX,LAX,17
-9,5,6,3,7,2475,VX,LAX,16
-9,5,6,3,9,2475,VX,LAX,16
-4,5,6,3,11,2475,VX,LAX,16
-7,5,6,3,13,2475,VX,LAX,16
-2,5,6,3,16,2475,VX,LAX,16
-2,5,6,3,20,2475,VX,LAX,16
-11,5,7,4,7,2475,VX,LAX,15
16,5,7,4,9,2475,VX,LAX,15
-5,5,7,4,13,2475,VX,LAX,15
0,5,7,4,16,2475,VX,LAX,15
-4,5,7,4,20,2475,VX,LAX,15
-7,5,13,3,7,2475,VX,LAX,9
-4,5,13,3,9,2475,VX,LAX,9
-9,5,13,3,13,2475,VX,LAX,9
1,5,13,3,16,2475,VX,LAX,9
-4,5,13,3,20,2475,VX,LAX,9
0,5,14,4,7,2475,VX,LAX,8
-2,5,8,5,7,2475,VX,LAX,14
6,5,8,5,9,2475,VX,LAX,14
5,5,8,5,13,2475,VX,LAX,14
0,5,8,5,16,2475,VX,LAX,14
65,5,8,5,20,2475,VX,LAX,14
-4,5,9,6,7,2475,VX,LAX,13
-8,5,9,6,9,2475,VX,LAX,13
-8,5,9,6,13,2475,VX,LAX,13
0,5,9,6,16,2475,VX,LAX,13
6,5,9,6,20,2475,VX,LAX,13
-7,5,29,5,7,2475,VX,LAX,3
-3,5,29,5,9,2475,VX,LAX,3
-7,5,29,5,13,2475,VX,LAX,3
-6,5,29,5,16,2475,VX,LAX,3
-1,5,29,5,20,2475,VX,LAX,3
-6,5,3,7,9,2475,VX,LAX,19
-7,5,3,7,13,2475,VX,LAX,19
-4,5,3,7,16,2475,VX,LAX,19
-9,5,3,7,20,2475,VX,LAX,19
88,5,2,6,9,2475,VX,LAX,20
-10,5,2,6,13,2475,VX,LAX,20
0,5,2,6,16,2475,VX,LAX,20
10,5,2,6,20,2475,VX,LAX,20
-11,5,20,3,7,2475,VX,LAX,2
-3,5,20,3,9,2475,VX,LAX,2
-4,5,20,3,13,2475,VX,LAX,2
-2,5,20,3,16,2475,VX,LAX,2
-5,5,20,3,20,2475,VX,LAX,2
0,5,21,4,7,2475,VX,LAX,1
0,5,21,4,9,2475,VX,LAX,1
1,5,21,4,13,2475,VX,LAX,1
-3,5,21,4,16,2475,VX,LAX,1
0,5,21,4,20,2475,VX,LAX,1
-6,5,22,5,7,2475,VX,LAX,0
-5,5,22,5,9,2475,VX,LAX,0
-5,5,22,5,13,2475,VX,LAX,0
-2,5,22,5,16,2475,VX,LAX,0
-2,5,22,5,20,2475,VX,LAX,0
20,5,23,6,7,2475,VX,LAX,1
-4,5,23,6,9,2475,VX,LAX,1
-3,5,23,6,13,2475,VX,LAX,1
7,5,23,6,16,2475,VX,LAX,1
4,5,24,7,7,2475,VX,LAX,2
-8,5,24,7,9,2475,VX,LAX,2
-1,5,24,7,13,2475,VX,LAX,2
-3,5,24,7,16,2475,VX,LAX,2
-9,5,24,7,20,2475,VX,LAX,2
-3,5,25,1,7,2475,VX,LAX,1
-8,5,25,1,9,2475,VX,LAX,1
174,5,25,1,13,2475,VX,LAX,1
-2,5,25,1,16,2475,VX,LAX,1
2,5,25,1,20,2475,VX,LAX,1
4,5,4,1,6,2475,UA,LAX,18
-2,5,4,1,8,2475,UA,LAX,18
-2,5,4,1,19,2475,UA,LAX,18
-2,5,4,1,17,2475,UA,LAX,18
-9,5,4,1,11,2475,UA,LAX,18
-5,5,4,1,14,2475,UA,LAX,18
