4,7,23,4,18,2475,DL,LAX,19
-1,7,23,4,9,2475,DL,LAX,19
-3,7,23,4,12,2475,DL,LAX,19
-1,7,23,4,7,2475,DL,LAX,19
1,7,23,4,20,2475,DL,LAX,19
30,7,23,4,16,2475,DL,LAX,19
0,7,23,4,8,2475,DL,LAX,19
33,7,23,4,15,2475,DL,LAX,19
0,7,24,5,18,2475,DL,LAX,20
-1,7,24,5,9,2475,DL,LAX,20
-4,7,24,5,12,2475,DL,LAX,20
15,7,24,5,7,2475,DL,LAX,20
22,7,24,5,20,2475,DL,LAX,20
30,7,24,5,16,2475,DL,LAX,20
17,7,24,5,8,2475,DL,LAX,20
27,7,24,5,15,2475,DL,LAX,20
58,7,25,6,18,2475,DL,LAX,21
11,7,25,6,12,2475,DL,LAX,21
9,7,25,6,17,2475,DL,LAX,21
-4,7,25,6,8,2475,DL,LAX,21
22,7,25,6,15,2475,DL,LAX,21
1,7,26,7,18,2475,DL,LAX,22
-5,7,26,7,9,2475,DL,LAX,22
-4,7,26,7,12,2475,DL,LAX,22
30,7,26,7,7,2475,DL,LAX,22
23,7,26,7,20,2475,DL,LAX,22
1,7,26,7,16,2475,DL,LAX,22
-3,7,26,7,8,2475,DL,LAX,22
5,7,26,7,15,2475,DL,LAX,22
72,7,28,2,18,2475,DL,LAX,24
-4,7,28,2,9,2475,DL,LAX,24
-2,7,28,2,12,2475,DL,LAX,24
0,7,28,2,7,2475,DL,LAX,24
-3,7,28,2,20,2475,DL,LAX,24
-9,7,28,2,16,2475,DL,LAX,24
1,7,28,2,8,2475,DL,LAX,24
0,7,28,2,15,2475,DL,LAX,24
1,7,27,1,18,2475,DL,LAX,23
-5,7,27,1,9,2475,DL,LAX,23
-2,7,27,1,12,2475,DL,LAX,23
-2,7,27,1,7,2475,DL,LAX,23
2,7,27,1,20,2475,DL,LAX,23
3,7,27,1,16,2475,DL,LAX,23
5,7,27,1,8,2475,DL,LAX,23
-2,7,27,1,15,2475,DL,LAX,23
0,7,4,6,18,2475,DL,LAX,0
1,7,4,6,12,2475,DL,LAX,0
-3,7,4,6,17,2475,DL,LAX,0
1,7,4,6,8,2475,DL,LAX,0
51,7,4,6,15,2475,DL,LAX,0
7,7,30,4,18,2475,DL,LAX,26
6,7,30,4,9,2475,DL,LAX,26
-4,7,30,4,12,2475,DL,LAX,26
-4,7,30,4,7,2475,DL,LAX,26
3,7,30,4,20,2475,DL,LAX,26
1,7,30,4,16,2475,DL,LAX,26
3,7,30,4,8,2475,DL,LAX,26
264,7,30,4,15,2475,DL,LAX,26
77,7,31,5,18,2475,DL,LAX,27
-1,7,31,5,9,2475,DL,LAX,27
33,7,31,5,12,2475,DL,LAX,27
0,7,31,5,7,2475,DL,LAX,27
10,7,31,5,20,2475,DL,LAX,27
-4,7,31,5,16,2475,DL,LAX,27
-1,7,31,5,8,2475,DL,LAX,27
3,7,31,5,15,2475,DL,LAX,27
10,7,29,3,18,2475,DL,LAX,25
-2,7,29,3,9,2475,DL,LAX,25
31,7,29,3,12,2475,DL,LAX,25
0,7,29,3,7,2475,DL,LAX,25
15,7,29,3,20,2475,DL,LAX,25
-1,7,29,3,16,2475,DL,LAX,25
0,7,29,3,8,2475,DL,LAX,25
9,7,29,3,15,2475,DL,LAX,25
