-1,7,1,3,6,2475,B6,LAX,3
-3,7,1,3,8,2475,B6,LAX,3
-3,7,1,3,9,2475,B6,LAX,3
-5,7,1,3,11,2475,B6,LAX,3
4,7,1,3,12,2475,B6,LAX,3
-4,7,1,3,16,2475,B6,LAX,3
-2,7,1,3,18,2475,B6,LAX,3
-4,7,3,5,13,2475,B6,LAX,1
-2,7,3,5,16,2475,B6,LAX,1
-2,7,3,5,18,2475,B6,LAX,1
-1,7,3,5,21,2475,B6,LAX,1
-1,7,4,6,6,2475,B6,LAX,0
-4,7,4,6,8,2475,B6,LAX,0
-4,7,4,6,9,2475,B6,LAX,0
-4,7,2,4,6,2475,B6,LAX,2
-5,7,2,4,8,2475,B6,LAX,2
-3,7,2,4,9,2475,B6,LAX,2
-4,7,2,4,11,2475,B6,LAX,2
26,7,2,4,12,2475,B6,LAX,2
5,7,2,4,16,2475,B6,LAX,2
-2,7,2,4,18,2475,B6,LAX,2
0,7,2,4,21,2475,B6,LAX,2
-1,7,3,5,6,2475,B6,LAX,1
-4,7,3,5,8,2475,B6,LAX,1
-3,7,3,5,9,2475,B6,LAX,1
-3,7,3,5,11,2475,B6,LAX,1
-1,7,1,3,21,2475,B6,LAX,3
-3,7,5,7,6,2475,B6,LAX,1
0,7,5,7,8,2475,B6,LAX,1
-3,7,5,7,9,2475,B6,LAX,1
-5,7,5,7,11,2475,B6,LAX,1
-2,7,5,7,12,2475,B6,LAX,1
-3,7,5,7,16,2475,B6,LAX,1
-8,7,5,7,18,2475,B6,LAX,1
-1,7,5,7,21,2475,B6,LAX,1
-2,7,8,3,18,2475,B6,LAX,4
1,7,8,3,21,2475,B6,LAX,4
-4,7,4,6,11,2475,B6,LAX,0
-5,7,4,6,13,2475,B6,LAX,0
-8,7,4,6,16,2475,B6,LAX,0
-9,7,4,6,18,2475,B6,LAX,0
-2,7,7,2,9,2475,B6,LAX,3
16,7,7,2,11,2475,B6,LAX,3
-3,7,7,2,12,2475,B6,LAX,3
-5,7,7,2,16,2475,B6,LAX,3
48,7,7,2,18,2475,B6,LAX,3
13,7,7,2,21,2475,B6,LAX,3
-1,7,8,3,6,2475,B6,LAX,4
-3,7,8,3,8,2475,B6,LAX,4
-2,7,8,3,9,2475,B6,LAX,4
-1,7,8,3,11,2475,B6,LAX,4
1,7,8,3,12,2475,B6,LAX,4
-4,7,8,3,16,2475,B6,LAX,4
2,7,11,6,6,2475,B6,LAX,7
-2,7,11,6,8,2475,B6,LAX,7
-5,7,11,6,9,2475,B6,LAX,7
-6,7,11,6,11,2475,B6,LAX,7
-4,7,11,6,13,2475,B6,LAX,7
-1,7,11,6,16,2475,B6,LAX,7
-7,7,11,6,18,2475,B6,LAX,7
4,7,10,5,6,2475,B6,LAX,6
0,7,10,5,8,2475,B6,LAX,6
-2,7,10,5,9,2475,B6,LAX,6
-8,7,10,5,11,2475,B6,LAX,6
-6,7,10,5,13,2475,B6,LAX,6
-3,7,10,5,16,2475,B6,LAX,6
-3,7,10,5,18,2475,B6,LAX,6
-4,7,10,5,21,2475,B6,LAX,6
0,7,12,7,16,2475,B6,LAX,8
-3,7,12,7,18,2475,B6,LAX,8
9,7,12,7,21,2475,B6,LAX,8
-4,7,13,1,6,2475,B6,LAX,9
6,7,13,1,8,2475,B6,LAX,9
-4,7,13,1,9,2475,B6,LAX,9
-8,7,13,1,11,2475,B6,LAX,9
-3,7,13,1,12,2475,B6,LAX,9
-8,7,9,4,6,2475,B6,LAX,5
-1,7,9,4,8,2475,B6,LAX,5
-5,7,9,4,9,2475,B6,LAX,5
25,7,9,4,11,2475,B6,LAX,5
7,7,9,4,12,2475,B6,LAX,5
1,7,9,4,16,2475,B6,LAX,5
2,7,9,4,18,2475,B6,LAX,5
39,7,9,4,21,2475,B6,LAX,5
6,7,13,1,21,2475,B6,LAX,9
0,7,14,2,6,2475,B6,LAX,10
-3,7,14,2,8,2475,B6,LAX,10
-4,7,14,2,9,2475,B6,LAX,10
-2,7,14,2,11,2475,B6,LAX,10
-2,7,14,2,12,2475,B6,LAX,10
-5,7,14,2,16,2475,B6,LAX,10
16,7,14,2,18,2475,B6,LAX,10
-1,7,14,2,21,2475,B6,LAX,10
3,7,12,7,6,2475,B6,LAX,8
-4,7,12,7,8,2475,B6,LAX,8
-2,7,12,7,9,2475,B6,LAX,8
-1,7,12,7,11,2475,B6,LAX,8
-9,7,12,7,12,2475,B6,LAX,8
-1,7,15,3,6,2475,B6,LAX,11
-2,7,15,3,8,2475,B6,LAX,11
-3,7,15,3,9,2475,B6,LAX,11
2,7,15,3,11,2475,B6,LAX,11
47,7,15,3,12,2475,B6,LAX,11
87,7,15,3,16,2475,B6,LAX,11
-1,7,15,3,18,2475,B6,LAX,11
26,7,15,3,21,2475,B6,LAX,11
-4,7,16,4,6,2475,B6,LAX,12
0,7,16,4,8,2475,B6,LAX,12
-3,7,16,4,9,2475,B6,LAX,12
-3,7,13,1,16,2475,B6,LAX,9
-4,7,13,1,18,2475,B6,LAX,9
-1,7,16,4,11,2475,B6,LAX,12
-3,7,16,4,12,2475,B6,LAX,12
-3,7,16,4,16,2475,B6,LAX,12
-1,7,16,4,18,2475,B6,LAX,12
2,7,16,4,21,2475,B6,LAX,12
0,7,17,5,6,2475,B6,LAX,13
-3,7,17,5,8,2475,B6,LAX,13
-3,7,17,5,9,2475,B6,LAX,13
-4,7,17,5,11,2475,B6,LAX,13
8,7,17,5,13,2475,B6,LAX,13
-1,7,17,5,16,2475,B6,LAX,13
-1,7,17,5,18,2475,B6,LAX,13
2,7,20,1,8,2475,B6,LAX,16
-8,7,20,1,9,2475,B6,LAX,16
-2,7,20,1,11,2475,B6,LAX,16
-1,7,20,1,12,2475,B6,LAX,16
-4,7,20,1,16,2475,B6,LAX,16
-4,7,20,1,18,2475,B6,LAX,16
0,7,20,1,21,2475,B6,LAX,16
-1,7,17,5,21,2475,B6,LAX,13
-1,7,18,6,6,2475,B6,LAX,14
-3,7,18,6,8,2475,B6,LAX,14
9,7,18,6,9,2475,B6,LAX,14
10,7,18,6,11,2475,B6,LAX,14
-4,7,18,6,13,2475,B6,LAX,14
-4,7,18,6,16,2475,B6,LAX,14
233,7,18,6,18,2475,B6,LAX,14
1,7,21,2,16,2475,B6,LAX,17
-7,7,21,2,18,2475,B6,LAX,17
35,7,21,2,21,2475,B6,LAX,17
-3,7,22,3,6,2475,B6,LAX,18
-1,7,19,7,6,2475,B6,LAX,15
0,7,19,7,8,2475,B6,LAX,15
0,7,19,7,9,2475,B6,LAX,15
13,7,19,7,11,2475,B6,LAX,15
4,7,19,7,12,2475,B6,LAX,15
-3,7,19,7,16,2475,B6,LAX,15
-3,7,19,7,18,2475,B6,LAX,15
8,7,19,7,21,2475,B6,LAX,15
6,7,20,1,6,2475,B6,LAX,16
0,7,23,4,6,2475,B6,LAX,19
-3,7,23,4,8,2475,B6,LAX,19
-2,7,23,4,9,2475,B6,LAX,19
-1,7,23,4,11,2475,B6,LAX,19
-2,7,23,4,12,2475,B6,LAX,19
-1,7,23,4,16,2475,B6,LAX,19
-2,7,23,4,18,2475,B6,LAX,19
-1,7,6,1,6,2475,B6,LAX,2
2,7,6,1,8,2475,B6,LAX,2
-4,7,6,1,9,2475,B6,LAX,2
-1,7,6,1,11,2475,B6,LAX,2
-4,7,6,1,12,2475,B6,LAX,2
-5,7,6,1,16,2475,B6,LAX,2
-3,7,6,1,18,2475,B6,LAX,2
3,7,6,1,21,2475,B6,LAX,2
-5,7,7,2,6,2475,B6,LAX,3
-4,7,7,2,8,2475,B6,LAX,3
0,7,24,5,6,2475,B6,LAX,20
0,7,24,5,8,2475,B6,LAX,20
-3,7,24,5,9,2475,B6,LAX,20
-1,7,24,5,11,2475,B6,LAX,20
15,7,24,5,13,2475,B6,LAX,20
4,7,24,5,16,2475,B6,LAX,20
-4,7,24,5,18,2475,B6,LAX,20
0,7,24,5,21,2475,B6,LAX,20
-1,7,22,3,8,2475,B6,LAX,18
-5,7,22,3,9,2475,B6,LAX,18
0,7,22,3,11,2475,B6,LAX,18
-1,7,22,3,12,2475,B6,LAX,18
-2,7,22,3,16,2475,B6,LAX,18
-4,7,22,3,18,2475,B6,LAX,18
-3,7,22,3,21,2475,B6,LAX,18
-2,7,25,6,11,2475,B6,LAX,21
-3,7,25,6,13,2475,B6,LAX,21
-3,7,25,6,16,2475,B6,LAX,21
-3,7,25,6,18,2475,B6,LAX,21
5,7,26,7,6,2475,B6,LAX,22
0,7,26,7,8,2475,B6,LAX,22
1,7,26,7,9,2475,B6,LAX,22
-4,7,26,7,11,2475,B6,LAX,22
16,7,26,7,12,2475,B6,LAX,22
-2,7,26,7,16,2475,B6,LAX,22
-1,7,26,7,18,2475,B6,LAX,22
-4,7,29,3,8,2475,B6,LAX,25
-4,7,29,3,9,2475,B6,LAX,25
-5,7,29,3,11,2475,B6,LAX,25
1,7,29,3,12,2475,B6,LAX,25
227,7,30,4,18,2475,B6,LAX,26
27,7,30,4,21,2475,B6,LAX,26
-1,7,23,4,21,2475,B6,LAX,19
-1,7,26,7,21,2475,B6,LAX,22
-3,7,27,1,6,2475,B6,LAX,23
-3,7,27,1,8,2475,B6,LAX,23
-5,7,27,1,9,2475,B6,LAX,23
-1,7,27,1,11,2475,B6,LAX,23
-1,7,27,1,12,2475,B6,LAX,23
1,7,27,1,16,2475,B6,LAX,23
-3,7,27,1,18,2475,B6,LAX,23
-3,7,27,1,21,2475,B6,LAX,23
15,7,29,3,16,2475,B6,LAX,25
0,7,29,3,18,2475,B6,LAX,25
2,7,29,3,21,2475,B6,LAX,25
-3,7,30,4,6,2475,B6,LAX,26
-3,7,30,4,8,2475,B6,LAX,26
3,7,30,4,9,2475,B6,LAX,26
-1,7,30,4,11,2475,B6,LAX,26
-3,7,30,4,12,2475,B6,LAX,26
-1,7,30,4,16,2475,B6,LAX,26
-4,7,25,6,6,2475,B6,LAX,21
-2,7,25,6,8,2475,B6,LAX,21
-1,7,25,6,9,2475,B6,LAX,21
2,7,28,2,6,2475,B6,LAX,24
-1,7,28,2,8,2475,B6,LAX,24
-5,7,28,2,9,2475,B6,LAX,24
-1,7,28,2,11,2475,B6,LAX,24
4,7,28,2,12,2475,B6,LAX,24
0,7,28,2,16,2475,B6,LAX,24
-2,7,28,2,18,2475,B6,LAX,24
41,7,28,2,21,2475,B6,LAX,24
0,7,29,3,6,2475,B6,LAX,25
0,7,2,4,18,2475,DL,LAX,2
-4,7,2,4,9,2475,DL,LAX,2
0,7,2,4,12,2475,DL,LAX,2
1,7,2,4,7,2475,DL,LAX,2
1,7,2,4,20,2475,DL,LAX,2
-4,7,2,4,16,2475,DL,LAX,2
0,7,2,4,8,2475,DL,LAX,2
-3,7,2,4,15,2475,DL,LAX,2
-1,7,31,5,6,2475,B6,LAX,27
17,7,31,5,8,2475,B6,LAX,27
8,7,31,5,9,2475,B6,LAX,27
-1,7,31,5,11,2475,B6,LAX,27
-3,7,31,5,13,2475,B6,LAX,27
-3,7,31,5,16,2475,B6,LAX,27
17,7,31,5,18,2475,B6,LAX,27
34,7,31,5,21,2475,B6,LAX,27
-1,7,3,5,18,2475,DL,LAX,1
-6,7,3,5,9,2475,DL,LAX,1
0,7,3,5,12,2475,DL,LAX,1
12,7,3,5,7,2475,DL,LAX,1
6,7,3,5,20,2475,DL,LAX,1
58,7,3,5,17,2475,DL,LAX,1
-5,7,3,5,8,2475,DL,LAX,1
0,7,3,5,15,2475,DL,LAX,1
-7,7,5,7,18,2475,DL,LAX,1
-4,7,5,7,9,2475,DL,LAX,1
0,7,5,7,12,2475,DL,LAX,1
-1,7,5,7,7,2475,DL,LAX,1
15,7,5,7,20,2475,DL,LAX,1
-1,7,5,7,16,2475,DL,LAX,1
26,7,5,7,8,2475,DL,LAX,1
0,7,5,7,15,2475,DL,LAX,1
-5,7,6,1,18,2475,DL,LAX,2
-2,7,6,1,9,2475,DL,LAX,2
-8,7,6,1,12,2475,DL,LAX,2
-5,7,6,1,7,2475,DL,LAX,2
1,7,6,1,20,2475,DL,LAX,2
5,7,6,1,16,2475,DL,LAX,2
-7,7,6,1,8,2475,DL,LAX,2
-5,7,6,1,15,2475,DL,LAX,2
4,7,1,3,18,2475,DL,LAX,3
-1,7,1,3,9,2475,DL,LAX,3
3,7,1,3,12,2475,DL,LAX,3
1,7,1,3,7,2475,DL,LAX,3
18,7,1,3,20,2475,DL,LAX,3
11,7,1,3,16,2475,DL,LAX,3
-2,7,1,3,8,2475,DL,LAX,3
5,7,1,3,15,2475,DL,LAX,3
-3,7,7,2,18,2475,DL,LAX,3
-1,7,7,2,9,2475,DL,LAX,3
66,7,7,2,12,2475,DL,LAX,3
-1,7,7,2,7,2475,DL,LAX,3
49,7,7,2,20,2475,DL,LAX,3
-3,7,7,2,16,2475,DL,LAX,3
-1,7,7,2,8,2475,DL,LAX,3
-3,7,7,2,15,2475,DL,LAX,3
2,7,8,3,18,2475,DL,LAX,4
17,7,8,3,9,2475,DL,LAX,4
-3,7,8,3,12,2475,DL,LAX,4
2,7,8,3,7,2475,DL,LAX,4
34,7,8,3,20,2475,DL,LAX,4
-5,7,8,3,16,2475,DL,LAX,4
-2,7,8,3,8,2475,DL,LAX,4
10,7,8,3,15,2475,DL,LAX,4
0,7,9,4,18,2475,DL,LAX,5
91,7,9,4,9,2475,DL,LAX,5
-3,7,9,4,12,2475,DL,LAX,5
-2,7,9,4,7,2475,DL,LAX,5
30,7,9,4,20,2475,DL,LAX,5
11,7,9,4,16,2475,DL,LAX,5
87,7,9,4,8,2475,DL,LAX,5
-3,7,9,4,15,2475,DL,LAX,5
-3,7,10,5,18,2475,DL,LAX,6
-1,7,10,5,9,2475,DL,LAX,6
1,7,10,5,12,2475,DL,LAX,6
1,7,10,5,7,2475,DL,LAX,6
0,7,10,5,20,2475,DL,LAX,6
-1,7,10,5,16,2475,DL,LAX,6
-4,7,10,5,8,2475,DL,LAX,6
-4,7,10,5,15,2475,DL,LAX,6
-3,7,11,6,18,2475,DL,LAX,7
-4,7,11,6,12,2475,DL,LAX,7
14,7,11,6,17,2475,DL,LAX,7
-7,7,11,6,8,2475,DL,LAX,7
-3,7,11,6,15,2475,DL,LAX,7
7,7,12,7,18,2475,DL,LAX,8
-6,7,12,7,9,2475,DL,LAX,8
-4,7,12,7,12,2475,DL,LAX,8
-4,7,12,7,7,2475,DL,LAX,8
53,7,12,7,20,2475,DL,LAX,8
14,7,12,7,16,2475,DL,LAX,8
94,7,12,7,8,2475,DL,LAX,8
3,7,12,7,15,2475,DL,LAX,8
6,7,13,1,18,2475,DL,LAX,9
0,7,13,1,9,2475,DL,LAX,9
25,7,13,1,12,2475,DL,LAX,9
2,7,13,1,7,2475,DL,LAX,9
-6,7,13,1,20,2475,DL,LAX,9
13,7,13,1,16,2475,DL,LAX,9
-1,7,13,1,8,2475,DL,LAX,9
24,7,13,1,15,2475,DL,LAX,9
1,7,15,3,18,2475,DL,LAX,11
-6,7,15,3,9,2475,DL,LAX,11
-1,7,15,3,12,2475,DL,LAX,11
7,7,15,3,7,2475,DL,LAX,11
45,7,15,3,20,2475,DL,LAX,11
133,7,15,3,16,2475,DL,LAX,11
-4,7,15,3,8,2475,DL,LAX,11
6,7,15,3,15,2475,DL,LAX,11
-1,7,14,2,18,2475,DL,LAX,10
-7,7,14,2,9,2475,DL,LAX,10
-2,7,14,2,12,2475,DL,LAX,10
-5,7,14,2,7,2475,DL,LAX,10
19,7,14,2,20,2475,DL,LAX,10
15,7,14,2,16,2475,DL,LAX,10
2,7,14,2,8,2475,DL,LAX,10
-1,7,14,2,15,2475,DL,LAX,10
24,7,16,4,18,2475,DL,LAX,12
-6,7,16,4,9,2475,DL,LAX,12
-3,7,16,4,12,2475,DL,LAX,12
-6,7,16,4,7,2475,DL,LAX,12
92,7,16,4,20,2475,DL,LAX,12
123,7,16,4,16,2475,DL,LAX,12
2,7,16,4,8,2475,DL,LAX,12
0,7,16,4,15,2475,DL,LAX,12
0,7,17,5,18,2475,DL,LAX,13
-5,7,17,5,9,2475,DL,LAX,13
59,7,17,5,12,2475,DL,LAX,13
3,7,17,5,7,2475,DL,LAX,13
-1,7,17,5,20,2475,DL,LAX,13
39,7,17,5,16,2475,DL,LAX,13
-5,7,17,5,15,2475,DL,LAX,13
49,7,19,7,18,2475,DL,LAX,15
1,7,19,7,9,2475,DL,LAX,15
10,7,19,7,12,2475,DL,LAX,15
9,7,19,7,7,2475,DL,LAX,15
129,7,19,7,20,2475,DL,LAX,15
8,7,19,7,16,2475,DL,LAX,15
-1,7,19,7,8,2475,DL,LAX,15
3,7,19,7,15,2475,DL,LAX,15
17,7,20,1,18,2475,DL,LAX,16
-5,7,20,1,9,2475,DL,LAX,16
-5,7,20,1,12,2475,DL,LAX,16
2,7,20,1,7,2475,DL,LAX,16
0,7,20,1,20,2475,DL,LAX,16
-2,7,20,1,16,2475,DL,LAX,16
-2,7,20,1,8,2475,DL,LAX,16
10,7,20,1,15,2475,DL,LAX,16
-3,7,21,2,6,2475,B6,LAX,17
-3,7,21,2,8,2475,B6,LAX,17
-8,7,21,2,9,2475,B6,LAX,17
-2,7,21,2,11,2475,B6,LAX,17
-4,7,21,2,12,2475,B6,LAX,17
-1,7,18,6,18,2475,DL,LAX,14
0,7,18,6,12,2475,DL,LAX,14
25,7,18,6,17,2475,DL,LAX,14
0,7,18,6,8,2475,DL,LAX,14
16,7,18,6,15,2475,DL,LAX,14
-2,7,22,3,18,2475,DL,LAX,18
24,7,22,3,9,2475,DL,LAX,18
7,7,22,3,12,2475,DL,LAX,18
-3,7,22,3,7,2475,DL,LAX,18
14,7,22,3,20,2475,DL,LAX,18
28,7,22,3,16,2475,DL,LAX,18
13,7,22,3,8,2475,DL,LAX,18
17,7,22,3,15,2475,DL,LAX,18
0,7,21,2,18,2475,DL,LAX,17
-4,7,21,2,9,2475,DL,LAX,17
8,7,21,2,12,2475,DL,LAX,17
-2,7,21,2,7,2475,DL,LAX,17
-4,7,21,2,20,2475,DL,LAX,17
-7,7,21,2,16,2475,DL,LAX,17
-1,7,21,2,8,2475,DL,LAX,17
-1,7,21,2,15,2475,DL,LAX,17
3,7,31,5,6,2475,UA,LAX,27
-2,7,31,5,8,2475,UA,LAX,27
5,7,31,5,19,2475,UA,LAX,27
11,7,31,5,17,2475,UA,LAX,27
-3,7,31,5,11,2475,UA,LAX,27
-2,7,31,5,14,2475,UA,LAX,27
-5,7,29,3,6,2475,UA,LAX,25
1,7,29,3,8,2475,UA,LAX,25
8,7,29,3,19,2475,UA,LAX,25
-3,7,29,3,17,2475,UA,LAX,25
85,7,30,4,17,2475,UA,LAX,26
0,7,30,4,11,2475,UA,LAX,26
262,7,30,4,14,2475,UA,LAX,26
140,7,27,1,14,2475,UA,LAX,23
-5,7,29,3,11,2475,UA,LAX,25
-1,7,29,3,14,2475,UA,LAX,25
-5,7,28,2,6,2475,UA,LAX,24
44,7,28,2,8,2475,UA,LAX,24
0,7,28,2,19,2475,UA,LAX,24
-5,7,28,2,17,2475,UA,LAX,24
-8,7,28,2,11,2475,UA,LAX,24
5,7,28,2,14,2475,UA,LAX,24
-5,7,26,7,8,2475,UA,LAX,22
2,7,26,7,19,2475,UA,LAX,22
-6,7,26,7,17,2475,UA,LAX,22
1,7,30,4,6,2475,UA,LAX,26
-4,7,30,4,8,2475,UA,LAX,26
-2,7,25,6,14,2475,UA,LAX,21
2,7,24,5,6,2475,UA,LAX,20
0,7,24,5,8,2475,UA,LAX,20
-2,7,24,5,19,2475,UA,LAX,20
0,7,24,5,17,2475,UA,LAX,20
-2,7,24,5,11,2475,UA,LAX,20
76,7,24,5,14,2475,UA,LAX,20
0,7,27,1,6,2475,UA,LAX,23
-7,7,27,1,8,2475,UA,LAX,23
-9,7,27,1,19,2475,UA,LAX,23
-4,7,27,1,17,2475,UA,LAX,23
-2,7,27,1,11,2475,UA,LAX,23
20,7,25,6,6,2475,UA,LAX,21
-2,7,25,6,8,2475,UA,LAX,21
-3,7,25,6,16,2475,UA,LAX,21
0,7,25,6,11,2475,UA,LAX,21
7,7,23,4,6,2475,UA,LAX,19
-4,7,23,4,8,2475,UA,LAX,19
-11,7,23,4,19,2475,UA,LAX,19
-2,7,23,4,17,2475,UA,LAX,19
0,7,23,4,11,2475,UA,LAX,19
-4,7,23,4,14,2475,UA,LAX,19
-2,7,22,3,6,2475,UA,LAX,18
-1,7,22,3,8,2475,UA,LAX,18
162,7,22,3,19,2475,UA,LAX,18
2,7,22,3,17,2475,UA,LAX,18
-5,7,22,3,11,2475,UA,LAX,18
-2,7,22,3,14,2475,UA,LAX,18
1,7,20,1,6,2475,UA,LAX,16
30,7,20,1,8,2475,UA,LAX,16
-8,7,20,1,19,2475,UA,LAX,16
21,7,20,1,17,2475,UA,LAX,16
-3,7,20,1,11,2475,UA,LAX,16
-2,7,20,1,14,2475,UA,LAX,16
-3,7,19,7,17,2475,UA,LAX,15
-7,7,19,7,11,2475,UA,LAX,15
-5,7,19,7,14,2475,UA,LAX,15
-8,7,26,7,11,2475,UA,LAX,22
-6,7,26,7,14,2475,UA,LAX,22
0,7,21,2,11,2475,UA,LAX,17
6,7,21,2,14,2475,UA,LAX,17
-5,7,19,7,8,2475,UA,LAX,15
26,7,19,7,19,2475,UA,LAX,15
-1,7,18,6,6,2475,UA,LAX,14
247,7,18,6,8,2475,UA,LAX,14
262,7,18,6,16,2475,UA,LAX,14
187,7,18,6,11,2475,UA,LAX,14
106,7,18,6,14,2475,UA,LAX,14
-1,7,16,4,6,2475,UA,LAX,12
10,7,16,4,8,2475,UA,LAX,12
-2,7,16,4,19,2475,UA,LAX,12
-2,7,16,4,17,2475,UA,LAX,12
-1,7,17,5,6,2475,UA,LAX,13
-3,7,17,5,8,2475,UA,LAX,13
-6,7,17,5,19,2475,UA,LAX,13
-1,7,17,5,17,2475,UA,LAX,13
-6,7,17,5,11,2475,UA,LAX,13
-12,7,17,5,14,2475,UA,LAX,13
-4,7,21,2,6,2475,UA,LAX,17
-4,7,21,2,8,2475,UA,LAX,17
-4,7,21,2,19,2475,UA,LAX,17
-3,7,21,2,17,2475,UA,LAX,17
-2,7,13,1,17,2475,UA,LAX,9
-6,7,13,1,11,2475,UA,LAX,9
-4,7,13,1,14,2475,UA,LAX,9
0,7,16,4,11,2475,UA,LAX,12
0,7,16,4,14,2475,UA,LAX,12
15,7,15,3,6,2475,UA,LAX,11
-4,7,15,3,8,2475,UA,LAX,11
0,7,15,3,19,2475,UA,LAX,11
-3,7,15,3,17,2475,UA,LAX,11
-2,7,14,2,6,2475,UA,LAX,10
-5,7,14,2,8,2475,UA,LAX,10
265,7,14,2,19,2475,UA,LAX,10
20,7,14,2,17,2475,UA,LAX,10
4,7,14,2,11,2475,UA,LAX,10
1,7,14,2,14,2475,UA,LAX,10
-2,7,11,6,16,2475,UA,LAX,7
-9,7,11,6,11,2475,UA,LAX,7
10,7,11,6,14,2475,UA,LAX,7
89,7,13,1,6,2475,UA,LAX,9
-8,7,13,1,8,2475,UA,LAX,9
26,7,13,1,19,2475,UA,LAX,9
-2,7,12,7,8,2475,UA,LAX,8
-3,7,12,7,19,2475,UA,LAX,8
-7,7,12,7,17,2475,UA,LAX,8
-5,7,12,7,11,2475,UA,LAX,8
-8,7,12,7,14,2475,UA,LAX,8
-1,7,10,5,6,2475,UA,LAX,6
-8,7,10,5,8,2475,UA,LAX,6
1,7,10,5,19,2475,UA,LAX,6
-3,7,10,5,17,2475,UA,LAX,6
-4,7,10,5,11,2475,UA,LAX,6
4,7,15,3,11,2475,UA,LAX,11
41,7,15,3,14,2475,UA,LAX,11
2,7,9,4,11,2475,UA,LAX,5
-2,7,9,4,14,2475,UA,LAX,5
-2,7,9,4,6,2475,UA,LAX,5
-3,7,9,4,8,2475,UA,LAX,5
52,7,9,4,19,2475,UA,LAX,5
-4,7,9,4,17,2475,UA,LAX,5
-10,7,10,5,14,2475,UA,LAX,6
5,7,8,3,6,2475,UA,LAX,4
77,7,8,3,8,2475,UA,LAX,4
3,7,8,3,19,2475,UA,LAX,4
40,7,8,3,17,2475,UA,LAX,4
70,7,8,3,11,2475,UA,LAX,4
0,7,8,3,14,2475,UA,LAX,4
-1,7,7,2,17,2475,UA,LAX,3
-4,7,7,2,11,2475,UA,LAX,3
-1,7,7,2,14,2475,UA,LAX,3
-2,7,5,7,8,2475,UA,LAX,1
-4,7,5,7,19,2475,UA,LAX,1
-8,7,5,7,17,2475,UA,LAX,1
-5,7,6,1,6,2475,UA,LAX,2
-8,7,6,1,8,2475,UA,LAX,2
32,7,6,1,19,2475,UA,LAX,2
16,7,6,1,17,2475,UA,LAX,2
0,7,6,1,11,2475,UA,LAX,2
-1,7,6,1,14,2475,UA,LAX,2
-3,7,3,5,6,2475,UA,LAX,1
-8,7,3,5,8,2475,UA,LAX,1
3,7,3,5,11,2475,UA,LAX,1
0,7,5,7,11,2475,UA,LAX,1
-3,7,5,7,14,2475,UA,LAX,1
-1,7,2,4,6,2475,UA,LAX,2
-6,7,2,4,8,2475,UA,LAX,2
6,7,2,4,19,2475,UA,LAX,2
0,7,2,4,17,2475,UA,LAX,2
-2,7,4,6,6,2475,UA,LAX,0
2,7,4,6,8,2475,UA,LAX,0
-8,7,4,6,16,2475,UA,LAX,0
-10,7,4,6,11,2475,UA,LAX,0
0,7,4,6,14,2475,UA,LAX,0
7,7,1,3,6,2475,UA,LAX,3
-3,7,1,3,8,2475,UA,LAX,3
-1,7,1,3,19,2475,UA,LAX,3
-2,7,1,3,17,2475,UA,LAX,3
-4,7,1,3,11,2475,UA,LAX,3
-8,7,1,3,14,2475,UA,LAX,3
-3,7,2,4,11,2475,UA,LAX,2
21,7,2,4,14,2475,UA,LAX,2
-5,7,7,2,6,2475,UA,LAX,3
-7,7,7,2,8,2475,UA,LAX,3
92,7,7,2,19,2475,UA,LAX,3
-5,7,17,5,7,2475,VX,LAX,13
-10,7,17,5,9,2475,VX,LAX,13
-6,7,17,5,13,2475,VX,LAX,13
5,7,17,5,16,2475,VX,LAX,13
-9,7,17,5,20,2475,VX,LAX,13
-3,7,18,6,7,2475,VX,LAX,14
-6,7,18,6,9,2475,VX,LAX,14
-5,7,18,6,13,2475,VX,LAX,14
-3,7,18,6,16,2475,VX,LAX,14
93,7,18,6,20,2475,VX,LAX,14
-5,7,19,7,7,2475,VX,LAX,15
-8,7,19,7,9,2475,VX,LAX,15
-7,7,19,7,13,2475,VX,LAX,15
-5,7,19,7,16,2475,VX,LAX,15
117,7,19,7,20,2475,VX,LAX,15
-4,7,2,4,7,2475,VX,LAX,2
-5,7,2,4,9,2475,VX,LAX,2
-3,7,2,4,13,2475,VX,LAX,2
-5,7,2,4,16,2475,VX,LAX,2
-1,7,2,4,20,2475,VX,LAX,2
0,7,27,1,7,2475,VX,LAX,23
-2,7,27,1,9,2475,VX,LAX,23
15,7,27,1,13,2475,VX,LAX,23
6,7,27,1,16,2475,VX,LAX,23
17,7,27,1,20,2475,VX,LAX,23
-7,7,28,2,7,2475,VX,LAX,24
-4,7,28,2,9,2475,VX,LAX,24
-1,7,28,2,13,2475,VX,LAX,24
0,7,28,2,16,2475,VX,LAX,24
-3,7,28,2,20,2475,VX,LAX,24
-6,7,29,3,7,2475,VX,LAX,25
-3,7,29,3,9,2475,VX,LAX,25
-2,7,29,3,13,2475,VX,LAX,25
-4,7,29,3,16,2475,VX,LAX,25
7,7,29,3,20,2475,VX,LAX,25
-9,7,3,5,7,2475,VX,LAX,1
-12,7,3,5,9,2475,VX,LAX,1
-8,7,3,5,13,2475,VX,LAX,1
-9,7,3,5,16,2475,VX,LAX,1
-10,7,11,6,7,2475,VX,LAX,7
-8,7,11,6,9,2475,VX,LAX,7
-3,7,11,6,13,2475,VX,LAX,7
-5,7,11,6,16,2475,VX,LAX,7
-6,7,11,6,20,2475,VX,LAX,7
-1,7,12,7,7,2475,VX,LAX,8
-9,7,12,7,9,2475,VX,LAX,8
-2,7,12,7,13,2475,VX,LAX,8
-3,7,12,7,16,2475,VX,LAX,8
-8,7,12,7,20,2475,VX,LAX,8
0,7,13,1,7,2475,VX,LAX,9
-9,7,13,1,9,2475,VX,LAX,9
-1,7,13,1,13,2475,VX,LAX,9
-2,7,13,1,16,2475,VX,LAX,9
-4,7,13,1,20,2475,VX,LAX,9
-2,7,14,2,7,2475,VX,LAX,10
-9,7,14,2,9,2475,VX,LAX,10
-5,7,14,2,13,2475,VX,LAX,10
35,7,14,2,16,2475,VX,LAX,10
133,7,14,2,20,2475,VX,LAX,10
-3,7,15,3,7,2475,VX,LAX,11
-4,7,15,3,9,2475,VX,LAX,11
121,7,15,3,13,2475,VX,LAX,11
21,7,15,3,16,2475,VX,LAX,11
0,7,15,3,20,2475,VX,LAX,11
-6,7,16,4,7,2475,VX,LAX,12
0,7,16,4,9,2475,VX,LAX,12
-2,7,16,4,13,2475,VX,LAX,12
-7,7,16,4,16,2475,VX,LAX,12
-5,7,16,4,20,2475,VX,LAX,12
4,7,4,6,9,2475,VX,LAX,0
3,7,4,6,13,2475,VX,LAX,0
-8,7,4,6,16,2475,VX,LAX,0
-6,7,4,6,20,2475,VX,LAX,0
-3,7,5,7,7,2475,VX,LAX,1
-7,7,5,7,9,2475,VX,LAX,1
-3,7,5,7,13,2475,VX,LAX,1
-10,7,5,7,16,2475,VX,LAX,1
-8,7,5,7,20,2475,VX,LAX,1
-3,7,6,1,7,2475,VX,LAX,2
9,7,6,1,9,2475,VX,LAX,2
-3,7,6,1,13,2475,VX,LAX,2
-1,7,6,1,16,2475,VX,LAX,2
105,7,6,1,20,2475,VX,LAX,2
-3,7,1,3,7,2475,VX,LAX,3
-10,7,1,3,9,2475,VX,LAX,3
-4,7,1,3,13,2475,VX,LAX,3
-3,7,1,3,16,2475,VX,LAX,3
5,7,1,3,20,2475,VX,LAX,3
-2,7,10,5,7,2475,VX,LAX,6
-2,7,10,5,9,2475,VX,LAX,6
-6,7,10,5,13,2475,VX,LAX,6
-6,7,10,5,16,2475,VX,LAX,6
-3,7,10,5,20,2475,VX,LAX,6
7,7,21,2,7,2475,VX,LAX,17
-3,7,21,2,9,2475,VX,LAX,17
17,7,21,2,13,2475,VX,LAX,17
-3,7,21,2,16,2475,VX,LAX,17
-3,7,21,2,20,2475,VX,LAX,17
-6,7,22,3,7,2475,VX,LAX,18
-3,7,22,3,9,2475,VX,LAX,18
41,7,22,3,13,2475,VX,LAX,18
-2,7,22,3,16,2475,VX,LAX,18
-6,7,22,3,20,2475,VX,LAX,18
-2,7,23,4,7,2475,VX,LAX,19
-7,7,23,4,9,2475,VX,LAX,19
2,7,23,4,13,2475,VX,LAX,19
-1,7,23,4,16,2475,VX,LAX,19
19,7,23,4,20,2475,VX,LAX,19
-4,7,24,5,7,2475,VX,LAX,20
-7,7,24,5,9,2475,VX,LAX,20
-5,7,24,5,13,2475,VX,LAX,20
14,7,24,5,16,2475,VX,LAX,20
-2,7,24,5,20,2475,VX,LAX,20
14,7,25,6,7,2475,VX,LAX,21
-5,7,25,6,9,2475,VX,LAX,21
-2,7,25,6,13,2475,VX,LAX,21
-5,7,25,6,16,2475,VX,LAX,21
-2,7,25,6,20,2475,VX,LAX,21
6,7,26,7,7,2475,VX,LAX,22
-9,7,26,7,9,2475,VX,LAX,22
-9,7,26,7,13,2475,VX,LAX,22
-7,7,26,7,16,2475,VX,LAX,22
-9,7,26,7,20,2475,VX,LAX,22
-7,7,30,4,7,2475,VX,LAX,26
35,7,30,4,9,2475,VX,LAX,26
410,7,30,4,13,2475,VX,LAX,26
71,7,30,4,16,2475,VX,LAX,26
160,7,30,4,20,2475,VX,LAX,26
-2,7,31,5,7,2475,VX,LAX,27
-10,7,31,5,9,2475,VX,LAX,27
-8,7,31,5,13,2475,VX,LAX,27
-3,7,31,5,16,2475,VX,LAX,27
-1,7,31,5,20,2475,VX,LAX,27
0,7,7,2,7,2475,VX,LAX,3
-3,7,7,2,9,2475,VX,LAX,3
-4,7,7,2,13,2475,VX,LAX,3
15,7,7,2,16,2475,VX,LAX,3
-5,7,7,2,20,2475,VX,LAX,3
0,7,8,3,7,2475,VX,LAX,4
-4,7,8,3,9,2475,VX,LAX,4
-3,7,8,3,13,2475,VX,LAX,4
0,7,8,3,16,2475,VX,LAX,4
-2,7,8,3,20,2475,VX,LAX,4
-2,7,9,4,7,2475,VX,LAX,5
-6,7,9,4,9,2475,VX,LAX,5
-4,7,9,4,13,2475,VX,LAX,5
4,7,9,4,16,2475,VX,LAX,5
105,7,9,4,20,2475,VX,LAX,5
0,7,20,1,7,2475,VX,LAX,16
-8,7,20,1,9,2475,VX,LAX,16
-3,7,20,1,13,2475,VX,LAX,16
19,7,20,1,16,2475,VX,LAX,16
-4,7,20,1,20,2475,VX,LAX,16
13,7,11,6,6,2475,UA,LAX,7
-4,7,11,6,8,2475,UA,LAX,7
