-2,1,29,4,11,2475,UA,LAX,8
-6,1,29,4,14,2475,UA,LAX,8
-1,1,30,5,6,2475,UA,LAX,9
-4,1,30,5,8,2475,UA,LAX,9
9,1,30,5,19,2475,UA,LAX,9
-3,1,30,5,17,2475,UA,LAX,9
2,1,30,5,11,2475,UA,LAX,9
77,1,30,5,14,2475,UA,LAX,9
1,1,28,3,6,2475,UA,LAX,7
-4,1,28,3,8,2475,UA,LAX,7
-5,1,28,3,19,2475,UA,LAX,7
0,1,28,3,17,2475,UA,LAX,7
1,1,28,3,11,2475,UA,LAX,7
1,1,31,6,6,2475,UA,LAX,10
-1,1,31,6,8,2475,UA,LAX,10
-5,1,31,6,17,2475,UA,LAX,10
-7,1,31,6,11,2475,UA,LAX,10
-3,1,31,6,14,2475,UA,LAX,10
7,1,26,1,6,2475,UA,LAX,5
-1,1,26,1,8,2475,UA,LAX,5
18,1,26,1,17,2475,UA,LAX,5
1,1,26,1,11,2475,UA,LAX,5
1,1,26,1,14,2475,UA,LAX,5
2,1,24,6,6,2475,UA,LAX,3
156,1,24,6,8,2475,UA,LAX,3
-1,1,29,4,6,2475,UA,LAX,8
-6,1,29,4,8,2475,UA,LAX,8
-2,1,29,4,19,2475,UA,LAX,8
-12,1,29,4,17,2475,UA,LAX,8
-4,1,25,7,17,2475,UA,LAX,4
-4,1,25,7,11,2475,UA,LAX,4
-1,1,25,7,14,2475,UA,LAX,4
-1,1,25,7,8,2475,UA,LAX,4
49,1,25,7,19,2475,UA,LAX,4
-2,1,22,4,6,2475,UA,LAX,1
-8,1,22,4,8,2475,UA,LAX,1
10,1,22,4,19,2475,UA,LAX,1
-7,1,23,5,6,2475,UA,LAX,2
-8,1,23,5,8,2475,UA,LAX,2
2,1,23,5,19,2475,UA,LAX,2
13,1,23,5,17,2475,UA,LAX,2
1,1,23,5,11,2475,UA,LAX,2
-13,1,23,5,14,2475,UA,LAX,2
0,1,19,1,6,2475,UA,LAX,2
-9,1,19,1,8,2475,UA,LAX,2
-7,1,19,1,17,2475,UA,LAX,2
-3,1,24,6,17,2475,UA,LAX,3
-6,1,24,6,11,2475,UA,LAX,3
-4,1,24,6,14,2475,UA,LAX,3
-9,1,21,3,6,2475,UA,LAX,0
-1,1,21,3,8,2475,UA,LAX,0
-3,1,21,3,19,2475,UA,LAX,0
-5,1,21,3,17,2475,UA,LAX,0
7,1,21,3,11,2475,UA,LAX,0
5,1,21,3,14,2475,UA,LAX,0
-5,1,18,7,8,2475,UA,LAX,3
4,1,18,7,19,2475,UA,LAX,3
0,1,18,7,17,2475,UA,LAX,3
-6,1,18,7,11,2475,UA,LAX,3
-3,1,22,4,17,2475,UA,LAX,1
2,1,22,4,11,2475,UA,LAX,1
-2,1,22,4,14,2475,UA,LAX,1
-4,1,20,2,8,2475,UA,LAX,1
-2,1,20,2,19,2475,UA,LAX,1
-10,1,20,2,17,2475,UA,LAX,1
-11,1,20,2,11,2475,UA,LAX,1
-11,1,20,2,14,2475,UA,LAX,1
-3,1,19,1,11,2475,UA,LAX,2
-1,1,19,1,14,2475,UA,LAX,2
-6,1,16,5,6,2475,UA,LAX,5
-5,1,16,5,8,2475,UA,LAX,5
-1,1,16,5,19,2475,UA,LAX,5
-5,1,16,5,17,2475,UA,LAX,5
-6,1,16,5,11,2475,UA,LAX,5
-5,1,16,5,14,2475,UA,LAX,5
0,1,15,4,6,2475,UA,LAX,6
33,1,15,4,8,2475,UA,LAX,6
10,1,15,4,19,2475,UA,LAX,6
-8,1,15,4,17,2475,UA,LAX,6
-7,1,13,2,6,2475,UA,LAX,8
87,1,13,2,8,2475,UA,LAX,8
1,1,13,2,19,2475,UA,LAX,8
-12,1,13,2,17,2475,UA,LAX,8
-6,1,13,2,11,2475,UA,LAX,8
-7,1,13,2,14,2475,UA,LAX,8
-2,1,18,7,14,2475,UA,LAX,3
0,1,15,4,11,2475,UA,LAX,6
-6,1,15,4,14,2475,UA,LAX,6
-1,1,20,2,6,2475,UA,LAX,1
0,1,17,6,6,2475,UA,LAX,4
-3,1,17,6,8,2475,UA,LAX,4
4,1,17,6,17,2475,UA,LAX,4
-6,1,17,6,11,2475,UA,LAX,4
342,1,17,6,14,2475,UA,LAX,4
-2,1,11,7,17,2475,UA,LAX,10
-6,1,11,7,11,2475,UA,LAX,10
-8,1,11,7,14,2475,UA,LAX,10
-3,2,1,7,9,2475,AA,LAX,11
-4,2,3,2,9,2475,AA,LAX,13
-5,2,4,3,9,2475,AA,LAX,14
-7,2,5,4,9,2475,AA,LAX,13
-2,2,6,5,9,2475,AA,LAX,12
-5,2,7,6,9,2475,AA,LAX,11
-3,2,8,7,9,2475,AA,LAX,10
27,2,9,1,9,2475,AA,LAX,9
-2,2,10,2,9,2475,AA,LAX,8
-4,2,11,3,9,2475,AA,LAX,7
6,2,12,4,9,2475,AA,LAX,6
31,2,13,5,9,2475,AA,LAX,5
-4,2,14,6,9,2475,AA,LAX,4
-3,2,15,7,9,2475,AA,LAX,3
-2,2,16,1,9,2475,AA,LAX,2
100,2,17,2,9,2475,AA,LAX,1
-6,2,18,3,9,2475,AA,LAX,0
-4,2,19,4,9,2475,AA,LAX,1
11,2,20,5,9,2475,AA,LAX,2
-9,2,21,6,9,2475,AA,LAX,3
-6,2,23,1,9,2475,AA,LAX,5
-6,2,24,2,9,2475,AA,LAX,6
-8,2,25,3,9,2475,AA,LAX,7
-7,2,26,4,9,2475,AA,LAX,8
-4,2,27,5,9,2475,AA,LAX,9
-8,2,28,6,9,2475,AA,LAX,10
-5,2,1,7,12,2475,AA,LAX,11
154,2,3,2,12,2475,AA,LAX,13
-1,2,4,3,12,2475,AA,LAX,14
59,2,5,4,12,2475,AA,LAX,13
-3,2,6,5,12,2475,AA,LAX,12
-2,2,7,6,12,2475,AA,LAX,11
-6,2,8,7,12,2475,AA,LAX,10
4,2,10,2,12,2475,AA,LAX,8
24,2,11,3,12,2475,AA,LAX,7
-9,2,12,4,12,2475,AA,LAX,6
-8,2,13,5,12,2475,AA,LAX,5
-10,2,14,6,12,2475,AA,LAX,4
-3,2,15,7,12,2475,AA,LAX,3
-5,2,16,1,12,2475,AA,LAX,2
72,2,17,2,12,2475,AA,LAX,1
-9,2,18,3,12,2475,AA,LAX,0
21,2,19,4,12,2475,AA,LAX,1
-4,2,20,5,12,2475,AA,LAX,2
1,2,21,6,12,2475,AA,LAX,3
-3,2,22,7,12,2475,AA,LAX,4
-4,2,23,1,12,2475,AA,LAX,5
-4,2,24,2,12,2475,AA,LAX,6
-9,2,25,3,12,2475,AA,LAX,7
77,2,26,4,12,2475,AA,LAX,8
361,2,27,5,12,2475,AA,LAX,9
-10,2,28,6,12,2475,AA,LAX,10
-7,2,1,7,7,2475,AA,LAX,11
-3,2,3,2,7,2475,AA,LAX,13
-7,2,4,3,7,2475,AA,LAX,14
-3,2,5,4,7,2475,AA,LAX,13
-5,2,6,5,7,2475,AA,LAX,12
-8,2,7,6,7,2475,AA,LAX,11
-7,2,8,7,7,2475,AA,LAX,10
0,2,9,1,7,2475,AA,LAX,9
2,2,10,2,7,2475,AA,LAX,8
-11,2,11,3,7,2475,AA,LAX,7
-7,2,12,4,7,2475,AA,LAX,6
-3,2,13,5,7,2475,AA,LAX,5
-4,2,14,6,7,2475,AA,LAX,4
-9,2,16,1,7,2475,AA,LAX,2
99,2,17,2,7,2475,AA,LAX,1
7,2,18,3,7,2475,AA,LAX,0
-7,2,19,4,7,2475,AA,LAX,1
-1,2,20,5,7,2475,AA,LAX,2
-5,2,21,6,7,2475,AA,LAX,3
10,2,22,7,7,2475,AA,LAX,4
-9,2,23,1,7,2475,AA,LAX,5
-8,2,24,2,7,2475,AA,LAX,6
-7,2,25,3,7,2475,AA,LAX,7
-5,2,26,4,7,2475,AA,LAX,8
-1,2,27,5,7,2475,AA,LAX,9
-2,2,28,6,7,2475,AA,LAX,10
-7,2,1,7,11,2475,AA,LAX,11
174,2,3,2,11,2475,AA,LAX,13
-1,2,4,3,11,2475,AA,LAX,14
-3,2,5,4,11,2475,AA,LAX,13
33,2,6,5,11,2475,AA,LAX,12
-2,2,7,6,11,2475,AA,LAX,11
-6,2,8,7,11,2475,AA,LAX,10
23,2,9,1,11,2475,AA,LAX,9
-4,2,10,2,11,2475,AA,LAX,8
-5,2,11,3,11,2475,AA,LAX,7
-9,2,12,4,11,2475,AA,LAX,6
3,2,13,5,11,2475,AA,LAX,5
-5,2,14,6,11,2475,AA,LAX,4
31,2,15,7,11,2475,AA,LAX,3
-11,2,16,1,11,2475,AA,LAX,2
74,2,17,2,11,2475,AA,LAX,1
18,2,18,3,11,2475,AA,LAX,0
-2,2,19,4,11,2475,AA,LAX,1
0,2,20,5,11,2475,AA,LAX,2
-6,2,21,6,11,2475,AA,LAX,3
31,2,23,1,11,2475,AA,LAX,5
-6,2,24,2,11,2475,AA,LAX,6
-4,2,25,3,11,2475,AA,LAX,7
-6,2,26,4,11,2475,AA,LAX,8
-5,2,27,5,11,2475,AA,LAX,9
-7,2,28,6,11,2475,AA,LAX,10
-6,2,1,7,18,2475,AA,LAX,11
214,2,2,1,18,2475,AA,LAX,12
-3,2,3,2,18,2475,AA,LAX,13
-7,2,4,3,18,2475,AA,LAX,14
-2,2,5,4,18,2475,AA,LAX,13
-2,2,6,5,18,2475,AA,LAX,12
4,2,7,6,18,2475,AA,LAX,11
5,2,8,7,18,2475,AA,LAX,10
-2,2,10,2,18,2475,AA,LAX,8
3,2,11,3,18,2475,AA,LAX,7
-4,2,12,4,18,2475,AA,LAX,6
-2,2,13,5,18,2475,AA,LAX,5
26,2,14,6,18,2475,AA,LAX,4
4,2,15,7,18,2475,AA,LAX,3
-2,2,16,1,18,2475,AA,LAX,2
-2,2,17,2,18,2475,AA,LAX,1
0,2,18,3,18,2475,AA,LAX,0
19,2,19,4,18,2475,AA,LAX,1
-5,2,20,5,18,2475,AA,LAX,2
326,2,21,6,18,2475,AA,LAX,3
7,2,22,7,18,2475,AA,LAX,4
-3,2,23,1,18,2475,AA,LAX,5
-5,2,24,2,18,2475,AA,LAX,6
-7,2,25,3,18,2475,AA,LAX,7
47,2,26,4,18,2475,AA,LAX,8
-3,2,27,5,18,2475,AA,LAX,9
-2,2,28,6,18,2475,AA,LAX,10
-6,2,1,7,8,2475,AA,LAX,11
-4,2,3,2,8,2475,AA,LAX,13
-5,2,4,3,8,2475,AA,LAX,14
-8,2,5,4,8,2475,AA,LAX,13
-4,2,6,5,8,2475,AA,LAX,12
9,2,7,6,8,2475,AA,LAX,11
-1,2,8,7,8,2475,AA,LAX,10
1,2,9,1,8,2475,AA,LAX,9
-7,2,10,2,8,2475,AA,LAX,8
8,2,11,3,8,2475,AA,LAX,7
-8,2,12,4,8,2475,AA,LAX,6
-2,2,13,5,8,2475,AA,LAX,5
-3,2,14,6,8,2475,AA,LAX,4
-2,2,16,1,8,2475,AA,LAX,2
101,2,17,2,8,2475,AA,LAX,1
-2,2,18,3,8,2475,AA,LAX,0
35,2,19,4,8,2475,AA,LAX,1
49,2,20,5,8,2475,AA,LAX,2
-4,2,21,6,8,2475,AA,LAX,3
177,2,22,7,8,2475,AA,LAX,4
3,2,23,1,8,2475,AA,LAX,5
-5,2,24,2,8,2475,AA,LAX,6
-8,2,25,3,8,2475,AA,LAX,7
-7,2,26,4,8,2475,AA,LAX,8
-9,2,27,5,8,2475,AA,LAX,9
-8,2,28,6,8,2475,AA,LAX,10
-7,2,1,7,16,2475,AA,LAX,11
161,2,2,1,16,2475,AA,LAX,12
-5,2,3,2,16,2475,AA,LAX,13
-2,2,4,3,16,2475,AA,LAX,14
-2,2,5,4,16,2475,AA,LAX,13
-3,2,6,5,16,2475,AA,LAX,12
40,2,7,6,16,2475,AA,LAX,11
-6,2,8,7,16,2475,AA,LAX,10
-7,2,9,1,16,2475,AA,LAX,9
2,2,10,2,16,2475,AA,LAX,8
-1,2,11,3,16,2475,AA,LAX,7
6,2,12,4,16,2475,AA,LAX,6
-2,2,13,5,16,2475,AA,LAX,5
51,2,14,6,16,2475,AA,LAX,4
0,2,15,7,16,2475,AA,LAX,3
4,2,16,1,16,2475,AA,LAX,2
28,2,17,2,16,2475,AA,LAX,1
-3,2,18,3,16,2475,AA,LAX,0
29,2,19,4,16,2475,AA,LAX,1
24,2,20,5,16,2475,AA,LAX,2
5,2,21,6,16,2475,AA,LAX,3
208,2,22,7,16,2475,AA,LAX,4
-1,2,23,1,16,2475,AA,LAX,5
-10,2,24,2,16,2475,AA,LAX,6
4,2,25,3,16,2475,AA,LAX,7
9,2,26,4,16,2475,AA,LAX,8
-2,2,27,5,16,2475,AA,LAX,9
12,2,28,6,16,2475,AA,LAX,10
-3,2,1,7,6,2475,AA,LAX,11
2,2,3,2,6,2475,AA,LAX,13
-5,2,4,3,6,2475,AA,LAX,14
-10,2,5,4,6,2475,AA,LAX,13
-5,2,6,5,6,2475,AA,LAX,12
-4,2,8,7,6,2475,AA,LAX,10
-4,2,10,2,6,2475,AA,LAX,8
-3,2,11,3,6,2475,AA,LAX,7
-7,2,12,4,6,2475,AA,LAX,6
-4,2,13,5,6,2475,AA,LAX,5
-6,2,16,1,6,2475,AA,LAX,2
91,2,17,2,6,2475,AA,LAX,1
-5,2,18,3,6,2475,AA,LAX,0
-7,2,19,4,6,2475,AA,LAX,1
0,2,20,5,6,2475,AA,LAX,2
-5,2,23,1,6,2475,AA,LAX,5
-3,2,24,2,6,2475,AA,LAX,6
-6,2,25,3,6,2475,AA,LAX,7
1,2,26,4,6,2475,AA,LAX,8
27,2,27,5,6,2475,AA,LAX,9
19,2,1,7,17,2475,AA,LAX,11
154,2,2,1,17,2475,AA,LAX,12
16,2,3,2,17,2475,AA,LAX,13
3,2,4,3,17,2475,AA,LAX,14
20,2,5,4,17,2475,AA,LAX,13
-3,2,6,5,17,2475,AA,LAX,12
-6,2,7,6,17,2475,AA,LAX,11
-2,2,8,7,17,2475,AA,LAX,10
114,2,10,2,17,2475,AA,LAX,8
8,2,11,3,17,2475,AA,LAX,7
0,2,12,4,17,2475,AA,LAX,6
3,2,13,5,17,2475,AA,LAX,5
20,2,14,6,17,2475,AA,LAX,4
1,2,15,7,17,2475,AA,LAX,3
47,2,16,1,17,2475,AA,LAX,2
6,2,17,2,17,2475,AA,LAX,1
2,2,18,3,17,2475,AA,LAX,0
-2,2,19,4,17,2475,AA,LAX,1
-5,2,20,5,17,2475,AA,LAX,2
74,2,21,6,17,2475,AA,LAX,3
94,2,22,7,17,2475,AA,LAX,4
3,2,23,1,17,2475,AA,LAX,5
-5,2,24,2,17,2475,AA,LAX,6
-3,2,25,3,17,2475,AA,LAX,7
144,2,26,4,17,2475,AA,LAX,8
-1,2,27,5,17,2475,AA,LAX,9
-4,2,28,6,17,2475,AA,LAX,10
1,2,1,7,20,2475,AA,LAX,11
763,2,2,1,20,2475,AA,LAX,12
108,2,3,2,20,2475,AA,LAX,13
21,2,4,3,20,2475,AA,LAX,14
31,2,5,4,20,2475,AA,LAX,13
-5,2,6,5,20,2475,AA,LAX,12
7,2,7,6,20,2475,AA,LAX,11
14,2,8,7,20,2475,AA,LAX,10
21,2,10,2,20,2475,AA,LAX,8
5,2,11,3,20,2475,AA,LAX,7
7,2,12,4,20,2475,AA,LAX,6
-6,2,13,5,20,2475,AA,LAX,5
26,2,14,6,20,2475,AA,LAX,4
-8,2,15,7,20,2475,AA,LAX,3
-1,2,16,1,20,2475,AA,LAX,2
8,2,17,2,20,2475,AA,LAX,1
51,2,18,3,20,2475,AA,LAX,0
16,2,19,4,20,2475,AA,LAX,1
-4,2,20,5,20,2475,AA,LAX,2
170,2,21,6,20,2475,AA,LAX,3
113,2,22,7,20,2475,AA,LAX,4
-5,2,23,1,20,2475,AA,LAX,5
-2,2,24,2,20,2475,AA,LAX,6
19,2,25,3,20,2475,AA,LAX,7
62,2,26,4,20,2475,AA,LAX,8
-5,2,27,5,20,2475,AA,LAX,9
1,2,28,6,20,2475,AA,LAX,10
-4,2,1,7,10,2475,AA,LAX,11
91,2,2,1,10,2475,AA,LAX,12
22,2,3,2,10,2475,AA,LAX,13
-6,2,4,3,10,2475,AA,LAX,14
-7,2,5,4,10,2475,AA,LAX,13
-6,2,6,5,10,2475,AA,LAX,12
-6,2,7,6,10,2475,AA,LAX,11
1,2,8,7,10,2475,AA,LAX,10
-5,2,10,2,10,2475,AA,LAX,8
-7,2,11,3,10,2475,AA,LAX,7
-3,2,12,4,10,2475,AA,LAX,6
4,2,13,5,10,2475,AA,LAX,5
-3,2,14,6,10,2475,AA,LAX,4
44,2,16,1,10,2475,AA,LAX,2
202,2,17,2,10,2475,AA,LAX,1
-1,2,18,3,10,2475,AA,LAX,0
-12,2,19,4,10,2475,AA,LAX,1
-7,2,20,5,10,2475,AA,LAX,2
10,2,21,6,10,2475,AA,LAX,3
-6,2,23,1,10,2475,AA,LAX,5
-8,2,24,2,10,2475,AA,LAX,6
-9,2,25,3,10,2475,AA,LAX,7
-6,2,26,4,10,2475,AA,LAX,8
-9,2,27,5,10,2475,AA,LAX,9
-6,2,28,6,10,2475,AA,LAX,10
-1,2,1,7,19,2475,AA,LAX,11
28,2,2,1,19,2475,AA,LAX,12
-1,2,3,2,19,2475,AA,LAX,13
-6,2,4,3,19,2475,AA,LAX,14
5,2,5,4,19,2475,AA,LAX,13
-4,2,6,5,19,2475,AA,LAX,12
-3,2,8,7,19,2475,AA,LAX,10
2,2,9,1,19,2475,AA,LAX,9
-7,2,10,2,19,2475,AA,LAX,8
4,2,11,3,19,2475,AA,LAX,7
-4,2,12,4,19,2475,AA,LAX,6
22,2,13,5,19,2475,AA,LAX,5
0,2,15,7,19,2475,AA,LAX,3
1,2,16,1,19,2475,AA,LAX,2
-3,2,17,2,19,2475,AA,LAX,1
-3,2,18,3,19,2475,AA,LAX,0
60,2,19,4,19,2475,AA,LAX,1
0,2,20,5,19,2475,AA,LAX,2
151,2,22,7,19,2475,AA,LAX,4
-4,2,23,1,19,2475,AA,LAX,5
-3,2,24,2,19,2475,AA,LAX,6
102,2,25,3,19,2475,AA,LAX,7
100,2,26,4,19,2475,AA,LAX,8
110,2,27,5,19,2475,AA,LAX,9
26,2,1,7,14,2475,AA,LAX,11
1,2,3,2,14,2475,AA,LAX,13
77,2,4,3,14,2475,AA,LAX,14
-2,2,5,4,14,2475,AA,LAX,13
-5,2,6,5,14,2475,AA,LAX,12
-8,2,7,6,14,2475,AA,LAX,11
-8,2,8,7,14,2475,AA,LAX,10
-4,2,10,2,14,2475,AA,LAX,8
-7,2,11,3,14,2475,AA,LAX,7
-5,2,12,4,14,2475,AA,LAX,6
-11,2,13,5,14,2475,AA,LAX,5
15,2,14,6,14,2475,AA,LAX,4
20,2,15,7,14,2475,AA,LAX,3
51,2,16,1,14,2475,AA,LAX,2
38,2,17,2,14,2475,AA,LAX,1
-4,2,18,3,14,2475,AA,LAX,0
-4,2,19,4,14,2475,AA,LAX,1
-7,2,20,5,14,2475,AA,LAX,2
-6,2,21,6,14,2475,AA,LAX,3
13,2,22,7,14,2475,AA,LAX,4
-4,2,23,1,14,2475,AA,LAX,5
-2,2,24,2,14,2475,AA,LAX,6
-5,2,25,3,14,2475,AA,LAX,7
30,2,26,4,14,2475,AA,LAX,8
-1,2,27,5,14,2475,AA,LAX,9
-1,2,28,6,14,2475,AA,LAX,10
-1,2,1,7,8,2475,B6,LAX,11
50,2,2,1,8,2475,B6,LAX,12
6,2,3,2,8,2475,B6,LAX,13
-3,2,4,3,8,2475,B6,LAX,14
-6,2,5,4,8,2475,B6,LAX,13
26,2,6,5,8,2475,B6,LAX,12
-4,2,7,6,8,2475,B6,LAX,11
-4,2,8,7,8,2475,B6,LAX,10
0,2,10,2,8,2475,B6,LAX,8
-2,2,11,3,8,2475,B6,LAX,7
-5,2,12,4,8,2475,B6,LAX,6
-2,2,13,5,8,2475,B6,LAX,5
-8,2,14,6,8,2475,B6,LAX,4
0,2,15,7,8,2475,B6,LAX,3
28,2,16,1,8,2475,B6,LAX,2
39,2,17,2,8,2475,B6,LAX,1
-4,2,18,3,8,2475,B6,LAX,0
0,2,19,4,8,2475,B6,LAX,1
5,2,20,5,8,2475,B6,LAX,2
4,2,21,6,8,2475,B6,LAX,3
55,2,22,7,8,2475,B6,LAX,4
-4,2,23,1,8,2475,B6,LAX,5
-6,2,24,2,8,2475,B6,LAX,6
-2,2,25,3,8,2475,B6,LAX,7
2,2,26,4,8,2475,B6,LAX,8
-4,2,27,5,8,2475,B6,LAX,9
-3,2,28,6,8,2475,B6,LAX,10
-2,2,1,7,6,2475,B6,LAX,11
-4,2,2,1,6,2475,B6,LAX,12
71,2,3,2,6,2475,B6,LAX,13
-1,2,4,3,6,2475,B6,LAX,14
0,2,5,4,6,2475,B6,LAX,13
-2,2,6,5,6,2475,B6,LAX,12
0,2,7,6,6,2475,B6,LAX,11
-1,2,8,7,6,2475,B6,LAX,10
84,2,9,1,6,2475,B6,LAX,9
77,2,10,2,6,2475,B6,LAX,8
-2,2,11,3,6,2475,B6,LAX,7
-9,2,12,4,6,2475,B6,LAX,6
17,2,13,5,6,2475,B6,LAX,5
15,2,14,6,6,2475,B6,LAX,4
-2,2,15,7,6,2475,B6,LAX,3
28,2,16,1,6,2475,B6,LAX,2
9,2,17,2,6,2475,B6,LAX,1
-4,2,18,3,6,2475,B6,LAX,0
-2,2,19,4,6,2475,B6,LAX,1
-1,2,20,5,6,2475,B6,LAX,2
-5,2,21,6,6,2475,B6,LAX,3
1,2,22,7,6,2475,B6,LAX,4
2,2,23,1,6,2475,B6,LAX,5
-4,2,24,2,6,2475,B6,LAX,6
-5,2,25,3,6,2475,B6,LAX,7
-5,2,26,4,6,2475,B6,LAX,8
-5,2,27,5,6,2475,B6,LAX,9
9,2,28,6,6,2475,B6,LAX,10
-3,2,21,6,11,2475,B6,LAX,3
82,2,22,7,11,2475,B6,LAX,4
-3,2,23,1,11,2475,B6,LAX,5
-3,2,24,2,11,2475,B6,LAX,6
44,2,25,3,11,2475,B6,LAX,7
-6,2,26,4,11,2475,B6,LAX,8
-9,2,27,5,11,2475,B6,LAX,9
-1,2,28,6,11,2475,B6,LAX,10
-3,2,1,7,11,2475,B6,LAX,11
35,2,2,1,11,2475,B6,LAX,12
21,2,3,2,11,2475,B6,LAX,13
-3,2,4,3,11,2475,B6,LAX,14
-2,2,5,4,11,2475,B6,LAX,13
-5,2,6,5,11,2475,B6,LAX,12
-4,2,7,6,11,2475,B6,LAX,11
0,2,8,7,11,2475,B6,LAX,10
-3,2,9,1,11,2475,B6,LAX,9
0,2,10,2,11,2475,B6,LAX,8
-2,2,11,3,11,2475,B6,LAX,7
-1,2,12,4,11,2475,B6,LAX,6
1,2,13,5,11,2475,B6,LAX,5
1,2,14,6,11,2475,B6,LAX,4
0,2,15,7,11,2475,B6,LAX,3
10,2,16,1,11,2475,B6,LAX,2
11,2,17,2,11,2475,B6,LAX,1
-3,2,18,3,11,2475,B6,LAX,0
-4,2,19,4,11,2475,B6,LAX,1
7,2,20,5,11,2475,B6,LAX,2
-1,2,1,7,21,2475,B6,LAX,11
47,2,3,2,21,2475,B6,LAX,13
-2,2,4,3,21,2475,B6,LAX,14
20,2,5,4,21,2475,B6,LAX,13
21,2,6,5,21,2475,B6,LAX,12
57,2,8,7,21,2475,B6,LAX,10
60,2,9,1,21,2475,B6,LAX,9
24,2,10,2,21,2475,B6,LAX,8
-3,2,11,3,21,2475,B6,LAX,7
-3,2,12,4,21,2475,B6,LAX,6
7,2,13,5,21,2475,B6,LAX,5
24,2,15,7,21,2475,B6,LAX,3
11,2,16,1,21,2475,B6,LAX,2
22,2,17,2,21,2475,B6,LAX,1
5,2,18,3,21,2475,B6,LAX,0
51,2,19,4,21,2475,B6,LAX,1
32,2,20,5,21,2475,B6,LAX,2
-3,2,22,7,21,2475,B6,LAX,4
-1,2,23,1,21,2475,B6,LAX,5
47,2,24,2,21,2475,B6,LAX,6
-2,2,25,3,21,2475,B6,LAX,7
-2,2,26,4,21,2475,B6,LAX,8
23,2,27,5,21,2475,B6,LAX,9
6,2,1,7,15,2475,B6,LAX,11
32,2,2,1,15,2475,B6,LAX,12
40,2,3,2,15,2475,B6,LAX,13
0,2,4,3,15,2475,B6,LAX,14
134,2,5,4,15,2475,B6,LAX,13
-4,2,6,5,15,2475,B6,LAX,12
-5,2,7,6,15,2475,B6,LAX,11
-4,2,8,7,15,2475,B6,LAX,10
-3,2,9,1,15,2475,B6,LAX,9
0,2,10,2,15,2475,B6,LAX,8
10,2,11,3,15,2475,B6,LAX,7
11,2,12,4,16,2475,B6,LAX,6
3,2,13,5,16,2475,B6,LAX,5
-2,2,14,6,16,2475,B6,LAX,4
-4,2,15,7,16,2475,B6,LAX,3
1,2,16,1,16,2475,B6,LAX,2
5,2,17,2,16,2475,B6,LAX,1
7,2,18,3,16,2475,B6,LAX,0
19,2,19,4,16,2475,B6,LAX,1
5,2,20,5,16,2475,B6,LAX,2
-4,2,21,6,16,2475,B6,LAX,3
19,2,22,7,16,2475,B6,LAX,4
4,2,23,1,16,2475,B6,LAX,5
36,2,24,2,16,2475,B6,LAX,6
-1,2,25,3,16,2475,B6,LAX,7
-2,2,26,4,16,2475,B6,LAX,8
-3,2,27,5,16,2475,B6,LAX,9
-3,2,28,6,16,2475,B6,LAX,10
-1,2,1,7,9,2475,B6,LAX,11
-3,2,2,1,9,2475,B6,LAX,12
3,2,3,2,9,2475,B6,LAX,13
-1,2,4,3,9,2475,B6,LAX,14
-2,2,5,4,9,2475,B6,LAX,13
0,2,6,5,9,2475,B6,LAX,12
-1,2,7,6,9,2475,B6,LAX,11
44,2,8,7,9,2475,B6,LAX,10
-2,2,9,1,9,2475,B6,LAX,9
13,2,10,2,9,2475,B6,LAX,8
0,2,11,3,9,2475,B6,LAX,7
4,2,12,4,9,2475,B6,LAX,6
0,2,13,5,9,2475,B6,LAX,5
-4,2,14,6,9,2475,B6,LAX,4
-7,2,15,7,9,2475,B6,LAX,3
74,2,16,1,9,2475,B6,LAX,2
47,2,17,2,9,2475,B6,LAX,1
41,2,18,3,9,2475,B6,LAX,0
-2,2,19,4,9,2475,B6,LAX,1
19,2,20,5,9,2475,B6,LAX,2
-5,2,21,6,9,2475,B6,LAX,3
102,2,22,7,9,2475,B6,LAX,4
3,2,23,1,9,2475,B6,LAX,5
-4,2,24,2,9,2475,B6,LAX,6
-3,2,25,3,9,2475,B6,LAX,7
-2,2,26,4,9,2475,B6,LAX,8
-3,2,27,5,9,2475,B6,LAX,9
-2,2,28,6,9,2475,B6,LAX,10
28,2,1,7,17,2475,DL,LAX,11
9,2,1,7,9,2475,DL,LAX,11
0,2,1,7,11,2475,DL,LAX,11
12,2,1,7,19,2475,DL,LAX,11
113,2,1,7,8,2475,DL,LAX,11
57,2,2,1,9,2475,DL,LAX,12
28,2,2,1,15,2475,DL,LAX,12
15,2,2,1,7,2475,DL,LAX,12
164,2,2,1,21,2475,DL,LAX,12
32,2,2,1,11,2475,DL,LAX,12
36,2,2,1,18,2475,DL,LAX,12
17,2,3,2,17,2475,DL,LAX,13
13,2,3,2,15,2475,DL,LAX,13
68,2,3,2,7,2475,DL,LAX,13
93,2,3,2,21,2475,DL,LAX,13
57,2,3,2,11,2475,DL,LAX,13
15,2,3,2,18,2475,DL,LAX,13
14,2,4,3,17,2475,DL,LAX,14
17,2,4,3,9,2475,DL,LAX,14
13,2,4,3,15,2475,DL,LAX,14
21,2,4,3,7,2475,DL,LAX,14
0,2,5,4,17,2475,DL,LAX,13
1,2,5,4,9,2475,DL,LAX,13
13,2,5,4,15,2475,DL,LAX,13
2,2,5,4,7,2475,DL,LAX,13
16,2,5,4,21,2475,DL,LAX,13
-6,2,5,4,11,2475,DL,LAX,13
55,2,5,4,18,2475,DL,LAX,13
9,2,5,4,8,2475,DL,LAX,13
0,2,6,5,17,2475,DL,LAX,12
28,2,6,5,9,2475,DL,LAX,12
8,2,6,5,15,2475,DL,LAX,12
12,2,6,5,7,2475,DL,LAX,12
15,2,6,5,21,2475,DL,LAX,12
-4,2,6,5,11,2475,DL,LAX,12
-3,2,6,5,18,2475,DL,LAX,12
-1,2,6,5,8,2475,DL,LAX,12
35,2,8,7,9,2475,DL,LAX,10
-4,2,8,7,7,2475,DL,LAX,10
0,2,8,7,21,2475,DL,LAX,10
-1,2,8,7,15,2475,DL,LAX,10
-8,2,8,7,11,2475,DL,LAX,10
8,2,8,7,18,2475,DL,LAX,10
-3,2,8,7,17,2475,DL,LAX,10
-2,2,8,7,8,2475,DL,LAX,10
-5,2,7,6,17,2475,DL,LAX,11
17,2,7,6,15,2475,DL,LAX,11
0,2,7,6,18,2475,DL,LAX,11
-7,2,7,6,11,2475,DL,LAX,11
84,2,4,3,21,2475,DL,LAX,14
5,2,4,3,11,2475,DL,LAX,14
11,2,4,3,18,2475,DL,LAX,14
-2,2,4,3,8,2475,DL,LAX,14
7,2,9,1,17,2475,DL,LAX,9
-1,2,9,1,15,2475,DL,LAX,9
30,2,9,1,7,2475,DL,LAX,9
74,2,9,1,21,2475,DL,LAX,9
88,2,9,1,11,2475,DL,LAX,9
-6,2,9,1,18,2475,DL,LAX,9
8,2,12,4,17,2475,DL,LAX,6
29,2,12,4,9,2475,DL,LAX,6
22,2,12,4,15,2475,DL,LAX,6
25,2,12,4,7,2475,DL,LAX,6
28,2,12,4,21,2475,DL,LAX,6
0,2,12,4,11,2475,DL,LAX,6
-4,2,12,4,18,2475,DL,LAX,6
5,2,12,4,8,2475,DL,LAX,6
16,2,11,3,17,2475,DL,LAX,7
-2,2,11,3,9,2475,DL,LAX,7
-1,2,11,3,15,2475,DL,LAX,7
10,2,11,3,7,2475,DL,LAX,7
26,2,11,3,21,2475,DL,LAX,7
-1,2,11,3,11,2475,DL,LAX,7
1,2,11,3,18,2475,DL,LAX,7
0,2,11,3,8,2475,DL,LAX,7
14,2,13,5,9,2475,DL,LAX,5
24,2,13,5,11,2475,DL,LAX,5
126,2,13,5,7,2475,DL,LAX,5
29,2,13,5,21,2475,DL,LAX,5
5,2,13,5,17,2475,DL,LAX,5
164,2,13,5,18,2475,DL,LAX,5
1,2,13,5,8,2475,DL,LAX,5
71,2,13,5,15,2475,DL,LAX,5
77,2,15,7,21,2475,DL,LAX,3
0,2,15,7,17,2475,DL,LAX,3
0,2,15,7,18,2475,DL,LAX,3
32,2,15,7,8,2475,DL,LAX,3
1,2,14,6,11,2475,DL,LAX,4
31,2,14,6,21,2475,DL,LAX,4
34,2,14,6,17,2475,DL,LAX,4
0,2,14,6,15,2475,DL,LAX,4
163,2,16,1,9,2475,DL,LAX,2
5,2,16,1,11,2475,DL,LAX,2
24,2,16,1,7,2475,DL,LAX,2
12,2,16,1,21,2475,DL,LAX,2
120,2,16,1,17,2475,DL,LAX,2
12,2,16,1,18,2475,DL,LAX,2
17,2,16,1,15,2475,DL,LAX,2
9,2,18,3,9,2475,DL,LAX,0
16,2,18,3,11,2475,DL,LAX,0
59,2,18,3,7,2475,DL,LAX,0
72,2,18,3,21,2475,DL,LAX,0
33,2,18,3,17,2475,DL,LAX,0
24,2,18,3,18,2475,DL,LAX,0
4,2,18,3,8,2475,DL,LAX,0
-2,2,18,3,15,2475,DL,LAX,0
204,2,17,2,9,2475,DL,LAX,1
127,2,17,2,11,2475,DL,LAX,1
40,2,17,2,7,2475,DL,LAX,1
67,2,17,2,21,2475,DL,LAX,1
17,2,17,2,17,2475,DL,LAX,1
2,2,17,2,18,2475,DL,LAX,1
62,2,17,2,8,2475,DL,LAX,1
25,2,17,2,15,2475,DL,LAX,1
-4,2,19,4,9,2475,DL,LAX,1
-1,2,19,4,11,2475,DL,LAX,1
5,2,19,4,7,2475,DL,LAX,1
44,2,19,4,21,2475,DL,LAX,1
27,2,19,4,17,2475,DL,LAX,1
0,2,19,4,18,2475,DL,LAX,1
-4,2,19,4,8,2475,DL,LAX,1
23,2,19,4,15,2475,DL,LAX,1
6,2,20,5,9,2475,DL,LAX,2
49,2,20,5,11,2475,DL,LAX,2
83,2,20,5,7,2475,DL,LAX,2
113,2,20,5,21,2475,DL,LAX,2
30,2,20,5,17,2475,DL,LAX,2
-1,2,20,5,18,2475,DL,LAX,2
2,2,20,5,8,2475,DL,LAX,2
19,2,20,5,15,2475,DL,LAX,2
4,2,21,6,11,2475,DL,LAX,3
186,2,21,6,17,2475,DL,LAX,3
55,2,21,6,18,2475,DL,LAX,3
184,2,21,6,8,2475,DL,LAX,3
26,2,21,6,15,2475,DL,LAX,3
200,2,22,7,9,2475,DL,LAX,4
159,2,22,7,11,2475,DL,LAX,4
46,2,22,7,21,2475,DL,LAX,4
27,2,22,7,17,2475,DL,LAX,4
21,2,22,7,18,2475,DL,LAX,4
-6,2,22,7,8,2475,DL,LAX,4
49,2,22,7,15,2475,DL,LAX,4
0,2,23,1,9,2475,DL,LAX,5
36,2,23,1,11,2475,DL,LAX,5
-10,2,23,1,7,2475,DL,LAX,5
45,2,23,1,21,2475,DL,LAX,5
-4,2,23,1,17,2475,DL,LAX,5
-1,2,23,1,18,2475,DL,LAX,5
-2,2,23,1,15,2475,DL,LAX,5
2,2,24,2,9,2475,DL,LAX,6
-1,2,24,2,11,2475,DL,LAX,6
-5,2,24,2,7,2475,DL,LAX,6
33,2,24,2,21,2475,DL,LAX,6
-2,2,24,2,17,2475,DL,LAX,6
-4,2,24,2,18,2475,DL,LAX,6
41,2,24,2,8,2475,DL,LAX,6
31,2,24,2,15,2475,DL,LAX,6
0,2,1,7,18,2475,B6,LAX,11
27,2,2,1,18,2475,B6,LAX,12
99,2,3,2,18,2475,B6,LAX,13
-5,2,4,3,18,2475,B6,LAX,14
92,2,5,4,18,2475,B6,LAX,13
-2,2,6,5,18,2475,B6,LAX,12
-5,2,7,6,18,2475,B6,LAX,11
-5,2,8,7,18,2475,B6,LAX,10
-3,2,9,1,18,2475,B6,LAX,9
1,2,10,2,18,2475,B6,LAX,8
-4,2,11,3,18,2475,B6,LAX,7
-5,2,12,4,18,2475,B6,LAX,6
0,2,13,5,18,2475,B6,LAX,5
-5,2,14,6,18,2475,B6,LAX,4
72,2,15,7,18,2475,B6,LAX,3
-6,2,16,1,18,2475,B6,LAX,2
6,2,17,2,18,2475,B6,LAX,1
-1,2,18,3,18,2475,B6,LAX,0
-2,2,19,4,18,2475,B6,LAX,1
-2,2,20,5,18,2475,B6,LAX,2
-3,2,21,6,18,2475,B6,LAX,3
13,2,22,7,18,2475,B6,LAX,4
-2,2,23,1,18,2475,B6,LAX,5
137,2,24,2,18,2475,B6,LAX,6
-6,2,25,3,18,2475,B6,LAX,7
11,2,26,4,18,2475,B6,LAX,8
-7,2,27,5,18,2475,B6,LAX,9
-8,2,28,6,18,2475,B6,LAX,10
0,2,26,4,9,2475,DL,LAX,8
0,2,26,4,11,2475,DL,LAX,8
-2,2,26,4,7,2475,DL,LAX,8
34,2,26,4,21,2475,DL,LAX,8
14,2,26,4,17,2475,DL,LAX,8
0,2,26,4,18,2475,DL,LAX,8
-5,2,26,4,8,2475,DL,LAX,8
2,2,26,4,15,2475,DL,LAX,8
9,2,27,5,9,2475,DL,LAX,9
-3,2,27,5,11,2475,DL,LAX,9
-3,2,27,5,7,2475,DL,LAX,9
53,2,27,5,21,2475,DL,LAX,9
190,2,27,5,17,2475,DL,LAX,9
0,2,27,5,18,2475,DL,LAX,9
1,2,27,5,8,2475,DL,LAX,9
11,2,27,5,15,2475,DL,LAX,9
0,2,28,6,11,2475,DL,LAX,10
-2,2,28,6,17,2475,DL,LAX,10
-3,2,28,6,18,2475,DL,LAX,10
-1,2,28,6,8,2475,DL,LAX,10
-3,2,28,6,15,2475,DL,LAX,10
-1,2,25,3,9,2475,DL,LAX,7
-4,2,25,3,11,2475,DL,LAX,7
5,2,25,3,7,2475,DL,LAX,7
46,2,25,3,21,2475,DL,LAX,7
8,2,25,3,17,2475,DL,LAX,7
1,2,25,3,18,2475,DL,LAX,7
7,2,25,3,8,2475,DL,LAX,7
-2,2,25,3,15,2475,DL,LAX,7
-2,2,11,3,6,2475,UA,LAX,7
-2,2,11,3,8,2475,UA,LAX,7
50,2,11,3,19,2475,UA,LAX,7
-6,2,11,3,17,2475,UA,LAX,7
-5,2,11,3,11,2475,UA,LAX,7
-4,2,11,3,14,2475,UA,LAX,7
-2,2,9,1,11,2475,UA,LAX,9
12,2,9,1,14,2475,UA,LAX,9
24,2,10,2,6,2475,UA,LAX,8
-5,2,10,2,8,2475,UA,LAX,8
-2,2,10,2,19,2475,UA,LAX,8
-4,2,10,2,17,2475,UA,LAX,8
-2,2,10,2,11,2475,UA,LAX,8
-7,2,10,2,14,2475,UA,LAX,8
-8,2,8,7,8,2475,UA,LAX,10
4,2,8,7,19,2475,UA,LAX,10
4,2,8,7,17,2475,UA,LAX,10
-3,2,8,7,11,2475,UA,LAX,10
4,2,8,7,14,2475,UA,LAX,10
