1,10,12,6,18,2475,DL,LAX,1
0,10,12,6,9,2475,DL,LAX,1
-3,10,12,6,7,2475,DL,LAX,1
-4,10,12,6,12,2475,DL,LAX,1
23,10,12,6,15,2475,DL,LAX,1
15,10,7,1,18,2475,DL,LAX,6
-2,10,7,1,17,2475,DL,LAX,6
-2,10,7,1,9,2475,DL,LAX,6
-3,10,7,1,7,2475,DL,LAX,6
-5,10,7,1,12,2475,DL,LAX,6
-2,10,7,1,15,2475,DL,LAX,6
0,10,7,1,21,2475,DL,LAX,6
-5,10,13,7,7,2475,DL,LAX,0
30,10,13,7,12,2475,DL,LAX,0
-2,10,13,7,15,2475,DL,LAX,0
-1,10,13,7,21,2475,DL,LAX,0
-3,10,15,2,18,2475,DL,LAX,2
0,10,15,2,17,2475,DL,LAX,2
-1,10,15,2,9,2475,DL,LAX,2
1,10,15,2,7,2475,DL,LAX,2
-5,10,15,2,12,2475,DL,LAX,2
-1,10,15,2,15,2475,DL,LAX,2
17,10,15,2,21,2475,DL,LAX,2
-5,10,16,3,18,2475,DL,LAX,3
-1,10,16,3,17,2475,DL,LAX,3
-3,10,16,3,9,2475,DL,LAX,3
0,10,16,3,7,2475,DL,LAX,3
-9,10,16,3,12,2475,DL,LAX,3
-1,10,16,3,15,2475,DL,LAX,3
-3,10,16,3,21,2475,DL,LAX,3
4,10,17,4,7,2475,DL,LAX,4
0,10,17,4,12,2475,DL,LAX,4
1,10,17,4,15,2475,DL,LAX,4
-3,10,17,4,21,2475,DL,LAX,4
-1,10,19,6,18,2475,DL,LAX,6
-2,10,19,6,9,2475,DL,LAX,6
-5,10,19,6,7,2475,DL,LAX,6
-6,10,19,6,12,2475,DL,LAX,6
-3,10,19,6,15,2475,DL,LAX,6
2,10,18,5,18,2475,DL,LAX,5
-1,10,18,5,17,2475,DL,LAX,5
-3,10,18,5,9,2475,DL,LAX,5
-3,10,18,5,7,2475,DL,LAX,5
-7,10,18,5,12,2475,DL,LAX,5
3,10,18,5,15,2475,DL,LAX,5
-1,10,18,5,21,2475,DL,LAX,5
13,10,17,4,18,2475,DL,LAX,4
-2,10,17,4,17,2475,DL,LAX,4
-5,10,17,4,9,2475,DL,LAX,4
-2,10,20,7,18,2475,DL,LAX,7
2,10,20,7,17,2475,DL,LAX,7
-4,10,20,7,9,2475,DL,LAX,7
-1,10,20,7,7,2475,DL,LAX,7
-2,10,20,7,12,2475,DL,LAX,7
5,10,20,7,15,2475,DL,LAX,7
23,10,20,7,21,2475,DL,LAX,7
-4,10,21,1,18,2475,DL,LAX,8
-1,10,21,1,17,2475,DL,LAX,8
-3,10,21,1,9,2475,DL,LAX,8
-2,10,21,1,7,2475,DL,LAX,8
-1,10,21,1,12,2475,DL,LAX,8
20,10,21,1,15,2475,DL,LAX,8
-5,10,21,1,21,2475,DL,LAX,8
1,10,22,2,18,2475,DL,LAX,9
-5,10,22,2,17,2475,DL,LAX,9
-2,10,22,2,9,2475,DL,LAX,9
-5,10,22,2,7,2475,DL,LAX,9
-3,10,22,2,12,2475,DL,LAX,9
22,10,22,2,15,2475,DL,LAX,9
0,10,22,2,21,2475,DL,LAX,9
22,10,23,3,18,2475,DL,LAX,10
-2,10,23,3,17,2475,DL,LAX,10
-2,10,23,3,9,2475,DL,LAX,10
-1,10,23,3,7,2475,DL,LAX,10
-1,10,23,3,12,2475,DL,LAX,10
-1,10,23,3,15,2475,DL,LAX,10
-2,10,23,3,21,2475,DL,LAX,10
-5,10,23,3,9,2475,B6,LAX,10
-3,10,23,3,11,2475,B6,LAX,10
-1,10,24,4,16,2475,B6,LAX,11
-2,10,24,4,7,2475,B6,LAX,11
-2,10,24,4,20,2475,B6,LAX,11
18,10,24,4,9,2475,B6,LAX,11
-3,10,24,4,12,2475,B6,LAX,11
18,10,25,5,17,2475,DL,LAX,12
-2,10,25,5,9,2475,DL,LAX,12
-4,10,25,5,7,2475,DL,LAX,12
-4,10,25,5,12,2475,DL,LAX,12
-5,10,25,5,15,2475,DL,LAX,12
0,10,25,5,21,2475,DL,LAX,12
8,10,25,5,18,2475,DL,LAX,12
-9,10,26,6,9,2475,DL,LAX,13
-2,10,26,6,15,2475,DL,LAX,13
-5,10,26,6,7,2475,DL,LAX,13
-5,10,26,6,12,2475,DL,LAX,13
0,10,26,6,18,2475,DL,LAX,13
-3,10,27,7,15,2475,DL,LAX,14
-2,10,27,7,7,2475,DL,LAX,14
-3,10,27,7,12,2475,DL,LAX,14
-6,10,27,7,18,2475,DL,LAX,14
7,10,27,7,21,2475,DL,LAX,14
25,10,27,7,17,2475,DL,LAX,14
-1,10,27,7,7,2475,DL,LAX,14
-4,10,28,1,7,2475,DL,LAX,14
-2,10,28,1,15,2475,DL,LAX,14
-6,10,28,1,9,2475,DL,LAX,14
-4,10,28,1,12,2475,DL,LAX,14
0,10,28,1,18,2475,DL,LAX,14
-5,10,28,1,21,2475,DL,LAX,14
-6,10,28,1,17,2475,DL,LAX,14
-5,10,30,3,7,2475,DL,LAX,12
-1,10,30,3,15,2475,DL,LAX,12
-3,10,30,3,9,2475,DL,LAX,12
-5,10,30,3,12,2475,DL,LAX,12
-2,10,30,3,18,2475,DL,LAX,12
-3,10,30,3,21,2475,DL,LAX,12
-8,10,30,3,17,2475,DL,LAX,12
-2,10,31,4,7,2475,DL,LAX,11
-2,10,31,4,15,2475,DL,LAX,11
-1,10,31,4,9,2475,DL,LAX,11
-5,10,31,4,12,2475,DL,LAX,11
5,10,31,4,18,2475,DL,LAX,11
-3,10,31,4,21,2475,DL,LAX,11
16,10,20,7,20,2475,UA,LAX,7
-1,10,20,7,14,2475,UA,LAX,7
-6,10,18,5,11,2475,UA,LAX,5
-6,10,18,5,8,2475,UA,LAX,5
-6,10,18,5,17,2475,UA,LAX,5
-5,10,20,7,7,2475,UA,LAX,7
3,10,20,7,17,2475,UA,LAX,7
13,10,21,1,17,2475,UA,LAX,8
-3,10,21,1,20,2475,UA,LAX,8
-5,10,21,1,6,2475,UA,LAX,8
10,10,21,1,14,2475,UA,LAX,8
-7,10,19,6,8,2475,UA,LAX,6
-4,10,19,6,17,2475,UA,LAX,6
-5,10,19,6,11,2475,UA,LAX,6
-5,10,19,6,6,2475,UA,LAX,6
-6,10,19,6,15,2475,UA,LAX,6
-4,10,18,5,20,2475,UA,LAX,5
-2,10,18,5,6,2475,UA,LAX,5
-2,10,18,5,14,2475,UA,LAX,5
-5,10,17,4,17,2475,UA,LAX,4
-7,10,17,4,11,2475,UA,LAX,4
55,10,17,4,20,2475,UA,LAX,4
-9,10,17,4,6,2475,UA,LAX,4
-7,10,17,4,14,2475,UA,LAX,4
0,10,15,2,11,2475,UA,LAX,2
0,10,15,2,20,2475,UA,LAX,2
-10,10,15,2,6,2475,UA,LAX,2
13,10,15,2,14,2475,UA,LAX,2
-5,10,17,4,8,2475,UA,LAX,4
-1,10,15,2,8,2475,UA,LAX,2
-3,10,15,2,17,2475,UA,LAX,2
-6,10,14,1,11,2475,UA,LAX,1
-9,10,14,1,8,2475,UA,LAX,1
-1,10,14,1,17,2475,UA,LAX,1
-3,10,16,3,8,2475,UA,LAX,3
1,10,16,3,17,2475,UA,LAX,3
-6,10,16,3,11,2475,UA,LAX,3
-7,10,16,3,20,2475,UA,LAX,3
-4,10,16,3,6,2475,UA,LAX,3
-5,10,16,3,14,2475,UA,LAX,3
-1,10,13,7,7,2475,UA,LAX,0
-2,10,13,7,14,2475,UA,LAX,0
-4,10,24,4,17,2475,UA,LAX,11
3,10,24,4,11,2475,UA,LAX,11
11,10,24,4,20,2475,UA,LAX,11
-6,10,24,4,6,2475,UA,LAX,11
-2,10,24,4,14,2475,UA,LAX,11
-1,10,12,6,8,2475,UA,LAX,1
30,10,12,6,17,2475,UA,LAX,1
-2,10,12,6,11,2475,UA,LAX,1
-3,10,12,6,6,2475,UA,LAX,1
-6,10,12,6,15,2475,UA,LAX,1
-1,10,11,5,11,2475,UA,LAX,2
2,10,11,5,8,2475,UA,LAX,2
0,10,11,5,17,2475,UA,LAX,2
90,10,11,5,20,2475,UA,LAX,2
21,10,11,5,6,2475,UA,LAX,2
2,10,11,5,14,2475,UA,LAX,2
59,10,9,3,8,2475,UA,LAX,4
11,10,9,3,17,2475,UA,LAX,4
-5,10,9,3,11,2475,UA,LAX,4
-5,10,9,3,20,2475,UA,LAX,4
-2,10,9,3,6,2475,UA,LAX,4
23,10,10,4,8,2475,UA,LAX,3
0,10,10,4,17,2475,UA,LAX,3
-6,10,10,4,11,2475,UA,LAX,3
5,10,8,2,8,2475,UA,LAX,5
3,10,10,4,20,2475,UA,LAX,3
-9,10,10,4,6,2475,UA,LAX,3
-3,10,10,4,14,2475,UA,LAX,3
-3,10,9,3,14,2475,UA,LAX,4
128,10,7,1,17,2475,UA,LAX,6
33,10,7,1,20,2475,UA,LAX,6
-6,10,7,1,6,2475,UA,LAX,6
-1,10,7,1,14,2475,UA,LAX,6
-6,10,4,5,8,2475,UA,LAX,9
-5,10,4,5,17,2475,UA,LAX,9
17,10,7,1,11,2475,UA,LAX,6
-5,10,7,1,8,2475,UA,LAX,6
1,10,5,6,11,2475,UA,LAX,8
-7,10,5,6,6,2475,UA,LAX,8
-3,10,5,6,15,2475,UA,LAX,8
-3,10,4,5,11,2475,UA,LAX,9
9,10,13,7,17,2475,UA,LAX,0
-6,10,13,7,11,2475,UA,LAX,0
18,10,13,7,20,2475,UA,LAX,0
-6,10,5,6,8,2475,UA,LAX,8
-4,10,5,6,17,2475,UA,LAX,8
34,10,8,2,17,2475,UA,LAX,5
-4,10,8,2,11,2475,UA,LAX,5
-7,10,8,2,20,2475,UA,LAX,5
36,10,8,2,6,2475,UA,LAX,5
0,10,8,2,14,2475,UA,LAX,5
5,10,6,7,7,2475,UA,LAX,7
-4,10,6,7,17,2475,UA,LAX,7
-8,10,6,7,11,2475,UA,LAX,7
-2,10,6,7,20,2475,UA,LAX,7
-1,10,6,7,14,2475,UA,LAX,7
-2,10,2,3,17,2475,UA,LAX,11
-11,10,2,3,11,2475,UA,LAX,11
-8,10,3,4,8,2475,UA,LAX,10
14,10,3,4,17,2475,UA,LAX,10
-4,10,3,4,11,2475,UA,LAX,10
12,10,3,4,20,2475,UA,LAX,10
0,10,3,4,6,2475,UA,LAX,10
1,10,3,4,14,2475,UA,LAX,10
0,10,1,2,8,2475,UA,LAX,12
3,10,1,2,17,2475,UA,LAX,12
-6,10,1,2,11,2475,UA,LAX,12
-5,10,1,2,20,2475,UA,LAX,12
-3,10,1,2,6,2475,UA,LAX,12
-6,10,4,5,20,2475,UA,LAX,9
-6,10,4,5,6,2475,UA,LAX,9
-3,10,4,5,14,2475,UA,LAX,9
-8,10,2,3,20,2475,UA,LAX,11
-8,10,2,3,6,2475,UA,LAX,11
-5,10,2,3,14,2475,UA,LAX,11
-2,10,1,2,14,2475,UA,LAX,12
-5,10,25,5,11,2475,UA,LAX,12
0,10,25,5,8,2475,UA,LAX,12
16,10,25,5,17,2475,UA,LAX,12
0,10,17,4,7,2475,VX,LAX,4
1,10,17,4,9,2475,VX,LAX,4
4,10,17,4,13,2475,VX,LAX,4
-3,10,17,4,16,2475,VX,LAX,4
-9,10,17,4,20,2475,VX,LAX,4
-1,10,18,5,7,2475,VX,LAX,5
0,10,18,5,9,2475,VX,LAX,5
-3,10,18,5,13,2475,VX,LAX,5
-4,10,18,5,16,2475,VX,LAX,5
0,10,18,5,20,2475,VX,LAX,5
-4,10,19,6,7,2475,VX,LAX,6
2,10,19,6,9,2475,VX,LAX,6
23,10,19,6,13,2475,VX,LAX,6
-1,10,19,6,16,2475,VX,LAX,6
4,10,11,5,7,2475,VX,LAX,2
5,10,11,5,9,2475,VX,LAX,2
-2,10,11,5,13,2475,VX,LAX,2
-4,10,11,5,16,2475,VX,LAX,2
108,10,11,5,20,2475,VX,LAX,2
7,10,12,6,7,2475,VX,LAX,1
-2,10,12,6,9,2475,VX,LAX,1
7,10,12,6,13,2475,VX,LAX,1
17,10,12,6,16,2475,VX,LAX,1
2,10,13,7,7,2475,VX,LAX,0
-1,10,13,7,9,2475,VX,LAX,0
-1,10,13,7,13,2475,VX,LAX,0
0,10,13,7,16,2475,VX,LAX,0
-7,10,13,7,20,2475,VX,LAX,0
-1,10,14,1,7,2475,VX,LAX,1
-8,10,14,1,9,2475,VX,LAX,1
-2,10,14,1,13,2475,VX,LAX,1
1,10,14,1,16,2475,VX,LAX,1
-1,10,14,1,20,2475,VX,LAX,1
-2,10,15,2,7,2475,VX,LAX,2
-4,10,15,2,9,2475,VX,LAX,2
-7,10,15,2,13,2475,VX,LAX,2
-5,10,15,2,16,2475,VX,LAX,2
-12,10,15,2,20,2475,VX,LAX,2
-4,10,16,3,7,2475,VX,LAX,3
-3,10,16,3,9,2475,VX,LAX,3
-2,10,16,3,13,2475,VX,LAX,3
6,10,16,3,16,2475,VX,LAX,3
-3,10,16,3,20,2475,VX,LAX,3
103,10,23,3,7,2475,VX,LAX,10
-2,10,23,3,9,2475,VX,LAX,10
-6,10,23,3,13,2475,VX,LAX,10
4,10,23,3,16,2475,VX,LAX,10
-3,10,23,3,20,2475,VX,LAX,10
-2,10,24,4,7,2475,VX,LAX,11
-7,10,24,4,9,2475,VX,LAX,11
0,10,24,4,13,2475,VX,LAX,11
17,10,24,4,16,2475,VX,LAX,11
19,10,24,4,20,2475,VX,LAX,11
-1,10,1,2,7,2475,VX,LAX,12
9,10,1,2,9,2475,VX,LAX,12
-2,10,1,2,13,2475,VX,LAX,12
3,10,1,2,16,2475,VX,LAX,12
-3,10,1,2,20,2475,VX,LAX,12
4,10,10,4,7,2475,VX,LAX,3
1,10,10,4,9,2475,VX,LAX,3
-1,10,10,4,13,2475,VX,LAX,3
0,10,10,4,16,2475,VX,LAX,3
-2,10,10,4,20,2475,VX,LAX,3
-4,10,29,2,7,2475,VX,LAX,13
-5,10,29,2,9,2475,VX,LAX,13
-1,10,29,2,13,2475,VX,LAX,13
0,10,29,2,16,2475,VX,LAX,13
-2,10,29,2,20,2475,VX,LAX,13
-2,10,3,4,7,2475,VX,LAX,10
-1,10,3,4,9,2475,VX,LAX,10
-2,10,3,4,13,2475,VX,LAX,10
3,10,3,4,16,2475,VX,LAX,10
4,10,3,4,20,2475,VX,LAX,10
-7,10,30,3,7,2475,VX,LAX,12
-1,10,30,3,9,2475,VX,LAX,12
-2,10,30,3,13,2475,VX,LAX,12
9,10,30,3,16,2475,VX,LAX,12
-4,10,30,3,20,2475,VX,LAX,12
4,10,2,3,7,2475,VX,LAX,11
2,10,2,3,9,2475,VX,LAX,11
0,10,2,3,13,2475,VX,LAX,11
-2,10,2,3,16,2475,VX,LAX,11
13,10,2,3,20,2475,VX,LAX,11
0,10,20,7,7,2475,VX,LAX,7
6,10,20,7,9,2475,VX,LAX,7
-4,10,20,7,13,2475,VX,LAX,7
0,10,20,7,16,2475,VX,LAX,7
9,10,20,7,20,2475,VX,LAX,7
-1,10,21,1,7,2475,VX,LAX,8
-1,10,21,1,9,2475,VX,LAX,8
47,10,21,1,13,2475,VX,LAX,8
-4,10,21,1,16,2475,VX,LAX,8
-4,10,21,1,20,2475,VX,LAX,8
-3,10,22,2,7,2475,VX,LAX,9
-6,10,22,2,9,2475,VX,LAX,9
-4,10,22,2,13,2475,VX,LAX,9
-1,10,22,2,16,2475,VX,LAX,9
-1,10,22,2,20,2475,VX,LAX,9
12,10,6,7,7,2475,VX,LAX,7
-5,10,6,7,9,2475,VX,LAX,7
0,10,6,7,13,2475,VX,LAX,7
11,10,6,7,16,2475,VX,LAX,7
123,10,6,7,20,2475,VX,LAX,7
-3,10,7,1,7,2475,VX,LAX,6
-2,10,7,1,9,2475,VX,LAX,6
-8,10,7,1,13,2475,VX,LAX,6
35,10,7,1,16,2475,VX,LAX,6
67,10,7,1,20,2475,VX,LAX,6
-3,10,8,2,7,2475,VX,LAX,5
-7,10,8,2,9,2475,VX,LAX,5
7,10,8,2,13,2475,VX,LAX,5
3,10,8,2,16,2475,VX,LAX,5
-4,10,8,2,20,2475,VX,LAX,5
-6,10,9,3,7,2475,VX,LAX,4
1,10,9,3,9,2475,VX,LAX,4
3,10,9,3,13,2475,VX,LAX,4
3,10,9,3,16,2475,VX,LAX,4
22,10,9,3,20,2475,VX,LAX,4
-1,10,25,5,7,2475,VX,LAX,12
-5,10,25,5,9,2475,VX,LAX,12
-3,10,25,5,13,2475,VX,LAX,12
22,10,25,5,16,2475,VX,LAX,12
5,10,25,5,20,2475,VX,LAX,12
-6,10,26,6,7,2475,VX,LAX,13
1,10,26,6,9,2475,VX,LAX,13
14,10,26,6,13,2475,VX,LAX,13
11,10,26,6,16,2475,VX,LAX,13
-6,10,27,7,7,2475,VX,LAX,14
-6,10,27,7,9,2475,VX,LAX,14
1,10,27,7,13,2475,VX,LAX,14
12,10,27,7,16,2475,VX,LAX,14
2,10,27,7,20,2475,VX,LAX,14
-2,10,28,1,7,2475,VX,LAX,14
0,10,28,1,9,2475,VX,LAX,14
-1,10,28,1,13,2475,VX,LAX,14
2,10,28,1,16,2475,VX,LAX,14
29,10,28,1,20,2475,VX,LAX,14
-10,10,31,4,7,2475,VX,LAX,11
13,10,31,4,9,2475,VX,LAX,11
48,10,31,4,13,2475,VX,LAX,11
10,10,31,4,16,2475,VX,LAX,11
0,10,31,4,20,2475,VX,LAX,11
-5,10,4,5,7,2475,VX,LAX,9
-5,10,4,5,9,2475,VX,LAX,9
-8,10,4,5,13,2475,VX,LAX,9
3,10,4,5,16,2475,VX,LAX,9
-1,10,4,5,20,2475,VX,LAX,9
-5,10,5,6,7,2475,VX,LAX,8
2,10,5,6,9,2475,VX,LAX,8
-1,10,5,6,13,2475,VX,LAX,8
13,10,5,6,16,2475,VX,LAX,8
-2,10,14,1,20,2475,UA,LAX,1
-3,10,14,1,6,2475,UA,LAX,1
-4,10,14,1,14,2475,UA,LAX,1
-10,10,2,3,8,2475,UA,LAX,11
