21,9,15,7,21,2475,DL,LAX,14
10,9,16,1,18,2475,DL,LAX,15
-5,9,16,1,17,2475,DL,LAX,15
-4,9,16,1,9,2475,DL,LAX,15
-3,9,16,1,7,2475,DL,LAX,15
-1,9,16,1,12,2475,DL,LAX,15
8,9,30,1,18,2475,DL,LAX,13
1,9,30,1,17,2475,DL,LAX,13
-1,9,30,1,9,2475,DL,LAX,13
-2,9,30,1,7,2475,DL,LAX,13
-4,9,30,1,11,2475,UA,LAX,13
-2,9,30,1,8,2475,UA,LAX,13
-1,9,30,1,17,2475,UA,LAX,13
0,9,30,1,20,2475,UA,LAX,13
-6,9,30,1,6,2475,UA,LAX,13
-2,9,29,7,17,2475,UA,LAX,14
-3,9,29,7,11,2475,UA,LAX,14
-1,9,29,7,20,2475,UA,LAX,14
-2,9,29,7,14,2475,UA,LAX,14
-5,9,28,6,8,2475,UA,LAX,15
-10,9,28,6,17,2475,UA,LAX,15
-4,9,28,6,11,2475,UA,LAX,15
-13,9,28,6,6,2475,UA,LAX,15
-4,9,28,6,15,2475,UA,LAX,15
-8,9,27,5,11,2475,UA,LAX,16
-6,9,27,5,8,2475,UA,LAX,16
0,9,27,5,17,2475,UA,LAX,16
-4,9,27,5,20,2475,UA,LAX,16
32,9,27,5,6,2475,UA,LAX,16
-4,9,27,5,14,2475,UA,LAX,16
-1,9,25,3,17,2475,UA,LAX,18
11,9,25,3,8,2475,UA,LAX,18
6,9,30,1,14,2475,UA,LAX,13
-2,9,26,4,8,2475,UA,LAX,17
-1,9,26,4,17,2475,UA,LAX,17
-5,9,26,4,11,2475,UA,LAX,17
0,9,26,4,20,2475,UA,LAX,17
-3,9,26,4,6,2475,UA,LAX,17
-2,9,26,4,14,2475,UA,LAX,17
-5,9,24,2,11,2475,UA,LAX,19
-2,9,24,2,17,2475,UA,LAX,19
29,9,24,2,20,2475,UA,LAX,19
-5,9,24,2,6,2475,UA,LAX,19
-2,9,24,2,14,2475,UA,LAX,19
-6,9,29,7,7,2475,UA,LAX,14
-1,9,24,2,8,2475,UA,LAX,19
16,9,25,3,11,2475,UA,LAX,18
-5,9,25,3,20,2475,UA,LAX,18
-2,9,25,3,6,2475,UA,LAX,18
-6,9,25,3,14,2475,UA,LAX,18
-10,9,23,1,8,2475,UA,LAX,20
8,9,23,1,17,2475,UA,LAX,20
-2,9,23,1,11,2475,UA,LAX,20
14,9,23,1,20,2475,UA,LAX,20
-4,9,23,1,6,2475,UA,LAX,20
7,9,23,1,14,2475,UA,LAX,20
-2,9,21,6,17,2475,UA,LAX,20
46,9,22,7,20,2475,UA,LAX,21
11,9,22,7,14,2475,UA,LAX,21
-8,9,21,6,8,2475,UA,LAX,20
14,9,18,3,8,2475,UA,LAX,17
-1,9,1,7,13,2475,AA,LAX,0
-8,9,2,1,13,2475,AA,LAX,1
4,9,3,2,13,2475,AA,LAX,2
-2,9,4,3,13,2475,AA,LAX,3
-2,9,5,4,13,2475,AA,LAX,4
-3,9,6,5,13,2475,AA,LAX,5
-9,9,7,6,13,2475,AA,LAX,6
-5,9,8,7,13,2475,AA,LAX,7
-2,9,9,1,13,2475,AA,LAX,8
-5,9,10,2,13,2475,AA,LAX,9
0,9,11,3,13,2475,AA,LAX,10
108,9,12,4,13,2475,AA,LAX,11
1,9,13,5,13,2475,AA,LAX,12
-9,9,14,6,13,2475,AA,LAX,13
-9,9,15,7,13,2475,AA,LAX,14
-5,9,16,1,13,2475,AA,LAX,15
0,9,17,2,13,2475,AA,LAX,16
3,9,18,3,13,2475,AA,LAX,17
3,9,19,4,13,2475,AA,LAX,18
-4,9,20,5,13,2475,AA,LAX,19
104,9,21,6,13,2475,AA,LAX,20
-2,9,22,7,13,2475,AA,LAX,21
-11,9,23,1,13,2475,AA,LAX,20
-1,9,24,2,13,2475,AA,LAX,19
-3,9,25,3,13,2475,AA,LAX,18
20,9,26,4,13,2475,AA,LAX,17
0,9,27,5,13,2475,AA,LAX,16
-2,9,28,6,13,2475,AA,LAX,15
-1,9,29,7,13,2475,AA,LAX,14
3,9,30,1,13,2475,AA,LAX,13
-7,9,1,7,9,2475,AA,LAX,0
2,9,2,1,9,2475,AA,LAX,1
1,9,3,2,9,2475,AA,LAX,2
-5,9,4,3,9,2475,AA,LAX,3
-7,9,5,4,9,2475,AA,LAX,4
147,9,6,5,9,2475,AA,LAX,5
-4,9,7,6,9,2475,AA,LAX,6
-6,9,8,7,9,2475,AA,LAX,7
-2,9,9,1,9,2475,AA,LAX,8
49,9,10,2,9,2475,AA,LAX,9
-4,9,11,3,9,2475,AA,LAX,10
6,9,12,4,9,2475,AA,LAX,11
-2,9,13,5,9,2475,AA,LAX,12
-1,9,14,6,9,2475,AA,LAX,13
-3,9,15,7,9,2475,AA,LAX,14
0,9,16,1,9,2475,AA,LAX,15
4,9,17,2,9,2475,AA,LAX,16
-4,9,18,3,9,2475,AA,LAX,17
-2,9,19,4,9,2475,AA,LAX,18
21,9,20,5,9,2475,AA,LAX,19
15,9,21,6,9,2475,AA,LAX,20
1,9,22,7,9,2475,AA,LAX,21
5,9,23,1,9,2475,AA,LAX,20
-8,9,24,2,9,2475,AA,LAX,19
-8,9,25,3,9,2475,AA,LAX,18
124,9,26,4,9,2475,AA,LAX,17
0,9,27,5,9,2475,AA,LAX,16
-1,9,29,7,9,2475,AA,LAX,14
0,9,30,1,9,2475,AA,LAX,13
-5,9,1,7,12,2475,AA,LAX,0
-8,9,2,1,12,2475,AA,LAX,1
-8,9,3,2,12,2475,AA,LAX,2
-6,9,4,3,12,2475,AA,LAX,3
-2,9,5,4,12,2475,AA,LAX,4
-1,9,6,5,12,2475,AA,LAX,5
-7,9,7,6,12,2475,AA,LAX,6
-7,9,8,7,12,2475,AA,LAX,7
-7,9,9,1,12,2475,AA,LAX,8
-7,9,10,2,12,2475,AA,LAX,9
-7,9,11,3,12,2475,AA,LAX,10
-6,9,12,4,12,2475,AA,LAX,11
-6,9,13,5,12,2475,AA,LAX,12
-4,9,14,6,12,2475,AA,LAX,13
-3,9,15,7,12,2475,AA,LAX,14
-1,9,16,1,12,2475,AA,LAX,15
-6,9,17,2,12,2475,AA,LAX,16
-2,9,18,3,12,2475,AA,LAX,17
-5,9,19,4,12,2475,AA,LAX,18
1,9,20,5,12,2475,AA,LAX,19
62,9,21,6,12,2475,AA,LAX,20
-9,9,22,7,12,2475,AA,LAX,21
-4,9,23,1,12,2475,AA,LAX,20
-8,9,24,2,12,2475,AA,LAX,19
-9,9,25,3,12,2475,AA,LAX,18
76,9,26,4,12,2475,AA,LAX,17
99,9,27,5,12,2475,AA,LAX,16
-9,9,28,6,12,2475,AA,LAX,15
-10,9,29,7,12,2475,AA,LAX,14
-5,9,30,1,12,2475,AA,LAX,13
-2,9,1,7,10,2475,AA,LAX,0
-2,9,2,1,10,2475,AA,LAX,1
8,9,3,2,10,2475,AA,LAX,2
-11,9,4,3,10,2475,AA,LAX,3
-7,9,5,4,10,2475,AA,LAX,4
-6,9,6,5,10,2475,AA,LAX,5
-6,9,7,6,10,2475,AA,LAX,6
-2,9,8,7,10,2475,AA,LAX,7
-1,9,9,1,10,2475,AA,LAX,8
-6,9,10,2,10,2475,AA,LAX,9
-6,9,11,3,10,2475,AA,LAX,10
-6,9,12,4,10,2475,AA,LAX,11
1,9,13,5,10,2475,AA,LAX,12
-6,9,14,6,10,2475,AA,LAX,13
-5,9,15,7,10,2475,AA,LAX,14
-5,9,16,1,10,2475,AA,LAX,15
-7,9,17,2,10,2475,AA,LAX,16
-2,9,18,3,10,2475,AA,LAX,17
-4,9,19,4,10,2475,AA,LAX,18
-1,9,20,5,10,2475,AA,LAX,19
0,9,21,6,10,2475,AA,LAX,20
-2,9,22,7,10,2475,AA,LAX,21
-6,9,23,1,10,2475,AA,LAX,20
-6,9,24,2,10,2475,AA,LAX,19
-7,9,25,3,10,2475,AA,LAX,18
-5,9,26,4,10,2475,AA,LAX,17
-6,9,27,5,10,2475,AA,LAX,16
-1,9,28,6,10,2475,AA,LAX,15
79,9,29,7,10,2475,AA,LAX,14
-5,9,30,1,10,2475,AA,LAX,13
13,9,1,7,19,2475,AA,LAX,0
66,9,2,1,19,2475,AA,LAX,1
179,9,3,2,19,2475,AA,LAX,2
-3,9,4,3,19,2475,AA,LAX,3
18,9,5,4,19,2475,AA,LAX,4
38,9,6,5,19,2475,AA,LAX,5
1,9,7,6,19,2475,AA,LAX,6
-1,9,8,7,19,2475,AA,LAX,7
1,9,9,1,19,2475,AA,LAX,8
-1,9,10,2,19,2475,AA,LAX,9
203,9,11,3,19,2475,AA,LAX,10
119,9,12,4,19,2475,AA,LAX,11
-2,9,13,5,19,2475,AA,LAX,12
-3,9,14,6,19,2475,AA,LAX,13
3,9,15,7,19,2475,AA,LAX,14
-7,9,16,1,19,2475,AA,LAX,15
0,9,17,2,19,2475,AA,LAX,16
1,9,18,3,19,2475,AA,LAX,17
0,9,19,4,19,2475,AA,LAX,18
167,9,20,5,19,2475,AA,LAX,19
-3,9,21,6,19,2475,AA,LAX,20
10,9,22,7,19,2475,AA,LAX,21
7,9,23,1,19,2475,AA,LAX,20
-5,9,24,2,19,2475,AA,LAX,19
135,9,25,3,19,2475,AA,LAX,18
117,9,26,4,19,2475,AA,LAX,17
-6,9,27,5,19,2475,AA,LAX,16
-3,9,28,6,19,2475,AA,LAX,15
7,9,29,7,19,2475,AA,LAX,14
78,9,30,1,19,2475,AA,LAX,13
-8,9,1,7,8,2475,AA,LAX,0
-1,9,2,1,8,2475,AA,LAX,1
-7,9,3,2,8,2475,AA,LAX,2
18,9,4,3,8,2475,AA,LAX,3
-1,9,5,4,8,2475,AA,LAX,4
-4,9,6,5,8,2475,AA,LAX,5
-10,9,7,6,8,2475,AA,LAX,6
-5,9,8,7,8,2475,AA,LAX,7
-3,9,9,1,8,2475,AA,LAX,8
-2,9,10,2,8,2475,AA,LAX,9
-2,9,11,3,8,2475,AA,LAX,10
-4,9,12,4,8,2475,AA,LAX,11
-6,9,13,5,8,2475,AA,LAX,12
-7,9,14,6,8,2475,AA,LAX,13
-5,9,15,7,8,2475,AA,LAX,14
-6,9,16,1,8,2475,AA,LAX,15
-3,9,17,2,8,2475,AA,LAX,16
-6,9,18,3,8,2475,AA,LAX,17
0,9,19,4,8,2475,AA,LAX,18
-2,9,20,5,8,2475,AA,LAX,19
-2,9,21,6,8,2475,AA,LAX,20
-3,9,22,7,8,2475,AA,LAX,21
0,9,23,1,8,2475,AA,LAX,20
-2,9,24,2,8,2475,AA,LAX,19
-4,9,25,3,8,2475,AA,LAX,18
-5,9,26,4,8,2475,AA,LAX,17
5,9,27,5,8,2475,AA,LAX,16
-4,9,28,6,8,2475,AA,LAX,15
-1,9,29,7,8,2475,AA,LAX,14
-8,9,30,1,8,2475,AA,LAX,13
-5,9,1,7,15,2475,AA,LAX,0
-2,9,2,1,15,2475,AA,LAX,1
18,9,3,2,15,2475,AA,LAX,2
-3,9,4,3,15,2475,AA,LAX,3
-1,9,5,4,15,2475,AA,LAX,4
-6,9,6,5,15,2475,AA,LAX,5
-6,9,7,6,15,2475,AA,LAX,6
-2,9,8,7,15,2475,AA,LAX,7
-1,9,9,1,15,2475,AA,LAX,8
-1,9,10,2,15,2475,AA,LAX,9
-5,9,11,3,15,2475,AA,LAX,10
9,9,12,4,15,2475,AA,LAX,11
6,9,13,5,15,2475,AA,LAX,12
-10,9,14,6,15,2475,AA,LAX,13
41,9,15,7,15,2475,AA,LAX,14
21,9,16,1,15,2475,AA,LAX,15
0,9,17,2,15,2475,AA,LAX,16
-3,9,18,3,15,2475,AA,LAX,17
-2,9,19,4,15,2475,AA,LAX,18
52,9,20,5,15,2475,AA,LAX,19
40,9,21,6,15,2475,AA,LAX,20
-4,9,22,7,15,2475,AA,LAX,21
-2,9,23,1,15,2475,AA,LAX,20
-6,9,24,2,15,2475,AA,LAX,19
-2,9,25,3,15,2475,AA,LAX,18
103,9,26,4,15,2475,AA,LAX,17
2,9,27,5,15,2475,AA,LAX,16
-1,9,28,6,15,2475,AA,LAX,15
-2,9,29,7,15,2475,AA,LAX,14
12,9,30,1,15,2475,AA,LAX,13
128,9,1,7,16,2475,AA,LAX,0
96,9,2,1,16,2475,AA,LAX,1
8,9,3,2,16,2475,AA,LAX,2
67,9,4,3,16,2475,AA,LAX,3
0,9,5,4,16,2475,AA,LAX,4
17,9,6,5,16,2475,AA,LAX,5
-6,9,7,6,16,2475,AA,LAX,6
17,9,8,7,16,2475,AA,LAX,7
-3,9,9,1,16,2475,AA,LAX,8
-6,9,10,2,16,2475,AA,LAX,9
39,9,11,3,16,2475,AA,LAX,10
49,9,12,4,16,2475,AA,LAX,11
38,9,13,5,16,2475,AA,LAX,12
94,9,14,6,16,2475,AA,LAX,13
68,9,15,7,16,2475,AA,LAX,14
-7,9,16,1,16,2475,AA,LAX,15
2,9,17,2,16,2475,AA,LAX,16
14,9,18,3,16,2475,AA,LAX,17
25,9,19,4,16,2475,AA,LAX,18
76,9,20,5,16,2475,AA,LAX,19
24,9,21,6,16,2475,AA,LAX,20
88,9,22,7,16,2475,AA,LAX,21
21,9,23,1,16,2475,AA,LAX,20
0,9,24,2,16,2475,AA,LAX,19
-2,9,25,3,16,2475,AA,LAX,18
-1,9,26,4,16,2475,AA,LAX,17
2,9,27,5,16,2475,AA,LAX,16
-6,9,28,6,16,2475,AA,LAX,15
-1,9,29,7,16,2475,AA,LAX,14
56,9,30,1,16,2475,AA,LAX,13
-2,9,1,7,21,2475,AA,LAX,0
34,9,2,1,21,2475,AA,LAX,1
-5,9,3,2,21,2475,AA,LAX,2
-1,9,4,3,21,2475,AA,LAX,3
6,9,5,4,21,2475,AA,LAX,4
4,9,6,5,21,2475,AA,LAX,5
1,9,7,6,21,2475,AA,LAX,6
4,9,8,7,21,2475,AA,LAX,7
-4,9,9,1,21,2475,AA,LAX,8
-2,9,10,2,21,2475,AA,LAX,9
64,9,11,3,21,2475,AA,LAX,10
107,9,12,4,21,2475,AA,LAX,11
-2,9,13,5,21,2475,AA,LAX,12
-8,9,14,6,21,2475,AA,LAX,13
-3,9,15,7,21,2475,AA,LAX,14
8,9,16,1,21,2475,AA,LAX,15
33,9,17,2,21,2475,AA,LAX,16
-1,9,18,3,21,2475,AA,LAX,17
-2,9,19,4,21,2475,AA,LAX,18
41,9,20,5,21,2475,AA,LAX,19
6,9,21,6,21,2475,AA,LAX,20
-4,9,22,7,21,2475,AA,LAX,21
-4,9,23,1,21,2475,AA,LAX,20
3,9,24,2,21,2475,AA,LAX,19
39,9,25,3,21,2475,AA,LAX,18
11,9,26,4,21,2475,AA,LAX,17
7,9,27,5,21,2475,AA,LAX,16
4,9,28,6,21,2475,AA,LAX,15
-5,9,29,7,21,2475,AA,LAX,14
0,9,30,1,21,2475,AA,LAX,13
