-7,1,6,7,12,2475,DL,LAX,5
-2,1,23,3,21,2475,DL,LAX,2
-6,1,25,5,7,2475,DL,LAX,4
-3,1,25,5,12,2475,DL,LAX,4
1,1,25,5,15,2475,DL,LAX,4
0,1,31,4,11,2475,UA,LAX,10
-1,1,31,4,20,2475,UA,LAX,10
-4,1,31,4,6,2475,UA,LAX,10
4,1,30,3,17,2475,UA,LAX,9
-7,1,30,3,11,2475,UA,LAX,9
-6,1,30,3,20,2475,UA,LAX,9
-7,1,30,3,6,2475,UA,LAX,9
-6,1,31,4,8,2475,UA,LAX,10
10,1,31,4,15,2475,UA,LAX,10
-4,1,31,4,17,2475,UA,LAX,10
-4,1,29,2,8,2475,UA,LAX,8
-9,1,29,2,15,2475,UA,LAX,8
-7,1,30,3,8,2475,UA,LAX,9
-1,1,30,3,15,2475,UA,LAX,9
28,1,28,1,8,2475,UA,LAX,7
-3,1,28,1,15,2475,UA,LAX,7
-8,1,28,1,17,2475,UA,LAX,7
-4,1,28,1,11,2475,UA,LAX,7
-5,1,26,6,8,2475,UA,LAX,5
-6,1,26,6,15,2475,UA,LAX,5
-1,1,26,6,11,2475,UA,LAX,5
-4,1,26,6,17,2475,UA,LAX,5
-6,1,26,6,6,2475,UA,LAX,5
-3,1,24,4,11,2475,UA,LAX,3
-3,1,24,4,20,2475,UA,LAX,3
-7,1,24,4,6,2475,UA,LAX,3
-9,1,29,2,17,2475,UA,LAX,8
-5,1,29,2,11,2475,UA,LAX,8
-6,1,29,2,20,2475,UA,LAX,8
-5,1,29,2,6,2475,UA,LAX,8
11,1,25,5,8,2475,UA,LAX,4
81,1,25,5,15,2475,UA,LAX,4
0,1,25,5,17,2475,UA,LAX,4
-5,1,25,5,11,2475,UA,LAX,4
-1,1,25,5,20,2475,UA,LAX,4
7,1,25,5,6,2475,UA,LAX,4
0,1,24,4,8,2475,UA,LAX,3
-4,1,24,4,15,2475,UA,LAX,3
-6,1,24,4,17,2475,UA,LAX,3
-8,1,21,1,8,2475,UA,LAX,0
-4,1,21,1,15,2475,UA,LAX,0
-2,1,27,7,17,2475,UA,LAX,6
-8,1,27,7,11,2475,UA,LAX,6
-5,1,27,7,20,2475,UA,LAX,6
131,1,1,2,16,2475,AA,LAX,0
32,1,2,3,16,2475,AA,LAX,1
35,1,3,4,16,2475,AA,LAX,2
-1,1,4,5,16,2475,AA,LAX,3
-4,1,5,6,16,2475,AA,LAX,4
-2,1,6,7,16,2475,AA,LAX,5
5,1,7,1,16,2475,AA,LAX,6
31,1,8,2,16,2475,AA,LAX,7
16,1,9,3,16,2475,AA,LAX,8
-3,1,10,4,16,2475,AA,LAX,9
1,1,11,5,16,2475,AA,LAX,10
4,1,12,6,16,2475,AA,LAX,9
0,1,13,7,16,2475,AA,LAX,8
-2,1,14,1,16,2475,AA,LAX,7
-5,1,15,2,16,2475,AA,LAX,6
7,1,16,3,16,2475,AA,LAX,5
1,1,17,4,16,2475,AA,LAX,4
-1,1,18,5,16,2475,AA,LAX,3
-6,1,19,6,16,2475,AA,LAX,2
-6,1,20,7,16,2475,AA,LAX,1
65,1,21,1,16,2475,AA,LAX,0
-5,1,22,2,16,2475,AA,LAX,1
-1,1,23,3,16,2475,AA,LAX,2
7,1,24,4,16,2475,AA,LAX,3
19,1,25,5,16,2475,AA,LAX,4
-8,1,26,6,16,2475,AA,LAX,5
0,1,27,7,16,2475,AA,LAX,6
21,1,28,1,16,2475,AA,LAX,7
-4,1,29,2,16,2475,AA,LAX,8
0,1,30,3,16,2475,AA,LAX,9
4,1,31,4,16,2475,AA,LAX,10
-7,1,1,2,21,2475,AA,LAX,0
-1,1,2,3,21,2475,AA,LAX,1
2,1,3,4,21,2475,AA,LAX,2
-5,1,4,5,21,2475,AA,LAX,3
11,1,5,6,21,2475,AA,LAX,4
6,1,6,7,21,2475,AA,LAX,5
-1,1,7,1,21,2475,AA,LAX,6
-5,1,8,2,21,2475,AA,LAX,7
-2,1,9,3,21,2475,AA,LAX,8
10,1,10,4,21,2475,AA,LAX,9
-5,1,11,5,21,2475,AA,LAX,10
-5,1,12,6,21,2475,AA,LAX,9
9,1,13,7,21,2475,AA,LAX,8
-7,1,14,1,21,2475,AA,LAX,7
18,1,15,2,21,2475,AA,LAX,6
1,1,16,3,21,2475,AA,LAX,5
1,1,17,4,21,2475,AA,LAX,4
-4,1,18,5,21,2475,AA,LAX,3
-4,1,19,6,21,2475,AA,LAX,2
-8,1,20,7,21,2475,AA,LAX,1
12,1,21,1,21,2475,AA,LAX,0
2,1,22,2,21,2475,AA,LAX,1
-2,1,23,3,21,2475,AA,LAX,2
-5,1,24,4,21,2475,AA,LAX,3
63,1,25,5,21,2475,AA,LAX,4
-4,1,26,6,21,2475,AA,LAX,5
-4,1,27,7,21,2475,AA,LAX,6
-7,1,28,1,21,2475,AA,LAX,7
2,1,29,2,21,2475,AA,LAX,8
-1,1,30,3,21,2475,AA,LAX,9
0,1,31,4,21,2475,AA,LAX,10
-4,1,1,2,10,2475,AA,LAX,0
8,1,2,3,10,2475,AA,LAX,1
-6,1,3,4,10,2475,AA,LAX,2
-2,1,4,5,10,2475,AA,LAX,3
1,1,5,6,10,2475,AA,LAX,4
-3,1,6,7,10,2475,AA,LAX,5
87,1,7,1,10,2475,AA,LAX,6
68,1,8,2,10,2475,AA,LAX,7
58,1,9,3,10,2475,AA,LAX,8
-5,1,10,4,10,2475,AA,LAX,9
-6,1,11,5,10,2475,AA,LAX,10
-3,1,12,6,10,2475,AA,LAX,9
-9,1,13,7,10,2475,AA,LAX,8
-3,1,14,1,10,2475,AA,LAX,7
-6,1,15,2,10,2475,AA,LAX,6
-6,1,16,3,10,2475,AA,LAX,5
-4,1,17,4,10,2475,AA,LAX,4
-2,1,18,5,10,2475,AA,LAX,3
-4,1,19,6,10,2475,AA,LAX,2
-10,1,20,7,10,2475,AA,LAX,1
-9,1,21,1,10,2475,AA,LAX,0
1,1,22,2,10,2475,AA,LAX,1
0,1,23,3,10,2475,AA,LAX,2
13,1,24,4,10,2475,AA,LAX,3
-2,1,25,5,10,2475,AA,LAX,4
4,1,26,6,10,2475,AA,LAX,5
32,1,27,7,10,2475,AA,LAX,6
-5,1,28,1,10,2475,AA,LAX,7
-10,1,29,2,10,2475,AA,LAX,8
-7,1,30,3,10,2475,AA,LAX,9
-4,1,31,4,10,2475,AA,LAX,10
32,1,1,2,19,2475,AA,LAX,0
0,1,2,3,19,2475,AA,LAX,1
4,1,3,4,19,2475,AA,LAX,2
41,1,4,5,19,2475,AA,LAX,3
-2,1,5,6,19,2475,AA,LAX,4
-9,1,6,7,19,2475,AA,LAX,5
-5,1,7,1,19,2475,AA,LAX,6
-6,1,8,2,19,2475,AA,LAX,7
-2,1,9,3,19,2475,AA,LAX,8
-8,1,10,4,19,2475,AA,LAX,9
6,1,11,5,19,2475,AA,LAX,10
-1,1,12,6,19,2475,AA,LAX,9
-6,1,13,7,19,2475,AA,LAX,8
-11,1,14,1,19,2475,AA,LAX,7
2,1,15,2,19,2475,AA,LAX,6
0,1,16,3,19,2475,AA,LAX,5
-7,1,17,4,19,2475,AA,LAX,4
4,1,18,5,19,2475,AA,LAX,3
18,1,19,6,19,2475,AA,LAX,2
-2,1,20,7,19,2475,AA,LAX,1
3,1,21,1,19,2475,AA,LAX,0
72,1,22,2,19,2475,AA,LAX,1
-4,1,23,3,19,2475,AA,LAX,2
-5,1,24,4,19,2475,AA,LAX,3
57,1,25,5,19,2475,AA,LAX,4
-7,1,26,6,19,2475,AA,LAX,5
-2,1,27,7,19,2475,AA,LAX,6
-2,1,28,1,19,2475,AA,LAX,7
-2,1,29,2,19,2475,AA,LAX,8
10,1,30,3,19,2475,AA,LAX,9
26,1,31,4,19,2475,AA,LAX,10
13,1,1,2,7,2475,AA,LAX,0
2,1,2,3,7,2475,AA,LAX,1
0,1,3,4,7,2475,AA,LAX,2
-2,1,4,5,7,2475,AA,LAX,3
0,1,6,7,7,2475,AA,LAX,5
-6,1,7,1,7,2475,AA,LAX,6
-1,1,8,2,7,2475,AA,LAX,7
-2,1,9,3,7,2475,AA,LAX,8
-9,1,10,4,7,2475,AA,LAX,9
-3,1,11,5,7,2475,AA,LAX,10
-4,1,13,7,7,2475,AA,LAX,8
-4,1,14,1,7,2475,AA,LAX,7
-5,1,15,2,7,2475,AA,LAX,6
0,1,16,3,7,2475,AA,LAX,5
-2,1,17,4,7,2475,AA,LAX,4
2,1,18,5,7,2475,AA,LAX,3
-6,1,20,7,7,2475,AA,LAX,1
-3,1,21,1,7,2475,AA,LAX,0
-6,1,22,2,7,2475,AA,LAX,1
-7,1,23,3,7,2475,AA,LAX,2
19,1,24,4,7,2475,AA,LAX,3
-1,1,25,5,7,2475,AA,LAX,4
-4,1,27,7,7,2475,AA,LAX,6
-5,1,28,1,7,2475,AA,LAX,7
-11,1,29,2,7,2475,AA,LAX,8
5,1,30,3,7,2475,AA,LAX,9
4,1,31,4,7,2475,AA,LAX,10
-4,1,1,2,13,2475,AA,LAX,0
-4,1,2,3,13,2475,AA,LAX,1
-5,1,3,4,13,2475,AA,LAX,2
-5,1,4,5,13,2475,AA,LAX,3
1,1,5,6,13,2475,AA,LAX,4
-3,1,6,7,13,2475,AA,LAX,5
-1,1,7,1,13,2475,AA,LAX,6
-7,1,8,2,13,2475,AA,LAX,7
-4,1,9,3,13,2475,AA,LAX,8
-5,1,10,4,13,2475,AA,LAX,9
-5,1,11,5,13,2475,AA,LAX,10
1,1,12,6,13,2475,AA,LAX,9
-5,1,13,7,13,2475,AA,LAX,8
-5,1,14,1,13,2475,AA,LAX,7
-3,1,15,2,13,2475,AA,LAX,6
-6,1,16,3,13,2475,AA,LAX,5
-3,1,17,4,13,2475,AA,LAX,4
-5,1,18,5,13,2475,AA,LAX,3
5,1,19,6,13,2475,AA,LAX,2
-8,1,20,7,13,2475,AA,LAX,1
-1,1,21,1,13,2475,AA,LAX,0
-4,1,22,2,13,2475,AA,LAX,1
-5,1,23,3,13,2475,AA,LAX,2
-3,1,24,4,13,2475,AA,LAX,3
-5,1,25,5,13,2475,AA,LAX,4
-7,1,26,6,13,2475,AA,LAX,5
-2,1,27,7,13,2475,AA,LAX,6
-4,1,28,1,13,2475,AA,LAX,7
-7,1,29,2,13,2475,AA,LAX,8
-8,1,30,3,13,2475,AA,LAX,9
-3,1,31,4,13,2475,AA,LAX,10
-6,1,1,2,15,2475,AA,LAX,0
1,1,3,4,15,2475,AA,LAX,2
78,1,4,5,15,2475,AA,LAX,3
-6,1,5,6,15,2475,AA,LAX,4
-1,1,6,7,15,2475,AA,LAX,5
0,1,7,1,15,2475,AA,LAX,6
1,1,8,2,15,2475,AA,LAX,7
12,1,9,3,15,2475,AA,LAX,8
0,1,10,4,15,2475,AA,LAX,9
-3,1,11,5,15,2475,AA,LAX,10
-4,1,12,6,15,2475,AA,LAX,9
-9,1,13,7,15,2475,AA,LAX,8
-4,1,14,1,15,2475,AA,LAX,7
-6,1,15,2,15,2475,AA,LAX,6
-4,1,16,3,15,2475,AA,LAX,5
-2,1,17,4,15,2475,AA,LAX,4
5,1,18,5,15,2475,AA,LAX,3
-1,1,19,6,15,2475,AA,LAX,2
5,1,20,7,15,2475,AA,LAX,1
63,1,21,1,15,2475,AA,LAX,0
108,1,22,2,15,2475,AA,LAX,1
0,1,23,3,15,2475,AA,LAX,2
0,1,24,4,15,2475,AA,LAX,3
-1,1,25,5,15,2475,AA,LAX,4
83,1,26,6,15,2475,AA,LAX,5
-4,1,27,7,15,2475,AA,LAX,6
-3,1,28,1,15,2475,AA,LAX,7
-1,1,29,2,15,2475,AA,LAX,8
-4,1,30,3,15,2475,AA,LAX,9
-1,1,31,4,15,2475,AA,LAX,10
-4,1,1,2,9,2475,AA,LAX,0
-5,1,2,3,9,2475,AA,LAX,1
-5,1,3,4,9,2475,AA,LAX,2
-2,1,4,5,9,2475,AA,LAX,3
-9,1,5,6,9,2475,AA,LAX,4
5,1,6,7,9,2475,AA,LAX,5
4,1,7,1,9,2475,AA,LAX,6
-7,1,8,2,9,2475,AA,LAX,7
0,1,9,3,9,2475,AA,LAX,8
-4,1,10,4,9,2475,AA,LAX,9
3,1,11,5,9,2475,AA,LAX,10
-6,1,12,6,9,2475,AA,LAX,9
-9,1,13,7,9,2475,AA,LAX,8
-2,1,14,1,9,2475,AA,LAX,7
-2,1,15,2,9,2475,AA,LAX,6
23,1,16,3,9,2475,AA,LAX,5
-5,1,17,4,9,2475,AA,LAX,4
-2,1,18,5,9,2475,AA,LAX,3
-1,1,19,6,9,2475,AA,LAX,2
-5,1,20,7,9,2475,AA,LAX,1
3,1,21,1,9,2475,AA,LAX,0
4,1,22,2,9,2475,AA,LAX,1
-2,1,23,3,9,2475,AA,LAX,2
17,1,24,4,9,2475,AA,LAX,3
3,1,25,5,9,2475,AA,LAX,4
10,1,26,6,9,2475,AA,LAX,5
-6,1,27,7,9,2475,AA,LAX,6
-7,1,28,1,9,2475,AA,LAX,7
-9,1,29,2,9,2475,AA,LAX,8
3,1,30,3,9,2475,AA,LAX,9
-4,1,31,4,9,2475,AA,LAX,10
-5,1,1,2,12,2475,AA,LAX,0
4,1,2,3,12,2475,AA,LAX,1
-8,1,3,4,12,2475,AA,LAX,2
-3,1,4,5,12,2475,AA,LAX,3
68,1,5,6,12,2475,AA,LAX,4
-2,1,6,7,12,2475,AA,LAX,5
-7,1,7,1,12,2475,AA,LAX,6
-6,1,8,2,12,2475,AA,LAX,7
7,1,9,3,12,2475,AA,LAX,8
-2,1,10,4,12,2475,AA,LAX,9
-6,1,11,5,12,2475,AA,LAX,10
-3,1,12,6,12,2475,AA,LAX,9
-6,1,13,7,12,2475,AA,LAX,8
5,1,14,1,12,2475,AA,LAX,7
-8,1,15,2,12,2475,AA,LAX,6
1,1,16,3,12,2475,AA,LAX,5
7,1,17,4,12,2475,AA,LAX,4
-8,1,18,5,12,2475,AA,LAX,3
-7,1,19,6,12,2475,AA,LAX,2
-2,1,20,7,12,2475,AA,LAX,1
-2,1,21,1,12,2475,AA,LAX,0
4,1,22,2,12,2475,AA,LAX,1
-6,1,23,3,12,2475,AA,LAX,2
-8,1,24,4,12,2475,AA,LAX,3
-5,1,25,5,12,2475,AA,LAX,4
-7,1,26,6,12,2475,AA,LAX,5
-4,1,27,7,12,2475,AA,LAX,6
-3,1,28,1,12,2475,AA,LAX,7
-8,1,29,2,12,2475,AA,LAX,8
-7,1,30,3,12,2475,AA,LAX,9
17,1,31,4,12,2475,AA,LAX,10
