2,6,11,2,17,2475,UA,LAX,16
0,6,1,6,9,2475,AA,LAX,6
-5,6,2,7,9,2475,AA,LAX,7
2,6,3,1,9,2475,AA,LAX,8
-7,6,4,2,9,2475,AA,LAX,9
-9,6,5,3,9,2475,AA,LAX,10
-6,6,6,4,9,2475,AA,LAX,11
-5,6,7,5,9,2475,AA,LAX,12
-3,6,8,6,9,2475,AA,LAX,13
-6,6,9,7,9,2475,AA,LAX,14
0,6,10,1,9,2475,AA,LAX,15
-8,6,11,2,9,2475,AA,LAX,16
6,6,12,3,9,2475,AA,LAX,17
-4,6,13,4,9,2475,AA,LAX,18
-6,6,14,5,9,2475,AA,LAX,19
-3,6,15,6,9,2475,AA,LAX,19
-5,6,16,7,9,2475,AA,LAX,18
-4,6,17,1,9,2475,AA,LAX,17
-6,6,18,2,9,2475,AA,LAX,16
28,6,19,3,9,2475,AA,LAX,15
62,6,20,4,9,2475,AA,LAX,14
-7,6,21,5,9,2475,AA,LAX,13
-3,6,22,6,9,2475,AA,LAX,12
-1,6,23,7,9,2475,AA,LAX,11
2,6,24,1,9,2475,AA,LAX,10
-1,6,25,2,9,2475,AA,LAX,9
33,6,26,3,9,2475,AA,LAX,8
-4,6,27,4,9,2475,AA,LAX,7
-9,6,28,5,9,2475,AA,LAX,6
-4,6,29,6,9,2475,AA,LAX,5
-4,6,30,7,9,2475,AA,LAX,4
11,6,1,6,12,2475,AA,LAX,6
0,6,2,7,12,2475,AA,LAX,7
-3,6,3,1,12,2475,AA,LAX,8
-3,6,4,2,12,2475,AA,LAX,9
-6,6,5,3,12,2475,AA,LAX,10
-9,6,6,4,12,2475,AA,LAX,11
32,6,7,5,12,2475,AA,LAX,12
-3,6,8,6,12,2475,AA,LAX,13
-12,6,9,7,12,2475,AA,LAX,14
-5,6,10,1,12,2475,AA,LAX,15
-10,6,11,2,12,2475,AA,LAX,16
-6,6,12,3,12,2475,AA,LAX,17
11,6,13,4,12,2475,AA,LAX,18
-7,6,14,5,12,2475,AA,LAX,19
-7,6,15,6,12,2475,AA,LAX,19
-1,6,16,7,12,2475,AA,LAX,18
-5,6,17,1,12,2475,AA,LAX,17
-3,6,18,2,12,2475,AA,LAX,16
0,6,19,3,12,2475,AA,LAX,15
-5,6,20,4,12,2475,AA,LAX,14
1,6,21,5,12,2475,AA,LAX,13
3,6,22,6,12,2475,AA,LAX,12
-7,6,23,7,12,2475,AA,LAX,11
-1,6,24,1,12,2475,AA,LAX,10
-11,6,25,2,12,2475,AA,LAX,9
-3,6,26,3,12,2475,AA,LAX,8
-4,6,27,4,12,2475,AA,LAX,7
-6,6,28,5,12,2475,AA,LAX,6
-8,6,29,6,12,2475,AA,LAX,5
-9,6,30,7,12,2475,AA,LAX,4
-1,6,1,6,10,2475,AA,LAX,6
-2,6,2,7,10,2475,AA,LAX,7
-6,6,3,1,10,2475,AA,LAX,8
-6,6,4,2,10,2475,AA,LAX,9
-4,6,5,3,10,2475,AA,LAX,10
-1,6,6,4,10,2475,AA,LAX,11
-2,6,7,5,10,2475,AA,LAX,12
-4,6,8,6,10,2475,AA,LAX,13
-4,6,9,7,10,2475,AA,LAX,14
-3,6,10,1,10,2475,AA,LAX,15
-6,6,11,2,10,2475,AA,LAX,16
-4,6,12,3,10,2475,AA,LAX,17
-2,6,13,4,10,2475,AA,LAX,18
-7,6,14,5,10,2475,AA,LAX,19
-2,6,16,7,10,2475,AA,LAX,18
-6,6,17,1,10,2475,AA,LAX,17
-5,6,18,2,10,2475,AA,LAX,16
3,6,19,3,10,2475,AA,LAX,15
-4,6,20,4,10,2475,AA,LAX,14
-9,6,21,5,10,2475,AA,LAX,13
0,6,23,7,10,2475,AA,LAX,11
0,6,24,1,10,2475,AA,LAX,10
0,6,25,2,10,2475,AA,LAX,9
-6,6,26,3,10,2475,AA,LAX,8
-5,6,27,4,10,2475,AA,LAX,7
-5,6,28,5,10,2475,AA,LAX,6
-2,6,30,7,10,2475,AA,LAX,4
16,6,1,6,19,2475,AA,LAX,6
104,6,2,7,19,2475,AA,LAX,7
0,6,3,1,19,2475,AA,LAX,8
1,6,4,2,19,2475,AA,LAX,9
-5,6,5,3,19,2475,AA,LAX,10
-1,6,6,4,19,2475,AA,LAX,11
21,6,7,5,19,2475,AA,LAX,12
0,6,8,6,19,2475,AA,LAX,13
4,6,9,7,19,2475,AA,LAX,14
18,6,10,1,19,2475,AA,LAX,15
24,6,11,2,19,2475,AA,LAX,16
1,6,12,3,19,2475,AA,LAX,17
78,6,13,4,19,2475,AA,LAX,18
68,6,14,5,19,2475,AA,LAX,19
-1,6,15,6,19,2475,AA,LAX,19
7,6,16,7,19,2475,AA,LAX,18
116,6,17,1,19,2475,AA,LAX,17
-2,6,18,2,19,2475,AA,LAX,16
-4,6,19,3,19,2475,AA,LAX,15
2,6,20,4,19,2475,AA,LAX,14
-6,6,21,5,19,2475,AA,LAX,13
-7,6,22,6,19,2475,AA,LAX,12
96,6,23,7,19,2475,AA,LAX,11
120,6,24,1,19,2475,AA,LAX,10
26,6,25,2,19,2475,AA,LAX,9
12,6,26,3,19,2475,AA,LAX,8
70,6,27,4,19,2475,AA,LAX,7
254,6,28,5,19,2475,AA,LAX,6
31,6,29,6,19,2475,AA,LAX,5
38,6,30,7,19,2475,AA,LAX,4
-3,6,1,6,13,2475,AA,LAX,6
-7,6,2,7,13,2475,AA,LAX,7
-3,6,3,1,13,2475,AA,LAX,8
39,6,4,2,13,2475,AA,LAX,9
-1,6,5,3,13,2475,AA,LAX,10
21,6,6,4,13,2475,AA,LAX,11
-4,6,7,5,13,2475,AA,LAX,12
-7,6,8,6,13,2475,AA,LAX,13
-5,6,9,7,13,2475,AA,LAX,14
-1,6,10,1,13,2475,AA,LAX,15
1,6,11,2,13,2475,AA,LAX,16
0,6,12,3,13,2475,AA,LAX,17
157,6,13,4,13,2475,AA,LAX,18
-3,6,14,5,13,2475,AA,LAX,19
-8,6,15,6,13,2475,AA,LAX,19
-3,6,16,7,13,2475,AA,LAX,18
-4,6,17,1,13,2475,AA,LAX,17
-2,6,18,2,13,2475,AA,LAX,16
-1,6,19,3,13,2475,AA,LAX,15
31,6,20,4,13,2475,AA,LAX,14
-7,6,21,5,13,2475,AA,LAX,13
1,6,22,6,13,2475,AA,LAX,12
6,6,23,7,13,2475,AA,LAX,11
-2,6,24,1,13,2475,AA,LAX,10
-5,6,25,2,13,2475,AA,LAX,9
-4,6,26,3,13,2475,AA,LAX,8
-5,6,27,4,13,2475,AA,LAX,7
102,6,28,5,13,2475,AA,LAX,6
-2,6,29,6,13,2475,AA,LAX,5
-7,6,30,7,13,2475,AA,LAX,4
53,6,1,6,15,2475,AA,LAX,6
-1,6,2,7,15,2475,AA,LAX,7
-5,6,3,1,15,2475,AA,LAX,8
63,6,4,2,15,2475,AA,LAX,9
0,6,5,3,15,2475,AA,LAX,10
1,6,6,4,15,2475,AA,LAX,11
-2,6,7,5,15,2475,AA,LAX,12
74,6,8,6,15,2475,AA,LAX,13
-1,6,9,7,15,2475,AA,LAX,14
23,6,10,1,15,2475,AA,LAX,15
5,6,11,2,15,2475,AA,LAX,16
34,6,12,3,15,2475,AA,LAX,17
30,6,13,4,15,2475,AA,LAX,18
27,6,14,5,15,2475,AA,LAX,19
29,6,15,6,15,2475,AA,LAX,19
-5,6,16,7,15,2475,AA,LAX,18
37,6,17,1,15,2475,AA,LAX,17
1,6,18,2,15,2475,AA,LAX,16
-3,6,19,3,15,2475,AA,LAX,15
-5,6,20,4,15,2475,AA,LAX,14
-2,6,21,5,15,2475,AA,LAX,13
2,6,22,6,15,2475,AA,LAX,12
-5,6,23,7,15,2475,AA,LAX,11
63,6,24,1,15,2475,AA,LAX,10
0,6,25,2,15,2475,AA,LAX,9
1,6,26,3,15,2475,AA,LAX,8
7,6,27,4,15,2475,AA,LAX,7
200,6,28,5,15,2475,AA,LAX,6
49,6,29,6,15,2475,AA,LAX,5
-4,6,30,7,15,2475,AA,LAX,4
-2,6,1,6,17,2475,AA,LAX,6
24,6,2,7,17,2475,AA,LAX,7
-3,6,3,1,17,2475,AA,LAX,8
-3,6,4,2,17,2475,AA,LAX,9
6,6,5,3,17,2475,AA,LAX,10
-1,6,6,4,17,2475,AA,LAX,11
14,6,7,5,17,2475,AA,LAX,12
115,6,8,6,17,2475,AA,LAX,13
2,6,9,7,17,2475,AA,LAX,14
-2,6,10,1,17,2475,AA,LAX,15
-3,6,11,2,17,2475,AA,LAX,16
18,6,12,3,17,2475,AA,LAX,17
48,6,13,4,17,2475,AA,LAX,18
-2,6,14,5,17,2475,AA,LAX,19
-5,6,15,6,17,2475,AA,LAX,19
-3,6,16,7,17,2475,AA,LAX,18
73,6,17,1,17,2475,AA,LAX,17
1,6,18,2,17,2475,AA,LAX,16
3,6,19,3,17,2475,AA,LAX,15
-3,6,20,4,17,2475,AA,LAX,14
0,6,21,5,17,2475,AA,LAX,13
3,6,22,6,17,2475,AA,LAX,12
4,6,23,7,17,2475,AA,LAX,11
146,6,24,1,17,2475,AA,LAX,10
61,6,25,2,17,2475,AA,LAX,9
13,6,26,3,17,2475,AA,LAX,8
0,6,27,4,17,2475,AA,LAX,7
224,6,28,5,17,2475,AA,LAX,6
-1,6,29,6,17,2475,AA,LAX,5
54,6,30,7,17,2475,AA,LAX,4
115,6,2,7,21,2475,AA,LAX,7
-5,6,3,1,21,2475,AA,LAX,8
-3,6,4,2,21,2475,AA,LAX,9
-7,6,5,3,21,2475,AA,LAX,10
0,6,6,4,21,2475,AA,LAX,11
85,6,7,5,21,2475,AA,LAX,12
-3,6,9,7,21,2475,AA,LAX,14
64,6,10,1,21,2475,AA,LAX,15
10,6,11,2,21,2475,AA,LAX,16
-2,6,12,3,21,2475,AA,LAX,17
3,6,13,4,21,2475,AA,LAX,18
7,6,14,5,21,2475,AA,LAX,19
-6,6,15,6,21,2475,AA,LAX,19
144,6,16,7,21,2475,AA,LAX,18
-2,6,17,1,21,2475,AA,LAX,17
43,6,18,2,21,2475,AA,LAX,16
1,6,19,3,21,2475,AA,LAX,15
-6,6,20,4,21,2475,AA,LAX,14
4,6,21,5,21,2475,AA,LAX,13
-3,6,22,6,21,2475,AA,LAX,12
31,6,23,7,21,2475,AA,LAX,11
116,6,24,1,21,2475,AA,LAX,10
72,6,25,2,21,2475,AA,LAX,9
54,6,26,3,21,2475,AA,LAX,8
86,6,27,4,21,2475,AA,LAX,7
69,6,28,5,21,2475,AA,LAX,6
24,6,29,6,21,2475,AA,LAX,5
22,6,30,7,21,2475,AA,LAX,4
-1,6,1,6,7,2475,AA,LAX,6
-4,6,2,7,7,2475,AA,LAX,7
-2,6,3,1,7,2475,AA,LAX,8
-11,6,4,2,7,2475,AA,LAX,9
-3,6,5,3,7,2475,AA,LAX,10
20,6,6,4,7,2475,AA,LAX,11
72,6,7,5,7,2475,AA,LAX,12
-8,6,8,6,7,2475,AA,LAX,13
-5,6,9,7,7,2475,AA,LAX,14
-3,6,10,1,7,2475,AA,LAX,15
-5,6,11,2,7,2475,AA,LAX,16
-5,6,12,3,7,2475,AA,LAX,17
2,6,13,4,7,2475,AA,LAX,18
18,6,14,5,7,2475,AA,LAX,19
1,6,15,6,7,2475,AA,LAX,19
-7,6,16,7,7,2475,AA,LAX,18
-5,6,17,1,7,2475,AA,LAX,17
-5,6,18,2,7,2475,AA,LAX,16
14,6,19,3,7,2475,AA,LAX,15
1,6,20,4,7,2475,AA,LAX,14
-2,6,21,5,7,2475,AA,LAX,13
-2,6,22,6,7,2475,AA,LAX,12
0,6,23,7,7,2475,AA,LAX,11
-4,6,24,1,7,2475,AA,LAX,10
-2,6,25,2,7,2475,AA,LAX,9
-1,6,26,3,7,2475,AA,LAX,8
0,6,27,4,7,2475,AA,LAX,7
104,6,28,5,7,2475,AA,LAX,6
-3,6,29,6,7,2475,AA,LAX,5
-1,6,30,7,7,2475,AA,LAX,4
-2,6,1,6,7,2475,B6,LAX,6
-6,6,1,6,20,2475,B6,LAX,6
11,6,1,6,16,2475,B6,LAX,6
65,6,2,7,20,2475,B6,LAX,7
41,6,2,7,7,2475,B6,LAX,7
-5,6,2,7,16,2475,B6,LAX,7
-4,6,2,7,9,2475,B6,LAX,7
0,6,3,1,7,2475,B6,LAX,8
36,6,3,1,20,2475,B6,LAX,8
-4,6,3,1,9,2475,B6,LAX,8
-2,6,3,1,16,2475,B6,LAX,8
-1,6,4,2,16,2475,B6,LAX,9
-5,6,4,2,7,2475,B6,LAX,9
-5,6,4,2,20,2475,B6,LAX,9
7,6,4,2,9,2475,B6,LAX,9
-5,6,7,5,7,2475,B6,LAX,12
3,6,7,5,9,2475,B6,LAX,12
1,6,5,3,7,2475,B6,LAX,10
-1,6,5,3,20,2475,B6,LAX,10
4,6,5,3,16,2475,B6,LAX,10
3,6,5,3,9,2475,B6,LAX,10
-5,6,6,4,20,2475,B6,LAX,11
-3,6,9,7,16,2475,B6,LAX,14
-4,6,9,7,7,2475,B6,LAX,14
-6,6,9,7,20,2475,B6,LAX,14
-7,6,6,4,9,2475,B6,LAX,11
-3,6,6,4,16,2475,B6,LAX,11
-2,6,6,4,7,2475,B6,LAX,11
-4,6,7,5,16,2475,B6,LAX,12
-5,6,7,5,20,2475,B6,LAX,12
29,6,10,1,20,2475,B6,LAX,15
-3,6,10,1,7,2475,B6,LAX,15
-3,6,10,1,16,2475,B6,LAX,15
29,6,8,6,16,2475,B6,LAX,13
-5,6,8,6,7,2475,B6,LAX,13
-5,6,8,6,20,2475,B6,LAX,13
123,6,9,7,9,2475,B6,LAX,14
-2,6,12,3,16,2475,B6,LAX,17
-1,6,12,3,9,2475,B6,LAX,17
-5,6,12,3,7,2475,B6,LAX,17
2,6,12,3,20,2475,B6,LAX,17
1,6,10,1,9,2475,B6,LAX,15
33,6,13,4,22,2475,B6,LAX,18
-1,6,13,4,16,2475,B6,LAX,18
-3,6,13,4,7,2475,B6,LAX,18
38,6,13,4,20,2475,B6,LAX,18
-4,6,13,4,9,2475,B6,LAX,18
6,6,14,5,22,2475,B6,LAX,19
1,6,14,5,7,2475,B6,LAX,19
-7,6,14,5,20,2475,B6,LAX,19
6,6,14,5,9,2475,B6,LAX,19
0,6,14,5,16,2475,B6,LAX,19
0,6,19,3,9,2475,B6,LAX,15
1,6,19,3,22,2475,B6,LAX,15
-5,6,19,3,7,2475,B6,LAX,15
-1,6,19,3,20,2475,B6,LAX,15
-2,6,19,3,16,2475,B6,LAX,15
-3,6,16,7,7,2475,B6,LAX,18
1,6,16,7,20,2475,B6,LAX,18
-4,6,16,7,22,2475,B6,LAX,18
-2,6,16,7,16,2475,B6,LAX,18
77,6,17,1,20,2475,B6,LAX,17
-2,6,17,1,7,2475,B6,LAX,17
7,6,17,1,16,2475,B6,LAX,17
8,6,17,1,9,2475,B6,LAX,17
68,6,17,1,22,2475,B6,LAX,17
-1,6,22,6,22,2475,B6,LAX,12
-5,6,22,6,7,2475,B6,LAX,12
11,6,22,6,16,2475,B6,LAX,12
10,6,11,2,7,2475,B6,LAX,16
-4,6,11,2,20,2475,B6,LAX,16
6,6,11,2,9,2475,B6,LAX,16
20,6,11,2,16,2475,B6,LAX,16
47,6,18,2,22,2475,B6,LAX,16
0,6,18,2,20,2475,B6,LAX,16
12,6,18,2,9,2475,B6,LAX,16
1,6,18,2,16,2475,B6,LAX,16
2,6,18,2,7,2475,B6,LAX,16
-2,6,24,1,7,2475,B6,LAX,10
18,6,24,1,20,2475,B6,LAX,10
-6,6,24,1,12,2475,B6,LAX,10
64,6,24,1,22,2475,B6,LAX,10
59,6,24,1,16,2475,B6,LAX,10
-4,6,24,1,9,2475,B6,LAX,10
67,6,26,3,22,2475,B6,LAX,8
-3,6,26,3,7,2475,B6,LAX,8
11,6,26,3,9,2475,B6,LAX,8
31,6,26,3,20,2475,B6,LAX,8
21,6,26,3,16,2475,B6,LAX,8
61,6,27,4,22,2475,B6,LAX,7
-1,6,27,4,12,2475,B6,LAX,7
5,6,23,7,16,2475,B6,LAX,11
-3,6,23,7,9,2475,B6,LAX,11
12,6,23,7,22,2475,B6,LAX,11
-1,6,23,7,20,2475,B6,LAX,11
-5,6,23,7,12,2475,B6,LAX,11
6,6,23,7,7,2475,B6,LAX,11
74,6,25,2,9,2475,B6,LAX,9
13,6,25,2,16,2475,B6,LAX,9
20,6,25,2,12,2475,B6,LAX,9
-1,6,25,2,7,2475,B6,LAX,9
66,6,25,2,20,2475,B6,LAX,9
31,6,25,2,22,2475,B6,LAX,9
-3,6,26,3,12,2475,B6,LAX,8
57,6,29,6,22,2475,B6,LAX,5
-4,6,20,4,9,2475,B6,LAX,14
-2,6,20,4,16,2475,B6,LAX,14
-5,6,20,4,22,2475,B6,LAX,14
-2,6,20,4,7,2475,B6,LAX,14
-2,6,20,4,12,2475,B6,LAX,14
-3,6,20,4,20,2475,B6,LAX,14
94,6,28,5,22,2475,B6,LAX,6
-1,6,28,5,12,2475,B6,LAX,6
92,6,28,5,9,2475,B6,LAX,6
3,6,28,5,7,2475,B6,LAX,6
181,6,28,5,20,2475,B6,LAX,6
-3,6,28,5,16,2475,B6,LAX,6
0,6,29,6,16,2475,B6,LAX,5
-1,6,15,6,20,2475,B6,LAX,19
8,6,15,6,22,2475,B6,LAX,19
-4,6,15,6,16,2475,B6,LAX,19
-2,6,15,6,7,2475,B6,LAX,19
177,6,16,7,9,2475,B6,LAX,18
0,6,2,7,7,2475,DL,LAX,7
1,6,2,7,12,2475,DL,LAX,7
7,6,27,4,16,2475,B6,LAX,7
17,6,27,4,9,2475,B6,LAX,7
-2,6,27,4,7,2475,B6,LAX,7
73,6,27,4,20,2475,B6,LAX,7
-1,6,1,6,7,2475,DL,LAX,6
-2,6,1,6,17,2475,DL,LAX,6
