3,12,19,4,15,2475,DL,LAX,6
0,12,19,4,9,2475,DL,LAX,6
22,12,19,4,12,2475,DL,LAX,6
24,12,19,4,18,2475,DL,LAX,6
5,12,19,4,20,2475,DL,LAX,6
19,12,19,4,7,2475,DL,LAX,6
-1,12,19,4,17,2475,DL,LAX,6
-1,12,31,2,6,2475,UA,LAX,1
4,12,31,2,17,2475,UA,LAX,1
3,12,30,1,11,2475,UA,LAX,2
-5,12,30,1,14,2475,UA,LAX,2
-7,12,28,6,14,2475,UA,LAX,3
-6,12,28,6,11,2475,UA,LAX,3
-8,12,28,6,6,2475,UA,LAX,3
-6,12,28,6,8,2475,UA,LAX,3
7,12,27,5,17,2475,UA,LAX,2
14,12,27,5,11,2475,UA,LAX,2
-8,12,27,5,14,2475,UA,LAX,2
3,12,31,2,11,2475,UA,LAX,1
6,12,31,2,14,2475,UA,LAX,1
74,12,29,7,20,2475,UA,LAX,3
-12,12,29,7,8,2475,UA,LAX,3
29,12,29,7,17,2475,UA,LAX,3
-6,12,29,7,11,2475,UA,LAX,3
-8,12,29,7,14,2475,UA,LAX,3
12,12,26,4,20,2475,UA,LAX,1
-4,12,26,4,6,2475,UA,LAX,1
-5,12,26,4,8,2475,UA,LAX,1
15,12,27,5,20,2475,UA,LAX,2
-2,12,27,5,6,2475,UA,LAX,2
-2,12,27,5,8,2475,UA,LAX,2
-1,12,25,3,6,2475,UA,LAX,0
4,12,25,3,17,2475,UA,LAX,0
-2,12,25,3,11,2475,UA,LAX,0
-3,12,24,2,11,2475,UA,LAX,1
3,12,24,2,14,2475,UA,LAX,1
-2,12,25,3,14,2475,UA,LAX,0
-4,12,24,2,6,2475,UA,LAX,1
-2,12,24,2,8,2475,UA,LAX,1
7,12,22,7,20,2475,UA,LAX,3
15,12,22,7,8,2475,UA,LAX,3
16,12,22,7,17,2475,UA,LAX,3
-2,12,26,4,17,2475,UA,LAX,1
-1,12,26,4,11,2475,UA,LAX,1
-1,12,26,4,14,2475,UA,LAX,1
0,12,23,1,8,2475,UA,LAX,2
13,12,23,1,17,2475,UA,LAX,2
10,12,23,1,11,2475,UA,LAX,2
24,12,23,1,14,2475,UA,LAX,2
4,12,23,1,20,2475,UA,LAX,2
-3,12,23,1,6,2475,UA,LAX,2
-6,12,21,6,8,2475,UA,LAX,4
-5,12,21,6,14,2475,UA,LAX,4
-4,12,22,7,11,2475,UA,LAX,3
-8,12,22,7,14,2475,UA,LAX,3
-1,12,20,5,6,2475,UA,LAX,5
-2,12,20,5,8,2475,UA,LAX,5
-5,12,20,5,17,2475,UA,LAX,5
-4,12,20,5,11,2475,UA,LAX,5
-2,12,20,5,14,2475,UA,LAX,5
13,12,18,3,11,2475,UA,LAX,7
45,12,19,4,20,2475,UA,LAX,6
-1,12,19,4,6,2475,UA,LAX,6
86,12,19,4,8,2475,UA,LAX,6
45,12,19,4,17,2475,UA,LAX,6
6,12,19,4,11,2475,UA,LAX,6
4,12,19,4,14,2475,UA,LAX,6
76,12,17,2,20,2475,UA,LAX,8
-2,12,17,2,6,2475,UA,LAX,8
-2,12,17,2,8,2475,UA,LAX,8
-2,12,17,2,17,2475,UA,LAX,8
-7,12,17,2,11,2475,UA,LAX,8
0,12,17,2,14,2475,UA,LAX,8
-3,12,21,6,11,2475,UA,LAX,4
11,12,21,6,6,2475,UA,LAX,4
8,12,16,1,20,2475,UA,LAX,9
-1,12,18,3,14,2475,UA,LAX,7
1,12,18,3,17,2475,UA,LAX,7
-1,12,16,1,17,2475,UA,LAX,9
