-5,11,8,5,6,2475,UA,LAX,3
-3,11,8,5,8,2475,UA,LAX,3
-8,11,8,5,17,2475,UA,LAX,3
-4,11,8,5,11,2475,UA,LAX,3
-7,11,7,4,6,2475,UA,LAX,4
-5,11,7,4,8,2475,UA,LAX,4
1,11,7,4,17,2475,UA,LAX,4
-8,11,7,4,11,2475,UA,LAX,4
-1,11,7,4,14,2475,UA,LAX,4
-8,11,9,6,7,2475,VX,LAX,2
-6,11,9,6,9,2475,VX,LAX,2
9,11,9,6,13,2475,VX,LAX,2
-9,11,9,6,16,2475,VX,LAX,2
-4,12,1,7,9,2475,AA,LAX,4
-6,12,2,1,9,2475,AA,LAX,5
-7,12,3,2,9,2475,AA,LAX,6
-6,12,4,3,9,2475,AA,LAX,7
-4,12,5,4,9,2475,AA,LAX,8
2,12,6,5,9,2475,AA,LAX,9
-2,12,7,6,9,2475,AA,LAX,10
-5,12,8,7,9,2475,AA,LAX,11
-1,12,9,1,9,2475,AA,LAX,12
172,12,10,2,9,2475,AA,LAX,13
1,12,11,3,9,2475,AA,LAX,14
-6,12,12,4,9,2475,AA,LAX,13
-4,12,13,5,9,2475,AA,LAX,12
9,12,14,6,9,2475,AA,LAX,11
13,12,15,7,9,2475,AA,LAX,10
6,12,16,1,9,2475,AA,LAX,9
-1,12,17,2,9,2475,AA,LAX,8
2,12,18,3,9,2475,AA,LAX,7
-5,12,19,4,9,2475,AA,LAX,6
-2,12,20,5,9,2475,AA,LAX,5
-4,12,21,6,9,2475,AA,LAX,4
-1,12,22,7,9,2475,AA,LAX,3
-5,12,23,1,9,2475,AA,LAX,2
27,12,24,2,9,2475,AA,LAX,1
3,12,25,3,9,2475,AA,LAX,0
-2,12,26,4,9,2475,AA,LAX,1
-6,12,27,5,9,2475,AA,LAX,2
-8,12,28,6,9,2475,AA,LAX,3
-2,12,29,7,9,2475,AA,LAX,3
-3,12,30,1,9,2475,AA,LAX,2
-1,12,31,2,9,2475,AA,LAX,1
47,12,1,7,12,2475,AA,LAX,4
-5,12,2,1,12,2475,AA,LAX,5
-5,12,3,2,12,2475,AA,LAX,6
-1,12,4,3,12,2475,AA,LAX,7
26,12,5,4,12,2475,AA,LAX,8
49,12,6,5,12,2475,AA,LAX,9
5,12,7,6,12,2475,AA,LAX,10
-8,12,8,7,12,2475,AA,LAX,11
-2,12,9,1,12,2475,AA,LAX,12
0,12,10,2,12,2475,AA,LAX,13
-7,12,11,3,12,2475,AA,LAX,14
-7,12,12,4,12,2475,AA,LAX,13
0,12,13,5,12,2475,AA,LAX,12
4,12,14,6,12,2475,AA,LAX,11
2,12,15,7,12,2475,AA,LAX,10
2,12,16,1,12,2475,AA,LAX,9
-5,12,17,2,12,2475,AA,LAX,8
112,12,18,3,12,2475,AA,LAX,7
-4,12,19,4,12,2475,AA,LAX,6
-5,12,20,5,12,2475,AA,LAX,5
-7,12,21,6,12,2475,AA,LAX,4
-5,12,22,7,12,2475,AA,LAX,3
262,12,23,1,12,2475,AA,LAX,2
-6,12,24,2,12,2475,AA,LAX,1
-2,12,25,3,12,2475,AA,LAX,0
-10,12,26,4,12,2475,AA,LAX,1
-6,12,27,5,12,2475,AA,LAX,2
-13,12,28,6,12,2475,AA,LAX,3
-5,12,29,7,12,2475,AA,LAX,3
-6,12,30,1,12,2475,AA,LAX,2
-5,12,31,2,12,2475,AA,LAX,1
5,12,1,7,10,2475,AA,LAX,4
-6,12,2,1,10,2475,AA,LAX,5
-5,12,3,2,10,2475,AA,LAX,6
-1,12,4,3,10,2475,AA,LAX,7
-4,12,5,4,10,2475,AA,LAX,8
8,12,6,5,10,2475,AA,LAX,9
-6,12,7,6,10,2475,AA,LAX,10
10,12,8,7,10,2475,AA,LAX,11
-1,12,9,1,10,2475,AA,LAX,12
59,12,10,2,10,2475,AA,LAX,13
25,12,11,3,10,2475,AA,LAX,14
-4,12,12,4,10,2475,AA,LAX,13
-2,12,13,5,10,2475,AA,LAX,12
18,12,14,6,10,2475,AA,LAX,11
-1,12,15,7,10,2475,AA,LAX,10
22,12,16,1,10,2475,AA,LAX,9
-1,12,17,2,10,2475,AA,LAX,8
-6,12,18,3,10,2475,AA,LAX,7
-3,12,1,7,19,2475,AA,LAX,4
73,12,2,1,19,2475,AA,LAX,5
-8,12,3,2,19,2475,AA,LAX,6
-4,12,4,3,19,2475,AA,LAX,7
18,12,5,4,19,2475,AA,LAX,8
-3,12,6,5,19,2475,AA,LAX,9
-7,12,7,6,19,2475,AA,LAX,10
321,12,8,7,19,2475,AA,LAX,11
-1,12,9,1,19,2475,AA,LAX,12
43,12,10,2,19,2475,AA,LAX,13
3,12,11,3,19,2475,AA,LAX,14
28,12,12,4,19,2475,AA,LAX,13
21,12,13,5,19,2475,AA,LAX,12
39,12,14,6,19,2475,AA,LAX,11
2,12,15,7,19,2475,AA,LAX,10
9,12,16,1,19,2475,AA,LAX,9
21,12,17,2,19,2475,AA,LAX,8
268,12,18,3,19,2475,AA,LAX,7
-3,12,19,4,19,2475,AA,LAX,6
2,12,20,5,19,2475,AA,LAX,5
4,12,21,6,19,2475,AA,LAX,4
54,12,22,7,19,2475,AA,LAX,3
19,12,23,1,19,2475,AA,LAX,2
9,12,24,2,19,2475,AA,LAX,1
7,12,25,3,19,2475,AA,LAX,0
16,12,26,4,19,2475,AA,LAX,1
-1,12,27,5,19,2475,AA,LAX,2
-3,12,28,6,19,2475,AA,LAX,3
79,12,29,7,19,2475,AA,LAX,3
8,12,30,1,19,2475,AA,LAX,2
-10,12,31,2,19,2475,AA,LAX,1
-2,12,1,7,7,2475,AA,LAX,4
1,12,2,1,7,2475,AA,LAX,5
5,12,3,2,7,2475,AA,LAX,6
6,12,4,3,7,2475,AA,LAX,7
-3,12,5,4,7,2475,AA,LAX,8
21,12,6,5,7,2475,AA,LAX,9
-1,12,8,7,7,2475,AA,LAX,11
-1,12,9,1,7,2475,AA,LAX,12
2,12,10,2,7,2475,AA,LAX,13
-2,12,11,3,7,2475,AA,LAX,14
0,12,12,4,7,2475,AA,LAX,13
-3,12,13,5,7,2475,AA,LAX,12
-2,12,15,7,7,2475,AA,LAX,10
3,12,16,1,7,2475,AA,LAX,9
-2,12,17,2,7,2475,AA,LAX,8
10,12,18,3,7,2475,AA,LAX,7
0,12,19,4,7,2475,AA,LAX,6
1,12,20,5,7,2475,AA,LAX,5
-6,12,22,7,7,2475,AA,LAX,3
0,12,23,1,7,2475,AA,LAX,2
-2,12,26,4,7,2475,AA,LAX,1
-2,12,27,5,7,2475,AA,LAX,2
1,12,29,7,7,2475,AA,LAX,3
-3,12,30,1,7,2475,AA,LAX,2
-4,12,1,7,15,2475,AA,LAX,4
-5,12,2,1,15,2475,AA,LAX,5
-3,12,3,2,15,2475,AA,LAX,6
-1,12,4,3,15,2475,AA,LAX,7
3,12,5,4,15,2475,AA,LAX,8
4,12,6,5,15,2475,AA,LAX,9
1,12,7,6,15,2475,AA,LAX,10
2,12,8,7,15,2475,AA,LAX,11
19,12,9,1,15,2475,AA,LAX,12
113,12,10,2,15,2475,AA,LAX,13
-5,12,11,3,15,2475,AA,LAX,14
99,12,12,4,15,2475,AA,LAX,13
-4,12,13,5,15,2475,AA,LAX,12
49,12,14,6,15,2475,AA,LAX,11
68,12,15,7,15,2475,AA,LAX,10
3,12,16,1,15,2475,AA,LAX,9
72,12,17,2,15,2475,AA,LAX,8
-1,12,18,3,15,2475,AA,LAX,7
-4,12,19,4,15,2475,AA,LAX,6
0,12,20,5,15,2475,AA,LAX,5
9,12,21,6,15,2475,AA,LAX,4
3,12,22,7,15,2475,AA,LAX,3
9,12,23,1,15,2475,AA,LAX,2
2,12,24,2,15,2475,AA,LAX,1
3,12,25,3,15,2475,AA,LAX,0
9,12,26,4,15,2475,AA,LAX,1
1,12,27,5,15,2475,AA,LAX,2
-2,12,28,6,15,2475,AA,LAX,3
-5,12,29,7,15,2475,AA,LAX,3
28,12,30,1,15,2475,AA,LAX,2
-3,12,31,2,15,2475,AA,LAX,1
-4,12,1,7,13,2475,AA,LAX,4
-13,12,2,1,13,2475,AA,LAX,5
75,12,3,2,13,2475,AA,LAX,6
-2,12,4,3,13,2475,AA,LAX,7
50,12,5,4,13,2475,AA,LAX,8
-7,12,6,5,13,2475,AA,LAX,9
9,12,7,6,13,2475,AA,LAX,10
-4,12,8,7,13,2475,AA,LAX,11
1,12,9,1,13,2475,AA,LAX,12
22,12,10,2,13,2475,AA,LAX,13
-6,12,11,3,13,2475,AA,LAX,14
-2,12,12,4,13,2475,AA,LAX,13
-1,12,13,5,13,2475,AA,LAX,12
6,12,14,6,13,2475,AA,LAX,11
-4,12,15,7,13,2475,AA,LAX,10
242,12,16,1,13,2475,AA,LAX,9
-5,12,17,2,13,2475,AA,LAX,8
-3,12,18,3,13,2475,AA,LAX,7
-3,12,19,4,13,2475,AA,LAX,6
-1,12,20,5,13,2475,AA,LAX,5
-8,12,21,6,13,2475,AA,LAX,4
-8,12,22,7,13,2475,AA,LAX,3
-1,12,23,1,13,2475,AA,LAX,2
2,12,24,2,13,2475,AA,LAX,1
-2,12,25,3,13,2475,AA,LAX,0
-3,12,26,4,13,2475,AA,LAX,1
-9,12,27,5,13,2475,AA,LAX,2
7,12,28,6,13,2475,AA,LAX,3
-3,12,29,7,13,2475,AA,LAX,3
-9,12,30,1,13,2475,AA,LAX,2
0,12,31,2,13,2475,AA,LAX,1
78,12,1,7,16,2475,AA,LAX,4
2,12,2,1,16,2475,AA,LAX,5
-5,12,3,2,16,2475,AA,LAX,6
6,12,4,3,16,2475,AA,LAX,7
-2,12,5,4,16,2475,AA,LAX,8
0,12,6,5,16,2475,AA,LAX,9
-3,12,7,6,16,2475,AA,LAX,10
5,12,8,7,16,2475,AA,LAX,11
117,12,9,1,16,2475,AA,LAX,12
0,12,10,2,16,2475,AA,LAX,13
3,12,11,3,16,2475,AA,LAX,14
32,12,12,4,16,2475,AA,LAX,13
51,12,13,5,16,2475,AA,LAX,12
37,12,14,6,16,2475,AA,LAX,11
31,12,15,7,16,2475,AA,LAX,10
305,12,16,1,16,2475,AA,LAX,9
42,12,17,2,16,2475,AA,LAX,8
7,12,18,3,16,2475,AA,LAX,7
-1,12,19,4,16,2475,AA,LAX,6
-3,12,20,5,16,2475,AA,LAX,5
-1,12,21,6,16,2475,AA,LAX,4
0,12,22,7,16,2475,AA,LAX,3
59,12,23,1,16,2475,AA,LAX,2
0,12,24,2,16,2475,AA,LAX,1
-4,12,25,3,16,2475,AA,LAX,0
4,12,26,4,16,2475,AA,LAX,1
-3,12,27,5,16,2475,AA,LAX,2
-5,12,28,6,16,2475,AA,LAX,3
16,12,29,7,16,2475,AA,LAX,3
3,12,30,1,16,2475,AA,LAX,2
-4,12,31,2,16,2475,AA,LAX,1
14,12,1,7,21,2475,AA,LAX,4
-2,12,2,1,21,2475,AA,LAX,5
-7,12,3,2,21,2475,AA,LAX,6
31,12,4,3,21,2475,AA,LAX,7
86,12,5,4,21,2475,AA,LAX,8
1,12,6,5,21,2475,AA,LAX,9
2,12,8,7,21,2475,AA,LAX,11
-7,12,9,1,21,2475,AA,LAX,12
8,12,10,2,21,2475,AA,LAX,13
0,12,11,3,21,2475,AA,LAX,14
-1,12,12,4,21,2475,AA,LAX,13
-4,12,13,5,21,2475,AA,LAX,12
42,12,14,6,21,2475,AA,LAX,11
0,12,15,7,21,2475,AA,LAX,10
93,12,16,1,21,2475,AA,LAX,9
68,12,17,2,21,2475,AA,LAX,8
4,12,18,3,21,2475,AA,LAX,7
10,12,19,4,21,2475,AA,LAX,6
1,12,20,5,21,2475,AA,LAX,5
26,12,21,6,21,2475,AA,LAX,4
38,12,22,7,21,2475,AA,LAX,3
1,12,23,1,21,2475,AA,LAX,2
1,12,24,2,21,2475,AA,LAX,1
-5,12,25,3,21,2475,AA,LAX,0
18,12,26,4,21,2475,AA,LAX,1
3,12,27,5,21,2475,AA,LAX,2
-8,12,28,6,21,2475,AA,LAX,3
34,12,29,7,21,2475,AA,LAX,3
0,12,30,1,21,2475,AA,LAX,2
-7,12,31,2,21,2475,AA,LAX,1
-10,12,5,4,7,2475,B6,LAX,8
-2,12,5,4,9,2475,B6,LAX,8
21,12,3,2,9,2475,B6,LAX,6
21,12,3,2,11,2475,B6,LAX,6
0,12,3,2,16,2475,B6,LAX,6
-4,12,3,2,20,2475,B6,LAX,6
-1,12,4,3,7,2475,B6,LAX,7
0,12,4,3,9,2475,B6,LAX,7
-2,12,4,3,11,2475,B6,LAX,7
9,12,4,3,16,2475,B6,LAX,7
-1,12,4,3,20,2475,B6,LAX,7
-2,12,2,1,7,2475,B6,LAX,5
-3,12,2,1,9,2475,B6,LAX,5
0,12,2,1,11,2475,B6,LAX,5
-3,12,2,1,16,2475,B6,LAX,5
22,12,2,1,20,2475,B6,LAX,5
-5,12,2,1,13,2475,B6,LAX,5
-5,12,3,2,7,2475,B6,LAX,6
-4,12,6,5,9,2475,B6,LAX,9
3,12,6,5,11,2475,B6,LAX,9
7,12,6,5,16,2475,B6,LAX,9
0,12,6,5,20,2475,B6,LAX,9
-5,12,7,6,7,2475,B6,LAX,10
34,12,5,4,11,2475,B6,LAX,8
86,12,5,4,16,2475,B6,LAX,8
-6,12,5,4,20,2475,B6,LAX,8
-3,12,6,5,7,2475,B6,LAX,9
8,12,9,1,11,2475,B6,LAX,12
46,12,9,1,16,2475,B6,LAX,12
1,12,9,1,20,2475,B6,LAX,12
-4,12,10,2,7,2475,B6,LAX,13
-1,12,10,2,9,2475,B6,LAX,13
21,12,10,2,11,2475,B6,LAX,13
0,12,10,2,16,2475,B6,LAX,13
-4,12,10,2,20,2475,B6,LAX,13
-3,12,8,7,7,2475,B6,LAX,11
5,12,8,7,9,2475,B6,LAX,11
-4,12,8,7,11,2475,B6,LAX,11
10,12,8,7,16,2475,B6,LAX,11
27,12,8,7,20,2475,B6,LAX,11
-2,12,9,1,7,2475,B6,LAX,12
-3,12,9,1,9,2475,B6,LAX,12
-3,12,13,5,7,2475,B6,LAX,12
-6,12,13,5,9,2475,B6,LAX,12
-8,12,7,6,11,2475,B6,LAX,10
14,12,7,6,16,2475,B6,LAX,10
-5,12,7,6,20,2475,B6,LAX,10
-8,12,11,3,7,2475,B6,LAX,14
-3,12,11,3,9,2475,B6,LAX,14
-3,12,11,3,11,2475,B6,LAX,14
12,12,11,3,16,2475,B6,LAX,14
-1,12,11,3,20,2475,B6,LAX,14
-5,12,12,4,7,2475,B6,LAX,13
-2,12,12,4,9,2475,B6,LAX,13
-8,12,12,4,11,2475,B6,LAX,13
2,12,12,4,16,2475,B6,LAX,13
20,12,12,4,20,2475,B6,LAX,13
-7,12,1,7,7,2475,B6,LAX,4
-4,12,1,7,9,2475,B6,LAX,4
-2,12,1,7,11,2475,B6,LAX,4
19,12,1,7,16,2475,B6,LAX,4
-3,12,1,7,20,2475,B6,LAX,4
-3,12,1,7,13,2475,B6,LAX,4
14,12,19,4,7,2475,B6,LAX,6
18,12,19,4,9,2475,B6,LAX,6
3,12,19,4,11,2475,B6,LAX,6
17,12,19,4,16,2475,B6,LAX,6
43,12,19,4,20,2475,B6,LAX,6
55,12,19,4,22,2475,B6,LAX,6
2,12,21,6,20,2475,B6,LAX,4
38,12,21,6,22,2475,B6,LAX,4
-4,12,14,6,7,2475,B6,LAX,11
9,12,14,6,11,2475,B6,LAX,11
10,12,14,6,16,2475,B6,LAX,11
124,12,14,6,20,2475,B6,LAX,11
58,12,15,7,9,2475,B6,LAX,10
69,12,15,7,11,2475,B6,LAX,10
6,12,15,7,16,2475,B6,LAX,10
131,12,15,7,20,2475,B6,LAX,10
22,12,20,5,7,2475,B6,LAX,5
4,12,20,5,9,2475,B6,LAX,5
-5,12,20,5,11,2475,B6,LAX,5
40,12,20,5,16,2475,B6,LAX,5
3,12,20,5,20,2475,B6,LAX,5
23,12,20,5,22,2475,B6,LAX,5
14,12,13,5,11,2475,B6,LAX,12
-3,12,13,5,16,2475,B6,LAX,12
38,12,13,5,20,2475,B6,LAX,12
-2,12,17,2,7,2475,B6,LAX,8
-2,12,17,2,9,2475,B6,LAX,8
17,12,17,2,11,2475,B6,LAX,8
1,12,17,2,16,2475,B6,LAX,8
165,12,17,2,20,2475,B6,LAX,8
0,12,18,3,7,2475,B6,LAX,7
49,12,18,3,9,2475,B6,LAX,7
15,12,18,3,11,2475,B6,LAX,7
-1,12,18,3,16,2475,B6,LAX,7
37,12,18,3,20,2475,B6,LAX,7
-5,12,26,4,7,2475,B6,LAX,1
-4,12,26,4,9,2475,B6,LAX,1
47,12,26,4,11,2475,B6,LAX,1
-3,12,22,7,7,2475,B6,LAX,3
-1,12,22,7,9,2475,B6,LAX,3
-2,12,22,7,11,2475,B6,LAX,3
9,12,22,7,16,2475,B6,LAX,3
-1,12,22,7,20,2475,B6,LAX,3
29,12,22,7,22,2475,B6,LAX,3
0,12,27,5,7,2475,B6,LAX,2
-4,12,27,5,9,2475,B6,LAX,2
16,12,27,5,11,2475,B6,LAX,2
-5,12,27,5,16,2475,B6,LAX,2
2,12,27,5,20,2475,B6,LAX,2
4,12,27,5,22,2475,B6,LAX,2
0,12,23,1,7,2475,B6,LAX,2
-1,12,23,1,9,2475,B6,LAX,2
-9,12,23,1,11,2475,B6,LAX,2
-4,12,23,1,16,2475,B6,LAX,2
6,12,23,1,20,2475,B6,LAX,2
72,12,23,1,22,2475,B6,LAX,2
-1,12,24,2,7,2475,B6,LAX,1
-6,12,28,6,11,2475,B6,LAX,3
41,12,28,6,16,2475,B6,LAX,3
-1,12,28,6,20,2475,B6,LAX,3
19,12,28,6,22,2475,B6,LAX,3
-2,12,29,7,7,2475,B6,LAX,3
4,12,29,7,9,2475,B6,LAX,3
-4,12,29,7,11,2475,B6,LAX,3
-4,12,29,7,16,2475,B6,LAX,3
82,12,29,7,20,2475,B6,LAX,3
-4,12,26,4,16,2475,B6,LAX,1
6,12,26,4,20,2475,B6,LAX,1
0,12,26,4,22,2475,B6,LAX,1
-5,12,30,1,7,2475,B6,LAX,2
-2,12,30,1,9,2475,B6,LAX,2
4,12,30,1,11,2475,B6,LAX,2
-1,12,30,1,16,2475,B6,LAX,2
2,12,30,1,20,2475,B6,LAX,2
0,12,30,1,22,2475,B6,LAX,2
-2,12,2,1,15,2475,DL,LAX,5
0,12,2,1,9,2475,DL,LAX,5
0,12,2,1,12,2475,DL,LAX,5
-4,12,2,1,18,2475,DL,LAX,5
11,12,2,1,20,2475,DL,LAX,5
-4,12,2,1,7,2475,DL,LAX,5
-6,12,2,1,16,2475,DL,LAX,5
36,12,29,7,22,2475,B6,LAX,3
-1,12,31,2,7,2475,B6,LAX,1
6,12,31,2,9,2475,B6,LAX,1
1,12,31,2,11,2475,B6,LAX,1
-6,12,31,2,16,2475,B6,LAX,1
-3,12,31,2,20,2475,B6,LAX,1
-1,12,1,7,15,2475,DL,LAX,4
-3,12,1,7,9,2475,DL,LAX,4
6,12,1,7,12,2475,DL,LAX,4
8,12,1,7,18,2475,DL,LAX,4
14,12,1,7,20,2475,DL,LAX,4
9,12,1,7,7,2475,DL,LAX,4
42,12,1,7,16,2475,DL,LAX,4
3,12,28,6,7,2475,B6,LAX,3
5,12,21,6,7,2475,B6,LAX,4
-6,12,21,6,11,2475,B6,LAX,4
-2,12,21,6,16,2475,B6,LAX,4
-2,12,24,2,9,2475,B6,LAX,1
-3,12,24,2,11,2475,B6,LAX,1
29,12,24,2,16,2475,B6,LAX,1
-1,12,24,2,20,2475,B6,LAX,1
0,12,24,2,22,2475,B6,LAX,1
6,12,25,3,7,2475,B6,LAX,0
24,12,25,3,9,2475,B6,LAX,0
-4,12,25,3,11,2475,B6,LAX,0
14,12,25,3,16,2475,B6,LAX,0
-4,12,25,3,20,2475,B6,LAX,0
-2,12,4,3,15,2475,DL,LAX,7
-10,12,4,3,9,2475,DL,LAX,7
-5,12,4,3,12,2475,DL,LAX,7
-3,12,4,3,18,2475,DL,LAX,7
-1,12,4,3,20,2475,DL,LAX,7
-6,12,4,3,7,2475,DL,LAX,7
-2,12,4,3,16,2475,DL,LAX,7
