-2,5,1,3,9,2475,AA,LAX,21
11,5,2,4,9,2475,AA,LAX,20
-4,5,3,5,9,2475,AA,LAX,19
-5,5,4,6,9,2475,AA,LAX,18
-11,5,5,7,9,2475,AA,LAX,17
-6,5,6,1,9,2475,AA,LAX,16
-11,5,7,2,9,2475,AA,LAX,15
-5,5,8,3,9,2475,AA,LAX,14
0,5,9,4,9,2475,AA,LAX,13
10,5,10,5,9,2475,AA,LAX,12
-6,5,11,6,9,2475,AA,LAX,11
-2,5,12,7,9,2475,AA,LAX,10
-5,5,13,1,9,2475,AA,LAX,9
-9,5,14,2,9,2475,AA,LAX,8
-4,5,15,3,9,2475,AA,LAX,7
2,5,16,4,9,2475,AA,LAX,6
-5,5,17,5,9,2475,AA,LAX,5
-5,5,18,6,9,2475,AA,LAX,4
-3,5,19,7,9,2475,AA,LAX,3
30,5,20,1,9,2475,AA,LAX,2
3,5,21,2,9,2475,AA,LAX,1
4,5,22,3,9,2475,AA,LAX,0
-1,5,23,4,9,2475,AA,LAX,1
49,5,24,5,9,2475,AA,LAX,2
-4,5,25,6,9,2475,AA,LAX,1
-4,5,26,7,9,2475,AA,LAX,0
-6,5,27,1,9,2475,AA,LAX,1
3,5,28,2,9,2475,AA,LAX,2
-8,5,29,3,9,2475,AA,LAX,3
-4,5,30,4,9,2475,AA,LAX,4
174,5,31,5,9,2475,AA,LAX,5
-5,5,1,3,12,2475,AA,LAX,21
-3,5,2,4,12,2475,AA,LAX,20
-7,5,3,5,12,2475,AA,LAX,19
-6,5,4,6,12,2475,AA,LAX,18
-6,5,5,7,12,2475,AA,LAX,17
-3,5,6,1,12,2475,AA,LAX,16
-5,5,7,2,12,2475,AA,LAX,15
-5,5,8,3,12,2475,AA,LAX,14
4,5,9,4,12,2475,AA,LAX,13
2,5,10,5,12,2475,AA,LAX,12
-1,5,11,6,12,2475,AA,LAX,11
-9,5,12,7,12,2475,AA,LAX,10
-10,5,13,1,12,2475,AA,LAX,9
0,5,14,2,12,2475,AA,LAX,8
-3,5,15,3,12,2475,AA,LAX,7
14,5,16,4,12,2475,AA,LAX,6
-4,5,17,5,12,2475,AA,LAX,5
5,5,18,6,12,2475,AA,LAX,4
-2,5,19,7,12,2475,AA,LAX,3
-2,5,20,1,12,2475,AA,LAX,2
-1,5,21,2,12,2475,AA,LAX,1
-7,5,22,3,12,2475,AA,LAX,0
-3,5,23,4,12,2475,AA,LAX,1
-1,5,24,5,12,2475,AA,LAX,2
67,5,25,6,12,2475,AA,LAX,1
3,5,26,7,12,2475,AA,LAX,0
-5,5,27,1,12,2475,AA,LAX,1
43,5,28,2,12,2475,AA,LAX,2
34,5,29,3,12,2475,AA,LAX,3
-8,5,30,4,12,2475,AA,LAX,4
-2,5,31,5,12,2475,AA,LAX,5
-3,5,1,3,17,2475,AA,LAX,21
0,5,2,4,17,2475,AA,LAX,20
-1,5,3,5,17,2475,AA,LAX,19
-3,5,4,6,17,2475,AA,LAX,18
-4,5,5,7,17,2475,AA,LAX,17
0,5,6,1,17,2475,AA,LAX,16
-4,5,7,2,17,2475,AA,LAX,15
22,5,8,3,17,2475,AA,LAX,14
2,5,9,4,17,2475,AA,LAX,13
-1,5,10,5,17,2475,AA,LAX,12
50,5,11,6,17,2475,AA,LAX,11
-2,5,12,7,17,2475,AA,LAX,10
36,5,13,1,17,2475,AA,LAX,9
-3,5,14,2,17,2475,AA,LAX,8
-5,5,15,3,17,2475,AA,LAX,7
-5,5,16,4,17,2475,AA,LAX,6
24,5,17,5,17,2475,AA,LAX,5
-2,5,18,6,17,2475,AA,LAX,4
2,5,19,7,17,2475,AA,LAX,3
5,5,20,1,17,2475,AA,LAX,2
1,5,21,2,17,2475,AA,LAX,1
15,5,22,3,17,2475,AA,LAX,0
115,5,23,4,17,2475,AA,LAX,1
142,5,24,5,17,2475,AA,LAX,2
-3,5,25,6,17,2475,AA,LAX,1
98,5,26,7,17,2475,AA,LAX,0
-1,5,27,1,17,2475,AA,LAX,1
0,5,28,2,17,2475,AA,LAX,2
-4,5,29,3,17,2475,AA,LAX,3
1,5,30,4,17,2475,AA,LAX,4
1,5,31,5,17,2475,AA,LAX,5
0,5,1,3,21,2475,AA,LAX,21
14,5,2,4,21,2475,AA,LAX,20
-1,5,3,5,21,2475,AA,LAX,19
3,5,5,7,21,2475,AA,LAX,17
18,5,6,1,21,2475,AA,LAX,16
-5,5,7,2,21,2475,AA,LAX,15
169,5,8,3,21,2475,AA,LAX,14
83,5,9,4,21,2475,AA,LAX,13
12,5,10,5,21,2475,AA,LAX,12
8,5,12,7,21,2475,AA,LAX,10
37,5,13,1,21,2475,AA,LAX,9
55,5,14,2,21,2475,AA,LAX,8
43,5,15,3,21,2475,AA,LAX,7
148,5,16,4,21,2475,AA,LAX,6
50,5,17,5,21,2475,AA,LAX,5
59,5,19,7,21,2475,AA,LAX,3
-2,5,20,1,21,2475,AA,LAX,2
31,5,21,2,21,2475,AA,LAX,1
63,5,22,3,21,2475,AA,LAX,0
92,5,23,4,21,2475,AA,LAX,1
56,5,24,5,21,2475,AA,LAX,2
-2,5,26,7,21,2475,AA,LAX,0
-9,5,27,1,21,2475,AA,LAX,1
-5,5,28,2,21,2475,AA,LAX,2
13,5,29,3,21,2475,AA,LAX,3
-3,5,30,4,21,2475,AA,LAX,4
-7,5,31,5,21,2475,AA,LAX,5
1,5,1,3,10,2475,AA,LAX,21
-4,5,2,4,10,2475,AA,LAX,20
-6,5,3,5,10,2475,AA,LAX,19
-9,5,4,6,10,2475,AA,LAX,18
-5,5,5,7,10,2475,AA,LAX,17
-6,5,6,1,10,2475,AA,LAX,16
-6,5,7,2,10,2475,AA,LAX,15
-5,5,8,3,10,2475,AA,LAX,14
-2,5,9,4,10,2475,AA,LAX,13
1,5,10,5,10,2475,AA,LAX,12
-4,5,11,6,10,2475,AA,LAX,11
-8,5,12,7,10,2475,AA,LAX,10
-10,5,13,1,10,2475,AA,LAX,9
-3,5,14,2,10,2475,AA,LAX,8
33,5,15,3,10,2475,AA,LAX,7
-1,5,16,4,10,2475,AA,LAX,6
-2,5,17,5,10,2475,AA,LAX,5
-1,5,18,6,10,2475,AA,LAX,4
-3,5,19,7,10,2475,AA,LAX,3
-7,5,20,1,10,2475,AA,LAX,2
0,5,21,2,10,2475,AA,LAX,1
1,5,22,3,10,2475,AA,LAX,0
-6,5,23,4,10,2475,AA,LAX,1
-5,5,24,5,10,2475,AA,LAX,2
-5,5,25,6,10,2475,AA,LAX,1
-8,5,27,1,10,2475,AA,LAX,1
-6,5,28,2,10,2475,AA,LAX,2
136,5,29,3,10,2475,AA,LAX,3
-3,5,30,4,10,2475,AA,LAX,4
-5,5,31,5,10,2475,AA,LAX,5
-3,5,1,3,19,2475,AA,LAX,21
39,5,2,4,19,2475,AA,LAX,20
44,5,3,5,19,2475,AA,LAX,19
51,5,4,6,19,2475,AA,LAX,18
5,5,5,7,19,2475,AA,LAX,17
117,5,6,1,19,2475,AA,LAX,16
36,5,7,2,19,2475,AA,LAX,15
17,5,8,3,19,2475,AA,LAX,14
37,5,9,4,19,2475,AA,LAX,13
55,5,10,5,19,2475,AA,LAX,12
43,5,11,6,19,2475,AA,LAX,11
0,5,12,7,19,2475,AA,LAX,10
8,5,13,1,19,2475,AA,LAX,9
-3,5,14,2,19,2475,AA,LAX,8
-1,5,15,3,19,2475,AA,LAX,7
38,5,16,4,19,2475,AA,LAX,6
0,5,17,5,19,2475,AA,LAX,5
0,5,18,6,19,2475,AA,LAX,4
51,5,19,7,19,2475,AA,LAX,3
-2,5,20,1,19,2475,AA,LAX,2
114,5,21,2,19,2475,AA,LAX,1
13,5,22,3,19,2475,AA,LAX,0
106,5,23,4,19,2475,AA,LAX,1
134,5,24,5,19,2475,AA,LAX,2
4,5,25,6,19,2475,AA,LAX,1
-7,5,27,1,19,2475,AA,LAX,1
2,5,28,2,19,2475,AA,LAX,2
-2,5,29,3,19,2475,AA,LAX,3
46,5,30,4,19,2475,AA,LAX,4
-3,5,31,5,19,2475,AA,LAX,5
-2,5,1,3,7,2475,AA,LAX,21
-3,5,2,4,7,2475,AA,LAX,20
-2,5,3,5,7,2475,AA,LAX,19
-3,5,4,6,7,2475,AA,LAX,18
-7,5,5,7,7,2475,AA,LAX,17
-1,5,6,1,7,2475,AA,LAX,16
-1,5,7,2,7,2475,AA,LAX,15
1,5,9,4,7,2475,AA,LAX,13
-4,5,10,5,7,2475,AA,LAX,12
17,5,11,6,7,2475,AA,LAX,11
-2,5,12,7,7,2475,AA,LAX,10
-7,5,13,1,7,2475,AA,LAX,9
-4,5,14,2,7,2475,AA,LAX,8
-6,5,15,3,7,2475,AA,LAX,7
-4,5,16,4,7,2475,AA,LAX,6
-5,5,17,5,7,2475,AA,LAX,5
-3,5,18,6,7,2475,AA,LAX,4
-5,5,19,7,7,2475,AA,LAX,3
-2,5,20,1,7,2475,AA,LAX,2
-5,5,21,2,7,2475,AA,LAX,1
-3,5,22,3,7,2475,AA,LAX,0
34,5,23,4,7,2475,AA,LAX,1
3,5,24,5,7,2475,AA,LAX,2
-2,5,25,6,7,2475,AA,LAX,1
-5,5,26,7,7,2475,AA,LAX,0
5,5,27,1,7,2475,AA,LAX,1
-6,5,28,2,7,2475,AA,LAX,2
-1,5,29,3,7,2475,AA,LAX,3
-4,5,30,4,7,2475,AA,LAX,4
-1,5,31,5,7,2475,AA,LAX,5
-2,5,1,3,13,2475,AA,LAX,21
9,5,2,4,13,2475,AA,LAX,20
-1,5,3,5,13,2475,AA,LAX,19
-1,5,4,6,13,2475,AA,LAX,18
-4,5,5,7,13,2475,AA,LAX,17
-4,5,6,1,13,2475,AA,LAX,16
-5,5,7,2,13,2475,AA,LAX,15
0,5,8,3,13,2475,AA,LAX,14
2,5,9,4,13,2475,AA,LAX,13
-5,5,10,5,13,2475,AA,LAX,12
-2,5,11,6,13,2475,AA,LAX,11
0,5,12,7,13,2475,AA,LAX,10
-9,5,13,1,13,2475,AA,LAX,9
-9,5,14,2,13,2475,AA,LAX,8
-2,5,15,3,13,2475,AA,LAX,7
-6,5,16,4,13,2475,AA,LAX,6
-7,5,17,5,13,2475,AA,LAX,5
-5,5,18,6,13,2475,AA,LAX,4
-7,5,19,7,13,2475,AA,LAX,3
-2,5,20,1,13,2475,AA,LAX,2
-7,5,21,2,13,2475,AA,LAX,1
1,5,22,3,13,2475,AA,LAX,0
-2,5,23,4,13,2475,AA,LAX,1
-2,5,24,5,13,2475,AA,LAX,2
-2,5,25,6,13,2475,AA,LAX,1
-2,5,26,7,13,2475,AA,LAX,0
-2,5,27,1,13,2475,AA,LAX,1
-1,5,28,2,13,2475,AA,LAX,2
42,5,29,3,13,2475,AA,LAX,3
-6,5,30,4,13,2475,AA,LAX,4
2,5,31,5,13,2475,AA,LAX,5
-5,5,1,3,15,2475,AA,LAX,21
-4,5,2,4,15,2475,AA,LAX,20
1,5,3,5,15,2475,AA,LAX,19
11,5,4,6,15,2475,AA,LAX,18
-4,5,5,7,15,2475,AA,LAX,17
9,5,6,1,15,2475,AA,LAX,16
0,5,7,2,15,2475,AA,LAX,15
22,5,8,3,15,2475,AA,LAX,14
-3,5,9,4,15,2475,AA,LAX,13
1,5,10,5,15,2475,AA,LAX,12
22,5,11,6,15,2475,AA,LAX,11
0,5,12,7,15,2475,AA,LAX,10
51,5,13,1,15,2475,AA,LAX,9
-1,5,14,2,15,2475,AA,LAX,8
-4,5,15,3,15,2475,AA,LAX,7
-6,5,16,4,15,2475,AA,LAX,6
76,5,17,5,15,2475,AA,LAX,5
33,5,18,6,15,2475,AA,LAX,4
6,5,19,7,15,2475,AA,LAX,3
22,5,20,1,15,2475,AA,LAX,2
-5,5,21,2,15,2475,AA,LAX,1
1,5,22,3,15,2475,AA,LAX,0
15,5,23,4,15,2475,AA,LAX,1
0,5,24,5,15,2475,AA,LAX,2
8,5,25,6,15,2475,AA,LAX,1
-2,5,26,7,15,2475,AA,LAX,0
0,5,27,1,15,2475,AA,LAX,1
-4,5,28,2,15,2475,AA,LAX,2
-1,5,29,3,15,2475,AA,LAX,3
-9,5,30,4,15,2475,AA,LAX,4
45,5,31,5,15,2475,AA,LAX,5
-4,5,30,4,7,2475,B6,LAX,4
-5,5,30,4,16,2475,B6,LAX,4
7,5,30,4,20,2475,B6,LAX,4
-1,5,30,4,9,2475,B6,LAX,4
-4,5,26,7,7,2475,B6,LAX,0
-3,5,26,7,16,2475,B6,LAX,0
-7,5,26,7,20,2475,B6,LAX,0
-5,5,26,7,9,2475,B6,LAX,0
-2,5,29,3,7,2475,B6,LAX,3
-2,5,29,3,16,2475,B6,LAX,3
75,5,29,3,20,2475,B6,LAX,3
14,5,29,3,9,2475,B6,LAX,3
-2,5,28,2,7,2475,B6,LAX,2
8,5,28,2,16,2475,B6,LAX,2
33,5,28,2,20,2475,B6,LAX,2
0,5,28,2,9,2475,B6,LAX,2
0,5,31,5,7,2475,B6,LAX,5
-1,5,31,5,16,2475,B6,LAX,5
12,5,31,5,20,2475,B6,LAX,5
-1,5,31,5,9,2475,B6,LAX,5
-4,5,27,1,7,2475,B6,LAX,1
2,5,27,1,16,2475,B6,LAX,1
3,5,27,1,20,2475,B6,LAX,1
21,5,27,1,9,2475,B6,LAX,1
28,5,23,4,7,2475,B6,LAX,1
1,5,23,4,16,2475,B6,LAX,1
39,5,23,4,20,2475,B6,LAX,1
1,5,23,4,9,2475,B6,LAX,1
-1,5,17,5,7,2475,B6,LAX,5
59,5,17,5,16,2475,B6,LAX,5
6,5,17,5,20,2475,B6,LAX,5
-3,5,17,5,9,2475,B6,LAX,5
-2,5,24,5,7,2475,B6,LAX,2
25,5,24,5,16,2475,B6,LAX,2
-2,5,24,5,20,2475,B6,LAX,2
-1,5,24,5,9,2475,B6,LAX,2
-5,5,18,6,7,2475,B6,LAX,4
-4,5,18,6,16,2475,B6,LAX,4
9,5,18,6,20,2475,B6,LAX,4
-7,5,25,6,7,2475,B6,LAX,1
-3,5,25,6,16,2475,B6,LAX,1
-3,5,25,6,20,2475,B6,LAX,1
-3,5,21,2,7,2475,B6,LAX,1
3,5,21,2,16,2475,B6,LAX,1
51,5,21,2,20,2475,B6,LAX,1
-2,5,21,2,9,2475,B6,LAX,1
23,5,12,7,7,2475,B6,LAX,10
-3,5,12,7,16,2475,B6,LAX,10
60,5,12,7,20,2475,B6,LAX,10
-3,5,12,7,9,2475,B6,LAX,10
-4,5,22,3,7,2475,B6,LAX,0
7,5,22,3,16,2475,B6,LAX,0
0,5,22,3,20,2475,B6,LAX,0
0,5,22,3,9,2475,B6,LAX,0
-6,5,15,3,7,2475,B6,LAX,7
4,5,15,3,16,2475,B6,LAX,7
85,5,15,3,20,2475,B6,LAX,7
-1,5,15,3,9,2475,B6,LAX,7
-5,5,14,2,7,2475,B6,LAX,8
3,5,14,2,16,2475,B6,LAX,8
-4,5,14,2,20,2475,B6,LAX,8
0,5,14,2,9,2475,B6,LAX,8
-3,5,13,1,7,2475,B6,LAX,9
0,5,13,1,16,2475,B6,LAX,9
14,5,13,1,20,2475,B6,LAX,9
-2,5,13,1,9,2475,B6,LAX,9
-4,5,8,3,7,2475,B6,LAX,14
8,5,8,3,16,2475,B6,LAX,14
15,5,8,3,20,2475,B6,LAX,14
1,5,8,3,9,2475,B6,LAX,14
-1,5,9,4,7,2475,B6,LAX,13
5,5,9,4,16,2475,B6,LAX,13
47,5,9,4,20,2475,B6,LAX,13
-1,5,9,4,9,2475,B6,LAX,13
-5,5,4,6,7,2475,B6,LAX,18
5,5,4,6,16,2475,B6,LAX,18
25,5,4,6,20,2475,B6,LAX,18
-7,5,6,1,7,2475,B6,LAX,16
9,5,6,1,16,2475,B6,LAX,16
6,5,6,1,20,2475,B6,LAX,16
-2,5,6,1,9,2475,B6,LAX,16
-8,5,5,7,7,2475,B6,LAX,17
-2,5,5,7,16,2475,B6,LAX,17
20,5,5,7,20,2475,B6,LAX,17
-3,5,5,7,9,2475,B6,LAX,17
-4,5,20,1,7,2475,B6,LAX,2
35,5,20,1,16,2475,B6,LAX,2
7,5,20,1,20,2475,B6,LAX,2
-1,5,20,1,9,2475,B6,LAX,2
-5,5,19,7,7,2475,B6,LAX,3
21,5,19,7,16,2475,B6,LAX,3
6,5,19,7,20,2475,B6,LAX,3
-2,5,19,7,9,2475,B6,LAX,3
0,5,3,5,7,2475,B6,LAX,19
-6,5,3,5,16,2475,B6,LAX,19
48,5,3,5,20,2475,B6,LAX,19
-4,5,3,5,9,2475,B6,LAX,19
-6,5,1,3,7,2475,B6,LAX,21
0,5,1,3,16,2475,B6,LAX,21
-3,5,1,3,20,2475,B6,LAX,21
16,5,1,3,9,2475,B6,LAX,21
143,5,1,3,18,2475,DL,LAX,21
-3,5,1,3,19,2475,DL,LAX,21
-5,5,1,3,9,2475,DL,LAX,21
-3,5,1,3,14,2475,DL,LAX,21
-5,5,2,4,7,2475,DL,LAX,20
-6,5,2,4,12,2475,DL,LAX,20
21,5,1,3,7,2475,DL,LAX,21
-7,5,1,3,12,2475,DL,LAX,21
55,5,1,3,16,2475,DL,LAX,21
-3,5,2,4,21,2475,DL,LAX,20
18,5,3,5,18,2475,DL,LAX,19
-4,5,3,5,19,2475,DL,LAX,19
-5,5,3,5,8,2475,DL,LAX,19
-5,5,3,5,14,2475,DL,LAX,19
-8,5,3,5,7,2475,DL,LAX,19
-4,5,7,2,7,2475,B6,LAX,15
-6,5,7,2,16,2475,B6,LAX,15
-4,5,7,2,20,2475,B6,LAX,15
-3,5,7,2,9,2475,B6,LAX,15
-2,5,4,6,16,2475,DL,LAX,18
2,5,1,3,21,2475,DL,LAX,21
-2,5,2,4,18,2475,DL,LAX,20
-3,5,2,4,19,2475,DL,LAX,20
-5,5,2,4,9,2475,DL,LAX,20
-3,5,2,4,14,2475,DL,LAX,20
-7,5,3,5,21,2475,DL,LAX,19
61,5,4,6,18,2475,DL,LAX,18
40,5,4,6,19,2475,DL,LAX,18
-6,5,4,6,9,2475,DL,LAX,18
-1,5,4,6,14,2475,DL,LAX,18
-8,5,4,6,12,2475,DL,LAX,18
-1,5,2,4,16,2475,DL,LAX,20
15,5,3,5,16,2475,DL,LAX,19
-3,5,5,7,21,2475,DL,LAX,17
52,5,6,1,18,2475,DL,LAX,16
-1,5,6,1,19,2475,DL,LAX,16
-6,5,6,1,9,2475,DL,LAX,16
-4,5,6,1,14,2475,DL,LAX,16
-2,5,5,7,16,2475,DL,LAX,17
2,5,7,2,16,2475,DL,LAX,15
-6,5,6,1,21,2475,DL,LAX,16
22,5,7,2,18,2475,DL,LAX,15
-3,5,7,2,19,2475,DL,LAX,15
-1,5,7,2,9,2475,DL,LAX,15
7,5,7,2,14,2475,DL,LAX,15
-1,5,7,2,7,2475,DL,LAX,15
-2,5,7,2,12,2475,DL,LAX,15
46,5,8,3,16,2475,DL,LAX,14
-4,5,6,1,7,2475,DL,LAX,16
-5,5,6,1,12,2475,DL,LAX,16
79,5,7,2,21,2475,DL,LAX,15
61,5,8,3,18,2475,DL,LAX,14
1,5,8,3,19,2475,DL,LAX,14
-1,5,8,3,9,2475,DL,LAX,14
2,5,8,3,14,2475,DL,LAX,14
-1,5,8,3,7,2475,DL,LAX,14
-2,5,8,3,12,2475,DL,LAX,14
28,5,8,3,21,2475,DL,LAX,14
6,5,9,4,18,2475,DL,LAX,13
-5,5,9,4,19,2475,DL,LAX,13
-5,5,9,4,9,2475,DL,LAX,13
10,5,9,4,14,2475,DL,LAX,13
3,5,9,4,7,2475,DL,LAX,13
-7,5,9,4,12,2475,DL,LAX,13
-3,5,10,5,12,2475,DL,LAX,12
4,5,9,4,21,2475,DL,LAX,13
6,5,10,5,18,2475,DL,LAX,12
-4,5,10,5,19,2475,DL,LAX,12
-3,5,10,5,8,2475,DL,LAX,12
-8,5,10,5,14,2475,DL,LAX,12
-6,5,10,5,7,2475,DL,LAX,12
10,5,9,4,16,2475,DL,LAX,13
-5,5,11,6,12,2475,DL,LAX,11
-3,5,10,5,21,2475,DL,LAX,12
71,5,11,6,18,2475,DL,LAX,11
18,5,11,6,19,2475,DL,LAX,11
8,5,11,6,8,2475,DL,LAX,11
6,5,11,6,14,2475,DL,LAX,11
-6,5,12,7,16,2475,DL,LAX,10
-1,5,10,5,16,2475,DL,LAX,12
1,5,12,7,18,2475,DL,LAX,10
0,5,12,7,19,2475,DL,LAX,10
2,5,12,7,9,2475,DL,LAX,10
-2,5,12,7,14,2475,DL,LAX,10
-4,5,12,7,12,2475,DL,LAX,10
-3,5,2,4,7,2475,B6,LAX,20
0,5,2,4,16,2475,B6,LAX,20
3,5,2,4,20,2475,B6,LAX,20
-4,5,2,4,9,2475,B6,LAX,20
7,5,6,1,16,2475,DL,LAX,16
82,5,11,6,16,2475,DL,LAX,11
-3,5,12,7,21,2475,DL,LAX,10
22,5,13,1,18,2475,DL,LAX,9
-3,5,13,1,19,2475,DL,LAX,9
0,5,13,1,9,2475,DL,LAX,9
-3,5,13,1,14,2475,DL,LAX,9
-3,5,13,1,7,2475,DL,LAX,9
-6,5,13,1,12,2475,DL,LAX,9
0,5,14,2,12,2475,DL,LAX,8
11,5,13,1,16,2475,DL,LAX,9
-5,5,3,5,12,2475,DL,LAX,19
0,5,5,7,18,2475,DL,LAX,17
6,5,5,7,19,2475,DL,LAX,17
-4,5,5,7,9,2475,DL,LAX,17
149,5,5,7,14,2475,DL,LAX,17
22,5,5,7,7,2475,DL,LAX,17
-9,5,5,7,12,2475,DL,LAX,17
8,5,13,1,21,2475,DL,LAX,9
43,5,14,2,18,2475,DL,LAX,8
-3,5,14,2,19,2475,DL,LAX,8
-4,5,14,2,9,2475,DL,LAX,8
11,5,14,2,14,2475,DL,LAX,8
-2,5,14,2,7,2475,DL,LAX,8
-3,5,15,3,7,2475,DL,LAX,7
94,5,15,3,12,2475,DL,LAX,7
-1,5,15,3,16,2475,DL,LAX,7
-4,5,14,2,16,2475,DL,LAX,8
5,5,16,4,18,2475,DL,LAX,6
-3,5,16,4,19,2475,DL,LAX,6
-3,5,16,4,9,2475,DL,LAX,6
0,5,16,4,14,2475,DL,LAX,6
0,5,16,4,7,2475,DL,LAX,6
-4,5,16,4,12,2475,DL,LAX,6
0,5,17,5,16,2475,DL,LAX,5
7,5,16,4,16,2475,DL,LAX,6
-1,5,17,5,21,2475,DL,LAX,5
64,5,18,6,18,2475,DL,LAX,4
4,5,18,6,19,2475,DL,LAX,4
-1,5,18,6,9,2475,DL,LAX,4
-2,5,18,6,14,2475,DL,LAX,4
-6,5,15,3,21,2475,DL,LAX,7
-3,5,16,4,21,2475,DL,LAX,6
8,5,17,5,18,2475,DL,LAX,5
-5,5,17,5,19,2475,DL,LAX,5
-4,5,17,5,8,2475,DL,LAX,5
-1,5,17,5,14,2475,DL,LAX,5
-4,5,17,5,7,2475,DL,LAX,5
-4,5,17,5,12,2475,DL,LAX,5
-3,5,18,6,16,2475,DL,LAX,4
14,5,19,7,18,2475,DL,LAX,3
45,5,19,7,19,2475,DL,LAX,3
-2,5,19,7,9,2475,DL,LAX,3
41,5,19,7,14,2475,DL,LAX,3
-2,5,19,7,7,2475,DL,LAX,3
0,5,19,7,12,2475,DL,LAX,3
104,5,19,7,21,2475,DL,LAX,3
10,5,19,7,16,2475,DL,LAX,3
29,5,21,2,21,2475,DL,LAX,1
14,5,22,3,18,2475,DL,LAX,0
14,5,22,3,19,2475,DL,LAX,0
-2,5,22,3,9,2475,DL,LAX,0
10,5,22,3,14,2475,DL,LAX,0
0,5,20,1,16,2475,DL,LAX,2
-2,5,14,2,21,2475,DL,LAX,8
19,5,15,3,18,2475,DL,LAX,7
28,5,15,3,19,2475,DL,LAX,7
-3,5,15,3,9,2475,DL,LAX,7
14,5,15,3,14,2475,DL,LAX,7
14,5,20,1,21,2475,DL,LAX,2
27,5,21,2,18,2475,DL,LAX,1
-1,5,21,2,19,2475,DL,LAX,1
60,5,21,2,9,2475,DL,LAX,1
-4,5,21,2,14,2475,DL,LAX,1
-3,5,21,2,7,2475,DL,LAX,1
-6,5,21,2,12,2475,DL,LAX,1
-3,5,23,4,12,2475,DL,LAX,1
-8,5,16,4,7,2475,B6,LAX,6
-3,5,16,4,16,2475,B6,LAX,6
23,5,16,4,20,2475,B6,LAX,6
10,5,16,4,9,2475,B6,LAX,6
-4,5,11,6,7,2475,B6,LAX,11
12,5,11,6,16,2475,B6,LAX,11
152,5,11,6,20,2475,B6,LAX,11
-7,5,10,5,7,2475,B6,LAX,12
-5,5,10,5,16,2475,B6,LAX,12
62,5,10,5,20,2475,B6,LAX,12
-1,5,10,5,9,2475,B6,LAX,12
-5,5,21,2,16,2475,DL,LAX,1
34,5,22,3,21,2475,DL,LAX,0
-4,5,23,4,18,2475,DL,LAX,1
3,5,23,4,19,2475,DL,LAX,1
-2,5,23,4,9,2475,DL,LAX,1
19,5,23,4,14,2475,DL,LAX,1
8,5,22,3,16,2475,DL,LAX,0
5,5,24,5,7,2475,DL,LAX,2
-1,5,24,5,12,2475,DL,LAX,2
-2,5,22,3,7,2475,DL,LAX,0
9,5,22,3,12,2475,DL,LAX,0
40,5,23,4,21,2475,DL,LAX,1
76,5,24,5,18,2475,DL,LAX,2
-1,5,24,5,19,2475,DL,LAX,2
0,5,24,5,8,2475,DL,LAX,2
-1,5,24,5,14,2475,DL,LAX,2
21,5,25,6,18,2475,DL,LAX,1
-4,5,25,6,19,2475,DL,LAX,1
-2,5,25,6,9,2475,DL,LAX,1
9,5,25,6,14,2475,DL,LAX,1
50,5,24,5,21,2475,DL,LAX,2
-2,5,26,7,16,2475,DL,LAX,0
47,5,23,4,7,2475,DL,LAX,1
9,5,26,7,18,2475,DL,LAX,0
2,5,26,7,19,2475,DL,LAX,0
-3,5,26,7,9,2475,DL,LAX,0
12,5,26,7,14,2475,DL,LAX,0
-7,5,26,7,12,2475,DL,LAX,0
28,5,27,1,21,2475,DL,LAX,1
12,5,28,2,18,2475,DL,LAX,2
-1,5,28,2,19,2475,DL,LAX,2
18,5,28,2,9,2475,DL,LAX,2
1,5,28,2,14,2475,DL,LAX,2
-2,5,28,2,7,2475,DL,LAX,2
17,5,25,6,12,2475,DL,LAX,1
47,5,25,6,16,2475,DL,LAX,1
-2,5,27,1,16,2475,DL,LAX,1
62,5,23,4,16,2475,DL,LAX,1
27,5,28,2,16,2475,DL,LAX,2
-3,5,28,2,12,2475,DL,LAX,2
7,5,29,3,16,2475,DL,LAX,3
-3,5,31,5,12,2475,DL,LAX,5
61,5,29,3,21,2475,DL,LAX,3
7,5,30,4,18,2475,DL,LAX,4
-4,5,30,4,19,2475,DL,LAX,4
-2,5,30,4,9,2475,DL,LAX,4
-2,5,30,4,7,2475,DL,LAX,4
7,5,30,4,12,2475,DL,LAX,4
22,5,28,2,21,2475,DL,LAX,2
-2,5,29,3,18,2475,DL,LAX,3
-1,5,29,3,19,2475,DL,LAX,3
-7,5,29,3,9,2475,DL,LAX,3
13,5,29,3,14,2475,DL,LAX,3
0,5,29,3,7,2475,DL,LAX,3
2,5,29,3,12,2475,DL,LAX,3
46,5,30,4,21,2475,DL,LAX,4
16,5,31,5,18,2475,DL,LAX,5
-2,5,31,5,19,2475,DL,LAX,5
-1,5,31,5,8,2475,DL,LAX,5
0,5,31,5,15,2475,DL,LAX,5
15,5,31,5,7,2475,DL,LAX,5
-1,5,30,4,16,2475,DL,LAX,4
31,5,31,5,21,2475,DL,LAX,5
