-11,2,12,2,21,2475,DL,LAX,6
0,2,13,3,21,2475,DL,LAX,5
-2,2,14,4,7,2475,DL,LAX,4
14,2,14,4,12,2475,DL,LAX,4
-1,2,14,4,15,2475,DL,LAX,4
-3,2,15,5,15,2475,DL,LAX,3
12,2,15,5,21,2475,DL,LAX,3
-1,2,16,6,19,2475,DL,LAX,2
-1,2,16,6,9,2475,DL,LAX,2
0,2,16,6,17,2475,DL,LAX,2
-2,2,16,6,15,2475,DL,LAX,2
-5,2,17,7,19,2475,DL,LAX,1
-5,2,17,7,9,2475,DL,LAX,1
-5,2,17,7,17,2475,DL,LAX,1
-4,2,17,7,12,2475,DL,LAX,1
6,2,14,4,19,2475,DL,LAX,4
-5,2,14,4,9,2475,DL,LAX,4
-5,2,14,4,17,2475,DL,LAX,4
30,2,15,5,7,2475,DL,LAX,3
-7,2,15,5,12,2475,DL,LAX,3
0,2,16,6,12,2475,DL,LAX,2
-1,2,17,7,15,2475,DL,LAX,1
0,2,18,1,19,2475,DL,LAX,0
-2,2,18,1,9,2475,DL,LAX,0
-5,2,18,1,17,2475,DL,LAX,0
-4,2,18,1,7,2475,DL,LAX,0
-6,2,18,1,12,2475,DL,LAX,0
-2,2,18,1,15,2475,DL,LAX,0
-2,2,18,1,21,2475,DL,LAX,0
-7,2,19,2,19,2475,DL,LAX,1
-2,2,19,2,9,2475,DL,LAX,1
-7,2,19,2,17,2475,DL,LAX,1
-1,2,19,2,7,2475,DL,LAX,1
-5,2,19,2,12,2475,DL,LAX,1
21,2,9,6,15,2475,DL,LAX,9
-4,2,20,3,19,2475,DL,LAX,2
-6,2,20,3,9,2475,DL,LAX,2
-4,2,20,3,17,2475,DL,LAX,2
-3,2,20,3,7,2475,DL,LAX,2
-3,2,20,3,12,2475,DL,LAX,2
-4,2,19,2,15,2475,DL,LAX,1
-3,2,19,2,21,2475,DL,LAX,1
-3,2,21,4,19,2475,DL,LAX,3
-5,2,21,4,9,2475,DL,LAX,3
-4,2,21,4,17,2475,DL,LAX,3
-6,2,20,3,15,2475,DL,LAX,2
-6,2,20,3,21,2475,DL,LAX,2
-2,2,22,5,19,2475,DL,LAX,4
-5,2,22,5,9,2475,DL,LAX,4
-3,2,22,5,17,2475,DL,LAX,4
-4,2,22,5,7,2475,DL,LAX,4
-6,2,22,5,12,2475,DL,LAX,4
-5,2,21,4,7,2475,DL,LAX,3
-1,2,21,4,12,2475,DL,LAX,3
-5,2,21,4,15,2475,DL,LAX,3
-3,2,21,4,21,2475,DL,LAX,3
-7,2,23,6,15,2475,DL,LAX,5
0,2,24,7,19,2475,DL,LAX,6
-3,2,24,7,9,2475,DL,LAX,6
-5,2,24,7,17,2475,DL,LAX,6
0,2,24,7,12,2475,DL,LAX,6
-3,2,24,7,15,2475,DL,LAX,6
-7,2,24,7,21,2475,DL,LAX,6
-4,2,25,1,19,2475,DL,LAX,7
-8,2,25,1,9,2475,DL,LAX,7
-6,2,25,1,17,2475,DL,LAX,7
-4,2,25,1,7,2475,DL,LAX,7
-4,2,25,1,12,2475,DL,LAX,7
-4,2,25,1,15,2475,DL,LAX,7
-9,2,25,1,21,2475,DL,LAX,7
-2,2,26,2,19,2475,DL,LAX,8
-5,2,26,2,9,2475,DL,LAX,8
5,2,26,2,17,2475,DL,LAX,8
-4,2,26,2,7,2475,DL,LAX,8
4,2,26,2,12,2475,DL,LAX,8
-8,2,26,2,15,2475,DL,LAX,8
-7,2,26,2,21,2475,DL,LAX,8
-2,2,27,3,19,2475,DL,LAX,9
-5,2,27,3,9,2475,DL,LAX,9
-7,2,27,3,17,2475,DL,LAX,9
-2,2,27,3,7,2475,DL,LAX,9
4,2,27,3,12,2475,DL,LAX,9
-4,2,27,3,15,2475,DL,LAX,9
-8,2,27,3,21,2475,DL,LAX,9
-5,2,28,4,19,2475,DL,LAX,10
-2,2,28,4,9,2475,DL,LAX,10
0,2,28,4,17,2475,DL,LAX,10
-5,2,28,4,7,2475,DL,LAX,10
-4,2,28,4,12,2475,DL,LAX,10
0,2,28,4,15,2475,DL,LAX,10
-5,2,28,4,21,2475,DL,LAX,10
-4,2,19,2,7,2475,B6,LAX,1
1,2,19,2,11,2475,B6,LAX,1
31,2,19,2,16,2475,B6,LAX,1
10,2,19,2,20,2475,B6,LAX,1
13,2,19,2,6,2475,UA,LAX,1
-2,2,17,7,17,2475,UA,LAX,1
-5,2,17,7,11,2475,UA,LAX,1
-4,2,17,7,20,2475,UA,LAX,1
7,2,18,1,6,2475,UA,LAX,0
-2,2,17,7,15,2475,UA,LAX,1
-4,2,17,7,8,2475,UA,LAX,1
1,2,15,5,15,2475,UA,LAX,3
-6,2,15,5,8,2475,UA,LAX,3
1,2,15,5,17,2475,UA,LAX,3
0,2,16,6,8,2475,UA,LAX,2
8,2,16,6,18,2475,UA,LAX,2
4,2,16,6,11,2475,UA,LAX,2
-10,2,14,4,8,2475,UA,LAX,4
5,2,14,4,17,2475,UA,LAX,4
-4,2,14,4,11,2475,UA,LAX,4
-2,2,14,4,20,2475,UA,LAX,4
22,2,15,5,20,2475,UA,LAX,3
0,2,15,5,6,2475,UA,LAX,3
-7,2,14,4,15,2475,UA,LAX,4
18,2,13,3,6,2475,UA,LAX,5
-7,2,19,2,8,2475,UA,LAX,1
1,2,13,3,15,2475,UA,LAX,5
1,2,13,3,8,2475,UA,LAX,5
7,2,13,3,17,2475,UA,LAX,5
6,2,13,3,11,2475,UA,LAX,5
-3,2,13,3,20,2475,UA,LAX,5
57,2,11,1,17,2475,UA,LAX,7
8,2,11,1,11,2475,UA,LAX,7
51,2,11,1,20,2475,UA,LAX,7
16,2,11,1,6,2475,UA,LAX,7
-1,2,8,5,8,2475,UA,LAX,10
152,2,10,7,8,2475,UA,LAX,8
-1,2,10,7,15,2475,UA,LAX,8
-6,2,10,7,17,2475,UA,LAX,8
-2,2,10,7,20,2475,UA,LAX,8
3,2,8,5,6,2475,UA,LAX,10
-6,2,12,2,8,2475,UA,LAX,6
-3,2,12,2,15,2475,UA,LAX,6
-4,2,12,2,17,2475,UA,LAX,6
-1,2,9,6,17,2475,UA,LAX,9
-5,2,15,5,11,2475,UA,LAX,3
-7,2,12,2,11,2475,UA,LAX,6
10,2,12,2,20,2475,UA,LAX,6
0,2,12,2,6,2475,UA,LAX,6
-5,2,11,1,8,2475,UA,LAX,7
29,2,11,1,15,2475,UA,LAX,7
-6,2,6,3,6,2475,UA,LAX,12
-6,2,6,3,8,2475,UA,LAX,12
-9,2,6,3,15,2475,UA,LAX,12
0,2,6,3,17,2475,UA,LAX,12
-6,2,6,3,11,2475,UA,LAX,12
86,2,6,3,20,2475,UA,LAX,12
-6,2,4,1,17,2475,UA,LAX,14
-6,2,4,1,11,2475,UA,LAX,14
-2,2,4,1,20,2475,UA,LAX,14
-3,2,4,1,6,2475,UA,LAX,14
20,2,7,4,17,2475,UA,LAX,11
-7,2,7,4,11,2475,UA,LAX,11
-2,2,7,4,20,2475,UA,LAX,11
-4,2,7,4,6,2475,UA,LAX,11
9,2,3,7,8,2475,UA,LAX,13
-4,2,3,7,15,2475,UA,LAX,13
-3,2,3,7,17,2475,UA,LAX,13
3,2,3,7,11,2475,UA,LAX,13
7,2,7,4,8,2475,UA,LAX,11
-1,2,7,4,15,2475,UA,LAX,11
-4,2,5,2,17,2475,UA,LAX,13
-5,2,5,2,11,2475,UA,LAX,13
-6,2,5,2,20,2475,UA,LAX,13
25,2,5,2,6,2475,UA,LAX,13
-6,2,4,1,8,2475,UA,LAX,14
17,2,4,1,15,2475,UA,LAX,14
-1,2,1,5,17,2475,UA,LAX,11
-3,2,1,5,11,2475,UA,LAX,11
-6,2,1,5,20,2475,UA,LAX,11
-4,2,5,2,8,2475,UA,LAX,13
-6,2,5,2,15,2475,UA,LAX,13
-2,2,2,6,8,2475,UA,LAX,12
-4,2,2,6,15,2475,UA,LAX,12
-12,2,2,6,11,2475,UA,LAX,12
55,2,2,6,17,2475,UA,LAX,12
-1,2,3,7,20,2475,UA,LAX,13
-7,2,1,5,6,2475,UA,LAX,11
-2,2,27,3,17,2475,UA,LAX,9
-2,2,25,1,15,2475,UA,LAX,7
-5,2,25,1,8,2475,UA,LAX,7
-6,2,25,1,17,2475,UA,LAX,7
-8,2,25,1,11,2475,UA,LAX,7
-7,2,25,1,20,2475,UA,LAX,7
-2,2,3,7,9,2475,VX,LAX,13
3,2,3,7,13,2475,VX,LAX,13
-1,2,3,7,16,2475,VX,LAX,13
-4,2,3,7,20,2475,VX,LAX,13
8,2,4,1,7,2475,VX,LAX,14
5,2,4,1,9,2475,VX,LAX,14
2,2,4,1,13,2475,VX,LAX,14
2,2,4,1,16,2475,VX,LAX,14
27,2,4,1,20,2475,VX,LAX,14
-7,2,5,2,7,2475,VX,LAX,13
-4,2,5,2,9,2475,VX,LAX,13
0,2,5,2,13,2475,VX,LAX,13
-6,2,5,2,16,2475,VX,LAX,13
1,2,5,2,20,2475,VX,LAX,13
-8,2,1,5,7,2475,VX,LAX,11
-4,2,1,5,9,2475,VX,LAX,11
3,2,1,5,13,2475,VX,LAX,11
8,2,1,5,16,2475,VX,LAX,11
1,2,1,5,20,2475,VX,LAX,11
128,2,10,7,9,2475,VX,LAX,8
9,2,10,7,13,2475,VX,LAX,8
2,2,10,7,16,2475,VX,LAX,8
-6,2,10,7,20,2475,VX,LAX,8
-2,2,11,1,7,2475,VX,LAX,7
3,2,11,1,9,2475,VX,LAX,7
1,2,11,1,13,2475,VX,LAX,7
151,2,11,1,16,2475,VX,LAX,7
64,2,11,1,20,2475,VX,LAX,7
-1,2,12,2,7,2475,VX,LAX,6
-2,2,12,2,9,2475,VX,LAX,6
0,2,12,2,13,2475,VX,LAX,6
-5,2,12,2,16,2475,VX,LAX,6
-2,2,12,2,20,2475,VX,LAX,6
5,2,13,3,7,2475,VX,LAX,5
0,2,13,3,9,2475,VX,LAX,5
4,2,13,3,13,2475,VX,LAX,5
126,2,13,3,16,2475,VX,LAX,5
20,2,13,3,20,2475,VX,LAX,5
1,2,14,4,7,2475,VX,LAX,4
4,2,14,4,9,2475,VX,LAX,4
-3,2,14,4,13,2475,VX,LAX,4
11,2,14,4,16,2475,VX,LAX,4
12,2,14,4,20,2475,VX,LAX,4
0,2,15,5,7,2475,VX,LAX,3
2,2,15,5,9,2475,VX,LAX,3
2,2,15,5,13,2475,VX,LAX,3
17,2,15,5,16,2475,VX,LAX,3
6,2,15,5,20,2475,VX,LAX,3
0,2,16,6,7,2475,VX,LAX,2
-6,2,16,6,9,2475,VX,LAX,2
10,2,16,6,13,2475,VX,LAX,2
3,2,16,6,16,2475,VX,LAX,2
5,2,16,6,20,2475,VX,LAX,2
-5,2,17,7,9,2475,VX,LAX,1
-1,2,17,7,13,2475,VX,LAX,1
14,2,17,7,16,2475,VX,LAX,1
-1,2,17,7,20,2475,VX,LAX,1
-5,2,18,1,7,2475,VX,LAX,0
-5,2,18,1,9,2475,VX,LAX,0
3,2,18,1,13,2475,VX,LAX,0
-4,2,18,1,16,2475,VX,LAX,0
-10,2,18,1,20,2475,VX,LAX,0
-7,2,19,2,7,2475,VX,LAX,1
2,2,19,2,9,2475,VX,LAX,1
-7,2,19,2,13,2475,VX,LAX,1
3,2,19,2,16,2475,VX,LAX,1
-8,2,19,2,20,2475,VX,LAX,1
-6,2,2,6,7,2475,VX,LAX,12
-8,2,2,6,9,2475,VX,LAX,12
3,2,2,6,13,2475,VX,LAX,12
-4,2,2,6,16,2475,VX,LAX,12
-3,2,20,3,7,2475,VX,LAX,2
-5,2,20,3,9,2475,VX,LAX,2
-7,2,20,3,13,2475,VX,LAX,2
0,2,20,3,16,2475,VX,LAX,2
-9,2,20,3,20,2475,VX,LAX,2
-5,2,21,4,7,2475,VX,LAX,3
-6,2,21,4,9,2475,VX,LAX,3
-2,2,21,4,13,2475,VX,LAX,3
0,2,21,4,16,2475,VX,LAX,3
-7,2,21,4,20,2475,VX,LAX,3
-3,2,22,5,7,2475,VX,LAX,4
-4,2,22,5,9,2475,VX,LAX,4
0,2,22,5,13,2475,VX,LAX,4
-1,2,22,5,16,2475,VX,LAX,4
-10,2,22,5,20,2475,VX,LAX,4
-7,2,23,6,7,2475,VX,LAX,5
28,2,23,6,9,2475,VX,LAX,5
3,2,23,6,13,2475,VX,LAX,5
-3,2,23,6,16,2475,VX,LAX,5
-5,2,23,6,20,2475,VX,LAX,5
-1,2,24,7,7,2475,VX,LAX,6
-5,2,24,7,9,2475,VX,LAX,6
70,2,24,7,13,2475,VX,LAX,6
-5,2,24,7,16,2475,VX,LAX,6
-4,2,24,7,20,2475,VX,LAX,6
12,2,25,1,7,2475,VX,LAX,7
10,2,25,1,9,2475,VX,LAX,7
3,2,25,1,13,2475,VX,LAX,7
14,2,25,1,16,2475,VX,LAX,7
-4,2,25,1,20,2475,VX,LAX,7
-5,2,26,2,7,2475,VX,LAX,8
-2,2,26,2,9,2475,VX,LAX,8
-6,2,26,2,13,2475,VX,LAX,8
20,2,26,2,16,2475,VX,LAX,8
-6,2,26,2,20,2475,VX,LAX,8
-5,2,27,3,7,2475,VX,LAX,9
50,2,27,3,9,2475,VX,LAX,9
2,2,27,3,13,2475,VX,LAX,9
27,2,27,3,16,2475,VX,LAX,9
121,2,27,3,20,2475,VX,LAX,9
-3,2,28,4,7,2475,VX,LAX,10
-1,2,28,4,9,2475,VX,LAX,10
-3,2,28,4,13,2475,VX,LAX,10
1,2,28,4,16,2475,VX,LAX,10
6,2,28,4,20,2475,VX,LAX,10
-5,2,6,3,7,2475,VX,LAX,12
-7,2,6,3,9,2475,VX,LAX,12
-3,2,6,3,13,2475,VX,LAX,12
-7,2,6,3,16,2475,VX,LAX,12
-1,2,6,3,20,2475,VX,LAX,12
-3,2,7,4,7,2475,VX,LAX,11
-7,2,7,4,9,2475,VX,LAX,11
3,2,7,4,13,2475,VX,LAX,11
-3,2,7,4,16,2475,VX,LAX,11
0,2,7,4,20,2475,VX,LAX,11
23,2,8,5,7,2475,VX,LAX,10
9,2,8,5,9,2475,VX,LAX,10
13,2,8,5,13,2475,VX,LAX,10
10,2,9,6,16,2475,VX,LAX,9
6,2,14,4,6,2475,UA,LAX,4
2,2,2,6,6,2475,UA,LAX,12
-4,2,1,5,8,2475,UA,LAX,11
-1,2,1,5,15,2475,UA,LAX,11
