31,6,2,7,18,2475,DL,LAX,7
-5,6,2,7,9,2475,DL,LAX,7
-5,6,2,7,15,2475,DL,LAX,7
2,6,3,1,7,2475,DL,LAX,8
25,6,3,1,12,2475,DL,LAX,8
44,6,29,6,12,2475,B6,LAX,5
51,6,29,6,7,2475,B6,LAX,5
3,6,29,6,20,2475,B6,LAX,5
37,6,30,7,20,2475,B6,LAX,4
-4,6,30,7,9,2475,B6,LAX,4
-6,6,30,7,7,2475,B6,LAX,4
5,6,30,7,16,2475,B6,LAX,4
-3,6,30,7,12,2475,B6,LAX,4
188,6,30,7,22,2475,B6,LAX,4
0,6,1,6,18,2475,DL,LAX,6
0,6,1,6,9,2475,DL,LAX,6
3,6,1,6,15,2475,DL,LAX,6
-1,6,4,2,18,2475,DL,LAX,9
-3,6,4,2,9,2475,DL,LAX,9
-1,6,4,2,15,2475,DL,LAX,9
-2,6,4,2,7,2475,DL,LAX,9
-3,6,4,2,12,2475,DL,LAX,9
19,6,3,1,17,2475,DL,LAX,8
50,6,4,2,17,2475,DL,LAX,9
0,6,5,3,21,2475,DL,LAX,10
19,6,2,7,21,2475,DL,LAX,7
29,6,3,1,18,2475,DL,LAX,8
-2,6,3,1,9,2475,DL,LAX,8
1,6,3,1,15,2475,DL,LAX,8
-2,6,4,2,21,2475,DL,LAX,9
5,6,5,3,18,2475,DL,LAX,10
-3,6,5,3,9,2475,DL,LAX,10
-1,6,5,3,15,2475,DL,LAX,10
-1,6,5,3,7,2475,DL,LAX,10
-7,6,5,3,12,2475,DL,LAX,10
1,6,6,4,18,2475,DL,LAX,11
-6,6,6,4,9,2475,DL,LAX,11
3,6,6,4,15,2475,DL,LAX,11
5,6,6,4,7,2475,DL,LAX,11
-3,6,6,4,12,2475,DL,LAX,11
59,6,7,5,17,2475,DL,LAX,12
21,6,6,4,17,2475,DL,LAX,11
84,6,7,5,21,2475,DL,LAX,12
2,6,3,1,21,2475,DL,LAX,8
-3,6,6,4,21,2475,DL,LAX,11
29,6,7,5,18,2475,DL,LAX,12
-1,6,7,5,8,2475,DL,LAX,12
2,6,7,5,15,2475,DL,LAX,12
-3,6,7,5,7,2475,DL,LAX,12
-1,6,7,5,12,2475,DL,LAX,12
-5,6,8,6,17,2475,DL,LAX,13
22,6,9,7,21,2475,DL,LAX,14
41,6,8,6,18,2475,DL,LAX,13
-1,6,8,6,9,2475,DL,LAX,13
7,6,8,6,15,2475,DL,LAX,13
9,6,8,6,7,2475,DL,LAX,13
30,6,9,7,17,2475,DL,LAX,14
0,6,9,7,18,2475,DL,LAX,14
-4,6,9,7,9,2475,DL,LAX,14
31,6,9,7,15,2475,DL,LAX,14
17,6,9,7,7,2475,DL,LAX,14
0,6,9,7,12,2475,DL,LAX,14
7,6,10,1,17,2475,DL,LAX,15
75,6,10,1,21,2475,DL,LAX,15
41,6,11,2,18,2475,DL,LAX,16
11,6,11,2,15,2475,DL,LAX,16
-5,6,11,2,9,2475,DL,LAX,16
40,6,11,2,21,2475,DL,LAX,16
-1,6,12,3,18,2475,DL,LAX,17
6,6,12,3,15,2475,DL,LAX,17
-3,6,12,3,9,2475,DL,LAX,17
31,6,12,3,7,2475,DL,LAX,17
10,6,12,3,12,2475,DL,LAX,17
22,6,12,3,17,2475,DL,LAX,17
40,6,12,3,21,2475,DL,LAX,17
20,6,13,4,18,2475,DL,LAX,18
0,6,13,4,15,2475,DL,LAX,18
-7,6,13,4,9,2475,DL,LAX,18
0,6,10,1,18,2475,DL,LAX,15
26,6,10,1,15,2475,DL,LAX,15
1,6,10,1,9,2475,DL,LAX,15
10,6,10,1,7,2475,DL,LAX,15
8,6,10,1,12,2475,DL,LAX,15
-1,6,11,2,7,2475,DL,LAX,16
-4,6,11,2,12,2475,DL,LAX,16
1,6,11,2,17,2475,DL,LAX,16
-3,6,14,5,7,2475,DL,LAX,19
-7,6,14,5,12,2475,DL,LAX,19
28,6,13,4,17,2475,DL,LAX,18
0,6,15,6,18,2475,DL,LAX,19
1,6,15,6,15,2475,DL,LAX,19
-3,6,15,6,9,2475,DL,LAX,19
57,6,13,4,21,2475,DL,LAX,18
1,6,14,5,18,2475,DL,LAX,19
10,6,14,5,15,2475,DL,LAX,19
-6,6,14,5,9,2475,DL,LAX,19
6,6,15,6,7,2475,DL,LAX,19
-1,6,15,6,12,2475,DL,LAX,19
-4,6,14,5,17,2475,DL,LAX,19
12,6,16,7,21,2475,DL,LAX,18
15,6,17,1,18,2475,DL,LAX,17
3,6,17,1,15,2475,DL,LAX,17
-1,6,17,1,9,2475,DL,LAX,17
0,6,17,1,7,2475,DL,LAX,17
-2,6,17,1,12,2475,DL,LAX,17
10,6,14,5,21,2475,DL,LAX,19
0,6,16,7,18,2475,DL,LAX,18
-4,6,16,7,15,2475,DL,LAX,18
0,6,16,7,9,2475,DL,LAX,18
-4,6,16,7,7,2475,DL,LAX,18
-7,6,16,7,12,2475,DL,LAX,18
0,6,16,7,17,2475,DL,LAX,18
25,6,17,1,17,2475,DL,LAX,17
-2,6,18,2,7,2475,DL,LAX,16
51,6,18,2,12,2475,DL,LAX,16
12,6,17,1,21,2475,DL,LAX,17
42,6,18,2,18,2475,DL,LAX,16
-1,6,18,2,15,2475,DL,LAX,16
-2,6,18,2,9,2475,DL,LAX,16
0,6,19,3,18,2475,DL,LAX,15
0,6,19,3,15,2475,DL,LAX,15
-4,6,19,3,9,2475,DL,LAX,15
-3,6,19,3,7,2475,DL,LAX,15
70,6,19,3,12,2475,DL,LAX,15
-1,6,19,3,17,2475,DL,LAX,15
30,6,18,2,21,2475,DL,LAX,16
-6,6,21,5,12,2475,DL,LAX,13
-1,6,21,5,17,2475,DL,LAX,13
-3,6,20,4,17,2475,DL,LAX,14
14,6,20,4,21,2475,DL,LAX,14
3,6,21,5,18,2475,DL,LAX,13
-1,6,21,5,15,2475,DL,LAX,13
-3,6,21,5,9,2475,DL,LAX,13
1,6,21,5,7,2475,DL,LAX,13
8,6,22,6,18,2475,DL,LAX,12
30,6,22,6,15,2475,DL,LAX,12
8,6,22,6,9,2475,DL,LAX,12
-3,6,22,6,7,2475,DL,LAX,12
-3,6,22,6,12,2475,DL,LAX,12
33,6,21,5,21,2475,DL,LAX,13
9,6,23,7,18,2475,DL,LAX,11
2,6,23,7,15,2475,DL,LAX,11
2,6,23,7,9,2475,DL,LAX,11
15,6,23,7,7,2475,DL,LAX,11
2,6,23,7,12,2475,DL,LAX,11
-2,6,23,7,17,2475,DL,LAX,11
-4,6,24,1,17,2475,DL,LAX,10
23,6,23,7,21,2475,DL,LAX,11
6,6,24,1,18,2475,DL,LAX,10
283,6,24,1,15,2475,DL,LAX,10
8,6,24,1,9,2475,DL,LAX,10
-2,6,24,1,7,2475,DL,LAX,10
17,6,24,1,12,2475,DL,LAX,10
9,6,25,2,12,2475,DL,LAX,9
4,6,18,2,17,2475,DL,LAX,16
8,6,24,1,21,2475,DL,LAX,10
23,6,25,2,18,2475,DL,LAX,9
14,6,25,2,15,2475,DL,LAX,9
-1,6,25,2,9,2475,DL,LAX,9
3,6,25,2,7,2475,DL,LAX,9
5,6,26,3,18,2475,DL,LAX,8
4,6,26,3,15,2475,DL,LAX,8
6,6,26,3,9,2475,DL,LAX,8
0,6,26,3,7,2475,DL,LAX,8
-4,6,26,3,12,2475,DL,LAX,8
89,6,25,2,21,2475,DL,LAX,9
19,6,26,3,21,2475,DL,LAX,8
1,6,27,4,18,2475,DL,LAX,7
17,6,27,4,15,2475,DL,LAX,7
74,6,27,4,21,2475,DL,LAX,7
-2,6,26,3,17,2475,DL,LAX,8
18,6,27,4,17,2475,DL,LAX,7
43,6,21,5,20,2475,B6,LAX,13
-4,6,21,5,16,2475,B6,LAX,13
0,6,21,5,7,2475,B6,LAX,13
-1,6,21,5,9,2475,B6,LAX,13
1,6,21,5,12,2475,B6,LAX,13
60,6,21,5,22,2475,B6,LAX,13
111,6,22,6,20,2475,B6,LAX,12
28,6,22,6,12,2475,B6,LAX,12
31,6,29,6,18,2475,DL,LAX,5
35,6,29,6,15,2475,DL,LAX,5
-2,6,29,6,9,2475,DL,LAX,5
-1,6,25,2,17,2475,DL,LAX,9
80,6,28,5,12,2475,DL,LAX,6
0,6,28,5,17,2475,DL,LAX,6
112,6,28,5,21,2475,DL,LAX,6
-2,6,29,6,7,2475,DL,LAX,5
2,6,29,6,12,2475,DL,LAX,5
15,6,30,7,18,2475,DL,LAX,4
28,6,30,7,15,2475,DL,LAX,4
10,6,30,7,9,2475,DL,LAX,4
-2,6,30,7,7,2475,DL,LAX,4
-6,6,30,7,12,2475,DL,LAX,4
-4,6,30,7,17,2475,DL,LAX,4
85,6,30,7,21,2475,DL,LAX,4
16,6,28,5,18,2475,DL,LAX,6
2,6,28,5,15,2475,DL,LAX,6
13,6,28,5,9,2475,DL,LAX,6
13,6,28,5,7,2475,DL,LAX,6
-1,7,1,1,10,2475,AA,LAX,3
0,7,2,2,10,2475,AA,LAX,2
-7,7,7,7,10,2475,AA,LAX,3
-2,7,8,1,10,2475,AA,LAX,4
-2,7,9,2,10,2475,AA,LAX,5
0,7,10,3,10,2475,AA,LAX,6
-2,7,11,4,10,2475,AA,LAX,7
-6,7,12,5,10,2475,AA,LAX,8
-2,7,14,7,10,2475,AA,LAX,10
-8,7,15,1,10,2475,AA,LAX,11
-2,7,16,2,10,2475,AA,LAX,12
-3,7,17,3,10,2475,AA,LAX,13
9,7,18,4,10,2475,AA,LAX,14
-2,7,19,5,10,2475,AA,LAX,15
-6,7,21,7,10,2475,AA,LAX,17
-4,7,22,1,10,2475,AA,LAX,18
-2,7,23,2,10,2475,AA,LAX,19
0,7,24,3,10,2475,AA,LAX,20
3,7,25,4,10,2475,AA,LAX,21
1,7,26,5,10,2475,AA,LAX,22
-4,7,28,7,10,2475,AA,LAX,24
24,7,29,1,10,2475,AA,LAX,25
2,7,30,2,10,2475,AA,LAX,26
3,7,31,3,10,2475,AA,LAX,27
46,7,1,1,19,2475,AA,LAX,3
20,7,2,2,19,2475,AA,LAX,2
-3,7,3,3,19,2475,AA,LAX,1
-4,7,4,4,19,2475,AA,LAX,0
-10,7,5,5,19,2475,AA,LAX,1
162,7,6,6,19,2475,AA,LAX,2
112,7,7,7,19,2475,AA,LAX,3
10,7,8,1,19,2475,AA,LAX,4
149,7,9,2,19,2475,AA,LAX,5
-2,7,11,4,19,2475,AA,LAX,7
148,7,12,5,19,2475,AA,LAX,8
-1,7,13,6,19,2475,AA,LAX,9
6,7,14,7,19,2475,AA,LAX,10
-2,7,15,1,19,2475,AA,LAX,11
0,7,16,2,19,2475,AA,LAX,12
21,7,17,3,19,2475,AA,LAX,13
44,7,18,4,19,2475,AA,LAX,14
4,7,19,5,19,2475,AA,LAX,15
-3,7,20,6,19,2475,AA,LAX,16
76,7,21,7,19,2475,AA,LAX,17
119,7,22,1,19,2475,AA,LAX,18
12,7,23,2,19,2475,AA,LAX,19
1,7,24,3,19,2475,AA,LAX,20
-2,7,25,4,19,2475,AA,LAX,21
22,7,26,5,19,2475,AA,LAX,22
-1,7,27,6,19,2475,AA,LAX,23
169,7,28,7,19,2475,AA,LAX,24
-6,7,29,1,19,2475,AA,LAX,25
-6,7,30,2,19,2475,AA,LAX,26
-6,7,31,3,19,2475,AA,LAX,27
6,7,1,1,7,2475,AA,LAX,3
-6,7,2,2,7,2475,AA,LAX,2
-1,7,3,3,7,2475,AA,LAX,1
11,7,4,4,7,2475,AA,LAX,0
-4,7,5,5,7,2475,AA,LAX,1
-6,7,6,6,7,2475,AA,LAX,2
1,7,7,7,7,2475,AA,LAX,3
-2,7,8,1,7,2475,AA,LAX,4
2,7,9,2,7,2475,AA,LAX,5
-2,7,10,3,7,2475,AA,LAX,6
0,7,11,4,7,2475,AA,LAX,7
2,7,12,5,7,2475,AA,LAX,8
-5,7,13,6,7,2475,AA,LAX,9
-1,7,14,7,7,2475,AA,LAX,10
-3,7,15,1,7,2475,AA,LAX,11
0,7,16,2,7,2475,AA,LAX,12
-3,7,17,3,7,2475,AA,LAX,13
-3,7,18,4,7,2475,AA,LAX,14
-9,7,19,5,7,2475,AA,LAX,15
-4,7,20,6,7,2475,AA,LAX,16
-2,7,21,7,7,2475,AA,LAX,17
-5,7,22,1,7,2475,AA,LAX,18
-2,7,23,2,7,2475,AA,LAX,19
55,7,24,3,7,2475,AA,LAX,20
-3,7,25,4,7,2475,AA,LAX,21
12,7,26,5,7,2475,AA,LAX,22
-8,7,27,6,7,2475,AA,LAX,23
-2,7,28,7,7,2475,AA,LAX,24
-2,7,29,1,7,2475,AA,LAX,25
0,7,30,2,7,2475,AA,LAX,26
1,7,31,3,7,2475,AA,LAX,27
10,7,1,1,13,2475,AA,LAX,3
-5,7,2,2,13,2475,AA,LAX,2
-5,7,3,3,13,2475,AA,LAX,1
1,7,4,4,13,2475,AA,LAX,0
9,7,5,5,13,2475,AA,LAX,1
-3,7,6,6,13,2475,AA,LAX,2
102,7,7,7,13,2475,AA,LAX,3
-7,7,8,1,13,2475,AA,LAX,4
-1,7,9,2,13,2475,AA,LAX,5
-3,7,10,3,13,2475,AA,LAX,6
-5,7,11,4,13,2475,AA,LAX,7
-6,7,12,5,13,2475,AA,LAX,8
260,7,13,6,13,2475,AA,LAX,9
-10,7,14,7,13,2475,AA,LAX,10
-6,7,15,1,13,2475,AA,LAX,11
186,7,16,2,13,2475,AA,LAX,12
-5,7,17,3,13,2475,AA,LAX,13
6,7,18,4,13,2475,AA,LAX,14
-3,7,20,6,13,2475,AA,LAX,16
-7,7,21,7,13,2475,AA,LAX,17
1,7,22,1,13,2475,AA,LAX,18
-5,7,23,2,13,2475,AA,LAX,19
36,7,24,3,13,2475,AA,LAX,20
-9,7,25,4,13,2475,AA,LAX,21
-7,7,26,5,13,2475,AA,LAX,22
9,7,27,6,13,2475,AA,LAX,23
10,7,28,7,13,2475,AA,LAX,24
28,7,29,1,13,2475,AA,LAX,25
6,7,30,2,13,2475,AA,LAX,26
74,7,31,3,13,2475,AA,LAX,27
43,7,1,1,15,2475,AA,LAX,3
31,7,2,2,15,2475,AA,LAX,2
44,7,3,3,15,2475,AA,LAX,1
-2,7,4,4,15,2475,AA,LAX,0
-2,7,5,5,15,2475,AA,LAX,1
7,7,6,6,15,2475,AA,LAX,2
-6,7,7,7,15,2475,AA,LAX,3
1,7,8,1,15,2475,AA,LAX,4
-4,7,9,2,15,2475,AA,LAX,5
194,7,10,3,15,2475,AA,LAX,6
3,7,11,4,15,2475,AA,LAX,7
-3,7,12,5,15,2475,AA,LAX,8
-5,7,13,6,15,2475,AA,LAX,9
0,7,14,7,15,2475,AA,LAX,10
-3,7,15,1,15,2475,AA,LAX,11
-2,7,16,2,15,2475,AA,LAX,12
90,7,17,3,15,2475,AA,LAX,13
12,7,18,4,15,2475,AA,LAX,14
64,7,19,5,15,2475,AA,LAX,15
1,7,20,6,15,2475,AA,LAX,16
-3,7,21,7,15,2475,AA,LAX,17
5,7,22,1,15,2475,AA,LAX,18
-1,7,23,2,15,2475,AA,LAX,19
0,7,24,3,15,2475,AA,LAX,20
35,7,25,4,15,2475,AA,LAX,21
-4,7,26,5,15,2475,AA,LAX,22
-3,7,27,6,15,2475,AA,LAX,23
10,7,28,7,15,2475,AA,LAX,24
0,7,29,1,15,2475,AA,LAX,25
-4,7,30,2,15,2475,AA,LAX,26
0,7,31,3,15,2475,AA,LAX,27
53,7,1,1,17,2475,AA,LAX,3
55,7,2,2,17,2475,AA,LAX,2
-1,7,3,3,17,2475,AA,LAX,1
26,7,4,4,17,2475,AA,LAX,0
-1,7,5,5,17,2475,AA,LAX,1
-1,7,6,6,17,2475,AA,LAX,2
20,7,7,7,17,2475,AA,LAX,3
121,7,8,1,17,2475,AA,LAX,4
82,7,9,2,17,2475,AA,LAX,5
10,7,10,3,17,2475,AA,LAX,6
-3,7,11,4,17,2475,AA,LAX,7
-4,7,12,5,17,2475,AA,LAX,8
-3,7,13,6,17,2475,AA,LAX,9
-5,7,14,7,17,2475,AA,LAX,10
-5,7,15,1,17,2475,AA,LAX,11
-2,7,16,2,17,2475,AA,LAX,12
1,7,17,3,17,2475,AA,LAX,13
27,7,18,4,17,2475,AA,LAX,14
5,7,19,5,17,2475,AA,LAX,15
4,7,20,6,17,2475,AA,LAX,16
7,7,21,7,17,2475,AA,LAX,17
55,7,22,1,17,2475,AA,LAX,18
9,7,23,2,17,2475,AA,LAX,19
1,7,24,3,17,2475,AA,LAX,20
-7,7,25,4,17,2475,AA,LAX,21
134,7,26,5,17,2475,AA,LAX,22
0,7,27,6,17,2475,AA,LAX,23
2,7,28,7,17,2475,AA,LAX,24
-2,7,29,1,17,2475,AA,LAX,25
-6,7,30,2,17,2475,AA,LAX,26
-4,7,31,3,17,2475,AA,LAX,27
174,7,1,1,21,2475,AA,LAX,3
6,7,2,2,21,2475,AA,LAX,2
7,7,3,3,21,2475,AA,LAX,1
5,7,4,4,21,2475,AA,LAX,0
-6,7,5,5,21,2475,AA,LAX,1
-1,7,6,6,21,2475,AA,LAX,2
25,7,7,7,21,2475,AA,LAX,3
67,7,8,1,21,2475,AA,LAX,4
72,7,9,2,21,2475,AA,LAX,5
50,7,10,3,21,2475,AA,LAX,6
3,7,11,4,21,2475,AA,LAX,7
20,7,12,5,21,2475,AA,LAX,8
3,7,13,6,21,2475,AA,LAX,9
3,7,14,7,21,2475,AA,LAX,10
5,7,15,1,21,2475,AA,LAX,11
-1,7,16,2,21,2475,AA,LAX,12
68,7,17,3,21,2475,AA,LAX,13
99,7,18,4,21,2475,AA,LAX,14
-3,7,19,5,21,2475,AA,LAX,15
25,7,20,6,21,2475,AA,LAX,16
26,7,21,7,21,2475,AA,LAX,17
191,7,22,1,21,2475,AA,LAX,18
189,7,23,2,21,2475,AA,LAX,19
79,7,24,3,21,2475,AA,LAX,20
10,7,25,4,21,2475,AA,LAX,21
-4,7,26,5,21,2475,AA,LAX,22
-1,7,27,6,21,2475,AA,LAX,23
74,7,28,7,21,2475,AA,LAX,24
5,7,29,1,21,2475,AA,LAX,25
-5,7,30,2,21,2475,AA,LAX,26
-3,7,31,3,21,2475,AA,LAX,27
-3,7,1,1,9,2475,AA,LAX,3
-7,7,2,2,9,2475,AA,LAX,2
-9,7,3,3,9,2475,AA,LAX,1
1,7,4,4,9,2475,AA,LAX,0
5,7,5,5,9,2475,AA,LAX,1
-1,7,6,6,9,2475,AA,LAX,2
-4,7,7,7,9,2475,AA,LAX,3
-6,7,8,1,9,2475,AA,LAX,4
-1,7,9,2,9,2475,AA,LAX,5
2,7,10,3,9,2475,AA,LAX,6
-6,7,11,4,9,2475,AA,LAX,7
-1,7,12,5,9,2475,AA,LAX,8
-5,7,13,6,9,2475,AA,LAX,9
70,7,14,7,9,2475,AA,LAX,10
4,7,15,1,9,2475,AA,LAX,11
-3,7,16,2,9,2475,AA,LAX,12
4,7,17,3,9,2475,AA,LAX,13
-1,7,18,4,9,2475,AA,LAX,14
0,7,19,5,9,2475,AA,LAX,15
-3,7,20,6,9,2475,AA,LAX,16
0,7,21,7,9,2475,AA,LAX,17
34,7,22,1,9,2475,AA,LAX,18
59,7,23,2,9,2475,AA,LAX,19
88,7,24,3,9,2475,AA,LAX,20
-1,7,25,4,9,2475,AA,LAX,21
-4,7,26,5,9,2475,AA,LAX,22
-5,7,27,6,9,2475,AA,LAX,23
-3,7,28,7,9,2475,AA,LAX,24
2,7,29,1,9,2475,AA,LAX,25
-2,7,30,2,9,2475,AA,LAX,26
-4,7,31,3,9,2475,AA,LAX,27
-5,7,1,1,12,2475,AA,LAX,3
-13,7,2,2,12,2475,AA,LAX,2
-6,7,3,3,12,2475,AA,LAX,1
-2,7,4,4,12,2475,AA,LAX,0
28,7,5,5,12,2475,AA,LAX,1
-4,7,6,6,12,2475,AA,LAX,2
-8,7,7,7,12,2475,AA,LAX,3
0,7,8,1,12,2475,AA,LAX,4
-3,7,9,2,12,2475,AA,LAX,5
-8,7,10,3,12,2475,AA,LAX,6
6,7,11,4,12,2475,AA,LAX,7
-8,7,12,5,12,2475,AA,LAX,8
-10,7,13,6,12,2475,AA,LAX,9
-8,7,14,7,12,2475,AA,LAX,10
-5,7,15,1,12,2475,AA,LAX,11
-5,7,16,2,12,2475,AA,LAX,12
1,7,17,3,12,2475,AA,LAX,13
-2,7,18,4,12,2475,AA,LAX,14
-3,7,19,5,12,2475,AA,LAX,15
-1,7,20,6,12,2475,AA,LAX,16
-5,7,21,7,12,2475,AA,LAX,17
1,7,22,1,12,2475,AA,LAX,18
-5,7,23,2,12,2475,AA,LAX,19
1,7,24,3,12,2475,AA,LAX,20
-8,7,25,4,12,2475,AA,LAX,21
-8,7,26,5,12,2475,AA,LAX,22
-3,7,27,6,12,2475,AA,LAX,23
-5,7,28,7,12,2475,AA,LAX,24
-5,7,29,1,12,2475,AA,LAX,25
-8,7,30,2,12,2475,AA,LAX,26
-2,7,31,3,12,2475,AA,LAX,27
20,7,2,2,16,2475,B6,LAX,2
85,7,2,2,20,2475,B6,LAX,2
-2,7,6,6,7,2475,B6,LAX,2
-7,7,1,1,9,2475,B6,LAX,3
-4,7,1,1,16,2475,B6,LAX,3
-6,7,1,1,7,2475,B6,LAX,3
135,7,1,1,22,2475,B6,LAX,3
45,7,1,1,12,2475,B6,LAX,3
190,7,1,1,20,2475,B6,LAX,3
21,7,2,2,9,2475,B6,LAX,2
-1,7,2,2,12,2475,B6,LAX,2
-3,7,5,5,16,2475,B6,LAX,1
-1,7,5,5,7,2475,B6,LAX,1
-5,7,5,5,9,2475,B6,LAX,1
3,7,5,5,20,2475,B6,LAX,1
52,7,6,6,16,2475,B6,LAX,2
0,7,8,1,12,2475,B6,LAX,4
86,7,8,1,22,2475,B6,LAX,4
45,7,8,1,7,2475,B6,LAX,4
-3,7,8,1,9,2475,B6,LAX,4
0,7,8,1,16,2475,B6,LAX,4
-2,7,9,2,7,2475,B6,LAX,5
62,7,9,2,22,2475,B6,LAX,5
2,7,10,3,7,2475,B6,LAX,6
16,7,4,4,16,2475,B6,LAX,0
-3,7,4,4,9,2475,B6,LAX,0
-4,7,4,4,12,2475,B6,LAX,0
5,7,4,4,7,2475,B6,LAX,0
-3,7,4,4,20,2475,B6,LAX,0
42,7,4,4,22,2475,B6,LAX,0
141,7,5,5,22,2475,B6,LAX,1
-2,7,5,5,12,2475,B6,LAX,1
64,7,13,6,16,2475,B6,LAX,9
-2,7,14,7,12,2475,B6,LAX,10
-2,7,14,7,20,2475,B6,LAX,10
-3,7,14,7,22,2475,B6,LAX,10
-5,7,14,7,9,2475,B6,LAX,10
4,7,14,7,16,2475,B6,LAX,10
-4,7,10,3,12,2475,B6,LAX,6
169,7,10,3,22,2475,B6,LAX,6
63,7,10,3,16,2475,B6,LAX,6
7,7,10,3,20,2475,B6,LAX,6
2,7,10,3,9,2475,B6,LAX,6
22,7,12,5,12,2475,B6,LAX,8
-5,7,12,5,9,2475,B6,LAX,8
4,7,12,5,22,2475,B6,LAX,8
-4,7,12,5,7,2475,B6,LAX,8
-1,7,12,5,20,2475,B6,LAX,8
17,7,13,6,22,2475,B6,LAX,9
-2,7,13,6,12,2475,B6,LAX,9
49,7,13,6,20,2475,B6,LAX,9
3,7,13,6,7,2475,B6,LAX,9
-4,7,16,2,7,2475,B6,LAX,12
21,7,7,7,16,2475,B6,LAX,3
86,7,7,7,22,2475,B6,LAX,3
2,7,7,7,9,2475,B6,LAX,3
4,7,7,7,12,2475,B6,LAX,3
0,7,7,7,20,2475,B6,LAX,3
-5,7,7,7,7,2475,B6,LAX,3
-5,7,15,1,9,2475,B6,LAX,11
-4,7,15,1,22,2475,B6,LAX,11
13,7,15,1,20,2475,B6,LAX,11
22,7,15,1,16,2475,B6,LAX,11
5,7,15,1,7,2475,B6,LAX,11
-3,7,15,1,12,2475,B6,LAX,11
121,7,16,2,16,2475,B6,LAX,12
-3,7,16,2,9,2475,B6,LAX,12
1,7,16,2,22,2475,B6,LAX,12
-3,7,17,3,12,2475,B6,LAX,13
0,7,17,3,7,2475,B6,LAX,13
45,7,17,3,22,2475,B6,LAX,13
-5,7,17,3,9,2475,B6,LAX,13
-4,7,17,3,16,2475,B6,LAX,13
39,7,17,3,20,2475,B6,LAX,13
9,7,19,5,20,2475,B6,LAX,15
-5,7,19,5,12,2475,B6,LAX,15
-7,7,19,5,16,2475,B6,LAX,15
4,7,19,5,9,2475,B6,LAX,15
1,7,19,5,7,2475,B6,LAX,15
27,7,19,5,22,2475,B6,LAX,15
1,7,20,6,20,2475,B6,LAX,16
39,7,20,6,22,2475,B6,LAX,16
8,7,20,6,12,2475,B6,LAX,16
6,7,16,2,20,2475,B6,LAX,12
85,7,16,2,12,2475,B6,LAX,12
26,7,18,4,16,2475,B6,LAX,14
-1,7,18,4,9,2475,B6,LAX,14
0,7,18,4,12,2475,B6,LAX,14
0,7,18,4,22,2475,B6,LAX,14
-1,7,18,4,7,2475,B6,LAX,14
69,7,18,4,20,2475,B6,LAX,14
60,7,23,2,9,2475,B6,LAX,19
57,7,23,2,20,2475,B6,LAX,19
11,7,23,2,16,2475,B6,LAX,19
25,7,23,2,22,2475,B6,LAX,19
1,7,23,2,12,2475,B6,LAX,19
60,7,20,6,16,2475,B6,LAX,16
17,7,20,6,7,2475,B6,LAX,16
14,7,22,1,12,2475,B6,LAX,18
-2,7,22,1,9,2475,B6,LAX,18
-2,7,22,1,16,2475,B6,LAX,18
82,7,22,1,22,2475,B6,LAX,18
10,7,22,1,7,2475,B6,LAX,18
57,7,22,1,20,2475,B6,LAX,18
201,7,23,2,7,2475,B6,LAX,19
-3,7,25,4,9,2475,B6,LAX,21
28,7,25,4,16,2475,B6,LAX,21
30,7,25,4,12,2475,B6,LAX,21
245,7,25,4,22,2475,B6,LAX,21
-2,7,25,4,7,2475,B6,LAX,21
52,7,14,7,7,2475,B6,LAX,10
-1,7,21,7,16,2475,B6,LAX,17
2,7,21,7,22,2475,B6,LAX,17
0,7,21,7,12,2475,B6,LAX,17
28,7,21,7,20,2475,B6,LAX,17
-7,7,21,7,7,2475,B6,LAX,17
9,7,21,7,9,2475,B6,LAX,17
-3,7,26,5,20,2475,B6,LAX,22
0,7,26,5,22,2475,B6,LAX,22
74,7,26,5,7,2475,B6,LAX,22
29,7,26,5,16,2475,B6,LAX,22
20,7,8,1,20,2475,B6,LAX,4
-3,7,9,2,9,2475,B6,LAX,5
-4,7,9,2,20,2475,B6,LAX,5
32,7,9,2,16,2475,B6,LAX,5
13,7,9,2,12,2475,B6,LAX,5
-2,7,11,4,20,2475,B6,LAX,7
89,7,11,4,22,2475,B6,LAX,7
-3,7,11,4,12,2475,B6,LAX,7
1,7,11,4,9,2475,B6,LAX,7
81,7,11,4,16,2475,B6,LAX,7
12,7,11,4,7,2475,B6,LAX,7
3,7,12,5,16,2475,B6,LAX,8
-3,7,24,3,16,2475,B6,LAX,20
64,7,24,3,22,2475,B6,LAX,20
31,7,24,3,9,2475,B6,LAX,20
9,7,24,3,12,2475,B6,LAX,20
-6,7,24,3,7,2475,B6,LAX,20
20,7,24,3,20,2475,B6,LAX,20
1,7,28,7,9,2475,B6,LAX,24
-3,7,28,7,12,2475,B6,LAX,24
-1,7,28,7,7,2475,B6,LAX,24
10,7,28,7,22,2475,B6,LAX,24
59,7,28,7,20,2475,B6,LAX,24
4,7,28,7,16,2475,B6,LAX,24
-8,7,29,1,12,2475,B6,LAX,25
-1,7,29,1,7,2475,B6,LAX,25
8,7,29,1,9,2475,B6,LAX,25
8,7,29,1,22,2475,B6,LAX,25
-8,7,29,1,20,2475,B6,LAX,25
5,7,29,1,16,2475,B6,LAX,25
-4,7,6,6,12,2475,B6,LAX,2
22,7,6,6,22,2475,B6,LAX,2
-3,7,6,6,20,2475,B6,LAX,2
34,7,30,2,7,2475,B6,LAX,26
-6,7,30,2,16,2475,B6,LAX,26
33,7,30,2,22,2475,B6,LAX,26
-3,7,30,2,9,2475,B6,LAX,26
4,7,30,2,20,2475,B6,LAX,26
-5,7,30,2,12,2475,B6,LAX,26
-4,7,31,3,9,2475,B6,LAX,27
-1,7,31,3,16,2475,B6,LAX,27
-4,7,31,3,12,2475,B6,LAX,27
-4,7,31,3,22,2475,B6,LAX,27
-3,7,31,3,7,2475,B6,LAX,27
11,7,31,3,20,2475,B6,LAX,27
19,7,1,1,18,2475,DL,LAX,3
3,7,1,1,15,2475,DL,LAX,3
2,7,1,1,9,2475,DL,LAX,3
-2,7,2,2,18,2475,DL,LAX,2
11,7,2,2,15,2475,DL,LAX,2
-2,7,2,2,9,2475,DL,LAX,2
0,7,2,2,7,2475,DL,LAX,2
0,7,1,1,7,2475,DL,LAX,3
156,7,1,1,12,2475,DL,LAX,3
6,7,1,1,17,2475,DL,LAX,3
4,7,1,1,21,2475,DL,LAX,3
31,7,2,2,21,2475,DL,LAX,2
8,7,3,3,18,2475,DL,LAX,1
24,7,3,3,15,2475,DL,LAX,1
-1,7,3,3,9,2475,DL,LAX,1
-1,7,3,3,7,2475,DL,LAX,1
4,7,3,3,12,2475,DL,LAX,1
28,7,3,3,17,2475,DL,LAX,1
-3,7,2,2,12,2475,DL,LAX,2
22,7,2,2,17,2475,DL,LAX,2
61,7,3,3,21,2475,DL,LAX,1
3,7,4,4,18,2475,DL,LAX,0
12,7,4,4,15,2475,DL,LAX,0
-4,7,4,4,9,2475,DL,LAX,0
48,7,4,4,12,2475,DL,LAX,0
-7,7,5,5,12,2475,DL,LAX,1
12,7,4,4,21,2475,DL,LAX,0
12,7,5,5,18,2475,DL,LAX,1
9,7,5,5,15,2475,DL,LAX,1
1,7,5,5,9,2475,DL,LAX,1
0,7,6,6,7,2475,DL,LAX,2
-4,7,6,6,12,2475,DL,LAX,2
13,7,8,1,18,2475,DL,LAX,4
41,7,8,1,15,2475,DL,LAX,4
-2,7,8,1,9,2475,DL,LAX,4
2,7,26,5,9,2475,B6,LAX,22
-11,7,26,5,12,2475,B6,LAX,22
-3,7,27,6,7,2475,B6,LAX,23
-2,7,27,6,20,2475,B6,LAX,23
-2,7,27,6,12,2475,B6,LAX,23
115,7,27,6,22,2475,B6,LAX,23
-2,7,27,6,16,2475,B6,LAX,23
29,7,7,7,7,2475,DL,LAX,3
-2,7,7,7,12,2475,DL,LAX,3
257,7,7,7,17,2475,DL,LAX,3
-1,7,7,7,18,2475,DL,LAX,3
30,7,7,7,15,2475,DL,LAX,3
0,7,7,7,9,2475,DL,LAX,3
