17,1,3,4,5,2475,UA,LAX,2
-3,2,1,5,13,2475,AA,LAX,11
-6,2,2,6,13,2475,AA,LAX,12
-3,2,3,7,13,2475,AA,LAX,13
0,2,4,1,13,2475,AA,LAX,14
-5,2,5,2,13,2475,AA,LAX,13
-5,2,6,3,13,2475,AA,LAX,12
-3,2,7,4,13,2475,AA,LAX,11
9,2,8,5,13,2475,AA,LAX,10
-4,2,10,7,13,2475,AA,LAX,8
9,2,11,1,13,2475,AA,LAX,7
-5,2,12,2,13,2475,AA,LAX,6
-6,2,13,3,13,2475,AA,LAX,5
-1,2,14,4,13,2475,AA,LAX,4
-8,2,15,5,13,2475,AA,LAX,3
-2,2,16,6,13,2475,AA,LAX,2
3,2,17,7,13,2475,AA,LAX,1
-5,2,18,1,13,2475,AA,LAX,0
-11,2,19,2,13,2475,AA,LAX,1
-4,2,20,3,13,2475,AA,LAX,2
-7,2,21,4,13,2475,AA,LAX,3
-7,2,22,5,13,2475,AA,LAX,4
-4,2,23,6,13,2475,AA,LAX,5
-1,2,24,7,13,2475,AA,LAX,6
-3,2,25,1,13,2475,AA,LAX,7
-5,2,26,2,13,2475,AA,LAX,8
-3,2,27,3,13,2475,AA,LAX,9
0,2,28,4,13,2475,AA,LAX,10
-3,2,1,5,15,2475,AA,LAX,11
-3,2,2,6,15,2475,AA,LAX,12
60,2,3,7,15,2475,AA,LAX,13
0,2,4,1,15,2475,AA,LAX,14
-2,2,5,2,15,2475,AA,LAX,13
1,2,6,3,15,2475,AA,LAX,12
-4,2,7,4,15,2475,AA,LAX,11
-7,2,8,5,15,2475,AA,LAX,10
45,2,9,6,15,2475,AA,LAX,9
3,2,10,7,15,2475,AA,LAX,8
-5,2,12,2,15,2475,AA,LAX,6
2,2,13,3,15,2475,AA,LAX,5
-5,2,14,4,15,2475,AA,LAX,4
106,2,15,5,15,2475,AA,LAX,3
-5,2,16,6,15,2475,AA,LAX,2
11,2,17,7,15,2475,AA,LAX,1
17,2,18,1,15,2475,AA,LAX,0
56,2,19,2,15,2475,AA,LAX,1
3,2,20,3,15,2475,AA,LAX,2
-3,2,21,4,15,2475,AA,LAX,3
-5,2,23,6,15,2475,AA,LAX,5
0,2,24,7,15,2475,AA,LAX,6
-4,2,25,1,15,2475,AA,LAX,7
-6,2,26,2,15,2475,AA,LAX,8
-3,2,27,3,15,2475,AA,LAX,9
-2,2,28,4,15,2475,AA,LAX,10
-1,2,1,5,9,2475,AA,LAX,11
1,2,2,6,9,2475,AA,LAX,12
-5,2,3,7,9,2475,AA,LAX,13
-2,2,4,1,9,2475,AA,LAX,14
-5,2,5,2,9,2475,AA,LAX,13
1,2,6,3,9,2475,AA,LAX,12
-4,2,7,4,9,2475,AA,LAX,11
10,2,8,5,9,2475,AA,LAX,10
0,2,10,7,9,2475,AA,LAX,8
0,2,11,1,9,2475,AA,LAX,7
-8,2,12,2,9,2475,AA,LAX,6
-4,2,13,3,9,2475,AA,LAX,5
5,2,14,4,9,2475,AA,LAX,4
-4,2,15,5,9,2475,AA,LAX,3
-6,2,16,6,9,2475,AA,LAX,2
-1,2,17,7,9,2475,AA,LAX,1
-5,2,18,1,9,2475,AA,LAX,0
-5,2,19,2,9,2475,AA,LAX,1
-4,2,20,3,9,2475,AA,LAX,2
-5,2,21,4,9,2475,AA,LAX,3
-9,2,22,5,9,2475,AA,LAX,4
-3,2,23,6,9,2475,AA,LAX,5
-2,2,24,7,9,2475,AA,LAX,6
-6,2,25,1,9,2475,AA,LAX,7
1,2,26,2,9,2475,AA,LAX,8
0,2,27,3,9,2475,AA,LAX,9
-1,2,28,4,9,2475,AA,LAX,10
-5,2,1,5,12,2475,AA,LAX,11
-5,2,2,6,12,2475,AA,LAX,12
9,2,3,7,12,2475,AA,LAX,13
-2,2,4,1,12,2475,AA,LAX,14
-8,2,5,2,12,2475,AA,LAX,13
-3,2,6,3,12,2475,AA,LAX,12
11,2,7,4,12,2475,AA,LAX,11
13,2,8,5,12,2475,AA,LAX,10
-4,2,10,7,12,2475,AA,LAX,8
0,2,11,1,12,2475,AA,LAX,7
-4,2,12,2,12,2475,AA,LAX,6
-10,2,13,3,12,2475,AA,LAX,5
-11,2,14,4,12,2475,AA,LAX,4
-3,2,15,5,12,2475,AA,LAX,3
-4,2,16,6,12,2475,AA,LAX,2
-7,2,17,7,12,2475,AA,LAX,1
-9,2,18,1,12,2475,AA,LAX,0
-4,2,19,2,12,2475,AA,LAX,1
-2,2,20,3,12,2475,AA,LAX,2
-5,2,21,4,12,2475,AA,LAX,3
-4,2,22,5,12,2475,AA,LAX,4
-4,2,23,6,12,2475,AA,LAX,5
-7,2,24,7,12,2475,AA,LAX,6
-9,2,25,1,12,2475,AA,LAX,7
-2,2,26,2,12,2475,AA,LAX,8
48,2,27,3,12,2475,AA,LAX,9
-2,2,28,4,12,2475,AA,LAX,10
-1,2,1,5,10,2475,AA,LAX,11
-4,2,2,6,10,2475,AA,LAX,12
-6,2,3,7,10,2475,AA,LAX,13
-9,2,4,1,10,2475,AA,LAX,14
-3,2,5,2,10,2475,AA,LAX,13
-9,2,6,3,10,2475,AA,LAX,12
9,2,7,4,10,2475,AA,LAX,11
3,2,8,5,10,2475,AA,LAX,10
-4,2,10,7,10,2475,AA,LAX,8
-1,2,11,1,10,2475,AA,LAX,7
-8,2,12,2,10,2475,AA,LAX,6
5,2,13,3,10,2475,AA,LAX,5
-4,2,14,4,10,2475,AA,LAX,4
-4,2,15,5,10,2475,AA,LAX,3
-4,2,16,6,10,2475,AA,LAX,2
-2,2,17,7,10,2475,AA,LAX,1
-6,2,18,1,10,2475,AA,LAX,0
-6,2,19,2,10,2475,AA,LAX,1
-6,2,20,3,10,2475,AA,LAX,2
13,2,21,4,10,2475,AA,LAX,3
-8,2,22,5,10,2475,AA,LAX,4
-3,2,23,6,10,2475,AA,LAX,5
-4,2,24,7,10,2475,AA,LAX,6
13,2,25,1,10,2475,AA,LAX,7
-5,2,26,2,10,2475,AA,LAX,8
0,2,27,3,10,2475,AA,LAX,9
-6,2,28,4,10,2475,AA,LAX,10
121,2,1,5,19,2475,AA,LAX,11
15,2,2,6,19,2475,AA,LAX,12
-8,2,3,7,19,2475,AA,LAX,13
1,2,4,1,19,2475,AA,LAX,14
22,2,5,2,19,2475,AA,LAX,13
-7,2,6,3,19,2475,AA,LAX,12
-5,2,7,4,19,2475,AA,LAX,11
3,2,9,6,19,2475,AA,LAX,9
222,2,10,7,19,2475,AA,LAX,8
41,2,11,1,19,2475,AA,LAX,7
-4,2,12,2,19,2475,AA,LAX,6
2,2,13,3,19,2475,AA,LAX,5
38,2,14,4,19,2475,AA,LAX,4
10,2,15,5,19,2475,AA,LAX,3
8,2,16,6,19,2475,AA,LAX,2
-8,2,17,7,19,2475,AA,LAX,1
-2,2,18,1,19,2475,AA,LAX,0
6,2,19,2,19,2475,AA,LAX,1
33,2,20,3,19,2475,AA,LAX,2
17,2,21,4,19,2475,AA,LAX,3
0,2,22,5,19,2475,AA,LAX,4
4,2,23,6,19,2475,AA,LAX,5
149,2,24,7,19,2475,AA,LAX,6
8,2,25,1,19,2475,AA,LAX,7
-6,2,26,2,19,2475,AA,LAX,8
30,2,27,3,19,2475,AA,LAX,9
36,2,28,4,19,2475,AA,LAX,10
37,2,1,5,7,2475,AA,LAX,11
29,2,3,7,7,2475,AA,LAX,13
-4,2,4,1,7,2475,AA,LAX,14
-4,2,5,2,7,2475,AA,LAX,13
-5,2,6,3,7,2475,AA,LAX,12
-3,2,7,4,7,2475,AA,LAX,11
1,2,8,5,7,2475,AA,LAX,10
-6,2,10,7,7,2475,AA,LAX,8
-4,2,11,1,7,2475,AA,LAX,7
60,2,12,2,7,2475,AA,LAX,6
35,2,13,3,7,2475,AA,LAX,5
1,2,14,4,7,2475,AA,LAX,4
0,2,15,5,7,2475,AA,LAX,3
-10,2,17,7,7,2475,AA,LAX,1
-5,2,18,1,7,2475,AA,LAX,0
-3,2,19,2,7,2475,AA,LAX,1
-3,2,20,3,7,2475,AA,LAX,2
4,2,21,4,7,2475,AA,LAX,3
-5,2,22,5,7,2475,AA,LAX,4
-2,2,24,7,7,2475,AA,LAX,6
-7,2,25,1,7,2475,AA,LAX,7
-11,2,26,2,7,2475,AA,LAX,8
7,2,27,3,7,2475,AA,LAX,9
-5,2,28,4,7,2475,AA,LAX,10
-2,2,1,5,16,2475,AA,LAX,11
-5,2,2,6,16,2475,AA,LAX,12
-3,2,3,7,16,2475,AA,LAX,13
-3,2,4,1,16,2475,AA,LAX,14
76,2,6,3,16,2475,AA,LAX,12
4,2,7,4,16,2475,AA,LAX,11
16,2,9,6,16,2475,AA,LAX,9
0,2,10,7,16,2475,AA,LAX,8
160,2,11,1,16,2475,AA,LAX,7
-9,2,12,2,16,2475,AA,LAX,6
-1,2,13,3,16,2475,AA,LAX,5
2,2,14,4,16,2475,AA,LAX,4
33,2,15,5,16,2475,AA,LAX,3
-3,2,16,6,16,2475,AA,LAX,2
-3,2,17,7,16,2475,AA,LAX,1
11,2,18,1,16,2475,AA,LAX,0
176,2,19,2,16,2475,AA,LAX,1
-5,2,20,3,16,2475,AA,LAX,2
1,2,21,4,16,2475,AA,LAX,3
21,2,22,5,16,2475,AA,LAX,4
0,2,23,6,16,2475,AA,LAX,5
-3,2,24,7,16,2475,AA,LAX,6
0,2,25,1,16,2475,AA,LAX,7
0,2,26,2,16,2475,AA,LAX,8
32,2,27,3,16,2475,AA,LAX,9
-2,2,28,4,16,2475,AA,LAX,10
44,2,1,5,21,2475,AA,LAX,11
-4,2,2,6,21,2475,AA,LAX,12
26,2,3,7,21,2475,AA,LAX,13
-1,2,4,1,21,2475,AA,LAX,14
0,2,5,2,21,2475,AA,LAX,13
-4,2,6,3,21,2475,AA,LAX,12
-1,2,7,4,21,2475,AA,LAX,11
7,2,9,6,21,2475,AA,LAX,9
-2,2,10,7,21,2475,AA,LAX,8
-2,2,11,1,21,2475,AA,LAX,7
-8,2,12,2,21,2475,AA,LAX,6
30,2,13,3,21,2475,AA,LAX,5
12,2,14,4,21,2475,AA,LAX,4
3,2,15,5,21,2475,AA,LAX,3
-6,2,16,6,21,2475,AA,LAX,2
33,2,17,7,21,2475,AA,LAX,1
-5,2,18,1,21,2475,AA,LAX,0
-6,2,19,2,21,2475,AA,LAX,1
2,2,20,3,21,2475,AA,LAX,2
16,2,21,4,21,2475,AA,LAX,3
0,2,22,5,21,2475,AA,LAX,4
-6,2,23,6,21,2475,AA,LAX,5
50,2,24,7,21,2475,AA,LAX,6
-6,2,25,1,21,2475,AA,LAX,7
-4,2,26,2,21,2475,AA,LAX,8
36,2,27,3,21,2475,AA,LAX,9
15,2,28,4,21,2475,AA,LAX,10
-2,2,1,5,7,2475,B6,LAX,11
-1,2,1,5,11,2475,B6,LAX,11
14,2,1,5,16,2475,B6,LAX,11
-5,2,1,5,20,2475,B6,LAX,11
1,2,2,6,11,2475,B6,LAX,12
-3,2,2,6,16,2475,B6,LAX,12
-1,2,2,6,20,2475,B6,LAX,12
-3,2,4,1,7,2475,B6,LAX,14
-1,2,4,1,11,2475,B6,LAX,14
5,2,4,1,16,2475,B6,LAX,14
9,2,4,1,20,2475,B6,LAX,14
6,2,9,6,16,2475,B6,LAX,9
-4,2,6,3,7,2475,B6,LAX,12
-1,2,6,3,11,2475,B6,LAX,12
8,2,6,3,16,2475,B6,LAX,12
0,2,6,3,20,2475,B6,LAX,12
0,2,7,4,7,2475,B6,LAX,11
-4,2,7,4,11,2475,B6,LAX,11
-4,2,7,4,16,2475,B6,LAX,11
-3,2,7,4,20,2475,B6,LAX,11
-6,2,3,7,7,2475,B6,LAX,13
29,2,3,7,11,2475,B6,LAX,13
8,2,3,7,16,2475,B6,LAX,13
83,2,3,7,20,2475,B6,LAX,13
-4,2,5,2,7,2475,B6,LAX,13
-7,2,5,2,11,2475,B6,LAX,13
-1,2,5,2,16,2475,B6,LAX,13
-1,2,5,2,20,2475,B6,LAX,13
-3,2,11,1,7,2475,B6,LAX,7
7,2,11,1,11,2475,B6,LAX,7
-2,2,11,1,16,2475,B6,LAX,7
39,2,11,1,20,2475,B6,LAX,7
-3,2,12,2,7,2475,B6,LAX,6
-2,2,12,2,11,2475,B6,LAX,6
-5,2,12,2,16,2475,B6,LAX,6
27,2,12,2,20,2475,B6,LAX,6
72,2,17,7,7,2475,B6,LAX,1
-4,2,17,7,11,2475,B6,LAX,1
64,2,17,7,16,2475,B6,LAX,1
119,2,17,7,20,2475,B6,LAX,1
-2,2,8,5,7,2475,B6,LAX,10
0,2,8,5,11,2475,B6,LAX,10
-2,2,8,5,16,2475,B6,LAX,10
19,2,16,6,11,2475,B6,LAX,2
-10,2,16,6,16,2475,B6,LAX,2
-4,2,16,6,20,2475,B6,LAX,2
-4,2,10,7,7,2475,B6,LAX,8
-1,2,10,7,11,2475,B6,LAX,8
-4,2,10,7,16,2475,B6,LAX,8
13,2,10,7,20,2475,B6,LAX,8
0,2,14,4,7,2475,B6,LAX,4
-7,2,14,4,11,2475,B6,LAX,4
8,2,14,4,16,2475,B6,LAX,4
33,2,14,4,20,2475,B6,LAX,4
-7,2,15,5,7,2475,B6,LAX,3
-2,2,15,5,11,2475,B6,LAX,3
-4,2,15,5,16,2475,B6,LAX,3
26,2,15,5,20,2475,B6,LAX,3
-4,2,18,1,7,2475,B6,LAX,0
-5,2,18,1,11,2475,B6,LAX,0
-1,2,18,1,16,2475,B6,LAX,0
4,2,18,1,20,2475,B6,LAX,0
0,2,22,5,7,2475,B6,LAX,4
-4,2,22,5,11,2475,B6,LAX,4
-2,2,22,5,16,2475,B6,LAX,4
7,2,22,5,20,2475,B6,LAX,4
-3,2,20,3,7,2475,B6,LAX,2
0,2,20,3,11,2475,B6,LAX,2
8,2,20,3,16,2475,B6,LAX,2
26,2,20,3,20,2475,B6,LAX,2
0,2,21,4,7,2475,B6,LAX,3
0,2,21,4,11,2475,B6,LAX,3
0,2,21,4,16,2475,B6,LAX,3
0,2,21,4,20,2475,B6,LAX,3
-5,2,26,2,7,2475,B6,LAX,8
1,2,26,2,11,2475,B6,LAX,8
11,2,26,2,16,2475,B6,LAX,8
66,2,26,2,20,2475,B6,LAX,8
-3,2,13,3,7,2475,B6,LAX,5
-5,2,13,3,11,2475,B6,LAX,5
-1,2,13,3,16,2475,B6,LAX,5
6,2,13,3,20,2475,B6,LAX,5
-4,2,23,6,11,2475,B6,LAX,5
-3,2,23,6,16,2475,B6,LAX,5
-2,2,23,6,20,2475,B6,LAX,5
-7,2,24,7,7,2475,B6,LAX,6
-4,2,24,7,11,2475,B6,LAX,6
5,2,24,7,16,2475,B6,LAX,6
0,2,24,7,20,2475,B6,LAX,6
-8,2,28,4,7,2475,B6,LAX,10
-2,2,28,4,11,2475,B6,LAX,10
10,2,28,4,16,2475,B6,LAX,10
25,2,28,4,20,2475,B6,LAX,10
-3,2,1,5,19,2475,DL,LAX,11
-3,2,1,5,9,2475,DL,LAX,11
-7,2,1,5,17,2475,DL,LAX,11
-3,2,25,1,7,2475,B6,LAX,7
-1,2,25,1,11,2475,B6,LAX,7
-5,2,25,1,16,2475,B6,LAX,7
44,2,25,1,20,2475,B6,LAX,7
-8,2,2,6,15,2475,DL,LAX,12
0,2,1,5,12,2475,DL,LAX,11
-9,2,1,5,15,2475,DL,LAX,11
-4,2,3,7,19,2475,DL,LAX,13
-5,2,3,7,9,2475,DL,LAX,13
-6,2,3,7,17,2475,DL,LAX,13
-4,2,3,7,12,2475,DL,LAX,13
-1,2,27,3,7,2475,B6,LAX,9
0,2,27,3,11,2475,B6,LAX,9
18,2,27,3,16,2475,B6,LAX,9
35,2,27,3,20,2475,B6,LAX,9
-1,2,1,5,21,2475,DL,LAX,11
28,2,2,6,19,2475,DL,LAX,12
-3,2,2,6,9,2475,DL,LAX,12
0,2,2,6,17,2475,DL,LAX,12
-4,2,2,6,12,2475,DL,LAX,12
-6,2,1,5,7,2475,DL,LAX,11
-2,2,3,7,21,2475,DL,LAX,13
-5,2,4,1,19,2475,DL,LAX,14
-5,2,4,1,9,2475,DL,LAX,14
-3,2,4,1,17,2475,DL,LAX,14
-5,2,3,7,15,2475,DL,LAX,13
-5,2,5,2,7,2475,DL,LAX,13
-1,2,5,2,12,2475,DL,LAX,13
4,2,5,2,15,2475,DL,LAX,13
-7,2,6,3,12,2475,DL,LAX,12
-1,2,6,3,15,2475,DL,LAX,12
-7,2,4,1,21,2475,DL,LAX,14
-6,2,5,2,19,2475,DL,LAX,13
39,2,5,2,9,2475,DL,LAX,13
-6,2,5,2,17,2475,DL,LAX,13
-5,2,4,1,11,2475,DL,LAX,14
-4,2,4,1,7,2475,DL,LAX,14
12,2,4,1,15,2475,DL,LAX,14
-5,2,5,2,21,2475,DL,LAX,13
-4,2,6,3,19,2475,DL,LAX,12
-5,2,6,3,9,2475,DL,LAX,12
3,2,6,3,17,2475,DL,LAX,12
-5,2,6,3,7,2475,DL,LAX,12
-1,2,7,4,12,2475,DL,LAX,11
13,2,7,4,15,2475,DL,LAX,11
-4,2,8,5,12,2475,DL,LAX,10
-3,2,7,4,21,2475,DL,LAX,11
-2,2,8,5,7,2475,DL,LAX,10
-5,2,10,7,19,2475,DL,LAX,8
-3,2,10,7,9,2475,DL,LAX,8
19,2,10,7,17,2475,DL,LAX,8
-5,2,10,7,12,2475,DL,LAX,8
56,2,10,7,15,2475,DL,LAX,8
8,2,10,7,21,2475,DL,LAX,8
-4,2,11,1,19,2475,DL,LAX,7
5,2,11,1,9,2475,DL,LAX,7
-3,2,11,1,17,2475,DL,LAX,7
-2,2,11,1,7,2475,DL,LAX,7
-1,2,11,1,12,2475,DL,LAX,7
144,2,6,3,21,2475,DL,LAX,12
-2,2,7,4,19,2475,DL,LAX,11
9,2,7,4,9,2475,DL,LAX,11
-3,2,7,4,17,2475,DL,LAX,11
-3,2,7,4,7,2475,DL,LAX,11
-3,2,9,6,19,2475,DL,LAX,9
1,2,9,6,9,2475,DL,LAX,9
0,2,9,6,17,2475,DL,LAX,9
13,2,11,1,21,2475,DL,LAX,7
-8,2,12,2,19,2475,DL,LAX,6
-3,2,12,2,9,2475,DL,LAX,6
-4,2,12,2,17,2475,DL,LAX,6
-2,2,12,2,7,2475,DL,LAX,6
-3,2,12,2,12,2475,DL,LAX,6
-1,2,12,2,15,2475,DL,LAX,6
-3,2,13,3,19,2475,DL,LAX,5
-3,2,13,3,9,2475,DL,LAX,5
-3,2,13,3,17,2475,DL,LAX,5
-3,2,13,3,7,2475,DL,LAX,5
-4,2,13,3,12,2475,DL,LAX,5
18,2,13,3,15,2475,DL,LAX,5
0,2,11,1,15,2475,DL,LAX,7
