-2,6,29,6,11,2475,UA,LAX,5
7,6,29,6,14,2475,UA,LAX,5
57,6,28,5,8,2475,UA,LAX,6
0,6,28,5,11,2475,UA,LAX,6
-1,6,29,6,8,2475,UA,LAX,5
19,6,29,6,17,2475,UA,LAX,5
6,6,28,5,6,2475,UA,LAX,6
1,6,29,6,6,2475,UA,LAX,5
6,6,27,4,14,2475,UA,LAX,7
37,6,27,4,17,2475,UA,LAX,7
5,6,27,4,6,2475,UA,LAX,7
-4,6,27,4,8,2475,UA,LAX,7
0,6,27,4,11,2475,UA,LAX,7
96,6,27,4,20,2475,UA,LAX,7
2,6,26,3,6,2475,UA,LAX,8
-2,6,25,2,8,2475,UA,LAX,9
37,6,30,7,17,2475,UA,LAX,4
-4,6,30,7,11,2475,UA,LAX,4
59,6,30,7,20,2475,UA,LAX,4
0,6,30,7,8,2475,UA,LAX,4
19,6,30,7,14,2475,UA,LAX,4
122,6,25,2,20,2475,UA,LAX,9
-4,6,25,2,14,2475,UA,LAX,9
6,6,25,2,17,2475,UA,LAX,9
69,6,28,5,20,2475,UA,LAX,6
-1,6,28,5,14,2475,UA,LAX,6
38,6,28,5,17,2475,UA,LAX,6
-5,6,26,3,8,2475,UA,LAX,8
-3,6,26,3,11,2475,UA,LAX,8
108,6,26,3,20,2475,UA,LAX,8
14,6,26,3,14,2475,UA,LAX,8
30,6,26,3,17,2475,UA,LAX,8
2,6,23,7,20,2475,UA,LAX,11
-11,6,24,1,8,2475,UA,LAX,10
-4,6,24,1,11,2475,UA,LAX,10
157,6,24,1,20,2475,UA,LAX,10
-3,6,24,1,14,2475,UA,LAX,10
306,6,24,1,17,2475,UA,LAX,10
-4,6,22,6,8,2475,UA,LAX,12
0,6,22,6,17,2475,UA,LAX,12
-8,6,22,6,11,2475,UA,LAX,12
-8,6,22,6,14,2475,UA,LAX,12
-5,6,25,2,11,2475,UA,LAX,9
10,6,24,1,6,2475,UA,LAX,10
59,6,23,7,17,2475,UA,LAX,11
-2,6,23,7,11,2475,UA,LAX,11
28,6,21,5,17,2475,UA,LAX,13
-1,6,25,2,6,2475,UA,LAX,9
-7,6,21,5,8,2475,UA,LAX,13
-1,6,21,5,11,2475,UA,LAX,13
-2,6,21,5,20,2475,UA,LAX,13
-5,6,21,5,14,2475,UA,LAX,13
-5,6,23,7,8,2475,UA,LAX,11
8,6,23,7,14,2475,UA,LAX,11
-3,6,20,4,11,2475,UA,LAX,14
19,6,20,4,20,2475,UA,LAX,14
-2,6,20,4,14,2475,UA,LAX,14
43,6,20,4,17,2475,UA,LAX,14
21,6,19,3,17,2475,UA,LAX,15
-1,6,20,4,6,2475,UA,LAX,14
-8,6,19,3,8,2475,UA,LAX,15
0,6,19,3,11,2475,UA,LAX,15
1,6,19,3,20,2475,UA,LAX,15
-3,6,19,3,14,2475,UA,LAX,15
1,6,18,2,6,2475,UA,LAX,16
-2,6,17,1,8,2475,UA,LAX,17
0,6,18,2,11,2475,UA,LAX,16
14,6,18,2,20,2475,UA,LAX,16
-2,6,18,2,14,2475,UA,LAX,16
10,6,18,2,17,2475,UA,LAX,16
20,6,17,1,17,2475,UA,LAX,17
-8,6,17,1,11,2475,UA,LAX,17
-1,6,17,1,20,2475,UA,LAX,17
-7,6,17,1,14,2475,UA,LAX,17
-5,6,15,6,8,2475,UA,LAX,19
3,6,15,6,17,2475,UA,LAX,19
-2,6,15,6,11,2475,UA,LAX,19
7,6,15,6,14,2475,UA,LAX,19
0,6,14,5,11,2475,UA,LAX,19
5,6,14,5,20,2475,UA,LAX,19
-1,6,14,5,14,2475,UA,LAX,19
7,6,17,1,6,2475,UA,LAX,17
6,6,15,6,6,2475,UA,LAX,19
-9,6,14,5,8,2475,UA,LAX,19
1,6,19,3,6,2475,UA,LAX,15
12,6,18,2,8,2475,UA,LAX,16
3,6,16,7,17,2475,UA,LAX,18
-3,6,16,7,11,2475,UA,LAX,18
-2,6,16,7,20,2475,UA,LAX,18
-4,6,16,7,8,2475,UA,LAX,18
1,6,16,7,14,2475,UA,LAX,18
11,6,14,5,17,2475,UA,LAX,19
2,6,14,5,6,2475,UA,LAX,19
0,6,12,3,11,2475,UA,LAX,17
-4,6,12,3,20,2475,UA,LAX,17
31,6,12,3,14,2475,UA,LAX,17
81,6,12,3,17,2475,UA,LAX,17
4,6,12,3,6,2475,UA,LAX,17
73,6,13,4,8,2475,UA,LAX,18
1,6,13,4,11,2475,UA,LAX,18
40,6,13,4,20,2475,UA,LAX,18
-2,6,13,4,14,2475,UA,LAX,18
18,6,13,4,17,2475,UA,LAX,18
-2,6,11,2,8,2475,UA,LAX,16
-7,6,11,2,11,2475,UA,LAX,16
-6,6,11,2,20,2475,UA,LAX,16
9,6,11,2,14,2475,UA,LAX,16
-3,6,13,4,6,2475,UA,LAX,18
6,6,12,3,8,2475,UA,LAX,17
-3,6,11,2,6,2475,UA,LAX,16
5,6,21,5,6,2475,UA,LAX,13
-4,6,20,4,8,2475,UA,LAX,14
0,6,9,7,17,2475,UA,LAX,14
1,6,9,7,11,2475,UA,LAX,14
-6,6,9,7,20,2475,UA,LAX,14
-2,6,9,7,8,2475,UA,LAX,14
-3,6,9,7,14,2475,UA,LAX,14
1,6,8,6,14,2475,UA,LAX,13
-3,6,10,1,11,2475,UA,LAX,15
129,6,10,1,20,2475,UA,LAX,15
11,6,10,1,14,2475,UA,LAX,15
9,6,10,1,17,2475,UA,LAX,15
-2,6,10,1,6,2475,UA,LAX,15
17,6,7,5,17,2475,UA,LAX,12
4,6,7,5,11,2475,UA,LAX,12
98,6,7,5,20,2475,UA,LAX,12
74,6,7,5,14,2475,UA,LAX,12
-3,6,10,1,8,2475,UA,LAX,15
16,6,8,6,17,2475,UA,LAX,13
-6,6,8,6,11,2475,UA,LAX,13
9,6,7,5,8,2475,UA,LAX,12
-1,6,8,6,8,2475,UA,LAX,13
6,6,8,6,6,2475,UA,LAX,13
-1,6,6,4,6,2475,UA,LAX,11
15,6,6,4,17,2475,UA,LAX,11
0,6,4,2,15,2475,UA,LAX,9
-5,6,4,2,6,2475,UA,LAX,9
-4,6,4,2,8,2475,UA,LAX,9
7,6,6,4,8,2475,UA,LAX,11
2,6,6,4,11,2475,UA,LAX,11
11,6,6,4,20,2475,UA,LAX,11
250,6,4,2,17,2475,UA,LAX,9
-4,6,4,2,11,2475,UA,LAX,9
-4,6,4,2,20,2475,UA,LAX,9
-3,6,7,5,6,2475,UA,LAX,12
-1,6,5,3,17,2475,UA,LAX,10
-5,6,5,3,11,2475,UA,LAX,10
-8,6,5,3,20,2475,UA,LAX,10
0,6,5,3,15,2475,UA,LAX,10
53,6,5,3,6,2475,UA,LAX,10
-1,6,5,3,8,2475,UA,LAX,10
4,6,3,1,11,2475,UA,LAX,8
-4,6,3,1,20,2475,UA,LAX,8
6,6,3,1,15,2475,UA,LAX,8
0,6,3,1,6,2475,UA,LAX,8
2,6,3,1,8,2475,UA,LAX,8
-6,6,1,6,6,2475,UA,LAX,6
4,6,1,6,15,2475,UA,LAX,6
-1,6,3,1,17,2475,UA,LAX,8
193,6,2,7,17,2475,UA,LAX,7
-7,6,2,7,11,2475,UA,LAX,7
143,6,2,7,20,2475,UA,LAX,7
2,6,2,7,15,2475,UA,LAX,7
0,6,2,7,8,2475,UA,LAX,7
-1,6,1,6,8,2475,UA,LAX,6
-10,6,1,6,18,2475,UA,LAX,6
-9,6,1,6,11,2475,UA,LAX,6
6,6,22,6,6,2475,UA,LAX,12
-5,6,12,3,7,2475,VX,LAX,17
1,6,12,3,9,2475,VX,LAX,17
5,6,12,3,13,2475,VX,LAX,17
81,6,12,3,16,2475,VX,LAX,17
26,6,12,3,20,2475,VX,LAX,17
6,6,13,4,7,2475,VX,LAX,18
1,6,13,4,9,2475,VX,LAX,18
10,6,13,4,13,2475,VX,LAX,18
-4,6,13,4,16,2475,VX,LAX,18
53,6,13,4,20,2475,VX,LAX,18
-7,6,23,7,7,2475,VX,LAX,11
91,6,23,7,9,2475,VX,LAX,11
1,6,23,7,13,2475,VX,LAX,11
26,6,23,7,16,2475,VX,LAX,11
36,6,23,7,20,2475,VX,LAX,11
1,6,24,1,7,2475,VX,LAX,10
0,6,24,1,9,2475,VX,LAX,10
2,6,24,1,13,2475,VX,LAX,10
5,6,24,1,16,2475,VX,LAX,10
189,6,24,1,20,2475,VX,LAX,10
52,6,25,2,7,2475,VX,LAX,9
0,6,25,2,9,2475,VX,LAX,9
-3,6,25,2,13,2475,VX,LAX,9
24,6,25,2,16,2475,VX,LAX,9
182,6,25,2,20,2475,VX,LAX,9
-2,6,26,3,7,2475,VX,LAX,8
10,6,26,3,9,2475,VX,LAX,8
-1,6,26,3,13,2475,VX,LAX,8
43,6,26,3,16,2475,VX,LAX,8
85,6,26,3,20,2475,VX,LAX,8
-1,6,18,2,7,2475,VX,LAX,16
0,6,18,2,9,2475,VX,LAX,16
-1,6,18,2,13,2475,VX,LAX,16
103,6,18,2,16,2475,VX,LAX,16
127,6,18,2,20,2475,VX,LAX,16
-4,6,19,3,7,2475,VX,LAX,15
-1,6,19,3,9,2475,VX,LAX,15
14,6,19,3,13,2475,VX,LAX,15
2,6,19,3,16,2475,VX,LAX,15
0,6,19,3,20,2475,VX,LAX,15
-5,6,2,7,7,2475,VX,LAX,7
-1,6,2,7,9,2475,VX,LAX,7
9,6,2,7,13,2475,VX,LAX,7
-1,6,2,7,16,2475,VX,LAX,7
222,6,2,7,20,2475,VX,LAX,7
0,6,20,4,7,2475,VX,LAX,14
4,6,20,4,9,2475,VX,LAX,14
2,6,20,4,13,2475,VX,LAX,14
3,6,20,4,16,2475,VX,LAX,14
8,6,20,4,20,2475,VX,LAX,14
2,6,21,5,7,2475,VX,LAX,13
-5,6,21,5,9,2475,VX,LAX,13
-9,6,21,5,13,2475,VX,LAX,13
4,6,21,5,16,2475,VX,LAX,13
4,6,21,5,20,2475,VX,LAX,13
0,6,22,6,7,2475,VX,LAX,12
4,6,22,6,9,2475,VX,LAX,12
-3,6,22,6,13,2475,VX,LAX,12
2,6,22,6,16,2475,VX,LAX,12
2,6,22,6,20,2475,VX,LAX,12
0,6,7,5,7,2475,VX,LAX,12
7,6,7,5,9,2475,VX,LAX,12
9,6,7,5,13,2475,VX,LAX,12
36,6,7,5,16,2475,VX,LAX,12
127,6,7,5,20,2475,VX,LAX,12
1,6,14,5,7,2475,VX,LAX,19
-1,6,14,5,9,2475,VX,LAX,19
-1,6,14,5,13,2475,VX,LAX,19
271,6,14,5,16,2475,VX,LAX,19
129,6,14,5,20,2475,VX,LAX,19
2,6,15,6,7,2475,VX,LAX,19
4,6,15,6,9,2475,VX,LAX,19
15,6,15,6,13,2475,VX,LAX,19
32,6,15,6,16,2475,VX,LAX,19
-6,6,15,6,20,2475,VX,LAX,19
2,6,16,7,7,2475,VX,LAX,18
2,6,16,7,9,2475,VX,LAX,18
4,6,16,7,13,2475,VX,LAX,18
0,6,16,7,16,2475,VX,LAX,18
2,6,16,7,20,2475,VX,LAX,18
-7,6,17,1,7,2475,VX,LAX,17
-2,6,17,1,9,2475,VX,LAX,17
0,6,17,1,13,2475,VX,LAX,17
-1,6,17,1,16,2475,VX,LAX,17
31,6,17,1,20,2475,VX,LAX,17
1,6,29,6,7,2475,VX,LAX,5
8,6,29,6,9,2475,VX,LAX,5
1,6,29,6,13,2475,VX,LAX,5
8,6,29,6,16,2475,VX,LAX,5
4,6,29,6,20,2475,VX,LAX,5
-3,6,3,1,7,2475,VX,LAX,8
-4,6,3,1,9,2475,VX,LAX,8
-1,6,3,1,13,2475,VX,LAX,8
0,6,3,1,16,2475,VX,LAX,8
16,6,3,1,20,2475,VX,LAX,8
-4,6,30,7,7,2475,VX,LAX,4
15,6,30,7,9,2475,VX,LAX,4
-7,6,30,7,13,2475,VX,LAX,4
80,6,30,7,16,2475,VX,LAX,4
30,6,30,7,20,2475,VX,LAX,4
10,6,4,2,7,2475,VX,LAX,9
-5,6,4,2,9,2475,VX,LAX,9
-5,6,4,2,13,2475,VX,LAX,9
-3,6,4,2,16,2475,VX,LAX,9
7,6,4,2,20,2475,VX,LAX,9
-3,6,5,3,7,2475,VX,LAX,10
-2,6,5,3,9,2475,VX,LAX,10
-1,6,5,3,13,2475,VX,LAX,10
3,6,5,3,16,2475,VX,LAX,10
-8,6,5,3,20,2475,VX,LAX,10
1,6,1,6,7,2475,VX,LAX,6
8,6,1,6,9,2475,VX,LAX,6
99,6,1,6,13,2475,VX,LAX,6
-1,6,1,6,16,2475,VX,LAX,6
-5,6,1,6,20,2475,VX,LAX,6
-2,6,10,1,7,2475,VX,LAX,15
3,6,10,1,9,2475,VX,LAX,15
-3,6,10,1,13,2475,VX,LAX,15
14,6,10,1,16,2475,VX,LAX,15
100,6,10,1,20,2475,VX,LAX,15
-2,6,11,2,7,2475,VX,LAX,16
-4,6,11,2,9,2475,VX,LAX,16
-7,6,11,2,13,2475,VX,LAX,16
-1,6,11,2,16,2475,VX,LAX,16
13,6,11,2,20,2475,VX,LAX,16
-2,6,27,4,7,2475,VX,LAX,7
-3,6,27,4,9,2475,VX,LAX,7
-5,6,27,4,13,2475,VX,LAX,7
51,6,27,4,16,2475,VX,LAX,7
204,6,27,4,20,2475,VX,LAX,7
0,6,28,5,7,2475,VX,LAX,6
22,6,28,5,9,2475,VX,LAX,6
-4,6,28,5,13,2475,VX,LAX,6
75,6,28,5,16,2475,VX,LAX,6
233,6,28,5,20,2475,VX,LAX,6
-1,6,8,6,7,2475,VX,LAX,13
4,6,8,6,9,2475,VX,LAX,13
-4,6,8,6,13,2475,VX,LAX,13
43,6,8,6,16,2475,VX,LAX,13
0,6,8,6,20,2475,VX,LAX,13
10,6,9,7,7,2475,VX,LAX,14
36,6,9,7,9,2475,VX,LAX,14
0,6,9,7,13,2475,VX,LAX,14
6,6,9,7,16,2475,VX,LAX,14
9,6,9,7,20,2475,VX,LAX,14
-3,6,6,4,7,2475,VX,LAX,11
5,6,6,4,9,2475,VX,LAX,11
-1,6,6,4,13,2475,VX,LAX,11
2,6,6,4,16,2475,VX,LAX,11
-7,6,6,4,20,2475,VX,LAX,11
