-15,3,30,6,18,2475,UA,LAX,40
-10,3,30,6,11,2475,UA,LAX,40
0,3,30,6,6,2475,UA,LAX,40
-6,3,30,6,15,2475,UA,LAX,40
10,3,28,4,15,2475,UA,LAX,38
-2,3,29,5,8,2475,UA,LAX,39
-9,3,29,5,17,2475,UA,LAX,39
-7,3,29,5,11,2475,UA,LAX,39
19,3,29,5,20,2475,UA,LAX,39
-6,3,29,5,6,2475,UA,LAX,39
5,3,26,2,15,2475,UA,LAX,36
1,3,31,7,15,2475,UA,LAX,41
0,3,31,7,8,2475,UA,LAX,41
-4,3,31,7,17,2475,UA,LAX,41
-6,3,31,7,12,2475,UA,LAX,41
-2,3,31,7,20,2475,UA,LAX,41
-3,3,30,6,8,2475,UA,LAX,40
-8,3,27,3,8,2475,UA,LAX,37
-4,3,27,3,17,2475,UA,LAX,37
-10,3,27,3,11,2475,UA,LAX,37
5,3,27,3,20,2475,UA,LAX,37
-6,3,27,3,6,2475,UA,LAX,37
-2,3,29,5,15,2475,UA,LAX,39
-12,3,28,4,11,2475,UA,LAX,38
-4,3,28,4,20,2475,UA,LAX,38
-9,3,28,4,6,2475,UA,LAX,38
0,3,27,3,15,2475,UA,LAX,37
5,3,24,7,15,2475,UA,LAX,34
-6,3,24,7,8,2475,UA,LAX,34
-4,3,23,6,11,2475,UA,LAX,33
-1,3,23,6,6,2475,UA,LAX,33
-7,3,23,6,15,2475,UA,LAX,33
-3,3,22,5,15,2475,UA,LAX,32
-3,3,21,4,15,2475,UA,LAX,31
2,3,21,4,8,2475,UA,LAX,31
0,3,23,6,8,2475,UA,LAX,33
-6,3,23,6,18,2475,UA,LAX,33
-7,3,21,4,20,2475,UA,LAX,31
-6,3,21,4,6,2475,UA,LAX,31
-3,3,26,2,8,2475,UA,LAX,36
-1,3,26,2,17,2475,UA,LAX,36
-8,3,26,2,11,2475,UA,LAX,36
1,3,26,2,20,2475,UA,LAX,36
-8,3,26,2,6,2475,UA,LAX,36
1,3,22,5,8,2475,UA,LAX,32
-2,3,22,5,17,2475,UA,LAX,32
-6,3,22,5,11,2475,UA,LAX,32
3,3,22,5,20,2475,UA,LAX,32
-4,3,22,5,6,2475,UA,LAX,32
-2,3,1,5,13,2475,AA,LAX,11
129,3,2,6,13,2475,AA,LAX,12
-2,3,3,7,13,2475,AA,LAX,13
0,3,4,1,13,2475,AA,LAX,14
6,3,5,2,13,2475,AA,LAX,15
1,3,6,3,13,2475,AA,LAX,16
-3,3,7,4,13,2475,AA,LAX,17
3,3,8,5,13,2475,AA,LAX,18
-1,3,9,6,13,2475,AA,LAX,19
-4,3,10,7,13,2475,AA,LAX,20
-4,3,11,1,13,2475,AA,LAX,21
-2,3,12,2,13,2475,AA,LAX,22
-7,3,13,3,13,2475,AA,LAX,23
-3,3,14,4,13,2475,AA,LAX,24
-4,3,15,5,13,2475,AA,LAX,25
1,3,16,6,13,2475,AA,LAX,26
-4,3,17,7,13,2475,AA,LAX,27
1,3,18,1,13,2475,AA,LAX,28
-1,3,19,2,13,2475,AA,LAX,29
-8,3,20,3,13,2475,AA,LAX,30
-11,3,21,4,13,2475,AA,LAX,31
-8,3,22,5,13,2475,AA,LAX,32
1,3,23,6,13,2475,AA,LAX,33
-2,3,24,7,13,2475,AA,LAX,34
-5,3,25,1,13,2475,AA,LAX,35
-4,3,26,2,13,2475,AA,LAX,36
-6,3,27,3,13,2475,AA,LAX,37
-5,3,28,4,13,2475,AA,LAX,38
-5,3,29,5,13,2475,AA,LAX,39
-4,3,30,6,13,2475,AA,LAX,40
-2,3,31,7,13,2475,AA,LAX,41
113,3,1,5,15,2475,AA,LAX,11
91,3,2,6,15,2475,AA,LAX,12
60,3,3,7,15,2475,AA,LAX,13
-3,3,4,1,15,2475,AA,LAX,14
-3,3,5,2,15,2475,AA,LAX,15
4,3,6,3,15,2475,AA,LAX,16
-2,3,7,4,15,2475,AA,LAX,17
-1,3,8,5,15,2475,AA,LAX,18
-2,3,9,6,15,2475,AA,LAX,19
-8,3,10,7,15,2475,AA,LAX,20
-1,3,11,1,15,2475,AA,LAX,21
-6,3,12,2,15,2475,AA,LAX,22
-2,3,13,3,15,2475,AA,LAX,23
3,3,14,4,15,2475,AA,LAX,24
-2,3,15,5,15,2475,AA,LAX,25
1,3,16,6,15,2475,AA,LAX,26
50,3,17,7,15,2475,AA,LAX,27
2,3,18,1,15,2475,AA,LAX,28
-6,3,19,2,15,2475,AA,LAX,29
-4,3,20,3,15,2475,AA,LAX,30
-2,3,21,4,15,2475,AA,LAX,31
-8,3,22,5,15,2475,AA,LAX,32
-3,3,23,6,15,2475,AA,LAX,33
-4,3,24,7,15,2475,AA,LAX,34
2,3,25,1,15,2475,AA,LAX,35
6,3,26,2,15,2475,AA,LAX,36
-4,3,27,3,15,2475,AA,LAX,37
1,3,28,4,15,2475,AA,LAX,38
3,3,29,5,15,2475,AA,LAX,39
-8,3,30,6,15,2475,AA,LAX,40
-9,3,31,7,15,2475,AA,LAX,41
164,3,1,5,16,2475,AA,LAX,11
0,3,2,6,16,2475,AA,LAX,12
0,3,3,7,16,2475,AA,LAX,13
-3,3,4,1,16,2475,AA,LAX,14
1,3,5,2,16,2475,AA,LAX,15
4,3,6,3,16,2475,AA,LAX,16
-2,3,7,4,16,2475,AA,LAX,17
70,3,8,5,16,2475,AA,LAX,18
9,3,9,6,16,2475,AA,LAX,19
-5,3,10,7,16,2475,AA,LAX,20
34,3,11,1,16,2475,AA,LAX,21
17,3,12,2,16,2475,AA,LAX,22
4,3,13,3,16,2475,AA,LAX,23
0,3,14,4,16,2475,AA,LAX,24
5,3,15,5,16,2475,AA,LAX,25
33,3,16,6,16,2475,AA,LAX,26
1,3,17,7,16,2475,AA,LAX,27
1,3,18,1,16,2475,AA,LAX,28
0,3,19,2,16,2475,AA,LAX,29
14,3,20,3,16,2475,AA,LAX,30
-1,3,21,4,16,2475,AA,LAX,31
-6,3,22,5,16,2475,AA,LAX,32
-3,3,23,6,16,2475,AA,LAX,33
1,3,24,7,16,2475,AA,LAX,34
4,3,25,1,16,2475,AA,LAX,35
-7,3,26,2,16,2475,AA,LAX,36
-4,3,27,3,16,2475,AA,LAX,37
0,3,28,4,16,2475,AA,LAX,38
62,3,29,5,16,2475,AA,LAX,39
-10,3,30,6,16,2475,AA,LAX,40
13,3,31,7,16,2475,AA,LAX,41
27,3,1,5,21,2475,AA,LAX,11
-6,3,2,6,21,2475,AA,LAX,12
-4,3,3,7,21,2475,AA,LAX,13
-9,3,4,1,21,2475,AA,LAX,14
-7,3,5,2,21,2475,AA,LAX,15
3,3,7,4,21,2475,AA,LAX,17
138,3,8,5,21,2475,AA,LAX,18
-1,3,9,6,21,2475,AA,LAX,19
33,3,10,7,21,2475,AA,LAX,20
25,3,11,1,21,2475,AA,LAX,21
90,3,12,2,21,2475,AA,LAX,22
-1,3,13,3,21,2475,AA,LAX,23
12,3,14,4,21,2475,AA,LAX,24
0,3,15,5,21,2475,AA,LAX,25
-5,3,16,6,21,2475,AA,LAX,26
11,3,17,7,21,2475,AA,LAX,27
83,3,18,1,21,2475,AA,LAX,28
1,3,19,2,21,2475,AA,LAX,29
3,3,20,3,21,2475,AA,LAX,30
-2,3,21,4,21,2475,AA,LAX,31
-4,3,22,5,21,2475,AA,LAX,32
-6,3,23,6,21,2475,AA,LAX,33
0,3,24,7,21,2475,AA,LAX,34
16,3,25,1,21,2475,AA,LAX,35
10,3,26,2,21,2475,AA,LAX,36
-1,3,27,3,21,2475,AA,LAX,37
21,3,28,4,21,2475,AA,LAX,38
-2,3,29,5,21,2475,AA,LAX,39
-7,3,30,6,21,2475,AA,LAX,40
-3,3,31,7,21,2475,AA,LAX,41
3,3,1,5,9,2475,AA,LAX,11
-7,3,2,6,9,2475,AA,LAX,12
-5,3,3,7,9,2475,AA,LAX,13
-6,3,4,1,9,2475,AA,LAX,14
5,3,5,2,9,2475,AA,LAX,15
-6,3,6,3,9,2475,AA,LAX,16
17,3,7,4,9,2475,AA,LAX,17
102,3,8,5,9,2475,AA,LAX,18
-5,3,9,6,9,2475,AA,LAX,19
-1,3,10,7,9,2475,AA,LAX,20
3,3,11,1,9,2475,AA,LAX,21
46,3,12,2,9,2475,AA,LAX,22
1,3,13,3,9,2475,AA,LAX,23
-3,3,14,4,9,2475,AA,LAX,24
-2,3,15,5,9,2475,AA,LAX,25
-9,3,16,6,9,2475,AA,LAX,26
-7,3,17,7,9,2475,AA,LAX,27
0,3,18,1,9,2475,AA,LAX,28
-9,3,19,2,9,2475,AA,LAX,29
0,3,20,3,9,2475,AA,LAX,30
-2,3,21,4,9,2475,AA,LAX,31
-2,3,22,5,9,2475,AA,LAX,32
0,3,23,6,9,2475,AA,LAX,33
-1,3,24,7,9,2475,AA,LAX,34
-5,3,25,1,9,2475,AA,LAX,35
-7,3,26,2,9,2475,AA,LAX,36
-5,3,27,3,9,2475,AA,LAX,37
-7,3,28,4,9,2475,AA,LAX,38
-6,3,29,5,9,2475,AA,LAX,39
-8,3,30,6,9,2475,AA,LAX,40
-4,3,31,7,9,2475,AA,LAX,41
-3,3,1,5,12,2475,AA,LAX,11
-5,3,2,6,12,2475,AA,LAX,12
-7,3,3,7,12,2475,AA,LAX,13
-4,3,4,1,12,2475,AA,LAX,14
-10,3,5,2,12,2475,AA,LAX,15
2,3,6,3,12,2475,AA,LAX,16
-4,3,7,4,12,2475,AA,LAX,17
18,3,8,5,12,2475,AA,LAX,18
50,3,9,6,12,2475,AA,LAX,19
-6,3,10,7,12,2475,AA,LAX,20
-4,3,11,1,12,2475,AA,LAX,21
-3,3,12,2,12,2475,AA,LAX,22
-7,3,13,3,12,2475,AA,LAX,23
-1,3,14,4,12,2475,AA,LAX,24
-4,3,15,5,12,2475,AA,LAX,25
-3,3,16,6,12,2475,AA,LAX,26
-1,3,17,7,12,2475,AA,LAX,27
-5,3,18,1,12,2475,AA,LAX,28
-3,3,19,2,12,2475,AA,LAX,29
-6,3,20,3,12,2475,AA,LAX,30
-7,3,21,4,12,2475,AA,LAX,31
1,3,22,5,12,2475,AA,LAX,32
-1,3,23,6,12,2475,AA,LAX,33
4,3,24,7,12,2475,AA,LAX,34
-5,3,25,1,12,2475,AA,LAX,35
-3,3,26,2,12,2475,AA,LAX,36
-3,3,27,3,12,2475,AA,LAX,37
-5,3,28,4,12,2475,AA,LAX,38
-11,3,29,5,12,2475,AA,LAX,39
-7,3,30,6,12,2475,AA,LAX,40
-11,3,31,7,12,2475,AA,LAX,41
-1,3,1,5,10,2475,AA,LAX,11
5,3,2,6,10,2475,AA,LAX,12
-2,3,3,7,10,2475,AA,LAX,13
-3,3,4,1,10,2475,AA,LAX,14
-4,3,5,2,10,2475,AA,LAX,15
-6,3,6,3,10,2475,AA,LAX,16
0,3,7,4,10,2475,AA,LAX,17
92,3,8,5,10,2475,AA,LAX,18
30,3,9,6,10,2475,AA,LAX,19
-2,3,10,7,10,2475,AA,LAX,20
-9,3,11,1,10,2475,AA,LAX,21
-3,3,12,2,10,2475,AA,LAX,22
-9,3,13,3,10,2475,AA,LAX,23
-5,3,14,4,10,2475,AA,LAX,24
-3,3,15,5,10,2475,AA,LAX,25
-8,3,16,6,10,2475,AA,LAX,26
-6,3,17,7,10,2475,AA,LAX,27
-5,3,18,1,10,2475,AA,LAX,28
-10,3,19,2,10,2475,AA,LAX,29
-7,3,20,3,10,2475,AA,LAX,30
-4,3,21,4,10,2475,AA,LAX,31
-6,3,22,5,10,2475,AA,LAX,32
28,3,23,6,10,2475,AA,LAX,33
-8,3,24,7,10,2475,AA,LAX,34
-4,3,25,1,10,2475,AA,LAX,35
-5,3,26,2,10,2475,AA,LAX,36
-9,3,27,3,10,2475,AA,LAX,37
-4,3,28,4,10,2475,AA,LAX,38
-3,3,29,5,10,2475,AA,LAX,39
-6,3,30,6,10,2475,AA,LAX,40
-4,3,31,7,10,2475,AA,LAX,41
184,3,1,5,19,2475,AA,LAX,11
-2,3,2,6,19,2475,AA,LAX,12
0,3,3,7,19,2475,AA,LAX,13
33,3,4,1,19,2475,AA,LAX,14
3,3,5,2,19,2475,AA,LAX,15
9,3,6,3,19,2475,AA,LAX,16
4,3,7,4,19,2475,AA,LAX,17
23,3,8,5,19,2475,AA,LAX,18
-5,3,9,6,19,2475,AA,LAX,19
139,3,10,7,19,2475,AA,LAX,20
24,3,11,1,19,2475,AA,LAX,21
1,3,12,2,19,2475,AA,LAX,22
-1,3,13,3,19,2475,AA,LAX,23
1,3,14,4,19,2475,AA,LAX,24
-10,3,15,5,19,2475,AA,LAX,25
-5,3,16,6,19,2475,AA,LAX,26
-4,3,17,7,19,2475,AA,LAX,27
23,3,18,1,19,2475,AA,LAX,28
1,3,19,2,19,2475,AA,LAX,29
4,3,20,3,19,2475,AA,LAX,30
7,3,21,4,19,2475,AA,LAX,31
0,3,22,5,19,2475,AA,LAX,32
-3,3,23,6,19,2475,AA,LAX,33
-1,3,24,7,19,2475,AA,LAX,34
70,3,25,1,19,2475,AA,LAX,35
15,3,26,2,19,2475,AA,LAX,36
-5,3,27,3,19,2475,AA,LAX,37
-7,3,28,4,19,2475,AA,LAX,38
6,3,29,5,19,2475,AA,LAX,39
-3,3,30,6,19,2475,AA,LAX,40
-6,3,31,7,19,2475,AA,LAX,41
-3,3,1,5,7,2475,AA,LAX,11
-6,3,3,7,7,2475,AA,LAX,13
-1,3,4,1,7,2475,AA,LAX,14
-4,3,5,2,7,2475,AA,LAX,15
-5,3,6,3,7,2475,AA,LAX,16
48,3,8,5,7,2475,AA,LAX,18
-3,3,10,7,7,2475,AA,LAX,20
0,3,11,1,7,2475,AA,LAX,21
-4,3,12,2,7,2475,AA,LAX,22
-9,3,13,3,7,2475,AA,LAX,23
-1,3,14,4,7,2475,AA,LAX,24
-3,3,15,5,7,2475,AA,LAX,25
-1,3,17,7,7,2475,AA,LAX,27
-2,3,18,1,7,2475,AA,LAX,28
-3,3,19,2,7,2475,AA,LAX,29
-2,3,20,3,7,2475,AA,LAX,30
0,3,21,4,7,2475,AA,LAX,31
-7,3,22,5,7,2475,AA,LAX,32
-6,3,24,7,7,2475,AA,LAX,34
-2,3,25,1,7,2475,AA,LAX,35
-2,3,26,2,7,2475,AA,LAX,36
-7,3,27,3,7,2475,AA,LAX,37
-6,3,28,4,7,2475,AA,LAX,38
-3,3,29,5,7,2475,AA,LAX,39
-3,3,31,7,7,2475,AA,LAX,41
-8,3,2,6,11,2475,B6,LAX,12
12,3,2,6,17,2475,B6,LAX,12
-1,3,2,6,20,2475,B6,LAX,12
-1,3,5,2,7,2475,B6,LAX,15
-3,3,5,2,11,2475,B6,LAX,15
-4,3,5,2,16,2475,B6,LAX,15
-9,3,5,2,20,2475,B6,LAX,15
17,3,8,5,7,2475,B6,LAX,18
93,3,8,5,11,2475,B6,LAX,18
44,3,8,5,16,2475,B6,LAX,18
65,3,8,5,20,2475,B6,LAX,18
-4,3,4,1,7,2475,B6,LAX,14
-3,3,4,1,11,2475,B6,LAX,14
17,3,4,1,16,2475,B6,LAX,14
0,3,4,1,20,2475,B6,LAX,14
67,3,9,6,11,2475,B6,LAX,19
-5,3,9,6,17,2475,B6,LAX,19
66,3,9,6,20,2475,B6,LAX,19
9,3,10,7,7,2475,B6,LAX,20
12,3,10,7,11,2475,B6,LAX,20
81,3,10,7,16,2475,B6,LAX,20
6,3,10,7,20,2475,B6,LAX,20
-7,3,3,7,7,2475,B6,LAX,13
-4,3,3,7,11,2475,B6,LAX,13
-5,3,3,7,16,2475,B6,LAX,13
7,3,3,7,20,2475,B6,LAX,13
-2,3,7,4,7,2475,B6,LAX,17
95,3,7,4,11,2475,B6,LAX,17
15,3,7,4,16,2475,B6,LAX,17
-5,3,7,4,20,2475,B6,LAX,17
-1,3,12,2,7,2475,B6,LAX,22
18,3,12,2,11,2475,B6,LAX,22
27,3,12,2,16,2475,B6,LAX,22
139,3,12,2,20,2475,B6,LAX,22
0,3,6,3,7,2475,B6,LAX,16
-3,3,6,3,11,2475,B6,LAX,16
3,3,6,3,16,2475,B6,LAX,16
41,3,6,3,20,2475,B6,LAX,16
3,3,11,1,7,2475,B6,LAX,21
-5,3,11,1,11,2475,B6,LAX,21
-1,3,11,1,16,2475,B6,LAX,21
-5,3,11,1,20,2475,B6,LAX,21
-1,3,15,5,7,2475,B6,LAX,25
19,3,15,5,11,2475,B6,LAX,25
5,3,15,5,16,2475,B6,LAX,25
12,3,15,5,20,2475,B6,LAX,25
-1,3,14,4,7,2475,B6,LAX,24
0,3,14,4,11,2475,B6,LAX,24
9,3,14,4,16,2475,B6,LAX,24
-4,3,14,4,20,2475,B6,LAX,24
3,3,18,1,7,2475,B6,LAX,28
-2,3,18,1,11,2475,B6,LAX,28
-4,3,18,1,16,2475,B6,LAX,28
25,3,18,1,20,2475,B6,LAX,28
6,3,17,7,7,2475,B6,LAX,27
7,3,17,7,11,2475,B6,LAX,27
4,3,17,7,16,2475,B6,LAX,27
-2,3,17,7,20,2475,B6,LAX,27
-7,3,21,4,7,2475,B6,LAX,31
1,3,21,4,11,2475,B6,LAX,31
18,3,21,4,16,2475,B6,LAX,31
2,3,21,4,20,2475,B6,LAX,31
-5,3,13,3,7,2475,B6,LAX,23
0,3,13,3,11,2475,B6,LAX,23
8,3,13,3,16,2475,B6,LAX,23
2,3,13,3,20,2475,B6,LAX,23
-2,3,20,3,7,2475,B6,LAX,30
7,3,20,3,11,2475,B6,LAX,30
-3,3,20,3,16,2475,B6,LAX,30
-2,3,20,3,20,2475,B6,LAX,30
-3,3,24,7,7,2475,B6,LAX,34
-3,3,24,7,11,2475,B6,LAX,34
-4,3,24,7,16,2475,B6,LAX,34
90,3,24,7,20,2475,B6,LAX,34
-3,3,19,2,7,2475,B6,LAX,29
29,3,19,2,11,2475,B6,LAX,29
2,3,19,2,16,2475,B6,LAX,29
-1,3,19,2,20,2475,B6,LAX,29
-4,3,23,6,11,2475,B6,LAX,33
-2,3,23,6,17,2475,B6,LAX,33
-1,3,23,6,20,2475,B6,LAX,33
-4,3,22,5,7,2475,B6,LAX,32
3,3,22,5,11,2475,B6,LAX,32
-4,3,22,5,16,2475,B6,LAX,32
-3,3,22,5,20,2475,B6,LAX,32
