-7,4,30,2,6,2475,UA,LAX,22
148,4,29,1,8,2475,UA,LAX,23
7,4,29,1,17,2475,UA,LAX,23
-6,4,29,1,11,2475,UA,LAX,23
4,4,29,1,20,2475,UA,LAX,23
6,4,29,1,15,2475,UA,LAX,23
-4,4,30,2,20,2475,UA,LAX,22
3,4,30,2,15,2475,UA,LAX,22
68,4,29,1,6,2475,UA,LAX,23
9,4,28,7,15,2475,UA,LAX,24
-3,4,30,2,8,2475,UA,LAX,22
0,4,30,2,17,2475,UA,LAX,22
-5,4,30,2,11,2475,UA,LAX,22
4,4,28,7,8,2475,UA,LAX,24
7,4,28,7,17,2475,UA,LAX,24
-3,4,28,7,11,2475,UA,LAX,24
-3,4,28,7,20,2475,UA,LAX,24
-7,4,26,5,8,2475,UA,LAX,26
2,4,27,6,18,2475,UA,LAX,25
-9,4,27,6,11,2475,UA,LAX,25
-7,4,27,6,15,2475,UA,LAX,25
1,4,26,5,6,2475,UA,LAX,26
-4,4,25,4,15,2475,UA,LAX,27
-3,4,27,6,6,2475,UA,LAX,25
-3,4,27,6,8,2475,UA,LAX,25
3,4,25,4,6,2475,UA,LAX,27
-6,4,25,4,8,2475,UA,LAX,27
7,4,25,4,17,2475,UA,LAX,27
-9,4,25,4,11,2475,UA,LAX,27
-3,4,26,5,17,2475,UA,LAX,26
-6,4,26,5,11,2475,UA,LAX,26
3,4,26,5,20,2475,UA,LAX,26
7,4,26,5,15,2475,UA,LAX,26
-7,4,24,3,8,2475,UA,LAX,28
219,4,24,3,17,2475,UA,LAX,28
-12,4,24,3,11,2475,UA,LAX,28
112,4,24,3,20,2475,UA,LAX,28
-3,4,24,3,15,2475,UA,LAX,28
63,4,25,4,20,2475,UA,LAX,27
6,4,23,2,6,2475,UA,LAX,29
0,4,23,2,8,2475,UA,LAX,29
-11,4,23,2,17,2475,UA,LAX,29
-7,4,23,2,11,2475,UA,LAX,29
70,4,23,2,20,2475,UA,LAX,29
-1,4,23,2,15,2475,UA,LAX,29
-3,4,21,7,17,2475,UA,LAX,31
-4,4,21,7,11,2475,UA,LAX,31
-3,4,22,1,6,2475,UA,LAX,30
4,4,22,1,8,2475,UA,LAX,30
121,4,22,1,17,2475,UA,LAX,30
7,4,20,6,6,2475,UA,LAX,32
-7,4,22,1,11,2475,UA,LAX,30
132,4,22,1,20,2475,UA,LAX,30
137,4,22,1,15,2475,UA,LAX,30
2,4,21,7,8,2475,UA,LAX,31
3,4,19,5,6,2475,UA,LAX,33
4,4,21,7,20,2475,UA,LAX,31
6,4,21,7,15,2475,UA,LAX,31
-11,4,19,5,11,2475,UA,LAX,33
161,4,19,5,20,2475,UA,LAX,33
-5,4,1,1,9,2475,AA,LAX,42
-9,4,2,2,9,2475,AA,LAX,43
-2,4,3,3,9,2475,AA,LAX,44
-4,4,4,4,9,2475,AA,LAX,45
-2,4,5,5,9,2475,AA,LAX,46
-9,4,6,6,9,2475,AA,LAX,46
-4,4,7,7,9,2475,AA,LAX,45
-5,4,8,1,9,2475,AA,LAX,44
-8,4,9,2,9,2475,AA,LAX,43
38,4,10,3,9,2475,AA,LAX,42
-2,4,11,4,9,2475,AA,LAX,41
-5,4,12,5,9,2475,AA,LAX,40
-8,4,13,6,9,2475,AA,LAX,39
3,4,14,7,9,2475,AA,LAX,38
14,4,15,1,9,2475,AA,LAX,37
-9,4,16,2,9,2475,AA,LAX,36
53,4,17,3,9,2475,AA,LAX,35
80,4,18,4,9,2475,AA,LAX,34
-1,4,19,5,9,2475,AA,LAX,33
-5,4,20,6,9,2475,AA,LAX,32
58,4,21,7,9,2475,AA,LAX,31
-5,4,22,1,9,2475,AA,LAX,30
-6,4,23,2,9,2475,AA,LAX,29
-6,4,24,3,9,2475,AA,LAX,28
-3,4,25,4,9,2475,AA,LAX,27
-8,4,26,5,9,2475,AA,LAX,26
-4,4,27,6,9,2475,AA,LAX,25
-7,4,28,7,9,2475,AA,LAX,24
-4,4,29,1,9,2475,AA,LAX,23
-2,4,30,2,9,2475,AA,LAX,22
-7,4,1,1,12,2475,AA,LAX,42
-5,4,2,2,12,2475,AA,LAX,43
-6,4,3,3,12,2475,AA,LAX,44
-5,4,4,4,12,2475,AA,LAX,45
46,4,5,5,12,2475,AA,LAX,46
-5,4,6,6,12,2475,AA,LAX,46
-12,4,7,7,12,2475,AA,LAX,45
-10,4,8,1,12,2475,AA,LAX,44
-10,4,9,2,12,2475,AA,LAX,43
-2,4,10,3,12,2475,AA,LAX,42
1,4,11,4,12,2475,AA,LAX,41
1,4,12,5,12,2475,AA,LAX,40
-7,4,13,6,12,2475,AA,LAX,39
-5,4,14,7,12,2475,AA,LAX,38
-8,4,15,1,12,2475,AA,LAX,37
174,4,16,2,12,2475,AA,LAX,36
-3,4,17,3,12,2475,AA,LAX,35
12,4,18,4,12,2475,AA,LAX,34
-2,4,19,5,12,2475,AA,LAX,33
-9,4,20,6,12,2475,AA,LAX,32
-8,4,21,7,12,2475,AA,LAX,31
-10,4,22,1,12,2475,AA,LAX,30
0,4,23,2,12,2475,AA,LAX,29
22,4,24,3,12,2475,AA,LAX,28
9,4,25,4,12,2475,AA,LAX,27
9,4,26,5,12,2475,AA,LAX,26
19,4,27,6,12,2475,AA,LAX,25
-4,4,28,7,12,2475,AA,LAX,24
4,4,29,1,12,2475,AA,LAX,23
-8,4,30,2,12,2475,AA,LAX,22
-6,4,1,1,13,2475,AA,LAX,42
-4,4,2,2,13,2475,AA,LAX,43
-6,4,3,3,13,2475,AA,LAX,44
2,4,4,4,13,2475,AA,LAX,45
-5,4,5,5,13,2475,AA,LAX,46
-5,4,6,6,13,2475,AA,LAX,46
-6,4,7,7,13,2475,AA,LAX,45
0,4,8,1,13,2475,AA,LAX,44
1,4,9,2,13,2475,AA,LAX,43
-4,4,10,3,13,2475,AA,LAX,42
-2,4,11,4,13,2475,AA,LAX,41
1,4,12,5,13,2475,AA,LAX,40
150,4,13,6,13,2475,AA,LAX,39
-5,4,14,7,13,2475,AA,LAX,38
-7,4,15,1,13,2475,AA,LAX,37
334,4,16,2,13,2475,AA,LAX,36
0,4,17,3,13,2475,AA,LAX,35
-5,4,18,4,13,2475,AA,LAX,34
-3,4,19,5,13,2475,AA,LAX,33
-6,4,20,6,13,2475,AA,LAX,32
-3,4,21,7,13,2475,AA,LAX,31
16,4,22,1,13,2475,AA,LAX,30
-7,4,23,2,13,2475,AA,LAX,29
-6,4,24,3,13,2475,AA,LAX,28
-4,4,25,4,13,2475,AA,LAX,27
85,4,26,5,13,2475,AA,LAX,26
189,4,28,7,13,2475,AA,LAX,24
-6,4,29,1,13,2475,AA,LAX,23
-4,4,30,2,13,2475,AA,LAX,22
0,4,1,1,15,2475,AA,LAX,42
-3,4,2,2,15,2475,AA,LAX,43
10,4,3,3,15,2475,AA,LAX,44
-10,4,4,4,15,2475,AA,LAX,45
184,4,5,5,15,2475,AA,LAX,46
14,4,6,6,15,2475,AA,LAX,46
7,4,7,7,15,2475,AA,LAX,45
-6,4,8,1,15,2475,AA,LAX,44
-5,4,9,2,15,2475,AA,LAX,43
-4,4,10,3,15,2475,AA,LAX,42
-2,4,11,4,15,2475,AA,LAX,41
-1,4,12,5,15,2475,AA,LAX,40
46,4,13,6,15,2475,AA,LAX,39
6,4,14,7,15,2475,AA,LAX,38
-3,4,15,1,15,2475,AA,LAX,37
141,4,16,2,15,2475,AA,LAX,36
28,4,17,3,15,2475,AA,LAX,35
-3,4,18,4,15,2475,AA,LAX,34
-2,4,19,5,15,2475,AA,LAX,33
-5,4,20,6,15,2475,AA,LAX,32
74,4,21,7,15,2475,AA,LAX,31
40,4,22,1,15,2475,AA,LAX,30
-3,4,23,2,15,2475,AA,LAX,29
-3,4,24,3,15,2475,AA,LAX,28
-1,4,25,4,15,2475,AA,LAX,27
-5,4,26,5,15,2475,AA,LAX,26
48,4,27,6,15,2475,AA,LAX,25
-3,4,28,7,15,2475,AA,LAX,24
-6,4,29,1,15,2475,AA,LAX,23
2,4,30,2,15,2475,AA,LAX,22
-5,4,1,1,16,2475,AA,LAX,42
-5,4,2,2,17,2475,AA,LAX,43
7,4,3,3,17,2475,AA,LAX,44
-4,4,4,4,17,2475,AA,LAX,45
8,4,5,5,17,2475,AA,LAX,46
-4,4,6,6,17,2475,AA,LAX,46
-2,4,7,7,17,2475,AA,LAX,45
-8,4,8,1,17,2475,AA,LAX,44
0,4,9,2,17,2475,AA,LAX,43
0,4,10,3,17,2475,AA,LAX,42
52,4,11,4,17,2475,AA,LAX,41
-2,4,12,5,17,2475,AA,LAX,40
65,4,13,6,17,2475,AA,LAX,39
219,4,14,7,17,2475,AA,LAX,38
-4,4,15,1,17,2475,AA,LAX,37
77,4,16,2,17,2475,AA,LAX,36
-1,4,17,3,17,2475,AA,LAX,35
16,4,18,4,17,2475,AA,LAX,34
20,4,19,5,17,2475,AA,LAX,33
-3,4,20,6,17,2475,AA,LAX,32
14,4,21,7,17,2475,AA,LAX,31
16,4,22,1,17,2475,AA,LAX,30
-3,4,23,2,17,2475,AA,LAX,29
33,4,24,3,17,2475,AA,LAX,28
345,4,25,4,17,2475,AA,LAX,27
1,4,26,5,17,2475,AA,LAX,26
-1,4,27,6,17,2475,AA,LAX,25
-7,4,28,7,17,2475,AA,LAX,24
-1,4,29,1,17,2475,AA,LAX,23
250,4,30,2,17,2475,AA,LAX,22
-2,4,1,1,21,2475,AA,LAX,42
-2,4,2,2,21,2475,AA,LAX,43
2,4,3,3,21,2475,AA,LAX,44
-6,4,4,4,21,2475,AA,LAX,45
-5,4,5,5,21,2475,AA,LAX,46
-4,4,7,7,21,2475,AA,LAX,45
7,4,8,1,21,2475,AA,LAX,44
-4,4,9,2,21,2475,AA,LAX,43
212,4,10,3,21,2475,AA,LAX,42
-4,4,11,4,21,2475,AA,LAX,41
7,4,12,5,21,2475,AA,LAX,40
3,4,14,7,21,2475,AA,LAX,38
44,4,15,1,21,2475,AA,LAX,37
74,4,17,3,21,2475,AA,LAX,35
149,4,18,4,21,2475,AA,LAX,34
55,4,19,5,21,2475,AA,LAX,33
4,4,21,7,21,2475,AA,LAX,31
104,4,22,1,21,2475,AA,LAX,30
58,4,23,2,21,2475,AA,LAX,29
49,4,24,3,21,2475,AA,LAX,28
-2,4,25,4,21,2475,AA,LAX,27
-1,4,26,5,21,2475,AA,LAX,26
-5,4,28,7,21,2475,AA,LAX,24
-6,4,1,1,10,2475,AA,LAX,42
-5,4,2,2,10,2475,AA,LAX,43
-5,4,3,3,10,2475,AA,LAX,44
-6,4,4,4,10,2475,AA,LAX,45
-8,4,5,5,10,2475,AA,LAX,46
-10,4,6,6,10,2475,AA,LAX,46
-9,4,7,7,10,2475,AA,LAX,45
-7,4,8,1,10,2475,AA,LAX,44
-5,4,9,2,10,2475,AA,LAX,43
-3,4,10,3,10,2475,AA,LAX,42
11,4,11,4,10,2475,AA,LAX,41
6,4,12,5,10,2475,AA,LAX,40
-4,4,13,6,10,2475,AA,LAX,39
-9,4,14,7,10,2475,AA,LAX,38
-8,4,15,1,10,2475,AA,LAX,37
-10,4,16,2,10,2475,AA,LAX,36
-7,4,17,3,10,2475,AA,LAX,35
-2,4,18,4,10,2475,AA,LAX,34
-2,4,19,5,10,2475,AA,LAX,33
-1,4,20,6,10,2475,AA,LAX,32
-4,4,21,7,10,2475,AA,LAX,31
-5,4,22,1,10,2475,AA,LAX,30
-9,4,23,2,10,2475,AA,LAX,29
-2,4,24,3,10,2475,AA,LAX,28
25,4,25,4,10,2475,AA,LAX,27
-6,4,26,5,10,2475,AA,LAX,26
-4,4,27,6,10,2475,AA,LAX,25
-3,4,28,7,10,2475,AA,LAX,24
2,4,29,1,10,2475,AA,LAX,23
-7,4,30,2,10,2475,AA,LAX,22
-7,4,1,1,19,2475,AA,LAX,42
11,4,2,2,19,2475,AA,LAX,43
33,4,3,3,19,2475,AA,LAX,44
-4,4,4,4,19,2475,AA,LAX,45
-1,4,5,5,19,2475,AA,LAX,46
-4,4,6,6,19,2475,AA,LAX,46
-3,4,7,7,19,2475,AA,LAX,45
1,4,8,1,19,2475,AA,LAX,44
-7,4,9,2,19,2475,AA,LAX,43
75,4,10,3,19,2475,AA,LAX,42
-1,4,11,4,19,2475,AA,LAX,41
-5,4,12,5,19,2475,AA,LAX,40
130,4,13,6,19,2475,AA,LAX,39
17,4,14,7,19,2475,AA,LAX,38
30,4,15,1,19,2475,AA,LAX,37
58,4,16,2,19,2475,AA,LAX,36
0,4,17,3,19,2475,AA,LAX,35
57,4,18,4,19,2475,AA,LAX,34
117,4,19,5,19,2475,AA,LAX,33
-4,4,20,6,19,2475,AA,LAX,32
23,4,21,7,19,2475,AA,LAX,31
38,4,22,1,19,2475,AA,LAX,30
71,4,23,2,19,2475,AA,LAX,29
191,4,24,3,19,2475,AA,LAX,28
10,4,25,4,19,2475,AA,LAX,27
8,4,26,5,19,2475,AA,LAX,26
58,4,27,6,19,2475,AA,LAX,25
10,4,28,7,19,2475,AA,LAX,24
-2,4,29,1,19,2475,AA,LAX,23
5,4,30,2,19,2475,AA,LAX,22
-8,4,1,1,7,2475,AA,LAX,42
-1,4,2,2,7,2475,AA,LAX,43
0,4,3,3,7,2475,AA,LAX,44
-2,4,4,4,7,2475,AA,LAX,45
-4,4,5,5,7,2475,AA,LAX,46
-4,4,6,6,7,2475,AA,LAX,46
-2,4,7,7,7,2475,AA,LAX,45
0,4,8,1,7,2475,AA,LAX,44
-7,4,9,2,7,2475,AA,LAX,43
-7,4,10,3,7,2475,AA,LAX,42
43,4,11,4,7,2475,AA,LAX,41
-3,4,12,5,7,2475,AA,LAX,40
-2,4,13,6,7,2475,AA,LAX,39
47,4,14,7,7,2475,AA,LAX,38
8,4,15,1,7,2475,AA,LAX,37
-3,4,16,2,7,2475,AA,LAX,36
-4,4,17,3,7,2475,AA,LAX,35
1,4,18,4,7,2475,AA,LAX,34
-3,4,19,5,7,2475,AA,LAX,33
-2,4,20,6,7,2475,AA,LAX,32
28,4,21,7,7,2475,AA,LAX,31
0,4,22,1,7,2475,AA,LAX,30
45,4,23,2,7,2475,AA,LAX,29
-7,4,24,3,7,2475,AA,LAX,28
-1,4,25,4,7,2475,AA,LAX,27
-2,4,26,5,7,2475,AA,LAX,26
-3,4,27,6,7,2475,AA,LAX,25
-1,4,28,7,7,2475,AA,LAX,24
-5,4,29,1,7,2475,AA,LAX,23
-5,4,30,2,7,2475,AA,LAX,22
-5,4,29,1,21,2475,AA,LAX,23
2,4,30,2,21,2475,AA,LAX,22
-3,4,1,1,7,2475,B6,LAX,42
0,4,1,1,11,2475,B6,LAX,42
6,4,1,1,16,2475,B6,LAX,42
-5,4,1,1,20,2475,B6,LAX,42
-4,4,4,4,7,2475,B6,LAX,45
-2,4,4,4,11,2475,B6,LAX,45
-2,4,4,4,16,2475,B6,LAX,45
-1,4,4,4,20,2475,B6,LAX,45
-7,4,6,6,11,2475,B6,LAX,46
0,4,6,6,16,2475,B6,LAX,46
-3,4,6,6,20,2475,B6,LAX,46
-6,4,11,4,7,2475,B6,LAX,41
-2,4,11,4,11,2475,B6,LAX,41
-4,4,11,4,16,2475,B6,LAX,41
6,4,11,4,20,2475,B6,LAX,41
-5,4,3,3,7,2475,B6,LAX,44
-2,4,3,3,11,2475,B6,LAX,44
20,4,3,3,16,2475,B6,LAX,44
9,4,3,3,20,2475,B6,LAX,44
-4,4,9,2,7,2475,B6,LAX,43
24,4,9,2,11,2475,B6,LAX,43
-2,4,9,2,16,2475,B6,LAX,43
-1,4,9,2,20,2475,B6,LAX,43
9,4,5,5,7,2475,B6,LAX,46
-1,4,5,5,11,2475,B6,LAX,46
-1,4,5,5,16,2475,B6,LAX,46
-2,4,5,5,20,2475,B6,LAX,46
19,4,7,7,7,2475,B6,LAX,45
14,4,7,7,11,2475,B6,LAX,45
19,4,7,7,16,2475,B6,LAX,45
14,4,7,7,20,2475,B6,LAX,45
2,4,8,1,7,2475,B6,LAX,44
-6,4,8,1,11,2475,B6,LAX,44
-1,4,8,1,16,2475,B6,LAX,44
-4,4,8,1,20,2475,B6,LAX,44
-6,4,13,6,11,2475,B6,LAX,39
-7,4,13,6,16,2475,B6,LAX,39
-4,4,13,6,20,2475,B6,LAX,39
21,4,10,3,7,2475,B6,LAX,42
-5,4,10,3,11,2475,B6,LAX,42
-2,4,10,3,16,2475,B6,LAX,42
120,4,10,3,20,2475,B6,LAX,42
-1,4,17,3,7,2475,B6,LAX,35
2,4,17,3,11,2475,B6,LAX,35
-1,4,17,3,16,2475,B6,LAX,35
-3,4,17,3,20,2475,B6,LAX,35
-6,4,18,4,7,2475,B6,LAX,34
95,4,18,4,11,2475,B6,LAX,34
0,4,18,4,16,2475,B6,LAX,34
2,4,18,4,20,2475,B6,LAX,34
-3,4,14,7,7,2475,B6,LAX,38
-5,4,14,7,11,2475,B6,LAX,38
-2,4,14,7,16,2475,B6,LAX,38
5,4,14,7,20,2475,B6,LAX,38
0,4,15,1,7,2475,B6,LAX,37
-7,4,15,1,11,2475,B6,LAX,37
-4,4,15,1,16,2475,B6,LAX,37
0,4,15,1,20,2475,B6,LAX,37
11,4,20,6,11,2475,B6,LAX,32
-1,4,20,6,16,2475,B6,LAX,32
-4,4,20,6,20,2475,B6,LAX,32
-6,4,19,5,7,2475,B6,LAX,33
-2,4,19,5,11,2475,B6,LAX,33
0,4,19,5,16,2475,B6,LAX,33
135,4,19,5,20,2475,B6,LAX,33
-3,4,22,1,7,2475,B6,LAX,30
9,4,22,1,11,2475,B6,LAX,30
7,4,22,1,16,2475,B6,LAX,30
210,4,22,1,20,2475,B6,LAX,30
-7,4,26,5,7,2475,B6,LAX,26
-7,4,26,5,11,2475,B6,LAX,26
32,4,26,5,16,2475,B6,LAX,26
-1,4,26,5,20,2475,B6,LAX,26
-5,4,27,6,11,2475,B6,LAX,25
-5,4,27,6,16,2475,B6,LAX,25
69,4,27,6,20,2475,B6,LAX,25
-3,4,12,5,7,2475,B6,LAX,40
-6,4,12,5,11,2475,B6,LAX,40
0,4,12,5,16,2475,B6,LAX,40
-2,4,12,5,20,2475,B6,LAX,40
-6,4,16,2,7,2475,B6,LAX,36
-2,4,16,2,11,2475,B6,LAX,36
0,4,16,2,16,2475,B6,LAX,36
-1,4,16,2,20,2475,B6,LAX,36
0,4,1,1,17,2475,DL,LAX,42
-3,4,1,1,19,2475,DL,LAX,42
-3,4,1,1,9,2475,DL,LAX,42
-4,4,23,2,7,2475,B6,LAX,29
-6,4,23,2,11,2475,B6,LAX,29
-5,4,23,2,16,2475,B6,LAX,29
-8,4,23,2,20,2475,B6,LAX,29
-8,4,24,3,7,2475,B6,LAX,28
-3,4,24,3,11,2475,B6,LAX,28
-5,4,24,3,16,2475,B6,LAX,28
1,4,24,3,20,2475,B6,LAX,28
-4,4,29,1,7,2475,B6,LAX,23
0,4,29,1,11,2475,B6,LAX,23
-7,4,29,1,16,2475,B6,LAX,23
-4,4,29,1,20,2475,B6,LAX,23
16,4,21,7,7,2475,B6,LAX,31
-7,4,21,7,11,2475,B6,LAX,31
12,4,21,7,16,2475,B6,LAX,31
0,4,21,7,20,2475,B6,LAX,31
-8,4,28,7,7,2475,B6,LAX,24
-12,4,28,7,11,2475,B6,LAX,24
0,4,28,7,16,2475,B6,LAX,24
-4,4,28,7,20,2475,B6,LAX,24
-5,4,2,2,16,2475,DL,LAX,43
-4,4,1,1,7,2475,DL,LAX,42
-9,4,1,1,12,2475,DL,LAX,42
58,4,1,1,14,2475,DL,LAX,42
-6,4,1,1,21,2475,DL,LAX,42
0,4,2,2,17,2475,DL,LAX,43
-7,4,2,2,19,2475,DL,LAX,43
-6,4,2,2,9,2475,DL,LAX,43
-8,4,2,2,7,2475,DL,LAX,43
-4,4,2,2,12,2475,DL,LAX,43
-4,4,2,2,14,2475,DL,LAX,43
0,4,30,2,7,2475,B6,LAX,22
-2,4,30,2,11,2475,B6,LAX,22
-5,4,30,2,16,2475,B6,LAX,22
-9,4,1,1,16,2475,DL,LAX,42
-3,4,3,3,21,2475,DL,LAX,44
-2,4,4,4,17,2475,DL,LAX,45
-5,4,4,4,19,2475,DL,LAX,45
-9,4,4,4,9,2475,DL,LAX,45
-3,4,4,4,7,2475,DL,LAX,45
-3,4,4,4,12,2475,DL,LAX,45
-8,4,4,4,14,2475,DL,LAX,45
-5,4,2,2,21,2475,DL,LAX,43
10,4,3,3,17,2475,DL,LAX,44
-4,4,3,3,19,2475,DL,LAX,44
-10,4,3,3,9,2475,DL,LAX,44
-5,4,3,3,7,2475,DL,LAX,44
-7,4,3,3,12,2475,DL,LAX,44
-6,4,3,3,14,2475,DL,LAX,44
-3,4,4,4,16,2475,DL,LAX,45
-5,4,3,3,16,2475,DL,LAX,44
-2,4,5,5,16,2475,DL,LAX,46
-5,4,5,5,21,2475,DL,LAX,46
69,4,6,6,17,2475,DL,LAX,46
-3,4,6,6,19,2475,DL,LAX,46
-5,4,6,6,9,2475,DL,LAX,46
-4,4,6,6,12,2475,DL,LAX,46
-1,4,6,6,14,2475,DL,LAX,46
1,4,4,4,21,2475,DL,LAX,45
-1,4,5,5,17,2475,DL,LAX,46
1,4,5,5,19,2475,DL,LAX,46
-3,4,5,5,9,2475,DL,LAX,46
-4,4,5,5,7,2475,DL,LAX,46
-5,4,5,5,12,2475,DL,LAX,46
15,4,5,5,14,2475,DL,LAX,46
1,4,7,7,17,2475,DL,LAX,45
-3,4,7,7,19,2475,DL,LAX,45
-5,4,7,7,9,2475,DL,LAX,45
-3,4,6,6,16,2475,DL,LAX,46
-3,4,7,7,21,2475,DL,LAX,45
-2,4,7,7,16,2475,DL,LAX,45
-8,4,8,1,21,2475,DL,LAX,44
2,4,9,2,17,2475,DL,LAX,43
-4,4,9,2,19,2475,DL,LAX,43
-1,4,9,2,9,2475,DL,LAX,43
-2,4,8,1,16,2475,DL,LAX,44
-7,4,10,3,14,2475,DL,LAX,42
3,4,9,2,21,2475,DL,LAX,43
-4,4,10,3,17,2475,DL,LAX,42
22,4,10,3,19,2475,DL,LAX,42
-4,4,10,3,9,2475,DL,LAX,42
-6,4,10,3,7,2475,DL,LAX,42
-5,4,8,1,17,2475,DL,LAX,44
-4,4,8,1,19,2475,DL,LAX,44
-5,4,8,1,9,2475,DL,LAX,44
-4,4,8,1,7,2475,DL,LAX,44
-2,4,8,1,12,2475,DL,LAX,44
-5,4,8,1,14,2475,DL,LAX,44
-2,4,9,2,16,2475,DL,LAX,43
-5,4,10,3,12,2475,DL,LAX,42
-2,4,11,4,7,2475,DL,LAX,41
-2,4,11,4,12,2475,DL,LAX,41
-5,4,11,4,14,2475,DL,LAX,41
-5,4,11,4,16,2475,DL,LAX,41
16,4,10,3,16,2475,DL,LAX,42
-4,4,12,5,7,2475,DL,LAX,40
-6,4,12,5,12,2475,DL,LAX,40
-5,4,12,5,14,2475,DL,LAX,40
-5,4,12,5,16,2475,DL,LAX,40
38,4,11,4,21,2475,DL,LAX,41
-3,4,12,5,17,2475,DL,LAX,40
-3,4,12,5,19,2475,DL,LAX,40
-3,4,12,5,8,2475,DL,LAX,40
0,4,12,5,21,2475,DL,LAX,40
-3,4,13,6,17,2475,DL,LAX,39
-5,4,13,6,19,2475,DL,LAX,39
-5,4,13,6,9,2475,DL,LAX,39
-6,4,13,6,12,2475,DL,LAX,39
89,4,13,6,14,2475,DL,LAX,39
-4,4,14,7,7,2475,DL,LAX,38
-8,4,14,7,12,2475,DL,LAX,38
0,4,14,7,14,2475,DL,LAX,38
-5,4,14,7,16,2475,DL,LAX,38
-4,4,15,1,16,2475,DL,LAX,37
-5,4,14,7,17,2475,DL,LAX,38
-5,4,14,7,19,2475,DL,LAX,38
-8,4,14,7,9,2475,DL,LAX,38
-6,4,15,1,19,2475,DL,LAX,37
-4,4,15,1,9,2475,DL,LAX,37
-4,4,15,1,7,2475,DL,LAX,37
-10,4,15,1,12,2475,DL,LAX,37
19,4,15,1,14,2475,DL,LAX,37
-6,4,9,2,7,2475,DL,LAX,43
-8,4,9,2,12,2475,DL,LAX,43
-8,4,9,2,14,2475,DL,LAX,43
50,4,10,3,21,2475,DL,LAX,42
10,4,11,4,17,2475,DL,LAX,41
-1,4,11,4,19,2475,DL,LAX,41
-1,4,11,4,9,2475,DL,LAX,41
-3,4,15,1,21,2475,DL,LAX,37
-2,4,16,2,17,2475,DL,LAX,36
-5,4,16,2,9,2475,DL,LAX,36
-2,4,16,2,7,2475,DL,LAX,36
-5,4,16,2,21,2475,DL,LAX,36
-4,4,17,3,17,2475,DL,LAX,35
-2,4,17,3,19,2475,DL,LAX,35
-3,4,17,3,9,2475,DL,LAX,35
7,4,17,3,7,2475,DL,LAX,35
-5,4,17,3,12,2475,DL,LAX,35
1,4,17,3,14,2475,DL,LAX,35
-3,4,16,2,16,2475,DL,LAX,36
-5,4,2,2,7,2475,B6,LAX,43
-3,4,2,2,11,2475,B6,LAX,43
-7,4,2,2,16,2475,B6,LAX,43
-1,4,2,2,20,2475,B6,LAX,43
34,4,19,5,16,2475,DL,LAX,33
-3,4,20,6,14,2475,DL,LAX,32
37,4,18,4,21,2475,DL,LAX,34
-5,4,19,5,17,2475,DL,LAX,33
19,4,19,5,19,2475,DL,LAX,33
-6,4,19,5,8,2475,DL,LAX,33
5,4,19,5,7,2475,DL,LAX,33
-5,4,19,5,12,2475,DL,LAX,33
73,4,19,5,14,2475,DL,LAX,33
121,4,19,5,21,2475,DL,LAX,33
-7,4,20,6,17,2475,DL,LAX,32
17,4,20,6,19,2475,DL,LAX,32
-2,4,20,6,9,2475,DL,LAX,32
-5,4,16,2,12,2475,DL,LAX,36
-2,4,16,2,14,2475,DL,LAX,36
1,4,17,3,21,2475,DL,LAX,35
-2,4,18,4,17,2475,DL,LAX,34
0,4,18,4,19,2475,DL,LAX,34
0,4,18,4,9,2475,DL,LAX,34
-5,4,18,4,7,2475,DL,LAX,34
-3,4,18,4,12,2475,DL,LAX,34
-3,4,18,4,14,2475,DL,LAX,34
-3,4,20,6,16,2475,DL,LAX,32
-2,4,21,7,21,2475,DL,LAX,31
11,4,22,1,17,2475,DL,LAX,30
52,4,22,1,19,2475,DL,LAX,30
-6,4,22,1,9,2475,DL,LAX,30
-7,4,20,6,12,2475,DL,LAX,32
9,4,21,7,17,2475,DL,LAX,31
1,4,21,7,19,2475,DL,LAX,31
-7,4,21,7,9,2475,DL,LAX,31
-4,4,21,7,7,2475,DL,LAX,31
-4,4,21,7,12,2475,DL,LAX,31
-1,4,21,7,14,2475,DL,LAX,31
69,4,22,1,14,2475,DL,LAX,30
-1,4,21,7,16,2475,DL,LAX,31
-8,4,23,2,12,2475,DL,LAX,29
-5,4,23,2,14,2475,DL,LAX,29
-2,4,18,4,16,2475,DL,LAX,34
0,4,22,1,7,2475,DL,LAX,30
-1,4,22,1,12,2475,DL,LAX,30
59,4,22,1,21,2475,DL,LAX,30
-5,4,23,2,17,2475,DL,LAX,29
-5,4,23,2,19,2475,DL,LAX,29
-3,4,23,2,9,2475,DL,LAX,29
22,4,23,2,7,2475,DL,LAX,29
-6,4,24,3,7,2475,DL,LAX,28
0,4,24,3,12,2475,DL,LAX,28
0,4,24,3,14,2475,DL,LAX,28
8,4,23,2,16,2475,DL,LAX,29
33,4,24,3,21,2475,DL,LAX,28
-1,4,25,4,17,2475,DL,LAX,27
17,4,25,4,19,2475,DL,LAX,27
-3,4,25,4,9,2475,DL,LAX,27
-5,4,26,5,17,2475,DL,LAX,26
-7,4,26,5,19,2475,DL,LAX,26
-3,4,26,5,8,2475,DL,LAX,26
-7,4,23,2,21,2475,DL,LAX,29
-2,4,24,3,17,2475,DL,LAX,28
-7,4,24,3,19,2475,DL,LAX,28
-7,4,24,3,9,2475,DL,LAX,28
1,4,25,4,7,2475,DL,LAX,27
-3,4,25,4,12,2475,DL,LAX,27
-6,4,25,4,14,2475,DL,LAX,27
-3,4,25,4,16,2475,DL,LAX,27
-5,4,26,5,16,2475,DL,LAX,26
-3,4,24,3,16,2475,DL,LAX,28
-7,4,25,4,21,2475,DL,LAX,27
-1,4,17,3,16,2475,DL,LAX,35
-6,4,26,5,7,2475,DL,LAX,26
7,4,26,5,12,2475,DL,LAX,26
17,4,26,5,14,2475,DL,LAX,26
0,4,27,6,16,2475,DL,LAX,25
-1,4,26,5,21,2475,DL,LAX,26
0,4,27,6,17,2475,DL,LAX,25
-4,4,27,6,19,2475,DL,LAX,25
-1,4,27,6,9,2475,DL,LAX,25
-9,4,27,6,12,2475,DL,LAX,25
-5,4,27,6,14,2475,DL,LAX,25
-2,4,28,7,19,2475,DL,LAX,24
-5,4,28,7,9,2475,DL,LAX,24
8,4,28,7,7,2475,DL,LAX,24
-7,4,28,7,12,2475,DL,LAX,24
-6,4,28,7,14,2475,DL,LAX,24
0,4,28,7,16,2475,DL,LAX,24
24,4,29,1,21,2475,DL,LAX,23
11,4,30,2,17,2475,DL,LAX,22
14,4,30,2,19,2475,DL,LAX,22
-4,4,30,2,9,2475,DL,LAX,22
-7,4,30,2,7,2475,DL,LAX,22
9,4,30,2,12,2475,DL,LAX,22
0,4,28,7,17,2475,DL,LAX,24
18,4,28,7,21,2475,DL,LAX,24
2,4,29,1,17,2475,DL,LAX,23
-6,4,29,1,19,2475,DL,LAX,23
-7,4,29,1,9,2475,DL,LAX,23
-7,4,29,1,7,2475,DL,LAX,23
141,4,29,1,12,2475,DL,LAX,23
-1,4,29,1,14,2475,DL,LAX,23
-5,4,30,2,16,2475,DL,LAX,22
-6,4,29,1,16,2475,DL,LAX,23
14,4,30,2,21,2475,DL,LAX,22
-2,4,25,4,7,2475,B6,LAX,27
4,4,25,4,11,2475,B6,LAX,27
103,4,25,4,16,2475,B6,LAX,27
41,4,25,4,20,2475,B6,LAX,27
