2,12,7,6,9,2475,DL,LAX,10
0,12,7,6,15,2475,DL,LAX,10
1,12,7,6,18,2475,DL,LAX,10
20,12,7,6,20,2475,DL,LAX,10
-1,12,7,6,7,2475,DL,LAX,10
-3,12,6,5,15,2475,DL,LAX,9
-6,12,6,5,9,2475,DL,LAX,9
-7,12,6,5,12,2475,DL,LAX,9
0,12,6,5,18,2475,DL,LAX,9
-6,12,6,5,20,2475,DL,LAX,9
-5,12,6,5,7,2475,DL,LAX,9
-5,12,6,5,16,2475,DL,LAX,9
-1,12,8,7,15,2475,DL,LAX,11
-1,12,8,7,9,2475,DL,LAX,11
-1,12,8,7,12,2475,DL,LAX,11
47,12,8,7,18,2475,DL,LAX,11
48,12,8,7,20,2475,DL,LAX,11
-2,12,8,7,7,2475,DL,LAX,11
12,12,8,7,16,2475,DL,LAX,11
-1,12,9,1,15,2475,DL,LAX,12
-3,12,9,1,9,2475,DL,LAX,12
-2,12,9,1,12,2475,DL,LAX,12
-5,12,9,1,18,2475,DL,LAX,12
-1,12,9,1,20,2475,DL,LAX,12
2,12,9,1,7,2475,DL,LAX,12
24,12,9,1,16,2475,DL,LAX,12
15,12,5,4,15,2475,DL,LAX,8
-5,12,5,4,9,2475,DL,LAX,8
-3,12,5,4,12,2475,DL,LAX,8
-3,12,5,4,18,2475,DL,LAX,8
-2,12,5,4,20,2475,DL,LAX,8
-3,12,5,4,7,2475,DL,LAX,8
-3,12,5,4,16,2475,DL,LAX,8
-4,12,11,3,15,2475,DL,LAX,14
35,12,11,3,9,2475,DL,LAX,14
1,12,11,3,12,2475,DL,LAX,14
-5,12,11,3,18,2475,DL,LAX,14
0,12,11,3,20,2475,DL,LAX,14
-1,12,11,3,7,2475,DL,LAX,14
-5,12,11,3,16,2475,DL,LAX,14
22,12,10,2,15,2475,DL,LAX,13
3,12,10,2,9,2475,DL,LAX,13
-4,12,10,2,12,2475,DL,LAX,13
-3,12,10,2,18,2475,DL,LAX,13
-2,12,10,2,20,2475,DL,LAX,13
3,12,10,2,7,2475,DL,LAX,13
-5,12,10,2,16,2475,DL,LAX,13
-3,12,13,5,15,2475,DL,LAX,12
-3,12,13,5,9,2475,DL,LAX,12
-2,12,13,5,12,2475,DL,LAX,12
-1,12,13,5,18,2475,DL,LAX,12
0,12,13,5,20,2475,DL,LAX,12
2,12,13,5,7,2475,DL,LAX,12
0,12,13,5,16,2475,DL,LAX,12
6,12,12,4,15,2475,DL,LAX,13
-2,12,12,4,9,2475,DL,LAX,13
-4,12,12,4,12,2475,DL,LAX,13
0,12,12,4,18,2475,DL,LAX,13
21,12,12,4,20,2475,DL,LAX,13
-5,12,12,4,7,2475,DL,LAX,13
-3,12,12,4,16,2475,DL,LAX,13
5,12,14,6,9,2475,DL,LAX,11
137,12,14,6,15,2475,DL,LAX,11
38,12,14,6,18,2475,DL,LAX,11
87,12,14,6,20,2475,DL,LAX,11
0,12,14,6,7,2475,DL,LAX,11
-1,12,15,7,15,2475,DL,LAX,10
-1,12,15,7,9,2475,DL,LAX,10
2,12,15,7,12,2475,DL,LAX,10
4,12,15,7,18,2475,DL,LAX,10
14,12,15,7,20,2475,DL,LAX,10
-3,12,15,7,7,2475,DL,LAX,10
18,12,15,7,16,2475,DL,LAX,10
-1,12,16,1,15,2475,DL,LAX,9
-1,12,16,1,9,2475,DL,LAX,9
-4,12,16,1,12,2475,DL,LAX,9
-1,12,16,1,18,2475,DL,LAX,9
20,12,16,1,20,2475,DL,LAX,9
1,12,16,1,7,2475,DL,LAX,9
-5,12,16,1,16,2475,DL,LAX,9
37,12,17,2,15,2475,DL,LAX,8
-2,12,17,2,9,2475,DL,LAX,8
0,12,17,2,12,2475,DL,LAX,8
0,12,17,2,18,2475,DL,LAX,8
180,12,17,2,20,2475,DL,LAX,8
30,12,17,2,7,2475,DL,LAX,8
-5,12,17,2,16,2475,DL,LAX,8
0,12,18,3,15,2475,DL,LAX,7
1,12,18,3,9,2475,DL,LAX,7
-4,12,18,3,12,2475,DL,LAX,7
2,12,18,3,18,2475,DL,LAX,7
47,12,18,3,20,2475,DL,LAX,7
3,12,18,3,7,2475,DL,LAX,7
13,12,18,3,16,2475,DL,LAX,7
0,12,16,1,7,2475,B6,LAX,9
20,12,16,1,9,2475,B6,LAX,9
-6,12,16,1,11,2475,B6,LAX,9
2,12,16,1,16,2475,B6,LAX,9
5,12,16,1,20,2475,B6,LAX,9
2,12,21,6,15,2475,DL,LAX,4
8,12,21,6,9,2475,DL,LAX,4
-2,12,21,6,12,2475,DL,LAX,4
6,12,21,6,18,2475,DL,LAX,4
115,12,21,6,20,2475,DL,LAX,4
8,12,21,6,7,2475,DL,LAX,4
33,12,23,1,15,2475,DL,LAX,2
1,12,23,1,9,2475,DL,LAX,2
-2,12,23,1,12,2475,DL,LAX,2
-1,12,23,1,18,2475,DL,LAX,2
46,12,23,1,20,2475,DL,LAX,2
-4,12,23,1,17,2475,DL,LAX,2
29,12,22,7,15,2475,DL,LAX,3
-2,12,22,7,9,2475,DL,LAX,3
-5,12,22,7,12,2475,DL,LAX,3
2,12,22,7,18,2475,DL,LAX,3
-1,12,22,7,20,2475,DL,LAX,3
-2,12,22,7,7,2475,DL,LAX,3
0,12,22,7,17,2475,DL,LAX,3
29,12,24,2,15,2475,DL,LAX,1
-1,12,24,2,9,2475,DL,LAX,1
-4,12,24,2,12,2475,DL,LAX,1
3,12,24,2,18,2475,DL,LAX,1
-2,12,24,2,20,2475,DL,LAX,1
-1,12,24,2,17,2475,DL,LAX,1
2,12,25,3,15,2475,DL,LAX,0
3,12,25,3,9,2475,DL,LAX,0
7,12,25,3,18,2475,DL,LAX,0
1,12,25,3,20,2475,DL,LAX,0
8,12,25,3,7,2475,DL,LAX,0
123,12,25,3,17,2475,DL,LAX,0
2,12,26,4,15,2475,DL,LAX,1
-4,12,26,4,9,2475,DL,LAX,1
-3,12,26,4,12,2475,DL,LAX,1
7,12,26,4,18,2475,DL,LAX,1
-3,12,26,4,20,2475,DL,LAX,1
-2,12,26,4,7,2475,DL,LAX,1
5,12,26,4,17,2475,DL,LAX,1
-5,12,27,5,15,2475,DL,LAX,2
8,12,27,5,9,2475,DL,LAX,2
-1,12,27,5,12,2475,DL,LAX,2
-5,12,27,5,18,2475,DL,LAX,2
0,12,27,5,20,2475,DL,LAX,2
1,12,27,5,17,2475,DL,LAX,2
-6,12,28,6,15,2475,DL,LAX,3
13,12,28,6,9,2475,DL,LAX,3
-3,12,28,6,12,2475,DL,LAX,3
-2,12,28,6,18,2475,DL,LAX,3
-1,12,28,6,20,2475,DL,LAX,3
-1,12,28,6,7,2475,DL,LAX,3
34,12,29,7,15,2475,DL,LAX,3
-1,12,29,7,9,2475,DL,LAX,3
-2,12,29,7,18,2475,DL,LAX,3
0,12,29,7,20,2475,DL,LAX,3
-2,12,29,7,7,2475,DL,LAX,3
-2,12,29,7,17,2475,DL,LAX,3
45,12,3,2,15,2475,DL,LAX,6
-2,12,3,2,9,2475,DL,LAX,6
5,12,3,2,12,2475,DL,LAX,6
0,12,3,2,18,2475,DL,LAX,6
0,12,3,2,20,2475,DL,LAX,6
-1,12,3,2,7,2475,DL,LAX,6
0,12,3,2,16,2475,DL,LAX,6
-1,12,30,1,15,2475,DL,LAX,2
16,12,30,1,9,2475,DL,LAX,2
-1,12,30,1,12,2475,DL,LAX,2
-3,12,30,1,18,2475,DL,LAX,2
0,12,30,1,20,2475,DL,LAX,2
0,12,30,1,17,2475,DL,LAX,2
1,12,31,2,15,2475,DL,LAX,1
-3,12,31,2,9,2475,DL,LAX,1
5,12,31,2,12,2475,DL,LAX,1
6,12,31,2,18,2475,DL,LAX,1
-1,12,31,2,20,2475,DL,LAX,1
3,12,31,2,17,2475,DL,LAX,1
0,12,20,5,15,2475,DL,LAX,5
-1,12,20,5,9,2475,DL,LAX,5
0,12,20,5,12,2475,DL,LAX,5
11,12,20,5,18,2475,DL,LAX,5
15,12,20,5,20,2475,DL,LAX,5
0,12,20,5,17,2475,DL,LAX,5
10,12,15,7,20,2475,UA,LAX,10
7,12,15,7,8,2475,UA,LAX,10
-1,12,15,7,17,2475,UA,LAX,10
0,12,15,7,11,2475,UA,LAX,10
0,12,15,7,14,2475,UA,LAX,10
82,12,13,5,20,2475,UA,LAX,12
-5,12,13,5,6,2475,UA,LAX,12
-4,12,13,5,8,2475,UA,LAX,12
-3,12,13,5,11,2475,UA,LAX,12
1,12,13,5,14,2475,UA,LAX,12
-4,12,13,5,17,2475,UA,LAX,12
2,12,12,4,11,2475,UA,LAX,13
7,12,12,4,14,2475,UA,LAX,13
35,12,12,4,17,2475,UA,LAX,13
-4,12,16,1,6,2475,UA,LAX,9
-1,12,16,1,8,2475,UA,LAX,9
-3,12,16,1,11,2475,UA,LAX,9
-1,12,16,1,14,2475,UA,LAX,9
1,12,14,6,6,2475,UA,LAX,11
-4,12,14,6,8,2475,UA,LAX,11
-2,12,14,6,11,2475,UA,LAX,11
-5,12,14,6,14,2475,UA,LAX,11
22,12,11,3,20,2475,UA,LAX,14
13,12,11,3,6,2475,UA,LAX,14
-1,12,11,3,8,2475,UA,LAX,14
-2,12,11,3,11,2475,UA,LAX,14
-1,12,11,3,14,2475,UA,LAX,14
-4,12,11,3,17,2475,UA,LAX,14
65,12,9,1,11,2475,UA,LAX,12
-6,12,9,1,14,2475,UA,LAX,12
-5,12,9,1,17,2475,UA,LAX,12
45,12,8,7,20,2475,UA,LAX,11
-9,12,8,7,8,2475,UA,LAX,11
-7,12,8,7,17,2475,UA,LAX,11
-4,12,8,7,11,2475,UA,LAX,11
-3,12,8,7,14,2475,UA,LAX,11
21,12,9,1,20,2475,UA,LAX,12
-9,12,9,1,6,2475,UA,LAX,12
-5,12,9,1,8,2475,UA,LAX,12
6,12,12,4,20,2475,UA,LAX,13
1,12,12,4,6,2475,UA,LAX,13
-1,12,12,4,8,2475,UA,LAX,13
44,12,10,2,20,2475,UA,LAX,13
-2,12,10,2,6,2475,UA,LAX,13
7,12,10,2,8,2475,UA,LAX,13
69,12,10,2,17,2475,UA,LAX,13
-2,12,10,2,11,2475,UA,LAX,13
7,12,10,2,14,2475,UA,LAX,13
-4,12,7,6,6,2475,UA,LAX,10
-11,12,7,6,8,2475,UA,LAX,10
-12,12,7,6,17,2475,UA,LAX,10
-1,12,7,6,11,2475,UA,LAX,10
-2,12,7,6,14,2475,UA,LAX,10
3,12,4,3,20,2475,UA,LAX,7
-8,12,4,3,6,2475,UA,LAX,7
-5,12,4,3,8,2475,UA,LAX,7
15,12,4,3,11,2475,UA,LAX,7
13,12,4,3,14,2475,UA,LAX,7
-7,12,4,3,17,2475,UA,LAX,7
-1,12,5,4,11,2475,UA,LAX,8
-1,12,5,4,14,2475,UA,LAX,8
8,12,5,4,17,2475,UA,LAX,8
-3,12,2,1,6,2475,UA,LAX,5
-7,12,2,1,8,2475,UA,LAX,5
-2,12,2,1,17,2475,UA,LAX,5
-7,12,2,1,11,2475,UA,LAX,5
-6,12,2,1,14,2475,UA,LAX,5
26,12,3,2,20,2475,UA,LAX,6
-3,12,3,2,6,2475,UA,LAX,6
9,12,3,2,8,2475,UA,LAX,6
14,12,3,2,14,2475,UA,LAX,6
-3,12,3,2,11,2475,UA,LAX,6
15,12,1,7,20,2475,UA,LAX,4
6,12,3,2,17,2475,UA,LAX,6
5,12,2,1,20,2475,UA,LAX,5
-9,12,1,7,6,2475,UA,LAX,4
31,12,5,4,20,2475,UA,LAX,8
-7,12,5,4,6,2475,UA,LAX,8
-4,12,5,4,8,2475,UA,LAX,8
-9,12,1,7,8,2475,UA,LAX,4
-4,12,1,7,17,2475,UA,LAX,4
115,12,1,7,11,2475,UA,LAX,4
3,12,1,7,14,2475,UA,LAX,4
52,12,30,1,20,2475,UA,LAX,2
0,12,30,1,6,2475,UA,LAX,2
-7,12,30,1,8,2475,UA,LAX,2
37,12,30,1,17,2475,UA,LAX,2
20,12,16,1,7,2475,VX,LAX,9
0,12,16,1,9,2475,VX,LAX,9
-2,12,16,1,13,2475,VX,LAX,9
22,12,16,1,16,2475,VX,LAX,9
40,12,16,1,20,2475,VX,LAX,9
18,12,1,7,16,2475,VX,LAX,4
17,12,1,7,20,2475,VX,LAX,4
-9,12,10,2,7,2475,VX,LAX,13
-2,12,10,2,9,2475,VX,LAX,13
-5,12,10,2,13,2475,VX,LAX,13
22,12,10,2,16,2475,VX,LAX,13
84,12,10,2,20,2475,VX,LAX,13
45,12,11,3,7,2475,VX,LAX,14
-1,12,11,3,9,2475,VX,LAX,14
-1,12,11,3,13,2475,VX,LAX,14
-2,12,11,3,16,2475,VX,LAX,14
13,12,11,3,20,2475,VX,LAX,14
-7,12,12,4,7,2475,VX,LAX,13
-7,12,12,4,9,2475,VX,LAX,13
-2,12,12,4,13,2475,VX,LAX,13
2,12,12,4,16,2475,VX,LAX,13
18,12,12,4,20,2475,VX,LAX,13
-5,12,13,5,7,2475,VX,LAX,12
-3,12,13,5,9,2475,VX,LAX,12
0,12,13,5,13,2475,VX,LAX,12
0,12,13,5,16,2475,VX,LAX,12
-6,12,13,5,20,2475,VX,LAX,12
3,12,14,6,7,2475,VX,LAX,11
9,12,14,6,9,2475,VX,LAX,11
11,12,14,6,13,2475,VX,LAX,11
0,12,21,6,7,2475,VX,LAX,4
11,12,21,6,9,2475,VX,LAX,4
2,12,21,6,13,2475,VX,LAX,4
15,12,21,6,16,2475,VX,LAX,4
5,12,21,6,20,2475,VX,LAX,4
-3,12,22,7,7,2475,VX,LAX,3
-2,12,22,7,9,2475,VX,LAX,3
-1,12,22,7,13,2475,VX,LAX,3
45,12,22,7,16,2475,VX,LAX,3
0,12,22,7,20,2475,VX,LAX,3
-3,12,23,1,7,2475,VX,LAX,2
-4,12,23,1,9,2475,VX,LAX,2
-1,12,23,1,13,2475,VX,LAX,2
36,12,23,1,16,2475,VX,LAX,2
11,12,23,1,20,2475,VX,LAX,2
-1,12,24,2,7,2475,VX,LAX,1
-3,12,24,2,9,2475,VX,LAX,1
0,12,24,2,13,2475,VX,LAX,1
8,12,24,2,16,2475,VX,LAX,1
-2,12,25,3,9,2475,VX,LAX,0
2,12,25,3,13,2475,VX,LAX,0
6,12,25,3,16,2475,VX,LAX,0
7,12,25,3,20,2475,VX,LAX,0
0,12,26,4,7,2475,VX,LAX,1
-4,12,26,4,9,2475,VX,LAX,1
-5,12,26,4,13,2475,VX,LAX,1
2,12,26,4,16,2475,VX,LAX,1
0,12,26,4,20,2475,VX,LAX,1
16,12,17,2,7,2475,VX,LAX,8
3,12,17,2,9,2475,VX,LAX,8
-1,12,17,2,13,2475,VX,LAX,8
35,12,17,2,16,2475,VX,LAX,8
67,12,17,2,20,2475,VX,LAX,8
6,12,18,3,7,2475,VX,LAX,7
36,12,18,3,9,2475,VX,LAX,7
5,12,18,3,13,2475,VX,LAX,7
57,12,18,3,16,2475,VX,LAX,7
26,12,18,3,20,2475,VX,LAX,7
10,12,19,4,7,2475,VX,LAX,6
1,12,19,4,9,2475,VX,LAX,6
14,12,19,4,13,2475,VX,LAX,6
18,12,19,4,16,2475,VX,LAX,6
7,12,19,4,20,2475,VX,LAX,6
0,12,2,1,7,2475,VX,LAX,5
6,12,2,1,9,2475,VX,LAX,5
-4,12,2,1,13,2475,VX,LAX,5
22,12,2,1,16,2475,VX,LAX,5
0,12,2,1,20,2475,VX,LAX,5
3,12,20,5,7,2475,VX,LAX,5
1,12,20,5,9,2475,VX,LAX,5
4,12,20,5,13,2475,VX,LAX,5
39,12,20,5,16,2475,VX,LAX,5
27,12,20,5,20,2475,VX,LAX,5
14,12,15,7,7,2475,VX,LAX,10
4,12,15,7,9,2475,VX,LAX,10
5,12,15,7,16,2475,VX,LAX,10
23,12,15,7,20,2475,VX,LAX,10
-4,12,27,5,7,2475,VX,LAX,2
5,12,27,5,9,2475,VX,LAX,2
-5,12,27,5,13,2475,VX,LAX,2
8,12,27,5,16,2475,VX,LAX,2
8,12,27,5,20,2475,VX,LAX,2
3,12,28,6,7,2475,VX,LAX,3
0,12,28,6,9,2475,VX,LAX,3
-2,12,28,6,13,2475,VX,LAX,3
4,12,28,6,16,2475,VX,LAX,3
-1,12,28,6,20,2475,VX,LAX,3
8,12,29,7,7,2475,VX,LAX,3
1,12,29,7,9,2475,VX,LAX,3
0,12,29,7,13,2475,VX,LAX,3
28,12,29,7,16,2475,VX,LAX,3
10,12,29,7,20,2475,VX,LAX,3
0,12,3,2,7,2475,VX,LAX,6
8,12,3,2,9,2475,VX,LAX,6
8,12,3,2,13,2475,VX,LAX,6
5,12,3,2,16,2475,VX,LAX,6
-3,12,3,2,20,2475,VX,LAX,6
3,12,30,1,7,2475,VX,LAX,2
0,12,30,1,9,2475,VX,LAX,2
0,12,30,1,13,2475,VX,LAX,2
2,12,30,1,16,2475,VX,LAX,2
0,12,30,1,20,2475,VX,LAX,2
24,12,31,2,7,2475,VX,LAX,1
-2,12,31,2,9,2475,VX,LAX,1
82,12,31,2,13,2475,VX,LAX,1
-4,12,31,2,16,2475,VX,LAX,1
0,12,20,5,20,2475,UA,LAX,5
17,12,18,3,20,2475,UA,LAX,7
-1,12,18,3,6,2475,UA,LAX,7
-8,12,18,3,8,2475,UA,LAX,7
-4,12,1,7,7,2475,VX,LAX,4
-1,12,1,7,9,2475,VX,LAX,4
-8,12,1,7,13,2475,VX,LAX,4
0,12,4,3,7,2475,VX,LAX,7
-7,12,4,3,9,2475,VX,LAX,7
0,12,4,3,13,2475,VX,LAX,7
-6,12,4,3,16,2475,VX,LAX,7
-5,12,4,3,20,2475,VX,LAX,7
-6,12,5,4,7,2475,VX,LAX,8
0,12,5,4,9,2475,VX,LAX,8
-5,12,5,4,13,2475,VX,LAX,8
2,12,5,4,16,2475,VX,LAX,8
52,12,5,4,20,2475,VX,LAX,8
-11,12,6,5,7,2475,VX,LAX,9
-5,12,6,5,9,2475,VX,LAX,9
-11,12,6,5,13,2475,VX,LAX,9
-4,12,6,5,16,2475,VX,LAX,9
0,12,6,5,20,2475,VX,LAX,9
-4,12,7,6,7,2475,VX,LAX,10
-1,12,7,6,9,2475,VX,LAX,10
2,12,7,6,13,2475,VX,LAX,10
0,12,7,6,16,2475,VX,LAX,10
1,12,8,7,7,2475,VX,LAX,11
4,12,8,7,9,2475,VX,LAX,11
7,12,8,7,13,2475,VX,LAX,11
19,12,8,7,16,2475,VX,LAX,11
96,12,8,7,20,2475,VX,LAX,11
5,12,9,1,7,2475,VX,LAX,12
6,12,9,1,9,2475,VX,LAX,12
-6,12,9,1,13,2475,VX,LAX,12
-1,12,9,1,16,2475,VX,LAX,12
-3,12,9,1,20,2475,VX,LAX,12
-8,12,6,5,11,2475,UA,LAX,9
22,12,6,5,20,2475,UA,LAX,9
-3,12,6,5,6,2475,UA,LAX,9
-3,12,6,5,8,2475,UA,LAX,9
-2,12,6,5,14,2475,UA,LAX,9
-6,12,6,5,17,2475,UA,LAX,9
