-3,3,5,6,15,2475,B6,LAX,14
-8,3,5,6,18,2475,B6,LAX,14
-3,3,6,7,7,2475,B6,LAX,15
-7,3,6,7,15,2475,B6,LAX,15
66,3,6,7,18,2475,B6,LAX,15
2,3,7,1,7,2475,B6,LAX,16
12,3,7,1,15,2475,B6,LAX,16
-3,3,7,1,18,2475,B6,LAX,16
5,3,8,2,7,2475,B6,LAX,17
-5,3,8,2,15,2475,B6,LAX,17
-1,3,8,2,18,2475,B6,LAX,17
12,3,9,3,7,2475,B6,LAX,18
9,3,9,3,15,2475,B6,LAX,18
-1,3,9,3,18,2475,B6,LAX,18
-6,3,10,4,7,2475,B6,LAX,19
-1,3,10,4,15,2475,B6,LAX,19
0,3,10,4,18,2475,B6,LAX,19
-5,3,11,5,7,2475,B6,LAX,20
-4,3,11,5,15,2475,B6,LAX,20
-2,3,11,5,18,2475,B6,LAX,20
1,3,12,6,15,2475,B6,LAX,21
0,3,12,6,18,2475,B6,LAX,21
-6,3,13,7,7,2475,B6,LAX,22
33,3,13,7,15,2475,B6,LAX,22
3,3,13,7,18,2475,B6,LAX,22
1,3,14,1,7,2475,B6,LAX,23
-2,3,14,1,15,2475,B6,LAX,23
-4,3,14,1,18,2475,B6,LAX,23
-5,3,15,2,7,2475,B6,LAX,24
0,3,15,2,15,2475,B6,LAX,24
-7,3,15,2,18,2475,B6,LAX,24
-3,3,16,3,7,2475,B6,LAX,25
-6,3,16,3,15,2475,B6,LAX,25
-1,3,16,3,18,2475,B6,LAX,25
-2,3,17,4,7,2475,B6,LAX,26
-3,3,17,4,15,2475,B6,LAX,26
-5,3,17,4,18,2475,B6,LAX,26
5,3,18,5,7,2475,B6,LAX,27
-1,3,18,5,15,2475,B6,LAX,27
-6,3,18,5,18,2475,B6,LAX,27
5,3,19,6,15,2475,B6,LAX,28
-5,3,19,6,18,2475,B6,LAX,28
-6,3,20,7,7,2475,B6,LAX,29
55,3,20,7,15,2475,B6,LAX,29
0,3,20,7,18,2475,B6,LAX,29
-6,3,21,1,7,2475,B6,LAX,30
-2,3,21,1,15,2475,B6,LAX,30
211,3,21,1,18,2475,B6,LAX,30
17,3,22,2,7,2475,B6,LAX,31
43,3,22,2,15,2475,B6,LAX,31
4,3,22,2,18,2475,B6,LAX,31
14,3,23,3,7,2475,B6,LAX,32
-2,3,23,3,15,2475,B6,LAX,32
169,3,23,3,18,2475,B6,LAX,32
-3,3,24,4,7,2475,B6,LAX,33
-1,3,24,4,15,2475,B6,LAX,33
166,3,24,4,18,2475,B6,LAX,33
-4,3,25,5,7,2475,B6,LAX,34
-5,3,25,5,15,2475,B6,LAX,34
-7,3,25,5,18,2475,B6,LAX,34
0,3,26,6,15,2475,B6,LAX,35
-6,3,26,6,18,2475,B6,LAX,35
-6,3,27,7,7,2475,B6,LAX,36
2,3,27,7,15,2475,B6,LAX,36
-3,3,27,7,18,2475,B6,LAX,36
-5,3,28,1,7,2475,B6,LAX,37
46,3,28,1,15,2475,B6,LAX,37
-1,3,28,1,18,2475,B6,LAX,37
-5,3,29,2,7,2475,B6,LAX,38
-1,3,29,2,15,2475,B6,LAX,38
13,3,29,2,18,2475,B6,LAX,38
-5,3,30,3,7,2475,B6,LAX,39
-7,3,30,3,15,2475,B6,LAX,39
-4,3,30,3,18,2475,B6,LAX,39
-7,3,31,4,7,2475,B6,LAX,40
-2,3,31,4,15,2475,B6,LAX,40
-3,3,31,4,18,2475,B6,LAX,40
-5,3,1,2,15,2475,DL,LAX,10
-4,3,1,2,17,2475,DL,LAX,10
-5,3,1,2,21,2475,DL,LAX,10
-5,3,1,2,19,2475,DL,LAX,10
-4,3,1,2,7,2475,DL,LAX,10
-5,3,1,2,9,2475,DL,LAX,10
-4,3,1,2,12,2475,DL,LAX,10
5,3,2,3,15,2475,DL,LAX,11
0,3,2,3,17,2475,DL,LAX,11
-8,3,2,3,21,2475,DL,LAX,11
64,3,2,3,19,2475,DL,LAX,11
6,3,2,3,7,2475,DL,LAX,11
-5,3,2,3,9,2475,DL,LAX,11
-6,3,2,3,12,2475,DL,LAX,11
4,3,3,4,15,2475,DL,LAX,12
1,3,3,4,17,2475,DL,LAX,12
17,3,3,4,21,2475,DL,LAX,12
-6,3,3,4,19,2475,DL,LAX,12
12,3,3,4,7,2475,DL,LAX,12
-1,3,3,4,9,2475,DL,LAX,12
0,3,3,4,12,2475,DL,LAX,12
-7,3,4,5,15,2475,DL,LAX,13
-4,3,4,5,17,2475,DL,LAX,13
-2,3,4,5,21,2475,DL,LAX,13
-5,3,4,5,19,2475,DL,LAX,13
-1,3,4,5,7,2475,DL,LAX,13
-7,3,4,5,9,2475,DL,LAX,13
-9,3,4,5,12,2475,DL,LAX,13
-2,3,5,6,15,2475,DL,LAX,14
0,3,5,6,17,2475,DL,LAX,14
-2,3,5,6,21,2475,DL,LAX,14
0,3,5,6,19,2475,DL,LAX,14
4,3,5,6,9,2475,DL,LAX,14
-4,3,5,6,12,2475,DL,LAX,14
-6,3,6,7,15,2475,DL,LAX,15
-3,3,6,7,17,2475,DL,LAX,15
23,3,6,7,21,2475,DL,LAX,15
1,3,6,7,19,2475,DL,LAX,15
-2,3,6,7,9,2475,DL,LAX,15
-5,3,6,7,12,2475,DL,LAX,15
-2,3,7,1,15,2475,DL,LAX,16
-6,3,7,1,21,2475,DL,LAX,16
-5,3,7,1,19,2475,DL,LAX,16
0,3,7,1,17,2475,DL,LAX,16
-5,3,7,1,7,2475,DL,LAX,16
-5,3,7,1,9,2475,DL,LAX,16
0,3,7,1,12,2475,DL,LAX,16
-4,3,8,2,15,2475,DL,LAX,17
-2,3,8,2,17,2475,DL,LAX,17
-4,3,8,2,21,2475,DL,LAX,17
-6,3,8,2,19,2475,DL,LAX,17
-2,3,8,2,7,2475,DL,LAX,17
-4,3,8,2,9,2475,DL,LAX,17
103,3,8,2,12,2475,DL,LAX,17
-10,3,9,3,15,2475,DL,LAX,18
0,3,9,3,17,2475,DL,LAX,18
-3,3,9,3,21,2475,DL,LAX,18
-5,3,9,3,19,2475,DL,LAX,18
-5,3,9,3,7,2475,DL,LAX,18
19,3,9,3,9,2475,DL,LAX,18
-3,3,9,3,12,2475,DL,LAX,18
-3,3,10,4,15,2475,DL,LAX,19
-5,3,10,4,17,2475,DL,LAX,19
0,3,10,4,21,2475,DL,LAX,19
35,3,10,4,19,2475,DL,LAX,19
-2,3,10,4,7,2475,DL,LAX,19
-6,3,10,4,9,2475,DL,LAX,19
-3,3,10,4,12,2475,DL,LAX,19
-4,3,11,5,15,2475,DL,LAX,20
-4,3,11,5,17,2475,DL,LAX,20
68,3,11,5,21,2475,DL,LAX,20
0,3,11,5,19,2475,DL,LAX,20
1,3,11,5,7,2475,DL,LAX,20
-4,3,11,5,9,2475,DL,LAX,20
-2,3,11,5,12,2475,DL,LAX,20
-5,3,12,6,15,2475,DL,LAX,21
-5,3,12,6,17,2475,DL,LAX,21
-4,3,12,6,21,2475,DL,LAX,21
-3,3,12,6,19,2475,DL,LAX,21
-1,3,12,6,9,2475,DL,LAX,21
-2,3,12,6,12,2475,DL,LAX,21
16,3,13,7,21,2475,DL,LAX,22
2,3,13,7,19,2475,DL,LAX,22
-1,3,13,7,15,2475,DL,LAX,22
47,3,13,7,17,2475,DL,LAX,22
-7,3,13,7,9,2475,DL,LAX,22
-7,3,13,7,12,2475,DL,LAX,22
-3,3,14,1,15,2475,DL,LAX,23
-3,3,14,1,21,2475,DL,LAX,23
-4,3,14,1,19,2475,DL,LAX,23
-5,3,14,1,17,2475,DL,LAX,23
17,3,14,1,7,2475,DL,LAX,23
-6,3,14,1,9,2475,DL,LAX,23
-6,3,14,1,12,2475,DL,LAX,23
1,3,15,2,15,2475,DL,LAX,24
0,3,15,2,21,2475,DL,LAX,24
-3,3,15,2,19,2475,DL,LAX,24
-5,3,15,2,7,2475,DL,LAX,24
-4,3,15,2,17,2475,DL,LAX,24
-5,3,15,2,9,2475,DL,LAX,24
-4,3,15,2,12,2475,DL,LAX,24
-3,3,16,3,15,2475,DL,LAX,25
-4,3,16,3,21,2475,DL,LAX,25
0,3,16,3,19,2475,DL,LAX,25
-1,3,16,3,7,2475,DL,LAX,25
-4,3,16,3,17,2475,DL,LAX,25
-2,3,16,3,9,2475,DL,LAX,25
-5,3,16,3,12,2475,DL,LAX,25
-3,3,17,4,15,2475,DL,LAX,26
-4,3,17,4,21,2475,DL,LAX,26
-5,3,17,4,19,2475,DL,LAX,26
-5,3,17,4,7,2475,DL,LAX,26
-4,3,17,4,17,2475,DL,LAX,26
-3,3,17,4,9,2475,DL,LAX,26
-4,3,17,4,12,2475,DL,LAX,26
2,3,18,5,15,2475,DL,LAX,27
-4,3,18,5,21,2475,DL,LAX,27
-1,3,18,5,19,2475,DL,LAX,27
-2,3,18,5,7,2475,DL,LAX,27
2,3,18,5,17,2475,DL,LAX,27
0,3,18,5,9,2475,DL,LAX,27
-6,3,18,5,12,2475,DL,LAX,27
28,3,19,6,15,2475,DL,LAX,28
-5,3,19,6,21,2475,DL,LAX,28
-6,3,19,6,19,2475,DL,LAX,28
-2,3,19,6,17,2475,DL,LAX,28
-4,3,19,6,9,2475,DL,LAX,28
-1,3,19,6,12,2475,DL,LAX,28
-4,3,20,7,15,2475,DL,LAX,29
17,3,20,7,21,2475,DL,LAX,29
-4,3,20,7,19,2475,DL,LAX,29
-5,3,20,7,17,2475,DL,LAX,29
-4,3,20,7,9,2475,DL,LAX,29
-5,3,20,7,12,2475,DL,LAX,29
4,3,21,1,15,2475,DL,LAX,30
-5,3,21,1,21,2475,DL,LAX,30
3,3,21,1,19,2475,DL,LAX,30
-5,3,21,1,17,2475,DL,LAX,30
-3,3,21,1,7,2475,DL,LAX,30
-2,3,21,1,9,2475,DL,LAX,30
-4,3,21,1,12,2475,DL,LAX,30
4,3,22,2,15,2475,DL,LAX,31
-3,3,22,2,21,2475,DL,LAX,31
-2,3,22,2,19,2475,DL,LAX,31
-2,3,22,2,7,2475,DL,LAX,31
-6,3,22,2,17,2475,DL,LAX,31
-7,3,22,2,9,2475,DL,LAX,31
-7,3,22,2,12,2475,DL,LAX,31
-5,3,23,3,15,2475,DL,LAX,32
74,3,23,3,21,2475,DL,LAX,32
11,3,23,3,19,2475,DL,LAX,32
-2,3,23,3,7,2475,DL,LAX,32
-5,3,23,3,17,2475,DL,LAX,32
-5,3,23,3,9,2475,DL,LAX,32
-2,3,23,3,12,2475,DL,LAX,32
15,3,24,4,15,2475,DL,LAX,33
-4,3,24,4,21,2475,DL,LAX,33
-5,3,24,4,19,2475,DL,LAX,33
-5,3,24,4,7,2475,DL,LAX,33
-1,3,24,4,17,2475,DL,LAX,33
-5,3,24,4,9,2475,DL,LAX,33
53,3,24,4,12,2475,DL,LAX,33
-5,3,25,5,15,2475,DL,LAX,34
-5,3,25,5,21,2475,DL,LAX,34
-4,3,25,5,19,2475,DL,LAX,34
-5,3,25,5,7,2475,DL,LAX,34
-3,3,25,5,17,2475,DL,LAX,34
-6,3,25,5,9,2475,DL,LAX,34
-1,3,25,5,12,2475,DL,LAX,34
-4,3,26,6,15,2475,DL,LAX,35
13,3,26,6,21,2475,DL,LAX,35
-4,3,26,6,19,2475,DL,LAX,35
-3,3,26,6,17,2475,DL,LAX,35
-5,3,26,6,9,2475,DL,LAX,35
-4,3,26,6,12,2475,DL,LAX,35
2,3,27,7,15,2475,DL,LAX,36
-4,3,27,7,21,2475,DL,LAX,36
-1,3,27,7,19,2475,DL,LAX,36
-1,3,27,7,17,2475,DL,LAX,36
-5,3,27,7,9,2475,DL,LAX,36
-2,3,27,7,12,2475,DL,LAX,36
-3,3,28,1,15,2475,DL,LAX,37
-4,3,28,1,21,2475,DL,LAX,37
24,3,28,1,19,2475,DL,LAX,37
-2,3,28,1,17,2475,DL,LAX,37
-5,3,28,1,7,2475,DL,LAX,37
-1,3,28,1,9,2475,DL,LAX,37
-2,3,28,1,12,2475,DL,LAX,37
-5,3,29,2,15,2475,DL,LAX,38
-4,3,29,2,21,2475,DL,LAX,38
-4,3,29,2,19,2475,DL,LAX,38
-6,3,29,2,7,2475,DL,LAX,38
7,3,29,2,17,2475,DL,LAX,38
-7,3,29,2,9,2475,DL,LAX,38
-5,3,29,2,12,2475,DL,LAX,38
5,3,30,3,15,2475,DL,LAX,39
-1,3,30,3,21,2475,DL,LAX,39
-1,3,30,3,19,2475,DL,LAX,39
-5,3,30,3,7,2475,DL,LAX,39
-4,3,30,3,17,2475,DL,LAX,39
106,3,30,3,9,2475,DL,LAX,39
-8,3,30,3,12,2475,DL,LAX,39
-1,3,31,4,15,2475,DL,LAX,40
0,3,31,4,21,2475,DL,LAX,40
-6,3,31,4,19,2475,DL,LAX,40
-4,3,31,4,7,2475,DL,LAX,40
-4,3,31,4,17,2475,DL,LAX,40
-1,3,31,4,9,2475,DL,LAX,40
-5,3,31,4,12,2475,DL,LAX,40
