20,5,1,7,7,2475,B6,LAX,27
-5,5,1,7,16,2475,B6,LAX,27
-5,5,1,7,18,2475,B6,LAX,27
3,5,2,1,7,2475,B6,LAX,26
-2,5,2,1,16,2475,B6,LAX,26
-1,5,2,1,18,2475,B6,LAX,26
-7,5,3,2,7,2475,B6,LAX,25
-4,5,3,2,16,2475,B6,LAX,25
-1,5,3,2,18,2475,B6,LAX,25
-5,5,4,3,7,2475,B6,LAX,24
-2,5,4,3,11,2475,B6,LAX,24
-5,5,4,3,16,2475,B6,LAX,24
6,5,4,3,20,2475,B6,LAX,24
-2,5,5,4,7,2475,B6,LAX,23
-7,5,5,4,11,2475,B6,LAX,23
-3,5,5,4,16,2475,B6,LAX,23
0,5,5,4,20,2475,B6,LAX,23
10,5,6,5,7,2475,B6,LAX,22
-2,5,6,5,11,2475,B6,LAX,22
-1,5,6,5,16,2475,B6,LAX,22
-5,5,6,5,20,2475,B6,LAX,22
3,5,7,6,7,2475,B6,LAX,21
-1,5,7,6,16,2475,B6,LAX,21
-6,5,7,6,20,2475,B6,LAX,21
-4,5,8,7,7,2475,B6,LAX,20
27,5,8,7,11,2475,B6,LAX,20
-4,5,8,7,16,2475,B6,LAX,20
-3,5,8,7,20,2475,B6,LAX,20
0,5,9,1,7,2475,B6,LAX,19
12,5,9,1,11,2475,B6,LAX,19
-3,5,9,1,16,2475,B6,LAX,19
-9,5,9,1,20,2475,B6,LAX,19
1,5,10,2,7,2475,B6,LAX,18
-3,5,10,2,11,2475,B6,LAX,18
20,5,10,2,16,2475,B6,LAX,18
-2,5,10,2,20,2475,B6,LAX,18
-1,5,11,3,7,2475,B6,LAX,17
-1,5,11,3,11,2475,B6,LAX,17
-1,5,11,3,16,2475,B6,LAX,17
-3,5,11,3,20,2475,B6,LAX,17
2,5,12,4,7,2475,B6,LAX,16
6,5,12,4,11,2475,B6,LAX,16
1,5,12,4,16,2475,B6,LAX,16
15,5,12,4,20,2475,B6,LAX,16
-8,5,13,5,7,2475,B6,LAX,15
0,5,13,5,11,2475,B6,LAX,15
-2,5,13,5,16,2475,B6,LAX,15
13,5,13,5,20,2475,B6,LAX,15
-3,5,14,6,7,2475,B6,LAX,14
1,5,14,6,16,2475,B6,LAX,14
2,5,14,6,20,2475,B6,LAX,14
-4,5,15,7,7,2475,B6,LAX,13
-7,5,15,7,11,2475,B6,LAX,13
34,5,15,7,16,2475,B6,LAX,13
166,5,15,7,20,2475,B6,LAX,13
-4,5,16,1,7,2475,B6,LAX,12
-4,5,16,1,11,2475,B6,LAX,12
-3,5,16,1,16,2475,B6,LAX,12
-2,5,16,1,20,2475,B6,LAX,12
-4,5,17,2,7,2475,B6,LAX,11
-5,5,17,2,11,2475,B6,LAX,11
-3,5,17,2,16,2475,B6,LAX,11
5,5,17,2,20,2475,B6,LAX,11
1,5,18,3,7,2475,B6,LAX,10
-4,5,18,3,11,2475,B6,LAX,10
4,5,18,3,16,2475,B6,LAX,10
57,5,18,3,20,2475,B6,LAX,10
0,5,19,4,7,2475,B6,LAX,9
0,5,19,4,11,2475,B6,LAX,9
0,5,19,4,16,2475,B6,LAX,9
2,5,19,4,20,2475,B6,LAX,9
-4,5,20,5,7,2475,B6,LAX,8
-3,5,20,5,11,2475,B6,LAX,8
10,5,20,5,16,2475,B6,LAX,8
8,5,20,5,20,2475,B6,LAX,8
0,5,21,6,7,2475,B6,LAX,7
0,5,21,6,16,2475,B6,LAX,7
6,5,21,6,20,2475,B6,LAX,7
-7,5,22,7,7,2475,B6,LAX,6
0,5,22,7,11,2475,B6,LAX,6
21,5,22,7,16,2475,B6,LAX,6
38,5,22,7,20,2475,B6,LAX,6
-1,5,23,1,7,2475,B6,LAX,5
6,5,23,1,11,2475,B6,LAX,5
-3,5,23,1,16,2475,B6,LAX,5
93,5,23,1,20,2475,B6,LAX,5
5,5,24,2,7,2475,B6,LAX,4
67,5,24,2,11,2475,B6,LAX,4
-2,5,24,2,16,2475,B6,LAX,4
-4,5,24,2,20,2475,B6,LAX,4
-2,5,25,3,7,2475,B6,LAX,3
-4,5,25,3,11,2475,B6,LAX,3
-2,5,25,3,16,2475,B6,LAX,3
8,5,25,3,20,2475,B6,LAX,3
-4,5,26,4,7,2475,B6,LAX,2
0,5,26,4,11,2475,B6,LAX,2
2,5,26,4,16,2475,B6,LAX,2
279,5,26,4,20,2475,B6,LAX,2
1,5,27,5,7,2475,B6,LAX,1
0,5,27,5,11,2475,B6,LAX,1
3,5,27,5,16,2475,B6,LAX,1
76,5,27,5,20,2475,B6,LAX,1
-4,5,28,6,7,2475,B6,LAX,0
-3,5,28,6,16,2475,B6,LAX,0
-4,5,28,6,20,2475,B6,LAX,0
-1,5,29,7,7,2475,B6,LAX,1
137,5,29,7,11,2475,B6,LAX,1
31,5,29,7,16,2475,B6,LAX,1
0,5,29,7,20,2475,B6,LAX,1
0,5,30,1,7,2475,B6,LAX,2
-2,5,30,1,11,2475,B6,LAX,2
29,5,30,1,16,2475,B6,LAX,2
81,5,30,1,20,2475,B6,LAX,2
7,5,31,2,7,2475,B6,LAX,3
-2,5,31,2,11,2475,B6,LAX,3
0,5,31,2,16,2475,B6,LAX,3
12,5,31,2,20,2475,B6,LAX,3
-4,5,1,7,17,2475,DL,LAX,27
-3,5,1,7,15,2475,DL,LAX,27
-3,5,1,7,12,2475,DL,LAX,27
-4,5,1,7,9,2475,DL,LAX,27
43,5,1,7,21,2475,DL,LAX,27
-4,5,1,7,19,2475,DL,LAX,27
16,5,2,1,17,2475,DL,LAX,26
-2,5,2,1,15,2475,DL,LAX,26
2,5,2,1,7,2475,DL,LAX,26
1,5,2,1,12,2475,DL,LAX,26
-3,5,2,1,9,2475,DL,LAX,26
-3,5,2,1,21,2475,DL,LAX,26
-5,5,2,1,19,2475,DL,LAX,26
4,5,3,2,17,2475,DL,LAX,25
-4,5,3,2,15,2475,DL,LAX,25
-4,5,3,2,7,2475,DL,LAX,25
-5,5,3,2,12,2475,DL,LAX,25
-4,5,3,2,9,2475,DL,LAX,25
233,5,3,2,21,2475,DL,LAX,25
-2,5,3,2,19,2475,DL,LAX,25
-4,5,4,3,17,2475,DL,LAX,24
7,5,4,3,15,2475,DL,LAX,24
-6,5,4,3,7,2475,DL,LAX,24
0,5,4,3,12,2475,DL,LAX,24
2,5,4,3,9,2475,DL,LAX,24
-4,5,4,3,21,2475,DL,LAX,24
0,5,4,3,19,2475,DL,LAX,24
29,5,5,4,17,2475,DL,LAX,23
0,5,5,4,15,2475,DL,LAX,23
-5,5,5,4,7,2475,DL,LAX,23
-9,5,5,4,12,2475,DL,LAX,23
-8,5,5,4,9,2475,DL,LAX,23
51,5,5,4,21,2475,DL,LAX,23
15,5,5,4,19,2475,DL,LAX,23
-5,5,6,5,17,2475,DL,LAX,22
-5,5,6,5,15,2475,DL,LAX,22
-3,5,6,5,7,2475,DL,LAX,22
-5,5,6,5,12,2475,DL,LAX,22
-6,5,6,5,9,2475,DL,LAX,22
-2,5,6,5,21,2475,DL,LAX,22
-4,5,6,5,19,2475,DL,LAX,22
-4,5,7,6,17,2475,DL,LAX,21
-3,5,7,6,15,2475,DL,LAX,21
-8,5,7,6,12,2475,DL,LAX,21
2,5,7,6,9,2475,DL,LAX,21
9,5,7,6,19,2475,DL,LAX,21
-4,5,8,7,17,2475,DL,LAX,20
-4,5,8,7,15,2475,DL,LAX,20
-2,5,8,7,12,2475,DL,LAX,20
57,5,8,7,9,2475,DL,LAX,20
1,5,8,7,21,2475,DL,LAX,20
-5,5,8,7,19,2475,DL,LAX,20
-5,5,9,1,17,2475,DL,LAX,19
-3,5,9,1,15,2475,DL,LAX,19
-5,5,9,1,7,2475,DL,LAX,19
-6,5,9,1,12,2475,DL,LAX,19
-5,5,9,1,9,2475,DL,LAX,19
-2,5,9,1,21,2475,DL,LAX,19
-4,5,9,1,19,2475,DL,LAX,19
9,5,10,2,17,2475,DL,LAX,18
-4,5,10,2,15,2475,DL,LAX,18
-3,5,10,2,7,2475,DL,LAX,18
-4,5,10,2,12,2475,DL,LAX,18
-4,5,10,2,9,2475,DL,LAX,18
33,5,10,2,21,2475,DL,LAX,18
-4,5,10,2,19,2475,DL,LAX,18
4,5,11,3,17,2475,DL,LAX,17
19,5,11,3,15,2475,DL,LAX,17
-4,5,11,3,7,2475,DL,LAX,17
-3,5,11,3,12,2475,DL,LAX,17
-4,5,11,3,9,2475,DL,LAX,17
-4,5,11,3,21,2475,DL,LAX,17
-6,5,11,3,19,2475,DL,LAX,17
-2,5,12,4,17,2475,DL,LAX,16
-4,5,12,4,15,2475,DL,LAX,16
-2,5,12,4,7,2475,DL,LAX,16
-4,5,12,4,12,2475,DL,LAX,16
-4,5,12,4,9,2475,DL,LAX,16
-3,5,12,4,21,2475,DL,LAX,16
-1,5,12,4,19,2475,DL,LAX,16
-5,5,13,5,17,2475,DL,LAX,15
-1,5,13,5,15,2475,DL,LAX,15
-4,5,13,5,7,2475,DL,LAX,15
0,5,13,5,12,2475,DL,LAX,15
-5,5,13,5,9,2475,DL,LAX,15
-4,5,13,5,21,2475,DL,LAX,15
-5,5,13,5,19,2475,DL,LAX,15
1,5,14,6,17,2475,DL,LAX,14
87,5,14,6,15,2475,DL,LAX,14
-5,5,14,6,12,2475,DL,LAX,14
53,5,14,6,9,2475,DL,LAX,14
0,5,14,6,19,2475,DL,LAX,14
-5,5,15,7,17,2475,DL,LAX,13
-1,5,15,7,15,2475,DL,LAX,13
-1,5,15,7,12,2475,DL,LAX,13
-3,5,15,7,9,2475,DL,LAX,13
18,5,15,7,21,2475,DL,LAX,13
242,5,15,7,19,2475,DL,LAX,13
-3,5,16,1,17,2475,DL,LAX,12
2,5,16,1,15,2475,DL,LAX,12
-1,5,16,1,7,2475,DL,LAX,12
-5,5,16,1,12,2475,DL,LAX,12
7,5,16,1,9,2475,DL,LAX,12
33,5,16,1,21,2475,DL,LAX,12
0,5,16,1,19,2475,DL,LAX,12
9,5,17,2,17,2475,DL,LAX,11
3,5,17,2,15,2475,DL,LAX,11
-2,5,17,2,7,2475,DL,LAX,11
-5,5,17,2,12,2475,DL,LAX,11
-5,5,17,2,9,2475,DL,LAX,11
8,5,17,2,21,2475,DL,LAX,11
-1,5,17,2,19,2475,DL,LAX,11
0,5,18,3,17,2475,DL,LAX,10
3,5,18,3,15,2475,DL,LAX,10
0,5,18,3,7,2475,DL,LAX,10
3,5,18,3,12,2475,DL,LAX,10
-5,5,18,3,9,2475,DL,LAX,10
71,5,18,3,21,2475,DL,LAX,10
2,5,18,3,19,2475,DL,LAX,10
-2,5,19,4,17,2475,DL,LAX,9
-2,5,19,4,15,2475,DL,LAX,9
-5,5,19,4,7,2475,DL,LAX,9
-3,5,19,4,12,2475,DL,LAX,9
-5,5,19,4,9,2475,DL,LAX,9
21,5,19,4,21,2475,DL,LAX,9
18,5,19,4,19,2475,DL,LAX,9
0,5,20,5,17,2475,DL,LAX,8
-1,5,20,5,15,2475,DL,LAX,8
0,5,20,5,7,2475,DL,LAX,8
-6,5,20,5,12,2475,DL,LAX,8
0,5,20,5,9,2475,DL,LAX,8
27,5,20,5,21,2475,DL,LAX,8
-2,5,20,5,19,2475,DL,LAX,8
5,5,21,6,17,2475,DL,LAX,7
72,5,21,6,15,2475,DL,LAX,7
-5,5,21,6,12,2475,DL,LAX,7
0,5,21,6,9,2475,DL,LAX,7
0,5,21,6,19,2475,DL,LAX,7
-2,5,22,7,17,2475,DL,LAX,6
-3,5,22,7,15,2475,DL,LAX,6
-6,5,22,7,12,2475,DL,LAX,6
4,5,22,7,9,2475,DL,LAX,6
26,5,22,7,21,2475,DL,LAX,6
-2,5,22,7,19,2475,DL,LAX,6
15,5,23,1,17,2475,DL,LAX,5
0,5,23,1,15,2475,DL,LAX,5
-4,5,23,1,7,2475,DL,LAX,5
-5,5,23,1,12,2475,DL,LAX,5
-1,5,23,1,9,2475,DL,LAX,5
47,5,23,1,21,2475,DL,LAX,5
-5,5,23,1,19,2475,DL,LAX,5
-2,5,24,2,17,2475,DL,LAX,4
14,5,24,2,15,2475,DL,LAX,4
45,5,24,2,7,2475,DL,LAX,4
147,5,24,2,12,2475,DL,LAX,4
-5,5,24,2,9,2475,DL,LAX,4
0,5,24,2,21,2475,DL,LAX,4
-1,5,24,2,19,2475,DL,LAX,4
16,5,25,3,17,2475,DL,LAX,3
-3,5,25,3,15,2475,DL,LAX,3
-4,5,25,3,7,2475,DL,LAX,3
-4,5,25,3,12,2475,DL,LAX,3
-4,5,25,3,9,2475,DL,LAX,3
21,5,25,3,21,2475,DL,LAX,3
10,5,25,3,19,2475,DL,LAX,3
0,5,26,4,17,2475,DL,LAX,2
-2,5,26,4,15,2475,DL,LAX,2
0,5,26,4,7,2475,DL,LAX,2
63,5,26,4,12,2475,DL,LAX,2
-1,5,26,4,9,2475,DL,LAX,2
69,5,26,4,21,2475,DL,LAX,2
50,5,26,4,19,2475,DL,LAX,2
-1,5,27,5,17,2475,DL,LAX,1
0,5,27,5,15,2475,DL,LAX,1
0,5,27,5,7,2475,DL,LAX,1
-1,5,27,5,12,2475,DL,LAX,1
-5,5,27,5,9,2475,DL,LAX,1
17,5,27,5,21,2475,DL,LAX,1
-2,5,27,5,19,2475,DL,LAX,1
1,5,28,6,17,2475,DL,LAX,0
-2,5,28,6,15,2475,DL,LAX,0
-5,5,28,6,12,2475,DL,LAX,0
-3,5,28,6,9,2475,DL,LAX,0
-2,5,28,6,19,2475,DL,LAX,0
-3,5,29,7,17,2475,DL,LAX,1
-4,5,29,7,15,2475,DL,LAX,1
-1,5,29,7,12,2475,DL,LAX,1
-4,5,29,7,9,2475,DL,LAX,1
-1,5,29,7,19,2475,DL,LAX,1
-1,5,30,1,17,2475,DL,LAX,2
-2,5,30,1,15,2475,DL,LAX,2
43,5,30,1,7,2475,DL,LAX,2
-3,5,30,1,12,2475,DL,LAX,2
-5,5,30,1,9,2475,DL,LAX,2
4,5,30,1,21,2475,DL,LAX,2
31,5,30,1,19,2475,DL,LAX,2
-3,5,31,2,17,2475,DL,LAX,3
-3,5,31,2,15,2475,DL,LAX,3
-3,5,31,2,7,2475,DL,LAX,3
-3,5,31,2,12,2475,DL,LAX,3
-6,5,31,2,9,2475,DL,LAX,3
18,5,31,2,21,2475,DL,LAX,3
-2,5,31,2,19,2475,DL,LAX,3
