42,8,29,1,15,2475,UA,LAX,5
-8,8,30,2,15,2475,UA,LAX,4
-4,8,31,3,15,2475,UA,LAX,3
-1,8,30,2,11,2475,UA,LAX,4
-2,8,31,3,11,2475,UA,LAX,3
28,8,7,7,15,2475,UA,LAX,27
36,8,14,7,15,2475,UA,LAX,20
17,8,21,7,15,2475,UA,LAX,13
31,8,29,1,20,2475,UA,LAX,5
7,8,30,2,20,2475,UA,LAX,4
-6,8,31,3,20,2475,UA,LAX,3
-1,8,1,1,6,2475,UA,LAX,28
3,8,2,2,6,2475,UA,LAX,29
-2,8,3,3,6,2475,UA,LAX,30
-4,8,4,4,6,2475,UA,LAX,30
-4,8,5,5,6,2475,UA,LAX,29
0,8,6,6,6,2475,UA,LAX,28
-4,8,8,1,6,2475,UA,LAX,26
2,8,9,2,6,2475,UA,LAX,25
-2,8,10,3,6,2475,UA,LAX,24
-4,8,11,4,6,2475,UA,LAX,23
-2,8,12,5,6,2475,UA,LAX,22
0,8,13,6,6,2475,UA,LAX,21
2,8,15,1,6,2475,UA,LAX,19
3,8,16,2,6,2475,UA,LAX,18
-1,8,17,3,6,2475,UA,LAX,17
-3,8,18,4,6,2475,UA,LAX,16
4,8,19,5,6,2475,UA,LAX,15
-4,8,20,6,6,2475,UA,LAX,14
-3,8,22,1,6,2475,UA,LAX,12
3,8,23,2,6,2475,UA,LAX,11
-7,8,24,3,6,2475,UA,LAX,10
4,8,25,4,6,2475,UA,LAX,9
-4,8,26,5,6,2475,UA,LAX,8
-3,8,30,2,6,2475,UA,LAX,4
-7,8,31,3,6,2475,UA,LAX,3
-7,9,1,4,9,2475,AA,LAX,2
38,9,2,5,9,2475,AA,LAX,1
-6,9,3,6,9,2475,AA,LAX,0
-1,9,4,7,9,2475,AA,LAX,1
-8,9,5,1,9,2475,AA,LAX,2
-10,9,6,2,9,2475,AA,LAX,3
-5,9,7,3,9,2475,AA,LAX,4
-6,9,8,4,9,2475,AA,LAX,5
-7,9,9,5,9,2475,AA,LAX,6
-6,9,10,6,9,2475,AA,LAX,7
-8,9,11,7,9,2475,AA,LAX,8
-9,9,12,1,9,2475,AA,LAX,9
-3,9,13,2,9,2475,AA,LAX,10
-5,9,14,3,9,2475,AA,LAX,11
-4,9,15,4,9,2475,AA,LAX,12
1,9,16,5,9,2475,AA,LAX,13
-5,9,17,6,9,2475,AA,LAX,14
-4,9,18,7,9,2475,AA,LAX,15
-8,9,19,1,9,2475,AA,LAX,16
-7,9,20,2,9,2475,AA,LAX,17
-11,9,21,3,9,2475,AA,LAX,17
24,9,22,4,9,2475,AA,LAX,16
2,9,23,5,9,2475,AA,LAX,15
0,9,24,6,9,2475,AA,LAX,14
4,9,25,7,9,2475,AA,LAX,13
-7,9,26,1,9,2475,AA,LAX,12
1,9,27,2,9,2475,AA,LAX,11
-11,9,28,3,9,2475,AA,LAX,10
-8,9,29,4,9,2475,AA,LAX,9
-7,9,30,5,9,2475,AA,LAX,8
2,9,1,4,12,2475,AA,LAX,2
-5,9,2,5,12,2475,AA,LAX,1
-11,9,3,6,12,2475,AA,LAX,0
-5,9,4,7,12,2475,AA,LAX,1
-8,9,5,1,12,2475,AA,LAX,2
-8,9,6,2,12,2475,AA,LAX,3
-7,9,7,3,12,2475,AA,LAX,4
-6,9,8,4,12,2475,AA,LAX,5
-1,9,9,5,12,2475,AA,LAX,6
-8,9,10,6,12,2475,AA,LAX,7
-5,9,11,7,12,2475,AA,LAX,8
-5,9,12,1,12,2475,AA,LAX,9
-5,9,13,2,12,2475,AA,LAX,10
-8,9,14,3,12,2475,AA,LAX,11
-5,9,15,4,12,2475,AA,LAX,12
0,9,16,5,12,2475,AA,LAX,13
-6,9,19,1,12,2475,AA,LAX,16
-3,9,20,2,12,2475,AA,LAX,17
-2,9,21,3,12,2475,AA,LAX,17
-5,9,22,4,12,2475,AA,LAX,16
-7,9,23,5,12,2475,AA,LAX,15
0,9,24,6,12,2475,AA,LAX,14
14,9,25,7,12,2475,AA,LAX,13
-4,9,26,1,12,2475,AA,LAX,12
-1,9,27,2,12,2475,AA,LAX,11
-4,9,28,3,12,2475,AA,LAX,10
-6,9,29,4,12,2475,AA,LAX,9
-5,9,30,5,12,2475,AA,LAX,8
-10,9,1,4,10,2475,AA,LAX,2
-1,9,2,5,10,2475,AA,LAX,1
-10,9,4,7,10,2475,AA,LAX,1
-4,9,5,1,10,2475,AA,LAX,2
-7,9,6,2,10,2475,AA,LAX,3
-7,9,7,3,10,2475,AA,LAX,4
-6,9,8,4,10,2475,AA,LAX,5
-7,9,9,5,10,2475,AA,LAX,6
-5,9,11,7,10,2475,AA,LAX,8
-12,9,12,1,10,2475,AA,LAX,9
4,9,13,2,10,2475,AA,LAX,10
-2,9,14,3,10,2475,AA,LAX,11
2,9,15,4,10,2475,AA,LAX,12
-2,9,16,5,10,2475,AA,LAX,13
-3,9,18,7,10,2475,AA,LAX,15
-9,9,19,1,10,2475,AA,LAX,16
-9,9,20,2,10,2475,AA,LAX,17
-14,9,21,3,10,2475,AA,LAX,17
-8,9,22,4,10,2475,AA,LAX,16
-2,9,23,5,10,2475,AA,LAX,15
-2,9,25,7,10,2475,AA,LAX,13
-7,9,26,1,10,2475,AA,LAX,12
-4,9,27,2,10,2475,AA,LAX,11
-4,9,28,3,10,2475,AA,LAX,10
-8,9,29,4,10,2475,AA,LAX,9
-6,9,30,5,10,2475,AA,LAX,8
2,9,1,4,19,2475,AA,LAX,2
24,9,2,5,19,2475,AA,LAX,1
-6,9,3,6,19,2475,AA,LAX,0
-3,9,4,7,19,2475,AA,LAX,1
33,9,5,1,19,2475,AA,LAX,2
3,9,6,2,19,2475,AA,LAX,3
47,9,7,3,19,2475,AA,LAX,4
3,9,8,4,19,2475,AA,LAX,5
8,9,9,5,19,2475,AA,LAX,6
35,9,10,6,19,2475,AA,LAX,7
-6,9,11,7,19,2475,AA,LAX,8
31,9,12,1,19,2475,AA,LAX,9
11,9,13,2,19,2475,AA,LAX,10
-2,9,14,3,19,2475,AA,LAX,11
7,9,15,4,19,2475,AA,LAX,12
-3,9,16,5,19,2475,AA,LAX,13
-1,9,17,6,19,2475,AA,LAX,14
-2,9,18,7,19,2475,AA,LAX,15
192,9,20,2,19,2475,AA,LAX,17
-1,9,21,3,19,2475,AA,LAX,17
64,9,22,4,19,2475,AA,LAX,16
216,9,23,5,19,2475,AA,LAX,15
1,9,24,6,19,2475,AA,LAX,14
10,9,25,7,19,2475,AA,LAX,13
-4,9,26,1,19,2475,AA,LAX,12
65,9,27,2,19,2475,AA,LAX,11
-1,9,28,3,19,2475,AA,LAX,10
62,9,29,4,19,2475,AA,LAX,9
1,9,30,5,19,2475,AA,LAX,8
-3,9,1,4,7,2475,AA,LAX,2
2,9,2,5,7,2475,AA,LAX,1
-1,9,3,6,7,2475,AA,LAX,0
2,9,4,7,7,2475,AA,LAX,1
-5,9,5,1,7,2475,AA,LAX,2
-4,9,6,2,7,2475,AA,LAX,3
2,9,7,3,7,2475,AA,LAX,4
0,9,8,4,7,2475,AA,LAX,5
-2,9,9,5,7,2475,AA,LAX,6
-1,9,10,6,7,2475,AA,LAX,7
1,9,11,7,7,2475,AA,LAX,8
-7,9,12,1,7,2475,AA,LAX,9
-1,9,13,2,7,2475,AA,LAX,10
-2,9,14,3,7,2475,AA,LAX,11
-1,9,15,4,7,2475,AA,LAX,12
17,9,16,5,7,2475,AA,LAX,13
2,9,17,6,7,2475,AA,LAX,14
6,9,18,7,7,2475,AA,LAX,15
-6,9,19,1,7,2475,AA,LAX,16
1,9,20,2,7,2475,AA,LAX,17
-5,9,21,3,7,2475,AA,LAX,17
3,9,22,4,7,2475,AA,LAX,16
1,9,23,5,7,2475,AA,LAX,15
-8,9,24,6,7,2475,AA,LAX,14
14,9,25,7,7,2475,AA,LAX,13
30,9,26,1,7,2475,AA,LAX,12
27,9,27,2,7,2475,AA,LAX,11
-7,9,28,3,7,2475,AA,LAX,10
-6,9,29,4,7,2475,AA,LAX,9
-11,9,30,5,7,2475,AA,LAX,8
9,9,1,4,13,2475,AA,LAX,2
113,9,2,5,13,2475,AA,LAX,1
-7,9,3,6,13,2475,AA,LAX,0
-1,9,4,7,13,2475,AA,LAX,1
-8,9,5,1,13,2475,AA,LAX,2
-4,9,6,2,13,2475,AA,LAX,3
-5,9,7,3,13,2475,AA,LAX,4
-6,9,8,4,13,2475,AA,LAX,5
0,9,9,5,13,2475,AA,LAX,6
0,9,10,6,13,2475,AA,LAX,7
-3,9,11,7,13,2475,AA,LAX,8
-6,9,12,1,13,2475,AA,LAX,9
-1,9,13,2,13,2475,AA,LAX,10
-2,9,14,3,13,2475,AA,LAX,11
-3,9,15,4,13,2475,AA,LAX,12
25,9,16,5,13,2475,AA,LAX,13
20,9,17,6,13,2475,AA,LAX,14
-3,9,18,7,13,2475,AA,LAX,15
31,9,19,1,13,2475,AA,LAX,16
6,9,20,2,13,2475,AA,LAX,17
-5,9,21,3,13,2475,AA,LAX,17
-1,9,22,4,13,2475,AA,LAX,16
14,9,23,5,13,2475,AA,LAX,15
-5,9,24,6,13,2475,AA,LAX,14
4,9,25,7,13,2475,AA,LAX,13
-11,9,26,1,13,2475,AA,LAX,12
-2,9,27,2,13,2475,AA,LAX,11
0,9,28,3,13,2475,AA,LAX,10
-3,9,29,4,13,2475,AA,LAX,9
-9,9,30,5,13,2475,AA,LAX,8
73,9,1,4,15,2475,AA,LAX,2
66,9,2,5,15,2475,AA,LAX,1
57,9,3,6,15,2475,AA,LAX,0
-3,9,4,7,15,2475,AA,LAX,1
128,9,5,1,15,2475,AA,LAX,2
-1,9,6,2,15,2475,AA,LAX,3
-5,9,7,3,15,2475,AA,LAX,4
-8,9,8,4,15,2475,AA,LAX,5
25,9,9,5,15,2475,AA,LAX,6
0,9,10,6,15,2475,AA,LAX,7
1,9,11,7,15,2475,AA,LAX,8
-2,9,12,1,15,2475,AA,LAX,9
14,9,13,2,15,2475,AA,LAX,10
51,9,14,3,15,2475,AA,LAX,11
48,9,16,5,15,2475,AA,LAX,13
5,9,17,6,15,2475,AA,LAX,14
-5,9,18,7,15,2475,AA,LAX,15
-8,9,19,1,15,2475,AA,LAX,16
-4,9,20,2,15,2475,AA,LAX,17
130,9,21,3,15,2475,AA,LAX,17
-6,9,22,4,15,2475,AA,LAX,16
6,9,23,5,15,2475,AA,LAX,15
4,9,24,6,15,2475,AA,LAX,14
33,9,25,7,15,2475,AA,LAX,13
58,9,26,1,15,2475,AA,LAX,12
119,9,27,2,15,2475,AA,LAX,11
-5,9,28,3,15,2475,AA,LAX,10
14,9,29,4,15,2475,AA,LAX,9
33,9,30,5,15,2475,AA,LAX,8
220,9,1,4,16,2475,AA,LAX,2
20,9,2,5,16,2475,AA,LAX,1
-5,9,3,6,16,2475,AA,LAX,0
-4,9,4,7,16,2475,AA,LAX,1
-2,9,5,1,16,2475,AA,LAX,2
-1,9,6,2,16,2475,AA,LAX,3
25,9,7,3,16,2475,AA,LAX,4
1,9,8,4,16,2475,AA,LAX,5
-6,9,9,5,16,2475,AA,LAX,6
58,9,10,6,16,2475,AA,LAX,7
-2,9,11,7,16,2475,AA,LAX,8
-3,9,12,1,16,2475,AA,LAX,9
85,9,13,2,16,2475,AA,LAX,10
1,9,14,3,16,2475,AA,LAX,11
1,9,15,4,16,2475,AA,LAX,12
0,9,16,5,16,2475,AA,LAX,13
-8,9,17,6,16,2475,AA,LAX,14
49,9,18,7,16,2475,AA,LAX,15
-1,9,19,1,16,2475,AA,LAX,16
-6,9,20,2,16,2475,AA,LAX,17
-2,9,21,3,16,2475,AA,LAX,17
33,9,22,4,16,2475,AA,LAX,16
34,9,23,5,16,2475,AA,LAX,15
-5,9,24,6,16,2475,AA,LAX,14
2,9,25,7,16,2475,AA,LAX,13
4,9,26,1,16,2475,AA,LAX,12
11,9,27,2,16,2475,AA,LAX,11
10,9,28,3,16,2475,AA,LAX,10
27,9,29,4,16,2475,AA,LAX,9
-1,9,30,5,16,2475,AA,LAX,8
-2,9,1,4,21,2475,AA,LAX,2
-6,9,2,5,21,2475,AA,LAX,1
-5,9,3,6,21,2475,AA,LAX,0
-1,9,4,7,21,2475,AA,LAX,1
-8,9,5,1,21,2475,AA,LAX,2
101,9,6,2,21,2475,AA,LAX,3
36,9,7,3,21,2475,AA,LAX,4
-5,9,8,4,21,2475,AA,LAX,5
3,9,9,5,21,2475,AA,LAX,6
-2,9,10,6,21,2475,AA,LAX,7
-4,9,11,7,21,2475,AA,LAX,8
-4,9,12,1,21,2475,AA,LAX,9
-7,9,13,2,21,2475,AA,LAX,10
11,9,14,3,21,2475,AA,LAX,11
2,9,15,4,21,2475,AA,LAX,12
-1,9,16,5,21,2475,AA,LAX,13
12,9,17,6,21,2475,AA,LAX,14
-5,9,18,7,21,2475,AA,LAX,15
-4,9,19,1,21,2475,AA,LAX,16
3,9,20,2,21,2475,AA,LAX,17
-5,9,21,3,21,2475,AA,LAX,17
69,9,22,4,21,2475,AA,LAX,16
-6,9,24,6,21,2475,AA,LAX,14
0,9,25,7,21,2475,AA,LAX,13
-11,9,26,1,21,2475,AA,LAX,12
-2,9,27,2,21,2475,AA,LAX,11
-6,9,28,3,21,2475,AA,LAX,10
-1,9,29,4,21,2475,AA,LAX,9
-7,9,30,5,21,2475,AA,LAX,8
-7,9,1,4,7,2475,AA,LAX,2
-4,9,2,5,7,2475,AA,LAX,1
3,9,3,6,7,2475,AA,LAX,0
-6,9,4,7,7,2475,AA,LAX,1
-6,9,5,1,7,2475,AA,LAX,2
-10,9,6,2,7,2475,AA,LAX,3
-8,9,7,3,7,2475,AA,LAX,4
-3,9,8,4,7,2475,AA,LAX,5
-4,9,9,5,7,2475,AA,LAX,6
-4,9,10,6,7,2475,AA,LAX,7
-7,9,12,1,7,2475,AA,LAX,9
-11,9,13,2,7,2475,AA,LAX,10
0,9,14,3,7,2475,AA,LAX,11
-2,9,15,4,7,2475,AA,LAX,12
-7,9,16,5,7,2475,AA,LAX,13
9,9,17,6,7,2475,AA,LAX,14
0,9,18,7,7,2475,AA,LAX,15
-2,9,19,1,7,2475,AA,LAX,16
-3,9,20,2,7,2475,AA,LAX,17
0,9,21,3,7,2475,AA,LAX,17
47,9,22,4,7,2475,AA,LAX,16
-7,9,24,6,7,2475,AA,LAX,14
1,9,25,7,7,2475,AA,LAX,13
-11,9,26,1,7,2475,AA,LAX,12
63,9,27,2,7,2475,AA,LAX,11
-1,9,28,3,7,2475,AA,LAX,10
6,9,29,4,7,2475,AA,LAX,9
-8,9,30,5,7,2475,AA,LAX,8
-2,9,1,4,7,2475,B6,LAX,2
2,9,1,4,11,2475,B6,LAX,2
-5,9,1,4,16,2475,B6,LAX,2
-5,9,1,4,21,2475,B6,LAX,2
-2,9,1,4,9,2475,B6,LAX,2
-3,9,2,5,7,2475,B6,LAX,1
-1,9,2,5,11,2475,B6,LAX,1
0,9,2,5,16,2475,B6,LAX,1
-2,9,2,5,21,2475,B6,LAX,1
-4,9,2,5,9,2475,B6,LAX,1
-7,9,3,6,7,2475,B6,LAX,0
-5,9,3,6,16,2475,B6,LAX,0
-7,9,3,6,21,2475,B6,LAX,0
-2,9,3,6,9,2475,B6,LAX,0
-5,9,4,7,7,2475,B6,LAX,1
31,9,4,7,16,2475,B6,LAX,1
31,9,4,7,21,2475,B6,LAX,1
-6,9,4,7,9,2475,B6,LAX,1
4,9,5,1,7,2475,B6,LAX,2
-6,9,5,1,11,2475,B6,LAX,2
3,9,5,1,16,2475,B6,LAX,2
-7,9,5,1,21,2475,B6,LAX,2
12,9,5,1,9,2475,B6,LAX,2
-5,9,6,2,7,2475,B6,LAX,3
-4,9,6,2,16,2475,B6,LAX,3
8,9,6,2,21,2475,B6,LAX,3
-10,9,6,2,9,2475,B6,LAX,3
-3,9,7,3,9,2475,B6,LAX,4
7,9,7,3,6,2475,B6,LAX,4
-5,9,7,3,11,2475,B6,LAX,4
34,9,7,3,16,2475,B6,LAX,4
36,9,7,3,20,2475,B6,LAX,4
-5,9,8,4,9,2475,B6,LAX,5
-2,9,8,4,6,2475,B6,LAX,5
2,9,8,4,11,2475,B6,LAX,5
-2,9,8,4,16,2475,B6,LAX,5
2,9,8,4,20,2475,B6,LAX,5
2,9,9,5,9,2475,B6,LAX,6
-2,9,9,5,6,2475,B6,LAX,6
3,9,9,5,11,2475,B6,LAX,6
65,9,9,5,16,2475,B6,LAX,6
50,9,9,5,20,2475,B6,LAX,6
-4,9,10,6,9,2475,B6,LAX,7
0,9,10,6,6,2475,B6,LAX,7
-6,9,10,6,16,2475,B6,LAX,7
12,9,10,6,20,2475,B6,LAX,7
-9,9,11,7,9,2475,B6,LAX,8
-5,9,11,7,6,2475,B6,LAX,8
-7,9,11,7,11,2475,B6,LAX,8
7,9,11,7,16,2475,B6,LAX,8
-5,9,11,7,20,2475,B6,LAX,8
0,9,12,1,9,2475,B6,LAX,9
-5,9,12,1,6,2475,B6,LAX,9
-3,9,12,1,11,2475,B6,LAX,9
-2,9,12,1,16,2475,B6,LAX,9
-2,9,12,1,20,2475,B6,LAX,9
-1,9,13,2,9,2475,B6,LAX,10
-11,9,13,2,6,2475,B6,LAX,10
-4,9,13,2,11,2475,B6,LAX,10
-6,9,13,2,16,2475,B6,LAX,10
-5,9,13,2,20,2475,B6,LAX,10
-5,9,14,3,9,2475,B6,LAX,11
-5,9,14,3,6,2475,B6,LAX,11
-1,9,14,3,11,2475,B6,LAX,11
-3,9,14,3,16,2475,B6,LAX,11
16,9,14,3,20,2475,B6,LAX,11
3,9,15,4,9,2475,B6,LAX,12
-3,9,15,4,6,2475,B6,LAX,12
-3,9,15,4,11,2475,B6,LAX,12
-4,9,15,4,16,2475,B6,LAX,12
0,9,15,4,20,2475,B6,LAX,12
-4,9,16,5,9,2475,B6,LAX,13
-3,9,16,5,6,2475,B6,LAX,13
-6,9,16,5,11,2475,B6,LAX,13
1,9,16,5,16,2475,B6,LAX,13
7,9,16,5,20,2475,B6,LAX,13
-1,9,17,6,9,2475,B6,LAX,14
-7,9,17,6,6,2475,B6,LAX,14
-7,9,17,6,16,2475,B6,LAX,14
39,9,17,6,20,2475,B6,LAX,14
-6,9,18,7,9,2475,B6,LAX,15
-4,9,18,7,6,2475,B6,LAX,15
-7,9,18,7,11,2475,B6,LAX,15
31,9,18,7,16,2475,B6,LAX,15
12,9,18,7,20,2475,B6,LAX,15
2,9,19,1,9,2475,B6,LAX,16
-4,9,19,1,6,2475,B6,LAX,16
-8,9,19,1,11,2475,B6,LAX,16
-1,9,19,1,16,2475,B6,LAX,16
35,9,19,1,20,2475,B6,LAX,16
-2,9,20,2,9,2475,B6,LAX,17
3,9,20,2,6,2475,B6,LAX,17
-6,9,20,2,11,2475,B6,LAX,17
35,9,20,2,16,2475,B6,LAX,17
-1,9,20,2,20,2475,B6,LAX,17
-1,9,21,3,9,2475,B6,LAX,17
-4,9,21,3,6,2475,B6,LAX,17
-3,9,21,3,11,2475,B6,LAX,17
-3,9,21,3,16,2475,B6,LAX,17
-2,9,21,3,20,2475,B6,LAX,17
-1,9,22,4,9,2475,B6,LAX,16
-5,9,22,4,6,2475,B6,LAX,16
-7,9,22,4,11,2475,B6,LAX,16
31,9,22,4,16,2475,B6,LAX,16
4,9,22,4,20,2475,B6,LAX,16
34,9,23,5,9,2475,B6,LAX,15
-4,9,23,5,6,2475,B6,LAX,15
-5,9,23,5,11,2475,B6,LAX,15
10,9,23,5,16,2475,B6,LAX,15
128,9,23,5,20,2475,B6,LAX,15
-2,9,24,6,9,2475,B6,LAX,14
-1,9,24,6,6,2475,B6,LAX,14
3,9,24,6,16,2475,B6,LAX,14
5,9,24,6,20,2475,B6,LAX,14
-1,9,25,7,9,2475,B6,LAX,13
-6,9,25,7,6,2475,B6,LAX,13
1,9,25,7,11,2475,B6,LAX,13
20,9,25,7,16,2475,B6,LAX,13
11,9,25,7,20,2475,B6,LAX,13
-1,9,26,1,9,2475,B6,LAX,12
-3,9,26,1,6,2475,B6,LAX,12
-1,9,26,1,11,2475,B6,LAX,12
15,9,26,1,16,2475,B6,LAX,12
59,9,26,1,20,2475,B6,LAX,12
-4,9,27,2,9,2475,B6,LAX,11
2,9,27,2,6,2475,B6,LAX,11
-5,9,27,2,11,2475,B6,LAX,11
-3,9,27,2,16,2475,B6,LAX,11
79,9,27,2,20,2475,B6,LAX,11
-3,9,28,3,9,2475,B6,LAX,10
-5,9,28,3,6,2475,B6,LAX,10
-6,9,28,3,11,2475,B6,LAX,10
-6,9,28,3,16,2475,B6,LAX,10
25,9,28,3,20,2475,B6,LAX,10
0,9,29,4,9,2475,B6,LAX,9
7,9,29,4,6,2475,B6,LAX,9
-6,9,29,4,11,2475,B6,LAX,9
41,9,29,4,16,2475,B6,LAX,9
2,9,29,4,20,2475,B6,LAX,9
-2,9,30,5,9,2475,B6,LAX,8
-3,9,30,5,6,2475,B6,LAX,8
-7,9,30,5,11,2475,B6,LAX,8
-3,9,30,5,16,2475,B6,LAX,8
11,9,30,5,20,2475,B6,LAX,8
67,9,1,4,17,2475,DL,LAX,2
-1,9,1,4,9,2475,DL,LAX,2
-4,9,1,4,7,2475,DL,LAX,2
-4,9,1,4,12,2475,DL,LAX,2
-5,9,1,4,15,2475,DL,LAX,2
-6,9,1,4,21,2475,DL,LAX,2
-5,9,1,4,19,2475,DL,LAX,2
-3,9,2,5,17,2475,DL,LAX,1
-4,9,2,5,9,2475,DL,LAX,1
-4,9,2,5,7,2475,DL,LAX,1
4,9,2,5,12,2475,DL,LAX,1
0,9,2,5,15,2475,DL,LAX,1
10,9,2,5,21,2475,DL,LAX,1
-5,9,2,5,19,2475,DL,LAX,1
-5,9,3,6,9,2475,DL,LAX,0
-1,9,3,6,12,2475,DL,LAX,0
-4,9,3,6,15,2475,DL,LAX,0
4,9,3,6,19,2475,DL,LAX,0
-5,9,4,7,17,2475,DL,LAX,1
-6,9,4,7,9,2475,DL,LAX,1
-5,9,4,7,12,2475,DL,LAX,1
-5,9,4,7,15,2475,DL,LAX,1
-4,9,4,7,19,2475,DL,LAX,1
-5,9,5,1,17,2475,DL,LAX,2
-6,9,5,1,9,2475,DL,LAX,2
-1,9,5,1,12,2475,DL,LAX,2
0,9,5,1,15,2475,DL,LAX,2
-3,9,5,1,21,2475,DL,LAX,2
0,9,5,1,19,2475,DL,LAX,2
-2,9,6,2,17,2475,DL,LAX,3
-3,9,6,2,9,2475,DL,LAX,3
-4,9,6,2,7,2475,DL,LAX,3
-3,9,6,2,12,2475,DL,LAX,3
44,9,6,2,15,2475,DL,LAX,3
18,9,6,2,21,2475,DL,LAX,3
-1,9,6,2,19,2475,DL,LAX,3
7,9,7,3,17,2475,DL,LAX,4
-6,9,7,3,9,2475,DL,LAX,4
-3,9,7,3,15,2475,DL,LAX,4
-2,9,7,3,7,2475,DL,LAX,4
-3,9,7,3,12,2475,DL,LAX,4
1,9,7,3,21,2475,DL,LAX,4
3,9,7,3,19,2475,DL,LAX,4
-6,9,8,4,17,2475,DL,LAX,5
-6,9,8,4,9,2475,DL,LAX,5
-5,9,8,4,7,2475,DL,LAX,5
-6,9,8,4,12,2475,DL,LAX,5
24,9,8,4,15,2475,DL,LAX,5
-2,9,8,4,21,2475,DL,LAX,5
-3,9,8,4,19,2475,DL,LAX,5
-5,9,9,5,17,2475,DL,LAX,6
-1,9,9,5,9,2475,DL,LAX,6
-5,9,9,5,15,2475,DL,LAX,6
-5,9,9,5,7,2475,DL,LAX,6
0,9,9,5,12,2475,DL,LAX,6
24,9,9,5,21,2475,DL,LAX,6
-5,9,9,5,19,2475,DL,LAX,6
-1,9,10,6,17,2475,DL,LAX,7
0,9,10,6,9,2475,DL,LAX,7
-5,9,10,6,12,2475,DL,LAX,7
-5,9,10,6,15,2475,DL,LAX,7
-3,9,10,6,19,2475,DL,LAX,7
-4,9,11,7,17,2475,DL,LAX,8
-2,9,11,7,9,2475,DL,LAX,8
-4,9,11,7,15,2475,DL,LAX,8
-7,9,11,7,12,2475,DL,LAX,8
1,9,11,7,21,2475,DL,LAX,8
-2,9,11,7,19,2475,DL,LAX,8
67,9,12,1,17,2475,DL,LAX,9
-1,9,12,1,9,2475,DL,LAX,9
2,9,12,1,7,2475,DL,LAX,9
-5,9,12,1,12,2475,DL,LAX,9
3,9,12,1,15,2475,DL,LAX,9
45,9,12,1,21,2475,DL,LAX,9
-7,9,12,1,19,2475,DL,LAX,9
-4,9,13,2,17,2475,DL,LAX,10
-1,9,13,2,9,2475,DL,LAX,10
-5,9,13,2,7,2475,DL,LAX,10
-6,9,13,2,12,2475,DL,LAX,10
-5,9,13,2,15,2475,DL,LAX,10
-7,9,13,2,21,2475,DL,LAX,10
-5,9,13,2,19,2475,DL,LAX,10
-2,9,14,3,17,2475,DL,LAX,11
-2,9,14,3,9,2475,DL,LAX,11
-1,9,14,3,15,2475,DL,LAX,11
-4,9,14,3,7,2475,DL,LAX,11
-5,9,14,3,12,2475,DL,LAX,11
58,9,14,3,21,2475,DL,LAX,11
-1,9,14,3,19,2475,DL,LAX,11
1,9,15,4,17,2475,DL,LAX,12
-3,9,15,4,9,2475,DL,LAX,12
-5,9,15,4,7,2475,DL,LAX,12
-2,9,15,4,12,2475,DL,LAX,12
1,9,15,4,15,2475,DL,LAX,12
15,9,15,4,21,2475,DL,LAX,12
1,9,15,4,19,2475,DL,LAX,12
-4,9,16,5,17,2475,DL,LAX,13
-2,9,16,5,9,2475,DL,LAX,13
-1,9,16,5,15,2475,DL,LAX,13
-2,9,16,5,7,2475,DL,LAX,13
-5,9,16,5,12,2475,DL,LAX,13
-3,9,16,5,21,2475,DL,LAX,13
-1,9,16,5,19,2475,DL,LAX,13
-6,9,17,6,17,2475,DL,LAX,14
0,9,17,6,9,2475,DL,LAX,14
-4,9,17,6,12,2475,DL,LAX,14
-6,9,17,6,15,2475,DL,LAX,14
287,9,17,6,19,2475,DL,LAX,14
-2,9,18,7,17,2475,DL,LAX,15
-1,9,18,7,9,2475,DL,LAX,15
-4,9,18,7,15,2475,DL,LAX,15
-3,9,18,7,12,2475,DL,LAX,15
48,9,18,7,21,2475,DL,LAX,15
-3,9,18,7,19,2475,DL,LAX,15
-5,9,19,1,17,2475,DL,LAX,16
-2,9,19,1,9,2475,DL,LAX,16
-2,9,19,1,7,2475,DL,LAX,16
-5,9,19,1,12,2475,DL,LAX,16
-2,9,19,1,15,2475,DL,LAX,16
50,9,19,1,21,2475,DL,LAX,16
-2,9,19,1,19,2475,DL,LAX,16
8,9,20,2,17,2475,DL,LAX,17
1,9,20,2,9,2475,DL,LAX,17
-2,9,20,2,7,2475,DL,LAX,17
0,9,20,2,12,2475,DL,LAX,17
-1,9,20,2,15,2475,DL,LAX,17
-1,9,20,2,21,2475,DL,LAX,17
5,9,20,2,19,2475,DL,LAX,17
-6,9,21,3,17,2475,DL,LAX,17
-3,9,21,3,9,2475,DL,LAX,17
6,9,21,3,15,2475,DL,LAX,17
-3,9,21,3,7,2475,DL,LAX,17
0,9,21,3,12,2475,DL,LAX,17
-6,9,21,3,21,2475,DL,LAX,17
0,9,21,3,19,2475,DL,LAX,17
-2,9,22,4,17,2475,DL,LAX,16
-5,9,22,4,9,2475,DL,LAX,16
-2,9,22,4,7,2475,DL,LAX,16
-3,9,22,4,12,2475,DL,LAX,16
-3,9,22,4,15,2475,DL,LAX,16
37,9,22,4,21,2475,DL,LAX,16
5,9,22,4,19,2475,DL,LAX,16
-3,9,23,5,17,2475,DL,LAX,15
-5,9,23,5,9,2475,DL,LAX,15
2,9,23,5,15,2475,DL,LAX,15
0,9,23,5,7,2475,DL,LAX,15
-2,9,23,5,12,2475,DL,LAX,15
73,9,23,5,21,2475,DL,LAX,15
-5,9,23,5,19,2475,DL,LAX,15
-6,9,24,6,17,2475,DL,LAX,14
-4,9,24,6,9,2475,DL,LAX,14
10,9,24,6,12,2475,DL,LAX,14
-6,9,24,6,15,2475,DL,LAX,14
-4,9,24,6,19,2475,DL,LAX,14
21,9,25,7,17,2475,DL,LAX,13
-3,9,25,7,9,2475,DL,LAX,13
-2,9,25,7,15,2475,DL,LAX,13
-4,9,25,7,12,2475,DL,LAX,13
1,9,25,7,21,2475,DL,LAX,13
0,9,25,7,19,2475,DL,LAX,13
-2,9,26,1,17,2475,DL,LAX,12
-6,9,26,1,9,2475,DL,LAX,12
3,9,26,1,7,2475,DL,LAX,12
-5,9,26,1,12,2475,DL,LAX,12
10,9,26,1,15,2475,DL,LAX,12
25,9,26,1,21,2475,DL,LAX,12
-2,9,26,1,19,2475,DL,LAX,12
1,9,27,2,17,2475,DL,LAX,11
-4,9,27,2,9,2475,DL,LAX,11
-5,9,27,2,7,2475,DL,LAX,11
-3,9,27,2,12,2475,DL,LAX,11
-1,9,27,2,15,2475,DL,LAX,11
31,9,27,2,21,2475,DL,LAX,11
0,9,27,2,19,2475,DL,LAX,11
-6,9,28,3,17,2475,DL,LAX,10
-4,9,28,3,9,2475,DL,LAX,10
-5,9,28,3,15,2475,DL,LAX,10
-4,9,28,3,7,2475,DL,LAX,10
0,9,28,3,12,2475,DL,LAX,10
46,9,28,3,21,2475,DL,LAX,10
85,9,28,3,19,2475,DL,LAX,10
10,9,29,4,17,2475,DL,LAX,9
4,9,29,4,9,2475,DL,LAX,9
-4,9,29,4,7,2475,DL,LAX,9
-4,9,29,4,12,2475,DL,LAX,9
2,9,29,4,15,2475,DL,LAX,9
24,9,29,4,21,2475,DL,LAX,9
25,9,29,4,19,2475,DL,LAX,9
-4,9,30,5,17,2475,DL,LAX,8
-6,9,30,5,9,2475,DL,LAX,8
-2,9,30,5,15,2475,DL,LAX,8
-4,9,30,5,7,2475,DL,LAX,8
-5,9,30,5,12,2475,DL,LAX,8
18,9,30,5,21,2475,DL,LAX,8
-8,9,30,5,19,2475,DL,LAX,8
