1,1,4,2,20,2475,UA,LAX,3
-3,1,5,3,20,2475,UA,LAX,4
-5,1,6,4,20,2475,UA,LAX,5
68,1,7,5,20,2475,UA,LAX,6
56,1,9,7,20,2475,UA,LAX,6
92,1,10,1,20,2475,UA,LAX,5
-4,1,11,2,20,2475,UA,LAX,4
-3,1,12,3,20,2475,UA,LAX,3
-4,1,13,4,20,2475,UA,LAX,2
-6,1,14,5,20,2475,UA,LAX,1
-13,1,16,7,20,2475,UA,LAX,1
-7,1,17,1,20,2475,UA,LAX,2
51,1,18,2,20,2475,UA,LAX,3
-9,1,19,3,20,2475,UA,LAX,4
8,1,20,4,20,2475,UA,LAX,5
73,1,21,5,20,2475,UA,LAX,6
88,1,23,7,20,2475,UA,LAX,8
7,1,24,1,20,2475,UA,LAX,9
-7,1,25,2,20,2475,UA,LAX,10
213,1,27,4,20,2475,UA,LAX,12
0,1,28,5,20,2475,UA,LAX,13
13,1,30,7,20,2475,UA,LAX,15
-5,1,31,1,20,2475,UA,LAX,16
49,1,1,6,8,2475,UA,LAX,0
-6,1,2,7,8,2475,UA,LAX,1
-6,1,3,1,8,2475,UA,LAX,2
-4,1,4,2,8,2475,UA,LAX,3
4,1,5,3,8,2475,UA,LAX,4
5,1,6,4,8,2475,UA,LAX,5
-1,1,7,5,8,2475,UA,LAX,6
-9,1,8,6,8,2475,UA,LAX,7
-4,1,9,7,8,2475,UA,LAX,6
-3,1,10,1,8,2475,UA,LAX,5
-1,1,11,2,8,2475,UA,LAX,4
-5,1,13,4,8,2475,UA,LAX,2
-4,1,14,5,8,2475,UA,LAX,1
-2,1,15,6,8,2475,UA,LAX,0
19,1,16,7,8,2475,UA,LAX,1
-6,1,17,1,8,2475,UA,LAX,2
14,1,18,2,8,2475,UA,LAX,3
-1,1,19,3,8,2475,UA,LAX,4
-6,1,20,4,8,2475,UA,LAX,5
23,1,21,5,8,2475,UA,LAX,6
1,1,22,6,8,2475,UA,LAX,7
-6,1,23,7,8,2475,UA,LAX,8
-7,1,24,1,8,2475,UA,LAX,9
-7,1,25,2,8,2475,UA,LAX,10
-3,1,26,3,8,2475,UA,LAX,11
2,1,28,5,8,2475,UA,LAX,13
-4,1,29,6,8,2475,UA,LAX,14
-8,1,30,7,8,2475,UA,LAX,15
-8,1,31,1,8,2475,UA,LAX,16
26,1,1,6,18,2475,UA,LAX,0
39,1,2,7,18,2475,UA,LAX,1
-3,1,3,1,18,2475,UA,LAX,2
56,1,4,2,18,2475,UA,LAX,3
-5,1,5,3,18,2475,UA,LAX,4
-4,1,6,4,18,2475,UA,LAX,5
3,1,7,5,18,2475,UA,LAX,6
-3,1,8,6,18,2475,UA,LAX,7
35,1,9,7,18,2475,UA,LAX,6
-5,1,10,1,18,2475,UA,LAX,5
0,1,11,2,18,2475,UA,LAX,4
7,1,12,3,18,2475,UA,LAX,3
-1,1,13,4,18,2475,UA,LAX,2
8,1,14,5,18,2475,UA,LAX,1
3,1,15,6,18,2475,UA,LAX,0
-6,1,16,7,18,2475,UA,LAX,1
-3,1,17,1,18,2475,UA,LAX,2
0,1,18,2,18,2475,UA,LAX,3
-6,1,19,3,18,2475,UA,LAX,4
1,1,20,4,18,2475,UA,LAX,5
-2,1,21,5,18,2475,UA,LAX,6
-7,1,22,6,18,2475,UA,LAX,7
-3,1,23,7,18,2475,UA,LAX,8
11,1,24,1,18,2475,UA,LAX,9
-3,1,25,2,18,2475,UA,LAX,10
-2,1,26,3,18,2475,UA,LAX,11
69,1,27,4,18,2475,UA,LAX,12
-5,1,28,5,18,2475,UA,LAX,13
0,1,29,6,18,2475,UA,LAX,14
-2,1,30,7,18,2475,UA,LAX,15
-2,1,31,1,18,2475,UA,LAX,16
35,1,1,6,15,2475,UA,LAX,0
-3,1,2,7,15,2475,UA,LAX,1
-1,1,3,1,15,2475,UA,LAX,2
-3,1,4,2,15,2475,UA,LAX,3
-7,1,5,3,15,2475,UA,LAX,4
-3,1,6,4,15,2475,UA,LAX,5
-3,1,7,5,15,2475,UA,LAX,6
27,1,8,6,15,2475,UA,LAX,7
0,1,9,7,15,2475,UA,LAX,6
32,1,10,1,15,2475,UA,LAX,5
-1,1,11,2,15,2475,UA,LAX,4
0,1,12,3,15,2475,UA,LAX,3
1,1,13,4,15,2475,UA,LAX,2
-2,1,14,5,15,2475,UA,LAX,1
3,1,15,6,15,2475,UA,LAX,0
-3,1,16,7,15,2475,UA,LAX,1
-4,1,17,1,15,2475,UA,LAX,2
14,1,18,2,15,2475,UA,LAX,3
-3,1,19,3,15,2475,UA,LAX,4
-3,1,20,4,15,2475,UA,LAX,5
-6,1,21,5,15,2475,UA,LAX,6
49,1,22,6,15,2475,UA,LAX,7
42,1,23,7,15,2475,UA,LAX,8
-5,1,24,1,15,2475,UA,LAX,9
-5,1,25,2,15,2475,UA,LAX,10
0,1,26,3,15,2475,UA,LAX,11
22,1,27,4,15,2475,UA,LAX,12
16,1,28,5,15,2475,UA,LAX,13
-6,1,29,6,15,2475,UA,LAX,14
-2,1,30,7,15,2475,UA,LAX,15
-1,1,31,1,15,2475,UA,LAX,16
0,1,1,6,11,2475,UA,LAX,0
-3,1,2,7,11,2475,UA,LAX,1
-1,1,3,1,11,2475,UA,LAX,2
-4,1,4,2,11,2475,UA,LAX,3
-5,1,5,3,11,2475,UA,LAX,4
-2,1,6,4,11,2475,UA,LAX,5
-4,1,7,5,11,2475,UA,LAX,6
-3,1,8,6,11,2475,UA,LAX,7
-3,1,9,7,11,2475,UA,LAX,6
-1,1,10,1,11,2475,UA,LAX,5
-4,1,11,2,11,2475,UA,LAX,4
0,1,13,4,11,2475,UA,LAX,2
-3,1,14,5,11,2475,UA,LAX,1
-6,1,15,6,11,2475,UA,LAX,0
-6,1,16,7,11,2475,UA,LAX,1
-3,1,17,1,11,2475,UA,LAX,2
-1,1,18,2,11,2475,UA,LAX,3
-4,1,19,3,11,2475,UA,LAX,4
13,1,20,4,11,2475,UA,LAX,5
-7,1,21,5,11,2475,UA,LAX,6
-6,1,22,6,11,2475,UA,LAX,7
-4,1,23,7,11,2475,UA,LAX,8
-5,1,24,1,11,2475,UA,LAX,9
2,1,25,2,11,2475,UA,LAX,10
0,1,26,3,11,2475,UA,LAX,11
0,1,28,5,11,2475,UA,LAX,13
-2,1,29,6,11,2475,UA,LAX,14
-5,1,30,7,11,2475,UA,LAX,15
-2,1,31,1,11,2475,UA,LAX,16
0,1,2,7,20,2475,UA,LAX,1
-1,1,3,1,20,2475,UA,LAX,2
-5,1,1,6,6,2475,UA,LAX,0
-2,1,2,7,6,2475,UA,LAX,1
-2,1,3,1,6,2475,UA,LAX,2
0,1,4,2,6,2475,UA,LAX,3
0,1,5,3,6,2475,UA,LAX,4
-4,1,6,4,6,2475,UA,LAX,5
-1,1,7,5,6,2475,UA,LAX,6
1,1,8,6,6,2475,UA,LAX,7
0,1,9,7,6,2475,UA,LAX,6
2,1,10,1,6,2475,UA,LAX,5
-3,1,11,2,6,2475,UA,LAX,4
-5,1,13,4,6,2475,UA,LAX,2
-1,1,14,5,6,2475,UA,LAX,1
0,1,15,6,6,2475,UA,LAX,0
-4,1,16,7,6,2475,UA,LAX,1
-6,1,17,1,6,2475,UA,LAX,2
39,1,18,2,6,2475,UA,LAX,3
-6,1,19,3,6,2475,UA,LAX,4
-4,1,20,4,6,2475,UA,LAX,5
0,1,22,6,6,2475,UA,LAX,7
-3,1,23,7,6,2475,UA,LAX,8
-1,1,24,1,6,2475,UA,LAX,9
2,1,25,2,6,2475,UA,LAX,10
-4,1,26,3,6,2475,UA,LAX,11
-7,1,28,5,6,2475,UA,LAX,13
-5,1,29,6,6,2475,UA,LAX,14
-5,1,30,7,6,2475,UA,LAX,15
-2,1,31,1,6,2475,UA,LAX,16
14,2,1,2,9,2475,AA,LAX,17
1,2,3,4,9,2475,AA,LAX,16
0,2,4,5,9,2475,AA,LAX,15
2,2,5,6,9,2475,AA,LAX,14
-2,2,6,7,9,2475,AA,LAX,13
-6,2,7,1,9,2475,AA,LAX,12
-4,2,8,2,9,2475,AA,LAX,11
-9,2,9,3,9,2475,AA,LAX,10
-6,2,10,4,9,2475,AA,LAX,9
2,2,11,5,9,2475,AA,LAX,8
-6,2,12,6,9,2475,AA,LAX,7
-7,2,13,7,9,2475,AA,LAX,6
23,2,14,1,9,2475,AA,LAX,5
-8,2,15,2,9,2475,AA,LAX,4
6,2,16,3,9,2475,AA,LAX,3
-3,2,17,4,9,2475,AA,LAX,2
1,2,18,5,9,2475,AA,LAX,1
-1,2,19,6,9,2475,AA,LAX,0
-2,2,20,7,9,2475,AA,LAX,1
45,2,21,1,9,2475,AA,LAX,2
-15,2,22,2,9,2475,AA,LAX,3
-3,2,23,3,9,2475,AA,LAX,4
-7,2,24,4,9,2475,AA,LAX,5
0,2,25,5,9,2475,AA,LAX,6
-6,2,26,6,9,2475,AA,LAX,7
-6,2,27,7,9,2475,AA,LAX,8
-5,2,28,1,9,2475,AA,LAX,9
24,2,1,2,11,2475,AA,LAX,17
9,2,2,3,11,2475,AA,LAX,17
-4,2,3,4,11,2475,AA,LAX,16
-2,2,4,5,11,2475,AA,LAX,15
-3,2,5,6,11,2475,AA,LAX,14
25,2,6,7,11,2475,AA,LAX,13
-1,2,7,1,11,2475,AA,LAX,12
-5,2,8,2,11,2475,AA,LAX,11
-7,2,9,3,11,2475,AA,LAX,10
-7,2,10,4,12,2475,AA,LAX,9
-7,2,11,5,12,2475,AA,LAX,8
73,2,12,6,12,2475,AA,LAX,7
-1,2,13,7,12,2475,AA,LAX,6
46,2,14,1,12,2475,AA,LAX,5
19,2,15,2,12,2475,AA,LAX,4
-5,2,16,3,12,2475,AA,LAX,3
-6,2,17,4,12,2475,AA,LAX,2
-5,2,18,5,12,2475,AA,LAX,1
-3,2,19,6,12,2475,AA,LAX,0
-10,2,20,7,12,2475,AA,LAX,1
-5,2,21,1,12,2475,AA,LAX,2
-8,2,22,2,12,2475,AA,LAX,3
-7,2,23,3,12,2475,AA,LAX,4
-5,2,24,4,12,2475,AA,LAX,5
-5,2,25,5,12,2475,AA,LAX,6
-7,2,26,6,12,2475,AA,LAX,7
-11,2,27,7,12,2475,AA,LAX,8
-5,2,28,1,12,2475,AA,LAX,9
-5,2,1,2,10,2475,AA,LAX,17
-4,2,3,4,10,2475,AA,LAX,16
-7,2,4,5,10,2475,AA,LAX,15
3,2,6,7,10,2475,AA,LAX,13
-6,2,7,1,10,2475,AA,LAX,12
-9,2,8,2,10,2475,AA,LAX,11
-10,2,9,3,10,2475,AA,LAX,10
-8,2,10,4,10,2475,AA,LAX,9
-8,2,11,5,10,2475,AA,LAX,8
-6,2,13,7,10,2475,AA,LAX,6
-3,2,14,1,10,2475,AA,LAX,5
-12,2,15,2,10,2475,AA,LAX,4
-7,2,16,3,10,2475,AA,LAX,3
6,2,17,4,10,2475,AA,LAX,2
-4,2,18,5,10,2475,AA,LAX,1
-4,2,20,7,10,2475,AA,LAX,1
-3,2,21,1,10,2475,AA,LAX,2
4,2,22,2,10,2475,AA,LAX,3
-7,2,23,3,10,2475,AA,LAX,4
-1,2,24,4,10,2475,AA,LAX,5
-2,2,25,5,10,2475,AA,LAX,6
-6,2,27,7,10,2475,AA,LAX,8
-8,2,28,1,10,2475,AA,LAX,9
13,2,1,2,19,2475,AA,LAX,17
23,2,2,3,19,2475,AA,LAX,17
4,2,3,4,19,2475,AA,LAX,16
-3,2,4,5,19,2475,AA,LAX,15
6,2,5,6,19,2475,AA,LAX,14
57,2,6,7,19,2475,AA,LAX,13
-6,2,7,1,19,2475,AA,LAX,12
-3,2,8,2,19,2475,AA,LAX,11
15,2,9,3,19,2475,AA,LAX,10
-1,2,10,4,19,2475,AA,LAX,9
1,2,11,5,19,2475,AA,LAX,8
-1,2,13,7,19,2475,AA,LAX,6
7,2,14,1,19,2475,AA,LAX,5
54,2,15,2,19,2475,AA,LAX,4
-6,2,16,3,19,2475,AA,LAX,3
0,2,17,4,19,2475,AA,LAX,2
4,2,18,5,19,2475,AA,LAX,1
44,2,19,6,19,2475,AA,LAX,0
8,2,21,1,19,2475,AA,LAX,2
-1,2,22,2,19,2475,AA,LAX,3
29,2,23,3,19,2475,AA,LAX,4
-7,2,24,4,19,2475,AA,LAX,5
-2,2,25,5,19,2475,AA,LAX,6
-8,2,26,6,19,2475,AA,LAX,7
-2,2,27,7,19,2475,AA,LAX,8
2,2,28,1,19,2475,AA,LAX,9
24,2,1,2,7,2475,AA,LAX,17
-1,2,3,4,7,2475,AA,LAX,16
-2,2,4,5,7,2475,AA,LAX,15
-3,2,5,6,7,2475,AA,LAX,14
3,2,6,7,7,2475,AA,LAX,13
-6,2,7,1,7,2475,AA,LAX,12
-8,2,8,2,7,2475,AA,LAX,11
77,2,9,3,7,2475,AA,LAX,10
-2,2,10,4,7,2475,AA,LAX,9
-4,2,11,5,7,2475,AA,LAX,8
1,2,12,6,7,2475,AA,LAX,7
0,2,13,7,7,2475,AA,LAX,6
0,2,14,1,7,2475,AA,LAX,5
0,2,15,2,7,2475,AA,LAX,4
19,2,16,3,7,2475,AA,LAX,3
12,2,17,4,7,2475,AA,LAX,2
-4,2,18,5,7,2475,AA,LAX,1
2,2,19,6,7,2475,AA,LAX,0
1,2,20,7,7,2475,AA,LAX,1
33,2,21,1,7,2475,AA,LAX,2
-4,2,22,2,7,2475,AA,LAX,3
-1,2,23,3,7,2475,AA,LAX,4
-3,2,24,4,7,2475,AA,LAX,5
0,2,25,5,7,2475,AA,LAX,6
16,2,26,6,7,2475,AA,LAX,7
1,2,27,7,7,2475,AA,LAX,8
-3,2,28,1,7,2475,AA,LAX,9
5,2,1,2,13,2475,AA,LAX,17
10,2,2,3,13,2475,AA,LAX,17
-2,2,3,4,13,2475,AA,LAX,16
-6,2,4,5,13,2475,AA,LAX,15
-5,2,5,6,13,2475,AA,LAX,14
-6,2,7,1,13,2475,AA,LAX,12
-3,2,8,2,13,2475,AA,LAX,11
-10,2,9,3,13,2475,AA,LAX,10
0,2,10,4,13,2475,AA,LAX,9
3,2,11,5,13,2475,AA,LAX,8
-4,2,12,6,13,2475,AA,LAX,7
-3,2,14,1,13,2475,AA,LAX,5
-5,2,15,2,13,2475,AA,LAX,4
-5,2,16,3,13,2475,AA,LAX,3
-4,2,17,4,13,2475,AA,LAX,2
-3,2,18,5,13,2475,AA,LAX,1
4,2,19,6,13,2475,AA,LAX,0
8,2,20,7,13,2475,AA,LAX,1
-5,2,21,1,13,2475,AA,LAX,2
0,2,22,2,13,2475,AA,LAX,3
-2,2,23,3,13,2475,AA,LAX,4
3,2,24,4,13,2475,AA,LAX,5
9,2,25,5,13,2475,AA,LAX,6
3,2,26,6,13,2475,AA,LAX,7
-9,2,27,7,13,2475,AA,LAX,8
110,2,28,1,13,2475,AA,LAX,9
65,2,1,2,15,2475,AA,LAX,17
39,2,2,3,15,2475,AA,LAX,17
-4,2,3,4,15,2475,AA,LAX,16
-2,2,4,5,15,2475,AA,LAX,15
-3,2,6,7,15,2475,AA,LAX,13
40,2,8,2,15,2475,AA,LAX,11
1,2,9,3,15,2475,AA,LAX,10
36,2,10,4,15,2475,AA,LAX,9
-2,2,11,5,15,2475,AA,LAX,8
4,2,12,6,15,2475,AA,LAX,7
5,2,13,7,15,2475,AA,LAX,6
0,2,14,1,15,2475,AA,LAX,5
3,2,15,2,15,2475,AA,LAX,4
5,2,16,3,15,2475,AA,LAX,3
-2,2,17,4,15,2475,AA,LAX,2
1,2,18,5,15,2475,AA,LAX,1
35,2,19,6,15,2475,AA,LAX,0
15,2,20,7,15,2475,AA,LAX,1
-3,2,21,1,15,2475,AA,LAX,2
22,2,22,2,15,2475,AA,LAX,3
2,2,23,3,15,2475,AA,LAX,4
-1,2,24,4,15,2475,AA,LAX,5
33,2,25,5,15,2475,AA,LAX,6
-4,2,26,6,15,2475,AA,LAX,7
-1,2,27,7,15,2475,AA,LAX,8
-3,2,28,1,15,2475,AA,LAX,9
6,2,1,2,16,2475,AA,LAX,17
-3,2,2,3,16,2475,AA,LAX,17
1,2,3,4,16,2475,AA,LAX,16
2,2,4,5,16,2475,AA,LAX,15
0,2,5,6,16,2475,AA,LAX,14
-4,2,6,7,16,2475,AA,LAX,13
8,2,7,1,16,2475,AA,LAX,12
0,2,8,2,16,2475,AA,LAX,11
-3,2,9,3,16,2475,AA,LAX,10
-1,2,10,4,17,2475,AA,LAX,9
3,2,11,5,17,2475,AA,LAX,8
-7,2,12,6,17,2475,AA,LAX,7
0,2,13,7,17,2475,AA,LAX,6
97,2,14,1,17,2475,AA,LAX,5
-1,2,15,2,17,2475,AA,LAX,4
0,2,16,3,17,2475,AA,LAX,3
-5,2,17,4,17,2475,AA,LAX,2
-5,2,18,5,17,2475,AA,LAX,1
45,2,19,6,17,2475,AA,LAX,0
-5,2,20,7,17,2475,AA,LAX,1
-1,2,21,1,17,2475,AA,LAX,2
0,2,22,2,17,2475,AA,LAX,3
8,2,23,3,17,2475,AA,LAX,4
-5,2,24,4,17,2475,AA,LAX,5
95,2,25,5,17,2475,AA,LAX,6
-1,2,26,6,17,2475,AA,LAX,7
1,2,27,7,17,2475,AA,LAX,8
-5,2,28,1,17,2475,AA,LAX,9
-8,2,2,3,21,2475,AA,LAX,17
5,2,3,4,21,2475,AA,LAX,16
-1,2,4,5,21,2475,AA,LAX,15
42,2,5,6,21,2475,AA,LAX,14
-5,2,6,7,21,2475,AA,LAX,13
68,2,7,1,21,2475,AA,LAX,12
-2,2,8,2,21,2475,AA,LAX,11
-4,2,9,3,21,2475,AA,LAX,10
4,2,10,4,21,2475,AA,LAX,9
-5,2,11,5,21,2475,AA,LAX,8
23,2,12,6,21,2475,AA,LAX,7
56,2,13,7,21,2475,AA,LAX,6
-5,2,14,1,21,2475,AA,LAX,5
0,2,15,2,21,2475,AA,LAX,4
0,2,16,3,21,2475,AA,LAX,3
0,2,17,4,21,2475,AA,LAX,2
14,2,18,5,21,2475,AA,LAX,1
3,2,20,7,21,2475,AA,LAX,1
3,2,21,1,21,2475,AA,LAX,2
0,2,22,2,21,2475,AA,LAX,3
-3,2,23,3,21,2475,AA,LAX,4
18,2,24,4,21,2475,AA,LAX,5
75,2,25,5,21,2475,AA,LAX,6
-4,2,26,6,21,2475,AA,LAX,7
-4,2,27,7,21,2475,AA,LAX,8
-5,2,28,1,21,2475,AA,LAX,9
1,2,1,2,6,2475,AA,LAX,17
-2,2,3,4,6,2475,AA,LAX,16
-2,2,4,5,6,2475,AA,LAX,15
-2,2,6,7,6,2475,AA,LAX,13
-8,2,7,1,6,2475,AA,LAX,12
-3,2,8,2,6,2475,AA,LAX,11
-1,2,9,3,6,2475,AA,LAX,10
-8,2,10,4,6,2475,AA,LAX,9
1,2,11,5,6,2475,AA,LAX,8
-7,2,12,6,6,2475,AA,LAX,7
-2,2,13,7,6,2475,AA,LAX,6
-3,2,14,1,6,2475,AA,LAX,5
-1,2,15,2,6,2475,AA,LAX,4
-4,2,16,3,6,2475,AA,LAX,3
-4,2,17,4,6,2475,AA,LAX,2
22,2,18,5,6,2475,AA,LAX,1
2,2,19,6,6,2475,AA,LAX,0
-1,2,20,7,6,2475,AA,LAX,1
-2,2,21,1,6,2475,AA,LAX,2
-2,2,22,2,6,2475,AA,LAX,3
-1,2,23,3,6,2475,AA,LAX,4
-3,2,24,4,6,2475,AA,LAX,5
-4,2,25,5,6,2475,AA,LAX,6
-5,2,26,6,6,2475,AA,LAX,7
-6,2,27,7,6,2475,AA,LAX,8
-7,2,28,1,6,2475,AA,LAX,9
8,2,1,2,7,2475,B6,LAX,17
-3,2,2,3,18,2475,B6,LAX,17
-6,2,3,4,7,2475,B6,LAX,16
53,2,3,4,15,2475,B6,LAX,16
-2,2,3,4,18,2475,B6,LAX,16
-1,2,4,5,7,2475,B6,LAX,15
-4,2,4,5,15,2475,B6,LAX,15
1,2,4,5,18,2475,B6,LAX,15
-2,2,5,6,7,2475,B6,LAX,14
-6,2,5,6,18,2475,B6,LAX,14
5,2,6,7,7,2475,B6,LAX,13
-6,2,6,7,15,2475,B6,LAX,13
-8,2,6,7,18,2475,B6,LAX,13
0,2,7,1,7,2475,B6,LAX,12
-4,2,7,1,15,2475,B6,LAX,12
-3,2,7,1,18,2475,B6,LAX,12
-2,2,8,2,7,2475,B6,LAX,11
-2,2,8,2,18,2475,B6,LAX,11
34,2,9,3,7,2475,B6,LAX,10
-3,2,9,3,18,2475,B6,LAX,10
-1,2,10,4,7,2475,B6,LAX,9
15,2,10,4,15,2475,B6,LAX,9
16,2,10,4,18,2475,B6,LAX,9
-3,2,11,5,7,2475,B6,LAX,8
11,2,11,5,15,2475,B6,LAX,8
1,2,11,5,18,2475,B6,LAX,8
-5,2,12,6,7,2475,B6,LAX,7
0,2,12,6,18,2475,B6,LAX,7
-5,2,13,7,7,2475,B6,LAX,6
25,2,13,7,15,2475,B6,LAX,6
7,2,13,7,18,2475,B6,LAX,6
2,2,14,1,7,2475,B6,LAX,5
22,2,14,1,15,2475,B6,LAX,5
-2,2,14,1,18,2475,B6,LAX,5
1,2,15,2,7,2475,B6,LAX,4
-7,2,15,2,18,2475,B6,LAX,4
1,2,16,3,7,2475,B6,LAX,3
-7,2,16,3,18,2475,B6,LAX,3
-4,2,17,4,7,2475,B6,LAX,2
87,2,17,4,15,2475,B6,LAX,2
-1,2,17,4,18,2475,B6,LAX,2
-2,2,18,5,7,2475,B6,LAX,1
3,2,18,5,15,2475,B6,LAX,1
-3,2,18,5,18,2475,B6,LAX,1
2,2,19,6,15,2475,B6,LAX,0
75,2,19,6,18,2475,B6,LAX,0
18,2,20,7,7,2475,B6,LAX,1
78,2,20,7,15,2475,B6,LAX,1
20,2,20,7,18,2475,B6,LAX,1
-1,2,21,1,7,2475,B6,LAX,2
-3,2,21,1,15,2475,B6,LAX,2
-2,2,21,1,18,2475,B6,LAX,2
2,2,22,2,7,2475,B6,LAX,3
26,2,22,2,15,2475,B6,LAX,3
5,2,22,2,18,2475,B6,LAX,3
-2,2,23,3,7,2475,B6,LAX,4
-1,2,23,3,15,2475,B6,LAX,4
-4,2,23,3,18,2475,B6,LAX,4
-2,2,24,4,7,2475,B6,LAX,5
1,2,24,4,15,2475,B6,LAX,5
0,2,24,4,18,2475,B6,LAX,5
54,2,25,5,7,2475,B6,LAX,6
9,2,25,5,15,2475,B6,LAX,6
30,2,25,5,18,2475,B6,LAX,6
-5,2,26,6,15,2475,B6,LAX,7
0,2,26,6,18,2475,B6,LAX,7
-4,2,27,7,7,2475,B6,LAX,8
-4,2,27,7,15,2475,B6,LAX,8
7,2,27,7,18,2475,B6,LAX,8
-3,2,28,1,7,2475,B6,LAX,9
29,2,28,1,15,2475,B6,LAX,9
-5,2,28,1,18,2475,B6,LAX,9
-2,2,1,2,21,2475,DL,LAX,17
-8,2,1,2,7,2475,DL,LAX,17
-4,2,1,2,9,2475,DL,LAX,17
-1,2,1,2,12,2475,DL,LAX,17
-1,2,2,3,17,2475,DL,LAX,17
11,2,2,3,21,2475,DL,LAX,17
-1,2,2,3,19,2475,DL,LAX,17
-3,2,2,3,7,2475,DL,LAX,17
-5,2,2,3,9,2475,DL,LAX,17
-6,2,2,3,12,2475,DL,LAX,17
13,2,3,4,15,2475,DL,LAX,16
5,2,3,4,17,2475,DL,LAX,16
0,2,3,4,21,2475,DL,LAX,16
-2,2,3,4,19,2475,DL,LAX,16
0,2,3,4,7,2475,DL,LAX,16
-6,2,3,4,9,2475,DL,LAX,16
-2,2,3,4,12,2475,DL,LAX,16
19,2,4,5,15,2475,DL,LAX,15
177,2,4,5,17,2475,DL,LAX,15
43,2,4,5,21,2475,DL,LAX,15
233,2,4,5,19,2475,DL,LAX,15
-4,2,4,5,7,2475,DL,LAX,15
-6,2,4,5,9,2475,DL,LAX,15
-1,2,4,5,12,2475,DL,LAX,15
-5,2,5,6,15,2475,DL,LAX,14
0,2,5,6,17,2475,DL,LAX,14
-2,2,5,6,19,2475,DL,LAX,14
0,2,5,6,9,2475,DL,LAX,14
-3,2,5,6,12,2475,DL,LAX,14
-4,2,6,7,15,2475,DL,LAX,13
-3,2,6,7,17,2475,DL,LAX,13
31,2,6,7,21,2475,DL,LAX,13
-2,2,6,7,19,2475,DL,LAX,13
23,2,6,7,9,2475,DL,LAX,13
-2,2,6,7,12,2475,DL,LAX,13
-3,2,7,1,15,2475,DL,LAX,12
-1,2,7,1,17,2475,DL,LAX,12
-5,2,7,1,21,2475,DL,LAX,12
-3,2,7,1,19,2475,DL,LAX,12
-3,2,7,1,7,2475,DL,LAX,12
0,2,7,1,9,2475,DL,LAX,12
-8,2,7,1,12,2475,DL,LAX,12
-1,2,8,2,15,2475,DL,LAX,11
-1,2,8,2,17,2475,DL,LAX,11
-4,2,8,2,21,2475,DL,LAX,11
18,2,8,2,19,2475,DL,LAX,11
-4,2,8,2,7,2475,DL,LAX,11
-4,2,8,2,9,2475,DL,LAX,11
3,2,8,2,12,2475,DL,LAX,11
-1,2,9,3,15,2475,DL,LAX,10
-3,2,9,3,17,2475,DL,LAX,10
-1,2,9,3,21,2475,DL,LAX,10
-4,2,9,3,19,2475,DL,LAX,10
-6,2,9,3,7,2475,DL,LAX,10
-3,2,9,3,9,2475,DL,LAX,10
-3,2,9,3,12,2475,DL,LAX,10
62,2,10,4,15,2475,DL,LAX,9
6,2,10,4,17,2475,DL,LAX,9
-4,2,10,4,21,2475,DL,LAX,9
0,2,10,4,19,2475,DL,LAX,9
-5,2,10,4,7,2475,DL,LAX,9
-1,2,10,4,9,2475,DL,LAX,9
-3,2,10,4,12,2475,DL,LAX,9
-1,2,11,5,15,2475,DL,LAX,8
-3,2,11,5,17,2475,DL,LAX,8
87,2,11,5,21,2475,DL,LAX,8
-4,2,11,5,19,2475,DL,LAX,8
-5,2,11,5,7,2475,DL,LAX,8
-8,2,11,5,9,2475,DL,LAX,8
3,2,11,5,12,2475,DL,LAX,8
0,2,12,6,15,2475,DL,LAX,7
-2,2,12,6,19,2475,DL,LAX,7
-3,2,12,6,9,2475,DL,LAX,7
110,2,12,6,12,2475,DL,LAX,7
1,2,13,7,15,2475,DL,LAX,6
0,2,13,7,17,2475,DL,LAX,6
1,2,13,7,21,2475,DL,LAX,6
8,2,13,7,19,2475,DL,LAX,6
3,2,13,7,9,2475,DL,LAX,6
-1,2,13,7,12,2475,DL,LAX,6
-5,2,14,1,15,2475,DL,LAX,5
-6,2,14,1,17,2475,DL,LAX,5
-7,2,14,1,21,2475,DL,LAX,5
-7,2,14,1,19,2475,DL,LAX,5
-5,2,14,1,7,2475,DL,LAX,5
0,2,14,1,9,2475,DL,LAX,5
-6,2,14,1,12,2475,DL,LAX,5
-4,2,15,2,15,2475,DL,LAX,4
-5,2,15,2,17,2475,DL,LAX,4
11,2,15,2,21,2475,DL,LAX,4
-2,2,15,2,19,2475,DL,LAX,4
-5,2,15,2,7,2475,DL,LAX,4
-2,2,15,2,9,2475,DL,LAX,4
1,2,15,2,12,2475,DL,LAX,4
12,2,16,3,15,2475,DL,LAX,3
0,2,16,3,17,2475,DL,LAX,3
4,2,16,3,21,2475,DL,LAX,3
2,2,16,3,19,2475,DL,LAX,3
0,2,16,3,7,2475,DL,LAX,3
4,2,16,3,9,2475,DL,LAX,3
0,2,16,3,12,2475,DL,LAX,3
-2,2,17,4,15,2475,DL,LAX,2
2,2,17,4,17,2475,DL,LAX,2
1,2,17,4,21,2475,DL,LAX,2
0,2,17,4,19,2475,DL,LAX,2
-3,2,17,4,7,2475,DL,LAX,2
-8,2,17,4,9,2475,DL,LAX,2
-3,2,17,4,12,2475,DL,LAX,2
-4,2,18,5,15,2475,DL,LAX,1
61,2,18,5,17,2475,DL,LAX,1
-2,2,18,5,21,2475,DL,LAX,1
10,2,18,5,19,2475,DL,LAX,1
0,2,18,5,7,2475,DL,LAX,1
26,2,18,5,9,2475,DL,LAX,1
133,2,18,5,12,2475,DL,LAX,1
-3,2,19,6,15,2475,DL,LAX,0
-5,2,19,6,17,2475,DL,LAX,0
192,2,19,6,21,2475,DL,LAX,0
39,2,19,6,19,2475,DL,LAX,0
-3,2,19,6,9,2475,DL,LAX,0
-3,2,19,6,12,2475,DL,LAX,0
-6,2,20,7,15,2475,DL,LAX,1
5,2,20,7,17,2475,DL,LAX,1
17,2,20,7,21,2475,DL,LAX,1
1,2,20,7,19,2475,DL,LAX,1
-1,2,20,7,9,2475,DL,LAX,1
-4,2,20,7,12,2475,DL,LAX,1
19,2,21,1,15,2475,DL,LAX,2
-6,2,21,1,17,2475,DL,LAX,2
