-4,11,1,2,7,2475,B6,LAX,10
-4,11,1,2,11,2475,B6,LAX,10
0,11,1,2,16,2475,B6,LAX,10
-5,11,1,2,20,2475,B6,LAX,10
4,11,1,2,9,2475,B6,LAX,10
-4,11,2,3,7,2475,B6,LAX,9
-1,11,2,3,11,2475,B6,LAX,9
-6,11,2,3,16,2475,B6,LAX,9
-6,11,2,3,20,2475,B6,LAX,9
1,11,2,3,9,2475,B6,LAX,9
-6,11,3,4,7,2475,B6,LAX,8
-5,11,3,4,11,2475,B6,LAX,8
-8,11,3,4,16,2475,B6,LAX,8
-3,11,3,4,20,2475,B6,LAX,8
-5,11,3,4,9,2475,B6,LAX,8
-4,11,4,5,7,2475,B6,LAX,7
-5,11,4,5,11,2475,B6,LAX,7
-3,11,4,5,16,2475,B6,LAX,7
-7,11,4,5,20,2475,B6,LAX,7
-5,11,4,5,9,2475,B6,LAX,7
-3,11,5,6,11,2475,B6,LAX,6
-3,11,5,6,16,2475,B6,LAX,6
-6,11,5,6,20,2475,B6,LAX,6
-1,11,5,6,9,2475,B6,LAX,6
-5,11,6,7,7,2475,B6,LAX,5
-4,11,6,7,11,2475,B6,LAX,5
-6,11,6,7,16,2475,B6,LAX,5
5,11,6,7,20,2475,B6,LAX,5
-4,11,6,7,9,2475,B6,LAX,5
6,11,7,1,7,2475,B6,LAX,4
-4,11,7,1,11,2475,B6,LAX,4
0,11,7,1,16,2475,B6,LAX,4
8,11,7,1,20,2475,B6,LAX,4
-2,11,7,1,9,2475,B6,LAX,4
-5,11,8,2,7,2475,B6,LAX,3
-6,11,8,2,11,2475,B6,LAX,3
-3,11,8,2,16,2475,B6,LAX,3
-4,11,8,2,20,2475,B6,LAX,3
-6,11,8,2,9,2475,B6,LAX,3
19,11,9,3,7,2475,B6,LAX,2
-2,11,9,3,11,2475,B6,LAX,2
14,11,9,3,16,2475,B6,LAX,2
-5,11,9,3,20,2475,B6,LAX,2
-6,11,9,3,9,2475,B6,LAX,2
-4,11,10,4,7,2475,B6,LAX,1
-5,11,10,4,11,2475,B6,LAX,1
0,11,10,4,16,2475,B6,LAX,1
18,11,10,4,20,2475,B6,LAX,1
21,11,10,4,9,2475,B6,LAX,1
-6,11,11,5,7,2475,B6,LAX,0
-3,11,11,5,11,2475,B6,LAX,0
-2,11,11,5,16,2475,B6,LAX,0
-6,11,11,5,20,2475,B6,LAX,0
-6,11,11,5,9,2475,B6,LAX,0
-1,11,12,6,11,2475,B6,LAX,1
43,11,12,6,16,2475,B6,LAX,1
-1,11,12,6,20,2475,B6,LAX,1
-2,11,12,6,9,2475,B6,LAX,1
-2,11,13,7,7,2475,B6,LAX,2
30,11,13,7,11,2475,B6,LAX,2
5,11,13,7,16,2475,B6,LAX,2
33,11,13,7,20,2475,B6,LAX,2
-2,11,13,7,9,2475,B6,LAX,2
-6,11,14,1,7,2475,B6,LAX,3
0,11,14,1,11,2475,B6,LAX,3
-4,11,14,1,16,2475,B6,LAX,3
28,11,14,1,20,2475,B6,LAX,3
1,11,14,1,9,2475,B6,LAX,3
-5,11,15,2,7,2475,B6,LAX,4
-7,11,15,2,11,2475,B6,LAX,4
-6,11,15,2,16,2475,B6,LAX,4
-8,11,15,2,20,2475,B6,LAX,4
-8,11,15,2,9,2475,B6,LAX,4
-4,11,16,3,7,2475,B6,LAX,5
0,11,16,3,11,2475,B6,LAX,5
-3,11,16,3,16,2475,B6,LAX,5
-2,11,16,3,20,2475,B6,LAX,5
-6,11,16,3,9,2475,B6,LAX,5
-5,11,17,4,7,2475,B6,LAX,5
1,11,17,4,11,2475,B6,LAX,5
-2,11,17,4,16,2475,B6,LAX,5
7,11,17,4,20,2475,B6,LAX,5
-4,11,17,4,9,2475,B6,LAX,5
-3,11,18,5,7,2475,B6,LAX,4
-4,11,18,5,11,2475,B6,LAX,4
-1,11,18,5,16,2475,B6,LAX,4
-3,11,18,5,20,2475,B6,LAX,4
2,11,18,5,9,2475,B6,LAX,4
-8,11,19,6,11,2475,B6,LAX,3
-8,11,19,6,16,2475,B6,LAX,3
-6,11,19,6,20,2475,B6,LAX,3
-1,11,19,6,9,2475,B6,LAX,3
-4,11,20,7,7,2475,B6,LAX,2
-8,11,20,7,11,2475,B6,LAX,2
-5,11,20,7,16,2475,B6,LAX,2
3,11,20,7,20,2475,B6,LAX,2
2,11,20,7,9,2475,B6,LAX,2
-2,11,21,1,7,2475,B6,LAX,1
-2,11,21,1,11,2475,B6,LAX,1
-5,11,21,1,16,2475,B6,LAX,1
-3,11,21,1,20,2475,B6,LAX,1
-6,11,21,1,9,2475,B6,LAX,1
-4,11,22,2,7,2475,B6,LAX,0
-8,11,22,2,11,2475,B6,LAX,0
4,11,22,2,16,2475,B6,LAX,0
3,11,22,2,20,2475,B6,LAX,0
-1,11,22,2,9,2475,B6,LAX,0
-4,11,23,3,7,2475,B6,LAX,1
-8,11,23,3,11,2475,B6,LAX,1
-6,11,23,3,16,2475,B6,LAX,1
-4,11,23,3,20,2475,B6,LAX,1
27,11,23,3,9,2475,B6,LAX,1
-2,11,24,4,7,2475,B6,LAX,2
-7,11,24,4,11,2475,B6,LAX,2
-7,11,24,4,16,2475,B6,LAX,2
0,11,24,4,9,2475,B6,LAX,2
-4,11,25,5,7,2475,B6,LAX,3
-4,11,25,5,11,2475,B6,LAX,3
-8,11,25,5,16,2475,B6,LAX,3
15,11,25,5,20,2475,B6,LAX,3
-5,11,25,5,9,2475,B6,LAX,3
6,11,26,6,11,2475,B6,LAX,4
34,11,26,6,16,2475,B6,LAX,4
6,11,26,6,20,2475,B6,LAX,4
-3,11,26,6,9,2475,B6,LAX,4
1,11,27,7,7,2475,B6,LAX,5
-2,11,27,7,11,2475,B6,LAX,5
-4,11,27,7,16,2475,B6,LAX,5
109,11,27,7,20,2475,B6,LAX,5
-1,11,27,7,9,2475,B6,LAX,5
-3,11,28,1,7,2475,B6,LAX,6
-5,11,28,1,11,2475,B6,LAX,6
-1,11,28,1,16,2475,B6,LAX,6
4,11,28,1,20,2475,B6,LAX,6
-6,11,28,1,9,2475,B6,LAX,6
-5,11,29,2,7,2475,B6,LAX,7
15,11,29,2,11,2475,B6,LAX,7
13,11,29,2,16,2475,B6,LAX,7
68,11,29,2,20,2475,B6,LAX,7
-2,11,29,2,9,2475,B6,LAX,7
10,11,30,3,7,2475,B6,LAX,8
-3,11,30,3,11,2475,B6,LAX,8
-3,11,30,3,16,2475,B6,LAX,8
-3,11,30,3,20,2475,B6,LAX,8
0,11,30,3,9,2475,B6,LAX,8
-2,11,1,2,9,2475,DL,LAX,10
1,11,1,2,7,2475,DL,LAX,10
-1,11,1,2,12,2475,DL,LAX,10
-5,11,1,2,15,2475,DL,LAX,10
-6,11,1,2,17,2475,DL,LAX,10
-3,11,1,2,21,2475,DL,LAX,10
-2,11,1,2,19,2475,DL,LAX,10
-4,11,2,3,9,2475,DL,LAX,9
-2,11,2,3,7,2475,DL,LAX,9
-6,11,2,3,12,2475,DL,LAX,9
-3,11,2,3,15,2475,DL,LAX,9
-3,11,2,3,17,2475,DL,LAX,9
-3,11,2,3,21,2475,DL,LAX,9
0,11,2,3,19,2475,DL,LAX,9
-4,11,3,4,9,2475,DL,LAX,8
0,11,3,4,7,2475,DL,LAX,8
-1,11,3,4,12,2475,DL,LAX,8
-4,11,3,4,15,2475,DL,LAX,8
-1,11,3,4,17,2475,DL,LAX,8
33,11,3,4,21,2475,DL,LAX,8
-6,11,3,4,19,2475,DL,LAX,8
-3,11,4,5,9,2475,DL,LAX,7
-3,11,4,5,7,2475,DL,LAX,7
-2,11,4,5,12,2475,DL,LAX,7
-3,11,4,5,15,2475,DL,LAX,7
-4,11,4,5,17,2475,DL,LAX,7
-5,11,4,5,21,2475,DL,LAX,7
-4,11,4,5,19,2475,DL,LAX,7
-1,11,5,6,9,2475,DL,LAX,6
-5,11,5,6,12,2475,DL,LAX,6
-3,11,5,6,15,2475,DL,LAX,6
-4,11,5,6,17,2475,DL,LAX,6
-6,11,5,6,19,2475,DL,LAX,6
-5,11,6,7,17,2475,DL,LAX,5
-2,11,6,7,9,2475,DL,LAX,5
-4,11,6,7,12,2475,DL,LAX,5
-4,11,6,7,15,2475,DL,LAX,5
0,11,6,7,21,2475,DL,LAX,5
9,11,6,7,19,2475,DL,LAX,5
0,11,7,1,7,2475,DL,LAX,4
-1,11,7,1,17,2475,DL,LAX,4
-3,11,7,1,9,2475,DL,LAX,4
-2,11,7,1,7,2475,DL,LAX,4
-5,11,7,1,12,2475,DL,LAX,4
23,11,7,1,15,2475,DL,LAX,4
-1,11,7,1,21,2475,DL,LAX,4
12,11,7,1,19,2475,DL,LAX,4
-1,11,8,2,7,2475,DL,LAX,3
-7,11,8,2,17,2475,DL,LAX,3
-2,11,8,2,9,2475,DL,LAX,3
1,11,8,2,12,2475,DL,LAX,3
-4,11,8,2,15,2475,DL,LAX,3
-6,11,8,2,21,2475,DL,LAX,3
-3,11,8,2,19,2475,DL,LAX,3
-2,11,9,3,17,2475,DL,LAX,2
54,11,9,3,9,2475,DL,LAX,2
-5,11,9,3,12,2475,DL,LAX,2
-3,11,9,3,15,2475,DL,LAX,2
8,11,9,3,21,2475,DL,LAX,2
-3,11,9,3,19,2475,DL,LAX,2
-1,11,10,4,7,2475,DL,LAX,1
1,11,10,4,17,2475,DL,LAX,1
-4,11,10,4,9,2475,DL,LAX,1
1,11,10,4,7,2475,DL,LAX,1
-1,11,10,4,12,2475,DL,LAX,1
4,11,10,4,15,2475,DL,LAX,1
-1,11,10,4,21,2475,DL,LAX,1
4,11,10,4,19,2475,DL,LAX,1
84,11,11,5,17,2475,DL,LAX,0
-6,11,11,5,9,2475,DL,LAX,0
-5,11,11,5,12,2475,DL,LAX,0
87,11,11,5,15,2475,DL,LAX,0
32,11,11,5,21,2475,DL,LAX,0
-4,11,11,5,19,2475,DL,LAX,0
-5,11,12,6,17,2475,DL,LAX,1
-3,11,12,6,9,2475,DL,LAX,1
0,11,12,6,12,2475,DL,LAX,1
-1,11,12,6,15,2475,DL,LAX,1
-3,11,12,6,19,2475,DL,LAX,1
-3,11,13,7,17,2475,DL,LAX,2
-2,11,13,7,9,2475,DL,LAX,2
-4,11,13,7,12,2475,DL,LAX,2
36,11,13,7,15,2475,DL,LAX,2
8,11,13,7,21,2475,DL,LAX,2
-3,11,13,7,19,2475,DL,LAX,2
-7,11,14,1,7,2475,DL,LAX,3
-3,11,14,1,17,2475,DL,LAX,3
-6,11,14,1,9,2475,DL,LAX,3
3,11,14,1,7,2475,DL,LAX,3
-6,11,14,1,12,2475,DL,LAX,3
0,11,14,1,15,2475,DL,LAX,3
-1,11,14,1,21,2475,DL,LAX,3
-3,11,14,1,19,2475,DL,LAX,3
-6,11,15,2,7,2475,DL,LAX,4
-6,11,15,2,17,2475,DL,LAX,4
-2,11,15,2,9,2475,DL,LAX,4
-7,11,15,2,12,2475,DL,LAX,4
-7,11,15,2,15,2475,DL,LAX,4
-4,11,15,2,21,2475,DL,LAX,4
124,11,15,2,19,2475,DL,LAX,4
-3,11,16,3,17,2475,DL,LAX,5
-6,11,16,3,9,2475,DL,LAX,5
-2,11,16,3,12,2475,DL,LAX,5
-5,11,16,3,15,2475,DL,LAX,5
-3,11,16,3,21,2475,DL,LAX,5
-4,11,16,3,19,2475,DL,LAX,5
-5,11,17,4,7,2475,DL,LAX,5
0,11,17,4,17,2475,DL,LAX,5
-3,11,17,4,9,2475,DL,LAX,5
-4,11,17,4,7,2475,DL,LAX,5
-5,11,17,4,12,2475,DL,LAX,5
-5,11,17,4,15,2475,DL,LAX,5
-3,11,17,4,21,2475,DL,LAX,5
-5,11,17,4,19,2475,DL,LAX,5
-5,11,18,5,17,2475,DL,LAX,4
-6,11,18,5,9,2475,DL,LAX,4
-6,11,18,5,12,2475,DL,LAX,4
-5,11,18,5,15,2475,DL,LAX,4
7,11,18,5,21,2475,DL,LAX,4
-5,11,18,5,19,2475,DL,LAX,4
-2,11,19,6,17,2475,DL,LAX,3
-6,11,19,6,9,2475,DL,LAX,3
-5,11,19,6,12,2475,DL,LAX,3
-4,11,19,6,15,2475,DL,LAX,3
-1,11,19,6,19,2475,DL,LAX,3
-2,11,20,7,17,2475,DL,LAX,2
-4,11,20,7,9,2475,DL,LAX,2
-4,11,20,7,12,2475,DL,LAX,2
16,11,20,7,15,2475,DL,LAX,2
-1,11,20,7,21,2475,DL,LAX,2
-6,11,20,7,19,2475,DL,LAX,2
-6,11,21,1,7,2475,DL,LAX,1
-6,11,21,1,17,2475,DL,LAX,1
0,11,21,1,9,2475,DL,LAX,1
-5,11,21,1,7,2475,DL,LAX,1
-1,11,21,1,12,2475,DL,LAX,1
0,11,21,1,15,2475,DL,LAX,1
-4,11,21,1,21,2475,DL,LAX,1
44,11,21,1,19,2475,DL,LAX,1
-6,11,22,2,7,2475,DL,LAX,0
-4,11,22,2,17,2475,DL,LAX,0
-6,11,22,2,9,2475,DL,LAX,0
-5,11,22,2,12,2475,DL,LAX,0
-1,11,22,2,15,2475,DL,LAX,0
35,11,22,2,21,2475,DL,LAX,0
-2,11,22,2,19,2475,DL,LAX,0
1,11,23,3,17,2475,DL,LAX,1
23,11,23,3,9,2475,DL,LAX,1
-6,11,23,3,12,2475,DL,LAX,1
-5,11,23,3,15,2475,DL,LAX,1
-4,11,23,3,21,2475,DL,LAX,1
0,11,23,3,19,2475,DL,LAX,1
-4,11,24,4,17,2475,DL,LAX,2
-4,11,24,4,9,2475,DL,LAX,2
-6,11,24,4,15,2475,DL,LAX,2
-4,11,24,4,19,2475,DL,LAX,2
-5,11,25,5,17,2475,DL,LAX,3
-5,11,25,5,9,2475,DL,LAX,3
-5,11,25,5,15,2475,DL,LAX,3
1,11,25,5,19,2475,DL,LAX,3
-5,11,26,6,17,2475,DL,LAX,4
-4,11,26,6,9,2475,DL,LAX,4
29,11,26,6,12,2475,DL,LAX,4
-7,11,26,6,15,2475,DL,LAX,4
-5,11,26,6,19,2475,DL,LAX,4
-6,11,27,7,17,2475,DL,LAX,5
-3,11,27,7,9,2475,DL,LAX,5
-4,11,27,7,12,2475,DL,LAX,5
-1,11,27,7,15,2475,DL,LAX,5
-5,11,27,7,21,2475,DL,LAX,5
-5,11,27,7,19,2475,DL,LAX,5
-1,11,28,1,7,2475,DL,LAX,6
-4,11,28,1,17,2475,DL,LAX,6
-3,11,28,1,9,2475,DL,LAX,6
-3,11,28,1,7,2475,DL,LAX,6
-4,11,28,1,12,2475,DL,LAX,6
-3,11,28,1,15,2475,DL,LAX,6
-4,11,28,1,21,2475,DL,LAX,6
-1,11,28,1,19,2475,DL,LAX,6
0,11,29,2,7,2475,DL,LAX,7
-1,11,29,2,17,2475,DL,LAX,7
-6,11,29,2,9,2475,DL,LAX,7
-3,11,29,2,12,2475,DL,LAX,7
-2,11,29,2,15,2475,DL,LAX,7
0,11,29,2,21,2475,DL,LAX,7
15,11,29,2,19,2475,DL,LAX,7
-5,11,30,3,17,2475,DL,LAX,8
-3,11,30,3,9,2475,DL,LAX,8
-6,11,30,3,12,2475,DL,LAX,8
22,11,30,3,15,2475,DL,LAX,8
-6,11,30,3,21,2475,DL,LAX,8
4,11,30,3,19,2475,DL,LAX,8
