47,11,6,7,20,2475,UA,LAX,5
-1,11,7,1,20,2475,UA,LAX,4
-2,11,8,2,20,2475,UA,LAX,3
0,11,9,3,20,2475,UA,LAX,2
0,11,10,4,20,2475,UA,LAX,1
0,11,11,5,20,2475,UA,LAX,0
1,11,13,7,20,2475,UA,LAX,2
5,11,14,1,20,2475,UA,LAX,3
-3,11,15,2,20,2475,UA,LAX,4
-1,11,16,3,20,2475,UA,LAX,5
-5,11,17,4,20,2475,UA,LAX,5
16,11,18,5,20,2475,UA,LAX,4
-4,11,24,4,6,2475,UA,LAX,2
-1,11,20,7,15,2475,UA,LAX,2
-2,11,1,2,8,2475,UA,LAX,10
-5,11,2,3,8,2475,UA,LAX,9
-2,11,3,4,8,2475,UA,LAX,8
-6,11,4,5,8,2475,UA,LAX,7
-3,11,5,6,8,2475,UA,LAX,6
9,11,6,7,8,2475,UA,LAX,5
13,11,7,1,8,2475,UA,LAX,4
-6,11,8,2,8,2475,UA,LAX,3
-2,11,10,4,8,2475,UA,LAX,1
-2,11,11,5,8,2475,UA,LAX,0
3,11,12,6,8,2475,UA,LAX,1
-2,11,13,7,8,2475,UA,LAX,2
-4,11,14,1,8,2475,UA,LAX,3
-4,11,15,2,8,2475,UA,LAX,4
-2,11,17,4,8,2475,UA,LAX,5
-4,11,18,5,8,2475,UA,LAX,4
-3,11,19,6,8,2475,UA,LAX,3
-5,11,20,7,8,2475,UA,LAX,2
-4,11,21,1,8,2475,UA,LAX,1
-3,11,22,2,8,2475,UA,LAX,0
-1,11,23,3,8,2475,UA,LAX,1
-1,11,24,4,8,2475,UA,LAX,2
-3,11,25,5,8,2475,UA,LAX,3
0,11,26,6,8,2475,UA,LAX,4
-4,11,27,7,8,2475,UA,LAX,5
27,11,28,1,8,2475,UA,LAX,6
-1,11,29,2,8,2475,UA,LAX,7
-6,11,30,3,8,2475,UA,LAX,8
13,11,22,2,20,2475,UA,LAX,0
-5,11,23,3,20,2475,UA,LAX,1
11,11,27,7,20,2475,UA,LAX,5
-2,11,28,1,20,2475,UA,LAX,6
27,11,1,2,17,2475,UA,LAX,10
-5,11,2,3,17,2475,UA,LAX,9
-1,11,3,4,17,2475,UA,LAX,8
-2,11,4,5,17,2475,UA,LAX,7
-5,11,5,6,17,2475,UA,LAX,6
1,11,6,7,17,2475,UA,LAX,5
-10,11,7,1,17,2475,UA,LAX,4
-1,11,8,2,17,2475,UA,LAX,3
-3,11,9,3,17,2475,UA,LAX,2
-5,11,10,4,17,2475,UA,LAX,1
-1,11,11,5,17,2475,UA,LAX,0
-4,11,12,6,17,2475,UA,LAX,1
-1,11,13,7,17,2475,UA,LAX,2
0,11,14,1,17,2475,UA,LAX,3
-4,11,15,2,17,2475,UA,LAX,4
-1,11,16,3,17,2475,UA,LAX,5
-3,11,17,4,17,2475,UA,LAX,5
-2,11,18,5,17,2475,UA,LAX,4
-4,11,19,6,17,2475,UA,LAX,3
-4,11,20,7,17,2475,UA,LAX,2
-1,11,21,1,17,2475,UA,LAX,1
2,11,22,2,17,2475,UA,LAX,0
-3,11,23,3,17,2475,UA,LAX,1
-5,11,24,4,17,2475,UA,LAX,2
-3,11,25,5,17,2475,UA,LAX,3
-4,11,26,6,17,2475,UA,LAX,4
-4,11,27,7,17,2475,UA,LAX,5
-9,11,28,1,17,2475,UA,LAX,6
8,11,29,2,17,2475,UA,LAX,7
0,11,30,3,17,2475,UA,LAX,8
-1,11,1,2,15,2475,UA,LAX,10
-5,11,2,3,15,2475,UA,LAX,9
-1,11,3,4,15,2475,UA,LAX,8
-2,11,4,5,15,2475,UA,LAX,7
-5,11,5,6,15,2475,UA,LAX,6
-5,11,6,7,15,2475,UA,LAX,5
-7,11,7,1,15,2475,UA,LAX,4
-1,11,8,2,15,2475,UA,LAX,3
16,11,10,4,15,2475,UA,LAX,1
-6,11,11,5,15,2475,UA,LAX,0
-4,11,12,6,15,2475,UA,LAX,1
0,11,13,7,15,2475,UA,LAX,2
-4,11,14,1,15,2475,UA,LAX,3
-4,11,15,2,15,2475,UA,LAX,4
4,11,17,4,15,2475,UA,LAX,5
-1,11,18,5,15,2475,UA,LAX,4
0,11,19,6,15,2475,UA,LAX,3
-4,11,21,1,15,2475,UA,LAX,1
0,11,22,2,15,2475,UA,LAX,0
-3,11,23,3,15,2475,UA,LAX,1
-1,11,25,5,15,2475,UA,LAX,3
-3,11,27,7,15,2475,UA,LAX,5
-5,11,28,1,15,2475,UA,LAX,6
0,11,29,2,15,2475,UA,LAX,7
45,11,30,3,15,2475,UA,LAX,8
-4,11,1,2,11,2475,UA,LAX,10
-4,11,2,3,11,2475,UA,LAX,9
-2,11,3,4,11,2475,UA,LAX,8
-1,11,4,5,11,2475,UA,LAX,7
-4,11,5,6,11,2475,UA,LAX,6
-4,11,7,1,11,2475,UA,LAX,4
-7,11,9,3,11,2475,UA,LAX,2
-5,11,10,4,11,2475,UA,LAX,1
-3,11,11,5,11,2475,UA,LAX,0
-6,11,12,6,11,2475,UA,LAX,1
-1,11,14,1,11,2475,UA,LAX,3
-3,11,16,3,11,2475,UA,LAX,5
-6,11,17,4,11,2475,UA,LAX,5
-5,11,18,5,11,2475,UA,LAX,4
-4,11,19,6,11,2475,UA,LAX,3
-8,11,21,1,11,2475,UA,LAX,1
-5,11,22,2,11,2475,UA,LAX,0
-4,11,23,3,11,2475,UA,LAX,1
0,11,25,5,11,2475,UA,LAX,3
-1,11,26,6,11,2475,UA,LAX,4
0,11,27,7,11,2475,UA,LAX,5
-4,11,28,1,11,2475,UA,LAX,6
-4,11,29,2,11,2475,UA,LAX,7
-4,11,30,3,11,2475,UA,LAX,8
-3,11,6,7,11,2475,UA,LAX,5
-5,11,13,7,11,2475,UA,LAX,2
-5,11,20,7,11,2475,UA,LAX,2
-8,11,1,2,20,2475,UA,LAX,10
0,11,2,3,20,2475,UA,LAX,9
-5,11,3,4,20,2475,UA,LAX,8
-3,11,4,5,20,2475,UA,LAX,7
61,11,29,2,20,2475,UA,LAX,7
29,11,30,3,20,2475,UA,LAX,8
0,11,9,3,15,2475,UA,LAX,2
2,11,16,3,15,2475,UA,LAX,5
-5,11,26,6,15,2475,UA,LAX,4
-7,11,1,2,6,2475,UA,LAX,10
3,11,2,3,6,2475,UA,LAX,9
0,11,3,4,6,2475,UA,LAX,8
-5,11,4,5,6,2475,UA,LAX,7
-3,11,5,6,6,2475,UA,LAX,6
-7,11,7,1,6,2475,UA,LAX,4
0,11,8,2,6,2475,UA,LAX,3
0,11,9,3,6,2475,UA,LAX,2
17,11,10,4,6,2475,UA,LAX,1
-4,11,11,5,6,2475,UA,LAX,0
-1,11,12,6,6,2475,UA,LAX,1
-6,11,14,1,6,2475,UA,LAX,3
-4,11,15,2,6,2475,UA,LAX,4
-10,11,16,3,6,2475,UA,LAX,5
1,11,17,4,6,2475,UA,LAX,5
-1,11,18,5,6,2475,UA,LAX,4
0,11,19,6,6,2475,UA,LAX,3
-1,11,23,3,6,2475,UA,LAX,1
-4,11,27,7,6,2475,UA,LAX,5
-4,11,28,1,6,2475,UA,LAX,6
-6,11,29,2,6,2475,UA,LAX,7
-2,11,30,3,6,2475,UA,LAX,8
-6,11,8,2,11,2475,UA,LAX,3
-5,11,9,3,8,2475,UA,LAX,2
-10,11,15,2,11,2475,UA,LAX,4
-2,11,16,3,8,2475,UA,LAX,5
-6,12,1,4,9,2475,AA,LAX,9
-6,12,2,5,9,2475,AA,LAX,10
-5,12,3,6,9,2475,AA,LAX,11
-7,12,4,7,9,2475,AA,LAX,12
-4,12,5,1,9,2475,AA,LAX,13
39,12,6,2,9,2475,AA,LAX,14
-4,12,7,3,9,2475,AA,LAX,15
-10,12,8,4,9,2475,AA,LAX,16
-1,12,9,5,9,2475,AA,LAX,16
-5,12,10,6,9,2475,AA,LAX,15
-8,12,11,7,9,2475,AA,LAX,14
-6,12,12,1,9,2475,AA,LAX,13
-6,12,13,2,9,2475,AA,LAX,12
-3,12,14,3,9,2475,AA,LAX,11
-4,12,15,4,9,2475,AA,LAX,10
-6,12,16,5,9,2475,AA,LAX,9
-7,12,17,6,9,2475,AA,LAX,8
15,12,18,7,9,2475,AA,LAX,7
-2,12,19,1,9,2475,AA,LAX,6
-4,12,20,2,9,2475,AA,LAX,5
-2,12,21,3,9,2475,AA,LAX,4
-2,12,22,4,9,2475,AA,LAX,3
-2,12,23,5,9,2475,AA,LAX,2
-10,12,24,6,9,2475,AA,LAX,1
-7,12,26,1,9,2475,AA,LAX,1
-1,12,27,2,9,2475,AA,LAX,2
-6,12,28,3,9,2475,AA,LAX,3
-8,12,29,4,9,2475,AA,LAX,3
-3,12,30,5,9,2475,AA,LAX,2
-8,12,31,6,9,2475,AA,LAX,1
-6,12,1,4,12,2475,AA,LAX,9
-7,12,2,5,12,2475,AA,LAX,10
-7,12,3,6,12,2475,AA,LAX,11
31,12,4,7,12,2475,AA,LAX,12
-10,12,5,1,12,2475,AA,LAX,13
-7,12,6,2,12,2475,AA,LAX,14
-9,12,7,3,12,2475,AA,LAX,15
-6,12,8,4,12,2475,AA,LAX,16
-10,12,9,5,12,2475,AA,LAX,16
-7,12,10,6,12,2475,AA,LAX,15
-6,12,11,7,12,2475,AA,LAX,14
-7,12,12,1,12,2475,AA,LAX,13
-7,12,13,2,12,2475,AA,LAX,12
-2,12,14,3,12,2475,AA,LAX,11
-8,12,15,4,12,2475,AA,LAX,10
-2,12,16,5,12,2475,AA,LAX,9
-3,12,17,6,12,2475,AA,LAX,8
-5,12,18,7,12,2475,AA,LAX,7
-4,12,19,1,12,2475,AA,LAX,6
-8,12,20,2,12,2475,AA,LAX,5
-5,12,21,3,12,2475,AA,LAX,4
-4,12,22,4,12,2475,AA,LAX,3
-4,12,23,5,12,2475,AA,LAX,2
-7,12,24,6,12,2475,AA,LAX,1
-11,12,25,7,12,2475,AA,LAX,0
-4,12,26,1,12,2475,AA,LAX,1
-4,12,27,2,12,2475,AA,LAX,2
-5,12,28,3,12,2475,AA,LAX,3
-6,12,29,4,12,2475,AA,LAX,3
-10,12,30,5,12,2475,AA,LAX,2
-6,12,31,6,12,2475,AA,LAX,1
-5,12,1,4,10,2475,AA,LAX,9
-7,12,2,5,10,2475,AA,LAX,10
-2,12,4,7,10,2475,AA,LAX,12
-3,12,5,1,10,2475,AA,LAX,13
-9,12,6,2,10,2475,AA,LAX,14
-1,12,7,3,10,2475,AA,LAX,15
-5,12,8,4,10,2475,AA,LAX,16
-5,12,9,5,10,2475,AA,LAX,16
-5,12,11,7,10,2475,AA,LAX,14
-5,12,12,1,10,2475,AA,LAX,13
-7,12,13,2,10,2475,AA,LAX,12
-4,12,14,3,10,2475,AA,LAX,11
-2,12,15,4,10,2475,AA,LAX,10
-4,12,16,5,10,2475,AA,LAX,9
-2,12,18,7,10,2475,AA,LAX,7
-5,12,19,1,10,2475,AA,LAX,6
-2,12,20,2,10,2475,AA,LAX,5
-8,12,21,3,10,2475,AA,LAX,4
-2,12,22,4,10,2475,AA,LAX,3
-5,12,23,5,10,2475,AA,LAX,2
-4,12,25,7,10,2475,AA,LAX,0
3,12,26,1,10,2475,AA,LAX,1
-6,12,27,2,10,2475,AA,LAX,2
0,12,28,3,10,2475,AA,LAX,3
-4,12,29,4,10,2475,AA,LAX,3
-4,12,30,5,10,2475,AA,LAX,2
-4,12,1,4,19,2475,AA,LAX,9
-3,12,2,5,19,2475,AA,LAX,10
-3,12,3,6,19,2475,AA,LAX,11
3,12,4,7,19,2475,AA,LAX,12
13,12,5,1,19,2475,AA,LAX,13
27,12,6,2,19,2475,AA,LAX,14
137,12,7,3,19,2475,AA,LAX,15
-6,12,8,4,19,2475,AA,LAX,16
-1,12,9,5,19,2475,AA,LAX,16
42,12,10,6,19,2475,AA,LAX,15
-4,12,11,7,19,2475,AA,LAX,14
-1,12,12,1,19,2475,AA,LAX,13
4,12,13,2,19,2475,AA,LAX,12
-1,12,14,3,19,2475,AA,LAX,11
3,12,15,4,19,2475,AA,LAX,10
1,12,16,5,19,2475,AA,LAX,9
-4,12,17,6,19,2475,AA,LAX,8
2,12,18,7,19,2475,AA,LAX,7
-6,12,19,1,19,2475,AA,LAX,6
14,12,20,2,19,2475,AA,LAX,5
2,12,21,3,19,2475,AA,LAX,4
71,12,22,4,19,2475,AA,LAX,3
6,12,23,5,19,2475,AA,LAX,2
2,12,25,7,19,2475,AA,LAX,0
-3,12,26,1,19,2475,AA,LAX,1
1,12,27,2,19,2475,AA,LAX,2
1,12,28,3,19,2475,AA,LAX,3
4,12,29,4,19,2475,AA,LAX,3
3,12,30,5,19,2475,AA,LAX,2
-2,12,31,6,19,2475,AA,LAX,1
2,12,1,4,7,2475,AA,LAX,9
38,12,2,5,7,2475,AA,LAX,10
-1,12,3,6,7,2475,AA,LAX,11
2,12,4,7,7,2475,AA,LAX,12
-4,12,5,1,7,2475,AA,LAX,13
-4,12,6,2,7,2475,AA,LAX,14
1,12,7,3,7,2475,AA,LAX,15
2,12,8,4,7,2475,AA,LAX,16
-3,12,9,5,7,2475,AA,LAX,16
-2,12,10,6,7,2475,AA,LAX,15
-5,12,11,7,7,2475,AA,LAX,14
-1,12,12,1,7,2475,AA,LAX,13
-3,12,13,2,7,2475,AA,LAX,12
-1,12,14,3,7,2475,AA,LAX,11
-4,12,16,5,7,2475,AA,LAX,9
0,12,17,6,7,2475,AA,LAX,8
0,12,18,7,7,2475,AA,LAX,7
-2,12,19,1,7,2475,AA,LAX,6
5,12,20,2,7,2475,AA,LAX,5
-4,12,21,3,7,2475,AA,LAX,4
-1,12,22,4,7,2475,AA,LAX,3
-7,12,23,5,7,2475,AA,LAX,2
1,12,24,6,7,2475,AA,LAX,1
-1,12,25,7,7,2475,AA,LAX,0
-8,12,26,1,7,2475,AA,LAX,1
-1,12,27,2,7,2475,AA,LAX,2
0,12,28,3,7,2475,AA,LAX,3
-7,12,29,4,7,2475,AA,LAX,3
-4,12,30,5,7,2475,AA,LAX,2
6,12,31,6,7,2475,AA,LAX,1
-4,12,1,4,13,2475,AA,LAX,9
-5,12,15,4,13,2475,AA,LAX,10
-5,12,16,5,13,2475,AA,LAX,9
-5,12,17,6,13,2475,AA,LAX,8
-4,12,18,7,13,2475,AA,LAX,7
52,12,19,1,13,2475,AA,LAX,6
-6,12,20,2,13,2475,AA,LAX,5
-4,12,21,3,13,2475,AA,LAX,4
-3,12,22,4,13,2475,AA,LAX,3
-8,12,23,5,13,2475,AA,LAX,2
212,12,24,6,13,2475,AA,LAX,1
-3,12,25,7,13,2475,AA,LAX,0
-1,12,26,1,13,2475,AA,LAX,1
-5,12,27,2,13,2475,AA,LAX,2
-8,12,28,3,13,2475,AA,LAX,3
-4,12,29,4,13,2475,AA,LAX,3
-2,12,30,5,13,2475,AA,LAX,2
-2,12,31,6,13,2475,AA,LAX,1
-4,12,1,4,15,2475,AA,LAX,9
-5,12,2,5,15,2475,AA,LAX,10
-2,12,3,6,15,2475,AA,LAX,11
10,12,4,7,15,2475,AA,LAX,12
42,12,5,1,15,2475,AA,LAX,13
4,12,6,2,15,2475,AA,LAX,14
76,12,7,3,15,2475,AA,LAX,15
-3,12,8,4,15,2475,AA,LAX,16
-3,12,9,5,15,2475,AA,LAX,16
-2,12,10,6,15,2475,AA,LAX,15
-3,12,11,7,15,2475,AA,LAX,14
-5,12,12,1,15,2475,AA,LAX,13
-4,12,13,2,15,2475,AA,LAX,12
-4,12,14,3,15,2475,AA,LAX,11
10,12,15,4,15,2475,AA,LAX,10
2,12,16,5,15,2475,AA,LAX,9
-1,12,17,6,15,2475,AA,LAX,8
-2,12,18,7,15,2475,AA,LAX,7
10,12,19,1,15,2475,AA,LAX,6
-7,12,20,2,15,2475,AA,LAX,5
-1,12,21,3,15,2475,AA,LAX,4
1,12,22,4,15,2475,AA,LAX,3
-3,12,23,5,15,2475,AA,LAX,2
-7,12,25,7,15,2475,AA,LAX,0
-2,12,26,1,15,2475,AA,LAX,1
-5,12,27,2,15,2475,AA,LAX,2
3,12,28,3,15,2475,AA,LAX,3
-4,12,29,4,15,2475,AA,LAX,3
5,12,30,5,15,2475,AA,LAX,2
0,12,31,6,15,2475,AA,LAX,1
-4,12,1,4,16,2475,AA,LAX,9
24,12,2,5,16,2475,AA,LAX,10
11,12,3,6,16,2475,AA,LAX,11
-5,12,4,7,16,2475,AA,LAX,12
28,12,5,1,16,2475,AA,LAX,13
1,12,6,2,16,2475,AA,LAX,14
25,12,7,3,16,2475,AA,LAX,15
-4,12,8,4,16,2475,AA,LAX,16
2,12,9,5,16,2475,AA,LAX,16
34,12,10,6,16,2475,AA,LAX,15
-1,12,11,7,16,2475,AA,LAX,14
0,12,12,1,16,2475,AA,LAX,13
-7,12,13,2,16,2475,AA,LAX,12
-2,12,14,3,16,2475,AA,LAX,11
6,12,15,4,16,2475,AA,LAX,10
8,12,16,5,16,2475,AA,LAX,9
-2,12,17,6,16,2475,AA,LAX,8
43,12,18,7,16,2475,AA,LAX,7
0,12,19,1,16,2475,AA,LAX,6
63,12,20,2,16,2475,AA,LAX,5
15,12,21,3,16,2475,AA,LAX,4
-8,12,22,4,16,2475,AA,LAX,3
-6,12,23,5,16,2475,AA,LAX,2
-8,12,24,6,16,2475,AA,LAX,1
-3,12,26,1,16,2475,AA,LAX,1
32,12,27,2,16,2475,AA,LAX,2
-8,12,28,3,16,2475,AA,LAX,3
-4,12,29,4,16,2475,AA,LAX,3
-6,12,30,5,16,2475,AA,LAX,2
5,12,31,6,16,2475,AA,LAX,1
-7,12,1,4,21,2475,AA,LAX,9
19,12,2,5,21,2475,AA,LAX,10
-6,12,3,6,21,2475,AA,LAX,11
-7,12,4,7,21,2475,AA,LAX,12
8,12,5,1,21,2475,AA,LAX,13
25,12,6,2,21,2475,AA,LAX,14
0,12,7,3,21,2475,AA,LAX,15
-4,12,8,4,21,2475,AA,LAX,16
-5,12,9,5,21,2475,AA,LAX,16
1,12,10,6,21,2475,AA,LAX,15
-7,12,11,7,21,2475,AA,LAX,14
-4,12,12,1,21,2475,AA,LAX,13
-7,12,13,2,21,2475,AA,LAX,12
3,12,14,3,21,2475,AA,LAX,11
-4,12,15,4,6,2475,AA,LAX,10
-6,12,16,5,6,2475,AA,LAX,9
-3,12,17,6,6,2475,AA,LAX,8
8,12,18,7,6,2475,AA,LAX,7
-4,12,19,1,6,2475,AA,LAX,6
-4,12,20,2,6,2475,AA,LAX,5
7,12,21,3,6,2475,AA,LAX,4
-2,12,22,4,6,2475,AA,LAX,3
-5,12,23,5,6,2475,AA,LAX,2
-5,12,24,6,6,2475,AA,LAX,1
1,12,25,7,6,2475,AA,LAX,0
-1,12,26,1,6,2475,AA,LAX,1
-6,12,27,2,6,2475,AA,LAX,2
-5,12,28,3,6,2475,AA,LAX,3
-10,12,29,4,6,2475,AA,LAX,3
0,12,30,5,6,2475,AA,LAX,2
-4,12,31,6,6,2475,AA,LAX,1
-1,12,1,4,7,2475,B6,LAX,9
15,12,1,4,11,2475,B6,LAX,9
6,12,1,4,16,2475,B6,LAX,9
15,12,1,4,20,2475,B6,LAX,9
-4,12,1,4,9,2475,B6,LAX,9
-4,12,2,5,7,2475,B6,LAX,10
-3,12,2,5,11,2475,B6,LAX,10
-9,12,2,5,16,2475,B6,LAX,10
-8,12,2,5,20,2475,B6,LAX,10
-4,12,2,5,9,2475,B6,LAX,10
5,12,3,6,11,2475,B6,LAX,11
-7,12,3,6,16,2475,B6,LAX,11
-3,12,3,6,20,2475,B6,LAX,11
-4,12,3,6,9,2475,B6,LAX,11
-6,12,4,7,7,2475,B6,LAX,12
-5,12,4,7,11,2475,B6,LAX,12
-1,12,4,7,16,2475,B6,LAX,12
18,12,4,7,20,2475,B6,LAX,12
2,12,4,7,9,2475,B6,LAX,12
-6,12,5,1,7,2475,B6,LAX,13
-4,12,5,1,11,2475,B6,LAX,13
16,12,5,1,16,2475,B6,LAX,13
16,12,5,1,20,2475,B6,LAX,13
-2,12,5,1,9,2475,B6,LAX,13
-5,12,6,2,7,2475,B6,LAX,14
-7,12,6,2,11,2475,B6,LAX,14
8,12,6,2,16,2475,B6,LAX,14
-8,12,6,2,20,2475,B6,LAX,14
-2,12,6,2,9,2475,B6,LAX,14
-6,12,7,3,7,2475,B6,LAX,15
-6,12,7,3,11,2475,B6,LAX,15
-5,12,7,3,16,2475,B6,LAX,15
-6,12,7,3,20,2475,B6,LAX,15
24,12,7,3,9,2475,B6,LAX,15
-3,12,8,4,7,2475,B6,LAX,16
-8,12,8,4,11,2475,B6,LAX,16
13,12,8,4,16,2475,B6,LAX,16
-6,12,8,4,20,2475,B6,LAX,16
-3,12,8,4,9,2475,B6,LAX,16
-5,12,9,5,7,2475,B6,LAX,16
-4,12,9,5,11,2475,B6,LAX,16
4,12,9,5,16,2475,B6,LAX,16
26,12,9,5,20,2475,B6,LAX,16
-6,12,9,5,9,2475,B6,LAX,16
-2,12,10,6,11,2475,B6,LAX,15
6,12,10,6,16,2475,B6,LAX,15
-8,12,10,6,20,2475,B6,LAX,15
-1,12,10,6,9,2475,B6,LAX,15
2,12,11,7,7,2475,B6,LAX,14
-3,12,11,7,11,2475,B6,LAX,14
6,12,11,7,16,2475,B6,LAX,14
2,12,11,7,20,2475,B6,LAX,14
-3,12,11,7,9,2475,B6,LAX,14
-4,12,12,1,7,2475,B6,LAX,13
-4,12,12,1,11,2475,B6,LAX,13
18,12,12,1,16,2475,B6,LAX,13
-6,12,12,1,20,2475,B6,LAX,13
-3,12,12,1,9,2475,B6,LAX,13
-9,12,13,2,7,2475,B6,LAX,12
-11,12,13,2,11,2475,B6,LAX,12
5,12,13,2,16,2475,B6,LAX,12
-5,12,13,2,20,2475,B6,LAX,12
4,12,13,2,9,2475,B6,LAX,12
-4,12,14,3,7,2475,B6,LAX,11
-2,12,14,3,11,2475,B6,LAX,11
25,12,14,3,16,2475,B6,LAX,11
8,12,14,3,20,2475,B6,LAX,11
9,12,14,3,9,2475,B6,LAX,11
-4,12,15,4,7,2475,B6,LAX,10
-6,12,15,4,11,2475,B6,LAX,10
15,12,15,4,16,2475,B6,LAX,10
5,12,15,4,20,2475,B6,LAX,10
2,12,16,5,7,2475,B6,LAX,9
-1,12,16,5,11,2475,B6,LAX,9
-3,12,16,5,16,2475,B6,LAX,9
-5,12,16,5,20,2475,B6,LAX,9
0,12,17,6,11,2475,B6,LAX,8
-3,12,17,6,16,2475,B6,LAX,8
0,12,17,6,20,2475,B6,LAX,8
-3,12,18,7,7,2475,B6,LAX,7
-1,12,18,7,11,2475,B6,LAX,7
12,12,18,7,16,2475,B6,LAX,7
68,12,18,7,20,2475,B6,LAX,7
-3,12,19,1,7,2475,B6,LAX,6
-1,12,19,1,11,2475,B6,LAX,6
-7,12,19,1,16,2475,B6,LAX,6
-2,12,19,1,20,2475,B6,LAX,6
-1,12,20,2,7,2475,B6,LAX,5
-1,12,20,2,11,2475,B6,LAX,5
5,12,20,2,16,2475,B6,LAX,5
-1,12,20,2,20,2475,B6,LAX,5
-2,12,21,3,7,2475,B6,LAX,4
4,12,21,3,11,2475,B6,LAX,4
-2,12,21,3,16,2475,B6,LAX,4
15,12,21,3,20,2475,B6,LAX,4
-1,12,22,4,7,2475,B6,LAX,3
10,12,22,4,11,2475,B6,LAX,3
-9,12,22,4,16,2475,B6,LAX,3
58,12,22,4,20,2475,B6,LAX,3
-3,12,23,5,7,2475,B6,LAX,2
-5,12,23,5,11,2475,B6,LAX,2
16,12,23,5,16,2475,B6,LAX,2
8,12,23,5,20,2475,B6,LAX,2
-2,12,24,6,11,2475,B6,LAX,1
-4,12,24,6,16,2475,B6,LAX,1
0,12,24,6,20,2475,B6,LAX,1
-1,12,25,7,7,2475,B6,LAX,0
-5,12,25,7,11,2475,B6,LAX,0
0,12,25,7,16,2475,B6,LAX,0
14,12,25,7,20,2475,B6,LAX,0
-4,12,26,1,7,2475,B6,LAX,1
-2,12,26,1,11,2475,B6,LAX,1
-1,12,26,1,16,2475,B6,LAX,1
-3,12,26,1,20,2475,B6,LAX,1
-3,12,27,2,7,2475,B6,LAX,2
-2,12,27,2,11,2475,B6,LAX,2
29,12,27,2,16,2475,B6,LAX,2
168,12,27,2,20,2475,B6,LAX,2
-3,12,28,3,7,2475,B6,LAX,3
59,12,28,3,11,2475,B6,LAX,3
-4,12,28,3,16,2475,B6,LAX,3
-6,12,28,3,20,2475,B6,LAX,3
21,12,29,4,7,2475,B6,LAX,3
-2,12,29,4,11,2475,B6,LAX,3
7,12,29,4,16,2475,B6,LAX,3
-4,12,29,4,20,2475,B6,LAX,3
-3,12,30,5,7,2475,B6,LAX,2
-6,12,30,5,11,2475,B6,LAX,2
-4,12,30,5,16,2475,B6,LAX,2
3,12,30,5,20,2475,B6,LAX,2
5,12,31,6,11,2475,B6,LAX,1
13,12,31,6,16,2475,B6,LAX,1
7,12,31,6,20,2475,B6,LAX,1
-1,12,1,4,7,2475,DL,LAX,9
-1,12,1,4,17,2475,DL,LAX,9
-4,12,1,4,9,2475,DL,LAX,9
-4,12,1,4,7,2475,DL,LAX,9
-3,12,1,4,12,2475,DL,LAX,9
5,12,1,4,15,2475,DL,LAX,9
-5,12,1,4,21,2475,DL,LAX,9
-1,12,1,4,19,2475,DL,LAX,9
-4,12,2,5,17,2475,DL,LAX,10
-1,12,2,5,9,2475,DL,LAX,10
-6,12,2,5,12,2475,DL,LAX,10
-4,12,2,5,15,2475,DL,LAX,10
-6,12,2,5,21,2475,DL,LAX,10
-5,12,2,5,19,2475,DL,LAX,10
-7,12,3,6,17,2475,DL,LAX,11
-4,12,3,6,9,2475,DL,LAX,11
-5,12,3,6,12,2475,DL,LAX,11
-5,12,3,6,15,2475,DL,LAX,11
-1,12,3,6,19,2475,DL,LAX,11
-2,12,4,7,17,2475,DL,LAX,12
8,12,4,7,9,2475,DL,LAX,12
-4,12,4,7,12,2475,DL,LAX,12
-5,12,4,7,15,2475,DL,LAX,12
5,12,4,7,21,2475,DL,LAX,12
7,12,4,7,19,2475,DL,LAX,12
-5,12,5,1,7,2475,DL,LAX,13
16,12,5,1,17,2475,DL,LAX,13
-3,12,5,1,9,2475,DL,LAX,13
-6,12,5,1,7,2475,DL,LAX,13
-4,12,5,1,12,2475,DL,LAX,13
-4,12,5,1,15,2475,DL,LAX,13
29,12,5,1,21,2475,DL,LAX,13
-8,12,5,1,19,2475,DL,LAX,13
-4,12,6,2,7,2475,DL,LAX,14
3,12,6,2,17,2475,DL,LAX,14
-7,12,6,2,9,2475,DL,LAX,14
0,12,6,2,12,2475,DL,LAX,14
4,12,6,2,15,2475,DL,LAX,14
-3,12,6,2,21,2475,DL,LAX,14
-4,12,6,2,19,2475,DL,LAX,14
0,12,7,3,17,2475,DL,LAX,15
4,12,7,3,9,2475,DL,LAX,15
-6,12,7,3,12,2475,DL,LAX,15
-2,12,7,3,15,2475,DL,LAX,15
-1,12,7,3,21,2475,DL,LAX,15
-3,12,7,3,19,2475,DL,LAX,15
-1,12,8,4,7,2475,DL,LAX,16
-5,12,8,4,17,2475,DL,LAX,16
33,12,8,4,9,2475,DL,LAX,16
-5,12,8,4,7,2475,DL,LAX,16
-7,12,8,4,12,2475,DL,LAX,16
15,12,8,4,15,2475,DL,LAX,16
17,12,8,4,21,2475,DL,LAX,16
-4,12,8,4,19,2475,DL,LAX,16
0,12,9,5,17,2475,DL,LAX,16
-5,12,9,5,9,2475,DL,LAX,16
-7,12,9,5,12,2475,DL,LAX,16
68,12,9,5,15,2475,DL,LAX,16
-2,12,9,5,21,2475,DL,LAX,16
-5,12,9,5,19,2475,DL,LAX,16
-5,12,10,6,17,2475,DL,LAX,15
3,12,10,6,9,2475,DL,LAX,15
-4,12,10,6,12,2475,DL,LAX,15
-6,12,10,6,15,2475,DL,LAX,15
10,12,10,6,19,2475,DL,LAX,15
4,12,11,7,17,2475,DL,LAX,14
-2,12,11,7,9,2475,DL,LAX,14
-7,12,11,7,12,2475,DL,LAX,14
1,12,11,7,15,2475,DL,LAX,14
-2,12,11,7,21,2475,DL,LAX,14
3,12,11,7,19,2475,DL,LAX,14
-6,12,12,1,7,2475,DL,LAX,13
-4,12,12,1,17,2475,DL,LAX,13
-4,12,12,1,9,2475,DL,LAX,13
-5,12,12,1,7,2475,DL,LAX,13
-6,12,12,1,12,2475,DL,LAX,13
0,12,12,1,15,2475,DL,LAX,13
-4,12,12,1,21,2475,DL,LAX,13
-4,12,12,1,19,2475,DL,LAX,13
-5,12,13,2,7,2475,DL,LAX,12
18,12,13,2,17,2475,DL,LAX,12
-3,12,13,2,9,2475,DL,LAX,12
-1,12,13,2,12,2475,DL,LAX,12
6,12,13,2,15,2475,DL,LAX,12
5,12,13,2,21,2475,DL,LAX,12
-2,12,13,2,19,2475,DL,LAX,12
-5,12,14,3,17,2475,DL,LAX,11
-1,12,14,3,9,2475,DL,LAX,11
-6,12,14,3,12,2475,DL,LAX,11
-5,12,14,3,15,2475,DL,LAX,11
-6,12,14,3,21,2475,DL,LAX,11
-1,12,14,3,19,2475,DL,LAX,11
-3,12,15,4,7,2475,DL,LAX,10
-4,12,15,4,17,2475,DL,LAX,10
-2,12,15,4,9,2475,DL,LAX,10
-5,12,15,4,7,2475,DL,LAX,10
-2,12,15,4,12,2475,DL,LAX,10
-2,12,15,4,15,2475,DL,LAX,10
8,12,15,4,21,2475,DL,LAX,10
0,12,15,4,19,2475,DL,LAX,10
-3,12,16,5,17,2475,DL,LAX,9
-3,12,16,5,9,2475,DL,LAX,9
-6,12,16,5,12,2475,DL,LAX,9
-6,12,16,5,15,2475,DL,LAX,9
3,12,16,5,21,2475,DL,LAX,9
-4,12,16,5,19,2475,DL,LAX,9
174,12,17,6,17,2475,DL,LAX,8
-10,12,17,6,9,2475,DL,LAX,8
0,12,17,6,15,2475,DL,LAX,8
85,12,17,6,19,2475,DL,LAX,8
-5,12,18,7,17,2475,DL,LAX,7
-4,12,18,7,9,2475,DL,LAX,7
-1,12,18,7,12,2475,DL,LAX,7
32,12,18,7,15,2475,DL,LAX,7
-1,12,18,7,21,2475,DL,LAX,7
-4,12,18,7,19,2475,DL,LAX,7
2,12,19,1,7,2475,DL,LAX,6
0,12,19,1,17,2475,DL,LAX,6
-3,12,19,1,9,2475,DL,LAX,6
-3,12,19,1,7,2475,DL,LAX,6
-5,12,19,1,12,2475,DL,LAX,6
29,12,19,1,15,2475,DL,LAX,6
6,12,19,1,21,2475,DL,LAX,6
-1,12,19,1,19,2475,DL,LAX,6
-3,12,20,2,7,2475,DL,LAX,5
-2,12,20,2,17,2475,DL,LAX,5
-5,12,20,2,9,2475,DL,LAX,5
-3,12,20,2,12,2475,DL,LAX,5
-4,12,20,2,15,2475,DL,LAX,5
-6,12,20,2,21,2475,DL,LAX,5
-1,12,20,2,19,2475,DL,LAX,5
-3,12,21,3,17,2475,DL,LAX,4
-5,12,21,3,9,2475,DL,LAX,4
-5,12,21,3,12,2475,DL,LAX,4
-1,12,21,3,15,2475,DL,LAX,4
19,12,21,3,21,2475,DL,LAX,4
7,12,21,3,19,2475,DL,LAX,4
-1,12,22,4,7,2475,DL,LAX,3
-3,12,22,4,17,2475,DL,LAX,3
9,12,22,4,9,2475,DL,LAX,3
-5,12,22,4,7,2475,DL,LAX,3
-3,12,22,4,12,2475,DL,LAX,3
-2,12,22,4,15,2475,DL,LAX,3
-3,12,22,4,21,2475,DL,LAX,3
0,12,22,4,19,2475,DL,LAX,3
-10,12,23,5,17,2475,DL,LAX,2
-2,12,23,5,9,2475,DL,LAX,2
-5,12,23,5,12,2475,DL,LAX,2
-2,12,23,5,15,2475,DL,LAX,2
1,12,23,5,21,2475,DL,LAX,2
-3,12,23,5,19,2475,DL,LAX,2
-1,12,24,6,17,2475,DL,LAX,1
-2,12,24,6,9,2475,DL,LAX,1
-3,12,24,6,15,2475,DL,LAX,1
2,12,24,6,19,2475,DL,LAX,1
7,12,25,7,9,2475,DL,LAX,0
-1,12,25,7,12,2475,DL,LAX,0
-5,12,25,7,15,2475,DL,LAX,0
19,12,25,7,19,2475,DL,LAX,0
-5,12,26,1,7,2475,DL,LAX,1
-1,12,26,1,17,2475,DL,LAX,1
-8,12,26,1,9,2475,DL,LAX,1
-4,12,26,1,7,2475,DL,LAX,1
-5,12,26,1,12,2475,DL,LAX,1
1,12,26,1,15,2475,DL,LAX,1
2,12,26,1,21,2475,DL,LAX,1
-4,12,26,1,19,2475,DL,LAX,1
-11,12,27,2,7,2475,DL,LAX,2
-5,12,27,2,17,2475,DL,LAX,2
-8,12,27,2,9,2475,DL,LAX,2
-7,12,27,2,12,2475,DL,LAX,2
-4,12,27,2,15,2475,DL,LAX,2
98,12,27,2,21,2475,DL,LAX,2
-6,12,27,2,19,2475,DL,LAX,2
-7,12,28,3,17,2475,DL,LAX,3
-3,12,28,3,9,2475,DL,LAX,3
-3,12,28,3,12,2475,DL,LAX,3
-4,12,28,3,15,2475,DL,LAX,3
-2,12,28,3,21,2475,DL,LAX,3
-3,12,28,3,19,2475,DL,LAX,3
-7,12,29,4,7,2475,DL,LAX,3
-3,12,29,4,17,2475,DL,LAX,3
-6,12,29,4,9,2475,DL,LAX,3
-6,12,29,4,7,2475,DL,LAX,3
-5,12,29,4,12,2475,DL,LAX,3
1,12,29,4,15,2475,DL,LAX,3
-4,12,29,4,21,2475,DL,LAX,3
-4,12,29,4,19,2475,DL,LAX,3
-4,12,30,5,17,2475,DL,LAX,2
-6,12,30,5,9,2475,DL,LAX,2
-9,12,30,5,12,2475,DL,LAX,2
-5,12,30,5,15,2475,DL,LAX,2
4,12,30,5,21,2475,DL,LAX,2
-4,12,30,5,19,2475,DL,LAX,2
-4,12,31,6,17,2475,DL,LAX,1
-6,12,31,6,9,2475,DL,LAX,1
49,12,31,6,15,2475,DL,LAX,1
-6,12,31,6,19,2475,DL,LAX,1
