-10,10,1,6,9,2475,AA,LAX,7
-5,10,2,7,9,2475,AA,LAX,6
-6,10,3,1,9,2475,AA,LAX,5
-3,10,4,2,9,2475,AA,LAX,4
-9,10,5,3,9,2475,AA,LAX,3
-10,10,6,4,9,2475,AA,LAX,2
-8,10,7,5,9,2475,AA,LAX,1
-1,10,8,6,9,2475,AA,LAX,0
-8,10,9,7,9,2475,AA,LAX,1
-6,10,10,1,9,2475,AA,LAX,2
-7,10,11,2,9,2475,AA,LAX,3
-3,10,12,3,9,2475,AA,LAX,4
0,10,13,4,9,2475,AA,LAX,5
-6,10,14,5,9,2475,AA,LAX,6
-1,10,15,6,9,2475,AA,LAX,7
-2,10,16,7,9,2475,AA,LAX,8
-5,10,17,1,9,2475,AA,LAX,9
-9,10,18,2,9,2475,AA,LAX,10
2,10,19,3,9,2475,AA,LAX,11
1,10,20,4,9,2475,AA,LAX,12
-7,10,21,5,9,2475,AA,LAX,13
8,10,22,6,9,2475,AA,LAX,14
-4,10,23,7,9,2475,AA,LAX,15
-6,10,24,1,9,2475,AA,LAX,16
-2,10,25,2,9,2475,AA,LAX,17
-9,10,26,3,9,2475,AA,LAX,16
-8,10,27,4,9,2475,AA,LAX,15
0,10,28,5,9,2475,AA,LAX,14
-9,10,29,6,9,2475,AA,LAX,13
78,10,30,7,9,2475,AA,LAX,12
-3,10,31,1,9,2475,AA,LAX,11
-9,10,1,6,12,2475,AA,LAX,7
-6,10,2,7,12,2475,AA,LAX,6
-8,10,3,1,12,2475,AA,LAX,5
-5,10,4,2,12,2475,AA,LAX,4
-4,10,5,3,12,2475,AA,LAX,3
-9,10,6,4,12,2475,AA,LAX,2
-8,10,7,5,12,2475,AA,LAX,1
-8,10,8,6,12,2475,AA,LAX,0
2,10,9,7,12,2475,AA,LAX,1
82,10,10,1,12,2475,AA,LAX,2
-8,10,11,2,12,2475,AA,LAX,3
-7,10,12,3,12,2475,AA,LAX,4
1,10,13,4,12,2475,AA,LAX,5
183,10,14,5,12,2475,AA,LAX,6
-8,10,15,6,12,2475,AA,LAX,7
-9,10,16,7,12,2475,AA,LAX,8
-10,10,17,1,12,2475,AA,LAX,9
-4,10,18,2,12,2475,AA,LAX,10
-2,10,19,3,12,2475,AA,LAX,11
-4,10,20,4,12,2475,AA,LAX,12
-7,10,21,5,12,2475,AA,LAX,13
-5,10,22,6,12,2475,AA,LAX,14
-3,10,23,7,12,2475,AA,LAX,15
-4,10,24,1,12,2475,AA,LAX,16
-3,10,25,2,12,2475,AA,LAX,17
-10,10,26,3,12,2475,AA,LAX,16
-7,10,27,4,12,2475,AA,LAX,15
-8,10,28,5,12,2475,AA,LAX,14
-5,10,29,6,12,2475,AA,LAX,13
-4,10,30,7,12,2475,AA,LAX,12
-7,10,31,1,12,2475,AA,LAX,11
2,10,2,7,10,2475,AA,LAX,6
46,10,3,1,10,2475,AA,LAX,5
-9,10,4,2,10,2475,AA,LAX,4
-3,10,5,3,10,2475,AA,LAX,3
-7,10,6,4,10,2475,AA,LAX,2
-5,10,7,5,10,2475,AA,LAX,1
-5,10,9,7,10,2475,AA,LAX,1
-4,10,10,1,10,2475,AA,LAX,2
-4,10,11,2,10,2475,AA,LAX,3
-6,10,12,3,10,2475,AA,LAX,4
4,10,13,4,10,2475,AA,LAX,5
-7,10,14,5,10,2475,AA,LAX,6
-6,10,16,7,10,2475,AA,LAX,8
-6,10,17,1,10,2475,AA,LAX,9
-2,10,18,2,10,2475,AA,LAX,10
-3,10,19,3,10,2475,AA,LAX,11
-3,10,20,4,10,2475,AA,LAX,12
0,10,21,5,10,2475,AA,LAX,13
-1,10,23,7,10,2475,AA,LAX,15
-9,10,24,1,10,2475,AA,LAX,16
-9,10,25,2,10,2475,AA,LAX,17
-5,10,26,3,10,2475,AA,LAX,16
-8,10,27,4,10,2475,AA,LAX,15
-1,10,28,5,10,2475,AA,LAX,14
-5,10,30,7,10,2475,AA,LAX,12
-11,10,31,1,10,2475,AA,LAX,11
23,10,1,6,19,2475,AA,LAX,7
-4,10,2,7,19,2475,AA,LAX,6
5,10,3,1,19,2475,AA,LAX,5
-4,10,4,2,19,2475,AA,LAX,4
21,10,5,3,19,2475,AA,LAX,3
-5,10,6,4,19,2475,AA,LAX,2
-2,10,7,5,19,2475,AA,LAX,1
6,10,8,6,19,2475,AA,LAX,0
2,10,9,7,19,2475,AA,LAX,1
-7,10,10,1,19,2475,AA,LAX,2
9,10,11,2,19,2475,AA,LAX,3
0,10,12,3,19,2475,AA,LAX,4
-2,10,13,4,19,2475,AA,LAX,5
17,10,14,5,19,2475,AA,LAX,6
-5,10,15,6,19,2475,AA,LAX,7
-9,10,16,7,19,2475,AA,LAX,8
1,10,17,1,19,2475,AA,LAX,9
73,10,18,2,19,2475,AA,LAX,10
114,10,19,3,19,2475,AA,LAX,11
-1,10,20,4,19,2475,AA,LAX,12
-8,10,21,5,19,2475,AA,LAX,13
-2,10,22,6,19,2475,AA,LAX,14
7,10,23,7,19,2475,AA,LAX,15
91,10,24,1,19,2475,AA,LAX,16
-5,10,25,2,19,2475,AA,LAX,17
-6,10,26,3,19,2475,AA,LAX,16
30,10,27,4,19,2475,AA,LAX,15
45,10,28,5,19,2475,AA,LAX,14
8,10,29,6,19,2475,AA,LAX,13
-1,10,30,7,19,2475,AA,LAX,12
-2,10,31,1,19,2475,AA,LAX,11
-2,10,1,6,7,2475,AA,LAX,7
0,10,2,7,7,2475,AA,LAX,6
-8,10,3,1,7,2475,AA,LAX,5
0,10,4,2,7,2475,AA,LAX,4
-5,10,5,3,7,2475,AA,LAX,3
-1,10,6,4,7,2475,AA,LAX,2
-2,10,7,5,7,2475,AA,LAX,1
-2,10,8,6,7,2475,AA,LAX,0
-5,10,9,7,7,2475,AA,LAX,1
-4,10,10,1,7,2475,AA,LAX,2
18,10,11,2,7,2475,AA,LAX,3
-6,10,12,3,7,2475,AA,LAX,4
-5,10,13,4,7,2475,AA,LAX,5
-7,10,14,5,7,2475,AA,LAX,6
10,10,15,6,7,2475,AA,LAX,7
-4,10,16,7,7,2475,AA,LAX,8
-6,10,17,1,7,2475,AA,LAX,9
-4,10,18,2,7,2475,AA,LAX,10
-3,10,19,3,7,2475,AA,LAX,11
-9,10,20,4,7,2475,AA,LAX,12
-1,10,21,5,7,2475,AA,LAX,13
1,10,22,6,7,2475,AA,LAX,14
-4,10,23,7,7,2475,AA,LAX,15
-4,10,24,1,7,2475,AA,LAX,16
-7,10,25,2,7,2475,AA,LAX,17
-3,10,26,3,7,2475,AA,LAX,16
-8,10,27,4,7,2475,AA,LAX,15
-4,10,28,5,7,2475,AA,LAX,14
-1,10,29,6,7,2475,AA,LAX,13
6,10,30,7,7,2475,AA,LAX,12
-5,10,31,1,7,2475,AA,LAX,11
14,10,1,6,13,2475,AA,LAX,7
-4,10,2,7,13,2475,AA,LAX,6
1,10,3,1,13,2475,AA,LAX,5
-3,10,4,2,13,2475,AA,LAX,4
1,10,5,3,13,2475,AA,LAX,3
4,10,6,4,13,2475,AA,LAX,2
-2,10,7,5,13,2475,AA,LAX,1
14,10,8,6,13,2475,AA,LAX,0
-5,10,9,7,13,2475,AA,LAX,1
27,10,10,1,13,2475,AA,LAX,2
-4,10,11,2,13,2475,AA,LAX,3
-6,10,12,3,13,2475,AA,LAX,4
1,10,13,4,13,2475,AA,LAX,5
-2,10,14,5,13,2475,AA,LAX,6
-4,10,15,6,13,2475,AA,LAX,7
-3,10,16,7,13,2475,AA,LAX,8
4,10,17,1,13,2475,AA,LAX,9
1,10,18,2,13,2475,AA,LAX,10
-2,10,19,3,13,2475,AA,LAX,11
-6,10,20,4,13,2475,AA,LAX,12
-6,10,21,5,13,2475,AA,LAX,13
7,10,22,6,13,2475,AA,LAX,14
-3,10,23,7,13,2475,AA,LAX,15
-1,10,24,1,13,2475,AA,LAX,16
-3,10,25,2,13,2475,AA,LAX,17
-6,10,26,3,13,2475,AA,LAX,16
0,10,27,4,13,2475,AA,LAX,15
-7,10,28,5,13,2475,AA,LAX,14
1,10,29,6,13,2475,AA,LAX,13
6,10,30,7,13,2475,AA,LAX,12
-4,10,31,1,13,2475,AA,LAX,11
-2,10,1,6,15,2475,AA,LAX,7
0,10,2,7,15,2475,AA,LAX,6
0,10,3,1,15,2475,AA,LAX,5
0,10,4,2,15,2475,AA,LAX,4
58,10,5,3,15,2475,AA,LAX,3
330,10,6,4,15,2475,AA,LAX,2
-1,10,7,5,15,2475,AA,LAX,1
-3,10,8,6,15,2475,AA,LAX,0
2,10,9,7,15,2475,AA,LAX,1
104,10,10,1,15,2475,AA,LAX,2
131,10,11,2,15,2475,AA,LAX,3
-1,10,12,3,15,2475,AA,LAX,4
-9,10,13,4,15,2475,AA,LAX,5
52,10,14,5,15,2475,AA,LAX,6
-8,10,15,6,15,2475,AA,LAX,7
-4,10,16,7,15,2475,AA,LAX,8
-5,10,17,1,15,2475,AA,LAX,9
3,10,18,2,15,2475,AA,LAX,10
0,10,19,3,15,2475,AA,LAX,11
-1,10,20,4,15,2475,AA,LAX,12
8,10,21,5,15,2475,AA,LAX,13
-2,10,22,6,15,2475,AA,LAX,14
-5,10,23,7,15,2475,AA,LAX,15
2,10,24,1,15,2475,AA,LAX,16
-2,10,25,2,15,2475,AA,LAX,17
-1,10,26,3,15,2475,AA,LAX,16
1,10,27,4,15,2475,AA,LAX,15
-4,10,28,5,15,2475,AA,LAX,14
143,10,29,6,15,2475,AA,LAX,13
8,10,30,7,15,2475,AA,LAX,12
-1,10,31,1,15,2475,AA,LAX,11
-1,10,1,6,16,2475,AA,LAX,7
9,10,2,7,16,2475,AA,LAX,6
21,10,3,1,16,2475,AA,LAX,5
-2,10,4,2,16,2475,AA,LAX,4
121,10,5,3,16,2475,AA,LAX,3
0,10,6,4,16,2475,AA,LAX,2
-2,10,7,5,16,2475,AA,LAX,1
9,10,8,6,16,2475,AA,LAX,0
-3,10,9,7,16,2475,AA,LAX,1
-6,10,10,1,16,2475,AA,LAX,2
1,10,11,2,16,2475,AA,LAX,3
3,10,12,3,16,2475,AA,LAX,4
10,10,13,4,16,2475,AA,LAX,5
28,10,14,5,16,2475,AA,LAX,6
-7,10,15,6,16,2475,AA,LAX,7
-4,10,16,7,16,2475,AA,LAX,8
10,10,17,1,16,2475,AA,LAX,9
-3,10,18,2,16,2475,AA,LAX,10
12,10,19,3,16,2475,AA,LAX,11
-4,10,20,4,16,2475,AA,LAX,12
-4,10,21,5,16,2475,AA,LAX,13
-2,10,22,6,16,2475,AA,LAX,14
-4,10,23,7,16,2475,AA,LAX,15
-3,10,24,1,16,2475,AA,LAX,16
1,10,25,2,16,2475,AA,LAX,17
1,10,26,3,16,2475,AA,LAX,16
-1,10,27,4,16,2475,AA,LAX,15
-3,10,28,5,16,2475,AA,LAX,14
7,10,30,7,16,2475,AA,LAX,12
28,10,31,1,16,2475,AA,LAX,11
2,10,1,6,21,2475,AA,LAX,7
-1,10,2,7,21,2475,AA,LAX,6
-5,10,3,1,21,2475,AA,LAX,5
1,10,4,2,21,2475,AA,LAX,4
66,10,5,3,21,2475,AA,LAX,3
-1,10,6,4,21,2475,AA,LAX,2
-5,10,7,5,21,2475,AA,LAX,1
1,10,8,6,21,2475,AA,LAX,0
-7,10,9,7,21,2475,AA,LAX,1
-4,10,10,1,21,2475,AA,LAX,2
-5,10,11,2,21,2475,AA,LAX,3
-2,10,12,3,21,2475,AA,LAX,4
115,10,13,4,21,2475,AA,LAX,5
16,10,14,5,21,2475,AA,LAX,6
-1,10,15,6,21,2475,AA,LAX,7
-7,10,16,7,21,2475,AA,LAX,8
44,10,17,1,21,2475,AA,LAX,9
27,10,18,2,21,2475,AA,LAX,10
90,10,19,3,21,2475,AA,LAX,11
0,10,20,4,21,2475,AA,LAX,12
-5,10,21,5,21,2475,AA,LAX,13
0,10,22,6,21,2475,AA,LAX,14
76,10,23,7,21,2475,AA,LAX,15
51,10,24,1,21,2475,AA,LAX,16
-7,10,25,2,21,2475,AA,LAX,17
-4,10,26,3,21,2475,AA,LAX,16
7,10,27,4,21,2475,AA,LAX,15
-6,10,28,5,21,2475,AA,LAX,14
19,10,30,7,21,2475,AA,LAX,12
-9,10,31,1,21,2475,AA,LAX,11
21,10,1,6,7,2475,AA,LAX,7
16,10,2,7,7,2475,AA,LAX,6
-4,10,3,1,7,2475,AA,LAX,5
-7,10,4,2,7,2475,AA,LAX,4
-2,10,5,3,7,2475,AA,LAX,3
-4,10,6,4,7,2475,AA,LAX,2
0,10,7,5,7,2475,AA,LAX,1
4,10,8,6,7,2475,AA,LAX,0
4,10,9,7,7,2475,AA,LAX,1
-4,10,10,1,7,2475,AA,LAX,2
-4,10,11,2,7,2475,AA,LAX,3
-10,10,12,3,7,2475,AA,LAX,4
30,10,13,4,7,2475,AA,LAX,5
28,10,14,5,7,2475,AA,LAX,6
-7,10,15,6,7,2475,AA,LAX,7
-5,10,16,7,7,2475,AA,LAX,8
23,10,17,1,7,2475,AA,LAX,9
-7,10,18,2,7,2475,AA,LAX,10
-4,10,19,3,7,2475,AA,LAX,11
-3,10,20,4,7,2475,AA,LAX,12
-6,10,21,5,7,2475,AA,LAX,13
-6,10,22,6,7,2475,AA,LAX,14
-6,10,23,7,7,2475,AA,LAX,15
-2,10,24,1,7,2475,AA,LAX,16
-2,10,25,2,7,2475,AA,LAX,17
-10,10,26,3,7,2475,AA,LAX,16
-4,10,27,4,7,2475,AA,LAX,15
-3,10,28,5,7,2475,AA,LAX,14
-8,10,29,6,7,2475,AA,LAX,13
-6,10,31,1,7,2475,AA,LAX,11
-1,10,1,6,9,2475,B6,LAX,7
0,10,1,6,6,2475,B6,LAX,7
5,10,1,6,16,2475,B6,LAX,7
28,10,1,6,20,2475,B6,LAX,7
11,10,2,7,9,2475,B6,LAX,6
3,10,2,7,6,2475,B6,LAX,6
-9,10,2,7,11,2475,B6,LAX,6
0,10,2,7,16,2475,B6,LAX,6
5,10,2,7,20,2475,B6,LAX,6
11,10,3,1,9,2475,B6,LAX,5
-7,10,3,1,6,2475,B6,LAX,5
-7,10,3,1,11,2475,B6,LAX,5
-6,10,3,1,16,2475,B6,LAX,5
41,10,3,1,20,2475,B6,LAX,5
-3,10,4,2,9,2475,B6,LAX,4
-2,10,4,2,6,2475,B6,LAX,4
-5,10,4,2,11,2475,B6,LAX,4
-2,10,4,2,16,2475,B6,LAX,4
-4,10,4,2,20,2475,B6,LAX,4
-5,10,5,3,9,2475,B6,LAX,3
-6,10,5,3,6,2475,B6,LAX,3
-1,10,5,3,11,2475,B6,LAX,3
-2,10,5,3,16,2475,B6,LAX,3
-7,10,5,3,20,2475,B6,LAX,3
-3,10,6,4,9,2475,B6,LAX,2
-2,10,6,4,6,2475,B6,LAX,2
-7,10,6,4,11,2475,B6,LAX,2
5,10,6,4,16,2475,B6,LAX,2
0,10,6,4,20,2475,B6,LAX,2
-6,10,7,5,9,2475,B6,LAX,1
-3,10,7,5,6,2475,B6,LAX,1
-2,10,7,5,11,2475,B6,LAX,1
-2,10,7,5,16,2475,B6,LAX,1
1,10,7,5,20,2475,B6,LAX,1
-3,10,8,6,9,2475,B6,LAX,0
-6,10,8,6,6,2475,B6,LAX,0
15,10,8,6,16,2475,B6,LAX,0
6,10,8,6,20,2475,B6,LAX,0
-2,10,9,7,9,2475,B6,LAX,1
0,10,9,7,6,2475,B6,LAX,1
0,10,9,7,11,2475,B6,LAX,1
4,10,9,7,16,2475,B6,LAX,1
28,10,9,7,20,2475,B6,LAX,1
-1,10,10,1,9,2475,B6,LAX,2
-4,10,10,1,6,2475,B6,LAX,2
48,10,10,1,11,2475,B6,LAX,2
-1,10,10,1,16,2475,B6,LAX,2
-4,10,10,1,20,2475,B6,LAX,2
-6,10,11,2,9,2475,B6,LAX,3
-7,10,11,2,6,2475,B6,LAX,3
-4,10,11,2,11,2475,B6,LAX,3
-6,10,11,2,16,2475,B6,LAX,3
-1,10,11,2,20,2475,B6,LAX,3
-7,10,12,3,9,2475,B6,LAX,4
-2,10,12,3,6,2475,B6,LAX,4
-6,10,12,3,11,2475,B6,LAX,4
-5,10,12,3,16,2475,B6,LAX,4
-1,10,12,3,20,2475,B6,LAX,4
-8,10,13,4,9,2475,B6,LAX,5
-3,10,13,4,6,2475,B6,LAX,5
-4,10,13,4,11,2475,B6,LAX,5
-1,10,13,4,16,2475,B6,LAX,5
68,10,13,4,20,2475,B6,LAX,5
-2,10,14,5,9,2475,B6,LAX,6
-1,10,14,5,6,2475,B6,LAX,6
-3,10,14,5,11,2475,B6,LAX,6
2,10,14,5,16,2475,B6,LAX,6
-2,10,14,5,20,2475,B6,LAX,6
-7,10,15,6,9,2475,B6,LAX,7
4,10,15,6,6,2475,B6,LAX,7
-1,10,15,6,16,2475,B6,LAX,7
-4,10,15,6,20,2475,B6,LAX,7
39,10,16,7,9,2475,B6,LAX,8
1,10,16,7,6,2475,B6,LAX,8
0,10,16,7,11,2475,B6,LAX,8
-5,10,16,7,16,2475,B6,LAX,8
-2,10,16,7,20,2475,B6,LAX,8
-8,10,17,1,9,2475,B6,LAX,9
-1,10,17,1,6,2475,B6,LAX,9
-4,10,17,1,11,2475,B6,LAX,9
4,10,17,1,16,2475,B6,LAX,9
0,10,17,1,20,2475,B6,LAX,9
-2,10,18,2,9,2475,B6,LAX,10
-7,10,18,2,6,2475,B6,LAX,10
-6,10,18,2,11,2475,B6,LAX,10
-6,10,18,2,16,2475,B6,LAX,10
-2,10,18,2,20,2475,B6,LAX,10
-1,10,19,3,9,2475,B6,LAX,11
-3,10,19,3,6,2475,B6,LAX,11
-4,10,19,3,11,2475,B6,LAX,11
-3,10,19,3,16,2475,B6,LAX,11
58,10,19,3,20,2475,B6,LAX,11
-2,10,20,4,9,2475,B6,LAX,12
-4,10,20,4,6,2475,B6,LAX,12
0,10,20,4,11,2475,B6,LAX,12
2,10,20,4,16,2475,B6,LAX,12
-3,10,20,4,20,2475,B6,LAX,12
0,10,21,5,9,2475,B6,LAX,13
0,10,21,5,6,2475,B6,LAX,13
-3,10,21,5,11,2475,B6,LAX,13
15,10,21,5,16,2475,B6,LAX,13
5,10,21,5,20,2475,B6,LAX,13
3,10,22,6,9,2475,B6,LAX,14
-2,10,22,6,6,2475,B6,LAX,14
-7,10,22,6,16,2475,B6,LAX,14
-1,10,22,6,20,2475,B6,LAX,14
-1,10,23,7,9,2475,B6,LAX,15
-7,10,23,7,6,2475,B6,LAX,15
-3,10,23,7,11,2475,B6,LAX,15
-1,10,23,7,16,2475,B6,LAX,15
41,10,23,7,20,2475,B6,LAX,15
48,10,24,1,9,2475,B6,LAX,16
85,10,24,1,6,2475,B6,LAX,16
104,10,24,1,11,2475,B6,LAX,16
14,10,24,1,16,2475,B6,LAX,16
-1,10,24,1,20,2475,B6,LAX,16
-6,10,25,2,9,2475,B6,LAX,17
1,10,25,2,6,2475,B6,LAX,17
-6,10,25,2,11,2475,B6,LAX,17
11,10,25,2,16,2475,B6,LAX,17
-4,10,25,2,20,2475,B6,LAX,17
-5,10,26,3,9,2475,B6,LAX,16
-7,10,26,3,6,2475,B6,LAX,16
-2,10,26,3,11,2475,B6,LAX,16
-2,10,26,3,16,2475,B6,LAX,16
-3,10,26,3,20,2475,B6,LAX,16
-4,10,27,4,9,2475,B6,LAX,15
-4,10,27,4,6,2475,B6,LAX,15
-5,10,27,4,11,2475,B6,LAX,15
-4,10,27,4,16,2475,B6,LAX,15
106,10,27,4,20,2475,B6,LAX,15
-7,10,28,5,9,2475,B6,LAX,14
-6,10,28,5,6,2475,B6,LAX,14
2,10,28,5,11,2475,B6,LAX,14
-1,10,28,5,16,2475,B6,LAX,14
-1,10,28,5,20,2475,B6,LAX,14
-5,10,29,6,9,2475,B6,LAX,13
-6,10,29,6,6,2475,B6,LAX,13
32,10,29,6,16,2475,B6,LAX,13
309,10,29,6,20,2475,B6,LAX,13
53,10,30,7,7,2475,B6,LAX,12
54,10,30,7,11,2475,B6,LAX,12
-3,10,30,7,16,2475,B6,LAX,12
9,10,30,7,20,2475,B6,LAX,12
49,10,30,7,9,2475,B6,LAX,12
-4,10,31,1,7,2475,B6,LAX,11
0,10,31,1,11,2475,B6,LAX,11
-2,10,31,1,16,2475,B6,LAX,11
18,10,31,1,20,2475,B6,LAX,11
4,10,31,1,9,2475,B6,LAX,11
-2,10,1,6,17,2475,DL,LAX,7
-4,10,1,6,9,2475,DL,LAX,7
-3,10,1,6,12,2475,DL,LAX,7
-5,10,1,6,15,2475,DL,LAX,7
13,10,1,6,19,2475,DL,LAX,7
4,10,2,7,17,2475,DL,LAX,6
-3,10,2,7,9,2475,DL,LAX,6
-4,10,2,7,12,2475,DL,LAX,6
10,10,2,7,15,2475,DL,LAX,6
-1,10,2,7,21,2475,DL,LAX,6
-3,10,2,7,19,2475,DL,LAX,6
-2,10,3,1,17,2475,DL,LAX,5
-5,10,3,1,9,2475,DL,LAX,5
-2,10,3,1,7,2475,DL,LAX,5
-4,10,3,1,12,2475,DL,LAX,5
1,10,3,1,15,2475,DL,LAX,5
17,10,3,1,21,2475,DL,LAX,5
-5,10,3,1,19,2475,DL,LAX,5
11,10,4,2,17,2475,DL,LAX,4
-5,10,4,2,9,2475,DL,LAX,4
-2,10,4,2,7,2475,DL,LAX,4
-2,10,4,2,12,2475,DL,LAX,4
0,10,4,2,15,2475,DL,LAX,4
4,10,4,2,21,2475,DL,LAX,4
-1,10,4,2,19,2475,DL,LAX,4
-2,10,5,3,17,2475,DL,LAX,3
-3,10,5,3,9,2475,DL,LAX,3
-5,10,5,3,7,2475,DL,LAX,3
-1,10,5,3,12,2475,DL,LAX,3
-5,10,5,3,15,2475,DL,LAX,3
-1,10,5,3,21,2475,DL,LAX,3
-3,10,5,3,19,2475,DL,LAX,3
-2,10,6,4,17,2475,DL,LAX,2
-5,10,6,4,9,2475,DL,LAX,2
-4,10,6,4,7,2475,DL,LAX,2
-6,10,6,4,12,2475,DL,LAX,2
2,10,6,4,15,2475,DL,LAX,2
13,10,6,4,21,2475,DL,LAX,2
42,10,6,4,19,2475,DL,LAX,2
-3,10,7,5,17,2475,DL,LAX,1
-7,10,7,5,9,2475,DL,LAX,1
-4,10,7,5,7,2475,DL,LAX,1
-4,10,7,5,12,2475,DL,LAX,1
-5,10,7,5,15,2475,DL,LAX,1
2,10,7,5,21,2475,DL,LAX,1
-5,10,7,5,19,2475,DL,LAX,1
-1,10,8,6,17,2475,DL,LAX,0
-4,10,8,6,9,2475,DL,LAX,0
-5,10,8,6,12,2475,DL,LAX,0
-4,10,8,6,15,2475,DL,LAX,0
-5,10,8,6,19,2475,DL,LAX,0
-1,10,9,7,17,2475,DL,LAX,1
-2,10,9,7,9,2475,DL,LAX,1
-2,10,9,7,12,2475,DL,LAX,1
0,10,9,7,15,2475,DL,LAX,1
11,10,9,7,21,2475,DL,LAX,1
-2,10,9,7,19,2475,DL,LAX,1
-4,10,10,1,17,2475,DL,LAX,2
-2,10,10,1,9,2475,DL,LAX,2
-3,10,10,1,7,2475,DL,LAX,2
-5,10,10,1,12,2475,DL,LAX,2
-6,10,10,1,15,2475,DL,LAX,2
-9,10,10,1,21,2475,DL,LAX,2
2,10,10,1,19,2475,DL,LAX,2
36,10,11,2,17,2475,DL,LAX,3
-4,10,11,2,9,2475,DL,LAX,3
-3,10,11,2,7,2475,DL,LAX,3
-4,10,11,2,12,2475,DL,LAX,3
-5,10,11,2,15,2475,DL,LAX,3
-5,10,11,2,21,2475,DL,LAX,3
-1,10,11,2,19,2475,DL,LAX,3
-3,10,12,3,17,2475,DL,LAX,4
4,10,12,3,9,2475,DL,LAX,4
-2,10,12,3,7,2475,DL,LAX,4
-4,10,12,3,12,2475,DL,LAX,4
-1,10,12,3,21,2475,DL,LAX,4
1,10,12,3,19,2475,DL,LAX,4
-5,10,13,4,17,2475,DL,LAX,5
-6,10,13,4,9,2475,DL,LAX,5
-5,10,13,4,7,2475,DL,LAX,5
17,10,13,4,12,2475,DL,LAX,5
23,10,13,4,15,2475,DL,LAX,5
-4,10,13,4,21,2475,DL,LAX,5
-3,10,13,4,19,2475,DL,LAX,5
-4,10,14,5,17,2475,DL,LAX,6
-2,10,14,5,9,2475,DL,LAX,6
-3,10,14,5,7,2475,DL,LAX,6
-1,10,14,5,12,2475,DL,LAX,6
-6,10,14,5,15,2475,DL,LAX,6
-1,10,14,5,21,2475,DL,LAX,6
-1,10,14,5,19,2475,DL,LAX,6
-5,10,15,6,17,2475,DL,LAX,7
-6,10,15,6,9,2475,DL,LAX,7
-2,10,15,6,12,2475,DL,LAX,7
-4,10,15,6,15,2475,DL,LAX,7
15,10,15,6,19,2475,DL,LAX,7
-3,10,16,7,17,2475,DL,LAX,8
6,10,16,7,9,2475,DL,LAX,8
-2,10,16,7,12,2475,DL,LAX,8
-3,10,16,7,15,2475,DL,LAX,8
20,10,16,7,21,2475,DL,LAX,8
-2,10,16,7,19,2475,DL,LAX,8
-2,10,17,1,17,2475,DL,LAX,9
3,10,17,1,9,2475,DL,LAX,9
0,10,17,1,7,2475,DL,LAX,9
-3,10,17,1,12,2475,DL,LAX,9
-5,10,17,1,15,2475,DL,LAX,9
-4,10,17,1,21,2475,DL,LAX,9
52,10,17,1,19,2475,DL,LAX,9
-5,10,18,2,17,2475,DL,LAX,10
-3,10,18,2,9,2475,DL,LAX,10
-6,10,18,2,7,2475,DL,LAX,10
-7,10,18,2,12,2475,DL,LAX,10
-2,10,18,2,15,2475,DL,LAX,10
-3,10,18,2,21,2475,DL,LAX,10
-3,10,18,2,19,2475,DL,LAX,10
-4,10,19,3,17,2475,DL,LAX,11
-5,10,19,3,9,2475,DL,LAX,11
0,10,19,3,7,2475,DL,LAX,11
-2,10,19,3,12,2475,DL,LAX,11
41,10,19,3,15,2475,DL,LAX,11
-3,10,19,3,21,2475,DL,LAX,11
-1,10,19,3,19,2475,DL,LAX,11
-4,10,20,4,17,2475,DL,LAX,12
-3,10,20,4,9,2475,DL,LAX,12
-2,10,20,4,7,2475,DL,LAX,12
-4,10,20,4,12,2475,DL,LAX,12
-5,10,20,4,15,2475,DL,LAX,12
27,10,20,4,21,2475,DL,LAX,12
17,10,20,4,19,2475,DL,LAX,12
-1,10,21,5,17,2475,DL,LAX,13
-5,10,21,5,9,2475,DL,LAX,13
-5,10,21,5,7,2475,DL,LAX,13
-5,10,21,5,12,2475,DL,LAX,13
0,10,21,5,15,2475,DL,LAX,13
-1,10,21,5,21,2475,DL,LAX,13
-4,10,21,5,19,2475,DL,LAX,13
-4,10,22,6,17,2475,DL,LAX,14
-3,10,22,6,9,2475,DL,LAX,14
-4,10,22,6,12,2475,DL,LAX,14
-3,10,22,6,15,2475,DL,LAX,14
-3,10,22,6,19,2475,DL,LAX,14
-2,10,23,7,17,2475,DL,LAX,15
-3,10,23,7,9,2475,DL,LAX,15
2,10,23,7,12,2475,DL,LAX,15
3,10,23,7,15,2475,DL,LAX,15
7,10,23,7,21,2475,DL,LAX,15
-2,10,23,7,19,2475,DL,LAX,15
-1,10,24,1,17,2475,DL,LAX,16
-4,10,24,1,9,2475,DL,LAX,16
1,10,24,1,7,2475,DL,LAX,16
-5,10,24,1,12,2475,DL,LAX,16
6,10,24,1,15,2475,DL,LAX,16
0,10,24,1,21,2475,DL,LAX,16
101,10,24,1,19,2475,DL,LAX,16
-5,10,25,2,17,2475,DL,LAX,17
-3,10,25,2,9,2475,DL,LAX,17
-3,10,25,2,7,2475,DL,LAX,17
-4,10,25,2,12,2475,DL,LAX,17
-5,10,25,2,15,2475,DL,LAX,17
-4,10,25,2,21,2475,DL,LAX,17
-3,10,25,2,19,2475,DL,LAX,17
-6,10,26,3,17,2475,DL,LAX,16
-10,10,26,3,9,2475,DL,LAX,16
-4,10,26,3,7,2475,DL,LAX,16
-13,10,26,3,12,2475,DL,LAX,16
-4,10,26,3,15,2475,DL,LAX,16
0,10,26,3,21,2475,DL,LAX,16
-5,10,26,3,19,2475,DL,LAX,16
-1,10,27,4,17,2475,DL,LAX,15
-2,10,27,4,9,2475,DL,LAX,15
-3,10,27,4,7,2475,DL,LAX,15
-6,10,27,4,12,2475,DL,LAX,15
-4,10,27,4,15,2475,DL,LAX,15
-1,10,27,4,21,2475,DL,LAX,15
1,10,27,4,19,2475,DL,LAX,15
-5,10,28,5,17,2475,DL,LAX,14
-5,10,28,5,9,2475,DL,LAX,14
-5,10,28,5,7,2475,DL,LAX,14
-6,10,28,5,12,2475,DL,LAX,14
-5,10,28,5,15,2475,DL,LAX,14
-4,10,28,5,21,2475,DL,LAX,14
-2,10,28,5,19,2475,DL,LAX,14
56,10,29,6,17,2475,DL,LAX,13
0,10,29,6,9,2475,DL,LAX,13
-3,10,29,6,7,2475,DL,LAX,13
0,10,29,6,12,2475,DL,LAX,13
59,10,29,6,15,2475,DL,LAX,13
57,10,29,6,19,2475,DL,LAX,13
-3,10,30,7,9,2475,DL,LAX,12
28,10,30,7,7,2475,DL,LAX,12
-4,10,30,7,12,2475,DL,LAX,12
1,10,30,7,15,2475,DL,LAX,12
11,10,30,7,17,2475,DL,LAX,12
-2,10,30,7,21,2475,DL,LAX,12
-3,10,30,7,19,2475,DL,LAX,12
-3,10,31,1,9,2475,DL,LAX,11
-5,10,31,1,7,2475,DL,LAX,11
-4,10,31,1,12,2475,DL,LAX,11
10,10,31,1,15,2475,DL,LAX,11
-2,10,31,1,17,2475,DL,LAX,11
-6,10,31,1,21,2475,DL,LAX,11
-3,11,1,2,9,2475,AA,LAX,10
-5,11,2,3,9,2475,AA,LAX,9
-2,11,3,4,9,2475,AA,LAX,8
-3,11,4,5,9,2475,AA,LAX,7
-5,11,5,6,9,2475,AA,LAX,6
-5,11,6,7,9,2475,AA,LAX,5
-6,11,7,1,9,2475,AA,LAX,4
-4,11,8,2,9,2475,AA,LAX,3
-2,11,9,3,9,2475,AA,LAX,2
-7,11,10,4,9,2475,AA,LAX,1
-5,11,11,5,9,2475,AA,LAX,0
-1,11,12,6,9,2475,AA,LAX,1
-1,11,13,7,9,2475,AA,LAX,2
-5,11,14,1,9,2475,AA,LAX,3
-7,11,15,2,9,2475,AA,LAX,4
-10,11,16,3,9,2475,AA,LAX,5
0,11,17,4,9,2475,AA,LAX,5
-1,11,18,5,9,2475,AA,LAX,4
12,11,19,6,9,2475,AA,LAX,3
-3,11,20,7,9,2475,AA,LAX,2
34,11,21,1,9,2475,AA,LAX,1
-7,11,22,2,9,2475,AA,LAX,0
-3,11,23,3,9,2475,AA,LAX,1
1,11,24,4,9,2475,AA,LAX,2
-6,11,25,5,9,2475,AA,LAX,3
17,11,26,6,9,2475,AA,LAX,4
-8,11,27,7,9,2475,AA,LAX,5
-4,11,28,1,9,2475,AA,LAX,6
2,11,29,2,9,2475,AA,LAX,7
-4,11,30,3,9,2475,AA,LAX,8
-7,11,1,2,12,2475,AA,LAX,10
-4,11,2,3,12,2475,AA,LAX,9
-4,11,3,4,12,2475,AA,LAX,8
-12,11,4,5,12,2475,AA,LAX,7
-7,11,5,6,12,2475,AA,LAX,6
-3,11,6,7,12,2475,AA,LAX,5
-3,11,7,1,12,2475,AA,LAX,4
-5,11,8,2,12,2475,AA,LAX,3
-1,11,9,3,12,2475,AA,LAX,2
-8,11,10,4,12,2475,AA,LAX,1
-5,11,11,5,12,2475,AA,LAX,0
-5,11,12,6,12,2475,AA,LAX,1
0,11,13,7,12,2475,AA,LAX,2
-2,11,14,1,12,2475,AA,LAX,3
-10,11,15,2,12,2475,AA,LAX,4
-2,11,16,3,12,2475,AA,LAX,5
-1,11,17,4,12,2475,AA,LAX,5
-5,11,18,5,12,2475,AA,LAX,4
-9,11,19,6,12,2475,AA,LAX,3
-6,11,20,7,12,2475,AA,LAX,2
-7,11,21,1,12,2475,AA,LAX,1
-13,11,22,2,12,2475,AA,LAX,0
-7,11,23,3,12,2475,AA,LAX,1
-10,11,24,4,12,2475,AA,LAX,2
-9,11,25,5,12,2475,AA,LAX,3
-9,11,26,6,12,2475,AA,LAX,4
-7,11,27,7,12,2475,AA,LAX,5
-9,11,28,1,12,2475,AA,LAX,6
6,11,29,2,12,2475,AA,LAX,7
-3,11,30,3,12,2475,AA,LAX,8
7,11,1,2,10,2475,AA,LAX,10
-2,11,2,3,10,2475,AA,LAX,9
-6,11,3,4,10,2475,AA,LAX,8
-7,11,4,5,10,2475,AA,LAX,7
-6,11,6,7,10,2475,AA,LAX,5
-9,11,7,1,10,2475,AA,LAX,4
-9,11,8,2,10,2475,AA,LAX,3
-7,11,9,3,10,2475,AA,LAX,2
-4,11,10,4,10,2475,AA,LAX,1
1,11,11,5,10,2475,AA,LAX,0
-7,11,13,7,10,2475,AA,LAX,2
-3,11,14,1,10,2475,AA,LAX,3
-10,11,15,2,10,2475,AA,LAX,4
-2,11,16,3,10,2475,AA,LAX,5
-7,11,17,4,10,2475,AA,LAX,5
-3,11,18,5,10,2475,AA,LAX,4
-6,11,20,7,10,2475,AA,LAX,2
0,11,21,1,10,2475,AA,LAX,1
-6,11,22,2,10,2475,AA,LAX,0
-4,11,23,3,10,2475,AA,LAX,1
1,11,24,4,10,2475,AA,LAX,2
-7,11,27,7,10,2475,AA,LAX,5
2,11,28,1,10,2475,AA,LAX,6
6,11,29,2,10,2475,AA,LAX,7
-5,11,30,3,10,2475,AA,LAX,8
0,11,1,2,19,2475,AA,LAX,10
-3,11,2,3,19,2475,AA,LAX,9
-2,11,3,4,19,2475,AA,LAX,8
-6,11,4,5,19,2475,AA,LAX,7
-4,11,5,6,19,2475,AA,LAX,6
146,11,6,7,19,2475,AA,LAX,5
-4,11,7,1,19,2475,AA,LAX,4
-8,11,8,2,19,2475,AA,LAX,3
11,11,9,3,19,2475,AA,LAX,2
-3,11,10,4,19,2475,AA,LAX,1
114,11,11,5,19,2475,AA,LAX,0
0,11,12,6,19,2475,AA,LAX,1
2,11,13,7,19,2475,AA,LAX,2
-3,11,14,1,19,2475,AA,LAX,3
-6,11,15,2,19,2475,AA,LAX,4
-1,11,16,3,19,2475,AA,LAX,5
44,11,17,4,19,2475,AA,LAX,5
-4,11,18,5,19,2475,AA,LAX,4
-7,11,19,6,19,2475,AA,LAX,3
-6,11,20,7,19,2475,AA,LAX,2
-4,11,21,1,19,2475,AA,LAX,1
-4,11,22,2,19,2475,AA,LAX,0
6,11,23,3,19,2475,AA,LAX,1
-2,11,25,5,19,2475,AA,LAX,3
-7,11,26,6,19,2475,AA,LAX,4
74,11,27,7,19,2475,AA,LAX,5
6,11,28,1,19,2475,AA,LAX,6
62,11,29,2,19,2475,AA,LAX,7
0,11,30,3,19,2475,AA,LAX,8
-3,11,1,2,7,2475,AA,LAX,10
-2,11,2,3,7,2475,AA,LAX,9
-7,11,3,4,7,2475,AA,LAX,8
-1,11,4,5,7,2475,AA,LAX,7
-1,11,5,6,7,2475,AA,LAX,6
-1,11,6,7,7,2475,AA,LAX,5
-6,11,7,1,7,2475,AA,LAX,4
-5,11,8,2,7,2475,AA,LAX,3
-3,11,9,3,7,2475,AA,LAX,2
-2,11,10,4,7,2475,AA,LAX,1
-6,11,11,5,7,2475,AA,LAX,0
0,11,12,6,7,2475,AA,LAX,1
-5,11,13,7,7,2475,AA,LAX,2
-5,11,14,1,7,2475,AA,LAX,3
-2,11,15,2,7,2475,AA,LAX,4
-2,11,16,3,7,2475,AA,LAX,5
-2,11,17,4,7,2475,AA,LAX,5
-4,11,18,5,7,2475,AA,LAX,4
-4,11,19,6,7,2475,AA,LAX,3
106,11,20,7,7,2475,AA,LAX,2
-4,11,21,1,7,2475,AA,LAX,1
-6,11,22,2,7,2475,AA,LAX,0
-5,11,23,3,7,2475,AA,LAX,1
-3,11,24,4,7,2475,AA,LAX,2
3,11,25,5,7,2475,AA,LAX,3
-4,11,26,6,7,2475,AA,LAX,4
-3,11,27,7,7,2475,AA,LAX,5
-6,11,28,1,7,2475,AA,LAX,6
5,11,29,2,7,2475,AA,LAX,7
-6,11,30,3,7,2475,AA,LAX,8
-3,11,1,2,13,2475,AA,LAX,10
14,11,2,3,13,2475,AA,LAX,9
0,11,3,4,13,2475,AA,LAX,8
38,11,4,5,13,2475,AA,LAX,7
-3,11,5,6,13,2475,AA,LAX,6
-4,11,6,7,13,2475,AA,LAX,5
-4,11,7,1,13,2475,AA,LAX,4
-9,11,8,2,13,2475,AA,LAX,3
522,11,9,3,13,2475,AA,LAX,2
0,11,10,4,13,2475,AA,LAX,1
-3,11,11,5,13,2475,AA,LAX,0
1,11,12,6,13,2475,AA,LAX,1
5,11,13,7,13,2475,AA,LAX,2
0,11,14,1,13,2475,AA,LAX,3
-4,11,15,2,13,2475,AA,LAX,4
-2,11,16,3,13,2475,AA,LAX,5
-2,11,17,4,13,2475,AA,LAX,5
1,11,18,5,13,2475,AA,LAX,4
80,11,19,6,13,2475,AA,LAX,3
231,11,20,7,13,2475,AA,LAX,2
-3,11,21,1,13,2475,AA,LAX,1
-2,11,22,2,13,2475,AA,LAX,0
-4,11,23,3,13,2475,AA,LAX,1
-3,11,24,4,13,2475,AA,LAX,2
-10,11,26,6,13,2475,AA,LAX,4
-6,11,27,7,13,2475,AA,LAX,5
296,11,28,1,13,2475,AA,LAX,6
-2,11,29,2,13,2475,AA,LAX,7
90,11,30,3,13,2475,AA,LAX,8
-3,11,1,2,15,2475,AA,LAX,10
1,11,2,3,15,2475,AA,LAX,9
-4,11,3,4,15,2475,AA,LAX,8
-1,11,4,5,15,2475,AA,LAX,7
-6,11,5,6,15,2475,AA,LAX,6
20,11,6,7,15,2475,AA,LAX,5
-5,11,7,1,15,2475,AA,LAX,4
-3,11,8,2,15,2475,AA,LAX,3
33,11,9,3,15,2475,AA,LAX,2
1,11,10,4,15,2475,AA,LAX,1
-7,11,11,5,15,2475,AA,LAX,0
-8,11,12,6,15,2475,AA,LAX,1
-5,11,13,7,15,2475,AA,LAX,2
-6,11,14,1,15,2475,AA,LAX,3
-7,11,15,2,15,2475,AA,LAX,4
130,11,16,3,15,2475,AA,LAX,5
0,11,17,4,15,2475,AA,LAX,5
9,11,18,5,15,2475,AA,LAX,4
297,11,19,6,15,2475,AA,LAX,3
-2,11,20,7,15,2475,AA,LAX,2
-7,11,21,1,15,2475,AA,LAX,1
-5,11,22,2,15,2475,AA,LAX,0
-2,11,23,3,15,2475,AA,LAX,1
-5,11,25,5,15,2475,AA,LAX,3
-9,11,26,6,15,2475,AA,LAX,4
-1,11,27,7,15,2475,AA,LAX,5
5,11,28,1,15,2475,AA,LAX,6
30,11,29,2,15,2475,AA,LAX,7
37,11,30,3,15,2475,AA,LAX,8
-1,11,1,2,16,2475,AA,LAX,10
2,11,2,3,16,2475,AA,LAX,9
-4,11,3,4,16,2475,AA,LAX,8
-1,11,4,5,16,2475,AA,LAX,7
-6,11,5,6,16,2475,AA,LAX,6
97,11,6,7,16,2475,AA,LAX,5
34,11,7,1,16,2475,AA,LAX,4
0,11,8,2,16,2475,AA,LAX,3
66,11,9,3,16,2475,AA,LAX,2
-3,11,10,4,16,2475,AA,LAX,1
-1,11,11,5,16,2475,AA,LAX,0
-2,11,12,6,16,2475,AA,LAX,1
22,11,13,7,16,2475,AA,LAX,2
-6,11,14,1,16,2475,AA,LAX,3
-6,11,15,2,16,2475,AA,LAX,4
-4,11,16,3,16,2475,AA,LAX,5
9,11,17,4,16,2475,AA,LAX,5
-6,11,18,5,16,2475,AA,LAX,4
-4,11,19,6,16,2475,AA,LAX,3
-7,11,20,7,16,2475,AA,LAX,2
-2,11,21,1,16,2475,AA,LAX,1
13,11,22,2,16,2475,AA,LAX,0
-2,11,23,3,16,2475,AA,LAX,1
-3,11,24,4,16,2475,AA,LAX,2
-2,11,25,5,16,2475,AA,LAX,3
-3,11,26,6,16,2475,AA,LAX,4
86,11,27,7,16,2475,AA,LAX,5
12,11,28,1,16,2475,AA,LAX,6
28,11,29,2,16,2475,AA,LAX,7
-4,11,30,3,16,2475,AA,LAX,8
-5,11,1,2,21,2475,AA,LAX,10
18,11,2,3,21,2475,AA,LAX,9
-6,11,3,4,21,2475,AA,LAX,8
-7,11,4,5,21,2475,AA,LAX,7
-6,11,5,6,21,2475,AA,LAX,6
-3,11,6,7,21,2475,AA,LAX,5
-9,11,7,1,21,2475,AA,LAX,4
-7,11,8,2,21,2475,AA,LAX,3
3,11,9,3,21,2475,AA,LAX,2
-1,11,10,4,21,2475,AA,LAX,1
-2,11,11,5,21,2475,AA,LAX,0
-7,11,12,6,21,2475,AA,LAX,1
-5,11,13,7,21,2475,AA,LAX,2
-8,11,14,1,21,2475,AA,LAX,3
-4,11,15,2,21,2475,AA,LAX,4
6,11,16,3,21,2475,AA,LAX,5
-5,11,17,4,21,2475,AA,LAX,5
24,11,18,5,21,2475,AA,LAX,4
62,11,19,6,21,2475,AA,LAX,3
-3,11,20,7,21,2475,AA,LAX,2
-2,11,21,1,21,2475,AA,LAX,1
-4,11,22,2,21,2475,AA,LAX,0
-5,11,23,3,21,2475,AA,LAX,1
-4,11,24,4,21,2475,AA,LAX,2
-6,11,25,5,21,2475,AA,LAX,3
-2,11,26,6,21,2475,AA,LAX,4
4,11,27,7,21,2475,AA,LAX,5
-5,11,28,1,21,2475,AA,LAX,6
59,11,29,2,21,2475,AA,LAX,7
16,11,30,3,21,2475,AA,LAX,8
