-6,3,1,2,9,2475,AA,LAX,10
-8,3,2,3,9,2475,AA,LAX,11
-3,3,3,4,9,2475,AA,LAX,12
-6,3,4,5,9,2475,AA,LAX,13
-6,3,5,6,9,2475,AA,LAX,14
1,3,6,7,9,2475,AA,LAX,15
-6,3,7,1,9,2475,AA,LAX,16
-6,3,8,2,9,2475,AA,LAX,17
-9,3,9,3,9,2475,AA,LAX,18
-8,3,10,4,9,2475,AA,LAX,19
-4,3,11,5,9,2475,AA,LAX,20
-2,3,12,6,9,2475,AA,LAX,21
-2,3,13,7,9,2475,AA,LAX,22
-1,3,14,1,9,2475,AA,LAX,23
-6,3,15,2,9,2475,AA,LAX,24
-1,3,16,3,9,2475,AA,LAX,25
-4,3,17,4,9,2475,AA,LAX,26
2,3,18,5,9,2475,AA,LAX,27
-4,3,19,6,9,2475,AA,LAX,28
-4,3,20,7,9,2475,AA,LAX,29
-9,3,21,1,9,2475,AA,LAX,30
-8,3,22,2,9,2475,AA,LAX,31
6,3,23,3,9,2475,AA,LAX,32
21,3,24,4,9,2475,AA,LAX,33
-5,3,25,5,9,2475,AA,LAX,34
-6,3,26,6,9,2475,AA,LAX,35
24,3,27,7,9,2475,AA,LAX,36
16,3,28,1,9,2475,AA,LAX,37
-4,3,29,2,9,2475,AA,LAX,38
-4,3,30,3,9,2475,AA,LAX,39
-5,3,31,4,9,2475,AA,LAX,40
-7,3,1,2,12,2475,AA,LAX,10
19,3,2,3,12,2475,AA,LAX,11
-4,3,3,4,12,2475,AA,LAX,12
15,3,4,5,12,2475,AA,LAX,13
-4,3,5,6,12,2475,AA,LAX,14
-6,3,6,7,12,2475,AA,LAX,15
-7,3,7,1,12,2475,AA,LAX,16
5,3,8,2,12,2475,AA,LAX,17
-7,3,9,3,12,2475,AA,LAX,18
-9,3,10,4,12,2475,AA,LAX,19
-6,3,11,5,12,2475,AA,LAX,20
-5,3,12,6,12,2475,AA,LAX,21
-8,3,13,7,12,2475,AA,LAX,22
-9,3,14,1,12,2475,AA,LAX,23
-1,3,15,2,12,2475,AA,LAX,24
-9,3,16,3,12,2475,AA,LAX,25
4,3,17,4,12,2475,AA,LAX,26
-9,3,18,5,12,2475,AA,LAX,27
-9,3,19,6,12,2475,AA,LAX,28
-4,3,20,7,12,2475,AA,LAX,29
-6,3,21,1,12,2475,AA,LAX,30
-6,3,22,2,12,2475,AA,LAX,31
0,3,23,3,12,2475,AA,LAX,32
2,3,24,4,12,2475,AA,LAX,33
-12,3,25,5,12,2475,AA,LAX,34
-6,3,26,6,12,2475,AA,LAX,35
-10,3,27,7,12,2475,AA,LAX,36
2,3,28,1,12,2475,AA,LAX,37
-11,3,29,2,12,2475,AA,LAX,38
-8,3,30,3,12,2475,AA,LAX,39
-7,3,31,4,12,2475,AA,LAX,40
-4,3,1,2,10,2475,AA,LAX,10
-6,3,2,3,10,2475,AA,LAX,11
-6,3,3,4,10,2475,AA,LAX,12
-6,3,4,5,10,2475,AA,LAX,13
-7,3,6,7,10,2475,AA,LAX,15
-2,3,7,1,10,2475,AA,LAX,16
-10,3,8,2,10,2475,AA,LAX,17
-8,3,9,3,10,2475,AA,LAX,18
-10,3,10,4,10,2475,AA,LAX,19
-5,3,11,5,10,2475,AA,LAX,20
0,3,13,7,10,2475,AA,LAX,22
-2,3,14,1,10,2475,AA,LAX,23
-4,3,15,2,10,2475,AA,LAX,24
-4,3,16,3,10,2475,AA,LAX,25
-5,3,17,4,10,2475,AA,LAX,26
-11,3,18,5,10,2475,AA,LAX,27
0,3,20,7,10,2475,AA,LAX,29
-3,3,21,1,10,2475,AA,LAX,30
-2,3,22,2,10,2475,AA,LAX,31
-9,3,23,3,10,2475,AA,LAX,32
15,3,24,4,10,2475,AA,LAX,33
-5,3,25,5,10,2475,AA,LAX,34
-5,3,27,7,10,2475,AA,LAX,36
-5,3,28,1,10,2475,AA,LAX,37
0,3,29,2,10,2475,AA,LAX,38
-8,3,30,3,10,2475,AA,LAX,39
0,3,31,4,10,2475,AA,LAX,40
-5,3,1,2,19,2475,AA,LAX,10
-2,3,2,3,19,2475,AA,LAX,11
-3,3,3,4,19,2475,AA,LAX,12
1,3,4,5,19,2475,AA,LAX,13
3,3,5,6,19,2475,AA,LAX,14
250,3,6,7,19,2475,AA,LAX,15
-4,3,7,1,19,2475,AA,LAX,16
-1,3,8,2,19,2475,AA,LAX,17
-5,3,9,3,19,2475,AA,LAX,18
151,3,10,4,19,2475,AA,LAX,19
155,3,11,5,19,2475,AA,LAX,20
2,3,12,6,19,2475,AA,LAX,21
-2,3,13,7,19,2475,AA,LAX,22
0,3,14,1,19,2475,AA,LAX,23
-2,3,15,2,19,2475,AA,LAX,24
17,3,16,3,19,2475,AA,LAX,25
-3,3,17,4,19,2475,AA,LAX,26
-1,3,18,5,19,2475,AA,LAX,27
-3,3,19,6,19,2475,AA,LAX,28
-5,3,20,7,19,2475,AA,LAX,29
23,3,21,1,19,2475,AA,LAX,30
6,3,22,2,19,2475,AA,LAX,31
149,3,23,3,19,2475,AA,LAX,32
-1,3,24,4,19,2475,AA,LAX,33
-2,3,25,5,19,2475,AA,LAX,34
-1,3,26,6,19,2475,AA,LAX,35
58,3,27,7,19,2475,AA,LAX,36
-1,3,28,1,19,2475,AA,LAX,37
-6,3,29,2,19,2475,AA,LAX,38
15,3,30,3,19,2475,AA,LAX,39
8,3,31,4,19,2475,AA,LAX,40
-4,3,1,2,7,2475,AA,LAX,10
-8,3,2,3,7,2475,AA,LAX,11
-5,3,3,4,7,2475,AA,LAX,12
-4,3,4,5,7,2475,AA,LAX,13
-3,3,5,6,7,2475,AA,LAX,14
-6,3,6,7,7,2475,AA,LAX,15
-2,3,7,1,7,2475,AA,LAX,16
10,3,8,2,7,2475,AA,LAX,17
3,3,9,3,7,2475,AA,LAX,18
-1,3,10,4,7,2475,AA,LAX,19
1,3,11,5,7,2475,AA,LAX,20
-4,3,12,6,7,2475,AA,LAX,21
-4,3,13,7,7,2475,AA,LAX,22
-2,3,14,1,7,2475,AA,LAX,23
18,3,15,2,7,2475,AA,LAX,24
-1,3,16,3,7,2475,AA,LAX,25
1,3,17,4,7,2475,AA,LAX,26
-6,3,18,5,7,2475,AA,LAX,27
-4,3,19,6,7,2475,AA,LAX,28
-6,3,20,7,7,2475,AA,LAX,29
-6,3,21,1,7,2475,AA,LAX,30
-3,3,22,2,7,2475,AA,LAX,31
8,3,23,3,7,2475,AA,LAX,32
3,3,24,4,7,2475,AA,LAX,33
-1,3,25,5,7,2475,AA,LAX,34
-4,3,26,6,7,2475,AA,LAX,35
-1,3,27,7,7,2475,AA,LAX,36
-2,3,28,1,7,2475,AA,LAX,37
-4,3,29,2,7,2475,AA,LAX,38
-9,3,30,3,7,2475,AA,LAX,39
5,3,31,4,7,2475,AA,LAX,40
0,3,1,2,13,2475,AA,LAX,10
-6,3,2,3,13,2475,AA,LAX,11
-3,3,3,4,13,2475,AA,LAX,12
-3,3,4,5,13,2475,AA,LAX,13
-7,3,6,7,13,2475,AA,LAX,15
0,3,7,1,13,2475,AA,LAX,16
4,3,8,2,13,2475,AA,LAX,17
-6,3,9,3,13,2475,AA,LAX,18
-2,3,10,4,13,2475,AA,LAX,19
-2,3,11,5,13,2475,AA,LAX,20
10,3,12,6,13,2475,AA,LAX,21
61,3,13,7,13,2475,AA,LAX,22
2,3,14,1,13,2475,AA,LAX,23
-6,3,15,2,13,2475,AA,LAX,24
-5,3,16,3,13,2475,AA,LAX,25
-3,3,17,4,13,2475,AA,LAX,26
-1,3,18,5,13,2475,AA,LAX,27
-1,3,19,6,13,2475,AA,LAX,28
174,3,20,7,13,2475,AA,LAX,29
31,3,21,1,13,2475,AA,LAX,30
-1,3,22,2,13,2475,AA,LAX,31
-6,3,23,3,13,2475,AA,LAX,32
-6,3,24,4,13,2475,AA,LAX,33
-3,3,25,5,13,2475,AA,LAX,34
-2,3,26,6,13,2475,AA,LAX,35
-3,3,27,7,13,2475,AA,LAX,36
2,3,28,1,13,2475,AA,LAX,37
-5,3,29,2,13,2475,AA,LAX,38
-7,3,30,3,13,2475,AA,LAX,39
66,3,31,4,13,2475,AA,LAX,40
-4,3,1,2,15,2475,AA,LAX,10
-2,3,2,3,15,2475,AA,LAX,11
1,3,3,4,15,2475,AA,LAX,12
1,3,4,5,15,2475,AA,LAX,13
-1,3,5,6,15,2475,AA,LAX,14
147,3,6,7,15,2475,AA,LAX,15
-3,3,7,1,15,2475,AA,LAX,16
-1,3,8,2,15,2475,AA,LAX,17
5,3,9,3,15,2475,AA,LAX,18
25,3,10,4,15,2475,AA,LAX,19
-3,3,11,5,15,2475,AA,LAX,20
-3,3,12,6,15,2475,AA,LAX,21
-2,3,13,7,15,2475,AA,LAX,22
43,3,14,1,15,2475,AA,LAX,23
-5,3,15,2,15,2475,AA,LAX,24
-1,3,16,3,15,2475,AA,LAX,25
7,3,17,4,15,2475,AA,LAX,26
120,3,18,5,15,2475,AA,LAX,27
0,3,19,6,15,2475,AA,LAX,28
-5,3,20,7,15,2475,AA,LAX,29
1,3,21,1,15,2475,AA,LAX,30
-1,3,22,2,15,2475,AA,LAX,31
75,3,23,3,15,2475,AA,LAX,32
13,3,24,4,15,2475,AA,LAX,33
-5,3,25,5,15,2475,AA,LAX,34
-2,3,26,6,15,2475,AA,LAX,35
9,3,27,7,15,2475,AA,LAX,36
-6,3,28,1,15,2475,AA,LAX,37
-1,3,29,2,15,2475,AA,LAX,38
-2,3,30,3,15,2475,AA,LAX,39
0,3,31,4,15,2475,AA,LAX,40
58,3,1,2,17,2475,AA,LAX,10
-4,3,2,3,17,2475,AA,LAX,11
-5,3,3,4,17,2475,AA,LAX,12
-7,3,4,5,17,2475,AA,LAX,13
-2,3,5,6,17,2475,AA,LAX,14
12,3,6,7,17,2475,AA,LAX,15
-4,3,7,1,17,2475,AA,LAX,16
-6,3,8,2,17,2475,AA,LAX,17
0,3,9,3,17,2475,AA,LAX,18
27,3,10,4,17,2475,AA,LAX,19
-4,3,11,5,17,2475,AA,LAX,20
-4,3,12,6,17,2475,AA,LAX,21
3,3,13,7,17,2475,AA,LAX,22
25,3,14,1,17,2475,AA,LAX,23
88,3,15,2,17,2475,AA,LAX,24
-4,3,16,3,17,2475,AA,LAX,25
-1,3,17,4,17,2475,AA,LAX,26
0,3,18,5,17,2475,AA,LAX,27
3,3,19,6,17,2475,AA,LAX,28
49,3,20,7,17,2475,AA,LAX,29
13,3,21,1,17,2475,AA,LAX,30
-4,3,22,2,17,2475,AA,LAX,31
38,3,23,3,17,2475,AA,LAX,32
4,3,24,4,17,2475,AA,LAX,33
6,3,25,5,17,2475,AA,LAX,34
9,3,26,6,17,2475,AA,LAX,35
3,3,27,7,17,2475,AA,LAX,36
38,3,28,1,17,2475,AA,LAX,37
-6,3,29,2,17,2475,AA,LAX,38
-1,3,30,3,17,2475,AA,LAX,39
-4,3,31,4,17,2475,AA,LAX,40
-1,3,1,2,21,2475,AA,LAX,10
25,3,2,3,21,2475,AA,LAX,11
-3,3,3,4,21,2475,AA,LAX,12
-3,3,4,5,21,2475,AA,LAX,13
48,3,5,6,21,2475,AA,LAX,14
178,3,6,7,21,2475,AA,LAX,15
-8,3,7,1,21,2475,AA,LAX,16
-7,3,8,2,21,2475,AA,LAX,17
17,3,9,3,21,2475,AA,LAX,18
164,3,10,4,21,2475,AA,LAX,19
-1,3,11,5,21,2475,AA,LAX,20
24,3,12,6,21,2475,AA,LAX,21
-1,3,13,7,21,2475,AA,LAX,22
-1,3,14,1,21,2475,AA,LAX,23
32,3,15,2,21,2475,AA,LAX,24
-6,3,16,3,21,2475,AA,LAX,25
-7,3,17,4,21,2475,AA,LAX,26
36,3,18,5,21,2475,AA,LAX,27
0,3,19,6,21,2475,AA,LAX,28
2,3,20,7,21,2475,AA,LAX,29
12,3,21,1,21,2475,AA,LAX,30
135,3,23,3,21,2475,AA,LAX,32
-6,3,24,4,21,2475,AA,LAX,33
5,3,25,5,21,2475,AA,LAX,34
2,3,26,6,21,2475,AA,LAX,35
-5,3,27,7,21,2475,AA,LAX,36
-8,3,28,1,21,2475,AA,LAX,37
-8,3,29,2,21,2475,AA,LAX,38
-5,3,30,3,21,2475,AA,LAX,39
3,3,31,4,21,2475,AA,LAX,40
-7,3,1,2,6,2475,AA,LAX,10
-3,3,2,3,6,2475,AA,LAX,11
-6,3,3,4,6,2475,AA,LAX,12
-2,3,4,5,6,2475,AA,LAX,13
-5,3,5,6,6,2475,AA,LAX,14
-9,3,6,7,6,2475,AA,LAX,15
-4,3,7,1,6,2475,AA,LAX,16
-2,3,8,2,6,2475,AA,LAX,17
-4,3,9,3,6,2475,AA,LAX,18
18,3,10,4,6,2475,AA,LAX,19
-1,3,11,5,6,2475,AA,LAX,20
-5,3,12,6,6,2475,AA,LAX,21
-9,3,13,7,6,2475,AA,LAX,22
-6,3,14,1,6,2475,AA,LAX,23
-1,3,15,2,6,2475,AA,LAX,24
-6,3,16,3,6,2475,AA,LAX,25
-4,3,17,4,6,2475,AA,LAX,26
-5,3,18,5,6,2475,AA,LAX,27
-4,3,19,6,6,2475,AA,LAX,28
-6,3,20,7,6,2475,AA,LAX,29
2,3,21,1,6,2475,AA,LAX,30
-11,3,22,2,6,2475,AA,LAX,31
20,3,23,3,6,2475,AA,LAX,32
0,3,24,4,6,2475,AA,LAX,33
-1,3,25,5,6,2475,AA,LAX,34
-5,3,26,6,6,2475,AA,LAX,35
-3,3,27,7,6,2475,AA,LAX,36
-5,3,28,1,6,2475,AA,LAX,37
3,3,29,2,6,2475,AA,LAX,38
-6,3,30,3,6,2475,AA,LAX,39
-3,3,31,4,6,2475,AA,LAX,40
2,3,1,2,7,2475,B6,LAX,10
-1,3,1,2,15,2475,B6,LAX,10
-2,3,1,2,18,2475,B6,LAX,10
-5,3,2,3,7,2475,B6,LAX,11
-5,3,2,3,15,2475,B6,LAX,11
-3,3,2,3,18,2475,B6,LAX,11
11,3,3,4,7,2475,B6,LAX,12
37,3,3,4,15,2475,B6,LAX,12
-6,3,3,4,18,2475,B6,LAX,12
-4,3,4,5,7,2475,B6,LAX,13
-4,3,4,5,15,2475,B6,LAX,13
2,3,4,5,18,2475,B6,LAX,13
