-4,9,1,4,8,2475,UA,LAX,2
73,9,2,5,8,2475,UA,LAX,1
-6,9,3,6,8,2475,UA,LAX,0
-8,9,4,7,8,2475,UA,LAX,1
-6,9,5,1,8,2475,UA,LAX,2
3,9,6,2,8,2475,UA,LAX,3
14,9,7,3,8,2475,UA,LAX,4
36,9,8,4,8,2475,UA,LAX,5
163,9,9,5,8,2475,UA,LAX,6
16,9,10,6,8,2475,UA,LAX,7
-4,9,11,7,8,2475,UA,LAX,8
-8,9,12,1,8,2475,UA,LAX,9
-3,9,13,2,8,2475,UA,LAX,10
3,9,14,3,8,2475,UA,LAX,11
-10,9,15,4,8,2475,UA,LAX,12
4,9,16,5,8,2475,UA,LAX,13
140,9,17,6,8,2475,UA,LAX,14
-3,9,18,7,8,2475,UA,LAX,15
-4,9,19,1,8,2475,UA,LAX,16
-7,9,20,2,8,2475,UA,LAX,17
-4,9,21,3,8,2475,UA,LAX,17
-9,9,22,4,8,2475,UA,LAX,16
6,9,23,5,8,2475,UA,LAX,15
-2,9,24,6,8,2475,UA,LAX,14
-2,9,25,7,8,2475,UA,LAX,13
51,9,26,1,8,2475,UA,LAX,12
-1,9,27,2,8,2475,UA,LAX,11
0,9,28,3,8,2475,UA,LAX,10
-3,9,29,4,8,2475,UA,LAX,9
19,9,30,5,8,2475,UA,LAX,8
10,9,1,4,17,2475,UA,LAX,2
-1,9,2,5,17,2475,UA,LAX,1
-8,9,3,6,17,2475,UA,LAX,0
6,9,4,7,17,2475,UA,LAX,1
-4,9,5,1,17,2475,UA,LAX,2
0,9,6,2,17,2475,UA,LAX,3
43,9,7,3,17,2475,UA,LAX,4
-2,9,8,4,17,2475,UA,LAX,5
4,9,9,5,17,2475,UA,LAX,6
34,9,10,6,17,2475,UA,LAX,7
-4,9,11,7,17,2475,UA,LAX,8
-2,9,12,1,17,2475,UA,LAX,9
1,9,13,2,17,2475,UA,LAX,10
33,9,14,3,17,2475,UA,LAX,11
-1,9,15,4,17,2475,UA,LAX,12
0,9,16,5,17,2475,UA,LAX,13
1,9,17,6,17,2475,UA,LAX,14
16,9,18,7,17,2475,UA,LAX,15
25,9,19,1,17,2475,UA,LAX,16
-3,9,20,2,17,2475,UA,LAX,17
-1,9,21,3,17,2475,UA,LAX,17
37,9,22,4,17,2475,UA,LAX,16
1,9,23,5,17,2475,UA,LAX,15
-2,9,24,6,17,2475,UA,LAX,14
-1,9,25,7,17,2475,UA,LAX,13
-4,9,26,1,17,2475,UA,LAX,12
14,9,27,2,17,2475,UA,LAX,11
0,9,28,3,17,2475,UA,LAX,10
28,9,29,4,17,2475,UA,LAX,9
-6,9,30,5,17,2475,UA,LAX,8
-6,9,1,4,15,2475,UA,LAX,2
-4,9,2,5,15,2475,UA,LAX,1
-5,9,3,6,15,2475,UA,LAX,0
2,9,5,1,15,2475,UA,LAX,2
3,9,6,2,15,2475,UA,LAX,3
-2,9,7,3,15,2475,UA,LAX,4
-5,9,8,4,15,2475,UA,LAX,5
-1,9,9,5,15,2475,UA,LAX,6
-2,9,10,6,15,2475,UA,LAX,7
-2,9,11,7,15,2475,UA,LAX,8
-6,9,12,1,15,2475,UA,LAX,9
3,9,13,2,15,2475,UA,LAX,10
-5,9,14,3,15,2475,UA,LAX,11
-1,9,15,4,15,2475,UA,LAX,12
7,9,16,5,15,2475,UA,LAX,13
48,9,17,6,15,2475,UA,LAX,14
-5,9,18,7,15,2475,UA,LAX,15
-2,9,19,1,15,2475,UA,LAX,16
-3,9,20,2,15,2475,UA,LAX,17
-1,9,21,3,15,2475,UA,LAX,17
-6,9,22,4,15,2475,UA,LAX,16
0,9,23,5,15,2475,UA,LAX,15
-7,9,24,6,15,2475,UA,LAX,14
-4,9,25,7,15,2475,UA,LAX,13
-4,9,26,1,15,2475,UA,LAX,12
-2,9,27,2,15,2475,UA,LAX,11
-5,9,28,3,15,2475,UA,LAX,10
90,9,29,4,15,2475,UA,LAX,9
-7,9,30,5,15,2475,UA,LAX,8
76,9,1,4,11,2475,UA,LAX,2
-5,9,2,5,11,2475,UA,LAX,1
-5,9,3,6,11,2475,UA,LAX,0
-3,9,4,7,11,2475,UA,LAX,1
-8,9,5,1,11,2475,UA,LAX,2
-7,9,6,2,11,2475,UA,LAX,3
-4,9,7,3,11,2475,UA,LAX,4
-3,9,8,4,11,2475,UA,LAX,5
4,9,9,5,11,2475,UA,LAX,6
-6,9,10,6,11,2475,UA,LAX,7
-5,9,11,7,11,2475,UA,LAX,8
-6,9,12,1,11,2475,UA,LAX,9
-3,9,13,2,11,2475,UA,LAX,10
-2,9,14,3,11,2475,UA,LAX,11
4,9,15,4,11,2475,UA,LAX,12
-2,9,16,5,11,2475,UA,LAX,13
-4,9,17,6,11,2475,UA,LAX,14
-5,9,18,7,11,2475,UA,LAX,15
-8,9,19,1,11,2475,UA,LAX,16
-5,9,20,2,11,2475,UA,LAX,17
-3,9,21,3,11,2475,UA,LAX,17
-3,9,22,4,11,2475,UA,LAX,16
-6,9,23,5,11,2475,UA,LAX,15
-5,9,24,6,11,2475,UA,LAX,14
-5,9,25,7,11,2475,UA,LAX,13
0,9,26,1,11,2475,UA,LAX,12
-5,9,27,2,11,2475,UA,LAX,11
57,9,28,3,11,2475,UA,LAX,10
-3,9,29,4,11,2475,UA,LAX,9
98,9,30,5,11,2475,UA,LAX,8
30,9,1,4,20,2475,UA,LAX,2
-5,9,2,5,20,2475,UA,LAX,1
5,9,5,1,20,2475,UA,LAX,2
-2,9,6,2,20,2475,UA,LAX,3
3,9,7,3,20,2475,UA,LAX,4
28,9,8,4,20,2475,UA,LAX,5
2,9,9,5,20,2475,UA,LAX,6
-2,9,11,7,20,2475,UA,LAX,8
-2,9,12,1,20,2475,UA,LAX,9
-4,9,13,2,20,2475,UA,LAX,10
6,9,14,3,20,2475,UA,LAX,11
41,9,15,4,20,2475,UA,LAX,12
18,9,16,5,20,2475,UA,LAX,13
15,9,18,7,20,2475,UA,LAX,15
-6,9,19,1,20,2475,UA,LAX,16
-1,9,20,2,20,2475,UA,LAX,17
-3,9,21,3,20,2475,UA,LAX,17
78,9,22,4,20,2475,UA,LAX,16
45,9,23,5,20,2475,UA,LAX,15
0,9,25,7,20,2475,UA,LAX,13
13,9,26,1,20,2475,UA,LAX,12
68,9,27,2,20,2475,UA,LAX,11
8,9,28,3,20,2475,UA,LAX,10
4,9,29,4,20,2475,UA,LAX,9
-2,9,30,5,20,2475,UA,LAX,8
0,9,1,4,6,2475,UA,LAX,2
-1,9,2,5,6,2475,UA,LAX,1
-3,9,3,6,6,2475,UA,LAX,0
0,9,5,1,6,2475,UA,LAX,2
-3,9,6,2,6,2475,UA,LAX,3
-3,9,7,3,6,2475,UA,LAX,4
-5,9,8,4,6,2475,UA,LAX,5
-1,9,9,5,6,2475,UA,LAX,6
-3,9,10,6,6,2475,UA,LAX,7
-10,9,12,1,6,2475,UA,LAX,9
-1,9,13,2,6,2475,UA,LAX,10
61,9,14,3,6,2475,UA,LAX,11
-2,9,15,4,6,2475,UA,LAX,12
-4,9,16,5,6,2475,UA,LAX,13
29,9,17,6,6,2475,UA,LAX,14
-6,9,19,1,6,2475,UA,LAX,16
-2,9,20,2,6,2475,UA,LAX,17
-2,9,21,3,6,2475,UA,LAX,17
-1,9,22,4,6,2475,UA,LAX,16
-3,9,23,5,6,2475,UA,LAX,15
59,9,24,6,6,2475,UA,LAX,14
-4,9,26,1,6,2475,UA,LAX,12
-3,9,27,2,6,2475,UA,LAX,11
-6,9,28,3,6,2475,UA,LAX,10
-2,9,29,4,6,2475,UA,LAX,9
4,9,30,5,6,2475,UA,LAX,8
