-2,8,4,4,17,2475,DL,LAX,30
0,8,4,4,7,2475,DL,LAX,30
137,8,4,4,12,2475,DL,LAX,30
18,8,4,4,15,2475,DL,LAX,30
-4,8,4,4,9,2475,DL,LAX,30
94,8,4,4,21,2475,DL,LAX,30
7,8,4,4,19,2475,DL,LAX,30
-5,8,5,5,17,2475,DL,LAX,29
-3,8,5,5,7,2475,DL,LAX,29
-4,8,5,5,12,2475,DL,LAX,29
-3,8,5,5,15,2475,DL,LAX,29
0,8,5,5,9,2475,DL,LAX,29
25,8,5,5,21,2475,DL,LAX,29
-3,8,5,5,19,2475,DL,LAX,29
-4,8,6,6,17,2475,DL,LAX,28
-3,8,6,6,12,2475,DL,LAX,28
43,8,6,6,15,2475,DL,LAX,28
85,8,6,6,9,2475,DL,LAX,28
1,8,6,6,19,2475,DL,LAX,28
-2,8,7,7,17,2475,DL,LAX,27
-6,8,7,7,12,2475,DL,LAX,27
26,8,7,7,15,2475,DL,LAX,27
9,8,7,7,9,2475,DL,LAX,27
-2,8,7,7,21,2475,DL,LAX,27
0,8,8,1,17,2475,DL,LAX,26
2,8,8,1,7,2475,DL,LAX,26
-5,8,8,1,12,2475,DL,LAX,26
31,8,8,1,15,2475,DL,LAX,26
2,8,8,1,9,2475,DL,LAX,26
5,8,8,1,19,2475,DL,LAX,26
18,8,9,2,17,2475,DL,LAX,25
-1,8,9,2,7,2475,DL,LAX,25
-5,8,9,2,12,2475,DL,LAX,25
0,8,9,2,15,2475,DL,LAX,25
8,8,9,2,9,2475,DL,LAX,25
91,8,9,2,21,2475,DL,LAX,25
24,8,9,2,19,2475,DL,LAX,25
2,8,10,3,17,2475,DL,LAX,24
0,8,10,3,7,2475,DL,LAX,24
-3,8,10,3,12,2475,DL,LAX,24
-1,8,10,3,15,2475,DL,LAX,24
-3,8,10,3,9,2475,DL,LAX,24
2,8,10,3,21,2475,DL,LAX,24
-5,8,10,3,19,2475,DL,LAX,24
-2,8,11,4,17,2475,DL,LAX,23
-2,8,11,4,7,2475,DL,LAX,23
-3,8,11,4,12,2475,DL,LAX,23
-4,8,11,4,15,2475,DL,LAX,23
-2,8,11,4,9,2475,DL,LAX,23
-3,8,11,4,21,2475,DL,LAX,23
10,8,11,4,19,2475,DL,LAX,23
-4,8,12,5,17,2475,DL,LAX,22
-2,8,12,5,7,2475,DL,LAX,22
-6,8,12,5,12,2475,DL,LAX,22
-6,8,12,5,15,2475,DL,LAX,22
-4,8,12,5,9,2475,DL,LAX,22
2,8,12,5,21,2475,DL,LAX,22
18,8,12,5,19,2475,DL,LAX,22
-2,8,13,6,17,2475,DL,LAX,21
-7,8,13,6,12,2475,DL,LAX,21
-3,8,13,6,15,2475,DL,LAX,21
-1,8,13,6,9,2475,DL,LAX,21
-3,8,13,6,19,2475,DL,LAX,21
14,8,14,7,17,2475,DL,LAX,20
25,8,14,7,12,2475,DL,LAX,20
26,8,14,7,15,2475,DL,LAX,20
386,8,14,7,9,2475,DL,LAX,20
7,8,14,7,21,2475,DL,LAX,20
-1,8,14,7,19,2475,DL,LAX,20
-4,8,15,1,17,2475,DL,LAX,19
-1,8,15,1,9,2475,DL,LAX,19
-2,8,15,1,7,2475,DL,LAX,19
61,8,15,1,12,2475,DL,LAX,19
-3,8,15,1,15,2475,DL,LAX,19
-1,8,15,1,9,2475,DL,LAX,19
5,8,15,1,21,2475,DL,LAX,19
1,8,15,1,19,2475,DL,LAX,19
-5,8,16,2,17,2475,DL,LAX,18
0,8,16,2,9,2475,DL,LAX,18
0,8,16,2,7,2475,DL,LAX,18
-4,8,16,2,12,2475,DL,LAX,18
16,8,16,2,15,2475,DL,LAX,18
-2,8,16,2,21,2475,DL,LAX,18
-4,8,16,2,19,2475,DL,LAX,18
3,8,17,3,17,2475,DL,LAX,17
-3,8,17,3,9,2475,DL,LAX,17
14,8,17,3,7,2475,DL,LAX,17
-1,8,17,3,12,2475,DL,LAX,17
-5,8,17,3,15,2475,DL,LAX,17
15,8,17,3,21,2475,DL,LAX,17
-1,8,17,3,19,2475,DL,LAX,17
-1,8,18,4,17,2475,DL,LAX,16
0,8,18,4,9,2475,DL,LAX,16
-6,8,18,4,7,2475,DL,LAX,16
-4,8,18,4,12,2475,DL,LAX,16
-3,8,18,4,15,2475,DL,LAX,16
193,8,18,4,21,2475,DL,LAX,16
1,8,18,4,19,2475,DL,LAX,16
-1,8,19,5,17,2475,DL,LAX,15
107,8,19,5,9,2475,DL,LAX,15
37,8,19,5,7,2475,DL,LAX,15
-3,8,19,5,12,2475,DL,LAX,15
-6,8,19,5,15,2475,DL,LAX,15
367,8,19,5,21,2475,DL,LAX,15
163,8,19,5,19,2475,DL,LAX,15
28,8,20,6,17,2475,DL,LAX,14
-4,8,20,6,9,2475,DL,LAX,14
1,8,20,6,12,2475,DL,LAX,14
84,8,20,6,15,2475,DL,LAX,14
-5,8,20,6,19,2475,DL,LAX,14
6,8,21,7,17,2475,DL,LAX,13
-4,8,21,7,9,2475,DL,LAX,13
-3,8,21,7,12,2475,DL,LAX,13
1,8,21,7,15,2475,DL,LAX,13
62,8,21,7,21,2475,DL,LAX,13
77,8,21,7,19,2475,DL,LAX,13
-5,8,22,1,17,2475,DL,LAX,12
-2,8,22,1,9,2475,DL,LAX,12
18,8,22,1,7,2475,DL,LAX,12
1,8,22,1,12,2475,DL,LAX,12
2,8,22,1,15,2475,DL,LAX,12
0,8,22,1,21,2475,DL,LAX,12
-4,8,22,1,19,2475,DL,LAX,12
9,8,23,2,17,2475,DL,LAX,11
-5,8,23,2,9,2475,DL,LAX,11
-1,8,23,2,7,2475,DL,LAX,11
-7,8,23,2,12,2475,DL,LAX,11
22,8,23,2,15,2475,DL,LAX,11
33,8,23,2,21,2475,DL,LAX,11
5,8,23,2,19,2475,DL,LAX,11
-5,8,24,3,17,2475,DL,LAX,10
212,8,24,3,9,2475,DL,LAX,10
17,8,24,3,7,2475,DL,LAX,10
-3,8,24,3,12,2475,DL,LAX,10
-4,8,24,3,15,2475,DL,LAX,10
20,8,24,3,21,2475,DL,LAX,10
-5,8,24,3,19,2475,DL,LAX,10
11,8,25,4,17,2475,DL,LAX,9
-2,8,25,4,9,2475,DL,LAX,9
-3,8,25,4,7,2475,DL,LAX,9
-3,8,25,4,12,2475,DL,LAX,9
-2,8,25,4,15,2475,DL,LAX,9
27,8,25,4,21,2475,DL,LAX,9
8,8,26,5,17,2475,DL,LAX,8
-1,8,26,5,9,2475,DL,LAX,8
0,8,26,5,7,2475,DL,LAX,8
-1,8,26,5,12,2475,DL,LAX,8
11,8,26,5,15,2475,DL,LAX,8
34,8,26,5,21,2475,DL,LAX,8
1,8,26,5,19,2475,DL,LAX,8
6,8,27,6,12,2475,DL,LAX,7
-1,8,29,1,17,2475,DL,LAX,5
-4,8,29,1,9,2475,DL,LAX,5
81,8,29,1,15,2475,DL,LAX,5
87,8,29,1,21,2475,DL,LAX,5
-5,8,29,1,19,2475,DL,LAX,5
11,8,30,2,17,2475,DL,LAX,4
-5,8,30,2,9,2475,DL,LAX,4
-3,8,30,2,7,2475,DL,LAX,4
-3,8,30,2,12,2475,DL,LAX,4
17,8,30,2,15,2475,DL,LAX,4
-5,8,30,2,21,2475,DL,LAX,4
0,8,30,2,19,2475,DL,LAX,4
-2,8,31,3,17,2475,DL,LAX,3
-6,8,31,3,9,2475,DL,LAX,3
28,8,31,3,7,2475,DL,LAX,3
0,8,31,3,12,2475,DL,LAX,3
16,8,31,3,15,2475,DL,LAX,3
0,8,31,3,21,2475,DL,LAX,3
-3,8,31,3,19,2475,DL,LAX,3
