-4,5,1,7,20,2475,UA,LAX,27
38,5,2,1,20,2475,UA,LAX,26
-3,5,1,7,8,2475,UA,LAX,27
20,5,2,1,8,2475,UA,LAX,26
28,5,1,7,18,2475,UA,LAX,27
156,5,2,1,18,2475,UA,LAX,26
-4,5,1,7,15,2475,UA,LAX,27
59,5,2,1,15,2475,UA,LAX,26
-6,5,1,7,11,2475,UA,LAX,27
-2,5,2,1,11,2475,UA,LAX,26
-4,5,7,6,11,2475,UA,LAX,21
0,5,8,7,11,2475,UA,LAX,20
-2,5,14,6,11,2475,UA,LAX,14
-5,5,15,7,11,2475,UA,LAX,13
-1,5,21,6,11,2475,UA,LAX,7
-6,5,22,7,11,2475,UA,LAX,6
-2,5,28,6,11,2475,UA,LAX,0
55,5,3,2,20,2475,UA,LAX,25
-1,5,4,3,20,2475,UA,LAX,24
-8,5,5,4,20,2475,UA,LAX,23
-3,5,6,5,20,2475,UA,LAX,22
0,5,8,7,20,2475,UA,LAX,20
28,5,9,1,20,2475,UA,LAX,19
11,5,10,2,20,2475,UA,LAX,18
-6,5,11,3,20,2475,UA,LAX,17
9,5,12,4,20,2475,UA,LAX,16
20,5,13,5,20,2475,UA,LAX,15
29,5,15,7,20,2475,UA,LAX,13
0,5,16,1,20,2475,UA,LAX,12
47,5,17,2,20,2475,UA,LAX,11
11,5,18,3,20,2475,UA,LAX,10
-1,5,19,4,20,2475,UA,LAX,9
6,5,20,5,20,2475,UA,LAX,8
-1,5,22,7,20,2475,UA,LAX,6
97,5,23,1,20,2475,UA,LAX,5
13,5,24,2,20,2475,UA,LAX,4
21,5,25,3,20,2475,UA,LAX,3
69,5,26,4,20,2475,UA,LAX,2
2,5,27,5,20,2475,UA,LAX,1
-7,5,8,7,15,2475,UA,LAX,20
0,5,15,7,15,2475,UA,LAX,13
13,5,22,7,15,2475,UA,LAX,6
-2,5,30,1,20,2475,UA,LAX,2
-4,5,31,2,20,2475,UA,LAX,3
-1,5,3,2,11,2475,UA,LAX,25
0,5,4,3,11,2475,UA,LAX,24
-3,5,5,4,11,2475,UA,LAX,23
-4,5,6,5,11,2475,UA,LAX,22
-8,5,9,1,11,2475,UA,LAX,19
-5,5,10,2,11,2475,UA,LAX,18
-4,5,11,3,11,2475,UA,LAX,17
-4,5,12,4,11,2475,UA,LAX,16
-8,5,13,5,11,2475,UA,LAX,15
-1,5,16,1,11,2475,UA,LAX,12
-4,5,17,2,11,2475,UA,LAX,11
-4,5,18,3,11,2475,UA,LAX,10
-7,5,19,4,11,2475,UA,LAX,9
-4,5,20,5,11,2475,UA,LAX,8
0,5,23,1,11,2475,UA,LAX,5
-3,5,24,2,11,2475,UA,LAX,4
-2,5,25,3,11,2475,UA,LAX,3
3,5,26,4,11,2475,UA,LAX,2
-4,5,27,5,11,2475,UA,LAX,1
-1,5,3,2,8,2475,UA,LAX,25
-5,5,4,3,8,2475,UA,LAX,24
-3,5,5,4,8,2475,UA,LAX,23
-5,5,6,5,8,2475,UA,LAX,22
-2,5,7,6,8,2475,UA,LAX,21
-1,5,8,7,8,2475,UA,LAX,20
-7,5,9,1,8,2475,UA,LAX,19
-6,5,10,2,8,2475,UA,LAX,18
-2,5,11,3,8,2475,UA,LAX,17
-6,5,12,4,8,2475,UA,LAX,16
-2,5,13,5,8,2475,UA,LAX,15
-7,5,14,6,8,2475,UA,LAX,14
-5,5,15,7,8,2475,UA,LAX,13
13,5,16,1,8,2475,UA,LAX,12
3,5,17,2,8,2475,UA,LAX,11
-2,5,18,3,8,2475,UA,LAX,10
-5,5,19,4,8,2475,UA,LAX,9
-2,5,20,5,8,2475,UA,LAX,8
15,5,21,6,8,2475,UA,LAX,7
-2,5,22,7,8,2475,UA,LAX,6
-1,5,23,1,8,2475,UA,LAX,5
51,5,24,2,8,2475,UA,LAX,4
-4,5,25,3,8,2475,UA,LAX,3
-5,5,26,4,8,2475,UA,LAX,2
-7,5,27,5,8,2475,UA,LAX,1
-4,5,28,6,8,2475,UA,LAX,0
-7,5,29,7,8,2475,UA,LAX,1
5,5,30,1,8,2475,UA,LAX,2
3,5,31,2,8,2475,UA,LAX,3
-3,5,3,2,18,2475,UA,LAX,25
6,5,4,3,18,2475,UA,LAX,24
65,5,5,4,18,2475,UA,LAX,23
9,5,6,5,18,2475,UA,LAX,22
-4,5,7,6,18,2475,UA,LAX,21
-4,5,8,7,18,2475,UA,LAX,20
-4,5,9,1,18,2475,UA,LAX,19
0,5,10,2,18,2475,UA,LAX,18
15,5,11,3,18,2475,UA,LAX,17
-3,5,12,4,18,2475,UA,LAX,16
-5,5,13,5,18,2475,UA,LAX,15
-4,5,14,6,18,2475,UA,LAX,14
42,5,15,7,18,2475,UA,LAX,13
-1,5,16,1,18,2475,UA,LAX,12
56,5,17,2,18,2475,UA,LAX,11
16,5,18,3,18,2475,UA,LAX,10
13,5,19,4,18,2475,UA,LAX,9
21,5,20,5,18,2475,UA,LAX,8
-1,5,21,6,18,2475,UA,LAX,7
-4,5,22,7,18,2475,UA,LAX,6
97,5,23,1,18,2475,UA,LAX,5
24,5,24,2,18,2475,UA,LAX,4
18,5,25,3,18,2475,UA,LAX,3
-1,5,26,4,18,2475,UA,LAX,2
-4,5,27,5,18,2475,UA,LAX,1
-4,5,28,6,18,2475,UA,LAX,0
39,5,29,7,18,2475,UA,LAX,1
16,5,30,1,18,2475,UA,LAX,2
-3,5,31,2,18,2475,UA,LAX,3
-4,5,29,7,11,2475,UA,LAX,1
-4,5,30,1,11,2475,UA,LAX,2
-3,5,31,2,11,2475,UA,LAX,3
10,5,7,6,15,2475,UA,LAX,21
-4,5,14,6,15,2475,UA,LAX,14
-4,5,21,6,15,2475,UA,LAX,7
26,5,24,2,15,2475,UA,LAX,4
-2,5,25,3,15,2475,UA,LAX,3
0,5,26,4,15,2475,UA,LAX,2
-2,5,27,5,15,2475,UA,LAX,1
16,5,30,1,15,2475,UA,LAX,2
-5,5,31,2,15,2475,UA,LAX,3
52,5,3,2,15,2475,UA,LAX,25
7,5,4,3,15,2475,UA,LAX,24
1,5,5,4,15,2475,UA,LAX,23
-7,5,6,5,15,2475,UA,LAX,22
31,5,9,1,15,2475,UA,LAX,19
-3,5,10,2,15,2475,UA,LAX,18
-6,5,11,3,15,2475,UA,LAX,17
-2,5,12,4,15,2475,UA,LAX,16
-3,5,13,5,15,2475,UA,LAX,15
32,5,16,1,15,2475,UA,LAX,12
19,5,17,2,15,2475,UA,LAX,11
14,5,18,3,15,2475,UA,LAX,10
-5,5,19,4,15,2475,UA,LAX,9
37,5,20,5,15,2475,UA,LAX,8
18,5,23,1,15,2475,UA,LAX,5
-4,5,29,7,15,2475,UA,LAX,1
-7,5,3,2,6,2475,UA,LAX,25
-2,5,4,3,6,2475,UA,LAX,24
-9,5,5,4,6,2475,UA,LAX,23
-7,5,6,5,6,2475,UA,LAX,22
-4,5,7,6,6,2475,UA,LAX,21
-5,5,9,1,6,2475,UA,LAX,19
-7,5,10,2,6,2475,UA,LAX,18
-5,5,11,3,6,2475,UA,LAX,17
-4,5,12,4,6,2475,UA,LAX,16
-6,5,13,5,6,2475,UA,LAX,15
-2,5,14,6,6,2475,UA,LAX,14
-5,5,16,1,6,2475,UA,LAX,12
0,5,17,2,6,2475,UA,LAX,11
0,5,18,3,6,2475,UA,LAX,10
-3,5,19,4,6,2475,UA,LAX,9
-1,5,20,5,6,2475,UA,LAX,8
75,5,21,6,6,2475,UA,LAX,7
-2,5,23,1,6,2475,UA,LAX,5
-3,5,24,2,6,2475,UA,LAX,4
-3,5,25,3,6,2475,UA,LAX,3
-1,5,26,4,6,2475,UA,LAX,2
-1,5,27,5,6,2475,UA,LAX,1
-7,5,28,6,6,2475,UA,LAX,0
-4,5,30,1,6,2475,UA,LAX,2
-5,5,31,2,6,2475,UA,LAX,3
-2,5,2,1,6,2475,UA,LAX,26
-13,6,1,3,9,2475,AA,LAX,4
-5,6,2,4,9,2475,AA,LAX,5
-7,6,3,5,9,2475,AA,LAX,4
-7,6,4,6,9,2475,AA,LAX,3
-10,6,5,7,9,2475,AA,LAX,2
-5,6,6,1,9,2475,AA,LAX,1
-2,6,7,2,9,2475,AA,LAX,0
-8,6,8,3,9,2475,AA,LAX,1
-7,6,9,4,9,2475,AA,LAX,2
64,6,10,5,9,2475,AA,LAX,3
-3,6,11,6,9,2475,AA,LAX,4
-6,6,12,7,9,2475,AA,LAX,5
-10,6,13,1,9,2475,AA,LAX,6
142,6,14,2,9,2475,AA,LAX,7
-2,6,15,3,9,2475,AA,LAX,8
-8,6,16,4,9,2475,AA,LAX,9
1,6,17,5,9,2475,AA,LAX,10
14,6,18,6,9,2475,AA,LAX,11
-7,6,19,7,9,2475,AA,LAX,12
-4,6,20,1,9,2475,AA,LAX,13
47,6,21,2,9,2475,AA,LAX,13
3,6,22,3,9,2475,AA,LAX,12
-5,6,23,4,9,2475,AA,LAX,11
-5,6,24,5,9,2475,AA,LAX,10
0,6,25,6,9,2475,AA,LAX,9
-10,6,26,7,9,2475,AA,LAX,8
-7,6,27,1,9,2475,AA,LAX,7
17,6,28,2,9,2475,AA,LAX,6
20,6,29,3,9,2475,AA,LAX,5
7,6,30,4,9,2475,AA,LAX,4
-3,6,1,3,12,2475,AA,LAX,4
-5,6,2,4,12,2475,AA,LAX,5
-4,6,3,5,12,2475,AA,LAX,4
-7,6,4,6,12,2475,AA,LAX,3
1,6,5,7,12,2475,AA,LAX,2
-9,6,6,1,12,2475,AA,LAX,1
-6,6,7,2,12,2475,AA,LAX,0
-5,6,8,3,12,2475,AA,LAX,1
-3,6,9,4,12,2475,AA,LAX,2
-4,6,10,5,12,2475,AA,LAX,3
4,6,11,6,12,2475,AA,LAX,4
-1,6,12,7,12,2475,AA,LAX,5
-7,6,13,1,12,2475,AA,LAX,6
-8,6,14,2,12,2475,AA,LAX,7
-6,6,15,3,12,2475,AA,LAX,8
-7,6,16,4,12,2475,AA,LAX,9
-9,6,17,5,12,2475,AA,LAX,10
-9,6,18,6,12,2475,AA,LAX,11
-6,6,19,7,12,2475,AA,LAX,12
-8,6,20,1,12,2475,AA,LAX,13
-5,6,21,2,12,2475,AA,LAX,13
-6,6,22,3,12,2475,AA,LAX,12
-5,6,23,4,12,2475,AA,LAX,11
-1,6,24,5,12,2475,AA,LAX,10
-11,6,25,6,12,2475,AA,LAX,9
-3,6,26,7,12,2475,AA,LAX,8
-8,6,27,1,12,2475,AA,LAX,7
-5,6,28,2,12,2475,AA,LAX,6
-5,6,29,3,12,2475,AA,LAX,5
-6,6,30,4,12,2475,AA,LAX,4
7,6,1,3,10,2475,AA,LAX,4
-5,6,2,4,10,2475,AA,LAX,5
-1,6,3,5,10,2475,AA,LAX,4
-10,6,5,7,10,2475,AA,LAX,2
-6,6,6,1,10,2475,AA,LAX,1
-11,6,7,2,10,2475,AA,LAX,0
6,6,8,3,10,2475,AA,LAX,1
-10,6,9,4,10,2475,AA,LAX,2
-7,6,10,5,10,2475,AA,LAX,3
-6,6,12,7,10,2475,AA,LAX,5
-7,6,13,1,10,2475,AA,LAX,6
-8,6,14,2,10,2475,AA,LAX,7
-6,6,15,3,10,2475,AA,LAX,8
-6,6,16,4,10,2475,AA,LAX,9
-4,6,17,5,10,2475,AA,LAX,10
-2,6,19,7,10,2475,AA,LAX,12
-5,6,20,1,10,2475,AA,LAX,13
70,6,21,2,10,2475,AA,LAX,13
-7,6,22,3,10,2475,AA,LAX,12
0,6,23,4,10,2475,AA,LAX,11
-6,6,24,5,10,2475,AA,LAX,10
-7,6,26,7,10,2475,AA,LAX,8
8,6,27,1,10,2475,AA,LAX,7
-7,6,28,2,10,2475,AA,LAX,6
-1,6,29,3,10,2475,AA,LAX,5
-6,6,30,4,10,2475,AA,LAX,4
50,6,1,3,19,2475,AA,LAX,4
4,6,2,4,19,2475,AA,LAX,5
14,6,3,5,19,2475,AA,LAX,4
-5,6,4,6,19,2475,AA,LAX,3
-2,6,5,7,19,2475,AA,LAX,2
-4,6,6,1,19,2475,AA,LAX,1
12,6,7,2,19,2475,AA,LAX,0
-4,6,8,3,19,2475,AA,LAX,1
284,6,9,4,19,2475,AA,LAX,2
-2,6,10,5,19,2475,AA,LAX,3
37,6,11,6,19,2475,AA,LAX,4
24,6,12,7,19,2475,AA,LAX,5
15,6,13,1,19,2475,AA,LAX,6
-2,6,14,2,19,2475,AA,LAX,7
-3,6,15,3,19,2475,AA,LAX,8
-3,6,16,4,19,2475,AA,LAX,9
205,6,18,6,19,2475,AA,LAX,11
-2,6,19,7,19,2475,AA,LAX,12
18,6,20,1,19,2475,AA,LAX,13
62,6,21,2,19,2475,AA,LAX,13
59,6,22,3,19,2475,AA,LAX,12
32,6,23,4,19,2475,AA,LAX,11
32,6,24,5,19,2475,AA,LAX,10
17,6,25,6,19,2475,AA,LAX,9
0,6,26,7,19,2475,AA,LAX,8
-1,6,27,1,19,2475,AA,LAX,7
0,6,28,2,19,2475,AA,LAX,6
9,6,29,3,19,2475,AA,LAX,5
0,6,30,4,19,2475,AA,LAX,4
-7,6,1,3,7,2475,AA,LAX,4
-6,6,2,4,7,2475,AA,LAX,5
9,6,3,5,7,2475,AA,LAX,4
0,6,4,6,7,2475,AA,LAX,3
-3,6,5,7,7,2475,AA,LAX,2
-3,6,6,1,7,2475,AA,LAX,1
-7,6,7,2,7,2475,AA,LAX,0
-6,6,8,3,7,2475,AA,LAX,1
2,6,9,4,7,2475,AA,LAX,2
67,6,10,5,7,2475,AA,LAX,3
-6,6,11,6,7,2475,AA,LAX,4
7,6,12,7,7,2475,AA,LAX,5
-4,6,13,1,7,2475,AA,LAX,6
-5,6,14,2,7,2475,AA,LAX,7
-2,6,15,3,7,2475,AA,LAX,8
-3,6,16,4,7,2475,AA,LAX,9
-4,6,17,5,7,2475,AA,LAX,10
-2,6,18,6,7,2475,AA,LAX,11
-4,6,19,7,7,2475,AA,LAX,12
-2,6,20,1,7,2475,AA,LAX,13
-2,6,21,2,7,2475,AA,LAX,13
-4,6,22,3,7,2475,AA,LAX,12
3,6,23,4,7,2475,AA,LAX,11
-3,6,24,5,7,2475,AA,LAX,10
3,6,25,6,7,2475,AA,LAX,9
-6,6,26,7,7,2475,AA,LAX,8
-5,6,27,1,7,2475,AA,LAX,7
0,6,28,2,7,2475,AA,LAX,6
-4,6,29,3,7,2475,AA,LAX,5
21,6,30,4,7,2475,AA,LAX,4
-5,6,1,3,13,2475,AA,LAX,4
-3,6,2,4,13,2475,AA,LAX,5
6,6,4,6,13,2475,AA,LAX,3
-5,6,5,7,13,2475,AA,LAX,2
-1,6,6,1,13,2475,AA,LAX,1
1,6,7,2,13,2475,AA,LAX,0
-4,6,8,3,13,2475,AA,LAX,1
-1,6,9,4,13,2475,AA,LAX,2
-5,6,10,5,13,2475,AA,LAX,3
9,6,11,6,13,2475,AA,LAX,4
7,6,12,7,13,2475,AA,LAX,5
-5,6,13,1,13,2475,AA,LAX,6
-1,6,14,2,13,2475,AA,LAX,7
-3,6,15,3,13,2475,AA,LAX,8
9,6,16,4,13,2475,AA,LAX,9
-1,6,17,5,13,2475,AA,LAX,10
-2,6,18,6,13,2475,AA,LAX,11
106,6,19,7,13,2475,AA,LAX,12
-3,6,20,1,13,2475,AA,LAX,13
-7,6,22,3,13,2475,AA,LAX,12
-2,6,23,4,13,2475,AA,LAX,11
-4,6,24,5,13,2475,AA,LAX,10
6,6,25,6,13,2475,AA,LAX,9
-2,6,26,7,13,2475,AA,LAX,8
13,6,27,1,13,2475,AA,LAX,7
-6,6,28,2,13,2475,AA,LAX,6
-1,6,29,3,13,2475,AA,LAX,5
0,6,30,4,13,2475,AA,LAX,4
-2,6,1,3,15,2475,AA,LAX,4
-3,6,2,4,15,2475,AA,LAX,5
3,6,3,5,15,2475,AA,LAX,4
-8,6,4,6,15,2475,AA,LAX,3
-3,6,5,7,15,2475,AA,LAX,2
-6,6,6,1,15,2475,AA,LAX,1
20,6,7,2,15,2475,AA,LAX,0
-3,6,8,3,15,2475,AA,LAX,1
17,6,9,4,15,2475,AA,LAX,2
92,6,10,5,15,2475,AA,LAX,3
211,6,11,6,15,2475,AA,LAX,4
-1,6,12,7,15,2475,AA,LAX,5
1,6,13,1,15,2475,AA,LAX,6
-6,6,14,2,15,2475,AA,LAX,7
7,6,15,3,15,2475,AA,LAX,8
1,6,16,4,15,2475,AA,LAX,9
250,6,17,5,15,2475,AA,LAX,10
-1,6,18,6,15,2475,AA,LAX,11
-4,6,19,7,15,2475,AA,LAX,12
-2,6,20,1,15,2475,AA,LAX,13
-2,6,21,2,15,2475,AA,LAX,13
-2,6,22,3,15,2475,AA,LAX,12
10,6,23,4,15,2475,AA,LAX,11
1,6,24,5,15,2475,AA,LAX,10
2,6,25,6,15,2475,AA,LAX,9
12,6,26,7,15,2475,AA,LAX,8
27,6,27,1,15,2475,AA,LAX,7
-6,6,28,2,15,2475,AA,LAX,6
-3,6,29,3,15,2475,AA,LAX,5
53,6,30,4,15,2475,AA,LAX,4
1,6,1,3,16,2475,AA,LAX,4
-1,6,2,4,16,2475,AA,LAX,5
-3,6,3,5,16,2475,AA,LAX,4
-4,6,4,6,16,2475,AA,LAX,3
-6,6,5,7,16,2475,AA,LAX,2
-5,6,6,1,16,2475,AA,LAX,1
3,6,7,2,16,2475,AA,LAX,0
-5,6,8,3,16,2475,AA,LAX,1
307,6,9,4,16,2475,AA,LAX,2
11,6,10,5,16,2475,AA,LAX,3
13,6,11,6,16,2475,AA,LAX,4
3,6,12,7,16,2475,AA,LAX,5
0,6,13,1,16,2475,AA,LAX,6
5,6,14,2,16,2475,AA,LAX,7
7,6,15,3,16,2475,AA,LAX,8
0,6,16,4,16,2475,AA,LAX,9
175,6,17,5,16,2475,AA,LAX,10
-6,6,18,6,16,2475,AA,LAX,11
41,6,19,7,16,2475,AA,LAX,12
6,6,20,1,16,2475,AA,LAX,13
4,6,21,2,16,2475,AA,LAX,13
-5,6,22,3,16,2475,AA,LAX,12
1,6,23,4,16,2475,AA,LAX,11
-3,6,24,5,16,2475,AA,LAX,10
-3,6,25,6,16,2475,AA,LAX,9
8,6,26,7,16,2475,AA,LAX,8
0,6,27,1,16,2475,AA,LAX,7
12,6,28,2,16,2475,AA,LAX,6
6,6,29,3,16,2475,AA,LAX,5
-1,6,30,4,16,2475,AA,LAX,4
4,6,1,3,21,2475,AA,LAX,4
-10,6,2,4,21,2475,AA,LAX,5
6,6,3,5,21,2475,AA,LAX,4
-8,6,4,6,21,2475,AA,LAX,3
2,6,5,7,21,2475,AA,LAX,2
-5,6,6,1,21,2475,AA,LAX,1
-5,6,7,2,21,2475,AA,LAX,0
-7,6,8,3,21,2475,AA,LAX,1
108,6,9,4,20,2475,AA,LAX,2
38,6,10,5,20,2475,AA,LAX,3
23,6,11,6,20,2475,AA,LAX,4
55,6,12,7,20,2475,AA,LAX,5
15,6,13,1,20,2475,AA,LAX,6
17,6,14,2,20,2475,AA,LAX,7
-2,6,15,3,20,2475,AA,LAX,8
1,6,16,4,20,2475,AA,LAX,9
73,6,17,5,20,2475,AA,LAX,10
0,6,18,6,20,2475,AA,LAX,11
-3,6,19,7,20,2475,AA,LAX,12
10,6,20,1,20,2475,AA,LAX,13
7,6,21,2,20,2475,AA,LAX,13
80,6,22,3,20,2475,AA,LAX,12
173,6,23,4,20,2475,AA,LAX,11
49,6,24,5,20,2475,AA,LAX,10
7,6,25,6,20,2475,AA,LAX,9
11,6,26,7,20,2475,AA,LAX,8
-1,6,27,1,20,2475,AA,LAX,7
130,6,28,2,20,2475,AA,LAX,6
4,6,29,3,20,2475,AA,LAX,5
26,6,30,4,20,2475,AA,LAX,4
-7,6,1,3,6,2475,AA,LAX,4
-3,6,2,4,6,2475,AA,LAX,5
-6,6,3,5,6,2475,AA,LAX,4
-4,6,4,6,6,2475,AA,LAX,3
-5,6,5,7,6,2475,AA,LAX,2
-7,6,6,1,6,2475,AA,LAX,1
11,6,7,2,6,2475,AA,LAX,0
-4,6,8,3,6,2475,AA,LAX,1
-6,6,9,4,6,2475,AA,LAX,2
4,6,10,5,6,2475,AA,LAX,3
0,6,11,6,6,2475,AA,LAX,4
-1,6,12,7,6,2475,AA,LAX,5
0,6,13,1,6,2475,AA,LAX,6
-7,6,14,2,6,2475,AA,LAX,7
-5,6,15,3,6,2475,AA,LAX,8
-6,6,16,4,6,2475,AA,LAX,9
3,6,17,5,6,2475,AA,LAX,10
-2,6,18,6,6,2475,AA,LAX,11
-3,6,19,7,6,2475,AA,LAX,12
-12,6,20,1,6,2475,AA,LAX,13
-3,6,21,2,6,2475,AA,LAX,13
-3,6,22,3,6,2475,AA,LAX,12
2,6,23,4,6,2475,AA,LAX,11
-5,6,24,5,6,2475,AA,LAX,10
46,6,25,6,6,2475,AA,LAX,9
6,6,26,7,6,2475,AA,LAX,8
-3,6,27,1,6,2475,AA,LAX,7
-1,6,28,2,6,2475,AA,LAX,6
3,6,29,3,6,2475,AA,LAX,5
-2,6,30,4,6,2475,AA,LAX,4
-4,6,1,3,7,2475,B6,LAX,4
8,6,1,3,11,2475,B6,LAX,4
-3,6,1,3,16,2475,B6,LAX,4
5,6,1,3,20,2475,B6,LAX,4
4,6,2,4,7,2475,B6,LAX,5
-1,6,2,4,11,2475,B6,LAX,5
-1,6,2,4,16,2475,B6,LAX,5
109,6,2,4,20,2475,B6,LAX,5
-5,6,3,5,7,2475,B6,LAX,4
-5,6,3,5,11,2475,B6,LAX,4
-2,6,3,5,16,2475,B6,LAX,4
-4,6,3,5,20,2475,B6,LAX,4
-4,6,4,6,7,2475,B6,LAX,3
1,6,4,6,16,2475,B6,LAX,3
-4,6,4,6,20,2475,B6,LAX,3
-6,6,5,7,7,2475,B6,LAX,2
-6,6,5,7,11,2475,B6,LAX,2
6,6,5,7,16,2475,B6,LAX,2
-7,6,5,7,20,2475,B6,LAX,2
0,6,6,1,7,2475,B6,LAX,1
-2,6,6,1,11,2475,B6,LAX,1
-7,6,6,1,16,2475,B6,LAX,1
4,6,6,1,20,2475,B6,LAX,1
-5,6,7,2,7,2475,B6,LAX,0
-2,6,7,2,11,2475,B6,LAX,0
-3,6,7,2,16,2475,B6,LAX,0
-4,6,7,2,20,2475,B6,LAX,0
-5,6,8,3,7,2475,B6,LAX,1
11,6,8,3,11,2475,B6,LAX,1
-2,6,8,3,16,2475,B6,LAX,1
-2,6,8,3,20,2475,B6,LAX,1
-5,6,9,4,7,2475,B6,LAX,2
0,6,9,4,11,2475,B6,LAX,2
1,6,9,4,16,2475,B6,LAX,2
224,6,9,4,20,2475,B6,LAX,2
-5,6,10,5,7,2475,B6,LAX,3
-2,6,10,5,11,2475,B6,LAX,3
-2,6,10,5,16,2475,B6,LAX,3
25,6,10,5,20,2475,B6,LAX,3
-1,6,11,6,7,2475,B6,LAX,4
-4,6,11,6,16,2475,B6,LAX,4
52,6,11,6,20,2475,B6,LAX,4
-2,6,12,7,7,2475,B6,LAX,5
-5,6,12,7,11,2475,B6,LAX,5
-2,6,12,7,16,2475,B6,LAX,5
-3,6,12,7,20,2475,B6,LAX,5
70,6,13,1,7,2475,B6,LAX,6
-5,6,13,1,11,2475,B6,LAX,6
-2,6,13,1,16,2475,B6,LAX,6
0,6,13,1,20,2475,B6,LAX,6
-4,6,14,2,7,2475,B6,LAX,7
-5,6,14,2,11,2475,B6,LAX,7
-3,6,14,2,16,2475,B6,LAX,7
7,6,14,2,20,2475,B6,LAX,7
-6,6,15,3,7,2475,B6,LAX,8
5,6,15,3,11,2475,B6,LAX,8
6,6,15,3,16,2475,B6,LAX,8
-2,6,15,3,20,2475,B6,LAX,8
0,6,16,4,7,2475,B6,LAX,9
26,6,16,4,11,2475,B6,LAX,9
43,6,16,4,16,2475,B6,LAX,9
65,6,16,4,21,2475,B6,LAX,9
-1,6,16,4,9,2475,B6,LAX,9
-10,6,17,5,7,2475,B6,LAX,10
11,6,17,5,11,2475,B6,LAX,10
76,6,17,5,16,2475,B6,LAX,10
205,6,17,5,21,2475,B6,LAX,10
5,6,17,5,9,2475,B6,LAX,10
0,6,18,6,7,2475,B6,LAX,11
-3,6,18,6,16,2475,B6,LAX,11
21,6,18,6,21,2475,B6,LAX,11
82,6,18,6,9,2475,B6,LAX,11
-5,6,19,7,7,2475,B6,LAX,12
17,6,19,7,11,2475,B6,LAX,12
-2,6,19,7,16,2475,B6,LAX,12
11,6,19,7,21,2475,B6,LAX,12
-3,6,19,7,9,2475,B6,LAX,12
-3,6,20,1,7,2475,B6,LAX,13
-5,6,20,1,11,2475,B6,LAX,13
0,6,20,1,16,2475,B6,LAX,13
45,6,20,1,21,2475,B6,LAX,13
2,6,20,1,9,2475,B6,LAX,13
-3,6,21,2,7,2475,B6,LAX,13
-6,6,21,2,11,2475,B6,LAX,13
0,6,21,2,16,2475,B6,LAX,13
8,6,21,2,21,2475,B6,LAX,13
-1,6,21,2,9,2475,B6,LAX,13
-2,6,22,3,7,2475,B6,LAX,12
12,6,22,3,11,2475,B6,LAX,12
-5,6,22,3,16,2475,B6,LAX,12
64,6,22,3,21,2475,B6,LAX,12
-3,6,22,3,9,2475,B6,LAX,12
-5,6,23,4,7,2475,B6,LAX,11
13,6,23,4,11,2475,B6,LAX,11
0,6,23,4,16,2475,B6,LAX,11
-1,6,23,4,21,2475,B6,LAX,11
86,6,23,4,9,2475,B6,LAX,11
-1,6,24,5,7,2475,B6,LAX,10
33,6,24,5,11,2475,B6,LAX,10
197,6,24,5,16,2475,B6,LAX,10
-6,6,24,5,21,2475,B6,LAX,10
-1,6,24,5,9,2475,B6,LAX,10
11,6,25,6,7,2475,B6,LAX,9
3,6,25,6,16,2475,B6,LAX,9
-1,6,25,6,21,2475,B6,LAX,9
45,6,25,6,9,2475,B6,LAX,9
-5,6,26,7,7,2475,B6,LAX,8
-2,6,26,7,11,2475,B6,LAX,8
0,6,26,7,16,2475,B6,LAX,8
-2,6,26,7,21,2475,B6,LAX,8
-2,6,26,7,9,2475,B6,LAX,8
-2,6,27,1,7,2475,B6,LAX,7
-3,6,27,1,11,2475,B6,LAX,7
0,6,27,1,16,2475,B6,LAX,7
56,6,27,1,21,2475,B6,LAX,7
18,6,27,1,9,2475,B6,LAX,7
-3,6,28,2,7,2475,B6,LAX,6
-1,6,28,2,11,2475,B6,LAX,6
-7,6,28,2,16,2475,B6,LAX,6
43,6,28,2,21,2475,B6,LAX,6
-5,6,28,2,9,2475,B6,LAX,6
-4,6,29,3,7,2475,B6,LAX,5
-2,6,29,3,11,2475,B6,LAX,5
-8,6,29,3,16,2475,B6,LAX,5
-3,6,29,3,21,2475,B6,LAX,5
-4,6,29,3,9,2475,B6,LAX,5
10,6,30,4,7,2475,B6,LAX,4
-4,6,30,4,11,2475,B6,LAX,4
23,6,30,4,16,2475,B6,LAX,4
-2,6,30,4,21,2475,B6,LAX,4
-1,6,30,4,9,2475,B6,LAX,4
-5,6,1,3,15,2475,DL,LAX,4
1,6,1,3,17,2475,DL,LAX,4
8,6,1,3,7,2475,DL,LAX,4
17,6,1,3,12,2475,DL,LAX,4
-5,6,1,3,9,2475,DL,LAX,4
4,6,1,3,21,2475,DL,LAX,4
-2,6,1,3,19,2475,DL,LAX,4
-2,6,2,4,15,2475,DL,LAX,5
0,6,2,4,17,2475,DL,LAX,5
0,6,2,4,7,2475,DL,LAX,5
-3,6,2,4,12,2475,DL,LAX,5
-3,6,2,4,9,2475,DL,LAX,5
-3,6,2,4,21,2475,DL,LAX,5
4,6,2,4,19,2475,DL,LAX,5
58,6,3,5,15,2475,DL,LAX,4
22,6,3,5,17,2475,DL,LAX,4
-6,6,3,5,7,2475,DL,LAX,4
-5,6,3,5,12,2475,DL,LAX,4
-5,6,3,5,9,2475,DL,LAX,4
-8,6,3,5,21,2475,DL,LAX,4
-5,6,3,5,19,2475,DL,LAX,4
4,6,4,6,15,2475,DL,LAX,3
1,6,4,6,17,2475,DL,LAX,3
-6,6,4,6,12,2475,DL,LAX,3
-6,6,4,6,9,2475,DL,LAX,3
-5,6,4,6,19,2475,DL,LAX,3
11,6,5,7,15,2475,DL,LAX,2
-1,6,5,7,17,2475,DL,LAX,2
-4,6,5,7,12,2475,DL,LAX,2
-4,6,5,7,9,2475,DL,LAX,2
13,6,5,7,21,2475,DL,LAX,2
-3,6,5,7,19,2475,DL,LAX,2
-4,6,6,1,15,2475,DL,LAX,1
-4,6,6,1,17,2475,DL,LAX,1
-2,6,6,1,7,2475,DL,LAX,1
-1,6,6,1,12,2475,DL,LAX,1
0,6,6,1,9,2475,DL,LAX,1
11,6,6,1,21,2475,DL,LAX,1
15,6,6,1,19,2475,DL,LAX,1
-6,6,7,2,15,2475,DL,LAX,0
-5,6,7,2,17,2475,DL,LAX,0
81,6,7,2,7,2475,DL,LAX,0
-4,6,7,2,12,2475,DL,LAX,0
0,6,7,2,9,2475,DL,LAX,0
9,6,7,2,21,2475,DL,LAX,0
-5,6,7,2,19,2475,DL,LAX,0
-6,6,8,3,9,2475,DL,LAX,1
-1,6,8,3,15,2475,DL,LAX,1
-1,6,8,3,17,2475,DL,LAX,1
-3,6,8,3,7,2475,DL,LAX,1
-3,6,8,3,12,2475,DL,LAX,1
-4,6,8,3,9,2475,DL,LAX,1
9,6,8,3,21,2475,DL,LAX,1
-3,6,8,3,19,2475,DL,LAX,1
-3,6,9,4,17,2475,DL,LAX,2
11,6,9,4,9,2475,DL,LAX,2
-5,6,9,4,15,2475,DL,LAX,2
-1,6,9,4,7,2475,DL,LAX,2
-3,6,9,4,12,2475,DL,LAX,2
211,6,9,4,21,2475,DL,LAX,2
458,6,9,4,19,2475,DL,LAX,2
1,6,10,5,17,2475,DL,LAX,3
11,6,10,5,9,2475,DL,LAX,3
114,6,10,5,15,2475,DL,LAX,3
0,6,10,5,7,2475,DL,LAX,3
2,6,10,5,12,2475,DL,LAX,3
1,6,10,5,21,2475,DL,LAX,3
139,6,10,5,19,2475,DL,LAX,3
-4,6,11,6,17,2475,DL,LAX,4
-1,6,11,6,9,2475,DL,LAX,4
21,6,11,6,15,2475,DL,LAX,4
-6,6,11,6,12,2475,DL,LAX,4
66,6,11,6,19,2475,DL,LAX,4
119,6,12,7,17,2475,DL,LAX,5
-3,6,12,7,9,2475,DL,LAX,5
1,6,12,7,15,2475,DL,LAX,5
-5,6,12,7,12,2475,DL,LAX,5
-2,6,12,7,21,2475,DL,LAX,5
36,6,12,7,19,2475,DL,LAX,5
-5,6,13,1,17,2475,DL,LAX,6
3,6,13,1,9,2475,DL,LAX,6
-2,6,13,1,15,2475,DL,LAX,6
-4,6,13,1,7,2475,DL,LAX,6
-4,6,13,1,12,2475,DL,LAX,6
17,6,13,1,21,2475,DL,LAX,6
-4,6,13,1,19,2475,DL,LAX,6
-5,6,14,2,17,2475,DL,LAX,7
0,6,14,2,9,2475,DL,LAX,7
13,6,14,2,15,2475,DL,LAX,7
-4,6,14,2,7,2475,DL,LAX,7
-2,6,14,2,12,2475,DL,LAX,7
-5,6,14,2,21,2475,DL,LAX,7
-5,6,14,2,19,2475,DL,LAX,7
-4,6,15,3,17,2475,DL,LAX,8
0,6,15,3,9,2475,DL,LAX,8
-4,6,15,3,15,2475,DL,LAX,8
0,6,15,3,7,2475,DL,LAX,8
-5,6,15,3,12,2475,DL,LAX,8
9,6,15,3,21,2475,DL,LAX,8
271,6,15,3,19,2475,DL,LAX,8
-4,6,16,4,17,2475,DL,LAX,9
-2,6,16,4,9,2475,DL,LAX,9
-1,6,16,4,15,2475,DL,LAX,9
-2,6,16,4,7,2475,DL,LAX,9
-5,6,16,4,12,2475,DL,LAX,9
24,6,16,4,21,2475,DL,LAX,9
175,6,16,4,19,2475,DL,LAX,9
79,6,17,5,17,2475,DL,LAX,10
64,6,17,5,9,2475,DL,LAX,10
-2,6,17,5,15,2475,DL,LAX,10
-2,6,17,5,7,2475,DL,LAX,10
-3,6,17,5,12,2475,DL,LAX,10
73,6,17,5,21,2475,DL,LAX,10
388,6,17,5,19,2475,DL,LAX,10
0,6,18,6,17,2475,DL,LAX,11
-4,6,18,6,9,2475,DL,LAX,11
318,6,18,6,15,2475,DL,LAX,11
-2,6,18,6,12,2475,DL,LAX,11
0,6,18,6,19,2475,DL,LAX,11
136,6,19,7,17,2475,DL,LAX,12
-3,6,19,7,9,2475,DL,LAX,12
-2,6,19,7,15,2475,DL,LAX,12
-2,6,19,7,12,2475,DL,LAX,12
15,6,19,7,21,2475,DL,LAX,12
-4,6,19,7,19,2475,DL,LAX,12
-3,6,20,1,17,2475,DL,LAX,13
-7,6,20,1,9,2475,DL,LAX,13
-5,6,20,1,15,2475,DL,LAX,13
-5,6,20,1,7,2475,DL,LAX,13
-3,6,20,1,12,2475,DL,LAX,13
9,6,20,1,21,2475,DL,LAX,13
-5,6,20,1,19,2475,DL,LAX,13
-14,6,21,2,17,2475,DL,LAX,13
-5,6,21,2,9,2475,DL,LAX,13
7,6,21,2,15,2475,DL,LAX,13
-3,6,21,2,7,2475,DL,LAX,13
-1,6,21,2,12,2475,DL,LAX,13
-2,6,21,2,21,2475,DL,LAX,13
2,6,21,2,19,2475,DL,LAX,13
0,6,22,3,17,2475,DL,LAX,12
17,6,22,3,9,2475,DL,LAX,12
-4,6,22,3,15,2475,DL,LAX,12
121,6,22,3,7,2475,DL,LAX,12
0,6,22,3,12,2475,DL,LAX,12
91,6,22,3,21,2475,DL,LAX,12
-5,6,22,3,19,2475,DL,LAX,12
-5,6,23,4,17,2475,DL,LAX,11
-4,6,23,4,9,2475,DL,LAX,11
2,6,23,4,15,2475,DL,LAX,11
-4,6,23,4,7,2475,DL,LAX,11
-3,6,23,4,12,2475,DL,LAX,11
62,6,23,4,21,2475,DL,LAX,11
111,6,23,4,19,2475,DL,LAX,11
-2,6,24,5,17,2475,DL,LAX,10
6,6,24,5,9,2475,DL,LAX,10
3,6,24,5,15,2475,DL,LAX,10
-1,6,24,5,7,2475,DL,LAX,10
-3,6,24,5,12,2475,DL,LAX,10
159,6,24,5,21,2475,DL,LAX,10
123,6,24,5,19,2475,DL,LAX,10
7,6,25,6,17,2475,DL,LAX,9
-1,6,25,6,9,2475,DL,LAX,9
-5,6,25,6,15,2475,DL,LAX,9
-3,6,25,6,12,2475,DL,LAX,9
11,6,25,6,19,2475,DL,LAX,9
-5,6,26,7,17,2475,DL,LAX,8
18,6,26,7,9,2475,DL,LAX,8
-5,6,26,7,15,2475,DL,LAX,8
-6,6,26,7,12,2475,DL,LAX,8
-2,6,26,7,21,2475,DL,LAX,8
7,6,26,7,19,2475,DL,LAX,8
-1,6,27,1,17,2475,DL,LAX,7
-5,6,27,1,9,2475,DL,LAX,7
