52,7,1,5,20,2475,UA,LAX,3
32,7,5,2,20,2475,UA,LAX,1
-3,7,6,3,20,2475,UA,LAX,2
-3,7,7,4,20,2475,UA,LAX,3
85,7,8,5,20,2475,UA,LAX,4
-3,7,10,7,20,2475,UA,LAX,6
7,7,11,1,20,2475,UA,LAX,7
-4,7,12,2,20,2475,UA,LAX,8
-2,7,13,3,20,2475,UA,LAX,9
-5,7,14,4,20,2475,UA,LAX,10
3,7,15,5,20,2475,UA,LAX,11
44,7,17,7,20,2475,UA,LAX,13
-1,7,18,1,20,2475,UA,LAX,14
0,7,19,2,20,2475,UA,LAX,15
-2,7,20,3,20,2475,UA,LAX,16
-2,7,21,4,20,2475,UA,LAX,17
11,7,22,5,20,2475,UA,LAX,18
-5,7,24,7,20,2475,UA,LAX,20
56,7,25,1,20,2475,UA,LAX,21
-2,7,26,2,20,2475,UA,LAX,22
-5,7,27,3,20,2475,UA,LAX,23
23,7,28,4,20,2475,UA,LAX,24
110,7,29,5,20,2475,UA,LAX,25
-1,7,31,7,20,2475,UA,LAX,27
27,7,1,5,17,2475,UA,LAX,3
38,7,2,6,18,2475,UA,LAX,2
3,7,3,7,17,2475,UA,LAX,1
7,7,4,1,17,2475,UA,LAX,0
-1,7,6,3,17,2475,UA,LAX,2
66,7,7,4,17,2475,UA,LAX,3
96,7,8,5,17,2475,UA,LAX,4
-3,7,9,6,18,2475,UA,LAX,5
2,7,10,7,17,2475,UA,LAX,6
18,7,11,1,17,2475,UA,LAX,7
-3,7,12,2,17,2475,UA,LAX,8
-6,7,13,3,17,2475,UA,LAX,9
-4,7,14,4,17,2475,UA,LAX,10
-1,7,15,5,17,2475,UA,LAX,11
1,7,16,6,18,2475,UA,LAX,12
-5,7,17,7,17,2475,UA,LAX,13
0,7,18,1,17,2475,UA,LAX,14
-2,7,19,2,17,2475,UA,LAX,15
-1,7,20,3,17,2475,UA,LAX,16
-3,7,21,4,17,2475,UA,LAX,17
1,7,22,5,17,2475,UA,LAX,18
112,7,23,6,18,2475,UA,LAX,19
1,7,24,7,17,2475,UA,LAX,20
15,7,25,1,17,2475,UA,LAX,21
-3,7,26,2,17,2475,UA,LAX,22
-3,7,27,3,17,2475,UA,LAX,23
8,7,28,4,17,2475,UA,LAX,24
124,7,29,5,17,2475,UA,LAX,25
-7,7,30,6,18,2475,UA,LAX,26
0,7,31,7,17,2475,UA,LAX,27
3,7,16,6,15,2475,UA,LAX,12
1,7,30,6,15,2475,UA,LAX,26
-1,7,1,5,15,2475,UA,LAX,3
56,7,8,5,15,2475,UA,LAX,4
-4,7,11,1,15,2475,UA,LAX,7
8,7,12,2,15,2475,UA,LAX,8
-4,7,13,3,15,2475,UA,LAX,9
0,7,14,4,15,2475,UA,LAX,10
-1,7,15,5,15,2475,UA,LAX,11
-3,7,18,1,15,2475,UA,LAX,14
3,7,19,2,15,2475,UA,LAX,15
-5,7,20,3,15,2475,UA,LAX,16
-5,7,21,4,15,2475,UA,LAX,17
-4,7,22,5,15,2475,UA,LAX,18
15,7,25,1,15,2475,UA,LAX,21
-5,7,26,2,15,2475,UA,LAX,22
-1,7,27,3,15,2475,UA,LAX,23
-3,7,28,4,15,2475,UA,LAX,24
-1,7,29,5,15,2475,UA,LAX,25
-5,7,2,6,8,2475,UA,LAX,2
33,7,3,7,8,2475,UA,LAX,1
-7,7,4,1,8,2475,UA,LAX,0
-2,7,5,2,8,2475,UA,LAX,1
-3,7,6,3,8,2475,UA,LAX,2
-2,7,7,4,8,2475,UA,LAX,3
-8,7,8,5,8,2475,UA,LAX,4
-2,7,9,6,8,2475,UA,LAX,5
26,7,10,7,8,2475,UA,LAX,6
-4,7,11,1,8,2475,UA,LAX,7
-6,7,12,2,8,2475,UA,LAX,8
-6,7,13,3,8,2475,UA,LAX,9
-6,7,14,4,8,2475,UA,LAX,10
-1,7,15,5,8,2475,UA,LAX,11
-2,7,16,6,8,2475,UA,LAX,12
8,7,17,7,8,2475,UA,LAX,13
12,7,18,1,8,2475,UA,LAX,14
-7,7,19,2,8,2475,UA,LAX,15
-1,7,20,3,8,2475,UA,LAX,16
-4,7,21,4,8,2475,UA,LAX,17
-2,7,22,5,8,2475,UA,LAX,18
0,7,23,6,8,2475,UA,LAX,19
-1,7,24,7,8,2475,UA,LAX,20
8,7,25,1,8,2475,UA,LAX,21
-2,7,26,2,8,2475,UA,LAX,22
-3,7,27,3,8,2475,UA,LAX,23
-2,7,28,4,8,2475,UA,LAX,24
-2,7,29,5,8,2475,UA,LAX,25
-4,7,30,6,8,2475,UA,LAX,26
-1,7,31,7,8,2475,UA,LAX,27
-4,7,1,5,11,2475,UA,LAX,3
-4,7,2,6,11,2475,UA,LAX,2
-7,7,3,7,11,2475,UA,LAX,1
-4,7,4,1,11,2475,UA,LAX,0
-2,7,5,2,11,2475,UA,LAX,1
8,7,6,3,11,2475,UA,LAX,2
-2,7,7,4,11,2475,UA,LAX,3
-6,7,8,5,11,2475,UA,LAX,4
-4,7,9,6,11,2475,UA,LAX,5
-4,7,10,7,11,2475,UA,LAX,6
-3,7,11,1,11,2475,UA,LAX,7
-4,7,12,2,11,2475,UA,LAX,8
-4,7,13,3,11,2475,UA,LAX,9
-4,7,14,4,11,2475,UA,LAX,10
-6,7,15,5,11,2475,UA,LAX,11
-3,7,16,6,11,2475,UA,LAX,12
-3,7,17,7,11,2475,UA,LAX,13
-5,7,18,1,11,2475,UA,LAX,14
-1,7,19,2,11,2475,UA,LAX,15
-6,7,20,3,11,2475,UA,LAX,16
-5,7,21,4,11,2475,UA,LAX,17
-3,7,22,5,11,2475,UA,LAX,18
2,7,23,6,11,2475,UA,LAX,19
3,7,24,7,11,2475,UA,LAX,20
-1,7,25,1,11,2475,UA,LAX,21
-8,7,26,2,11,2475,UA,LAX,22
-4,7,27,3,11,2475,UA,LAX,23
-3,7,28,4,11,2475,UA,LAX,24
-4,7,29,5,11,2475,UA,LAX,25
-8,7,30,6,11,2475,UA,LAX,26
-2,7,31,7,11,2475,UA,LAX,27
-2,7,2,6,15,2475,UA,LAX,2
30,7,3,7,15,2475,UA,LAX,1
20,7,4,1,15,2475,UA,LAX,0
37,7,5,2,15,2475,UA,LAX,1
-2,7,9,6,15,2475,UA,LAX,5
-2,7,6,3,15,2475,UA,LAX,2
-2,7,7,4,15,2475,UA,LAX,3
-4,7,10,7,15,2475,UA,LAX,6
8,7,17,7,15,2475,UA,LAX,13
139,7,24,7,15,2475,UA,LAX,20
-6,7,31,7,15,2475,UA,LAX,27
-1,7,1,5,8,2475,UA,LAX,3
68,7,5,2,17,2475,UA,LAX,1
-1,7,1,5,6,2475,UA,LAX,3
0,7,2,6,6,2475,UA,LAX,2
-3,7,5,2,6,2475,UA,LAX,1
-4,7,6,3,6,2475,UA,LAX,2
-5,7,7,4,6,2475,UA,LAX,3
-1,7,8,5,6,2475,UA,LAX,4
-1,7,9,6,6,2475,UA,LAX,5
-8,7,11,1,6,2475,UA,LAX,7
-2,7,12,2,6,2475,UA,LAX,8
-4,7,13,3,6,2475,UA,LAX,9
-7,7,15,5,6,2475,UA,LAX,11
36,7,16,6,6,2475,UA,LAX,12
-1,7,18,1,6,2475,UA,LAX,14
-6,7,19,2,6,2475,UA,LAX,15
-2,7,20,3,6,2475,UA,LAX,16
15,7,21,4,6,2475,UA,LAX,17
-5,7,22,5,6,2475,UA,LAX,18
24,7,23,6,6,2475,UA,LAX,19
-4,7,25,1,6,2475,UA,LAX,21
-1,7,26,2,6,2475,UA,LAX,22
-3,7,27,3,6,2475,UA,LAX,23
-2,7,28,4,6,2475,UA,LAX,24
-4,7,29,5,6,2475,UA,LAX,25
-2,7,30,6,6,2475,UA,LAX,26
17,8,1,1,9,2475,AA,LAX,28
-3,8,2,2,9,2475,AA,LAX,29
-2,8,3,3,9,2475,AA,LAX,30
-1,8,4,4,9,2475,AA,LAX,30
-1,8,5,5,9,2475,AA,LAX,29
-6,8,6,6,9,2475,AA,LAX,28
1,8,7,7,9,2475,AA,LAX,27
-1,8,8,1,9,2475,AA,LAX,26
-8,8,9,2,9,2475,AA,LAX,25
4,8,10,3,9,2475,AA,LAX,24
-6,8,11,4,9,2475,AA,LAX,23
18,8,12,5,9,2475,AA,LAX,22
-14,8,13,6,9,2475,AA,LAX,21
142,8,14,7,9,2475,AA,LAX,20
-5,8,15,1,9,2475,AA,LAX,19
-5,8,16,2,9,2475,AA,LAX,18
-2,8,17,3,9,2475,AA,LAX,17
-3,8,18,4,9,2475,AA,LAX,16
-5,8,19,5,9,2475,AA,LAX,15
6,8,20,6,9,2475,AA,LAX,14
0,8,21,7,9,2475,AA,LAX,13
-2,8,22,1,9,2475,AA,LAX,12
-6,8,23,2,9,2475,AA,LAX,11
-4,8,24,3,9,2475,AA,LAX,10
-5,8,25,4,9,2475,AA,LAX,9
-3,8,26,5,9,2475,AA,LAX,8
3,8,27,6,9,2475,AA,LAX,7
-7,8,30,2,9,2475,AA,LAX,4
-3,8,31,3,9,2475,AA,LAX,3
16,8,1,1,12,2475,AA,LAX,28
9,8,2,2,12,2475,AA,LAX,29
-8,8,3,3,12,2475,AA,LAX,30
-11,8,4,4,12,2475,AA,LAX,30
63,8,5,5,12,2475,AA,LAX,29
-1,8,6,6,12,2475,AA,LAX,28
-4,8,7,7,12,2475,AA,LAX,27
-7,8,8,1,12,2475,AA,LAX,26
-5,8,9,2,12,2475,AA,LAX,25
3,8,11,4,12,2475,AA,LAX,23
-3,8,12,5,12,2475,AA,LAX,22
-11,8,13,6,12,2475,AA,LAX,21
48,8,14,7,12,2475,AA,LAX,20
-7,8,15,1,12,2475,AA,LAX,19
1,8,16,2,12,2475,AA,LAX,18
-1,8,17,3,12,2475,AA,LAX,17
-7,8,18,4,12,2475,AA,LAX,16
-7,8,19,5,12,2475,AA,LAX,15
-1,8,20,6,12,2475,AA,LAX,14
-6,8,21,7,12,2475,AA,LAX,13
-3,8,22,1,12,2475,AA,LAX,12
4,8,23,2,12,2475,AA,LAX,11
-7,8,24,3,12,2475,AA,LAX,10
-5,8,25,4,12,2475,AA,LAX,9
-7,8,26,5,12,2475,AA,LAX,8
-9,8,30,2,12,2475,AA,LAX,4
-8,8,31,3,12,2475,AA,LAX,3
16,8,1,1,10,2475,AA,LAX,28
31,8,2,2,10,2475,AA,LAX,29
-4,8,3,3,10,2475,AA,LAX,30
9,8,4,4,10,2475,AA,LAX,30
-1,8,5,5,10,2475,AA,LAX,29
-9,8,7,7,10,2475,AA,LAX,27
-1,8,8,1,10,2475,AA,LAX,26
-7,8,9,2,10,2475,AA,LAX,25
0,8,10,3,10,2475,AA,LAX,24
0,8,11,4,10,2475,AA,LAX,23
2,8,12,5,10,2475,AA,LAX,22
66,8,14,7,10,2475,AA,LAX,20
-5,8,15,1,10,2475,AA,LAX,19
1,8,16,2,10,2475,AA,LAX,18
-6,8,17,3,10,2475,AA,LAX,17
-3,8,18,4,10,2475,AA,LAX,16
22,8,19,5,10,2475,AA,LAX,15
7,8,21,7,10,2475,AA,LAX,13
-7,8,22,1,10,2475,AA,LAX,12
1,8,23,2,10,2475,AA,LAX,11
63,8,24,3,10,2475,AA,LAX,10
-8,8,25,4,10,2475,AA,LAX,9
-3,8,26,5,10,2475,AA,LAX,8
-6,8,30,2,10,2475,AA,LAX,4
-9,8,31,3,10,2475,AA,LAX,3
67,8,1,1,19,2475,AA,LAX,28
1,8,2,2,19,2475,AA,LAX,29
-4,8,3,3,19,2475,AA,LAX,30
88,8,4,4,19,2475,AA,LAX,30
-5,8,5,5,19,2475,AA,LAX,29
0,8,6,6,19,2475,AA,LAX,28
-2,8,7,7,19,2475,AA,LAX,27
-6,8,8,1,19,2475,AA,LAX,26
234,8,9,2,19,2475,AA,LAX,25
1,8,10,3,19,2475,AA,LAX,24
-1,8,11,4,19,2475,AA,LAX,23
0,8,12,5,19,2475,AA,LAX,22
-2,8,13,6,19,2475,AA,LAX,21
43,8,14,7,19,2475,AA,LAX,20
48,8,15,1,19,2475,AA,LAX,19
-3,8,16,2,19,2475,AA,LAX,18
-4,8,17,3,19,2475,AA,LAX,17
-6,8,18,4,19,2475,AA,LAX,16
125,8,19,5,19,2475,AA,LAX,15
-2,8,20,6,19,2475,AA,LAX,14
227,8,21,7,19,2475,AA,LAX,13
0,8,22,1,19,2475,AA,LAX,12
5,8,23,2,19,2475,AA,LAX,11
-11,8,24,3,19,2475,AA,LAX,10
17,8,25,4,19,2475,AA,LAX,9
13,8,26,5,19,2475,AA,LAX,8
29,8,29,1,19,2475,AA,LAX,5
27,8,30,2,19,2475,AA,LAX,4
117,8,31,3,19,2475,AA,LAX,3
-4,8,1,1,7,2475,AA,LAX,28
6,8,2,2,7,2475,AA,LAX,29
1,8,3,3,7,2475,AA,LAX,30
-4,8,4,4,7,2475,AA,LAX,30
-3,8,5,5,7,2475,AA,LAX,29
-2,8,6,6,7,2475,AA,LAX,28
-3,8,7,7,7,2475,AA,LAX,27
-4,8,8,1,7,2475,AA,LAX,26
-6,8,9,2,7,2475,AA,LAX,25
-4,8,10,3,7,2475,AA,LAX,24
38,8,11,4,7,2475,AA,LAX,23
13,8,12,5,7,2475,AA,LAX,22
3,8,13,6,7,2475,AA,LAX,21
29,8,14,7,7,2475,AA,LAX,20
-2,8,15,1,7,2475,AA,LAX,19
0,8,16,2,7,2475,AA,LAX,18
-2,8,17,3,7,2475,AA,LAX,17
1,8,18,4,7,2475,AA,LAX,16
-4,8,19,5,7,2475,AA,LAX,15
-1,8,20,6,7,2475,AA,LAX,14
0,8,21,7,7,2475,AA,LAX,13
-4,8,22,1,7,2475,AA,LAX,12
-2,8,23,2,7,2475,AA,LAX,11
-4,8,24,3,7,2475,AA,LAX,10
17,8,25,4,7,2475,AA,LAX,9
-5,8,26,5,7,2475,AA,LAX,8
5,8,27,6,7,2475,AA,LAX,7
-5,8,30,2,7,2475,AA,LAX,4
-5,8,31,3,7,2475,AA,LAX,3
-2,8,1,1,13,2475,AA,LAX,28
0,8,2,2,13,2475,AA,LAX,29
-2,8,3,3,13,2475,AA,LAX,30
-1,8,4,4,13,2475,AA,LAX,30
-4,8,5,5,13,2475,AA,LAX,29
75,8,6,6,13,2475,AA,LAX,28
0,8,7,7,13,2475,AA,LAX,27
-2,8,8,1,13,2475,AA,LAX,26
1,8,9,2,13,2475,AA,LAX,25
77,8,11,4,13,2475,AA,LAX,23
-1,8,12,5,13,2475,AA,LAX,22
-4,8,13,6,13,2475,AA,LAX,21
7,8,14,7,13,2475,AA,LAX,20
4,8,15,1,13,2475,AA,LAX,19
-9,8,16,2,13,2475,AA,LAX,18
20,8,17,3,13,2475,AA,LAX,17
-5,8,18,4,13,2475,AA,LAX,16
1,8,19,5,13,2475,AA,LAX,15
-1,8,20,6,13,2475,AA,LAX,14
12,8,21,7,13,2475,AA,LAX,13
-1,8,22,1,13,2475,AA,LAX,12
72,8,23,2,13,2475,AA,LAX,11
-1,8,24,3,13,2475,AA,LAX,10
49,8,25,4,13,2475,AA,LAX,9
-2,8,26,5,13,2475,AA,LAX,8
7,8,29,1,13,2475,AA,LAX,5
-1,8,30,2,13,2475,AA,LAX,4
-3,8,31,3,13,2475,AA,LAX,3
84,8,1,1,15,2475,AA,LAX,28
2,8,2,2,15,2475,AA,LAX,29
-4,8,3,3,15,2475,AA,LAX,30
1,8,4,4,15,2475,AA,LAX,30
-5,8,5,5,15,2475,AA,LAX,29
-6,8,6,6,15,2475,AA,LAX,28
51,8,7,7,15,2475,AA,LAX,27
7,8,8,1,15,2475,AA,LAX,26
15,8,9,2,15,2475,AA,LAX,25
12,8,10,3,15,2475,AA,LAX,24
193,8,11,4,15,2475,AA,LAX,23
-4,8,12,5,15,2475,AA,LAX,22
1,8,13,6,15,2475,AA,LAX,21
114,8,14,7,15,2475,AA,LAX,20
49,8,15,1,15,2475,AA,LAX,19
5,8,16,2,15,2475,AA,LAX,18
2,8,17,3,15,2475,AA,LAX,17
15,8,18,4,15,2475,AA,LAX,16
-10,8,19,5,15,2475,AA,LAX,15
6,8,20,6,15,2475,AA,LAX,14
118,8,21,7,15,2475,AA,LAX,13
-4,8,22,1,15,2475,AA,LAX,12
45,8,23,2,15,2475,AA,LAX,11
-3,8,24,3,15,2475,AA,LAX,10
-1,8,25,4,15,2475,AA,LAX,9
1,8,26,5,15,2475,AA,LAX,8
0,8,29,1,15,2475,AA,LAX,5
-5,8,30,2,15,2475,AA,LAX,4
98,8,31,3,15,2475,AA,LAX,3
162,8,1,1,16,2475,AA,LAX,28
-1,8,2,2,16,2475,AA,LAX,29
28,8,3,3,16,2475,AA,LAX,30
-6,8,4,4,16,2475,AA,LAX,30
-3,8,5,5,16,2475,AA,LAX,29
-4,8,6,6,16,2475,AA,LAX,28
-2,8,7,7,16,2475,AA,LAX,27
-2,8,8,1,16,2475,AA,LAX,26
-1,8,9,2,16,2475,AA,LAX,25
-2,8,10,3,16,2475,AA,LAX,24
4,8,11,4,16,2475,AA,LAX,23
95,8,12,5,16,2475,AA,LAX,22
-1,8,13,6,16,2475,AA,LAX,21
-7,8,14,7,16,2475,AA,LAX,20
29,8,15,1,16,2475,AA,LAX,19
5,8,16,2,16,2475,AA,LAX,18
9,8,17,3,16,2475,AA,LAX,17
2,8,18,4,16,2475,AA,LAX,16
5,8,19,5,16,2475,AA,LAX,15
-2,8,20,6,16,2475,AA,LAX,14
27,8,21,7,16,2475,AA,LAX,13
-3,8,22,1,16,2475,AA,LAX,12
36,8,23,2,16,2475,AA,LAX,11
-7,8,24,3,16,2475,AA,LAX,10
20,8,25,4,16,2475,AA,LAX,9
-4,8,26,5,16,2475,AA,LAX,8
1,8,29,1,16,2475,AA,LAX,5
51,8,30,2,16,2475,AA,LAX,4
2,8,31,3,16,2475,AA,LAX,3
71,8,1,1,20,2475,AA,LAX,28
14,8,2,2,20,2475,AA,LAX,29
51,8,3,3,20,2475,AA,LAX,30
1,8,4,4,20,2475,AA,LAX,30
4,8,5,5,20,2475,AA,LAX,29
30,8,6,6,20,2475,AA,LAX,28
87,8,7,7,20,2475,AA,LAX,27
27,8,8,1,20,2475,AA,LAX,26
60,8,9,2,20,2475,AA,LAX,25
-2,8,10,3,20,2475,AA,LAX,24
-5,8,11,4,20,2475,AA,LAX,23
-4,8,12,5,20,2475,AA,LAX,22
4,8,13,6,20,2475,AA,LAX,21
82,8,14,7,20,2475,AA,LAX,20
19,8,15,1,20,2475,AA,LAX,19
146,8,16,2,20,2475,AA,LAX,18
6,8,17,3,20,2475,AA,LAX,17
64,8,18,4,20,2475,AA,LAX,16
173,8,19,5,20,2475,AA,LAX,15
-4,8,20,6,20,2475,AA,LAX,14
144,8,21,7,20,2475,AA,LAX,13
0,8,22,1,20,2475,AA,LAX,12
-3,8,23,2,21,2475,AA,LAX,11
-6,8,24,3,21,2475,AA,LAX,10
54,8,25,4,21,2475,AA,LAX,9
22,8,26,5,21,2475,AA,LAX,8
21,8,29,1,21,2475,AA,LAX,5
-3,8,30,2,21,2475,AA,LAX,4
-3,8,31,3,21,2475,AA,LAX,3
7,8,1,1,6,2475,AA,LAX,28
27,8,2,2,6,2475,AA,LAX,29
-6,8,3,3,6,2475,AA,LAX,30
-2,8,4,4,6,2475,AA,LAX,30
-4,8,5,5,6,2475,AA,LAX,29
-3,8,6,6,6,2475,AA,LAX,28
6,8,7,7,6,2475,AA,LAX,27
-1,8,8,1,6,2475,AA,LAX,26
15,8,9,2,6,2475,AA,LAX,25
-2,8,10,3,6,2475,AA,LAX,24
-3,8,11,4,6,2475,AA,LAX,23
-5,8,12,5,6,2475,AA,LAX,22
4,8,13,6,6,2475,AA,LAX,21
18,8,14,7,6,2475,AA,LAX,20
-1,8,15,1,6,2475,AA,LAX,19
12,8,16,2,6,2475,AA,LAX,18
-4,8,17,3,6,2475,AA,LAX,17
-3,8,18,4,6,2475,AA,LAX,16
-3,8,19,5,6,2475,AA,LAX,15
-3,8,20,6,6,2475,AA,LAX,14
151,8,21,7,6,2475,AA,LAX,13
0,8,22,1,6,2475,AA,LAX,12
-5,8,23,2,7,2475,AA,LAX,11
1,8,24,3,7,2475,AA,LAX,10
-2,8,25,4,7,2475,AA,LAX,9
-1,8,26,5,7,2475,AA,LAX,8
0,8,27,6,7,2475,AA,LAX,7
-7,8,30,2,7,2475,AA,LAX,4
-5,8,31,3,7,2475,AA,LAX,3
-5,8,1,1,7,2475,B6,LAX,28
-2,8,1,1,11,2475,B6,LAX,28
103,8,1,1,16,2475,B6,LAX,28
63,8,1,1,21,2475,B6,LAX,28
-4,8,1,1,9,2475,B6,LAX,28
-4,8,2,2,7,2475,B6,LAX,29
7,8,2,2,11,2475,B6,LAX,29
-1,8,2,2,16,2475,B6,LAX,29
1,8,2,2,21,2475,B6,LAX,29
-1,8,2,2,9,2475,B6,LAX,29
-3,8,3,3,7,2475,B6,LAX,30
-5,8,3,3,11,2475,B6,LAX,30
-2,8,3,3,16,2475,B6,LAX,30
49,8,3,3,21,2475,B6,LAX,30
-7,8,3,3,9,2475,B6,LAX,30
-5,8,4,4,7,2475,B6,LAX,30
15,8,4,4,11,2475,B6,LAX,30
-4,8,4,4,16,2475,B6,LAX,30
26,8,4,4,21,2475,B6,LAX,30
16,8,4,4,9,2475,B6,LAX,30
6,8,5,5,7,2475,B6,LAX,29
0,8,5,5,11,2475,B6,LAX,29
-5,8,5,5,16,2475,B6,LAX,29
5,8,5,5,21,2475,B6,LAX,29
0,8,5,5,9,2475,B6,LAX,29
-2,8,6,6,7,2475,B6,LAX,28
-5,8,6,6,16,2475,B6,LAX,28
-2,8,6,6,21,2475,B6,LAX,28
-8,8,6,6,9,2475,B6,LAX,28
17,8,7,7,7,2475,B6,LAX,27
1,8,7,7,11,2475,B6,LAX,27
0,8,7,7,16,2475,B6,LAX,27
-3,8,7,7,21,2475,B6,LAX,27
4,8,7,7,9,2475,B6,LAX,27
16,8,8,1,7,2475,B6,LAX,26
11,8,8,1,11,2475,B6,LAX,26
2,8,8,1,16,2475,B6,LAX,26
50,8,8,1,21,2475,B6,LAX,26
-4,8,8,1,9,2475,B6,LAX,26
-5,8,9,2,7,2475,B6,LAX,25
30,8,9,2,11,2475,B6,LAX,25
28,8,9,2,16,2475,B6,LAX,25
47,8,9,2,21,2475,B6,LAX,25
5,8,9,2,9,2475,B6,LAX,25
-1,8,10,3,7,2475,B6,LAX,24
9,8,10,3,11,2475,B6,LAX,24
-6,8,10,3,16,2475,B6,LAX,24
0,8,10,3,21,2475,B6,LAX,24
-2,8,10,3,9,2475,B6,LAX,24
-7,8,11,4,7,2475,B6,LAX,23
-4,8,11,4,11,2475,B6,LAX,23
5,8,11,4,16,2475,B6,LAX,23
3,8,11,4,21,2475,B6,LAX,23
14,8,11,4,9,2475,B6,LAX,23
-2,8,12,5,7,2475,B6,LAX,22
21,8,12,5,11,2475,B6,LAX,22
-3,8,12,5,16,2475,B6,LAX,22
-3,8,12,5,21,2475,B6,LAX,22
4,8,12,5,9,2475,B6,LAX,22
-4,8,13,6,7,2475,B6,LAX,21
-2,8,13,6,16,2475,B6,LAX,21
28,8,13,6,21,2475,B6,LAX,21
-3,8,13,6,9,2475,B6,LAX,21
127,8,14,7,7,2475,B6,LAX,20
40,8,14,7,11,2475,B6,LAX,20
7,8,14,7,16,2475,B6,LAX,20
211,8,14,7,21,2475,B6,LAX,20
154,8,14,7,9,2475,B6,LAX,20
-1,8,15,1,7,2475,B6,LAX,19
16,8,15,1,11,2475,B6,LAX,19
77,8,15,1,16,2475,B6,LAX,19
266,8,15,1,21,2475,B6,LAX,19
-3,8,15,1,9,2475,B6,LAX,19
35,8,16,2,11,2475,B6,LAX,18
5,8,16,2,16,2475,B6,LAX,18
18,8,16,2,21,2475,B6,LAX,18
-1,8,16,2,9,2475,B6,LAX,18
-4,8,17,3,7,2475,B6,LAX,17
2,8,17,3,11,2475,B6,LAX,17
-4,8,17,3,16,2475,B6,LAX,17
5,8,17,3,21,2475,B6,LAX,17
48,8,17,3,9,2475,B6,LAX,17
-2,8,18,4,7,2475,B6,LAX,16
-1,8,18,4,11,2475,B6,LAX,16
9,8,18,4,16,2475,B6,LAX,16
349,8,18,4,21,2475,B6,LAX,16
-5,8,18,4,9,2475,B6,LAX,16
24,8,19,5,7,2475,B6,LAX,15
11,8,19,5,11,2475,B6,LAX,15
329,8,19,5,16,2475,B6,LAX,15
222,8,19,5,21,2475,B6,LAX,15
51,8,19,5,9,2475,B6,LAX,15
30,8,20,6,7,2475,B6,LAX,14
-2,8,20,6,16,2475,B6,LAX,14
12,8,20,6,21,2475,B6,LAX,14
32,8,20,6,9,2475,B6,LAX,14
-3,8,21,7,7,2475,B6,LAX,13
12,8,21,7,11,2475,B6,LAX,13
288,8,21,7,16,2475,B6,LAX,13
102,8,21,7,21,2475,B6,LAX,13
32,8,21,7,9,2475,B6,LAX,13
-6,8,22,1,7,2475,B6,LAX,12
16,8,22,1,11,2475,B6,LAX,12
-1,8,22,1,16,2475,B6,LAX,12
30,8,22,1,21,2475,B6,LAX,12
6,8,22,1,9,2475,B6,LAX,12
11,8,23,2,7,2475,B6,LAX,11
4,8,23,2,11,2475,B6,LAX,11
11,8,23,2,16,2475,B6,LAX,11
28,8,23,2,21,2475,B6,LAX,11
-4,8,23,2,9,2475,B6,LAX,11
39,8,24,3,7,2475,B6,LAX,10
25,8,24,3,11,2475,B6,LAX,10
39,8,24,3,16,2475,B6,LAX,10
3,8,24,3,21,2475,B6,LAX,10
-1,8,24,3,9,2475,B6,LAX,10
-4,8,25,4,7,2475,B6,LAX,9
-2,8,25,4,11,2475,B6,LAX,9
15,8,25,4,16,2475,B6,LAX,9
139,8,25,4,21,2475,B6,LAX,9
19,8,25,4,9,2475,B6,LAX,9
50,8,26,5,7,2475,B6,LAX,8
26,8,26,5,11,2475,B6,LAX,8
-6,8,26,5,16,2475,B6,LAX,8
5,8,26,5,21,2475,B6,LAX,8
-2,8,26,5,9,2475,B6,LAX,8
13,8,27,6,7,2475,B6,LAX,7
23,8,27,6,9,2475,B6,LAX,7
0,8,29,1,16,2475,B6,LAX,5
-2,8,29,1,21,2475,B6,LAX,5
-2,8,30,2,7,2475,B6,LAX,4
-1,8,30,2,11,2475,B6,LAX,4
24,8,30,2,16,2475,B6,LAX,4
-1,8,30,2,21,2475,B6,LAX,4
14,8,30,2,9,2475,B6,LAX,4
-2,8,31,3,7,2475,B6,LAX,3
14,8,31,3,11,2475,B6,LAX,3
10,8,31,3,16,2475,B6,LAX,3
-8,8,31,3,21,2475,B6,LAX,3
-2,8,31,3,9,2475,B6,LAX,3
51,8,1,1,7,2475,DL,LAX,28
-5,8,1,1,12,2475,DL,LAX,28
-8,8,1,1,15,2475,DL,LAX,28
3,8,1,1,9,2475,DL,LAX,28
170,8,1,1,21,2475,DL,LAX,28
27,8,1,1,19,2475,DL,LAX,28
-1,8,2,2,17,2475,DL,LAX,29
21,8,2,2,7,2475,DL,LAX,29
6,8,2,2,12,2475,DL,LAX,29
116,8,2,2,15,2475,DL,LAX,29
-6,8,2,2,9,2475,DL,LAX,29
19,8,2,2,21,2475,DL,LAX,29
-4,8,2,2,19,2475,DL,LAX,29
0,8,3,3,17,2475,DL,LAX,30
1,8,3,3,7,2475,DL,LAX,30
149,8,3,3,12,2475,DL,LAX,30
-4,8,3,3,15,2475,DL,LAX,30
-1,8,3,3,9,2475,DL,LAX,30
56,8,3,3,21,2475,DL,LAX,30
-3,8,3,3,19,2475,DL,LAX,30
