-1,4,28,4,9,2475,DL,LAX,30
119,4,28,4,17,2475,DL,LAX,30
-1,4,28,4,12,2475,DL,LAX,30
122,4,28,4,21,2475,DL,LAX,30
13,4,28,4,19,2475,DL,LAX,30
-2,4,29,5,15,2475,DL,LAX,29
-3,4,29,5,7,2475,DL,LAX,29
1,4,29,5,9,2475,DL,LAX,29
-5,4,29,5,17,2475,DL,LAX,29
-7,4,29,5,12,2475,DL,LAX,29
0,4,29,5,21,2475,DL,LAX,29
30,4,29,5,19,2475,DL,LAX,29
-1,4,30,6,15,2475,DL,LAX,28
-5,4,30,6,9,2475,DL,LAX,28
-6,4,30,6,17,2475,DL,LAX,28
-6,4,30,6,12,2475,DL,LAX,28
-2,4,30,6,19,2475,DL,LAX,28
-3,4,1,5,20,2475,UA,LAX,41
-2,4,3,7,20,2475,UA,LAX,43
-7,4,4,1,20,2475,UA,LAX,44
44,4,5,2,20,2475,UA,LAX,45
29,4,6,3,20,2475,UA,LAX,46
-6,4,7,4,20,2475,UA,LAX,47
-5,4,8,5,20,2475,UA,LAX,48
-1,4,10,7,20,2475,UA,LAX,48
22,4,11,1,20,2475,UA,LAX,47
22,4,12,2,20,2475,UA,LAX,46
45,4,13,3,20,2475,UA,LAX,45
-1,4,14,4,20,2475,UA,LAX,44
-4,4,15,5,20,2475,UA,LAX,43
-7,4,17,7,20,2475,UA,LAX,41
18,4,18,1,20,2475,UA,LAX,40
18,4,19,2,20,2475,UA,LAX,39
-7,4,20,3,20,2475,UA,LAX,38
-6,4,21,4,20,2475,UA,LAX,37
-2,4,22,5,20,2475,UA,LAX,36
34,4,24,7,20,2475,UA,LAX,34
18,4,25,1,20,2475,UA,LAX,33
73,4,26,2,20,2475,UA,LAX,32
153,4,27,3,20,2475,UA,LAX,31
126,4,28,4,20,2475,UA,LAX,30
11,4,29,5,20,2475,UA,LAX,29
-1,4,1,5,8,2475,UA,LAX,41
-4,4,2,6,8,2475,UA,LAX,42
-4,4,3,7,8,2475,UA,LAX,43
-4,4,4,1,8,2475,UA,LAX,44
-6,4,5,2,8,2475,UA,LAX,45
-5,4,6,3,8,2475,UA,LAX,46
-6,4,7,4,8,2475,UA,LAX,47
-6,4,8,5,8,2475,UA,LAX,48
0,4,9,6,8,2475,UA,LAX,49
-5,4,10,7,8,2475,UA,LAX,48
-6,4,11,1,8,2475,UA,LAX,47
3,4,12,2,8,2475,UA,LAX,46
0,4,13,3,8,2475,UA,LAX,45
-4,4,14,4,8,2475,UA,LAX,44
-7,4,15,5,8,2475,UA,LAX,43
-1,4,16,6,8,2475,UA,LAX,42
-2,4,17,7,8,2475,UA,LAX,41
-2,4,18,1,8,2475,UA,LAX,40
-5,4,19,2,8,2475,UA,LAX,39
-8,4,20,3,8,2475,UA,LAX,38
-8,4,21,4,8,2475,UA,LAX,37
-7,4,22,5,8,2475,UA,LAX,36
-4,4,23,6,8,2475,UA,LAX,35
-9,4,24,7,8,2475,UA,LAX,34
-1,4,25,1,8,2475,UA,LAX,33
-8,4,26,2,8,2475,UA,LAX,32
-3,4,27,3,8,2475,UA,LAX,31
-7,4,28,4,8,2475,UA,LAX,30
-10,4,29,5,8,2475,UA,LAX,29
-7,4,30,6,8,2475,UA,LAX,28
3,4,1,5,17,2475,UA,LAX,41
2,4,2,6,17,2475,UA,LAX,42
-4,4,3,7,18,2475,UA,LAX,43
23,4,4,1,18,2475,UA,LAX,44
26,4,5,2,18,2475,UA,LAX,45
-3,4,6,3,18,2475,UA,LAX,46
-7,4,7,4,18,2475,UA,LAX,47
-1,4,8,5,18,2475,UA,LAX,48
119,4,9,6,18,2475,UA,LAX,49
11,4,10,7,18,2475,UA,LAX,48
-1,4,11,1,18,2475,UA,LAX,47
25,4,12,2,18,2475,UA,LAX,46
43,4,13,3,18,2475,UA,LAX,45
-2,4,14,4,18,2475,UA,LAX,44
2,4,15,5,18,2475,UA,LAX,43
41,4,16,6,18,2475,UA,LAX,42
10,4,17,7,18,2475,UA,LAX,41
13,4,18,1,18,2475,UA,LAX,40
-5,4,19,2,18,2475,UA,LAX,39
-1,4,20,3,18,2475,UA,LAX,38
-4,4,21,4,18,2475,UA,LAX,37
1,4,22,5,18,2475,UA,LAX,36
49,4,23,6,18,2475,UA,LAX,35
17,4,24,7,18,2475,UA,LAX,34
45,4,25,1,18,2475,UA,LAX,33
59,4,26,2,18,2475,UA,LAX,32
64,4,27,3,18,2475,UA,LAX,31
35,4,28,4,18,2475,UA,LAX,30
-5,4,29,5,18,2475,UA,LAX,29
-9,4,30,6,18,2475,UA,LAX,28
2,4,1,5,15,2475,UA,LAX,41
-3,4,2,6,15,2475,UA,LAX,42
15,4,3,7,15,2475,UA,LAX,43
-6,4,4,1,15,2475,UA,LAX,44
-3,4,5,2,15,2475,UA,LAX,45
-3,4,6,3,15,2475,UA,LAX,46
19,4,7,4,15,2475,UA,LAX,47
-4,4,8,5,15,2475,UA,LAX,48
4,4,9,6,15,2475,UA,LAX,49
6,4,10,7,15,2475,UA,LAX,48
-3,4,11,1,15,2475,UA,LAX,47
-3,4,12,2,15,2475,UA,LAX,46
-1,4,13,3,15,2475,UA,LAX,45
-3,4,14,4,15,2475,UA,LAX,44
-4,4,15,5,15,2475,UA,LAX,43
-4,4,16,6,15,2475,UA,LAX,42
-1,4,17,7,15,2475,UA,LAX,41
29,4,18,1,15,2475,UA,LAX,40
-2,4,19,2,15,2475,UA,LAX,39
-6,4,20,3,15,2475,UA,LAX,38
-5,4,21,4,15,2475,UA,LAX,37
-7,4,22,5,15,2475,UA,LAX,36
-7,4,23,6,15,2475,UA,LAX,35
-3,4,24,7,15,2475,UA,LAX,34
-3,4,25,1,15,2475,UA,LAX,33
5,4,26,2,15,2475,UA,LAX,32
29,4,27,3,15,2475,UA,LAX,31
5,4,28,4,15,2475,UA,LAX,30
-9,4,29,5,15,2475,UA,LAX,29
4,4,30,6,15,2475,UA,LAX,28
-3,4,1,5,11,2475,UA,LAX,41
-3,4,2,6,11,2475,UA,LAX,42
-6,4,3,7,11,2475,UA,LAX,43
-8,4,4,1,11,2475,UA,LAX,44
-8,4,5,2,11,2475,UA,LAX,45
0,4,6,3,11,2475,UA,LAX,46
0,4,7,4,11,2475,UA,LAX,47
-5,4,8,5,11,2475,UA,LAX,48
-3,4,9,6,11,2475,UA,LAX,49
-6,4,10,7,11,2475,UA,LAX,48
-1,4,11,1,11,2475,UA,LAX,47
-4,4,12,2,11,2475,UA,LAX,46
-5,4,13,3,11,2475,UA,LAX,45
-3,4,14,4,11,2475,UA,LAX,44
-3,4,15,5,11,2475,UA,LAX,43
-3,4,16,6,11,2475,UA,LAX,42
71,4,17,7,11,2475,UA,LAX,41
-5,4,18,1,11,2475,UA,LAX,40
-2,4,19,2,11,2475,UA,LAX,39
-7,4,20,3,11,2475,UA,LAX,38
-4,4,21,4,11,2475,UA,LAX,37
-5,4,22,5,11,2475,UA,LAX,36
-6,4,23,6,11,2475,UA,LAX,35
-2,4,24,7,11,2475,UA,LAX,34
-4,4,25,1,11,2475,UA,LAX,33
-4,4,26,2,11,2475,UA,LAX,32
-5,4,27,3,11,2475,UA,LAX,31
21,4,28,4,11,2475,UA,LAX,30
-7,4,29,5,11,2475,UA,LAX,29
-5,4,30,6,11,2475,UA,LAX,28
-3,4,1,5,6,2475,UA,LAX,41
-3,4,2,6,6,2475,UA,LAX,42
-3,4,3,7,6,2475,UA,LAX,43
-4,4,4,1,6,2475,UA,LAX,44
-5,4,5,2,6,2475,UA,LAX,45
-6,4,6,3,6,2475,UA,LAX,46
-3,4,7,4,6,2475,UA,LAX,47
0,4,8,5,6,2475,UA,LAX,48
-3,4,9,6,6,2475,UA,LAX,49
3,4,11,1,6,2475,UA,LAX,47
-2,4,12,2,6,2475,UA,LAX,46
-3,4,13,3,6,2475,UA,LAX,45
-6,4,14,4,6,2475,UA,LAX,44
-3,4,15,5,6,2475,UA,LAX,43
-5,4,16,6,6,2475,UA,LAX,42
-5,4,18,1,6,2475,UA,LAX,40
0,4,19,2,6,2475,UA,LAX,39
1,4,20,3,6,2475,UA,LAX,38
-2,4,21,4,6,2475,UA,LAX,37
-1,4,22,5,6,2475,UA,LAX,36
-11,4,23,6,6,2475,UA,LAX,35
-3,4,25,1,6,2475,UA,LAX,33
-7,4,26,2,6,2475,UA,LAX,32
-5,4,28,4,6,2475,UA,LAX,30
1,4,29,5,6,2475,UA,LAX,29
-6,4,30,6,6,2475,UA,LAX,28
