-4,1,1,2,10,2475,AA,LAX,0,-33,44,0,0,31,67,161,0,0,17
-4,1,1,2,9,2475,AA,LAX,0,-33,44,0,0,31,67,161,0,0,17
32,1,1,2,19,2475,AA,LAX,0,-33,44,0,0,31,67,161,0,0,17
-6,1,1,2,15,2475,AA,LAX,0,-33,44,0,0,31,67,161,0,0,17
131,1,1,2,16,2475,AA,LAX,0,-33,44,0,0,31,67,161,0,0,17
-4,1,1,2,13,2475,AA,LAX,0,-33,44,0,0,31,67,161,0,0,17
-5,1,1,2,12,2475,AA,LAX,0,-33,44,0,0,31,67,161,0,0,17
13,1,1,2,7,2475,AA,LAX,0,-33,44,0,0,31,67,161,0,0,17
-7,1,1,2,21,2475,AA,LAX,0,-33,44,0,0,31,67,161,0,0,17
-4,1,1,2,9,2475,B6,LAX,0,-33,44,0,0,31,67,161,0,0,17
27,1,1,2,20,2475,B6,LAX,0,-33,44,0,0,31,67,161,0,0,17
-4,1,1,2,16,2475,B6,LAX,0,-33,44,0,0,31,67,161,0,0,17
-2,1,1,2,7,2475,VX,LAX,0,-33,44,0,0,31,67,161,0,0,17
-1,1,1,2,9,2475,VX,LAX,0,-33,44,0,0,31,67,161,0,0,17
3,1,1,2,11,2475,VX,LAX,0,-33,44,0,0,31,67,161,0,0,17
-3,1,1,2,13,2475,VX,LAX,0,-33,44,0,0,31,67,161,0,0,17
21,1,1,2,9,2475,DL,LAX,0,-33,44,0,0,31,67,161,0,0,17
-7,1,1,2,12,2475,DL,LAX,0,-33,44,0,0,31,67,161,0,0,17
-5,1,1,2,17,2475,DL,LAX,0,-33,44,0,0,31,67,161,0,0,17
77,1,1,2,12,2475,B6,LAX,0,-33,44,0,0,31,67,161,0,0,17
-6,1,1,2,15,2475,DL,LAX,0,-33,44,0,0,31,67,161,0,0,17
-8,1,1,2,20,2475,VX,LAX,0,-33,44,0,0,31,67,161,0,0,17
0,1,1,2,16,2475,VX,LAX,0,-33,44,0,0,31,67,161,0,0,17
-2,1,1,2,6,2475,UA,LAX,0,-33,44,0,0,31,67,161,0,0,17
2,1,1,2,7,2475,B6,LAX,0,-33,44,0,0,31,67,161,0,0,17
25,1,1,2,19,2475,DL,LAX,0,-33,44,0,0,31,67,161,0,0,17
-3,1,1,2,11,2475,UA,LAX,0,-33,44,0,0,31,67,161,0,0,17
0,1,1,2,17,2475,UA,LAX,0,-33,44,0,0,31,67,161,0,0,17
-8,1,1,2,15,2475,UA,LAX,0,-33,44,0,0,31,67,161,0,0,17
-1,1,1,2,8,2475,UA,LAX,0,-33,44,0,0,31,67,161,0,0,17
-5,1,19,6,12,2475,DL,LAX,2,-11,106,0,0,44,106,261,0,0,21
-3,1,19,6,15,2475,DL,LAX,2,-11,106,0,0,44,106,261,0,0,21
-2,1,19,6,13,2475,VX,LAX,2,-11,106,0,0,44,106,261,0,0,21
3,1,19,6,11,2475,B6,LAX,2,-11,106,0,0,44,106,261,0,0,21
-2,1,19,6,16,2475,B6,LAX,2,-11,106,0,0,44,106,261,0,0,21
-1,1,19,6,7,2475,VX,LAX,2,-11,106,0,0,44,106,261,0,0,21
-6,1,19,6,20,2475,B6,LAX,2,-11,106,0,0,44,106,261,0,0,21
-2,1,19,6,8,2475,UA,LAX,2,-11,106,0,0,44,106,261,0,0,21
-5,1,19,6,15,2475,UA,LAX,2,-11,106,0,0,44,106,261,0,0,21
-7,1,19,6,11,2475,UA,LAX,2,-11,106,0,0,44,106,261,0,0,21
1,1,19,6,6,2475,UA,LAX,2,-11,106,0,0,44,106,261,0,0,21
4,1,19,6,17,2475,UA,LAX,2,-11,106,0,0,44,106,261,0,0,21
-9,1,19,6,9,2475,VX,LAX,2,-11,106,0,0,44,106,261,0,0,21
22,1,19,6,16,2475,VX,LAX,2,-11,106,0,0,44,106,261,0,0,21
-4,1,19,6,19,2475,DL,LAX,2,-11,106,0,0,44,106,261,0,0,21
-1,1,19,6,9,2475,DL,LAX,2,-11,106,0,0,44,106,261,0,0,21
-5,1,19,6,17,2475,DL,LAX,2,-11,106,0,0,44,106,261,0,0,21
-6,1,19,6,16,2475,AA,LAX,2,-11,106,0,0,44,106,261,0,0,21
-4,1,19,6,21,2475,AA,LAX,2,-11,106,0,0,44,106,261,0,0,21
18,1,19,6,19,2475,AA,LAX,2,-11,106,0,0,44,106,261,0,0,21
-7,1,19,6,12,2475,AA,LAX,2,-11,106,0,0,44,106,261,0,0,21
-1,1,19,6,9,2475,AA,LAX,2,-11,106,0,0,44,106,261,0,0,21
-1,1,19,6,15,2475,AA,LAX,2,-11,106,0,0,44,106,261,0,0,21
-4,1,19,6,10,2475,AA,LAX,2,-11,106,0,0,44,106,261,0,0,21
5,1,19,6,13,2475,AA,LAX,2,-11,106,0,0,44,106,261,0,0,21
-4,1,24,4,15,2475,UA,LAX,3,-111,-56,0,0,38,128,189,193,0,35
-6,1,24,4,17,2475,UA,LAX,3,-111,-56,0,0,38,128,189,193,0,35
-3,1,24,4,20,2475,UA,LAX,3,-111,-56,0,0,38,128,189,193,0,35
-3,1,24,4,13,2475,AA,LAX,3,-111,-56,0,0,38,128,189,193,0,35
17,1,24,4,9,2475,AA,LAX,3,-111,-56,0,0,38,128,189,193,0,35
0,1,24,4,15,2475,AA,LAX,3,-111,-56,0,0,38,128,189,193,0,35
13,1,24,4,10,2475,AA,LAX,3,-111,-56,0,0,38,128,189,193,0,35
-7,1,24,4,6,2475,UA,LAX,3,-111,-56,0,0,38,128,189,193,0,35
7,1,24,4,16,2475,AA,LAX,3,-111,-56,0,0,38,128,189,193,0,35
-8,1,24,4,12,2475,AA,LAX,3,-111,-56,0,0,38,128,189,193,0,35
-5,1,24,4,21,2475,AA,LAX,3,-111,-56,0,0,38,128,189,193,0,35
-5,1,24,4,19,2475,AA,LAX,3,-111,-56,0,0,38,128,189,193,0,35
19,1,24,4,7,2475,AA,LAX,3,-111,-56,0,0,38,128,189,193,0,35
-3,1,24,4,11,2475,UA,LAX,3,-111,-56,0,0,38,128,189,193,0,35
0,1,24,4,8,2475,UA,LAX,3,-111,-56,0,0,38,128,189,193,0,35
-7,1,24,4,9,2475,VX,LAX,3,-111,-56,0,0,38,128,189,193,0,35
-2,1,24,4,7,2475,VX,LAX,3,-111,-56,0,0,38,128,189,193,0,35
-6,1,24,4,21,2475,DL,LAX,3,-111,-56,0,0,38,128,189,193,0,35
-3,1,24,4,15,2475,DL,LAX,3,-111,-56,0,0,38,128,189,193,0,35
-5,1,24,4,12,2475,DL,LAX,3,-111,-56,0,0,38,128,189,193,0,35
-4,1,24,4,7,2475,DL,LAX,3,-111,-56,0,0,38,128,189,193,0,35
-9,1,24,4,20,2475,VX,LAX,3,-111,-56,0,0,38,128,189,193,0,35
0,1,24,4,16,2475,VX,LAX,3,-111,-56,0,0,38,128,189,193,0,35
1,1,24,4,13,2475,VX,LAX,3,-111,-56,0,0,38,128,189,193,0,35
-5,1,24,4,17,2475,DL,LAX,3,-111,-56,0,0,38,128,189,193,0,35
-2,1,24,4,9,2475,DL,LAX,3,-111,-56,0,0,38,128,189,193,0,35
0,1,24,4,19,2475,DL,LAX,3,-111,-56,0,0,38,128,189,193,0,35
16,1,24,4,20,2475,B6,LAX,3,-111,-56,0,0,38,128,189,193,0,35
-4,1,24,4,16,2475,B6,LAX,3,-111,-56,0,0,38,128,189,193,0,35
-2,1,24,4,11,2475,B6,LAX,3,-111,-56,0,0,38,128,189,193,0,35
-5,1,24,4,7,2475,B6,LAX,3,-111,-56,0,0,38,128,189,193,0,35
-4,2,2,6,16,2475,VX,LAX,12,-72,-17,5,3,29,133,233,0,0,20
2,2,2,6,6,2475,UA,LAX,12,-72,-17,5,3,29,133,233,0,0,20
-12,2,2,6,11,2475,UA,LAX,12,-72,-17,5,3,29,133,233,0,0,20
-8,2,2,6,9,2475,VX,LAX,12,-72,-17,5,3,29,133,233,0,0,20
55,2,2,6,17,2475,UA,LAX,12,-72,-17,5,3,29,133,233,0,0,20
-6,2,2,6,7,2475,VX,LAX,12,-72,-17,5,3,29,133,233,0,0,20
-4,2,2,6,15,2475,UA,LAX,12,-72,-17,5,3,29,133,233,0,0,20
-2,2,2,6,8,2475,UA,LAX,12,-72,-17,5,3,29,133,233,0,0,20
3,2,2,6,13,2475,VX,LAX,12,-72,-17,5,3,29,133,233,0,0,20
28,2,2,6,19,2475,DL,LAX,12,-72,-17,5,3,29,133,233,0,0,20
-5,2,2,6,16,2475,AA,LAX,12,-72,-17,5,3,29,133,233,0,0,20
-5,2,2,6,12,2475,AA,LAX,12,-72,-17,5,3,29,133,233,0,0,20
1,2,2,6,11,2475,B6,LAX,12,-72,-17,5,3,29,133,233,0,0,20
-6,2,2,6,13,2475,AA,LAX,12,-72,-17,5,3,29,133,233,0,0,20
-4,2,2,6,10,2475,AA,LAX,12,-72,-17,5,3,29,133,233,0,0,20
-3,2,2,6,15,2475,AA,LAX,12,-72,-17,5,3,29,133,233,0,0,20
-8,2,2,6,15,2475,DL,LAX,12,-72,-17,5,3,29,133,233,0,0,20
1,2,2,6,9,2475,AA,LAX,12,-72,-17,5,3,29,133,233,0,0,20
15,2,2,6,19,2475,AA,LAX,12,-72,-17,5,3,29,133,233,0,0,20
-4,2,2,6,21,2475,AA,LAX,12,-72,-17,5,3,29,133,233,0,0,20
-4,2,2,6,12,2475,DL,LAX,12,-72,-17,5,3,29,133,233,0,0,20
0,2,2,6,17,2475,DL,LAX,12,-72,-17,5,3,29,133,233,0,0,20
-1,2,2,6,20,2475,B6,LAX,12,-72,-17,5,3,29,133,233,0,0,20
-3,2,2,6,16,2475,B6,LAX,12,-72,-17,5,3,29,133,233,0,0,20
-3,2,2,6,9,2475,DL,LAX,12,-72,-17,5,3,29,133,233,0,0,20
-4,2,25,1,15,2475,AA,LAX,7,0,72,0,0,21,72,194,0,0,28
-3,2,25,1,13,2475,AA,LAX,7,0,72,0,0,21,72,194,0,0,28
13,2,25,1,10,2475,AA,LAX,7,0,72,0,0,21,72,194,0,0,28
0,2,25,1,16,2475,AA,LAX,7,0,72,0,0,21,72,194,0,0,28
-6,2,25,1,21,2475,AA,LAX,7,0,72,0,0,21,72,194,0,0,28
-7,2,25,1,7,2475,AA,LAX,7,0,72,0,0,21,72,194,0,0,28
44,2,25,1,20,2475,B6,LAX,7,0,72,0,0,21,72,194,0,0,28
-5,2,25,1,16,2475,B6,LAX,7,0,72,0,0,21,72,194,0,0,28
-1,2,25,1,11,2475,B6,LAX,7,0,72,0,0,21,72,194,0,0,28
-3,2,25,1,7,2475,B6,LAX,7,0,72,0,0,21,72,194,0,0,28
8,2,25,1,19,2475,AA,LAX,7,0,72,0,0,21,72,194,0,0,28
-9,2,25,1,12,2475,AA,LAX,7,0,72,0,0,21,72,194,0,0,28
-6,2,25,1,9,2475,AA,LAX,7,0,72,0,0,21,72,194,0,0,28
-4,2,25,1,6,2475,UA,LAX,7,0,72,0,0,21,72,194,0,0,28
-8,2,25,1,11,2475,UA,LAX,7,0,72,0,0,21,72,194,0,0,28
-7,2,25,1,20,2475,UA,LAX,7,0,72,0,0,21,72,194,0,0,28
10,2,25,1,9,2475,VX,LAX,7,0,72,0,0,21,72,194,0,0,28
12,2,25,1,7,2475,VX,LAX,7,0,72,0,0,21,72,194,0,0,28
-5,2,25,1,8,2475,UA,LAX,7,0,72,0,0,21,72,194,0,0,28
14,2,25,1,16,2475,VX,LAX,7,0,72,0,0,21,72,194,0,0,28
-4,2,25,1,20,2475,VX,LAX,7,0,72,0,0,21,72,194,0,0,28
-4,2,25,1,12,2475,DL,LAX,7,0,72,0,0,21,72,194,0,0,28
-4,2,25,1,15,2475,DL,LAX,7,0,72,0,0,21,72,194,0,0,28
-9,2,25,1,21,2475,DL,LAX,7,0,72,0,0,21,72,194,0,0,28
-4,2,25,1,7,2475,DL,LAX,7,0,72,0,0,21,72,194,0,0,28
-6,2,25,1,17,2475,DL,LAX,7,0,72,0,0,21,72,194,0,0,28
-8,2,25,1,9,2475,DL,LAX,7,0,72,0,0,21,72,194,0,0,28
3,2,25,1,13,2475,VX,LAX,7,0,72,0,0,21,72,194,0,0,28
-2,2,25,1,15,2475,UA,LAX,7,0,72,0,0,21,72,194,0,0,28
-4,2,25,1,19,2475,DL,LAX,7,0,72,0,0,21,72,194,0,0,28
-6,2,25,1,17,2475,UA,LAX,7,0,72,0,0,21,72,194,0,0,28
-7,3,3,7,8,2475,UA,LAX,13,-17,44,0,0,34,128,178,0,0,32
16,3,3,7,17,2475,UA,LAX,13,-17,44,0,0,34,128,178,0,0,32
7,3,3,7,15,2475,UA,LAX,13,-17,44,0,0,34,128,178,0,0,32
-1,3,3,7,20,2475,UA,LAX,13,-17,44,0,0,34,128,178,0,0,32
-9,3,3,7,11,2475,UA,LAX,13,-17,44,0,0,34,128,178,0,0,32
-4,3,3,7,9,2475,VX,LAX,13,-17,44,0,0,34,128,178,0,0,32
-5,3,3,7,20,2475,VX,LAX,13,-17,44,0,0,34,128,178,0,0,32
4,3,3,7,16,2475,VX,LAX,13,-17,44,0,0,34,128,178,0,0,32
0,3,3,7,13,2475,VX,LAX,13,-17,44,0,0,34,128,178,0,0,32
0,3,3,7,16,2475,AA,LAX,13,-17,44,0,0,34,128,178,0,0,32
-7,3,3,7,12,2475,AA,LAX,13,-17,44,0,0,34,128,178,0,0,32
-5,3,3,7,16,2475,B6,LAX,13,-17,44,0,0,34,128,178,0,0,32
-4,3,3,7,11,2475,B6,LAX,13,-17,44,0,0,34,128,178,0,0,32
-4,3,3,7,21,2475,AA,LAX,13,-17,44,0,0,34,128,178,0,0,32
-7,3,3,7,7,2475,B6,LAX,13,-17,44,0,0,34,128,178,0,0,32
-2,3,3,7,13,2475,AA,LAX,13,-17,44,0,0,34,128,178,0,0,32
-6,3,3,7,7,2475,AA,LAX,13,-17,44,0,0,34,128,178,0,0,32
-5,3,3,7,9,2475,AA,LAX,13,-17,44,0,0,34,128,178,0,0,32
60,3,3,7,15,2475,AA,LAX,13,-17,44,0,0,34,128,178,0,0,32
0,3,3,7,19,2475,AA,LAX,13,-17,44,0,0,34,128,178,0,0,32
-2,3,3,7,10,2475,AA,LAX,13,-17,44,0,0,34,128,178,0,0,32
7,3,3,7,20,2475,B6,LAX,13,-17,44,0,0,34,128,178,0,0,32
47,3,3,7,21,2475,DL,LAX,13,-17,44,0,0,34,128,178,0,0,32
-3,3,3,7,19,2475,DL,LAX,13,-17,44,0,0,34,128,178,0,0,32
-1,3,3,7,9,2475,DL,LAX,13,-17,44,0,0,34,128,178,0,0,32
-7,3,3,7,7,2475,DL,LAX,13,-17,44,0,0,34,128,178,0,0,32
-5,3,3,7,12,2475,DL,LAX,13,-17,44,0,0,34,128,178,0,0,32
-4,3,3,7,14,2475,DL,LAX,13,-17,44,0,0,34,128,178,0,0,32
-2,3,3,7,16,2475,DL,LAX,13,-17,44,0,0,34,128,178,0,0,32
-1,3,3,7,17,2475,DL,LAX,13,-17,44,0,0,34,128,178,0,0,32
-4,3,26,2,7,2475,B6,LAX,36,28,117,0,0,21,128,178,0,0,28
-3,3,26,2,21,2475,DL,LAX,36,28,117,0,0,21,128,178,0,0,28
-6,3,26,2,16,2475,DL,LAX,36,28,117,0,0,21,128,178,0,0,28
-3,3,26,2,14,2475,DL,LAX,36,28,117,0,0,21,128,178,0,0,28
-5,3,26,2,12,2475,DL,LAX,36,28,117,0,0,21,128,178,0,0,28
-1,3,26,2,7,2475,DL,LAX,36,28,117,0,0,21,128,178,0,0,28
1,3,26,2,17,2475,DL,LAX,36,28,117,0,0,21,128,178,0,0,28
-5,3,26,2,9,2475,DL,LAX,36,28,117,0,0,21,128,178,0,0,28
-7,3,26,2,19,2475,DL,LAX,36,28,117,0,0,21,128,178,0,0,28
1,3,26,2,11,2475,B6,LAX,36,28,117,0,0,21,128,178,0,0,28
-4,3,26,2,16,2475,B6,LAX,36,28,117,0,0,21,128,178,0,0,28
-2,3,26,2,20,2475,B6,LAX,36,28,117,0,0,21,128,178,0,0,28
-4,3,26,2,13,2475,AA,LAX,36,28,117,0,0,21,128,178,0,0,28
-7,3,26,2,16,2475,AA,LAX,36,28,117,0,0,21,128,178,0,0,28
-7,3,26,2,9,2475,AA,LAX,36,28,117,0,0,21,128,178,0,0,28
-3,3,26,2,12,2475,AA,LAX,36,28,117,0,0,21,128,178,0,0,28
6,3,26,2,15,2475,AA,LAX,36,28,117,0,0,21,128,178,0,0,28
-5,3,26,2,10,2475,AA,LAX,36,28,117,0,0,21,128,178,0,0,28
15,3,26,2,19,2475,AA,LAX,36,28,117,0,0,21,128,178,0,0,28
-2,3,26,2,7,2475,AA,LAX,36,28,117,0,0,21,128,178,0,0,28
-8,3,26,2,6,2475,UA,LAX,36,28,117,0,0,21,128,178,0,0,28
1,3,26,2,20,2475,UA,LAX,36,28,117,0,0,21,128,178,0,0,28
-8,3,26,2,11,2475,UA,LAX,36,28,117,0,0,21,128,178,0,0,28
-1,3,26,2,17,2475,UA,LAX,36,28,117,0,0,21,128,178,0,0,28
-3,3,26,2,8,2475,UA,LAX,36,28,117,0,0,21,128,178,0,0,28
5,3,26,2,15,2475,UA,LAX,36,28,117,0,0,21,128,178,0,0,28
10,3,26,2,21,2475,AA,LAX,36,28,117,0,0,21,128,178,0,0,28
4,3,26,2,20,2475,VX,LAX,36,28,117,0,0,21,128,178,0,0,28
1,3,26,2,16,2475,VX,LAX,36,28,117,0,0,21,128,178,0,0,28
8,3,26,2,13,2475,VX,LAX,36,28,117,0,0,21,128,178,0,0,28
4,3,26,2,9,2475,VX,LAX,36,28,117,0,0,21,128,178,0,0,28
-1,3,26,2,7,2475,VX,LAX,36,28,117,0,0,21,128,178,0,0,28
0,3,31,7,20,2475,VX,LAX,41,67,122,20,0,28,139,200,0,0,35
8,3,31,7,16,2475,VX,LAX,41,67,122,20,0,28,139,200,0,0,35
-2,3,31,7,13,2475,VX,LAX,41,67,122,20,0,28,139,200,0,0,35
-2,3,31,7,9,2475,VX,LAX,41,67,122,20,0,28,139,200,0,0,35
0,3,31,7,7,2475,VX,LAX,41,67,122,20,0,28,139,200,0,0,35
13,3,31,7,16,2475,AA,LAX,41,67,122,20,0,28,139,200,0,0,35
0,3,31,7,8,2475,UA,LAX,41,67,122,20,0,28,139,200,0,0,35
-9,3,31,7,15,2475,AA,LAX,41,67,122,20,0,28,139,200,0,0,35
-3,3,31,7,21,2475,AA,LAX,41,67,122,20,0,28,139,200,0,0,35
1,3,31,7,15,2475,UA,LAX,41,67,122,20,0,28,139,200,0,0,35
-3,3,31,7,7,2475,AA,LAX,41,67,122,20,0,28,139,200,0,0,35
-4,3,31,7,17,2475,UA,LAX,41,67,122,20,0,28,139,200,0,0,35
-11,3,31,7,12,2475,AA,LAX,41,67,122,20,0,28,139,200,0,0,35
-6,3,31,7,12,2475,UA,LAX,41,67,122,20,0,28,139,200,0,0,35
-2,3,31,7,20,2475,UA,LAX,41,67,122,20,0,28,139,200,0,0,35
-2,3,31,7,13,2475,AA,LAX,41,67,122,20,0,28,139,200,0,0,35
-4,3,31,7,9,2475,AA,LAX,41,67,122,20,0,28,139,200,0,0,35
-4,3,31,7,10,2475,AA,LAX,41,67,122,20,0,28,139,200,0,0,35
-6,3,31,7,19,2475,AA,LAX,41,67,122,20,0,28,139,200,0,0,35
16,3,31,7,11,2475,B6,LAX,41,67,122,20,0,28,139,200,0,0,35
13,3,31,7,17,2475,DL,LAX,41,67,122,20,0,28,139,200,0,0,35
-7,3,31,7,19,2475,DL,LAX,41,67,122,20,0,28,139,200,0,0,35
-5,3,31,7,9,2475,DL,LAX,41,67,122,20,0,28,139,200,0,0,35
-2,3,31,7,7,2475,DL,LAX,41,67,122,20,0,28,139,200,0,0,35
4,3,31,7,21,2475,DL,LAX,41,67,122,20,0,28,139,200,0,0,35
-4,3,31,7,16,2475,DL,LAX,41,67,122,20,0,28,139,200,0,0,35
-5,3,31,7,12,2475,DL,LAX,41,67,122,20,0,28,139,200,0,0,35
-8,3,31,7,14,2475,DL,LAX,41,67,122,20,0,28,139,200,0,0,35
-6,3,31,7,7,2475,B6,LAX,41,67,122,20,0,28,139,200,0,0,35
-1,3,31,7,20,2475,B6,LAX,41,67,122,20,0,28,139,200,0,0,35
-6,3,31,7,16,2475,B6,LAX,41,67,122,20,0,28,139,200,0,0,35
90,4,4,4,16,2475,VX,LAX,45,6,117,0,0,26,133,178,0,0,43
53,4,4,4,20,2475,VX,LAX,45,6,117,0,0,26,133,178,0,0,43
-6,4,4,4,6,2475,UA,LAX,45,6,117,0,0,26,133,178,0,0,43
3,4,4,4,20,2475,UA,LAX,45,6,117,0,0,26,133,178,0,0,43
-5,4,4,4,12,2475,UA,LAX,45,6,117,0,0,26,133,178,0,0,43
2,4,4,4,17,2475,UA,LAX,45,6,117,0,0,26,133,178,0,0,43
-3,4,4,4,8,2475,UA,LAX,45,6,117,0,0,26,133,178,0,0,43
5,4,4,4,15,2475,UA,LAX,45,6,117,0,0,26,133,178,0,0,43
-6,4,4,4,7,2475,VX,LAX,45,6,117,0,0,26,133,178,0,0,43
-3,4,4,4,9,2475,VX,LAX,45,6,117,0,0,26,133,178,0,0,43
-3,4,4,4,13,2475,VX,LAX,45,6,117,0,0,26,133,178,0,0,43
-4,4,4,4,9,2475,AA,LAX,45,6,117,0,0,26,133,178,0,0,43
-6,4,4,4,21,2475,AA,LAX,45,6,117,0,0,26,133,178,0,0,43
-2,4,4,4,16,2475,B6,LAX,45,6,117,0,0,26,133,178,0,0,43
-3,4,4,4,12,2475,DL,LAX,45,6,117,0,0,26,133,178,0,0,43
-3,4,4,4,7,2475,DL,LAX,45,6,117,0,0,26,133,178,0,0,43
-4,4,4,4,19,2475,AA,LAX,45,6,117,0,0,26,133,178,0,0,43
-10,4,4,4,15,2475,AA,LAX,45,6,117,0,0,26,133,178,0,0,43
-9,4,4,4,9,2475,DL,LAX,45,6,117,0,0,26,133,178,0,0,43
-4,4,4,4,17,2475,AA,LAX,45,6,117,0,0,26,133,178,0,0,43
-5,4,4,4,12,2475,AA,LAX,45,6,117,0,0,26,133,178,0,0,43
-5,4,4,4,19,2475,DL,LAX,45,6,117,0,0,26,133,178,0,0,43
-2,4,4,4,17,2475,DL,LAX,45,6,117,0,0,26,133,178,0,0,43
-3,4,4,4,16,2475,DL,LAX,45,6,117,0,0,26,133,178,0,0,43
-1,4,4,4,20,2475,B6,LAX,45,6,117,0,0,26,133,178,0,0,43
-2,4,4,4,11,2475,B6,LAX,45,6,117,0,0,26,133,178,0,0,43
-6,4,4,4,10,2475,AA,LAX,45,6,117,0,0,26,133,178,0,0,43
-2,4,4,4,7,2475,AA,LAX,45,6,117,0,0,26,133,178,0,0,43
2,4,4,4,13,2475,AA,LAX,45,6,117,0,0,26,133,178,0,0,43
-4,4,4,4,7,2475,B6,LAX,45,6,117,0,0,26,133,178,0,0,43
1,4,4,4,21,2475,DL,LAX,45,6,117,0,0,26,133,178,0,0,43
-8,4,4,4,14,2475,DL,LAX,45,6,117,0,0,26,133,178,0,0,43
-4,4,27,6,9,2475,AA,LAX,25,89,217,0,0,21,139,189,0,0,33
58,4,27,6,19,2475,AA,LAX,25,89,217,0,0,21,139,189,0,0,33
-3,4,27,6,7,2475,AA,LAX,25,89,217,0,0,21,139,189,0,0,33
-4,4,27,6,10,2475,AA,LAX,25,89,217,0,0,21,139,189,0,0,33
-1,4,27,6,17,2475,AA,LAX,25,89,217,0,0,21,139,189,0,0,33
2,4,27,6,18,2475,UA,LAX,25,89,217,0,0,21,139,189,0,0,33
-9,4,27,6,11,2475,UA,LAX,25,89,217,0,0,21,139,189,0,0,33
-7,4,27,6,15,2475,UA,LAX,25,89,217,0,0,21,139,189,0,0,33
-5,4,27,6,11,2475,B6,LAX,25,89,217,0,0,21,139,189,0,0,33
-5,4,27,6,16,2475,B6,LAX,25,89,217,0,0,21,139,189,0,0,33
-3,4,27,6,6,2475,UA,LAX,25,89,217,0,0,21,139,189,0,0,33
69,4,27,6,20,2475,B6,LAX,25,89,217,0,0,21,139,189,0,0,33
-3,4,27,6,8,2475,UA,LAX,25,89,217,0,0,21,139,189,0,0,33
48,4,27,6,15,2475,AA,LAX,25,89,217,0,0,21,139,189,0,0,33
-5,4,27,6,14,2475,DL,LAX,25,89,217,0,0,21,139,189,0,0,33
-9,4,27,6,12,2475,DL,LAX,25,89,217,0,0,21,139,189,0,0,33
-1,4,27,6,9,2475,DL,LAX,25,89,217,0,0,21,139,189,0,0,33
-4,4,27,6,19,2475,DL,LAX,25,89,217,0,0,21,139,189,0,0,33
19,4,27,6,12,2475,AA,LAX,25,89,217,0,0,21,139,189,0,0,33
0,4,27,6,17,2475,DL,LAX,25,89,217,0,0,21,139,189,0,0,33
0,4,27,6,16,2475,DL,LAX,25,89,217,0,0,21,139,189,0,0,33
31,4,27,6,16,2475,VX,LAX,25,89,217,0,0,21,139,189,0,0,33
107,4,27,6,20,2475,VX,LAX,25,89,217,0,0,21,139,189,0,0,33
0,4,27,6,7,2475,VX,LAX,25,89,217,0,0,21,139,189,0,0,33
-2,4,27,6,9,2475,VX,LAX,25,89,217,0,0,21,139,189,0,0,33
-4,4,27,6,13,2475,VX,LAX,25,89,217,0,0,21,139,189,0,0,33
30,5,5,7,15,2475,UA,LAX,17,78,178,0,0,25,150,206,8,0,47
33,5,5,7,8,2475,UA,LAX,17,78,178,0,0,25,150,206,8,0,47
12,5,5,7,20,2475,UA,LAX,17,78,178,0,0,25,150,206,8,0,47
-8,5,5,7,17,2475,UA,LAX,17,78,178,0,0,25,150,206,8,0,47
27,5,5,7,11,2475,UA,LAX,17,78,178,0,0,25,150,206,8,0,47
0,5,5,7,7,2475,VX,LAX,17,78,178,0,0,25,150,206,8,0,47
9,5,5,7,9,2475,VX,LAX,17,78,178,0,0,25,150,206,8,0,47
3,5,5,7,13,2475,VX,LAX,17,78,178,0,0,25,150,206,8,0,47
50,5,5,7,16,2475,VX,LAX,17,78,178,0,0,25,150,206,8,0,47
30,5,5,7,20,2475,VX,LAX,17,78,178,0,0,25,150,206,8,0,47
6,5,5,7,19,2475,DL,LAX,17,78,178,0,0,25,150,206,8,0,47
-4,5,5,7,9,2475,DL,LAX,17,78,178,0,0,25,150,206,8,0,47
149,5,5,7,14,2475,DL,LAX,17,78,178,0,0,25,150,206,8,0,47
22,5,5,7,7,2475,DL,LAX,17,78,178,0,0,25,150,206,8,0,47
-9,5,5,7,12,2475,DL,LAX,17,78,178,0,0,25,150,206,8,0,47
-5,5,5,7,10,2475,AA,LAX,17,78,178,0,0,25,150,206,8,0,47
-3,5,5,7,21,2475,DL,LAX,17,78,178,0,0,25,150,206,8,0,47
-2,5,5,7,16,2475,DL,LAX,17,78,178,0,0,25,150,206,8,0,47
-6,5,5,7,12,2475,AA,LAX,17,78,178,0,0,25,150,206,8,0,47
-8,5,5,7,7,2475,B6,LAX,17,78,178,0,0,25,150,206,8,0,47
-4,5,5,7,15,2475,AA,LAX,17,78,178,0,0,25,150,206,8,0,47
-4,5,5,7,17,2475,AA,LAX,17,78,178,0,0,25,150,206,8,0,47
-2,5,5,7,16,2475,B6,LAX,17,78,178,0,0,25,150,206,8,0,47
-4,5,5,7,13,2475,AA,LAX,17,78,178,0,0,25,150,206,8,0,47
20,5,5,7,20,2475,B6,LAX,17,78,178,0,0,25,150,206,8,0,47
-7,5,5,7,7,2475,AA,LAX,17,78,178,0,0,25,150,206,8,0,47
-3,5,5,7,9,2475,B6,LAX,17,78,178,0,0,25,150,206,8,0,47
3,5,5,7,21,2475,AA,LAX,17,78,178,0,0,25,150,206,8,0,47
5,5,5,7,19,2475,AA,LAX,17,78,178,0,0,25,150,206,8,0,47
-11,5,5,7,9,2475,AA,LAX,17,78,178,0,0,25,150,206,8,0,47
0,5,5,7,18,2475,DL,LAX,17,78,178,0,0,25,150,206,8,0,47
-6,5,10,5,7,2475,DL,LAX,12,150,261,3,0,17,150,211,0,0,33
1,5,10,5,10,2475,AA,LAX,12,150,261,3,0,17,150,211,0,0,33
55,5,10,5,19,2475,AA,LAX,12,150,261,3,0,17,150,211,0,0,33
2,5,10,5,12,2475,AA,LAX,12,150,261,3,0,17,150,211,0,0,33
-1,5,10,5,9,2475,B6,LAX,12,150,261,3,0,17,150,211,0,0,33
62,5,10,5,20,2475,B6,LAX,12,150,261,3,0,17,150,211,0,0,33
-8,5,10,5,14,2475,DL,LAX,12,150,261,3,0,17,150,211,0,0,33
-3,5,10,5,8,2475,DL,LAX,12,150,261,3,0,17,150,211,0,0,33
-4,5,10,5,19,2475,DL,LAX,12,150,261,3,0,17,150,211,0,0,33
6,5,10,5,18,2475,DL,LAX,12,150,261,3,0,17,150,211,0,0,33
-3,5,10,5,12,2475,DL,LAX,12,150,261,3,0,17,150,211,0,0,33
-5,5,10,5,16,2475,B6,LAX,12,150,261,3,0,17,150,211,0,0,33
-7,5,10,5,7,2475,B6,LAX,12,150,261,3,0,17,150,211,0,0,33
-3,5,10,5,21,2475,DL,LAX,12,150,261,3,0,17,150,211,0,0,33
12,5,10,5,21,2475,AA,LAX,12,150,261,3,0,17,150,211,0,0,33
-4,5,10,5,7,2475,AA,LAX,12,150,261,3,0,17,150,211,0,0,33
-1,5,10,5,16,2475,DL,LAX,12,150,261,3,0,17,150,211,0,0,33
-1,5,10,5,17,2475,AA,LAX,12,150,261,3,0,17,150,211,0,0,33
10,5,10,5,9,2475,AA,LAX,12,150,261,3,0,17,150,211,0,0,33
-5,5,10,5,13,2475,AA,LAX,12,150,261,3,0,17,150,211,0,0,33
1,5,10,5,15,2475,AA,LAX,12,150,261,3,0,17,150,211,0,0,33
-6,5,10,5,7,2475,VX,LAX,12,150,261,3,0,17,150,211,0,0,33
-3,5,10,5,9,2475,VX,LAX,12,150,261,3,0,17,150,211,0,0,33
8,5,10,5,20,2475,VX,LAX,12,150,261,3,0,17,150,211,0,0,33
11,5,10,5,16,2475,VX,LAX,12,150,261,3,0,17,150,211,0,0,33
0,5,10,5,13,2475,VX,LAX,12,150,261,3,0,17,150,211,0,0,33
2,5,10,5,8,2475,UA,LAX,12,150,261,3,0,17,150,211,0,0,33
-6,5,10,5,6,2475,UA,LAX,12,150,261,3,0,17,150,211,0,0,33
6,5,10,5,15,2475,UA,LAX,12,150,261,3,0,17,150,211,0,0,33
16,5,10,5,17,2475,UA,LAX,12,150,261,3,0,17,150,211,0,0,33
50,5,10,5,20,2475,UA,LAX,12,150,261,3,0,17,150,211,0,0,33
-8,5,10,5,11,2475,UA,LAX,12,150,261,3,0,17,150,211,0,0,33
1,5,28,2,13,2475,VX,LAX,2,133,200,132,0,12,167,233,0,0,41
45,5,28,2,16,2475,VX,LAX,2,133,200,132,0,12,167,233,0,0,41
31,5,28,2,20,2475,VX,LAX,2,133,200,132,0,12,167,233,0,0,41
0,5,28,2,7,2475,VX,LAX,2,133,200,132,0,12,167,233,0,0,41
-1,5,28,2,9,2475,VX,LAX,2,133,200,132,0,12,167,233,0,0,41
3,5,28,2,6,2475,UA,LAX,2,133,200,132,0,12,167,233,0,0,41
25,5,28,2,17,2475,UA,LAX,2,133,200,132,0,12,167,233,0,0,41
-1,5,28,2,11,2475,UA,LAX,2,133,200,132,0,12,167,233,0,0,41
12,5,28,2,20,2475,UA,LAX,2,133,200,132,0,12,167,233,0,0,41
-2,5,28,2,15,2475,UA,LAX,2,133,200,132,0,12,167,233,0,0,41
-5,5,28,2,8,2475,UA,LAX,2,133,200,132,0,12,167,233,0,0,41
18,5,28,2,9,2475,DL,LAX,2,133,200,132,0,12,167,233,0,0,41
1,5,28,2,14,2475,DL,LAX,2,133,200,132,0,12,167,233,0,0,41
-6,5,28,2,7,2475,AA,LAX,2,133,200,132,0,12,167,233,0,0,41
-2,5,28,2,7,2475,DL,LAX,2,133,200,132,0,12,167,233,0,0,41
2,5,28,2,19,2475,AA,LAX,2,133,200,132,0,12,167,233,0,0,41
27,5,28,2,16,2475,DL,LAX,2,133,200,132,0,12,167,233,0,0,41
-1,5,28,2,13,2475,AA,LAX,2,133,200,132,0,12,167,233,0,0,41
43,5,28,2,12,2475,AA,LAX,2,133,200,132,0,12,167,233,0,0,41
-3,5,28,2,12,2475,DL,LAX,2,133,200,132,0,12,167,233,0,0,41
22,5,28,2,21,2475,DL,LAX,2,133,200,132,0,12,167,233,0,0,41
-4,5,28,2,15,2475,AA,LAX,2,133,200,132,0,12,167,233,0,0,41
-5,5,28,2,21,2475,AA,LAX,2,133,200,132,0,12,167,233,0,0,41
3,5,28,2,9,2475,AA,LAX,2,133,200,132,0,12,167,233,0,0,41
-2,5,28,2,7,2475,B6,LAX,2,133,200,132,0,12,167,233,0,0,41
8,5,28,2,16,2475,B6,LAX,2,133,200,132,0,12,167,233,0,0,41
33,5,28,2,20,2475,B6,LAX,2,133,200,132,0,12,167,233,0,0,41
0,5,28,2,9,2475,B6,LAX,2,133,200,132,0,12,167,233,0,0,41
0,5,28,2,17,2475,AA,LAX,2,133,200,132,0,12,167,233,0,0,41
12,5,28,2,18,2475,DL,LAX,2,133,200,132,0,12,167,233,0,0,41
-6,5,28,2,10,2475,AA,LAX,2,133,200,132,0,12,167,233,0,0,41
-1,5,28,2,19,2475,DL,LAX,2,133,200,132,0,12,167,233,0,0,41
-7,6,6,4,20,2475,VX,LAX,11,150,211,33,0,23,167,194,0,0,35
2,6,6,4,16,2475,VX,LAX,11,150,211,33,0,23,167,194,0,0,35
-1,6,6,4,13,2475,VX,LAX,11,150,211,33,0,23,167,194,0,0,35
5,6,6,4,9,2475,VX,LAX,11,150,211,33,0,23,167,194,0,0,35
-3,6,6,4,7,2475,VX,LAX,11,150,211,33,0,23,167,194,0,0,35
11,6,6,4,20,2475,UA,LAX,11,150,211,33,0,23,167,194,0,0,35
2,6,6,4,11,2475,UA,LAX,11,150,211,33,0,23,167,194,0,0,35
7,6,6,4,8,2475,UA,LAX,11,150,211,33,0,23,167,194,0,0,35
15,6,6,4,17,2475,UA,LAX,11,150,211,33,0,23,167,194,0,0,35
-1,6,6,4,6,2475,UA,LAX,11,150,211,33,0,23,167,194,0,0,35
1,6,6,4,18,2475,DL,LAX,11,150,211,33,0,23,167,194,0,0,35
5,6,6,4,7,2475,DL,LAX,11,150,211,33,0,23,167,194,0,0,35
-3,6,6,4,21,2475,DL,LAX,11,150,211,33,0,23,167,194,0,0,35
-3,6,6,4,12,2475,DL,LAX,11,150,211,33,0,23,167,194,0,0,35
-6,6,6,4,9,2475,DL,LAX,11,150,211,33,0,23,167,194,0,0,35
21,6,6,4,17,2475,DL,LAX,11,150,211,33,0,23,167,194,0,0,35
3,6,6,4,15,2475,DL,LAX,11,150,211,33,0,23,167,194,0,0,35
20,6,6,4,7,2475,AA,LAX,11,150,211,33,0,23,167,194,0,0,35
-1,6,6,4,10,2475,AA,LAX,11,150,211,33,0,23,167,194,0,0,35
-6,6,6,4,9,2475,AA,LAX,11,150,211,33,0,23,167,194,0,0,35
-5,6,6,4,20,2475,B6,LAX,11,150,211,33,0,23,167,194,0,0,35
-1,6,6,4,17,2475,AA,LAX,11,150,211,33,0,23,167,194,0,0,35
1,6,6,4,15,2475,AA,LAX,11,150,211,33,0,23,167,194,0,0,35
-7,6,6,4,9,2475,B6,LAX,11,150,211,33,0,23,167,194,0,0,35
-3,6,6,4,16,2475,B6,LAX,11,150,211,33,0,23,167,194,0,0,35
21,6,6,4,13,2475,AA,LAX,11,150,211,33,0,23,167,194,0,0,35
0,6,6,4,21,2475,AA,LAX,11,150,211,33,0,23,167,194,0,0,35
-2,6,6,4,7,2475,B6,LAX,11,150,211,33,0,23,167,194,0,0,35
-9,6,6,4,12,2475,AA,LAX,11,150,211,33,0,23,167,194,0,0,35
-1,6,6,4,19,2475,AA,LAX,11,150,211,33,0,23,167,194,0,0,35
-4,6,11,2,20,2475,B6,LAX,16,178,267,23,0,29,172,222,0,0,38
10,6,11,2,21,2475,AA,LAX,16,178,267,23,0,29,172,222,0,0,38
24,6,11,2,19,2475,AA,LAX,16,178,267,23,0,29,172,222,0,0,38
2,6,11,2,17,2475,UA,LAX,16,178,267,23,0,29,172,222,0,0,38
1,6,11,2,13,2475,AA,LAX,16,178,267,23,0,29,172,222,0,0,38
20,6,11,2,16,2475,B6,LAX,16,178,267,23,0,29,172,222,0,0,38
6,6,11,2,9,2475,B6,LAX,16,178,267,23,0,29,172,222,0,0,38
10,6,11,2,7,2475,B6,LAX,16,178,267,23,0,29,172,222,0,0,38
5,6,11,2,15,2475,AA,LAX,16,178,267,23,0,29,172,222,0,0,38
-8,6,11,2,9,2475,AA,LAX,16,178,267,23,0,29,172,222,0,0,38
-6,6,11,2,10,2475,AA,LAX,16,178,267,23,0,29,172,222,0,0,38
-5,6,11,2,7,2475,AA,LAX,16,178,267,23,0,29,172,222,0,0,38
-3,6,11,2,17,2475,AA,LAX,16,178,267,23,0,29,172,222,0,0,38
-10,6,11,2,12,2475,AA,LAX,16,178,267,23,0,29,172,222,0,0,38
-5,6,11,2,9,2475,DL,LAX,16,178,267,23,0,29,172,222,0,0,38
-1,6,11,2,7,2475,DL,LAX,16,178,267,23,0,29,172,222,0,0,38
11,6,11,2,15,2475,DL,LAX,16,178,267,23,0,29,172,222,0,0,38
41,6,11,2,18,2475,DL,LAX,16,178,267,23,0,29,172,222,0,0,38
-4,6,11,2,12,2475,DL,LAX,16,178,267,23,0,29,172,222,0,0,38
1,6,11,2,17,2475,DL,LAX,16,178,267,23,0,29,172,222,0,0,38
40,6,11,2,21,2475,DL,LAX,16,178,267,23,0,29,172,222,0,0,38
9,6,11,2,14,2475,UA,LAX,16,178,267,23,0,29,172,222,0,0,38
-3,6,11,2,6,2475,UA,LAX,16,178,267,23,0,29,172,222,0,0,38
13,6,11,2,20,2475,VX,LAX,16,178,267,23,0,29,172,222,0,0,38
-1,6,11,2,16,2475,VX,LAX,16,178,267,23,0,29,172,222,0,0,38
-7,6,11,2,13,2475,VX,LAX,16,178,267,23,0,29,172,222,0,0,38
-4,6,11,2,9,2475,VX,LAX,16,178,267,23,0,29,172,222,0,0,38
-2,6,11,2,7,2475,VX,LAX,16,178,267,23,0,29,172,222,0,0,38
-2,6,11,2,8,2475,UA,LAX,16,178,267,23,0,29,172,222,0,0,38
-7,6,11,2,11,2475,UA,LAX,16,178,267,23,0,29,172,222,0,0,38
-6,6,11,2,20,2475,UA,LAX,16,178,267,23,0,29,172,222,0,0,38
8,6,29,6,16,2475,VX,LAX,5,217,283,0,0,17,172,244,0,0,30
7,6,29,6,14,2475,UA,LAX,5,217,283,0,0,17,172,244,0,0,30
4,6,29,6,20,2475,VX,LAX,5,217,283,0,0,17,172,244,0,0,30
1,6,29,6,13,2475,VX,LAX,5,217,283,0,0,17,172,244,0,0,30
8,6,29,6,9,2475,VX,LAX,5,217,283,0,0,17,172,244,0,0,30
1,6,29,6,7,2475,VX,LAX,5,217,283,0,0,17,172,244,0,0,30
-2,6,29,6,11,2475,UA,LAX,5,217,283,0,0,17,172,244,0,0,30
-1,6,29,6,8,2475,UA,LAX,5,217,283,0,0,17,172,244,0,0,30
19,6,29,6,17,2475,UA,LAX,5,217,283,0,0,17,172,244,0,0,30
1,6,29,6,6,2475,UA,LAX,5,217,283,0,0,17,172,244,0,0,30
31,6,29,6,18,2475,DL,LAX,5,217,283,0,0,17,172,244,0,0,30
-2,6,29,6,7,2475,DL,LAX,5,217,283,0,0,17,172,244,0,0,30
2,6,29,6,12,2475,DL,LAX,5,217,283,0,0,17,172,244,0,0,30
44,6,29,6,12,2475,B6,LAX,5,217,283,0,0,17,172,244,0,0,30
51,6,29,6,7,2475,B6,LAX,5,217,283,0,0,17,172,244,0,0,30
3,6,29,6,20,2475,B6,LAX,5,217,283,0,0,17,172,244,0,0,30
-2,6,29,6,9,2475,DL,LAX,5,217,283,0,0,17,172,244,0,0,30
35,6,29,6,15,2475,DL,LAX,5,217,283,0,0,17,172,244,0,0,30
-1,6,29,6,17,2475,AA,LAX,5,217,283,0,0,17,172,244,0,0,30
57,6,29,6,22,2475,B6,LAX,5,217,283,0,0,17,172,244,0,0,30
-3,6,29,6,7,2475,AA,LAX,5,217,283,0,0,17,172,244,0,0,30
-2,6,29,6,13,2475,AA,LAX,5,217,283,0,0,17,172,244,0,0,30
49,6,29,6,15,2475,AA,LAX,5,217,283,0,0,17,172,244,0,0,30
-4,6,29,6,9,2475,AA,LAX,5,217,283,0,0,17,172,244,0,0,30
0,6,29,6,16,2475,B6,LAX,5,217,283,0,0,17,172,244,0,0,30
-8,6,29,6,12,2475,AA,LAX,5,217,283,0,0,17,172,244,0,0,30
31,6,29,6,19,2475,AA,LAX,5,217,283,0,0,17,172,244,0,0,30
24,6,29,6,21,2475,AA,LAX,5,217,283,0,0,17,172,244,0,0,30
159,7,7,7,21,2475,DL,LAX,3,256,333,0,0,19,183,222,0,0,33
-7,7,7,7,8,2475,UA,LAX,3,256,333,0,0,19,183,222,0,0,33
150,7,7,7,20,2475,VX,LAX,3,256,333,0,0,19,183,222,0,0,33
-4,7,7,7,17,2475,UA,LAX,3,256,333,0,0,19,183,222,0,0,33
19,7,7,7,16,2475,VX,LAX,3,256,333,0,0,19,183,222,0,0,33
62,7,7,7,20,2475,UA,LAX,3,256,333,0,0,19,183,222,0,0,33
10,7,7,7,14,2475,UA,LAX,3,256,333,0,0,19,183,222,0,0,33
22,7,7,7,13,2475,VX,LAX,3,256,333,0,0,19,183,222,0,0,33
-5,7,7,7,11,2475,UA,LAX,3,256,333,0,0,19,183,222,0,0,33
18,7,7,7,9,2475,VX,LAX,3,256,333,0,0,19,183,222,0,0,33
-1,7,7,7,18,2475,DL,LAX,3,256,333,0,0,19,183,222,0,0,33
257,7,7,7,17,2475,DL,LAX,3,256,333,0,0,19,183,222,0,0,33
-2,7,7,7,12,2475,DL,LAX,3,256,333,0,0,19,183,222,0,0,33
-7,7,7,7,10,2475,AA,LAX,3,256,333,0,0,19,183,222,0,0,33
0,7,7,7,9,2475,DL,LAX,3,256,333,0,0,19,183,222,0,0,33
25,7,7,7,21,2475,AA,LAX,3,256,333,0,0,19,183,222,0,0,33
29,7,7,7,7,2475,DL,LAX,3,256,333,0,0,19,183,222,0,0,33
102,7,7,7,13,2475,AA,LAX,3,256,333,0,0,19,183,222,0,0,33
30,7,7,7,15,2475,DL,LAX,3,256,333,0,0,19,183,222,0,0,33
20,7,7,7,17,2475,AA,LAX,3,256,333,0,0,19,183,222,0,0,33
-8,7,7,7,12,2475,AA,LAX,3,256,333,0,0,19,183,222,0,0,33
-4,7,7,7,9,2475,AA,LAX,3,256,333,0,0,19,183,222,0,0,33
112,7,7,7,19,2475,AA,LAX,3,256,333,0,0,19,183,222,0,0,33
21,7,7,7,16,2475,B6,LAX,3,256,333,0,0,19,183,222,0,0,33
86,7,7,7,22,2475,B6,LAX,3,256,333,0,0,19,183,222,0,0,33
2,7,7,7,9,2475,B6,LAX,3,256,333,0,0,19,183,222,0,0,33
4,7,7,7,12,2475,B6,LAX,3,256,333,0,0,19,183,222,0,0,33
0,7,7,7,20,2475,B6,LAX,3,256,333,0,0,19,183,222,0,0,33
-5,7,7,7,7,2475,B6,LAX,3,256,333,0,0,19,183,222,0,0,33
1,7,7,7,7,2475,AA,LAX,3,256,333,0,0,19,183,222,0,0,33
-6,7,7,7,15,2475,AA,LAX,3,256,333,0,0,19,183,222,0,0,33
4,7,12,5,22,2475,B6,LAX,8,200,250,64,0,43,167,261,0,0,32
-4,7,12,5,7,2475,B6,LAX,8,200,250,64,0,43,167,261,0,0,32
-1,7,12,5,20,2475,B6,LAX,8,200,250,64,0,43,167,261,0,0,32
-4,7,12,5,17,2475,AA,LAX,8,200,250,64,0,43,167,261,0,0,32
2,7,12,5,7,2475,AA,LAX,8,200,250,64,0,43,167,261,0,0,32
20,7,12,5,21,2475,AA,LAX,8,200,250,64,0,43,167,261,0,0,32
-6,7,12,5,10,2475,AA,LAX,8,200,250,64,0,43,167,261,0,0,32
3,7,12,5,16,2475,B6,LAX,8,200,250,64,0,43,167,261,0,0,32
-1,7,12,5,9,2475,AA,LAX,8,200,250,64,0,43,167,261,0,0,32
-3,7,12,5,15,2475,AA,LAX,8,200,250,64,0,43,167,261,0,0,32
-6,7,12,5,13,2475,AA,LAX,8,200,250,64,0,43,167,261,0,0,32
148,7,12,5,19,2475,AA,LAX,8,200,250,64,0,43,167,261,0,0,32
-8,7,12,5,12,2475,AA,LAX,8,200,250,64,0,43,167,261,0,0,32
22,7,12,5,12,2475,B6,LAX,8,200,250,64,0,43,167,261,0,0,32
-5,7,12,5,9,2475,B6,LAX,8,200,250,64,0,43,167,261,0,0,32
6,7,12,5,16,2475,VX,LAX,8,200,250,64,0,43,167,261,0,0,32
7,7,12,5,13,2475,VX,LAX,8,200,250,64,0,43,167,261,0,0,32
6,7,12,5,7,2475,VX,LAX,8,200,250,64,0,43,167,261,0,0,32
26,7,12,5,14,2475,UA,LAX,8,200,250,64,0,43,167,261,0,0,32
1,7,12,5,20,2475,UA,LAX,8,200,250,64,0,43,167,261,0,0,32
-8,7,12,5,6,2475,UA,LAX,8,200,250,64,0,43,167,261,0,0,32
53,7,12,5,9,2475,VX,LAX,8,200,250,64,0,43,167,261,0,0,32
33,7,12,5,17,2475,UA,LAX,8,200,250,64,0,43,167,261,0,0,32
-2,7,12,5,8,2475,UA,LAX,8,200,250,64,0,43,167,261,0,0,32
-5,7,12,5,11,2475,UA,LAX,8,200,250,64,0,43,167,261,0,0,32
17,7,12,5,20,2475,VX,LAX,8,200,250,64,0,43,167,261,0,0,32
22,7,12,5,17,2475,DL,LAX,8,200,250,64,0,43,167,261,0,0,32
-5,7,12,5,7,2475,DL,LAX,8,200,250,64,0,43,167,261,0,0,32
19,7,12,5,9,2475,DL,LAX,8,200,250,64,0,43,167,261,0,0,32
1,7,12,5,18,2475,DL,LAX,8,200,250,64,0,43,167,261,0,0,32
16,7,12,5,15,2475,DL,LAX,8,200,250,64,0,43,167,261,0,0,32
-2,7,12,5,12,2475,DL,LAX,8,200,250,64,0,43,167,261,0,0,32
33,7,12,5,21,2475,DL,LAX,8,200,250,64,0,43,167,261,0,0,32
0,8,8,4,13,2475,AA,LAX,24,211,272,117,0,20,167,217,0,0,40
8,8,8,4,12,2475,DL,LAX,24,211,272,117,0,20,167,217,0,0,40
21,8,8,4,18,2475,DL,LAX,24,211,272,117,0,20,167,217,0,0,40
23,8,8,4,15,2475,DL,LAX,24,211,272,117,0,20,167,217,0,0,40
0,8,8,4,9,2475,DL,LAX,24,211,272,117,0,20,167,217,0,0,40
-4,8,8,4,7,2475,DL,LAX,24,211,272,117,0,20,167,217,0,0,40
95,8,8,4,19,2475,AA,LAX,24,211,272,117,0,20,167,217,0,0,40
-2,8,8,4,9,2475,AA,LAX,24,211,272,117,0,20,167,217,0,0,40
143,8,8,4,22,2475,B6,LAX,24,211,272,117,0,20,167,217,0,0,40
27,8,8,4,20,2475,B6,LAX,24,211,272,117,0,20,167,217,0,0,40
53,8,8,4,16,2475,B6,LAX,24,211,272,117,0,20,167,217,0,0,40
6,8,8,4,7,2475,AA,LAX,24,211,272,117,0,20,167,217,0,0,40
-3,8,8,4,12,2475,B6,LAX,24,211,272,117,0,20,167,217,0,0,40
3,8,8,4,9,2475,B6,LAX,24,211,272,117,0,20,167,217,0,0,40
3,8,8,4,7,2475,B6,LAX,24,211,272,117,0,20,167,217,0,0,40
71,8,8,4,21,2475,AA,LAX,24,211,272,117,0,20,167,217,0,0,40
19,8,8,4,17,2475,AA,LAX,24,211,272,117,0,20,167,217,0,0,40
-6,8,8,4,12,2475,AA,LAX,24,211,272,117,0,20,167,217,0,0,40
29,8,8,4,21,2475,DL,LAX,24,211,272,117,0,20,167,217,0,0,40
-1,8,8,4,15,2475,AA,LAX,24,211,272,117,0,20,167,217,0,0,40
148,8,8,4,17,2475,DL,LAX,24,211,272,117,0,20,167,217,0,0,40
-6,8,8,4,10,2475,AA,LAX,24,211,272,117,0,20,167,217,0,0,40
0,8,8,4,7,2475,VX,LAX,24,211,272,117,0,20,167,217,0,0,40
-6,8,8,4,13,2475,VX,LAX,24,211,272,117,0,20,167,217,0,0,40
-1,8,8,4,14,2475,UA,LAX,24,211,272,117,0,20,167,217,0,0,40
121,8,8,4,20,2475,UA,LAX,24,211,272,117,0,20,167,217,0,0,40
-7,8,8,4,6,2475,UA,LAX,24,211,272,117,0,20,167,217,0,0,40
4,8,8,4,11,2475,UA,LAX,24,211,272,117,0,20,167,217,0,0,40
76,8,8,4,17,2475,UA,LAX,24,211,272,117,0,20,167,217,0,0,40
-4,8,8,4,8,2475,UA,LAX,24,211,272,117,0,20,167,217,0,0,40
204,8,8,4,16,2475,VX,LAX,24,211,272,117,0,20,167,217,0,0,40
175,8,8,4,20,2475,VX,LAX,24,211,272,117,0,20,167,217,0,0,40
1,8,8,4,9,2475,VX,LAX,24,211,272,117,0,20,167,217,0,0,40
0,8,13,2,12,2475,DL,LAX,19,200,250,216,0,12,167,228,0,0,32
-3,8,13,2,7,2475,DL,LAX,19,200,250,216,0,12,167,228,0,0,32
-2,8,13,2,21,2475,DL,LAX,19,200,250,216,0,12,167,228,0,0,32
6,8,13,2,9,2475,DL,LAX,19,200,250,216,0,12,167,228,0,0,32
36,8,13,2,15,2475,DL,LAX,19,200,250,216,0,12,167,228,0,0,32
1,8,13,2,18,2475,DL,LAX,19,200,250,216,0,12,167,228,0,0,32
17,8,13,2,22,2475,B6,LAX,19,200,250,216,0,12,167,228,0,0,32
-3,8,13,2,20,2475,B6,LAX,19,200,250,216,0,12,167,228,0,0,32
-4,8,13,2,16,2475,B6,LAX,19,200,250,216,0,12,167,228,0,0,32
69,8,13,2,12,2475,B6,LAX,19,200,250,216,0,12,167,228,0,0,32
-1,8,13,2,9,2475,B6,LAX,19,200,250,216,0,12,167,228,0,0,32
17,8,13,2,7,2475,B6,LAX,19,200,250,216,0,12,167,228,0,0,32
7,8,13,2,9,2475,AA,LAX,19,200,250,216,0,12,167,228,0,0,32
-5,8,13,2,7,2475,AA,LAX,19,200,250,216,0,12,167,228,0,0,32
20,8,13,2,19,2475,AA,LAX,19,200,250,216,0,12,167,228,0,0,32
-3,8,13,2,10,2475,AA,LAX,19,200,250,216,0,12,167,228,0,0,32
2,8,13,2,21,2475,AA,LAX,19,200,250,216,0,12,167,228,0,0,32
33,8,13,2,17,2475,AA,LAX,19,200,250,216,0,12,167,228,0,0,32
28,8,13,2,15,2475,AA,LAX,19,200,250,216,0,12,167,228,0,0,32
-1,8,13,2,13,2475,AA,LAX,19,200,250,216,0,12,167,228,0,0,32
-3,8,13,2,12,2475,AA,LAX,19,200,250,216,0,12,167,228,0,0,32
15,8,13,2,17,2475,DL,LAX,19,200,250,216,0,12,167,228,0,0,32
0,8,13,2,8,2475,UA,LAX,19,200,250,216,0,12,167,228,0,0,32
-3,8,13,2,20,2475,VX,LAX,19,200,250,216,0,12,167,228,0,0,32
0,8,13,2,16,2475,VX,LAX,19,200,250,216,0,12,167,228,0,0,32
-4,8,13,2,13,2475,VX,LAX,19,200,250,216,0,12,167,228,0,0,32
-7,8,13,2,9,2475,VX,LAX,19,200,250,216,0,12,167,228,0,0,32
-7,8,13,2,7,2475,VX,LAX,19,200,250,216,0,12,167,228,0,0,32
-4,8,13,2,14,2475,UA,LAX,19,200,250,216,0,12,167,228,0,0,32
6,8,13,2,6,2475,UA,LAX,19,200,250,216,0,12,167,228,0,0,32
5,8,13,2,20,2475,UA,LAX,19,200,250,216,0,12,167,228,0,0,32
39,8,13,2,11,2475,UA,LAX,19,200,250,216,0,12,167,228,0,0,32
-5,8,13,2,17,2475,UA,LAX,19,200,250,216,0,12,167,228,0,0,32
-4,9,9,1,21,2475,AA,LAX,8,139,228,0,0,19,167,206,0,0,34
-7,9,9,1,12,2475,AA,LAX,8,139,228,0,0,19,167,206,0,0,34
-1,9,9,1,15,2475,AA,LAX,8,139,228,0,0,19,167,206,0,0,34
-2,9,9,1,13,2475,AA,LAX,8,139,228,0,0,19,167,206,0,0,34
-3,9,9,1,8,2475,AA,LAX,8,139,228,0,0,19,167,206,0,0,34
-1,9,9,1,10,2475,AA,LAX,8,139,228,0,0,19,167,206,0,0,34
1,9,9,1,19,2475,AA,LAX,8,139,228,0,0,19,167,206,0,0,34
-2,9,9,1,9,2475,AA,LAX,8,139,228,0,0,19,167,206,0,0,34
-3,9,9,1,16,2475,AA,LAX,8,139,228,0,0,19,167,206,0,0,34
-3,9,9,1,16,2475,B6,LAX,8,139,228,0,0,19,167,206,0,0,34
-7,9,9,1,12,2475,DL,LAX,8,139,228,0,0,19,167,206,0,0,34
-9,9,9,1,6,2475,UA,LAX,8,139,228,0,0,19,167,206,0,0,34
-8,9,9,1,7,2475,DL,LAX,8,139,228,0,0,19,167,206,0,0,34
-5,9,9,1,21,2475,DL,LAX,8,139,228,0,0,19,167,206,0,0,34
-4,9,9,1,7,2475,B6,LAX,8,139,228,0,0,19,167,206,0,0,34
-1,9,9,1,20,2475,VX,LAX,8,139,228,0,0,19,167,206,0,0,34
0,9,9,1,16,2475,VX,LAX,8,139,228,0,0,19,167,206,0,0,34
-4,9,9,1,15,2475,DL,LAX,8,139,228,0,0,19,167,206,0,0,34
-1,9,9,1,13,2475,VX,LAX,8,139,228,0,0,19,167,206,0,0,34
-8,9,9,1,14,2475,UA,LAX,8,139,228,0,0,19,167,206,0,0,34
6,9,9,1,11,2475,B6,LAX,8,139,228,0,0,19,167,206,0,0,34
-5,9,9,1,9,2475,B6,LAX,8,139,228,0,0,19,167,206,0,0,34
-5,9,9,1,9,2475,DL,LAX,8,139,228,0,0,19,167,206,0,0,34
-4,9,9,1,20,2475,UA,LAX,8,139,228,0,0,19,167,206,0,0,34
35,9,9,1,17,2475,DL,LAX,8,139,228,0,0,19,167,206,0,0,34
-4,9,9,1,11,2475,UA,LAX,8,139,228,0,0,19,167,206,0,0,34
11,9,9,1,17,2475,UA,LAX,8,139,228,0,0,19,167,206,0,0,34
0,9,9,1,8,2475,UA,LAX,8,139,228,0,0,19,167,206,0,0,34
-1,9,9,1,18,2475,DL,LAX,8,139,228,0,0,19,167,206,0,0,34
-7,9,9,1,7,2475,VX,LAX,8,139,228,0,0,19,167,206,0,0,34
2,9,9,1,9,2475,VX,LAX,8,139,228,0,0,19,167,206,0,0,34
-3,9,9,1,20,2475,B6,LAX,8,139,228,0,0,19,167,206,0,0,34
-4,9,14,6,12,2475,AA,LAX,13,122,194,0,0,21,189,233,0,0,29
-1,9,14,6,9,2475,AA,LAX,13,122,194,0,0,21,189,233,0,0,29
94,9,14,6,16,2475,AA,LAX,13,122,194,0,0,21,189,233,0,0,29
-8,9,14,6,21,2475,AA,LAX,13,122,194,0,0,21,189,233,0,0,29
-9,9,14,6,13,2475,AA,LAX,13,122,194,0,0,21,189,233,0,0,29
-6,9,14,6,10,2475,AA,LAX,13,122,194,0,0,21,189,233,0,0,29
-10,9,14,6,15,2475,AA,LAX,13,122,194,0,0,21,189,233,0,0,29
-7,9,14,6,8,2475,AA,LAX,13,122,194,0,0,21,189,233,0,0,29
-3,9,14,6,19,2475,AA,LAX,13,122,194,0,0,21,189,233,0,0,29
-6,9,14,6,6,2475,UA,LAX,13,122,194,0,0,21,189,233,0,0,29
1,9,14,6,15,2475,DL,LAX,13,122,194,0,0,21,189,233,0,0,29
130,9,14,6,18,2475,DL,LAX,13,122,194,0,0,21,189,233,0,0,29
0,9,14,6,9,2475,DL,LAX,13,122,194,0,0,21,189,233,0,0,29
-8,9,14,6,7,2475,DL,LAX,13,122,194,0,0,21,189,233,0,0,29
-1,9,14,6,12,2475,DL,LAX,13,122,194,0,0,21,189,233,0,0,29
-4,9,14,6,9,2475,VX,LAX,13,122,194,0,0,21,189,233,0,0,29
-3,9,14,6,13,2475,VX,LAX,13,122,194,0,0,21,189,233,0,0,29
-1,9,14,6,11,2475,B6,LAX,13,122,194,0,0,21,189,233,0,0,29
4,9,14,6,16,2475,B6,LAX,13,122,194,0,0,21,189,233,0,0,29
0,9,14,6,20,2475,B6,LAX,13,122,194,0,0,21,189,233,0,0,29
-6,9,14,6,7,2475,B6,LAX,13,122,194,0,0,21,189,233,0,0,29
-7,9,14,6,7,2475,VX,LAX,13,122,194,0,0,21,189,233,0,0,29
-4,9,14,6,14,2475,UA,LAX,13,122,194,0,0,21,189,233,0,0,29
-11,9,14,6,8,2475,UA,LAX,13,122,194,0,0,21,189,233,0,0,29
16,9,14,6,16,2475,VX,LAX,13,122,194,0,0,21,189,233,0,0,29
0,9,14,6,17,2475,UA,LAX,13,122,194,0,0,21,189,233,0,0,29
-8,9,14,6,11,2475,UA,LAX,13,122,194,0,0,21,189,233,0,0,29
-3,10,5,6,10,2475,AA,LAX,8,178,244,0,0,16,150,328,0,0,21
10,10,5,6,15,2475,AA,LAX,8,178,244,0,0,16,150,328,0,0,21
3,10,5,6,20,2475,B6,LAX,8,178,244,0,0,16,150,328,0,0,21
2,10,5,6,11,2475,B6,LAX,8,178,244,0,0,16,150,328,0,0,21
8,10,5,6,16,2475,B6,LAX,8,178,244,0,0,16,150,328,0,0,21
-5,10,5,6,7,2475,B6,LAX,8,178,244,0,0,16,150,328,0,0,21
8,10,5,6,12,2475,AA,LAX,8,178,244,0,0,16,150,328,0,0,21
28,10,5,6,13,2475,AA,LAX,8,178,244,0,0,16,150,328,0,0,21
-5,10,5,6,19,2475,AA,LAX,8,178,244,0,0,16,150,328,0,0,21
7,10,5,6,21,2475,AA,LAX,8,178,244,0,0,16,150,328,0,0,21
-3,10,5,6,8,2475,AA,LAX,8,178,244,0,0,16,150,328,0,0,21
-4,10,5,6,9,2475,DL,LAX,8,178,244,0,0,16,150,328,0,0,21
-6,10,5,6,16,2475,AA,LAX,8,178,244,0,0,16,150,328,0,0,21
-3,10,5,6,7,2475,DL,LAX,8,178,244,0,0,16,150,328,0,0,21
-2,10,5,6,12,2475,DL,LAX,8,178,244,0,0,16,150,328,0,0,21
7,10,5,6,15,2475,DL,LAX,8,178,244,0,0,16,150,328,0,0,21
-2,10,5,6,9,2475,AA,LAX,8,178,244,0,0,16,150,328,0,0,21
-2,10,5,6,18,2475,DL,LAX,8,178,244,0,0,16,150,328,0,0,21
-1,10,5,6,13,2475,VX,LAX,8,178,244,0,0,16,150,328,0,0,21
-5,10,5,6,7,2475,VX,LAX,8,178,244,0,0,16,150,328,0,0,21
2,10,5,6,9,2475,VX,LAX,8,178,244,0,0,16,150,328,0,0,21
13,10,5,6,16,2475,VX,LAX,8,178,244,0,0,16,150,328,0,0,21
-4,10,5,6,17,2475,UA,LAX,8,178,244,0,0,16,150,328,0,0,21
-6,10,5,6,8,2475,UA,LAX,8,178,244,0,0,16,150,328,0,0,21
-3,10,5,6,15,2475,UA,LAX,8,178,244,0,0,16,150,328,0,0,21
-7,10,5,6,6,2475,UA,LAX,8,178,244,0,0,16,150,328,0,0,21
1,10,5,6,11,2475,UA,LAX,8,178,244,0,0,16,150,328,0,0,21
-9,10,10,4,6,2475,UA,LAX,3,122,183,0,0,40,117,206,0,0,29
-3,10,10,4,14,2475,UA,LAX,3,122,183,0,0,40,117,206,0,0,29
-6,10,10,4,11,2475,UA,LAX,3,122,183,0,0,40,117,206,0,0,29
0,10,10,4,17,2475,UA,LAX,3,122,183,0,0,40,117,206,0,0,29
23,10,10,4,8,2475,UA,LAX,3,122,183,0,0,40,117,206,0,0,29
4,10,10,4,7,2475,VX,LAX,3,122,183,0,0,40,117,206,0,0,29
1,10,10,4,9,2475,VX,LAX,3,122,183,0,0,40,117,206,0,0,29
-1,10,10,4,13,2475,VX,LAX,3,122,183,0,0,40,117,206,0,0,29
0,10,10,4,16,2475,VX,LAX,3,122,183,0,0,40,117,206,0,0,29
-2,10,10,4,20,2475,VX,LAX,3,122,183,0,0,40,117,206,0,0,29
3,10,10,4,20,2475,UA,LAX,3,122,183,0,0,40,117,206,0,0,29
-4,10,10,4,19,2475,AA,LAX,3,122,183,0,0,40,117,206,0,0,29
90,10,10,4,21,2475,AA,LAX,3,122,183,0,0,40,117,206,0,0,29
7,10,10,4,16,2475,B6,LAX,3,122,183,0,0,40,117,206,0,0,29
-4,10,10,4,10,2475,AA,LAX,3,122,183,0,0,40,117,206,0,0,29
13,10,10,4,9,2475,AA,LAX,3,122,183,0,0,40,117,206,0,0,29
-1,10,10,4,18,2475,DL,LAX,3,122,183,0,0,40,117,206,0,0,29
50,10,10,4,17,2475,DL,LAX,3,122,183,0,0,40,117,206,0,0,29
-4,10,10,4,9,2475,DL,LAX,3,122,183,0,0,40,117,206,0,0,29
-1,10,10,4,7,2475,DL,LAX,3,122,183,0,0,40,117,206,0,0,29
-1,10,10,4,12,2475,DL,LAX,3,122,183,0,0,40,117,206,0,0,29
7,10,10,4,15,2475,DL,LAX,3,122,183,0,0,40,117,206,0,0,29
17,10,10,4,21,2475,DL,LAX,3,122,183,0,0,40,117,206,0,0,29
-5,10,10,4,8,2475,AA,LAX,3,122,183,0,0,40,117,206,0,0,29
15,10,10,4,13,2475,AA,LAX,3,122,183,0,0,40,117,206,0,0,29
-5,10,10,4,12,2475,AA,LAX,3,122,183,0,0,40,117,206,0,0,29
-1,10,10,4,7,2475,B6,LAX,3,122,183,0,0,40,117,206,0,0,29
-7,10,10,4,9,2475,B6,LAX,3,122,183,0,0,40,117,206,0,0,29
-2,10,10,4,11,2475,B6,LAX,3,122,183,0,0,40,117,206,0,0,29
16,10,10,4,16,2475,AA,LAX,3,122,183,0,0,40,117,206,0,0,29
-4,10,10,4,15,2475,AA,LAX,3,122,183,0,0,40,117,206,0,0,29
2,10,10,4,20,2475,B6,LAX,3,122,183,0,0,40,117,206,0,0,29
-6,10,28,1,6,2475,UA,LAX,14,61,161,0,0,20,144,189,0,0,56
-2,10,28,1,20,2475,UA,LAX,14,61,161,0,0,20,144,189,0,0,56
-3,10,28,1,11,2475,UA,LAX,14,61,161,0,0,20,144,189,0,0,56
-9,10,28,1,8,2475,UA,LAX,14,61,161,0,0,20,144,189,0,0,56
-2,10,28,1,17,2475,UA,LAX,14,61,161,0,0,20,144,189,0,0,56
3,10,28,1,14,2475,UA,LAX,14,61,161,0,0,20,144,189,0,0,56
-3,10,28,1,13,2475,AA,LAX,14,61,161,0,0,20,144,189,0,0,56
-2,10,28,1,7,2475,B6,LAX,14,61,161,0,0,20,144,189,0,0,56
-2,10,28,1,16,2475,B6,LAX,14,61,161,0,0,20,144,189,0,0,56
5,10,28,1,9,2475,B6,LAX,14,61,161,0,0,20,144,189,0,0,56
-1,10,28,1,20,2475,B6,LAX,14,61,161,0,0,20,144,189,0,0,56
-4,10,28,1,11,2475,B6,LAX,14,61,161,0,0,20,144,189,0,0,56
54,10,28,1,15,2475,AA,LAX,14,61,161,0,0,20,144,189,0,0,56
-4,10,28,1,21,2475,AA,LAX,14,61,161,0,0,20,144,189,0,0,56
-1,10,28,1,16,2475,AA,LAX,14,61,161,0,0,20,144,189,0,0,56
-3,10,28,1,8,2475,AA,LAX,14,61,161,0,0,20,144,189,0,0,56
-2,10,28,1,19,2475,AA,LAX,14,61,161,0,0,20,144,189,0,0,56
-8,10,28,1,10,2475,AA,LAX,14,61,161,0,0,20,144,189,0,0,56
-5,10,28,1,12,2475,AA,LAX,14,61,161,0,0,20,144,189,0,0,56
-3,10,28,1,9,2475,AA,LAX,14,61,161,0,0,20,144,189,0,0,56
-1,10,28,1,13,2475,VX,LAX,14,61,161,0,0,20,144,189,0,0,56
0,10,28,1,9,2475,VX,LAX,14,61,161,0,0,20,144,189,0,0,56
-6,10,28,1,17,2475,DL,LAX,14,61,161,0,0,20,144,189,0,0,56
-5,10,28,1,21,2475,DL,LAX,14,61,161,0,0,20,144,189,0,0,56
0,10,28,1,18,2475,DL,LAX,14,61,161,0,0,20,144,189,0,0,56
-4,10,28,1,12,2475,DL,LAX,14,61,161,0,0,20,144,189,0,0,56
-6,10,28,1,9,2475,DL,LAX,14,61,161,0,0,20,144,189,0,0,56
-2,10,28,1,15,2475,DL,LAX,14,61,161,0,0,20,144,189,0,0,56
-4,10,28,1,7,2475,DL,LAX,14,61,161,0,0,20,144,189,0,0,56
-2,10,28,1,7,2475,VX,LAX,14,61,161,0,0,20,144,189,0,0,56
29,10,28,1,20,2475,VX,LAX,14,61,161,0,0,20,144,189,0,0,56
2,10,28,1,16,2475,VX,LAX,14,61,161,0,0,20,144,189,0,0,56
29,11,6,3,13,2475,AA,LAX,5,94,161,0,0,16,117,267,0,0,30
-6,11,6,3,10,2475,AA,LAX,5,94,161,0,0,16,117,267,0,0,30
-1,11,6,3,9,2475,DL,LAX,5,94,161,0,0,16,117,267,0,0,30
-3,11,6,3,18,2475,DL,LAX,5,94,161,0,0,16,117,267,0,0,30
-6,11,6,3,16,2475,AA,LAX,5,94,161,0,0,16,117,267,0,0,30
-3,11,6,3,19,2475,AA,LAX,5,94,161,0,0,16,117,267,0,0,30
-5,11,6,3,15,2475,AA,LAX,5,94,161,0,0,16,117,267,0,0,30
-2,11,6,3,16,2475,B6,LAX,5,94,161,0,0,16,117,267,0,0,30
-3,11,6,3,9,2475,AA,LAX,5,94,161,0,0,16,117,267,0,0,30
-5,11,6,3,9,2475,B6,LAX,5,94,161,0,0,16,117,267,0,0,30
-3,11,6,3,12,2475,AA,LAX,5,94,161,0,0,16,117,267,0,0,30
-7,11,6,3,12,2475,DL,LAX,5,94,161,0,0,16,117,267,0,0,30
-10,11,6,3,21,2475,AA,LAX,5,94,161,0,0,16,117,267,0,0,30
-4,11,6,3,7,2475,B6,LAX,5,94,161,0,0,16,117,267,0,0,30
-5,11,6,3,8,2475,AA,LAX,5,94,161,0,0,16,117,267,0,0,30
-1,11,6,3,11,2475,B6,LAX,5,94,161,0,0,16,117,267,0,0,30
-1,11,6,3,15,2475,DL,LAX,5,94,161,0,0,16,117,267,0,0,30
-4,11,6,3,20,2475,B6,LAX,5,94,161,0,0,16,117,267,0,0,30
-9,11,6,3,16,2475,DL,LAX,5,94,161,0,0,16,117,267,0,0,30
-4,11,6,3,7,2475,DL,LAX,5,94,161,0,0,16,117,267,0,0,30
-5,11,6,3,20,2475,DL,LAX,5,94,161,0,0,16,117,267,0,0,30
0,11,6,3,14,2475,UA,LAX,5,94,161,0,0,16,117,267,0,0,30
1,11,6,3,7,2475,VX,LAX,5,94,161,0,0,16,117,267,0,0,30
-2,11,6,3,9,2475,VX,LAX,5,94,161,0,0,16,117,267,0,0,30
-1,11,6,3,13,2475,VX,LAX,5,94,161,0,0,16,117,267,0,0,30
-3,11,6,3,16,2475,VX,LAX,5,94,161,0,0,16,117,267,0,0,30
-2,11,6,3,20,2475,VX,LAX,5,94,161,0,0,16,117,267,0,0,30
1,11,6,3,17,2475,UA,LAX,5,94,161,0,0,16,117,267,0,0,30
-4,11,6,3,8,2475,UA,LAX,5,94,161,0,0,16,117,267,0,0,30
-10,11,6,3,6,2475,UA,LAX,5,94,161,0,0,16,117,267,0,0,30
8,11,6,3,20,2475,UA,LAX,5,94,161,0,0,16,117,267,0,0,30
0,11,6,3,11,2475,UA,LAX,5,94,161,0,0,16,117,267,0,0,30
-7,11,11,1,16,2475,AA,LAX,0,61,117,0,0,29,122,222,0,0,26
0,11,11,1,15,2475,DL,LAX,0,61,117,0,0,29,122,222,0,0,26
-4,11,11,1,18,2475,DL,LAX,0,61,117,0,0,29,122,222,0,0,26
-7,11,11,1,10,2475,AA,LAX,0,61,117,0,0,29,122,222,0,0,26
-6,11,11,1,8,2475,AA,LAX,0,61,117,0,0,29,122,222,0,0,26
-2,11,11,1,20,2475,DL,LAX,0,61,117,0,0,29,122,222,0,0,26
-11,11,11,1,9,2475,AA,LAX,0,61,117,0,0,29,122,222,0,0,26
-4,11,11,1,20,2475,B6,LAX,0,61,117,0,0,29,122,222,0,0,26
-3,11,11,1,16,2475,B6,LAX,0,61,117,0,0,29,122,222,0,0,26
-8,11,11,1,13,2475,AA,LAX,0,61,117,0,0,29,122,222,0,0,26
-2,11,11,1,12,2475,DL,LAX,0,61,117,0,0,29,122,222,0,0,26
-7,11,11,1,12,2475,AA,LAX,0,61,117,0,0,29,122,222,0,0,26
-8,11,11,1,15,2475,AA,LAX,0,61,117,0,0,29,122,222,0,0,26
-1,11,11,1,16,2475,DL,LAX,0,61,117,0,0,29,122,222,0,0,26
-4,11,11,1,21,2475,AA,LAX,0,61,117,0,0,29,122,222,0,0,26
-10,11,11,1,7,2475,DL,LAX,0,61,117,0,0,29,122,222,0,0,26
-4,11,11,1,9,2475,DL,LAX,0,61,117,0,0,29,122,222,0,0,26
-8,11,11,1,7,2475,B6,LAX,0,61,117,0,0,29,122,222,0,0,26
-2,11,11,1,9,2475,B6,LAX,0,61,117,0,0,29,122,222,0,0,26
59,11,11,1,19,2475,AA,LAX,0,61,117,0,0,29,122,222,0,0,26
-3,11,11,1,11,2475,B6,LAX,0,61,117,0,0,29,122,222,0,0,26
0,11,11,1,20,2475,UA,LAX,0,61,117,0,0,29,122,222,0,0,26
11,11,11,1,20,2475,VX,LAX,0,61,117,0,0,29,122,222,0,0,26
0,11,11,1,16,2475,VX,LAX,0,61,117,0,0,29,122,222,0,0,26
16,11,11,1,17,2475,UA,LAX,0,61,117,0,0,29,122,222,0,0,26
-3,11,11,1,13,2475,VX,LAX,0,61,117,0,0,29,122,222,0,0,26
-4,11,11,1,11,2475,UA,LAX,0,61,117,0,0,29,122,222,0,0,26
-2,11,11,1,7,2475,VX,LAX,0,61,117,0,0,29,122,222,0,0,26
-7,11,11,1,8,2475,UA,LAX,0,61,117,0,0,29,122,222,0,0,26
-1,11,11,1,9,2475,VX,LAX,0,61,117,0,0,29,122,222,0,0,26
-8,11,11,1,6,2475,UA,LAX,0,61,117,0,0,29,122,222,0,0,26
0,11,11,1,14,2475,UA,LAX,0,61,117,0,0,29,122,222,0,0,26
1,11,29,5,13,2475,VX,LAX,2,-16,39,0,0,17,139,183,79,0,19
10,11,29,5,9,2475,VX,LAX,2,-16,39,0,0,17,139,183,79,0,19
-3,11,29,5,8,2475,UA,LAX,2,-16,39,0,0,17,139,183,79,0,19
-6,11,29,5,17,2475,UA,LAX,2,-16,39,0,0,17,139,183,79,0,19
-12,11,29,5,11,2475,UA,LAX,2,-16,39,0,0,17,139,183,79,0,19
-2,11,29,5,14,2475,UA,LAX,2,-16,39,0,0,17,139,183,79,0,19
90,11,29,5,20,2475,VX,LAX,2,-16,39,0,0,17,139,183,79,0,19
-3,11,29,5,16,2475,VX,LAX,2,-16,39,0,0,17,139,183,79,0,19
2,11,29,5,9,2475,B6,LAX,2,-16,39,0,0,17,139,183,79,0,19
-2,11,29,5,15,2475,AA,LAX,2,-16,39,0,0,17,139,183,79,0,19
-1,11,29,5,16,2475,B6,LAX,2,-16,39,0,0,17,139,183,79,0,19
-1,11,29,5,16,2475,DL,LAX,2,-16,39,0,0,17,139,183,79,0,19
6,11,29,5,9,2475,DL,LAX,2,-16,39,0,0,17,139,183,79,0,19
-4,11,29,5,18,2475,DL,LAX,2,-16,39,0,0,17,139,183,79,0,19
-3,11,29,5,16,2475,AA,LAX,2,-16,39,0,0,17,139,183,79,0,19
-10,11,29,5,19,2475,AA,LAX,2,-16,39,0,0,17,139,183,79,0,19
-4,11,29,5,9,2475,AA,LAX,2,-16,39,0,0,17,139,183,79,0,19
-4,11,29,5,21,2475,AA,LAX,2,-16,39,0,0,17,139,183,79,0,19
-3,11,29,5,12,2475,DL,LAX,2,-16,39,0,0,17,139,183,79,0,19
2,11,29,5,15,2475,DL,LAX,2,-16,39,0,0,17,139,183,79,0,19
-8,11,29,5,10,2475,AA,LAX,2,-16,39,0,0,17,139,183,79,0,19
-6,11,29,5,13,2475,AA,LAX,2,-16,39,0,0,17,139,183,79,0,19
-7,11,29,5,7,2475,B6,LAX,2,-16,39,0,0,17,139,183,79,0,19
-2,12,12,4,13,2475,AA,LAX,13,-49,-10,0,0,33,89,183,0,0,25
99,12,12,4,15,2475,AA,LAX,13,-49,-10,0,0,33,89,183,0,0,25
32,12,12,4,16,2475,AA,LAX,13,-49,-10,0,0,33,89,183,0,0,25
-1,12,12,4,21,2475,AA,LAX,13,-49,-10,0,0,33,89,183,0,0,25
0,12,12,4,7,2475,AA,LAX,13,-49,-10,0,0,33,89,183,0,0,25
20,12,12,4,20,2475,B6,LAX,13,-49,-10,0,0,33,89,183,0,0,25
2,12,12,4,16,2475,B6,LAX,13,-49,-10,0,0,33,89,183,0,0,25
-8,12,12,4,11,2475,B6,LAX,13,-49,-10,0,0,33,89,183,0,0,25
-2,12,12,4,9,2475,B6,LAX,13,-49,-10,0,0,33,89,183,0,0,25
-5,12,12,4,7,2475,B6,LAX,13,-49,-10,0,0,33,89,183,0,0,25
28,12,12,4,19,2475,AA,LAX,13,-49,-10,0,0,33,89,183,0,0,25
-7,12,12,4,12,2475,AA,LAX,13,-49,-10,0,0,33,89,183,0,0,25
-4,12,12,4,10,2475,AA,LAX,13,-49,-10,0,0,33,89,183,0,0,25
-6,12,12,4,9,2475,AA,LAX,13,-49,-10,0,0,33,89,183,0,0,25
-1,12,12,4,8,2475,UA,LAX,13,-49,-10,0,0,33,89,183,0,0,25
1,12,12,4,6,2475,UA,LAX,13,-49,-10,0,0,33,89,183,0,0,25
6,12,12,4,20,2475,UA,LAX,13,-49,-10,0,0,33,89,183,0,0,25
-2,12,12,4,9,2475,DL,LAX,13,-49,-10,0,0,33,89,183,0,0,25
-4,12,12,4,12,2475,DL,LAX,13,-49,-10,0,0,33,89,183,0,0,25
0,12,12,4,18,2475,DL,LAX,13,-49,-10,0,0,33,89,183,0,0,25
21,12,12,4,20,2475,DL,LAX,13,-49,-10,0,0,33,89,183,0,0,25
6,12,12,4,15,2475,DL,LAX,13,-49,-10,0,0,33,89,183,0,0,25
-5,12,12,4,7,2475,DL,LAX,13,-49,-10,0,0,33,89,183,0,0,25
-3,12,12,4,16,2475,DL,LAX,13,-49,-10,0,0,33,89,183,0,0,25
18,12,12,4,20,2475,VX,LAX,13,-49,-10,0,0,33,89,183,0,0,25
2,12,12,4,16,2475,VX,LAX,13,-49,-10,0,0,33,89,183,0,0,25
-2,12,12,4,13,2475,VX,LAX,13,-49,-10,0,0,33,89,183,0,0,25
2,12,12,4,11,2475,UA,LAX,13,-49,-10,0,0,33,89,183,0,0,25
7,12,12,4,14,2475,UA,LAX,13,-49,-10,0,0,33,89,183,0,0,25
35,12,12,4,17,2475,UA,LAX,13,-49,-10,0,0,33,89,183,0,0,25
-7,12,12,4,9,2475,VX,LAX,13,-49,-10,0,0,33,89,183,0,0,25
-7,12,12,4,7,2475,VX,LAX,13,-49,-10,0,0,33,89,183,0,0,25
