31,1,8,2,16,2475,AA,LAX,7,17,89,0,0,29,72,194,0,0,13
-5,1,8,2,21,2475,AA,LAX,7,17,89,0,0,29,72,194,0,0,13
-6,1,8,2,12,2475,AA,LAX,7,17,89,0,0,29,72,194,0,0,13
-7,1,8,2,9,2475,AA,LAX,7,17,89,0,0,29,72,194,0,0,13
68,1,8,2,10,2475,AA,LAX,7,17,89,0,0,29,72,194,0,0,13
-1,1,8,2,7,2475,AA,LAX,7,17,89,0,0,29,72,194,0,0,13
-7,1,8,2,13,2475,AA,LAX,7,17,89,0,0,29,72,194,0,0,13
1,1,8,2,15,2475,AA,LAX,7,17,89,0,0,29,72,194,0,0,13
-6,1,8,2,19,2475,AA,LAX,7,17,89,0,0,29,72,194,0,0,13
-1,1,8,2,7,2475,DL,LAX,7,17,89,0,0,29,72,194,0,0,13
5,1,8,2,13,2475,VX,LAX,7,17,89,0,0,29,72,194,0,0,13
38,1,8,2,16,2475,VX,LAX,7,17,89,0,0,29,72,194,0,0,13
-2,1,8,2,20,2475,B6,LAX,7,17,89,0,0,29,72,194,0,0,13
0,1,8,2,17,2475,DL,LAX,7,17,89,0,0,29,72,194,0,0,13
9,1,8,2,20,2475,VX,LAX,7,17,89,0,0,29,72,194,0,0,13
-1,1,8,2,17,2475,UA,LAX,7,17,89,0,0,29,72,194,0,0,13
15,1,8,2,11,2475,UA,LAX,7,17,89,0,0,29,72,194,0,0,13
-5,1,8,2,20,2475,UA,LAX,7,17,89,0,0,29,72,194,0,0,13
-3,1,8,2,6,2475,UA,LAX,7,17,89,0,0,29,72,194,0,0,13
7,1,8,2,8,2475,UA,LAX,7,17,89,0,0,29,72,194,0,0,13
8,1,8,2,15,2475,UA,LAX,7,17,89,0,0,29,72,194,0,0,13
1,1,8,2,16,2475,B6,LAX,7,17,89,0,0,29,72,194,0,0,13
0,1,8,2,11,2475,VX,LAX,7,17,89,0,0,29,72,194,0,0,13
-4,1,8,2,15,2475,DL,LAX,7,17,89,0,0,29,72,194,0,0,13
5,1,8,2,9,2475,VX,LAX,7,17,89,0,0,29,72,194,0,0,13
6,1,8,2,7,2475,VX,LAX,7,17,89,0,0,29,72,194,0,0,13
3,1,8,2,7,2475,B6,LAX,7,17,89,0,0,29,72,194,0,0,13
-2,1,8,2,19,2475,DL,LAX,7,17,89,0,0,29,72,194,0,0,13
3,1,8,2,11,2475,B6,LAX,7,17,89,0,0,29,72,194,0,0,13
-2,1,8,2,21,2475,DL,LAX,7,17,89,0,0,29,72,194,0,0,13
0,1,8,2,9,2475,DL,LAX,7,17,89,0,0,29,72,194,0,0,13
-2,1,8,2,12,2475,DL,LAX,7,17,89,0,0,29,72,194,0,0,13
0,1,13,7,16,2475,VX,LAX,8,61,100,0,0,12,39,133,0,0,32
113,1,13,7,20,2475,VX,LAX,8,61,100,0,0,12,39,133,0,0,32
-1,1,13,7,9,2475,VX,LAX,8,61,100,0,0,12,39,133,0,0,32
74,1,13,7,21,2475,DL,LAX,8,61,100,0,0,12,39,133,0,0,32
154,1,13,7,19,2475,DL,LAX,8,61,100,0,0,12,39,133,0,0,32
-2,1,13,7,9,2475,DL,LAX,8,61,100,0,0,12,39,133,0,0,32
-1,1,13,7,17,2475,DL,LAX,8,61,100,0,0,12,39,133,0,0,32
-2,1,13,7,12,2475,DL,LAX,8,61,100,0,0,12,39,133,0,0,32
4,1,13,7,15,2475,DL,LAX,8,61,100,0,0,12,39,133,0,0,32
108,1,13,7,20,2475,B6,LAX,8,61,100,0,0,12,39,133,0,0,32
5,1,13,7,16,2475,B6,LAX,8,61,100,0,0,12,39,133,0,0,32
6,1,13,7,11,2475,B6,LAX,8,61,100,0,0,12,39,133,0,0,32
-2,1,13,7,7,2475,B6,LAX,8,61,100,0,0,12,39,133,0,0,32
-1,1,13,7,11,2475,UA,LAX,8,61,100,0,0,12,39,133,0,0,32
96,1,13,7,20,2475,UA,LAX,8,61,100,0,0,12,39,133,0,0,32
1,1,13,7,8,2475,UA,LAX,8,61,100,0,0,12,39,133,0,0,32
-6,1,13,7,15,2475,UA,LAX,8,61,100,0,0,12,39,133,0,0,32
-3,1,13,7,13,2475,VX,LAX,8,61,100,0,0,12,39,133,0,0,32
-4,1,13,7,17,2475,UA,LAX,8,61,100,0,0,12,39,133,0,0,32
0,1,13,7,16,2475,AA,LAX,8,61,100,0,0,12,39,133,0,0,32
-9,1,13,7,15,2475,AA,LAX,8,61,100,0,0,12,39,133,0,0,32
-9,1,13,7,10,2475,AA,LAX,8,61,100,0,0,12,39,133,0,0,32
9,1,13,7,21,2475,AA,LAX,8,61,100,0,0,12,39,133,0,0,32
-9,1,13,7,9,2475,AA,LAX,8,61,100,0,0,12,39,133,0,0,32
-6,1,13,7,12,2475,AA,LAX,8,61,100,0,0,12,39,133,0,0,32
-6,1,13,7,19,2475,AA,LAX,8,61,100,0,0,12,39,133,0,0,32
-5,1,13,7,13,2475,AA,LAX,8,61,100,0,0,12,39,133,0,0,32
-4,1,13,7,7,2475,AA,LAX,8,61,100,0,0,12,39,133,0,0,32
10,2,9,6,16,2475,VX,LAX,9,-61,0,97,130,38,39,133,0,0,24
-1,2,9,6,17,2475,UA,LAX,9,-61,0,97,130,38,39,133,0,0,24
21,2,9,6,15,2475,DL,LAX,9,-61,0,97,130,38,39,133,0,0,24
1,2,9,6,9,2475,DL,LAX,9,-61,0,97,130,38,39,133,0,0,24
3,2,9,6,19,2475,AA,LAX,9,-61,0,97,130,38,39,133,0,0,24
-3,2,9,6,19,2475,DL,LAX,9,-61,0,97,130,38,39,133,0,0,24
45,2,9,6,15,2475,AA,LAX,9,-61,0,97,130,38,39,133,0,0,24
0,2,9,6,17,2475,DL,LAX,9,-61,0,97,130,38,39,133,0,0,24
6,2,9,6,16,2475,B6,LAX,9,-61,0,97,130,38,39,133,0,0,24
16,2,9,6,16,2475,AA,LAX,9,-61,0,97,130,38,39,133,0,0,24
7,2,9,6,21,2475,AA,LAX,9,-61,0,97,130,38,39,133,0,0,24
-2,3,15,5,7,2475,VX,LAX,25,-11,83,0,0,35,117,183,0,0,23
-1,3,15,5,20,2475,VX,LAX,25,-11,83,0,0,35,117,183,0,0,23
-2,3,15,5,16,2475,VX,LAX,25,-11,83,0,0,35,117,183,0,0,23
1,3,15,5,13,2475,VX,LAX,25,-11,83,0,0,35,117,183,0,0,23
5,3,15,5,9,2475,VX,LAX,25,-11,83,0,0,35,117,183,0,0,23
-2,3,15,5,15,2475,AA,LAX,25,-11,83,0,0,35,117,183,0,0,23
-1,3,15,5,7,2475,B6,LAX,25,-11,83,0,0,35,117,183,0,0,23
19,3,15,5,11,2475,B6,LAX,25,-11,83,0,0,35,117,183,0,0,23
5,3,15,5,16,2475,B6,LAX,25,-11,83,0,0,35,117,183,0,0,23
12,3,15,5,20,2475,B6,LAX,25,-11,83,0,0,35,117,183,0,0,23
-2,3,15,5,9,2475,AA,LAX,25,-11,83,0,0,35,117,183,0,0,23
-3,3,15,5,10,2475,AA,LAX,25,-11,83,0,0,35,117,183,0,0,23
5,3,15,5,16,2475,AA,LAX,25,-11,83,0,0,35,117,183,0,0,23
-4,3,15,5,13,2475,AA,LAX,25,-11,83,0,0,35,117,183,0,0,23
0,3,15,5,21,2475,AA,LAX,25,-11,83,0,0,35,117,183,0,0,23
-4,3,15,5,12,2475,AA,LAX,25,-11,83,0,0,35,117,183,0,0,23
-10,3,15,5,19,2475,AA,LAX,25,-11,83,0,0,35,117,183,0,0,23
-3,3,15,5,7,2475,AA,LAX,25,-11,83,0,0,35,117,183,0,0,23
-5,3,15,5,12,2475,DL,LAX,25,-11,83,0,0,35,117,183,0,0,23
0,3,15,5,16,2475,DL,LAX,25,-11,83,0,0,35,117,183,0,0,23
-4,3,15,5,14,2475,DL,LAX,25,-11,83,0,0,35,117,183,0,0,23
3,3,15,5,7,2475,DL,LAX,25,-11,83,0,0,35,117,183,0,0,23
-3,3,15,5,17,2475,DL,LAX,25,-11,83,0,0,35,117,183,0,0,23
-3,3,15,5,9,2475,DL,LAX,25,-11,83,0,0,35,117,183,0,0,23
-5,3,15,5,21,2475,DL,LAX,25,-11,83,0,0,35,117,183,0,0,23
28,3,15,5,19,2475,DL,LAX,25,-11,83,0,0,35,117,183,0,0,23
2,3,15,5,8,2475,UA,LAX,25,-11,83,0,0,35,117,183,0,0,23
-5,3,15,5,6,2475,UA,LAX,25,-11,83,0,0,35,117,183,0,0,23
-3,3,15,5,20,2475,UA,LAX,25,-11,83,0,0,35,117,183,0,0,23
8,3,15,5,11,2475,UA,LAX,25,-11,83,0,0,35,117,183,0,0,23
-5,3,15,5,17,2475,UA,LAX,25,-11,83,0,0,35,117,183,0,0,23
17,3,15,5,15,2475,UA,LAX,25,-11,83,0,0,35,117,183,0,0,23
0,3,20,3,20,2475,UA,LAX,30,0,72,0,0,34,122,183,0,0,29
-8,3,20,3,11,2475,UA,LAX,30,0,72,0,0,34,122,183,0,0,29
-3,3,20,3,17,2475,UA,LAX,30,0,72,0,0,34,122,183,0,0,29
-7,3,20,3,6,2475,UA,LAX,30,0,72,0,0,34,122,183,0,0,29
-9,3,20,3,8,2475,UA,LAX,30,0,72,0,0,34,122,183,0,0,29
11,3,20,3,15,2475,UA,LAX,30,0,72,0,0,34,122,183,0,0,29
0,3,20,3,7,2475,VX,LAX,30,0,72,0,0,34,122,183,0,0,29
0,3,20,3,20,2475,VX,LAX,30,0,72,0,0,34,122,183,0,0,29
18,3,20,3,16,2475,VX,LAX,30,0,72,0,0,34,122,183,0,0,29
12,3,20,3,13,2475,VX,LAX,30,0,72,0,0,34,122,183,0,0,29
1,3,20,3,9,2475,VX,LAX,30,0,72,0,0,34,122,183,0,0,29
3,3,20,3,21,2475,AA,LAX,30,0,72,0,0,34,122,183,0,0,29
-2,3,20,3,20,2475,B6,LAX,30,0,72,0,0,34,122,183,0,0,29
-3,3,20,3,16,2475,B6,LAX,30,0,72,0,0,34,122,183,0,0,29
7,3,20,3,11,2475,B6,LAX,30,0,72,0,0,34,122,183,0,0,29
-2,3,20,3,7,2475,AA,LAX,30,0,72,0,0,34,122,183,0,0,29
0,3,20,3,9,2475,AA,LAX,30,0,72,0,0,34,122,183,0,0,29
-6,3,20,3,12,2475,AA,LAX,30,0,72,0,0,34,122,183,0,0,29
-4,3,20,3,15,2475,AA,LAX,30,0,72,0,0,34,122,183,0,0,29
-2,3,20,3,7,2475,B6,LAX,30,0,72,0,0,34,122,183,0,0,29
4,3,20,3,19,2475,AA,LAX,30,0,72,0,0,34,122,183,0,0,29
14,3,20,3,16,2475,AA,LAX,30,0,72,0,0,34,122,183,0,0,29
-8,3,20,3,13,2475,AA,LAX,30,0,72,0,0,34,122,183,0,0,29
-7,3,20,3,10,2475,AA,LAX,30,0,72,0,0,34,122,183,0,0,29
-3,3,20,3,14,2475,DL,LAX,30,0,72,0,0,34,122,183,0,0,29
20,3,20,3,21,2475,DL,LAX,30,0,72,0,0,34,122,183,0,0,29
-1,3,20,3,17,2475,DL,LAX,30,0,72,0,0,34,122,183,0,0,29
-5,3,20,3,9,2475,DL,LAX,30,0,72,0,0,34,122,183,0,0,29
-3,3,20,3,19,2475,DL,LAX,30,0,72,0,0,34,122,183,0,0,29
-6,3,20,3,12,2475,DL,LAX,30,0,72,0,0,34,122,183,0,0,29
-3,3,20,3,7,2475,DL,LAX,30,0,72,0,0,34,122,183,0,0,29
-1,3,20,3,16,2475,DL,LAX,30,0,72,0,0,34,122,183,0,0,29
3,4,16,2,9,2475,VX,LAX,36,83,172,0,0,29,106,183,0,0,59
5,4,16,2,7,2475,VX,LAX,36,83,172,0,0,29,106,183,0,0,59
-1,4,16,2,20,2475,VX,LAX,36,83,172,0,0,29,106,183,0,0,59
-2,4,16,2,20,2475,UA,LAX,36,83,172,0,0,29,106,183,0,0,59
-4,4,16,2,6,2475,UA,LAX,36,83,172,0,0,29,106,183,0,0,59
1,4,16,2,15,2475,UA,LAX,36,83,172,0,0,29,106,183,0,0,59
0,4,16,2,11,2475,UA,LAX,36,83,172,0,0,29,106,183,0,0,59
-3,4,16,2,17,2475,UA,LAX,36,83,172,0,0,29,106,183,0,0,59
-3,4,16,2,8,2475,UA,LAX,36,83,172,0,0,29,106,183,0,0,59
2,4,16,2,16,2475,VX,LAX,36,83,172,0,0,29,106,183,0,0,59
-8,4,16,2,13,2475,VX,LAX,36,83,172,0,0,29,106,183,0,0,59
174,4,16,2,12,2475,AA,LAX,36,83,172,0,0,29,106,183,0,0,59
-5,4,16,2,21,2475,DL,LAX,36,83,172,0,0,29,106,183,0,0,59
-2,4,16,2,7,2475,DL,LAX,36,83,172,0,0,29,106,183,0,0,59
-5,4,16,2,9,2475,DL,LAX,36,83,172,0,0,29,106,183,0,0,59
-2,4,16,2,17,2475,DL,LAX,36,83,172,0,0,29,106,183,0,0,59
-5,4,16,2,12,2475,DL,LAX,36,83,172,0,0,29,106,183,0,0,59
141,4,16,2,15,2475,AA,LAX,36,83,172,0,0,29,106,183,0,0,59
-9,4,16,2,9,2475,AA,LAX,36,83,172,0,0,29,106,183,0,0,59
-2,4,16,2,14,2475,DL,LAX,36,83,172,0,0,29,106,183,0,0,59
-2,4,16,2,11,2475,B6,LAX,36,83,172,0,0,29,106,183,0,0,59
-10,4,16,2,10,2475,AA,LAX,36,83,172,0,0,29,106,183,0,0,59
58,4,16,2,19,2475,AA,LAX,36,83,172,0,0,29,106,183,0,0,59
0,4,16,2,16,2475,B6,LAX,36,83,172,0,0,29,106,183,0,0,59
-3,4,16,2,16,2475,DL,LAX,36,83,172,0,0,29,106,183,0,0,59
77,4,16,2,17,2475,AA,LAX,36,83,172,0,0,29,106,183,0,0,59
-1,4,16,2,20,2475,B6,LAX,36,83,172,0,0,29,106,183,0,0,59
-3,4,16,2,7,2475,AA,LAX,36,83,172,0,0,29,106,183,0,0,59
334,4,16,2,13,2475,AA,LAX,36,83,172,0,0,29,106,183,0,0,59
-6,4,16,2,7,2475,B6,LAX,36,83,172,0,0,29,106,183,0,0,59
-8,4,21,7,12,2475,AA,LAX,31,28,128,0,0,22,139,217,0,0,29
23,4,21,7,19,2475,AA,LAX,31,28,128,0,0,22,139,217,0,0,29
-3,4,21,7,17,2475,UA,LAX,31,28,128,0,0,22,139,217,0,0,29
-4,4,21,7,11,2475,UA,LAX,31,28,128,0,0,22,139,217,0,0,29
2,4,21,7,8,2475,UA,LAX,31,28,128,0,0,22,139,217,0,0,29
4,4,21,7,20,2475,UA,LAX,31,28,128,0,0,22,139,217,0,0,29
6,4,21,7,15,2475,UA,LAX,31,28,128,0,0,22,139,217,0,0,29
-1,4,21,7,16,2475,DL,LAX,31,28,128,0,0,22,139,217,0,0,29
-1,4,21,7,14,2475,DL,LAX,31,28,128,0,0,22,139,217,0,0,29
-4,4,21,7,12,2475,DL,LAX,31,28,128,0,0,22,139,217,0,0,29
-4,4,21,7,7,2475,DL,LAX,31,28,128,0,0,22,139,217,0,0,29
-7,4,21,7,9,2475,DL,LAX,31,28,128,0,0,22,139,217,0,0,29
1,4,21,7,19,2475,DL,LAX,31,28,128,0,0,22,139,217,0,0,29
9,4,21,7,17,2475,DL,LAX,31,28,128,0,0,22,139,217,0,0,29
-2,4,21,7,21,2475,DL,LAX,31,28,128,0,0,22,139,217,0,0,29
58,4,21,7,9,2475,AA,LAX,31,28,128,0,0,22,139,217,0,0,29
-3,4,21,7,13,2475,AA,LAX,31,28,128,0,0,22,139,217,0,0,29
0,4,21,7,20,2475,B6,LAX,31,28,128,0,0,22,139,217,0,0,29
12,4,21,7,16,2475,B6,LAX,31,28,128,0,0,22,139,217,0,0,29
-7,4,21,7,11,2475,B6,LAX,31,28,128,0,0,22,139,217,0,0,29
16,4,21,7,7,2475,B6,LAX,31,28,128,0,0,22,139,217,0,0,29
74,4,21,7,15,2475,AA,LAX,31,28,128,0,0,22,139,217,0,0,29
14,4,21,7,17,2475,AA,LAX,31,28,128,0,0,22,139,217,0,0,29
4,4,21,7,21,2475,AA,LAX,31,28,128,0,0,22,139,217,0,0,29
28,4,21,7,7,2475,AA,LAX,31,28,128,0,0,22,139,217,0,0,29
-4,4,21,7,10,2475,AA,LAX,31,28,128,0,0,22,139,217,0,0,29
-1,4,21,7,9,2475,VX,LAX,31,28,128,0,0,22,139,217,0,0,29
1,4,21,7,13,2475,VX,LAX,31,28,128,0,0,22,139,217,0,0,29
13,4,21,7,16,2475,VX,LAX,31,28,128,0,0,22,139,217,0,0,29
5,4,21,7,7,2475,VX,LAX,31,28,128,0,0,22,139,217,0,0,29
17,4,21,7,20,2475,VX,LAX,31,28,128,0,0,22,139,217,0,0,29
-2,5,17,5,15,2475,UA,LAX,5,144,222,0,0,16,167,217,0,0,32
3,5,17,5,6,2475,UA,LAX,5,144,222,0,0,16,167,217,0,0,32
9,5,17,5,8,2475,UA,LAX,5,144,222,0,0,16,167,217,0,0,32
1,5,17,5,20,2475,UA,LAX,5,144,222,0,0,16,167,217,0,0,32
2,5,17,5,11,2475,UA,LAX,5,144,222,0,0,16,167,217,0,0,32
-4,5,17,5,17,2475,UA,LAX,5,144,222,0,0,16,167,217,0,0,32
-1,5,17,5,7,2475,VX,LAX,5,144,222,0,0,16,167,217,0,0,32
2,5,17,5,9,2475,VX,LAX,5,144,222,0,0,16,167,217,0,0,32
-1,5,17,5,13,2475,VX,LAX,5,144,222,0,0,16,167,217,0,0,32
3,5,17,5,16,2475,VX,LAX,5,144,222,0,0,16,167,217,0,0,32
1,5,17,5,20,2475,VX,LAX,5,144,222,0,0,16,167,217,0,0,32
-1,5,17,5,14,2475,DL,LAX,5,144,222,0,0,16,167,217,0,0,32
-4,5,17,5,12,2475,DL,LAX,5,144,222,0,0,16,167,217,0,0,32
-5,5,17,5,9,2475,AA,LAX,5,144,222,0,0,16,167,217,0,0,32
50,5,17,5,21,2475,AA,LAX,5,144,222,0,0,16,167,217,0,0,32
-3,5,17,5,9,2475,B6,LAX,5,144,222,0,0,16,167,217,0,0,32
-2,5,17,5,10,2475,AA,LAX,5,144,222,0,0,16,167,217,0,0,32
76,5,17,5,15,2475,AA,LAX,5,144,222,0,0,16,167,217,0,0,32
-7,5,17,5,13,2475,AA,LAX,5,144,222,0,0,16,167,217,0,0,32
24,5,17,5,17,2475,AA,LAX,5,144,222,0,0,16,167,217,0,0,32
0,5,17,5,19,2475,AA,LAX,5,144,222,0,0,16,167,217,0,0,32
-4,5,17,5,7,2475,DL,LAX,5,144,222,0,0,16,167,217,0,0,32
6,5,17,5,20,2475,B6,LAX,5,144,222,0,0,16,167,217,0,0,32
-5,5,17,5,7,2475,AA,LAX,5,144,222,0,0,16,167,217,0,0,32
-4,5,17,5,12,2475,AA,LAX,5,144,222,0,0,16,167,217,0,0,32
-1,5,17,5,7,2475,B6,LAX,5,144,222,0,0,16,167,217,0,0,32
59,5,17,5,16,2475,B6,LAX,5,144,222,0,0,16,167,217,0,0,32
-1,5,17,5,21,2475,DL,LAX,5,144,222,0,0,16,167,217,0,0,32
8,5,17,5,18,2475,DL,LAX,5,144,222,0,0,16,167,217,0,0,32
0,5,17,5,16,2475,DL,LAX,5,144,222,0,0,16,167,217,0,0,32
-5,5,17,5,19,2475,DL,LAX,5,144,222,0,0,16,167,217,0,0,32
-4,5,17,5,8,2475,DL,LAX,5,144,222,0,0,16,167,217,0,0,32
-4,5,22,3,7,2475,B6,LAX,0,150,256,0,0,15,172,217,0,0,38
9,5,22,3,12,2475,DL,LAX,0,150,256,0,0,15,172,217,0,0,38
-2,5,22,3,9,2475,DL,LAX,0,150,256,0,0,15,172,217,0,0,38
-7,5,22,3,12,2475,AA,LAX,0,150,256,0,0,15,172,217,0,0,38
14,5,22,3,18,2475,DL,LAX,0,150,256,0,0,15,172,217,0,0,38
63,5,22,3,21,2475,AA,LAX,0,150,256,0,0,15,172,217,0,0,38
15,5,22,3,17,2475,AA,LAX,0,150,256,0,0,15,172,217,0,0,38
-2,5,22,3,7,2475,DL,LAX,0,150,256,0,0,15,172,217,0,0,38
1,5,22,3,13,2475,AA,LAX,0,150,256,0,0,15,172,217,0,0,38
7,5,22,3,16,2475,B6,LAX,0,150,256,0,0,15,172,217,0,0,38
0,5,22,3,20,2475,B6,LAX,0,150,256,0,0,15,172,217,0,0,38
34,5,22,3,21,2475,DL,LAX,0,150,256,0,0,15,172,217,0,0,38
-3,5,22,3,7,2475,AA,LAX,0,150,256,0,0,15,172,217,0,0,38
1,5,22,3,10,2475,AA,LAX,0,150,256,0,0,15,172,217,0,0,38
14,5,22,3,19,2475,DL,LAX,0,150,256,0,0,15,172,217,0,0,38
1,5,22,3,15,2475,AA,LAX,0,150,256,0,0,15,172,217,0,0,38
10,5,22,3,14,2475,DL,LAX,0,150,256,0,0,15,172,217,0,0,38
13,5,22,3,19,2475,AA,LAX,0,150,256,0,0,15,172,217,0,0,38
4,5,22,3,9,2475,AA,LAX,0,150,256,0,0,15,172,217,0,0,38
8,5,22,3,16,2475,DL,LAX,0,150,256,0,0,15,172,217,0,0,38
0,5,22,3,9,2475,B6,LAX,0,150,256,0,0,15,172,217,0,0,38
-2,5,22,3,6,2475,UA,LAX,0,150,256,0,0,15,172,217,0,0,38
15,5,22,3,15,2475,UA,LAX,0,150,256,0,0,15,172,217,0,0,38
-5,5,22,3,9,2475,VX,LAX,0,150,256,0,0,15,172,217,0,0,38
-1,5,22,3,13,2475,VX,LAX,0,150,256,0,0,15,172,217,0,0,38
19,5,22,3,16,2475,VX,LAX,0,150,256,0,0,15,172,217,0,0,38
5,5,22,3,20,2475,VX,LAX,0,150,256,0,0,15,172,217,0,0,38
33,5,22,3,8,2475,UA,LAX,0,150,256,0,0,15,172,217,0,0,38
-5,5,22,3,7,2475,VX,LAX,0,150,256,0,0,15,172,217,0,0,38
8,5,22,3,17,2475,UA,LAX,0,150,256,0,0,15,172,217,0,0,38
9,5,22,3,11,2475,UA,LAX,0,150,256,0,0,15,172,217,0,0,38
0,5,22,3,20,2475,UA,LAX,0,150,256,0,0,15,172,217,0,0,38
0,6,18,2,20,2475,B6,LAX,16,178,289,51,0,16,172,228,0,0,34
1,6,18,2,16,2475,B6,LAX,16,178,289,51,0,16,172,228,0,0,34
1,6,18,2,15,2475,AA,LAX,16,178,289,51,0,16,172,228,0,0,34
2,6,18,2,7,2475,B6,LAX,16,178,289,51,0,16,172,228,0,0,34
-5,6,18,2,7,2475,AA,LAX,16,178,289,51,0,16,172,228,0,0,34
-2,6,18,2,19,2475,AA,LAX,16,178,289,51,0,16,172,228,0,0,34
1,6,18,2,17,2475,AA,LAX,16,178,289,51,0,16,172,228,0,0,34
12,6,18,2,9,2475,B6,LAX,16,178,289,51,0,16,172,228,0,0,34
43,6,18,2,21,2475,AA,LAX,16,178,289,51,0,16,172,228,0,0,34
-5,6,18,2,10,2475,AA,LAX,16,178,289,51,0,16,172,228,0,0,34
-2,6,18,2,13,2475,AA,LAX,16,178,289,51,0,16,172,228,0,0,34
-3,6,18,2,12,2475,AA,LAX,16,178,289,51,0,16,172,228,0,0,34
-6,6,18,2,9,2475,AA,LAX,16,178,289,51,0,16,172,228,0,0,34
47,6,18,2,22,2475,B6,LAX,16,178,289,51,0,16,172,228,0,0,34
103,6,18,2,16,2475,VX,LAX,16,178,289,51,0,16,172,228,0,0,34
10,6,18,2,17,2475,UA,LAX,16,178,289,51,0,16,172,228,0,0,34
127,6,18,2,20,2475,VX,LAX,16,178,289,51,0,16,172,228,0,0,34
1,6,18,2,6,2475,UA,LAX,16,178,289,51,0,16,172,228,0,0,34
0,6,18,2,11,2475,UA,LAX,16,178,289,51,0,16,172,228,0,0,34
14,6,18,2,20,2475,UA,LAX,16,178,289,51,0,16,172,228,0,0,34
-2,6,18,2,14,2475,UA,LAX,16,178,289,51,0,16,172,228,0,0,34
12,6,18,2,8,2475,UA,LAX,16,178,289,51,0,16,172,228,0,0,34
-1,6,18,2,7,2475,VX,LAX,16,178,289,51,0,16,172,228,0,0,34
0,6,18,2,9,2475,VX,LAX,16,178,289,51,0,16,172,228,0,0,34
-1,6,18,2,13,2475,VX,LAX,16,178,289,51,0,16,172,228,0,0,34
42,6,18,2,18,2475,DL,LAX,16,178,289,51,0,16,172,228,0,0,34
-2,6,18,2,7,2475,DL,LAX,16,178,289,51,0,16,172,228,0,0,34
4,6,18,2,17,2475,DL,LAX,16,178,289,51,0,16,172,228,0,0,34
30,6,18,2,21,2475,DL,LAX,16,178,289,51,0,16,172,228,0,0,34
51,6,18,2,12,2475,DL,LAX,16,178,289,51,0,16,172,228,0,0,34
-2,6,18,2,9,2475,DL,LAX,16,178,289,51,0,16,172,228,0,0,34
-1,6,18,2,15,2475,DL,LAX,16,178,289,51,0,16,172,228,0,0,34
31,6,23,7,21,2475,AA,LAX,11,211,311,0,0,21,178,222,0,0,33
-1,6,23,7,20,2475,B6,LAX,11,211,311,0,0,21,178,222,0,0,33
-5,6,23,7,12,2475,B6,LAX,11,211,311,0,0,21,178,222,0,0,33
6,6,23,7,7,2475,B6,LAX,11,211,311,0,0,21,178,222,0,0,33
6,6,23,7,13,2475,AA,LAX,11,211,311,0,0,21,178,222,0,0,33
96,6,23,7,19,2475,AA,LAX,11,211,311,0,0,21,178,222,0,0,33
-1,6,23,7,9,2475,AA,LAX,11,211,311,0,0,21,178,222,0,0,33
-5,6,23,7,15,2475,AA,LAX,11,211,311,0,0,21,178,222,0,0,33
-7,6,23,7,12,2475,AA,LAX,11,211,311,0,0,21,178,222,0,0,33
0,6,23,7,10,2475,AA,LAX,11,211,311,0,0,21,178,222,0,0,33
5,6,23,7,16,2475,B6,LAX,11,211,311,0,0,21,178,222,0,0,33
4,6,23,7,17,2475,AA,LAX,11,211,311,0,0,21,178,222,0,0,33
-3,6,23,7,9,2475,B6,LAX,11,211,311,0,0,21,178,222,0,0,33
12,6,23,7,22,2475,B6,LAX,11,211,311,0,0,21,178,222,0,0,33
0,6,23,7,7,2475,AA,LAX,11,211,311,0,0,21,178,222,0,0,33
23,6,23,7,21,2475,DL,LAX,11,211,311,0,0,21,178,222,0,0,33
2,6,23,7,12,2475,DL,LAX,11,211,311,0,0,21,178,222,0,0,33
2,6,23,7,9,2475,DL,LAX,11,211,311,0,0,21,178,222,0,0,33
2,6,23,7,15,2475,DL,LAX,11,211,311,0,0,21,178,222,0,0,33
9,6,23,7,18,2475,DL,LAX,11,211,311,0,0,21,178,222,0,0,33
15,6,23,7,7,2475,DL,LAX,11,211,311,0,0,21,178,222,0,0,33
-2,6,23,7,17,2475,DL,LAX,11,211,311,0,0,21,178,222,0,0,33
36,6,23,7,20,2475,VX,LAX,11,211,311,0,0,21,178,222,0,0,33
26,6,23,7,16,2475,VX,LAX,11,211,311,0,0,21,178,222,0,0,33
1,6,23,7,13,2475,VX,LAX,11,211,311,0,0,21,178,222,0,0,33
91,6,23,7,9,2475,VX,LAX,11,211,311,0,0,21,178,222,0,0,33
-7,6,23,7,7,2475,VX,LAX,11,211,311,0,0,21,178,222,0,0,33
59,6,23,7,17,2475,UA,LAX,11,211,311,0,0,21,178,222,0,0,33
2,6,23,7,20,2475,UA,LAX,11,211,311,0,0,21,178,222,0,0,33
-2,6,23,7,11,2475,UA,LAX,11,211,311,0,0,21,178,222,0,0,33
-5,6,23,7,8,2475,UA,LAX,11,211,311,0,0,21,178,222,0,0,33
8,6,23,7,14,2475,UA,LAX,11,211,311,0,0,21,178,222,0,0,33
0,7,1,1,11,2475,UA,LAX,3,222,250,213,0,14,189,272,0,0,30
14,7,1,1,13,2475,VX,LAX,3,222,250,213,0,14,189,272,0,0,30
287,7,1,1,20,2475,VX,LAX,3,222,250,213,0,14,189,272,0,0,30
29,7,1,1,16,2475,VX,LAX,3,222,250,213,0,14,189,272,0,0,30
15,7,1,1,9,2475,VX,LAX,3,222,250,213,0,14,189,272,0,0,30
-4,7,1,1,7,2475,VX,LAX,3,222,250,213,0,14,189,272,0,0,30
40,7,1,1,17,2475,UA,LAX,3,222,250,213,0,14,189,272,0,0,30
4,7,1,1,6,2475,UA,LAX,3,222,250,213,0,14,189,272,0,0,30
-7,7,1,1,8,2475,UA,LAX,3,222,250,213,0,14,189,272,0,0,30
-2,7,1,1,14,2475,UA,LAX,3,222,250,213,0,14,189,272,0,0,30
-7,7,1,1,9,2475,B6,LAX,3,222,250,213,0,14,189,272,0,0,30
-6,7,1,1,7,2475,B6,LAX,3,222,250,213,0,14,189,272,0,0,30
135,7,1,1,22,2475,B6,LAX,3,222,250,213,0,14,189,272,0,0,30
45,7,1,1,12,2475,B6,LAX,3,222,250,213,0,14,189,272,0,0,30
190,7,1,1,20,2475,B6,LAX,3,222,250,213,0,14,189,272,0,0,30
10,7,1,1,13,2475,AA,LAX,3,222,250,213,0,14,189,272,0,0,30
43,7,1,1,15,2475,AA,LAX,3,222,250,213,0,14,189,272,0,0,30
53,7,1,1,17,2475,AA,LAX,3,222,250,213,0,14,189,272,0,0,30
-4,7,1,1,16,2475,B6,LAX,3,222,250,213,0,14,189,272,0,0,30
6,7,1,1,7,2475,AA,LAX,3,222,250,213,0,14,189,272,0,0,30
174,7,1,1,21,2475,AA,LAX,3,222,250,213,0,14,189,272,0,0,30
-3,7,1,1,9,2475,AA,LAX,3,222,250,213,0,14,189,272,0,0,30
46,7,1,1,19,2475,AA,LAX,3,222,250,213,0,14,189,272,0,0,30
4,7,1,1,21,2475,DL,LAX,3,222,250,213,0,14,189,272,0,0,30
6,7,1,1,17,2475,DL,LAX,3,222,250,213,0,14,189,272,0,0,30
156,7,1,1,12,2475,DL,LAX,3,222,250,213,0,14,189,272,0,0,30
-5,7,1,1,12,2475,AA,LAX,3,222,250,213,0,14,189,272,0,0,30
-1,7,1,1,10,2475,AA,LAX,3,222,250,213,0,14,189,272,0,0,30
0,7,1,1,7,2475,DL,LAX,3,222,250,213,0,14,189,272,0,0,30
2,7,1,1,9,2475,DL,LAX,3,222,250,213,0,14,189,272,0,0,30
3,7,1,1,15,2475,DL,LAX,3,222,250,213,0,14,189,272,0,0,30
19,7,1,1,18,2475,DL,LAX,3,222,250,213,0,14,189,272,0,0,30
2,7,19,5,18,2475,DL,LAX,15,283,356,0,0,23,172,228,0,0,31
-5,7,19,5,9,2475,DL,LAX,15,283,356,0,0,23,172,228,0,0,31
-2,7,19,5,7,2475,DL,LAX,15,283,356,0,0,23,172,228,0,0,31
102,7,19,5,12,2475,DL,LAX,15,283,356,0,0,23,172,228,0,0,31
25,7,19,5,17,2475,DL,LAX,15,283,356,0,0,23,172,228,0,0,31
-2,7,19,5,15,2475,DL,LAX,15,283,356,0,0,23,172,228,0,0,31
-1,7,19,5,21,2475,DL,LAX,15,283,356,0,0,23,172,228,0,0,31
27,7,19,5,22,2475,B6,LAX,15,283,356,0,0,23,172,228,0,0,31
64,7,19,5,15,2475,AA,LAX,15,283,356,0,0,23,172,228,0,0,31
9,7,19,5,20,2475,B6,LAX,15,283,356,0,0,23,172,228,0,0,31
-5,7,19,5,12,2475,B6,LAX,15,283,356,0,0,23,172,228,0,0,31
-7,7,19,5,16,2475,B6,LAX,15,283,356,0,0,23,172,228,0,0,31
4,7,19,5,19,2475,AA,LAX,15,283,356,0,0,23,172,228,0,0,31
-3,7,19,5,21,2475,AA,LAX,15,283,356,0,0,23,172,228,0,0,31
4,7,19,5,9,2475,B6,LAX,15,283,356,0,0,23,172,228,0,0,31
-2,7,19,5,10,2475,AA,LAX,15,283,356,0,0,23,172,228,0,0,31
1,7,19,5,7,2475,B6,LAX,15,283,356,0,0,23,172,228,0,0,31
0,7,19,5,9,2475,AA,LAX,15,283,356,0,0,23,172,228,0,0,31
-9,7,19,5,7,2475,AA,LAX,15,283,356,0,0,23,172,228,0,0,31
5,7,19,5,17,2475,AA,LAX,15,283,356,0,0,23,172,228,0,0,31
-3,7,19,5,12,2475,AA,LAX,15,283,356,0,0,23,172,228,0,0,31
11,7,19,5,17,2475,UA,LAX,15,283,356,0,0,23,172,228,0,0,31
3,7,19,5,7,2475,VX,LAX,15,283,356,0,0,23,172,228,0,0,31
0,7,19,5,9,2475,VX,LAX,15,283,356,0,0,23,172,228,0,0,31
0,7,19,5,13,2475,VX,LAX,15,283,356,0,0,23,172,228,0,0,31
0,7,19,5,16,2475,VX,LAX,15,283,356,0,0,23,172,228,0,0,31
21,7,19,5,20,2475,VX,LAX,15,283,356,0,0,23,172,228,0,0,31
-1,7,19,5,14,2475,UA,LAX,15,283,356,0,0,23,172,228,0,0,31
17,7,19,5,20,2475,UA,LAX,15,283,356,0,0,23,172,228,0,0,31
-5,7,19,5,6,2475,UA,LAX,15,283,356,0,0,23,172,228,0,0,31
-2,7,19,5,11,2475,UA,LAX,15,283,356,0,0,23,172,228,0,0,31
-8,7,19,5,8,2475,UA,LAX,15,283,356,0,0,23,172,228,0,0,31
-6,7,24,3,8,2475,UA,LAX,20,200,283,0,0,20,167,211,0,0,40
-4,7,24,3,11,2475,UA,LAX,20,200,283,0,0,20,167,211,0,0,40
-3,7,24,3,20,2475,UA,LAX,20,200,283,0,0,20,167,211,0,0,40
0,7,24,3,14,2475,UA,LAX,20,200,283,0,0,20,167,211,0,0,40
37,7,24,3,20,2475,VX,LAX,20,200,283,0,0,20,167,211,0,0,40
4,7,24,3,16,2475,VX,LAX,20,200,283,0,0,20,167,211,0,0,40
-2,7,24,3,13,2475,VX,LAX,20,200,283,0,0,20,167,211,0,0,40
-4,7,24,3,9,2475,VX,LAX,20,200,283,0,0,20,167,211,0,0,40
0,7,24,3,17,2475,UA,LAX,20,200,283,0,0,20,167,211,0,0,40
-5,7,24,3,7,2475,VX,LAX,20,200,283,0,0,20,167,211,0,0,40
-6,7,24,3,6,2475,UA,LAX,20,200,283,0,0,20,167,211,0,0,40
36,7,24,3,13,2475,AA,LAX,20,200,283,0,0,20,167,211,0,0,40
0,7,24,3,10,2475,AA,LAX,20,200,283,0,0,20,167,211,0,0,40
31,7,24,3,9,2475,B6,LAX,20,200,283,0,0,20,167,211,0,0,40
9,7,24,3,12,2475,B6,LAX,20,200,283,0,0,20,167,211,0,0,40
64,7,24,3,22,2475,B6,LAX,20,200,283,0,0,20,167,211,0,0,40
-3,7,24,3,16,2475,B6,LAX,20,200,283,0,0,20,167,211,0,0,40
-6,7,24,3,7,2475,B6,LAX,20,200,283,0,0,20,167,211,0,0,40
20,7,24,3,20,2475,B6,LAX,20,200,283,0,0,20,167,211,0,0,40
1,7,24,3,17,2475,AA,LAX,20,200,283,0,0,20,167,211,0,0,40
88,7,24,3,9,2475,AA,LAX,20,200,283,0,0,20,167,211,0,0,40
0,7,24,3,15,2475,AA,LAX,20,200,283,0,0,20,167,211,0,0,40
1,7,24,3,19,2475,AA,LAX,20,200,283,0,0,20,167,211,0,0,40
55,7,24,3,7,2475,AA,LAX,20,200,283,0,0,20,167,211,0,0,40
79,7,24,3,21,2475,AA,LAX,20,200,283,0,0,20,167,211,0,0,40
1,7,24,3,12,2475,AA,LAX,20,200,283,0,0,20,167,211,0,0,40
29,7,24,3,18,2475,DL,LAX,20,200,283,0,0,20,167,211,0,0,40
-3,7,24,3,7,2475,DL,LAX,20,200,283,0,0,20,167,211,0,0,40
11,7,24,3,17,2475,DL,LAX,20,200,283,0,0,20,167,211,0,0,40
-2,7,24,3,12,2475,DL,LAX,20,200,283,0,0,20,167,211,0,0,40
8,7,24,3,21,2475,DL,LAX,20,200,283,0,0,20,167,211,0,0,40
-2,7,24,3,9,2475,DL,LAX,20,200,283,0,0,20,167,211,0,0,40
-1,7,24,3,15,2475,DL,LAX,20,200,283,0,0,20,167,211,0,0,40
-1,8,2,5,14,2475,UA,LAX,29,194,283,0,0,20,172,228,0,0,31
21,8,2,5,17,2475,UA,LAX,29,194,283,0,0,20,172,228,0,0,31
9,8,2,5,8,2475,UA,LAX,29,194,283,0,0,20,172,228,0,0,31
1,8,2,5,20,2475,VX,LAX,29,194,283,0,0,20,172,228,0,0,31
1,8,2,5,16,2475,VX,LAX,29,194,283,0,0,20,172,228,0,0,31
-8,8,2,5,13,2475,VX,LAX,29,194,283,0,0,20,172,228,0,0,31
13,8,2,5,9,2475,VX,LAX,29,194,283,0,0,20,172,228,0,0,31
-3,8,2,5,7,2475,VX,LAX,29,194,283,0,0,20,172,228,0,0,31
7,8,2,5,11,2475,UA,LAX,29,194,283,0,0,20,172,228,0,0,31
-7,8,2,5,6,2475,UA,LAX,29,194,283,0,0,20,172,228,0,0,31
15,8,2,5,20,2475,UA,LAX,29,194,283,0,0,20,172,228,0,0,31
-4,8,2,5,21,2475,AA,LAX,29,194,283,0,0,20,172,228,0,0,31
-4,8,2,5,10,2475,AA,LAX,29,194,283,0,0,20,172,228,0,0,31
24,8,2,5,20,2475,B6,LAX,29,194,283,0,0,20,172,228,0,0,31
1,8,2,5,7,2475,AA,LAX,29,194,283,0,0,20,172,228,0,0,31
1,8,2,5,21,2475,DL,LAX,29,194,283,0,0,20,172,228,0,0,31
-1,8,2,5,17,2475,AA,LAX,29,194,283,0,0,20,172,228,0,0,31
-2,8,2,5,12,2475,AA,LAX,29,194,283,0,0,20,172,228,0,0,31
1,8,2,5,16,2475,B6,LAX,29,194,283,0,0,20,172,228,0,0,31
-6,8,2,5,9,2475,B6,LAX,29,194,283,0,0,20,172,228,0,0,31
-3,8,2,5,12,2475,B6,LAX,29,194,283,0,0,20,172,228,0,0,31
-4,8,2,5,7,2475,B6,LAX,29,194,283,0,0,20,172,228,0,0,31
10,8,2,5,22,2475,B6,LAX,29,194,283,0,0,20,172,228,0,0,31
0,8,2,5,7,2475,DL,LAX,29,194,283,0,0,20,172,228,0,0,31
-5,8,2,5,12,2475,DL,LAX,29,194,283,0,0,20,172,228,0,0,31
-1,8,2,5,13,2475,AA,LAX,29,194,283,0,0,20,172,228,0,0,31
-3,8,2,5,9,2475,DL,LAX,29,194,283,0,0,20,172,228,0,0,31
77,8,2,5,15,2475,DL,LAX,29,194,283,0,0,20,172,228,0,0,31
-2,8,2,5,18,2475,DL,LAX,29,194,283,0,0,20,172,228,0,0,31
-3,8,2,5,9,2475,AA,LAX,29,194,283,0,0,20,172,228,0,0,31
-1,8,2,5,19,2475,AA,LAX,29,194,283,0,0,20,172,228,0,0,31
56,8,2,5,17,2475,DL,LAX,29,194,283,0,0,20,172,228,0,0,31
19,8,25,7,20,2475,B6,LAX,7,178,283,0,0,18,139,211,0,0,30
-1,8,25,7,12,2475,B6,LAX,7,178,283,0,0,18,139,211,0,0,30
-4,8,25,7,17,2475,AA,LAX,7,178,283,0,0,18,139,211,0,0,30
-2,8,25,7,21,2475,AA,LAX,7,178,283,0,0,18,139,211,0,0,30
-5,8,25,7,10,2475,AA,LAX,7,178,283,0,0,18,139,211,0,0,30
-4,8,25,7,15,2475,AA,LAX,7,178,283,0,0,18,139,211,0,0,30
-2,8,25,7,19,2475,AA,LAX,7,178,283,0,0,18,139,211,0,0,30
-5,8,25,7,7,2475,AA,LAX,7,178,283,0,0,18,139,211,0,0,30
-4,8,25,7,9,2475,AA,LAX,7,178,283,0,0,18,139,211,0,0,30
-3,8,25,7,16,2475,B6,LAX,7,178,283,0,0,18,139,211,0,0,30
-1,8,25,7,13,2475,AA,LAX,7,178,283,0,0,18,139,211,0,0,30
-5,8,25,7,9,2475,DL,LAX,7,178,283,0,0,18,139,211,0,0,30
-1,8,25,7,15,2475,DL,LAX,7,178,283,0,0,18,139,211,0,0,30
13,8,25,7,18,2475,DL,LAX,7,178,283,0,0,18,139,211,0,0,30
-3,8,25,7,21,2475,DL,LAX,7,178,283,0,0,18,139,211,0,0,30
-8,8,25,7,12,2475,AA,LAX,7,178,283,0,0,18,139,211,0,0,30
-5,8,25,7,12,2475,DL,LAX,7,178,283,0,0,18,139,211,0,0,30
0,8,25,7,7,2475,DL,LAX,7,178,283,0,0,18,139,211,0,0,30
-3,8,25,7,7,2475,B6,LAX,7,178,283,0,0,18,139,211,0,0,30
-4,8,25,7,9,2475,B6,LAX,7,178,283,0,0,18,139,211,0,0,30
20,8,25,7,17,2475,DL,LAX,7,178,283,0,0,18,139,211,0,0,30
-3,8,25,7,8,2475,UA,LAX,7,178,283,0,0,18,139,211,0,0,30
1,8,25,7,14,2475,UA,LAX,7,178,283,0,0,18,139,211,0,0,30
21,8,25,7,20,2475,VX,LAX,7,178,283,0,0,18,139,211,0,0,30
19,8,25,7,16,2475,VX,LAX,7,178,283,0,0,18,139,211,0,0,30
-1,8,25,7,13,2475,VX,LAX,7,178,283,0,0,18,139,211,0,0,30
1,8,25,7,9,2475,VX,LAX,7,178,283,0,0,18,139,211,0,0,30
-1,8,25,7,7,2475,VX,LAX,7,178,283,0,0,18,139,211,0,0,30
-9,8,25,7,11,2475,UA,LAX,7,178,283,0,0,18,139,211,0,0,30
-9,8,25,7,20,2475,UA,LAX,7,178,283,0,0,18,139,211,0,0,30
-5,8,25,7,17,2475,UA,LAX,7,178,283,0,0,18,139,211,0,0,30
-6,8,30,5,11,2475,UA,LAX,2,211,294,0,0,19,222,333,0,0,26
17,8,30,5,8,2475,UA,LAX,2,211,294,0,0,19,222,333,0,0,26
-1,8,30,5,20,2475,VX,LAX,2,211,294,0,0,19,222,333,0,0,26
-7,8,30,5,16,2475,VX,LAX,2,211,294,0,0,19,222,333,0,0,26
-6,8,30,5,13,2475,VX,LAX,2,211,294,0,0,19,222,333,0,0,26
-1,8,30,5,9,2475,VX,LAX,2,211,294,0,0,19,222,333,0,0,26
-6,8,30,5,7,2475,VX,LAX,2,211,294,0,0,19,222,333,0,0,26
-3,8,30,5,14,2475,UA,LAX,2,211,294,0,0,19,222,333,0,0,26
-11,8,30,5,6,2475,UA,LAX,2,211,294,0,0,19,222,333,0,0,26
5,8,30,5,20,2475,UA,LAX,2,211,294,0,0,19,222,333,0,0,26
45,8,30,5,17,2475,UA,LAX,2,211,294,0,0,19,222,333,0,0,26
-2,8,30,5,20,2475,B6,LAX,2,211,294,0,0,19,222,333,0,0,26
-7,8,30,5,10,2475,AA,LAX,2,211,294,0,0,19,222,333,0,0,26
-1,8,30,5,16,2475,B6,LAX,2,211,294,0,0,19,222,333,0,0,26
4,8,30,5,12,2475,B6,LAX,2,211,294,0,0,19,222,333,0,0,26
-3,8,30,5,9,2475,AA,LAX,2,211,294,0,0,19,222,333,0,0,26
-8,8,30,5,15,2475,AA,LAX,2,211,294,0,0,19,222,333,0,0,26
-10,8,30,5,12,2475,AA,LAX,2,211,294,0,0,19,222,333,0,0,26
-5,8,30,5,12,2475,DL,LAX,2,211,294,0,0,19,222,333,0,0,26
4,8,30,5,7,2475,DL,LAX,2,211,294,0,0,19,222,333,0,0,26
-2,8,30,5,21,2475,DL,LAX,2,211,294,0,0,19,222,333,0,0,26
2,8,30,5,18,2475,DL,LAX,2,211,294,0,0,19,222,333,0,0,26
-4,8,30,5,13,2475,AA,LAX,2,211,294,0,0,19,222,333,0,0,26
1,8,30,5,9,2475,B6,LAX,2,211,294,0,0,19,222,333,0,0,26
9,8,30,5,7,2475,B6,LAX,2,211,294,0,0,19,222,333,0,0,26
11,8,30,5,21,2475,AA,LAX,2,211,294,0,0,19,222,333,0,0,26
-3,8,30,5,17,2475,DL,LAX,2,211,294,0,0,19,222,333,0,0,26
-1,8,30,5,16,2475,AA,LAX,2,211,294,0,0,19,222,333,0,0,26
-5,8,30,5,8,2475,AA,LAX,2,211,294,0,0,19,222,333,0,0,26
-1,8,30,5,19,2475,AA,LAX,2,211,294,0,0,19,222,333,0,0,26
-4,8,30,5,9,2475,DL,LAX,2,211,294,0,0,19,222,333,0,0,26
-1,8,30,5,15,2475,DL,LAX,2,211,294,0,0,19,222,333,0,0,26
-7,9,3,2,8,2475,UA,LAX,2,200,278,8,0,13,206,278,0,0,30
8,9,3,2,17,2475,UA,LAX,2,200,278,8,0,13,206,278,0,0,30
-2,9,3,2,20,2475,UA,LAX,2,200,278,8,0,13,206,278,0,0,30
-2,9,3,2,11,2475,UA,LAX,2,200,278,8,0,13,206,278,0,0,30
-1,9,3,2,14,2475,UA,LAX,2,200,278,8,0,13,206,278,0,0,30
-8,9,3,2,12,2475,AA,LAX,2,200,278,8,0,13,206,278,0,0,30
-5,9,3,2,21,2475,AA,LAX,2,200,278,8,0,13,206,278,0,0,30
4,9,3,2,13,2475,AA,LAX,2,200,278,8,0,13,206,278,0,0,30
8,9,3,2,10,2475,AA,LAX,2,200,278,8,0,13,206,278,0,0,30
18,9,3,2,15,2475,AA,LAX,2,200,278,8,0,13,206,278,0,0,30
179,9,3,2,19,2475,AA,LAX,2,200,278,8,0,13,206,278,0,0,30
8,9,3,2,16,2475,AA,LAX,2,200,278,8,0,13,206,278,0,0,30
-7,9,3,2,8,2475,AA,LAX,2,200,278,8,0,13,206,278,0,0,30
1,9,3,2,9,2475,AA,LAX,2,200,278,8,0,13,206,278,0,0,30
-3,9,3,2,7,2475,DL,LAX,2,200,278,8,0,13,206,278,0,0,30
-2,9,3,2,21,2475,DL,LAX,2,200,278,8,0,13,206,278,0,0,30
2,9,3,2,18,2475,DL,LAX,2,200,278,8,0,13,206,278,0,0,30
37,9,3,2,20,2475,B6,LAX,2,200,278,8,0,13,206,278,0,0,30
-3,9,3,2,16,2475,B6,LAX,2,200,278,8,0,13,206,278,0,0,30
2,9,3,2,12,2475,B6,LAX,2,200,278,8,0,13,206,278,0,0,30
0,9,3,2,6,2475,UA,LAX,2,200,278,8,0,13,206,278,0,0,30
-1,9,3,2,15,2475,DL,LAX,2,200,278,8,0,13,206,278,0,0,30
-2,9,3,2,20,2475,VX,LAX,2,200,278,8,0,13,206,278,0,0,30
24,9,3,2,16,2475,VX,LAX,2,200,278,8,0,13,206,278,0,0,30
-2,9,3,2,17,2475,DL,LAX,2,200,278,8,0,13,206,278,0,0,30
-2,9,3,2,13,2475,VX,LAX,2,200,278,8,0,13,206,278,0,0,30
-4,9,3,2,9,2475,VX,LAX,2,200,278,8,0,13,206,278,0,0,30
-1,9,3,2,7,2475,VX,LAX,2,200,278,8,0,13,206,278,0,0,30
10,9,3,2,7,2475,B6,LAX,2,200,278,8,0,13,206,278,0,0,30
29,9,3,2,9,2475,B6,LAX,2,200,278,8,0,13,206,278,0,0,30
-3,9,3,2,9,2475,DL,LAX,2,200,278,8,0,13,206,278,0,0,30
-1,9,26,4,17,2475,DL,LAX,17,144,217,0,0,16,167,233,0,0,46
-1,9,26,4,15,2475,DL,LAX,17,144,217,0,0,16,167,233,0,0,46
-3,9,26,4,9,2475,DL,LAX,17,144,217,0,0,16,167,233,0,0,46
-2,9,26,4,18,2475,DL,LAX,17,144,217,0,0,16,167,233,0,0,46
-1,9,26,4,16,2475,B6,LAX,17,144,217,0,0,16,167,233,0,0,46
-7,9,26,4,20,2475,B6,LAX,17,144,217,0,0,16,167,233,0,0,46
-4,9,26,4,12,2475,DL,LAX,17,144,217,0,0,16,167,233,0,0,46
19,9,26,4,7,2475,DL,LAX,17,144,217,0,0,16,167,233,0,0,46
-1,9,26,4,20,2475,VX,LAX,17,144,217,0,0,16,167,233,0,0,46
-5,9,26,4,7,2475,B6,LAX,17,144,217,0,0,16,167,233,0,0,46
-1,9,26,4,9,2475,VX,LAX,17,144,217,0,0,16,167,233,0,0,46
1,9,26,4,16,2475,VX,LAX,17,144,217,0,0,16,167,233,0,0,46
-1,9,26,4,11,2475,B6,LAX,17,144,217,0,0,16,167,233,0,0,46
-3,9,26,4,13,2475,VX,LAX,17,144,217,0,0,16,167,233,0,0,46
-3,9,26,4,21,2475,DL,LAX,17,144,217,0,0,16,167,233,0,0,46
1,9,26,4,7,2475,VX,LAX,17,144,217,0,0,16,167,233,0,0,46
-1,9,26,4,9,2475,B6,LAX,17,144,217,0,0,16,167,233,0,0,46
103,9,26,4,15,2475,AA,LAX,17,144,217,0,0,16,167,233,0,0,46
76,9,26,4,12,2475,AA,LAX,17,144,217,0,0,16,167,233,0,0,46
-2,9,26,4,8,2475,UA,LAX,17,144,217,0,0,16,167,233,0,0,46
11,9,26,4,21,2475,AA,LAX,17,144,217,0,0,16,167,233,0,0,46
0,9,26,4,20,2475,UA,LAX,17,144,217,0,0,16,167,233,0,0,46
-3,9,26,4,6,2475,UA,LAX,17,144,217,0,0,16,167,233,0,0,46
-2,9,26,4,14,2475,UA,LAX,17,144,217,0,0,16,167,233,0,0,46
-5,9,26,4,10,2475,AA,LAX,17,144,217,0,0,16,167,233,0,0,46
124,9,26,4,9,2475,AA,LAX,17,144,217,0,0,16,167,233,0,0,46
-1,9,26,4,16,2475,AA,LAX,17,144,217,0,0,16,167,233,0,0,46
117,9,26,4,19,2475,AA,LAX,17,144,217,0,0,16,167,233,0,0,46
20,9,26,4,13,2475,AA,LAX,17,144,217,0,0,16,167,233,0,0,46
-5,9,26,4,11,2475,UA,LAX,17,144,217,0,0,16,167,233,0,0,46
-1,9,26,4,17,2475,UA,LAX,17,144,217,0,0,16,167,233,0,0,46
-5,9,26,4,8,2475,AA,LAX,17,144,217,0,0,16,167,233,0,0,46
-4,10,17,4,12,2475,AA,LAX,4,161,228,5,0,12,156,272,0,0,31
-5,10,17,4,7,2475,B6,LAX,4,161,228,5,0,12,156,272,0,0,31
-8,10,17,4,16,2475,AA,LAX,4,161,228,5,0,12,156,272,0,0,31
1,10,17,4,20,2475,B6,LAX,4,161,228,5,0,12,156,272,0,0,31
3,10,17,4,19,2475,AA,LAX,4,161,228,5,0,12,156,272,0,0,31
-8,10,17,4,9,2475,B6,LAX,4,161,228,5,0,12,156,272,0,0,31
-3,10,17,4,9,2475,AA,LAX,4,161,228,5,0,12,156,272,0,0,31
81,10,17,4,13,2475,AA,LAX,4,161,228,5,0,12,156,272,0,0,31
6,10,17,4,8,2475,AA,LAX,4,161,228,5,0,12,156,272,0,0,31
-3,10,17,4,12,2475,B6,LAX,4,161,228,5,0,12,156,272,0,0,31
4,10,17,4,21,2475,AA,LAX,4,161,228,5,0,12,156,272,0,0,31
96,10,17,4,15,2475,AA,LAX,4,161,228,5,0,12,156,272,0,0,31
-5,10,17,4,10,2475,AA,LAX,4,161,228,5,0,12,156,272,0,0,31
0,10,17,4,16,2475,B6,LAX,4,161,228,5,0,12,156,272,0,0,31
-7,10,17,4,11,2475,UA,LAX,4,161,228,5,0,12,156,272,0,0,31
1,10,17,4,9,2475,VX,LAX,4,161,228,5,0,12,156,272,0,0,31
55,10,17,4,20,2475,UA,LAX,4,161,228,5,0,12,156,272,0,0,31
13,10,17,4,18,2475,DL,LAX,4,161,228,5,0,12,156,272,0,0,31
-2,10,17,4,17,2475,DL,LAX,4,161,228,5,0,12,156,272,0,0,31
-5,10,17,4,9,2475,DL,LAX,4,161,228,5,0,12,156,272,0,0,31
-3,10,17,4,21,2475,DL,LAX,4,161,228,5,0,12,156,272,0,0,31
1,10,17,4,15,2475,DL,LAX,4,161,228,5,0,12,156,272,0,0,31
-9,10,17,4,6,2475,UA,LAX,4,161,228,5,0,12,156,272,0,0,31
-7,10,17,4,14,2475,UA,LAX,4,161,228,5,0,12,156,272,0,0,31
-9,10,17,4,20,2475,VX,LAX,4,161,228,5,0,12,156,272,0,0,31
-3,10,17,4,16,2475,VX,LAX,4,161,228,5,0,12,156,272,0,0,31
4,10,17,4,13,2475,VX,LAX,4,161,228,5,0,12,156,272,0,0,31
-5,10,17,4,17,2475,UA,LAX,4,161,228,5,0,12,156,272,0,0,31
0,10,17,4,12,2475,DL,LAX,4,161,228,5,0,12,156,272,0,0,31
4,10,17,4,7,2475,DL,LAX,4,161,228,5,0,12,156,272,0,0,31
-5,10,17,4,8,2475,UA,LAX,4,161,228,5,0,12,156,272,0,0,31
0,10,17,4,7,2475,VX,LAX,4,161,228,5,0,12,156,272,0,0,31
0,10,22,2,14,2475,UA,LAX,9,106,194,0,0,20,133,194,0,0,30
-10,10,22,2,6,2475,UA,LAX,9,106,194,0,0,20,133,194,0,0,30
0,10,22,2,20,2475,UA,LAX,9,106,194,0,0,20,133,194,0,0,30
-2,10,22,2,11,2475,UA,LAX,9,106,194,0,0,20,133,194,0,0,30
1,10,22,2,17,2475,UA,LAX,9,106,194,0,0,20,133,194,0,0,30
-5,10,22,2,12,2475,B6,LAX,9,106,194,0,0,20,133,194,0,0,30
54,10,22,2,13,2475,AA,LAX,9,106,194,0,0,20,133,194,0,0,30
-5,10,22,2,9,2475,AA,LAX,9,106,194,0,0,20,133,194,0,0,30
3,10,22,2,16,2475,B6,LAX,9,106,194,0,0,20,133,194,0,0,30
-9,10,22,2,20,2475,B6,LAX,9,106,194,0,0,20,133,194,0,0,30
0,10,22,2,19,2475,AA,LAX,9,106,194,0,0,20,133,194,0,0,30
35,10,22,2,16,2475,AA,LAX,9,106,194,0,0,20,133,194,0,0,30
97,10,22,2,15,2475,AA,LAX,9,106,194,0,0,20,133,194,0,0,30
-6,10,22,2,21,2475,AA,LAX,9,106,194,0,0,20,133,194,0,0,30
-3,10,22,2,10,2475,AA,LAX,9,106,194,0,0,20,133,194,0,0,30
-9,10,22,2,7,2475,B6,LAX,9,106,194,0,0,20,133,194,0,0,30
4,10,22,2,12,2475,AA,LAX,9,106,194,0,0,20,133,194,0,0,30
-7,10,22,2,9,2475,B6,LAX,9,106,194,0,0,20,133,194,0,0,30
204,10,22,2,8,2475,AA,LAX,9,106,194,0,0,20,133,194,0,0,30
-5,10,22,2,7,2475,DL,LAX,9,106,194,0,0,20,133,194,0,0,30
-3,10,22,2,12,2475,DL,LAX,9,106,194,0,0,20,133,194,0,0,30
22,10,22,2,15,2475,DL,LAX,9,106,194,0,0,20,133,194,0,0,30
0,10,22,2,21,2475,DL,LAX,9,106,194,0,0,20,133,194,0,0,30
-1,10,22,2,16,2475,VX,LAX,9,106,194,0,0,20,133,194,0,0,30
-1,10,22,2,20,2475,VX,LAX,9,106,194,0,0,20,133,194,0,0,30
-3,10,22,2,7,2475,VX,LAX,9,106,194,0,0,20,133,194,0,0,30
-6,10,22,2,9,2475,VX,LAX,9,106,194,0,0,20,133,194,0,0,30
-4,10,22,2,13,2475,VX,LAX,9,106,194,0,0,20,133,194,0,0,30
1,10,22,2,18,2475,DL,LAX,9,106,194,0,0,20,133,194,0,0,30
-5,10,22,2,17,2475,DL,LAX,9,106,194,0,0,20,133,194,0,0,30
-2,10,22,2,9,2475,DL,LAX,9,106,194,0,0,20,133,194,0,0,30
-2,10,22,2,8,2475,UA,LAX,9,106,194,0,0,20,133,194,0,0,30
-3,11,18,1,9,2475,DL,LAX,7,106,183,56,0,33,128,183,0,0,32
0,11,18,1,7,2475,DL,LAX,7,106,183,56,0,33,128,183,0,0,32
-4,11,18,1,15,2475,AA,LAX,7,106,183,56,0,33,128,183,0,0,32
-5,11,18,1,21,2475,AA,LAX,7,106,183,56,0,33,128,183,0,0,32
-2,11,18,1,10,2475,AA,LAX,7,106,183,56,0,33,128,183,0,0,32
-6,11,18,1,8,2475,AA,LAX,7,106,183,56,0,33,128,183,0,0,32
-5,11,18,1,20,2475,DL,LAX,7,106,183,56,0,33,128,183,0,0,32
-6,11,18,1,9,2475,B6,LAX,7,106,183,56,0,33,128,183,0,0,32
14,11,18,1,16,2475,B6,LAX,7,106,183,56,0,33,128,183,0,0,32
-1,11,18,1,16,2475,AA,LAX,7,106,183,56,0,33,128,183,0,0,32
-2,11,18,1,18,2475,DL,LAX,7,106,183,56,0,33,128,183,0,0,32
0,11,18,1,12,2475,DL,LAX,7,106,183,56,0,33,128,183,0,0,32
-4,11,18,1,11,2475,B6,LAX,7,106,183,56,0,33,128,183,0,0,32
-4,11,18,1,13,2475,AA,LAX,7,106,183,56,0,33,128,183,0,0,32
0,11,18,1,16,2475,DL,LAX,7,106,183,56,0,33,128,183,0,0,32
19,11,18,1,12,2475,AA,LAX,7,106,183,56,0,33,128,183,0,0,32
-8,11,18,1,7,2475,B6,LAX,7,106,183,56,0,33,128,183,0,0,32
-5,11,18,1,19,2475,AA,LAX,7,106,183,56,0,33,128,183,0,0,32
-5,11,18,1,20,2475,B6,LAX,7,106,183,56,0,33,128,183,0,0,32
-1,11,18,1,15,2475,DL,LAX,7,106,183,56,0,33,128,183,0,0,32
-5,11,18,1,9,2475,AA,LAX,7,106,183,56,0,33,128,183,0,0,32
-2,11,18,1,6,2475,UA,LAX,7,106,183,56,0,33,128,183,0,0,32
-3,11,18,1,20,2475,VX,LAX,7,106,183,56,0,33,128,183,0,0,32
-5,11,18,1,16,2475,VX,LAX,7,106,183,56,0,33,128,183,0,0,32
-5,11,18,1,13,2475,VX,LAX,7,106,183,56,0,33,128,183,0,0,32
-6,11,18,1,9,2475,VX,LAX,7,106,183,56,0,33,128,183,0,0,32
1,11,18,1,7,2475,VX,LAX,7,106,183,56,0,33,128,183,0,0,32
-8,11,18,1,14,2475,UA,LAX,7,106,183,56,0,33,128,183,0,0,32
-4,11,18,1,11,2475,UA,LAX,7,106,183,56,0,33,128,183,0,0,32
-2,11,18,1,17,2475,UA,LAX,7,106,183,56,0,33,128,183,0,0,32
-1,11,18,1,8,2475,UA,LAX,7,106,183,56,0,33,128,183,0,0,32
48,11,18,1,20,2475,UA,LAX,7,106,183,56,0,33,128,183,0,0,32
-1,11,23,6,15,2475,DL,LAX,4,-5,122,0,0,43,117,200,0,0,26
-8,11,23,6,12,2475,AA,LAX,4,-5,122,0,0,43,117,200,0,0,26
-2,11,23,6,19,2475,AA,LAX,4,-5,122,0,0,43,117,200,0,0,26
-2,11,23,6,9,2475,AA,LAX,4,-5,122,0,0,43,117,200,0,0,26
1,11,23,6,11,2475,B6,LAX,4,-5,122,0,0,43,117,200,0,0,26
-3,11,23,6,20,2475,B6,LAX,4,-5,122,0,0,43,117,200,0,0,26
1,11,23,6,16,2475,B6,LAX,4,-5,122,0,0,43,117,200,0,0,26
-5,11,23,6,15,2475,AA,LAX,4,-5,122,0,0,43,117,200,0,0,26
-9,11,23,6,13,2475,AA,LAX,4,-5,122,0,0,43,117,200,0,0,26
-7,11,23,6,21,2475,AA,LAX,4,-5,122,0,0,43,117,200,0,0,26
-4,11,23,6,9,2475,DL,LAX,4,-5,122,0,0,43,117,200,0,0,26
3,11,23,6,20,2475,DL,LAX,4,-5,122,0,0,43,117,200,0,0,26
2,11,23,6,18,2475,DL,LAX,4,-5,122,0,0,43,117,200,0,0,26
-3,11,23,6,9,2475,DL,LAX,4,-5,122,0,0,43,117,200,0,0,26
-7,11,23,6,16,2475,AA,LAX,4,-5,122,0,0,43,117,200,0,0,26
-5,11,23,6,10,2475,AA,LAX,4,-5,122,0,0,43,117,200,0,0,26
-8,11,23,6,11,2475,UA,LAX,4,-5,122,0,0,43,117,200,0,0,26
0,11,23,6,17,2475,UA,LAX,4,-5,122,0,0,43,117,200,0,0,26
-5,11,23,6,8,2475,UA,LAX,4,-5,122,0,0,43,117,200,0,0,26
-8,11,23,6,6,2475,UA,LAX,4,-5,122,0,0,43,117,200,0,0,26
-5,11,23,6,20,2475,VX,LAX,4,-5,122,0,0,43,117,200,0,0,26
-4,11,23,6,16,2475,VX,LAX,4,-5,122,0,0,43,117,200,0,0,26
-1,11,23,6,13,2475,VX,LAX,4,-5,122,0,0,43,117,200,0,0,26
-3,11,23,6,9,2475,VX,LAX,4,-5,122,0,0,43,117,200,0,0,26
3,11,23,6,7,2475,VX,LAX,4,-5,122,0,0,43,117,200,0,0,26
-3,11,23,6,14,2475,UA,LAX,4,-5,122,0,0,43,117,200,0,0,26
-4,12,1,7,9,2475,AA,LAX,4,22,94,0,0,8,128,256,0,0,16
-1,12,1,7,15,2475,DL,LAX,4,22,94,0,0,8,128,256,0,0,16
-2,12,1,7,7,2475,AA,LAX,4,22,94,0,0,8,128,256,0,0,16
9,12,1,7,7,2475,DL,LAX,4,22,94,0,0,8,128,256,0,0,16
14,12,1,7,20,2475,DL,LAX,4,22,94,0,0,8,128,256,0,0,16
47,12,1,7,12,2475,AA,LAX,4,22,94,0,0,8,128,256,0,0,16
-4,12,1,7,15,2475,AA,LAX,4,22,94,0,0,8,128,256,0,0,16
14,12,1,7,21,2475,AA,LAX,4,22,94,0,0,8,128,256,0,0,16
-4,12,1,7,13,2475,AA,LAX,4,22,94,0,0,8,128,256,0,0,16
42,12,1,7,16,2475,DL,LAX,4,22,94,0,0,8,128,256,0,0,16
8,12,1,7,18,2475,DL,LAX,4,22,94,0,0,8,128,256,0,0,16
-3,12,1,7,13,2475,B6,LAX,4,22,94,0,0,8,128,256,0,0,16
6,12,1,7,12,2475,DL,LAX,4,22,94,0,0,8,128,256,0,0,16
-3,12,1,7,20,2475,B6,LAX,4,22,94,0,0,8,128,256,0,0,16
-3,12,1,7,9,2475,DL,LAX,4,22,94,0,0,8,128,256,0,0,16
19,12,1,7,16,2475,B6,LAX,4,22,94,0,0,8,128,256,0,0,16
-2,12,1,7,11,2475,B6,LAX,4,22,94,0,0,8,128,256,0,0,16
78,12,1,7,16,2475,AA,LAX,4,22,94,0,0,8,128,256,0,0,16
-4,12,1,7,9,2475,B6,LAX,4,22,94,0,0,8,128,256,0,0,16
-3,12,1,7,19,2475,AA,LAX,4,22,94,0,0,8,128,256,0,0,16
5,12,1,7,10,2475,AA,LAX,4,22,94,0,0,8,128,256,0,0,16
-7,12,1,7,7,2475,B6,LAX,4,22,94,0,0,8,128,256,0,0,16
115,12,1,7,11,2475,UA,LAX,4,22,94,0,0,8,128,256,0,0,16
-9,12,1,7,8,2475,UA,LAX,4,22,94,0,0,8,128,256,0,0,16
-8,12,1,7,13,2475,VX,LAX,4,22,94,0,0,8,128,256,0,0,16
-9,12,1,7,6,2475,UA,LAX,4,22,94,0,0,8,128,256,0,0,16
-4,12,1,7,17,2475,UA,LAX,4,22,94,0,0,8,128,256,0,0,16
-1,12,1,7,9,2475,VX,LAX,4,22,94,0,0,8,128,256,0,0,16
17,12,1,7,20,2475,VX,LAX,4,22,94,0,0,8,128,256,0,0,16
18,12,1,7,16,2475,VX,LAX,4,22,94,0,0,8,128,256,0,0,16
15,12,1,7,20,2475,UA,LAX,4,22,94,0,0,8,128,256,0,0,16
-4,12,1,7,7,2475,VX,LAX,4,22,94,0,0,8,128,256,0,0,16
3,12,1,7,14,2475,UA,LAX,4,22,94,0,0,8,128,256,0,0,16
-1,12,19,4,6,2475,UA,LAX,6,-10,83,0,0,22,111,150,10,0,30
24,12,19,4,18,2475,DL,LAX,6,-10,83,0,0,22,111,150,10,0,30
22,12,19,4,12,2475,DL,LAX,6,-10,83,0,0,22,111,150,10,0,30
4,12,19,4,14,2475,UA,LAX,6,-10,83,0,0,22,111,150,10,0,30
0,12,19,4,9,2475,DL,LAX,6,-10,83,0,0,22,111,150,10,0,30
3,12,19,4,15,2475,DL,LAX,6,-10,83,0,0,22,111,150,10,0,30
45,12,19,4,20,2475,UA,LAX,6,-10,83,0,0,22,111,150,10,0,30
-1,12,19,4,17,2475,DL,LAX,6,-10,83,0,0,22,111,150,10,0,30
19,12,19,4,7,2475,DL,LAX,6,-10,83,0,0,22,111,150,10,0,30
5,12,19,4,20,2475,DL,LAX,6,-10,83,0,0,22,111,150,10,0,30
6,12,19,4,11,2475,UA,LAX,6,-10,83,0,0,22,111,150,10,0,30
45,12,19,4,17,2475,UA,LAX,6,-10,83,0,0,22,111,150,10,0,30
86,12,19,4,8,2475,UA,LAX,6,-10,83,0,0,22,111,150,10,0,30
1,12,19,4,9,2475,VX,LAX,6,-10,83,0,0,22,111,150,10,0,30
10,12,19,4,7,2475,VX,LAX,6,-10,83,0,0,22,111,150,10,0,30
7,12,19,4,20,2475,VX,LAX,6,-10,83,0,0,22,111,150,10,0,30
18,12,19,4,16,2475,VX,LAX,6,-10,83,0,0,22,111,150,10,0,30
14,12,19,4,13,2475,VX,LAX,6,-10,83,0,0,22,111,150,10,0,30
3,12,19,4,11,2475,B6,LAX,6,-10,83,0,0,22,111,150,10,0,30
18,12,19,4,9,2475,B6,LAX,6,-10,83,0,0,22,111,150,10,0,30
14,12,19,4,7,2475,B6,LAX,6,-10,83,0,0,22,111,150,10,0,30
0,12,19,4,7,2475,AA,LAX,6,-10,83,0,0,22,111,150,10,0,30
-3,12,19,4,13,2475,AA,LAX,6,-10,83,0,0,22,111,150,10,0,30
-5,12,19,4,9,2475,AA,LAX,6,-10,83,0,0,22,111,150,10,0,30
-3,12,19,4,19,2475,AA,LAX,6,-10,83,0,0,22,111,150,10,0,30
-4,12,19,4,12,2475,AA,LAX,6,-10,83,0,0,22,111,150,10,0,30
-1,12,19,4,16,2475,AA,LAX,6,-10,83,0,0,22,111,150,10,0,30
10,12,19,4,21,2475,AA,LAX,6,-10,83,0,0,22,111,150,10,0,30
-4,12,19,4,15,2475,AA,LAX,6,-10,83,0,0,22,111,150,10,0,30
55,12,19,4,22,2475,B6,LAX,6,-10,83,0,0,22,111,150,10,0,30
43,12,19,4,20,2475,B6,LAX,6,-10,83,0,0,22,111,150,10,0,30
17,12,19,4,16,2475,B6,LAX,6,-10,83,0,0,22,111,150,10,0,30
-6,12,24,2,12,2475,AA,LAX,1,-32,56,0,0,37,117,256,0,0,21
9,12,24,2,19,2475,AA,LAX,1,-32,56,0,0,37,117,256,0,0,21
2,12,24,2,15,2475,AA,LAX,1,-32,56,0,0,37,117,256,0,0,21
2,12,24,2,13,2475,AA,LAX,1,-32,56,0,0,37,117,256,0,0,21
27,12,24,2,9,2475,AA,LAX,1,-32,56,0,0,37,117,256,0,0,21
29,12,24,2,16,2475,B6,LAX,1,-32,56,0,0,37,117,256,0,0,21
-2,12,24,2,9,2475,B6,LAX,1,-32,56,0,0,37,117,256,0,0,21
0,12,24,2,22,2475,B6,LAX,1,-32,56,0,0,37,117,256,0,0,21
1,12,24,2,21,2475,AA,LAX,1,-32,56,0,0,37,117,256,0,0,21
0,12,24,2,16,2475,AA,LAX,1,-32,56,0,0,37,117,256,0,0,21
-3,12,24,2,11,2475,B6,LAX,1,-32,56,0,0,37,117,256,0,0,21
-1,12,24,2,20,2475,B6,LAX,1,-32,56,0,0,37,117,256,0,0,21
-1,12,24,2,7,2475,B6,LAX,1,-32,56,0,0,37,117,256,0,0,21
3,12,24,2,18,2475,DL,LAX,1,-32,56,0,0,37,117,256,0,0,21
-4,12,24,2,12,2475,DL,LAX,1,-32,56,0,0,37,117,256,0,0,21
8,12,24,2,16,2475,VX,LAX,1,-32,56,0,0,37,117,256,0,0,21
0,12,24,2,13,2475,VX,LAX,1,-32,56,0,0,37,117,256,0,0,21
-3,12,24,2,9,2475,VX,LAX,1,-32,56,0,0,37,117,256,0,0,21
-1,12,24,2,7,2475,VX,LAX,1,-32,56,0,0,37,117,256,0,0,21
29,12,24,2,15,2475,DL,LAX,1,-32,56,0,0,37,117,256,0,0,21
-1,12,24,2,9,2475,DL,LAX,1,-32,56,0,0,37,117,256,0,0,21
-1,12,24,2,17,2475,DL,LAX,1,-32,56,0,0,37,117,256,0,0,21
-2,12,24,2,20,2475,DL,LAX,1,-32,56,0,0,37,117,256,0,0,21
-2,12,24,2,8,2475,UA,LAX,1,-32,56,0,0,37,117,256,0,0,21
-4,12,24,2,6,2475,UA,LAX,1,-32,56,0,0,37,117,256,0,0,21
3,12,24,2,14,2475,UA,LAX,1,-32,56,0,0,37,117,256,0,0,21
-3,12,24,2,11,2475,UA,LAX,1,-32,56,0,0,37,117,256,0,0,21
