4,1,7,1,9,2475,AA,LAX,6,28,72,0,0,24,83,189,0,0,46
5,1,7,1,16,2475,AA,LAX,6,28,72,0,0,24,83,189,0,0,46
0,1,7,1,15,2475,AA,LAX,6,28,72,0,0,24,83,189,0,0,46
-1,1,7,1,21,2475,AA,LAX,6,28,72,0,0,24,83,189,0,0,46
-7,1,7,1,12,2475,AA,LAX,6,28,72,0,0,24,83,189,0,0,46
-5,1,7,1,19,2475,AA,LAX,6,28,72,0,0,24,83,189,0,0,46
-1,1,7,1,13,2475,AA,LAX,6,28,72,0,0,24,83,189,0,0,46
-6,1,7,1,7,2475,AA,LAX,6,28,72,0,0,24,83,189,0,0,46
87,1,7,1,10,2475,AA,LAX,6,28,72,0,0,24,83,189,0,0,46
-2,1,7,1,16,2475,B6,LAX,6,28,72,0,0,24,83,189,0,0,46
-2,1,7,1,11,2475,B6,LAX,6,28,72,0,0,24,83,189,0,0,46
4,1,7,1,7,2475,B6,LAX,6,28,72,0,0,24,83,189,0,0,46
-3,1,7,1,17,2475,UA,LAX,6,28,72,0,0,24,83,189,0,0,46
7,1,7,1,15,2475,UA,LAX,6,28,72,0,0,24,83,189,0,0,46
19,1,7,1,6,2475,UA,LAX,6,28,72,0,0,24,83,189,0,0,46
-6,1,7,1,15,2475,DL,LAX,6,28,72,0,0,24,83,189,0,0,46
22,1,7,1,19,2475,DL,LAX,6,28,72,0,0,24,83,189,0,0,46
-2,1,7,1,9,2475,DL,LAX,6,28,72,0,0,24,83,189,0,0,46
-3,1,7,1,17,2475,DL,LAX,6,28,72,0,0,24,83,189,0,0,46
-1,1,7,1,20,2475,VX,LAX,6,28,72,0,0,24,83,189,0,0,46
33,1,7,1,16,2475,VX,LAX,6,28,72,0,0,24,83,189,0,0,46
-1,1,7,1,13,2475,VX,LAX,6,28,72,0,0,24,83,189,0,0,46
2,1,7,1,11,2475,VX,LAX,6,28,72,0,0,24,83,189,0,0,46
-4,1,7,1,9,2475,VX,LAX,6,28,72,0,0,24,83,189,0,0,46
-8,1,7,1,7,2475,VX,LAX,6,28,72,0,0,24,83,189,0,0,46
-2,1,7,1,7,2475,DL,LAX,6,28,72,0,0,24,83,189,0,0,46
-1,1,7,1,12,2475,DL,LAX,6,28,72,0,0,24,83,189,0,0,46
-2,1,7,1,21,2475,DL,LAX,6,28,72,0,0,24,83,189,0,0,46
-3,1,7,1,20,2475,UA,LAX,6,28,72,0,0,24,83,189,0,0,46
293,1,7,1,8,2475,UA,LAX,6,28,72,0,0,24,83,189,0,0,46
0,1,7,1,20,2475,B6,LAX,6,28,72,0,0,24,83,189,0,0,46
-7,1,7,1,11,2475,UA,LAX,6,28,72,0,0,24,83,189,0,0,46
8,1,12,6,8,2475,UA,LAX,9,56,83,5,0,17,56,139,0,0,26
-4,1,12,6,13,2475,VX,LAX,9,56,83,5,0,17,56,139,0,0,26
13,1,12,6,19,2475,DL,LAX,9,56,83,5,0,17,56,139,0,0,26
17,1,12,6,17,2475,DL,LAX,9,56,83,5,0,17,56,139,0,0,26
-8,1,12,6,12,2475,DL,LAX,9,56,83,5,0,17,56,139,0,0,26
-2,1,12,6,15,2475,DL,LAX,9,56,83,5,0,17,56,139,0,0,26
-5,1,12,6,7,2475,VX,LAX,9,56,83,5,0,17,56,139,0,0,26
-2,1,12,6,9,2475,DL,LAX,9,56,83,5,0,17,56,139,0,0,26
-9,1,12,6,16,2475,VX,LAX,9,56,83,5,0,17,56,139,0,0,26
-2,1,12,6,9,2475,VX,LAX,9,56,83,5,0,17,56,139,0,0,26
4,1,12,6,6,2475,UA,LAX,9,56,83,5,0,17,56,139,0,0,26
-2,1,12,6,17,2475,UA,LAX,9,56,83,5,0,17,56,139,0,0,26
-5,1,12,6,11,2475,UA,LAX,9,56,83,5,0,17,56,139,0,0,26
0,1,12,6,15,2475,UA,LAX,9,56,83,5,0,17,56,139,0,0,26
15,1,12,6,20,2475,B6,LAX,9,56,83,5,0,17,56,139,0,0,26
-6,1,12,6,16,2475,B6,LAX,9,56,83,5,0,17,56,139,0,0,26
0,1,12,6,11,2475,B6,LAX,9,56,83,5,0,17,56,139,0,0,26
-5,1,12,6,21,2475,AA,LAX,9,56,83,5,0,17,56,139,0,0,26
4,1,12,6,16,2475,AA,LAX,9,56,83,5,0,17,56,139,0,0,26
-3,1,12,6,10,2475,AA,LAX,9,56,83,5,0,17,56,139,0,0,26
-1,1,12,6,19,2475,AA,LAX,9,56,83,5,0,17,56,139,0,0,26
-6,1,12,6,9,2475,AA,LAX,9,56,83,5,0,17,56,139,0,0,26
-3,1,12,6,12,2475,AA,LAX,9,56,83,5,0,17,56,139,0,0,26
1,1,12,6,13,2475,AA,LAX,9,56,83,5,0,17,56,139,0,0,26
-4,1,12,6,15,2475,AA,LAX,9,56,83,5,0,17,56,139,0,0,26
35,2,13,3,7,2475,AA,LAX,5,6,67,8,0,15,72,178,0,0,25
-4,2,13,3,12,2475,DL,LAX,5,6,67,8,0,15,72,178,0,0,25
-4,2,13,3,9,2475,AA,LAX,5,6,67,8,0,15,72,178,0,0,25
18,2,13,3,15,2475,DL,LAX,5,6,67,8,0,15,72,178,0,0,25
2,2,13,3,15,2475,AA,LAX,5,6,67,8,0,15,72,178,0,0,25
-3,2,13,3,7,2475,DL,LAX,5,6,67,8,0,15,72,178,0,0,25
-3,2,13,3,17,2475,DL,LAX,5,6,67,8,0,15,72,178,0,0,25
6,2,13,3,20,2475,B6,LAX,5,6,67,8,0,15,72,178,0,0,25
-1,2,13,3,16,2475,B6,LAX,5,6,67,8,0,15,72,178,0,0,25
-5,2,13,3,11,2475,B6,LAX,5,6,67,8,0,15,72,178,0,0,25
-3,2,13,3,7,2475,B6,LAX,5,6,67,8,0,15,72,178,0,0,25
-1,2,13,3,16,2475,AA,LAX,5,6,67,8,0,15,72,178,0,0,25
2,2,13,3,19,2475,AA,LAX,5,6,67,8,0,15,72,178,0,0,25
30,2,13,3,21,2475,AA,LAX,5,6,67,8,0,15,72,178,0,0,25
-6,2,13,3,13,2475,AA,LAX,5,6,67,8,0,15,72,178,0,0,25
-10,2,13,3,12,2475,AA,LAX,5,6,67,8,0,15,72,178,0,0,25
-3,2,13,3,9,2475,DL,LAX,5,6,67,8,0,15,72,178,0,0,25
5,2,13,3,10,2475,AA,LAX,5,6,67,8,0,15,72,178,0,0,25
-3,2,13,3,19,2475,DL,LAX,5,6,67,8,0,15,72,178,0,0,25
0,2,13,3,21,2475,DL,LAX,5,6,67,8,0,15,72,178,0,0,25
5,2,13,3,7,2475,VX,LAX,5,6,67,8,0,15,72,178,0,0,25
0,2,13,3,9,2475,VX,LAX,5,6,67,8,0,15,72,178,0,0,25
4,2,13,3,13,2475,VX,LAX,5,6,67,8,0,15,72,178,0,0,25
126,2,13,3,16,2475,VX,LAX,5,6,67,8,0,15,72,178,0,0,25
20,2,13,3,20,2475,VX,LAX,5,6,67,8,0,15,72,178,0,0,25
-3,2,13,3,20,2475,UA,LAX,5,6,67,8,0,15,72,178,0,0,25
6,2,13,3,11,2475,UA,LAX,5,6,67,8,0,15,72,178,0,0,25
7,2,13,3,17,2475,UA,LAX,5,6,67,8,0,15,72,178,0,0,25
1,2,13,3,8,2475,UA,LAX,5,6,67,8,0,15,72,178,0,0,25
1,2,13,3,15,2475,UA,LAX,5,6,67,8,0,15,72,178,0,0,25
18,2,13,3,6,2475,UA,LAX,5,6,67,8,0,15,72,178,0,0,25
-1,3,9,6,15,2475,UA,LAX,19,17,128,0,0,27,89,161,0,0,34
50,3,9,6,11,2475,UA,LAX,19,17,128,0,0,27,89,161,0,0,34
15,3,9,6,6,2475,UA,LAX,19,17,128,0,0,27,89,161,0,0,34
-2,3,9,6,8,2475,UA,LAX,19,17,128,0,0,27,89,161,0,0,34
74,3,9,6,18,2475,UA,LAX,19,17,128,0,0,27,89,161,0,0,34
1,3,9,6,7,2475,VX,LAX,19,17,128,0,0,27,89,161,0,0,34
6,3,9,6,9,2475,VX,LAX,19,17,128,0,0,27,89,161,0,0,34
-5,3,9,6,13,2475,VX,LAX,19,17,128,0,0,27,89,161,0,0,34
1,3,9,6,16,2475,VX,LAX,19,17,128,0,0,27,89,161,0,0,34
17,3,9,6,20,2475,VX,LAX,19,17,128,0,0,27,89,161,0,0,34
67,3,9,6,11,2475,B6,LAX,19,17,128,0,0,27,89,161,0,0,34
-5,3,9,6,9,2475,AA,LAX,19,17,128,0,0,27,89,161,0,0,34
66,3,9,6,20,2475,B6,LAX,19,17,128,0,0,27,89,161,0,0,34
-5,3,9,6,17,2475,B6,LAX,19,17,128,0,0,27,89,161,0,0,34
-1,3,9,6,13,2475,AA,LAX,19,17,128,0,0,27,89,161,0,0,34
50,3,9,6,12,2475,AA,LAX,19,17,128,0,0,27,89,161,0,0,34
-1,3,9,6,21,2475,AA,LAX,19,17,128,0,0,27,89,161,0,0,34
9,3,9,6,16,2475,AA,LAX,19,17,128,0,0,27,89,161,0,0,34
30,3,9,6,10,2475,AA,LAX,19,17,128,0,0,27,89,161,0,0,34
-2,3,9,6,15,2475,AA,LAX,19,17,128,0,0,27,89,161,0,0,34
-5,3,9,6,19,2475,AA,LAX,19,17,128,0,0,27,89,161,0,0,34
-2,3,9,6,14,2475,DL,LAX,19,17,128,0,0,27,89,161,0,0,34
-6,3,9,6,16,2475,DL,LAX,19,17,128,0,0,27,89,161,0,0,34
-3,3,9,6,19,2475,DL,LAX,19,17,128,0,0,27,89,161,0,0,34
-5,3,9,6,9,2475,DL,LAX,19,17,128,0,0,27,89,161,0,0,34
2,3,9,6,17,2475,DL,LAX,19,17,128,0,0,27,89,161,0,0,34
-1,3,9,6,12,2475,DL,LAX,19,17,128,0,0,27,89,161,0,0,34
-1,3,14,4,21,2475,DL,LAX,24,-17,50,0,0,51,117,167,0,0,25
0,3,14,4,16,2475,DL,LAX,24,-17,50,0,0,51,117,167,0,0,25
0,3,14,4,7,2475,VX,LAX,24,-17,50,0,0,51,117,167,0,0,25
7,3,14,4,20,2475,VX,LAX,24,-17,50,0,0,51,117,167,0,0,25
15,3,14,4,14,2475,DL,LAX,24,-17,50,0,0,51,117,167,0,0,25
-5,3,14,4,12,2475,DL,LAX,24,-17,50,0,0,51,117,167,0,0,25
-6,3,14,4,7,2475,DL,LAX,24,-17,50,0,0,51,117,167,0,0,25
1,3,14,4,17,2475,DL,LAX,24,-17,50,0,0,51,117,167,0,0,25
-1,3,14,4,9,2475,DL,LAX,24,-17,50,0,0,51,117,167,0,0,25
-2,3,14,4,19,2475,DL,LAX,24,-17,50,0,0,51,117,167,0,0,25
20,3,14,4,16,2475,VX,LAX,24,-17,50,0,0,51,117,167,0,0,25
-6,3,14,4,13,2475,VX,LAX,24,-17,50,0,0,51,117,167,0,0,25
14,3,14,4,9,2475,VX,LAX,24,-17,50,0,0,51,117,167,0,0,25
-1,3,14,4,7,2475,B6,LAX,24,-17,50,0,0,51,117,167,0,0,25
0,3,14,4,11,2475,B6,LAX,24,-17,50,0,0,51,117,167,0,0,25
9,3,14,4,16,2475,B6,LAX,24,-17,50,0,0,51,117,167,0,0,25
-4,3,14,4,20,2475,B6,LAX,24,-17,50,0,0,51,117,167,0,0,25
0,3,14,4,16,2475,AA,LAX,24,-17,50,0,0,51,117,167,0,0,25
1,3,14,4,19,2475,AA,LAX,24,-17,50,0,0,51,117,167,0,0,25
-1,3,14,4,12,2475,AA,LAX,24,-17,50,0,0,51,117,167,0,0,25
-3,3,14,4,9,2475,AA,LAX,24,-17,50,0,0,51,117,167,0,0,25
-5,3,14,4,10,2475,AA,LAX,24,-17,50,0,0,51,117,167,0,0,25
-3,3,14,4,13,2475,AA,LAX,24,-17,50,0,0,51,117,167,0,0,25
3,3,14,4,15,2475,AA,LAX,24,-17,50,0,0,51,117,167,0,0,25
12,3,14,4,21,2475,AA,LAX,24,-17,50,0,0,51,117,167,0,0,25
-1,3,14,4,7,2475,AA,LAX,24,-17,50,0,0,51,117,167,0,0,25
-3,3,14,4,11,2475,UA,LAX,24,-17,50,0,0,51,117,167,0,0,25
7,3,14,4,17,2475,UA,LAX,24,-17,50,0,0,51,117,167,0,0,25
-2,3,14,4,8,2475,UA,LAX,24,-17,50,0,0,51,117,167,0,0,25
6,3,14,4,15,2475,UA,LAX,24,-17,50,0,0,51,117,167,0,0,25
7,3,14,4,20,2475,UA,LAX,24,-17,50,0,0,51,117,167,0,0,25
3,3,14,4,6,2475,UA,LAX,24,-17,50,0,0,51,117,167,0,0,25
-3,4,15,1,17,2475,DL,LAX,37,67,150,0,0,26,122,178,15,0,42
-6,4,15,1,19,2475,DL,LAX,37,67,150,0,0,26,122,178,15,0,42
44,4,15,1,21,2475,AA,LAX,37,67,150,0,0,26,122,178,15,0,42
-4,4,15,1,17,2475,AA,LAX,37,67,150,0,0,26,122,178,15,0,42
0,4,15,1,7,2475,B6,LAX,37,67,150,0,0,26,122,178,15,0,42
30,4,15,1,19,2475,AA,LAX,37,67,150,0,0,26,122,178,15,0,42
19,4,15,1,14,2475,DL,LAX,37,67,150,0,0,26,122,178,15,0,42
-4,4,15,1,16,2475,DL,LAX,37,67,150,0,0,26,122,178,15,0,42
-3,4,15,1,15,2475,AA,LAX,37,67,150,0,0,26,122,178,15,0,42
8,4,15,1,7,2475,AA,LAX,37,67,150,0,0,26,122,178,15,0,42
0,4,15,1,20,2475,B6,LAX,37,67,150,0,0,26,122,178,15,0,42
-4,4,15,1,16,2475,B6,LAX,37,67,150,0,0,26,122,178,15,0,42
-7,4,15,1,11,2475,B6,LAX,37,67,150,0,0,26,122,178,15,0,42
-10,4,15,1,12,2475,DL,LAX,37,67,150,0,0,26,122,178,15,0,42
14,4,15,1,9,2475,AA,LAX,37,67,150,0,0,26,122,178,15,0,42
-3,4,15,1,21,2475,DL,LAX,37,67,150,0,0,26,122,178,15,0,42
-4,4,15,1,7,2475,DL,LAX,37,67,150,0,0,26,122,178,15,0,42
-7,4,15,1,13,2475,AA,LAX,37,67,150,0,0,26,122,178,15,0,42
-4,4,15,1,9,2475,DL,LAX,37,67,150,0,0,26,122,178,15,0,42
-8,4,15,1,10,2475,AA,LAX,37,67,150,0,0,26,122,178,15,0,42
-8,4,15,1,12,2475,AA,LAX,37,67,150,0,0,26,122,178,15,0,42
-2,4,15,1,6,2475,UA,LAX,37,67,150,0,0,26,122,178,15,0,42
15,4,15,1,7,2475,VX,LAX,37,67,150,0,0,26,122,178,15,0,42
5,4,15,1,9,2475,VX,LAX,37,67,150,0,0,26,122,178,15,0,42
16,4,15,1,13,2475,VX,LAX,37,67,150,0,0,26,122,178,15,0,42
0,4,15,1,17,2475,UA,LAX,37,67,150,0,0,26,122,178,15,0,42
-5,4,15,1,8,2475,UA,LAX,37,67,150,0,0,26,122,178,15,0,42
15,4,15,1,20,2475,UA,LAX,37,67,150,0,0,26,122,178,15,0,42
-2,4,15,1,15,2475,UA,LAX,37,67,150,0,0,26,122,178,15,0,42
-6,4,15,1,20,2475,VX,LAX,37,67,150,0,0,26,122,178,15,0,42
-2,4,15,1,11,2475,UA,LAX,37,67,150,0,0,26,122,178,15,0,42
38,4,15,1,16,2475,VX,LAX,37,67,150,0,0,26,122,178,15,0,42
-9,4,20,6,8,2475,UA,LAX,32,61,156,15,0,38,128,256,0,0,26
-3,4,20,6,20,2475,VX,LAX,32,61,156,15,0,38,128,256,0,0,26
-2,4,20,6,7,2475,VX,LAX,32,61,156,15,0,38,128,256,0,0,26
-1,4,20,6,9,2475,VX,LAX,32,61,156,15,0,38,128,256,0,0,26
-6,4,20,6,15,2475,UA,LAX,32,61,156,15,0,38,128,256,0,0,26
-15,4,20,6,11,2475,UA,LAX,32,61,156,15,0,38,128,256,0,0,26
-5,4,20,6,18,2475,UA,LAX,32,61,156,15,0,38,128,256,0,0,26
-3,4,20,6,16,2475,VX,LAX,32,61,156,15,0,38,128,256,0,0,26
2,4,20,6,13,2475,VX,LAX,32,61,156,15,0,38,128,256,0,0,26
-7,4,20,6,12,2475,DL,LAX,32,61,156,15,0,38,128,256,0,0,26
-6,4,20,6,13,2475,AA,LAX,32,61,156,15,0,38,128,256,0,0,26
-3,4,20,6,16,2475,DL,LAX,32,61,156,15,0,38,128,256,0,0,26
-5,4,20,6,15,2475,AA,LAX,32,61,156,15,0,38,128,256,0,0,26
-9,4,20,6,12,2475,AA,LAX,32,61,156,15,0,38,128,256,0,0,26
-2,4,20,6,9,2475,DL,LAX,32,61,156,15,0,38,128,256,0,0,26
17,4,20,6,19,2475,DL,LAX,32,61,156,15,0,38,128,256,0,0,26
-7,4,20,6,17,2475,DL,LAX,32,61,156,15,0,38,128,256,0,0,26
-4,4,20,6,20,2475,B6,LAX,32,61,156,15,0,38,128,256,0,0,26
-1,4,20,6,16,2475,B6,LAX,32,61,156,15,0,38,128,256,0,0,26
-3,4,20,6,14,2475,DL,LAX,32,61,156,15,0,38,128,256,0,0,26
11,4,20,6,11,2475,B6,LAX,32,61,156,15,0,38,128,256,0,0,26
-3,4,20,6,17,2475,AA,LAX,32,61,156,15,0,38,128,256,0,0,26
-1,4,20,6,10,2475,AA,LAX,32,61,156,15,0,38,128,256,0,0,26
7,4,20,6,6,2475,UA,LAX,32,61,156,15,0,38,128,256,0,0,26
-5,4,20,6,9,2475,AA,LAX,32,61,156,15,0,38,128,256,0,0,26
-2,4,20,6,7,2475,AA,LAX,32,61,156,15,0,38,128,256,0,0,26
-4,4,20,6,19,2475,AA,LAX,32,61,156,15,0,38,128,256,0,0,26
11,5,16,4,16,2475,VX,LAX,6,167,261,0,0,16,167,211,0,0,33
18,5,16,4,20,2475,VX,LAX,6,167,261,0,0,16,167,211,0,0,33
203,5,16,4,13,2475,VX,LAX,6,167,261,0,0,16,167,211,0,0,33
28,5,16,4,9,2475,VX,LAX,6,167,261,0,0,16,167,211,0,0,33
-3,5,16,4,7,2475,VX,LAX,6,167,261,0,0,16,167,211,0,0,33
12,5,16,4,6,2475,UA,LAX,6,167,261,0,0,16,167,211,0,0,33
5,5,16,4,8,2475,UA,LAX,6,167,261,0,0,16,167,211,0,0,33
-1,5,16,4,15,2475,UA,LAX,6,167,261,0,0,16,167,211,0,0,33
42,5,16,4,17,2475,UA,LAX,6,167,261,0,0,16,167,211,0,0,33
-4,5,16,4,11,2475,UA,LAX,6,167,261,0,0,16,167,211,0,0,33
3,5,16,4,20,2475,UA,LAX,6,167,261,0,0,16,167,211,0,0,33
148,5,16,4,21,2475,AA,LAX,6,167,261,0,0,16,167,211,0,0,33
2,5,16,4,9,2475,AA,LAX,6,167,261,0,0,16,167,211,0,0,33
5,5,16,4,18,2475,DL,LAX,6,167,261,0,0,16,167,211,0,0,33
-3,5,16,4,19,2475,DL,LAX,6,167,261,0,0,16,167,211,0,0,33
-3,5,16,4,9,2475,DL,LAX,6,167,261,0,0,16,167,211,0,0,33
0,5,16,4,14,2475,DL,LAX,6,167,261,0,0,16,167,211,0,0,33
0,5,16,4,7,2475,DL,LAX,6,167,261,0,0,16,167,211,0,0,33
-4,5,16,4,12,2475,DL,LAX,6,167,261,0,0,16,167,211,0,0,33
7,5,16,4,16,2475,DL,LAX,6,167,261,0,0,16,167,211,0,0,33
-3,5,16,4,21,2475,DL,LAX,6,167,261,0,0,16,167,211,0,0,33
-3,5,16,4,16,2475,B6,LAX,6,167,261,0,0,16,167,211,0,0,33
-6,5,16,4,13,2475,AA,LAX,6,167,261,0,0,16,167,211,0,0,33
23,5,16,4,20,2475,B6,LAX,6,167,261,0,0,16,167,211,0,0,33
-6,5,16,4,15,2475,AA,LAX,6,167,261,0,0,16,167,211,0,0,33
10,5,16,4,9,2475,B6,LAX,6,167,261,0,0,16,167,211,0,0,33
-8,5,16,4,7,2475,B6,LAX,6,167,261,0,0,16,167,211,0,0,33
-4,5,16,4,7,2475,AA,LAX,6,167,261,0,0,16,167,211,0,0,33
-5,5,16,4,17,2475,AA,LAX,6,167,261,0,0,16,167,211,0,0,33
38,5,16,4,19,2475,AA,LAX,6,167,261,0,0,16,167,211,0,0,33
14,5,16,4,12,2475,AA,LAX,6,167,261,0,0,16,167,211,0,0,33
-1,5,16,4,10,2475,AA,LAX,6,167,261,0,0,16,167,211,0,0,33
-4,5,21,2,14,2475,DL,LAX,1,200,300,0,0,24,167,233,0,0,32
-1,5,21,2,19,2475,DL,LAX,1,200,300,0,0,24,167,233,0,0,32
27,5,21,2,18,2475,DL,LAX,1,200,300,0,0,24,167,233,0,0,32
51,5,21,2,20,2475,B6,LAX,1,200,300,0,0,24,167,233,0,0,32
31,5,21,2,21,2475,AA,LAX,1,200,300,0,0,24,167,233,0,0,32
-5,5,21,2,16,2475,DL,LAX,1,200,300,0,0,24,167,233,0,0,32
3,5,21,2,16,2475,B6,LAX,1,200,300,0,0,24,167,233,0,0,32
-1,5,21,2,12,2475,AA,LAX,1,200,300,0,0,24,167,233,0,0,32
29,5,21,2,21,2475,DL,LAX,1,200,300,0,0,24,167,233,0,0,32
-3,5,21,2,7,2475,B6,LAX,1,200,300,0,0,24,167,233,0,0,32
60,5,21,2,9,2475,DL,LAX,1,200,300,0,0,24,167,233,0,0,32
3,5,21,2,9,2475,AA,LAX,1,200,300,0,0,24,167,233,0,0,32
-5,5,21,2,15,2475,AA,LAX,1,200,300,0,0,24,167,233,0,0,32
0,5,21,2,10,2475,AA,LAX,1,200,300,0,0,24,167,233,0,0,32
1,5,21,2,17,2475,AA,LAX,1,200,300,0,0,24,167,233,0,0,32
114,5,21,2,19,2475,AA,LAX,1,200,300,0,0,24,167,233,0,0,32
-2,5,21,2,9,2475,B6,LAX,1,200,300,0,0,24,167,233,0,0,32
-7,5,21,2,13,2475,AA,LAX,1,200,300,0,0,24,167,233,0,0,32
-5,5,21,2,7,2475,AA,LAX,1,200,300,0,0,24,167,233,0,0,32
-6,5,21,2,12,2475,DL,LAX,1,200,300,0,0,24,167,233,0,0,32
-3,5,21,2,7,2475,DL,LAX,1,200,300,0,0,24,167,233,0,0,32
14,5,21,2,7,2475,VX,LAX,1,200,300,0,0,24,167,233,0,0,32
5,5,21,2,16,2475,VX,LAX,1,200,300,0,0,24,167,233,0,0,32
68,5,21,2,20,2475,VX,LAX,1,200,300,0,0,24,167,233,0,0,32
0,5,21,2,13,2475,VX,LAX,1,200,300,0,0,24,167,233,0,0,32
15,5,21,2,9,2475,VX,LAX,1,200,300,0,0,24,167,233,0,0,32
20,5,21,2,15,2475,UA,LAX,1,200,300,0,0,24,167,233,0,0,32
30,5,21,2,20,2475,UA,LAX,1,200,300,0,0,24,167,233,0,0,32
-7,5,21,2,11,2475,UA,LAX,1,200,300,0,0,24,167,233,0,0,32
19,5,21,2,17,2475,UA,LAX,1,200,300,0,0,24,167,233,0,0,32
0,5,21,2,8,2475,UA,LAX,1,200,300,0,0,24,167,233,0,0,32
1,5,21,2,6,2475,UA,LAX,1,200,300,0,0,24,167,233,0,0,32
-1,6,17,1,16,2475,VX,LAX,17,206,289,3,0,12,156,217,0,0,26
0,6,17,1,13,2475,VX,LAX,17,206,289,3,0,12,156,217,0,0,26
-2,6,17,1,9,2475,VX,LAX,17,206,289,3,0,12,156,217,0,0,26
-7,6,17,1,14,2475,UA,LAX,17,206,289,3,0,12,156,217,0,0,26
-1,6,17,1,20,2475,UA,LAX,17,206,289,3,0,12,156,217,0,0,26
-8,6,17,1,11,2475,UA,LAX,17,206,289,3,0,12,156,217,0,0,26
20,6,17,1,17,2475,UA,LAX,17,206,289,3,0,12,156,217,0,0,26
-7,6,17,1,7,2475,VX,LAX,17,206,289,3,0,12,156,217,0,0,26
-2,6,17,1,8,2475,UA,LAX,17,206,289,3,0,12,156,217,0,0,26
7,6,17,1,6,2475,UA,LAX,17,206,289,3,0,12,156,217,0,0,26
31,6,17,1,20,2475,VX,LAX,17,206,289,3,0,12,156,217,0,0,26
-2,6,17,1,7,2475,B6,LAX,17,206,289,3,0,12,156,217,0,0,26
-5,6,17,1,12,2475,AA,LAX,17,206,289,3,0,12,156,217,0,0,26
116,6,17,1,19,2475,AA,LAX,17,206,289,3,0,12,156,217,0,0,26
7,6,17,1,16,2475,B6,LAX,17,206,289,3,0,12,156,217,0,0,26
68,6,17,1,22,2475,B6,LAX,17,206,289,3,0,12,156,217,0,0,26
-4,6,17,1,13,2475,AA,LAX,17,206,289,3,0,12,156,217,0,0,26
8,6,17,1,9,2475,B6,LAX,17,206,289,3,0,12,156,217,0,0,26
-6,6,17,1,10,2475,AA,LAX,17,206,289,3,0,12,156,217,0,0,26
-2,6,17,1,21,2475,AA,LAX,17,206,289,3,0,12,156,217,0,0,26
37,6,17,1,15,2475,AA,LAX,17,206,289,3,0,12,156,217,0,0,26
77,6,17,1,20,2475,B6,LAX,17,206,289,3,0,12,156,217,0,0,26
-4,6,17,1,9,2475,AA,LAX,17,206,289,3,0,12,156,217,0,0,26
73,6,17,1,17,2475,AA,LAX,17,206,289,3,0,12,156,217,0,0,26
-5,6,17,1,7,2475,AA,LAX,17,206,289,3,0,12,156,217,0,0,26
3,6,17,1,15,2475,DL,LAX,17,206,289,3,0,12,156,217,0,0,26
-1,6,17,1,9,2475,DL,LAX,17,206,289,3,0,12,156,217,0,0,26
0,6,17,1,7,2475,DL,LAX,17,206,289,3,0,12,156,217,0,0,26
-2,6,17,1,12,2475,DL,LAX,17,206,289,3,0,12,156,217,0,0,26
25,6,17,1,17,2475,DL,LAX,17,206,289,3,0,12,156,217,0,0,26
12,6,17,1,21,2475,DL,LAX,17,206,289,3,0,12,156,217,0,0,26
15,6,17,1,18,2475,DL,LAX,17,206,289,3,0,12,156,217,0,0,26
30,6,22,6,15,2475,DL,LAX,12,183,289,0,0,18,172,233,0,0,37
28,6,22,6,12,2475,B6,LAX,12,183,289,0,0,18,172,233,0,0,37
111,6,22,6,20,2475,B6,LAX,12,183,289,0,0,18,172,233,0,0,37
-3,6,22,6,12,2475,DL,LAX,12,183,289,0,0,18,172,233,0,0,37
-3,6,22,6,7,2475,DL,LAX,12,183,289,0,0,18,172,233,0,0,37
8,6,22,6,9,2475,DL,LAX,12,183,289,0,0,18,172,233,0,0,37
8,6,22,6,18,2475,DL,LAX,12,183,289,0,0,18,172,233,0,0,37
0,6,22,6,7,2475,VX,LAX,12,183,289,0,0,18,172,233,0,0,37
6,6,22,6,6,2475,UA,LAX,12,183,289,0,0,18,172,233,0,0,37
-8,6,22,6,14,2475,UA,LAX,12,183,289,0,0,18,172,233,0,0,37
-8,6,22,6,11,2475,UA,LAX,12,183,289,0,0,18,172,233,0,0,37
0,6,22,6,17,2475,UA,LAX,12,183,289,0,0,18,172,233,0,0,37
-4,6,22,6,8,2475,UA,LAX,12,183,289,0,0,18,172,233,0,0,37
2,6,22,6,20,2475,VX,LAX,12,183,289,0,0,18,172,233,0,0,37
2,6,22,6,16,2475,VX,LAX,12,183,289,0,0,18,172,233,0,0,37
-3,6,22,6,13,2475,VX,LAX,12,183,289,0,0,18,172,233,0,0,37
4,6,22,6,9,2475,VX,LAX,12,183,289,0,0,18,172,233,0,0,37
-2,6,22,6,7,2475,AA,LAX,12,183,289,0,0,18,172,233,0,0,37
-3,6,22,6,9,2475,AA,LAX,12,183,289,0,0,18,172,233,0,0,37
3,6,22,6,12,2475,AA,LAX,12,183,289,0,0,18,172,233,0,0,37
-7,6,22,6,19,2475,AA,LAX,12,183,289,0,0,18,172,233,0,0,37
1,6,22,6,13,2475,AA,LAX,12,183,289,0,0,18,172,233,0,0,37
11,6,22,6,16,2475,B6,LAX,12,183,289,0,0,18,172,233,0,0,37
-5,6,22,6,7,2475,B6,LAX,12,183,289,0,0,18,172,233,0,0,37
-1,6,22,6,22,2475,B6,LAX,12,183,289,0,0,18,172,233,0,0,37
2,6,22,6,15,2475,AA,LAX,12,183,289,0,0,18,172,233,0,0,37
3,6,22,6,17,2475,AA,LAX,12,183,289,0,0,18,172,233,0,0,37
-3,6,22,6,21,2475,AA,LAX,12,183,289,0,0,18,172,233,0,0,37
-8,7,18,4,6,2475,UA,LAX,14,272,367,0,0,17,172,228,0,0,33
-2,7,18,4,11,2475,UA,LAX,14,272,367,0,0,17,172,228,0,0,33
37,7,18,4,17,2475,UA,LAX,14,272,367,0,0,17,172,228,0,0,33
-4,7,18,4,7,2475,VX,LAX,14,272,367,0,0,17,172,228,0,0,33
-1,7,18,4,9,2475,VX,LAX,14,272,367,0,0,17,172,228,0,0,33
31,7,18,4,8,2475,UA,LAX,14,272,367,0,0,17,172,228,0,0,33
37,7,18,4,20,2475,VX,LAX,14,272,367,0,0,17,172,228,0,0,33
43,7,18,4,16,2475,VX,LAX,14,272,367,0,0,17,172,228,0,0,33
-3,7,18,4,13,2475,VX,LAX,14,272,367,0,0,17,172,228,0,0,33
18,7,18,4,14,2475,UA,LAX,14,272,367,0,0,17,172,228,0,0,33
4,7,18,4,20,2475,UA,LAX,14,272,367,0,0,17,172,228,0,0,33
7,7,18,4,18,2475,DL,LAX,14,272,367,0,0,17,172,228,0,0,33
18,7,18,4,21,2475,DL,LAX,14,272,367,0,0,17,172,228,0,0,33
17,7,18,4,17,2475,DL,LAX,14,272,367,0,0,17,172,228,0,0,33
22,7,18,4,12,2475,DL,LAX,14,272,367,0,0,17,172,228,0,0,33
-1,7,18,4,7,2475,DL,LAX,14,272,367,0,0,17,172,228,0,0,33
-5,7,18,4,9,2475,DL,LAX,14,272,367,0,0,17,172,228,0,0,33
24,7,18,4,15,2475,DL,LAX,14,272,367,0,0,17,172,228,0,0,33
-2,7,18,4,12,2475,AA,LAX,14,272,367,0,0,17,172,228,0,0,33
-1,7,18,4,9,2475,AA,LAX,14,272,367,0,0,17,172,228,0,0,33
9,7,18,4,10,2475,AA,LAX,14,272,367,0,0,17,172,228,0,0,33
99,7,18,4,21,2475,AA,LAX,14,272,367,0,0,17,172,228,0,0,33
26,7,18,4,16,2475,B6,LAX,14,272,367,0,0,17,172,228,0,0,33
-1,7,18,4,9,2475,B6,LAX,14,272,367,0,0,17,172,228,0,0,33
0,7,18,4,12,2475,B6,LAX,14,272,367,0,0,17,172,228,0,0,33
0,7,18,4,22,2475,B6,LAX,14,272,367,0,0,17,172,228,0,0,33
44,7,18,4,19,2475,AA,LAX,14,272,367,0,0,17,172,228,0,0,33
27,7,18,4,17,2475,AA,LAX,14,272,367,0,0,17,172,228,0,0,33
-3,7,18,4,7,2475,AA,LAX,14,272,367,0,0,17,172,228,0,0,33
12,7,18,4,15,2475,AA,LAX,14,272,367,0,0,17,172,228,0,0,33
6,7,18,4,13,2475,AA,LAX,14,272,367,0,0,17,172,228,0,0,33
69,7,18,4,20,2475,B6,LAX,14,272,367,0,0,17,172,228,0,0,33
-1,7,18,4,7,2475,B6,LAX,14,272,367,0,0,17,172,228,0,0,33
-5,7,23,2,13,2475,AA,LAX,19,228,306,79,0,19,172,228,0,0,47
201,7,23,2,7,2475,B6,LAX,19,228,306,79,0,19,172,228,0,0,47
1,7,23,2,12,2475,B6,LAX,19,228,306,79,0,19,172,228,0,0,47
25,7,23,2,22,2475,B6,LAX,19,228,306,79,0,19,172,228,0,0,47
11,7,23,2,16,2475,B6,LAX,19,228,306,79,0,19,172,228,0,0,47
57,7,23,2,20,2475,B6,LAX,19,228,306,79,0,19,172,228,0,0,47
60,7,23,2,9,2475,B6,LAX,19,228,306,79,0,19,172,228,0,0,47
-5,7,23,2,12,2475,AA,LAX,19,228,306,79,0,19,172,228,0,0,47
59,7,23,2,9,2475,AA,LAX,19,228,306,79,0,19,172,228,0,0,47
-2,7,23,2,10,2475,AA,LAX,19,228,306,79,0,19,172,228,0,0,47
189,7,23,2,21,2475,AA,LAX,19,228,306,79,0,19,172,228,0,0,47
12,7,23,2,19,2475,AA,LAX,19,228,306,79,0,19,172,228,0,0,47
9,7,23,2,17,2475,AA,LAX,19,228,306,79,0,19,172,228,0,0,47
-2,7,23,2,7,2475,AA,LAX,19,228,306,79,0,19,172,228,0,0,47
-1,7,23,2,15,2475,AA,LAX,19,228,306,79,0,19,172,228,0,0,47
-3,7,23,2,9,2475,DL,LAX,19,228,306,79,0,19,172,228,0,0,47
209,7,23,2,18,2475,DL,LAX,19,228,306,79,0,19,172,228,0,0,47
22,7,23,2,15,2475,DL,LAX,19,228,306,79,0,19,172,228,0,0,47
37,7,23,2,21,2475,DL,LAX,19,228,306,79,0,19,172,228,0,0,47
-3,7,23,2,17,2475,DL,LAX,19,228,306,79,0,19,172,228,0,0,47
1,7,23,2,12,2475,DL,LAX,19,228,306,79,0,19,172,228,0,0,47
-3,7,23,2,7,2475,DL,LAX,19,228,306,79,0,19,172,228,0,0,47
2,7,23,2,7,2475,VX,LAX,19,228,306,79,0,19,172,228,0,0,47
4,7,23,2,9,2475,VX,LAX,19,228,306,79,0,19,172,228,0,0,47
186,7,23,2,20,2475,VX,LAX,19,228,306,79,0,19,172,228,0,0,47
5,7,23,2,16,2475,VX,LAX,19,228,306,79,0,19,172,228,0,0,47
1,7,23,2,13,2475,VX,LAX,19,228,306,79,0,19,172,228,0,0,47
-10,7,23,2,8,2475,UA,LAX,19,228,306,79,0,19,172,228,0,0,47
32,7,23,2,17,2475,UA,LAX,19,228,306,79,0,19,172,228,0,0,47
-6,7,23,2,11,2475,UA,LAX,19,228,306,79,0,19,172,228,0,0,47
0,7,23,2,6,2475,UA,LAX,19,228,306,79,0,19,172,228,0,0,47
34,7,23,2,20,2475,UA,LAX,19,228,306,79,0,19,172,228,0,0,47
-1,7,23,2,14,2475,UA,LAX,19,228,306,79,0,19,172,228,0,0,47
0,8,1,4,9,2475,AA,LAX,28,189,244,165,0,13,167,211,0,0,29
23,8,1,4,21,2475,DL,LAX,28,189,244,165,0,13,167,211,0,0,29
-2,8,1,4,12,2475,DL,LAX,28,189,244,165,0,13,167,211,0,0,29
-1,8,1,4,7,2475,DL,LAX,28,189,244,165,0,13,167,211,0,0,29
43,8,1,4,17,2475,DL,LAX,28,189,244,165,0,13,167,211,0,0,29
-2,8,1,4,9,2475,DL,LAX,28,189,244,165,0,13,167,211,0,0,29
63,8,1,4,15,2475,DL,LAX,28,189,244,165,0,13,167,211,0,0,29
-2,8,1,4,18,2475,DL,LAX,28,189,244,165,0,13,167,211,0,0,29
119,8,1,4,22,2475,B6,LAX,28,189,244,165,0,13,167,211,0,0,29
139,8,1,4,20,2475,B6,LAX,28,189,244,165,0,13,167,211,0,0,29
0,8,1,4,16,2475,B6,LAX,28,189,244,165,0,13,167,211,0,0,29
137,8,1,4,12,2475,B6,LAX,28,189,244,165,0,13,167,211,0,0,29
-5,8,1,4,9,2475,B6,LAX,28,189,244,165,0,13,167,211,0,0,29
-5,8,1,4,7,2475,B6,LAX,28,189,244,165,0,13,167,211,0,0,29
-2,8,1,4,7,2475,AA,LAX,28,189,244,165,0,13,167,211,0,0,29
-1,8,1,4,19,2475,AA,LAX,28,189,244,165,0,13,167,211,0,0,29
-3,8,1,4,10,2475,AA,LAX,28,189,244,165,0,13,167,211,0,0,29
85,8,1,4,21,2475,AA,LAX,28,189,244,165,0,13,167,211,0,0,29
48,8,1,4,17,2475,AA,LAX,28,189,244,165,0,13,167,211,0,0,29
104,8,1,4,15,2475,AA,LAX,28,189,244,165,0,13,167,211,0,0,29
-3,8,1,4,13,2475,AA,LAX,28,189,244,165,0,13,167,211,0,0,29
-6,8,1,4,12,2475,AA,LAX,28,189,244,165,0,13,167,211,0,0,29
19,8,1,4,13,2475,VX,LAX,28,189,244,165,0,13,167,211,0,0,29
-3,8,1,4,16,2475,VX,LAX,28,189,244,165,0,13,167,211,0,0,29
-5,8,1,4,6,2475,UA,LAX,28,189,244,165,0,13,167,211,0,0,29
-1,8,1,4,11,2475,UA,LAX,28,189,244,165,0,13,167,211,0,0,29
193,8,1,4,20,2475,VX,LAX,28,189,244,165,0,13,167,211,0,0,29
64,8,1,4,17,2475,UA,LAX,28,189,244,165,0,13,167,211,0,0,29
-2,8,1,4,8,2475,UA,LAX,28,189,244,165,0,13,167,211,0,0,29
13,8,1,4,14,2475,UA,LAX,28,189,244,165,0,13,167,211,0,0,29
16,8,1,4,20,2475,UA,LAX,28,189,244,165,0,13,167,211,0,0,29
-5,8,1,4,7,2475,VX,LAX,28,189,244,165,0,13,167,211,0,0,29
-1,8,1,4,9,2475,VX,LAX,28,189,244,165,0,13,167,211,0,0,29
4,8,19,1,13,2475,VX,LAX,13,189,261,0,0,15,178,228,0,0,28
17,8,19,1,20,2475,VX,LAX,13,189,261,0,0,15,178,228,0,0,28
1,8,19,1,6,2475,UA,LAX,13,189,261,0,0,15,178,228,0,0,28
0,8,19,1,8,2475,UA,LAX,13,189,261,0,0,15,178,228,0,0,28
43,8,19,1,17,2475,UA,LAX,13,189,261,0,0,15,178,228,0,0,28
-2,8,19,1,11,2475,UA,LAX,13,189,261,0,0,15,178,228,0,0,28
5,8,19,1,20,2475,UA,LAX,13,189,261,0,0,15,178,228,0,0,28
16,8,19,1,16,2475,VX,LAX,13,189,261,0,0,15,178,228,0,0,28
1,8,19,1,7,2475,VX,LAX,13,189,261,0,0,15,178,228,0,0,28
-2,8,19,1,9,2475,VX,LAX,13,189,261,0,0,15,178,228,0,0,28
-3,8,19,1,12,2475,B6,LAX,13,189,261,0,0,15,178,228,0,0,28
-5,8,19,1,9,2475,B6,LAX,13,189,261,0,0,15,178,228,0,0,28
-3,8,19,1,7,2475,B6,LAX,13,189,261,0,0,15,178,228,0,0,28
-3,8,19,1,13,2475,AA,LAX,13,189,261,0,0,15,178,228,0,0,28
3,8,19,1,21,2475,DL,LAX,13,189,261,0,0,15,178,228,0,0,28
79,8,19,1,17,2475,DL,LAX,13,189,261,0,0,15,178,228,0,0,28
71,8,19,1,18,2475,DL,LAX,13,189,261,0,0,15,178,228,0,0,28
47,8,19,1,17,2475,AA,LAX,13,189,261,0,0,15,178,228,0,0,28
-11,8,19,1,10,2475,AA,LAX,13,189,261,0,0,15,178,228,0,0,28
-7,8,19,1,19,2475,AA,LAX,13,189,261,0,0,15,178,228,0,0,28
-5,8,19,1,12,2475,DL,LAX,13,189,261,0,0,15,178,228,0,0,28
-1,8,19,1,7,2475,DL,LAX,13,189,261,0,0,15,178,228,0,0,28
-2,8,19,1,9,2475,DL,LAX,13,189,261,0,0,15,178,228,0,0,28
7,8,19,1,15,2475,DL,LAX,13,189,261,0,0,15,178,228,0,0,28
-11,8,19,1,12,2475,AA,LAX,13,189,261,0,0,15,178,228,0,0,28
118,8,19,1,15,2475,AA,LAX,13,189,261,0,0,15,178,228,0,0,28
-8,8,19,1,7,2475,AA,LAX,13,189,261,0,0,15,178,228,0,0,28
2,8,19,1,9,2475,AA,LAX,13,189,261,0,0,15,178,228,0,0,28
0,8,19,1,22,2475,B6,LAX,13,189,261,0,0,15,178,228,0,0,28
20,8,19,1,20,2475,B6,LAX,13,189,261,0,0,15,178,228,0,0,28
1,8,19,1,21,2475,AA,LAX,13,189,261,0,0,15,178,228,0,0,28
19,8,19,1,16,2475,B6,LAX,13,189,261,0,0,15,178,228,0,0,28
7,8,24,6,16,2475,VX,LAX,8,183,267,0,0,22,156,206,0,0,31
-4,8,24,6,7,2475,VX,LAX,8,183,267,0,0,22,156,206,0,0,31
-2,8,24,6,9,2475,VX,LAX,8,183,267,0,0,22,156,206,0,0,31
0,8,24,6,8,2475,UA,LAX,8,183,267,0,0,22,156,206,0,0,31
-8,8,24,6,11,2475,UA,LAX,8,183,267,0,0,22,156,206,0,0,31
-6,8,24,6,6,2475,UA,LAX,8,183,267,0,0,22,156,206,0,0,31
-3,8,24,6,17,2475,UA,LAX,8,183,267,0,0,22,156,206,0,0,31
-1,8,24,6,14,2475,UA,LAX,8,183,267,0,0,22,156,206,0,0,31
15,8,24,6,13,2475,VX,LAX,8,183,267,0,0,22,156,206,0,0,31
0,8,24,6,20,2475,B6,LAX,8,183,267,0,0,22,156,206,0,0,31
12,8,24,6,16,2475,B6,LAX,8,183,267,0,0,22,156,206,0,0,31
0,8,24,6,21,2475,AA,LAX,8,183,267,0,0,22,156,206,0,0,31
54,8,24,6,15,2475,AA,LAX,8,183,267,0,0,22,156,206,0,0,31
18,8,24,6,12,2475,B6,LAX,8,183,267,0,0,22,156,206,0,0,31
-3,8,24,6,19,2475,AA,LAX,8,183,267,0,0,22,156,206,0,0,31
-4,8,24,6,18,2475,DL,LAX,8,183,267,0,0,22,156,206,0,0,31
15,8,24,6,15,2475,DL,LAX,8,183,267,0,0,22,156,206,0,0,31
-5,8,24,6,13,2475,AA,LAX,8,183,267,0,0,22,156,206,0,0,31
7,8,24,6,17,2475,AA,LAX,8,183,267,0,0,22,156,206,0,0,31
-6,8,24,6,9,2475,AA,LAX,8,183,267,0,0,22,156,206,0,0,31
11,8,24,6,7,2475,AA,LAX,8,183,267,0,0,22,156,206,0,0,31
-4,8,24,6,12,2475,AA,LAX,8,183,267,0,0,22,156,206,0,0,31
-5,8,24,6,9,2475,DL,LAX,8,183,267,0,0,22,156,206,0,0,31
-4,8,24,6,7,2475,DL,LAX,8,183,267,0,0,22,156,206,0,0,31
-2,8,24,6,12,2475,DL,LAX,8,183,267,0,0,22,156,206,0,0,31
-5,8,24,6,7,2475,B6,LAX,8,183,267,0,0,22,156,206,0,0,31
96,9,2,1,16,2475,AA,LAX,1,233,278,13,0,4,189,250,0,0,34
34,9,2,1,21,2475,AA,LAX,1,233,278,13,0,4,189,250,0,0,34
66,9,2,1,19,2475,AA,LAX,1,233,278,13,0,4,189,250,0,0,34
-8,9,2,1,13,2475,AA,LAX,1,233,278,13,0,4,189,250,0,0,34
-8,9,2,1,12,2475,AA,LAX,1,233,278,13,0,4,189,250,0,0,34
-2,9,2,1,10,2475,AA,LAX,1,233,278,13,0,4,189,250,0,0,34
-1,9,2,1,8,2475,AA,LAX,1,233,278,13,0,4,189,250,0,0,34
-2,9,2,1,15,2475,AA,LAX,1,233,278,13,0,4,189,250,0,0,34
2,9,2,1,9,2475,AA,LAX,1,233,278,13,0,4,189,250,0,0,34
-6,9,2,1,9,2475,VX,LAX,1,233,278,13,0,4,189,250,0,0,34
-1,9,2,1,13,2475,VX,LAX,1,233,278,13,0,4,189,250,0,0,34
51,9,2,1,16,2475,VX,LAX,1,233,278,13,0,4,189,250,0,0,34
39,9,2,1,20,2475,VX,LAX,1,233,278,13,0,4,189,250,0,0,34
-2,9,2,1,8,2475,UA,LAX,1,233,278,13,0,4,189,250,0,0,34
20,9,2,1,17,2475,DL,LAX,1,233,278,13,0,4,189,250,0,0,34
23,9,2,1,17,2475,UA,LAX,1,233,278,13,0,4,189,250,0,0,34
8,9,2,1,14,2475,UA,LAX,1,233,278,13,0,4,189,250,0,0,34
-1,9,2,1,7,2475,B6,LAX,1,233,278,13,0,4,189,250,0,0,34
-5,9,2,1,9,2475,B6,LAX,1,233,278,13,0,4,189,250,0,0,34
14,9,2,1,18,2475,DL,LAX,1,233,278,13,0,4,189,250,0,0,34
-8,9,2,1,15,2475,DL,LAX,1,233,278,13,0,4,189,250,0,0,34
-1,9,2,1,9,2475,DL,LAX,1,233,278,13,0,4,189,250,0,0,34
0,9,2,1,7,2475,DL,LAX,1,233,278,13,0,4,189,250,0,0,34
-6,9,2,1,12,2475,DL,LAX,1,233,278,13,0,4,189,250,0,0,34
-3,9,2,1,12,2475,B6,LAX,1,233,278,13,0,4,189,250,0,0,34
-6,9,2,1,16,2475,B6,LAX,1,233,278,13,0,4,189,250,0,0,34
-1,9,2,1,20,2475,B6,LAX,1,233,278,13,0,4,189,250,0,0,34
-7,9,2,1,11,2475,UA,LAX,1,233,278,13,0,4,189,250,0,0,34
-5,9,2,1,20,2475,UA,LAX,1,233,278,13,0,4,189,250,0,0,34
42,9,2,1,21,2475,DL,LAX,1,233,278,13,0,4,189,250,0,0,34
1,9,25,3,9,2475,VX,LAX,18,111,228,0,0,8,150,244,0,0,39
4,9,25,3,13,2475,VX,LAX,18,111,228,0,0,8,150,244,0,0,39
-6,9,25,3,20,2475,VX,LAX,18,111,228,0,0,8,150,244,0,0,39
1,9,25,3,16,2475,VX,LAX,18,111,228,0,0,8,150,244,0,0,39
-3,9,25,3,9,2475,B6,LAX,18,111,228,0,0,8,150,244,0,0,39
-8,9,25,3,7,2475,B6,LAX,18,111,228,0,0,8,150,244,0,0,39
10,9,25,3,9,2475,DL,LAX,18,111,228,0,0,8,150,244,0,0,39
-4,9,25,3,7,2475,DL,LAX,18,111,228,0,0,8,150,244,0,0,39
-3,9,25,3,12,2475,DL,LAX,18,111,228,0,0,8,150,244,0,0,39
-6,9,25,3,7,2475,VX,LAX,18,111,228,0,0,8,150,244,0,0,39
7,9,25,3,15,2475,DL,LAX,18,111,228,0,0,8,150,244,0,0,39
0,9,25,3,17,2475,DL,LAX,18,111,228,0,0,8,150,244,0,0,39
14,9,25,3,18,2475,DL,LAX,18,111,228,0,0,8,150,244,0,0,39
-1,9,25,3,21,2475,DL,LAX,18,111,228,0,0,8,150,244,0,0,39
-7,9,25,3,11,2475,B6,LAX,18,111,228,0,0,8,150,244,0,0,39
-5,9,25,3,16,2475,B6,LAX,18,111,228,0,0,8,150,244,0,0,39
6,9,25,3,20,2475,B6,LAX,18,111,228,0,0,8,150,244,0,0,39
16,9,25,3,11,2475,UA,LAX,18,111,228,0,0,8,150,244,0,0,39
39,9,25,3,21,2475,AA,LAX,18,111,228,0,0,8,150,244,0,0,39
-7,9,25,3,10,2475,AA,LAX,18,111,228,0,0,8,150,244,0,0,39
-4,9,25,3,8,2475,AA,LAX,18,111,228,0,0,8,150,244,0,0,39
-5,9,25,3,20,2475,UA,LAX,18,111,228,0,0,8,150,244,0,0,39
-2,9,25,3,6,2475,UA,LAX,18,111,228,0,0,8,150,244,0,0,39
-8,9,25,3,9,2475,AA,LAX,18,111,228,0,0,8,150,244,0,0,39
11,9,25,3,8,2475,UA,LAX,18,111,228,0,0,8,150,244,0,0,39
-1,9,25,3,17,2475,UA,LAX,18,111,228,0,0,8,150,244,0,0,39
-2,9,25,3,16,2475,AA,LAX,18,111,228,0,0,8,150,244,0,0,39
135,9,25,3,19,2475,AA,LAX,18,111,228,0,0,8,150,244,0,0,39
-6,9,25,3,14,2475,UA,LAX,18,111,228,0,0,8,150,244,0,0,39
-3,9,25,3,13,2475,AA,LAX,18,111,228,0,0,8,150,244,0,0,39
-2,9,25,3,15,2475,AA,LAX,18,111,228,0,0,8,150,244,0,0,39
-9,9,25,3,12,2475,AA,LAX,18,111,228,0,0,8,150,244,0,0,39
-1,9,30,1,16,2475,VX,LAX,13,133,239,0,0,15,150,239,0,0,20
19,9,30,1,9,2475,VX,LAX,13,133,239,0,0,15,150,239,0,0,20
0,9,30,1,7,2475,VX,LAX,13,133,239,0,0,15,150,239,0,0,20
21,9,30,1,21,2475,DL,LAX,13,133,239,0,0,15,150,239,0,0,20
0,9,30,1,12,2475,DL,LAX,13,133,239,0,0,15,150,239,0,0,20
24,9,30,1,15,2475,DL,LAX,13,133,239,0,0,15,150,239,0,0,20
3,9,30,1,9,2475,B6,LAX,13,133,239,0,0,15,150,239,0,0,20
-2,9,30,1,11,2475,B6,LAX,13,133,239,0,0,15,150,239,0,0,20
0,9,30,1,16,2475,B6,LAX,13,133,239,0,0,15,150,239,0,0,20
-3,9,30,1,20,2475,B6,LAX,13,133,239,0,0,15,150,239,0,0,20
-3,9,30,1,7,2475,B6,LAX,13,133,239,0,0,15,150,239,0,0,20
-2,9,30,1,13,2475,VX,LAX,13,133,239,0,0,15,150,239,0,0,20
9,9,30,1,20,2475,VX,LAX,13,133,239,0,0,15,150,239,0,0,20
0,9,30,1,9,2475,AA,LAX,13,133,239,0,0,15,150,239,0,0,20
1,9,30,1,17,2475,DL,LAX,13,133,239,0,0,15,150,239,0,0,20
-1,9,30,1,9,2475,DL,LAX,13,133,239,0,0,15,150,239,0,0,20
-2,9,30,1,7,2475,DL,LAX,13,133,239,0,0,15,150,239,0,0,20
-4,9,30,1,11,2475,UA,LAX,13,133,239,0,0,15,150,239,0,0,20
8,9,30,1,18,2475,DL,LAX,13,133,239,0,0,15,150,239,0,0,20
56,9,30,1,16,2475,AA,LAX,13,133,239,0,0,15,150,239,0,0,20
3,9,30,1,13,2475,AA,LAX,13,133,239,0,0,15,150,239,0,0,20
-2,9,30,1,8,2475,UA,LAX,13,133,239,0,0,15,150,239,0,0,20
-1,9,30,1,17,2475,UA,LAX,13,133,239,0,0,15,150,239,0,0,20
0,9,30,1,20,2475,UA,LAX,13,133,239,0,0,15,150,239,0,0,20
-6,9,30,1,6,2475,UA,LAX,13,133,239,0,0,15,150,239,0,0,20
12,9,30,1,15,2475,AA,LAX,13,133,239,0,0,15,150,239,0,0,20
-5,9,30,1,12,2475,AA,LAX,13,133,239,0,0,15,150,239,0,0,20
-8,9,30,1,8,2475,AA,LAX,13,133,239,0,0,15,150,239,0,0,20
0,9,30,1,21,2475,AA,LAX,13,133,239,0,0,15,150,239,0,0,20
6,9,30,1,14,2475,UA,LAX,13,133,239,0,0,15,150,239,0,0,20
-5,9,30,1,10,2475,AA,LAX,13,133,239,0,0,15,150,239,0,0,20
78,9,30,1,19,2475,AA,LAX,13,133,239,0,0,15,150,239,0,0,20
-3,10,16,3,9,2475,DL,LAX,3,133,194,0,0,14,172,300,0,0,26
-5,10,16,3,18,2475,DL,LAX,3,133,194,0,0,14,172,300,0,0,26
-3,10,16,3,8,2475,UA,LAX,3,133,194,0,0,14,172,300,0,0,26
1,10,16,3,17,2475,UA,LAX,3,133,194,0,0,14,172,300,0,0,26
-6,10,16,3,11,2475,UA,LAX,3,133,194,0,0,14,172,300,0,0,26
-7,10,16,3,20,2475,UA,LAX,3,133,194,0,0,14,172,300,0,0,26
-4,10,16,3,6,2475,UA,LAX,3,133,194,0,0,14,172,300,0,0,26
-1,10,16,3,17,2475,DL,LAX,3,133,194,0,0,14,172,300,0,0,26
-3,10,16,3,20,2475,VX,LAX,3,133,194,0,0,14,172,300,0,0,26
6,10,16,3,16,2475,VX,LAX,3,133,194,0,0,14,172,300,0,0,26
-2,10,16,3,13,2475,VX,LAX,3,133,194,0,0,14,172,300,0,0,26
-3,10,16,3,9,2475,VX,LAX,3,133,194,0,0,14,172,300,0,0,26
-4,10,16,3,7,2475,VX,LAX,3,133,194,0,0,14,172,300,0,0,26
-5,10,16,3,14,2475,UA,LAX,3,133,194,0,0,14,172,300,0,0,26
-1,10,16,3,15,2475,DL,LAX,3,133,194,0,0,14,172,300,0,0,26
-3,10,16,3,21,2475,DL,LAX,3,133,194,0,0,14,172,300,0,0,26
-9,10,16,3,12,2475,DL,LAX,3,133,194,0,0,14,172,300,0,0,26
0,10,16,3,7,2475,DL,LAX,3,133,194,0,0,14,172,300,0,0,26
-2,10,16,3,8,2475,AA,LAX,3,133,194,0,0,14,172,300,0,0,26
-4,10,16,3,7,2475,B6,LAX,3,133,194,0,0,14,172,300,0,0,26
-4,10,16,3,9,2475,B6,LAX,3,133,194,0,0,14,172,300,0,0,26
-4,10,16,3,11,2475,B6,LAX,3,133,194,0,0,14,172,300,0,0,26
-5,10,16,3,19,2475,AA,LAX,3,133,194,0,0,14,172,300,0,0,26
1,10,16,3,21,2475,AA,LAX,3,133,194,0,0,14,172,300,0,0,26
1,10,16,3,15,2475,AA,LAX,3,133,194,0,0,14,172,300,0,0,26
-4,10,16,3,10,2475,AA,LAX,3,133,194,0,0,14,172,300,0,0,26
-1,10,16,3,16,2475,AA,LAX,3,133,194,0,0,14,172,300,0,0,26
-9,10,16,3,9,2475,AA,LAX,3,133,194,0,0,14,172,300,0,0,26
-4,10,16,3,20,2475,B6,LAX,3,133,194,0,0,14,172,300,0,0,26
-5,10,16,3,12,2475,AA,LAX,3,133,194,0,0,14,172,300,0,0,26
-5,10,16,3,16,2475,B6,LAX,3,133,194,0,0,14,172,300,0,0,26
-4,10,16,3,13,2475,AA,LAX,3,133,194,0,0,14,172,300,0,0,26
127,10,21,1,21,2475,AA,LAX,8,100,189,0,0,17,139,200,0,0,24
6,10,21,1,15,2475,AA,LAX,8,100,189,0,0,17,139,200,0,0,24
2,10,21,1,8,2475,AA,LAX,8,100,189,0,0,17,139,200,0,0,24
-1,10,21,1,10,2475,AA,LAX,8,100,189,0,0,17,139,200,0,0,24
-4,10,21,1,12,2475,AA,LAX,8,100,189,0,0,17,139,200,0,0,24
-4,10,21,1,12,2475,B6,LAX,8,100,189,0,0,17,139,200,0,0,24
-7,10,21,1,9,2475,B6,LAX,8,100,189,0,0,17,139,200,0,0,24
-4,10,21,1,7,2475,B6,LAX,8,100,189,0,0,17,139,200,0,0,24
-1,10,21,1,20,2475,B6,LAX,8,100,189,0,0,17,139,200,0,0,24
-10,10,21,1,19,2475,AA,LAX,8,100,189,0,0,17,139,200,0,0,24
-2,10,21,1,16,2475,B6,LAX,8,100,189,0,0,17,139,200,0,0,24
-4,10,21,1,16,2475,AA,LAX,8,100,189,0,0,17,139,200,0,0,24
-5,10,21,1,13,2475,AA,LAX,8,100,189,0,0,17,139,200,0,0,24
-7,10,21,1,9,2475,AA,LAX,8,100,189,0,0,17,139,200,0,0,24
10,10,21,1,8,2475,UA,LAX,8,100,189,0,0,17,139,200,0,0,24
-2,10,21,1,11,2475,UA,LAX,8,100,189,0,0,17,139,200,0,0,24
-4,10,21,1,16,2475,VX,LAX,8,100,189,0,0,17,139,200,0,0,24
13,10,21,1,17,2475,UA,LAX,8,100,189,0,0,17,139,200,0,0,24
-3,10,21,1,20,2475,UA,LAX,8,100,189,0,0,17,139,200,0,0,24
-5,10,21,1,6,2475,UA,LAX,8,100,189,0,0,17,139,200,0,0,24
10,10,21,1,14,2475,UA,LAX,8,100,189,0,0,17,139,200,0,0,24
-1,10,21,1,9,2475,VX,LAX,8,100,189,0,0,17,139,200,0,0,24
-4,10,21,1,20,2475,VX,LAX,8,100,189,0,0,17,139,200,0,0,24
-4,10,21,1,18,2475,DL,LAX,8,100,189,0,0,17,139,200,0,0,24
-5,10,21,1,21,2475,DL,LAX,8,100,189,0,0,17,139,200,0,0,24
20,10,21,1,15,2475,DL,LAX,8,100,189,0,0,17,139,200,0,0,24
-1,10,21,1,12,2475,DL,LAX,8,100,189,0,0,17,139,200,0,0,24
-2,10,21,1,7,2475,DL,LAX,8,100,189,0,0,17,139,200,0,0,24
-3,10,21,1,9,2475,DL,LAX,8,100,189,0,0,17,139,200,0,0,24
-1,10,21,1,17,2475,DL,LAX,8,100,189,0,0,17,139,200,0,0,24
47,10,21,1,13,2475,VX,LAX,8,100,189,0,0,17,139,200,0,0,24
-1,10,21,1,7,2475,VX,LAX,8,100,189,0,0,17,139,200,0,0,24
-4,11,17,7,14,2475,UA,LAX,6,106,156,8,0,16,122,194,0,0,25
-5,11,17,7,11,2475,UA,LAX,6,106,156,8,0,16,122,194,0,0,25
-9,11,17,7,7,2475,VX,LAX,6,106,156,8,0,16,122,194,0,0,25
-4,11,17,7,9,2475,VX,LAX,6,106,156,8,0,16,122,194,0,0,25
2,11,17,7,13,2475,VX,LAX,6,106,156,8,0,16,122,194,0,0,25
15,11,17,7,16,2475,VX,LAX,6,106,156,8,0,16,122,194,0,0,25
-1,11,17,7,20,2475,VX,LAX,6,106,156,8,0,16,122,194,0,0,25
-3,11,17,7,17,2475,UA,LAX,6,106,156,8,0,16,122,194,0,0,25
12,11,17,7,8,2475,UA,LAX,6,106,156,8,0,16,122,194,0,0,25
6,11,17,7,20,2475,UA,LAX,6,106,156,8,0,16,122,194,0,0,25
-3,11,17,7,12,2475,AA,LAX,6,106,156,8,0,16,122,194,0,0,25
-1,11,17,7,10,2475,AA,LAX,6,106,156,8,0,16,122,194,0,0,25
81,11,17,7,20,2475,B6,LAX,6,106,156,8,0,16,122,194,0,0,25
-2,11,17,7,19,2475,AA,LAX,6,106,156,8,0,16,122,194,0,0,25
-9,11,17,7,7,2475,B6,LAX,6,106,156,8,0,16,122,194,0,0,25
-3,11,17,7,15,2475,AA,LAX,6,106,156,8,0,16,122,194,0,0,25
-2,11,17,7,9,2475,B6,LAX,6,106,156,8,0,16,122,194,0,0,25
-3,11,17,7,13,2475,AA,LAX,6,106,156,8,0,16,122,194,0,0,25
-1,11,17,7,11,2475,B6,LAX,6,106,156,8,0,16,122,194,0,0,25
-4,11,17,7,16,2475,AA,LAX,6,106,156,8,0,16,122,194,0,0,25
121,11,17,7,16,2475,B6,LAX,6,106,156,8,0,16,122,194,0,0,25
67,11,17,7,21,2475,AA,LAX,6,106,156,8,0,16,122,194,0,0,25
0,11,17,7,16,2475,DL,LAX,6,106,156,8,0,16,122,194,0,0,25
2,11,17,7,7,2475,DL,LAX,6,106,156,8,0,16,122,194,0,0,25
-5,11,17,7,20,2475,DL,LAX,6,106,156,8,0,16,122,194,0,0,25
-3,11,17,7,18,2475,DL,LAX,6,106,156,8,0,16,122,194,0,0,25
-2,11,17,7,12,2475,DL,LAX,6,106,156,8,0,16,122,194,0,0,25
-6,11,17,7,9,2475,DL,LAX,6,106,156,8,0,16,122,194,0,0,25
3,11,17,7,15,2475,DL,LAX,6,106,156,8,0,16,122,194,0,0,25
8,11,17,7,8,2475,AA,LAX,6,106,156,8,0,16,122,194,0,0,25
-6,11,17,7,9,2475,AA,LAX,6,106,156,8,0,16,122,194,0,0,25
-2,11,22,5,16,2475,VX,LAX,5,106,139,18,0,28,133,189,0,0,22
-4,11,22,5,13,2475,VX,LAX,5,106,139,18,0,28,133,189,0,0,22
-2,11,22,5,9,2475,VX,LAX,5,106,139,18,0,28,133,189,0,0,22
6,11,22,5,20,2475,UA,LAX,5,106,139,18,0,28,133,189,0,0,22
-6,11,22,5,14,2475,UA,LAX,5,106,139,18,0,28,133,189,0,0,22
-6,11,22,5,11,2475,UA,LAX,5,106,139,18,0,28,133,189,0,0,22
-5,11,22,5,17,2475,UA,LAX,5,106,139,18,0,28,133,189,0,0,22
-1,11,22,5,8,2475,UA,LAX,5,106,139,18,0,28,133,189,0,0,22
0,11,22,5,7,2475,VX,LAX,5,106,139,18,0,28,133,189,0,0,22
-6,11,22,5,6,2475,UA,LAX,5,106,139,18,0,28,133,189,0,0,22
-3,11,22,5,20,2475,VX,LAX,5,106,139,18,0,28,133,189,0,0,22
-2,11,22,5,10,2475,AA,LAX,5,106,139,18,0,28,133,189,0,0,22
-1,11,22,5,20,2475,B6,LAX,5,106,139,18,0,28,133,189,0,0,22
-2,11,22,5,11,2475,B6,LAX,5,106,139,18,0,28,133,189,0,0,22
0,11,22,5,21,2475,AA,LAX,5,106,139,18,0,28,133,189,0,0,22
-9,11,22,5,15,2475,DL,LAX,5,106,139,18,0,28,133,189,0,0,22
-4,11,22,5,9,2475,DL,LAX,5,106,139,18,0,28,133,189,0,0,22
-2,11,22,5,12,2475,DL,LAX,5,106,139,18,0,28,133,189,0,0,22
0,11,22,5,20,2475,DL,LAX,5,106,139,18,0,28,133,189,0,0,22
-5,11,22,5,12,2475,AA,LAX,5,106,139,18,0,28,133,189,0,0,22
-5,11,22,5,7,2475,DL,LAX,5,106,139,18,0,28,133,189,0,0,22
-4,11,22,5,16,2475,DL,LAX,5,106,139,18,0,28,133,189,0,0,22
-6,11,22,5,7,2475,AA,LAX,5,106,139,18,0,28,133,189,0,0,22
13,11,22,5,9,2475,B6,LAX,5,106,139,18,0,28,133,189,0,0,22
-7,11,22,5,7,2475,B6,LAX,5,106,139,18,0,28,133,189,0,0,22
-6,11,22,5,16,2475,B6,LAX,5,106,139,18,0,28,133,189,0,0,22
-1,11,22,5,16,2475,AA,LAX,5,106,139,18,0,28,133,189,0,0,22
-1,11,22,5,13,2475,AA,LAX,5,106,139,18,0,28,133,189,0,0,22
-3,11,22,5,18,2475,DL,LAX,5,106,139,18,0,28,133,189,0,0,22
-6,11,22,5,15,2475,AA,LAX,5,106,139,18,0,28,133,189,0,0,22
-2,11,22,5,19,2475,AA,LAX,5,106,139,18,0,28,133,189,0,0,22
-8,11,22,5,9,2475,AA,LAX,5,106,139,18,0,28,133,189,0,0,22
7,12,18,3,16,2475,AA,LAX,7,-49,28,0,0,30,139,206,0,0,26
-3,12,18,3,13,2475,AA,LAX,7,-49,28,0,0,30,139,206,0,0,26
-1,12,18,3,15,2475,AA,LAX,7,-49,28,0,0,30,139,206,0,0,26
0,12,18,3,7,2475,B6,LAX,7,-49,28,0,0,30,139,206,0,0,26
49,12,18,3,9,2475,B6,LAX,7,-49,28,0,0,30,139,206,0,0,26
15,12,18,3,11,2475,B6,LAX,7,-49,28,0,0,30,139,206,0,0,26
112,12,18,3,12,2475,AA,LAX,7,-49,28,0,0,30,139,206,0,0,26
-1,12,18,3,16,2475,B6,LAX,7,-49,28,0,0,30,139,206,0,0,26
37,12,18,3,20,2475,B6,LAX,7,-49,28,0,0,30,139,206,0,0,26
268,12,18,3,19,2475,AA,LAX,7,-49,28,0,0,30,139,206,0,0,26
4,12,18,3,21,2475,AA,LAX,7,-49,28,0,0,30,139,206,0,0,26
10,12,18,3,7,2475,AA,LAX,7,-49,28,0,0,30,139,206,0,0,26
2,12,18,3,9,2475,AA,LAX,7,-49,28,0,0,30,139,206,0,0,26
-6,12,18,3,10,2475,AA,LAX,7,-49,28,0,0,30,139,206,0,0,26
-1,12,18,3,14,2475,UA,LAX,7,-49,28,0,0,30,139,206,0,0,26
13,12,18,3,11,2475,UA,LAX,7,-49,28,0,0,30,139,206,0,0,26
1,12,18,3,17,2475,UA,LAX,7,-49,28,0,0,30,139,206,0,0,26
0,12,18,3,15,2475,DL,LAX,7,-49,28,0,0,30,139,206,0,0,26
-4,12,18,3,12,2475,DL,LAX,7,-49,28,0,0,30,139,206,0,0,26
2,12,18,3,18,2475,DL,LAX,7,-49,28,0,0,30,139,206,0,0,26
47,12,18,3,20,2475,DL,LAX,7,-49,28,0,0,30,139,206,0,0,26
3,12,18,3,7,2475,DL,LAX,7,-49,28,0,0,30,139,206,0,0,26
13,12,18,3,16,2475,DL,LAX,7,-49,28,0,0,30,139,206,0,0,26
17,12,18,3,20,2475,UA,LAX,7,-49,28,0,0,30,139,206,0,0,26
-1,12,18,3,6,2475,UA,LAX,7,-49,28,0,0,30,139,206,0,0,26
-8,12,18,3,8,2475,UA,LAX,7,-49,28,0,0,30,139,206,0,0,26
1,12,18,3,9,2475,DL,LAX,7,-49,28,0,0,30,139,206,0,0,26
26,12,18,3,20,2475,VX,LAX,7,-49,28,0,0,30,139,206,0,0,26
57,12,18,3,16,2475,VX,LAX,7,-49,28,0,0,30,139,206,0,0,26
5,12,18,3,13,2475,VX,LAX,7,-49,28,0,0,30,139,206,0,0,26
36,12,18,3,9,2475,VX,LAX,7,-49,28,0,0,30,139,206,0,0,26
6,12,18,3,7,2475,VX,LAX,7,-49,28,0,0,30,139,206,0,0,26
9,12,23,1,15,2475,AA,LAX,2,56,178,130,0,21,89,228,0,0,17
1,12,23,1,21,2475,AA,LAX,2,56,178,130,0,21,89,228,0,0,17
19,12,23,1,19,2475,AA,LAX,2,56,178,130,0,21,89,228,0,0,17
72,12,23,1,22,2475,B6,LAX,2,56,178,130,0,21,89,228,0,0,17
6,12,23,1,20,2475,B6,LAX,2,56,178,130,0,21,89,228,0,0,17
-4,12,23,1,16,2475,B6,LAX,2,56,178,130,0,21,89,228,0,0,17
-9,12,23,1,11,2475,B6,LAX,2,56,178,130,0,21,89,228,0,0,17
-1,12,23,1,9,2475,B6,LAX,2,56,178,130,0,21,89,228,0,0,17
0,12,23,1,7,2475,B6,LAX,2,56,178,130,0,21,89,228,0,0,17
0,12,23,1,7,2475,AA,LAX,2,56,178,130,0,21,89,228,0,0,17
-1,12,23,1,13,2475,AA,LAX,2,56,178,130,0,21,89,228,0,0,17
262,12,23,1,12,2475,AA,LAX,2,56,178,130,0,21,89,228,0,0,17
-5,12,23,1,9,2475,AA,LAX,2,56,178,130,0,21,89,228,0,0,17
59,12,23,1,16,2475,AA,LAX,2,56,178,130,0,21,89,228,0,0,17
33,12,23,1,15,2475,DL,LAX,2,56,178,130,0,21,89,228,0,0,17
-2,12,23,1,12,2475,DL,LAX,2,56,178,130,0,21,89,228,0,0,17
-1,12,23,1,18,2475,DL,LAX,2,56,178,130,0,21,89,228,0,0,17
46,12,23,1,20,2475,DL,LAX,2,56,178,130,0,21,89,228,0,0,17
-4,12,23,1,17,2475,DL,LAX,2,56,178,130,0,21,89,228,0,0,17
1,12,23,1,9,2475,DL,LAX,2,56,178,130,0,21,89,228,0,0,17
11,12,23,1,20,2475,VX,LAX,2,56,178,130,0,21,89,228,0,0,17
36,12,23,1,16,2475,VX,LAX,2,56,178,130,0,21,89,228,0,0,17
-1,12,23,1,13,2475,VX,LAX,2,56,178,130,0,21,89,228,0,0,17
-4,12,23,1,9,2475,VX,LAX,2,56,178,130,0,21,89,228,0,0,17
-3,12,23,1,7,2475,VX,LAX,2,56,178,130,0,21,89,228,0,0,17
0,12,23,1,8,2475,UA,LAX,2,56,178,130,0,21,89,228,0,0,17
-3,12,23,1,6,2475,UA,LAX,2,56,178,130,0,21,89,228,0,0,17
4,12,23,1,20,2475,UA,LAX,2,56,178,130,0,21,89,228,0,0,17
13,12,23,1,17,2475,UA,LAX,2,56,178,130,0,21,89,228,0,0,17
10,12,23,1,11,2475,UA,LAX,2,56,178,130,0,21,89,228,0,0,17
24,12,23,1,14,2475,UA,LAX,2,56,178,130,0,21,89,228,0,0,17
