-4,1,2,3,13,2475,AA,LAX,1,-56,6,0,0,26,67,167,0,0,18
2,1,2,3,7,2475,AA,LAX,1,-56,6,0,0,26,67,167,0,0,18
-1,1,2,3,21,2475,AA,LAX,1,-56,6,0,0,26,67,167,0,0,18
32,1,2,3,16,2475,AA,LAX,1,-56,6,0,0,26,67,167,0,0,18
0,1,2,3,19,2475,AA,LAX,1,-56,6,0,0,26,67,167,0,0,18
8,1,2,3,10,2475,AA,LAX,1,-56,6,0,0,26,67,167,0,0,18
-5,1,2,3,9,2475,AA,LAX,1,-56,6,0,0,26,67,167,0,0,18
4,1,2,3,12,2475,AA,LAX,1,-56,6,0,0,26,67,167,0,0,18
-1,1,2,3,8,2475,UA,LAX,1,-56,6,0,0,26,67,167,0,0,18
-5,1,2,3,11,2475,UA,LAX,1,-56,6,0,0,26,67,167,0,0,18
16,1,2,3,6,2475,UA,LAX,1,-56,6,0,0,26,67,167,0,0,18
-1,1,2,3,7,2475,VX,LAX,1,-56,6,0,0,26,67,167,0,0,18
3,1,2,3,9,2475,VX,LAX,1,-56,6,0,0,26,67,167,0,0,18
1,1,2,3,11,2475,VX,LAX,1,-56,6,0,0,26,67,167,0,0,18
-4,1,2,3,13,2475,VX,LAX,1,-56,6,0,0,26,67,167,0,0,18
0,1,2,3,16,2475,VX,LAX,1,-56,6,0,0,26,67,167,0,0,18
-2,1,2,3,20,2475,VX,LAX,1,-56,6,0,0,26,67,167,0,0,18
0,1,2,3,15,2475,DL,LAX,1,-56,6,0,0,26,67,167,0,0,18
0,1,2,3,21,2475,DL,LAX,1,-56,6,0,0,26,67,167,0,0,18
-4,1,2,3,12,2475,DL,LAX,1,-56,6,0,0,26,67,167,0,0,18
-5,1,2,3,7,2475,DL,LAX,1,-56,6,0,0,26,67,167,0,0,18
-1,1,2,3,17,2475,DL,LAX,1,-56,6,0,0,26,67,167,0,0,18
-3,1,2,3,9,2475,DL,LAX,1,-56,6,0,0,26,67,167,0,0,18
-4,1,2,3,19,2475,DL,LAX,1,-56,6,0,0,26,67,167,0,0,18
19,1,2,3,9,2475,B6,LAX,1,-56,6,0,0,26,67,167,0,0,18
7,1,2,3,20,2475,B6,LAX,1,-56,6,0,0,26,67,167,0,0,18
-3,1,2,3,16,2475,B6,LAX,1,-56,6,0,0,26,67,167,0,0,18
-4,1,2,3,12,2475,B6,LAX,1,-56,6,0,0,26,67,167,0,0,18
9,1,2,3,7,2475,B6,LAX,1,-56,6,0,0,26,67,167,0,0,18
-5,1,2,3,15,2475,UA,LAX,1,-56,6,0,0,26,67,167,0,0,18
-4,1,2,3,17,2475,UA,LAX,1,-56,6,0,0,26,67,167,0,0,18
-3,1,25,5,13,2475,VX,LAX,4,-106,-44,18,38,30,156,194,41,0,21
-5,1,25,5,16,2475,VX,LAX,4,-106,-44,18,38,30,156,194,41,0,21
-2,1,25,5,20,2475,VX,LAX,4,-106,-44,18,38,30,156,194,41,0,21
13,1,25,5,20,2475,B6,LAX,4,-106,-44,18,38,30,156,194,41,0,21
-2,1,25,5,16,2475,B6,LAX,4,-106,-44,18,38,30,156,194,41,0,21
-3,1,25,5,11,2475,B6,LAX,4,-106,-44,18,38,30,156,194,41,0,21
-5,1,25,5,7,2475,B6,LAX,4,-106,-44,18,38,30,156,194,41,0,21
114,1,25,5,21,2475,DL,LAX,4,-106,-44,18,38,30,156,194,41,0,21
-2,1,25,5,17,2475,DL,LAX,4,-106,-44,18,38,30,156,194,41,0,21
-1,1,25,5,9,2475,DL,LAX,4,-106,-44,18,38,30,156,194,41,0,21
15,1,25,5,19,2475,DL,LAX,4,-106,-44,18,38,30,156,194,41,0,21
-4,1,25,5,7,2475,VX,LAX,4,-106,-44,18,38,30,156,194,41,0,21
-6,1,25,5,9,2475,VX,LAX,4,-106,-44,18,38,30,156,194,41,0,21
81,1,25,5,15,2475,UA,LAX,4,-106,-44,18,38,30,156,194,41,0,21
3,1,25,5,9,2475,AA,LAX,4,-106,-44,18,38,30,156,194,41,0,21
-3,1,25,5,12,2475,DL,LAX,4,-106,-44,18,38,30,156,194,41,0,21
-6,1,25,5,7,2475,DL,LAX,4,-106,-44,18,38,30,156,194,41,0,21
-5,1,25,5,13,2475,AA,LAX,4,-106,-44,18,38,30,156,194,41,0,21
1,1,25,5,15,2475,DL,LAX,4,-106,-44,18,38,30,156,194,41,0,21
-1,1,25,5,15,2475,AA,LAX,4,-106,-44,18,38,30,156,194,41,0,21
-1,1,25,5,7,2475,AA,LAX,4,-106,-44,18,38,30,156,194,41,0,21
11,1,25,5,8,2475,UA,LAX,4,-106,-44,18,38,30,156,194,41,0,21
0,1,25,5,17,2475,UA,LAX,4,-106,-44,18,38,30,156,194,41,0,21
63,1,25,5,21,2475,AA,LAX,4,-106,-44,18,38,30,156,194,41,0,21
57,1,25,5,19,2475,AA,LAX,4,-106,-44,18,38,30,156,194,41,0,21
-5,1,25,5,11,2475,UA,LAX,4,-106,-44,18,38,30,156,194,41,0,21
-1,1,25,5,20,2475,UA,LAX,4,-106,-44,18,38,30,156,194,41,0,21
7,1,25,5,6,2475,UA,LAX,4,-106,-44,18,38,30,156,194,41,0,21
-5,1,25,5,12,2475,AA,LAX,4,-106,-44,18,38,30,156,194,41,0,21
-2,1,25,5,10,2475,AA,LAX,4,-106,-44,18,38,30,156,194,41,0,21
19,1,25,5,16,2475,AA,LAX,4,-106,-44,18,38,30,156,194,41,0,21
-7,1,30,3,10,2475,AA,LAX,9,39,150,10,0,23,72,183,0,0,19
-8,1,30,3,13,2475,AA,LAX,9,39,150,10,0,23,72,183,0,0,19
-1,1,30,3,21,2475,AA,LAX,9,39,150,10,0,23,72,183,0,0,19
-4,1,30,3,15,2475,AA,LAX,9,39,150,10,0,23,72,183,0,0,19
10,1,30,3,19,2475,AA,LAX,9,39,150,10,0,23,72,183,0,0,19
0,1,30,3,16,2475,AA,LAX,9,39,150,10,0,23,72,183,0,0,19
3,1,30,3,9,2475,AA,LAX,9,39,150,10,0,23,72,183,0,0,19
5,1,30,3,7,2475,AA,LAX,9,39,150,10,0,23,72,183,0,0,19
-1,1,30,3,15,2475,UA,LAX,9,39,150,10,0,23,72,183,0,0,19
-7,1,30,3,8,2475,UA,LAX,9,39,150,10,0,23,72,183,0,0,19
-7,1,30,3,12,2475,AA,LAX,9,39,150,10,0,23,72,183,0,0,19
-7,1,30,3,6,2475,UA,LAX,9,39,150,10,0,23,72,183,0,0,19
-6,1,30,3,20,2475,UA,LAX,9,39,150,10,0,23,72,183,0,0,19
-7,1,30,3,11,2475,UA,LAX,9,39,150,10,0,23,72,183,0,0,19
4,1,30,3,17,2475,UA,LAX,9,39,150,10,0,23,72,183,0,0,19
30,1,30,3,20,2475,VX,LAX,9,39,150,10,0,23,72,183,0,0,19
17,1,30,3,16,2475,VX,LAX,9,39,150,10,0,23,72,183,0,0,19
2,1,30,3,13,2475,VX,LAX,9,39,150,10,0,23,72,183,0,0,19
-6,1,30,3,19,2475,DL,LAX,9,39,150,10,0,23,72,183,0,0,19
191,1,30,3,16,2475,B6,LAX,9,39,150,10,0,23,72,183,0,0,19
-6,1,30,3,7,2475,B6,LAX,9,39,150,10,0,23,72,183,0,0,19
-10,1,30,3,11,2475,B6,LAX,9,39,150,10,0,23,72,183,0,0,19
-3,1,30,3,17,2475,DL,LAX,9,39,150,10,0,23,72,183,0,0,19
-7,1,30,3,21,2475,DL,LAX,9,39,150,10,0,23,72,183,0,0,19
-7,1,30,3,9,2475,VX,LAX,9,39,150,10,0,23,72,183,0,0,19
-7,1,30,3,7,2475,VX,LAX,9,39,150,10,0,23,72,183,0,0,19
-5,1,30,3,15,2475,DL,LAX,9,39,150,10,0,23,72,183,0,0,19
-5,1,30,3,12,2475,DL,LAX,9,39,150,10,0,23,72,183,0,0,19
-6,1,30,3,7,2475,DL,LAX,9,39,150,10,0,23,72,183,0,0,19
-5,1,30,3,9,2475,DL,LAX,9,39,150,10,0,23,72,183,0,0,19
-5,1,30,3,20,2475,B6,LAX,9,39,150,10,0,23,72,183,0,0,19
3,2,3,7,11,2475,UA,LAX,13,-44,-11,5,8,16,128,217,0,0,27
9,2,3,7,8,2475,UA,LAX,13,-44,-11,5,8,16,128,217,0,0,27
-4,2,3,7,15,2475,UA,LAX,13,-44,-11,5,8,16,128,217,0,0,27
-3,2,3,7,17,2475,UA,LAX,13,-44,-11,5,8,16,128,217,0,0,27
-1,2,3,7,20,2475,UA,LAX,13,-44,-11,5,8,16,128,217,0,0,27
-2,2,3,7,9,2475,VX,LAX,13,-44,-11,5,8,16,128,217,0,0,27
3,2,3,7,13,2475,VX,LAX,13,-44,-11,5,8,16,128,217,0,0,27
-1,2,3,7,16,2475,VX,LAX,13,-44,-11,5,8,16,128,217,0,0,27
-4,2,3,7,20,2475,VX,LAX,13,-44,-11,5,8,16,128,217,0,0,27
-5,2,3,7,9,2475,AA,LAX,13,-44,-11,5,8,16,128,217,0,0,27
60,2,3,7,15,2475,AA,LAX,13,-44,-11,5,8,16,128,217,0,0,27
29,2,3,7,7,2475,AA,LAX,13,-44,-11,5,8,16,128,217,0,0,27
83,2,3,7,20,2475,B6,LAX,13,-44,-11,5,8,16,128,217,0,0,27
9,2,3,7,12,2475,AA,LAX,13,-44,-11,5,8,16,128,217,0,0,27
-3,2,3,7,13,2475,AA,LAX,13,-44,-11,5,8,16,128,217,0,0,27
-6,2,3,7,10,2475,AA,LAX,13,-44,-11,5,8,16,128,217,0,0,27
8,2,3,7,16,2475,B6,LAX,13,-44,-11,5,8,16,128,217,0,0,27
29,2,3,7,11,2475,B6,LAX,13,-44,-11,5,8,16,128,217,0,0,27
-4,2,3,7,12,2475,DL,LAX,13,-44,-11,5,8,16,128,217,0,0,27
-6,2,3,7,17,2475,DL,LAX,13,-44,-11,5,8,16,128,217,0,0,27
-6,2,3,7,7,2475,B6,LAX,13,-44,-11,5,8,16,128,217,0,0,27
-5,2,3,7,15,2475,DL,LAX,13,-44,-11,5,8,16,128,217,0,0,27
-5,2,3,7,9,2475,DL,LAX,13,-44,-11,5,8,16,128,217,0,0,27
-3,2,3,7,16,2475,AA,LAX,13,-44,-11,5,8,16,128,217,0,0,27
-2,2,3,7,21,2475,DL,LAX,13,-44,-11,5,8,16,128,217,0,0,27
26,2,3,7,21,2475,AA,LAX,13,-44,-11,5,8,16,128,217,0,0,27
-4,2,3,7,19,2475,DL,LAX,13,-44,-11,5,8,16,128,217,0,0,27
-8,2,3,7,19,2475,AA,LAX,13,-44,-11,5,8,16,128,217,0,0,27
4,2,26,2,15,2475,UA,LAX,8,17,67,36,0,34,67,189,0,0,22
-3,2,26,2,11,2475,UA,LAX,8,17,67,36,0,34,67,189,0,0,22
-3,2,26,2,6,2475,UA,LAX,8,17,67,36,0,34,67,189,0,0,22
-7,2,26,2,20,2475,UA,LAX,8,17,67,36,0,34,67,189,0,0,22
6,2,26,2,8,2475,UA,LAX,8,17,67,36,0,34,67,189,0,0,22
0,2,26,2,17,2475,UA,LAX,8,17,67,36,0,34,67,189,0,0,22
-5,2,26,2,7,2475,B6,LAX,8,17,67,36,0,34,67,189,0,0,22
-11,2,26,2,7,2475,AA,LAX,8,17,67,36,0,34,67,189,0,0,22
-5,2,26,2,10,2475,AA,LAX,8,17,67,36,0,34,67,189,0,0,22
0,2,26,2,16,2475,AA,LAX,8,17,67,36,0,34,67,189,0,0,22
-4,2,26,2,21,2475,AA,LAX,8,17,67,36,0,34,67,189,0,0,22
-2,2,26,2,12,2475,AA,LAX,8,17,67,36,0,34,67,189,0,0,22
1,2,26,2,9,2475,AA,LAX,8,17,67,36,0,34,67,189,0,0,22
1,2,26,2,11,2475,B6,LAX,8,17,67,36,0,34,67,189,0,0,22
11,2,26,2,16,2475,B6,LAX,8,17,67,36,0,34,67,189,0,0,22
66,2,26,2,20,2475,B6,LAX,8,17,67,36,0,34,67,189,0,0,22
-6,2,26,2,15,2475,AA,LAX,8,17,67,36,0,34,67,189,0,0,22
-5,2,26,2,13,2475,AA,LAX,8,17,67,36,0,34,67,189,0,0,22
-6,2,26,2,19,2475,AA,LAX,8,17,67,36,0,34,67,189,0,0,22
-5,2,26,2,7,2475,VX,LAX,8,17,67,36,0,34,67,189,0,0,22
-2,2,26,2,9,2475,VX,LAX,8,17,67,36,0,34,67,189,0,0,22
-6,2,26,2,13,2475,VX,LAX,8,17,67,36,0,34,67,189,0,0,22
-4,2,26,2,7,2475,DL,LAX,8,17,67,36,0,34,67,189,0,0,22
5,2,26,2,17,2475,DL,LAX,8,17,67,36,0,34,67,189,0,0,22
-5,2,26,2,9,2475,DL,LAX,8,17,67,36,0,34,67,189,0,0,22
20,2,26,2,16,2475,VX,LAX,8,17,67,36,0,34,67,189,0,0,22
-6,2,26,2,20,2475,VX,LAX,8,17,67,36,0,34,67,189,0,0,22
-2,2,26,2,19,2475,DL,LAX,8,17,67,36,0,34,67,189,0,0,22
4,2,26,2,12,2475,DL,LAX,8,17,67,36,0,34,67,189,0,0,22
-8,2,26,2,15,2475,DL,LAX,8,17,67,36,0,34,67,189,0,0,22
-7,2,26,2,21,2475,DL,LAX,8,17,67,36,0,34,67,189,0,0,22
-4,3,4,1,16,2475,VX,LAX,14,-28,56,0,0,46,111,178,0,0,25
-1,3,4,1,20,2475,VX,LAX,14,-28,56,0,0,46,111,178,0,0,25
0,3,4,1,9,2475,VX,LAX,14,-28,56,0,0,46,111,178,0,0,25
-1,3,4,1,13,2475,VX,LAX,14,-28,56,0,0,46,111,178,0,0,25
-1,3,4,1,7,2475,VX,LAX,14,-28,56,0,0,46,111,178,0,0,25
-1,3,4,1,7,2475,AA,LAX,14,-28,56,0,0,46,111,178,0,0,25
-4,3,4,1,7,2475,B6,LAX,14,-28,56,0,0,46,111,178,0,0,25
-4,3,4,1,12,2475,AA,LAX,14,-28,56,0,0,46,111,178,0,0,25
-3,3,4,1,11,2475,B6,LAX,14,-28,56,0,0,46,111,178,0,0,25
-3,3,4,1,16,2475,AA,LAX,14,-28,56,0,0,46,111,178,0,0,25
0,3,4,1,13,2475,AA,LAX,14,-28,56,0,0,46,111,178,0,0,25
0,3,4,1,20,2475,B6,LAX,14,-28,56,0,0,46,111,178,0,0,25
-6,3,4,1,9,2475,AA,LAX,14,-28,56,0,0,46,111,178,0,0,25
33,3,4,1,19,2475,AA,LAX,14,-28,56,0,0,46,111,178,0,0,25
-3,3,4,1,15,2475,AA,LAX,14,-28,56,0,0,46,111,178,0,0,25
-3,3,4,1,10,2475,AA,LAX,14,-28,56,0,0,46,111,178,0,0,25
-9,3,4,1,21,2475,AA,LAX,14,-28,56,0,0,46,111,178,0,0,25
17,3,4,1,16,2475,B6,LAX,14,-28,56,0,0,46,111,178,0,0,25
-5,3,4,1,21,2475,DL,LAX,14,-28,56,0,0,46,111,178,0,0,25
-3,3,4,1,12,2475,DL,LAX,14,-28,56,0,0,46,111,178,0,0,25
0,3,4,1,7,2475,DL,LAX,14,-28,56,0,0,46,111,178,0,0,25
-2,3,4,1,17,2475,DL,LAX,14,-28,56,0,0,46,111,178,0,0,25
-5,3,4,1,9,2475,DL,LAX,14,-28,56,0,0,46,111,178,0,0,25
-2,3,4,1,19,2475,DL,LAX,14,-28,56,0,0,46,111,178,0,0,25
23,3,4,1,16,2475,DL,LAX,14,-28,56,0,0,46,111,178,0,0,25
-3,3,4,1,14,2475,DL,LAX,14,-28,56,0,0,46,111,178,0,0,25
-4,3,4,1,8,2475,UA,LAX,14,-28,56,0,0,46,111,178,0,0,25
-6,3,4,1,20,2475,UA,LAX,14,-28,56,0,0,46,111,178,0,0,25
0,3,4,1,11,2475,UA,LAX,14,-28,56,0,0,46,111,178,0,0,25
5,3,4,1,15,2475,UA,LAX,14,-28,56,0,0,46,111,178,0,0,25
-1,3,4,1,17,2475,UA,LAX,14,-28,56,0,0,46,111,178,0,0,25
0,3,27,3,9,2475,VX,LAX,37,22,117,0,0,25,128,194,0,0,29
-2,3,27,3,13,2475,VX,LAX,37,22,117,0,0,25,128,194,0,0,29
5,3,27,3,16,2475,VX,LAX,37,22,117,0,0,25,128,194,0,0,29
2,3,27,3,20,2475,VX,LAX,37,22,117,0,0,25,128,194,0,0,29
-6,3,27,3,7,2475,VX,LAX,37,22,117,0,0,25,128,194,0,0,29
-1,3,27,3,21,2475,AA,LAX,37,22,117,0,0,25,128,194,0,0,29
-6,3,27,3,13,2475,AA,LAX,37,22,117,0,0,25,128,194,0,0,29
-5,3,27,3,9,2475,AA,LAX,37,22,117,0,0,25,128,194,0,0,29
-4,3,27,3,15,2475,AA,LAX,37,22,117,0,0,25,128,194,0,0,29
-8,3,27,3,8,2475,UA,LAX,37,22,117,0,0,25,128,194,0,0,29
-4,3,27,3,17,2475,UA,LAX,37,22,117,0,0,25,128,194,0,0,29
-7,3,27,3,7,2475,AA,LAX,37,22,117,0,0,25,128,194,0,0,29
-10,3,27,3,11,2475,UA,LAX,37,22,117,0,0,25,128,194,0,0,29
5,3,27,3,20,2475,UA,LAX,37,22,117,0,0,25,128,194,0,0,29
-3,3,27,3,12,2475,AA,LAX,37,22,117,0,0,25,128,194,0,0,29
-6,3,27,3,6,2475,UA,LAX,37,22,117,0,0,25,128,194,0,0,29
0,3,27,3,15,2475,UA,LAX,37,22,117,0,0,25,128,194,0,0,29
-5,3,27,3,19,2475,AA,LAX,37,22,117,0,0,25,128,194,0,0,29
-4,3,27,3,16,2475,AA,LAX,37,22,117,0,0,25,128,194,0,0,29
-9,3,27,3,10,2475,AA,LAX,37,22,117,0,0,25,128,194,0,0,29
-4,3,27,3,7,2475,B6,LAX,37,22,117,0,0,25,128,194,0,0,29
-5,3,27,3,19,2475,DL,LAX,37,22,117,0,0,25,128,194,0,0,29
5,3,27,3,16,2475,B6,LAX,37,22,117,0,0,25,128,194,0,0,29
0,3,27,3,11,2475,B6,LAX,37,22,117,0,0,25,128,194,0,0,29
-5,3,27,3,9,2475,DL,LAX,37,22,117,0,0,25,128,194,0,0,29
-5,3,27,3,17,2475,DL,LAX,37,22,117,0,0,25,128,194,0,0,29
-4,3,27,3,21,2475,DL,LAX,37,22,117,0,0,25,128,194,0,0,29
-3,3,27,3,7,2475,DL,LAX,37,22,117,0,0,25,128,194,0,0,29
-2,3,27,3,12,2475,DL,LAX,37,22,117,0,0,25,128,194,0,0,29
-5,3,27,3,14,2475,DL,LAX,37,22,117,0,0,25,128,194,0,0,29
-5,3,27,3,16,2475,DL,LAX,37,22,117,0,0,25,128,194,0,0,29
-7,3,27,3,20,2475,B6,LAX,37,22,117,0,0,25,128,194,0,0,29
0,4,5,5,8,2475,UA,LAX,46,50,178,0,0,25,144,194,0,0,26
3,4,5,5,15,2475,UA,LAX,46,50,178,0,0,25,144,194,0,0,26
-5,4,5,5,6,2475,UA,LAX,46,50,178,0,0,25,144,194,0,0,26
-6,4,5,5,20,2475,UA,LAX,46,50,178,0,0,25,144,194,0,0,26
-2,4,5,5,20,2475,VX,LAX,46,50,178,0,0,25,144,194,0,0,26
1,4,5,5,16,2475,VX,LAX,46,50,178,0,0,25,144,194,0,0,26
1,4,5,5,13,2475,VX,LAX,46,50,178,0,0,25,144,194,0,0,26
-3,4,5,5,9,2475,VX,LAX,46,50,178,0,0,25,144,194,0,0,26
10,4,5,5,7,2475,VX,LAX,46,50,178,0,0,25,144,194,0,0,26
-9,4,5,5,12,2475,UA,LAX,46,50,178,0,0,25,144,194,0,0,26
-4,4,5,5,17,2475,UA,LAX,46,50,178,0,0,25,144,194,0,0,26
-1,4,5,5,16,2475,B6,LAX,46,50,178,0,0,25,144,194,0,0,26
-1,4,5,5,11,2475,B6,LAX,46,50,178,0,0,25,144,194,0,0,26
9,4,5,5,7,2475,B6,LAX,46,50,178,0,0,25,144,194,0,0,26
-2,4,5,5,9,2475,AA,LAX,46,50,178,0,0,25,144,194,0,0,26
-5,4,5,5,21,2475,AA,LAX,46,50,178,0,0,25,144,194,0,0,26
15,4,5,5,14,2475,DL,LAX,46,50,178,0,0,25,144,194,0,0,26
-5,4,5,5,12,2475,DL,LAX,46,50,178,0,0,25,144,194,0,0,26
-4,4,5,5,7,2475,DL,LAX,46,50,178,0,0,25,144,194,0,0,26
-3,4,5,5,9,2475,DL,LAX,46,50,178,0,0,25,144,194,0,0,26
-4,4,5,5,7,2475,AA,LAX,46,50,178,0,0,25,144,194,0,0,26
46,4,5,5,12,2475,AA,LAX,46,50,178,0,0,25,144,194,0,0,26
1,4,5,5,19,2475,DL,LAX,46,50,178,0,0,25,144,194,0,0,26
-1,4,5,5,17,2475,DL,LAX,46,50,178,0,0,25,144,194,0,0,26
8,4,5,5,17,2475,AA,LAX,46,50,178,0,0,25,144,194,0,0,26
-2,4,5,5,20,2475,B6,LAX,46,50,178,0,0,25,144,194,0,0,26
-5,4,5,5,13,2475,AA,LAX,46,50,178,0,0,25,144,194,0,0,26
-1,4,5,5,19,2475,AA,LAX,46,50,178,0,0,25,144,194,0,0,26
-5,4,5,5,21,2475,DL,LAX,46,50,178,0,0,25,144,194,0,0,26
184,4,5,5,15,2475,AA,LAX,46,50,178,0,0,25,144,194,0,0,26
-2,4,5,5,16,2475,DL,LAX,46,50,178,0,0,25,144,194,0,0,26
-8,4,5,5,10,2475,AA,LAX,46,50,178,0,0,25,144,194,0,0,26
-2,4,10,3,16,2475,B6,LAX,42,128,233,124,0,22,117,233,0,0,34
-5,4,10,3,11,2475,B6,LAX,42,128,233,124,0,22,117,233,0,0,34
21,4,10,3,7,2475,B6,LAX,42,128,233,124,0,22,117,233,0,0,34
-4,4,10,3,15,2475,AA,LAX,42,128,233,124,0,22,117,233,0,0,34
16,4,10,3,16,2475,DL,LAX,42,128,233,124,0,22,117,233,0,0,34
212,4,10,3,21,2475,AA,LAX,42,128,233,124,0,22,117,233,0,0,34
-4,4,10,3,13,2475,AA,LAX,42,128,233,124,0,22,117,233,0,0,34
-4,4,10,3,9,2475,DL,LAX,42,128,233,124,0,22,117,233,0,0,34
75,4,10,3,19,2475,AA,LAX,42,128,233,124,0,22,117,233,0,0,34
-3,4,10,3,10,2475,AA,LAX,42,128,233,124,0,22,117,233,0,0,34
-6,4,10,3,7,2475,DL,LAX,42,128,233,124,0,22,117,233,0,0,34
-7,4,10,3,7,2475,AA,LAX,42,128,233,124,0,22,117,233,0,0,34
-5,4,10,3,12,2475,DL,LAX,42,128,233,124,0,22,117,233,0,0,34
38,4,10,3,9,2475,AA,LAX,42,128,233,124,0,22,117,233,0,0,34
-7,4,10,3,14,2475,DL,LAX,42,128,233,124,0,22,117,233,0,0,34
-2,4,10,3,12,2475,AA,LAX,42,128,233,124,0,22,117,233,0,0,34
-4,4,10,3,17,2475,DL,LAX,42,128,233,124,0,22,117,233,0,0,34
22,4,10,3,19,2475,DL,LAX,42,128,233,124,0,22,117,233,0,0,34
50,4,10,3,21,2475,DL,LAX,42,128,233,124,0,22,117,233,0,0,34
0,4,10,3,17,2475,AA,LAX,42,128,233,124,0,22,117,233,0,0,34
120,4,10,3,20,2475,B6,LAX,42,128,233,124,0,22,117,233,0,0,34
-1,4,10,3,8,2475,UA,LAX,42,128,233,124,0,22,117,233,0,0,34
17,4,10,3,6,2475,UA,LAX,42,128,233,124,0,22,117,233,0,0,34
40,4,10,3,17,2475,UA,LAX,42,128,233,124,0,22,117,233,0,0,34
-5,4,10,3,11,2475,UA,LAX,42,128,233,124,0,22,117,233,0,0,34
364,4,10,3,20,2475,UA,LAX,42,128,233,124,0,22,117,233,0,0,34
9,4,10,3,15,2475,UA,LAX,42,128,233,124,0,22,117,233,0,0,34
-4,4,10,3,7,2475,VX,LAX,42,128,233,124,0,22,117,233,0,0,34
3,4,10,3,9,2475,VX,LAX,42,128,233,124,0,22,117,233,0,0,34
1,4,10,3,13,2475,VX,LAX,42,128,233,124,0,22,117,233,0,0,34
79,4,10,3,20,2475,VX,LAX,42,128,233,124,0,22,117,233,0,0,34
11,4,10,3,16,2475,VX,LAX,42,128,233,124,0,22,117,233,0,0,34
4,4,28,7,16,2475,VX,LAX,24,106,206,0,0,20,139,194,0,0,28
11,4,28,7,9,2475,VX,LAX,24,106,206,0,0,20,139,194,0,0,28
-6,4,28,7,7,2475,VX,LAX,24,106,206,0,0,20,139,194,0,0,28
11,4,28,7,13,2475,VX,LAX,24,106,206,0,0,20,139,194,0,0,28
21,4,28,7,20,2475,VX,LAX,24,106,206,0,0,20,139,194,0,0,28
10,4,28,7,19,2475,AA,LAX,24,106,206,0,0,20,139,194,0,0,28
-7,4,28,7,12,2475,DL,LAX,24,106,206,0,0,20,139,194,0,0,28
-7,4,28,7,17,2475,AA,LAX,24,106,206,0,0,20,139,194,0,0,28
4,4,28,7,8,2475,UA,LAX,24,106,206,0,0,20,139,194,0,0,28
18,4,28,7,21,2475,DL,LAX,24,106,206,0,0,20,139,194,0,0,28
-3,4,28,7,15,2475,AA,LAX,24,106,206,0,0,20,139,194,0,0,28
0,4,28,7,16,2475,DL,LAX,24,106,206,0,0,20,139,194,0,0,28
-4,4,28,7,12,2475,AA,LAX,24,106,206,0,0,20,139,194,0,0,28
-6,4,28,7,14,2475,DL,LAX,24,106,206,0,0,20,139,194,0,0,28
-3,4,28,7,10,2475,AA,LAX,24,106,206,0,0,20,139,194,0,0,28
8,4,28,7,7,2475,DL,LAX,24,106,206,0,0,20,139,194,0,0,28
-4,4,28,7,20,2475,B6,LAX,24,106,206,0,0,20,139,194,0,0,28
0,4,28,7,16,2475,B6,LAX,24,106,206,0,0,20,139,194,0,0,28
-12,4,28,7,11,2475,B6,LAX,24,106,206,0,0,20,139,194,0,0,28
-8,4,28,7,7,2475,B6,LAX,24,106,206,0,0,20,139,194,0,0,28
0,4,28,7,17,2475,DL,LAX,24,106,206,0,0,20,139,194,0,0,28
-7,4,28,7,9,2475,AA,LAX,24,106,206,0,0,20,139,194,0,0,28
-1,4,28,7,7,2475,AA,LAX,24,106,206,0,0,20,139,194,0,0,28
189,4,28,7,13,2475,AA,LAX,24,106,206,0,0,20,139,194,0,0,28
-3,4,28,7,11,2475,UA,LAX,24,106,206,0,0,20,139,194,0,0,28
-2,4,28,7,19,2475,DL,LAX,24,106,206,0,0,20,139,194,0,0,28
7,4,28,7,17,2475,UA,LAX,24,106,206,0,0,20,139,194,0,0,28
-5,4,28,7,21,2475,AA,LAX,24,106,206,0,0,20,139,194,0,0,28
9,4,28,7,15,2475,UA,LAX,24,106,206,0,0,20,139,194,0,0,28
-3,4,28,7,20,2475,UA,LAX,24,106,206,0,0,20,139,194,0,0,28
-5,4,28,7,9,2475,DL,LAX,24,106,206,0,0,20,139,194,0,0,28
11,5,6,1,6,2475,UA,LAX,16,78,206,0,0,16,150,206,41,0,32
2,5,6,1,20,2475,UA,LAX,16,78,206,0,0,16,150,206,41,0,32
-8,5,6,1,11,2475,UA,LAX,16,78,206,0,0,16,150,206,41,0,32
5,5,6,1,17,2475,UA,LAX,16,78,206,0,0,16,150,206,41,0,32
0,5,6,1,8,2475,UA,LAX,16,78,206,0,0,16,150,206,41,0,32
5,5,6,1,15,2475,UA,LAX,16,78,206,0,0,16,150,206,41,0,32
21,5,6,1,20,2475,VX,LAX,16,78,206,0,0,16,150,206,41,0,32
17,5,6,1,16,2475,VX,LAX,16,78,206,0,0,16,150,206,41,0,32
1,5,6,1,13,2475,VX,LAX,16,78,206,0,0,16,150,206,41,0,32
123,5,6,1,9,2475,VX,LAX,16,78,206,0,0,16,150,206,41,0,32
11,5,6,1,7,2475,VX,LAX,16,78,206,0,0,16,150,206,41,0,32
6,5,6,1,20,2475,B6,LAX,16,78,206,0,0,16,150,206,41,0,32
9,5,6,1,16,2475,B6,LAX,16,78,206,0,0,16,150,206,41,0,32
-7,5,6,1,7,2475,B6,LAX,16,78,206,0,0,16,150,206,41,0,32
52,5,6,1,18,2475,DL,LAX,16,78,206,0,0,16,150,206,41,0,32
-1,5,6,1,19,2475,DL,LAX,16,78,206,0,0,16,150,206,41,0,32
-6,5,6,1,9,2475,DL,LAX,16,78,206,0,0,16,150,206,41,0,32
-4,5,6,1,14,2475,DL,LAX,16,78,206,0,0,16,150,206,41,0,32
-6,5,6,1,21,2475,DL,LAX,16,78,206,0,0,16,150,206,41,0,32
-4,5,6,1,7,2475,DL,LAX,16,78,206,0,0,16,150,206,41,0,32
-5,5,6,1,12,2475,DL,LAX,16,78,206,0,0,16,150,206,41,0,32
9,5,6,1,15,2475,AA,LAX,16,78,206,0,0,16,150,206,41,0,32
-4,5,6,1,13,2475,AA,LAX,16,78,206,0,0,16,150,206,41,0,32
-1,5,6,1,7,2475,AA,LAX,16,78,206,0,0,16,150,206,41,0,32
-6,5,6,1,9,2475,AA,LAX,16,78,206,0,0,16,150,206,41,0,32
7,5,6,1,16,2475,DL,LAX,16,78,206,0,0,16,150,206,41,0,32
117,5,6,1,19,2475,AA,LAX,16,78,206,0,0,16,150,206,41,0,32
-6,5,6,1,10,2475,AA,LAX,16,78,206,0,0,16,150,206,41,0,32
18,5,6,1,21,2475,AA,LAX,16,78,206,0,0,16,150,206,41,0,32
0,5,6,1,17,2475,AA,LAX,16,78,206,0,0,16,150,206,41,0,32
-3,5,6,1,12,2475,AA,LAX,16,78,206,0,0,16,150,206,41,0,32
-2,5,6,1,9,2475,B6,LAX,16,78,206,0,0,16,150,206,41,0,32
91,5,11,6,18,2475,UA,LAX,11,161,211,277,0,14,161,228,0,0,29
-4,5,11,6,6,2475,UA,LAX,11,161,211,277,0,14,161,228,0,0,29
157,5,11,6,15,2475,UA,LAX,11,161,211,277,0,14,161,228,0,0,29
-6,5,11,6,11,2475,UA,LAX,11,161,211,277,0,14,161,228,0,0,29
6,5,11,6,14,2475,DL,LAX,11,161,211,277,0,14,161,228,0,0,29
17,5,11,6,7,2475,AA,LAX,11,161,211,277,0,14,161,228,0,0,29
82,5,11,6,16,2475,DL,LAX,11,161,211,277,0,14,161,228,0,0,29
12,5,11,6,16,2475,B6,LAX,11,161,211,277,0,14,161,228,0,0,29
-4,5,11,6,7,2475,B6,LAX,11,161,211,277,0,14,161,228,0,0,29
-6,5,11,6,9,2475,AA,LAX,11,161,211,277,0,14,161,228,0,0,29
152,5,11,6,20,2475,B6,LAX,11,161,211,277,0,14,161,228,0,0,29
-1,5,11,6,12,2475,AA,LAX,11,161,211,277,0,14,161,228,0,0,29
22,5,11,6,15,2475,AA,LAX,11,161,211,277,0,14,161,228,0,0,29
-4,5,11,6,10,2475,AA,LAX,11,161,211,277,0,14,161,228,0,0,29
-5,5,11,6,12,2475,DL,LAX,11,161,211,277,0,14,161,228,0,0,29
43,5,11,6,19,2475,AA,LAX,11,161,211,277,0,14,161,228,0,0,29
-2,5,11,6,13,2475,AA,LAX,11,161,211,277,0,14,161,228,0,0,29
50,5,11,6,17,2475,AA,LAX,11,161,211,277,0,14,161,228,0,0,29
71,5,11,6,18,2475,DL,LAX,11,161,211,277,0,14,161,228,0,0,29
18,5,11,6,19,2475,DL,LAX,11,161,211,277,0,14,161,228,0,0,29
8,5,11,6,8,2475,DL,LAX,11,161,211,277,0,14,161,228,0,0,29
34,5,11,6,16,2475,VX,LAX,11,161,211,277,0,14,161,228,0,0,29
133,5,11,6,20,2475,VX,LAX,11,161,211,277,0,14,161,228,0,0,29
-2,5,11,6,8,2475,UA,LAX,11,161,211,277,0,14,161,228,0,0,29
-2,5,11,6,7,2475,VX,LAX,11,161,211,277,0,14,161,228,0,0,29
6,5,11,6,9,2475,VX,LAX,11,161,211,277,0,14,161,228,0,0,29
-5,5,11,6,13,2475,VX,LAX,11,161,211,277,0,14,161,228,0,0,29
-5,5,29,3,17,2475,UA,LAX,3,144,278,0,0,7,172,244,0,0,43
-4,5,29,3,8,2475,UA,LAX,3,144,278,0,0,7,172,244,0,0,43
0,5,29,3,6,2475,UA,LAX,3,144,278,0,0,7,172,244,0,0,43
51,5,29,3,15,2475,UA,LAX,3,144,278,0,0,7,172,244,0,0,43
11,5,29,3,20,2475,UA,LAX,3,144,278,0,0,7,172,244,0,0,43
-8,5,29,3,11,2475,UA,LAX,3,144,278,0,0,7,172,244,0,0,43
2,5,29,3,13,2475,VX,LAX,3,144,278,0,0,7,172,244,0,0,43
21,5,29,3,16,2475,VX,LAX,3,144,278,0,0,7,172,244,0,0,43
12,5,29,3,20,2475,VX,LAX,3,144,278,0,0,7,172,244,0,0,43
-1,5,29,3,7,2475,VX,LAX,3,144,278,0,0,7,172,244,0,0,43
8,5,29,3,9,2475,VX,LAX,3,144,278,0,0,7,172,244,0,0,43
34,5,29,3,12,2475,AA,LAX,3,144,278,0,0,7,172,244,0,0,43
13,5,29,3,21,2475,AA,LAX,3,144,278,0,0,7,172,244,0,0,43
136,5,29,3,10,2475,AA,LAX,3,144,278,0,0,7,172,244,0,0,43
-2,5,29,3,19,2475,AA,LAX,3,144,278,0,0,7,172,244,0,0,43
-4,5,29,3,17,2475,AA,LAX,3,144,278,0,0,7,172,244,0,0,43
-1,5,29,3,7,2475,AA,LAX,3,144,278,0,0,7,172,244,0,0,43
42,5,29,3,13,2475,AA,LAX,3,144,278,0,0,7,172,244,0,0,43
7,5,29,3,16,2475,DL,LAX,3,144,278,0,0,7,172,244,0,0,43
61,5,29,3,21,2475,DL,LAX,3,144,278,0,0,7,172,244,0,0,43
-2,5,29,3,18,2475,DL,LAX,3,144,278,0,0,7,172,244,0,0,43
-1,5,29,3,15,2475,AA,LAX,3,144,278,0,0,7,172,244,0,0,43
-2,5,29,3,7,2475,B6,LAX,3,144,278,0,0,7,172,244,0,0,43
-1,5,29,3,19,2475,DL,LAX,3,144,278,0,0,7,172,244,0,0,43
-2,5,29,3,16,2475,B6,LAX,3,144,278,0,0,7,172,244,0,0,43
75,5,29,3,20,2475,B6,LAX,3,144,278,0,0,7,172,244,0,0,43
-8,5,29,3,9,2475,AA,LAX,3,144,278,0,0,7,172,244,0,0,43
14,5,29,3,9,2475,B6,LAX,3,144,278,0,0,7,172,244,0,0,43
-7,5,29,3,9,2475,DL,LAX,3,144,278,0,0,7,172,244,0,0,43
13,5,29,3,14,2475,DL,LAX,3,144,278,0,0,7,172,244,0,0,43
0,5,29,3,7,2475,DL,LAX,3,144,278,0,0,7,172,244,0,0,43
2,5,29,3,12,2475,DL,LAX,3,144,278,0,0,7,172,244,0,0,43
98,6,7,5,20,2475,UA,LAX,12,150,172,1057,0,38,167,194,0,0,29
74,6,7,5,14,2475,UA,LAX,12,150,172,1057,0,38,167,194,0,0,29
7,6,7,5,9,2475,VX,LAX,12,150,172,1057,0,38,167,194,0,0,29
0,6,7,5,7,2475,VX,LAX,12,150,172,1057,0,38,167,194,0,0,29
9,6,7,5,8,2475,UA,LAX,12,150,172,1057,0,38,167,194,0,0,29
-3,6,7,5,6,2475,UA,LAX,12,150,172,1057,0,38,167,194,0,0,29
127,6,7,5,20,2475,VX,LAX,12,150,172,1057,0,38,167,194,0,0,29
36,6,7,5,16,2475,VX,LAX,12,150,172,1057,0,38,167,194,0,0,29
9,6,7,5,13,2475,VX,LAX,12,150,172,1057,0,38,167,194,0,0,29
17,6,7,5,17,2475,UA,LAX,12,150,172,1057,0,38,167,194,0,0,29
4,6,7,5,11,2475,UA,LAX,12,150,172,1057,0,38,167,194,0,0,29
29,6,7,5,18,2475,DL,LAX,12,150,172,1057,0,38,167,194,0,0,29
2,6,7,5,15,2475,DL,LAX,12,150,172,1057,0,38,167,194,0,0,29
-3,6,7,5,7,2475,DL,LAX,12,150,172,1057,0,38,167,194,0,0,29
-1,6,7,5,12,2475,DL,LAX,12,150,172,1057,0,38,167,194,0,0,29
-1,6,7,5,8,2475,DL,LAX,12,150,172,1057,0,38,167,194,0,0,29
84,6,7,5,21,2475,DL,LAX,12,150,172,1057,0,38,167,194,0,0,29
59,6,7,5,17,2475,DL,LAX,12,150,172,1057,0,38,167,194,0,0,29
14,6,7,5,17,2475,AA,LAX,12,150,172,1057,0,38,167,194,0,0,29
-2,6,7,5,15,2475,AA,LAX,12,150,172,1057,0,38,167,194,0,0,29
-4,6,7,5,13,2475,AA,LAX,12,150,172,1057,0,38,167,194,0,0,29
85,6,7,5,21,2475,AA,LAX,12,150,172,1057,0,38,167,194,0,0,29
21,6,7,5,19,2475,AA,LAX,12,150,172,1057,0,38,167,194,0,0,29
3,6,7,5,9,2475,B6,LAX,12,150,172,1057,0,38,167,194,0,0,29
-5,6,7,5,9,2475,AA,LAX,12,150,172,1057,0,38,167,194,0,0,29
72,6,7,5,7,2475,AA,LAX,12,150,172,1057,0,38,167,194,0,0,29
-2,6,7,5,10,2475,AA,LAX,12,150,172,1057,0,38,167,194,0,0,29
-5,6,7,5,7,2475,B6,LAX,12,150,172,1057,0,38,167,194,0,0,29
-5,6,7,5,20,2475,B6,LAX,12,150,172,1057,0,38,167,194,0,0,29
-4,6,7,5,16,2475,B6,LAX,12,150,172,1057,0,38,167,194,0,0,29
32,6,7,5,12,2475,AA,LAX,12,150,172,1057,0,38,167,194,0,0,29
2,6,12,3,20,2475,B6,LAX,17,183,244,0,0,24,167,206,0,0,34
1,6,12,3,19,2475,AA,LAX,17,183,244,0,0,24,167,206,0,0,34
-5,6,12,3,7,2475,B6,LAX,17,183,244,0,0,24,167,206,0,0,34
-6,6,12,3,12,2475,AA,LAX,17,183,244,0,0,24,167,206,0,0,34
-1,6,12,3,9,2475,B6,LAX,17,183,244,0,0,24,167,206,0,0,34
-2,6,12,3,16,2475,B6,LAX,17,183,244,0,0,24,167,206,0,0,34
18,6,12,3,17,2475,AA,LAX,17,183,244,0,0,24,167,206,0,0,34
-5,6,12,3,7,2475,AA,LAX,17,183,244,0,0,24,167,206,0,0,34
34,6,12,3,15,2475,AA,LAX,17,183,244,0,0,24,167,206,0,0,34
6,6,12,3,9,2475,AA,LAX,17,183,244,0,0,24,167,206,0,0,34
0,6,12,3,13,2475,AA,LAX,17,183,244,0,0,24,167,206,0,0,34
-4,6,12,3,10,2475,AA,LAX,17,183,244,0,0,24,167,206,0,0,34
-2,6,12,3,21,2475,AA,LAX,17,183,244,0,0,24,167,206,0,0,34
40,6,12,3,21,2475,DL,LAX,17,183,244,0,0,24,167,206,0,0,34
-1,6,12,3,18,2475,DL,LAX,17,183,244,0,0,24,167,206,0,0,34
-3,6,12,3,9,2475,DL,LAX,17,183,244,0,0,24,167,206,0,0,34
31,6,12,3,7,2475,DL,LAX,17,183,244,0,0,24,167,206,0,0,34
10,6,12,3,12,2475,DL,LAX,17,183,244,0,0,24,167,206,0,0,34
6,6,12,3,15,2475,DL,LAX,17,183,244,0,0,24,167,206,0,0,34
22,6,12,3,17,2475,DL,LAX,17,183,244,0,0,24,167,206,0,0,34
81,6,12,3,16,2475,VX,LAX,17,183,244,0,0,24,167,206,0,0,34
0,6,12,3,11,2475,UA,LAX,17,183,244,0,0,24,167,206,0,0,34
-4,6,12,3,20,2475,UA,LAX,17,183,244,0,0,24,167,206,0,0,34
31,6,12,3,14,2475,UA,LAX,17,183,244,0,0,24,167,206,0,0,34
81,6,12,3,17,2475,UA,LAX,17,183,244,0,0,24,167,206,0,0,34
4,6,12,3,6,2475,UA,LAX,17,183,244,0,0,24,167,206,0,0,34
6,6,12,3,8,2475,UA,LAX,17,183,244,0,0,24,167,206,0,0,34
-5,6,12,3,7,2475,VX,LAX,17,183,244,0,0,24,167,206,0,0,34
1,6,12,3,9,2475,VX,LAX,17,183,244,0,0,24,167,206,0,0,34
5,6,12,3,13,2475,VX,LAX,17,183,244,0,0,24,167,206,0,0,34
26,6,12,3,20,2475,VX,LAX,17,183,244,0,0,24,167,206,0,0,34
28,7,8,1,21,2475,DL,LAX,4,228,317,56,0,21,178,239,0,0,35
32,7,8,1,17,2475,DL,LAX,4,228,317,56,0,21,178,239,0,0,35
-4,7,8,1,12,2475,DL,LAX,4,228,317,56,0,21,178,239,0,0,35
6,7,8,1,7,2475,DL,LAX,4,228,317,56,0,21,178,239,0,0,35
-4,7,8,1,8,2475,UA,LAX,4,228,317,56,0,21,178,239,0,0,35
4,7,8,1,17,2475,UA,LAX,4,228,317,56,0,21,178,239,0,0,35
-5,7,8,1,11,2475,UA,LAX,4,228,317,56,0,21,178,239,0,0,35
-4,7,8,1,6,2475,UA,LAX,4,228,317,56,0,21,178,239,0,0,35
87,7,8,1,20,2475,UA,LAX,4,228,317,56,0,21,178,239,0,0,35
2,7,8,1,14,2475,UA,LAX,4,228,317,56,0,21,178,239,0,0,35
3,7,8,1,7,2475,VX,LAX,4,228,317,56,0,21,178,239,0,0,35
18,7,8,1,9,2475,VX,LAX,4,228,317,56,0,21,178,239,0,0,35
2,7,8,1,13,2475,VX,LAX,4,228,317,56,0,21,178,239,0,0,35
7,7,8,1,16,2475,VX,LAX,4,228,317,56,0,21,178,239,0,0,35
141,7,8,1,20,2475,VX,LAX,4,228,317,56,0,21,178,239,0,0,35
-2,7,8,1,10,2475,AA,LAX,4,228,317,56,0,21,178,239,0,0,35
-6,7,8,1,9,2475,AA,LAX,4,228,317,56,0,21,178,239,0,0,35
0,7,8,1,12,2475,B6,LAX,4,228,317,56,0,21,178,239,0,0,35
86,7,8,1,22,2475,B6,LAX,4,228,317,56,0,21,178,239,0,0,35
45,7,8,1,7,2475,B6,LAX,4,228,317,56,0,21,178,239,0,0,35
-3,7,8,1,9,2475,B6,LAX,4,228,317,56,0,21,178,239,0,0,35
0,7,8,1,16,2475,B6,LAX,4,228,317,56,0,21,178,239,0,0,35
10,7,8,1,19,2475,AA,LAX,4,228,317,56,0,21,178,239,0,0,35
20,7,8,1,20,2475,B6,LAX,4,228,317,56,0,21,178,239,0,0,35
67,7,8,1,21,2475,AA,LAX,4,228,317,56,0,21,178,239,0,0,35
-2,7,8,1,7,2475,AA,LAX,4,228,317,56,0,21,178,239,0,0,35
121,7,8,1,17,2475,AA,LAX,4,228,317,56,0,21,178,239,0,0,35
-7,7,8,1,13,2475,AA,LAX,4,228,317,56,0,21,178,239,0,0,35
1,7,8,1,15,2475,AA,LAX,4,228,317,56,0,21,178,239,0,0,35
13,7,8,1,18,2475,DL,LAX,4,228,317,56,0,21,178,239,0,0,35
41,7,8,1,15,2475,DL,LAX,4,228,317,56,0,21,178,239,0,0,35
-2,7,8,1,9,2475,DL,LAX,4,228,317,56,0,21,178,239,0,0,35
0,7,8,1,12,2475,AA,LAX,4,228,317,56,0,21,178,239,0,0,35
1,7,13,6,15,2475,DL,LAX,9,194,272,15,0,24,172,228,0,0,35
0,7,13,6,12,2475,DL,LAX,9,194,272,15,0,24,172,228,0,0,35
-6,7,13,6,7,2475,DL,LAX,9,194,272,15,0,24,172,228,0,0,35
20,7,13,6,18,2475,DL,LAX,9,194,272,15,0,24,172,228,0,0,35
-5,7,13,6,9,2475,DL,LAX,9,194,272,15,0,24,172,228,0,0,35
-3,7,13,6,17,2475,AA,LAX,9,194,272,15,0,24,172,228,0,0,35
3,7,13,6,21,2475,AA,LAX,9,194,272,15,0,24,172,228,0,0,35
-5,7,13,6,7,2475,AA,LAX,9,194,272,15,0,24,172,228,0,0,35
-10,7,13,6,12,2475,AA,LAX,9,194,272,15,0,24,172,228,0,0,35
260,7,13,6,13,2475,AA,LAX,9,194,272,15,0,24,172,228,0,0,35
-5,7,13,6,15,2475,AA,LAX,9,194,272,15,0,24,172,228,0,0,35
3,7,13,6,7,2475,B6,LAX,9,194,272,15,0,24,172,228,0,0,35
49,7,13,6,20,2475,B6,LAX,9,194,272,15,0,24,172,228,0,0,35
-2,7,13,6,12,2475,B6,LAX,9,194,272,15,0,24,172,228,0,0,35
17,7,13,6,22,2475,B6,LAX,9,194,272,15,0,24,172,228,0,0,35
-1,7,13,6,19,2475,AA,LAX,9,194,272,15,0,24,172,228,0,0,35
64,7,13,6,16,2475,B6,LAX,9,194,272,15,0,24,172,228,0,0,35
-5,7,13,6,9,2475,AA,LAX,9,194,272,15,0,24,172,228,0,0,35
-6,7,13,6,8,2475,UA,LAX,9,194,272,15,0,24,172,228,0,0,35
6,7,13,6,16,2475,VX,LAX,9,194,272,15,0,24,172,228,0,0,35
-2,7,13,6,13,2475,VX,LAX,9,194,272,15,0,24,172,228,0,0,35
11,7,13,6,9,2475,VX,LAX,9,194,272,15,0,24,172,228,0,0,35
0,7,13,6,7,2475,VX,LAX,9,194,272,15,0,24,172,228,0,0,35
35,7,13,6,20,2475,VX,LAX,9,194,272,15,0,24,172,228,0,0,35
-2,7,13,6,14,2475,UA,LAX,9,194,272,15,0,24,172,228,0,0,35
-2,7,13,6,6,2475,UA,LAX,9,194,272,15,0,24,172,228,0,0,35
-4,7,13,6,11,2475,UA,LAX,9,194,272,15,0,24,172,228,0,0,35
-3,7,13,6,17,2475,UA,LAX,9,194,272,15,0,24,172,228,0,0,35
1,8,9,5,7,2475,AA,LAX,23,233,294,13,0,19,167,217,0,0,36
-2,8,9,5,12,2475,AA,LAX,23,233,294,13,0,19,167,217,0,0,36
-2,8,9,5,16,2475,B6,LAX,23,233,294,13,0,19,167,217,0,0,36
-1,8,9,5,18,2475,DL,LAX,23,233,294,13,0,19,167,217,0,0,36
-3,8,9,5,12,2475,B6,LAX,23,233,294,13,0,19,167,217,0,0,36
8,8,9,5,15,2475,DL,LAX,23,233,294,13,0,19,167,217,0,0,36
0,8,9,5,17,2475,AA,LAX,23,233,294,13,0,19,167,217,0,0,36
-3,8,9,5,9,2475,DL,LAX,23,233,294,13,0,19,167,217,0,0,36
134,8,9,5,21,2475,AA,LAX,23,233,294,13,0,19,167,217,0,0,36
-1,8,9,5,9,2475,B6,LAX,23,233,294,13,0,19,167,217,0,0,36
25,8,9,5,15,2475,AA,LAX,23,233,294,13,0,19,167,217,0,0,36
-6,8,9,5,9,2475,AA,LAX,23,233,294,13,0,19,167,217,0,0,36
-1,8,9,5,7,2475,DL,LAX,23,233,294,13,0,19,167,217,0,0,36
13,8,9,5,7,2475,B6,LAX,23,233,294,13,0,19,167,217,0,0,36
30,8,9,5,19,2475,AA,LAX,23,233,294,13,0,19,167,217,0,0,36
-3,8,9,5,10,2475,AA,LAX,23,233,294,13,0,19,167,217,0,0,36
20,8,9,5,21,2475,DL,LAX,23,233,294,13,0,19,167,217,0,0,36
27,8,9,5,22,2475,B6,LAX,23,233,294,13,0,19,167,217,0,0,36
-6,8,9,5,13,2475,AA,LAX,23,233,294,13,0,19,167,217,0,0,36
-4,8,9,5,12,2475,DL,LAX,23,233,294,13,0,19,167,217,0,0,36
9,8,9,5,17,2475,DL,LAX,23,233,294,13,0,19,167,217,0,0,36
23,8,9,5,20,2475,B6,LAX,23,233,294,13,0,19,167,217,0,0,36
1,8,9,5,16,2475,VX,LAX,23,233,294,13,0,19,167,217,0,0,36
-4,8,9,5,13,2475,VX,LAX,23,233,294,13,0,19,167,217,0,0,36
11,8,9,5,9,2475,VX,LAX,23,233,294,13,0,19,167,217,0,0,36
-4,8,9,5,7,2475,VX,LAX,23,233,294,13,0,19,167,217,0,0,36
128,8,9,5,20,2475,VX,LAX,23,233,294,13,0,19,167,217,0,0,36
-1,8,9,5,11,2475,UA,LAX,23,233,294,13,0,19,167,217,0,0,36
-2,8,9,5,6,2475,UA,LAX,23,233,294,13,0,19,167,217,0,0,36
66,8,9,5,20,2475,UA,LAX,23,233,294,13,0,19,167,217,0,0,36
-2,8,9,5,14,2475,UA,LAX,23,233,294,13,0,19,167,217,0,0,36
-2,8,9,5,8,2475,UA,LAX,23,233,294,13,0,19,167,217,0,0,36
18,8,9,5,17,2475,UA,LAX,23,233,294,13,0,19,167,217,0,0,36
-2,8,14,3,6,2475,UA,LAX,18,161,233,0,0,29,178,228,0,0,26
-2,8,14,3,9,2475,VX,LAX,18,161,233,0,0,29,178,228,0,0,26
2,8,14,3,7,2475,VX,LAX,18,161,233,0,0,29,178,228,0,0,26
3,8,14,3,20,2475,VX,LAX,18,161,233,0,0,29,178,228,0,0,26
-1,8,14,3,17,2475,UA,LAX,18,161,233,0,0,29,178,228,0,0,26
-5,8,14,3,8,2475,UA,LAX,18,161,233,0,0,29,178,228,0,0,26
-2,8,14,3,13,2475,VX,LAX,18,161,233,0,0,29,178,228,0,0,26
3,8,14,3,14,2475,UA,LAX,18,161,233,0,0,29,178,228,0,0,26
5,8,14,3,20,2475,UA,LAX,18,161,233,0,0,29,178,228,0,0,26
-3,8,14,3,11,2475,UA,LAX,18,161,233,0,0,29,178,228,0,0,26
2,8,14,3,16,2475,VX,LAX,18,161,233,0,0,29,178,228,0,0,26
-3,8,14,3,10,2475,AA,LAX,18,161,233,0,0,29,178,228,0,0,26
15,8,14,3,12,2475,AA,LAX,18,161,233,0,0,29,178,228,0,0,26
-1,8,14,3,17,2475,DL,LAX,18,161,233,0,0,29,178,228,0,0,26
16,8,14,3,19,2475,AA,LAX,18,161,233,0,0,29,178,228,0,0,26
5,8,14,3,21,2475,AA,LAX,18,161,233,0,0,29,178,228,0,0,26
-4,8,14,3,12,2475,DL,LAX,18,161,233,0,0,29,178,228,0,0,26
0,8,14,3,7,2475,DL,LAX,18,161,233,0,0,29,178,228,0,0,26
-3,8,14,3,7,2475,AA,LAX,18,161,233,0,0,29,178,228,0,0,26
-2,8,14,3,9,2475,DL,LAX,18,161,233,0,0,29,178,228,0,0,26
-1,8,14,3,15,2475,AA,LAX,18,161,233,0,0,29,178,228,0,0,26
97,8,14,3,15,2475,DL,LAX,18,161,233,0,0,29,178,228,0,0,26
-3,8,14,3,18,2475,DL,LAX,18,161,233,0,0,29,178,228,0,0,26
2,8,14,3,17,2475,AA,LAX,18,161,233,0,0,29,178,228,0,0,26
-3,8,14,3,9,2475,AA,LAX,18,161,233,0,0,29,178,228,0,0,26
-1,8,14,3,12,2475,B6,LAX,18,161,233,0,0,29,178,228,0,0,26
-1,8,14,3,16,2475,B6,LAX,18,161,233,0,0,29,178,228,0,0,26
64,8,14,3,20,2475,B6,LAX,18,161,233,0,0,29,178,228,0,0,26
53,8,14,3,22,2475,B6,LAX,18,161,233,0,0,29,178,228,0,0,26
5,8,14,3,21,2475,DL,LAX,18,161,233,0,0,29,178,228,0,0,26
-3,8,14,3,7,2475,B6,LAX,18,161,233,0,0,29,178,228,0,0,26
-8,8,14,3,9,2475,B6,LAX,18,161,233,0,0,29,178,228,0,0,26
-2,8,14,3,13,2475,AA,LAX,18,161,233,0,0,29,178,228,0,0,26
14,9,15,7,20,2475,VX,LAX,14,106,228,0,0,17,183,250,0,0,28
4,9,15,7,16,2475,VX,LAX,14,106,228,0,0,17,183,250,0,0,28
65,9,15,7,13,2475,VX,LAX,14,106,228,0,0,17,183,250,0,0,28
-2,9,15,7,9,2475,VX,LAX,14,106,228,0,0,17,183,250,0,0,28
-1,9,15,7,18,2475,DL,LAX,14,106,228,0,0,17,183,250,0,0,28
1,9,15,7,7,2475,VX,LAX,14,106,228,0,0,17,183,250,0,0,28
-1,9,15,7,11,2475,B6,LAX,14,106,228,0,0,17,183,250,0,0,28
-12,9,15,7,14,2475,UA,LAX,14,106,228,0,0,17,183,250,0,0,28
-5,9,15,7,20,2475,UA,LAX,14,106,228,0,0,17,183,250,0,0,28
-5,9,15,7,11,2475,UA,LAX,14,106,228,0,0,17,183,250,0,0,28
-2,9,15,7,17,2475,UA,LAX,14,106,228,0,0,17,183,250,0,0,28
-4,9,15,7,8,2475,UA,LAX,14,106,228,0,0,17,183,250,0,0,28
21,9,15,7,15,2475,DL,LAX,14,106,228,0,0,17,183,250,0,0,28
-8,9,15,7,12,2475,DL,LAX,14,106,228,0,0,17,183,250,0,0,28
20,9,15,7,7,2475,DL,LAX,14,106,228,0,0,17,183,250,0,0,28
-4,9,15,7,9,2475,DL,LAX,14,106,228,0,0,17,183,250,0,0,28
5,9,15,7,16,2475,B6,LAX,14,106,228,0,0,17,183,250,0,0,28
-5,9,15,7,9,2475,B6,LAX,14,106,228,0,0,17,183,250,0,0,28
-2,9,15,7,7,2475,B6,LAX,14,106,228,0,0,17,183,250,0,0,28
-2,9,15,7,20,2475,B6,LAX,14,106,228,0,0,17,183,250,0,0,28
-1,9,15,7,17,2475,DL,LAX,14,106,228,0,0,17,183,250,0,0,28
-5,9,15,7,10,2475,AA,LAX,14,106,228,0,0,17,183,250,0,0,28
-3,9,15,7,21,2475,AA,LAX,14,106,228,0,0,17,183,250,0,0,28
68,9,15,7,16,2475,AA,LAX,14,106,228,0,0,17,183,250,0,0,28
41,9,15,7,15,2475,AA,LAX,14,106,228,0,0,17,183,250,0,0,28
-5,9,15,7,8,2475,AA,LAX,14,106,228,0,0,17,183,250,0,0,28
3,9,15,7,19,2475,AA,LAX,14,106,228,0,0,17,183,250,0,0,28
-3,9,15,7,12,2475,AA,LAX,14,106,228,0,0,17,183,250,0,0,28
-3,9,15,7,9,2475,AA,LAX,14,106,228,0,0,17,183,250,0,0,28
-9,9,15,7,13,2475,AA,LAX,14,106,228,0,0,17,183,250,0,0,28
21,9,15,7,21,2475,DL,LAX,14,106,228,0,0,17,183,250,0,0,28
76,9,20,5,16,2475,AA,LAX,19,156,261,0,0,14,183,211,0,0,31
21,9,20,5,9,2475,AA,LAX,19,156,261,0,0,14,183,211,0,0,31
167,9,20,5,19,2475,AA,LAX,19,156,261,0,0,14,183,211,0,0,31
41,9,20,5,21,2475,AA,LAX,19,156,261,0,0,14,183,211,0,0,31
52,9,20,5,15,2475,AA,LAX,19,156,261,0,0,14,183,211,0,0,31
-4,9,20,5,13,2475,AA,LAX,19,156,261,0,0,14,183,211,0,0,31
1,9,20,5,12,2475,AA,LAX,19,156,261,0,0,14,183,211,0,0,31
-1,9,20,5,10,2475,AA,LAX,19,156,261,0,0,14,183,211,0,0,31
-2,9,20,5,8,2475,AA,LAX,19,156,261,0,0,14,183,211,0,0,31
-5,9,20,5,6,2475,UA,LAX,19,156,261,0,0,14,183,211,0,0,31
-5,9,20,5,14,2475,UA,LAX,19,156,261,0,0,14,183,211,0,0,31
4,9,20,5,9,2475,DL,LAX,19,156,261,0,0,14,183,211,0,0,31
4,9,20,5,17,2475,DL,LAX,19,156,261,0,0,14,183,211,0,0,31
11,9,20,5,18,2475,DL,LAX,19,156,261,0,0,14,183,211,0,0,31
-1,9,20,5,21,2475,DL,LAX,19,156,261,0,0,14,183,211,0,0,31
-2,9,20,5,15,2475,DL,LAX,19,156,261,0,0,14,183,211,0,0,31
-5,9,20,5,12,2475,DL,LAX,19,156,261,0,0,14,183,211,0,0,31
0,9,20,5,7,2475,DL,LAX,19,156,261,0,0,14,183,211,0,0,31
-4,9,20,5,7,2475,VX,LAX,19,156,261,0,0,14,183,211,0,0,31
-3,9,20,5,20,2475,B6,LAX,19,156,261,0,0,14,183,211,0,0,31
-3,9,20,5,9,2475,VX,LAX,19,156,261,0,0,14,183,211,0,0,31
42,9,20,5,13,2475,VX,LAX,19,156,261,0,0,14,183,211,0,0,31
67,9,20,5,16,2475,VX,LAX,19,156,261,0,0,14,183,211,0,0,31
9,9,20,5,20,2475,VX,LAX,19,156,261,0,0,14,183,211,0,0,31
-6,9,20,5,16,2475,B6,LAX,19,156,261,0,0,14,183,211,0,0,31
-1,9,20,5,11,2475,B6,LAX,19,156,261,0,0,14,183,211,0,0,31
-6,9,20,5,9,2475,B6,LAX,19,156,261,0,0,14,183,211,0,0,31
-4,9,20,5,7,2475,B6,LAX,19,156,261,0,0,14,183,211,0,0,31
-3,9,20,5,8,2475,UA,LAX,19,156,261,0,0,14,183,211,0,0,31
-2,9,20,5,11,2475,UA,LAX,19,156,261,0,0,14,183,211,0,0,31
-4,9,20,5,17,2475,UA,LAX,19,156,261,0,0,14,183,211,0,0,31
23,9,20,5,20,2475,UA,LAX,19,156,261,0,0,14,183,211,0,0,31
3,10,6,7,21,2475,DL,LAX,7,183,211,0,0,26,167,328,0,0,28
11,10,6,7,16,2475,AA,LAX,7,183,211,0,0,26,167,328,0,0,28
-3,10,6,7,9,2475,AA,LAX,7,183,211,0,0,26,167,328,0,0,28
10,10,6,7,15,2475,AA,LAX,7,183,211,0,0,26,167,328,0,0,28
-2,10,6,7,13,2475,AA,LAX,7,183,211,0,0,26,167,328,0,0,28
-5,10,6,7,12,2475,DL,LAX,7,183,211,0,0,26,167,328,0,0,28
18,10,6,7,12,2475,B6,LAX,7,183,211,0,0,26,167,328,0,0,28
-5,10,6,7,9,2475,B6,LAX,7,183,211,0,0,26,167,328,0,0,28
-1,10,6,7,18,2475,DL,LAX,7,183,211,0,0,26,167,328,0,0,28
-3,10,6,7,17,2475,DL,LAX,7,183,211,0,0,26,167,328,0,0,28
39,10,6,7,9,2475,DL,LAX,7,183,211,0,0,26,167,328,0,0,28
-2,10,6,7,7,2475,DL,LAX,7,183,211,0,0,26,167,328,0,0,28
-8,10,6,7,12,2475,AA,LAX,7,183,211,0,0,26,167,328,0,0,28
-3,10,6,7,15,2475,DL,LAX,7,183,211,0,0,26,167,328,0,0,28
-6,10,6,7,7,2475,B6,LAX,7,183,211,0,0,26,167,328,0,0,28
-3,10,6,7,10,2475,AA,LAX,7,183,211,0,0,26,167,328,0,0,28
0,10,6,7,20,2475,B6,LAX,7,183,211,0,0,26,167,328,0,0,28
3,10,6,7,19,2475,AA,LAX,7,183,211,0,0,26,167,328,0,0,28
-2,10,6,7,21,2475,AA,LAX,7,183,211,0,0,26,167,328,0,0,28
0,10,6,7,16,2475,B6,LAX,7,183,211,0,0,26,167,328,0,0,28
-2,10,6,7,8,2475,AA,LAX,7,183,211,0,0,26,167,328,0,0,28
-4,10,6,7,17,2475,UA,LAX,7,183,211,0,0,26,167,328,0,0,28
11,10,6,7,16,2475,VX,LAX,7,183,211,0,0,26,167,328,0,0,28
0,10,6,7,13,2475,VX,LAX,7,183,211,0,0,26,167,328,0,0,28
-5,10,6,7,9,2475,VX,LAX,7,183,211,0,0,26,167,328,0,0,28
12,10,6,7,7,2475,VX,LAX,7,183,211,0,0,26,167,328,0,0,28
123,10,6,7,20,2475,VX,LAX,7,183,211,0,0,26,167,328,0,0,28
-1,10,6,7,14,2475,UA,LAX,7,183,211,0,0,26,167,328,0,0,28
-2,10,6,7,20,2475,UA,LAX,7,183,211,0,0,26,167,328,0,0,28
-8,10,6,7,11,2475,UA,LAX,7,183,211,0,0,26,167,328,0,0,28
5,10,6,7,7,2475,UA,LAX,7,183,211,0,0,26,167,328,0,0,28
2,10,11,5,14,2475,UA,LAX,2,156,200,5,0,42,128,206,0,0,31
4,10,11,5,7,2475,VX,LAX,2,156,200,5,0,42,128,206,0,0,31
5,10,11,5,9,2475,VX,LAX,2,156,200,5,0,42,128,206,0,0,31
-2,10,11,5,13,2475,VX,LAX,2,156,200,5,0,42,128,206,0,0,31
-4,10,11,5,16,2475,VX,LAX,2,156,200,5,0,42,128,206,0,0,31
108,10,11,5,20,2475,VX,LAX,2,156,200,5,0,42,128,206,0,0,31
-1,10,11,5,11,2475,UA,LAX,2,156,200,5,0,42,128,206,0,0,31
2,10,11,5,8,2475,UA,LAX,2,156,200,5,0,42,128,206,0,0,31
0,10,11,5,17,2475,UA,LAX,2,156,200,5,0,42,128,206,0,0,31
90,10,11,5,20,2475,UA,LAX,2,156,200,5,0,42,128,206,0,0,31
21,10,11,5,6,2475,UA,LAX,2,156,200,5,0,42,128,206,0,0,31
-2,10,11,5,7,2475,B6,LAX,2,156,200,5,0,42,128,206,0,0,31
70,10,11,5,19,2475,AA,LAX,2,156,200,5,0,42,128,206,0,0,31
-3,10,11,5,21,2475,DL,LAX,2,156,200,5,0,42,128,206,0,0,31
0,10,11,5,21,2475,AA,LAX,2,156,200,5,0,42,128,206,0,0,31
-6,10,11,5,15,2475,DL,LAX,2,156,200,5,0,42,128,206,0,0,31
-4,10,11,5,12,2475,DL,LAX,2,156,200,5,0,42,128,206,0,0,31
-6,10,11,5,13,2475,AA,LAX,2,156,200,5,0,42,128,206,0,0,31
-2,10,11,5,7,2475,DL,LAX,2,156,200,5,0,42,128,206,0,0,31
-2,10,11,5,15,2475,AA,LAX,2,156,200,5,0,42,128,206,0,0,31
-5,10,11,5,9,2475,DL,LAX,2,156,200,5,0,42,128,206,0,0,31
23,10,11,5,17,2475,DL,LAX,2,156,200,5,0,42,128,206,0,0,31
4,10,11,5,10,2475,AA,LAX,2,156,200,5,0,42,128,206,0,0,31
-4,10,11,5,8,2475,AA,LAX,2,156,200,5,0,42,128,206,0,0,31
-2,10,11,5,16,2475,AA,LAX,2,156,200,5,0,42,128,206,0,0,31
5,10,11,5,18,2475,DL,LAX,2,156,200,5,0,42,128,206,0,0,31
-3,10,11,5,11,2475,B6,LAX,2,156,200,5,0,42,128,206,0,0,31
0,10,11,5,16,2475,B6,LAX,2,156,200,5,0,42,128,206,0,0,31
-3,10,11,5,9,2475,AA,LAX,2,156,200,5,0,42,128,206,0,0,31
-2,10,11,5,12,2475,AA,LAX,2,156,200,5,0,42,128,206,0,0,31
66,10,11,5,20,2475,B6,LAX,2,156,200,5,0,42,128,206,0,0,31
-5,10,11,5,9,2475,B6,LAX,2,156,200,5,0,42,128,206,0,0,31
-1,10,29,2,17,2475,UA,LAX,13,67,133,0,0,22,122,183,0,0,29
-4,10,29,2,8,2475,UA,LAX,13,67,133,0,0,22,122,183,0,0,29
61,10,29,2,14,2475,UA,LAX,13,67,133,0,0,22,122,183,0,0,29
-9,10,29,2,20,2475,UA,LAX,13,67,133,0,0,22,122,183,0,0,29
0,10,29,2,17,2475,DL,LAX,13,67,133,0,0,22,122,183,0,0,29
-1,10,29,2,21,2475,DL,LAX,13,67,133,0,0,22,122,183,0,0,29
-5,10,29,2,18,2475,DL,LAX,13,67,133,0,0,22,122,183,0,0,29
-7,10,29,2,12,2475,DL,LAX,13,67,133,0,0,22,122,183,0,0,29
-5,10,29,2,9,2475,DL,LAX,13,67,133,0,0,22,122,183,0,0,29
-1,10,29,2,15,2475,DL,LAX,13,67,133,0,0,22,122,183,0,0,29
-6,10,29,2,7,2475,DL,LAX,13,67,133,0,0,22,122,183,0,0,29
-5,10,29,2,6,2475,UA,LAX,13,67,133,0,0,22,122,183,0,0,29
0,10,29,2,11,2475,UA,LAX,13,67,133,0,0,22,122,183,0,0,29
-6,10,29,2,8,2475,AA,LAX,13,67,133,0,0,22,122,183,0,0,29
-1,10,29,2,20,2475,B6,LAX,13,67,133,0,0,22,122,183,0,0,29
-6,10,29,2,9,2475,AA,LAX,13,67,133,0,0,22,122,183,0,0,29
-6,10,29,2,13,2475,AA,LAX,13,67,133,0,0,22,122,183,0,0,29
-1,10,29,2,21,2475,AA,LAX,13,67,133,0,0,22,122,183,0,0,29
0,10,29,2,16,2475,B6,LAX,13,67,133,0,0,22,122,183,0,0,29
-2,10,29,2,15,2475,AA,LAX,13,67,133,0,0,22,122,183,0,0,29
-7,10,29,2,7,2475,B6,LAX,13,67,133,0,0,22,122,183,0,0,29
-6,10,29,2,12,2475,AA,LAX,13,67,133,0,0,22,122,183,0,0,29
-3,10,29,2,11,2475,B6,LAX,13,67,133,0,0,22,122,183,0,0,29
4,10,29,2,19,2475,AA,LAX,13,67,133,0,0,22,122,183,0,0,29
1,10,29,2,16,2475,AA,LAX,13,67,133,0,0,22,122,183,0,0,29
-4,10,29,2,9,2475,B6,LAX,13,67,133,0,0,22,122,183,0,0,29
-7,10,29,2,10,2475,AA,LAX,13,67,133,0,0,22,122,183,0,0,29
-5,10,29,2,9,2475,VX,LAX,13,67,133,0,0,22,122,183,0,0,29
-1,10,29,2,13,2475,VX,LAX,13,67,133,0,0,22,122,183,0,0,29
0,10,29,2,16,2475,VX,LAX,13,67,133,0,0,22,122,183,0,0,29
-2,10,29,2,20,2475,VX,LAX,13,67,133,0,0,22,122,183,0,0,29
-4,10,29,2,7,2475,VX,LAX,13,67,133,0,0,22,122,183,0,0,29
2,11,7,4,15,2475,DL,LAX,4,67,178,33,0,30,144,294,0,0,30
0,11,7,4,9,2475,DL,LAX,4,67,178,33,0,30,144,294,0,0,30
-9,11,7,4,12,2475,DL,LAX,4,67,178,33,0,30,144,294,0,0,30
31,11,7,4,18,2475,DL,LAX,4,67,178,33,0,30,144,294,0,0,30
30,11,7,4,20,2475,DL,LAX,4,67,178,33,0,30,144,294,0,0,30
-2,11,7,4,7,2475,B6,LAX,4,67,178,33,0,30,144,294,0,0,30
-4,11,7,4,12,2475,AA,LAX,4,67,178,33,0,30,144,294,0,0,30
-6,11,7,4,7,2475,DL,LAX,4,67,178,33,0,30,144,294,0,0,30
-7,11,7,4,11,2475,B6,LAX,4,67,178,33,0,30,144,294,0,0,30
-2,11,7,4,20,2475,B6,LAX,4,67,178,33,0,30,144,294,0,0,30
0,11,7,4,16,2475,DL,LAX,4,67,178,33,0,30,144,294,0,0,30
-3,11,7,4,8,2475,AA,LAX,4,67,178,33,0,30,144,294,0,0,30
-1,11,7,4,9,2475,B6,LAX,4,67,178,33,0,30,144,294,0,0,30
-4,11,7,4,9,2475,AA,LAX,4,67,178,33,0,30,144,294,0,0,30
-2,11,7,4,16,2475,AA,LAX,4,67,178,33,0,30,144,294,0,0,30
13,11,7,4,13,2475,AA,LAX,4,67,178,33,0,30,144,294,0,0,30
-4,11,7,4,10,2475,AA,LAX,4,67,178,33,0,30,144,294,0,0,30
16,11,7,4,16,2475,B6,LAX,4,67,178,33,0,30,144,294,0,0,30
-5,11,7,4,21,2475,AA,LAX,4,67,178,33,0,30,144,294,0,0,30
-4,11,7,4,19,2475,AA,LAX,4,67,178,33,0,30,144,294,0,0,30
-1,11,7,4,15,2475,AA,LAX,4,67,178,33,0,30,144,294,0,0,30
68,11,7,4,13,2475,VX,LAX,4,67,178,33,0,30,144,294,0,0,30
5,11,7,4,20,2475,UA,LAX,4,67,178,33,0,30,144,294,0,0,30
-3,11,7,4,7,2475,VX,LAX,4,67,178,33,0,30,144,294,0,0,30
-3,11,7,4,9,2475,VX,LAX,4,67,178,33,0,30,144,294,0,0,30
7,11,7,4,16,2475,VX,LAX,4,67,178,33,0,30,144,294,0,0,30
-3,11,7,4,20,2475,VX,LAX,4,67,178,33,0,30,144,294,0,0,30
-5,11,7,4,8,2475,UA,LAX,4,67,178,33,0,30,144,294,0,0,30
-7,11,7,4,6,2475,UA,LAX,4,67,178,33,0,30,144,294,0,0,30
-1,11,7,4,14,2475,UA,LAX,4,67,178,33,0,30,144,294,0,0,30
-8,11,7,4,11,2475,UA,LAX,4,67,178,33,0,30,144,294,0,0,30
1,11,7,4,17,2475,UA,LAX,4,67,178,33,0,30,144,294,0,0,30
-4,11,12,2,16,2475,DL,LAX,1,-5,111,8,0,28,128,233,0,0,13
-3,11,12,2,7,2475,DL,LAX,1,-5,111,8,0,28,128,233,0,0,13
121,11,12,2,20,2475,DL,LAX,1,-5,111,8,0,28,128,233,0,0,13
-4,11,12,2,18,2475,DL,LAX,1,-5,111,8,0,28,128,233,0,0,13
-2,11,12,2,12,2475,DL,LAX,1,-5,111,8,0,28,128,233,0,0,13
-1,11,12,2,9,2475,DL,LAX,1,-5,111,8,0,28,128,233,0,0,13
6,11,12,2,15,2475,DL,LAX,1,-5,111,8,0,28,128,233,0,0,13
-1,11,12,2,20,2475,B6,LAX,1,-5,111,8,0,28,128,233,0,0,13
-8,11,12,2,7,2475,B6,LAX,1,-5,111,8,0,28,128,233,0,0,13
11,11,12,2,16,2475,B6,LAX,1,-5,111,8,0,28,128,233,0,0,13
-3,11,12,2,11,2475,B6,LAX,1,-5,111,8,0,28,128,233,0,0,13
92,11,12,2,9,2475,B6,LAX,1,-5,111,8,0,28,128,233,0,0,13
-1,11,12,2,21,2475,AA,LAX,1,-5,111,8,0,28,128,233,0,0,13
43,11,12,2,16,2475,AA,LAX,1,-5,111,8,0,28,128,233,0,0,13
-7,11,12,2,13,2475,AA,LAX,1,-5,111,8,0,28,128,233,0,0,13
-4,11,12,2,15,2475,AA,LAX,1,-5,111,8,0,28,128,233,0,0,13
126,11,12,2,19,2475,AA,LAX,1,-5,111,8,0,28,128,233,0,0,13
5,11,12,2,10,2475,AA,LAX,1,-5,111,8,0,28,128,233,0,0,13
-4,11,12,2,12,2475,AA,LAX,1,-5,111,8,0,28,128,233,0,0,13
-4,11,12,2,9,2475,AA,LAX,1,-5,111,8,0,28,128,233,0,0,13
-4,11,12,2,8,2475,AA,LAX,1,-5,111,8,0,28,128,233,0,0,13
22,11,12,2,20,2475,UA,LAX,1,-5,111,8,0,28,128,233,0,0,13
-8,11,12,2,6,2475,UA,LAX,1,-5,111,8,0,28,128,233,0,0,13
-8,11,12,2,8,2475,UA,LAX,1,-5,111,8,0,28,128,233,0,0,13
-5,11,12,2,14,2475,UA,LAX,1,-5,111,8,0,28,128,233,0,0,13
-5,11,12,2,11,2475,UA,LAX,1,-5,111,8,0,28,128,233,0,0,13
3,11,12,2,7,2475,VX,LAX,1,-5,111,8,0,28,128,233,0,0,13
47,11,12,2,20,2475,VX,LAX,1,-5,111,8,0,28,128,233,0,0,13
-1,11,12,2,17,2475,UA,LAX,1,-5,111,8,0,28,128,233,0,0,13
-1,11,12,2,9,2475,VX,LAX,1,-5,111,8,0,28,128,233,0,0,13
21,11,12,2,16,2475,VX,LAX,1,-5,111,8,0,28,128,233,0,0,13
-1,12,8,7,15,2475,DL,LAX,11,-16,6,20,18,28,50,139,0,0,19
96,12,8,7,20,2475,VX,LAX,11,-16,6,20,18,28,50,139,0,0,19
-9,12,8,7,8,2475,UA,LAX,11,-16,6,20,18,28,50,139,0,0,19
45,12,8,7,20,2475,UA,LAX,11,-16,6,20,18,28,50,139,0,0,19
-7,12,8,7,17,2475,UA,LAX,11,-16,6,20,18,28,50,139,0,0,19
-4,12,8,7,11,2475,UA,LAX,11,-16,6,20,18,28,50,139,0,0,19
-3,12,8,7,14,2475,UA,LAX,11,-16,6,20,18,28,50,139,0,0,19
19,12,8,7,16,2475,VX,LAX,11,-16,6,20,18,28,50,139,0,0,19
1,12,8,7,7,2475,VX,LAX,11,-16,6,20,18,28,50,139,0,0,19
4,12,8,7,9,2475,VX,LAX,11,-16,6,20,18,28,50,139,0,0,19
7,12,8,7,13,2475,VX,LAX,11,-16,6,20,18,28,50,139,0,0,19
12,12,8,7,16,2475,DL,LAX,11,-16,6,20,18,28,50,139,0,0,19
-2,12,8,7,7,2475,DL,LAX,11,-16,6,20,18,28,50,139,0,0,19
48,12,8,7,20,2475,DL,LAX,11,-16,6,20,18,28,50,139,0,0,19
47,12,8,7,18,2475,DL,LAX,11,-16,6,20,18,28,50,139,0,0,19
-1,12,8,7,12,2475,DL,LAX,11,-16,6,20,18,28,50,139,0,0,19
-1,12,8,7,9,2475,DL,LAX,11,-16,6,20,18,28,50,139,0,0,19
27,12,8,7,20,2475,B6,LAX,11,-16,6,20,18,28,50,139,0,0,19
10,12,8,7,10,2475,AA,LAX,11,-16,6,20,18,28,50,139,0,0,19
5,12,8,7,16,2475,AA,LAX,11,-16,6,20,18,28,50,139,0,0,19
-4,12,8,7,13,2475,AA,LAX,11,-16,6,20,18,28,50,139,0,0,19
-8,12,8,7,12,2475,AA,LAX,11,-16,6,20,18,28,50,139,0,0,19
2,12,8,7,21,2475,AA,LAX,11,-16,6,20,18,28,50,139,0,0,19
321,12,8,7,19,2475,AA,LAX,11,-16,6,20,18,28,50,139,0,0,19
5,12,8,7,9,2475,B6,LAX,11,-16,6,20,18,28,50,139,0,0,19
-5,12,8,7,9,2475,AA,LAX,11,-16,6,20,18,28,50,139,0,0,19
-4,12,8,7,11,2475,B6,LAX,11,-16,6,20,18,28,50,139,0,0,19
-1,12,8,7,7,2475,AA,LAX,11,-16,6,20,18,28,50,139,0,0,19
-3,12,8,7,7,2475,B6,LAX,11,-16,6,20,18,28,50,139,0,0,19
2,12,8,7,15,2475,AA,LAX,11,-16,6,20,18,28,50,139,0,0,19
10,12,8,7,16,2475,B6,LAX,11,-16,6,20,18,28,50,139,0,0,19
21,12,13,5,19,2475,AA,LAX,12,-49,17,0,0,25,78,172,0,0,20
-3,12,13,5,7,2475,AA,LAX,12,-49,17,0,0,25,78,172,0,0,20
-3,12,13,5,16,2475,B6,LAX,12,-49,17,0,0,25,78,172,0,0,20
-2,12,13,5,10,2475,AA,LAX,12,-49,17,0,0,25,78,172,0,0,20
38,12,13,5,20,2475,B6,LAX,12,-49,17,0,0,25,78,172,0,0,20
-4,12,13,5,21,2475,AA,LAX,12,-49,17,0,0,25,78,172,0,0,20
0,12,13,5,12,2475,AA,LAX,12,-49,17,0,0,25,78,172,0,0,20
51,12,13,5,16,2475,AA,LAX,12,-49,17,0,0,25,78,172,0,0,20
-6,12,13,5,9,2475,B6,LAX,12,-49,17,0,0,25,78,172,0,0,20
-3,12,13,5,7,2475,B6,LAX,12,-49,17,0,0,25,78,172,0,0,20
-1,12,13,5,13,2475,AA,LAX,12,-49,17,0,0,25,78,172,0,0,20
-4,12,13,5,15,2475,AA,LAX,12,-49,17,0,0,25,78,172,0,0,20
14,12,13,5,11,2475,B6,LAX,12,-49,17,0,0,25,78,172,0,0,20
-4,12,13,5,9,2475,AA,LAX,12,-49,17,0,0,25,78,172,0,0,20
-4,12,13,5,17,2475,UA,LAX,12,-49,17,0,0,25,78,172,0,0,20
1,12,13,5,14,2475,UA,LAX,12,-49,17,0,0,25,78,172,0,0,20
-3,12,13,5,11,2475,UA,LAX,12,-49,17,0,0,25,78,172,0,0,20
-4,12,13,5,8,2475,UA,LAX,12,-49,17,0,0,25,78,172,0,0,20
-5,12,13,5,6,2475,UA,LAX,12,-49,17,0,0,25,78,172,0,0,20
0,12,13,5,16,2475,DL,LAX,12,-49,17,0,0,25,78,172,0,0,20
2,12,13,5,7,2475,DL,LAX,12,-49,17,0,0,25,78,172,0,0,20
0,12,13,5,20,2475,DL,LAX,12,-49,17,0,0,25,78,172,0,0,20
-1,12,13,5,18,2475,DL,LAX,12,-49,17,0,0,25,78,172,0,0,20
-2,12,13,5,12,2475,DL,LAX,12,-49,17,0,0,25,78,172,0,0,20
-3,12,13,5,9,2475,DL,LAX,12,-49,17,0,0,25,78,172,0,0,20
-3,12,13,5,15,2475,DL,LAX,12,-49,17,0,0,25,78,172,0,0,20
-5,12,13,5,7,2475,VX,LAX,12,-49,17,0,0,25,78,172,0,0,20
-3,12,13,5,9,2475,VX,LAX,12,-49,17,0,0,25,78,172,0,0,20
0,12,13,5,13,2475,VX,LAX,12,-49,17,0,0,25,78,172,0,0,20
0,12,13,5,16,2475,VX,LAX,12,-49,17,0,0,25,78,172,0,0,20
-6,12,13,5,20,2475,VX,LAX,12,-49,17,0,0,25,78,172,0,0,20
82,12,13,5,20,2475,UA,LAX,12,-49,17,0,0,25,78,172,0,0,20
