17,1,3,4,5,2475,UA,LAX,2,-44,0,0,0,20,61,211,0,0,19
-5,1,3,4,9,2475,AA,LAX,2,-44,0,0,0,20,61,211,0,0,19
-8,1,3,4,12,2475,AA,LAX,2,-44,0,0,0,20,61,211,0,0,19
0,1,3,4,7,2475,AA,LAX,2,-44,0,0,0,20,61,211,0,0,19
-5,1,3,4,13,2475,AA,LAX,2,-44,0,0,0,20,61,211,0,0,19
2,1,3,4,21,2475,AA,LAX,2,-44,0,0,0,20,61,211,0,0,19
1,1,3,4,15,2475,AA,LAX,2,-44,0,0,0,20,61,211,0,0,19
35,1,3,4,16,2475,AA,LAX,2,-44,0,0,0,20,61,211,0,0,19
4,1,3,4,19,2475,AA,LAX,2,-44,0,0,0,20,61,211,0,0,19
-6,1,3,4,10,2475,AA,LAX,2,-44,0,0,0,20,61,211,0,0,19
-5,1,3,4,9,2475,DL,LAX,2,-44,0,0,0,20,61,211,0,0,19
-4,1,3,4,8,2475,UA,LAX,2,-44,0,0,0,20,61,211,0,0,19
-6,1,3,4,15,2475,DL,LAX,2,-44,0,0,0,20,61,211,0,0,19
19,1,3,4,20,2475,VX,LAX,2,-44,0,0,0,20,61,211,0,0,19
26,1,3,4,16,2475,VX,LAX,2,-44,0,0,0,20,61,211,0,0,19
-4,1,3,4,13,2475,VX,LAX,2,-44,0,0,0,20,61,211,0,0,19
-6,1,3,4,11,2475,VX,LAX,2,-44,0,0,0,20,61,211,0,0,19
14,1,3,4,21,2475,DL,LAX,2,-44,0,0,0,20,61,211,0,0,19
-2,1,3,4,9,2475,VX,LAX,2,-44,0,0,0,20,61,211,0,0,19
-2,1,3,4,7,2475,VX,LAX,2,-44,0,0,0,20,61,211,0,0,19
-2,1,3,4,19,2475,DL,LAX,2,-44,0,0,0,20,61,211,0,0,19
1,1,3,4,7,2475,B6,LAX,2,-44,0,0,0,20,61,211,0,0,19
-7,1,3,4,12,2475,B6,LAX,2,-44,0,0,0,20,61,211,0,0,19
-4,1,3,4,16,2475,B6,LAX,2,-44,0,0,0,20,61,211,0,0,19
21,1,3,4,20,2475,B6,LAX,2,-44,0,0,0,20,61,211,0,0,19
-4,1,3,4,9,2475,B6,LAX,2,-44,0,0,0,20,61,211,0,0,19
7,1,3,4,15,2475,UA,LAX,2,-44,0,0,0,20,61,211,0,0,19
-2,1,3,4,17,2475,UA,LAX,2,-44,0,0,0,20,61,211,0,0,19
-3,1,3,4,11,2475,UA,LAX,2,-44,0,0,0,20,61,211,0,0,19
-7,1,3,4,20,2475,UA,LAX,2,-44,0,0,0,20,61,211,0,0,19
33,1,3,4,12,2475,DL,LAX,2,-44,0,0,0,20,61,211,0,0,19
-4,1,3,4,7,2475,DL,LAX,2,-44,0,0,0,20,61,211,0,0,19
-1,1,3,4,17,2475,DL,LAX,2,-44,0,0,0,20,61,211,0,0,19
-1,1,26,6,13,2475,VX,LAX,5,-94,-28,0,0,30,122,178,30,0,25
3,1,26,6,7,2475,VX,LAX,5,-94,-28,0,0,30,122,178,30,0,25
-4,1,26,6,12,2475,DL,LAX,5,-94,-28,0,0,30,122,178,30,0,25
-5,1,26,6,15,2475,DL,LAX,5,-94,-28,0,0,30,122,178,30,0,25
0,1,26,6,19,2475,DL,LAX,5,-94,-28,0,0,30,122,178,30,0,25
-3,1,26,6,9,2475,DL,LAX,5,-94,-28,0,0,30,122,178,30,0,25
15,1,26,6,17,2475,DL,LAX,5,-94,-28,0,0,30,122,178,30,0,25
-3,1,26,6,9,2475,VX,LAX,5,-94,-28,0,0,30,122,178,30,0,25
-6,1,26,6,20,2475,B6,LAX,5,-94,-28,0,0,30,122,178,30,0,25
4,1,26,6,16,2475,B6,LAX,5,-94,-28,0,0,30,122,178,30,0,25
16,1,26,6,11,2475,B6,LAX,5,-94,-28,0,0,30,122,178,30,0,25
-6,1,26,6,16,2475,VX,LAX,5,-94,-28,0,0,30,122,178,30,0,25
-8,1,26,6,16,2475,AA,LAX,5,-94,-28,0,0,30,122,178,30,0,25
-7,1,26,6,19,2475,AA,LAX,5,-94,-28,0,0,30,122,178,30,0,25
-4,1,26,6,21,2475,AA,LAX,5,-94,-28,0,0,30,122,178,30,0,25
83,1,26,6,15,2475,AA,LAX,5,-94,-28,0,0,30,122,178,30,0,25
-7,1,26,6,13,2475,AA,LAX,5,-94,-28,0,0,30,122,178,30,0,25
-6,1,26,6,6,2475,UA,LAX,5,-94,-28,0,0,30,122,178,30,0,25
-4,1,26,6,17,2475,UA,LAX,5,-94,-28,0,0,30,122,178,30,0,25
-1,1,26,6,11,2475,UA,LAX,5,-94,-28,0,0,30,122,178,30,0,25
-6,1,26,6,15,2475,UA,LAX,5,-94,-28,0,0,30,122,178,30,0,25
-5,1,26,6,8,2475,UA,LAX,5,-94,-28,0,0,30,122,178,30,0,25
4,1,26,6,10,2475,AA,LAX,5,-94,-28,0,0,30,122,178,30,0,25
-7,1,26,6,12,2475,AA,LAX,5,-94,-28,0,0,30,122,178,30,0,25
10,1,26,6,9,2475,AA,LAX,5,-94,-28,0,0,30,122,178,30,0,25
-6,1,31,4,8,2475,UA,LAX,10,-11,161,229,0,55,89,222,0,0,16
17,1,31,4,12,2475,AA,LAX,10,-11,161,229,0,55,89,222,0,0,16
4,1,31,4,7,2475,AA,LAX,10,-11,161,229,0,55,89,222,0,0,16
-4,1,31,4,6,2475,UA,LAX,10,-11,161,229,0,55,89,222,0,0,16
4,1,31,4,16,2475,AA,LAX,10,-11,161,229,0,55,89,222,0,0,16
-1,1,31,4,15,2475,AA,LAX,10,-11,161,229,0,55,89,222,0,0,16
26,1,31,4,19,2475,AA,LAX,10,-11,161,229,0,55,89,222,0,0,16
0,1,31,4,21,2475,AA,LAX,10,-11,161,229,0,55,89,222,0,0,16
0,1,31,4,11,2475,UA,LAX,10,-11,161,229,0,55,89,222,0,0,16
-4,1,31,4,10,2475,AA,LAX,10,-11,161,229,0,55,89,222,0,0,16
-4,1,31,4,9,2475,AA,LAX,10,-11,161,229,0,55,89,222,0,0,16
-1,1,31,4,20,2475,UA,LAX,10,-11,161,229,0,55,89,222,0,0,16
-3,1,31,4,13,2475,AA,LAX,10,-11,161,229,0,55,89,222,0,0,16
-4,1,31,4,17,2475,UA,LAX,10,-11,161,229,0,55,89,222,0,0,16
10,1,31,4,15,2475,UA,LAX,10,-11,161,229,0,55,89,222,0,0,16
-3,1,31,4,21,2475,DL,LAX,10,-11,161,229,0,55,89,222,0,0,16
9,1,31,4,15,2475,DL,LAX,10,-11,161,229,0,55,89,222,0,0,16
39,1,31,4,12,2475,DL,LAX,10,-11,161,229,0,55,89,222,0,0,16
-5,1,31,4,7,2475,DL,LAX,10,-11,161,229,0,55,89,222,0,0,16
15,1,31,4,20,2475,VX,LAX,10,-11,161,229,0,55,89,222,0,0,16
-4,1,31,4,17,2475,DL,LAX,10,-11,161,229,0,55,89,222,0,0,16
71,1,31,4,9,2475,DL,LAX,10,-11,161,229,0,55,89,222,0,0,16
2,1,31,4,19,2475,DL,LAX,10,-11,161,229,0,55,89,222,0,0,16
31,1,31,4,20,2475,B6,LAX,10,-11,161,229,0,55,89,222,0,0,16
-6,1,31,4,7,2475,VX,LAX,10,-11,161,229,0,55,89,222,0,0,16
-7,1,31,4,9,2475,VX,LAX,10,-11,161,229,0,55,89,222,0,0,16
0,1,31,4,16,2475,VX,LAX,10,-11,161,229,0,55,89,222,0,0,16
-3,1,31,4,7,2475,B6,LAX,10,-11,161,229,0,55,89,222,0,0,16
-1,1,31,4,11,2475,B6,LAX,10,-11,161,229,0,55,89,222,0,0,16
-3,1,31,4,13,2475,VX,LAX,10,-11,161,229,0,55,89,222,0,0,16
-2,1,31,4,16,2475,B6,LAX,10,-11,161,229,0,55,89,222,0,0,16
-6,2,4,1,17,2475,UA,LAX,14,-50,-11,0,0,33,100,167,0,0,25
8,2,4,1,7,2475,VX,LAX,14,-50,-11,0,0,33,100,167,0,0,25
5,2,4,1,9,2475,VX,LAX,14,-50,-11,0,0,33,100,167,0,0,25
2,2,4,1,13,2475,VX,LAX,14,-50,-11,0,0,33,100,167,0,0,25
2,2,4,1,16,2475,VX,LAX,14,-50,-11,0,0,33,100,167,0,0,25
27,2,4,1,20,2475,VX,LAX,14,-50,-11,0,0,33,100,167,0,0,25
17,2,4,1,15,2475,UA,LAX,14,-50,-11,0,0,33,100,167,0,0,25
-6,2,4,1,8,2475,UA,LAX,14,-50,-11,0,0,33,100,167,0,0,25
-3,2,4,1,6,2475,UA,LAX,14,-50,-11,0,0,33,100,167,0,0,25
-2,2,4,1,20,2475,UA,LAX,14,-50,-11,0,0,33,100,167,0,0,25
-6,2,4,1,11,2475,UA,LAX,14,-50,-11,0,0,33,100,167,0,0,25
9,2,4,1,20,2475,B6,LAX,14,-50,-11,0,0,33,100,167,0,0,25
-1,2,4,1,21,2475,AA,LAX,14,-50,-11,0,0,33,100,167,0,0,25
-9,2,4,1,10,2475,AA,LAX,14,-50,-11,0,0,33,100,167,0,0,25
-2,2,4,1,9,2475,AA,LAX,14,-50,-11,0,0,33,100,167,0,0,25
12,2,4,1,15,2475,DL,LAX,14,-50,-11,0,0,33,100,167,0,0,25
5,2,4,1,16,2475,B6,LAX,14,-50,-11,0,0,33,100,167,0,0,25
-4,2,4,1,7,2475,DL,LAX,14,-50,-11,0,0,33,100,167,0,0,25
-3,2,4,1,7,2475,B6,LAX,14,-50,-11,0,0,33,100,167,0,0,25
-5,2,4,1,11,2475,DL,LAX,14,-50,-11,0,0,33,100,167,0,0,25
-7,2,4,1,21,2475,DL,LAX,14,-50,-11,0,0,33,100,167,0,0,25
1,2,4,1,19,2475,AA,LAX,14,-50,-11,0,0,33,100,167,0,0,25
-1,2,4,1,11,2475,B6,LAX,14,-50,-11,0,0,33,100,167,0,0,25
0,2,4,1,15,2475,AA,LAX,14,-50,-11,0,0,33,100,167,0,0,25
-3,2,4,1,17,2475,DL,LAX,14,-50,-11,0,0,33,100,167,0,0,25
-4,2,4,1,7,2475,AA,LAX,14,-50,-11,0,0,33,100,167,0,0,25
-5,2,4,1,9,2475,DL,LAX,14,-50,-11,0,0,33,100,167,0,0,25
-5,2,4,1,19,2475,DL,LAX,14,-50,-11,0,0,33,100,167,0,0,25
0,2,4,1,13,2475,AA,LAX,14,-50,-11,0,0,33,100,167,0,0,25
-2,2,4,1,12,2475,AA,LAX,14,-50,-11,0,0,33,100,167,0,0,25
-3,2,4,1,16,2475,AA,LAX,14,-50,-11,0,0,33,100,167,0,0,25
35,2,27,3,20,2475,B6,LAX,9,22,83,396,0,50,106,228,0,0,22
0,2,27,3,9,2475,AA,LAX,9,22,83,396,0,50,106,228,0,0,22
48,2,27,3,12,2475,AA,LAX,9,22,83,396,0,50,106,228,0,0,22
36,2,27,3,21,2475,AA,LAX,9,22,83,396,0,50,106,228,0,0,22
-3,2,27,3,15,2475,AA,LAX,9,22,83,396,0,50,106,228,0,0,22
30,2,27,3,19,2475,AA,LAX,9,22,83,396,0,50,106,228,0,0,22
32,2,27,3,16,2475,AA,LAX,9,22,83,396,0,50,106,228,0,0,22
-1,2,27,3,7,2475,B6,LAX,9,22,83,396,0,50,106,228,0,0,22
0,2,27,3,11,2475,B6,LAX,9,22,83,396,0,50,106,228,0,0,22
18,2,27,3,16,2475,B6,LAX,9,22,83,396,0,50,106,228,0,0,22
0,2,27,3,10,2475,AA,LAX,9,22,83,396,0,50,106,228,0,0,22
7,2,27,3,7,2475,AA,LAX,9,22,83,396,0,50,106,228,0,0,22
-3,2,27,3,13,2475,AA,LAX,9,22,83,396,0,50,106,228,0,0,22
2,2,27,3,6,2475,UA,LAX,9,22,83,396,0,50,106,228,0,0,22
-8,2,27,3,11,2475,UA,LAX,9,22,83,396,0,50,106,228,0,0,22
12,2,27,3,20,2475,UA,LAX,9,22,83,396,0,50,106,228,0,0,22
159,2,27,3,15,2475,UA,LAX,9,22,83,396,0,50,106,228,0,0,22
-3,2,27,3,8,2475,UA,LAX,9,22,83,396,0,50,106,228,0,0,22
-7,2,27,3,17,2475,DL,LAX,9,22,83,396,0,50,106,228,0,0,22
-2,2,27,3,7,2475,DL,LAX,9,22,83,396,0,50,106,228,0,0,22
4,2,27,3,12,2475,DL,LAX,9,22,83,396,0,50,106,228,0,0,22
-4,2,27,3,15,2475,DL,LAX,9,22,83,396,0,50,106,228,0,0,22
-8,2,27,3,21,2475,DL,LAX,9,22,83,396,0,50,106,228,0,0,22
121,2,27,3,20,2475,VX,LAX,9,22,83,396,0,50,106,228,0,0,22
27,2,27,3,16,2475,VX,LAX,9,22,83,396,0,50,106,228,0,0,22
2,2,27,3,13,2475,VX,LAX,9,22,83,396,0,50,106,228,0,0,22
50,2,27,3,9,2475,VX,LAX,9,22,83,396,0,50,106,228,0,0,22
-5,2,27,3,7,2475,VX,LAX,9,22,83,396,0,50,106,228,0,0,22
-5,2,27,3,9,2475,DL,LAX,9,22,83,396,0,50,106,228,0,0,22
-2,2,27,3,19,2475,DL,LAX,9,22,83,396,0,50,106,228,0,0,22
-2,2,27,3,17,2475,UA,LAX,9,22,83,396,0,50,106,228,0,0,22
-1,3,5,2,20,2475,VX,LAX,15,-6,94,0,0,32,122,161,0,0,34
-1,3,5,2,16,2475,VX,LAX,15,-6,94,0,0,32,122,161,0,0,34
-1,3,5,2,13,2475,VX,LAX,15,-6,94,0,0,32,122,161,0,0,34
-5,3,5,2,9,2475,VX,LAX,15,-6,94,0,0,32,122,161,0,0,34
-8,3,5,2,7,2475,VX,LAX,15,-6,94,0,0,32,122,161,0,0,34
3,3,5,2,19,2475,AA,LAX,15,-6,94,0,0,32,122,161,0,0,34
-9,3,5,2,20,2475,B6,LAX,15,-6,94,0,0,32,122,161,0,0,34
-1,3,5,2,7,2475,B6,LAX,15,-6,94,0,0,32,122,161,0,0,34
-3,3,5,2,11,2475,B6,LAX,15,-6,94,0,0,32,122,161,0,0,34
-4,3,5,2,16,2475,B6,LAX,15,-6,94,0,0,32,122,161,0,0,34
-4,3,5,2,10,2475,AA,LAX,15,-6,94,0,0,32,122,161,0,0,34
-10,3,5,2,12,2475,AA,LAX,15,-6,94,0,0,32,122,161,0,0,34
1,3,5,2,16,2475,AA,LAX,15,-6,94,0,0,32,122,161,0,0,34
-3,3,5,2,15,2475,AA,LAX,15,-6,94,0,0,32,122,161,0,0,34
-7,3,5,2,21,2475,AA,LAX,15,-6,94,0,0,32,122,161,0,0,34
5,3,5,2,9,2475,AA,LAX,15,-6,94,0,0,32,122,161,0,0,34
-4,3,5,2,7,2475,AA,LAX,15,-6,94,0,0,32,122,161,0,0,34
6,3,5,2,13,2475,AA,LAX,15,-6,94,0,0,32,122,161,0,0,34
0,3,5,2,9,2475,DL,LAX,15,-6,94,0,0,32,122,161,0,0,34
-5,3,5,2,16,2475,DL,LAX,15,-6,94,0,0,32,122,161,0,0,34
-3,3,5,2,7,2475,DL,LAX,15,-6,94,0,0,32,122,161,0,0,34
-7,3,5,2,12,2475,DL,LAX,15,-6,94,0,0,32,122,161,0,0,34
-2,3,5,2,14,2475,DL,LAX,15,-6,94,0,0,32,122,161,0,0,34
11,3,5,2,17,2475,DL,LAX,15,-6,94,0,0,32,122,161,0,0,34
-2,3,5,2,19,2475,DL,LAX,15,-6,94,0,0,32,122,161,0,0,34
-2,3,5,2,21,2475,DL,LAX,15,-6,94,0,0,32,122,161,0,0,34
-3,3,5,2,20,2475,UA,LAX,15,-6,94,0,0,32,122,161,0,0,34
17,3,5,2,11,2475,UA,LAX,15,-6,94,0,0,32,122,161,0,0,34
-5,3,5,2,17,2475,UA,LAX,15,-6,94,0,0,32,122,161,0,0,34
40,3,5,2,8,2475,UA,LAX,15,-6,94,0,0,32,122,161,0,0,34
-6,3,5,2,15,2475,UA,LAX,15,-6,94,0,0,32,122,161,0,0,34
-10,3,5,2,6,2475,UA,LAX,15,-6,94,0,0,32,122,161,0,0,34
11,3,10,7,17,2475,UA,LAX,20,22,100,0,0,21,89,178,0,0,25
37,3,10,7,15,2475,UA,LAX,20,22,100,0,0,21,89,178,0,0,25
-1,3,10,7,8,2475,UA,LAX,20,22,100,0,0,21,89,178,0,0,25
-11,3,10,7,20,2475,UA,LAX,20,22,100,0,0,21,89,178,0,0,25
-2,3,10,7,11,2475,UA,LAX,20,22,100,0,0,21,89,178,0,0,25
0,3,10,7,19,2475,DL,LAX,20,22,100,0,0,21,89,178,0,0,25
5,3,10,7,7,2475,DL,LAX,20,22,100,0,0,21,89,178,0,0,25
-2,3,10,7,17,2475,DL,LAX,20,22,100,0,0,21,89,178,0,0,25
1,3,10,7,9,2475,DL,LAX,20,22,100,0,0,21,89,178,0,0,25
4,3,10,7,21,2475,DL,LAX,20,22,100,0,0,21,89,178,0,0,25
-1,3,10,7,16,2475,DL,LAX,20,22,100,0,0,21,89,178,0,0,25
-5,3,10,7,12,2475,DL,LAX,20,22,100,0,0,21,89,178,0,0,25
-6,3,10,7,14,2475,DL,LAX,20,22,100,0,0,21,89,178,0,0,25
-5,3,10,7,16,2475,AA,LAX,20,22,100,0,0,21,89,178,0,0,25
-1,3,10,7,9,2475,AA,LAX,20,22,100,0,0,21,89,178,0,0,25
33,3,10,7,21,2475,AA,LAX,20,22,100,0,0,21,89,178,0,0,25
-2,3,10,7,10,2475,AA,LAX,20,22,100,0,0,21,89,178,0,0,25
139,3,10,7,19,2475,AA,LAX,20,22,100,0,0,21,89,178,0,0,25
-8,3,10,7,15,2475,AA,LAX,20,22,100,0,0,21,89,178,0,0,25
-3,3,10,7,7,2475,AA,LAX,20,22,100,0,0,21,89,178,0,0,25
-4,3,10,7,13,2475,AA,LAX,20,22,100,0,0,21,89,178,0,0,25
9,3,10,7,7,2475,B6,LAX,20,22,100,0,0,21,89,178,0,0,25
12,3,10,7,11,2475,B6,LAX,20,22,100,0,0,21,89,178,0,0,25
81,3,10,7,16,2475,B6,LAX,20,22,100,0,0,21,89,178,0,0,25
6,3,10,7,20,2475,B6,LAX,20,22,100,0,0,21,89,178,0,0,25
-6,3,10,7,12,2475,AA,LAX,20,22,100,0,0,21,89,178,0,0,25
19,3,10,7,9,2475,VX,LAX,20,22,100,0,0,21,89,178,0,0,25
-3,3,10,7,13,2475,VX,LAX,20,22,100,0,0,21,89,178,0,0,25
30,3,10,7,16,2475,VX,LAX,20,22,100,0,0,21,89,178,0,0,25
30,3,10,7,20,2475,VX,LAX,20,22,100,0,0,21,89,178,0,0,25
-4,3,28,4,13,2475,VX,LAX,38,28,106,0,0,26,128,189,0,0,29
1,3,28,4,20,2475,VX,LAX,38,28,106,0,0,26,128,189,0,0,29
8,3,28,4,16,2475,VX,LAX,38,28,106,0,0,26,128,189,0,0,29
-1,3,28,4,9,2475,VX,LAX,38,28,106,0,0,26,128,189,0,0,29
3,3,28,4,7,2475,VX,LAX,38,28,106,0,0,26,128,189,0,0,29
9,3,28,4,20,2475,B6,LAX,38,28,106,0,0,26,128,189,0,0,29
0,3,28,4,19,2475,DL,LAX,38,28,106,0,0,26,128,189,0,0,29
-1,3,28,4,21,2475,DL,LAX,38,28,106,0,0,26,128,189,0,0,29
0,3,28,4,16,2475,DL,LAX,38,28,106,0,0,26,128,189,0,0,29
-2,3,28,4,7,2475,B6,LAX,38,28,106,0,0,26,128,189,0,0,29
-5,3,28,4,11,2475,B6,LAX,38,28,106,0,0,26,128,189,0,0,29
25,3,28,4,16,2475,B6,LAX,38,28,106,0,0,26,128,189,0,0,29
-2,3,28,4,14,2475,DL,LAX,38,28,106,0,0,26,128,189,0,0,29
-5,3,28,4,12,2475,DL,LAX,38,28,106,0,0,26,128,189,0,0,29
49,3,28,4,7,2475,DL,LAX,38,28,106,0,0,26,128,189,0,0,29
-1,3,28,4,17,2475,DL,LAX,38,28,106,0,0,26,128,189,0,0,29
-1,3,28,4,9,2475,DL,LAX,38,28,106,0,0,26,128,189,0,0,29
7,3,28,4,8,2475,UA,LAX,38,28,106,0,0,26,128,189,0,0,29
-4,3,28,4,17,2475,UA,LAX,38,28,106,0,0,26,128,189,0,0,29
-7,3,28,4,9,2475,AA,LAX,38,28,106,0,0,26,128,189,0,0,29
-12,3,28,4,11,2475,UA,LAX,38,28,106,0,0,26,128,189,0,0,29
-7,3,28,4,19,2475,AA,LAX,38,28,106,0,0,26,128,189,0,0,29
-4,3,28,4,20,2475,UA,LAX,38,28,106,0,0,26,128,189,0,0,29
21,3,28,4,21,2475,AA,LAX,38,28,106,0,0,26,128,189,0,0,29
-4,3,28,4,10,2475,AA,LAX,38,28,106,0,0,26,128,189,0,0,29
-5,3,28,4,13,2475,AA,LAX,38,28,106,0,0,26,128,189,0,0,29
1,3,28,4,15,2475,AA,LAX,38,28,106,0,0,26,128,189,0,0,29
10,3,28,4,15,2475,UA,LAX,38,28,106,0,0,26,128,189,0,0,29
-9,3,28,4,6,2475,UA,LAX,38,28,106,0,0,26,128,189,0,0,29
-5,3,28,4,12,2475,AA,LAX,38,28,106,0,0,26,128,189,0,0,29
0,3,28,4,16,2475,AA,LAX,38,28,106,0,0,26,128,189,0,0,29
-6,3,28,4,7,2475,AA,LAX,38,28,106,0,0,26,128,189,0,0,29
11,4,6,6,7,2475,VX,LAX,46,17,111,0,0,27,133,194,0,0,31
-8,4,6,6,13,2475,VX,LAX,46,17,111,0,0,27,133,194,0,0,31
15,4,6,6,16,2475,VX,LAX,46,17,111,0,0,27,133,194,0,0,31
5,4,6,6,20,2475,VX,LAX,46,17,111,0,0,27,133,194,0,0,31
-7,4,6,6,6,2475,UA,LAX,46,17,111,0,0,27,133,194,0,0,31
-3,4,6,6,15,2475,UA,LAX,46,17,111,0,0,27,133,194,0,0,31
55,4,6,6,18,2475,UA,LAX,46,17,111,0,0,27,133,194,0,0,31
-1,4,6,6,9,2475,VX,LAX,46,17,111,0,0,27,133,194,0,0,31
-11,4,6,6,8,2475,UA,LAX,46,17,111,0,0,27,133,194,0,0,31
-4,4,6,6,12,2475,UA,LAX,46,17,111,0,0,27,133,194,0,0,31
-3,4,6,6,20,2475,B6,LAX,46,17,111,0,0,27,133,194,0,0,31
-4,4,6,6,19,2475,AA,LAX,46,17,111,0,0,27,133,194,0,0,31
0,4,6,6,16,2475,B6,LAX,46,17,111,0,0,27,133,194,0,0,31
-3,4,6,6,16,2475,DL,LAX,46,17,111,0,0,27,133,194,0,0,31
-7,4,6,6,11,2475,B6,LAX,46,17,111,0,0,27,133,194,0,0,31
-5,4,6,6,12,2475,AA,LAX,46,17,111,0,0,27,133,194,0,0,31
-4,4,6,6,7,2475,AA,LAX,46,17,111,0,0,27,133,194,0,0,31
69,4,6,6,17,2475,DL,LAX,46,17,111,0,0,27,133,194,0,0,31
-3,4,6,6,19,2475,DL,LAX,46,17,111,0,0,27,133,194,0,0,31
-5,4,6,6,9,2475,DL,LAX,46,17,111,0,0,27,133,194,0,0,31
-4,4,6,6,12,2475,DL,LAX,46,17,111,0,0,27,133,194,0,0,31
-9,4,6,6,9,2475,AA,LAX,46,17,111,0,0,27,133,194,0,0,31
-5,4,6,6,13,2475,AA,LAX,46,17,111,0,0,27,133,194,0,0,31
-4,4,6,6,17,2475,AA,LAX,46,17,111,0,0,27,133,194,0,0,31
-10,4,6,6,10,2475,AA,LAX,46,17,111,0,0,27,133,194,0,0,31
14,4,6,6,15,2475,AA,LAX,46,17,111,0,0,27,133,194,0,0,31
-1,4,6,6,14,2475,DL,LAX,46,17,111,0,0,27,133,194,0,0,31
-2,4,11,4,13,2475,AA,LAX,41,83,156,0,0,28,122,222,0,0,32
43,4,11,4,7,2475,AA,LAX,41,83,156,0,0,28,122,222,0,0,32
11,4,11,4,10,2475,AA,LAX,41,83,156,0,0,28,122,222,0,0,32
-6,4,11,4,7,2475,B6,LAX,41,83,156,0,0,28,122,222,0,0,32
-2,4,11,4,11,2475,B6,LAX,41,83,156,0,0,28,122,222,0,0,32
-4,4,11,4,16,2475,B6,LAX,41,83,156,0,0,28,122,222,0,0,32
6,4,11,4,20,2475,B6,LAX,41,83,156,0,0,28,122,222,0,0,32
-4,4,11,4,21,2475,AA,LAX,41,83,156,0,0,28,122,222,0,0,32
52,4,11,4,17,2475,AA,LAX,41,83,156,0,0,28,122,222,0,0,32
-2,4,11,4,15,2475,AA,LAX,41,83,156,0,0,28,122,222,0,0,32
1,4,11,4,12,2475,AA,LAX,41,83,156,0,0,28,122,222,0,0,32
-2,4,11,4,7,2475,DL,LAX,41,83,156,0,0,28,122,222,0,0,32
-2,4,11,4,12,2475,DL,LAX,41,83,156,0,0,28,122,222,0,0,32
-5,4,11,4,14,2475,DL,LAX,41,83,156,0,0,28,122,222,0,0,32
-5,4,11,4,16,2475,DL,LAX,41,83,156,0,0,28,122,222,0,0,32
38,4,11,4,21,2475,DL,LAX,41,83,156,0,0,28,122,222,0,0,32
-2,4,11,4,9,2475,AA,LAX,41,83,156,0,0,28,122,222,0,0,32
10,4,11,4,17,2475,DL,LAX,41,83,156,0,0,28,122,222,0,0,32
-1,4,11,4,19,2475,DL,LAX,41,83,156,0,0,28,122,222,0,0,32
-1,4,11,4,9,2475,DL,LAX,41,83,156,0,0,28,122,222,0,0,32
-1,4,11,4,19,2475,AA,LAX,41,83,156,0,0,28,122,222,0,0,32
-4,4,11,4,20,2475,VX,LAX,41,83,156,0,0,28,122,222,0,0,32
1,4,11,4,6,2475,UA,LAX,41,83,156,0,0,28,122,222,0,0,32
-4,4,11,4,9,2475,VX,LAX,41,83,156,0,0,28,122,222,0,0,32
-2,4,11,4,13,2475,VX,LAX,41,83,156,0,0,28,122,222,0,0,32
20,4,11,4,15,2475,UA,LAX,41,83,156,0,0,28,122,222,0,0,32
-4,4,11,4,20,2475,UA,LAX,41,83,156,0,0,28,122,222,0,0,32
10,4,11,4,16,2475,VX,LAX,41,83,156,0,0,28,122,222,0,0,32
-1,4,11,4,7,2475,VX,LAX,41,83,156,0,0,28,122,222,0,0,32
-4,4,11,4,11,2475,UA,LAX,41,83,156,0,0,28,122,222,0,0,32
4,4,11,4,17,2475,UA,LAX,41,83,156,0,0,28,122,222,0,0,32
6,4,11,4,8,2475,UA,LAX,41,83,156,0,0,28,122,222,0,0,32
-5,4,29,1,13,2475,VX,LAX,23,111,139,10,0,23,144,211,0,0,27
16,4,29,1,16,2475,VX,LAX,23,111,139,10,0,23,144,211,0,0,27
0,4,29,1,20,2475,VX,LAX,23,111,139,10,0,23,144,211,0,0,27
9,4,29,1,9,2475,VX,LAX,23,111,139,10,0,23,144,211,0,0,27
-4,4,29,1,7,2475,VX,LAX,23,111,139,10,0,23,144,211,0,0,27
-2,4,29,1,19,2475,AA,LAX,23,111,139,10,0,23,144,211,0,0,27
-1,4,29,1,17,2475,AA,LAX,23,111,139,10,0,23,144,211,0,0,27
4,4,29,1,20,2475,UA,LAX,23,111,139,10,0,23,144,211,0,0,27
-6,4,29,1,11,2475,UA,LAX,23,111,139,10,0,23,144,211,0,0,27
7,4,29,1,17,2475,UA,LAX,23,111,139,10,0,23,144,211,0,0,27
-5,4,29,1,21,2475,AA,LAX,23,111,139,10,0,23,144,211,0,0,27
-5,4,29,1,7,2475,AA,LAX,23,111,139,10,0,23,144,211,0,0,27
4,4,29,1,12,2475,AA,LAX,23,111,139,10,0,23,144,211,0,0,27
2,4,29,1,10,2475,AA,LAX,23,111,139,10,0,23,144,211,0,0,27
-6,4,29,1,13,2475,AA,LAX,23,111,139,10,0,23,144,211,0,0,27
148,4,29,1,8,2475,UA,LAX,23,111,139,10,0,23,144,211,0,0,27
-4,4,29,1,20,2475,B6,LAX,23,111,139,10,0,23,144,211,0,0,27
-7,4,29,1,16,2475,B6,LAX,23,111,139,10,0,23,144,211,0,0,27
0,4,29,1,11,2475,B6,LAX,23,111,139,10,0,23,144,211,0,0,27
24,4,29,1,21,2475,DL,LAX,23,111,139,10,0,23,144,211,0,0,27
-4,4,29,1,7,2475,B6,LAX,23,111,139,10,0,23,144,211,0,0,27
-4,4,29,1,9,2475,AA,LAX,23,111,139,10,0,23,144,211,0,0,27
2,4,29,1,17,2475,DL,LAX,23,111,139,10,0,23,144,211,0,0,27
-6,4,29,1,19,2475,DL,LAX,23,111,139,10,0,23,144,211,0,0,27
6,4,29,1,15,2475,UA,LAX,23,111,139,10,0,23,144,211,0,0,27
-6,4,29,1,15,2475,AA,LAX,23,111,139,10,0,23,144,211,0,0,27
68,4,29,1,6,2475,UA,LAX,23,111,139,10,0,23,144,211,0,0,27
-7,4,29,1,9,2475,DL,LAX,23,111,139,10,0,23,144,211,0,0,27
-7,4,29,1,7,2475,DL,LAX,23,111,139,10,0,23,144,211,0,0,27
141,4,29,1,12,2475,DL,LAX,23,111,139,10,0,23,144,211,0,0,27
-1,4,29,1,14,2475,DL,LAX,23,111,139,10,0,23,144,211,0,0,27
-6,4,29,1,16,2475,DL,LAX,23,111,139,10,0,23,144,211,0,0,27
-5,5,7,2,6,2475,UA,LAX,15,111,233,0,0,26,144,206,51,0,42
-11,5,7,2,11,2475,UA,LAX,15,111,233,0,0,26,144,206,51,0,42
-1,5,7,2,20,2475,UA,LAX,15,111,233,0,0,26,144,206,51,0,42
-8,5,7,2,15,2475,UA,LAX,15,111,233,0,0,26,144,206,51,0,42
-1,5,7,2,17,2475,UA,LAX,15,111,233,0,0,26,144,206,51,0,42
-4,5,7,2,8,2475,UA,LAX,15,111,233,0,0,26,144,206,51,0,42
20,5,7,2,20,2475,VX,LAX,15,111,233,0,0,26,144,206,51,0,42
17,5,7,2,16,2475,VX,LAX,15,111,233,0,0,26,144,206,51,0,42
-2,5,7,2,13,2475,VX,LAX,15,111,233,0,0,26,144,206,51,0,42
-5,5,7,2,9,2475,VX,LAX,15,111,233,0,0,26,144,206,51,0,42
-10,5,7,2,7,2475,VX,LAX,15,111,233,0,0,26,144,206,51,0,42
-2,5,7,2,12,2475,DL,LAX,15,111,233,0,0,26,144,206,51,0,42
79,5,7,2,21,2475,DL,LAX,15,111,233,0,0,26,144,206,51,0,42
-6,5,7,2,10,2475,AA,LAX,15,111,233,0,0,26,144,206,51,0,42
-3,5,7,2,9,2475,B6,LAX,15,111,233,0,0,26,144,206,51,0,42
0,5,7,2,15,2475,AA,LAX,15,111,233,0,0,26,144,206,51,0,42
36,5,7,2,19,2475,AA,LAX,15,111,233,0,0,26,144,206,51,0,42
-5,5,7,2,13,2475,AA,LAX,15,111,233,0,0,26,144,206,51,0,42
2,5,7,2,16,2475,DL,LAX,15,111,233,0,0,26,144,206,51,0,42
-5,5,7,2,21,2475,AA,LAX,15,111,233,0,0,26,144,206,51,0,42
22,5,7,2,18,2475,DL,LAX,15,111,233,0,0,26,144,206,51,0,42
-3,5,7,2,19,2475,DL,LAX,15,111,233,0,0,26,144,206,51,0,42
-11,5,7,2,9,2475,AA,LAX,15,111,233,0,0,26,144,206,51,0,42
-4,5,7,2,7,2475,B6,LAX,15,111,233,0,0,26,144,206,51,0,42
-4,5,7,2,17,2475,AA,LAX,15,111,233,0,0,26,144,206,51,0,42
-6,5,7,2,16,2475,B6,LAX,15,111,233,0,0,26,144,206,51,0,42
-1,5,7,2,7,2475,AA,LAX,15,111,233,0,0,26,144,206,51,0,42
-1,5,7,2,9,2475,DL,LAX,15,111,233,0,0,26,144,206,51,0,42
7,5,7,2,14,2475,DL,LAX,15,111,233,0,0,26,144,206,51,0,42
-5,5,7,2,12,2475,AA,LAX,15,111,233,0,0,26,144,206,51,0,42
-4,5,7,2,20,2475,B6,LAX,15,111,233,0,0,26,144,206,51,0,42
-1,5,7,2,7,2475,DL,LAX,15,111,233,0,0,26,144,206,51,0,42
29,5,12,7,15,2475,UA,LAX,10,106,211,0,0,35,156,228,0,0,28
9,5,12,7,20,2475,UA,LAX,10,106,211,0,0,35,156,228,0,0,28
40,5,12,7,17,2475,UA,LAX,10,106,211,0,0,35,156,228,0,0,28
-5,5,12,7,11,2475,UA,LAX,10,106,211,0,0,35,156,228,0,0,28
9,5,12,7,8,2475,UA,LAX,10,106,211,0,0,35,156,228,0,0,28
8,5,12,7,21,2475,AA,LAX,10,106,211,0,0,35,156,228,0,0,28
60,5,12,7,20,2475,B6,LAX,10,106,211,0,0,35,156,228,0,0,28
-2,5,12,7,17,2475,AA,LAX,10,106,211,0,0,35,156,228,0,0,28
0,5,12,7,19,2475,AA,LAX,10,106,211,0,0,35,156,228,0,0,28
0,5,12,7,13,2475,AA,LAX,10,106,211,0,0,35,156,228,0,0,28
-3,5,12,7,9,2475,B6,LAX,10,106,211,0,0,35,156,228,0,0,28
0,5,12,7,15,2475,AA,LAX,10,106,211,0,0,35,156,228,0,0,28
-9,5,12,7,12,2475,AA,LAX,10,106,211,0,0,35,156,228,0,0,28
-8,5,12,7,10,2475,AA,LAX,10,106,211,0,0,35,156,228,0,0,28
-2,5,12,7,9,2475,AA,LAX,10,106,211,0,0,35,156,228,0,0,28
-3,5,12,7,21,2475,DL,LAX,10,106,211,0,0,35,156,228,0,0,28
23,5,12,7,7,2475,B6,LAX,10,106,211,0,0,35,156,228,0,0,28
-3,5,12,7,16,2475,B6,LAX,10,106,211,0,0,35,156,228,0,0,28
-2,5,12,7,7,2475,AA,LAX,10,106,211,0,0,35,156,228,0,0,28
-4,5,12,7,12,2475,DL,LAX,10,106,211,0,0,35,156,228,0,0,28
-2,5,12,7,14,2475,DL,LAX,10,106,211,0,0,35,156,228,0,0,28
2,5,12,7,9,2475,DL,LAX,10,106,211,0,0,35,156,228,0,0,28
0,5,12,7,19,2475,DL,LAX,10,106,211,0,0,35,156,228,0,0,28
1,5,12,7,18,2475,DL,LAX,10,106,211,0,0,35,156,228,0,0,28
-6,5,12,7,16,2475,DL,LAX,10,106,211,0,0,35,156,228,0,0,28
28,5,12,7,16,2475,VX,LAX,10,106,211,0,0,35,156,228,0,0,28
46,5,12,7,20,2475,VX,LAX,10,106,211,0,0,35,156,228,0,0,28
1,5,12,7,7,2475,VX,LAX,10,106,211,0,0,35,156,228,0,0,28
10,5,12,7,9,2475,VX,LAX,10,106,211,0,0,35,156,228,0,0,28
-3,5,12,7,13,2475,VX,LAX,10,106,211,0,0,35,156,228,0,0,28
41,6,8,6,18,2475,DL,LAX,13,139,250,122,0,17,167,222,0,0,25
9,6,8,6,7,2475,DL,LAX,13,139,250,122,0,17,167,222,0,0,25
-5,6,8,6,17,2475,DL,LAX,13,139,250,122,0,17,167,222,0,0,25
7,6,8,6,15,2475,DL,LAX,13,139,250,122,0,17,167,222,0,0,25
-1,6,8,6,9,2475,DL,LAX,13,139,250,122,0,17,167,222,0,0,25
115,6,8,6,17,2475,AA,LAX,13,139,250,122,0,17,167,222,0,0,25
-8,6,8,6,7,2475,AA,LAX,13,139,250,122,0,17,167,222,0,0,25
29,6,8,6,16,2475,B6,LAX,13,139,250,122,0,17,167,222,0,0,25
-5,6,8,6,7,2475,B6,LAX,13,139,250,122,0,17,167,222,0,0,25
-5,6,8,6,20,2475,B6,LAX,13,139,250,122,0,17,167,222,0,0,25
0,6,8,6,19,2475,AA,LAX,13,139,250,122,0,17,167,222,0,0,25
-3,6,8,6,12,2475,AA,LAX,13,139,250,122,0,17,167,222,0,0,25
-7,6,8,6,13,2475,AA,LAX,13,139,250,122,0,17,167,222,0,0,25
-3,6,8,6,9,2475,AA,LAX,13,139,250,122,0,17,167,222,0,0,25
74,6,8,6,15,2475,AA,LAX,13,139,250,122,0,17,167,222,0,0,25
-4,6,8,6,10,2475,AA,LAX,13,139,250,122,0,17,167,222,0,0,25
0,6,8,6,20,2475,VX,LAX,13,139,250,122,0,17,167,222,0,0,25
43,6,8,6,16,2475,VX,LAX,13,139,250,122,0,17,167,222,0,0,25
-4,6,8,6,13,2475,VX,LAX,13,139,250,122,0,17,167,222,0,0,25
4,6,8,6,9,2475,VX,LAX,13,139,250,122,0,17,167,222,0,0,25
-1,6,8,6,7,2475,VX,LAX,13,139,250,122,0,17,167,222,0,0,25
-1,6,8,6,8,2475,UA,LAX,13,139,250,122,0,17,167,222,0,0,25
6,6,8,6,6,2475,UA,LAX,13,139,250,122,0,17,167,222,0,0,25
-6,6,8,6,11,2475,UA,LAX,13,139,250,122,0,17,167,222,0,0,25
16,6,8,6,17,2475,UA,LAX,13,139,250,122,0,17,167,222,0,0,25
1,6,8,6,14,2475,UA,LAX,13,139,250,122,0,17,167,222,0,0,25
4,6,13,4,7,2475,DL,LAX,18,128,206,320,0,30,167,222,0,0,31
0,6,13,4,12,2475,DL,LAX,18,128,206,320,0,30,167,222,0,0,31
18,6,13,4,17,2475,UA,LAX,18,128,206,320,0,30,167,222,0,0,31
6,6,13,4,7,2475,VX,LAX,18,128,206,320,0,30,167,222,0,0,31
1,6,13,4,9,2475,VX,LAX,18,128,206,320,0,30,167,222,0,0,31
10,6,13,4,13,2475,VX,LAX,18,128,206,320,0,30,167,222,0,0,31
-4,6,13,4,16,2475,VX,LAX,18,128,206,320,0,30,167,222,0,0,31
53,6,13,4,20,2475,VX,LAX,18,128,206,320,0,30,167,222,0,0,31
-3,6,13,4,6,2475,UA,LAX,18,128,206,320,0,30,167,222,0,0,31
-2,6,13,4,14,2475,UA,LAX,18,128,206,320,0,30,167,222,0,0,31
40,6,13,4,20,2475,UA,LAX,18,128,206,320,0,30,167,222,0,0,31
1,6,13,4,11,2475,UA,LAX,18,128,206,320,0,30,167,222,0,0,31
73,6,13,4,8,2475,UA,LAX,18,128,206,320,0,30,167,222,0,0,31
-1,6,13,4,16,2475,B6,LAX,18,128,206,320,0,30,167,222,0,0,31
-3,6,13,4,7,2475,B6,LAX,18,128,206,320,0,30,167,222,0,0,31
38,6,13,4,20,2475,B6,LAX,18,128,206,320,0,30,167,222,0,0,31
-4,6,13,4,9,2475,B6,LAX,18,128,206,320,0,30,167,222,0,0,31
2,6,13,4,7,2475,AA,LAX,18,128,206,320,0,30,167,222,0,0,31
48,6,13,4,17,2475,AA,LAX,18,128,206,320,0,30,167,222,0,0,31
78,6,13,4,19,2475,AA,LAX,18,128,206,320,0,30,167,222,0,0,31
-4,6,13,4,9,2475,AA,LAX,18,128,206,320,0,30,167,222,0,0,31
-2,6,13,4,10,2475,AA,LAX,18,128,206,320,0,30,167,222,0,0,31
11,6,13,4,12,2475,AA,LAX,18,128,206,320,0,30,167,222,0,0,31
3,6,13,4,21,2475,AA,LAX,18,128,206,320,0,30,167,222,0,0,31
157,6,13,4,13,2475,AA,LAX,18,128,206,320,0,30,167,222,0,0,31
30,6,13,4,15,2475,AA,LAX,18,128,206,320,0,30,167,222,0,0,31
33,6,13,4,22,2475,B6,LAX,18,128,206,320,0,30,167,222,0,0,31
28,6,13,4,17,2475,DL,LAX,18,128,206,320,0,30,167,222,0,0,31
57,6,13,4,21,2475,DL,LAX,18,128,206,320,0,30,167,222,0,0,31
0,6,13,4,15,2475,DL,LAX,18,128,206,320,0,30,167,222,0,0,31
20,6,13,4,18,2475,DL,LAX,18,128,206,320,0,30,167,222,0,0,31
-7,6,13,4,9,2475,DL,LAX,18,128,206,320,0,30,167,222,0,0,31
-3,7,9,2,15,2475,DL,LAX,5,233,311,58,0,14,183,244,0,0,30
1,7,9,2,18,2475,DL,LAX,5,233,311,58,0,14,183,244,0,0,30
-3,7,9,2,9,2475,DL,LAX,5,233,311,58,0,14,183,244,0,0,30
38,7,9,2,21,2475,DL,LAX,5,233,311,58,0,14,183,244,0,0,30
9,7,9,2,7,2475,DL,LAX,5,233,311,58,0,14,183,244,0,0,30
-1,7,9,2,12,2475,DL,LAX,5,233,311,58,0,14,183,244,0,0,30
-2,7,9,2,17,2475,DL,LAX,5,233,311,58,0,14,183,244,0,0,30
13,7,9,2,12,2475,B6,LAX,5,233,311,58,0,14,183,244,0,0,30
82,7,9,2,17,2475,AA,LAX,5,233,311,58,0,14,183,244,0,0,30
-4,7,9,2,15,2475,AA,LAX,5,233,311,58,0,14,183,244,0,0,30
62,7,9,2,22,2475,B6,LAX,5,233,311,58,0,14,183,244,0,0,30
-1,7,9,2,9,2475,AA,LAX,5,233,311,58,0,14,183,244,0,0,30
-3,7,9,2,12,2475,AA,LAX,5,233,311,58,0,14,183,244,0,0,30
-1,7,9,2,13,2475,AA,LAX,5,233,311,58,0,14,183,244,0,0,30
72,7,9,2,21,2475,AA,LAX,5,233,311,58,0,14,183,244,0,0,30
-2,7,9,2,7,2475,B6,LAX,5,233,311,58,0,14,183,244,0,0,30
2,7,9,2,7,2475,AA,LAX,5,233,311,58,0,14,183,244,0,0,30
-3,7,9,2,9,2475,B6,LAX,5,233,311,58,0,14,183,244,0,0,30
-4,7,9,2,20,2475,B6,LAX,5,233,311,58,0,14,183,244,0,0,30
32,7,9,2,16,2475,B6,LAX,5,233,311,58,0,14,183,244,0,0,30
-2,7,9,2,10,2475,AA,LAX,5,233,311,58,0,14,183,244,0,0,30
149,7,9,2,19,2475,AA,LAX,5,233,311,58,0,14,183,244,0,0,30
8,7,9,2,7,2475,VX,LAX,5,233,311,58,0,14,183,244,0,0,30
22,7,9,2,9,2475,VX,LAX,5,233,311,58,0,14,183,244,0,0,30
2,7,9,2,13,2475,VX,LAX,5,233,311,58,0,14,183,244,0,0,30
183,7,9,2,16,2475,VX,LAX,5,233,311,58,0,14,183,244,0,0,30
81,7,9,2,20,2475,VX,LAX,5,233,311,58,0,14,183,244,0,0,30
26,7,9,2,17,2475,UA,LAX,5,233,311,58,0,14,183,244,0,0,30
11,7,9,2,11,2475,UA,LAX,5,233,311,58,0,14,183,244,0,0,30
0,7,9,2,6,2475,UA,LAX,5,233,311,58,0,14,183,244,0,0,30
73,7,9,2,20,2475,UA,LAX,5,233,311,58,0,14,183,244,0,0,30
0,7,9,2,14,2475,UA,LAX,5,233,311,58,0,14,183,244,0,0,30
0,7,9,2,8,2475,UA,LAX,5,233,311,58,0,14,183,244,0,0,30
52,7,14,7,7,2475,B6,LAX,10,233,322,0,0,18,178,239,0,0,25
6,7,14,7,19,2475,AA,LAX,10,233,322,0,0,18,178,239,0,0,25
-2,7,14,7,10,2475,AA,LAX,10,233,322,0,0,18,178,239,0,0,25
-8,7,14,7,12,2475,AA,LAX,10,233,322,0,0,18,178,239,0,0,25
-10,7,14,7,13,2475,AA,LAX,10,233,322,0,0,18,178,239,0,0,25
4,7,14,7,16,2475,B6,LAX,10,233,322,0,0,18,178,239,0,0,25
0,7,14,7,15,2475,AA,LAX,10,233,322,0,0,18,178,239,0,0,25
-5,7,14,7,9,2475,B6,LAX,10,233,322,0,0,18,178,239,0,0,25
-1,7,14,7,7,2475,AA,LAX,10,233,322,0,0,18,178,239,0,0,25
70,7,14,7,9,2475,AA,LAX,10,233,322,0,0,18,178,239,0,0,25
-3,7,14,7,22,2475,B6,LAX,10,233,322,0,0,18,178,239,0,0,25
-2,7,14,7,20,2475,B6,LAX,10,233,322,0,0,18,178,239,0,0,25
-5,7,14,7,17,2475,AA,LAX,10,233,322,0,0,18,178,239,0,0,25
-2,7,14,7,12,2475,B6,LAX,10,233,322,0,0,18,178,239,0,0,25
3,7,14,7,21,2475,AA,LAX,10,233,322,0,0,18,178,239,0,0,25
14,7,14,7,20,2475,VX,LAX,10,233,322,0,0,18,178,239,0,0,25
20,7,14,7,14,2475,UA,LAX,10,233,322,0,0,18,178,239,0,0,25
5,7,14,7,8,2475,UA,LAX,10,233,322,0,0,18,178,239,0,0,25
16,7,14,7,17,2475,UA,LAX,10,233,322,0,0,18,178,239,0,0,25
8,7,14,7,20,2475,UA,LAX,10,233,322,0,0,18,178,239,0,0,25
-5,7,14,7,11,2475,UA,LAX,10,233,322,0,0,18,178,239,0,0,25
-1,7,14,7,7,2475,VX,LAX,10,233,322,0,0,18,178,239,0,0,25
7,7,14,7,9,2475,VX,LAX,10,233,322,0,0,18,178,239,0,0,25
0,7,14,7,13,2475,VX,LAX,10,233,322,0,0,18,178,239,0,0,25
40,7,14,7,16,2475,VX,LAX,10,233,322,0,0,18,178,239,0,0,25
4,7,14,7,15,2475,DL,LAX,10,233,322,0,0,18,178,239,0,0,25
-2,7,14,7,9,2475,DL,LAX,10,233,322,0,0,18,178,239,0,0,25
56,7,14,7,17,2475,DL,LAX,10,233,322,0,0,18,178,239,0,0,25
0,7,14,7,12,2475,DL,LAX,10,233,322,0,0,18,178,239,0,0,25
0,7,14,7,7,2475,DL,LAX,10,233,322,0,0,18,178,239,0,0,25
-1,7,14,7,21,2475,DL,LAX,10,233,322,0,0,18,178,239,0,0,25
1,7,14,7,18,2475,DL,LAX,10,233,322,0,0,18,178,239,0,0,25
22,8,15,4,8,2475,UA,LAX,17,150,256,0,0,16,178,228,0,0,28
-4,8,15,4,6,2475,UA,LAX,17,150,256,0,0,16,178,228,0,0,28
-6,8,15,4,11,2475,UA,LAX,17,150,256,0,0,16,178,228,0,0,28
0,8,15,4,20,2475,UA,LAX,17,150,256,0,0,16,178,228,0,0,28
-3,8,15,4,14,2475,UA,LAX,17,150,256,0,0,16,178,228,0,0,28
3,8,15,4,16,2475,VX,LAX,17,150,256,0,0,16,178,228,0,0,28
-3,8,15,4,13,2475,VX,LAX,17,150,256,0,0,16,178,228,0,0,28
-1,8,15,4,9,2475,VX,LAX,17,150,256,0,0,16,178,228,0,0,28
-5,8,15,4,7,2475,VX,LAX,17,150,256,0,0,16,178,228,0,0,28
108,8,15,4,17,2475,UA,LAX,17,150,256,0,0,16,178,228,0,0,28
10,8,15,4,20,2475,VX,LAX,17,150,256,0,0,16,178,228,0,0,28
0,8,15,4,9,2475,B6,LAX,17,150,256,0,0,16,178,228,0,0,28
-6,8,15,4,9,2475,DL,LAX,17,150,256,0,0,16,178,228,0,0,28
11,8,15,4,15,2475,DL,LAX,17,150,256,0,0,16,178,228,0,0,28
0,8,15,4,18,2475,DL,LAX,17,150,256,0,0,16,178,228,0,0,28
0,8,15,4,7,2475,B6,LAX,17,150,256,0,0,16,178,228,0,0,28
64,8,15,4,19,2475,AA,LAX,17,150,256,0,0,16,178,228,0,0,28
-4,8,15,4,9,2475,AA,LAX,17,150,256,0,0,16,178,228,0,0,28
-4,8,15,4,12,2475,AA,LAX,17,150,256,0,0,16,178,228,0,0,28
-1,8,15,4,22,2475,B6,LAX,17,150,256,0,0,16,178,228,0,0,28
-1,8,15,4,17,2475,AA,LAX,17,150,256,0,0,16,178,228,0,0,28
7,8,15,4,21,2475,DL,LAX,17,150,256,0,0,16,178,228,0,0,28
12,8,15,4,20,2475,B6,LAX,17,150,256,0,0,16,178,228,0,0,28
106,8,15,4,13,2475,AA,LAX,17,150,256,0,0,16,178,228,0,0,28
-1,8,15,4,10,2475,AA,LAX,17,150,256,0,0,16,178,228,0,0,28
-6,8,15,4,7,2475,DL,LAX,17,150,256,0,0,16,178,228,0,0,28
5,8,15,4,15,2475,AA,LAX,17,150,256,0,0,16,178,228,0,0,28
-4,8,15,4,7,2475,AA,LAX,17,150,256,0,0,16,178,228,0,0,28
-5,8,15,4,21,2475,AA,LAX,17,150,256,0,0,16,178,228,0,0,28
2,8,15,4,17,2475,DL,LAX,17,150,256,0,0,16,178,228,0,0,28
-2,8,15,4,12,2475,DL,LAX,17,150,256,0,0,16,178,228,0,0,28
-3,8,15,4,16,2475,B6,LAX,17,150,256,0,0,16,178,228,0,0,28
-2,8,15,4,12,2475,B6,LAX,17,150,256,0,0,16,178,228,0,0,28
-2,8,20,2,17,2475,AA,LAX,12,200,311,0,0,13,167,217,0,0,39
5,8,20,2,21,2475,AA,LAX,12,200,311,0,0,13,167,217,0,0,39
-1,8,20,2,10,2475,AA,LAX,12,200,311,0,0,13,167,217,0,0,39
0,8,20,2,19,2475,AA,LAX,12,200,311,0,0,13,167,217,0,0,39
-9,8,20,2,15,2475,AA,LAX,12,200,311,0,0,13,167,217,0,0,39
-6,8,20,2,7,2475,AA,LAX,12,200,311,0,0,13,167,217,0,0,39
3,8,20,2,13,2475,AA,LAX,12,200,311,0,0,13,167,217,0,0,39
3,8,20,2,7,2475,B6,LAX,12,200,311,0,0,13,167,217,0,0,39
-1,8,20,2,9,2475,B6,LAX,12,200,311,0,0,13,167,217,0,0,39
23,8,20,2,12,2475,B6,LAX,12,200,311,0,0,13,167,217,0,0,39
-4,8,20,2,16,2475,B6,LAX,12,200,311,0,0,13,167,217,0,0,39
18,8,20,2,20,2475,B6,LAX,12,200,311,0,0,13,167,217,0,0,39
-1,8,20,2,21,2475,DL,LAX,12,200,311,0,0,13,167,217,0,0,39
-6,8,20,2,12,2475,AA,LAX,12,200,311,0,0,13,167,217,0,0,39
-4,8,20,2,9,2475,AA,LAX,12,200,311,0,0,13,167,217,0,0,39
111,8,20,2,17,2475,DL,LAX,12,200,311,0,0,13,167,217,0,0,39
1,8,20,2,9,2475,DL,LAX,12,200,311,0,0,13,167,217,0,0,39
3,8,20,2,15,2475,DL,LAX,12,200,311,0,0,13,167,217,0,0,39
-1,8,20,2,18,2475,DL,LAX,12,200,311,0,0,13,167,217,0,0,39
-3,8,20,2,7,2475,DL,LAX,12,200,311,0,0,13,167,217,0,0,39
90,8,20,2,12,2475,DL,LAX,12,200,311,0,0,13,167,217,0,0,39
0,8,20,2,16,2475,VX,LAX,12,200,311,0,0,13,167,217,0,0,39
-4,8,20,2,13,2475,VX,LAX,12,200,311,0,0,13,167,217,0,0,39
0,8,20,2,9,2475,VX,LAX,12,200,311,0,0,13,167,217,0,0,39
-3,8,20,2,7,2475,VX,LAX,12,200,311,0,0,13,167,217,0,0,39
-4,8,20,2,6,2475,UA,LAX,12,200,311,0,0,13,167,217,0,0,39
7,8,20,2,20,2475,UA,LAX,12,200,311,0,0,13,167,217,0,0,39
5,8,20,2,14,2475,UA,LAX,12,200,311,0,0,13,167,217,0,0,39
-5,8,20,2,11,2475,UA,LAX,12,200,311,0,0,13,167,217,0,0,39
1,8,20,2,20,2475,VX,LAX,12,200,311,0,0,13,167,217,0,0,39
41,8,20,2,8,2475,UA,LAX,12,200,311,0,0,13,167,217,0,0,39
25,8,20,2,17,2475,UA,LAX,12,200,311,0,0,13,167,217,0,0,39
0,9,16,1,9,2475,AA,LAX,15,133,228,8,0,21,178,250,0,0,34
-1,9,16,1,12,2475,DL,LAX,15,133,228,8,0,21,178,250,0,0,34
-3,9,16,1,7,2475,DL,LAX,15,133,228,8,0,21,178,250,0,0,34
-4,9,16,1,9,2475,DL,LAX,15,133,228,8,0,21,178,250,0,0,34
-5,9,16,1,17,2475,DL,LAX,15,133,228,8,0,21,178,250,0,0,34
10,9,16,1,18,2475,DL,LAX,15,133,228,8,0,21,178,250,0,0,34
-5,9,16,1,13,2475,AA,LAX,15,133,228,8,0,21,178,250,0,0,34
-1,9,16,1,12,2475,AA,LAX,15,133,228,8,0,21,178,250,0,0,34
-5,9,16,1,10,2475,AA,LAX,15,133,228,8,0,21,178,250,0,0,34
8,9,16,1,21,2475,AA,LAX,15,133,228,8,0,21,178,250,0,0,34
-7,9,16,1,19,2475,AA,LAX,15,133,228,8,0,21,178,250,0,0,34
-6,9,16,1,8,2475,AA,LAX,15,133,228,8,0,21,178,250,0,0,34
21,9,16,1,15,2475,AA,LAX,15,133,228,8,0,21,178,250,0,0,34
-7,9,16,1,16,2475,AA,LAX,15,133,228,8,0,21,178,250,0,0,34
-1,9,16,1,13,2475,VX,LAX,15,133,228,8,0,21,178,250,0,0,34
0,9,16,1,9,2475,VX,LAX,15,133,228,8,0,21,178,250,0,0,34
1,9,16,1,7,2475,VX,LAX,15,133,228,8,0,21,178,250,0,0,34
-6,9,16,1,14,2475,UA,LAX,15,133,228,8,0,21,178,250,0,0,34
-3,9,16,1,6,2475,UA,LAX,15,133,228,8,0,21,178,250,0,0,34
-5,9,16,1,20,2475,UA,LAX,15,133,228,8,0,21,178,250,0,0,34
-5,9,16,1,11,2475,UA,LAX,15,133,228,8,0,21,178,250,0,0,34
-11,9,16,1,17,2475,UA,LAX,15,133,228,8,0,21,178,250,0,0,34
-5,9,16,1,8,2475,UA,LAX,15,133,228,8,0,21,178,250,0,0,34
-1,9,16,1,15,2475,DL,LAX,15,133,228,8,0,21,178,250,0,0,34
-6,9,16,1,21,2475,DL,LAX,15,133,228,8,0,21,178,250,0,0,34
3,9,16,1,20,2475,B6,LAX,15,133,228,8,0,21,178,250,0,0,34
-4,9,16,1,16,2475,B6,LAX,15,133,228,8,0,21,178,250,0,0,34
-6,9,16,1,11,2475,B6,LAX,15,133,228,8,0,21,178,250,0,0,34
-2,9,16,1,9,2475,B6,LAX,15,133,228,8,0,21,178,250,0,0,34
30,9,16,1,7,2475,B6,LAX,15,133,228,8,0,21,178,250,0,0,34
43,9,16,1,20,2475,VX,LAX,15,133,228,8,0,21,178,250,0,0,34
-2,9,16,1,16,2475,VX,LAX,15,133,228,8,0,21,178,250,0,0,34
15,9,21,6,9,2475,AA,LAX,20,161,250,183,0,20,178,222,0,0,42
6,9,21,6,21,2475,AA,LAX,20,161,250,183,0,20,178,222,0,0,42
40,9,21,6,15,2475,AA,LAX,20,161,250,183,0,20,178,222,0,0,42
-3,9,21,6,19,2475,AA,LAX,20,161,250,183,0,20,178,222,0,0,42
-8,9,21,6,8,2475,UA,LAX,20,161,250,183,0,20,178,222,0,0,42
-2,9,21,6,17,2475,UA,LAX,20,161,250,183,0,20,178,222,0,0,42
62,9,21,6,12,2475,AA,LAX,20,161,250,183,0,20,178,222,0,0,42
0,9,21,6,10,2475,AA,LAX,20,161,250,183,0,20,178,222,0,0,42
-2,9,21,6,8,2475,AA,LAX,20,161,250,183,0,20,178,222,0,0,42
104,9,21,6,13,2475,AA,LAX,20,161,250,183,0,20,178,222,0,0,42
24,9,21,6,16,2475,AA,LAX,20,161,250,183,0,20,178,222,0,0,42
-1,9,21,6,15,2475,DL,LAX,20,161,250,183,0,20,178,222,0,0,42
126,9,21,6,13,2475,VX,LAX,20,161,250,183,0,20,178,222,0,0,42
-1,9,21,6,9,2475,VX,LAX,20,161,250,183,0,20,178,222,0,0,42
9,9,21,6,7,2475,VX,LAX,20,161,250,183,0,20,178,222,0,0,42
-6,9,21,6,20,2475,B6,LAX,20,161,250,183,0,20,178,222,0,0,42
-5,9,21,6,7,2475,B6,LAX,20,161,250,183,0,20,178,222,0,0,42
2,9,21,6,11,2475,UA,LAX,20,161,250,183,0,20,178,222,0,0,42
-5,9,21,6,6,2475,UA,LAX,20,161,250,183,0,20,178,222,0,0,42
183,9,21,6,14,2475,UA,LAX,20,161,250,183,0,20,178,222,0,0,42
32,9,21,6,16,2475,VX,LAX,20,161,250,183,0,20,178,222,0,0,42
53,9,21,6,11,2475,B6,LAX,20,161,250,183,0,20,178,222,0,0,42
-1,9,21,6,16,2475,B6,LAX,20,161,250,183,0,20,178,222,0,0,42
-1,9,21,6,18,2475,DL,LAX,20,161,250,183,0,20,178,222,0,0,42
-2,9,21,6,9,2475,DL,LAX,20,161,250,183,0,20,178,222,0,0,42
29,9,21,6,7,2475,DL,LAX,20,161,250,183,0,20,178,222,0,0,42
0,9,21,6,12,2475,DL,LAX,20,161,250,183,0,20,178,222,0,0,42
-10,10,7,1,9,2475,B6,LAX,6,156,244,64,0,26,172,261,0,0,28
-2,10,7,1,7,2475,B6,LAX,6,156,244,64,0,26,172,261,0,0,28
-7,10,7,1,13,2475,AA,LAX,6,156,244,64,0,26,172,261,0,0,28
6,10,7,1,16,2475,AA,LAX,6,156,244,64,0,26,172,261,0,0,28
-5,10,7,1,16,2475,B6,LAX,6,156,244,64,0,26,172,261,0,0,28
2,10,7,1,8,2475,AA,LAX,6,156,244,64,0,26,172,261,0,0,28
8,10,7,1,15,2475,AA,LAX,6,156,244,64,0,26,172,261,0,0,28
65,10,7,1,20,2475,B6,LAX,6,156,244,64,0,26,172,261,0,0,28
-6,10,7,1,9,2475,AA,LAX,6,156,244,64,0,26,172,261,0,0,28
0,10,7,1,11,2475,B6,LAX,6,156,244,64,0,26,172,261,0,0,28
-6,10,7,1,10,2475,AA,LAX,6,156,244,64,0,26,172,261,0,0,28
-6,10,7,1,12,2475,AA,LAX,6,156,244,64,0,26,172,261,0,0,28
247,10,7,1,19,2475,AA,LAX,6,156,244,64,0,26,172,261,0,0,28
20,10,7,1,21,2475,AA,LAX,6,156,244,64,0,26,172,261,0,0,28
-2,10,7,1,9,2475,VX,LAX,6,156,244,64,0,26,172,261,0,0,28
-8,10,7,1,13,2475,VX,LAX,6,156,244,64,0,26,172,261,0,0,28
35,10,7,1,16,2475,VX,LAX,6,156,244,64,0,26,172,261,0,0,28
67,10,7,1,20,2475,VX,LAX,6,156,244,64,0,26,172,261,0,0,28
-2,10,7,1,17,2475,DL,LAX,6,156,244,64,0,26,172,261,0,0,28
128,10,7,1,17,2475,UA,LAX,6,156,244,64,0,26,172,261,0,0,28
33,10,7,1,20,2475,UA,LAX,6,156,244,64,0,26,172,261,0,0,28
-6,10,7,1,6,2475,UA,LAX,6,156,244,64,0,26,172,261,0,0,28
-1,10,7,1,14,2475,UA,LAX,6,156,244,64,0,26,172,261,0,0,28
17,10,7,1,11,2475,UA,LAX,6,156,244,64,0,26,172,261,0,0,28
-5,10,7,1,8,2475,UA,LAX,6,156,244,64,0,26,172,261,0,0,28
-2,10,7,1,9,2475,DL,LAX,6,156,244,64,0,26,172,261,0,0,28
-3,10,7,1,7,2475,DL,LAX,6,156,244,64,0,26,172,261,0,0,28
-5,10,7,1,12,2475,DL,LAX,6,156,244,64,0,26,172,261,0,0,28
-2,10,7,1,15,2475,DL,LAX,6,156,244,64,0,26,172,261,0,0,28
0,10,7,1,21,2475,DL,LAX,6,156,244,64,0,26,172,261,0,0,28
15,10,7,1,18,2475,DL,LAX,6,156,244,64,0,26,172,261,0,0,28
-3,10,7,1,7,2475,VX,LAX,6,156,244,64,0,26,172,261,0,0,28
1,10,12,6,18,2475,DL,LAX,1,156,222,0,0,50,144,217,0,0,24
-1,10,12,6,8,2475,UA,LAX,1,156,222,0,0,50,144,217,0,0,24
30,10,12,6,17,2475,UA,LAX,1,156,222,0,0,50,144,217,0,0,24
-2,10,12,6,11,2475,UA,LAX,1,156,222,0,0,50,144,217,0,0,24
-3,10,12,6,6,2475,UA,LAX,1,156,222,0,0,50,144,217,0,0,24
-6,10,12,6,15,2475,UA,LAX,1,156,222,0,0,50,144,217,0,0,24
7,10,12,6,7,2475,VX,LAX,1,156,222,0,0,50,144,217,0,0,24
-2,10,12,6,9,2475,VX,LAX,1,156,222,0,0,50,144,217,0,0,24
7,10,12,6,13,2475,VX,LAX,1,156,222,0,0,50,144,217,0,0,24
17,10,12,6,16,2475,VX,LAX,1,156,222,0,0,50,144,217,0,0,24
23,10,12,6,15,2475,DL,LAX,1,156,222,0,0,50,144,217,0,0,24
-4,10,12,6,12,2475,DL,LAX,1,156,222,0,0,50,144,217,0,0,24
-3,10,12,6,7,2475,DL,LAX,1,156,222,0,0,50,144,217,0,0,24
0,10,12,6,9,2475,DL,LAX,1,156,222,0,0,50,144,217,0,0,24
-7,10,12,6,10,2475,AA,LAX,1,156,222,0,0,50,144,217,0,0,24
-3,10,12,6,12,2475,AA,LAX,1,156,222,0,0,50,144,217,0,0,24
-3,10,12,6,8,2475,AA,LAX,1,156,222,0,0,50,144,217,0,0,24
-2,10,12,6,11,2475,B6,LAX,1,156,222,0,0,50,144,217,0,0,24
-1,10,12,6,16,2475,AA,LAX,1,156,222,0,0,50,144,217,0,0,24
1,10,12,6,19,2475,AA,LAX,1,156,222,0,0,50,144,217,0,0,24
1,10,12,6,16,2475,B6,LAX,1,156,222,0,0,50,144,217,0,0,24
-1,10,12,6,20,2475,B6,LAX,1,156,222,0,0,50,144,217,0,0,24
-1,10,12,6,7,2475,B6,LAX,1,156,222,0,0,50,144,217,0,0,24
-5,10,12,6,13,2475,AA,LAX,1,156,222,0,0,50,144,217,0,0,24
2,10,12,6,21,2475,AA,LAX,1,156,222,0,0,50,144,217,0,0,24
87,10,12,6,15,2475,AA,LAX,1,156,222,0,0,50,144,217,0,0,24
-2,10,12,6,9,2475,AA,LAX,1,156,222,0,0,50,144,217,0,0,24
9,11,8,5,8,2475,AA,LAX,3,44,100,0,0,39,122,244,0,0,26
-4,11,8,5,21,2475,AA,LAX,3,44,100,0,0,39,122,244,0,0,26
-2,11,8,5,9,2475,AA,LAX,3,44,100,0,0,39,122,244,0,0,26
-6,11,8,5,9,2475,DL,LAX,3,44,100,0,0,39,122,244,0,0,26
-3,11,8,5,18,2475,DL,LAX,3,44,100,0,0,39,122,244,0,0,26
-3,11,8,5,9,2475,B6,LAX,3,44,100,0,0,39,122,244,0,0,26
-4,11,8,5,11,2475,B6,LAX,3,44,100,0,0,39,122,244,0,0,26
-4,11,8,5,16,2475,B6,LAX,3,44,100,0,0,39,122,244,0,0,26
21,11,8,5,20,2475,B6,LAX,3,44,100,0,0,39,122,244,0,0,26
-4,11,8,5,7,2475,B6,LAX,3,44,100,0,0,39,122,244,0,0,26
-9,11,8,5,16,2475,DL,LAX,3,44,100,0,0,39,122,244,0,0,26
2,11,8,5,13,2475,AA,LAX,3,44,100,0,0,39,122,244,0,0,26
-5,11,8,5,10,2475,AA,LAX,3,44,100,0,0,39,122,244,0,0,26
-4,11,8,5,12,2475,AA,LAX,3,44,100,0,0,39,122,244,0,0,26
-4,11,8,5,15,2475,AA,LAX,3,44,100,0,0,39,122,244,0,0,26
-11,11,8,5,15,2475,DL,LAX,3,44,100,0,0,39,122,244,0,0,26
-3,11,8,5,20,2475,DL,LAX,3,44,100,0,0,39,122,244,0,0,26
-5,11,8,5,12,2475,DL,LAX,3,44,100,0,0,39,122,244,0,0,26
-1,11,8,5,16,2475,AA,LAX,3,44,100,0,0,39,122,244,0,0,26
-7,11,8,5,19,2475,AA,LAX,3,44,100,0,0,39,122,244,0,0,26
-7,11,8,5,7,2475,DL,LAX,3,44,100,0,0,39,122,244,0,0,26
-5,11,8,5,6,2475,UA,LAX,3,44,100,0,0,39,122,244,0,0,26
-4,11,8,5,11,2475,UA,LAX,3,44,100,0,0,39,122,244,0,0,26
-8,11,8,5,17,2475,UA,LAX,3,44,100,0,0,39,122,244,0,0,26
-3,11,8,5,8,2475,UA,LAX,3,44,100,0,0,39,122,244,0,0,26
0,11,8,5,13,2475,VX,LAX,3,44,100,0,0,39,122,244,0,0,26
-4,11,8,5,20,2475,UA,LAX,3,44,100,0,0,39,122,244,0,0,26
73,11,8,5,16,2475,VX,LAX,3,44,100,0,0,39,122,244,0,0,26
0,11,8,5,7,2475,VX,LAX,3,44,100,0,0,39,122,244,0,0,26
2,11,8,5,9,2475,VX,LAX,3,44,100,0,0,39,122,244,0,0,26
-2,11,8,5,20,2475,VX,LAX,3,44,100,0,0,39,122,244,0,0,26
-4,11,8,5,14,2475,UA,LAX,3,44,100,0,0,39,122,244,0,0,26
-5,11,13,3,7,2475,VX,LAX,2,-16,39,0,0,27,139,317,0,0,21
0,11,13,3,20,2475,UA,LAX,2,-16,39,0,0,27,139,317,0,0,21
-7,11,13,3,6,2475,UA,LAX,2,-16,39,0,0,27,139,317,0,0,21
9,11,13,3,8,2475,UA,LAX,2,-16,39,0,0,27,139,317,0,0,21
28,11,13,3,11,2475,UA,LAX,2,-16,39,0,0,27,139,317,0,0,21
10,11,13,3,20,2475,VX,LAX,2,-16,39,0,0,27,139,317,0,0,21
16,11,13,3,16,2475,VX,LAX,2,-16,39,0,0,27,139,317,0,0,21
7,11,13,3,17,2475,UA,LAX,2,-16,39,0,0,27,139,317,0,0,21
-5,11,13,3,14,2475,UA,LAX,2,-16,39,0,0,27,139,317,0,0,21
1,11,13,3,13,2475,VX,LAX,2,-16,39,0,0,27,139,317,0,0,21
0,11,13,3,9,2475,VX,LAX,2,-16,39,0,0,27,139,317,0,0,21
-3,11,13,3,8,2475,AA,LAX,2,-16,39,0,0,27,139,317,0,0,21
11,11,13,3,15,2475,DL,LAX,2,-16,39,0,0,27,139,317,0,0,21
-3,11,13,3,9,2475,DL,LAX,2,-16,39,0,0,27,139,317,0,0,21
-8,11,13,3,12,2475,DL,LAX,2,-16,39,0,0,27,139,317,0,0,21
8,11,13,3,18,2475,DL,LAX,2,-16,39,0,0,27,139,317,0,0,21
9,11,13,3,20,2475,DL,LAX,2,-16,39,0,0,27,139,317,0,0,21
-6,11,13,3,7,2475,DL,LAX,2,-16,39,0,0,27,139,317,0,0,21
-9,11,13,3,16,2475,DL,LAX,2,-16,39,0,0,27,139,317,0,0,21
-6,11,13,3,13,2475,AA,LAX,2,-16,39,0,0,27,139,317,0,0,21
1,11,13,3,16,2475,AA,LAX,2,-16,39,0,0,27,139,317,0,0,21
-7,11,13,3,15,2475,AA,LAX,2,-16,39,0,0,27,139,317,0,0,21
10,11,13,3,21,2475,AA,LAX,2,-16,39,0,0,27,139,317,0,0,21
-5,11,13,3,12,2475,AA,LAX,2,-16,39,0,0,27,139,317,0,0,21
-6,11,13,3,19,2475,AA,LAX,2,-16,39,0,0,27,139,317,0,0,21
-4,11,13,3,9,2475,B6,LAX,2,-16,39,0,0,27,139,317,0,0,21
37,11,13,3,20,2475,B6,LAX,2,-16,39,0,0,27,139,317,0,0,21
2,11,13,3,16,2475,B6,LAX,2,-16,39,0,0,27,139,317,0,0,21
-5,11,13,3,11,2475,B6,LAX,2,-16,39,0,0,27,139,317,0,0,21
-8,11,13,3,9,2475,AA,LAX,2,-16,39,0,0,27,139,317,0,0,21
-5,11,13,3,10,2475,AA,LAX,2,-16,39,0,0,27,139,317,0,0,21
-7,11,13,3,7,2475,B6,LAX,2,-16,39,0,0,27,139,317,0,0,21
-3,12,9,1,20,2475,VX,LAX,12,-5,39,76,0,30,39,161,0,0,24
-6,12,9,1,13,2475,VX,LAX,12,-5,39,76,0,30,39,161,0,0,24
6,12,9,1,9,2475,VX,LAX,12,-5,39,76,0,30,39,161,0,0,24
5,12,9,1,7,2475,VX,LAX,12,-5,39,76,0,30,39,161,0,0,24
-5,12,9,1,17,2475,UA,LAX,12,-5,39,76,0,30,39,161,0,0,24
24,12,9,1,16,2475,DL,LAX,12,-5,39,76,0,30,39,161,0,0,24
2,12,9,1,7,2475,DL,LAX,12,-5,39,76,0,30,39,161,0,0,24
-1,12,9,1,20,2475,DL,LAX,12,-5,39,76,0,30,39,161,0,0,24
-5,12,9,1,18,2475,DL,LAX,12,-5,39,76,0,30,39,161,0,0,24
21,12,9,1,20,2475,UA,LAX,12,-5,39,76,0,30,39,161,0,0,24
-9,12,9,1,6,2475,UA,LAX,12,-5,39,76,0,30,39,161,0,0,24
-5,12,9,1,8,2475,UA,LAX,12,-5,39,76,0,30,39,161,0,0,24
65,12,9,1,11,2475,UA,LAX,12,-5,39,76,0,30,39,161,0,0,24
-1,12,9,1,16,2475,VX,LAX,12,-5,39,76,0,30,39,161,0,0,24
-3,12,9,1,9,2475,DL,LAX,12,-5,39,76,0,30,39,161,0,0,24
-1,12,9,1,15,2475,DL,LAX,12,-5,39,76,0,30,39,161,0,0,24
-2,12,9,1,12,2475,DL,LAX,12,-5,39,76,0,30,39,161,0,0,24
-6,12,9,1,14,2475,UA,LAX,12,-5,39,76,0,30,39,161,0,0,24
-1,12,9,1,10,2475,AA,LAX,12,-5,39,76,0,30,39,161,0,0,24
-1,12,9,1,19,2475,AA,LAX,12,-5,39,76,0,30,39,161,0,0,24
-2,12,9,1,12,2475,AA,LAX,12,-5,39,76,0,30,39,161,0,0,24
-1,12,9,1,7,2475,AA,LAX,12,-5,39,76,0,30,39,161,0,0,24
19,12,9,1,15,2475,AA,LAX,12,-5,39,76,0,30,39,161,0,0,24
1,12,9,1,13,2475,AA,LAX,12,-5,39,76,0,30,39,161,0,0,24
117,12,9,1,16,2475,AA,LAX,12,-5,39,76,0,30,39,161,0,0,24
-7,12,9,1,21,2475,AA,LAX,12,-5,39,76,0,30,39,161,0,0,24
8,12,9,1,11,2475,B6,LAX,12,-5,39,76,0,30,39,161,0,0,24
46,12,9,1,16,2475,B6,LAX,12,-5,39,76,0,30,39,161,0,0,24
1,12,9,1,20,2475,B6,LAX,12,-5,39,76,0,30,39,161,0,0,24
-2,12,9,1,7,2475,B6,LAX,12,-5,39,76,0,30,39,161,0,0,24
-3,12,9,1,9,2475,B6,LAX,12,-5,39,76,0,30,39,161,0,0,24
-1,12,9,1,9,2475,AA,LAX,12,-5,39,76,0,30,39,161,0,0,24
9,12,14,6,9,2475,VX,LAX,11,-55,11,185,127,45,72,211,0,0,13
137,12,14,6,15,2475,DL,LAX,11,-55,11,185,127,45,72,211,0,0,13
1,12,14,6,6,2475,UA,LAX,11,-55,11,185,127,45,72,211,0,0,13
5,12,14,6,9,2475,DL,LAX,11,-55,11,185,127,45,72,211,0,0,13
11,12,14,6,13,2475,VX,LAX,11,-55,11,185,127,45,72,211,0,0,13
0,12,14,6,7,2475,DL,LAX,11,-55,11,185,127,45,72,211,0,0,13
87,12,14,6,20,2475,DL,LAX,11,-55,11,185,127,45,72,211,0,0,13
38,12,14,6,18,2475,DL,LAX,11,-55,11,185,127,45,72,211,0,0,13
-5,12,14,6,14,2475,UA,LAX,11,-55,11,185,127,45,72,211,0,0,13
-2,12,14,6,11,2475,UA,LAX,11,-55,11,185,127,45,72,211,0,0,13
-4,12,14,6,8,2475,UA,LAX,11,-55,11,185,127,45,72,211,0,0,13
3,12,14,6,7,2475,VX,LAX,11,-55,11,185,127,45,72,211,0,0,13
49,12,14,6,15,2475,AA,LAX,11,-55,11,185,127,45,72,211,0,0,13
9,12,14,6,11,2475,B6,LAX,11,-55,11,185,127,45,72,211,0,0,13
-4,12,14,6,7,2475,B6,LAX,11,-55,11,185,127,45,72,211,0,0,13
4,12,14,6,12,2475,AA,LAX,11,-55,11,185,127,45,72,211,0,0,13
37,12,14,6,16,2475,AA,LAX,11,-55,11,185,127,45,72,211,0,0,13
39,12,14,6,19,2475,AA,LAX,11,-55,11,185,127,45,72,211,0,0,13
9,12,14,6,9,2475,AA,LAX,11,-55,11,185,127,45,72,211,0,0,13
42,12,14,6,21,2475,AA,LAX,11,-55,11,185,127,45,72,211,0,0,13
6,12,14,6,13,2475,AA,LAX,11,-55,11,185,127,45,72,211,0,0,13
18,12,14,6,10,2475,AA,LAX,11,-55,11,185,127,45,72,211,0,0,13
124,12,14,6,20,2475,B6,LAX,11,-55,11,185,127,45,72,211,0,0,13
10,12,14,6,16,2475,B6,LAX,11,-55,11,185,127,45,72,211,0,0,13
