-1,1,11,7,9,2475,VX,LAX,10,-77,28,0,0,27,-55,0,48,66,37
7,1,11,7,13,2475,VX,LAX,10,-77,28,0,0,27,-55,0,48,66,37
7,1,11,7,16,2475,VX,LAX,10,-77,28,0,0,27,-55,0,48,66,37
-4,1,11,7,20,2475,VX,LAX,10,-77,28,0,0,27,-55,0,48,66,37
-3,1,11,7,8,2475,B6,LAX,10,-77,28,0,0,27,-55,0,48,66,37
5,1,11,7,11,2475,B6,LAX,10,-77,28,0,0,27,-55,0,48,66,37
3,1,11,7,12,2475,AA,LAX,10,-77,28,0,0,27,-55,0,48,66,37
-5,1,11,7,7,2475,AA,LAX,10,-77,28,0,0,27,-55,0,48,66,37
23,1,11,7,19,2475,UA,LAX,10,-77,28,0,0,27,-55,0,48,66,37
16,1,11,7,8,2475,UA,LAX,10,-77,28,0,0,27,-55,0,48,66,37
-1,1,11,7,11,2475,AA,LAX,10,-77,28,0,0,27,-55,0,48,66,37
2,1,11,7,18,2475,AA,LAX,10,-77,28,0,0,27,-55,0,48,66,37
-5,1,11,7,8,2475,AA,LAX,10,-77,28,0,0,27,-55,0,48,66,37
-2,1,11,7,14,2475,AA,LAX,10,-77,28,0,0,27,-55,0,48,66,37
7,1,11,7,8,2475,DL,LAX,10,-77,28,0,0,27,-55,0,48,66,37
-3,1,11,7,18,2475,DL,LAX,10,-77,28,0,0,27,-55,0,48,66,37
13,1,11,7,11,2475,DL,LAX,10,-77,28,0,0,27,-55,0,48,66,37
23,1,11,7,21,2475,DL,LAX,10,-77,28,0,0,27,-55,0,48,66,37
1,1,11,7,15,2475,DL,LAX,10,-77,28,0,0,27,-55,0,48,66,37
0,1,11,7,9,2475,DL,LAX,10,-77,28,0,0,27,-55,0,48,66,37
33,1,11,7,17,2475,DL,LAX,10,-77,28,0,0,27,-55,0,48,66,37
-3,1,11,7,16,2475,AA,LAX,10,-77,28,0,0,27,-55,0,48,66,37
10,1,11,7,6,2475,AA,LAX,10,-77,28,0,0,27,-55,0,48,66,37
6,1,11,7,17,2475,AA,LAX,10,-77,28,0,0,27,-55,0,48,66,37
-6,1,11,7,18,2475,B6,LAX,10,-77,28,0,0,27,-55,0,48,66,37
8,1,11,7,20,2475,AA,LAX,10,-77,28,0,0,27,-55,0,48,66,37
7,1,11,7,21,2475,B6,LAX,10,-77,28,0,0,27,-55,0,48,66,37
-2,1,11,7,19,2475,AA,LAX,10,-77,28,0,0,27,-55,0,48,66,37
18,1,11,7,15,2475,B6,LAX,10,-77,28,0,0,27,-55,0,48,66,37
-12,1,11,7,10,2475,AA,LAX,10,-77,28,0,0,27,-55,0,48,66,37
-1,1,11,7,9,2475,B6,LAX,10,-77,28,0,0,27,-55,0,48,66,37
-6,1,11,7,9,2475,AA,LAX,10,-77,28,0,0,27,-55,0,48,66,37
0,1,11,7,6,2475,B6,LAX,10,-77,28,0,0,27,-55,0,48,66,37
-2,1,11,7,17,2475,UA,LAX,10,-77,28,0,0,27,-55,0,48,66,37
-6,1,11,7,11,2475,UA,LAX,10,-77,28,0,0,27,-55,0,48,66,37
-8,1,11,7,14,2475,UA,LAX,10,-77,28,0,0,27,-55,0,48,66,37
-4,1,23,5,17,2475,AA,LAX,2,-21,39,0,0,25,-16,-5,0,0,51
-2,1,23,5,18,2475,B6,LAX,2,-21,39,0,0,25,-16,-5,0,0,51
29,1,23,5,21,2475,B6,LAX,2,-21,39,0,0,25,-16,-5,0,0,51
-7,1,23,5,6,2475,AA,LAX,2,-21,39,0,0,25,-16,-5,0,0,51
-6,1,23,5,9,2475,AA,LAX,2,-21,39,0,0,25,-16,-5,0,0,51
10,1,23,5,16,2475,AA,LAX,2,-21,39,0,0,25,-16,-5,0,0,51
2,1,23,5,15,2475,B6,LAX,2,-21,39,0,0,25,-16,-5,0,0,51
-4,1,23,5,14,2475,AA,LAX,2,-21,39,0,0,25,-16,-5,0,0,51
-6,1,23,5,19,2475,AA,LAX,2,-21,39,0,0,25,-16,-5,0,0,51
-4,1,23,5,8,2475,AA,LAX,2,-21,39,0,0,25,-16,-5,0,0,51
-4,1,23,5,18,2475,AA,LAX,2,-21,39,0,0,25,-16,-5,0,0,51
-6,1,23,5,17,2475,DL,LAX,2,-21,39,0,0,25,-16,-5,0,0,51
-5,1,23,5,9,2475,DL,LAX,2,-21,39,0,0,25,-16,-5,0,0,51
-4,1,23,5,8,2475,B6,LAX,2,-21,39,0,0,25,-16,-5,0,0,51
-3,1,23,5,9,2475,B6,LAX,2,-21,39,0,0,25,-16,-5,0,0,51
20,1,23,5,15,2475,DL,LAX,2,-21,39,0,0,25,-16,-5,0,0,51
-1,1,23,5,7,2475,DL,LAX,2,-21,39,0,0,25,-16,-5,0,0,51
4,1,23,5,21,2475,DL,LAX,2,-21,39,0,0,25,-16,-5,0,0,51
-6,1,23,5,11,2475,DL,LAX,2,-21,39,0,0,25,-16,-5,0,0,51
-1,1,23,5,18,2475,DL,LAX,2,-21,39,0,0,25,-16,-5,0,0,51
15,1,23,5,8,2475,DL,LAX,2,-21,39,0,0,25,-16,-5,0,0,51
-5,1,23,5,11,2475,AA,LAX,2,-21,39,0,0,25,-16,-5,0,0,51
-5,1,23,5,10,2475,AA,LAX,2,-21,39,0,0,25,-16,-5,0,0,51
-6,1,23,5,7,2475,AA,LAX,2,-21,39,0,0,25,-16,-5,0,0,51
-3,1,23,5,6,2475,B6,LAX,2,-21,39,0,0,25,-16,-5,0,0,51
-6,1,23,5,12,2475,AA,LAX,2,-21,39,0,0,25,-16,-5,0,0,51
5,1,23,5,11,2475,B6,LAX,2,-21,39,0,0,25,-16,-5,0,0,51
5,1,23,5,20,2475,AA,LAX,2,-21,39,0,0,25,-16,-5,0,0,51
-4,1,23,5,20,2475,VX,LAX,2,-21,39,0,0,25,-16,-5,0,0,51
-6,1,23,5,7,2475,VX,LAX,2,-21,39,0,0,25,-16,-5,0,0,51
-3,1,23,5,9,2475,VX,LAX,2,-21,39,0,0,25,-16,-5,0,0,51
-4,1,23,5,13,2475,VX,LAX,2,-21,39,0,0,25,-16,-5,0,0,51
-6,1,23,5,16,2475,VX,LAX,2,-21,39,0,0,25,-16,-5,0,0,51
1,1,23,5,11,2475,UA,LAX,2,-21,39,0,0,25,-16,-5,0,0,51
-8,1,23,5,8,2475,UA,LAX,2,-21,39,0,0,25,-16,-5,0,0,51
-7,1,23,5,6,2475,UA,LAX,2,-21,39,0,0,25,-16,-5,0,0,51
2,1,23,5,19,2475,UA,LAX,2,-21,39,0,0,25,-16,-5,0,0,51
13,1,23,5,17,2475,UA,LAX,2,-21,39,0,0,25,-16,-5,0,0,51
-13,1,23,5,14,2475,UA,LAX,2,-21,39,0,0,25,-16,-5,0,0,51
-1,2,6,5,8,2475,DL,LAX,12,-110,-27,0,0,32,-105,-5,0,0,38
-5,2,6,5,14,2475,AA,LAX,12,-110,-27,0,0,32,-105,-5,0,0,38
-2,2,6,5,9,2475,AA,LAX,12,-110,-27,0,0,32,-105,-5,0,0,38
12,2,6,5,7,2475,DL,LAX,12,-110,-27,0,0,32,-105,-5,0,0,38
-6,2,6,5,10,2475,AA,LAX,12,-110,-27,0,0,32,-105,-5,0,0,38
-5,2,6,5,11,2475,B6,LAX,12,-110,-27,0,0,32,-105,-5,0,0,38
-2,2,6,5,18,2475,B6,LAX,12,-110,-27,0,0,32,-105,-5,0,0,38
15,2,6,5,21,2475,DL,LAX,12,-110,-27,0,0,32,-105,-5,0,0,38
28,2,6,5,9,2475,DL,LAX,12,-110,-27,0,0,32,-105,-5,0,0,38
8,2,6,5,15,2475,DL,LAX,12,-110,-27,0,0,32,-105,-5,0,0,38
-4,2,6,5,15,2475,B6,LAX,12,-110,-27,0,0,32,-105,-5,0,0,38
-4,2,6,5,19,2475,AA,LAX,12,-110,-27,0,0,32,-105,-5,0,0,38
21,2,6,5,21,2475,B6,LAX,12,-110,-27,0,0,32,-105,-5,0,0,38
-3,2,6,5,12,2475,AA,LAX,12,-110,-27,0,0,32,-105,-5,0,0,38
-4,2,6,5,11,2475,DL,LAX,12,-110,-27,0,0,32,-105,-5,0,0,38
-4,2,6,5,8,2475,AA,LAX,12,-110,-27,0,0,32,-105,-5,0,0,38
-3,2,6,5,17,2475,AA,LAX,12,-110,-27,0,0,32,-105,-5,0,0,38
0,2,6,5,9,2475,B6,LAX,12,-110,-27,0,0,32,-105,-5,0,0,38
0,2,6,5,17,2475,DL,LAX,12,-110,-27,0,0,32,-105,-5,0,0,38
-5,2,6,5,7,2475,AA,LAX,12,-110,-27,0,0,32,-105,-5,0,0,38
-2,2,6,5,18,2475,AA,LAX,12,-110,-27,0,0,32,-105,-5,0,0,38
-5,2,6,5,20,2475,AA,LAX,12,-110,-27,0,0,32,-105,-5,0,0,38
-5,2,6,5,6,2475,AA,LAX,12,-110,-27,0,0,32,-105,-5,0,0,38
-3,2,6,5,18,2475,DL,LAX,12,-110,-27,0,0,32,-105,-5,0,0,38
33,2,6,5,11,2475,AA,LAX,12,-110,-27,0,0,32,-105,-5,0,0,38
26,2,6,5,8,2475,B6,LAX,12,-110,-27,0,0,32,-105,-5,0,0,38
-3,2,6,5,16,2475,AA,LAX,12,-110,-27,0,0,32,-105,-5,0,0,38
-2,2,6,5,6,2475,B6,LAX,12,-110,-27,0,0,32,-105,-5,0,0,38
9,2,6,5,19,2475,UA,LAX,12,-110,-27,0,0,32,-105,-5,0,0,38
0,2,6,5,8,2475,UA,LAX,12,-110,-27,0,0,32,-105,-5,0,0,38
-2,2,6,5,20,2475,VX,LAX,12,-110,-27,0,0,32,-105,-5,0,0,38
-3,2,6,5,16,2475,VX,LAX,12,-110,-27,0,0,32,-105,-5,0,0,38
-2,2,6,5,13,2475,VX,LAX,12,-110,-27,0,0,32,-105,-5,0,0,38
-1,2,6,5,7,2475,VX,LAX,12,-110,-27,0,0,32,-105,-5,0,0,38
-3,2,6,5,9,2475,VX,LAX,12,-110,-27,0,0,32,-105,-5,0,0,38
0,2,6,5,6,2475,UA,LAX,12,-110,-27,0,0,32,-105,-5,0,0,38
-1,2,6,5,14,2475,UA,LAX,12,-110,-27,0,0,32,-105,-5,0,0,38
-2,2,6,5,11,2475,UA,LAX,12,-110,-27,0,0,32,-105,-5,0,0,38
5,2,6,5,17,2475,UA,LAX,12,-110,-27,0,0,32,-105,-5,0,0,38
0,2,18,3,9,2475,VX,LAX,0,-71,6,0,0,19,-193,-132,0,0,68
-2,2,18,3,7,2475,VX,LAX,0,-71,6,0,0,19,-193,-132,0,0,68
0,2,18,3,14,2475,UA,LAX,0,-71,6,0,0,19,-193,-132,0,0,68
-2,2,18,3,11,2475,UA,LAX,0,-71,6,0,0,19,-193,-132,0,0,68
-3,2,18,3,17,2475,UA,LAX,0,-71,6,0,0,19,-193,-132,0,0,68
-7,2,18,3,19,2475,UA,LAX,0,-71,6,0,0,19,-193,-132,0,0,68
-2,2,18,3,8,2475,UA,LAX,0,-71,6,0,0,19,-193,-132,0,0,68
-2,2,18,3,6,2475,UA,LAX,0,-71,6,0,0,19,-193,-132,0,0,68
4,2,18,3,20,2475,VX,LAX,0,-71,6,0,0,19,-193,-132,0,0,68
-2,2,18,3,16,2475,VX,LAX,0,-71,6,0,0,19,-193,-132,0,0,68
-1,2,18,3,13,2475,VX,LAX,0,-71,6,0,0,19,-193,-132,0,0,68
-9,2,18,3,12,2475,AA,LAX,0,-71,6,0,0,19,-193,-132,0,0,68
-4,2,18,3,8,2475,B6,LAX,0,-71,6,0,0,19,-193,-132,0,0,68
2,2,18,3,17,2475,AA,LAX,0,-71,6,0,0,19,-193,-132,0,0,68
-5,2,18,3,6,2475,AA,LAX,0,-71,6,0,0,19,-193,-132,0,0,68
-3,2,18,3,11,2475,B6,LAX,0,-71,6,0,0,19,-193,-132,0,0,68
-4,2,18,3,14,2475,AA,LAX,0,-71,6,0,0,19,-193,-132,0,0,68
-1,2,18,3,18,2475,B6,LAX,0,-71,6,0,0,19,-193,-132,0,0,68
-3,2,18,3,16,2475,AA,LAX,0,-71,6,0,0,19,-193,-132,0,0,68
51,2,18,3,20,2475,AA,LAX,0,-71,6,0,0,19,-193,-132,0,0,68
0,2,18,3,18,2475,AA,LAX,0,-71,6,0,0,19,-193,-132,0,0,68
7,2,18,3,7,2475,AA,LAX,0,-71,6,0,0,19,-193,-132,0,0,68
-3,2,18,3,19,2475,AA,LAX,0,-71,6,0,0,19,-193,-132,0,0,68
-4,2,18,3,6,2475,B6,LAX,0,-71,6,0,0,19,-193,-132,0,0,68
9,2,18,3,9,2475,DL,LAX,0,-71,6,0,0,19,-193,-132,0,0,68
16,2,18,3,11,2475,DL,LAX,0,-71,6,0,0,19,-193,-132,0,0,68
5,2,18,3,21,2475,B6,LAX,0,-71,6,0,0,19,-193,-132,0,0,68
7,2,18,3,16,2475,B6,LAX,0,-71,6,0,0,19,-193,-132,0,0,68
18,2,18,3,11,2475,AA,LAX,0,-71,6,0,0,19,-193,-132,0,0,68
59,2,18,3,7,2475,DL,LAX,0,-71,6,0,0,19,-193,-132,0,0,68
72,2,18,3,21,2475,DL,LAX,0,-71,6,0,0,19,-193,-132,0,0,68
33,2,18,3,17,2475,DL,LAX,0,-71,6,0,0,19,-193,-132,0,0,68
24,2,18,3,18,2475,DL,LAX,0,-71,6,0,0,19,-193,-132,0,0,68
4,2,18,3,8,2475,DL,LAX,0,-71,6,0,0,19,-193,-132,0,0,68
-2,2,18,3,15,2475,DL,LAX,0,-71,6,0,0,19,-193,-132,0,0,68
41,2,18,3,9,2475,B6,LAX,0,-71,6,0,0,19,-193,-132,0,0,68
-2,2,18,3,8,2475,AA,LAX,0,-71,6,0,0,19,-193,-132,0,0,68
-6,2,18,3,9,2475,AA,LAX,0,-71,6,0,0,19,-193,-132,0,0,68
-1,2,18,3,10,2475,AA,LAX,0,-71,6,0,0,19,-193,-132,0,0,68
-7,3,2,1,17,2475,UA,LAX,12,-27,39,0,0,36,-105,6,0,0,33
9,3,2,1,11,2475,UA,LAX,12,-27,39,0,0,36,-105,6,0,0,33
25,3,2,1,14,2475,UA,LAX,12,-27,39,0,0,36,-105,6,0,0,33
-3,3,2,1,7,2475,VX,LAX,12,-27,39,0,0,36,-105,6,0,0,33
-2,3,2,1,9,2475,VX,LAX,12,-27,39,0,0,36,-105,6,0,0,33
4,3,2,1,13,2475,VX,LAX,12,-27,39,0,0,36,-105,6,0,0,33
-2,3,2,1,16,2475,VX,LAX,12,-27,39,0,0,36,-105,6,0,0,33
-3,3,2,1,20,2475,VX,LAX,12,-27,39,0,0,36,-105,6,0,0,33
0,3,2,1,6,2475,UA,LAX,12,-27,39,0,0,36,-105,6,0,0,33
-1,3,2,1,8,2475,UA,LAX,12,-27,39,0,0,36,-105,6,0,0,33
11,3,2,1,19,2475,UA,LAX,12,-27,39,0,0,36,-105,6,0,0,33
3,3,2,1,18,2475,AA,LAX,12,-27,39,0,0,36,-105,6,0,0,33
1,3,2,1,15,2475,DL,LAX,12,-27,39,0,0,36,-105,6,0,0,33
27,3,2,1,18,2475,DL,LAX,12,-27,39,0,0,36,-105,6,0,0,33
-3,3,2,1,20,2475,AA,LAX,12,-27,39,0,0,36,-105,6,0,0,33
11,3,2,1,7,2475,B6,LAX,12,-27,39,0,0,36,-105,6,0,0,33
-6,3,2,1,6,2475,B6,LAX,12,-27,39,0,0,36,-105,6,0,0,33
27,3,2,1,17,2475,DL,LAX,12,-27,39,0,0,36,-105,6,0,0,33
26,3,2,1,21,2475,DL,LAX,12,-27,39,0,0,36,-105,6,0,0,33
87,3,2,1,7,2475,DL,LAX,12,-27,39,0,0,36,-105,6,0,0,33
102,3,2,1,9,2475,DL,LAX,12,-27,39,0,0,36,-105,6,0,0,33
0,3,2,1,16,2475,AA,LAX,12,-27,39,0,0,36,-105,6,0,0,33
-8,3,2,1,18,2475,B6,LAX,12,-27,39,0,0,36,-105,6,0,0,33
0,3,2,1,19,2475,AA,LAX,12,-27,39,0,0,36,-105,6,0,0,33
-7,3,2,1,12,2475,AA,LAX,12,-27,39,0,0,36,-105,6,0,0,33
45,3,2,1,21,2475,B6,LAX,12,-27,39,0,0,36,-105,6,0,0,33
3,3,2,1,6,2475,AA,LAX,12,-27,39,0,0,36,-105,6,0,0,33
0,3,2,1,11,2475,B6,LAX,12,-27,39,0,0,36,-105,6,0,0,33
0,3,2,1,11,2475,AA,LAX,12,-27,39,0,0,36,-105,6,0,0,33
18,3,2,1,17,2475,AA,LAX,12,-27,39,0,0,36,-105,6,0,0,33
0,3,2,1,9,2475,B6,LAX,12,-27,39,0,0,36,-105,6,0,0,33
0,3,2,1,16,2475,B6,LAX,12,-27,39,0,0,36,-105,6,0,0,33
0,3,2,1,7,2475,AA,LAX,12,-27,39,0,0,36,-105,6,0,0,33
-7,3,2,1,9,2475,AA,LAX,12,-27,39,0,0,36,-105,6,0,0,33
-7,3,2,1,14,2475,AA,LAX,12,-27,39,0,0,36,-105,6,0,0,33
25,3,14,6,19,2475,AA,LAX,24,44,106,206,0,25,28,156,0,0,55
7,3,14,6,8,2475,DL,LAX,24,44,106,206,0,25,28,156,0,0,55
26,3,14,6,15,2475,DL,LAX,24,44,106,206,0,25,28,156,0,0,55
23,3,14,6,18,2475,DL,LAX,24,44,106,206,0,25,28,156,0,0,55
9,3,14,6,17,2475,DL,LAX,24,44,106,206,0,25,28,156,0,0,55
3,3,14,6,12,2475,DL,LAX,24,44,106,206,0,25,28,156,0,0,55
-3,3,14,6,18,2475,B6,LAX,24,44,106,206,0,25,28,156,0,0,55
-1,3,14,6,11,2475,B6,LAX,24,44,106,206,0,25,28,156,0,0,55
7,3,14,6,16,2475,B6,LAX,24,44,106,206,0,25,28,156,0,0,55
-2,3,14,6,7,2475,B6,LAX,24,44,106,206,0,25,28,156,0,0,55
-3,3,14,6,9,2475,B6,LAX,24,44,106,206,0,25,28,156,0,0,55
-2,3,14,6,6,2475,B6,LAX,24,44,106,206,0,25,28,156,0,0,55
-2,3,14,6,10,2475,AA,LAX,24,44,106,206,0,25,28,156,0,0,55
66,3,14,6,21,2475,AA,LAX,24,44,106,206,0,25,28,156,0,0,55
-4,3,14,6,17,2475,AA,LAX,24,44,106,206,0,25,28,156,0,0,55
-6,3,14,6,14,2475,AA,LAX,24,44,106,206,0,25,28,156,0,0,55
-3,3,14,6,8,2475,AA,LAX,24,44,106,206,0,25,28,156,0,0,55
-4,3,14,6,18,2475,AA,LAX,24,44,106,206,0,25,28,156,0,0,55
-5,3,14,6,11,2475,AA,LAX,24,44,106,206,0,25,28,156,0,0,55
-2,3,14,6,7,2475,AA,LAX,24,44,106,206,0,25,28,156,0,0,55
-6,3,14,6,12,2475,AA,LAX,24,44,106,206,0,25,28,156,0,0,55
7,3,14,6,9,2475,AA,LAX,24,44,106,206,0,25,28,156,0,0,55
-4,3,14,6,14,2475,UA,LAX,24,44,106,206,0,25,28,156,0,0,55
0,3,14,6,6,2475,UA,LAX,24,44,106,206,0,25,28,156,0,0,55
-2,3,14,6,17,2475,UA,LAX,24,44,106,206,0,25,28,156,0,0,55
1,3,14,6,11,2475,UA,LAX,24,44,106,206,0,25,28,156,0,0,55
0,3,14,6,8,2475,UA,LAX,24,44,106,206,0,25,28,156,0,0,55
68,3,14,6,16,2475,VX,LAX,24,44,106,206,0,25,28,156,0,0,55
-5,3,14,6,9,2475,VX,LAX,24,44,106,206,0,25,28,156,0,0,55
5,3,14,6,13,2475,VX,LAX,24,44,106,206,0,25,28,156,0,0,55
-2,3,14,6,7,2475,VX,LAX,24,44,106,206,0,25,28,156,0,0,55
16,3,26,4,17,2475,AA,LAX,36,56,167,81,0,13,-5,56,0,0,50
-5,3,26,4,9,2475,AA,LAX,36,56,167,81,0,13,-5,56,0,0,50
107,3,26,4,21,2475,AA,LAX,36,56,167,81,0,13,-5,56,0,0,50
10,3,26,4,16,2475,B6,LAX,36,56,167,81,0,13,-5,56,0,0,50
-1,3,26,4,9,2475,B6,LAX,36,56,167,81,0,13,-5,56,0,0,50
0,3,26,4,19,2475,AA,LAX,36,56,167,81,0,13,-5,56,0,0,50
72,3,26,4,16,2475,AA,LAX,36,56,167,81,0,13,-5,56,0,0,50
-1,3,26,4,8,2475,B6,LAX,36,56,167,81,0,13,-5,56,0,0,50
-6,3,26,4,10,2475,AA,LAX,36,56,167,81,0,13,-5,56,0,0,50
-4,3,26,4,21,2475,B6,LAX,36,56,167,81,0,13,-5,56,0,0,50
-2,3,26,4,18,2475,AA,LAX,36,56,167,81,0,13,-5,56,0,0,50
-5,3,26,4,6,2475,B6,LAX,36,56,167,81,0,13,-5,56,0,0,50
7,3,26,4,18,2475,B6,LAX,36,56,167,81,0,13,-5,56,0,0,50
-10,3,26,4,8,2475,AA,LAX,36,56,167,81,0,13,-5,56,0,0,50
-5,3,26,4,11,2475,AA,LAX,36,56,167,81,0,13,-5,56,0,0,50
-7,3,26,4,7,2475,AA,LAX,36,56,167,81,0,13,-5,56,0,0,50
-4,3,26,4,14,2475,AA,LAX,36,56,167,81,0,13,-5,56,0,0,50
-6,3,26,4,12,2475,AA,LAX,36,56,167,81,0,13,-5,56,0,0,50
12,3,26,4,11,2475,B6,LAX,36,56,167,81,0,13,-5,56,0,0,50
-3,3,26,4,14,2475,UA,LAX,36,56,167,81,0,13,-5,56,0,0,50
15,3,26,4,17,2475,UA,LAX,36,56,167,81,0,13,-5,56,0,0,50
195,3,26,4,19,2475,UA,LAX,36,56,167,81,0,13,-5,56,0,0,50
-6,3,26,4,11,2475,UA,LAX,36,56,167,81,0,13,-5,56,0,0,50
-4,3,26,4,8,2475,UA,LAX,36,56,167,81,0,13,-5,56,0,0,50
0,3,26,4,8,2475,DL,LAX,36,56,167,81,0,13,-5,56,0,0,50
25,3,26,4,15,2475,DL,LAX,36,56,167,81,0,13,-5,56,0,0,50
41,3,26,4,18,2475,DL,LAX,36,56,167,81,0,13,-5,56,0,0,50
26,3,26,4,17,2475,DL,LAX,36,56,167,81,0,13,-5,56,0,0,50
119,3,26,4,21,2475,DL,LAX,36,56,167,81,0,13,-5,56,0,0,50
45,3,26,4,7,2475,DL,LAX,36,56,167,81,0,13,-5,56,0,0,50
-6,3,26,4,12,2475,DL,LAX,36,56,167,81,0,13,-5,56,0,0,50
2,3,26,4,9,2475,DL,LAX,36,56,167,81,0,13,-5,56,0,0,50
138,3,26,4,20,2475,VX,LAX,36,56,167,81,0,13,-5,56,0,0,50
20,3,26,4,16,2475,VX,LAX,36,56,167,81,0,13,-5,56,0,0,50
-3,3,26,4,13,2475,VX,LAX,36,56,167,81,0,13,-5,56,0,0,50
51,3,26,4,9,2475,VX,LAX,36,56,167,81,0,13,-5,56,0,0,50
1,3,26,4,7,2475,VX,LAX,36,56,167,81,0,13,-5,56,0,0,50
6,4,9,4,9,2475,DL,LAX,43,28,61,0,0,40,50,217,358,0,62
16,4,9,4,20,2475,VX,LAX,43,28,61,0,0,40,50,217,358,0,62
5,4,9,4,16,2475,VX,LAX,43,28,61,0,0,40,50,217,358,0,62
4,4,9,4,13,2475,VX,LAX,43,28,61,0,0,40,50,217,358,0,62
-11,4,9,4,9,2475,VX,LAX,43,28,61,0,0,40,50,217,358,0,62
8,4,9,4,7,2475,VX,LAX,43,28,61,0,0,40,50,217,358,0,62
8,4,9,4,16,2475,B6,LAX,43,28,61,0,0,40,50,217,358,0,62
-5,4,9,4,9,2475,B6,LAX,43,28,61,0,0,40,50,217,358,0,62
-3,4,9,4,11,2475,B6,LAX,43,28,61,0,0,40,50,217,358,0,62
6,4,9,4,19,2475,UA,LAX,43,28,61,0,0,40,50,217,358,0,62
-4,4,9,4,8,2475,UA,LAX,43,28,61,0,0,40,50,217,358,0,62
-8,4,9,4,6,2475,UA,LAX,43,28,61,0,0,40,50,217,358,0,62
-12,4,9,4,14,2475,UA,LAX,43,28,61,0,0,40,50,217,358,0,62
-5,4,9,4,11,2475,UA,LAX,43,28,61,0,0,40,50,217,358,0,62
78,4,9,4,15,2475,DL,LAX,43,28,61,0,0,40,50,217,358,0,62
-3,4,9,4,12,2475,B6,LAX,43,28,61,0,0,40,50,217,358,0,62
30,4,9,4,21,2475,B6,LAX,43,28,61,0,0,40,50,217,358,0,62
-8,4,9,4,6,2475,B6,LAX,43,28,61,0,0,40,50,217,358,0,62
-2,4,9,4,18,2475,B6,LAX,43,28,61,0,0,40,50,217,358,0,62
-3,4,9,4,18,2475,DL,LAX,43,28,61,0,0,40,50,217,358,0,62
15,4,9,4,8,2475,DL,LAX,43,28,61,0,0,40,50,217,358,0,62
39,4,9,4,17,2475,DL,LAX,43,28,61,0,0,40,50,217,358,0,62
71,4,9,4,21,2475,DL,LAX,43,28,61,0,0,40,50,217,358,0,62
1,4,9,4,7,2475,DL,LAX,43,28,61,0,0,40,50,217,358,0,62
-10,4,9,4,11,2475,DL,LAX,43,28,61,0,0,40,50,217,358,0,62
-1,4,9,4,17,2475,UA,LAX,43,28,61,0,0,40,50,217,358,0,62
-3,4,9,4,6,2475,AA,LAX,43,28,61,0,0,40,50,217,358,0,62
-5,4,9,4,15,2475,AA,LAX,43,28,61,0,0,40,50,217,358,0,62
8,4,9,4,19,2475,AA,LAX,43,28,61,0,0,40,50,217,358,0,62
-2,4,9,4,9,2475,AA,LAX,43,28,61,0,0,40,50,217,358,0,62
53,4,9,4,11,2475,AA,LAX,43,28,61,0,0,40,50,217,358,0,62
7,4,9,4,18,2475,AA,LAX,43,28,61,0,0,40,50,217,358,0,62
-2,4,9,4,16,2475,AA,LAX,43,28,61,0,0,40,50,217,358,0,62
12,4,9,4,17,2475,AA,LAX,43,28,61,0,0,40,50,217,358,0,62
32,4,9,4,12,2475,AA,LAX,43,28,61,0,0,40,50,217,358,0,62
69,4,9,4,21,2475,AA,LAX,43,28,61,0,0,40,50,217,358,0,62
64,4,9,4,7,2475,AA,LAX,43,28,61,0,0,40,50,217,358,0,62
-7,4,9,4,10,2475,AA,LAX,43,28,61,0,0,40,50,217,358,0,62
-5,4,9,4,8,2475,AA,LAX,43,28,61,0,0,40,50,217,358,0,62
1,4,10,5,9,2475,DL,LAX,42,39,133,43,0,21,39,167,0,0,77
-7,4,10,5,11,2475,UA,LAX,42,39,133,43,0,21,39,167,0,0,77
-8,4,10,5,17,2475,UA,LAX,42,39,133,43,0,21,39,167,0,0,77
-5,4,10,5,11,2475,DL,LAX,42,39,133,43,0,21,39,167,0,0,77
28,4,10,5,7,2475,DL,LAX,42,39,133,43,0,21,39,167,0,0,77
11,4,10,5,21,2475,DL,LAX,42,39,133,43,0,21,39,167,0,0,77
71,4,10,5,17,2475,DL,LAX,42,39,133,43,0,21,39,167,0,0,77
-3,4,10,5,8,2475,DL,LAX,42,39,133,43,0,21,39,167,0,0,77
16,4,10,5,18,2475,DL,LAX,42,39,133,43,0,21,39,167,0,0,77
-8,4,10,5,16,2475,B6,LAX,42,39,133,43,0,21,39,167,0,0,77
-1,4,10,5,18,2475,B6,LAX,42,39,133,43,0,21,39,167,0,0,77
152,4,10,5,20,2475,VX,LAX,42,39,133,43,0,21,39,167,0,0,77
-2,4,10,5,16,2475,VX,LAX,42,39,133,43,0,21,39,167,0,0,77
-5,4,10,5,19,2475,UA,LAX,42,39,133,43,0,21,39,167,0,0,77
14,4,10,5,13,2475,VX,LAX,42,39,133,43,0,21,39,167,0,0,77
-4,4,10,5,9,2475,VX,LAX,42,39,133,43,0,21,39,167,0,0,77
-5,4,10,5,7,2475,VX,LAX,42,39,133,43,0,21,39,167,0,0,77
89,4,10,5,21,2475,B6,LAX,42,39,133,43,0,21,39,167,0,0,77
-4,4,10,5,11,2475,B6,LAX,42,39,133,43,0,21,39,167,0,0,77
5,4,10,5,9,2475,B6,LAX,42,39,133,43,0,21,39,167,0,0,77
24,4,10,5,15,2475,DL,LAX,42,39,133,43,0,21,39,167,0,0,77
4,4,10,5,6,2475,B6,LAX,42,39,133,43,0,21,39,167,0,0,77
-4,4,10,5,14,2475,UA,LAX,42,39,133,43,0,21,39,167,0,0,77
3,4,10,5,12,2475,B6,LAX,42,39,133,43,0,21,39,167,0,0,77
-4,4,10,5,8,2475,UA,LAX,42,39,133,43,0,21,39,167,0,0,77
1,4,10,5,16,2475,AA,LAX,42,39,133,43,0,21,39,167,0,0,77
5,4,10,5,17,2475,AA,LAX,42,39,133,43,0,21,39,167,0,0,77
-6,4,10,5,9,2475,AA,LAX,42,39,133,43,0,21,39,167,0,0,77
31,4,10,5,15,2475,AA,LAX,42,39,133,43,0,21,39,167,0,0,77
-1,4,10,5,8,2475,AA,LAX,42,39,133,43,0,21,39,167,0,0,77
-4,4,10,5,10,2475,AA,LAX,42,39,133,43,0,21,39,167,0,0,77
-2,4,10,5,18,2475,AA,LAX,42,39,133,43,0,21,39,167,0,0,77
13,4,10,5,19,2475,AA,LAX,42,39,133,43,0,21,39,167,0,0,77
2,4,10,5,12,2475,AA,LAX,42,39,133,43,0,21,39,167,0,0,77
8,4,10,5,21,2475,AA,LAX,42,39,133,43,0,21,39,167,0,0,77
-4,4,10,5,11,2475,AA,LAX,42,39,133,43,0,21,39,167,0,0,77
0,4,22,3,14,2475,UA,LAX,30,89,206,13,0,29,11,78,0,0,60
33,4,22,3,17,2475,UA,LAX,30,89,206,13,0,29,11,78,0,0,60
-3,4,22,3,6,2475,UA,LAX,30,89,206,13,0,29,11,78,0,0,60
8,4,22,3,19,2475,UA,LAX,30,89,206,13,0,29,11,78,0,0,60
-5,4,22,3,11,2475,UA,LAX,30,89,206,13,0,29,11,78,0,0,60
-4,4,22,3,8,2475,UA,LAX,30,89,206,13,0,29,11,78,0,0,60
33,4,22,3,16,2475,AA,LAX,30,89,206,13,0,29,11,78,0,0,60
-6,4,22,3,10,2475,AA,LAX,30,89,206,13,0,29,11,78,0,0,60
-7,4,22,3,15,2475,AA,LAX,30,89,206,13,0,29,11,78,0,0,60
-7,4,22,3,8,2475,AA,LAX,30,89,206,13,0,29,11,78,0,0,60
-6,4,22,3,12,2475,AA,LAX,30,89,206,13,0,29,11,78,0,0,60
-7,4,22,3,9,2475,AA,LAX,30,89,206,13,0,29,11,78,0,0,60
-5,4,22,3,21,2475,AA,LAX,30,89,206,13,0,29,11,78,0,0,60
-5,4,22,3,7,2475,AA,LAX,30,89,206,13,0,29,11,78,0,0,60
13,4,22,3,18,2475,AA,LAX,30,89,206,13,0,29,11,78,0,0,60
23,4,22,3,17,2475,AA,LAX,30,89,206,13,0,29,11,78,0,0,60
-4,4,22,3,19,2475,AA,LAX,30,89,206,13,0,29,11,78,0,0,60
-11,4,22,3,11,2475,AA,LAX,30,89,206,13,0,29,11,78,0,0,60
-5,4,22,3,18,2475,DL,LAX,30,89,206,13,0,29,11,78,0,0,60
-5,4,22,3,12,2475,B6,LAX,30,89,206,13,0,29,11,78,0,0,60
-3,4,22,3,21,2475,B6,LAX,30,89,206,13,0,29,11,78,0,0,60
-9,4,22,3,6,2475,B6,LAX,30,89,206,13,0,29,11,78,0,0,60
-1,4,22,3,11,2475,B6,LAX,30,89,206,13,0,29,11,78,0,0,60
-9,4,22,3,7,2475,VX,LAX,30,89,206,13,0,29,11,78,0,0,60
-3,4,22,3,9,2475,VX,LAX,30,89,206,13,0,29,11,78,0,0,60
-3,4,22,3,13,2475,VX,LAX,30,89,206,13,0,29,11,78,0,0,60
13,4,22,3,16,2475,VX,LAX,30,89,206,13,0,29,11,78,0,0,60
0,4,22,3,20,2475,VX,LAX,30,89,206,13,0,29,11,78,0,0,60
12,4,22,3,18,2475,B6,LAX,30,89,206,13,0,29,11,78,0,0,60
21,4,22,3,16,2475,B6,LAX,30,89,206,13,0,29,11,78,0,0,60
9,4,22,3,9,2475,B6,LAX,30,89,206,13,0,29,11,78,0,0,60
27,4,22,3,17,2475,DL,LAX,30,89,206,13,0,29,11,78,0,0,60
10,4,22,3,21,2475,DL,LAX,30,89,206,13,0,29,11,78,0,0,60
-3,4,22,3,7,2475,DL,LAX,30,89,206,13,0,29,11,78,0,0,60
-1,4,22,3,11,2475,DL,LAX,30,89,206,13,0,29,11,78,0,0,60
17,4,22,3,9,2475,DL,LAX,30,89,206,13,0,29,11,78,0,0,60
-1,4,22,3,15,2475,DL,LAX,30,89,206,13,0,29,11,78,0,0,60
-6,4,22,3,8,2475,DL,LAX,30,89,206,13,0,29,11,78,0,0,60
-1,5,5,2,9,2475,B6,LAX,17,189,294,0,0,18,83,133,241,0,41
-3,5,5,2,6,2475,B6,LAX,17,189,294,0,0,18,83,133,241,0,41
-5,5,5,2,15,2475,AA,LAX,17,189,294,0,0,18,83,133,241,0,41
-7,5,5,2,19,2475,AA,LAX,17,189,294,0,0,18,83,133,241,0,41
-5,5,5,2,10,2475,AA,LAX,17,189,294,0,0,18,83,133,241,0,41
-10,5,5,2,9,2475,AA,LAX,17,189,294,0,0,18,83,133,241,0,41
-4,5,5,2,16,2475,B6,LAX,17,189,294,0,0,18,83,133,241,0,41
70,5,5,2,21,2475,AA,LAX,17,189,294,0,0,18,83,133,241,0,41
-2,5,5,2,15,2475,DL,LAX,17,189,294,0,0,18,83,133,241,0,41
-4,5,5,2,11,2475,AA,LAX,17,189,294,0,0,18,83,133,241,0,41
-4,5,5,2,9,2475,DL,LAX,17,189,294,0,0,18,83,133,241,0,41
-6,5,5,2,11,2475,DL,LAX,17,189,294,0,0,18,83,133,241,0,41
-5,5,5,2,11,2475,B6,LAX,17,189,294,0,0,18,83,133,241,0,41
-1,5,5,2,7,2475,DL,LAX,17,189,294,0,0,18,83,133,241,0,41
-4,5,5,2,21,2475,DL,LAX,17,189,294,0,0,18,83,133,241,0,41
-5,5,5,2,21,2475,B6,LAX,17,189,294,0,0,18,83,133,241,0,41
8,5,5,2,17,2475,DL,LAX,17,189,294,0,0,18,83,133,241,0,41
-3,5,5,2,8,2475,DL,LAX,17,189,294,0,0,18,83,133,241,0,41
-9,5,5,2,16,2475,AA,LAX,17,189,294,0,0,18,83,133,241,0,41
-7,5,5,2,8,2475,B6,LAX,17,189,294,0,0,18,83,133,241,0,41
25,5,5,2,18,2475,DL,LAX,17,189,294,0,0,18,83,133,241,0,41
-3,5,5,2,8,2475,AA,LAX,17,189,294,0,0,18,83,133,241,0,41
-3,5,5,2,18,2475,B6,LAX,17,189,294,0,0,18,83,133,241,0,41
-3,5,5,2,13,2475,B6,LAX,17,189,294,0,0,18,83,133,241,0,41
-3,5,5,2,17,2475,AA,LAX,17,189,294,0,0,18,83,133,241,0,41
-8,5,5,2,18,2475,AA,LAX,17,189,294,0,0,18,83,133,241,0,41
-8,5,5,2,12,2475,AA,LAX,17,189,294,0,0,18,83,133,241,0,41
-2,5,5,2,9,2475,VX,LAX,17,189,294,0,0,18,83,133,241,0,41
-2,5,5,2,14,2475,UA,LAX,17,189,294,0,0,18,83,133,241,0,41
-5,5,5,2,6,2475,UA,LAX,17,189,294,0,0,18,83,133,241,0,41
-7,5,5,2,8,2475,UA,LAX,17,189,294,0,0,18,83,133,241,0,41
-5,5,5,2,19,2475,UA,LAX,17,189,294,0,0,18,83,133,241,0,41
-8,5,5,2,17,2475,UA,LAX,17,189,294,0,0,18,83,133,241,0,41
-4,5,5,2,11,2475,UA,LAX,17,189,294,0,0,18,83,133,241,0,41
-9,5,5,2,7,2475,VX,LAX,17,189,294,0,0,18,83,133,241,0,41
2,5,5,2,20,2475,VX,LAX,17,189,294,0,0,18,83,133,241,0,41
2,5,5,2,16,2475,VX,LAX,17,189,294,0,0,18,83,133,241,0,41
-7,5,5,2,13,2475,VX,LAX,17,189,294,0,0,18,83,133,241,0,41
4,5,17,7,20,2475,VX,LAX,5,178,283,5,0,9,189,278,0,0,71
-6,5,17,7,7,2475,VX,LAX,5,178,283,5,0,9,189,278,0,0,71
-6,5,17,7,9,2475,VX,LAX,5,178,283,5,0,9,189,278,0,0,71
-3,5,17,7,13,2475,VX,LAX,5,178,283,5,0,9,189,278,0,0,71
-1,5,17,7,16,2475,VX,LAX,5,178,283,5,0,9,189,278,0,0,71
8,5,17,7,7,2475,DL,LAX,5,178,283,5,0,9,189,278,0,0,71
-2,5,17,7,17,2475,DL,LAX,5,178,283,5,0,9,189,278,0,0,71
-1,5,17,7,18,2475,AA,LAX,5,178,283,5,0,9,189,278,0,0,71
35,5,17,7,9,2475,B6,LAX,5,178,283,5,0,9,189,278,0,0,71
2,5,17,7,16,2475,B6,LAX,5,178,283,5,0,9,189,278,0,0,71
115,5,17,7,21,2475,DL,LAX,5,178,283,5,0,9,189,278,0,0,71
30,5,17,7,11,2475,B6,LAX,5,178,283,5,0,9,189,278,0,0,71
-4,5,17,7,7,2475,AA,LAX,5,178,283,5,0,9,189,278,0,0,71
-9,5,17,7,9,2475,AA,LAX,5,178,283,5,0,9,189,278,0,0,71
-4,5,17,7,18,2475,B6,LAX,5,178,283,5,0,9,189,278,0,0,71
-1,5,17,7,17,2475,AA,LAX,5,178,283,5,0,9,189,278,0,0,71
-8,5,17,7,11,2475,AA,LAX,5,178,283,5,0,9,189,278,0,0,71
-3,5,17,7,12,2475,AA,LAX,5,178,283,5,0,9,189,278,0,0,71
-4,5,17,7,16,2475,AA,LAX,5,178,283,5,0,9,189,278,0,0,71
-3,5,17,7,11,2475,DL,LAX,5,178,283,5,0,9,189,278,0,0,71
-2,5,17,7,8,2475,B6,LAX,5,178,283,5,0,9,189,278,0,0,71
-5,5,17,7,19,2475,AA,LAX,5,178,283,5,0,9,189,278,0,0,71
-6,5,17,7,13,2475,B6,LAX,5,178,283,5,0,9,189,278,0,0,71
-1,5,17,7,9,2475,DL,LAX,5,178,283,5,0,9,189,278,0,0,71
-4,5,17,7,6,2475,B6,LAX,5,178,283,5,0,9,189,278,0,0,71
3,5,17,7,15,2475,DL,LAX,5,178,283,5,0,9,189,278,0,0,71
-4,5,17,7,21,2475,AA,LAX,5,178,283,5,0,9,189,278,0,0,71
10,5,17,7,18,2475,DL,LAX,5,178,283,5,0,9,189,278,0,0,71
-2,5,17,7,8,2475,DL,LAX,5,178,283,5,0,9,189,278,0,0,71
-6,5,17,7,15,2475,AA,LAX,5,178,283,5,0,9,189,278,0,0,71
19,5,17,7,21,2475,B6,LAX,5,178,283,5,0,9,189,278,0,0,71
8,5,17,7,17,2475,UA,LAX,5,178,283,5,0,9,189,278,0,0,71
3,5,17,7,8,2475,UA,LAX,5,178,283,5,0,9,189,278,0,0,71
-1,5,17,7,14,2475,UA,LAX,5,178,283,5,0,9,189,278,0,0,71
-10,5,17,7,11,2475,UA,LAX,5,178,283,5,0,9,189,278,0,0,71
-8,5,17,7,19,2475,UA,LAX,5,178,283,5,0,9,189,278,0,0,71
5,5,29,5,17,2475,UA,LAX,3,183,294,0,0,18,172,272,51,0,44
-5,5,29,5,11,2475,UA,LAX,3,183,294,0,0,18,172,272,51,0,44
-6,5,29,5,6,2475,UA,LAX,3,183,294,0,0,18,172,272,51,0,44
0,5,29,5,19,2475,UA,LAX,3,183,294,0,0,18,172,272,51,0,44
-1,5,29,5,14,2475,UA,LAX,3,183,294,0,0,18,172,272,51,0,44
-2,5,29,5,8,2475,UA,LAX,3,183,294,0,0,18,172,272,51,0,44
28,5,29,5,17,2475,DL,LAX,3,183,294,0,0,18,172,272,51,0,44
-7,5,29,5,10,2475,AA,LAX,3,183,294,0,0,18,172,272,51,0,44
-6,5,29,5,9,2475,B6,LAX,3,183,294,0,0,18,172,272,51,0,44
-11,5,29,5,11,2475,B6,LAX,3,183,294,0,0,18,172,272,51,0,44
0,5,29,5,21,2475,B6,LAX,3,183,294,0,0,18,172,272,51,0,44
0,5,29,5,17,2475,AA,LAX,3,183,294,0,0,18,172,272,51,0,44
5,5,29,5,15,2475,DL,LAX,3,183,294,0,0,18,172,272,51,0,44
-4,5,29,5,6,2475,B6,LAX,3,183,294,0,0,18,172,272,51,0,44
4,5,29,5,8,2475,DL,LAX,3,183,294,0,0,18,172,272,51,0,44
-6,5,29,5,16,2475,B6,LAX,3,183,294,0,0,18,172,272,51,0,44
-4,5,29,5,21,2475,DL,LAX,3,183,294,0,0,18,172,272,51,0,44
0,5,29,5,9,2475,DL,LAX,3,183,294,0,0,18,172,272,51,0,44
-5,5,29,5,18,2475,AA,LAX,3,183,294,0,0,18,172,272,51,0,44
-1,5,29,5,11,2475,DL,LAX,3,183,294,0,0,18,172,272,51,0,44
-5,5,29,5,13,2475,B6,LAX,3,183,294,0,0,18,172,272,51,0,44
44,5,29,5,7,2475,AA,LAX,3,183,294,0,0,18,172,272,51,0,44
-3,5,29,5,9,2475,AA,LAX,3,183,294,0,0,18,172,272,51,0,44
3,5,29,5,16,2475,AA,LAX,3,183,294,0,0,18,172,272,51,0,44
-5,5,29,5,18,2475,B6,LAX,3,183,294,0,0,18,172,272,51,0,44
4,5,29,5,8,2475,AA,LAX,3,183,294,0,0,18,172,272,51,0,44
-5,5,29,5,11,2475,AA,LAX,3,183,294,0,0,18,172,272,51,0,44
-2,5,29,5,12,2475,AA,LAX,3,183,294,0,0,18,172,272,51,0,44
-3,5,29,5,7,2475,DL,LAX,3,183,294,0,0,18,172,272,51,0,44
-3,5,29,5,8,2475,B6,LAX,3,183,294,0,0,18,172,272,51,0,44
-5,5,29,5,21,2475,AA,LAX,3,183,294,0,0,18,172,272,51,0,44
-2,5,29,5,15,2475,AA,LAX,3,183,294,0,0,18,172,272,51,0,44
166,5,29,5,18,2475,DL,LAX,3,183,294,0,0,18,172,272,51,0,44
-7,5,29,5,7,2475,VX,LAX,3,183,294,0,0,18,172,272,51,0,44
-1,5,29,5,20,2475,VX,LAX,3,183,294,0,0,18,172,272,51,0,44
-6,5,29,5,16,2475,VX,LAX,3,183,294,0,0,18,172,272,51,0,44
-7,5,29,5,13,2475,VX,LAX,3,183,294,0,0,18,172,272,51,0,44
-3,5,29,5,9,2475,VX,LAX,3,183,294,0,0,18,172,272,51,0,44
-2,5,30,6,11,2475,UA,LAX,4,194,294,0,0,25,67,217,104,0,64
-3,5,30,6,8,2475,UA,LAX,4,194,294,0,0,25,67,217,104,0,64
-2,5,30,6,18,2475,UA,LAX,4,194,294,0,0,25,67,217,104,0,64
1,5,30,6,6,2475,UA,LAX,4,194,294,0,0,25,67,217,104,0,64
-2,5,30,6,14,2475,UA,LAX,4,194,294,0,0,25,67,217,104,0,64
-9,5,30,6,11,2475,AA,LAX,4,194,294,0,0,25,67,217,104,0,64
-10,5,30,6,7,2475,AA,LAX,4,194,294,0,0,25,67,217,104,0,64
20,5,30,6,18,2475,DL,LAX,4,194,294,0,0,25,67,217,104,0,64
22,5,30,6,8,2475,DL,LAX,4,194,294,0,0,25,67,217,104,0,64
-9,5,30,6,17,2475,DL,LAX,4,194,294,0,0,25,67,217,104,0,64
3,5,30,6,12,2475,DL,LAX,4,194,294,0,0,25,67,217,104,0,64
14,5,30,6,15,2475,DL,LAX,4,194,294,0,0,25,67,217,104,0,64
4,5,30,6,6,2475,B6,LAX,4,194,294,0,0,25,67,217,104,0,64
-7,5,30,6,9,2475,B6,LAX,4,194,294,0,0,25,67,217,104,0,64
-2,5,30,6,16,2475,B6,LAX,4,194,294,0,0,25,67,217,104,0,64
-6,5,30,6,15,2475,AA,LAX,4,194,294,0,0,25,67,217,104,0,64
-3,5,30,6,18,2475,B6,LAX,4,194,294,0,0,25,67,217,104,0,64
-4,5,30,6,13,2475,B6,LAX,4,194,294,0,0,25,67,217,104,0,64
-2,5,30,6,11,2475,B6,LAX,4,194,294,0,0,25,67,217,104,0,64
-5,5,30,6,8,2475,B6,LAX,4,194,294,0,0,25,67,217,104,0,64
-1,5,30,6,17,2475,AA,LAX,4,194,294,0,0,25,67,217,104,0,64
0,5,30,6,19,2475,AA,LAX,4,194,294,0,0,25,67,217,104,0,64
-1,5,30,6,21,2475,AA,LAX,4,194,294,0,0,25,67,217,104,0,64
-8,5,30,6,12,2475,AA,LAX,4,194,294,0,0,25,67,217,104,0,64
-12,5,30,6,7,2475,VX,LAX,4,194,294,0,0,25,67,217,104,0,64
-5,5,30,6,20,2475,VX,LAX,4,194,294,0,0,25,67,217,104,0,64
7,5,30,6,16,2475,VX,LAX,4,194,294,0,0,25,67,217,104,0,64
-6,5,30,6,13,2475,VX,LAX,4,194,294,0,0,25,67,217,104,0,64
-7,5,30,6,9,2475,VX,LAX,4,194,294,0,0,25,67,217,104,0,64
168,6,1,1,12,2475,AA,LAX,6,106,144,183,0,46,67,156,0,0,42
168,6,1,1,12,2475,AA,LAX,6,106,144,183,0,46,67,156,0,0,42
-2,6,1,1,9,2475,AA,LAX,6,106,144,183,0,46,67,156,0,0,42
-4,6,1,1,11,2475,AA,LAX,6,106,144,183,0,46,67,156,0,0,42
-2,6,1,1,9,2475,AA,LAX,6,106,144,183,0,46,67,156,0,0,42
-4,6,1,1,11,2475,AA,LAX,6,106,144,183,0,46,67,156,0,0,42
-6,6,1,1,7,2475,AA,LAX,6,106,144,183,0,46,67,156,0,0,42
-6,6,1,1,7,2475,AA,LAX,6,106,144,183,0,46,67,156,0,0,42
1,6,13,6,11,2475,AA,LAX,18,222,300,0,0,24,133,300,102,0,30
1,6,13,6,11,2475,AA,LAX,18,222,300,0,0,24,133,300,102,0,30
-2,6,13,6,12,2475,AA,LAX,18,222,300,0,0,24,133,300,102,0,30
-2,6,13,6,12,2475,AA,LAX,18,222,300,0,0,24,133,300,102,0,30
-3,6,25,4,7,2475,AA,LAX,9,183,283,0,0,14,161,261,257,0,32
-4,6,25,4,12,2475,AA,LAX,9,183,283,0,0,14,161,261,257,0,32
-4,6,25,4,12,2475,AA,LAX,9,183,283,0,0,14,161,261,257,0,32
-3,6,25,4,11,2475,AA,LAX,9,183,283,0,0,14,161,261,257,0,32
-3,6,25,4,11,2475,AA,LAX,9,183,283,0,0,14,161,261,257,0,32
-3,6,25,4,7,2475,AA,LAX,9,183,283,0,0,14,161,261,257,0,32
-7,6,25,4,9,2475,AA,LAX,9,183,283,0,0,14,161,261,257,0,32
-7,6,25,4,9,2475,AA,LAX,9,183,283,0,0,14,161,261,257,0,32
-1,7,8,3,11,2475,B6,LAX,4,250,311,0,0,14,122,194,18,0,34
0,7,8,3,7,2475,VX,LAX,4,250,311,0,0,14,122,194,18,0,34
-4,7,8,3,9,2475,VX,LAX,4,250,311,0,0,14,122,194,18,0,34
5,7,8,3,6,2475,UA,LAX,4,250,311,0,0,14,122,194,18,0,34
77,7,8,3,8,2475,UA,LAX,4,250,311,0,0,14,122,194,18,0,34
3,7,8,3,19,2475,UA,LAX,4,250,311,0,0,14,122,194,18,0,34
40,7,8,3,17,2475,UA,LAX,4,250,311,0,0,14,122,194,18,0,34
70,7,8,3,11,2475,UA,LAX,4,250,311,0,0,14,122,194,18,0,34
0,7,8,3,14,2475,UA,LAX,4,250,311,0,0,14,122,194,18,0,34
-2,7,8,3,9,2475,B6,LAX,4,250,311,0,0,14,122,194,18,0,34
-3,7,8,3,8,2475,B6,LAX,4,250,311,0,0,14,122,194,18,0,34
-1,7,8,3,6,2475,B6,LAX,4,250,311,0,0,14,122,194,18,0,34
2,7,8,3,18,2475,DL,LAX,4,250,311,0,0,14,122,194,18,0,34
17,7,8,3,9,2475,DL,LAX,4,250,311,0,0,14,122,194,18,0,34
-3,7,8,3,12,2475,DL,LAX,4,250,311,0,0,14,122,194,18,0,34
2,7,8,3,7,2475,DL,LAX,4,250,311,0,0,14,122,194,18,0,34
34,7,8,3,20,2475,DL,LAX,4,250,311,0,0,14,122,194,18,0,34
-2,7,8,3,20,2475,VX,LAX,4,250,311,0,0,14,122,194,18,0,34
0,7,8,3,16,2475,VX,LAX,4,250,311,0,0,14,122,194,18,0,34
-3,7,8,3,13,2475,VX,LAX,4,250,311,0,0,14,122,194,18,0,34
1,7,8,3,21,2475,B6,LAX,4,250,311,0,0,14,122,194,18,0,34
-2,7,8,3,18,2475,B6,LAX,4,250,311,0,0,14,122,194,18,0,34
-5,7,8,3,16,2475,DL,LAX,4,250,311,0,0,14,122,194,18,0,34
-2,7,8,3,8,2475,DL,LAX,4,250,311,0,0,14,122,194,18,0,34
10,7,8,3,15,2475,DL,LAX,4,250,311,0,0,14,122,194,18,0,34
-4,7,8,3,16,2475,B6,LAX,4,250,311,0,0,14,122,194,18,0,34
1,7,8,3,12,2475,B6,LAX,4,250,311,0,0,14,122,194,18,0,34
-4,7,8,3,7,2475,AA,LAX,4,250,311,0,0,14,122,194,18,0,34
4,7,8,3,16,2475,AA,LAX,4,250,311,0,0,14,122,194,18,0,34
3,7,8,3,15,2475,AA,LAX,4,250,311,0,0,14,122,194,18,0,34
-2,7,8,3,10,2475,AA,LAX,4,250,311,0,0,14,122,194,18,0,34
102,7,8,3,17,2475,AA,LAX,4,250,311,0,0,14,122,194,18,0,34
-2,7,8,3,11,2475,AA,LAX,4,250,311,0,0,14,122,194,18,0,34
0,7,8,3,21,2475,AA,LAX,4,250,311,0,0,14,122,194,18,0,34
-4,7,8,3,9,2475,AA,LAX,4,250,311,0,0,14,122,194,18,0,34
-7,7,8,3,12,2475,AA,LAX,4,250,311,0,0,14,122,194,18,0,34
78,7,8,3,19,2475,AA,LAX,4,250,311,0,0,14,122,194,18,0,34
43,7,8,3,18,2475,AA,LAX,4,250,311,0,0,14,122,194,18,0,34
0,7,21,2,11,2475,UA,LAX,17,233,317,0,0,11,183,278,0,0,38
6,7,21,2,14,2475,UA,LAX,17,233,317,0,0,11,183,278,0,0,38
-4,7,21,2,6,2475,UA,LAX,17,233,317,0,0,11,183,278,0,0,38
-4,7,21,2,8,2475,UA,LAX,17,233,317,0,0,11,183,278,0,0,38
-4,7,21,2,19,2475,UA,LAX,17,233,317,0,0,11,183,278,0,0,38
-3,7,21,2,17,2475,UA,LAX,17,233,317,0,0,11,183,278,0,0,38
35,7,21,2,21,2475,B6,LAX,17,233,317,0,0,11,183,278,0,0,38
-7,7,21,2,18,2475,B6,LAX,17,233,317,0,0,11,183,278,0,0,38
1,7,21,2,16,2475,B6,LAX,17,233,317,0,0,11,183,278,0,0,38
-1,7,21,2,15,2475,DL,LAX,17,233,317,0,0,11,183,278,0,0,38
-1,7,21,2,8,2475,DL,LAX,17,233,317,0,0,11,183,278,0,0,38
-7,7,21,2,16,2475,DL,LAX,17,233,317,0,0,11,183,278,0,0,38
-4,7,21,2,20,2475,DL,LAX,17,233,317,0,0,11,183,278,0,0,38
-2,7,21,2,7,2475,DL,LAX,17,233,317,0,0,11,183,278,0,0,38
8,7,21,2,12,2475,DL,LAX,17,233,317,0,0,11,183,278,0,0,38
-4,7,21,2,9,2475,DL,LAX,17,233,317,0,0,11,183,278,0,0,38
0,7,21,2,18,2475,DL,LAX,17,233,317,0,0,11,183,278,0,0,38
7,7,21,2,7,2475,VX,LAX,17,233,317,0,0,11,183,278,0,0,38
-3,7,21,2,9,2475,VX,LAX,17,233,317,0,0,11,183,278,0,0,38
17,7,21,2,13,2475,VX,LAX,17,233,317,0,0,11,183,278,0,0,38
-3,7,21,2,16,2475,VX,LAX,17,233,317,0,0,11,183,278,0,0,38
-3,7,21,2,20,2475,VX,LAX,17,233,317,0,0,11,183,278,0,0,38
-4,7,21,2,12,2475,B6,LAX,17,233,317,0,0,11,183,278,0,0,38
-2,7,21,2,11,2475,B6,LAX,17,233,317,0,0,11,183,278,0,0,38
-8,7,21,2,9,2475,B6,LAX,17,233,317,0,0,11,183,278,0,0,38
-3,7,21,2,8,2475,B6,LAX,17,233,317,0,0,11,183,278,0,0,38
-3,7,21,2,6,2475,B6,LAX,17,233,317,0,0,11,183,278,0,0,38
4,7,21,2,18,2475,AA,LAX,17,233,317,0,0,11,183,278,0,0,38
-5,7,21,2,7,2475,AA,LAX,17,233,317,0,0,11,183,278,0,0,38
-4,7,21,2,12,2475,AA,LAX,17,233,317,0,0,11,183,278,0,0,38
-1,7,21,2,15,2475,AA,LAX,17,233,317,0,0,11,183,278,0,0,38
-3,7,21,2,10,2475,AA,LAX,17,233,317,0,0,11,183,278,0,0,38
-5,7,21,2,11,2475,AA,LAX,17,233,317,0,0,11,183,278,0,0,38
-7,7,21,2,9,2475,AA,LAX,17,233,317,0,0,11,183,278,0,0,38
-2,7,21,2,16,2475,AA,LAX,17,233,317,0,0,11,183,278,0,0,38
-5,7,21,2,21,2475,AA,LAX,17,233,317,0,0,11,183,278,0,0,38
-7,7,21,2,17,2475,AA,LAX,17,233,317,0,0,11,183,278,0,0,38
-2,7,21,2,19,2475,AA,LAX,17,233,317,0,0,11,183,278,0,0,38
16,8,4,2,6,2475,UA,LAX,28,206,317,109,0,24,161,278,0,0,34
54,8,4,2,19,2475,UA,LAX,28,206,317,109,0,24,161,278,0,0,34
-1,8,4,2,7,2475,VX,LAX,28,206,317,109,0,24,161,278,0,0,34
-7,8,4,2,9,2475,VX,LAX,28,206,317,109,0,24,161,278,0,0,34
-4,8,4,2,13,2475,VX,LAX,28,206,317,109,0,24,161,278,0,0,34
-3,8,4,2,16,2475,VX,LAX,28,206,317,109,0,24,161,278,0,0,34
9,8,4,2,20,2475,VX,LAX,28,206,317,109,0,24,161,278,0,0,34
49,8,4,2,14,2475,UA,LAX,28,206,317,109,0,24,161,278,0,0,34
-1,8,4,2,11,2475,UA,LAX,28,206,317,109,0,24,161,278,0,0,34
27,8,4,2,17,2475,UA,LAX,28,206,317,109,0,24,161,278,0,0,34
2,8,4,2,8,2475,UA,LAX,28,206,317,109,0,24,161,278,0,0,34
10,8,4,2,19,2475,AA,LAX,28,206,317,109,0,24,161,278,0,0,34
2,8,4,2,9,2475,AA,LAX,28,206,317,109,0,24,161,278,0,0,34
15,8,4,2,18,2475,DL,LAX,28,206,317,109,0,24,161,278,0,0,34
0,8,4,2,9,2475,DL,LAX,28,206,317,109,0,24,161,278,0,0,34
-1,8,4,2,12,2475,DL,LAX,28,206,317,109,0,24,161,278,0,0,34
-1,8,4,2,7,2475,DL,LAX,28,206,317,109,0,24,161,278,0,0,34
1,8,4,2,20,2475,DL,LAX,28,206,317,109,0,24,161,278,0,0,34
3,8,4,2,17,2475,DL,LAX,28,206,317,109,0,24,161,278,0,0,34
-2,8,4,2,8,2475,DL,LAX,28,206,317,109,0,24,161,278,0,0,34
7,8,4,2,15,2475,DL,LAX,28,206,317,109,0,24,161,278,0,0,34
-4,8,4,2,17,2475,AA,LAX,28,206,317,109,0,24,161,278,0,0,34
-7,8,4,2,12,2475,AA,LAX,28,206,317,109,0,24,161,278,0,0,34
82,8,4,2,21,2475,AA,LAX,28,206,317,109,0,24,161,278,0,0,34
6,8,4,2,6,2475,B6,LAX,28,206,317,109,0,24,161,278,0,0,34
-5,8,4,2,15,2475,AA,LAX,28,206,317,109,0,24,161,278,0,0,34
-5,8,4,2,8,2475,B6,LAX,28,206,317,109,0,24,161,278,0,0,34
-2,8,4,2,9,2475,B6,LAX,28,206,317,109,0,24,161,278,0,0,34
-4,8,4,2,11,2475,B6,LAX,28,206,317,109,0,24,161,278,0,0,34
5,8,4,2,12,2475,B6,LAX,28,206,317,109,0,24,161,278,0,0,34
-5,8,4,2,18,2475,AA,LAX,28,206,317,109,0,24,161,278,0,0,34
3,8,4,2,16,2475,B6,LAX,28,206,317,109,0,24,161,278,0,0,34
12,8,4,2,18,2475,B6,LAX,28,206,317,109,0,24,161,278,0,0,34
-3,8,4,2,10,2475,AA,LAX,28,206,317,109,0,24,161,278,0,0,34
52,8,4,2,21,2475,B6,LAX,28,206,317,109,0,24,161,278,0,0,34
17,8,4,2,11,2475,AA,LAX,28,206,317,109,0,24,161,278,0,0,34
-7,8,4,2,16,2475,AA,LAX,28,206,317,109,0,24,161,278,0,0,34
-5,8,4,2,7,2475,AA,LAX,28,206,317,109,0,24,161,278,0,0,34
-1,8,16,7,16,2475,VX,LAX,16,244,339,0,0,7,217,317,0,0,30
-7,8,16,7,20,2475,VX,LAX,16,244,339,0,0,7,217,317,0,0,30
-5,8,16,7,8,2475,UA,LAX,16,244,339,0,0,7,217,317,0,0,30
-4,8,16,7,19,2475,UA,LAX,16,244,339,0,0,7,217,317,0,0,30
95,8,16,7,17,2475,UA,LAX,16,244,339,0,0,7,217,317,0,0,30
-12,8,16,7,11,2475,UA,LAX,16,244,339,0,0,7,217,317,0,0,30
-3,8,16,7,14,2475,UA,LAX,16,244,339,0,0,7,217,317,0,0,30
-4,8,16,7,13,2475,VX,LAX,16,244,339,0,0,7,217,317,0,0,30
-6,8,16,7,9,2475,VX,LAX,16,244,339,0,0,7,217,317,0,0,30
-3,8,16,7,7,2475,VX,LAX,16,244,339,0,0,7,217,317,0,0,30
-4,8,16,7,9,2475,AA,LAX,16,244,339,0,0,7,217,317,0,0,30
-1,8,16,7,21,2475,AA,LAX,16,244,339,0,0,7,217,317,0,0,30
-5,8,16,7,10,2475,AA,LAX,16,244,339,0,0,7,217,317,0,0,30
1,8,16,7,16,2475,AA,LAX,16,244,339,0,0,7,217,317,0,0,30
-5,8,16,7,15,2475,AA,LAX,16,244,339,0,0,7,217,317,0,0,30
-6,8,16,7,12,2475,AA,LAX,16,244,339,0,0,7,217,317,0,0,30
18,8,16,7,15,2475,DL,LAX,16,244,339,0,0,7,217,317,0,0,30
-2,8,16,7,17,2475,AA,LAX,16,244,339,0,0,7,217,317,0,0,30
7,8,16,7,13,2475,DL,LAX,16,244,339,0,0,7,217,317,0,0,30
40,8,16,7,17,2475,DL,LAX,16,244,339,0,0,7,217,317,0,0,30
4,8,16,7,8,2475,DL,LAX,16,244,339,0,0,7,217,317,0,0,30
-2,8,16,7,19,2475,AA,LAX,16,244,339,0,0,7,217,317,0,0,30
-5,8,16,7,20,2475,DL,LAX,16,244,339,0,0,7,217,317,0,0,30
65,8,16,7,18,2475,DL,LAX,16,244,339,0,0,7,217,317,0,0,30
7,8,16,7,9,2475,DL,LAX,16,244,339,0,0,7,217,317,0,0,30
68,8,16,7,7,2475,DL,LAX,16,244,339,0,0,7,217,317,0,0,30
4,8,16,7,21,2475,B6,LAX,16,244,339,0,0,7,217,317,0,0,30
6,8,16,7,18,2475,B6,LAX,16,244,339,0,0,7,217,317,0,0,30
57,8,16,7,16,2475,B6,LAX,16,244,339,0,0,7,217,317,0,0,30
15,8,16,7,12,2475,B6,LAX,16,244,339,0,0,7,217,317,0,0,30
27,8,16,7,11,2475,B6,LAX,16,244,339,0,0,7,217,317,0,0,30
0,8,16,7,9,2475,B6,LAX,16,244,339,0,0,7,217,317,0,0,30
-5,8,16,7,11,2475,AA,LAX,16,244,339,0,0,7,217,317,0,0,30
7,8,16,7,8,2475,B6,LAX,16,244,339,0,0,7,217,317,0,0,30
14,8,16,7,6,2475,B6,LAX,16,244,339,0,0,7,217,317,0,0,30
-4,8,16,7,6,2475,AA,LAX,16,244,339,0,0,7,217,317,0,0,30
2,8,16,7,18,2475,AA,LAX,16,244,339,0,0,7,217,317,0,0,30
0,8,16,7,12,2475,DL,LAX,16,244,339,0,0,7,217,317,0,0,30
5,8,28,5,17,2475,DL,LAX,4,172,278,0,0,11,133,222,0,0,23
-6,8,28,5,9,2475,DL,LAX,4,172,278,0,0,11,133,222,0,0,23
-3,8,28,5,12,2475,DL,LAX,4,172,278,0,0,11,133,222,0,0,23
0,8,28,5,7,2475,DL,LAX,4,172,278,0,0,11,133,222,0,0,23
-1,8,28,5,20,2475,DL,LAX,4,172,278,0,0,11,133,222,0,0,23
-7,8,28,5,7,2475,VX,LAX,4,172,278,0,0,11,133,222,0,0,23
45,8,28,5,13,2475,DL,LAX,4,172,278,0,0,11,133,222,0,0,23
-4,8,28,5,8,2475,UA,LAX,4,172,278,0,0,11,133,222,0,0,23
-5,8,28,5,6,2475,UA,LAX,4,172,278,0,0,11,133,222,0,0,23
-7,8,28,5,18,2475,DL,LAX,4,172,278,0,0,11,133,222,0,0,23
-7,8,28,5,8,2475,DL,LAX,4,172,278,0,0,11,133,222,0,0,23
-5,8,28,5,13,2475,VX,LAX,4,172,278,0,0,11,133,222,0,0,23
-8,8,28,5,16,2475,VX,LAX,4,172,278,0,0,11,133,222,0,0,23
-6,8,28,5,20,2475,VX,LAX,4,172,278,0,0,11,133,222,0,0,23
0,8,28,5,15,2475,DL,LAX,4,172,278,0,0,11,133,222,0,0,23
1,8,28,5,14,2475,UA,LAX,4,172,278,0,0,11,133,222,0,0,23
-8,8,28,5,11,2475,UA,LAX,4,172,278,0,0,11,133,222,0,0,23
12,8,28,5,17,2475,UA,LAX,4,172,278,0,0,11,133,222,0,0,23
-5,8,28,5,19,2475,UA,LAX,4,172,278,0,0,11,133,222,0,0,23
-6,8,28,5,9,2475,VX,LAX,4,172,278,0,0,11,133,222,0,0,23
2,8,28,5,11,2475,B6,LAX,4,172,278,0,0,11,133,222,0,0,23
-3,8,28,5,13,2475,B6,LAX,4,172,278,0,0,11,133,222,0,0,23
7,8,28,5,16,2475,B6,LAX,4,172,278,0,0,11,133,222,0,0,23
70,8,28,5,18,2475,B6,LAX,4,172,278,0,0,11,133,222,0,0,23
-5,8,28,5,15,2475,AA,LAX,4,172,278,0,0,11,133,222,0,0,23
-3,8,28,5,21,2475,B6,LAX,4,172,278,0,0,11,133,222,0,0,23
-5,8,28,5,17,2475,AA,LAX,4,172,278,0,0,11,133,222,0,0,23
40,8,28,5,18,2475,AA,LAX,4,172,278,0,0,11,133,222,0,0,23
-6,8,28,5,11,2475,AA,LAX,4,172,278,0,0,11,133,222,0,0,23
-2,8,28,5,21,2475,AA,LAX,4,172,278,0,0,11,133,222,0,0,23
-4,8,28,5,7,2475,AA,LAX,4,172,278,0,0,11,133,222,0,0,23
-2,8,28,5,10,2475,AA,LAX,4,172,278,0,0,11,133,222,0,0,23
-9,8,28,5,12,2475,AA,LAX,4,172,278,0,0,11,133,222,0,0,23
37,8,28,5,19,2475,AA,LAX,4,172,278,0,0,11,133,222,0,0,23
8,8,28,5,16,2475,AA,LAX,4,172,278,0,0,11,133,222,0,0,23
-6,8,28,5,9,2475,AA,LAX,4,172,278,0,0,11,133,222,0,0,23
-2,8,28,5,6,2475,B6,LAX,4,172,278,0,0,11,133,222,0,0,23
-4,8,28,5,8,2475,B6,LAX,4,172,278,0,0,11,133,222,0,0,23
-3,8,28,5,9,2475,B6,LAX,4,172,278,0,0,11,133,222,0,0,23
-7,9,12,6,12,2475,AA,LAX,11,206,261,74,0,19,100,183,0,0,47
-5,9,12,6,11,2475,AA,LAX,11,206,261,74,0,19,100,183,0,0,47
-6,9,12,6,8,2475,AA,LAX,11,206,261,74,0,19,100,183,0,0,47
-4,9,12,6,10,2475,AA,LAX,11,206,261,74,0,19,100,183,0,0,47
7,9,12,6,18,2475,AA,LAX,11,206,261,74,0,19,100,183,0,0,47
-4,9,12,6,15,2475,AA,LAX,11,206,261,74,0,19,100,183,0,0,47
-4,9,12,6,20,2475,AA,LAX,11,206,261,74,0,19,100,183,0,0,47
-4,9,12,6,13,2475,B6,LAX,11,206,261,74,0,19,100,183,0,0,47
-2,9,12,6,14,2475,UA,LAX,11,206,261,74,0,19,100,183,0,0,47
-5,9,12,6,17,2475,B6,LAX,11,206,261,74,0,19,100,183,0,0,47
-2,9,12,6,19,2475,B6,LAX,11,206,261,74,0,19,100,183,0,0,47
-5,9,12,6,20,2475,VX,LAX,11,206,261,74,0,19,100,183,0,0,47
-10,9,12,6,16,2475,VX,LAX,11,206,261,74,0,19,100,183,0,0,47
-1,9,12,6,20,2475,B6,LAX,11,206,261,74,0,19,100,183,0,0,47
-1,9,12,6,9,2475,B6,LAX,11,206,261,74,0,19,100,183,0,0,47
12,9,12,6,7,2475,B6,LAX,11,206,261,74,0,19,100,183,0,0,47
-4,9,12,6,7,2475,VX,LAX,11,206,261,74,0,19,100,183,0,0,47
-3,9,12,6,9,2475,VX,LAX,11,206,261,74,0,19,100,183,0,0,47
-4,9,12,6,11,2475,UA,LAX,11,206,261,74,0,19,100,183,0,0,47
0,9,12,6,17,2475,UA,LAX,11,206,261,74,0,19,100,183,0,0,47
-1,9,12,6,8,2475,UA,LAX,11,206,261,74,0,19,100,183,0,0,47
-1,9,12,6,6,2475,UA,LAX,11,206,261,74,0,19,100,183,0,0,47
-10,9,12,6,13,2475,VX,LAX,11,206,261,74,0,19,100,183,0,0,47
-5,9,12,6,11,2475,B6,LAX,11,206,261,74,0,19,100,183,0,0,47
-5,9,12,6,14,2475,DL,LAX,11,206,261,74,0,19,100,183,0,0,47
46,9,12,6,12,2475,DL,LAX,11,206,261,74,0,19,100,183,0,0,47
30,9,12,6,18,2475,DL,LAX,11,206,261,74,0,19,100,183,0,0,47
36,9,12,6,15,2475,DL,LAX,11,206,261,74,0,19,100,183,0,0,47
2,9,12,6,8,2475,DL,LAX,11,206,261,74,0,19,100,183,0,0,47
30,9,12,6,17,2475,DL,LAX,11,206,261,74,0,19,100,183,0,0,47
173,9,24,4,16,2475,AA,LAX,19,156,278,0,0,19,133,244,0,0,25
-4,9,24,4,21,2475,AA,LAX,19,156,278,0,0,19,133,244,0,0,25
-6,9,24,4,11,2475,AA,LAX,19,156,278,0,0,19,133,244,0,0,25
4,9,24,4,20,2475,AA,LAX,19,156,278,0,0,19,133,244,0,0,25
-4,9,24,4,12,2475,AA,LAX,19,156,278,0,0,19,133,244,0,0,25
-6,9,24,4,17,2475,AA,LAX,19,156,278,0,0,19,133,244,0,0,25
-6,9,24,4,10,2475,AA,LAX,19,156,278,0,0,19,133,244,0,0,25
-1,9,24,4,18,2475,AA,LAX,19,156,278,0,0,19,133,244,0,0,25
1,9,24,4,15,2475,AA,LAX,19,156,278,0,0,19,133,244,0,0,25
-6,9,24,4,9,2475,AA,LAX,19,156,278,0,0,19,133,244,0,0,25
-6,9,24,4,6,2475,AA,LAX,19,156,278,0,0,19,133,244,0,0,25
-5,9,24,4,8,2475,AA,LAX,19,156,278,0,0,19,133,244,0,0,25
65,9,24,4,21,2475,DL,LAX,19,156,278,0,0,19,133,244,0,0,25
89,9,24,4,7,2475,DL,LAX,19,156,278,0,0,19,133,244,0,0,25
0,9,24,4,12,2475,DL,LAX,19,156,278,0,0,19,133,244,0,0,25
23,9,24,4,9,2475,DL,LAX,19,156,278,0,0,19,133,244,0,0,25
-5,9,24,4,18,2475,DL,LAX,19,156,278,0,0,19,133,244,0,0,25
14,9,24,4,15,2475,DL,LAX,19,156,278,0,0,19,133,244,0,0,25
6,9,24,4,8,2475,DL,LAX,19,156,278,0,0,19,133,244,0,0,25
-5,9,24,4,13,2475,DL,LAX,19,156,278,0,0,19,133,244,0,0,25
27,9,24,4,17,2475,DL,LAX,19,156,278,0,0,19,133,244,0,0,25
-4,9,24,4,11,2475,UA,LAX,19,156,278,0,0,19,133,244,0,0,25
-4,9,24,4,17,2475,UA,LAX,19,156,278,0,0,19,133,244,0,0,25
72,9,24,4,19,2475,UA,LAX,19,156,278,0,0,19,133,244,0,0,25
-7,9,24,4,8,2475,UA,LAX,19,156,278,0,0,19,133,244,0,0,25
1,9,24,4,6,2475,UA,LAX,19,156,278,0,0,19,133,244,0,0,25
-4,9,24,4,20,2475,VX,LAX,19,156,278,0,0,19,133,244,0,0,25
-4,9,24,4,16,2475,VX,LAX,19,156,278,0,0,19,133,244,0,0,25
-7,9,24,4,13,2475,VX,LAX,19,156,278,0,0,19,133,244,0,0,25
0,9,24,4,9,2475,VX,LAX,19,156,278,0,0,19,133,244,0,0,25
-1,9,24,4,7,2475,VX,LAX,19,156,278,0,0,19,133,244,0,0,25
-4,9,24,4,7,2475,B6,LAX,19,156,278,0,0,19,133,244,0,0,25
0,9,24,4,9,2475,B6,LAX,19,156,278,0,0,19,133,244,0,0,25
0,9,24,4,13,2475,B6,LAX,19,156,278,0,0,19,133,244,0,0,25
3,9,24,4,19,2475,B6,LAX,19,156,278,0,0,19,133,244,0,0,25
-5,9,24,4,21,2475,B6,LAX,19,156,278,0,0,19,133,244,0,0,25
3,9,24,4,17,2475,B6,LAX,19,156,278,0,0,19,133,244,0,0,25
-2,9,24,4,11,2475,B6,LAX,19,156,278,0,0,19,133,244,0,0,25
-5,9,24,4,14,2475,UA,LAX,19,156,278,0,0,19,133,244,0,0,25
