-3,1,2,5,10,2475,AA,LAX,1,17,56,0,0,32,-93,11,0,0,21
-4,1,2,5,8,2475,B6,LAX,1,17,56,0,0,32,-93,11,0,0,21
-5,1,2,5,14,2475,AA,LAX,1,17,56,0,0,32,-93,11,0,0,21
-5,1,2,5,8,2475,AA,LAX,1,17,56,0,0,32,-93,11,0,0,21
-7,1,2,5,14,2475,UA,LAX,1,17,56,0,0,32,-93,11,0,0,21
-7,1,2,5,11,2475,B6,LAX,1,17,56,0,0,32,-93,11,0,0,21
-4,1,2,5,6,2475,AA,LAX,1,17,56,0,0,32,-93,11,0,0,21
-2,1,2,5,6,2475,B6,LAX,1,17,56,0,0,32,-93,11,0,0,21
-5,1,2,5,11,2475,AA,LAX,1,17,56,0,0,32,-93,11,0,0,21
-1,1,2,5,16,2475,B6,LAX,1,17,56,0,0,32,-93,11,0,0,21
32,1,2,5,16,2475,VX,LAX,1,17,56,0,0,32,-93,11,0,0,21
19,1,2,5,19,2475,AA,LAX,1,17,56,0,0,32,-93,11,0,0,21
28,1,2,5,9,2475,VX,LAX,1,17,56,0,0,32,-93,11,0,0,21
68,1,2,5,21,2475,B6,LAX,1,17,56,0,0,32,-93,11,0,0,21
0,1,2,5,15,2475,DL,LAX,1,17,56,0,0,32,-93,11,0,0,21
-4,1,2,5,8,2475,DL,LAX,1,17,56,0,0,32,-93,11,0,0,21
116,1,2,5,21,2475,DL,LAX,1,17,56,0,0,32,-93,11,0,0,21
-11,1,2,5,12,2475,AA,LAX,1,17,56,0,0,32,-93,11,0,0,21
0,1,2,5,7,2475,VX,LAX,1,17,56,0,0,32,-93,11,0,0,21
5,1,2,5,18,2475,AA,LAX,1,17,56,0,0,32,-93,11,0,0,21
-3,1,2,5,18,2475,B6,LAX,1,17,56,0,0,32,-93,11,0,0,21
-4,1,2,5,9,2475,DL,LAX,1,17,56,0,0,32,-93,11,0,0,21
11,1,2,5,17,2475,DL,LAX,1,17,56,0,0,32,-93,11,0,0,21
29,1,2,5,20,2475,AA,LAX,1,17,56,0,0,32,-93,11,0,0,21
12,1,2,5,11,2475,VX,LAX,1,17,56,0,0,32,-93,11,0,0,21
31,1,2,5,18,2475,DL,LAX,1,17,56,0,0,32,-93,11,0,0,21
-1,1,2,5,20,2475,VX,LAX,1,17,56,0,0,32,-93,11,0,0,21
-4,1,2,5,17,2475,AA,LAX,1,17,56,0,0,32,-93,11,0,0,21
8,1,2,5,7,2475,DL,LAX,1,17,56,0,0,32,-93,11,0,0,21
-4,1,2,5,11,2475,DL,LAX,1,17,56,0,0,32,-93,11,0,0,21
6,1,2,5,17,2475,UA,LAX,1,17,56,0,0,32,-93,11,0,0,21
-5,1,2,5,11,2475,UA,LAX,1,17,56,0,0,32,-93,11,0,0,21
15,1,2,5,19,2475,UA,LAX,1,17,56,0,0,32,-93,11,0,0,21
10,1,2,5,8,2475,UA,LAX,1,17,56,0,0,32,-93,11,0,0,21
-1,1,2,5,6,2475,UA,LAX,1,17,56,0,0,32,-93,11,0,0,21
-3,1,2,5,9,2475,B6,LAX,1,17,56,0,0,32,-93,11,0,0,21
100,1,2,5,13,2475,VX,LAX,1,17,56,0,0,32,-93,11,0,0,21
-10,1,2,5,9,2475,AA,LAX,1,17,56,0,0,32,-93,11,0,0,21
15,1,2,5,7,2475,AA,LAX,1,17,56,0,0,32,-93,11,0,0,21
-2,1,14,3,18,2475,B6,LAX,7,-88,0,0,0,28,-171,-71,0,0,29
-3,1,14,3,15,2475,DL,LAX,7,-88,0,0,0,28,-171,-71,0,0,29
-2,1,14,3,6,2475,B6,LAX,7,-88,0,0,0,28,-171,-71,0,0,29
1,1,14,3,12,2475,AA,LAX,7,-88,0,0,0,28,-171,-71,0,0,29
-3,1,14,3,21,2475,DL,LAX,7,-88,0,0,0,28,-171,-71,0,0,29
3,1,14,3,8,2475,AA,LAX,7,-88,0,0,0,28,-171,-71,0,0,29
-2,1,14,3,9,2475,B6,LAX,7,-88,0,0,0,28,-171,-71,0,0,29
19,1,14,3,11,2475,B6,LAX,7,-88,0,0,0,28,-171,-71,0,0,29
-6,1,14,3,8,2475,B6,LAX,7,-88,0,0,0,28,-171,-71,0,0,29
-5,1,14,3,16,2475,AA,LAX,7,-88,0,0,0,28,-171,-71,0,0,29
10,1,14,3,11,2475,DL,LAX,7,-88,0,0,0,28,-171,-71,0,0,29
26,1,14,3,15,2475,B6,LAX,7,-88,0,0,0,28,-171,-71,0,0,29
-8,1,14,3,14,2475,AA,LAX,7,-88,0,0,0,28,-171,-71,0,0,29
-10,1,14,3,7,2475,AA,LAX,7,-88,0,0,0,28,-171,-71,0,0,29
198,1,14,3,19,2475,AA,LAX,7,-88,0,0,0,28,-171,-71,0,0,29
25,1,14,3,20,2475,AA,LAX,7,-88,0,0,0,28,-171,-71,0,0,29
0,1,14,3,9,2475,DL,LAX,7,-88,0,0,0,28,-171,-71,0,0,29
-6,1,14,3,10,2475,AA,LAX,7,-88,0,0,0,28,-171,-71,0,0,29
5,1,14,3,18,2475,DL,LAX,7,-88,0,0,0,28,-171,-71,0,0,29
-1,1,14,3,8,2475,DL,LAX,7,-88,0,0,0,28,-171,-71,0,0,29
-1,1,14,3,11,2475,AA,LAX,7,-88,0,0,0,28,-171,-71,0,0,29
18,1,14,3,7,2475,DL,LAX,7,-88,0,0,0,28,-171,-71,0,0,29
-1,1,14,3,17,2475,DL,LAX,7,-88,0,0,0,28,-171,-71,0,0,29
0,1,14,3,17,2475,AA,LAX,7,-88,0,0,0,28,-171,-71,0,0,29
-6,1,14,3,18,2475,AA,LAX,7,-88,0,0,0,28,-171,-71,0,0,29
-4,1,14,3,9,2475,AA,LAX,7,-88,0,0,0,28,-171,-71,0,0,29
-9,1,14,3,6,2475,AA,LAX,7,-88,0,0,0,28,-171,-71,0,0,29
11,1,14,3,21,2475,B6,LAX,7,-88,0,0,0,28,-171,-71,0,0,29
7,1,14,3,13,2475,VX,LAX,7,-88,0,0,0,28,-171,-71,0,0,29
-8,1,14,3,16,2475,VX,LAX,7,-88,0,0,0,28,-171,-71,0,0,29
2,1,14,3,20,2475,VX,LAX,7,-88,0,0,0,28,-171,-71,0,0,29
-8,1,14,3,14,2475,UA,LAX,7,-88,0,0,0,28,-171,-71,0,0,29
-3,1,14,3,11,2475,UA,LAX,7,-88,0,0,0,28,-171,-71,0,0,29
-10,1,14,3,17,2475,UA,LAX,7,-88,0,0,0,28,-171,-71,0,0,29
60,1,14,3,19,2475,UA,LAX,7,-88,0,0,0,28,-171,-71,0,0,29
-6,1,14,3,8,2475,UA,LAX,7,-88,0,0,0,28,-171,-71,0,0,29
-4,1,14,3,6,2475,UA,LAX,7,-88,0,0,0,28,-171,-71,0,0,29
-6,1,14,3,7,2475,VX,LAX,7,-88,0,0,0,28,-171,-71,0,0,29
0,1,14,3,9,2475,VX,LAX,7,-88,0,0,0,28,-171,-71,0,0,29
7,1,26,1,6,2475,UA,LAX,5,-55,-5,122,140,57,-93,-32,18,25,25
1,1,26,1,14,2475,UA,LAX,5,-55,-5,122,140,57,-93,-32,18,25,25
1,1,26,1,11,2475,UA,LAX,5,-55,-5,122,140,57,-93,-32,18,25,25
18,1,26,1,17,2475,UA,LAX,5,-55,-5,122,140,57,-93,-32,18,25,25
-1,1,26,1,8,2475,UA,LAX,5,-55,-5,122,140,57,-93,-32,18,25,25
11,1,26,1,7,2475,VX,LAX,5,-55,-5,122,140,57,-93,-32,18,25,25
48,1,26,1,9,2475,VX,LAX,5,-55,-5,122,140,57,-93,-32,18,25,25
30,1,26,1,13,2475,VX,LAX,5,-55,-5,122,140,57,-93,-32,18,25,25
43,1,26,1,16,2475,VX,LAX,5,-55,-5,122,140,57,-93,-32,18,25,25
-1,1,26,1,7,2475,DL,LAX,5,-55,-5,122,140,57,-93,-32,18,25,25
142,1,26,1,17,2475,AA,LAX,5,-55,-5,122,140,57,-93,-32,18,25,25
66,1,26,1,15,2475,DL,LAX,5,-55,-5,122,140,57,-93,-32,18,25,25
-4,1,26,1,11,2475,AA,LAX,5,-55,-5,122,140,57,-93,-32,18,25,25
46,1,26,1,9,2475,DL,LAX,5,-55,-5,122,140,57,-93,-32,18,25,25
-3,1,26,1,6,2475,AA,LAX,5,-55,-5,122,140,57,-93,-32,18,25,25
-2,1,26,1,10,2475,AA,LAX,5,-55,-5,122,140,57,-93,-32,18,25,25
6,1,26,1,11,2475,B6,LAX,5,-55,-5,122,140,57,-93,-32,18,25,25
-2,1,26,1,7,2475,AA,LAX,5,-55,-5,122,140,57,-93,-32,18,25,25
111,1,26,1,16,2475,AA,LAX,5,-55,-5,122,140,57,-93,-32,18,25,25
-6,1,26,1,9,2475,AA,LAX,5,-55,-5,122,140,57,-93,-32,18,25,25
78,1,26,1,15,2475,B6,LAX,5,-55,-5,122,140,57,-93,-32,18,25,25
-6,1,26,1,8,2475,B6,LAX,5,-55,-5,122,140,57,-93,-32,18,25,25
-1,1,26,1,6,2475,B6,LAX,5,-55,-5,122,140,57,-93,-32,18,25,25
181,1,26,1,17,2475,DL,LAX,5,-55,-5,122,140,57,-93,-32,18,25,25
-3,1,26,1,14,2475,AA,LAX,5,-55,-5,122,140,57,-93,-32,18,25,25
26,1,26,1,9,2475,B6,LAX,5,-55,-5,122,140,57,-93,-32,18,25,25
-7,1,26,1,12,2475,AA,LAX,5,-55,-5,122,140,57,-93,-32,18,25,25
5,1,26,1,11,2475,DL,LAX,5,-55,-5,122,140,57,-93,-32,18,25,25
-2,1,26,1,8,2475,AA,LAX,5,-55,-5,122,140,57,-93,-32,18,25,25
27,2,9,1,9,2475,AA,LAX,9,-38,-16,23,0,49,-71,-27,0,0,55
-7,2,9,1,16,2475,AA,LAX,9,-38,-16,23,0,49,-71,-27,0,0,55
-3,2,9,1,15,2475,B6,LAX,9,-38,-16,23,0,49,-71,-27,0,0,55
74,2,9,1,21,2475,DL,LAX,9,-38,-16,23,0,49,-71,-27,0,0,55
23,2,9,1,11,2475,AA,LAX,9,-38,-16,23,0,49,-71,-27,0,0,55
-1,2,9,1,15,2475,DL,LAX,9,-38,-16,23,0,49,-71,-27,0,0,55
1,2,9,1,8,2475,AA,LAX,9,-38,-16,23,0,49,-71,-27,0,0,55
60,2,9,1,21,2475,B6,LAX,9,-38,-16,23,0,49,-71,-27,0,0,55
12,2,9,1,14,2475,UA,LAX,9,-38,-16,23,0,49,-71,-27,0,0,55
-3,2,9,1,11,2475,B6,LAX,9,-38,-16,23,0,49,-71,-27,0,0,55
88,2,9,1,11,2475,DL,LAX,9,-38,-16,23,0,49,-71,-27,0,0,55
7,2,9,1,17,2475,DL,LAX,9,-38,-16,23,0,49,-71,-27,0,0,55
0,2,9,1,7,2475,AA,LAX,9,-38,-16,23,0,49,-71,-27,0,0,55
2,2,9,1,19,2475,AA,LAX,9,-38,-16,23,0,49,-71,-27,0,0,55
-3,2,9,1,18,2475,B6,LAX,9,-38,-16,23,0,49,-71,-27,0,0,55
-6,2,9,1,18,2475,DL,LAX,9,-38,-16,23,0,49,-71,-27,0,0,55
-2,2,9,1,9,2475,B6,LAX,9,-38,-16,23,0,49,-71,-27,0,0,55
-2,2,9,1,11,2475,UA,LAX,9,-38,-16,23,0,49,-71,-27,0,0,55
84,2,9,1,6,2475,B6,LAX,9,-38,-16,23,0,49,-71,-27,0,0,55
30,2,9,1,7,2475,DL,LAX,9,-38,-16,23,0,49,-71,-27,0,0,55
-3,2,9,1,8,2475,UA,LAX,9,-38,-16,23,0,49,-71,-27,0,0,55
15,2,9,1,19,2475,UA,LAX,9,-38,-16,23,0,49,-71,-27,0,0,55
9,2,9,1,9,2475,VX,LAX,9,-38,-16,23,0,49,-71,-27,0,0,55
1,2,9,1,13,2475,VX,LAX,9,-38,-16,23,0,49,-71,-27,0,0,55
182,2,9,1,16,2475,VX,LAX,9,-38,-16,23,0,49,-71,-27,0,0,55
-4,2,10,2,14,2475,AA,LAX,8,-32,44,3,3,47,-99,6,0,0,35
-7,2,10,2,14,2475,UA,LAX,8,-32,44,3,3,47,-99,6,0,0,35
-2,2,10,2,11,2475,UA,LAX,8,-32,44,3,3,47,-99,6,0,0,35
-4,2,10,2,17,2475,UA,LAX,8,-32,44,3,3,47,-99,6,0,0,35
-2,2,10,2,19,2475,UA,LAX,8,-32,44,3,3,47,-99,6,0,0,35
-5,2,10,2,8,2475,UA,LAX,8,-32,44,3,3,47,-99,6,0,0,35
24,2,10,2,6,2475,UA,LAX,8,-32,44,3,3,47,-99,6,0,0,35
1,2,10,2,18,2475,B6,LAX,8,-32,44,3,3,47,-99,6,0,0,35
13,2,10,2,9,2475,B6,LAX,8,-32,44,3,3,47,-99,6,0,0,35
0,2,10,2,15,2475,B6,LAX,8,-32,44,3,3,47,-99,6,0,0,35
24,2,10,2,21,2475,B6,LAX,8,-32,44,3,3,47,-99,6,0,0,35
0,2,10,2,11,2475,B6,LAX,8,-32,44,3,3,47,-99,6,0,0,35
77,2,10,2,6,2475,B6,LAX,8,-32,44,3,3,47,-99,6,0,0,35
0,2,10,2,8,2475,B6,LAX,8,-32,44,3,3,47,-99,6,0,0,35
-7,2,10,2,19,2475,AA,LAX,8,-32,44,3,3,47,-99,6,0,0,35
-5,2,10,2,10,2475,AA,LAX,8,-32,44,3,3,47,-99,6,0,0,35
21,2,10,2,20,2475,AA,LAX,8,-32,44,3,3,47,-99,6,0,0,35
114,2,10,2,17,2475,AA,LAX,8,-32,44,3,3,47,-99,6,0,0,35
-4,2,10,2,6,2475,AA,LAX,8,-32,44,3,3,47,-99,6,0,0,35
2,2,10,2,16,2475,AA,LAX,8,-32,44,3,3,47,-99,6,0,0,35
-7,2,10,2,8,2475,AA,LAX,8,-32,44,3,3,47,-99,6,0,0,35
-2,2,10,2,18,2475,AA,LAX,8,-32,44,3,3,47,-99,6,0,0,35
-4,2,10,2,11,2475,AA,LAX,8,-32,44,3,3,47,-99,6,0,0,35
2,2,10,2,7,2475,AA,LAX,8,-32,44,3,3,47,-99,6,0,0,35
4,2,10,2,12,2475,AA,LAX,8,-32,44,3,3,47,-99,6,0,0,35
-2,2,10,2,9,2475,AA,LAX,8,-32,44,3,3,47,-99,6,0,0,35
-3,2,10,2,18,2475,DL,LAX,8,-32,44,3,3,47,-99,6,0,0,35
22,2,10,2,11,2475,DL,LAX,8,-32,44,3,3,47,-99,6,0,0,35
5,2,10,2,21,2475,DL,LAX,8,-32,44,3,3,47,-99,6,0,0,35
41,2,10,2,7,2475,DL,LAX,8,-32,44,3,3,47,-99,6,0,0,35
-4,2,10,2,15,2475,DL,LAX,8,-32,44,3,3,47,-99,6,0,0,35
-1,2,10,2,9,2475,DL,LAX,8,-32,44,3,3,47,-99,6,0,0,35
22,2,10,2,17,2475,DL,LAX,8,-32,44,3,3,47,-99,6,0,0,35
-9,2,10,2,20,2475,VX,LAX,8,-32,44,3,3,47,-99,6,0,0,35
-6,2,10,2,16,2475,VX,LAX,8,-32,44,3,3,47,-99,6,0,0,35
-6,2,10,2,13,2475,VX,LAX,8,-32,44,3,3,47,-99,6,0,0,35
4,2,10,2,9,2475,VX,LAX,8,-32,44,3,3,47,-99,6,0,0,35
-8,2,10,2,7,2475,VX,LAX,8,-32,44,3,3,47,-99,6,0,0,35
0,2,22,7,14,2475,UA,LAX,4,0,61,25,25,13,-166,-21,0,0,59
-8,2,22,7,19,2475,UA,LAX,4,0,61,25,25,13,-166,-21,0,0,59
19,2,22,7,11,2475,UA,LAX,4,0,61,25,25,13,-166,-21,0,0,59
-4,2,22,7,17,2475,UA,LAX,4,0,61,25,25,13,-166,-21,0,0,59
50,2,22,7,8,2475,UA,LAX,4,0,61,25,25,13,-166,-21,0,0,59
15,2,22,7,9,2475,VX,LAX,4,0,61,25,25,13,-166,-21,0,0,59
21,2,22,7,13,2475,VX,LAX,4,0,61,25,25,13,-166,-21,0,0,59
-1,2,22,7,16,2475,VX,LAX,4,0,61,25,25,13,-166,-21,0,0,59
-8,2,22,7,20,2475,VX,LAX,4,0,61,25,25,13,-166,-21,0,0,59
159,2,22,7,11,2475,DL,LAX,4,0,61,25,25,13,-166,-21,0,0,59
55,2,22,7,8,2475,B6,LAX,4,0,61,25,25,13,-166,-21,0,0,59
151,2,22,7,19,2475,AA,LAX,4,0,61,25,25,13,-166,-21,0,0,59
7,2,22,7,18,2475,AA,LAX,4,0,61,25,25,13,-166,-21,0,0,59
177,2,22,7,8,2475,AA,LAX,4,0,61,25,25,13,-166,-21,0,0,59
113,2,22,7,20,2475,AA,LAX,4,0,61,25,25,13,-166,-21,0,0,59
82,2,22,7,11,2475,B6,LAX,4,0,61,25,25,13,-166,-21,0,0,59
94,2,22,7,17,2475,AA,LAX,4,0,61,25,25,13,-166,-21,0,0,59
1,2,22,7,6,2475,B6,LAX,4,0,61,25,25,13,-166,-21,0,0,59
49,2,22,7,15,2475,DL,LAX,4,0,61,25,25,13,-166,-21,0,0,59
10,2,22,7,7,2475,AA,LAX,4,0,61,25,25,13,-166,-21,0,0,59
208,2,22,7,16,2475,AA,LAX,4,0,61,25,25,13,-166,-21,0,0,59
13,2,22,7,18,2475,B6,LAX,4,0,61,25,25,13,-166,-21,0,0,59
200,2,22,7,9,2475,DL,LAX,4,0,61,25,25,13,-166,-21,0,0,59
-3,2,22,7,21,2475,B6,LAX,4,0,61,25,25,13,-166,-21,0,0,59
21,2,22,7,18,2475,DL,LAX,4,0,61,25,25,13,-166,-21,0,0,59
27,2,22,7,17,2475,DL,LAX,4,0,61,25,25,13,-166,-21,0,0,59
46,2,22,7,21,2475,DL,LAX,4,0,61,25,25,13,-166,-21,0,0,59
13,2,22,7,14,2475,AA,LAX,4,0,61,25,25,13,-166,-21,0,0,59
102,2,22,7,9,2475,B6,LAX,4,0,61,25,25,13,-166,-21,0,0,59
19,2,22,7,16,2475,B6,LAX,4,0,61,25,25,13,-166,-21,0,0,59
-6,2,22,7,8,2475,DL,LAX,4,0,61,25,25,13,-166,-21,0,0,59
-3,2,22,7,12,2475,AA,LAX,4,0,61,25,25,13,-166,-21,0,0,59
29,3,5,4,17,2475,UA,LAX,15,-71,44,193,191,26,-160,-88,0,0,43
333,3,5,4,20,2475,VX,LAX,15,-71,44,193,191,26,-160,-88,0,0,43
365,3,5,4,16,2475,VX,LAX,15,-71,44,193,191,26,-160,-88,0,0,43
4,3,5,4,13,2475,VX,LAX,15,-71,44,193,191,26,-160,-88,0,0,43
-2,3,5,4,7,2475,VX,LAX,15,-71,44,193,191,26,-160,-88,0,0,43
224,3,5,4,19,2475,UA,LAX,15,-71,44,193,191,26,-160,-88,0,0,43
237,3,5,4,14,2475,UA,LAX,15,-71,44,193,191,26,-160,-88,0,0,43
-7,3,5,4,11,2475,UA,LAX,15,-71,44,193,191,26,-160,-88,0,0,43
173,3,5,4,21,2475,DL,LAX,15,-71,44,193,191,26,-160,-88,0,0,43
42,3,5,4,7,2475,B6,LAX,15,-71,44,193,191,26,-160,-88,0,0,43
138,3,5,4,18,2475,B6,LAX,15,-71,44,193,191,26,-160,-88,0,0,43
-4,3,5,4,6,2475,B6,LAX,15,-71,44,193,191,26,-160,-88,0,0,43
77,3,5,4,18,2475,AA,LAX,15,-71,44,193,191,26,-160,-88,0,0,43
86,3,5,4,16,2475,AA,LAX,15,-71,44,193,191,26,-160,-88,0,0,43
30,3,5,4,11,2475,B6,LAX,15,-71,44,193,191,26,-160,-88,0,0,43
52,3,5,4,20,2475,AA,LAX,15,-71,44,193,191,26,-160,-88,0,0,43
172,3,5,4,15,2475,DL,LAX,15,-71,44,193,191,26,-160,-88,0,0,43
311,3,5,4,14,2475,AA,LAX,15,-71,44,193,191,26,-160,-88,0,0,43
20,3,5,4,9,2475,B6,LAX,15,-71,44,193,191,26,-160,-88,0,0,43
-4,3,5,4,9,2475,AA,LAX,15,-71,44,193,191,26,-160,-88,0,0,43
29,3,5,4,8,2475,DL,LAX,15,-71,44,193,191,26,-160,-88,0,0,43
32,3,5,4,16,2475,B6,LAX,15,-71,44,193,191,26,-160,-88,0,0,43
46,3,5,4,12,2475,DL,LAX,15,-71,44,193,191,26,-160,-88,0,0,43
64,3,5,4,7,2475,DL,LAX,15,-71,44,193,191,26,-160,-88,0,0,43
38,3,5,4,21,2475,B6,LAX,15,-71,44,193,191,26,-160,-88,0,0,43
-5,3,17,2,18,2475,AA,LAX,27,11,139,5,0,43,-21,72,0,0,63
-5,3,17,2,16,2475,B6,LAX,27,11,139,5,0,43,-21,72,0,0,63
-2,3,17,2,18,2475,DL,LAX,27,11,139,5,0,43,-21,72,0,0,63
-6,3,17,2,7,2475,AA,LAX,27,11,139,5,0,43,-21,72,0,0,63
11,3,17,2,17,2475,DL,LAX,27,11,139,5,0,43,-21,72,0,0,63
-6,3,17,2,19,2475,AA,LAX,27,11,139,5,0,43,-21,72,0,0,63
1,3,17,2,15,2475,DL,LAX,27,11,139,5,0,43,-21,72,0,0,63
118,3,17,2,21,2475,DL,LAX,27,11,139,5,0,43,-21,72,0,0,63
-4,3,17,2,8,2475,DL,LAX,27,11,139,5,0,43,-21,72,0,0,63
-5,3,17,2,16,2475,AA,LAX,27,11,139,5,0,43,-21,72,0,0,63
1,3,17,2,14,2475,AA,LAX,27,11,139,5,0,43,-21,72,0,0,63
-9,3,17,2,11,2475,AA,LAX,27,11,139,5,0,43,-21,72,0,0,63
-2,3,17,2,8,2475,B6,LAX,27,11,139,5,0,43,-21,72,0,0,63
-4,3,17,2,10,2475,AA,LAX,27,11,139,5,0,43,-21,72,0,0,63
29,3,17,2,8,2475,AA,LAX,27,11,139,5,0,43,-21,72,0,0,63
126,3,17,2,21,2475,B6,LAX,27,11,139,5,0,43,-21,72,0,0,63
-5,3,17,2,18,2475,B6,LAX,27,11,139,5,0,43,-21,72,0,0,63
60,3,17,2,7,2475,DL,LAX,27,11,139,5,0,43,-21,72,0,0,63
-8,3,17,2,9,2475,B6,LAX,27,11,139,5,0,43,-21,72,0,0,63
-6,3,17,2,6,2475,B6,LAX,27,11,139,5,0,43,-21,72,0,0,63
-5,3,17,2,12,2475,DL,LAX,27,11,139,5,0,43,-21,72,0,0,63
-6,3,17,2,12,2475,AA,LAX,27,11,139,5,0,43,-21,72,0,0,63
-2,3,17,2,9,2475,AA,LAX,27,11,139,5,0,43,-21,72,0,0,63
13,3,17,2,21,2475,AA,LAX,27,11,139,5,0,43,-21,72,0,0,63
-6,3,17,2,17,2475,AA,LAX,27,11,139,5,0,43,-21,72,0,0,63
10,3,17,2,9,2475,DL,LAX,27,11,139,5,0,43,-21,72,0,0,63
-5,3,17,2,11,2475,B6,LAX,27,11,139,5,0,43,-21,72,0,0,63
-8,3,17,2,14,2475,UA,LAX,27,11,139,5,0,43,-21,72,0,0,63
-5,3,17,2,8,2475,UA,LAX,27,11,139,5,0,43,-21,72,0,0,63
-5,3,17,2,17,2475,UA,LAX,27,11,139,5,0,43,-21,72,0,0,63
-9,3,17,2,11,2475,UA,LAX,27,11,139,5,0,43,-21,72,0,0,63
-6,3,17,2,9,2475,VX,LAX,27,11,139,5,0,43,-21,72,0,0,63
1,3,17,2,20,2475,VX,LAX,27,11,139,5,0,43,-21,72,0,0,63
-9,3,17,2,16,2475,VX,LAX,27,11,139,5,0,43,-21,72,0,0,63
4,3,17,2,13,2475,VX,LAX,27,11,139,5,0,43,-21,72,0,0,63
-4,3,17,2,7,2475,VX,LAX,27,11,139,5,0,43,-21,72,0,0,63
-5,3,29,7,9,2475,AA,LAX,39,-38,78,0,0,28,-43,83,3,0,68
-4,3,29,7,19,2475,AA,LAX,39,-38,78,0,0,28,-43,83,3,0,68
-5,3,29,7,12,2475,AA,LAX,39,-38,78,0,0,28,-43,83,3,0,68
-3,3,29,7,21,2475,B6,LAX,39,-38,78,0,0,28,-43,83,3,0,68
-4,3,29,7,6,2475,AA,LAX,39,-38,78,0,0,28,-43,83,3,0,68
-3,3,29,7,16,2475,B6,LAX,39,-38,78,0,0,28,-43,83,3,0,68
1,3,29,7,21,2475,AA,LAX,39,-38,78,0,0,28,-43,83,3,0,68
-7,3,29,7,17,2475,AA,LAX,39,-38,78,0,0,28,-43,83,3,0,68
-2,3,29,7,11,2475,B6,LAX,39,-38,78,0,0,28,-43,83,3,0,68
-6,3,29,7,11,2475,AA,LAX,39,-38,78,0,0,28,-43,83,3,0,68
-4,3,29,7,9,2475,B6,LAX,39,-38,78,0,0,28,-43,83,3,0,68
2,3,29,7,18,2475,B6,LAX,39,-38,78,0,0,28,-43,83,3,0,68
-6,3,29,7,7,2475,AA,LAX,39,-38,78,0,0,28,-43,83,3,0,68
-4,3,29,7,18,2475,AA,LAX,39,-38,78,0,0,28,-43,83,3,0,68
-5,3,29,7,16,2475,AA,LAX,39,-38,78,0,0,28,-43,83,3,0,68
-3,3,29,7,12,2475,B6,LAX,39,-38,78,0,0,28,-43,83,3,0,68
-3,3,29,7,15,2475,AA,LAX,39,-38,78,0,0,28,-43,83,3,0,68
1,3,29,7,6,2475,B6,LAX,39,-38,78,0,0,28,-43,83,3,0,68
-5,3,29,7,10,2475,AA,LAX,39,-38,78,0,0,28,-43,83,3,0,68
-1,3,29,7,8,2475,AA,LAX,39,-38,78,0,0,28,-43,83,3,0,68
-4,3,29,7,7,2475,VX,LAX,39,-38,78,0,0,28,-43,83,3,0,68
4,3,29,7,20,2475,VX,LAX,39,-38,78,0,0,28,-43,83,3,0,68
-6,3,29,7,16,2475,VX,LAX,39,-38,78,0,0,28,-43,83,3,0,68
215,3,29,7,13,2475,VX,LAX,39,-38,78,0,0,28,-43,83,3,0,68
45,3,29,7,18,2475,DL,LAX,39,-38,78,0,0,28,-43,83,3,0,68
-4,3,29,7,8,2475,DL,LAX,39,-38,78,0,0,28,-43,83,3,0,68
18,3,29,7,15,2475,DL,LAX,39,-38,78,0,0,28,-43,83,3,0,68
11,3,29,7,17,2475,DL,LAX,39,-38,78,0,0,28,-43,83,3,0,68
42,3,29,7,21,2475,DL,LAX,39,-38,78,0,0,28,-43,83,3,0,68
8,3,29,7,7,2475,DL,LAX,39,-38,78,0,0,28,-43,83,3,0,68
0,3,29,7,12,2475,DL,LAX,39,-38,78,0,0,28,-43,83,3,0,68
-5,3,29,7,9,2475,DL,LAX,39,-38,78,0,0,28,-43,83,3,0,68
-9,3,29,7,9,2475,VX,LAX,39,-38,78,0,0,28,-43,83,3,0,68
-3,3,29,7,14,2475,UA,LAX,39,-38,78,0,0,28,-43,83,3,0,68
-3,3,29,7,17,2475,UA,LAX,39,-38,78,0,0,28,-43,83,3,0,68
21,3,29,7,19,2475,UA,LAX,39,-38,78,0,0,28,-43,83,3,0,68
-9,3,29,7,8,2475,UA,LAX,39,-38,78,0,0,28,-43,83,3,0,68
0,3,29,7,11,2475,UA,LAX,39,-38,78,0,0,28,-43,83,3,0,68
14,3,30,1,11,2475,B6,LAX,40,22,122,0,0,35,11,161,0,0,48
-1,3,30,1,6,2475,B6,LAX,40,22,122,0,0,35,11,161,0,0,48
-6,3,30,1,10,2475,AA,LAX,40,22,122,0,0,35,11,161,0,0,48
17,3,30,1,9,2475,B6,LAX,40,22,122,0,0,35,11,161,0,0,48
9,3,30,1,19,2475,AA,LAX,40,22,122,0,0,35,11,161,0,0,48
-6,3,30,1,21,2475,AA,LAX,40,22,122,0,0,35,11,161,0,0,48
-5,3,30,1,16,2475,B6,LAX,40,22,122,0,0,35,11,161,0,0,48
2,3,30,1,17,2475,AA,LAX,40,22,122,0,0,35,11,161,0,0,48
7,3,30,1,12,2475,B6,LAX,40,22,122,0,0,35,11,161,0,0,48
-2,3,30,1,6,2475,AA,LAX,40,22,122,0,0,35,11,161,0,0,48
26,3,30,1,21,2475,B6,LAX,40,22,122,0,0,35,11,161,0,0,48
9,3,30,1,16,2475,AA,LAX,40,22,122,0,0,35,11,161,0,0,48
-6,3,30,1,15,2475,AA,LAX,40,22,122,0,0,35,11,161,0,0,48
-4,3,30,1,8,2475,AA,LAX,40,22,122,0,0,35,11,161,0,0,48
0,3,30,1,18,2475,B6,LAX,40,22,122,0,0,35,11,161,0,0,48
-5,3,30,1,18,2475,AA,LAX,40,22,122,0,0,35,11,161,0,0,48
-6,3,30,1,11,2475,AA,LAX,40,22,122,0,0,35,11,161,0,0,48
-5,3,30,1,7,2475,AA,LAX,40,22,122,0,0,35,11,161,0,0,48
-5,3,30,1,12,2475,AA,LAX,40,22,122,0,0,35,11,161,0,0,48
-6,3,30,1,9,2475,AA,LAX,40,22,122,0,0,35,11,161,0,0,48
-6,3,30,1,11,2475,UA,LAX,40,22,122,0,0,35,11,161,0,0,48
-2,3,30,1,14,2475,UA,LAX,40,22,122,0,0,35,11,161,0,0,48
29,3,30,1,9,2475,DL,LAX,40,22,122,0,0,35,11,161,0,0,48
-5,3,30,1,18,2475,DL,LAX,40,22,122,0,0,35,11,161,0,0,48
-2,3,30,1,15,2475,DL,LAX,40,22,122,0,0,35,11,161,0,0,48
17,3,30,1,17,2475,DL,LAX,40,22,122,0,0,35,11,161,0,0,48
-5,3,30,1,6,2475,UA,LAX,40,22,122,0,0,35,11,161,0,0,48
-5,3,30,1,8,2475,UA,LAX,40,22,122,0,0,35,11,161,0,0,48
3,3,30,1,19,2475,UA,LAX,40,22,122,0,0,35,11,161,0,0,48
-5,3,30,1,17,2475,UA,LAX,40,22,122,0,0,35,11,161,0,0,48
-3,3,30,1,20,2475,VX,LAX,40,22,122,0,0,35,11,161,0,0,48
6,3,30,1,16,2475,VX,LAX,40,22,122,0,0,35,11,161,0,0,48
-3,3,30,1,13,2475,VX,LAX,40,22,122,0,0,35,11,161,0,0,48
-4,3,30,1,9,2475,VX,LAX,40,22,122,0,0,35,11,161,0,0,48
0,3,30,1,7,2475,VX,LAX,40,22,122,0,0,35,11,161,0,0,48
40,3,30,1,21,2475,DL,LAX,40,22,122,0,0,35,11,161,0,0,48
0,3,30,1,7,2475,DL,LAX,40,22,122,0,0,35,11,161,0,0,48
-4,3,30,1,12,2475,DL,LAX,40,22,122,0,0,35,11,161,0,0,48
-4,4,1,3,9,2475,B6,LAX,42,0,106,0,0,23,17,222,0,0,51
28,4,1,3,20,2475,VX,LAX,42,0,106,0,0,23,17,222,0,0,51
1,4,1,3,16,2475,VX,LAX,42,0,106,0,0,23,17,222,0,0,51
0,4,1,3,13,2475,VX,LAX,42,0,106,0,0,23,17,222,0,0,51
-4,4,1,3,9,2475,VX,LAX,42,0,106,0,0,23,17,222,0,0,51
-1,4,1,3,7,2475,VX,LAX,42,0,106,0,0,23,17,222,0,0,51
-1,4,1,3,14,2475,UA,LAX,42,0,106,0,0,23,17,222,0,0,51
-11,4,1,3,11,2475,UA,LAX,42,0,106,0,0,23,17,222,0,0,51
-2,4,1,3,17,2475,UA,LAX,42,0,106,0,0,23,17,222,0,0,51
12,4,1,3,19,2475,UA,LAX,42,0,106,0,0,23,17,222,0,0,51
-6,4,1,3,8,2475,UA,LAX,42,0,106,0,0,23,17,222,0,0,51
-5,4,1,3,6,2475,B6,LAX,42,0,106,0,0,23,17,222,0,0,51
71,4,1,3,18,2475,DL,LAX,42,0,106,0,0,23,17,222,0,0,51
3,4,1,3,8,2475,DL,LAX,42,0,106,0,0,23,17,222,0,0,51
17,4,1,3,15,2475,DL,LAX,42,0,106,0,0,23,17,222,0,0,51
79,4,1,3,17,2475,DL,LAX,42,0,106,0,0,23,17,222,0,0,51
10,4,1,3,21,2475,DL,LAX,42,0,106,0,0,23,17,222,0,0,51
17,4,1,3,7,2475,DL,LAX,42,0,106,0,0,23,17,222,0,0,51
-5,4,1,3,12,2475,DL,LAX,42,0,106,0,0,23,17,222,0,0,51
-1,4,1,3,9,2475,DL,LAX,42,0,106,0,0,23,17,222,0,0,51
-3,4,1,3,18,2475,B6,LAX,42,0,106,0,0,23,17,222,0,0,51
-3,4,1,3,21,2475,B6,LAX,42,0,106,0,0,23,17,222,0,0,51
-2,4,1,3,12,2475,B6,LAX,42,0,106,0,0,23,17,222,0,0,51
-1,4,1,3,11,2475,B6,LAX,42,0,106,0,0,23,17,222,0,0,51
8,4,1,3,16,2475,B6,LAX,42,0,106,0,0,23,17,222,0,0,51
-5,4,1,3,7,2475,AA,LAX,42,0,106,0,0,23,17,222,0,0,51
-2,4,1,3,19,2475,AA,LAX,42,0,106,0,0,23,17,222,0,0,51
-3,4,1,3,21,2475,AA,LAX,42,0,106,0,0,23,17,222,0,0,51
-7,4,1,3,11,2475,AA,LAX,42,0,106,0,0,23,17,222,0,0,51
-4,4,1,3,17,2475,AA,LAX,42,0,106,0,0,23,17,222,0,0,51
-5,4,1,3,18,2475,AA,LAX,42,0,106,0,0,23,17,222,0,0,51
-12,4,1,3,9,2475,AA,LAX,42,0,106,0,0,23,17,222,0,0,51
-3,4,1,3,16,2475,AA,LAX,42,0,106,0,0,23,17,222,0,0,51
0,4,1,3,12,2475,AA,LAX,42,0,106,0,0,23,17,222,0,0,51
-6,4,1,3,8,2475,AA,LAX,42,0,106,0,0,23,17,222,0,0,51
-2,4,1,3,10,2475,AA,LAX,42,0,106,0,0,23,17,222,0,0,51
-5,4,1,3,15,2475,AA,LAX,42,0,106,0,0,23,17,222,0,0,51
-6,4,13,1,14,2475,UA,LAX,39,100,200,0,0,21,94,183,56,0,56
-9,4,13,1,19,2475,UA,LAX,39,100,200,0,0,21,94,183,56,0,56
-8,4,13,1,17,2475,UA,LAX,39,100,200,0,0,21,94,183,56,0,56
0,4,13,1,8,2475,UA,LAX,39,100,200,0,0,21,94,183,56,0,56
-4,4,13,1,11,2475,UA,LAX,39,100,200,0,0,21,94,183,56,0,56
1,4,13,1,6,2475,UA,LAX,39,100,200,0,0,21,94,183,56,0,56
-7,4,13,1,17,2475,AA,LAX,39,100,200,0,0,21,94,183,56,0,56
-2,4,13,1,21,2475,AA,LAX,39,100,200,0,0,21,94,183,56,0,56
12,4,13,1,18,2475,AA,LAX,39,100,200,0,0,21,94,183,56,0,56
-4,4,13,1,19,2475,AA,LAX,39,100,200,0,0,21,94,183,56,0,56
11,4,13,1,7,2475,AA,LAX,39,100,200,0,0,21,94,183,56,0,56
-4,4,13,1,8,2475,AA,LAX,39,100,200,0,0,21,94,183,56,0,56
-5,4,13,1,6,2475,AA,LAX,39,100,200,0,0,21,94,183,56,0,56
-5,4,13,1,12,2475,AA,LAX,39,100,200,0,0,21,94,183,56,0,56
-7,4,13,1,16,2475,AA,LAX,39,100,200,0,0,21,94,183,56,0,56
-1,4,13,1,15,2475,AA,LAX,39,100,200,0,0,21,94,183,56,0,56
-10,4,13,1,11,2475,AA,LAX,39,100,200,0,0,21,94,183,56,0,56
-5,4,13,1,9,2475,AA,LAX,39,100,200,0,0,21,94,183,56,0,56
-1,4,13,1,10,2475,AA,LAX,39,100,200,0,0,21,94,183,56,0,56
46,4,13,1,7,2475,DL,LAX,39,100,200,0,0,21,94,183,56,0,56
78,4,13,1,21,2475,DL,LAX,39,100,200,0,0,21,94,183,56,0,56
-3,4,13,1,7,2475,VX,LAX,39,100,200,0,0,21,94,183,56,0,56
9,4,13,1,18,2475,DL,LAX,39,100,200,0,0,21,94,183,56,0,56
3,4,13,1,17,2475,DL,LAX,39,100,200,0,0,21,94,183,56,0,56
-4,4,13,1,8,2475,DL,LAX,39,100,200,0,0,21,94,183,56,0,56
4,4,13,1,11,2475,B6,LAX,39,100,200,0,0,21,94,183,56,0,56
0,4,13,1,6,2475,B6,LAX,39,100,200,0,0,21,94,183,56,0,56
-5,4,13,1,20,2475,VX,LAX,39,100,200,0,0,21,94,183,56,0,56
-2,4,13,1,15,2475,DL,LAX,39,100,200,0,0,21,94,183,56,0,56
1,4,13,1,9,2475,DL,LAX,39,100,200,0,0,21,94,183,56,0,56
-5,4,13,1,11,2475,DL,LAX,39,100,200,0,0,21,94,183,56,0,56
-4,4,13,1,21,2475,B6,LAX,39,100,200,0,0,21,94,183,56,0,56
-5,4,13,1,9,2475,B6,LAX,39,100,200,0,0,21,94,183,56,0,56
46,4,13,1,16,2475,B6,LAX,39,100,200,0,0,21,94,183,56,0,56
2,4,13,1,18,2475,B6,LAX,39,100,200,0,0,21,94,183,56,0,56
-1,4,13,1,12,2475,B6,LAX,39,100,200,0,0,21,94,183,56,0,56
4,4,13,1,16,2475,VX,LAX,39,100,200,0,0,21,94,183,56,0,56
-1,4,13,1,13,2475,VX,LAX,39,100,200,0,0,21,94,183,56,0,56
-5,4,13,1,9,2475,VX,LAX,39,100,200,0,0,21,94,183,56,0,56
4,4,25,6,13,2475,B6,LAX,27,33,167,0,0,25,39,89,41,0,58
-7,4,25,6,6,2475,B6,LAX,27,33,167,0,0,25,39,89,41,0,58
-4,4,25,6,8,2475,DL,LAX,27,33,167,0,0,25,39,89,41,0,58
-3,4,25,6,16,2475,B6,LAX,27,33,167,0,0,25,39,89,41,0,58
-5,4,25,6,11,2475,B6,LAX,27,33,167,0,0,25,39,89,41,0,58
-7,4,25,6,9,2475,B6,LAX,27,33,167,0,0,25,39,89,41,0,58
-5,4,25,6,17,2475,DL,LAX,27,33,167,0,0,25,39,89,41,0,58
-3,4,25,6,18,2475,B6,LAX,27,33,167,0,0,25,39,89,41,0,58
0,4,25,6,12,2475,DL,LAX,27,33,167,0,0,25,39,89,41,0,58
18,4,25,6,18,2475,DL,LAX,27,33,167,0,0,25,39,89,41,0,58
-2,4,25,6,15,2475,DL,LAX,27,33,167,0,0,25,39,89,41,0,58
-2,4,25,6,19,2475,AA,LAX,27,33,167,0,0,25,39,89,41,0,58
50,4,25,6,21,2475,AA,LAX,27,33,167,0,0,25,39,89,41,0,58
-10,4,25,6,16,2475,AA,LAX,27,33,167,0,0,25,39,89,41,0,58
-5,4,25,6,10,2475,AA,LAX,27,33,167,0,0,25,39,89,41,0,58
1,4,25,6,8,2475,AA,LAX,27,33,167,0,0,25,39,89,41,0,58
-7,4,25,6,18,2475,AA,LAX,27,33,167,0,0,25,39,89,41,0,58
-6,4,25,6,11,2475,AA,LAX,27,33,167,0,0,25,39,89,41,0,58
-5,4,25,6,15,2475,AA,LAX,27,33,167,0,0,25,39,89,41,0,58
-5,4,25,6,17,2475,AA,LAX,27,33,167,0,0,25,39,89,41,0,58
-1,4,25,6,12,2475,AA,LAX,27,33,167,0,0,25,39,89,41,0,58
67,4,25,6,9,2475,AA,LAX,27,33,167,0,0,25,39,89,41,0,58
0,4,25,6,8,2475,UA,LAX,27,33,167,0,0,25,39,89,41,0,58
-3,4,25,6,14,2475,UA,LAX,27,33,167,0,0,25,39,89,41,0,58
-4,4,25,6,11,2475,UA,LAX,27,33,167,0,0,25,39,89,41,0,58
-2,4,25,6,17,2475,UA,LAX,27,33,167,0,0,25,39,89,41,0,58
-5,4,25,6,6,2475,UA,LAX,27,33,167,0,0,25,39,89,41,0,58
-8,4,25,6,7,2475,VX,LAX,27,33,167,0,0,25,39,89,41,0,58
-5,4,25,6,16,2475,VX,LAX,27,33,167,0,0,25,39,89,41,0,58
-4,4,25,6,13,2475,VX,LAX,27,33,167,0,0,25,39,89,41,0,58
0,4,25,6,9,2475,VX,LAX,27,33,167,0,0,25,39,89,41,0,58
23,5,8,5,14,2475,UA,LAX,14,133,278,0,0,13,172,272,191,0,38
-5,5,8,5,11,2475,UA,LAX,14,133,278,0,0,13,172,272,191,0,38
89,5,8,5,17,2475,UA,LAX,14,133,278,0,0,13,172,272,191,0,38
11,5,8,5,19,2475,UA,LAX,14,133,278,0,0,13,172,272,191,0,38
-7,5,8,5,8,2475,UA,LAX,14,133,278,0,0,13,172,272,191,0,38
-4,5,8,5,6,2475,UA,LAX,14,133,278,0,0,13,172,272,191,0,38
-3,5,8,5,6,2475,B6,LAX,14,133,278,0,0,13,172,272,191,0,38
4,5,8,5,18,2475,DL,LAX,14,133,278,0,0,13,172,272,191,0,38
-2,5,8,5,8,2475,DL,LAX,14,133,278,0,0,13,172,272,191,0,38
32,5,8,5,17,2475,DL,LAX,14,133,278,0,0,13,172,272,191,0,38
2,5,8,5,21,2475,DL,LAX,14,133,278,0,0,13,172,272,191,0,38
48,5,8,5,7,2475,DL,LAX,14,133,278,0,0,13,172,272,191,0,38
1,5,8,5,11,2475,DL,LAX,14,133,278,0,0,13,172,272,191,0,38
80,5,8,5,9,2475,DL,LAX,14,133,278,0,0,13,172,272,191,0,38
-8,5,8,5,15,2475,DL,LAX,14,133,278,0,0,13,172,272,191,0,38
29,5,8,5,9,2475,B6,LAX,14,133,278,0,0,13,172,272,191,0,38
-1,5,8,5,21,2475,B6,LAX,14,133,278,0,0,13,172,272,191,0,38
-1,5,8,5,16,2475,B6,LAX,14,133,278,0,0,13,172,272,191,0,38
2,5,8,5,18,2475,B6,LAX,14,133,278,0,0,13,172,272,191,0,38
2,5,8,5,13,2475,B6,LAX,14,133,278,0,0,13,172,272,191,0,38
-4,5,8,5,11,2475,B6,LAX,14,133,278,0,0,13,172,272,191,0,38
-6,5,8,5,8,2475,B6,LAX,14,133,278,0,0,13,172,272,191,0,38
5,5,8,5,10,2475,AA,LAX,14,133,278,0,0,13,172,272,191,0,38
1,5,8,5,17,2475,AA,LAX,14,133,278,0,0,13,172,272,191,0,38
0,5,8,5,21,2475,AA,LAX,14,133,278,0,0,13,172,272,191,0,38
-1,5,8,5,8,2475,AA,LAX,14,133,278,0,0,13,172,272,191,0,38
-2,5,8,5,18,2475,AA,LAX,14,133,278,0,0,13,172,272,191,0,38
-1,5,8,5,11,2475,AA,LAX,14,133,278,0,0,13,172,272,191,0,38
-5,5,8,5,7,2475,AA,LAX,14,133,278,0,0,13,172,272,191,0,38
0,5,8,5,12,2475,AA,LAX,14,133,278,0,0,13,172,272,191,0,38
-2,5,8,5,9,2475,AA,LAX,14,133,278,0,0,13,172,272,191,0,38
7,5,8,5,16,2475,AA,LAX,14,133,278,0,0,13,172,272,191,0,38
-1,5,8,5,15,2475,AA,LAX,14,133,278,0,0,13,172,272,191,0,38
6,5,8,5,9,2475,VX,LAX,14,133,278,0,0,13,172,272,191,0,38
5,5,8,5,13,2475,VX,LAX,14,133,278,0,0,13,172,272,191,0,38
65,5,8,5,20,2475,VX,LAX,14,133,278,0,0,13,172,272,191,0,38
-2,5,8,5,7,2475,VX,LAX,14,133,278,0,0,13,172,272,191,0,38
0,5,8,5,16,2475,VX,LAX,14,133,278,0,0,13,172,272,191,0,38
-1,5,21,4,17,2475,UA,LAX,1,111,167,0,0,12,72,206,0,0,44
-3,5,21,4,6,2475,UA,LAX,1,111,167,0,0,12,72,206,0,0,44
24,5,21,4,19,2475,UA,LAX,1,111,167,0,0,12,72,206,0,0,44
-7,5,21,4,11,2475,UA,LAX,1,111,167,0,0,12,72,206,0,0,44
0,5,21,4,14,2475,UA,LAX,1,111,167,0,0,12,72,206,0,0,44
-9,5,21,4,8,2475,UA,LAX,1,111,167,0,0,12,72,206,0,0,44
-3,5,21,4,16,2475,VX,LAX,1,111,167,0,0,12,72,206,0,0,44
0,5,21,4,7,2475,VX,LAX,1,111,167,0,0,12,72,206,0,0,44
0,5,21,4,9,2475,VX,LAX,1,111,167,0,0,12,72,206,0,0,44
1,5,21,4,13,2475,VX,LAX,1,111,167,0,0,12,72,206,0,0,44
0,5,21,4,20,2475,VX,LAX,1,111,167,0,0,12,72,206,0,0,44
-5,5,21,4,11,2475,AA,LAX,1,111,167,0,0,12,72,206,0,0,44
-4,5,21,4,7,2475,AA,LAX,1,111,167,0,0,12,72,206,0,0,44
-3,5,21,4,18,2475,AA,LAX,1,111,167,0,0,12,72,206,0,0,44
-5,5,21,4,8,2475,AA,LAX,1,111,167,0,0,12,72,206,0,0,44
5,5,21,4,21,2475,AA,LAX,1,111,167,0,0,12,72,206,0,0,44
11,5,21,4,12,2475,AA,LAX,1,111,167,0,0,12,72,206,0,0,44
-6,5,21,4,19,2475,AA,LAX,1,111,167,0,0,12,72,206,0,0,44
-2,5,21,4,17,2475,AA,LAX,1,111,167,0,0,12,72,206,0,0,44
-8,5,21,4,10,2475,AA,LAX,1,111,167,0,0,12,72,206,0,0,44
-5,5,21,4,9,2475,AA,LAX,1,111,167,0,0,12,72,206,0,0,44
6,5,21,4,8,2475,B6,LAX,1,111,167,0,0,12,72,206,0,0,44
14,5,21,4,11,2475,B6,LAX,1,111,167,0,0,12,72,206,0,0,44
14,5,21,4,16,2475,AA,LAX,1,111,167,0,0,12,72,206,0,0,44
-7,5,21,4,13,2475,B6,LAX,1,111,167,0,0,12,72,206,0,0,44
0,5,21,4,18,2475,B6,LAX,1,111,167,0,0,12,72,206,0,0,44
4,5,21,4,16,2475,B6,LAX,1,111,167,0,0,12,72,206,0,0,44
-8,5,21,4,15,2475,AA,LAX,1,111,167,0,0,12,72,206,0,0,44
-1,5,21,4,21,2475,B6,LAX,1,111,167,0,0,12,72,206,0,0,44
-2,5,21,4,9,2475,B6,LAX,1,111,167,0,0,12,72,206,0,0,44
-1,5,21,4,6,2475,B6,LAX,1,111,167,0,0,12,72,206,0,0,44
-2,5,21,4,15,2475,DL,LAX,1,111,167,0,0,12,72,206,0,0,44
-2,5,21,4,9,2475,DL,LAX,1,111,167,0,0,12,72,206,0,0,44
15,5,21,4,11,2475,DL,LAX,1,111,167,0,0,12,72,206,0,0,44
-1,5,21,4,7,2475,DL,LAX,1,111,167,0,0,12,72,206,0,0,44
21,5,21,4,21,2475,DL,LAX,1,111,167,0,0,12,72,206,0,0,44
5,5,21,4,17,2475,DL,LAX,1,111,167,0,0,12,72,206,0,0,44
-1,5,21,4,8,2475,DL,LAX,1,111,167,0,0,12,72,206,0,0,44
12,5,21,4,18,2475,DL,LAX,1,111,167,0,0,12,72,206,0,0,44
-7,6,4,4,12,2475,AA,LAX,9,122,183,0,0,23,139,272,0,0,33
-5,6,4,4,7,2475,AA,LAX,9,122,183,0,0,23,139,272,0,0,33
51,6,4,4,11,2475,AA,LAX,9,122,183,0,0,23,139,272,0,0,33
-6,6,4,4,9,2475,AA,LAX,9,122,183,0,0,23,139,272,0,0,33
-7,6,4,4,12,2475,AA,LAX,9,122,183,0,0,23,139,272,0,0,33
-6,6,4,4,9,2475,AA,LAX,9,122,183,0,0,23,139,272,0,0,33
51,6,4,4,11,2475,AA,LAX,9,122,183,0,0,23,139,272,0,0,33
-5,6,4,4,7,2475,AA,LAX,9,122,183,0,0,23,139,272,0,0,33
-5,6,16,2,9,2475,AA,LAX,18,183,261,69,0,10,133,222,0,0,46
8,6,16,2,7,2475,AA,LAX,18,183,261,69,0,10,133,222,0,0,46
-5,6,16,2,9,2475,AA,LAX,18,183,261,69,0,10,133,222,0,0,46
-2,6,16,2,12,2475,AA,LAX,18,183,261,69,0,10,133,222,0,0,46
2,6,16,2,11,2475,AA,LAX,18,183,261,69,0,10,133,222,0,0,46
8,6,16,2,7,2475,AA,LAX,18,183,261,69,0,10,133,222,0,0,46
-2,6,16,2,12,2475,AA,LAX,18,183,261,69,0,10,133,222,0,0,46
2,6,16,2,11,2475,AA,LAX,18,183,261,69,0,10,133,222,0,0,46
-6,6,28,7,12,2475,AA,LAX,6,167,228,74,0,24,122,261,5,0,17
-9,6,28,7,9,2475,AA,LAX,6,167,228,74,0,24,122,261,5,0,17
-6,6,28,7,12,2475,AA,LAX,6,167,228,74,0,24,122,261,5,0,17
-9,6,28,7,9,2475,AA,LAX,6,167,228,74,0,24,122,261,5,0,17
39,6,28,7,11,2475,AA,LAX,6,167,228,74,0,24,122,261,5,0,17
39,6,28,7,11,2475,AA,LAX,6,167,228,74,0,24,122,261,5,0,17
-3,7,12,7,16,2475,VX,LAX,8,222,317,0,0,9,206,283,0,0,28
-2,7,12,7,13,2475,VX,LAX,8,222,317,0,0,9,206,283,0,0,28
-9,7,12,7,9,2475,VX,LAX,8,222,317,0,0,9,206,283,0,0,28
-1,7,12,7,7,2475,VX,LAX,8,222,317,0,0,9,206,283,0,0,28
3,7,12,7,6,2475,B6,LAX,8,222,317,0,0,9,206,283,0,0,28
53,7,12,7,20,2475,DL,LAX,8,222,317,0,0,9,206,283,0,0,28
14,7,12,7,16,2475,DL,LAX,8,222,317,0,0,9,206,283,0,0,28
94,7,12,7,8,2475,DL,LAX,8,222,317,0,0,9,206,283,0,0,28
3,7,12,7,15,2475,DL,LAX,8,222,317,0,0,9,206,283,0,0,28
-4,7,12,7,7,2475,DL,LAX,8,222,317,0,0,9,206,283,0,0,28
-4,7,12,7,12,2475,DL,LAX,8,222,317,0,0,9,206,283,0,0,28
-6,7,12,7,9,2475,DL,LAX,8,222,317,0,0,9,206,283,0,0,28
7,7,12,7,18,2475,DL,LAX,8,222,317,0,0,9,206,283,0,0,28
0,7,12,7,16,2475,B6,LAX,8,222,317,0,0,9,206,283,0,0,28
-2,7,12,7,9,2475,B6,LAX,8,222,317,0,0,9,206,283,0,0,28
-1,7,12,7,11,2475,B6,LAX,8,222,317,0,0,9,206,283,0,0,28
-9,7,12,7,12,2475,B6,LAX,8,222,317,0,0,9,206,283,0,0,28
-8,7,12,7,14,2475,UA,LAX,8,222,317,0,0,9,206,283,0,0,28
-5,7,12,7,11,2475,UA,LAX,8,222,317,0,0,9,206,283,0,0,28
-7,7,12,7,17,2475,UA,LAX,8,222,317,0,0,9,206,283,0,0,28
-3,7,12,7,19,2475,UA,LAX,8,222,317,0,0,9,206,283,0,0,28
-2,7,12,7,8,2475,UA,LAX,8,222,317,0,0,9,206,283,0,0,28
-4,7,12,7,8,2475,B6,LAX,8,222,317,0,0,9,206,283,0,0,28
-3,7,12,7,18,2475,B6,LAX,8,222,317,0,0,9,206,283,0,0,28
9,7,12,7,21,2475,B6,LAX,8,222,317,0,0,9,206,283,0,0,28
-8,7,12,7,20,2475,VX,LAX,8,222,317,0,0,9,206,283,0,0,28
-5,7,12,7,17,2475,AA,LAX,8,222,317,0,0,9,206,283,0,0,28
-7,7,12,7,10,2475,AA,LAX,8,222,317,0,0,9,206,283,0,0,28
-6,7,12,7,19,2475,AA,LAX,8,222,317,0,0,9,206,283,0,0,28
-3,7,12,7,16,2475,AA,LAX,8,222,317,0,0,9,206,283,0,0,28
20,7,12,7,9,2475,AA,LAX,8,222,317,0,0,9,206,283,0,0,28
-5,7,12,7,6,2475,AA,LAX,8,222,317,0,0,9,206,283,0,0,28
-7,7,12,7,12,2475,AA,LAX,8,222,317,0,0,9,206,283,0,0,28
-7,7,12,7,18,2475,AA,LAX,8,222,317,0,0,9,206,283,0,0,28
-2,7,12,7,15,2475,AA,LAX,8,222,317,0,0,9,206,283,0,0,28
-5,7,12,7,21,2475,AA,LAX,8,222,317,0,0,9,206,283,0,0,28
-8,7,12,7,11,2475,AA,LAX,8,222,317,0,0,9,206,283,0,0,28
27,7,24,5,15,2475,DL,LAX,20,211,306,0,0,9,178,289,0,0,30
17,7,24,5,8,2475,DL,LAX,20,211,306,0,0,9,178,289,0,0,30
30,7,24,5,16,2475,DL,LAX,20,211,306,0,0,9,178,289,0,0,30
22,7,24,5,20,2475,DL,LAX,20,211,306,0,0,9,178,289,0,0,30
15,7,24,5,7,2475,DL,LAX,20,211,306,0,0,9,178,289,0,0,30
-4,7,24,5,12,2475,DL,LAX,20,211,306,0,0,9,178,289,0,0,30
-1,7,24,5,9,2475,DL,LAX,20,211,306,0,0,9,178,289,0,0,30
0,7,24,5,18,2475,DL,LAX,20,211,306,0,0,9,178,289,0,0,30
-1,7,24,5,15,2475,AA,LAX,20,211,306,0,0,9,178,289,0,0,30
-1,7,24,5,11,2475,AA,LAX,20,211,306,0,0,9,178,289,0,0,30
-5,7,24,5,12,2475,AA,LAX,20,211,306,0,0,9,178,289,0,0,30
-7,7,24,5,9,2475,AA,LAX,20,211,306,0,0,9,178,289,0,0,30
-5,7,24,5,19,2475,AA,LAX,20,211,306,0,0,9,178,289,0,0,30
-2,7,24,5,21,2475,AA,LAX,20,211,306,0,0,9,178,289,0,0,30
-3,7,24,5,7,2475,AA,LAX,20,211,306,0,0,9,178,289,0,0,30
-7,7,24,5,10,2475,AA,LAX,20,211,306,0,0,9,178,289,0,0,30
-9,7,24,5,16,2475,AA,LAX,20,211,306,0,0,9,178,289,0,0,30
0,7,24,5,17,2475,AA,LAX,20,211,306,0,0,9,178,289,0,0,30
-4,7,24,5,18,2475,AA,LAX,20,211,306,0,0,9,178,289,0,0,30
-1,7,24,5,11,2475,B6,LAX,20,211,306,0,0,9,178,289,0,0,30
15,7,24,5,13,2475,B6,LAX,20,211,306,0,0,9,178,289,0,0,30
4,7,24,5,16,2475,B6,LAX,20,211,306,0,0,9,178,289,0,0,30
-4,7,24,5,18,2475,B6,LAX,20,211,306,0,0,9,178,289,0,0,30
0,7,24,5,21,2475,B6,LAX,20,211,306,0,0,9,178,289,0,0,30
2,7,24,5,6,2475,UA,LAX,20,211,306,0,0,9,178,289,0,0,30
0,7,24,5,8,2475,UA,LAX,20,211,306,0,0,9,178,289,0,0,30
-2,7,24,5,19,2475,UA,LAX,20,211,306,0,0,9,178,289,0,0,30
0,7,24,5,17,2475,UA,LAX,20,211,306,0,0,9,178,289,0,0,30
-2,7,24,5,11,2475,UA,LAX,20,211,306,0,0,9,178,289,0,0,30
76,7,24,5,14,2475,UA,LAX,20,211,306,0,0,9,178,289,0,0,30
0,7,24,5,6,2475,B6,LAX,20,211,306,0,0,9,178,289,0,0,30
0,7,24,5,8,2475,B6,LAX,20,211,306,0,0,9,178,289,0,0,30
-2,7,24,5,20,2475,VX,LAX,20,211,306,0,0,9,178,289,0,0,30
14,7,24,5,16,2475,VX,LAX,20,211,306,0,0,9,178,289,0,0,30
-5,7,24,5,13,2475,VX,LAX,20,211,306,0,0,9,178,289,0,0,30
-7,7,24,5,9,2475,VX,LAX,20,211,306,0,0,9,178,289,0,0,30
-4,7,24,5,7,2475,VX,LAX,20,211,306,0,0,9,178,289,0,0,30
-3,7,24,5,9,2475,B6,LAX,20,211,306,0,0,9,178,289,0,0,30
320,8,7,5,17,2475,AA,LAX,25,206,289,0,0,24,172,283,0,0,38
-6,8,7,5,9,2475,AA,LAX,25,206,289,0,0,24,172,283,0,0,38
-6,8,7,5,15,2475,AA,LAX,25,206,289,0,0,24,172,283,0,0,38
0,8,7,5,16,2475,B6,LAX,25,206,289,0,0,24,172,283,0,0,38
-3,8,7,5,18,2475,AA,LAX,25,206,289,0,0,24,172,283,0,0,38
75,8,7,5,7,2475,AA,LAX,25,206,289,0,0,24,172,283,0,0,38
0,8,7,5,9,2475,B6,LAX,25,206,289,0,0,24,172,283,0,0,38
-6,8,7,5,18,2475,DL,LAX,25,206,289,0,0,24,172,283,0,0,38
-3,8,7,5,6,2475,B6,LAX,25,206,289,0,0,24,172,283,0,0,38
69,8,7,5,15,2475,DL,LAX,25,206,289,0,0,24,172,283,0,0,38
0,8,7,5,21,2475,AA,LAX,25,206,289,0,0,24,172,283,0,0,38
-6,8,7,5,11,2475,AA,LAX,25,206,289,0,0,24,172,283,0,0,38
-3,8,7,5,12,2475,AA,LAX,25,206,289,0,0,24,172,283,0,0,38
0,8,7,5,8,2475,DL,LAX,25,206,289,0,0,24,172,283,0,0,38
-3,8,7,5,21,2475,B6,LAX,25,206,289,0,0,24,172,283,0,0,38
69,8,7,5,17,2475,DL,LAX,25,206,289,0,0,24,172,283,0,0,38
23,8,7,5,20,2475,DL,LAX,25,206,289,0,0,24,172,283,0,0,38
-4,8,7,5,7,2475,DL,LAX,25,206,289,0,0,24,172,283,0,0,38
-2,8,7,5,19,2475,AA,LAX,25,206,289,0,0,24,172,283,0,0,38
-3,8,7,5,12,2475,DL,LAX,25,206,289,0,0,24,172,283,0,0,38
5,8,7,5,8,2475,B6,LAX,25,206,289,0,0,24,172,283,0,0,38
-2,8,7,5,18,2475,B6,LAX,25,206,289,0,0,24,172,283,0,0,38
-5,8,7,5,16,2475,AA,LAX,25,206,289,0,0,24,172,283,0,0,38
4,8,7,5,13,2475,B6,LAX,25,206,289,0,0,24,172,283,0,0,38
-3,8,7,5,9,2475,DL,LAX,25,206,289,0,0,24,172,283,0,0,38
-2,8,7,5,11,2475,B6,LAX,25,206,289,0,0,24,172,283,0,0,38
4,8,7,5,10,2475,AA,LAX,25,206,289,0,0,24,172,283,0,0,38
59,8,7,5,14,2475,UA,LAX,25,206,289,0,0,24,172,283,0,0,38
3,8,7,5,11,2475,UA,LAX,25,206,289,0,0,24,172,283,0,0,38
-4,8,7,5,7,2475,VX,LAX,25,206,289,0,0,24,172,283,0,0,38
-3,8,7,5,9,2475,VX,LAX,25,206,289,0,0,24,172,283,0,0,38
96,8,7,5,13,2475,VX,LAX,25,206,289,0,0,24,172,283,0,0,38
-5,8,7,5,6,2475,UA,LAX,25,206,289,0,0,24,172,283,0,0,38
-5,8,7,5,8,2475,UA,LAX,25,206,289,0,0,24,172,283,0,0,38
1,8,7,5,19,2475,UA,LAX,25,206,289,0,0,24,172,283,0,0,38
185,8,7,5,17,2475,UA,LAX,25,206,289,0,0,24,172,283,0,0,38
-2,8,7,5,16,2475,VX,LAX,25,206,289,0,0,24,172,283,0,0,38
20,8,7,5,20,2475,VX,LAX,25,206,289,0,0,24,172,283,0,0,38
-1,8,19,3,16,2475,VX,LAX,13,250,306,0,0,18,167,239,0,0,60
30,8,19,3,19,2475,UA,LAX,13,250,306,0,0,18,167,239,0,0,60
5,8,19,3,20,2475,VX,LAX,13,250,306,0,0,18,167,239,0,0,60
2,8,19,3,14,2475,UA,LAX,13,250,306,0,0,18,167,239,0,0,60
-5,8,19,3,11,2475,UA,LAX,13,250,306,0,0,18,167,239,0,0,60
-4,8,19,3,17,2475,UA,LAX,13,250,306,0,0,18,167,239,0,0,60
-3,8,19,3,6,2475,UA,LAX,13,250,306,0,0,18,167,239,0,0,60
-4,8,19,3,8,2475,UA,LAX,13,250,306,0,0,18,167,239,0,0,60
-3,8,19,3,7,2475,VX,LAX,13,250,306,0,0,18,167,239,0,0,60
0,8,19,3,9,2475,VX,LAX,13,250,306,0,0,18,167,239,0,0,60
-1,8,19,3,13,2475,VX,LAX,13,250,306,0,0,18,167,239,0,0,60
-5,8,19,3,7,2475,AA,LAX,13,250,306,0,0,18,167,239,0,0,60
-1,8,19,3,8,2475,DL,LAX,13,250,306,0,0,18,167,239,0,0,60
0,8,19,3,21,2475,B6,LAX,13,250,306,0,0,18,167,239,0,0,60
1,8,19,3,18,2475,B6,LAX,13,250,306,0,0,18,167,239,0,0,60
8,8,19,3,15,2475,DL,LAX,13,250,306,0,0,18,167,239,0,0,60
-2,8,19,3,21,2475,AA,LAX,13,250,306,0,0,18,167,239,0,0,60
-3,8,19,3,13,2475,DL,LAX,13,250,306,0,0,18,167,239,0,0,60
0,8,19,3,18,2475,DL,LAX,13,250,306,0,0,18,167,239,0,0,60
4,8,19,3,20,2475,DL,LAX,13,250,306,0,0,18,167,239,0,0,60
-6,8,19,3,10,2475,AA,LAX,13,250,306,0,0,18,167,239,0,0,60
1,8,19,3,7,2475,DL,LAX,13,250,306,0,0,18,167,239,0,0,60
5,8,19,3,12,2475,AA,LAX,13,250,306,0,0,18,167,239,0,0,60
-1,8,19,3,12,2475,DL,LAX,13,250,306,0,0,18,167,239,0,0,60
34,8,19,3,17,2475,DL,LAX,13,250,306,0,0,18,167,239,0,0,60
-8,8,19,3,11,2475,AA,LAX,13,250,306,0,0,18,167,239,0,0,60
0,8,19,3,16,2475,AA,LAX,13,250,306,0,0,18,167,239,0,0,60
-4,8,19,3,6,2475,AA,LAX,13,250,306,0,0,18,167,239,0,0,60
-6,8,19,3,9,2475,AA,LAX,13,250,306,0,0,18,167,239,0,0,60
19,8,19,3,18,2475,AA,LAX,13,250,306,0,0,18,167,239,0,0,60
-5,8,19,3,9,2475,DL,LAX,13,250,306,0,0,18,167,239,0,0,60
-6,8,19,3,17,2475,AA,LAX,13,250,306,0,0,18,167,239,0,0,60
-2,8,19,3,15,2475,AA,LAX,13,250,306,0,0,18,167,239,0,0,60
-6,8,19,3,8,2475,B6,LAX,13,250,306,0,0,18,167,239,0,0,60
-1,8,19,3,9,2475,B6,LAX,13,250,306,0,0,18,167,239,0,0,60
-3,8,19,3,11,2475,B6,LAX,13,250,306,0,0,18,167,239,0,0,60
0,8,19,3,12,2475,B6,LAX,13,250,306,0,0,18,167,239,0,0,60
-2,8,19,3,6,2475,B6,LAX,13,250,306,0,0,18,167,239,0,0,60
0,8,19,3,16,2475,B6,LAX,13,250,306,0,0,18,167,239,0,0,60
-9,8,19,3,19,2475,AA,LAX,13,250,306,0,0,18,167,239,0,0,60
19,8,20,4,12,2475,AA,LAX,12,250,300,3,0,25,150,233,0,0,62
-6,8,20,4,10,2475,AA,LAX,12,250,300,3,0,25,150,233,0,0,62
40,8,20,4,19,2475,AA,LAX,12,250,300,3,0,25,150,233,0,0,62
-3,8,20,4,6,2475,B6,LAX,12,250,300,3,0,25,150,233,0,0,62
101,8,20,4,21,2475,AA,LAX,12,250,300,3,0,25,150,233,0,0,62
-2,8,20,4,8,2475,B6,LAX,12,250,300,3,0,25,150,233,0,0,62
-3,8,20,4,9,2475,B6,LAX,12,250,300,3,0,25,150,233,0,0,62
-3,8,20,4,11,2475,B6,LAX,12,250,300,3,0,25,150,233,0,0,62
-1,8,20,4,12,2475,B6,LAX,12,250,300,3,0,25,150,233,0,0,62
-2,8,20,4,16,2475,B6,LAX,12,250,300,3,0,25,150,233,0,0,62
-1,8,20,4,18,2475,B6,LAX,12,250,300,3,0,25,150,233,0,0,62
13,8,20,4,21,2475,B6,LAX,12,250,300,3,0,25,150,233,0,0,62
-5,8,20,4,17,2475,AA,LAX,12,250,300,3,0,25,150,233,0,0,62
-5,8,20,4,16,2475,AA,LAX,12,250,300,3,0,25,150,233,0,0,62
-2,8,20,4,6,2475,AA,LAX,12,250,300,3,0,25,150,233,0,0,62
-4,8,20,4,15,2475,AA,LAX,12,250,300,3,0,25,150,233,0,0,62
-4,8,20,4,9,2475,AA,LAX,12,250,300,3,0,25,150,233,0,0,62
101,8,20,4,18,2475,AA,LAX,12,250,300,3,0,25,150,233,0,0,62
-7,8,20,4,11,2475,AA,LAX,12,250,300,3,0,25,150,233,0,0,62
-9,8,20,4,7,2475,AA,LAX,12,250,300,3,0,25,150,233,0,0,62
5,8,20,4,13,2475,DL,LAX,12,250,300,3,0,25,150,233,0,0,62
0,8,20,4,9,2475,DL,LAX,12,250,300,3,0,25,150,233,0,0,62
-3,8,20,4,7,2475,DL,LAX,12,250,300,3,0,25,150,233,0,0,62
-2,8,20,4,17,2475,DL,LAX,12,250,300,3,0,25,150,233,0,0,62
-7,8,20,4,12,2475,DL,LAX,12,250,300,3,0,25,150,233,0,0,62
6,8,20,4,20,2475,DL,LAX,12,250,300,3,0,25,150,233,0,0,62
-1,8,20,4,15,2475,DL,LAX,12,250,300,3,0,25,150,233,0,0,62
6,8,20,4,8,2475,DL,LAX,12,250,300,3,0,25,150,233,0,0,62
1,8,20,4,18,2475,DL,LAX,12,250,300,3,0,25,150,233,0,0,62
32,8,20,4,14,2475,UA,LAX,12,250,300,3,0,25,150,233,0,0,62
-4,8,20,4,7,2475,VX,LAX,12,250,300,3,0,25,150,233,0,0,62
97,8,20,4,20,2475,VX,LAX,12,250,300,3,0,25,150,233,0,0,62
-5,8,20,4,16,2475,VX,LAX,12,250,300,3,0,25,150,233,0,0,62
-4,8,20,4,13,2475,VX,LAX,12,250,300,3,0,25,150,233,0,0,62
66,8,20,4,19,2475,UA,LAX,12,250,300,3,0,25,150,233,0,0,62
-5,8,20,4,9,2475,VX,LAX,12,250,300,3,0,25,150,233,0,0,62
-3,8,20,4,11,2475,UA,LAX,12,250,300,3,0,25,150,233,0,0,62
-1,8,20,4,17,2475,UA,LAX,12,250,300,3,0,25,150,233,0,0,62
2,8,20,4,8,2475,UA,LAX,12,250,300,3,0,25,150,233,0,0,62
-3,8,20,4,6,2475,UA,LAX,12,250,300,3,0,25,150,233,0,0,62
-11,9,3,4,7,2475,VX,LAX,2,233,339,0,0,9,217,328,0,0,40
-6,9,3,4,11,2475,B6,LAX,2,233,339,0,0,9,217,328,0,0,40
-10,9,3,4,6,2475,UA,LAX,2,233,339,0,0,9,217,328,0,0,40
-2,9,3,4,8,2475,UA,LAX,2,233,339,0,0,9,217,328,0,0,40
23,9,3,4,19,2475,UA,LAX,2,233,339,0,0,9,217,328,0,0,40
2,9,3,4,17,2475,UA,LAX,2,233,339,0,0,9,217,328,0,0,40
6,9,3,4,11,2475,UA,LAX,2,233,339,0,0,9,217,328,0,0,40
257,9,3,4,14,2475,UA,LAX,2,233,339,0,0,9,217,328,0,0,40
-3,9,3,4,15,2475,DL,LAX,2,233,339,0,0,9,217,328,0,0,40
-5,9,3,4,8,2475,DL,LAX,2,233,339,0,0,9,217,328,0,0,40
21,9,3,4,17,2475,DL,LAX,2,233,339,0,0,9,217,328,0,0,40
33,9,3,4,21,2475,DL,LAX,2,233,339,0,0,9,217,328,0,0,40
-6,9,3,4,14,2475,DL,LAX,2,233,339,0,0,9,217,328,0,0,40
-2,9,3,4,7,2475,DL,LAX,2,233,339,0,0,9,217,328,0,0,40
-5,9,3,4,9,2475,DL,LAX,2,233,339,0,0,9,217,328,0,0,40
0,9,3,4,18,2475,DL,LAX,2,233,339,0,0,9,217,328,0,0,40
-6,9,3,4,8,2475,B6,LAX,2,233,339,0,0,9,217,328,0,0,40
-3,9,3,4,21,2475,B6,LAX,2,233,339,0,0,9,217,328,0,0,40
-2,9,3,4,9,2475,B6,LAX,2,233,339,0,0,9,217,328,0,0,40
-4,9,3,4,12,2475,B6,LAX,2,233,339,0,0,9,217,328,0,0,40
0,9,3,4,18,2475,B6,LAX,2,233,339,0,0,9,217,328,0,0,40
0,9,3,4,20,2475,VX,LAX,2,233,339,0,0,9,217,328,0,0,40
-5,9,3,4,16,2475,B6,LAX,2,233,339,0,0,9,217,328,0,0,40
-3,9,3,4,6,2475,B6,LAX,2,233,339,0,0,9,217,328,0,0,40
-3,9,3,4,16,2475,VX,LAX,2,233,339,0,0,9,217,328,0,0,40
-5,9,3,4,13,2475,VX,LAX,2,233,339,0,0,9,217,328,0,0,40
-6,9,3,4,9,2475,VX,LAX,2,233,339,0,0,9,217,328,0,0,40
16,9,3,4,15,2475,AA,LAX,2,233,339,0,0,9,217,328,0,0,40
-4,9,3,4,17,2475,AA,LAX,2,233,339,0,0,9,217,328,0,0,40
-6,9,3,4,11,2475,AA,LAX,2,233,339,0,0,9,217,328,0,0,40
-3,9,3,4,9,2475,AA,LAX,2,233,339,0,0,9,217,328,0,0,40
-6,9,3,4,18,2475,AA,LAX,2,233,339,0,0,9,217,328,0,0,40
-3,9,3,4,19,2475,AA,LAX,2,233,339,0,0,9,217,328,0,0,40
-3,9,3,4,7,2475,AA,LAX,2,233,339,0,0,9,217,328,0,0,40
-7,9,3,4,12,2475,AA,LAX,2,233,339,0,0,9,217,328,0,0,40
-8,9,3,4,10,2475,AA,LAX,2,233,339,0,0,9,217,328,0,0,40
2,9,3,4,21,2475,AA,LAX,2,233,339,0,0,9,217,328,0,0,40
21,9,3,4,16,2475,AA,LAX,2,233,339,0,0,9,217,328,0,0,40
-3,9,3,4,6,2475,AA,LAX,2,233,339,0,0,9,217,328,0,0,40
-5,9,15,2,15,2475,AA,LAX,14,167,289,0,0,10,167,278,0,0,51
-2,9,15,2,6,2475,AA,LAX,14,167,289,0,0,10,167,278,0,0,51
-8,9,15,2,10,2475,AA,LAX,14,167,289,0,0,10,167,278,0,0,51
41,9,15,2,20,2475,AA,LAX,14,167,289,0,0,10,167,278,0,0,51
-3,9,15,2,21,2475,AA,LAX,14,167,289,0,0,10,167,278,0,0,51
17,9,15,2,17,2475,AA,LAX,14,167,289,0,0,10,167,278,0,0,51
-7,9,15,2,16,2475,AA,LAX,14,167,289,0,0,10,167,278,0,0,51
-7,9,15,2,8,2475,AA,LAX,14,167,289,0,0,10,167,278,0,0,51
-2,9,15,2,18,2475,AA,LAX,14,167,289,0,0,10,167,278,0,0,51
-6,9,15,2,11,2475,AA,LAX,14,167,289,0,0,10,167,278,0,0,51
-6,9,15,2,12,2475,AA,LAX,14,167,289,0,0,10,167,278,0,0,51
0,9,15,2,9,2475,AA,LAX,14,167,289,0,0,10,167,278,0,0,51
15,9,15,2,21,2475,DL,LAX,14,167,289,0,0,10,167,278,0,0,51
-3,9,15,2,13,2475,DL,LAX,14,167,289,0,0,10,167,278,0,0,51
-4,9,15,2,8,2475,DL,LAX,14,167,289,0,0,10,167,278,0,0,51
1,9,15,2,15,2475,DL,LAX,14,167,289,0,0,10,167,278,0,0,51
-7,9,15,2,7,2475,VX,LAX,14,167,289,0,0,10,167,278,0,0,51
-3,9,15,2,9,2475,VX,LAX,14,167,289,0,0,10,167,278,0,0,51
-3,9,15,2,13,2475,B6,LAX,14,167,289,0,0,10,167,278,0,0,51
-4,9,15,2,20,2475,VX,LAX,14,167,289,0,0,10,167,278,0,0,51
-7,9,15,2,11,2475,B6,LAX,14,167,289,0,0,10,167,278,0,0,51
0,9,15,2,16,2475,VX,LAX,14,167,289,0,0,10,167,278,0,0,51
-7,9,15,2,13,2475,VX,LAX,14,167,289,0,0,10,167,278,0,0,51
-5,9,15,2,19,2475,B6,LAX,14,167,289,0,0,10,167,278,0,0,51
10,9,15,2,17,2475,DL,LAX,14,167,289,0,0,10,167,278,0,0,51
-1,9,15,2,20,2475,B6,LAX,14,167,289,0,0,10,167,278,0,0,51
-4,9,15,2,9,2475,B6,LAX,14,167,289,0,0,10,167,278,0,0,51
-4,9,15,2,14,2475,UA,LAX,14,167,289,0,0,10,167,278,0,0,51
8,9,15,2,11,2475,UA,LAX,14,167,289,0,0,10,167,278,0,0,51
0,9,15,2,17,2475,UA,LAX,14,167,289,0,0,10,167,278,0,0,51
36,9,15,2,19,2475,UA,LAX,14,167,289,0,0,10,167,278,0,0,51
7,9,15,2,6,2475,UA,LAX,14,167,289,0,0,10,167,278,0,0,51
0,9,15,2,18,2475,DL,LAX,14,167,289,0,0,10,167,278,0,0,51
-6,9,15,2,7,2475,DL,LAX,14,167,289,0,0,10,167,278,0,0,51
13,9,15,2,7,2475,B6,LAX,14,167,289,0,0,10,167,278,0,0,51
-6,9,15,2,17,2475,B6,LAX,14,167,289,0,0,10,167,278,0,0,51
-1,9,27,7,12,2475,DL,LAX,16,133,217,0,0,22,161,233,0,0,32
-3,9,27,7,9,2475,DL,LAX,16,133,217,0,0,22,161,233,0,0,32
32,9,27,7,18,2475,DL,LAX,16,133,217,0,0,22,161,233,0,0,32
-4,9,27,7,15,2475,DL,LAX,16,133,217,0,0,22,161,233,0,0,32
0,9,27,7,8,2475,DL,LAX,16,133,217,0,0,22,161,233,0,0,32
1,9,27,7,13,2475,DL,LAX,16,133,217,0,0,22,161,233,0,0,32
33,9,27,7,17,2475,DL,LAX,16,133,217,0,0,22,161,233,0,0,32
21,9,27,7,21,2475,DL,LAX,16,133,217,0,0,22,161,233,0,0,32
-1,9,27,7,7,2475,DL,LAX,16,133,217,0,0,22,161,233,0,0,32
-1,9,27,7,9,2475,B6,LAX,16,133,217,0,0,22,161,233,0,0,32
-6,9,27,7,13,2475,B6,LAX,16,133,217,0,0,22,161,233,0,0,32
3,9,27,7,11,2475,UA,LAX,16,133,217,0,0,22,161,233,0,0,32
-7,9,27,7,11,2475,B6,LAX,16,133,217,0,0,22,161,233,0,0,32
4,9,27,7,19,2475,UA,LAX,16,133,217,0,0,22,161,233,0,0,32
-1,9,27,7,20,2475,B6,LAX,16,133,217,0,0,22,161,233,0,0,32
-3,9,27,7,20,2475,VX,LAX,16,133,217,0,0,22,161,233,0,0,32
23,9,27,7,16,2475,VX,LAX,16,133,217,0,0,22,161,233,0,0,32
-2,9,27,7,7,2475,B6,LAX,16,133,217,0,0,22,161,233,0,0,32
28,9,27,7,13,2475,VX,LAX,16,133,217,0,0,22,161,233,0,0,32
-5,9,27,7,9,2475,VX,LAX,16,133,217,0,0,22,161,233,0,0,32
-5,9,27,7,7,2475,VX,LAX,16,133,217,0,0,22,161,233,0,0,32
-3,9,27,7,19,2475,B6,LAX,16,133,217,0,0,22,161,233,0,0,32
-4,9,27,7,14,2475,UA,LAX,16,133,217,0,0,22,161,233,0,0,32
-5,9,27,7,16,2475,B6,LAX,16,133,217,0,0,22,161,233,0,0,32
9,9,27,7,17,2475,UA,LAX,16,133,217,0,0,22,161,233,0,0,32
40,9,27,7,8,2475,UA,LAX,16,133,217,0,0,22,161,233,0,0,32
-5,9,27,7,9,2475,AA,LAX,16,133,217,0,0,22,161,233,0,0,32
15,9,27,7,10,2475,AA,LAX,16,133,217,0,0,22,161,233,0,0,32
-4,9,27,7,15,2475,AA,LAX,16,133,217,0,0,22,161,233,0,0,32
-2,9,27,7,17,2475,AA,LAX,16,133,217,0,0,22,161,233,0,0,32
7,9,27,7,21,2475,AA,LAX,16,133,217,0,0,22,161,233,0,0,32
-3,9,27,7,6,2475,AA,LAX,16,133,217,0,0,22,161,233,0,0,32
-4,9,27,7,20,2475,AA,LAX,16,133,217,0,0,22,161,233,0,0,32
1,9,27,7,16,2475,AA,LAX,16,133,217,0,0,22,161,233,0,0,32
-4,9,27,7,8,2475,AA,LAX,16,133,217,0,0,22,161,233,0,0,32
-2,9,27,7,11,2475,AA,LAX,16,133,217,0,0,22,161,233,0,0,32
-4,9,27,7,12,2475,AA,LAX,16,133,217,0,0,22,161,233,0,0,32
1,9,27,7,18,2475,AA,LAX,16,133,217,0,0,22,161,233,0,0,32
