12,1,9,5,7,2475,VX,LAX,8,-71,6,18,38,39,-177,-116,0,0,74
29,1,9,5,20,2475,VX,LAX,8,-71,6,18,38,39,-177,-116,0,0,74
-1,1,9,5,16,2475,VX,LAX,8,-71,6,18,38,39,-177,-116,0,0,74
4,1,9,5,13,2475,VX,LAX,8,-71,6,18,38,39,-177,-116,0,0,74
15,1,9,5,9,2475,VX,LAX,8,-71,6,18,38,39,-177,-116,0,0,74
-2,1,9,5,10,2475,AA,LAX,8,-71,6,18,38,39,-177,-116,0,0,74
-4,1,9,5,18,2475,B6,LAX,8,-71,6,18,38,39,-177,-116,0,0,74
27,1,9,5,18,2475,AA,LAX,8,-71,6,18,38,39,-177,-116,0,0,74
8,1,9,5,19,2475,AA,LAX,8,-71,6,18,38,39,-177,-116,0,0,74
1,1,9,5,11,2475,B6,LAX,8,-71,6,18,38,39,-177,-116,0,0,74
2,1,9,5,6,2475,B6,LAX,8,-71,6,18,38,39,-177,-116,0,0,74
-3,1,9,5,6,2475,UA,LAX,8,-71,6,18,38,39,-177,-116,0,0,74
-2,1,9,5,8,2475,UA,LAX,8,-71,6,18,38,39,-177,-116,0,0,74
12,1,9,5,9,2475,B6,LAX,8,-71,6,18,38,39,-177,-116,0,0,74
2,1,9,5,19,2475,UA,LAX,8,-71,6,18,38,39,-177,-116,0,0,74
4,1,9,5,17,2475,UA,LAX,8,-71,6,18,38,39,-177,-116,0,0,74
-3,1,9,5,11,2475,UA,LAX,8,-71,6,18,38,39,-177,-116,0,0,74
22,1,9,5,16,2475,AA,LAX,8,-71,6,18,38,39,-177,-116,0,0,74
-1,1,9,5,14,2475,UA,LAX,8,-71,6,18,38,39,-177,-116,0,0,74
1,1,9,5,9,2475,AA,LAX,8,-71,6,18,38,39,-177,-116,0,0,74
1,1,9,5,15,2475,B6,LAX,8,-71,6,18,38,39,-177,-116,0,0,74
-9,1,9,5,8,2475,AA,LAX,8,-71,6,18,38,39,-177,-116,0,0,74
0,1,9,5,12,2475,AA,LAX,8,-71,6,18,38,39,-177,-116,0,0,74
-3,1,9,5,17,2475,AA,LAX,8,-71,6,18,38,39,-177,-116,0,0,74
14,1,9,5,20,2475,AA,LAX,8,-71,6,18,38,39,-177,-116,0,0,74
-3,1,9,5,8,2475,B6,LAX,8,-71,6,18,38,39,-177,-116,0,0,74
19,1,9,5,11,2475,AA,LAX,8,-71,6,18,38,39,-177,-116,0,0,74
-4,1,9,5,14,2475,AA,LAX,8,-71,6,18,38,39,-177,-116,0,0,74
17,1,9,5,8,2475,DL,LAX,8,-71,6,18,38,39,-177,-116,0,0,74
3,1,9,5,18,2475,DL,LAX,8,-71,6,18,38,39,-177,-116,0,0,74
74,1,9,5,11,2475,DL,LAX,8,-71,6,18,38,39,-177,-116,0,0,74
0,1,9,5,21,2475,DL,LAX,8,-71,6,18,38,39,-177,-116,0,0,74
4,1,9,5,7,2475,DL,LAX,8,-71,6,18,38,39,-177,-116,0,0,74
10,1,9,5,15,2475,DL,LAX,8,-71,6,18,38,39,-177,-116,0,0,74
84,1,9,5,9,2475,DL,LAX,8,-71,6,18,38,39,-177,-116,0,0,74
-1,1,9,5,17,2475,DL,LAX,8,-71,6,18,38,39,-177,-116,0,0,74
10,1,9,5,21,2475,B6,LAX,8,-71,6,18,38,39,-177,-116,0,0,74
8,1,9,5,6,2475,AA,LAX,8,-71,6,18,38,39,-177,-116,0,0,74
1,1,9,5,7,2475,AA,LAX,8,-71,6,18,38,39,-177,-116,0,0,74
-1,1,10,6,16,2475,VX,LAX,9,-88,-49,0,0,36,-188,-43,0,0,52
0,1,10,6,7,2475,VX,LAX,9,-88,-49,0,0,36,-188,-43,0,0,52
-4,1,10,6,9,2475,VX,LAX,9,-88,-49,0,0,36,-188,-43,0,0,52
-3,1,10,6,13,2475,VX,LAX,9,-88,-49,0,0,36,-188,-43,0,0,52
19,1,10,6,6,2475,UA,LAX,9,-88,-49,0,0,36,-188,-43,0,0,52
0,1,10,6,8,2475,UA,LAX,9,-88,-49,0,0,36,-188,-43,0,0,52
11,1,10,6,17,2475,UA,LAX,9,-88,-49,0,0,36,-188,-43,0,0,52
-4,1,10,6,11,2475,UA,LAX,9,-88,-49,0,0,36,-188,-43,0,0,52
-5,1,10,6,14,2475,UA,LAX,9,-88,-49,0,0,36,-188,-43,0,0,52
-3,1,10,6,6,2475,B6,LAX,9,-88,-49,0,0,36,-188,-43,0,0,52
-5,1,10,6,8,2475,AA,LAX,9,-88,-49,0,0,36,-188,-43,0,0,52
-6,1,10,6,10,2475,AA,LAX,9,-88,-49,0,0,36,-188,-43,0,0,52
12,1,10,6,18,2475,AA,LAX,9,-88,-49,0,0,36,-188,-43,0,0,52
-3,1,10,6,14,2475,AA,LAX,9,-88,-49,0,0,36,-188,-43,0,0,52
-4,1,10,6,11,2475,AA,LAX,9,-88,-49,0,0,36,-188,-43,0,0,52
10,1,10,6,20,2475,AA,LAX,9,-88,-49,0,0,36,-188,-43,0,0,52
-2,1,10,6,8,2475,B6,LAX,9,-88,-49,0,0,36,-188,-43,0,0,52
31,1,10,6,8,2475,DL,LAX,9,-88,-49,0,0,36,-188,-43,0,0,52
34,1,10,6,11,2475,DL,LAX,9,-88,-49,0,0,36,-188,-43,0,0,52
-2,1,10,6,18,2475,DL,LAX,9,-88,-49,0,0,36,-188,-43,0,0,52
-4,1,10,6,12,2475,AA,LAX,9,-88,-49,0,0,36,-188,-43,0,0,52
-2,1,10,6,15,2475,DL,LAX,9,-88,-49,0,0,36,-188,-43,0,0,52
-5,1,10,6,16,2475,AA,LAX,9,-88,-49,0,0,36,-188,-43,0,0,52
1,1,10,6,17,2475,DL,LAX,9,-88,-49,0,0,36,-188,-43,0,0,52
-1,1,10,6,17,2475,AA,LAX,9,-88,-49,0,0,36,-188,-43,0,0,52
-5,1,10,6,9,2475,B6,LAX,9,-88,-49,0,0,36,-188,-43,0,0,52
3,1,10,6,9,2475,AA,LAX,9,-88,-49,0,0,36,-188,-43,0,0,52
0,1,10,6,18,2475,B6,LAX,9,-88,-49,0,0,36,-188,-43,0,0,52
-2,1,10,6,15,2475,B6,LAX,9,-88,-49,0,0,36,-188,-43,0,0,52
-1,1,10,6,11,2475,B6,LAX,9,-88,-49,0,0,36,-188,-43,0,0,52
-1,1,10,6,7,2475,AA,LAX,9,-88,-49,0,0,36,-188,-43,0,0,52
10,1,22,4,19,2475,UA,LAX,1,-5,44,0,0,25,-21,-5,0,0,31
-2,1,22,4,14,2475,UA,LAX,1,-5,44,0,0,25,-21,-5,0,0,31
-2,1,22,4,6,2475,UA,LAX,1,-5,44,0,0,25,-21,-5,0,0,31
-3,1,22,4,17,2475,UA,LAX,1,-5,44,0,0,25,-21,-5,0,0,31
-8,1,22,4,8,2475,UA,LAX,1,-5,44,0,0,25,-21,-5,0,0,31
2,1,22,4,11,2475,UA,LAX,1,-5,44,0,0,25,-21,-5,0,0,31
67,1,22,4,21,2475,DL,LAX,1,-5,44,0,0,25,-21,-5,0,0,31
-5,1,22,4,11,2475,DL,LAX,1,-5,44,0,0,25,-21,-5,0,0,31
-8,1,22,4,9,2475,AA,LAX,1,-5,44,0,0,25,-21,-5,0,0,31
5,1,22,4,18,2475,AA,LAX,1,-5,44,0,0,25,-21,-5,0,0,31
-6,1,22,4,18,2475,DL,LAX,1,-5,44,0,0,25,-21,-5,0,0,31
-2,1,22,4,8,2475,DL,LAX,1,-5,44,0,0,25,-21,-5,0,0,31
-6,1,22,4,9,2475,B6,LAX,1,-5,44,0,0,25,-21,-5,0,0,31
-10,1,22,4,20,2475,AA,LAX,1,-5,44,0,0,25,-21,-5,0,0,31
-6,1,22,4,8,2475,AA,LAX,1,-5,44,0,0,25,-21,-5,0,0,31
-7,1,22,4,11,2475,AA,LAX,1,-5,44,0,0,25,-21,-5,0,0,31
-8,1,22,4,14,2475,AA,LAX,1,-5,44,0,0,25,-21,-5,0,0,31
-4,1,22,4,19,2475,AA,LAX,1,-5,44,0,0,25,-21,-5,0,0,31
-5,1,22,4,17,2475,AA,LAX,1,-5,44,0,0,25,-21,-5,0,0,31
-9,1,22,4,10,2475,AA,LAX,1,-5,44,0,0,25,-21,-5,0,0,31
-3,1,22,4,8,2475,B6,LAX,1,-5,44,0,0,25,-21,-5,0,0,31
-6,1,22,4,7,2475,AA,LAX,1,-5,44,0,0,25,-21,-5,0,0,31
-5,1,22,4,6,2475,B6,LAX,1,-5,44,0,0,25,-21,-5,0,0,31
-4,1,22,4,15,2475,B6,LAX,1,-5,44,0,0,25,-21,-5,0,0,31
-2,1,22,4,16,2475,AA,LAX,1,-5,44,0,0,25,-21,-5,0,0,31
-6,1,22,4,12,2475,AA,LAX,1,-5,44,0,0,25,-21,-5,0,0,31
49,1,22,4,6,2475,AA,LAX,1,-5,44,0,0,25,-21,-5,0,0,31
31,1,22,4,21,2475,B6,LAX,1,-5,44,0,0,25,-21,-5,0,0,31
14,1,22,4,18,2475,B6,LAX,1,-5,44,0,0,25,-21,-5,0,0,31
7,1,22,4,11,2475,B6,LAX,1,-5,44,0,0,25,-21,-5,0,0,31
-1,1,22,4,17,2475,DL,LAX,1,-5,44,0,0,25,-21,-5,0,0,31
-5,1,22,4,9,2475,DL,LAX,1,-5,44,0,0,25,-21,-5,0,0,31
27,1,22,4,15,2475,DL,LAX,1,-5,44,0,0,25,-21,-5,0,0,31
29,1,22,4,7,2475,DL,LAX,1,-5,44,0,0,25,-21,-5,0,0,31
0,1,22,4,20,2475,VX,LAX,1,-5,44,0,0,25,-21,-5,0,0,31
-5,1,22,4,7,2475,VX,LAX,1,-5,44,0,0,25,-21,-5,0,0,31
-5,1,22,4,9,2475,VX,LAX,1,-5,44,0,0,25,-21,-5,0,0,31
-9,1,22,4,13,2475,VX,LAX,1,-5,44,0,0,25,-21,-5,0,0,31
-2,1,22,4,16,2475,VX,LAX,1,-5,44,0,0,25,-21,-5,0,0,31
-7,2,5,4,9,2475,AA,LAX,13,-99,56,0,0,38,-188,-93,0,0,40
20,2,5,4,21,2475,B6,LAX,13,-99,56,0,0,38,-188,-93,0,0,40
134,2,5,4,15,2475,B6,LAX,13,-99,56,0,0,38,-188,-93,0,0,40
1,2,5,4,9,2475,DL,LAX,13,-99,56,0,0,38,-188,-93,0,0,40
-6,2,5,4,11,2475,DL,LAX,13,-99,56,0,0,38,-188,-93,0,0,40
55,2,5,4,18,2475,DL,LAX,13,-99,56,0,0,38,-188,-93,0,0,40
0,2,5,4,17,2475,DL,LAX,13,-99,56,0,0,38,-188,-93,0,0,40
-2,2,5,4,16,2475,AA,LAX,13,-99,56,0,0,38,-188,-93,0,0,40
20,2,5,4,17,2475,AA,LAX,13,-99,56,0,0,38,-188,-93,0,0,40
-8,2,5,4,8,2475,AA,LAX,13,-99,56,0,0,38,-188,-93,0,0,40
-2,2,5,4,9,2475,B6,LAX,13,-99,56,0,0,38,-188,-93,0,0,40
9,2,5,4,8,2475,DL,LAX,13,-99,56,0,0,38,-188,-93,0,0,40
31,2,5,4,20,2475,AA,LAX,13,-99,56,0,0,38,-188,-93,0,0,40
2,2,5,4,7,2475,DL,LAX,13,-99,56,0,0,38,-188,-93,0,0,40
16,2,5,4,21,2475,DL,LAX,13,-99,56,0,0,38,-188,-93,0,0,40
-7,2,5,4,10,2475,AA,LAX,13,-99,56,0,0,38,-188,-93,0,0,40
92,2,5,4,18,2475,B6,LAX,13,-99,56,0,0,38,-188,-93,0,0,40
-2,2,5,4,18,2475,AA,LAX,13,-99,56,0,0,38,-188,-93,0,0,40
59,2,5,4,12,2475,AA,LAX,13,-99,56,0,0,38,-188,-93,0,0,40
5,2,5,4,19,2475,AA,LAX,13,-99,56,0,0,38,-188,-93,0,0,40
-10,2,5,4,6,2475,AA,LAX,13,-99,56,0,0,38,-188,-93,0,0,40
-2,2,5,4,14,2475,AA,LAX,13,-99,56,0,0,38,-188,-93,0,0,40
13,2,5,4,15,2475,DL,LAX,13,-99,56,0,0,38,-188,-93,0,0,40
-6,2,5,4,8,2475,B6,LAX,13,-99,56,0,0,38,-188,-93,0,0,40
-3,2,5,4,11,2475,AA,LAX,13,-99,56,0,0,38,-188,-93,0,0,40
0,2,5,4,6,2475,B6,LAX,13,-99,56,0,0,38,-188,-93,0,0,40
-3,2,5,4,7,2475,AA,LAX,13,-99,56,0,0,38,-188,-93,0,0,40
-2,2,5,4,11,2475,B6,LAX,13,-99,56,0,0,38,-188,-93,0,0,40
2,2,5,4,8,2475,UA,LAX,13,-99,56,0,0,38,-188,-93,0,0,40
67,2,5,4,20,2475,VX,LAX,13,-99,56,0,0,38,-188,-93,0,0,40
-6,2,5,4,16,2475,VX,LAX,13,-99,56,0,0,38,-188,-93,0,0,40
16,2,5,4,13,2475,VX,LAX,13,-99,56,0,0,38,-188,-93,0,0,40
-2,2,5,4,9,2475,VX,LAX,13,-99,56,0,0,38,-188,-93,0,0,40
-4,2,5,4,7,2475,VX,LAX,13,-99,56,0,0,38,-188,-93,0,0,40
-2,2,5,4,6,2475,UA,LAX,13,-99,56,0,0,38,-188,-93,0,0,40
-6,2,5,4,17,2475,UA,LAX,13,-99,56,0,0,38,-188,-93,0,0,40
-3,2,5,4,11,2475,UA,LAX,13,-99,56,0,0,38,-188,-93,0,0,40
0,2,5,4,14,2475,UA,LAX,13,-99,56,0,0,38,-188,-93,0,0,40
10,2,5,4,19,2475,UA,LAX,13,-99,56,0,0,38,-188,-93,0,0,40
24,2,17,2,17,2475,UA,LAX,1,-99,-27,36,84,21,-132,-71,0,3,55
1,2,17,2,11,2475,UA,LAX,1,-99,-27,36,84,21,-132,-71,0,3,55
-1,2,17,2,8,2475,UA,LAX,1,-99,-27,36,84,21,-132,-71,0,3,55
1,2,17,2,14,2475,UA,LAX,1,-99,-27,36,84,21,-132,-71,0,3,55
2,2,17,2,6,2475,UA,LAX,1,-99,-27,36,84,21,-132,-71,0,3,55
3,2,17,2,19,2475,UA,LAX,1,-99,-27,36,84,21,-132,-71,0,3,55
-2,2,17,2,9,2475,VX,LAX,1,-99,-27,36,84,21,-132,-71,0,3,55
38,2,17,2,16,2475,VX,LAX,1,-99,-27,36,84,21,-132,-71,0,3,55
-2,2,17,2,20,2475,VX,LAX,1,-99,-27,36,84,21,-132,-71,0,3,55
3,2,17,2,13,2475,VX,LAX,1,-99,-27,36,84,21,-132,-71,0,3,55
47,2,17,2,9,2475,B6,LAX,1,-99,-27,36,84,21,-132,-71,0,3,55
91,2,17,2,6,2475,AA,LAX,1,-99,-27,36,84,21,-132,-71,0,3,55
28,2,17,2,16,2475,AA,LAX,1,-99,-27,36,84,21,-132,-71,0,3,55
72,2,17,2,12,2475,AA,LAX,1,-99,-27,36,84,21,-132,-71,0,3,55
22,2,17,2,21,2475,B6,LAX,1,-99,-27,36,84,21,-132,-71,0,3,55
11,2,17,2,11,2475,B6,LAX,1,-99,-27,36,84,21,-132,-71,0,3,55
99,2,17,2,7,2475,AA,LAX,1,-99,-27,36,84,21,-132,-71,0,3,55
9,2,17,2,6,2475,B6,LAX,1,-99,-27,36,84,21,-132,-71,0,3,55
204,2,17,2,9,2475,DL,LAX,1,-99,-27,36,84,21,-132,-71,0,3,55
127,2,17,2,11,2475,DL,LAX,1,-99,-27,36,84,21,-132,-71,0,3,55
40,2,17,2,7,2475,DL,LAX,1,-99,-27,36,84,21,-132,-71,0,3,55
39,2,17,2,8,2475,B6,LAX,1,-99,-27,36,84,21,-132,-71,0,3,55
67,2,17,2,21,2475,DL,LAX,1,-99,-27,36,84,21,-132,-71,0,3,55
17,2,17,2,17,2475,DL,LAX,1,-99,-27,36,84,21,-132,-71,0,3,55
2,2,17,2,18,2475,DL,LAX,1,-99,-27,36,84,21,-132,-71,0,3,55
62,2,17,2,8,2475,DL,LAX,1,-99,-27,36,84,21,-132,-71,0,3,55
25,2,17,2,15,2475,DL,LAX,1,-99,-27,36,84,21,-132,-71,0,3,55
38,2,17,2,14,2475,AA,LAX,1,-99,-27,36,84,21,-132,-71,0,3,55
74,2,17,2,11,2475,AA,LAX,1,-99,-27,36,84,21,-132,-71,0,3,55
-3,2,17,2,19,2475,AA,LAX,1,-99,-27,36,84,21,-132,-71,0,3,55
202,2,17,2,10,2475,AA,LAX,1,-99,-27,36,84,21,-132,-71,0,3,55
-2,2,17,2,18,2475,AA,LAX,1,-99,-27,36,84,21,-132,-71,0,3,55
8,2,17,2,20,2475,AA,LAX,1,-99,-27,36,84,21,-132,-71,0,3,55
6,2,17,2,18,2475,B6,LAX,1,-99,-27,36,84,21,-132,-71,0,3,55
5,2,17,2,16,2475,B6,LAX,1,-99,-27,36,84,21,-132,-71,0,3,55
6,2,17,2,17,2475,AA,LAX,1,-99,-27,36,84,21,-132,-71,0,3,55
101,2,17,2,8,2475,AA,LAX,1,-99,-27,36,84,21,-132,-71,0,3,55
100,2,17,2,9,2475,AA,LAX,1,-99,-27,36,84,21,-132,-71,0,3,55
-4,3,1,7,7,2475,B6,LAX,11,-43,-5,132,122,10,-121,-38,0,0,31
-6,3,1,7,9,2475,AA,LAX,11,-43,-5,132,122,10,-121,-38,0,0,31
19,3,1,7,12,2475,AA,LAX,11,-43,-5,132,122,10,-121,-38,0,0,31
-7,3,1,7,7,2475,AA,LAX,11,-43,-5,132,122,10,-121,-38,0,0,31
34,3,1,7,15,2475,DL,LAX,11,-43,-5,132,122,10,-121,-38,0,0,31
156,3,1,7,8,2475,DL,LAX,11,-43,-5,132,122,10,-121,-38,0,0,31
275,3,1,7,18,2475,DL,LAX,11,-43,-5,132,122,10,-121,-38,0,0,31
232,3,1,7,21,2475,DL,LAX,11,-43,-5,132,122,10,-121,-38,0,0,31
5,3,1,7,11,2475,DL,LAX,11,-43,-5,132,122,10,-121,-38,0,0,31
72,3,1,7,9,2475,DL,LAX,11,-43,-5,132,122,10,-121,-38,0,0,31
-3,3,1,7,11,2475,AA,LAX,11,-43,-5,132,122,10,-121,-38,0,0,31
-3,3,1,7,8,2475,AA,LAX,11,-43,-5,132,122,10,-121,-38,0,0,31
87,3,1,7,16,2475,AA,LAX,11,-43,-5,132,122,10,-121,-38,0,0,31
17,3,1,7,18,2475,B6,LAX,11,-43,-5,132,122,10,-121,-38,0,0,31
-3,3,1,7,6,2475,AA,LAX,11,-43,-5,132,122,10,-121,-38,0,0,31
13,3,1,7,14,2475,AA,LAX,11,-43,-5,132,122,10,-121,-38,0,0,31
210,3,1,7,21,2475,B6,LAX,11,-43,-5,132,122,10,-121,-38,0,0,31
118,3,1,7,20,2475,AA,LAX,11,-43,-5,132,122,10,-121,-38,0,0,31
-4,3,1,7,11,2475,B6,LAX,11,-43,-5,132,122,10,-121,-38,0,0,31
33,3,1,7,19,2475,AA,LAX,11,-43,-5,132,122,10,-121,-38,0,0,31
83,3,1,7,10,2475,AA,LAX,11,-43,-5,132,122,10,-121,-38,0,0,31
468,3,1,7,16,2475,B6,LAX,11,-43,-5,132,122,10,-121,-38,0,0,31
-5,3,1,7,6,2475,B6,LAX,11,-43,-5,132,122,10,-121,-38,0,0,31
-6,3,1,7,9,2475,B6,LAX,11,-43,-5,132,122,10,-121,-38,0,0,31
223,3,1,7,19,2475,UA,LAX,11,-43,-5,132,122,10,-121,-38,0,0,31
243,3,1,7,17,2475,UA,LAX,11,-43,-5,132,122,10,-121,-38,0,0,31
-5,3,1,7,11,2475,UA,LAX,11,-43,-5,132,122,10,-121,-38,0,0,31
1,3,1,7,14,2475,UA,LAX,11,-43,-5,132,122,10,-121,-38,0,0,31
254,3,1,7,20,2475,VX,LAX,11,-43,-5,132,122,10,-121,-38,0,0,31
42,3,1,7,16,2475,VX,LAX,11,-43,-5,132,122,10,-121,-38,0,0,31
2,3,1,7,13,2475,VX,LAX,11,-43,-5,132,122,10,-121,-38,0,0,31
-4,3,1,7,9,2475,VX,LAX,11,-43,-5,132,122,10,-121,-38,0,0,31
-6,3,1,7,8,2475,UA,LAX,11,-43,-5,132,122,10,-121,-38,0,0,31
57,3,13,5,19,2475,UA,LAX,23,-5,61,0,0,29,28,183,0,0,26
-1,3,13,5,8,2475,UA,LAX,23,-5,61,0,0,29,28,183,0,0,26
0,3,13,5,14,2475,UA,LAX,23,-5,61,0,0,29,28,183,0,0,26
-5,3,13,5,11,2475,UA,LAX,23,-5,61,0,0,29,28,183,0,0,26
-4,3,13,5,17,2475,UA,LAX,23,-5,61,0,0,29,28,183,0,0,26
-4,3,13,5,13,2475,VX,LAX,23,-5,61,0,0,29,28,183,0,0,26
-2,3,13,5,16,2475,VX,LAX,23,-5,61,0,0,29,28,183,0,0,26
-5,3,13,5,20,2475,VX,LAX,23,-5,61,0,0,29,28,183,0,0,26
-2,3,13,5,7,2475,VX,LAX,23,-5,61,0,0,29,28,183,0,0,26
4,3,13,5,9,2475,VX,LAX,23,-5,61,0,0,29,28,183,0,0,26
-7,3,13,5,16,2475,B6,LAX,23,-5,61,0,0,29,28,183,0,0,26
109,3,13,5,7,2475,DL,LAX,23,-5,61,0,0,29,28,183,0,0,26
-2,3,13,5,12,2475,DL,LAX,23,-5,61,0,0,29,28,183,0,0,26
5,3,13,5,9,2475,DL,LAX,23,-5,61,0,0,29,28,183,0,0,26
-4,3,13,5,21,2475,B6,LAX,23,-5,61,0,0,29,28,183,0,0,26
24,3,13,5,18,2475,AA,LAX,23,-5,61,0,0,29,28,183,0,0,26
-5,3,13,5,12,2475,AA,LAX,23,-5,61,0,0,29,28,183,0,0,26
-3,3,13,5,9,2475,AA,LAX,23,-5,61,0,0,29,28,183,0,0,26
13,3,13,5,17,2475,AA,LAX,23,-5,61,0,0,29,28,183,0,0,26
-5,3,13,5,11,2475,B6,LAX,23,-5,61,0,0,29,28,183,0,0,26
-6,3,13,5,11,2475,AA,LAX,23,-5,61,0,0,29,28,183,0,0,26
-4,3,13,5,7,2475,AA,LAX,23,-5,61,0,0,29,28,183,0,0,26
0,3,13,5,10,2475,AA,LAX,23,-5,61,0,0,29,28,183,0,0,26
-1,3,13,5,9,2475,B6,LAX,23,-5,61,0,0,29,28,183,0,0,26
33,3,13,5,8,2475,DL,LAX,23,-5,61,0,0,29,28,183,0,0,26
-7,3,13,5,21,2475,AA,LAX,23,-5,61,0,0,29,28,183,0,0,26
-1,3,13,5,8,2475,B6,LAX,23,-5,61,0,0,29,28,183,0,0,26
-5,3,13,5,16,2475,AA,LAX,23,-5,61,0,0,29,28,183,0,0,26
-6,3,13,5,18,2475,B6,LAX,23,-5,61,0,0,29,28,183,0,0,26
54,3,13,5,15,2475,DL,LAX,23,-5,61,0,0,29,28,183,0,0,26
-5,3,13,5,6,2475,B6,LAX,23,-5,61,0,0,29,28,183,0,0,26
-5,3,13,5,14,2475,AA,LAX,23,-5,61,0,0,29,28,183,0,0,26
-7,3,13,5,8,2475,AA,LAX,23,-5,61,0,0,29,28,183,0,0,26
-9,3,13,5,19,2475,AA,LAX,23,-5,61,0,0,29,28,183,0,0,26
9,3,13,5,18,2475,DL,LAX,23,-5,61,0,0,29,28,183,0,0,26
-1,3,13,5,17,2475,DL,LAX,23,-5,61,0,0,29,28,183,0,0,26
153,3,13,5,21,2475,DL,LAX,23,-5,61,0,0,29,28,183,0,0,26
-1,3,25,3,14,2475,AA,LAX,35,11,94,13,0,20,17,50,64,0,50
-5,3,25,3,6,2475,AA,LAX,35,11,94,13,0,20,17,50,64,0,50
-3,3,25,3,9,2475,B6,LAX,35,11,94,13,0,20,17,50,64,0,50
5,3,25,3,21,2475,B6,LAX,35,11,94,13,0,20,17,50,64,0,50
67,3,25,3,16,2475,AA,LAX,35,11,94,13,0,20,17,50,64,0,50
-1,3,25,3,21,2475,AA,LAX,35,11,94,13,0,20,17,50,64,0,50
-6,3,25,3,16,2475,B6,LAX,35,11,94,13,0,20,17,50,64,0,50
-6,3,25,3,8,2475,AA,LAX,35,11,94,13,0,20,17,50,64,0,50
-1,3,25,3,18,2475,B6,LAX,35,11,94,13,0,20,17,50,64,0,50
-2,3,25,3,18,2475,AA,LAX,35,11,94,13,0,20,17,50,64,0,50
-9,3,25,3,19,2475,AA,LAX,35,11,94,13,0,20,17,50,64,0,50
2,3,25,3,6,2475,B6,LAX,35,11,94,13,0,20,17,50,64,0,50
-3,3,25,3,11,2475,AA,LAX,35,11,94,13,0,20,17,50,64,0,50
-5,3,25,3,7,2475,AA,LAX,35,11,94,13,0,20,17,50,64,0,50
-4,3,25,3,12,2475,AA,LAX,35,11,94,13,0,20,17,50,64,0,50
-3,3,25,3,8,2475,B6,LAX,35,11,94,13,0,20,17,50,64,0,50
5,3,25,3,10,2475,AA,LAX,35,11,94,13,0,20,17,50,64,0,50
-9,3,25,3,9,2475,AA,LAX,35,11,94,13,0,20,17,50,64,0,50
-8,3,25,3,17,2475,AA,LAX,35,11,94,13,0,20,17,50,64,0,50
-7,3,25,3,11,2475,B6,LAX,35,11,94,13,0,20,17,50,64,0,50
-3,3,25,3,14,2475,UA,LAX,35,11,94,13,0,20,17,50,64,0,50
0,3,25,3,17,2475,UA,LAX,35,11,94,13,0,20,17,50,64,0,50
-6,3,25,3,11,2475,UA,LAX,35,11,94,13,0,20,17,50,64,0,50
13,3,25,3,19,2475,UA,LAX,35,11,94,13,0,20,17,50,64,0,50
-11,3,25,3,8,2475,UA,LAX,35,11,94,13,0,20,17,50,64,0,50
53,3,25,3,21,2475,DL,LAX,35,11,94,13,0,20,17,50,64,0,50
16,3,25,3,18,2475,DL,LAX,35,11,94,13,0,20,17,50,64,0,50
22,3,25,3,17,2475,DL,LAX,35,11,94,13,0,20,17,50,64,0,50
-5,3,25,3,13,2475,VX,LAX,35,11,94,13,0,20,17,50,64,0,50
0,3,25,3,9,2475,VX,LAX,35,11,94,13,0,20,17,50,64,0,50
1,3,25,3,7,2475,VX,LAX,35,11,94,13,0,20,17,50,64,0,50
-4,3,25,3,9,2475,DL,LAX,35,11,94,13,0,20,17,50,64,0,50
-4,3,25,3,12,2475,DL,LAX,35,11,94,13,0,20,17,50,64,0,50
-8,3,25,3,8,2475,DL,LAX,35,11,94,13,0,20,17,50,64,0,50
14,3,25,3,15,2475,DL,LAX,35,11,94,13,0,20,17,50,64,0,50
-4,3,25,3,20,2475,VX,LAX,35,11,94,13,0,20,17,50,64,0,50
-3,3,25,3,16,2475,VX,LAX,35,11,94,13,0,20,17,50,64,0,50
29,3,25,3,7,2475,DL,LAX,35,11,94,13,0,20,17,50,64,0,50
-3,4,8,3,12,2475,B6,LAX,44,28,72,0,0,51,44,100,13,0,40
21,4,8,3,7,2475,DL,LAX,44,28,72,0,0,51,44,100,13,0,40
-4,4,8,3,16,2475,VX,LAX,44,28,72,0,0,51,44,100,13,0,40
27,4,8,3,20,2475,VX,LAX,44,28,72,0,0,51,44,100,13,0,40
50,4,8,3,21,2475,B6,LAX,44,28,72,0,0,51,44,100,13,0,40
21,4,8,3,15,2475,DL,LAX,44,28,72,0,0,51,44,100,13,0,40
3,4,8,3,9,2475,DL,LAX,44,28,72,0,0,51,44,100,13,0,40
-1,4,8,3,9,2475,B6,LAX,44,28,72,0,0,51,44,100,13,0,40
0,4,8,3,11,2475,DL,LAX,44,28,72,0,0,51,44,100,13,0,40
143,4,8,3,21,2475,DL,LAX,44,28,72,0,0,51,44,100,13,0,40
-2,4,8,3,16,2475,B6,LAX,44,28,72,0,0,51,44,100,13,0,40
0,4,8,3,6,2475,B6,LAX,44,28,72,0,0,51,44,100,13,0,40
-6,4,8,3,11,2475,B6,LAX,44,28,72,0,0,51,44,100,13,0,40
-2,4,8,3,18,2475,B6,LAX,44,28,72,0,0,51,44,100,13,0,40
-6,4,8,3,7,2475,VX,LAX,44,28,72,0,0,51,44,100,13,0,40
-9,4,8,3,9,2475,VX,LAX,44,28,72,0,0,51,44,100,13,0,40
-2,4,8,3,17,2475,UA,LAX,44,28,72,0,0,51,44,100,13,0,40
71,4,8,3,19,2475,UA,LAX,44,28,72,0,0,51,44,100,13,0,40
-5,4,8,3,8,2475,UA,LAX,44,28,72,0,0,51,44,100,13,0,40
-3,4,8,3,6,2475,UA,LAX,44,28,72,0,0,51,44,100,13,0,40
0,4,8,3,18,2475,DL,LAX,44,28,72,0,0,51,44,100,13,0,40
22,4,8,3,8,2475,DL,LAX,44,28,72,0,0,51,44,100,13,0,40
5,4,8,3,17,2475,DL,LAX,44,28,72,0,0,51,44,100,13,0,40
-5,4,8,3,11,2475,UA,LAX,44,28,72,0,0,51,44,100,13,0,40
-5,4,8,3,14,2475,UA,LAX,44,28,72,0,0,51,44,100,13,0,40
-9,4,8,3,13,2475,VX,LAX,44,28,72,0,0,51,44,100,13,0,40
30,4,8,3,19,2475,AA,LAX,44,28,72,0,0,51,44,100,13,0,40
4,4,8,3,21,2475,AA,LAX,44,28,72,0,0,51,44,100,13,0,40
-7,4,8,3,9,2475,AA,LAX,44,28,72,0,0,51,44,100,13,0,40
-3,4,8,3,8,2475,AA,LAX,44,28,72,0,0,51,44,100,13,0,40
-2,4,8,3,7,2475,AA,LAX,44,28,72,0,0,51,44,100,13,0,40
107,4,8,3,15,2475,AA,LAX,44,28,72,0,0,51,44,100,13,0,40
25,4,8,3,11,2475,AA,LAX,44,28,72,0,0,51,44,100,13,0,40
-5,4,8,3,16,2475,AA,LAX,44,28,72,0,0,51,44,100,13,0,40
-6,4,8,3,18,2475,AA,LAX,44,28,72,0,0,51,44,100,13,0,40
-9,4,8,3,10,2475,AA,LAX,44,28,72,0,0,51,44,100,13,0,40
21,4,8,3,17,2475,AA,LAX,44,28,72,0,0,51,44,100,13,0,40
-5,4,8,3,12,2475,AA,LAX,44,28,72,0,0,51,44,100,13,0,40
-3,4,21,2,17,2475,AA,LAX,31,111,183,51,0,27,33,122,0,0,89
-1,4,21,2,19,2475,AA,LAX,31,111,183,51,0,27,33,122,0,0,89
-5,4,21,2,15,2475,AA,LAX,31,111,183,51,0,27,33,122,0,0,89
78,4,21,2,12,2475,AA,LAX,31,111,183,51,0,27,33,122,0,0,89
-5,4,21,2,10,2475,AA,LAX,31,111,183,51,0,27,33,122,0,0,89
16,4,21,2,16,2475,AA,LAX,31,111,183,51,0,27,33,122,0,0,89
-3,4,21,2,8,2475,AA,LAX,31,111,183,51,0,27,33,122,0,0,89
-4,4,21,2,9,2475,AA,LAX,31,111,183,51,0,27,33,122,0,0,89
-3,4,21,2,21,2475,AA,LAX,31,111,183,51,0,27,33,122,0,0,89
-1,4,21,2,18,2475,AA,LAX,31,111,183,51,0,27,33,122,0,0,89
-5,4,21,2,11,2475,AA,LAX,31,111,183,51,0,27,33,122,0,0,89
-6,4,21,2,9,2475,B6,LAX,31,111,183,51,0,27,33,122,0,0,89
-4,4,21,2,11,2475,B6,LAX,31,111,183,51,0,27,33,122,0,0,89
5,4,21,2,11,2475,DL,LAX,31,111,183,51,0,27,33,122,0,0,89
1,4,21,2,6,2475,B6,LAX,31,111,183,51,0,27,33,122,0,0,89
11,4,21,2,21,2475,B6,LAX,31,111,183,51,0,27,33,122,0,0,89
234,4,21,2,6,2475,UA,LAX,31,111,183,51,0,27,33,122,0,0,89
53,4,21,2,8,2475,UA,LAX,31,111,183,51,0,27,33,122,0,0,89
35,4,21,2,19,2475,UA,LAX,31,111,183,51,0,27,33,122,0,0,89
1,4,21,2,17,2475,UA,LAX,31,111,183,51,0,27,33,122,0,0,89
-3,4,21,2,11,2475,UA,LAX,31,111,183,51,0,27,33,122,0,0,89
-3,4,21,2,14,2475,UA,LAX,31,111,183,51,0,27,33,122,0,0,89
1,4,21,2,16,2475,VX,LAX,31,111,183,51,0,27,33,122,0,0,89
-3,4,21,2,18,2475,B6,LAX,31,111,183,51,0,27,33,122,0,0,89
-8,4,21,2,16,2475,B6,LAX,31,111,183,51,0,27,33,122,0,0,89
2,4,21,2,7,2475,VX,LAX,31,111,183,51,0,27,33,122,0,0,89
-6,4,21,2,9,2475,VX,LAX,31,111,183,51,0,27,33,122,0,0,89
-4,4,21,2,13,2475,VX,LAX,31,111,183,51,0,27,33,122,0,0,89
0,4,21,2,18,2475,DL,LAX,31,111,183,51,0,27,33,122,0,0,89
-6,4,21,2,12,2475,B6,LAX,31,111,183,51,0,27,33,122,0,0,89
-2,4,21,2,15,2475,DL,LAX,31,111,183,51,0,27,33,122,0,0,89
0,4,21,2,20,2475,VX,LAX,31,111,183,51,0,27,33,122,0,0,89
-4,4,21,2,9,2475,DL,LAX,31,111,183,51,0,27,33,122,0,0,89
0,4,21,2,8,2475,DL,LAX,31,111,183,51,0,27,33,122,0,0,89
-4,4,21,2,17,2475,DL,LAX,31,111,183,51,0,27,33,122,0,0,89
-5,4,21,2,21,2475,DL,LAX,31,111,183,51,0,27,33,122,0,0,89
-4,4,21,2,7,2475,DL,LAX,31,111,183,51,0,27,33,122,0,0,89
0,5,4,1,11,2475,DL,LAX,18,139,294,0,0,24,128,233,0,0,38
-7,5,4,1,7,2475,AA,LAX,18,139,294,0,0,24,128,233,0,0,38
-3,5,4,1,12,2475,AA,LAX,18,139,294,0,0,24,128,233,0,0,38
-10,5,4,1,15,2475,AA,LAX,18,139,294,0,0,24,128,233,0,0,38
0,5,4,1,13,2475,B6,LAX,18,139,294,0,0,24,128,233,0,0,38
-3,5,4,1,16,2475,AA,LAX,18,139,294,0,0,24,128,233,0,0,38
-3,5,4,1,18,2475,AA,LAX,18,139,294,0,0,24,128,233,0,0,38
-1,5,4,1,8,2475,B6,LAX,18,139,294,0,0,24,128,233,0,0,38
-7,5,4,1,9,2475,B6,LAX,18,139,294,0,0,24,128,233,0,0,38
-2,5,4,1,18,2475,DL,LAX,18,139,294,0,0,24,128,233,0,0,38
3,5,4,1,8,2475,DL,LAX,18,139,294,0,0,24,128,233,0,0,38
3,5,4,1,17,2475,DL,LAX,18,139,294,0,0,24,128,233,0,0,38
19,5,4,1,21,2475,DL,LAX,18,139,294,0,0,24,128,233,0,0,38
-4,5,4,1,7,2475,DL,LAX,18,139,294,0,0,24,128,233,0,0,38
-1,5,4,1,9,2475,DL,LAX,18,139,294,0,0,24,128,233,0,0,38
56,5,4,1,15,2475,DL,LAX,18,139,294,0,0,24,128,233,0,0,38
-4,5,4,1,10,2475,AA,LAX,18,139,294,0,0,24,128,233,0,0,38
-3,5,4,1,17,2475,AA,LAX,18,139,294,0,0,24,128,233,0,0,38
7,5,4,1,16,2475,B6,LAX,18,139,294,0,0,24,128,233,0,0,38
2,5,4,1,21,2475,B6,LAX,18,139,294,0,0,24,128,233,0,0,38
-3,5,4,1,11,2475,B6,LAX,18,139,294,0,0,24,128,233,0,0,38
-5,5,4,1,11,2475,AA,LAX,18,139,294,0,0,24,128,233,0,0,38
-7,5,4,1,8,2475,AA,LAX,18,139,294,0,0,24,128,233,0,0,38
-7,5,4,1,21,2475,AA,LAX,18,139,294,0,0,24,128,233,0,0,38
-1,5,4,1,18,2475,B6,LAX,18,139,294,0,0,24,128,233,0,0,38
-5,5,4,1,6,2475,AA,LAX,18,139,294,0,0,24,128,233,0,0,38
-6,5,4,1,9,2475,AA,LAX,18,139,294,0,0,24,128,233,0,0,38
0,5,4,1,6,2475,B6,LAX,18,139,294,0,0,24,128,233,0,0,38
-6,5,4,1,19,2475,AA,LAX,18,139,294,0,0,24,128,233,0,0,38
-5,5,4,1,14,2475,UA,LAX,18,139,294,0,0,24,128,233,0,0,38
-9,5,4,1,11,2475,UA,LAX,18,139,294,0,0,24,128,233,0,0,38
-2,5,4,1,17,2475,UA,LAX,18,139,294,0,0,24,128,233,0,0,38
-2,5,4,1,19,2475,UA,LAX,18,139,294,0,0,24,128,233,0,0,38
-2,5,4,1,8,2475,UA,LAX,18,139,294,0,0,24,128,233,0,0,38
4,5,4,1,6,2475,UA,LAX,18,139,294,0,0,24,128,233,0,0,38
-6,5,4,1,20,2475,VX,LAX,18,139,294,0,0,24,128,233,0,0,38
43,5,4,1,16,2475,VX,LAX,18,139,294,0,0,24,128,233,0,0,38
-2,5,4,1,13,2475,VX,LAX,18,139,294,0,0,24,128,233,0,0,38
-6,5,4,1,9,2475,VX,LAX,18,139,294,0,0,24,128,233,0,0,38
-13,5,4,1,7,2475,VX,LAX,18,139,294,0,0,24,128,233,0,0,38
-1,5,16,6,18,2475,UA,LAX,6,139,239,76,0,9,167,261,8,0,35
24,5,16,6,11,2475,UA,LAX,6,139,239,76,0,9,167,261,8,0,35
-5,5,16,6,14,2475,UA,LAX,6,139,239,76,0,9,167,261,8,0,35
-6,5,16,6,6,2475,UA,LAX,6,139,239,76,0,9,167,261,8,0,35
-4,5,16,6,8,2475,UA,LAX,6,139,239,76,0,9,167,261,8,0,35
0,5,16,6,16,2475,VX,LAX,6,139,239,76,0,9,167,261,8,0,35
-4,5,16,6,20,2475,VX,LAX,6,139,239,76,0,9,167,261,8,0,35
-5,5,16,6,7,2475,VX,LAX,6,139,239,76,0,9,167,261,8,0,35
-1,5,16,6,9,2475,VX,LAX,6,139,239,76,0,9,167,261,8,0,35
126,5,16,6,13,2475,VX,LAX,6,139,239,76,0,9,167,261,8,0,35
12,5,16,6,18,2475,DL,LAX,6,139,239,76,0,9,167,261,8,0,35
12,5,16,6,17,2475,DL,LAX,6,139,239,76,0,9,167,261,8,0,35
-3,5,16,6,12,2475,DL,LAX,6,139,239,76,0,9,167,261,8,0,35
4,5,16,6,15,2475,DL,LAX,6,139,239,76,0,9,167,261,8,0,35
-1,5,16,6,6,2475,B6,LAX,6,139,239,76,0,9,167,261,8,0,35
0,5,16,6,19,2475,AA,LAX,6,139,239,76,0,9,167,261,8,0,35
186,5,16,6,12,2475,AA,LAX,6,139,239,76,0,9,167,261,8,0,35
-1,5,16,6,17,2475,AA,LAX,6,139,239,76,0,9,167,261,8,0,35
-5,5,16,6,11,2475,AA,LAX,6,139,239,76,0,9,167,261,8,0,35
-5,5,16,6,8,2475,DL,LAX,6,139,239,76,0,9,167,261,8,0,35
-12,5,16,6,9,2475,B6,LAX,6,139,239,76,0,9,167,261,8,0,35
-3,5,16,6,15,2475,AA,LAX,6,139,239,76,0,9,167,261,8,0,35
-2,5,16,6,7,2475,AA,LAX,6,139,239,76,0,9,167,261,8,0,35
-4,5,16,6,16,2475,B6,LAX,6,139,239,76,0,9,167,261,8,0,35
-5,5,16,6,18,2475,B6,LAX,6,139,239,76,0,9,167,261,8,0,35
-3,5,16,6,8,2475,B6,LAX,6,139,239,76,0,9,167,261,8,0,35
0,5,16,6,13,2475,B6,LAX,6,139,239,76,0,9,167,261,8,0,35
3,5,16,6,11,2475,B6,LAX,6,139,239,76,0,9,167,261,8,0,35
-2,5,16,6,21,2475,AA,LAX,6,139,239,76,0,9,167,261,8,0,35
-9,5,28,4,6,2475,UA,LAX,2,211,294,0,0,18,122,278,0,0,27
-3,5,28,4,8,2475,UA,LAX,2,211,294,0,0,18,122,278,0,0,27
-5,5,28,4,19,2475,UA,LAX,2,211,294,0,0,18,122,278,0,0,27
-1,5,28,4,17,2475,UA,LAX,2,211,294,0,0,18,122,278,0,0,27
-2,5,28,4,11,2475,UA,LAX,2,211,294,0,0,18,122,278,0,0,27
1,5,28,4,14,2475,UA,LAX,2,211,294,0,0,18,122,278,0,0,27
5,5,28,4,8,2475,DL,LAX,2,211,294,0,0,18,122,278,0,0,27
-6,5,28,4,11,2475,AA,LAX,2,211,294,0,0,18,122,278,0,0,27
6,5,28,4,21,2475,B6,LAX,2,211,294,0,0,18,122,278,0,0,27
-2,5,28,4,13,2475,B6,LAX,2,211,294,0,0,18,122,278,0,0,27
-2,5,28,4,19,2475,AA,LAX,2,211,294,0,0,18,122,278,0,0,27
-4,5,28,4,18,2475,AA,LAX,2,211,294,0,0,18,122,278,0,0,27
-7,5,28,4,9,2475,AA,LAX,2,211,294,0,0,18,122,278,0,0,27
-5,5,28,4,12,2475,AA,LAX,2,211,294,0,0,18,122,278,0,0,27
-5,5,28,4,8,2475,AA,LAX,2,211,294,0,0,18,122,278,0,0,27
-2,5,28,4,18,2475,B6,LAX,2,211,294,0,0,18,122,278,0,0,27
4,5,28,4,16,2475,AA,LAX,2,211,294,0,0,18,122,278,0,0,27
-1,5,28,4,15,2475,DL,LAX,2,211,294,0,0,18,122,278,0,0,27
-9,5,28,4,11,2475,B6,LAX,2,211,294,0,0,18,122,278,0,0,27
15,5,28,4,18,2475,DL,LAX,2,211,294,0,0,18,122,278,0,0,27
23,5,28,4,16,2475,B6,LAX,2,211,294,0,0,18,122,278,0,0,27
-8,5,28,4,6,2475,B6,LAX,2,211,294,0,0,18,122,278,0,0,27
12,5,28,4,9,2475,DL,LAX,2,211,294,0,0,18,122,278,0,0,27
-2,5,28,4,11,2475,DL,LAX,2,211,294,0,0,18,122,278,0,0,27
-5,5,28,4,7,2475,DL,LAX,2,211,294,0,0,18,122,278,0,0,27
2,5,28,4,9,2475,B6,LAX,2,211,294,0,0,18,122,278,0,0,27
0,5,28,4,21,2475,DL,LAX,2,211,294,0,0,18,122,278,0,0,27
-7,5,28,4,15,2475,AA,LAX,2,211,294,0,0,18,122,278,0,0,27
-8,5,28,4,7,2475,AA,LAX,2,211,294,0,0,18,122,278,0,0,27
-4,5,28,4,10,2475,AA,LAX,2,211,294,0,0,18,122,278,0,0,27
-1,5,28,4,8,2475,B6,LAX,2,211,294,0,0,18,122,278,0,0,27
-4,5,28,4,21,2475,AA,LAX,2,211,294,0,0,18,122,278,0,0,27
0,5,28,4,17,2475,DL,LAX,2,211,294,0,0,18,122,278,0,0,27
94,5,28,4,17,2475,AA,LAX,2,211,294,0,0,18,122,278,0,0,27
0,5,28,4,9,2475,VX,LAX,2,211,294,0,0,18,122,278,0,0,27
0,5,28,4,7,2475,VX,LAX,2,211,294,0,0,18,122,278,0,0,27
-11,5,28,4,20,2475,VX,LAX,2,211,294,0,0,18,122,278,0,0,27
-1,5,28,4,16,2475,VX,LAX,2,211,294,0,0,18,122,278,0,0,27
-5,5,28,4,13,2475,VX,LAX,2,211,294,0,0,18,122,278,0,0,27
-4,6,12,5,12,2475,AA,LAX,17,228,311,0,0,20,133,194,33,0,37
-4,6,12,5,11,2475,AA,LAX,17,228,311,0,0,20,133,194,33,0,37
-4,6,12,5,9,2475,AA,LAX,17,228,311,0,0,20,133,194,33,0,37
-4,6,12,5,9,2475,AA,LAX,17,228,311,0,0,20,133,194,33,0,37
-4,6,12,5,12,2475,AA,LAX,17,228,311,0,0,20,133,194,33,0,37
-4,6,12,5,11,2475,AA,LAX,17,228,311,0,0,20,133,194,33,0,37
-7,6,24,3,9,2475,AA,LAX,10,200,289,0,0,21,156,261,0,0,22
-1,6,24,3,7,2475,AA,LAX,10,200,289,0,0,21,156,261,0,0,22
-1,6,24,3,7,2475,AA,LAX,10,200,289,0,0,21,156,261,0,0,22
38,6,24,3,12,2475,AA,LAX,10,200,289,0,0,21,156,261,0,0,22
38,6,24,3,12,2475,AA,LAX,10,200,289,0,0,21,156,261,0,0,22
-7,6,24,3,9,2475,AA,LAX,10,200,289,0,0,21,156,261,0,0,22
-3,6,24,3,11,2475,AA,LAX,10,200,289,0,0,21,156,261,0,0,22
-3,6,24,3,11,2475,AA,LAX,10,200,289,0,0,21,156,261,0,0,22
15,7,7,2,16,2475,VX,LAX,3,239,311,30,0,22,128,217,69,0,64
-4,7,7,2,13,2475,VX,LAX,3,239,311,30,0,22,128,217,69,0,64
-5,7,7,2,6,2475,UA,LAX,3,239,311,30,0,22,128,217,69,0,64
13,7,7,2,21,2475,B6,LAX,3,239,311,30,0,22,128,217,69,0,64
48,7,7,2,18,2475,B6,LAX,3,239,311,30,0,22,128,217,69,0,64
-5,7,7,2,16,2475,B6,LAX,3,239,311,30,0,22,128,217,69,0,64
-3,7,7,2,18,2475,DL,LAX,3,239,311,30,0,22,128,217,69,0,64
-1,7,7,2,9,2475,DL,LAX,3,239,311,30,0,22,128,217,69,0,64
66,7,7,2,12,2475,DL,LAX,3,239,311,30,0,22,128,217,69,0,64
-1,7,7,2,7,2475,DL,LAX,3,239,311,30,0,22,128,217,69,0,64
-3,7,7,2,12,2475,B6,LAX,3,239,311,30,0,22,128,217,69,0,64
-7,7,7,2,8,2475,UA,LAX,3,239,311,30,0,22,128,217,69,0,64
-5,7,7,2,6,2475,B6,LAX,3,239,311,30,0,22,128,217,69,0,64
16,7,7,2,11,2475,B6,LAX,3,239,311,30,0,22,128,217,69,0,64
-2,7,7,2,9,2475,B6,LAX,3,239,311,30,0,22,128,217,69,0,64
-4,7,7,2,8,2475,B6,LAX,3,239,311,30,0,22,128,217,69,0,64
0,7,7,2,7,2475,VX,LAX,3,239,311,30,0,22,128,217,69,0,64
92,7,7,2,19,2475,UA,LAX,3,239,311,30,0,22,128,217,69,0,64
-3,7,7,2,9,2475,VX,LAX,3,239,311,30,0,22,128,217,69,0,64
49,7,7,2,20,2475,DL,LAX,3,239,311,30,0,22,128,217,69,0,64
-3,7,7,2,16,2475,DL,LAX,3,239,311,30,0,22,128,217,69,0,64
-1,7,7,2,8,2475,DL,LAX,3,239,311,30,0,22,128,217,69,0,64
-3,7,7,2,15,2475,DL,LAX,3,239,311,30,0,22,128,217,69,0,64
-1,7,7,2,17,2475,UA,LAX,3,239,311,30,0,22,128,217,69,0,64
-4,7,7,2,11,2475,UA,LAX,3,239,311,30,0,22,128,217,69,0,64
-1,7,7,2,14,2475,UA,LAX,3,239,311,30,0,22,128,217,69,0,64
-5,7,7,2,20,2475,VX,LAX,3,239,311,30,0,22,128,217,69,0,64
-6,7,7,2,12,2475,AA,LAX,3,239,311,30,0,22,128,217,69,0,64
2,7,7,2,11,2475,AA,LAX,3,239,311,30,0,22,128,217,69,0,64
-1,7,7,2,9,2475,AA,LAX,3,239,311,30,0,22,128,217,69,0,64
5,7,7,2,17,2475,AA,LAX,3,239,311,30,0,22,128,217,69,0,64
-7,7,7,2,21,2475,AA,LAX,3,239,311,30,0,22,128,217,69,0,64
1,7,7,2,18,2475,AA,LAX,3,239,311,30,0,22,128,217,69,0,64
-2,7,7,2,7,2475,AA,LAX,3,239,311,30,0,22,128,217,69,0,64
52,7,7,2,15,2475,AA,LAX,3,239,311,30,0,22,128,217,69,0,64
-6,7,7,2,10,2475,AA,LAX,3,239,311,30,0,22,128,217,69,0,64
-1,7,7,2,19,2475,AA,LAX,3,239,311,30,0,22,128,217,69,0,64
43,7,7,2,16,2475,AA,LAX,3,239,311,30,0,22,128,217,69,0,64
0,7,19,7,9,2475,AA,LAX,15,256,339,0,0,14,183,294,0,0,37
-6,7,19,7,11,2475,AA,LAX,15,256,339,0,0,14,183,294,0,0,37
54,7,19,7,21,2475,AA,LAX,15,256,339,0,0,14,183,294,0,0,37
-3,7,19,7,6,2475,AA,LAX,15,256,339,0,0,14,183,294,0,0,37
-4,7,19,7,17,2475,AA,LAX,15,256,339,0,0,14,183,294,0,0,37
-2,7,19,7,16,2475,AA,LAX,15,256,339,0,0,14,183,294,0,0,37
52,7,19,7,18,2475,AA,LAX,15,256,339,0,0,14,183,294,0,0,37
-3,7,19,7,15,2475,AA,LAX,15,256,339,0,0,14,183,294,0,0,37
1,7,19,7,12,2475,AA,LAX,15,256,339,0,0,14,183,294,0,0,37
84,7,19,7,19,2475,AA,LAX,15,256,339,0,0,14,183,294,0,0,37
-4,7,19,7,10,2475,AA,LAX,15,256,339,0,0,14,183,294,0,0,37
4,7,19,7,12,2475,B6,LAX,15,256,339,0,0,14,183,294,0,0,37
-3,7,19,7,16,2475,B6,LAX,15,256,339,0,0,14,183,294,0,0,37
-3,7,19,7,18,2475,B6,LAX,15,256,339,0,0,14,183,294,0,0,37
8,7,19,7,21,2475,B6,LAX,15,256,339,0,0,14,183,294,0,0,37
49,7,19,7,18,2475,DL,LAX,15,256,339,0,0,14,183,294,0,0,37
1,7,19,7,9,2475,DL,LAX,15,256,339,0,0,14,183,294,0,0,37
10,7,19,7,12,2475,DL,LAX,15,256,339,0,0,14,183,294,0,0,37
-5,7,19,7,7,2475,VX,LAX,15,256,339,0,0,14,183,294,0,0,37
-8,7,19,7,9,2475,VX,LAX,15,256,339,0,0,14,183,294,0,0,37
-7,7,19,7,13,2475,VX,LAX,15,256,339,0,0,14,183,294,0,0,37
-5,7,19,7,16,2475,VX,LAX,15,256,339,0,0,14,183,294,0,0,37
117,7,19,7,20,2475,VX,LAX,15,256,339,0,0,14,183,294,0,0,37
9,7,19,7,7,2475,DL,LAX,15,256,339,0,0,14,183,294,0,0,37
129,7,19,7,20,2475,DL,LAX,15,256,339,0,0,14,183,294,0,0,37
8,7,19,7,16,2475,DL,LAX,15,256,339,0,0,14,183,294,0,0,37
-1,7,19,7,8,2475,DL,LAX,15,256,339,0,0,14,183,294,0,0,37
3,7,19,7,15,2475,DL,LAX,15,256,339,0,0,14,183,294,0,0,37
26,7,19,7,19,2475,UA,LAX,15,256,339,0,0,14,183,294,0,0,37
-5,7,19,7,8,2475,UA,LAX,15,256,339,0,0,14,183,294,0,0,37
-5,7,19,7,14,2475,UA,LAX,15,256,339,0,0,14,183,294,0,0,37
-7,7,19,7,11,2475,UA,LAX,15,256,339,0,0,14,183,294,0,0,37
-3,7,19,7,17,2475,UA,LAX,15,256,339,0,0,14,183,294,0,0,37
-1,7,19,7,6,2475,B6,LAX,15,256,339,0,0,14,183,294,0,0,37
0,7,19,7,8,2475,B6,LAX,15,256,339,0,0,14,183,294,0,0,37
0,7,19,7,9,2475,B6,LAX,15,256,339,0,0,14,183,294,0,0,37
13,7,19,7,11,2475,B6,LAX,15,256,339,0,0,14,183,294,0,0,37
-4,7,20,1,12,2475,AA,LAX,16,278,344,0,0,20,172,294,0,0,38
28,7,20,1,15,2475,AA,LAX,16,278,344,0,0,20,172,294,0,0,38
-8,7,20,1,9,2475,AA,LAX,16,278,344,0,0,20,172,294,0,0,38
-2,7,20,1,7,2475,AA,LAX,16,278,344,0,0,20,172,294,0,0,38
-3,7,20,1,10,2475,AA,LAX,16,278,344,0,0,20,172,294,0,0,38
1,7,20,1,16,2475,AA,LAX,16,278,344,0,0,20,172,294,0,0,38
-2,7,20,1,19,2475,AA,LAX,16,278,344,0,0,20,172,294,0,0,38
-4,7,20,1,11,2475,AA,LAX,16,278,344,0,0,20,172,294,0,0,38
-9,7,20,1,21,2475,AA,LAX,16,278,344,0,0,20,172,294,0,0,38
-4,7,20,1,8,2475,AA,LAX,16,278,344,0,0,20,172,294,0,0,38
-2,7,20,1,17,2475,AA,LAX,16,278,344,0,0,20,172,294,0,0,38
-5,7,20,1,18,2475,AA,LAX,16,278,344,0,0,20,172,294,0,0,38
58,7,20,1,6,2475,AA,LAX,16,278,344,0,0,20,172,294,0,0,38
10,7,20,1,15,2475,DL,LAX,16,278,344,0,0,20,172,294,0,0,38
-2,7,20,1,8,2475,DL,LAX,16,278,344,0,0,20,172,294,0,0,38
-2,7,20,1,16,2475,DL,LAX,16,278,344,0,0,20,172,294,0,0,38
0,7,20,1,20,2475,DL,LAX,16,278,344,0,0,20,172,294,0,0,38
2,7,20,1,7,2475,DL,LAX,16,278,344,0,0,20,172,294,0,0,38
-5,7,20,1,12,2475,DL,LAX,16,278,344,0,0,20,172,294,0,0,38
-5,7,20,1,9,2475,DL,LAX,16,278,344,0,0,20,172,294,0,0,38
17,7,20,1,18,2475,DL,LAX,16,278,344,0,0,20,172,294,0,0,38
-4,7,20,1,20,2475,VX,LAX,16,278,344,0,0,20,172,294,0,0,38
19,7,20,1,16,2475,VX,LAX,16,278,344,0,0,20,172,294,0,0,38
-3,7,20,1,13,2475,VX,LAX,16,278,344,0,0,20,172,294,0,0,38
-8,7,20,1,9,2475,VX,LAX,16,278,344,0,0,20,172,294,0,0,38
0,7,20,1,7,2475,VX,LAX,16,278,344,0,0,20,172,294,0,0,38
2,7,20,1,8,2475,B6,LAX,16,278,344,0,0,20,172,294,0,0,38
-8,7,20,1,9,2475,B6,LAX,16,278,344,0,0,20,172,294,0,0,38
-2,7,20,1,11,2475,B6,LAX,16,278,344,0,0,20,172,294,0,0,38
-1,7,20,1,12,2475,B6,LAX,16,278,344,0,0,20,172,294,0,0,38
-4,7,20,1,16,2475,B6,LAX,16,278,344,0,0,20,172,294,0,0,38
-4,7,20,1,18,2475,B6,LAX,16,278,344,0,0,20,172,294,0,0,38
0,7,20,1,21,2475,B6,LAX,16,278,344,0,0,20,172,294,0,0,38
6,7,20,1,6,2475,B6,LAX,16,278,344,0,0,20,172,294,0,0,38
-2,7,20,1,14,2475,UA,LAX,16,278,344,0,0,20,172,294,0,0,38
-3,7,20,1,11,2475,UA,LAX,16,278,344,0,0,20,172,294,0,0,38
21,7,20,1,17,2475,UA,LAX,16,278,344,0,0,20,172,294,0,0,38
-8,7,20,1,19,2475,UA,LAX,16,278,344,0,0,20,172,294,0,0,38
30,7,20,1,8,2475,UA,LAX,16,278,344,0,0,20,172,294,0,0,38
1,7,20,1,6,2475,UA,LAX,16,278,344,0,0,20,172,294,0,0,38
-9,8,3,1,20,2475,VX,LAX,29,239,322,0,0,22,194,278,0,0,44
-1,8,3,1,16,2475,VX,LAX,29,239,322,0,0,22,194,278,0,0,44
-3,8,3,1,13,2475,VX,LAX,29,239,322,0,0,22,194,278,0,0,44
-3,8,3,1,9,2475,VX,LAX,29,239,322,0,0,22,194,278,0,0,44
-1,8,3,1,7,2475,VX,LAX,29,239,322,0,0,22,194,278,0,0,44
-4,8,3,1,14,2475,UA,LAX,29,239,322,0,0,22,194,278,0,0,44
-1,8,3,1,11,2475,UA,LAX,29,239,322,0,0,22,194,278,0,0,44
-4,8,3,1,17,2475,UA,LAX,29,239,322,0,0,22,194,278,0,0,44
-8,8,3,1,19,2475,UA,LAX,29,239,322,0,0,22,194,278,0,0,44
3,8,3,1,8,2475,UA,LAX,29,239,322,0,0,22,194,278,0,0,44
-5,8,3,1,6,2475,UA,LAX,29,239,322,0,0,22,194,278,0,0,44
2,8,3,1,16,2475,B6,LAX,29,239,322,0,0,22,194,278,0,0,44
90,8,3,1,21,2475,B6,LAX,29,239,322,0,0,22,194,278,0,0,44
3,8,3,1,18,2475,B6,LAX,29,239,322,0,0,22,194,278,0,0,44
-4,8,3,1,12,2475,AA,LAX,29,239,322,0,0,22,194,278,0,0,44
27,8,3,1,7,2475,AA,LAX,29,239,322,0,0,22,194,278,0,0,44
-3,8,3,1,11,2475,AA,LAX,29,239,322,0,0,22,194,278,0,0,44
6,8,3,1,18,2475,AA,LAX,29,239,322,0,0,22,194,278,0,0,44
6,8,3,1,8,2475,AA,LAX,29,239,322,0,0,22,194,278,0,0,44
-1,8,3,1,15,2475,AA,LAX,29,239,322,0,0,22,194,278,0,0,44
-2,8,3,1,15,2475,DL,LAX,29,239,322,0,0,22,194,278,0,0,44
6,8,3,1,8,2475,DL,LAX,29,239,322,0,0,22,194,278,0,0,44
11,8,3,1,17,2475,DL,LAX,29,239,322,0,0,22,194,278,0,0,44
47,8,3,1,20,2475,DL,LAX,29,239,322,0,0,22,194,278,0,0,44
2,8,3,1,7,2475,DL,LAX,29,239,322,0,0,22,194,278,0,0,44
-4,8,3,1,12,2475,DL,LAX,29,239,322,0,0,22,194,278,0,0,44
34,8,3,1,9,2475,DL,LAX,29,239,322,0,0,22,194,278,0,0,44
206,8,3,1,18,2475,DL,LAX,29,239,322,0,0,22,194,278,0,0,44
-2,8,3,1,9,2475,AA,LAX,29,239,322,0,0,22,194,278,0,0,44
32,8,3,1,6,2475,AA,LAX,29,239,322,0,0,22,194,278,0,0,44
-3,8,3,1,17,2475,AA,LAX,29,239,322,0,0,22,194,278,0,0,44
-1,8,3,1,21,2475,AA,LAX,29,239,322,0,0,22,194,278,0,0,44
-4,8,3,1,10,2475,AA,LAX,29,239,322,0,0,22,194,278,0,0,44
-4,8,3,1,19,2475,AA,LAX,29,239,322,0,0,22,194,278,0,0,44
-6,8,3,1,16,2475,AA,LAX,29,239,322,0,0,22,194,278,0,0,44
72,8,3,1,6,2475,B6,LAX,29,239,322,0,0,22,194,278,0,0,44
24,8,3,1,8,2475,B6,LAX,29,239,322,0,0,22,194,278,0,0,44
50,8,3,1,9,2475,B6,LAX,29,239,322,0,0,22,194,278,0,0,44
48,8,3,1,11,2475,B6,LAX,29,239,322,0,0,22,194,278,0,0,44
-1,8,3,1,12,2475,B6,LAX,29,239,322,0,0,22,194,278,0,0,44
-6,8,15,6,13,2475,VX,LAX,17,228,333,0,0,15,194,333,36,0,24
-7,8,15,6,16,2475,VX,LAX,17,228,333,0,0,15,194,333,36,0,24
23,8,15,6,20,2475,VX,LAX,17,228,333,0,0,15,194,333,36,0,24
-2,8,15,6,6,2475,UA,LAX,17,228,333,0,0,15,194,333,36,0,24
-8,8,15,6,11,2475,UA,LAX,17,228,333,0,0,15,194,333,36,0,24
-4,8,15,6,14,2475,UA,LAX,17,228,333,0,0,15,194,333,36,0,24
-2,8,15,6,8,2475,UA,LAX,17,228,333,0,0,15,194,333,36,0,24
-5,8,15,6,16,2475,UA,LAX,17,228,333,0,0,15,194,333,36,0,24
-4,8,15,6,9,2475,VX,LAX,17,228,333,0,0,15,194,333,36,0,24
4,8,15,6,7,2475,VX,LAX,17,228,333,0,0,15,194,333,36,0,24
7,8,15,6,12,2475,DL,LAX,17,228,333,0,0,15,194,333,36,0,24
-3,8,15,6,18,2475,DL,LAX,17,228,333,0,0,15,194,333,36,0,24
103,8,15,6,18,2475,B6,LAX,17,228,333,0,0,15,194,333,36,0,24
-3,8,15,6,16,2475,B6,LAX,17,228,333,0,0,15,194,333,36,0,24
-1,8,15,6,13,2475,B6,LAX,17,228,333,0,0,15,194,333,36,0,24
-3,8,15,6,21,2475,AA,LAX,17,228,333,0,0,15,194,333,36,0,24
-6,8,15,6,10,2475,AA,LAX,17,228,333,0,0,15,194,333,36,0,24
0,8,15,6,11,2475,B6,LAX,17,228,333,0,0,15,194,333,36,0,24
-4,8,15,6,9,2475,B6,LAX,17,228,333,0,0,15,194,333,36,0,24
0,8,15,6,16,2475,AA,LAX,17,228,333,0,0,15,194,333,36,0,24
7,8,15,6,18,2475,AA,LAX,17,228,333,0,0,15,194,333,36,0,24
-1,8,15,6,8,2475,B6,LAX,17,228,333,0,0,15,194,333,36,0,24
0,8,15,6,6,2475,B6,LAX,17,228,333,0,0,15,194,333,36,0,24
61,8,15,6,11,2475,AA,LAX,17,228,333,0,0,15,194,333,36,0,24
-6,8,15,6,15,2475,DL,LAX,17,228,333,0,0,15,194,333,36,0,24
21,8,15,6,8,2475,DL,LAX,17,228,333,0,0,15,194,333,36,0,24
57,8,15,6,17,2475,DL,LAX,17,228,333,0,0,15,194,333,36,0,24
11,8,15,6,13,2475,DL,LAX,17,228,333,0,0,15,194,333,36,0,24
7,8,15,6,12,2475,AA,LAX,17,228,333,0,0,15,194,333,36,0,24
-3,8,15,6,15,2475,AA,LAX,17,228,333,0,0,15,194,333,36,0,24
4,8,27,4,6,2475,B6,LAX,5,194,278,0,0,14,106,244,0,0,19
10,8,27,4,11,2475,B6,LAX,5,194,278,0,0,14,106,244,0,0,19
-5,8,27,4,12,2475,B6,LAX,5,194,278,0,0,14,106,244,0,0,19
-5,8,27,4,16,2475,B6,LAX,5,194,278,0,0,14,106,244,0,0,19
-2,8,27,4,19,2475,AA,LAX,5,194,278,0,0,14,106,244,0,0,19
-3,8,27,4,18,2475,B6,LAX,5,194,278,0,0,14,106,244,0,0,19
2,8,27,4,21,2475,B6,LAX,5,194,278,0,0,14,106,244,0,0,19
-7,8,27,4,9,2475,AA,LAX,5,194,278,0,0,14,106,244,0,0,19
-7,8,27,4,6,2475,AA,LAX,5,194,278,0,0,14,106,244,0,0,19
-5,8,27,4,18,2475,AA,LAX,5,194,278,0,0,14,106,244,0,0,19
7,8,27,4,12,2475,AA,LAX,5,194,278,0,0,14,106,244,0,0,19
-6,8,27,4,10,2475,AA,LAX,5,194,278,0,0,14,106,244,0,0,19
1,8,27,4,15,2475,AA,LAX,5,194,278,0,0,14,106,244,0,0,19
-1,8,27,4,17,2475,AA,LAX,5,194,278,0,0,14,106,244,0,0,19
-5,8,27,4,16,2475,AA,LAX,5,194,278,0,0,14,106,244,0,0,19
-4,8,27,4,9,2475,B6,LAX,5,194,278,0,0,14,106,244,0,0,19
-8,8,27,4,11,2475,AA,LAX,5,194,278,0,0,14,106,244,0,0,19
-7,8,27,4,7,2475,AA,LAX,5,194,278,0,0,14,106,244,0,0,19
9,8,27,4,21,2475,AA,LAX,5,194,278,0,0,14,106,244,0,0,19
11,8,27,4,8,2475,B6,LAX,5,194,278,0,0,14,106,244,0,0,19
-5,8,27,4,20,2475,VX,LAX,5,194,278,0,0,14,106,244,0,0,19
-6,8,27,4,16,2475,VX,LAX,5,194,278,0,0,14,106,244,0,0,19
-6,8,27,4,13,2475,VX,LAX,5,194,278,0,0,14,106,244,0,0,19
-7,8,27,4,9,2475,VX,LAX,5,194,278,0,0,14,106,244,0,0,19
-5,8,27,4,7,2475,VX,LAX,5,194,278,0,0,14,106,244,0,0,19
9,8,27,4,13,2475,DL,LAX,5,194,278,0,0,14,106,244,0,0,19
0,8,27,4,15,2475,DL,LAX,5,194,278,0,0,14,106,244,0,0,19
-2,8,27,4,8,2475,DL,LAX,5,194,278,0,0,14,106,244,0,0,19
-3,8,27,4,18,2475,DL,LAX,5,194,278,0,0,14,106,244,0,0,19
5,8,27,4,20,2475,DL,LAX,5,194,278,0,0,14,106,244,0,0,19
-6,8,27,4,7,2475,DL,LAX,5,194,278,0,0,14,106,244,0,0,19
-1,8,27,4,12,2475,DL,LAX,5,194,278,0,0,14,106,244,0,0,19
0,8,27,4,9,2475,DL,LAX,5,194,278,0,0,14,106,244,0,0,19
-4,8,27,4,17,2475,DL,LAX,5,194,278,0,0,14,106,244,0,0,19
-3,8,27,4,11,2475,UA,LAX,5,194,278,0,0,14,106,244,0,0,19
0,8,27,4,14,2475,UA,LAX,5,194,278,0,0,14,106,244,0,0,19
-9,8,27,4,6,2475,UA,LAX,5,194,278,0,0,14,106,244,0,0,19
-2,8,27,4,8,2475,UA,LAX,5,194,278,0,0,14,106,244,0,0,19
8,8,27,4,19,2475,UA,LAX,5,194,278,0,0,14,106,244,0,0,19
-7,8,27,4,17,2475,UA,LAX,5,194,278,0,0,14,106,244,0,0,19
5,9,11,5,11,2475,UA,LAX,10,189,272,0,0,23,122,194,43,0,48
1,9,11,5,7,2475,B6,LAX,10,189,272,0,0,23,122,194,43,0,48
-6,9,11,5,17,2475,B6,LAX,10,189,272,0,0,23,122,194,43,0,48
-10,9,11,5,19,2475,B6,LAX,10,189,272,0,0,23,122,194,43,0,48
11,9,11,5,18,2475,DL,LAX,10,189,272,0,0,23,122,194,43,0,48
-1,9,11,5,12,2475,DL,LAX,10,189,272,0,0,23,122,194,43,0,48
-4,9,11,5,20,2475,B6,LAX,10,189,272,0,0,23,122,194,43,0,48
-5,9,11,5,14,2475,UA,LAX,10,189,272,0,0,23,122,194,43,0,48
14,9,11,5,17,2475,UA,LAX,10,189,272,0,0,23,122,194,43,0,48
1,9,11,5,19,2475,UA,LAX,10,189,272,0,0,23,122,194,43,0,48
-7,9,11,5,8,2475,UA,LAX,10,189,272,0,0,23,122,194,43,0,48
-1,9,11,5,7,2475,DL,LAX,10,189,272,0,0,23,122,194,43,0,48
-4,9,11,5,14,2475,DL,LAX,10,189,272,0,0,23,122,194,43,0,48
-1,9,11,5,21,2475,DL,LAX,10,189,272,0,0,23,122,194,43,0,48
11,9,11,5,17,2475,DL,LAX,10,189,272,0,0,23,122,194,43,0,48
-5,9,11,5,8,2475,DL,LAX,10,189,272,0,0,23,122,194,43,0,48
-7,9,11,5,15,2475,DL,LAX,10,189,272,0,0,23,122,194,43,0,48
-6,9,11,5,7,2475,VX,LAX,10,189,272,0,0,23,122,194,43,0,48
-9,9,11,5,9,2475,VX,LAX,10,189,272,0,0,23,122,194,43,0,48
0,9,11,5,13,2475,VX,LAX,10,189,272,0,0,23,122,194,43,0,48
-5,9,11,5,16,2475,VX,LAX,10,189,272,0,0,23,122,194,43,0,48
7,9,11,5,20,2475,VX,LAX,10,189,272,0,0,23,122,194,43,0,48
1,9,11,5,13,2475,B6,LAX,10,189,272,0,0,23,122,194,43,0,48
0,9,11,5,11,2475,B6,LAX,10,189,272,0,0,23,122,194,43,0,48
-7,9,11,5,9,2475,B6,LAX,10,189,272,0,0,23,122,194,43,0,48
-7,9,11,5,10,2475,AA,LAX,10,189,272,0,0,23,122,194,43,0,48
19,9,11,5,8,2475,AA,LAX,10,189,272,0,0,23,122,194,43,0,48
-7,9,11,5,9,2475,AA,LAX,10,189,272,0,0,23,122,194,43,0,48
18,9,11,5,20,2475,AA,LAX,10,189,272,0,0,23,122,194,43,0,48
-2,9,11,5,6,2475,AA,LAX,10,189,272,0,0,23,122,194,43,0,48
0,9,11,5,12,2475,AA,LAX,10,189,272,0,0,23,122,194,43,0,48
7,9,11,5,16,2475,AA,LAX,10,189,272,0,0,23,122,194,43,0,48
-5,9,11,5,17,2475,AA,LAX,10,189,272,0,0,23,122,194,43,0,48
-4,9,11,5,11,2475,AA,LAX,10,189,272,0,0,23,122,194,43,0,48
-1,9,11,5,15,2475,AA,LAX,10,189,272,0,0,23,122,194,43,0,48
-3,9,23,3,21,2475,AA,LAX,20,150,267,0,0,13,139,267,0,0,19
-5,9,23,3,17,2475,AA,LAX,20,150,267,0,0,13,139,267,0,0,19
-3,9,23,3,15,2475,AA,LAX,20,150,267,0,0,13,139,267,0,0,19
-2,9,23,3,16,2475,AA,LAX,20,150,267,0,0,13,139,267,0,0,19
-5,9,23,3,20,2475,AA,LAX,20,150,267,0,0,13,139,267,0,0,19
-4,9,23,3,8,2475,AA,LAX,20,150,267,0,0,13,139,267,0,0,19
-2,9,23,3,10,2475,AA,LAX,20,150,267,0,0,13,139,267,0,0,19
-6,9,23,3,9,2475,AA,LAX,20,150,267,0,0,13,139,267,0,0,19
-1,9,23,3,12,2475,AA,LAX,20,150,267,0,0,13,139,267,0,0,19
-5,9,23,3,6,2475,AA,LAX,20,150,267,0,0,13,139,267,0,0,19
-3,9,23,3,18,2475,AA,LAX,20,150,267,0,0,13,139,267,0,0,19
-5,9,23,3,11,2475,AA,LAX,20,150,267,0,0,13,139,267,0,0,19
-5,9,23,3,13,2475,VX,LAX,20,150,267,0,0,13,139,267,0,0,19
-1,9,23,3,16,2475,VX,LAX,20,150,267,0,0,13,139,267,0,0,19
-11,9,23,3,20,2475,VX,LAX,20,150,267,0,0,13,139,267,0,0,19
0,9,23,3,13,2475,B6,LAX,20,150,267,0,0,13,139,267,0,0,19
15,9,23,3,17,2475,DL,LAX,20,150,267,0,0,13,139,267,0,0,19
-6,9,23,3,13,2475,DL,LAX,20,150,267,0,0,13,139,267,0,0,19
-4,9,23,3,8,2475,DL,LAX,20,150,267,0,0,13,139,267,0,0,19
-2,9,23,3,15,2475,DL,LAX,20,150,267,0,0,13,139,267,0,0,19
-8,9,23,3,7,2475,DL,LAX,20,150,267,0,0,13,139,267,0,0,19
19,9,23,3,19,2475,UA,LAX,20,150,267,0,0,13,139,267,0,0,19
-8,9,23,3,9,2475,B6,LAX,20,150,267,0,0,13,139,267,0,0,19
-9,9,23,3,6,2475,UA,LAX,20,150,267,0,0,13,139,267,0,0,19
-9,9,23,3,7,2475,VX,LAX,20,150,267,0,0,13,139,267,0,0,19
-1,9,23,3,19,2475,B6,LAX,20,150,267,0,0,13,139,267,0,0,19
-4,9,23,3,14,2475,UA,LAX,20,150,267,0,0,13,139,267,0,0,19
6,9,23,3,17,2475,B6,LAX,20,150,267,0,0,13,139,267,0,0,19
27,9,23,3,21,2475,DL,LAX,20,150,267,0,0,13,139,267,0,0,19
-6,9,23,3,12,2475,DL,LAX,20,150,267,0,0,13,139,267,0,0,19
-3,9,23,3,11,2475,UA,LAX,20,150,267,0,0,13,139,267,0,0,19
-10,9,23,3,17,2475,UA,LAX,20,150,267,0,0,13,139,267,0,0,19
1,9,23,3,11,2475,B6,LAX,20,150,267,0,0,13,139,267,0,0,19
-8,9,23,3,7,2475,B6,LAX,20,150,267,0,0,13,139,267,0,0,19
-6,9,23,3,20,2475,B6,LAX,20,150,267,0,0,13,139,267,0,0,19
-3,9,23,3,9,2475,VX,LAX,20,150,267,0,0,13,139,267,0,0,19
