0,1,3,6,9,2475,VX,LAX,2,6,56,180,0,29,-16,11,145,10,25
-2,1,3,6,16,2475,VX,LAX,2,6,56,180,0,29,-16,11,145,10,25
-1,1,3,6,11,2475,VX,LAX,2,6,56,180,0,29,-16,11,145,10,25
8,1,3,6,13,2475,VX,LAX,2,6,56,180,0,29,-16,11,145,10,25
-4,1,3,6,7,2475,VX,LAX,2,6,56,180,0,29,-16,11,145,10,25
101,1,3,6,20,2475,VX,LAX,2,6,56,180,0,29,-16,11,145,10,25
14,1,3,6,15,2475,DL,LAX,2,6,56,180,0,29,-16,11,145,10,25
-3,1,3,6,12,2475,AA,LAX,2,6,56,180,0,29,-16,11,145,10,25
-3,1,3,6,6,2475,B6,LAX,2,6,56,180,0,29,-16,11,145,10,25
-2,1,3,6,9,2475,B6,LAX,2,6,56,180,0,29,-16,11,145,10,25
-3,1,3,6,7,2475,AA,LAX,2,6,56,180,0,29,-16,11,145,10,25
-9,1,3,6,14,2475,UA,LAX,2,6,56,180,0,29,-16,11,145,10,25
-10,1,3,6,10,2475,AA,LAX,2,6,56,180,0,29,-16,11,145,10,25
-6,1,3,6,11,2475,UA,LAX,2,6,56,180,0,29,-16,11,145,10,25
0,1,3,6,8,2475,UA,LAX,2,6,56,180,0,29,-16,11,145,10,25
-4,1,3,6,6,2475,UA,LAX,2,6,56,180,0,29,-16,11,145,10,25
2,1,3,6,11,2475,B6,LAX,2,6,56,180,0,29,-16,11,145,10,25
-7,1,3,6,9,2475,AA,LAX,2,6,56,180,0,29,-16,11,145,10,25
1,1,3,6,16,2475,B6,LAX,2,6,56,180,0,29,-16,11,145,10,25
-3,1,3,6,11,2475,AA,LAX,2,6,56,180,0,29,-16,11,145,10,25
28,1,3,6,19,2475,AA,LAX,2,6,56,180,0,29,-16,11,145,10,25
7,1,3,6,21,2475,B6,LAX,2,6,56,180,0,29,-16,11,145,10,25
6,1,3,6,18,2475,AA,LAX,2,6,56,180,0,29,-16,11,145,10,25
57,1,3,6,20,2475,AA,LAX,2,6,56,180,0,29,-16,11,145,10,25
-2,1,3,6,18,2475,B6,LAX,2,6,56,180,0,29,-16,11,145,10,25
0,1,3,6,8,2475,AA,LAX,2,6,56,180,0,29,-16,11,145,10,25
-3,1,3,6,17,2475,AA,LAX,2,6,56,180,0,29,-16,11,145,10,25
18,1,3,6,14,2475,AA,LAX,2,6,56,180,0,29,-16,11,145,10,25
-2,1,3,6,8,2475,B6,LAX,2,6,56,180,0,29,-16,11,145,10,25
16,1,3,6,19,2475,DL,LAX,2,6,56,180,0,29,-16,11,145,10,25
16,1,3,6,6,2475,AA,LAX,2,6,56,180,0,29,-16,11,145,10,25
157,1,3,6,17,2475,DL,LAX,2,6,56,180,0,29,-16,11,145,10,25
0,1,3,6,11,2475,DL,LAX,2,6,56,180,0,29,-16,11,145,10,25
0,1,3,6,8,2475,DL,LAX,2,6,56,180,0,29,-16,11,145,10,25
-5,1,15,4,8,2475,B6,LAX,6,-38,17,0,0,21,-82,11,0,0,45
1,1,15,4,11,2475,B6,LAX,6,-38,17,0,0,21,-82,11,0,0,45
-7,1,15,4,6,2475,B6,LAX,6,-38,17,0,0,21,-82,11,0,0,45
-3,1,15,4,9,2475,B6,LAX,6,-38,17,0,0,21,-82,11,0,0,45
-6,1,15,4,10,2475,AA,LAX,6,-38,17,0,0,21,-82,11,0,0,45
23,1,15,4,15,2475,B6,LAX,6,-38,17,0,0,21,-82,11,0,0,45
0,1,15,4,19,2475,AA,LAX,6,-38,17,0,0,21,-82,11,0,0,45
24,1,15,4,20,2475,AA,LAX,6,-38,17,0,0,21,-82,11,0,0,45
19,1,15,4,21,2475,B6,LAX,6,-38,17,0,0,21,-82,11,0,0,45
9,1,15,4,18,2475,B6,LAX,6,-38,17,0,0,21,-82,11,0,0,45
65,1,15,4,17,2475,AA,LAX,6,-38,17,0,0,21,-82,11,0,0,45
79,1,15,4,6,2475,AA,LAX,6,-38,17,0,0,21,-82,11,0,0,45
3,1,15,4,16,2475,AA,LAX,6,-38,17,0,0,21,-82,11,0,0,45
-7,1,15,4,14,2475,AA,LAX,6,-38,17,0,0,21,-82,11,0,0,45
-1,1,15,4,17,2475,DL,LAX,6,-38,17,0,0,21,-82,11,0,0,45
-6,1,15,4,9,2475,DL,LAX,6,-38,17,0,0,21,-82,11,0,0,45
-3,1,15,4,15,2475,DL,LAX,6,-38,17,0,0,21,-82,11,0,0,45
6,1,15,4,7,2475,DL,LAX,6,-38,17,0,0,21,-82,11,0,0,45
35,1,15,4,21,2475,DL,LAX,6,-38,17,0,0,21,-82,11,0,0,45
-2,1,15,4,8,2475,AA,LAX,6,-38,17,0,0,21,-82,11,0,0,45
7,1,15,4,11,2475,DL,LAX,6,-38,17,0,0,21,-82,11,0,0,45
2,1,15,4,18,2475,DL,LAX,6,-38,17,0,0,21,-82,11,0,0,45
6,1,15,4,8,2475,DL,LAX,6,-38,17,0,0,21,-82,11,0,0,45
-1,1,15,4,18,2475,AA,LAX,6,-38,17,0,0,21,-82,11,0,0,45
-5,1,15,4,11,2475,AA,LAX,6,-38,17,0,0,21,-82,11,0,0,45
-9,1,15,4,7,2475,AA,LAX,6,-38,17,0,0,21,-82,11,0,0,45
-7,1,15,4,12,2475,AA,LAX,6,-38,17,0,0,21,-82,11,0,0,45
397,1,15,4,7,2475,VX,LAX,6,-38,17,0,0,21,-82,11,0,0,45
51,1,15,4,9,2475,VX,LAX,6,-38,17,0,0,21,-82,11,0,0,45
188,1,15,4,13,2475,VX,LAX,6,-38,17,0,0,21,-82,11,0,0,45
0,1,15,4,16,2475,VX,LAX,6,-38,17,0,0,21,-82,11,0,0,45
-5,1,15,4,20,2475,VX,LAX,6,-38,17,0,0,21,-82,11,0,0,45
-8,1,15,4,9,2475,AA,LAX,6,-38,17,0,0,21,-82,11,0,0,45
33,1,15,4,8,2475,UA,LAX,6,-38,17,0,0,21,-82,11,0,0,45
0,1,15,4,11,2475,UA,LAX,6,-38,17,0,0,21,-82,11,0,0,45
-8,1,15,4,17,2475,UA,LAX,6,-38,17,0,0,21,-82,11,0,0,45
10,1,15,4,19,2475,UA,LAX,6,-38,17,0,0,21,-82,11,0,0,45
0,1,15,4,6,2475,UA,LAX,6,-38,17,0,0,21,-82,11,0,0,45
-6,1,15,4,14,2475,UA,LAX,6,-38,17,0,0,21,-82,11,0,0,45
4,1,27,2,21,2475,B6,LAX,6,-66,-10,91,109,37,-66,0,0,0,27
0,2,11,3,16,2475,VX,LAX,7,-55,11,0,0,29,-77,17,0,0,60
-9,2,11,3,13,2475,VX,LAX,7,-55,11,0,0,29,-77,17,0,0,60
2,2,11,3,9,2475,VX,LAX,7,-55,11,0,0,29,-77,17,0,0,60
6,2,11,3,7,2475,VX,LAX,7,-55,11,0,0,29,-77,17,0,0,60
12,2,11,3,20,2475,VX,LAX,7,-55,11,0,0,29,-77,17,0,0,60
1,2,11,3,18,2475,DL,LAX,7,-55,11,0,0,29,-77,17,0,0,60
8,2,11,3,17,2475,AA,LAX,7,-55,11,0,0,29,-77,17,0,0,60
-1,2,11,3,16,2475,AA,LAX,7,-55,11,0,0,29,-77,17,0,0,60
-5,2,11,3,11,2475,AA,LAX,7,-55,11,0,0,29,-77,17,0,0,60
-2,2,11,3,8,2475,B6,LAX,7,-55,11,0,0,29,-77,17,0,0,60
-11,2,11,3,7,2475,AA,LAX,7,-55,11,0,0,29,-77,17,0,0,60
-1,2,11,3,11,2475,DL,LAX,7,-55,11,0,0,29,-77,17,0,0,60
-2,2,11,3,6,2475,B6,LAX,7,-55,11,0,0,29,-77,17,0,0,60
-3,2,11,3,6,2475,AA,LAX,7,-55,11,0,0,29,-77,17,0,0,60
-4,2,11,3,14,2475,UA,LAX,7,-55,11,0,0,29,-77,17,0,0,60
-5,2,11,3,11,2475,UA,LAX,7,-55,11,0,0,29,-77,17,0,0,60
-6,2,11,3,17,2475,UA,LAX,7,-55,11,0,0,29,-77,17,0,0,60
5,2,11,3,20,2475,AA,LAX,7,-55,11,0,0,29,-77,17,0,0,60
-3,2,11,3,21,2475,B6,LAX,7,-55,11,0,0,29,-77,17,0,0,60
50,2,11,3,19,2475,UA,LAX,7,-55,11,0,0,29,-77,17,0,0,60
-2,2,11,3,8,2475,UA,LAX,7,-55,11,0,0,29,-77,17,0,0,60
0,2,11,3,9,2475,B6,LAX,7,-55,11,0,0,29,-77,17,0,0,60
24,2,11,3,12,2475,AA,LAX,7,-55,11,0,0,29,-77,17,0,0,60
-2,2,11,3,6,2475,UA,LAX,7,-55,11,0,0,29,-77,17,0,0,60
8,2,11,3,8,2475,AA,LAX,7,-55,11,0,0,29,-77,17,0,0,60
-7,2,11,3,10,2475,AA,LAX,7,-55,11,0,0,29,-77,17,0,0,60
0,2,11,3,8,2475,DL,LAX,7,-55,11,0,0,29,-77,17,0,0,60
-2,2,11,3,11,2475,B6,LAX,7,-55,11,0,0,29,-77,17,0,0,60
3,2,11,3,18,2475,AA,LAX,7,-55,11,0,0,29,-77,17,0,0,60
-4,2,11,3,18,2475,B6,LAX,7,-55,11,0,0,29,-77,17,0,0,60
16,2,11,3,17,2475,DL,LAX,7,-55,11,0,0,29,-77,17,0,0,60
-2,2,11,3,9,2475,DL,LAX,7,-55,11,0,0,29,-77,17,0,0,60
4,2,11,3,19,2475,AA,LAX,7,-55,11,0,0,29,-77,17,0,0,60
10,2,11,3,15,2475,B6,LAX,7,-55,11,0,0,29,-77,17,0,0,60
-1,2,11,3,15,2475,DL,LAX,7,-55,11,0,0,29,-77,17,0,0,60
10,2,11,3,7,2475,DL,LAX,7,-55,11,0,0,29,-77,17,0,0,60
26,2,11,3,21,2475,DL,LAX,7,-55,11,0,0,29,-77,17,0,0,60
-4,2,11,3,9,2475,AA,LAX,7,-55,11,0,0,29,-77,17,0,0,60
-7,2,11,3,14,2475,AA,LAX,7,-55,11,0,0,29,-77,17,0,0,60
-6,2,23,1,7,2475,VX,LAX,5,-132,33,0,0,50,-199,-110,0,0,44
-8,2,23,1,9,2475,VX,LAX,5,-132,33,0,0,50,-199,-110,0,0,44
-6,2,23,1,13,2475,VX,LAX,5,-132,33,0,0,50,-199,-110,0,0,44
-8,2,23,1,20,2475,VX,LAX,5,-132,33,0,0,50,-199,-110,0,0,44
-5,2,23,1,16,2475,VX,LAX,5,-132,33,0,0,50,-199,-110,0,0,44
-9,2,23,1,8,2475,UA,LAX,5,-132,33,0,0,50,-199,-110,0,0,44
-6,2,23,1,6,2475,UA,LAX,5,-132,33,0,0,50,-199,-110,0,0,44
-7,2,23,1,11,2475,UA,LAX,5,-132,33,0,0,50,-199,-110,0,0,44
-3,2,23,1,17,2475,UA,LAX,5,-132,33,0,0,50,-199,-110,0,0,44
-3,2,23,1,19,2475,UA,LAX,5,-132,33,0,0,50,-199,-110,0,0,44
-3,2,23,1,14,2475,UA,LAX,5,-132,33,0,0,50,-199,-110,0,0,44
4,2,23,1,16,2475,B6,LAX,5,-132,33,0,0,50,-199,-110,0,0,44
-6,2,23,1,9,2475,AA,LAX,5,-132,33,0,0,50,-199,-110,0,0,44
3,2,23,1,9,2475,B6,LAX,5,-132,33,0,0,50,-199,-110,0,0,44
3,2,23,1,17,2475,AA,LAX,5,-132,33,0,0,50,-199,-110,0,0,44
-3,2,23,1,18,2475,AA,LAX,5,-132,33,0,0,50,-199,-110,0,0,44
-5,2,23,1,20,2475,AA,LAX,5,-132,33,0,0,50,-199,-110,0,0,44
-1,2,23,1,16,2475,AA,LAX,5,-132,33,0,0,50,-199,-110,0,0,44
-2,2,23,1,18,2475,B6,LAX,5,-132,33,0,0,50,-199,-110,0,0,44
-6,2,23,1,10,2475,AA,LAX,5,-132,33,0,0,50,-199,-110,0,0,44
3,2,23,1,8,2475,AA,LAX,5,-132,33,0,0,50,-199,-110,0,0,44
-2,2,23,1,15,2475,DL,LAX,5,-132,33,0,0,50,-199,-110,0,0,44
-1,2,23,1,18,2475,DL,LAX,5,-132,33,0,0,50,-199,-110,0,0,44
-4,2,23,1,17,2475,DL,LAX,5,-132,33,0,0,50,-199,-110,0,0,44
45,2,23,1,21,2475,DL,LAX,5,-132,33,0,0,50,-199,-110,0,0,44
-4,2,23,1,19,2475,AA,LAX,5,-132,33,0,0,50,-199,-110,0,0,44
-10,2,23,1,7,2475,DL,LAX,5,-132,33,0,0,50,-199,-110,0,0,44
31,2,23,1,11,2475,AA,LAX,5,-132,33,0,0,50,-199,-110,0,0,44
36,2,23,1,11,2475,DL,LAX,5,-132,33,0,0,50,-199,-110,0,0,44
0,2,23,1,9,2475,DL,LAX,5,-132,33,0,0,50,-199,-110,0,0,44
-4,2,23,1,14,2475,AA,LAX,5,-132,33,0,0,50,-199,-110,0,0,44
-4,2,23,1,8,2475,B6,LAX,5,-132,33,0,0,50,-199,-110,0,0,44
-5,2,23,1,6,2475,AA,LAX,5,-132,33,0,0,50,-199,-110,0,0,44
-9,2,23,1,7,2475,AA,LAX,5,-132,33,0,0,50,-199,-110,0,0,44
2,2,23,1,6,2475,B6,LAX,5,-132,33,0,0,50,-199,-110,0,0,44
-3,2,23,1,11,2475,B6,LAX,5,-132,33,0,0,50,-199,-110,0,0,44
-4,2,23,1,12,2475,AA,LAX,5,-132,33,0,0,50,-199,-110,0,0,44
-1,2,23,1,21,2475,B6,LAX,5,-132,33,0,0,50,-199,-110,0,0,44
41,3,6,5,17,2475,UA,LAX,16,-110,-27,0,0,28,-177,-27,0,0,59
3,3,6,5,19,2475,UA,LAX,16,-110,-27,0,0,28,-177,-27,0,0,59
-1,3,6,5,8,2475,UA,LAX,16,-110,-27,0,0,28,-177,-27,0,0,59
45,3,6,5,11,2475,UA,LAX,16,-110,-27,0,0,28,-177,-27,0,0,59
-1,3,6,5,14,2475,UA,LAX,16,-110,-27,0,0,28,-177,-27,0,0,59
0,3,6,5,7,2475,VX,LAX,16,-110,-27,0,0,28,-177,-27,0,0,59
53,3,6,5,9,2475,VX,LAX,16,-110,-27,0,0,28,-177,-27,0,0,59
59,3,6,5,13,2475,VX,LAX,16,-110,-27,0,0,28,-177,-27,0,0,59
56,3,6,5,16,2475,VX,LAX,16,-110,-27,0,0,28,-177,-27,0,0,59
-4,3,6,5,20,2475,VX,LAX,16,-110,-27,0,0,28,-177,-27,0,0,59
30,3,6,5,9,2475,AA,LAX,16,-110,-27,0,0,28,-177,-27,0,0,59
0,3,6,5,11,2475,B6,LAX,16,-110,-27,0,0,28,-177,-27,0,0,59
103,3,6,5,12,2475,AA,LAX,16,-110,-27,0,0,28,-177,-27,0,0,59
26,3,6,5,20,2475,AA,LAX,16,-110,-27,0,0,28,-177,-27,0,0,59
46,3,6,5,9,2475,B6,LAX,16,-110,-27,0,0,28,-177,-27,0,0,59
14,3,6,5,16,2475,AA,LAX,16,-110,-27,0,0,28,-177,-27,0,0,59
35,3,6,5,8,2475,AA,LAX,16,-110,-27,0,0,28,-177,-27,0,0,59
-5,3,6,5,6,2475,B6,LAX,16,-110,-27,0,0,28,-177,-27,0,0,59
166,3,6,5,18,2475,B6,LAX,16,-110,-27,0,0,28,-177,-27,0,0,59
8,3,6,5,9,2475,DL,LAX,16,-110,-27,0,0,28,-177,-27,0,0,59
29,3,6,5,12,2475,DL,LAX,16,-110,-27,0,0,28,-177,-27,0,0,59
33,3,6,5,7,2475,DL,LAX,16,-110,-27,0,0,28,-177,-27,0,0,59
123,3,6,5,21,2475,DL,LAX,16,-110,-27,0,0,28,-177,-27,0,0,59
96,3,6,5,11,2475,AA,LAX,16,-110,-27,0,0,28,-177,-27,0,0,59
33,3,6,5,17,2475,DL,LAX,16,-110,-27,0,0,28,-177,-27,0,0,59
48,3,6,5,18,2475,DL,LAX,16,-110,-27,0,0,28,-177,-27,0,0,59
41,3,6,5,19,2475,AA,LAX,16,-110,-27,0,0,28,-177,-27,0,0,59
34,3,6,5,15,2475,DL,LAX,16,-110,-27,0,0,28,-177,-27,0,0,59
191,3,6,5,8,2475,DL,LAX,16,-110,-27,0,0,28,-177,-27,0,0,59
103,3,6,5,14,2475,AA,LAX,16,-110,-27,0,0,28,-177,-27,0,0,59
15,3,6,5,21,2475,B6,LAX,16,-110,-27,0,0,28,-177,-27,0,0,59
8,3,6,5,7,2475,B6,LAX,16,-110,-27,0,0,28,-177,-27,0,0,59
-2,3,6,5,7,2475,AA,LAX,16,-110,-27,0,0,28,-177,-27,0,0,59
65,3,6,5,10,2475,AA,LAX,16,-110,-27,0,0,28,-177,-27,0,0,59
51,3,6,5,18,2475,AA,LAX,16,-110,-27,0,0,28,-177,-27,0,0,59
37,3,6,5,17,2475,AA,LAX,16,-110,-27,0,0,28,-177,-27,0,0,59
64,3,6,5,16,2475,B6,LAX,16,-110,-27,0,0,28,-177,-27,0,0,59
-8,3,18,3,17,2475,UA,LAX,28,-16,39,0,0,43,-21,100,0,0,21
143,3,18,3,19,2475,UA,LAX,28,-16,39,0,0,43,-21,100,0,0,21
-9,3,18,3,8,2475,UA,LAX,28,-16,39,0,0,43,-21,100,0,0,21
-5,3,18,3,14,2475,UA,LAX,28,-16,39,0,0,43,-21,100,0,0,21
-2,3,18,3,11,2475,UA,LAX,28,-16,39,0,0,43,-21,100,0,0,21
-1,3,18,3,16,2475,VX,LAX,28,-16,39,0,0,43,-21,100,0,0,21
-3,3,18,3,13,2475,VX,LAX,28,-16,39,0,0,43,-21,100,0,0,21
-6,3,18,3,7,2475,VX,LAX,28,-16,39,0,0,43,-21,100,0,0,21
193,3,18,3,20,2475,VX,LAX,28,-16,39,0,0,43,-21,100,0,0,21
14,3,18,3,9,2475,VX,LAX,28,-16,39,0,0,43,-21,100,0,0,21
-5,3,18,3,21,2475,AA,LAX,28,-16,39,0,0,43,-21,100,0,0,21
-4,3,18,3,6,2475,AA,LAX,28,-16,39,0,0,43,-21,100,0,0,21
137,3,18,3,21,2475,B6,LAX,28,-16,39,0,0,43,-21,100,0,0,21
-6,3,18,3,19,2475,AA,LAX,28,-16,39,0,0,43,-21,100,0,0,21
9,3,18,3,16,2475,B6,LAX,28,-16,39,0,0,43,-21,100,0,0,21
-9,3,18,3,8,2475,AA,LAX,28,-16,39,0,0,43,-21,100,0,0,21
24,3,18,3,10,2475,AA,LAX,28,-16,39,0,0,43,-21,100,0,0,21
-1,3,18,3,8,2475,DL,LAX,28,-16,39,0,0,43,-21,100,0,0,21
-7,3,18,3,7,2475,AA,LAX,28,-16,39,0,0,43,-21,100,0,0,21
61,3,18,3,15,2475,DL,LAX,28,-16,39,0,0,43,-21,100,0,0,21
18,3,18,3,18,2475,DL,LAX,28,-16,39,0,0,43,-21,100,0,0,21
203,3,18,3,17,2475,DL,LAX,28,-16,39,0,0,43,-21,100,0,0,21
-2,3,18,3,21,2475,DL,LAX,28,-16,39,0,0,43,-21,100,0,0,21
-4,3,18,3,14,2475,AA,LAX,28,-16,39,0,0,43,-21,100,0,0,21
-2,3,18,3,7,2475,DL,LAX,28,-16,39,0,0,43,-21,100,0,0,21
-6,3,18,3,9,2475,B6,LAX,28,-16,39,0,0,43,-21,100,0,0,21
-5,3,18,3,17,2475,AA,LAX,28,-16,39,0,0,43,-21,100,0,0,21
35,3,18,3,12,2475,DL,LAX,28,-16,39,0,0,43,-21,100,0,0,21
29,3,18,3,11,2475,B6,LAX,28,-16,39,0,0,43,-21,100,0,0,21
-1,3,18,3,18,2475,AA,LAX,28,-16,39,0,0,43,-21,100,0,0,21
0,3,18,3,18,2475,B6,LAX,28,-16,39,0,0,43,-21,100,0,0,21
-5,3,18,3,6,2475,B6,LAX,28,-16,39,0,0,43,-21,100,0,0,21
30,3,18,3,9,2475,DL,LAX,28,-16,39,0,0,43,-21,100,0,0,21
-4,3,18,3,8,2475,B6,LAX,28,-16,39,0,0,43,-21,100,0,0,21
-3,3,18,3,12,2475,AA,LAX,28,-16,39,0,0,43,-21,100,0,0,21
-3,3,18,3,11,2475,AA,LAX,28,-16,39,0,0,43,-21,100,0,0,21
-3,3,18,3,16,2475,AA,LAX,28,-16,39,0,0,43,-21,100,0,0,21
-6,3,18,3,9,2475,AA,LAX,28,-16,39,0,0,43,-21,100,0,0,21
-6,3,31,2,11,2475,AA,LAX,41,17,83,43,0,24,39,144,0,0,38
-4,3,31,2,8,2475,AA,LAX,41,17,83,43,0,24,39,144,0,0,38
-4,3,31,2,12,2475,AA,LAX,41,17,83,43,0,24,39,144,0,0,38
50,3,31,2,19,2475,AA,LAX,41,17,83,43,0,24,39,144,0,0,38
-8,3,31,2,12,2475,B6,LAX,41,17,83,43,0,24,39,144,0,0,38
15,3,31,2,16,2475,B6,LAX,41,17,83,43,0,24,39,144,0,0,38
46,3,31,2,11,2475,B6,LAX,41,17,83,43,0,24,39,144,0,0,38
13,3,31,2,21,2475,B6,LAX,41,17,83,43,0,24,39,144,0,0,38
-1,3,31,2,16,2475,AA,LAX,41,17,83,43,0,24,39,144,0,0,38
-4,3,31,2,6,2475,B6,LAX,41,17,83,43,0,24,39,144,0,0,38
-1,3,31,2,7,2475,AA,LAX,41,17,83,43,0,24,39,144,0,0,38
-4,3,31,2,15,2475,AA,LAX,41,17,83,43,0,24,39,144,0,0,38
-6,3,31,2,21,2475,AA,LAX,41,17,83,43,0,24,39,144,0,0,38
-7,3,31,2,10,2475,AA,LAX,41,17,83,43,0,24,39,144,0,0,38
52,3,31,2,18,2475,AA,LAX,41,17,83,43,0,24,39,144,0,0,38
-1,3,31,2,17,2475,AA,LAX,41,17,83,43,0,24,39,144,0,0,38
42,3,31,2,9,2475,B6,LAX,41,17,83,43,0,24,39,144,0,0,38
4,3,31,2,9,2475,AA,LAX,41,17,83,43,0,24,39,144,0,0,38
39,3,31,2,18,2475,B6,LAX,41,17,83,43,0,24,39,144,0,0,38
14,3,31,2,17,2475,DL,LAX,41,17,83,43,0,24,39,144,0,0,38
-3,3,31,2,17,2475,UA,LAX,41,17,83,43,0,24,39,144,0,0,38
-6,3,31,2,12,2475,DL,LAX,41,17,83,43,0,24,39,144,0,0,38
4,3,31,2,14,2475,UA,LAX,41,17,83,43,0,24,39,144,0,0,38
-1,3,31,2,8,2475,DL,LAX,41,17,83,43,0,24,39,144,0,0,38
-2,3,31,2,11,2475,UA,LAX,41,17,83,43,0,24,39,144,0,0,38
-1,3,31,2,18,2475,DL,LAX,41,17,83,43,0,24,39,144,0,0,38
16,3,31,2,7,2475,DL,LAX,41,17,83,43,0,24,39,144,0,0,38
5,3,31,2,15,2475,DL,LAX,41,17,83,43,0,24,39,144,0,0,38
-5,3,31,2,9,2475,DL,LAX,41,17,83,43,0,24,39,144,0,0,38
2,3,31,2,8,2475,UA,LAX,41,17,83,43,0,24,39,144,0,0,38
29,3,31,2,19,2475,UA,LAX,41,17,83,43,0,24,39,144,0,0,38
58,3,31,2,21,2475,DL,LAX,41,17,83,43,0,24,39,144,0,0,38
0,3,31,2,7,2475,VX,LAX,41,17,83,43,0,24,39,144,0,0,38
-7,3,31,2,9,2475,VX,LAX,41,17,83,43,0,24,39,144,0,0,38
2,3,31,2,13,2475,VX,LAX,41,17,83,43,0,24,39,144,0,0,38
0,3,31,2,16,2475,VX,LAX,41,17,83,43,0,24,39,144,0,0,38
28,3,31,2,20,2475,VX,LAX,41,17,83,43,0,24,39,144,0,0,38
-3,4,2,4,9,2475,VX,LAX,43,50,194,0,0,28,100,183,91,0,50
29,4,2,4,18,2475,DL,LAX,43,50,194,0,0,28,100,183,91,0,50
7,4,2,4,8,2475,DL,LAX,43,50,194,0,0,28,100,183,91,0,50
46,4,2,4,17,2475,DL,LAX,43,50,194,0,0,28,100,183,91,0,50
2,4,2,4,21,2475,DL,LAX,43,50,194,0,0,28,100,183,91,0,50
86,4,2,4,7,2475,DL,LAX,43,50,194,0,0,28,100,183,91,0,50
-1,4,2,4,12,2475,DL,LAX,43,50,194,0,0,28,100,183,91,0,50
1,4,2,4,9,2475,DL,LAX,43,50,194,0,0,28,100,183,91,0,50
4,4,2,4,16,2475,B6,LAX,43,50,194,0,0,28,100,183,91,0,50
-6,4,2,4,20,2475,VX,LAX,43,50,194,0,0,28,100,183,91,0,50
-1,4,2,4,16,2475,VX,LAX,43,50,194,0,0,28,100,183,91,0,50
0,4,2,4,13,2475,VX,LAX,43,50,194,0,0,28,100,183,91,0,50
0,4,2,4,7,2475,VX,LAX,43,50,194,0,0,28,100,183,91,0,50
-4,4,2,4,6,2475,B6,LAX,43,50,194,0,0,28,100,183,91,0,50
-3,4,2,4,9,2475,B6,LAX,43,50,194,0,0,28,100,183,91,0,50
19,4,2,4,18,2475,B6,LAX,43,50,194,0,0,28,100,183,91,0,50
3,4,2,4,11,2475,B6,LAX,43,50,194,0,0,28,100,183,91,0,50
-4,4,2,4,14,2475,UA,LAX,43,50,194,0,0,28,100,183,91,0,50
-3,4,2,4,11,2475,UA,LAX,43,50,194,0,0,28,100,183,91,0,50
21,4,2,4,17,2475,UA,LAX,43,50,194,0,0,28,100,183,91,0,50
-2,4,2,4,19,2475,UA,LAX,43,50,194,0,0,28,100,183,91,0,50
14,4,2,4,8,2475,UA,LAX,43,50,194,0,0,28,100,183,91,0,50
14,4,2,4,21,2475,B6,LAX,43,50,194,0,0,28,100,183,91,0,50
-4,4,2,4,12,2475,B6,LAX,43,50,194,0,0,28,100,183,91,0,50
-7,4,2,4,9,2475,AA,LAX,43,50,194,0,0,28,100,183,91,0,50
-6,4,2,4,10,2475,AA,LAX,43,50,194,0,0,28,100,183,91,0,50
-3,4,2,4,19,2475,AA,LAX,43,50,194,0,0,28,100,183,91,0,50
13,4,2,4,21,2475,AA,LAX,43,50,194,0,0,28,100,183,91,0,50
0,4,2,4,17,2475,AA,LAX,43,50,194,0,0,28,100,183,91,0,50
-4,4,2,4,8,2475,AA,LAX,43,50,194,0,0,28,100,183,91,0,50
-2,4,2,4,6,2475,AA,LAX,43,50,194,0,0,28,100,183,91,0,50
11,4,2,4,7,2475,AA,LAX,43,50,194,0,0,28,100,183,91,0,50
-3,4,2,4,11,2475,AA,LAX,43,50,194,0,0,28,100,183,91,0,50
-5,4,2,4,12,2475,AA,LAX,43,50,194,0,0,28,100,183,91,0,50
-4,4,2,4,16,2475,AA,LAX,43,50,194,0,0,28,100,183,91,0,50
4,4,2,4,18,2475,AA,LAX,43,50,194,0,0,28,100,183,91,0,50
-9,4,2,4,15,2475,AA,LAX,43,50,194,0,0,28,100,183,91,0,50
7,4,14,2,14,2475,UA,LAX,38,128,183,3,0,17,39,189,0,0,22
-2,4,14,2,17,2475,UA,LAX,38,128,183,3,0,17,39,189,0,0,22
-4,4,14,2,8,2475,UA,LAX,38,128,183,3,0,17,39,189,0,0,22
-7,4,14,2,11,2475,UA,LAX,38,128,183,3,0,17,39,189,0,0,22
-2,4,14,2,6,2475,UA,LAX,38,128,183,3,0,17,39,189,0,0,22
3,4,14,2,19,2475,UA,LAX,38,128,183,3,0,17,39,189,0,0,22
-2,4,14,2,7,2475,VX,LAX,38,128,183,3,0,17,39,189,0,0,22
-4,4,14,2,6,2475,B6,LAX,38,128,183,3,0,17,39,189,0,0,22
-4,4,14,2,8,2475,DL,LAX,38,128,183,3,0,17,39,189,0,0,22
10,4,14,2,18,2475,DL,LAX,38,128,183,3,0,17,39,189,0,0,22
0,4,14,2,9,2475,B6,LAX,38,128,183,3,0,17,39,189,0,0,22
2,4,14,2,15,2475,DL,LAX,38,128,183,3,0,17,39,189,0,0,22
-6,4,14,2,9,2475,DL,LAX,38,128,183,3,0,17,39,189,0,0,22
-5,4,14,2,11,2475,DL,LAX,38,128,183,3,0,17,39,189,0,0,22
0,4,14,2,7,2475,DL,LAX,38,128,183,3,0,17,39,189,0,0,22
-3,4,14,2,11,2475,B6,LAX,38,128,183,3,0,17,39,189,0,0,22
1,4,14,2,21,2475,DL,LAX,38,128,183,3,0,17,39,189,0,0,22
-2,4,14,2,21,2475,B6,LAX,38,128,183,3,0,17,39,189,0,0,22
-7,4,14,2,12,2475,B6,LAX,38,128,183,3,0,17,39,189,0,0,22
-8,4,14,2,20,2475,VX,LAX,38,128,183,3,0,17,39,189,0,0,22
-1,4,14,2,18,2475,B6,LAX,38,128,183,3,0,17,39,189,0,0,22
62,4,14,2,16,2475,VX,LAX,38,128,183,3,0,17,39,189,0,0,22
-2,4,14,2,13,2475,VX,LAX,38,128,183,3,0,17,39,189,0,0,22
-2,4,14,2,16,2475,B6,LAX,38,128,183,3,0,17,39,189,0,0,22
-4,4,14,2,9,2475,VX,LAX,38,128,183,3,0,17,39,189,0,0,22
9,4,14,2,17,2475,DL,LAX,38,128,183,3,0,17,39,189,0,0,22
-7,4,14,2,18,2475,AA,LAX,38,128,183,3,0,17,39,189,0,0,22
-4,4,14,2,10,2475,AA,LAX,38,128,183,3,0,17,39,189,0,0,22
-8,4,14,2,15,2475,AA,LAX,38,128,183,3,0,17,39,189,0,0,22
-5,4,14,2,11,2475,AA,LAX,38,128,183,3,0,17,39,189,0,0,22
-3,4,14,2,9,2475,AA,LAX,38,128,183,3,0,17,39,189,0,0,22
0,4,14,2,17,2475,AA,LAX,38,128,183,3,0,17,39,189,0,0,22
-8,4,14,2,21,2475,AA,LAX,38,128,183,3,0,17,39,189,0,0,22
0,4,14,2,12,2475,AA,LAX,38,128,183,3,0,17,39,189,0,0,22
-3,4,14,2,19,2475,AA,LAX,38,128,183,3,0,17,39,189,0,0,22
-7,4,14,2,8,2475,AA,LAX,38,128,183,3,0,17,39,189,0,0,22
-5,4,14,2,16,2475,AA,LAX,38,128,183,3,0,17,39,189,0,0,22
2,4,26,7,20,2475,VX,LAX,26,78,178,0,0,23,17,133,0,0,49
-3,4,26,7,16,2475,VX,LAX,26,78,178,0,0,23,17,133,0,0,49
-8,4,26,7,13,2475,VX,LAX,26,78,178,0,0,23,17,133,0,0,49
-3,4,26,7,9,2475,VX,LAX,26,78,178,0,0,23,17,133,0,0,49
17,4,26,7,7,2475,VX,LAX,26,78,178,0,0,23,17,133,0,0,49
-5,4,26,7,12,2475,AA,LAX,26,78,178,0,0,23,17,133,0,0,49
17,4,26,7,17,2475,AA,LAX,26,78,178,0,0,23,17,133,0,0,49
-9,4,26,7,9,2475,AA,LAX,26,78,178,0,0,23,17,133,0,0,49
0,4,26,7,18,2475,AA,LAX,26,78,178,0,0,23,17,133,0,0,49
0,4,26,7,8,2475,AA,LAX,26,78,178,0,0,23,17,133,0,0,49
-3,4,26,7,15,2475,AA,LAX,26,78,178,0,0,23,17,133,0,0,49
-9,4,26,7,11,2475,AA,LAX,26,78,178,0,0,23,17,133,0,0,49
-7,4,26,7,19,2475,AA,LAX,26,78,178,0,0,23,17,133,0,0,49
5,4,26,7,6,2475,AA,LAX,26,78,178,0,0,23,17,133,0,0,49
-8,4,26,7,10,2475,AA,LAX,26,78,178,0,0,23,17,133,0,0,49
-7,4,26,7,7,2475,AA,LAX,26,78,178,0,0,23,17,133,0,0,49
22,4,26,7,16,2475,AA,LAX,26,78,178,0,0,23,17,133,0,0,49
-3,4,26,7,21,2475,AA,LAX,26,78,178,0,0,23,17,133,0,0,49
-3,4,26,7,7,2475,DL,LAX,26,78,178,0,0,23,17,133,0,0,49
31,4,26,7,21,2475,DL,LAX,26,78,178,0,0,23,17,133,0,0,49
10,4,26,7,18,2475,DL,LAX,26,78,178,0,0,23,17,133,0,0,49
-3,4,26,7,8,2475,DL,LAX,26,78,178,0,0,23,17,133,0,0,49
-5,4,26,7,11,2475,B6,LAX,26,78,178,0,0,23,17,133,0,0,49
22,4,26,7,21,2475,B6,LAX,26,78,178,0,0,23,17,133,0,0,49
-5,4,26,7,18,2475,B6,LAX,26,78,178,0,0,23,17,133,0,0,49
-11,4,26,7,6,2475,B6,LAX,26,78,178,0,0,23,17,133,0,0,49
11,4,26,7,17,2475,DL,LAX,26,78,178,0,0,23,17,133,0,0,49
-3,4,26,7,9,2475,B6,LAX,26,78,178,0,0,23,17,133,0,0,49
33,4,26,7,15,2475,DL,LAX,26,78,178,0,0,23,17,133,0,0,49
-2,4,26,7,12,2475,B6,LAX,26,78,178,0,0,23,17,133,0,0,49
-9,4,26,7,9,2475,DL,LAX,26,78,178,0,0,23,17,133,0,0,49
-3,4,26,7,16,2475,B6,LAX,26,78,178,0,0,23,17,133,0,0,49
-5,4,26,7,11,2475,DL,LAX,26,78,178,0,0,23,17,133,0,0,49
22,4,26,7,19,2475,UA,LAX,26,78,178,0,0,23,17,133,0,0,49
1,4,26,7,11,2475,UA,LAX,26,78,178,0,0,23,17,133,0,0,49
89,4,26,7,17,2475,UA,LAX,26,78,178,0,0,23,17,133,0,0,49
-5,4,26,7,14,2475,UA,LAX,26,78,178,0,0,23,17,133,0,0,49
1,4,26,7,8,2475,UA,LAX,26,78,178,0,0,23,17,133,0,0,49
-8,5,9,6,13,2475,VX,LAX,13,139,211,0,0,19,83,178,74,0,40
-4,5,9,6,7,2475,VX,LAX,13,139,211,0,0,19,83,178,74,0,40
-8,5,9,6,9,2475,VX,LAX,13,139,211,0,0,19,83,178,74,0,40
0,5,9,6,16,2475,VX,LAX,13,139,211,0,0,19,83,178,74,0,40
6,5,9,6,20,2475,VX,LAX,13,139,211,0,0,19,83,178,74,0,40
-5,5,9,6,8,2475,UA,LAX,13,139,211,0,0,19,83,178,74,0,40
-5,5,9,6,6,2475,UA,LAX,13,139,211,0,0,19,83,178,74,0,40
0,5,9,6,14,2475,UA,LAX,13,139,211,0,0,19,83,178,74,0,40
2,5,9,6,18,2475,UA,LAX,13,139,211,0,0,19,83,178,74,0,40
-2,5,9,6,11,2475,UA,LAX,13,139,211,0,0,19,83,178,74,0,40
9,5,9,6,7,2475,AA,LAX,13,139,211,0,0,19,83,178,74,0,40
-4,5,9,6,18,2475,B6,LAX,13,139,211,0,0,19,83,178,74,0,40
10,5,9,6,11,2475,AA,LAX,13,139,211,0,0,19,83,178,74,0,40
-2,5,9,6,13,2475,B6,LAX,13,139,211,0,0,19,83,178,74,0,40
13,5,9,6,11,2475,B6,LAX,13,139,211,0,0,19,83,178,74,0,40
-3,5,9,6,8,2475,B6,LAX,13,139,211,0,0,19,83,178,74,0,40
-3,5,9,6,12,2475,DL,LAX,13,139,211,0,0,19,83,178,74,0,40
15,5,9,6,19,2475,AA,LAX,13,139,211,0,0,19,83,178,74,0,40
4,5,9,6,15,2475,DL,LAX,13,139,211,0,0,19,83,178,74,0,40
-2,5,9,6,15,2475,AA,LAX,13,139,211,0,0,19,83,178,74,0,40
-4,5,9,6,6,2475,B6,LAX,13,139,211,0,0,19,83,178,74,0,40
-3,5,9,6,9,2475,B6,LAX,13,139,211,0,0,19,83,178,74,0,40
-3,5,9,6,17,2475,AA,LAX,13,139,211,0,0,19,83,178,74,0,40
158,5,9,6,18,2475,DL,LAX,13,139,211,0,0,19,83,178,74,0,40
-2,5,9,6,16,2475,B6,LAX,13,139,211,0,0,19,83,178,74,0,40
-2,5,9,6,21,2475,AA,LAX,13,139,211,0,0,19,83,178,74,0,40
14,5,9,6,8,2475,DL,LAX,13,139,211,0,0,19,83,178,74,0,40
5,5,9,6,17,2475,DL,LAX,13,139,211,0,0,19,83,178,74,0,40
-5,5,9,6,12,2475,AA,LAX,13,139,211,0,0,19,83,178,74,0,40
12,5,10,7,16,2475,VX,LAX,12,161,283,0,0,16,72,122,36,0,42
-7,5,10,7,9,2475,VX,LAX,12,161,283,0,0,16,72,122,36,0,42
-12,5,10,7,7,2475,VX,LAX,12,161,283,0,0,16,72,122,36,0,42
-2,5,10,7,13,2475,VX,LAX,12,161,283,0,0,16,72,122,36,0,42
7,5,10,7,20,2475,VX,LAX,12,161,283,0,0,16,72,122,36,0,42
0,5,10,7,18,2475,B6,LAX,12,161,283,0,0,16,72,122,36,0,42
-3,5,10,7,21,2475,AA,LAX,12,161,283,0,0,16,72,122,36,0,42
-3,5,10,7,12,2475,AA,LAX,12,161,283,0,0,16,72,122,36,0,42
218,5,10,7,17,2475,UA,LAX,12,161,283,0,0,16,72,122,36,0,42
-4,5,10,7,17,2475,AA,LAX,12,161,283,0,0,16,72,122,36,0,42
-5,5,10,7,10,2475,AA,LAX,12,161,283,0,0,16,72,122,36,0,42
13,5,10,7,19,2475,UA,LAX,12,161,283,0,0,16,72,122,36,0,42
5,5,10,7,8,2475,B6,LAX,12,161,283,0,0,16,72,122,36,0,42
-2,5,10,7,7,2475,AA,LAX,12,161,283,0,0,16,72,122,36,0,42
-4,5,10,7,9,2475,AA,LAX,12,161,283,0,0,16,72,122,36,0,42
-3,5,10,7,11,2475,UA,LAX,12,161,283,0,0,16,72,122,36,0,42
1,5,10,7,11,2475,B6,LAX,12,161,283,0,0,16,72,122,36,0,42
-7,5,10,7,8,2475,AA,LAX,12,161,283,0,0,16,72,122,36,0,42
-7,5,10,7,13,2475,B6,LAX,12,161,283,0,0,16,72,122,36,0,42
0,5,10,7,8,2475,UA,LAX,12,161,283,0,0,16,72,122,36,0,42
55,5,10,7,18,2475,AA,LAX,12,161,283,0,0,16,72,122,36,0,42
7,5,10,7,16,2475,AA,LAX,12,161,283,0,0,16,72,122,36,0,42
12,5,10,7,14,2475,UA,LAX,12,161,283,0,0,16,72,122,36,0,42
2,5,10,7,11,2475,AA,LAX,12,161,283,0,0,16,72,122,36,0,42
-5,5,10,7,16,2475,B6,LAX,12,161,283,0,0,16,72,122,36,0,42
-6,5,10,7,6,2475,AA,LAX,12,161,283,0,0,16,72,122,36,0,42
-5,5,10,7,21,2475,B6,LAX,12,161,283,0,0,16,72,122,36,0,42
-6,5,10,7,9,2475,B6,LAX,12,161,283,0,0,16,72,122,36,0,42
-5,5,10,7,15,2475,AA,LAX,12,161,283,0,0,16,72,122,36,0,42
-3,5,10,7,19,2475,AA,LAX,12,161,283,0,0,16,72,122,36,0,42
-3,5,10,7,6,2475,B6,LAX,12,161,283,0,0,16,72,122,36,0,42
12,5,10,7,15,2475,DL,LAX,12,161,283,0,0,16,72,122,36,0,42
35,5,10,7,9,2475,DL,LAX,12,161,283,0,0,16,72,122,36,0,42
-3,5,10,7,11,2475,DL,LAX,12,161,283,0,0,16,72,122,36,0,42
-2,5,10,7,7,2475,DL,LAX,12,161,283,0,0,16,72,122,36,0,42
51,5,10,7,21,2475,DL,LAX,12,161,283,0,0,16,72,122,36,0,42
-2,5,10,7,17,2475,DL,LAX,12,161,283,0,0,16,72,122,36,0,42
-3,5,10,7,8,2475,DL,LAX,12,161,283,0,0,16,72,122,36,0,42
18,5,10,7,18,2475,DL,LAX,12,161,283,0,0,16,72,122,36,0,42
83,5,22,5,14,2475,UA,LAX,0,128,233,0,0,27,83,189,0,0,38
-5,5,22,5,11,2475,UA,LAX,0,128,233,0,0,27,83,189,0,0,38
-1,5,22,5,17,2475,UA,LAX,0,128,233,0,0,27,83,189,0,0,38
-1,5,22,5,19,2475,UA,LAX,0,128,233,0,0,27,83,189,0,0,38
8,5,22,5,8,2475,UA,LAX,0,128,233,0,0,27,83,189,0,0,38
2,5,22,5,6,2475,UA,LAX,0,128,233,0,0,27,83,189,0,0,38
-7,5,22,5,6,2475,B6,LAX,0,128,233,0,0,27,83,189,0,0,38
-6,5,22,5,9,2475,B6,LAX,0,128,233,0,0,27,83,189,0,0,38
5,5,22,5,18,2475,B6,LAX,0,128,233,0,0,27,83,189,0,0,38
0,5,22,5,16,2475,B6,LAX,0,128,233,0,0,27,83,189,0,0,38
0,5,22,5,17,2475,AA,LAX,0,128,233,0,0,27,83,189,0,0,38
-1,5,22,5,8,2475,DL,LAX,0,128,233,0,0,27,83,189,0,0,38
-2,5,22,5,8,2475,B6,LAX,0,128,233,0,0,27,83,189,0,0,38
10,5,22,5,17,2475,DL,LAX,0,128,233,0,0,27,83,189,0,0,38
-4,5,22,5,8,2475,AA,LAX,0,128,233,0,0,27,83,189,0,0,38
-6,5,22,5,15,2475,AA,LAX,0,128,233,0,0,27,83,189,0,0,38
13,5,22,5,21,2475,DL,LAX,0,128,233,0,0,27,83,189,0,0,38
-4,5,22,5,11,2475,B6,LAX,0,128,233,0,0,27,83,189,0,0,38
-4,5,22,5,21,2475,AA,LAX,0,128,233,0,0,27,83,189,0,0,38
-4,5,22,5,10,2475,AA,LAX,0,128,233,0,0,27,83,189,0,0,38
0,5,22,5,18,2475,DL,LAX,0,128,233,0,0,27,83,189,0,0,38
-7,5,22,5,18,2475,AA,LAX,0,128,233,0,0,27,83,189,0,0,38
0,5,22,5,16,2475,AA,LAX,0,128,233,0,0,27,83,189,0,0,38
0,5,22,5,9,2475,AA,LAX,0,128,233,0,0,27,83,189,0,0,38
-1,5,22,5,7,2475,DL,LAX,0,128,233,0,0,27,83,189,0,0,38
-1,5,22,5,13,2475,B6,LAX,0,128,233,0,0,27,83,189,0,0,38
-7,5,22,5,11,2475,AA,LAX,0,128,233,0,0,27,83,189,0,0,38
7,5,22,5,21,2475,B6,LAX,0,128,233,0,0,27,83,189,0,0,38
20,5,22,5,11,2475,DL,LAX,0,128,233,0,0,27,83,189,0,0,38
-3,5,22,5,6,2475,AA,LAX,0,128,233,0,0,27,83,189,0,0,38
0,5,22,5,9,2475,DL,LAX,0,128,233,0,0,27,83,189,0,0,38
-7,5,22,5,12,2475,AA,LAX,0,128,233,0,0,27,83,189,0,0,38
-2,5,22,5,15,2475,DL,LAX,0,128,233,0,0,27,83,189,0,0,38
-5,5,22,5,7,2475,AA,LAX,0,128,233,0,0,27,83,189,0,0,38
-5,5,22,5,9,2475,VX,LAX,0,128,233,0,0,27,83,189,0,0,38
-2,5,22,5,16,2475,VX,LAX,0,128,233,0,0,27,83,189,0,0,38
-2,5,22,5,20,2475,VX,LAX,0,128,233,0,0,27,83,189,0,0,38
-6,5,22,5,7,2475,VX,LAX,0,128,233,0,0,27,83,189,0,0,38
-5,5,22,5,13,2475,VX,LAX,0,128,233,0,0,27,83,189,0,0,38
-2,6,5,5,12,2475,AA,LAX,10,128,211,33,0,13,128,211,0,0,66
31,6,5,5,11,2475,AA,LAX,10,128,211,33,0,13,128,211,0,0,66
-6,6,5,5,9,2475,AA,LAX,10,128,211,33,0,13,128,211,0,0,66
-2,6,5,5,12,2475,AA,LAX,10,128,211,33,0,13,128,211,0,0,66
-6,6,5,5,9,2475,AA,LAX,10,128,211,33,0,13,128,211,0,0,66
31,6,5,5,11,2475,AA,LAX,10,128,211,33,0,13,128,211,0,0,66
4,6,17,3,11,2475,AA,LAX,17,189,278,0,0,17,133,222,36,0,21
4,6,17,3,11,2475,AA,LAX,17,189,278,0,0,17,133,222,36,0,21
-4,6,17,3,9,2475,AA,LAX,17,189,278,0,0,17,133,222,36,0,21
-5,6,17,3,12,2475,AA,LAX,17,189,278,0,0,17,133,222,36,0,21
-5,6,17,3,12,2475,AA,LAX,17,189,278,0,0,17,133,222,36,0,21
4,6,17,3,7,2475,AA,LAX,17,189,278,0,0,17,133,222,36,0,21
-4,6,17,3,9,2475,AA,LAX,17,189,278,0,0,17,133,222,36,0,21
4,6,17,3,7,2475,AA,LAX,17,189,278,0,0,17,133,222,36,0,21
-1,6,29,1,9,2475,AA,LAX,5,172,244,0,0,22,178,239,157,0,18
-1,6,29,1,11,2475,AA,LAX,5,172,244,0,0,22,178,239,157,0,18
-1,6,29,1,11,2475,AA,LAX,5,172,244,0,0,22,178,239,157,0,18
-6,6,29,1,7,2475,AA,LAX,5,172,244,0,0,22,178,239,157,0,18
-6,6,29,1,7,2475,AA,LAX,5,172,244,0,0,22,178,239,157,0,18
-1,6,29,1,12,2475,AA,LAX,5,172,244,0,0,22,178,239,157,0,18
-1,6,29,1,9,2475,AA,LAX,5,172,244,0,0,22,178,239,157,0,18
-1,6,29,1,12,2475,AA,LAX,5,172,244,0,0,22,178,239,157,0,18
-6,6,30,2,11,2475,AA,LAX,4,200,278,10,0,22,139,250,43,0,38
0,6,30,2,7,2475,AA,LAX,4,200,278,10,0,22,139,250,43,0,38
-6,6,30,2,11,2475,AA,LAX,4,200,278,10,0,22,139,250,43,0,38
0,6,30,2,9,2475,AA,LAX,4,200,278,10,0,22,139,250,43,0,38
-3,6,30,2,12,2475,AA,LAX,4,200,278,10,0,22,139,250,43,0,38
0,6,30,2,9,2475,AA,LAX,4,200,278,10,0,22,139,250,43,0,38
0,6,30,2,7,2475,AA,LAX,4,200,278,10,0,22,139,250,43,0,38
-3,6,30,2,12,2475,AA,LAX,4,200,278,10,0,22,139,250,43,0,38
-4,7,1,3,11,2475,AA,LAX,3,206,278,99,0,19,122,206,0,0,33
-5,7,1,3,7,2475,AA,LAX,3,206,278,99,0,19,122,206,0,0,33
-1,7,1,3,19,2475,AA,LAX,3,206,278,99,0,19,122,206,0,0,33
-3,7,1,3,10,2475,AA,LAX,3,206,278,99,0,19,122,206,0,0,33
-8,7,1,3,9,2475,AA,LAX,3,206,278,99,0,19,122,206,0,0,33
-1,7,1,3,18,2475,AA,LAX,3,206,278,99,0,19,122,206,0,0,33
-4,7,1,3,15,2475,AA,LAX,3,206,278,99,0,19,122,206,0,0,33
2,7,1,3,17,2475,AA,LAX,3,206,278,99,0,19,122,206,0,0,33
-7,7,1,3,12,2475,AA,LAX,3,206,278,99,0,19,122,206,0,0,33
27,7,1,3,21,2475,AA,LAX,3,206,278,99,0,19,122,206,0,0,33
5,7,1,3,16,2475,AA,LAX,3,206,278,99,0,19,122,206,0,0,33
11,7,1,3,16,2475,DL,LAX,3,206,278,99,0,19,122,206,0,0,33
1,7,1,3,7,2475,DL,LAX,3,206,278,99,0,19,122,206,0,0,33
3,7,1,3,12,2475,DL,LAX,3,206,278,99,0,19,122,206,0,0,33
-1,7,1,3,9,2475,DL,LAX,3,206,278,99,0,19,122,206,0,0,33
4,7,1,3,18,2475,DL,LAX,3,206,278,99,0,19,122,206,0,0,33
18,7,1,3,20,2475,DL,LAX,3,206,278,99,0,19,122,206,0,0,33
7,7,1,3,6,2475,UA,LAX,3,206,278,99,0,19,122,206,0,0,33
-3,7,1,3,8,2475,UA,LAX,3,206,278,99,0,19,122,206,0,0,33
-1,7,1,3,19,2475,UA,LAX,3,206,278,99,0,19,122,206,0,0,33
-2,7,1,3,17,2475,UA,LAX,3,206,278,99,0,19,122,206,0,0,33
-4,7,1,3,11,2475,UA,LAX,3,206,278,99,0,19,122,206,0,0,33
-8,7,1,3,14,2475,UA,LAX,3,206,278,99,0,19,122,206,0,0,33
-2,7,1,3,18,2475,B6,LAX,3,206,278,99,0,19,122,206,0,0,33
-4,7,1,3,16,2475,B6,LAX,3,206,278,99,0,19,122,206,0,0,33
4,7,1,3,12,2475,B6,LAX,3,206,278,99,0,19,122,206,0,0,33
-5,7,1,3,11,2475,B6,LAX,3,206,278,99,0,19,122,206,0,0,33
-3,7,1,3,9,2475,B6,LAX,3,206,278,99,0,19,122,206,0,0,33
-3,7,1,3,8,2475,B6,LAX,3,206,278,99,0,19,122,206,0,0,33
-1,7,1,3,6,2475,B6,LAX,3,206,278,99,0,19,122,206,0,0,33
-3,7,1,3,7,2475,VX,LAX,3,206,278,99,0,19,122,206,0,0,33
-10,7,1,3,9,2475,VX,LAX,3,206,278,99,0,19,122,206,0,0,33
-4,7,1,3,13,2475,VX,LAX,3,206,278,99,0,19,122,206,0,0,33
-3,7,1,3,16,2475,VX,LAX,3,206,278,99,0,19,122,206,0,0,33
5,7,1,3,20,2475,VX,LAX,3,206,278,99,0,19,122,206,0,0,33
-1,7,1,3,21,2475,B6,LAX,3,206,278,99,0,19,122,206,0,0,33
5,7,1,3,15,2475,DL,LAX,3,206,278,99,0,19,122,206,0,0,33
-2,7,1,3,8,2475,DL,LAX,3,206,278,99,0,19,122,206,0,0,33
-2,7,13,1,18,2475,AA,LAX,9,228,311,0,0,12,200,300,107,0,43
-10,7,13,1,17,2475,AA,LAX,9,228,311,0,0,12,200,300,107,0,43
-7,7,13,1,8,2475,AA,LAX,9,228,311,0,0,12,200,300,107,0,43
-8,7,13,1,16,2475,AA,LAX,9,228,311,0,0,12,200,300,107,0,43
-2,7,13,1,11,2475,AA,LAX,9,228,311,0,0,12,200,300,107,0,43
9,7,13,1,15,2475,AA,LAX,9,228,311,0,0,12,200,300,107,0,43
-7,7,13,1,10,2475,AA,LAX,9,228,311,0,0,12,200,300,107,0,43
9,7,13,1,21,2475,AA,LAX,9,228,311,0,0,12,200,300,107,0,43
-5,7,13,1,9,2475,AA,LAX,9,228,311,0,0,12,200,300,107,0,43
2,7,13,1,12,2475,AA,LAX,9,228,311,0,0,12,200,300,107,0,43
-7,7,13,1,19,2475,AA,LAX,9,228,311,0,0,12,200,300,107,0,43
-7,7,13,1,6,2475,AA,LAX,9,228,311,0,0,12,200,300,107,0,43
26,7,13,1,7,2475,AA,LAX,9,228,311,0,0,12,200,300,107,0,43
6,7,13,1,21,2475,B6,LAX,9,228,311,0,0,12,200,300,107,0,43
-3,7,13,1,16,2475,B6,LAX,9,228,311,0,0,12,200,300,107,0,43
-4,7,13,1,18,2475,B6,LAX,9,228,311,0,0,12,200,300,107,0,43
26,7,13,1,19,2475,UA,LAX,9,228,311,0,0,12,200,300,107,0,43
-8,7,13,1,8,2475,UA,LAX,9,228,311,0,0,12,200,300,107,0,43
89,7,13,1,6,2475,UA,LAX,9,228,311,0,0,12,200,300,107,0,43
6,7,13,1,18,2475,DL,LAX,9,228,311,0,0,12,200,300,107,0,43
-6,7,13,1,20,2475,DL,LAX,9,228,311,0,0,12,200,300,107,0,43
0,7,13,1,9,2475,DL,LAX,9,228,311,0,0,12,200,300,107,0,43
13,7,13,1,16,2475,DL,LAX,9,228,311,0,0,12,200,300,107,0,43
-1,7,13,1,8,2475,DL,LAX,9,228,311,0,0,12,200,300,107,0,43
24,7,13,1,15,2475,DL,LAX,9,228,311,0,0,12,200,300,107,0,43
25,7,13,1,12,2475,DL,LAX,9,228,311,0,0,12,200,300,107,0,43
2,7,13,1,7,2475,DL,LAX,9,228,311,0,0,12,200,300,107,0,43
-4,7,13,1,20,2475,VX,LAX,9,228,311,0,0,12,200,300,107,0,43
-2,7,13,1,16,2475,VX,LAX,9,228,311,0,0,12,200,300,107,0,43
-4,7,13,1,6,2475,B6,LAX,9,228,311,0,0,12,200,300,107,0,43
6,7,13,1,8,2475,B6,LAX,9,228,311,0,0,12,200,300,107,0,43
-2,7,13,1,17,2475,UA,LAX,9,228,311,0,0,12,200,300,107,0,43
-6,7,13,1,11,2475,UA,LAX,9,228,311,0,0,12,200,300,107,0,43
-4,7,13,1,14,2475,UA,LAX,9,228,311,0,0,12,200,300,107,0,43
-4,7,13,1,9,2475,B6,LAX,9,228,311,0,0,12,200,300,107,0,43
-8,7,13,1,11,2475,B6,LAX,9,228,311,0,0,12,200,300,107,0,43
-3,7,13,1,12,2475,B6,LAX,9,228,311,0,0,12,200,300,107,0,43
-1,7,13,1,13,2475,VX,LAX,9,228,311,0,0,12,200,300,107,0,43
-9,7,13,1,9,2475,VX,LAX,9,228,311,0,0,12,200,300,107,0,43
0,7,13,1,7,2475,VX,LAX,9,228,311,0,0,12,200,300,107,0,43
22,7,25,6,15,2475,DL,LAX,21,206,311,0,0,14,206,328,0,0,35
-4,7,25,6,8,2475,DL,LAX,21,206,311,0,0,14,206,328,0,0,35
9,7,25,6,17,2475,DL,LAX,21,206,311,0,0,14,206,328,0,0,35
11,7,25,6,12,2475,DL,LAX,21,206,311,0,0,14,206,328,0,0,35
58,7,25,6,18,2475,DL,LAX,21,206,311,0,0,14,206,328,0,0,35
-3,7,25,6,16,2475,B6,LAX,21,206,311,0,0,14,206,328,0,0,35
-2,7,25,6,11,2475,B6,LAX,21,206,311,0,0,14,206,328,0,0,35
-4,7,25,6,6,2475,B6,LAX,21,206,311,0,0,14,206,328,0,0,35
-2,7,25,6,8,2475,B6,LAX,21,206,311,0,0,14,206,328,0,0,35
-1,7,25,6,9,2475,B6,LAX,21,206,311,0,0,14,206,328,0,0,35
-2,7,25,6,14,2475,UA,LAX,21,206,311,0,0,14,206,328,0,0,35
-3,7,25,6,13,2475,B6,LAX,21,206,311,0,0,14,206,328,0,0,35
14,7,25,6,7,2475,VX,LAX,21,206,311,0,0,14,206,328,0,0,35
-5,7,25,6,9,2475,VX,LAX,21,206,311,0,0,14,206,328,0,0,35
-2,7,25,6,13,2475,VX,LAX,21,206,311,0,0,14,206,328,0,0,35
-5,7,25,6,16,2475,VX,LAX,21,206,311,0,0,14,206,328,0,0,35
-2,7,25,6,20,2475,VX,LAX,21,206,311,0,0,14,206,328,0,0,35
20,7,25,6,6,2475,UA,LAX,21,206,311,0,0,14,206,328,0,0,35
-2,7,25,6,8,2475,UA,LAX,21,206,311,0,0,14,206,328,0,0,35
-3,7,25,6,16,2475,UA,LAX,21,206,311,0,0,14,206,328,0,0,35
0,7,25,6,11,2475,UA,LAX,21,206,311,0,0,14,206,328,0,0,35
-3,7,25,6,18,2475,B6,LAX,21,206,311,0,0,14,206,328,0,0,35
46,7,25,6,15,2475,AA,LAX,21,206,311,0,0,14,206,328,0,0,35
-6,7,25,6,16,2475,AA,LAX,21,206,311,0,0,14,206,328,0,0,35
-4,7,25,6,12,2475,AA,LAX,21,206,311,0,0,14,206,328,0,0,35
6,7,25,6,21,2475,AA,LAX,21,206,311,0,0,14,206,328,0,0,35
-5,7,25,6,11,2475,AA,LAX,21,206,311,0,0,14,206,328,0,0,35
-6,7,25,6,10,2475,AA,LAX,21,206,311,0,0,14,206,328,0,0,35
3,7,25,6,18,2475,AA,LAX,21,206,311,0,0,14,206,328,0,0,35
-4,8,8,6,11,2475,AA,LAX,24,200,278,0,0,17,200,278,0,0,32
0,8,8,6,6,2475,B6,LAX,24,200,278,0,0,17,200,278,0,0,32
-4,8,8,6,12,2475,AA,LAX,24,200,278,0,0,17,200,278,0,0,32
13,8,8,6,13,2475,B6,LAX,24,200,278,0,0,17,200,278,0,0,32
-1,8,8,6,8,2475,DL,LAX,24,200,278,0,0,17,200,278,0,0,32
-2,8,8,6,15,2475,DL,LAX,24,200,278,0,0,17,200,278,0,0,32
-5,8,8,6,15,2475,AA,LAX,24,200,278,0,0,17,200,278,0,0,32
7,8,8,6,10,2475,AA,LAX,24,200,278,0,0,17,200,278,0,0,32
0,8,8,6,18,2475,B6,LAX,24,200,278,0,0,17,200,278,0,0,32
0,8,8,6,21,2475,AA,LAX,24,200,278,0,0,17,200,278,0,0,32
-1,8,8,6,8,2475,B6,LAX,24,200,278,0,0,17,200,278,0,0,32
-6,8,8,6,9,2475,B6,LAX,24,200,278,0,0,17,200,278,0,0,32
2,8,8,6,16,2475,B6,LAX,24,200,278,0,0,17,200,278,0,0,32
2,8,8,6,11,2475,B6,LAX,24,200,278,0,0,17,200,278,0,0,32
-5,8,8,6,16,2475,AA,LAX,24,200,278,0,0,17,200,278,0,0,32
-1,8,8,6,18,2475,DL,LAX,24,200,278,0,0,17,200,278,0,0,32
7,8,8,6,12,2475,DL,LAX,24,200,278,0,0,17,200,278,0,0,32
18,8,8,6,17,2475,DL,LAX,24,200,278,0,0,17,200,278,0,0,32
-1,8,8,6,18,2475,AA,LAX,24,200,278,0,0,17,200,278,0,0,32
-3,8,8,6,11,2475,UA,LAX,24,200,278,0,0,17,200,278,0,0,32
-1,8,8,6,14,2475,UA,LAX,24,200,278,0,0,17,200,278,0,0,32
38,8,8,6,16,2475,UA,LAX,24,200,278,0,0,17,200,278,0,0,32
-4,8,8,6,16,2475,VX,LAX,24,200,278,0,0,17,200,278,0,0,32
-4,8,8,6,8,2475,UA,LAX,24,200,278,0,0,17,200,278,0,0,32
-4,8,8,6,13,2475,VX,LAX,24,200,278,0,0,17,200,278,0,0,32
8,8,8,6,9,2475,VX,LAX,24,200,278,0,0,17,200,278,0,0,32
1,8,8,6,7,2475,VX,LAX,24,200,278,0,0,17,200,278,0,0,32
26,8,8,6,6,2475,UA,LAX,24,200,278,0,0,17,200,278,0,0,32
-10,8,8,6,20,2475,VX,LAX,24,200,278,0,0,17,200,278,0,0,32
24,8,21,5,9,2475,DL,LAX,11,217,306,81,0,19,128,278,0,0,36
42,8,21,5,17,2475,DL,LAX,11,217,306,81,0,19,128,278,0,0,36
-8,8,21,5,7,2475,AA,LAX,11,217,306,81,0,19,128,278,0,0,36
4,8,21,5,15,2475,AA,LAX,11,217,306,81,0,19,128,278,0,0,36
-5,8,21,5,9,2475,AA,LAX,11,217,306,81,0,19,128,278,0,0,36
0,8,21,5,18,2475,B6,LAX,11,217,306,81,0,19,128,278,0,0,36
-2,8,21,5,20,2475,DL,LAX,11,217,306,81,0,19,128,278,0,0,36
6,8,21,5,15,2475,DL,LAX,11,217,306,81,0,19,128,278,0,0,36
-2,8,21,5,9,2475,B6,LAX,11,217,306,81,0,19,128,278,0,0,36
-2,8,21,5,8,2475,B6,LAX,11,217,306,81,0,19,128,278,0,0,36
27,8,21,5,13,2475,DL,LAX,11,217,306,81,0,19,128,278,0,0,36
8,8,21,5,21,2475,B6,LAX,11,217,306,81,0,19,128,278,0,0,36
2,8,21,5,11,2475,AA,LAX,11,217,306,81,0,19,128,278,0,0,36
26,8,21,5,7,2475,DL,LAX,11,217,306,81,0,19,128,278,0,0,36
6,8,21,5,16,2475,B6,LAX,11,217,306,81,0,19,128,278,0,0,36
-4,8,21,5,8,2475,DL,LAX,11,217,306,81,0,19,128,278,0,0,36
87,8,21,5,6,2475,B6,LAX,11,217,306,81,0,19,128,278,0,0,36
107,8,21,5,21,2475,AA,LAX,11,217,306,81,0,19,128,278,0,0,36
18,8,21,5,13,2475,B6,LAX,11,217,306,81,0,19,128,278,0,0,36
-2,8,21,5,11,2475,B6,LAX,11,217,306,81,0,19,128,278,0,0,36
-3,8,21,5,12,2475,AA,LAX,11,217,306,81,0,19,128,278,0,0,36
3,8,21,5,17,2475,AA,LAX,11,217,306,81,0,19,128,278,0,0,36
221,8,21,5,10,2475,AA,LAX,11,217,306,81,0,19,128,278,0,0,36
27,8,21,5,18,2475,AA,LAX,11,217,306,81,0,19,128,278,0,0,36
2,8,21,5,18,2475,DL,LAX,11,217,306,81,0,19,128,278,0,0,36
83,8,21,5,16,2475,AA,LAX,11,217,306,81,0,19,128,278,0,0,36
-2,8,21,5,12,2475,DL,LAX,11,217,306,81,0,19,128,278,0,0,36
2,8,21,5,8,2475,UA,LAX,11,217,306,81,0,19,128,278,0,0,36
-9,8,21,5,6,2475,UA,LAX,11,217,306,81,0,19,128,278,0,0,36
-4,8,21,5,13,2475,VX,LAX,11,217,306,81,0,19,128,278,0,0,36
-7,8,21,5,16,2475,VX,LAX,11,217,306,81,0,19,128,278,0,0,36
-5,8,21,5,20,2475,VX,LAX,11,217,306,81,0,19,128,278,0,0,36
7,8,21,5,11,2475,UA,LAX,11,217,306,81,0,19,128,278,0,0,36
-6,8,21,5,14,2475,UA,LAX,11,217,306,81,0,19,128,278,0,0,36
-4,8,21,5,9,2475,VX,LAX,11,217,306,81,0,19,128,278,0,0,36
1,8,21,5,7,2475,VX,LAX,11,217,306,81,0,19,128,278,0,0,36
63,8,21,5,17,2475,UA,LAX,11,217,306,81,0,19,128,278,0,0,36
-2,8,21,5,19,2475,UA,LAX,11,217,306,81,0,19,128,278,0,0,36
-2,9,4,5,15,2475,DL,LAX,3,222,294,0,0,31,200,294,0,0,24
-6,9,4,5,8,2475,DL,LAX,3,222,294,0,0,31,200,294,0,0,24
9,9,4,5,17,2475,DL,LAX,3,222,294,0,0,31,200,294,0,0,24
-1,9,4,5,21,2475,DL,LAX,3,222,294,0,0,31,200,294,0,0,24
-2,9,4,5,14,2475,DL,LAX,3,222,294,0,0,31,200,294,0,0,24
0,9,4,5,7,2475,DL,LAX,3,222,294,0,0,31,200,294,0,0,24
-6,9,4,5,9,2475,DL,LAX,3,222,294,0,0,31,200,294,0,0,24
-2,9,4,5,18,2475,DL,LAX,3,222,294,0,0,31,200,294,0,0,24
-3,9,4,5,8,2475,UA,LAX,3,222,294,0,0,31,200,294,0,0,24
-3,9,4,5,6,2475,UA,LAX,3,222,294,0,0,31,200,294,0,0,24
-5,9,4,5,8,2475,B6,LAX,3,222,294,0,0,31,200,294,0,0,24
-2,9,4,5,21,2475,B6,LAX,3,222,294,0,0,31,200,294,0,0,24
-9,9,4,5,13,2475,VX,LAX,3,222,294,0,0,31,200,294,0,0,24
-3,9,4,5,9,2475,VX,LAX,3,222,294,0,0,31,200,294,0,0,24
-5,9,4,5,9,2475,B6,LAX,3,222,294,0,0,31,200,294,0,0,24
60,9,4,5,7,2475,VX,LAX,3,222,294,0,0,31,200,294,0,0,24
-5,9,4,5,13,2475,B6,LAX,3,222,294,0,0,31,200,294,0,0,24
-6,9,4,5,18,2475,B6,LAX,3,222,294,0,0,31,200,294,0,0,24
15,9,4,5,6,2475,B6,LAX,3,222,294,0,0,31,200,294,0,0,24
-5,9,4,5,16,2475,B6,LAX,3,222,294,0,0,31,200,294,0,0,24
-2,9,4,5,11,2475,B6,LAX,3,222,294,0,0,31,200,294,0,0,24
-2,9,4,5,14,2475,UA,LAX,3,222,294,0,0,31,200,294,0,0,24
-1,9,4,5,11,2475,UA,LAX,3,222,294,0,0,31,200,294,0,0,24
-4,9,4,5,20,2475,VX,LAX,3,222,294,0,0,31,200,294,0,0,24
-8,9,4,5,16,2475,VX,LAX,3,222,294,0,0,31,200,294,0,0,24
-2,9,4,5,17,2475,UA,LAX,3,222,294,0,0,31,200,294,0,0,24
-6,9,4,5,19,2475,UA,LAX,3,222,294,0,0,31,200,294,0,0,24
-3,9,4,5,19,2475,AA,LAX,3,222,294,0,0,31,200,294,0,0,24
-8,9,4,5,11,2475,AA,LAX,3,222,294,0,0,31,200,294,0,0,24
0,9,4,5,7,2475,AA,LAX,3,222,294,0,0,31,200,294,0,0,24
-3,9,4,5,16,2475,AA,LAX,3,222,294,0,0,31,200,294,0,0,24
-4,9,4,5,12,2475,AA,LAX,3,222,294,0,0,31,200,294,0,0,24
-4,9,4,5,21,2475,AA,LAX,3,222,294,0,0,31,200,294,0,0,24
-8,9,4,5,15,2475,AA,LAX,3,222,294,0,0,31,200,294,0,0,24
-2,9,4,5,17,2475,AA,LAX,3,222,294,0,0,31,200,294,0,0,24
-8,9,4,5,9,2475,AA,LAX,3,222,294,0,0,31,200,294,0,0,24
-8,9,4,5,18,2475,AA,LAX,3,222,294,0,0,31,200,294,0,0,24
-4,9,4,5,10,2475,AA,LAX,3,222,294,0,0,31,200,294,0,0,24
-10,9,16,3,8,2475,AA,LAX,15,189,311,0,0,6,133,283,0,0,50
-4,9,16,3,9,2475,AA,LAX,15,189,311,0,0,6,133,283,0,0,50
10,9,16,3,21,2475,AA,LAX,15,189,311,0,0,6,133,283,0,0,50
-5,9,16,3,11,2475,AA,LAX,15,189,311,0,0,6,133,283,0,0,50
1,9,16,3,6,2475,AA,LAX,15,189,311,0,0,6,133,283,0,0,50
-5,9,16,3,15,2475,AA,LAX,15,189,311,0,0,6,133,283,0,0,50
0,9,16,3,16,2475,AA,LAX,15,189,311,0,0,6,133,283,0,0,50
-6,9,16,3,12,2475,AA,LAX,15,189,311,0,0,6,133,283,0,0,50
16,9,16,3,17,2475,AA,LAX,15,189,311,0,0,6,133,283,0,0,50
-6,9,16,3,20,2475,AA,LAX,15,189,311,0,0,6,133,283,0,0,50
-5,9,16,3,18,2475,AA,LAX,15,189,311,0,0,6,133,283,0,0,50
-6,9,16,3,10,2475,AA,LAX,15,189,311,0,0,6,133,283,0,0,50
-4,9,16,3,7,2475,DL,LAX,15,189,311,0,0,6,133,283,0,0,50
-3,9,16,3,12,2475,DL,LAX,15,189,311,0,0,6,133,283,0,0,50
0,9,16,3,9,2475,DL,LAX,15,189,311,0,0,6,133,283,0,0,50
-5,9,16,3,16,2475,VX,LAX,15,189,311,0,0,6,133,283,0,0,50
0,9,16,3,18,2475,DL,LAX,15,189,311,0,0,6,133,283,0,0,50
-5,9,16,3,20,2475,VX,LAX,15,189,311,0,0,6,133,283,0,0,50
-4,9,16,3,11,2475,B6,LAX,15,189,311,0,0,6,133,283,0,0,50
114,9,16,3,14,2475,UA,LAX,15,189,311,0,0,6,133,283,0,0,50
4,9,16,3,19,2475,B6,LAX,15,189,311,0,0,6,133,283,0,0,50
-5,9,16,3,6,2475,UA,LAX,15,189,311,0,0,6,133,283,0,0,50
-6,9,16,3,8,2475,UA,LAX,15,189,311,0,0,6,133,283,0,0,50
-4,9,16,3,19,2475,UA,LAX,15,189,311,0,0,6,133,283,0,0,50
63,9,16,3,17,2475,B6,LAX,15,189,311,0,0,6,133,283,0,0,50
-3,9,16,3,13,2475,VX,LAX,15,189,311,0,0,6,133,283,0,0,50
274,9,16,3,17,2475,UA,LAX,15,189,311,0,0,6,133,283,0,0,50
29,9,16,3,11,2475,UA,LAX,15,189,311,0,0,6,133,283,0,0,50
-3,9,16,3,9,2475,B6,LAX,15,189,311,0,0,6,133,283,0,0,50
1,9,16,3,15,2475,DL,LAX,15,189,311,0,0,6,133,283,0,0,50
-8,9,16,3,7,2475,B6,LAX,15,189,311,0,0,6,133,283,0,0,50
6,9,16,3,20,2475,B6,LAX,15,189,311,0,0,6,133,283,0,0,50
-4,9,16,3,9,2475,VX,LAX,15,189,311,0,0,6,133,283,0,0,50
-7,9,16,3,8,2475,DL,LAX,15,189,311,0,0,6,133,283,0,0,50
-2,9,16,3,13,2475,B6,LAX,15,189,311,0,0,6,133,283,0,0,50
-5,9,16,3,13,2475,DL,LAX,15,189,311,0,0,6,133,283,0,0,50
-7,9,16,3,7,2475,VX,LAX,15,189,311,0,0,6,133,283,0,0,50
14,9,16,3,17,2475,DL,LAX,15,189,311,0,0,6,133,283,0,0,50
12,9,16,3,21,2475,DL,LAX,15,189,311,0,0,6,133,283,0,0,50
-2,9,28,1,16,2475,AA,LAX,15,183,256,0,0,15,178,250,0,0,19
-2,9,28,1,18,2475,AA,LAX,15,183,256,0,0,15,178,250,0,0,19
-4,9,28,1,9,2475,AA,LAX,15,183,256,0,0,15,178,250,0,0,19
-4,9,28,1,11,2475,AA,LAX,15,183,256,0,0,15,178,250,0,0,19
-11,9,28,1,10,2475,AA,LAX,15,183,256,0,0,15,178,250,0,0,19
-3,9,28,1,15,2475,AA,LAX,15,183,256,0,0,15,178,250,0,0,19
-6,9,28,1,8,2475,AA,LAX,15,183,256,0,0,15,178,250,0,0,19
13,9,28,1,12,2475,AA,LAX,15,183,256,0,0,15,178,250,0,0,19
-5,9,28,1,17,2475,AA,LAX,15,183,256,0,0,15,178,250,0,0,19
7,9,28,1,20,2475,AA,LAX,15,183,256,0,0,15,178,250,0,0,19
-3,9,28,1,6,2475,AA,LAX,15,183,256,0,0,15,178,250,0,0,19
-4,9,28,1,17,2475,B6,LAX,15,183,256,0,0,15,178,250,0,0,19
-3,9,28,1,11,2475,B6,LAX,15,183,256,0,0,15,178,250,0,0,19
172,9,28,1,8,2475,UA,LAX,15,183,256,0,0,15,178,250,0,0,19
-2,9,28,1,7,2475,B6,LAX,15,183,256,0,0,15,178,250,0,0,19
-1,9,28,1,20,2475,B6,LAX,15,183,256,0,0,15,178,250,0,0,19
2,9,28,1,14,2475,UA,LAX,15,183,256,0,0,15,178,250,0,0,19
3,9,28,1,11,2475,UA,LAX,15,183,256,0,0,15,178,250,0,0,19
-5,9,28,1,19,2475,B6,LAX,15,183,256,0,0,15,178,250,0,0,19
-5,9,28,1,20,2475,VX,LAX,15,183,256,0,0,15,178,250,0,0,19
0,9,28,1,17,2475,UA,LAX,15,183,256,0,0,15,178,250,0,0,19
-4,9,28,1,7,2475,VX,LAX,15,183,256,0,0,15,178,250,0,0,19
-4,9,28,1,9,2475,VX,LAX,15,183,256,0,0,15,178,250,0,0,19
-3,9,28,1,13,2475,VX,LAX,15,183,256,0,0,15,178,250,0,0,19
-4,9,28,1,16,2475,VX,LAX,15,183,256,0,0,15,178,250,0,0,19
-2,9,28,1,9,2475,B6,LAX,15,183,256,0,0,15,178,250,0,0,19
4,9,28,1,19,2475,UA,LAX,15,183,256,0,0,15,178,250,0,0,19
-1,9,28,1,13,2475,B6,LAX,15,183,256,0,0,15,178,250,0,0,19
14,9,28,1,6,2475,UA,LAX,15,183,256,0,0,15,178,250,0,0,19
4,9,28,1,12,2475,DL,LAX,15,183,256,0,0,15,178,250,0,0,19
-3,9,28,1,9,2475,DL,LAX,15,183,256,0,0,15,178,250,0,0,19
4,9,28,1,18,2475,DL,LAX,15,183,256,0,0,15,178,250,0,0,19
-6,9,28,1,15,2475,DL,LAX,15,183,256,0,0,15,178,250,0,0,19
-10,9,28,1,8,2475,DL,LAX,15,183,256,0,0,15,178,250,0,0,19
12,9,28,1,13,2475,DL,LAX,15,183,256,0,0,15,178,250,0,0,19
29,9,28,1,17,2475,DL,LAX,15,183,256,0,0,15,178,250,0,0,19
3,9,28,1,21,2475,DL,LAX,15,183,256,0,0,15,178,250,0,0,19
7,9,28,1,7,2475,DL,LAX,15,183,256,0,0,15,178,250,0,0,19
