-5,1,1,4,7,2475,VX,LAX,0,-27,39,0,0,32,-99,0,0,0,65
13,1,1,4,20,2475,VX,LAX,0,-27,39,0,0,32,-99,0,0,0,65
-2,1,1,4,16,2475,VX,LAX,0,-27,39,0,0,32,-99,0,0,0,65
-1,1,1,4,13,2475,VX,LAX,0,-27,39,0,0,32,-99,0,0,0,65
-1,1,1,4,11,2475,VX,LAX,0,-27,39,0,0,32,-99,0,0,0,65
-5,1,1,4,9,2475,AA,LAX,0,-27,39,0,0,32,-99,0,0,0,65
-4,1,1,4,14,2475,UA,LAX,0,-27,39,0,0,32,-99,0,0,0,65
-4,1,1,4,11,2475,UA,LAX,0,-27,39,0,0,32,-99,0,0,0,65
1,1,1,4,17,2475,UA,LAX,0,-27,39,0,0,32,-99,0,0,0,65
-5,1,1,4,8,2475,UA,LAX,0,-27,39,0,0,32,-99,0,0,0,65
-7,1,1,4,8,2475,DL,LAX,0,-27,39,0,0,32,-99,0,0,0,65
19,1,1,4,21,2475,DL,LAX,0,-27,39,0,0,32,-99,0,0,0,65
2,1,1,4,7,2475,DL,LAX,0,-27,39,0,0,32,-99,0,0,0,65
0,1,1,4,11,2475,DL,LAX,0,-27,39,0,0,32,-99,0,0,0,65
1,1,1,4,9,2475,DL,LAX,0,-27,39,0,0,32,-99,0,0,0,65
15,1,1,4,15,2475,DL,LAX,0,-27,39,0,0,32,-99,0,0,0,65
55,1,1,4,18,2475,DL,LAX,0,-27,39,0,0,32,-99,0,0,0,65
-7,1,1,4,18,2475,B6,LAX,0,-27,39,0,0,32,-99,0,0,0,65
14,1,1,4,21,2475,B6,LAX,0,-27,39,0,0,32,-99,0,0,0,65
-3,1,1,4,16,2475,B6,LAX,0,-27,39,0,0,32,-99,0,0,0,65
4,1,1,4,9,2475,B6,LAX,0,-27,39,0,0,32,-99,0,0,0,65
21,1,1,4,11,2475,B6,LAX,0,-27,39,0,0,32,-99,0,0,0,65
-5,1,1,4,8,2475,B6,LAX,0,-27,39,0,0,32,-99,0,0,0,65
-3,1,1,4,6,2475,B6,LAX,0,-27,39,0,0,32,-99,0,0,0,65
-1,1,1,4,10,2475,AA,LAX,0,-27,39,0,0,32,-99,0,0,0,65
3,1,1,4,19,2475,AA,LAX,0,-27,39,0,0,32,-99,0,0,0,65
-5,1,1,4,20,2475,AA,LAX,0,-27,39,0,0,32,-99,0,0,0,65
-6,1,1,4,17,2475,AA,LAX,0,-27,39,0,0,32,-99,0,0,0,65
-2,1,1,4,16,2475,AA,LAX,0,-27,39,0,0,32,-99,0,0,0,65
-7,1,1,4,14,2475,AA,LAX,0,-27,39,0,0,32,-99,0,0,0,65
6,1,1,4,18,2475,AA,LAX,0,-27,39,0,0,32,-99,0,0,0,65
-5,1,1,4,11,2475,AA,LAX,0,-27,39,0,0,32,-99,0,0,0,65
-11,1,1,4,7,2475,AA,LAX,0,-27,39,0,0,32,-99,0,0,0,65
-4,1,1,4,12,2475,AA,LAX,0,-27,39,0,0,32,-99,0,0,0,65
-1,1,13,2,9,2475,B6,LAX,8,-82,22,0,0,38,-160,-71,0,5,34
-7,1,13,2,12,2475,AA,LAX,8,-82,22,0,0,38,-160,-71,0,5,34
2,1,13,2,9,2475,DL,LAX,8,-82,22,0,0,38,-160,-71,0,5,34
11,1,13,2,21,2475,DL,LAX,8,-82,22,0,0,38,-160,-71,0,5,34
-4,1,13,2,11,2475,DL,LAX,8,-82,22,0,0,38,-160,-71,0,5,34
1,1,13,2,18,2475,DL,LAX,8,-82,22,0,0,38,-160,-71,0,5,34
6,1,13,2,17,2475,DL,LAX,8,-82,22,0,0,38,-160,-71,0,5,34
-8,1,13,2,8,2475,AA,LAX,8,-82,22,0,0,38,-160,-71,0,5,34
-7,1,13,2,17,2475,AA,LAX,8,-82,22,0,0,38,-160,-71,0,5,34
-6,1,13,2,6,2475,AA,LAX,8,-82,22,0,0,38,-160,-71,0,5,34
33,1,13,2,18,2475,B6,LAX,8,-82,22,0,0,38,-160,-71,0,5,34
-5,1,13,2,18,2475,AA,LAX,8,-82,22,0,0,38,-160,-71,0,5,34
-5,1,13,2,20,2475,AA,LAX,8,-82,22,0,0,38,-160,-71,0,5,34
-11,1,13,2,6,2475,B6,LAX,8,-82,22,0,0,38,-160,-71,0,5,34
15,1,13,2,21,2475,B6,LAX,8,-82,22,0,0,38,-160,-71,0,5,34
15,1,13,2,11,2475,B6,LAX,8,-82,22,0,0,38,-160,-71,0,5,34
-5,1,13,2,11,2475,AA,LAX,8,-82,22,0,0,38,-160,-71,0,5,34
-6,1,13,2,9,2475,AA,LAX,8,-82,22,0,0,38,-160,-71,0,5,34
-6,1,13,2,7,2475,DL,LAX,8,-82,22,0,0,38,-160,-71,0,5,34
-2,1,13,2,19,2475,AA,LAX,8,-82,22,0,0,38,-160,-71,0,5,34
-7,1,13,2,7,2475,AA,LAX,8,-82,22,0,0,38,-160,-71,0,5,34
-6,1,13,2,16,2475,AA,LAX,8,-82,22,0,0,38,-160,-71,0,5,34
-4,1,13,2,14,2475,AA,LAX,8,-82,22,0,0,38,-160,-71,0,5,34
9,1,13,2,15,2475,B6,LAX,8,-82,22,0,0,38,-160,-71,0,5,34
-2,1,13,2,10,2475,AA,LAX,8,-82,22,0,0,38,-160,-71,0,5,34
0,1,13,2,15,2475,DL,LAX,8,-82,22,0,0,38,-160,-71,0,5,34
-5,1,13,2,8,2475,B6,LAX,8,-82,22,0,0,38,-160,-71,0,5,34
-10,1,13,2,7,2475,VX,LAX,8,-82,22,0,0,38,-160,-71,0,5,34
-11,1,13,2,9,2475,VX,LAX,8,-82,22,0,0,38,-160,-71,0,5,34
-9,1,13,2,13,2475,VX,LAX,8,-82,22,0,0,38,-160,-71,0,5,34
-7,1,13,2,16,2475,VX,LAX,8,-82,22,0,0,38,-160,-71,0,5,34
-5,1,13,2,20,2475,VX,LAX,8,-82,22,0,0,38,-160,-71,0,5,34
-6,1,13,2,11,2475,UA,LAX,8,-82,22,0,0,38,-160,-71,0,5,34
-12,1,13,2,17,2475,UA,LAX,8,-82,22,0,0,38,-160,-71,0,5,34
1,1,13,2,19,2475,UA,LAX,8,-82,22,0,0,38,-160,-71,0,5,34
-7,1,13,2,6,2475,UA,LAX,8,-82,22,0,0,38,-160,-71,0,5,34
87,1,13,2,8,2475,UA,LAX,8,-82,22,0,0,38,-160,-71,0,5,34
-7,1,13,2,14,2475,UA,LAX,8,-82,22,0,0,38,-160,-71,0,5,34
-4,1,25,7,17,2475,UA,LAX,4,-5,56,0,0,28,-43,11,20,15,65
-4,1,25,7,11,2475,UA,LAX,4,-5,56,0,0,28,-43,11,20,15,65
-1,1,25,7,8,2475,UA,LAX,4,-5,56,0,0,28,-43,11,20,15,65
-1,1,25,7,14,2475,UA,LAX,4,-5,56,0,0,28,-43,11,20,15,65
49,1,25,7,19,2475,UA,LAX,4,-5,56,0,0,28,-43,11,20,15,65
36,1,25,7,6,2475,AA,LAX,4,-5,56,0,0,28,-43,11,20,15,65
7,1,25,7,16,2475,AA,LAX,4,-5,56,0,0,28,-43,11,20,15,65
-7,1,25,7,10,2475,AA,LAX,4,-5,56,0,0,28,-43,11,20,15,65
-9,1,25,7,12,2475,AA,LAX,4,-5,56,0,0,28,-43,11,20,15,65
-3,1,25,7,9,2475,B6,LAX,4,-5,56,0,0,28,-43,11,20,15,65
-5,1,25,7,19,2475,AA,LAX,4,-5,56,0,0,28,-43,11,20,15,65
-1,1,25,7,14,2475,AA,LAX,4,-5,56,0,0,28,-43,11,20,15,65
28,1,25,7,15,2475,B6,LAX,4,-5,56,0,0,28,-43,11,20,15,65
-8,1,25,7,7,2475,AA,LAX,4,-5,56,0,0,28,-43,11,20,15,65
7,1,25,7,20,2475,AA,LAX,4,-5,56,0,0,28,-43,11,20,15,65
-5,1,25,7,11,2475,AA,LAX,4,-5,56,0,0,28,-43,11,20,15,65
-4,1,25,7,11,2475,B6,LAX,4,-5,56,0,0,28,-43,11,20,15,65
3,1,25,7,9,2475,AA,LAX,4,-5,56,0,0,28,-43,11,20,15,65
-5,1,25,7,8,2475,DL,LAX,4,-5,56,0,0,28,-43,11,20,15,65
-1,1,25,7,18,2475,DL,LAX,4,-5,56,0,0,28,-43,11,20,15,65
-11,1,25,7,11,2475,DL,LAX,4,-5,56,0,0,28,-43,11,20,15,65
-4,1,25,7,6,2475,B6,LAX,4,-5,56,0,0,28,-43,11,20,15,65
-4,1,25,7,21,2475,DL,LAX,4,-5,56,0,0,28,-43,11,20,15,65
1,1,25,7,15,2475,DL,LAX,4,-5,56,0,0,28,-43,11,20,15,65
1,1,25,7,9,2475,DL,LAX,4,-5,56,0,0,28,-43,11,20,15,65
-5,1,25,7,17,2475,AA,LAX,4,-5,56,0,0,28,-43,11,20,15,65
10,1,25,7,17,2475,DL,LAX,4,-5,56,0,0,28,-43,11,20,15,65
-3,1,25,7,8,2475,B6,LAX,4,-5,56,0,0,28,-43,11,20,15,65
80,1,25,7,18,2475,AA,LAX,4,-5,56,0,0,28,-43,11,20,15,65
11,1,25,7,18,2475,B6,LAX,4,-5,56,0,0,28,-43,11,20,15,65
8,1,25,7,21,2475,B6,LAX,4,-5,56,0,0,28,-43,11,20,15,65
-10,1,25,7,8,2475,AA,LAX,4,-5,56,0,0,28,-43,11,20,15,65
-3,1,25,7,13,2475,VX,LAX,4,-5,56,0,0,28,-43,11,20,15,65
-1,1,25,7,9,2475,VX,LAX,4,-5,56,0,0,28,-43,11,20,15,65
13,1,25,7,20,2475,VX,LAX,4,-5,56,0,0,28,-43,11,20,15,65
7,1,25,7,16,2475,VX,LAX,4,-5,56,0,0,28,-43,11,20,15,65
13,2,8,7,16,2475,VX,LAX,10,-16,28,0,0,38,-38,39,3,0,44
-6,2,8,7,20,2475,VX,LAX,10,-16,28,0,0,38,-38,39,3,0,44
-1,2,8,7,9,2475,VX,LAX,10,-16,28,0,0,38,-38,39,3,0,44
-3,2,8,7,13,2475,VX,LAX,10,-16,28,0,0,38,-38,39,3,0,44
-8,2,8,7,11,2475,DL,LAX,10,-16,28,0,0,38,-38,39,3,0,44
-4,2,8,7,6,2475,AA,LAX,10,-16,28,0,0,38,-38,39,3,0,44
-4,2,8,7,7,2475,DL,LAX,10,-16,28,0,0,38,-38,39,3,0,44
-1,2,8,7,6,2475,B6,LAX,10,-16,28,0,0,38,-38,39,3,0,44
1,2,8,7,10,2475,AA,LAX,10,-16,28,0,0,38,-38,39,3,0,44
8,2,8,7,18,2475,DL,LAX,10,-16,28,0,0,38,-38,39,3,0,44
-3,2,8,7,17,2475,DL,LAX,10,-16,28,0,0,38,-38,39,3,0,44
-5,2,8,7,18,2475,B6,LAX,10,-16,28,0,0,38,-38,39,3,0,44
-2,2,8,7,8,2475,DL,LAX,10,-16,28,0,0,38,-38,39,3,0,44
4,2,8,7,19,2475,UA,LAX,10,-16,28,0,0,38,-38,39,3,0,44
-6,2,8,7,16,2475,AA,LAX,10,-16,28,0,0,38,-38,39,3,0,44
14,2,8,7,20,2475,AA,LAX,10,-16,28,0,0,38,-38,39,3,0,44
-7,2,8,7,7,2475,AA,LAX,10,-16,28,0,0,38,-38,39,3,0,44
-8,2,8,7,14,2475,AA,LAX,10,-16,28,0,0,38,-38,39,3,0,44
-6,2,8,7,12,2475,AA,LAX,10,-16,28,0,0,38,-38,39,3,0,44
0,2,8,7,21,2475,DL,LAX,10,-16,28,0,0,38,-38,39,3,0,44
4,2,8,7,14,2475,UA,LAX,10,-16,28,0,0,38,-38,39,3,0,44
0,2,8,7,11,2475,B6,LAX,10,-16,28,0,0,38,-38,39,3,0,44
4,2,8,7,17,2475,UA,LAX,10,-16,28,0,0,38,-38,39,3,0,44
-1,2,8,7,8,2475,AA,LAX,10,-16,28,0,0,38,-38,39,3,0,44
-2,2,8,7,17,2475,AA,LAX,10,-16,28,0,0,38,-38,39,3,0,44
-3,2,8,7,11,2475,UA,LAX,10,-16,28,0,0,38,-38,39,3,0,44
57,2,8,7,21,2475,B6,LAX,10,-16,28,0,0,38,-38,39,3,0,44
44,2,8,7,9,2475,B6,LAX,10,-16,28,0,0,38,-38,39,3,0,44
-8,2,8,7,8,2475,UA,LAX,10,-16,28,0,0,38,-38,39,3,0,44
-3,2,8,7,19,2475,AA,LAX,10,-16,28,0,0,38,-38,39,3,0,44
-6,2,8,7,11,2475,AA,LAX,10,-16,28,0,0,38,-38,39,3,0,44
-4,2,8,7,8,2475,B6,LAX,10,-16,28,0,0,38,-38,39,3,0,44
-3,2,8,7,9,2475,AA,LAX,10,-16,28,0,0,38,-38,39,3,0,44
35,2,8,7,9,2475,DL,LAX,10,-16,28,0,0,38,-38,39,3,0,44
-4,2,8,7,15,2475,B6,LAX,10,-16,28,0,0,38,-38,39,3,0,44
5,2,8,7,18,2475,AA,LAX,10,-16,28,0,0,38,-38,39,3,0,44
-1,2,8,7,15,2475,DL,LAX,10,-16,28,0,0,38,-38,39,3,0,44
-8,2,21,6,8,2475,UA,LAX,3,-105,0,155,76,20,-82,0,0,0,19
-6,2,21,6,14,2475,UA,LAX,3,-105,0,155,76,20,-82,0,0,0,19
-5,2,21,6,17,2475,UA,LAX,3,-105,0,155,76,20,-82,0,0,0,19
-5,2,21,6,6,2475,UA,LAX,3,-105,0,155,76,20,-82,0,0,0,19
12,2,21,6,11,2475,UA,LAX,3,-105,0,155,76,20,-82,0,0,0,19
-3,2,21,6,11,2475,B6,LAX,3,-105,0,155,76,20,-82,0,0,0,19
184,2,21,6,8,2475,DL,LAX,3,-105,0,155,76,20,-82,0,0,0,19
26,2,21,6,15,2475,DL,LAX,3,-105,0,155,76,20,-82,0,0,0,19
326,2,21,6,18,2475,AA,LAX,3,-105,0,155,76,20,-82,0,0,0,19
170,2,21,6,20,2475,AA,LAX,3,-105,0,155,76,20,-82,0,0,0,19
-3,2,21,6,18,2475,B6,LAX,3,-105,0,155,76,20,-82,0,0,0,19
74,2,21,6,17,2475,AA,LAX,3,-105,0,155,76,20,-82,0,0,0,19
55,2,21,6,18,2475,DL,LAX,3,-105,0,155,76,20,-82,0,0,0,19
186,2,21,6,17,2475,DL,LAX,3,-105,0,155,76,20,-82,0,0,0,19
10,2,21,6,10,2475,AA,LAX,3,-105,0,155,76,20,-82,0,0,0,19
-6,2,21,6,11,2475,AA,LAX,3,-105,0,155,76,20,-82,0,0,0,19
5,2,21,6,16,2475,AA,LAX,3,-105,0,155,76,20,-82,0,0,0,19
1,2,21,6,12,2475,AA,LAX,3,-105,0,155,76,20,-82,0,0,0,19
-5,2,21,6,7,2475,AA,LAX,3,-105,0,155,76,20,-82,0,0,0,19
-4,2,21,6,16,2475,B6,LAX,3,-105,0,155,76,20,-82,0,0,0,19
-5,2,21,6,9,2475,B6,LAX,3,-105,0,155,76,20,-82,0,0,0,19
4,2,21,6,8,2475,B6,LAX,3,-105,0,155,76,20,-82,0,0,0,19
-4,2,21,6,8,2475,AA,LAX,3,-105,0,155,76,20,-82,0,0,0,19
-6,2,21,6,14,2475,AA,LAX,3,-105,0,155,76,20,-82,0,0,0,19
-5,2,21,6,6,2475,B6,LAX,3,-105,0,155,76,20,-82,0,0,0,19
-9,2,21,6,9,2475,AA,LAX,3,-105,0,155,76,20,-82,0,0,0,19
4,2,21,6,11,2475,DL,LAX,3,-105,0,155,76,20,-82,0,0,0,19
-5,2,21,6,13,2475,VX,LAX,3,-105,0,155,76,20,-82,0,0,0,19
-2,2,21,6,7,2475,VX,LAX,3,-105,0,155,76,20,-82,0,0,0,19
-5,2,21,6,9,2475,VX,LAX,3,-105,0,155,76,20,-82,0,0,0,19
7,3,4,3,6,2475,UA,LAX,14,17,72,64,0,27,-121,-5,0,0,60
-1,3,4,3,8,2475,UA,LAX,14,17,72,64,0,27,-121,-5,0,0,60
-7,3,4,3,14,2475,UA,LAX,14,17,72,64,0,27,-121,-5,0,0,60
-2,3,4,3,19,2475,UA,LAX,14,17,72,64,0,27,-121,-5,0,0,60
4,3,4,3,17,2475,UA,LAX,14,17,72,64,0,27,-121,-5,0,0,60
-5,3,4,3,11,2475,UA,LAX,14,17,72,64,0,27,-121,-5,0,0,60
-3,3,4,3,7,2475,VX,LAX,14,17,72,64,0,27,-121,-5,0,0,60
-7,3,4,3,9,2475,VX,LAX,14,17,72,64,0,27,-121,-5,0,0,60
-6,3,4,3,13,2475,VX,LAX,14,17,72,64,0,27,-121,-5,0,0,60
1,3,4,3,16,2475,VX,LAX,14,17,72,64,0,27,-121,-5,0,0,60
10,3,4,3,20,2475,VX,LAX,14,17,72,64,0,27,-121,-5,0,0,60
56,3,4,3,17,2475,AA,LAX,14,17,72,64,0,27,-121,-5,0,0,60
-2,3,4,3,16,2475,B6,LAX,14,17,72,64,0,27,-121,-5,0,0,60
-6,3,4,3,10,2475,AA,LAX,14,17,72,64,0,27,-121,-5,0,0,60
-3,3,4,3,7,2475,B6,LAX,14,17,72,64,0,27,-121,-5,0,0,60
-4,3,4,3,9,2475,AA,LAX,14,17,72,64,0,27,-121,-5,0,0,60
4,3,4,3,19,2475,AA,LAX,14,17,72,64,0,27,-121,-5,0,0,60
5,3,4,3,7,2475,DL,LAX,14,17,72,64,0,27,-121,-5,0,0,60
-3,3,4,3,9,2475,B6,LAX,14,17,72,64,0,27,-121,-5,0,0,60
0,3,4,3,11,2475,B6,LAX,14,17,72,64,0,27,-121,-5,0,0,60
-1,3,4,3,20,2475,AA,LAX,14,17,72,64,0,27,-121,-5,0,0,60
14,3,4,3,18,2475,AA,LAX,14,17,72,64,0,27,-121,-5,0,0,60
-3,3,4,3,12,2475,AA,LAX,14,17,72,64,0,27,-121,-5,0,0,60
3,3,4,3,12,2475,DL,LAX,14,17,72,64,0,27,-121,-5,0,0,60
13,3,4,3,9,2475,DL,LAX,14,17,72,64,0,27,-121,-5,0,0,60
9,3,4,3,21,2475,B6,LAX,14,17,72,64,0,27,-121,-5,0,0,60
-7,3,4,3,7,2475,AA,LAX,14,17,72,64,0,27,-121,-5,0,0,60
27,3,4,3,14,2475,AA,LAX,14,17,72,64,0,27,-121,-5,0,0,60
-7,3,4,3,11,2475,AA,LAX,14,17,72,64,0,27,-121,-5,0,0,60
-3,3,4,3,18,2475,B6,LAX,14,17,72,64,0,27,-121,-5,0,0,60
49,3,4,3,8,2475,DL,LAX,14,17,72,64,0,27,-121,-5,0,0,60
48,3,4,3,15,2475,DL,LAX,14,17,72,64,0,27,-121,-5,0,0,60
5,3,4,3,18,2475,DL,LAX,14,17,72,64,0,27,-121,-5,0,0,60
35,3,4,3,17,2475,DL,LAX,14,17,72,64,0,27,-121,-5,0,0,60
27,3,4,3,21,2475,DL,LAX,14,17,72,64,0,27,-121,-5,0,0,60
-4,3,4,3,16,2475,AA,LAX,14,17,72,64,0,27,-121,-5,0,0,60
-6,3,4,3,6,2475,B6,LAX,14,17,72,64,0,27,-121,-5,0,0,60
-1,3,16,1,16,2475,B6,LAX,26,17,111,0,0,17,56,228,0,0,57
-2,3,16,1,9,2475,B6,LAX,26,17,111,0,0,17,56,228,0,0,57
-7,3,16,1,9,2475,AA,LAX,26,17,111,0,0,17,56,228,0,0,57
3,3,16,1,17,2475,AA,LAX,26,17,111,0,0,17,56,228,0,0,57
-8,3,16,1,21,2475,AA,LAX,26,17,111,0,0,17,56,228,0,0,57
-8,3,16,1,12,2475,AA,LAX,26,17,111,0,0,17,56,228,0,0,57
3,3,16,1,18,2475,AA,LAX,26,17,111,0,0,17,56,228,0,0,57
45,3,16,1,21,2475,DL,LAX,26,17,111,0,0,17,56,228,0,0,57
-4,3,16,1,6,2475,AA,LAX,26,17,111,0,0,17,56,228,0,0,57
16,3,16,1,7,2475,DL,LAX,26,17,111,0,0,17,56,228,0,0,57
-3,3,16,1,8,2475,B6,LAX,26,17,111,0,0,17,56,228,0,0,57
20,3,16,1,17,2475,DL,LAX,26,17,111,0,0,17,56,228,0,0,57
-6,3,16,1,6,2475,B6,LAX,26,17,111,0,0,17,56,228,0,0,57
3,3,16,1,10,2475,AA,LAX,26,17,111,0,0,17,56,228,0,0,57
-4,3,16,1,18,2475,B6,LAX,26,17,111,0,0,17,56,228,0,0,57
-4,3,16,1,8,2475,AA,LAX,26,17,111,0,0,17,56,228,0,0,57
-3,3,16,1,18,2475,DL,LAX,26,17,111,0,0,17,56,228,0,0,57
0,3,16,1,12,2475,DL,LAX,26,17,111,0,0,17,56,228,0,0,57
-1,3,16,1,9,2475,DL,LAX,26,17,111,0,0,17,56,228,0,0,57
-2,3,16,1,16,2475,AA,LAX,26,17,111,0,0,17,56,228,0,0,57
-9,3,16,1,11,2475,AA,LAX,26,17,111,0,0,17,56,228,0,0,57
-1,3,16,1,15,2475,DL,LAX,26,17,111,0,0,17,56,228,0,0,57
-6,3,16,1,7,2475,AA,LAX,26,17,111,0,0,17,56,228,0,0,57
-2,3,16,1,21,2475,B6,LAX,26,17,111,0,0,17,56,228,0,0,57
-1,3,16,1,11,2475,B6,LAX,26,17,111,0,0,17,56,228,0,0,57
18,3,16,1,19,2475,AA,LAX,26,17,111,0,0,17,56,228,0,0,57
6,3,16,1,19,2475,UA,LAX,26,17,111,0,0,17,56,228,0,0,57
-8,3,16,1,11,2475,UA,LAX,26,17,111,0,0,17,56,228,0,0,57
3,3,16,1,8,2475,UA,LAX,26,17,111,0,0,17,56,228,0,0,57
10,3,16,1,17,2475,UA,LAX,26,17,111,0,0,17,56,228,0,0,57
-4,3,16,1,14,2475,UA,LAX,26,17,111,0,0,17,56,228,0,0,57
-4,3,16,1,6,2475,UA,LAX,26,17,111,0,0,17,56,228,0,0,57
41,3,16,1,7,2475,VX,LAX,26,17,111,0,0,17,56,228,0,0,57
3,3,16,1,13,2475,VX,LAX,26,17,111,0,0,17,56,228,0,0,57
2,3,16,1,9,2475,VX,LAX,26,17,111,0,0,17,56,228,0,0,57
-10,3,16,1,16,2475,VX,LAX,26,17,111,0,0,17,56,228,0,0,57
-2,3,16,1,20,2475,VX,LAX,26,17,111,0,0,17,56,228,0,0,57
-2,3,28,6,8,2475,DL,LAX,38,-32,44,0,0,34,-66,22,0,0,32
3,3,28,6,12,2475,DL,LAX,38,-32,44,0,0,34,-66,22,0,0,32
-6,3,28,6,13,2475,VX,LAX,38,-32,44,0,0,34,-66,22,0,0,32
-9,3,28,6,18,2475,DL,LAX,38,-32,44,0,0,34,-66,22,0,0,32
-1,3,28,6,16,2475,VX,LAX,38,-32,44,0,0,34,-66,22,0,0,32
-4,3,28,6,17,2475,DL,LAX,38,-32,44,0,0,34,-66,22,0,0,32
-1,3,28,6,7,2475,VX,LAX,38,-32,44,0,0,34,-66,22,0,0,32
-2,3,28,6,9,2475,VX,LAX,38,-32,44,0,0,34,-66,22,0,0,32
6,3,28,6,15,2475,DL,LAX,38,-32,44,0,0,34,-66,22,0,0,32
7,3,28,6,6,2475,UA,LAX,38,-32,44,0,0,34,-66,22,0,0,32
-6,3,28,6,14,2475,UA,LAX,38,-32,44,0,0,34,-66,22,0,0,32
-3,3,28,6,17,2475,UA,LAX,38,-32,44,0,0,34,-66,22,0,0,32
-3,3,28,6,11,2475,UA,LAX,38,-32,44,0,0,34,-66,22,0,0,32
-8,3,28,6,8,2475,UA,LAX,38,-32,44,0,0,34,-66,22,0,0,32
-2,3,28,6,14,2475,AA,LAX,38,-32,44,0,0,34,-66,22,0,0,32
-5,3,28,6,18,2475,B6,LAX,38,-32,44,0,0,34,-66,22,0,0,32
-6,3,28,6,9,2475,B6,LAX,38,-32,44,0,0,34,-66,22,0,0,32
-5,3,28,6,17,2475,AA,LAX,38,-32,44,0,0,34,-66,22,0,0,32
-8,3,28,6,19,2475,AA,LAX,38,-32,44,0,0,34,-66,22,0,0,32
-1,3,28,6,11,2475,B6,LAX,38,-32,44,0,0,34,-66,22,0,0,32
-9,3,28,6,8,2475,AA,LAX,38,-32,44,0,0,34,-66,22,0,0,32
-3,3,28,6,16,2475,B6,LAX,38,-32,44,0,0,34,-66,22,0,0,32
-4,3,28,6,12,2475,AA,LAX,38,-32,44,0,0,34,-66,22,0,0,32
-3,3,28,6,7,2475,B6,LAX,38,-32,44,0,0,34,-66,22,0,0,32
-9,3,28,6,7,2475,AA,LAX,38,-32,44,0,0,34,-66,22,0,0,32
3,3,28,6,18,2475,AA,LAX,38,-32,44,0,0,34,-66,22,0,0,32
53,3,28,6,21,2475,AA,LAX,38,-32,44,0,0,34,-66,22,0,0,32
-7,3,28,6,9,2475,AA,LAX,38,-32,44,0,0,34,-66,22,0,0,32
2,3,28,6,11,2475,AA,LAX,38,-32,44,0,0,34,-66,22,0,0,32
-5,3,28,6,10,2475,AA,LAX,38,-32,44,0,0,34,-66,22,0,0,32
0,3,28,6,6,2475,B6,LAX,38,-32,44,0,0,34,-66,22,0,0,32
5,4,12,7,15,2475,DL,LAX,40,61,189,0,0,15,50,200,0,0,48
6,4,12,7,18,2475,B6,LAX,40,61,189,0,0,15,50,200,0,0,48
42,4,12,7,7,2475,DL,LAX,40,61,189,0,0,15,50,200,0,0,48
-9,4,12,7,11,2475,B6,LAX,40,61,189,0,0,15,50,200,0,0,48
3,4,12,7,9,2475,B6,LAX,40,61,189,0,0,15,50,200,0,0,48
-3,4,12,7,12,2475,B6,LAX,40,61,189,0,0,15,50,200,0,0,48
-2,4,12,7,16,2475,B6,LAX,40,61,189,0,0,15,50,200,0,0,48
-4,4,12,7,6,2475,B6,LAX,40,61,189,0,0,15,50,200,0,0,48
-3,4,12,7,7,2475,VX,LAX,40,61,189,0,0,15,50,200,0,0,48
-3,4,12,7,9,2475,VX,LAX,40,61,189,0,0,15,50,200,0,0,48
-3,4,12,7,13,2475,VX,LAX,40,61,189,0,0,15,50,200,0,0,48
-2,4,12,7,16,2475,VX,LAX,40,61,189,0,0,15,50,200,0,0,48
-2,4,12,7,20,2475,VX,LAX,40,61,189,0,0,15,50,200,0,0,48
25,4,12,7,18,2475,DL,LAX,40,61,189,0,0,15,50,200,0,0,48
2,4,12,7,8,2475,DL,LAX,40,61,189,0,0,15,50,200,0,0,48
63,4,12,7,17,2475,DL,LAX,40,61,189,0,0,15,50,200,0,0,48
22,4,12,7,21,2475,DL,LAX,40,61,189,0,0,15,50,200,0,0,48
3,4,12,7,21,2475,B6,LAX,40,61,189,0,0,15,50,200,0,0,48
22,4,12,7,11,2475,DL,LAX,40,61,189,0,0,15,50,200,0,0,48
3,4,12,7,9,2475,DL,LAX,40,61,189,0,0,15,50,200,0,0,48
13,4,12,7,19,2475,UA,LAX,40,61,189,0,0,15,50,200,0,0,48
14,4,12,7,17,2475,UA,LAX,40,61,189,0,0,15,50,200,0,0,48
-11,4,12,7,11,2475,UA,LAX,40,61,189,0,0,15,50,200,0,0,48
-7,4,12,7,14,2475,UA,LAX,40,61,189,0,0,15,50,200,0,0,48
-4,4,12,7,8,2475,UA,LAX,40,61,189,0,0,15,50,200,0,0,48
-1,4,12,7,9,2475,AA,LAX,40,61,189,0,0,15,50,200,0,0,48
-1,4,12,7,17,2475,AA,LAX,40,61,189,0,0,15,50,200,0,0,48
-7,4,12,7,8,2475,AA,LAX,40,61,189,0,0,15,50,200,0,0,48
-3,4,12,7,15,2475,AA,LAX,40,61,189,0,0,15,50,200,0,0,48
-7,4,12,7,21,2475,AA,LAX,40,61,189,0,0,15,50,200,0,0,48
-3,4,12,7,11,2475,AA,LAX,40,61,189,0,0,15,50,200,0,0,48
0,4,12,7,19,2475,AA,LAX,40,61,189,0,0,15,50,200,0,0,48
-6,4,12,7,6,2475,AA,LAX,40,61,189,0,0,15,50,200,0,0,48
-5,4,12,7,7,2475,AA,LAX,40,61,189,0,0,15,50,200,0,0,48
-5,4,12,7,12,2475,AA,LAX,40,61,189,0,0,15,50,200,0,0,48
7,4,12,7,18,2475,AA,LAX,40,61,189,0,0,15,50,200,0,0,48
0,4,12,7,10,2475,AA,LAX,40,61,189,0,0,15,50,200,0,0,48
4,4,12,7,16,2475,AA,LAX,40,61,189,0,0,15,50,200,0,0,48
-5,4,24,5,21,2475,AA,LAX,28,39,111,0,0,38,-16,139,41,0,30
-5,4,24,5,19,2475,AA,LAX,28,39,111,0,0,38,-16,139,41,0,30
11,4,24,5,16,2475,AA,LAX,28,39,111,0,0,38,-16,139,41,0,30
-9,4,24,5,10,2475,AA,LAX,28,39,111,0,0,38,-16,139,41,0,30
-8,4,24,5,8,2475,AA,LAX,28,39,111,0,0,38,-16,139,41,0,30
-5,4,24,5,18,2475,AA,LAX,28,39,111,0,0,38,-16,139,41,0,30
-2,4,24,5,11,2475,AA,LAX,28,39,111,0,0,38,-16,139,41,0,30
-4,4,24,5,17,2475,AA,LAX,28,39,111,0,0,38,-16,139,41,0,30
9,4,24,5,9,2475,AA,LAX,28,39,111,0,0,38,-16,139,41,0,30
-1,4,24,5,15,2475,AA,LAX,28,39,111,0,0,38,-16,139,41,0,30
-7,4,24,5,12,2475,AA,LAX,28,39,111,0,0,38,-16,139,41,0,30
-5,4,24,5,14,2475,UA,LAX,28,39,111,0,0,38,-16,139,41,0,30
-7,4,24,5,11,2475,UA,LAX,28,39,111,0,0,38,-16,139,41,0,30
-1,4,24,5,17,2475,UA,LAX,28,39,111,0,0,38,-16,139,41,0,30
-2,4,24,5,6,2475,UA,LAX,28,39,111,0,0,38,-16,139,41,0,30
-7,4,24,5,8,2475,UA,LAX,28,39,111,0,0,38,-16,139,41,0,30
5,4,24,5,19,2475,UA,LAX,28,39,111,0,0,38,-16,139,41,0,30
9,4,24,5,21,2475,B6,LAX,28,39,111,0,0,38,-16,139,41,0,30
-4,4,24,5,7,2475,VX,LAX,28,39,111,0,0,38,-16,139,41,0,30
-9,4,24,5,18,2475,B6,LAX,28,39,111,0,0,38,-16,139,41,0,30
-2,4,24,5,6,2475,B6,LAX,28,39,111,0,0,38,-16,139,41,0,30
-7,4,24,5,9,2475,VX,LAX,28,39,111,0,0,38,-16,139,41,0,30
0,4,24,5,11,2475,B6,LAX,28,39,111,0,0,38,-16,139,41,0,30
5,4,24,5,12,2475,B6,LAX,28,39,111,0,0,38,-16,139,41,0,30
-1,4,24,5,11,2475,DL,LAX,28,39,111,0,0,38,-16,139,41,0,30
-1,4,24,5,18,2475,DL,LAX,28,39,111,0,0,38,-16,139,41,0,30
0,4,24,5,8,2475,DL,LAX,28,39,111,0,0,38,-16,139,41,0,30
2,4,24,5,17,2475,DL,LAX,28,39,111,0,0,38,-16,139,41,0,30
7,4,24,5,21,2475,DL,LAX,28,39,111,0,0,38,-16,139,41,0,30
22,4,24,5,7,2475,DL,LAX,28,39,111,0,0,38,-16,139,41,0,30
-1,4,24,5,15,2475,DL,LAX,28,39,111,0,0,38,-16,139,41,0,30
-2,4,24,5,9,2475,B6,LAX,28,39,111,0,0,38,-16,139,41,0,30
1,4,24,5,9,2475,DL,LAX,28,39,111,0,0,38,-16,139,41,0,30
-4,4,24,5,16,2475,B6,LAX,28,39,111,0,0,38,-16,139,41,0,30
-4,4,24,5,20,2475,VX,LAX,28,39,111,0,0,38,-16,139,41,0,30
-4,4,24,5,16,2475,VX,LAX,28,39,111,0,0,38,-16,139,41,0,30
0,4,24,5,13,2475,VX,LAX,28,39,111,0,0,38,-16,139,41,0,30
-5,5,7,4,13,2475,VX,LAX,15,133,267,0,0,10,111,283,10,0,51
16,5,7,4,9,2475,VX,LAX,15,133,267,0,0,10,111,283,10,0,51
-11,5,7,4,7,2475,VX,LAX,15,133,267,0,0,10,111,283,10,0,51
43,5,7,4,14,2475,UA,LAX,15,133,267,0,0,10,111,283,10,0,51
-4,5,7,4,20,2475,VX,LAX,15,133,267,0,0,10,111,283,10,0,51
0,5,7,4,16,2475,VX,LAX,15,133,267,0,0,10,111,283,10,0,51
0,5,7,4,11,2475,DL,LAX,15,133,267,0,0,10,111,283,10,0,51
-6,5,7,4,13,2475,B6,LAX,15,133,267,0,0,10,111,283,10,0,51
-6,5,7,4,9,2475,AA,LAX,15,133,267,0,0,10,111,283,10,0,51
45,5,7,4,18,2475,B6,LAX,15,133,267,0,0,10,111,283,10,0,51
1,5,7,4,16,2475,AA,LAX,15,133,267,0,0,10,111,283,10,0,51
-3,5,7,4,8,2475,B6,LAX,15,133,267,0,0,10,111,283,10,0,51
0,5,7,4,16,2475,B6,LAX,15,133,267,0,0,10,111,283,10,0,51
-5,5,7,4,21,2475,B6,LAX,15,133,267,0,0,10,111,283,10,0,51
-6,5,7,4,10,2475,AA,LAX,15,133,267,0,0,10,111,283,10,0,51
-1,5,7,4,9,2475,B6,LAX,15,133,267,0,0,10,111,283,10,0,51
17,5,7,4,15,2475,AA,LAX,15,133,267,0,0,10,111,283,10,0,51
-5,5,7,4,11,2475,UA,LAX,15,133,267,0,0,10,111,283,10,0,51
-7,5,7,4,6,2475,UA,LAX,15,133,267,0,0,10,111,283,10,0,51
-4,5,7,4,8,2475,UA,LAX,15,133,267,0,0,10,111,283,10,0,51
213,5,7,4,19,2475,UA,LAX,15,133,267,0,0,10,111,283,10,0,51
2,5,7,4,17,2475,AA,LAX,15,133,267,0,0,10,111,283,10,0,51
-8,5,7,4,12,2475,AA,LAX,15,133,267,0,0,10,111,283,10,0,51
4,5,7,4,15,2475,DL,LAX,15,133,267,0,0,10,111,283,10,0,51
-4,5,7,4,9,2475,DL,LAX,15,133,267,0,0,10,111,283,10,0,51
-5,5,7,4,7,2475,DL,LAX,15,133,267,0,0,10,111,283,10,0,51
56,5,7,4,21,2475,DL,LAX,15,133,267,0,0,10,111,283,10,0,51
18,5,7,4,17,2475,DL,LAX,15,133,267,0,0,10,111,283,10,0,51
-6,5,7,4,8,2475,DL,LAX,15,133,267,0,0,10,111,283,10,0,51
137,5,7,4,18,2475,DL,LAX,15,133,267,0,0,10,111,283,10,0,51
3,5,7,4,6,2475,B6,LAX,15,133,267,0,0,10,111,283,10,0,51
72,5,7,4,17,2475,UA,LAX,15,133,267,0,0,10,111,283,10,0,51
-3,5,7,4,19,2475,AA,LAX,15,133,267,0,0,10,111,283,10,0,51
-3,5,7,4,21,2475,AA,LAX,15,133,267,0,0,10,111,283,10,0,51
-11,5,7,4,7,2475,AA,LAX,15,133,267,0,0,10,111,283,10,0,51
-9,5,7,4,8,2475,AA,LAX,15,133,267,0,0,10,111,283,10,0,51
-7,5,7,4,11,2475,AA,LAX,15,133,267,0,0,10,111,283,10,0,51
1,5,7,4,18,2475,AA,LAX,15,133,267,0,0,10,111,283,10,0,51
1,5,7,4,11,2475,B6,LAX,15,133,267,0,0,10,111,283,10,0,51
-2,5,19,2,17,2475,UA,LAX,3,150,267,0,0,11,44,117,0,0,47
-1,5,19,2,19,2475,UA,LAX,3,150,267,0,0,11,44,117,0,0,47
-4,5,19,2,14,2475,UA,LAX,3,150,267,0,0,11,44,117,0,0,47
-6,5,19,2,11,2475,UA,LAX,3,150,267,0,0,11,44,117,0,0,47
-3,5,19,2,6,2475,UA,LAX,3,150,267,0,0,11,44,117,0,0,47
-8,5,19,2,8,2475,UA,LAX,3,150,267,0,0,11,44,117,0,0,47
-3,5,19,2,12,2475,AA,LAX,3,150,267,0,0,11,44,117,0,0,47
-5,5,19,2,15,2475,DL,LAX,3,150,267,0,0,11,44,117,0,0,47
-6,5,19,2,9,2475,DL,LAX,3,150,267,0,0,11,44,117,0,0,47
7,5,19,2,11,2475,DL,LAX,3,150,267,0,0,11,44,117,0,0,47
-5,5,19,2,7,2475,DL,LAX,3,150,267,0,0,11,44,117,0,0,47
-2,5,19,2,21,2475,DL,LAX,3,150,267,0,0,11,44,117,0,0,47
7,5,19,2,17,2475,DL,LAX,3,150,267,0,0,11,44,117,0,0,47
-11,5,19,2,8,2475,DL,LAX,3,150,267,0,0,11,44,117,0,0,47
-2,5,19,2,13,2475,B6,LAX,3,150,267,0,0,11,44,117,0,0,47
36,5,19,2,18,2475,DL,LAX,3,150,267,0,0,11,44,117,0,0,47
-7,5,19,2,8,2475,AA,LAX,3,150,267,0,0,11,44,117,0,0,47
3,5,19,2,17,2475,AA,LAX,3,150,267,0,0,11,44,117,0,0,47
2,5,19,2,19,2475,AA,LAX,3,150,267,0,0,11,44,117,0,0,47
39,5,19,2,9,2475,B6,LAX,3,150,267,0,0,11,44,117,0,0,47
19,5,19,2,21,2475,B6,LAX,3,150,267,0,0,11,44,117,0,0,47
-3,5,19,2,15,2475,AA,LAX,3,150,267,0,0,11,44,117,0,0,47
-4,5,19,2,10,2475,AA,LAX,3,150,267,0,0,11,44,117,0,0,47
-2,5,19,2,9,2475,AA,LAX,3,150,267,0,0,11,44,117,0,0,47
-3,5,19,2,18,2475,AA,LAX,3,150,267,0,0,11,44,117,0,0,47
1,5,19,2,16,2475,B6,LAX,3,150,267,0,0,11,44,117,0,0,47
16,5,19,2,18,2475,B6,LAX,3,150,267,0,0,11,44,117,0,0,47
-3,5,19,2,16,2475,AA,LAX,3,150,267,0,0,11,44,117,0,0,47
1,5,19,2,11,2475,AA,LAX,3,150,267,0,0,11,44,117,0,0,47
-7,5,19,2,8,2475,B6,LAX,3,150,267,0,0,11,44,117,0,0,47
-5,5,19,2,7,2475,AA,LAX,3,150,267,0,0,11,44,117,0,0,47
29,5,19,2,11,2475,B6,LAX,3,150,267,0,0,11,44,117,0,0,47
-1,5,19,2,6,2475,B6,LAX,3,150,267,0,0,11,44,117,0,0,47
1,5,19,2,21,2475,AA,LAX,3,150,267,0,0,11,44,117,0,0,47
-5,5,19,2,9,2475,VX,LAX,3,150,267,0,0,11,44,117,0,0,47
-3,5,19,2,13,2475,VX,LAX,3,150,267,0,0,11,44,117,0,0,47
-1,5,19,2,16,2475,VX,LAX,3,150,267,0,0,11,44,117,0,0,47
-1,5,19,2,20,2475,VX,LAX,3,150,267,0,0,11,44,117,0,0,47
-9,5,19,2,7,2475,VX,LAX,3,150,267,0,0,11,44,117,0,0,47
-7,5,20,3,21,2475,AA,LAX,2,122,194,0,0,31,39,89,10,0,37
-7,5,20,3,17,2475,AA,LAX,2,122,194,0,0,31,39,89,10,0,37
-5,5,20,3,11,2475,B6,LAX,2,122,194,0,0,31,39,89,10,0,37
-1,5,20,3,9,2475,B6,LAX,2,122,194,0,0,31,39,89,10,0,37
-2,5,20,3,18,2475,B6,LAX,2,122,194,0,0,31,39,89,10,0,37
-4,5,20,3,8,2475,B6,LAX,2,122,194,0,0,31,39,89,10,0,37
26,5,20,3,21,2475,B6,LAX,2,122,194,0,0,31,39,89,10,0,37
-2,5,20,3,13,2475,B6,LAX,2,122,194,0,0,31,39,89,10,0,37
-2,5,20,3,6,2475,B6,LAX,2,122,194,0,0,31,39,89,10,0,37
1,5,20,3,11,2475,AA,LAX,2,122,194,0,0,31,39,89,10,0,37
-8,5,20,3,10,2475,AA,LAX,2,122,194,0,0,31,39,89,10,0,37
-5,5,20,3,15,2475,AA,LAX,2,122,194,0,0,31,39,89,10,0,37
-6,5,20,3,19,2475,AA,LAX,2,122,194,0,0,31,39,89,10,0,37
-7,5,20,3,7,2475,AA,LAX,2,122,194,0,0,31,39,89,10,0,37
-3,5,20,3,9,2475,AA,LAX,2,122,194,0,0,31,39,89,10,0,37
14,5,20,3,12,2475,AA,LAX,2,122,194,0,0,31,39,89,10,0,37
-7,5,20,3,18,2475,AA,LAX,2,122,194,0,0,31,39,89,10,0,37
15,5,20,3,15,2475,DL,LAX,2,122,194,0,0,31,39,89,10,0,37
-2,5,20,3,9,2475,DL,LAX,2,122,194,0,0,31,39,89,10,0,37
4,5,20,3,11,2475,DL,LAX,2,122,194,0,0,31,39,89,10,0,37
-4,5,20,3,7,2475,DL,LAX,2,122,194,0,0,31,39,89,10,0,37
5,5,20,3,21,2475,DL,LAX,2,122,194,0,0,31,39,89,10,0,37
26,5,20,3,17,2475,DL,LAX,2,122,194,0,0,31,39,89,10,0,37
2,5,20,3,8,2475,DL,LAX,2,122,194,0,0,31,39,89,10,0,37
17,5,20,3,18,2475,DL,LAX,2,122,194,0,0,31,39,89,10,0,37
-4,5,20,3,16,2475,AA,LAX,2,122,194,0,0,31,39,89,10,0,37
10,5,20,3,16,2475,B6,LAX,2,122,194,0,0,31,39,89,10,0,37
-2,5,20,3,17,2475,UA,LAX,2,122,194,0,0,31,39,89,10,0,37
-1,5,20,3,14,2475,UA,LAX,2,122,194,0,0,31,39,89,10,0,37
-5,5,20,3,11,2475,UA,LAX,2,122,194,0,0,31,39,89,10,0,37
1,5,20,3,6,2475,UA,LAX,2,122,194,0,0,31,39,89,10,0,37
-4,5,20,3,8,2475,UA,LAX,2,122,194,0,0,31,39,89,10,0,37
10,5,20,3,19,2475,UA,LAX,2,122,194,0,0,31,39,89,10,0,37
-4,5,20,3,13,2475,VX,LAX,2,122,194,0,0,31,39,89,10,0,37
-3,5,20,3,9,2475,VX,LAX,2,122,194,0,0,31,39,89,10,0,37
-2,5,20,3,16,2475,VX,LAX,2,122,194,0,0,31,39,89,10,0,37
-11,5,20,3,7,2475,VX,LAX,2,122,194,0,0,31,39,89,10,0,37
-5,5,20,3,20,2475,VX,LAX,2,122,194,0,0,31,39,89,10,0,37
-7,6,3,3,7,2475,AA,LAX,8,111,211,0,0,21,100,250,0,0,31
11,6,3,3,12,2475,AA,LAX,8,111,211,0,0,21,100,250,0,0,31
-5,6,3,3,11,2475,AA,LAX,8,111,211,0,0,21,100,250,0,0,31
-8,6,3,3,9,2475,AA,LAX,8,111,211,0,0,21,100,250,0,0,31
-7,6,3,3,7,2475,AA,LAX,8,111,211,0,0,21,100,250,0,0,31
11,6,3,3,12,2475,AA,LAX,8,111,211,0,0,21,100,250,0,0,31
-5,6,3,3,11,2475,AA,LAX,8,111,211,0,0,21,100,250,0,0,31
-8,6,3,3,9,2475,AA,LAX,8,111,211,0,0,21,100,250,0,0,31
-7,6,15,1,11,2475,AA,LAX,19,178,283,145,0,21,200,267,650,0,25
-5,6,15,1,9,2475,AA,LAX,19,178,283,145,0,21,200,267,650,0,25
-7,6,15,1,11,2475,AA,LAX,19,178,283,145,0,21,200,267,650,0,25
-2,6,15,1,12,2475,AA,LAX,19,178,283,145,0,21,200,267,650,0,25
-2,6,15,1,12,2475,AA,LAX,19,178,283,145,0,21,200,267,650,0,25
-5,6,15,1,9,2475,AA,LAX,19,178,283,145,0,21,200,267,650,0,25
2,6,15,1,7,2475,AA,LAX,19,178,283,145,0,21,200,267,650,0,25
2,6,15,1,7,2475,AA,LAX,19,178,283,145,0,21,200,267,650,0,25
-4,6,27,6,11,2475,AA,LAX,7,144,217,284,0,33,133,244,0,0,40
-4,6,27,6,11,2475,AA,LAX,7,144,217,284,0,33,133,244,0,0,40
-5,6,27,6,12,2475,AA,LAX,7,144,217,284,0,33,133,244,0,0,40
-5,6,27,6,12,2475,AA,LAX,7,144,217,284,0,33,133,244,0,0,40
-4,7,11,6,8,2475,UA,LAX,7,206,311,0,0,11,161,256,8,0,23
13,7,11,6,6,2475,UA,LAX,7,206,311,0,0,11,161,256,8,0,23
-6,7,11,6,20,2475,VX,LAX,7,206,311,0,0,11,161,256,8,0,23
-5,7,11,6,16,2475,VX,LAX,7,206,311,0,0,11,161,256,8,0,23
-3,7,11,6,13,2475,VX,LAX,7,206,311,0,0,11,161,256,8,0,23
-8,7,11,6,9,2475,VX,LAX,7,206,311,0,0,11,161,256,8,0,23
-10,7,11,6,7,2475,VX,LAX,7,206,311,0,0,11,161,256,8,0,23
10,7,11,6,14,2475,UA,LAX,7,206,311,0,0,11,161,256,8,0,23
-9,7,11,6,11,2475,UA,LAX,7,206,311,0,0,11,161,256,8,0,23
-2,7,11,6,16,2475,UA,LAX,7,206,311,0,0,11,161,256,8,0,23
-3,7,11,6,15,2475,DL,LAX,7,206,311,0,0,11,161,256,8,0,23
-7,7,11,6,8,2475,DL,LAX,7,206,311,0,0,11,161,256,8,0,23
14,7,11,6,17,2475,DL,LAX,7,206,311,0,0,11,161,256,8,0,23
-4,7,11,6,12,2475,DL,LAX,7,206,311,0,0,11,161,256,8,0,23
-3,7,11,6,18,2475,DL,LAX,7,206,311,0,0,11,161,256,8,0,23
-7,7,11,6,18,2475,B6,LAX,7,206,311,0,0,11,161,256,8,0,23
-1,7,11,6,16,2475,B6,LAX,7,206,311,0,0,11,161,256,8,0,23
-4,7,11,6,13,2475,B6,LAX,7,206,311,0,0,11,161,256,8,0,23
-6,7,11,6,11,2475,B6,LAX,7,206,311,0,0,11,161,256,8,0,23
-5,7,11,6,9,2475,B6,LAX,7,206,311,0,0,11,161,256,8,0,23
-2,7,11,6,8,2475,B6,LAX,7,206,311,0,0,11,161,256,8,0,23
2,7,11,6,6,2475,B6,LAX,7,206,311,0,0,11,161,256,8,0,23
-4,7,11,6,10,2475,AA,LAX,7,206,311,0,0,11,161,256,8,0,23
-3,7,11,6,15,2475,AA,LAX,7,206,311,0,0,11,161,256,8,0,23
-9,7,11,6,11,2475,AA,LAX,7,206,311,0,0,11,161,256,8,0,23
-10,7,11,6,16,2475,AA,LAX,7,206,311,0,0,11,161,256,8,0,23
-3,7,11,6,21,2475,AA,LAX,7,206,311,0,0,11,161,256,8,0,23
-7,7,11,6,12,2475,AA,LAX,7,206,311,0,0,11,161,256,8,0,23
-7,7,11,6,18,2475,AA,LAX,7,206,311,0,0,11,161,256,8,0,23
-5,7,23,4,16,2475,AA,LAX,19,200,300,0,0,17,172,294,0,0,18
-5,7,23,4,6,2475,AA,LAX,19,200,300,0,0,17,172,294,0,0,18
-1,7,23,4,17,2475,AA,LAX,19,200,300,0,0,17,172,294,0,0,18
-3,7,23,4,21,2475,AA,LAX,19,200,300,0,0,17,172,294,0,0,18
-6,7,23,4,19,2475,AA,LAX,19,200,300,0,0,17,172,294,0,0,18
1,7,23,4,15,2475,AA,LAX,19,200,300,0,0,17,172,294,0,0,18
-4,7,23,4,10,2475,AA,LAX,19,200,300,0,0,17,172,294,0,0,18
1,7,23,4,9,2475,AA,LAX,19,200,300,0,0,17,172,294,0,0,18
-5,7,23,4,12,2475,AA,LAX,19,200,300,0,0,17,172,294,0,0,18
-2,7,23,4,7,2475,AA,LAX,19,200,300,0,0,17,172,294,0,0,18
-6,7,23,4,11,2475,AA,LAX,19,200,300,0,0,17,172,294,0,0,18
59,7,23,4,18,2475,AA,LAX,19,200,300,0,0,17,172,294,0,0,18
0,7,23,4,11,2475,UA,LAX,19,200,300,0,0,17,172,294,0,0,18
-11,7,23,4,19,2475,UA,LAX,19,200,300,0,0,17,172,294,0,0,18
-4,7,23,4,8,2475,UA,LAX,19,200,300,0,0,17,172,294,0,0,18
7,7,23,4,6,2475,UA,LAX,19,200,300,0,0,17,172,294,0,0,18
-1,7,23,4,21,2475,B6,LAX,19,200,300,0,0,17,172,294,0,0,18
19,7,23,4,20,2475,VX,LAX,19,200,300,0,0,17,172,294,0,0,18
-1,7,23,4,16,2475,VX,LAX,19,200,300,0,0,17,172,294,0,0,18
2,7,23,4,13,2475,VX,LAX,19,200,300,0,0,17,172,294,0,0,18
-7,7,23,4,9,2475,VX,LAX,19,200,300,0,0,17,172,294,0,0,18
-2,7,23,4,7,2475,VX,LAX,19,200,300,0,0,17,172,294,0,0,18
-2,7,23,4,17,2475,UA,LAX,19,200,300,0,0,17,172,294,0,0,18
0,7,23,4,6,2475,B6,LAX,19,200,300,0,0,17,172,294,0,0,18
-3,7,23,4,8,2475,B6,LAX,19,200,300,0,0,17,172,294,0,0,18
-2,7,23,4,9,2475,B6,LAX,19,200,300,0,0,17,172,294,0,0,18
-1,7,23,4,11,2475,B6,LAX,19,200,300,0,0,17,172,294,0,0,18
-2,7,23,4,12,2475,B6,LAX,19,200,300,0,0,17,172,294,0,0,18
-1,7,23,4,16,2475,B6,LAX,19,200,300,0,0,17,172,294,0,0,18
-2,7,23,4,18,2475,B6,LAX,19,200,300,0,0,17,172,294,0,0,18
-4,7,23,4,14,2475,UA,LAX,19,200,300,0,0,17,172,294,0,0,18
4,7,23,4,18,2475,DL,LAX,19,200,300,0,0,17,172,294,0,0,18
33,7,23,4,15,2475,DL,LAX,19,200,300,0,0,17,172,294,0,0,18
0,7,23,4,8,2475,DL,LAX,19,200,300,0,0,17,172,294,0,0,18
30,7,23,4,16,2475,DL,LAX,19,200,300,0,0,17,172,294,0,0,18
1,7,23,4,20,2475,DL,LAX,19,200,300,0,0,17,172,294,0,0,18
-1,7,23,4,7,2475,DL,LAX,19,200,300,0,0,17,172,294,0,0,18
-3,7,23,4,12,2475,DL,LAX,19,200,300,0,0,17,172,294,0,0,18
-1,7,23,4,9,2475,DL,LAX,19,200,300,0,0,17,172,294,0,0,18
14,8,6,4,16,2475,VX,LAX,26,194,283,0,0,11,178,283,0,0,32
-4,8,6,4,20,2475,VX,LAX,26,194,283,0,0,11,178,283,0,0,32
0,8,6,4,6,2475,UA,LAX,26,194,283,0,0,11,178,283,0,0,32
30,8,6,4,8,2475,UA,LAX,26,194,283,0,0,11,178,283,0,0,32
-14,8,6,4,19,2475,UA,LAX,26,194,283,0,0,11,178,283,0,0,32
-4,8,6,4,17,2475,UA,LAX,26,194,283,0,0,11,178,283,0,0,32
6,8,6,4,11,2475,UA,LAX,26,194,283,0,0,11,178,283,0,0,32
-2,8,6,4,14,2475,UA,LAX,26,194,283,0,0,11,178,283,0,0,32
1,8,6,4,7,2475,VX,LAX,26,194,283,0,0,11,178,283,0,0,32
-1,8,6,4,9,2475,VX,LAX,26,194,283,0,0,11,178,283,0,0,32
47,8,6,4,13,2475,VX,LAX,26,194,283,0,0,11,178,283,0,0,32
-4,8,6,4,11,2475,B6,LAX,26,194,283,0,0,11,178,283,0,0,32
25,8,6,4,16,2475,B6,LAX,26,194,283,0,0,11,178,283,0,0,32
5,8,6,4,16,2475,AA,LAX,26,194,283,0,0,11,178,283,0,0,32
6,8,6,4,19,2475,AA,LAX,26,194,283,0,0,11,178,283,0,0,32
-6,8,6,4,10,2475,AA,LAX,26,194,283,0,0,11,178,283,0,0,32
-2,8,6,4,21,2475,AA,LAX,26,194,283,0,0,11,178,283,0,0,32
-1,8,6,4,17,2475,AA,LAX,26,194,283,0,0,11,178,283,0,0,32
-9,8,6,4,6,2475,AA,LAX,26,194,283,0,0,11,178,283,0,0,32
-3,8,6,4,9,2475,AA,LAX,26,194,283,0,0,11,178,283,0,0,32
-5,8,6,4,12,2475,B6,LAX,26,194,283,0,0,11,178,283,0,0,32
4,8,6,4,18,2475,DL,LAX,26,194,283,0,0,11,178,283,0,0,32
23,8,6,4,9,2475,DL,LAX,26,194,283,0,0,11,178,283,0,0,32
26,8,6,4,12,2475,DL,LAX,26,194,283,0,0,11,178,283,0,0,32
7,8,6,4,7,2475,DL,LAX,26,194,283,0,0,11,178,283,0,0,32
13,8,6,4,20,2475,DL,LAX,26,194,283,0,0,11,178,283,0,0,32
-6,8,6,4,17,2475,DL,LAX,26,194,283,0,0,11,178,283,0,0,32
8,8,6,4,8,2475,DL,LAX,26,194,283,0,0,11,178,283,0,0,32
-4,8,6,4,15,2475,AA,LAX,26,194,283,0,0,11,178,283,0,0,32
-2,8,6,4,15,2475,DL,LAX,26,194,283,0,0,11,178,283,0,0,32
4,8,6,4,18,2475,AA,LAX,26,194,283,0,0,11,178,283,0,0,32
-2,8,6,4,11,2475,AA,LAX,26,194,283,0,0,11,178,283,0,0,32
-5,8,6,4,7,2475,AA,LAX,26,194,283,0,0,11,178,283,0,0,32
-1,8,6,4,12,2475,AA,LAX,26,194,283,0,0,11,178,283,0,0,32
-1,8,6,4,18,2475,B6,LAX,26,194,283,0,0,11,178,283,0,0,32
-1,8,6,4,21,2475,B6,LAX,26,194,283,0,0,11,178,283,0,0,32
-1,8,6,4,6,2475,B6,LAX,26,194,283,0,0,11,178,283,0,0,32
-2,8,6,4,8,2475,B6,LAX,26,194,283,0,0,11,178,283,0,0,32
-3,8,6,4,9,2475,B6,LAX,26,194,283,0,0,11,178,283,0,0,32
2,8,18,2,18,2475,DL,LAX,14,228,322,74,0,18,194,283,102,0,39
0,8,18,2,21,2475,B6,LAX,14,228,322,74,0,18,194,283,102,0,39
0,8,18,2,20,2475,DL,LAX,14,228,322,74,0,18,194,283,102,0,39
-7,8,18,2,7,2475,DL,LAX,14,228,322,74,0,18,194,283,102,0,39
-7,8,18,2,7,2475,AA,LAX,14,228,322,74,0,18,194,283,102,0,39
-5,8,18,2,12,2475,AA,LAX,14,228,322,74,0,18,194,283,102,0,39
-1,8,18,2,17,2475,DL,LAX,14,228,322,74,0,18,194,283,102,0,39
-2,8,18,2,12,2475,DL,LAX,14,228,322,74,0,18,194,283,102,0,39
12,8,18,2,9,2475,DL,LAX,14,228,322,74,0,18,194,283,102,0,39
0,8,18,2,17,2475,AA,LAX,14,228,322,74,0,18,194,283,102,0,39
2,8,18,2,11,2475,AA,LAX,14,228,322,74,0,18,194,283,102,0,39
-6,8,18,2,11,2475,B6,LAX,14,228,322,74,0,18,194,283,102,0,39
-1,8,18,2,16,2475,AA,LAX,14,228,322,74,0,18,194,283,102,0,39
1,8,18,2,18,2475,AA,LAX,14,228,322,74,0,18,194,283,102,0,39
-5,8,18,2,9,2475,B6,LAX,14,228,322,74,0,18,194,283,102,0,39
-3,8,18,2,6,2475,AA,LAX,14,228,322,74,0,18,194,283,102,0,39
8,8,18,2,9,2475,AA,LAX,14,228,322,74,0,18,194,283,102,0,39
9,8,18,2,12,2475,B6,LAX,14,228,322,74,0,18,194,283,102,0,39
25,8,18,2,13,2475,DL,LAX,14,228,322,74,0,18,194,283,102,0,39
-1,8,18,2,15,2475,DL,LAX,14,228,322,74,0,18,194,283,102,0,39
-3,8,18,2,16,2475,B6,LAX,14,228,322,74,0,18,194,283,102,0,39
5,8,18,2,8,2475,B6,LAX,14,228,322,74,0,18,194,283,102,0,39
-3,8,18,2,18,2475,B6,LAX,14,228,322,74,0,18,194,283,102,0,39
-1,8,18,2,19,2475,AA,LAX,14,228,322,74,0,18,194,283,102,0,39
-9,8,18,2,10,2475,AA,LAX,14,228,322,74,0,18,194,283,102,0,39
7,8,18,2,21,2475,AA,LAX,14,228,322,74,0,18,194,283,102,0,39
-1,8,18,2,6,2475,B6,LAX,14,228,322,74,0,18,194,283,102,0,39
-3,8,18,2,15,2475,AA,LAX,14,228,322,74,0,18,194,283,102,0,39
-3,8,18,2,8,2475,DL,LAX,14,228,322,74,0,18,194,283,102,0,39
-2,8,18,2,17,2475,UA,LAX,14,228,322,74,0,18,194,283,102,0,39
-3,8,18,2,13,2475,VX,LAX,14,228,322,74,0,18,194,283,102,0,39
-3,8,18,2,9,2475,VX,LAX,14,228,322,74,0,18,194,283,102,0,39
-3,8,18,2,7,2475,VX,LAX,14,228,322,74,0,18,194,283,102,0,39
92,8,18,2,19,2475,UA,LAX,14,228,322,74,0,18,194,283,102,0,39
0,8,18,2,8,2475,UA,LAX,14,228,322,74,0,18,194,283,102,0,39
2,8,18,2,6,2475,UA,LAX,14,228,322,74,0,18,194,283,102,0,39
-9,8,18,2,16,2475,VX,LAX,14,228,322,74,0,18,194,283,102,0,39
6,8,18,2,20,2475,VX,LAX,14,228,322,74,0,18,194,283,102,0,39
-5,8,18,2,14,2475,UA,LAX,14,228,322,74,0,18,194,283,102,0,39
0,8,18,2,11,2475,UA,LAX,14,228,322,74,0,18,194,283,102,0,39
32,8,31,1,13,2475,DL,LAX,1,244,328,0,0,20,156,294,0,0,12
-4,8,31,1,15,2475,DL,LAX,1,244,328,0,0,20,156,294,0,0,12
-1,8,31,1,8,2475,DL,LAX,1,244,328,0,0,20,156,294,0,0,12
83,8,31,1,18,2475,DL,LAX,1,244,328,0,0,20,156,294,0,0,12
-1,8,31,1,20,2475,DL,LAX,1,244,328,0,0,20,156,294,0,0,12
-5,8,31,1,7,2475,DL,LAX,1,244,328,0,0,20,156,294,0,0,12
-5,8,31,1,12,2475,DL,LAX,1,244,328,0,0,20,156,294,0,0,12
-6,8,31,1,9,2475,DL,LAX,1,244,328,0,0,20,156,294,0,0,12
17,8,31,1,17,2475,DL,LAX,1,244,328,0,0,20,156,294,0,0,12
-4,8,31,1,8,2475,B6,LAX,1,244,328,0,0,20,156,294,0,0,12
-3,8,31,1,6,2475,B6,LAX,1,244,328,0,0,20,156,294,0,0,12
-6,8,31,1,20,2475,VX,LAX,1,244,328,0,0,20,156,294,0,0,12
-3,8,31,1,16,2475,VX,LAX,1,244,328,0,0,20,156,294,0,0,12
-5,8,31,1,13,2475,VX,LAX,1,244,328,0,0,20,156,294,0,0,12
-8,8,31,1,9,2475,VX,LAX,1,244,328,0,0,20,156,294,0,0,12
-5,8,31,1,7,2475,VX,LAX,1,244,328,0,0,20,156,294,0,0,12
-10,8,31,1,14,2475,UA,LAX,1,244,328,0,0,20,156,294,0,0,12
-6,8,31,1,11,2475,UA,LAX,1,244,328,0,0,20,156,294,0,0,12
-7,8,31,1,17,2475,UA,LAX,1,244,328,0,0,20,156,294,0,0,12
-5,8,31,1,19,2475,UA,LAX,1,244,328,0,0,20,156,294,0,0,12
-7,8,31,1,8,2475,UA,LAX,1,244,328,0,0,20,156,294,0,0,12
-11,8,31,1,6,2475,UA,LAX,1,244,328,0,0,20,156,294,0,0,12
-4,8,31,1,7,2475,AA,LAX,1,244,328,0,0,20,156,294,0,0,12
3,8,31,1,21,2475,B6,LAX,1,244,328,0,0,20,156,294,0,0,12
-5,8,31,1,18,2475,B6,LAX,1,244,328,0,0,20,156,294,0,0,12
-2,8,31,1,12,2475,B6,LAX,1,244,328,0,0,20,156,294,0,0,12
7,8,31,1,15,2475,AA,LAX,1,244,328,0,0,20,156,294,0,0,12
-3,8,31,1,11,2475,B6,LAX,1,244,328,0,0,20,156,294,0,0,12
-5,8,31,1,9,2475,B6,LAX,1,244,328,0,0,20,156,294,0,0,12
-6,8,31,1,16,2475,AA,LAX,1,244,328,0,0,20,156,294,0,0,12
-5,8,31,1,12,2475,AA,LAX,1,244,328,0,0,20,156,294,0,0,12
-8,8,31,1,21,2475,AA,LAX,1,244,328,0,0,20,156,294,0,0,12
-4,8,31,1,9,2475,AA,LAX,1,244,328,0,0,20,156,294,0,0,12
-5,8,31,1,10,2475,AA,LAX,1,244,328,0,0,20,156,294,0,0,12
2,8,31,1,17,2475,AA,LAX,1,244,328,0,0,20,156,294,0,0,12
-4,8,31,1,11,2475,AA,LAX,1,244,328,0,0,20,156,294,0,0,12
-1,8,31,1,16,2475,B6,LAX,1,244,328,0,0,20,156,294,0,0,12
-8,8,31,1,19,2475,AA,LAX,1,244,328,0,0,20,156,294,0,0,12
-2,8,31,1,18,2475,AA,LAX,1,244,328,0,0,20,156,294,0,0,12
-4,8,31,1,6,2475,AA,LAX,1,244,328,0,0,20,156,294,0,0,12
67,9,2,3,18,2475,AA,LAX,1,233,328,0,0,8,222,322,0,0,33
26,9,2,3,7,2475,AA,LAX,1,233,328,0,0,8,222,322,0,0,33
12,9,2,3,16,2475,AA,LAX,1,233,328,0,0,8,222,322,0,0,33
125,9,2,3,17,2475,AA,LAX,1,233,328,0,0,8,222,322,0,0,33
-5,9,2,3,11,2475,AA,LAX,1,233,328,0,0,8,222,322,0,0,33
-9,9,2,3,6,2475,AA,LAX,1,233,328,0,0,8,222,322,0,0,33
-7,9,2,3,15,2475,AA,LAX,1,233,328,0,0,8,222,322,0,0,33
-7,9,2,3,19,2475,AA,LAX,1,233,328,0,0,8,222,322,0,0,33
-9,9,2,3,12,2475,AA,LAX,1,233,328,0,0,8,222,322,0,0,33
-6,9,2,3,9,2475,AA,LAX,1,233,328,0,0,8,222,322,0,0,33
-5,9,2,3,21,2475,AA,LAX,1,233,328,0,0,8,222,322,0,0,33
30,9,2,3,10,2475,AA,LAX,1,233,328,0,0,8,222,322,0,0,33
-2,9,2,3,14,2475,UA,LAX,1,233,328,0,0,8,222,322,0,0,33
-7,9,2,3,13,2475,VX,LAX,1,233,328,0,0,8,222,322,0,0,33
-6,9,2,3,17,2475,UA,LAX,1,233,328,0,0,8,222,322,0,0,33
0,9,2,3,18,2475,B6,LAX,1,233,328,0,0,8,222,322,0,0,33
-10,9,2,3,9,2475,VX,LAX,1,233,328,0,0,8,222,322,0,0,33
-3,9,2,3,21,2475,B6,LAX,1,233,328,0,0,8,222,322,0,0,33
-6,9,2,3,7,2475,VX,LAX,1,233,328,0,0,8,222,322,0,0,33
-6,9,2,3,16,2475,B6,LAX,1,233,328,0,0,8,222,322,0,0,33
-6,9,2,3,8,2475,B6,LAX,1,233,328,0,0,8,222,322,0,0,33
-1,9,2,3,14,2475,DL,LAX,1,233,328,0,0,8,222,322,0,0,33
-5,9,2,3,7,2475,DL,LAX,1,233,328,0,0,8,222,322,0,0,33
-9,9,2,3,15,2475,DL,LAX,1,233,328,0,0,8,222,322,0,0,33
-4,9,2,3,12,2475,B6,LAX,1,233,328,0,0,8,222,322,0,0,33
-5,9,2,3,8,2475,DL,LAX,1,233,328,0,0,8,222,322,0,0,33
3,9,2,3,18,2475,DL,LAX,1,233,328,0,0,8,222,322,0,0,33
-5,9,2,3,11,2475,B6,LAX,1,233,328,0,0,8,222,322,0,0,33
-7,9,2,3,6,2475,B6,LAX,1,233,328,0,0,8,222,322,0,0,33
-6,9,2,3,8,2475,UA,LAX,1,233,328,0,0,8,222,322,0,0,33
-2,9,2,3,11,2475,UA,LAX,1,233,328,0,0,8,222,322,0,0,33
-7,9,2,3,6,2475,UA,LAX,1,233,328,0,0,8,222,322,0,0,33
-5,9,2,3,17,2475,DL,LAX,1,233,328,0,0,8,222,322,0,0,33
-7,9,2,3,9,2475,B6,LAX,1,233,328,0,0,8,222,322,0,0,33
1,9,2,3,21,2475,DL,LAX,1,233,328,0,0,8,222,322,0,0,33
1,9,2,3,19,2475,UA,LAX,1,233,328,0,0,8,222,322,0,0,33
-10,9,2,3,20,2475,VX,LAX,1,233,328,0,0,8,222,322,0,0,33
-8,9,2,3,16,2475,VX,LAX,1,233,328,0,0,8,222,322,0,0,33
0,9,14,1,20,2475,B6,LAX,13,150,250,0,0,29,111,278,0,0,58
-3,9,14,1,18,2475,DL,LAX,13,150,250,0,0,29,111,278,0,0,58
-7,9,14,1,7,2475,DL,LAX,13,150,250,0,0,29,111,278,0,0,58
164,9,14,1,21,2475,DL,LAX,13,150,250,0,0,29,111,278,0,0,58
-4,9,14,1,17,2475,DL,LAX,13,150,250,0,0,29,111,278,0,0,58
30,9,14,1,13,2475,DL,LAX,13,150,250,0,0,29,111,278,0,0,58
-6,9,14,1,9,2475,B6,LAX,13,150,250,0,0,29,111,278,0,0,58
5,9,14,1,15,2475,DL,LAX,13,150,250,0,0,29,111,278,0,0,58
-5,9,14,1,17,2475,B6,LAX,13,150,250,0,0,29,111,278,0,0,58
-2,9,14,1,11,2475,B6,LAX,13,150,250,0,0,29,111,278,0,0,58
-7,9,14,1,20,2475,VX,LAX,13,150,250,0,0,29,111,278,0,0,58
-7,9,14,1,16,2475,VX,LAX,13,150,250,0,0,29,111,278,0,0,58
-5,9,14,1,13,2475,VX,LAX,13,150,250,0,0,29,111,278,0,0,58
-1,9,14,1,9,2475,VX,LAX,13,150,250,0,0,29,111,278,0,0,58
-2,9,14,1,19,2475,B6,LAX,13,150,250,0,0,29,111,278,0,0,58
-2,9,14,1,7,2475,VX,LAX,13,150,250,0,0,29,111,278,0,0,58
-5,9,14,1,7,2475,B6,LAX,13,150,250,0,0,29,111,278,0,0,58
271,9,14,1,6,2475,UA,LAX,13,150,250,0,0,29,111,278,0,0,58
-7,9,14,1,8,2475,UA,LAX,13,150,250,0,0,29,111,278,0,0,58
4,9,14,1,13,2475,B6,LAX,13,150,250,0,0,29,111,278,0,0,58
22,9,14,1,19,2475,UA,LAX,13,150,250,0,0,29,111,278,0,0,58
154,9,14,1,17,2475,UA,LAX,13,150,250,0,0,29,111,278,0,0,58
-5,9,14,1,11,2475,UA,LAX,13,150,250,0,0,29,111,278,0,0,58
-4,9,14,1,14,2475,UA,LAX,13,150,250,0,0,29,111,278,0,0,58
-8,9,14,1,18,2475,AA,LAX,13,150,250,0,0,29,111,278,0,0,58
-7,9,14,1,10,2475,AA,LAX,13,150,250,0,0,29,111,278,0,0,58
-6,9,14,1,16,2475,AA,LAX,13,150,250,0,0,29,111,278,0,0,58
-4,9,14,1,6,2475,AA,LAX,13,150,250,0,0,29,111,278,0,0,58
-3,9,14,1,8,2475,AA,LAX,13,150,250,0,0,29,111,278,0,0,58
-9,9,14,1,12,2475,AA,LAX,13,150,250,0,0,29,111,278,0,0,58
-6,9,14,1,11,2475,AA,LAX,13,150,250,0,0,29,111,278,0,0,58
-7,9,14,1,9,2475,AA,LAX,13,150,250,0,0,29,111,278,0,0,58
-6,9,14,1,20,2475,AA,LAX,13,150,250,0,0,29,111,278,0,0,58
-3,9,14,1,15,2475,AA,LAX,13,150,250,0,0,29,111,278,0,0,58
1,9,14,1,17,2475,AA,LAX,13,150,250,0,0,29,111,278,0,0,58
-6,9,26,6,12,2475,AA,LAX,17,161,222,0,0,27,156,239,0,0,34
-4,9,26,6,18,2475,AA,LAX,17,161,222,0,0,27,156,239,0,0,34
-4,9,26,6,8,2475,AA,LAX,17,161,222,0,0,27,156,239,0,0,34
-4,9,26,6,10,2475,AA,LAX,17,161,222,0,0,27,156,239,0,0,34
-4,9,26,6,20,2475,AA,LAX,17,161,222,0,0,27,156,239,0,0,34
98,9,26,6,11,2475,AA,LAX,17,161,222,0,0,27,156,239,0,0,34
-7,9,26,6,15,2475,AA,LAX,17,161,222,0,0,27,156,239,0,0,34
-5,9,26,6,13,2475,VX,LAX,17,161,222,0,0,27,156,239,0,0,34
-5,9,26,6,7,2475,B6,LAX,17,161,222,0,0,27,156,239,0,0,34
-1,9,26,6,11,2475,UA,LAX,17,161,222,0,0,27,156,239,0,0,34
-1,9,26,6,9,2475,B6,LAX,17,161,222,0,0,27,156,239,0,0,34
-3,9,26,6,14,2475,UA,LAX,17,161,222,0,0,27,156,239,0,0,34
10,9,26,6,8,2475,UA,LAX,17,161,222,0,0,27,156,239,0,0,34
0,9,26,6,13,2475,B6,LAX,17,161,222,0,0,27,156,239,0,0,34
-4,9,26,6,19,2475,B6,LAX,17,161,222,0,0,27,156,239,0,0,34
-1,9,26,6,11,2475,B6,LAX,17,161,222,0,0,27,156,239,0,0,34
-6,9,26,6,9,2475,VX,LAX,17,161,222,0,0,27,156,239,0,0,34
-7,9,26,6,7,2475,VX,LAX,17,161,222,0,0,27,156,239,0,0,34
-7,9,26,6,20,2475,VX,LAX,17,161,222,0,0,27,156,239,0,0,34
-3,9,26,6,17,2475,B6,LAX,17,161,222,0,0,27,156,239,0,0,34
-5,9,26,6,6,2475,UA,LAX,17,161,222,0,0,27,156,239,0,0,34
67,9,26,6,18,2475,UA,LAX,17,161,222,0,0,27,156,239,0,0,34
-1,9,26,6,16,2475,VX,LAX,17,161,222,0,0,27,156,239,0,0,34
4,9,26,6,20,2475,B6,LAX,17,161,222,0,0,27,156,239,0,0,34
6,9,26,6,15,2475,DL,LAX,17,161,222,0,0,27,156,239,0,0,34
-1,9,26,6,13,2475,DL,LAX,17,161,222,0,0,27,156,239,0,0,34
-3,9,26,6,8,2475,DL,LAX,17,161,222,0,0,27,156,239,0,0,34
9,9,26,6,17,2475,DL,LAX,17,161,222,0,0,27,156,239,0,0,34
1,9,26,6,12,2475,DL,LAX,17,161,222,0,0,27,156,239,0,0,34
9,9,26,6,18,2475,DL,LAX,17,161,222,0,0,27,156,239,0,0,34
