-4,1,18,3,17,2475,UA,LAX,3,-44,122,0,0,47,-122,-33,0,0,48
-6,1,18,3,11,2475,UA,LAX,3,-44,122,0,0,47,-122,-33,0,0,48
-1,1,18,3,15,2475,UA,LAX,3,-44,122,0,0,47,-122,-33,0,0,48
-3,1,18,3,20,2475,UA,LAX,3,-44,122,0,0,47,-122,-33,0,0,48
-3,1,18,3,8,2475,UA,LAX,3,-44,122,0,0,47,-122,-33,0,0,48
-6,1,18,3,6,2475,UA,LAX,3,-44,122,0,0,47,-122,-33,0,0,48
-5,1,18,3,19,2475,DL,LAX,3,-44,122,0,0,47,-122,-33,0,0,48
1,1,18,3,9,2475,DL,LAX,3,-44,122,0,0,47,-122,-33,0,0,48
-2,1,18,3,12,2475,DL,LAX,3,-44,122,0,0,47,-122,-33,0,0,48
-5,1,18,3,21,2475,DL,LAX,3,-44,122,0,0,47,-122,-33,0,0,48
-2,1,18,3,17,2475,DL,LAX,3,-44,122,0,0,47,-122,-33,0,0,48
20,1,18,3,15,2475,DL,LAX,3,-44,122,0,0,47,-122,-33,0,0,48
-1,1,18,3,11,2475,VX,LAX,3,-44,122,0,0,47,-122,-33,0,0,48
-5,1,18,3,19,2475,AA,LAX,3,-44,122,0,0,47,-122,-33,0,0,48
-2,1,18,3,7,2475,B6,LAX,3,-44,122,0,0,47,-122,-33,0,0,48
-6,1,18,3,10,2475,AA,LAX,3,-44,122,0,0,47,-122,-33,0,0,48
27,1,18,3,16,2475,VX,LAX,3,-44,122,0,0,47,-122,-33,0,0,48
32,1,18,3,20,2475,VX,LAX,3,-44,122,0,0,47,-122,-33,0,0,48
-7,1,18,3,13,2475,AA,LAX,3,-44,122,0,0,47,-122,-33,0,0,48
-4,1,18,3,11,2475,B6,LAX,3,-44,122,0,0,47,-122,-33,0,0,48
-10,1,18,3,16,2475,AA,LAX,3,-44,122,0,0,47,-122,-33,0,0,48
0,1,18,3,9,2475,AA,LAX,3,-44,122,0,0,47,-122,-33,0,0,48
-4,1,18,3,13,2475,VX,LAX,3,-44,122,0,0,47,-122,-33,0,0,48
1,1,18,3,16,2475,B6,LAX,3,-44,122,0,0,47,-122,-33,0,0,48
-3,1,18,3,20,2475,B6,LAX,3,-44,122,0,0,47,-122,-33,0,0,48
-8,1,18,3,21,2475,AA,LAX,3,-44,122,0,0,47,-122,-33,0,0,48
-6,1,18,3,6,2475,AA,LAX,3,-44,122,0,0,47,-122,-33,0,0,48
-1,1,18,3,7,2475,VX,LAX,3,-44,122,0,0,47,-122,-33,0,0,48
-7,1,18,3,9,2475,VX,LAX,3,-44,122,0,0,47,-122,-33,0,0,48
-6,1,18,3,15,2475,AA,LAX,3,-44,122,0,0,47,-122,-33,0,0,48
-4,1,18,3,12,2475,AA,LAX,3,-44,122,0,0,47,-122,-33,0,0,48
-5,1,23,1,11,2475,UA,LAX,2,11,117,94,0,33,-11,78,74,0,75
123,1,23,1,17,2475,UA,LAX,2,11,117,94,0,33,-11,78,74,0,75
203,1,23,1,20,2475,UA,LAX,2,11,117,94,0,33,-11,78,74,0,75
-4,1,23,1,6,2475,UA,LAX,2,11,117,94,0,33,-11,78,74,0,75
-4,1,23,1,8,2475,UA,LAX,2,11,117,94,0,33,-11,78,74,0,75
-4,1,23,1,15,2475,UA,LAX,2,11,117,94,0,33,-11,78,74,0,75
-3,1,23,1,13,2475,VX,LAX,2,11,117,94,0,33,-11,78,74,0,75
-8,1,23,1,7,2475,VX,LAX,2,11,117,94,0,33,-11,78,74,0,75
77,1,23,1,20,2475,VX,LAX,2,11,117,94,0,33,-11,78,74,0,75
-8,1,23,1,10,2475,AA,LAX,2,11,117,94,0,33,-11,78,74,0,75
-10,1,23,1,12,2475,AA,LAX,2,11,117,94,0,33,-11,78,74,0,75
-2,1,23,1,7,2475,B6,LAX,2,11,117,94,0,33,-11,78,74,0,75
9,1,23,1,16,2475,VX,LAX,2,11,117,94,0,33,-11,78,74,0,75
-1,1,23,1,16,2475,AA,LAX,2,11,117,94,0,33,-11,78,74,0,75
-6,1,23,1,6,2475,AA,LAX,2,11,117,94,0,33,-11,78,74,0,75
-4,1,23,1,13,2475,AA,LAX,2,11,117,94,0,33,-11,78,74,0,75
-1,1,23,1,11,2475,B6,LAX,2,11,117,94,0,33,-11,78,74,0,75
-7,1,23,1,9,2475,AA,LAX,2,11,117,94,0,33,-11,78,74,0,75
-1,1,23,1,19,2475,AA,LAX,2,11,117,94,0,33,-11,78,74,0,75
-5,1,23,1,16,2475,B6,LAX,2,11,117,94,0,33,-11,78,74,0,75
62,1,23,1,11,2475,VX,LAX,2,11,117,94,0,33,-11,78,74,0,75
6,1,23,1,9,2475,VX,LAX,2,11,117,94,0,33,-11,78,74,0,75
-8,1,23,1,15,2475,AA,LAX,2,11,117,94,0,33,-11,78,74,0,75
-2,1,23,1,21,2475,AA,LAX,2,11,117,94,0,33,-11,78,74,0,75
-2,1,23,1,20,2475,B6,LAX,2,11,117,94,0,33,-11,78,74,0,75
1,1,23,1,21,2475,DL,LAX,2,11,117,94,0,33,-11,78,74,0,75
-3,1,23,1,19,2475,DL,LAX,2,11,117,94,0,33,-11,78,74,0,75
-8,1,23,1,15,2475,DL,LAX,2,11,117,94,0,33,-11,78,74,0,75
-5,1,23,1,12,2475,DL,LAX,2,11,117,94,0,33,-11,78,74,0,75
-3,1,23,1,7,2475,DL,LAX,2,11,117,94,0,33,-11,78,74,0,75
-4,1,23,1,9,2475,DL,LAX,2,11,117,94,0,33,-11,78,74,0,75
-8,1,23,1,17,2475,DL,LAX,2,11,117,94,0,33,-11,78,74,0,75
-3,2,1,3,7,2475,B6,LAX,11,89,167,8,0,36,0,89,0,0,23
1,2,1,3,12,2475,AA,LAX,11,89,167,8,0,36,0,89,0,0,23
-5,2,1,3,9,2475,AA,LAX,11,89,167,8,0,36,0,89,0,0,23
-3,2,1,3,6,2475,AA,LAX,11,89,167,8,0,36,0,89,0,0,23
-2,2,1,3,21,2475,AA,LAX,11,89,167,8,0,36,0,89,0,0,23
-6,2,1,3,19,2475,DL,LAX,11,89,167,8,0,36,0,89,0,0,23
-4,2,1,3,21,2475,DL,LAX,11,89,167,8,0,36,0,89,0,0,23
-5,2,1,3,15,2475,DL,LAX,11,89,167,8,0,36,0,89,0,0,23
-7,2,1,3,12,2475,DL,LAX,11,89,167,8,0,36,0,89,0,0,23
-5,2,1,3,9,2475,DL,LAX,11,89,167,8,0,36,0,89,0,0,23
-4,2,1,3,17,2475,DL,LAX,11,89,167,8,0,36,0,89,0,0,23
-6,2,1,3,16,2475,AA,LAX,11,89,167,8,0,36,0,89,0,0,23
-5,2,1,3,19,2475,AA,LAX,11,89,167,8,0,36,0,89,0,0,23
-8,2,1,3,15,2475,AA,LAX,11,89,167,8,0,36,0,89,0,0,23
-8,2,1,3,10,2475,AA,LAX,11,89,167,8,0,36,0,89,0,0,23
-6,2,1,3,13,2475,AA,LAX,11,89,167,8,0,36,0,89,0,0,23
-5,2,1,3,20,2475,B6,LAX,11,89,167,8,0,36,0,89,0,0,23
-9,2,1,3,16,2475,B6,LAX,11,89,167,8,0,36,0,89,0,0,23
-2,2,1,3,11,2475,B6,LAX,11,89,167,8,0,36,0,89,0,0,23
-5,2,1,3,20,2475,UA,LAX,11,89,167,8,0,36,0,89,0,0,23
0,2,1,3,8,2475,UA,LAX,11,89,167,8,0,36,0,89,0,0,23
4,2,1,3,13,2475,VX,LAX,11,89,167,8,0,36,0,89,0,0,23
-3,2,1,3,17,2475,UA,LAX,11,89,167,8,0,36,0,89,0,0,23
-4,2,1,3,20,2475,VX,LAX,11,89,167,8,0,36,0,89,0,0,23
-3,2,1,3,16,2475,VX,LAX,11,89,167,8,0,36,0,89,0,0,23
-1,2,1,3,11,2475,VX,LAX,11,89,167,8,0,36,0,89,0,0,23
4,2,1,3,9,2475,VX,LAX,11,89,167,8,0,36,0,89,0,0,23
-2,2,1,3,7,2475,VX,LAX,11,89,167,8,0,36,0,89,0,0,23
0,2,1,3,15,2475,UA,LAX,11,89,167,8,0,36,0,89,0,0,23
-7,2,1,3,11,2475,UA,LAX,11,89,167,8,0,36,0,89,0,0,23
-4,2,1,3,6,2475,UA,LAX,11,89,167,8,0,36,0,89,0,0,23
-3,2,19,7,15,2475,UA,LAX,1,17,67,0,0,31,-44,33,0,0,25
0,2,19,7,17,2475,UA,LAX,1,17,67,0,0,31,-44,33,0,0,25
-2,2,19,7,16,2475,VX,LAX,1,17,67,0,0,31,-44,33,0,0,25
-1,2,19,7,7,2475,VX,LAX,1,17,67,0,0,31,-44,33,0,0,25
-4,2,19,7,9,2475,VX,LAX,1,17,67,0,0,31,-44,33,0,0,25
-6,2,19,7,11,2475,UA,LAX,1,17,67,0,0,31,-44,33,0,0,25
2,2,19,7,11,2475,VX,LAX,1,17,67,0,0,31,-44,33,0,0,25
0,2,19,7,13,2475,VX,LAX,1,17,67,0,0,31,-44,33,0,0,25
3,2,19,7,20,2475,VX,LAX,1,17,67,0,0,31,-44,33,0,0,25
-1,2,19,7,8,2475,UA,LAX,1,17,67,0,0,31,-44,33,0,0,25
-9,2,19,7,20,2475,UA,LAX,1,17,67,0,0,31,-44,33,0,0,25
0,2,19,7,15,2475,AA,LAX,1,17,67,0,0,31,-44,33,0,0,25
-3,2,19,7,16,2475,AA,LAX,1,17,67,0,0,31,-44,33,0,0,25
0,2,19,7,9,2475,DL,LAX,1,17,67,0,0,31,-44,33,0,0,25
-4,2,19,7,9,2475,AA,LAX,1,17,67,0,0,31,-44,33,0,0,25
-6,2,19,7,12,2475,DL,LAX,1,17,67,0,0,31,-44,33,0,0,25
-4,2,19,7,10,2475,AA,LAX,1,17,67,0,0,31,-44,33,0,0,25
-6,2,19,7,15,2475,DL,LAX,1,17,67,0,0,31,-44,33,0,0,25
-5,2,19,7,19,2475,DL,LAX,1,17,67,0,0,31,-44,33,0,0,25
-8,2,19,7,21,2475,AA,LAX,1,17,67,0,0,31,-44,33,0,0,25
-5,2,19,7,7,2475,AA,LAX,1,17,67,0,0,31,-44,33,0,0,25
0,2,19,7,7,2475,B6,LAX,1,17,67,0,0,31,-44,33,0,0,25
-3,2,19,7,9,2475,B6,LAX,1,17,67,0,0,31,-44,33,0,0,25
45,2,19,7,16,2475,B6,LAX,1,17,67,0,0,31,-44,33,0,0,25
-8,2,19,7,20,2475,B6,LAX,1,17,67,0,0,31,-44,33,0,0,25
-6,2,19,7,12,2475,AA,LAX,1,17,67,0,0,31,-44,33,0,0,25
-2,2,19,7,17,2475,DL,LAX,1,17,67,0,0,31,-44,33,0,0,25
-5,2,19,7,7,2475,AA,LAX,1,17,67,0,0,31,-44,33,0,0,25
-2,2,24,5,9,2475,B6,LAX,6,22,78,152,0,36,-33,17,137,89,72
-5,2,24,5,12,2475,DL,LAX,6,22,78,152,0,36,-33,17,137,89,72
-5,2,24,5,21,2475,AA,LAX,6,22,78,152,0,36,-33,17,137,89,72
-1,2,24,5,19,2475,DL,LAX,6,22,78,152,0,36,-33,17,137,89,72
-2,2,24,5,9,2475,DL,LAX,6,22,78,152,0,36,-33,17,137,89,72
-5,2,24,5,17,2475,DL,LAX,6,22,78,152,0,36,-33,17,137,89,72
-2,2,24,5,16,2475,B6,LAX,6,22,78,152,0,36,-33,17,137,89,72
-3,2,24,5,7,2475,B6,LAX,6,22,78,152,0,36,-33,17,137,89,72
-6,2,24,5,15,2475,AA,LAX,6,22,78,152,0,36,-33,17,137,89,72
-5,2,24,5,15,2475,DL,LAX,6,22,78,152,0,36,-33,17,137,89,72
45,2,24,5,21,2475,DL,LAX,6,22,78,152,0,36,-33,17,137,89,72
-9,2,24,5,12,2475,AA,LAX,6,22,78,152,0,36,-33,17,137,89,72
219,2,24,5,19,2475,AA,LAX,6,22,78,152,0,36,-33,17,137,89,72
-2,2,24,5,7,2475,AA,LAX,6,22,78,152,0,36,-33,17,137,89,72
-5,2,24,5,10,2475,AA,LAX,6,22,78,152,0,36,-33,17,137,89,72
75,2,24,5,9,2475,AA,LAX,6,22,78,152,0,36,-33,17,137,89,72
35,2,24,5,20,2475,B6,LAX,6,22,78,152,0,36,-33,17,137,89,72
-4,2,24,5,13,2475,AA,LAX,6,22,78,152,0,36,-33,17,137,89,72
-5,2,24,5,7,2475,AA,LAX,6,22,78,152,0,36,-33,17,137,89,72
-3,2,24,5,16,2475,AA,LAX,6,22,78,152,0,36,-33,17,137,89,72
141,2,24,5,6,2475,UA,LAX,6,22,78,152,0,36,-33,17,137,89,72
-4,2,24,5,17,2475,UA,LAX,6,22,78,152,0,36,-33,17,137,89,72
61,2,24,5,20,2475,VX,LAX,6,22,78,152,0,36,-33,17,137,89,72
0,2,24,5,16,2475,VX,LAX,6,22,78,152,0,36,-33,17,137,89,72
0,2,24,5,13,2475,VX,LAX,6,22,78,152,0,36,-33,17,137,89,72
4,2,24,5,11,2475,VX,LAX,6,22,78,152,0,36,-33,17,137,89,72
1,2,24,5,9,2475,VX,LAX,6,22,78,152,0,36,-33,17,137,89,72
9,2,24,5,7,2475,VX,LAX,6,22,78,152,0,36,-33,17,137,89,72
121,2,24,5,20,2475,UA,LAX,6,22,78,152,0,36,-33,17,137,89,72
4,2,24,5,15,2475,UA,LAX,6,22,78,152,0,36,-33,17,137,89,72
1,2,24,5,11,2475,UA,LAX,6,22,78,152,0,36,-33,17,137,89,72
75,2,24,5,8,2475,UA,LAX,6,22,78,152,0,36,-33,17,137,89,72
1,3,2,5,7,2475,AA,LAX,13,6,56,41,0,36,11,44,48,0,63
-6,3,2,5,12,2475,DL,LAX,13,6,56,41,0,36,11,44,48,0,63
-10,3,2,5,19,2475,AA,LAX,13,6,56,41,0,36,11,44,48,0,63
-7,3,2,5,9,2475,DL,LAX,13,6,56,41,0,36,11,44,48,0,63
-3,3,2,5,21,2475,AA,LAX,13,6,56,41,0,36,11,44,48,0,63
-4,3,2,5,7,2475,AA,LAX,13,6,56,41,0,36,11,44,48,0,63
-3,3,2,5,7,2475,B6,LAX,13,6,56,41,0,36,11,44,48,0,63
2,3,2,5,9,2475,B6,LAX,13,6,56,41,0,36,11,44,48,0,63
23,3,2,5,16,2475,B6,LAX,13,6,56,41,0,36,11,44,48,0,63
-4,3,2,5,20,2475,B6,LAX,13,6,56,41,0,36,11,44,48,0,63
-4,3,2,5,19,2475,DL,LAX,13,6,56,41,0,36,11,44,48,0,63
-2,3,2,5,15,2475,DL,LAX,13,6,56,41,0,36,11,44,48,0,63
-11,3,2,5,10,2475,AA,LAX,13,6,56,41,0,36,11,44,48,0,63
-3,3,2,5,17,2475,DL,LAX,13,6,56,41,0,36,11,44,48,0,63
-7,3,2,5,16,2475,AA,LAX,13,6,56,41,0,36,11,44,48,0,63
-6,3,2,5,15,2475,AA,LAX,13,6,56,41,0,36,11,44,48,0,63
-4,3,2,5,12,2475,AA,LAX,13,6,56,41,0,36,11,44,48,0,63
-6,3,2,5,7,2475,DL,LAX,13,6,56,41,0,36,11,44,48,0,63
-3,3,2,5,13,2475,AA,LAX,13,6,56,41,0,36,11,44,48,0,63
-7,3,2,5,9,2475,AA,LAX,13,6,56,41,0,36,11,44,48,0,63
4,3,2,5,16,2475,VX,LAX,13,6,56,41,0,36,11,44,48,0,63
-9,3,2,5,6,2475,UA,LAX,13,6,56,41,0,36,11,44,48,0,63
-6,3,2,5,11,2475,UA,LAX,13,6,56,41,0,36,11,44,48,0,63
-1,3,2,5,15,2475,UA,LAX,13,6,56,41,0,36,11,44,48,0,63
-2,3,2,5,17,2475,UA,LAX,13,6,56,41,0,36,11,44,48,0,63
-6,3,2,5,8,2475,UA,LAX,13,6,56,41,0,36,11,44,48,0,63
-2,3,2,5,20,2475,UA,LAX,13,6,56,41,0,36,11,44,48,0,63
-7,3,2,5,20,2475,VX,LAX,13,6,56,41,0,36,11,44,48,0,63
-3,3,2,5,7,2475,VX,LAX,13,6,56,41,0,36,11,44,48,0,63
-4,3,2,5,9,2475,VX,LAX,13,6,56,41,0,36,11,44,48,0,63
-2,3,2,5,11,2475,VX,LAX,13,6,56,41,0,36,11,44,48,0,63
-1,3,2,5,13,2475,VX,LAX,13,6,56,41,0,36,11,44,48,0,63
-3,3,25,7,8,2475,UA,LAX,36,72,111,15,0,31,61,217,0,0,38
-6,3,25,7,11,2475,UA,LAX,36,72,111,15,0,31,61,217,0,0,38
6,3,25,7,15,2475,UA,LAX,36,72,111,15,0,31,61,217,0,0,38
8,3,25,7,7,2475,VX,LAX,36,72,111,15,0,31,61,217,0,0,38
0,3,25,7,17,2475,UA,LAX,36,72,111,15,0,31,61,217,0,0,38
2,3,25,7,9,2475,VX,LAX,36,72,111,15,0,31,61,217,0,0,38
22,3,25,7,20,2475,VX,LAX,36,72,111,15,0,31,61,217,0,0,38
-5,3,25,7,16,2475,VX,LAX,36,72,111,15,0,31,61,217,0,0,38
3,3,25,7,13,2475,VX,LAX,36,72,111,15,0,31,61,217,0,0,38
3,3,25,7,11,2475,VX,LAX,36,72,111,15,0,31,61,217,0,0,38
-2,3,25,7,20,2475,UA,LAX,36,72,111,15,0,31,61,217,0,0,38
-4,3,25,7,10,2475,AA,LAX,36,72,111,15,0,31,61,217,0,0,38
-5,3,25,7,16,2475,B6,LAX,36,72,111,15,0,31,61,217,0,0,38
-6,3,25,7,16,2475,AA,LAX,36,72,111,15,0,31,61,217,0,0,38
-3,3,25,7,7,2475,AA,LAX,36,72,111,15,0,31,61,217,0,0,38
-4,3,25,7,15,2475,AA,LAX,36,72,111,15,0,31,61,217,0,0,38
11,3,25,7,20,2475,B6,LAX,36,72,111,15,0,31,61,217,0,0,38
-5,3,25,7,9,2475,AA,LAX,36,72,111,15,0,31,61,217,0,0,38
0,3,25,7,13,2475,AA,LAX,36,72,111,15,0,31,61,217,0,0,38
-3,3,25,7,9,2475,B6,LAX,36,72,111,15,0,31,61,217,0,0,38
-1,3,25,7,21,2475,AA,LAX,36,72,111,15,0,31,61,217,0,0,38
-5,3,25,7,7,2475,AA,LAX,36,72,111,15,0,31,61,217,0,0,38
-7,3,25,7,12,2475,AA,LAX,36,72,111,15,0,31,61,217,0,0,38
-4,3,25,7,7,2475,B6,LAX,36,72,111,15,0,31,61,217,0,0,38
-2,3,25,7,19,2475,AA,LAX,36,72,111,15,0,31,61,217,0,0,38
18,3,25,7,21,2475,DL,LAX,36,72,111,15,0,31,61,217,0,0,38
-5,3,25,7,15,2475,DL,LAX,36,72,111,15,0,31,61,217,0,0,38
-7,3,25,7,7,2475,DL,LAX,36,72,111,15,0,31,61,217,0,0,38
-2,3,25,7,9,2475,DL,LAX,36,72,111,15,0,31,61,217,0,0,38
9,3,25,7,17,2475,DL,LAX,36,72,111,15,0,31,61,217,0,0,38
0,3,25,7,12,2475,DL,LAX,36,72,111,15,0,31,61,217,0,0,38
-3,3,25,7,19,2475,DL,LAX,36,72,111,15,0,31,61,217,0,0,38
4,3,30,5,21,2475,AA,LAX,41,44,139,28,0,20,44,117,147,0,45
89,3,30,5,15,2475,AA,LAX,41,44,139,28,0,20,44,117,147,0,45
0,3,30,5,7,2475,B6,LAX,41,44,139,28,0,20,44,117,147,0,45
0,3,30,5,9,2475,B6,LAX,41,44,139,28,0,20,44,117,147,0,45
-4,3,30,5,16,2475,B6,LAX,41,44,139,28,0,20,44,117,147,0,45
-5,3,30,5,7,2475,AA,LAX,41,44,139,28,0,20,44,117,147,0,45
-2,3,30,5,20,2475,B6,LAX,41,44,139,28,0,20,44,117,147,0,45
-5,3,30,5,7,2475,AA,LAX,41,44,139,28,0,20,44,117,147,0,45
-9,3,30,5,12,2475,AA,LAX,41,44,139,28,0,20,44,117,147,0,45
-4,3,30,5,10,2475,AA,LAX,41,44,139,28,0,20,44,117,147,0,45
-4,3,30,5,9,2475,AA,LAX,41,44,139,28,0,20,44,117,147,0,45
-7,3,30,5,19,2475,AA,LAX,41,44,139,28,0,20,44,117,147,0,45
0,3,30,5,16,2475,AA,LAX,41,44,139,28,0,20,44,117,147,0,45
-4,3,30,5,13,2475,AA,LAX,41,44,139,28,0,20,44,117,147,0,45
-5,3,30,5,12,2475,DL,LAX,41,44,139,28,0,20,44,117,147,0,45
0,3,30,5,7,2475,DL,LAX,41,44,139,28,0,20,44,117,147,0,45
-4,3,30,5,15,2475,DL,LAX,41,44,139,28,0,20,44,117,147,0,45
8,3,30,5,21,2475,DL,LAX,41,44,139,28,0,20,44,117,147,0,45
7,3,30,5,19,2475,DL,LAX,41,44,139,28,0,20,44,117,147,0,45
8,3,30,5,17,2475,DL,LAX,41,44,139,28,0,20,44,117,147,0,45
-5,3,30,5,9,2475,DL,LAX,41,44,139,28,0,20,44,117,147,0,45
7,3,30,5,7,2475,VX,LAX,41,44,139,28,0,20,44,117,147,0,45
19,3,30,5,9,2475,VX,LAX,41,44,139,28,0,20,44,117,147,0,45
-1,3,30,5,11,2475,UA,LAX,41,44,139,28,0,20,44,117,147,0,45
-5,3,30,5,15,2475,UA,LAX,41,44,139,28,0,20,44,117,147,0,45
15,3,30,5,20,2475,VX,LAX,41,44,139,28,0,20,44,117,147,0,45
0,3,30,5,16,2475,VX,LAX,41,44,139,28,0,20,44,117,147,0,45
-1,3,30,5,13,2475,VX,LAX,41,44,139,28,0,20,44,117,147,0,45
-4,3,30,5,11,2475,VX,LAX,41,44,139,28,0,20,44,117,147,0,45
-1,3,30,5,17,2475,UA,LAX,41,44,139,28,0,20,44,117,147,0,45
-3,3,30,5,20,2475,UA,LAX,41,44,139,28,0,20,44,117,147,0,45
-1,3,30,5,6,2475,UA,LAX,41,44,139,28,0,20,44,117,147,0,45
1,3,30,5,8,2475,UA,LAX,41,44,139,28,0,20,44,117,147,0,45
2,4,3,2,20,2475,UA,LAX,45,44,178,0,0,26,89,211,0,0,50
0,4,3,2,8,2475,UA,LAX,45,44,178,0,0,26,89,211,0,0,50
48,4,3,2,20,2475,B6,LAX,45,44,178,0,0,26,89,211,0,0,50
-1,4,3,2,16,2475,B6,LAX,45,44,178,0,0,26,89,211,0,0,50
0,4,3,2,9,2475,B6,LAX,45,44,178,0,0,26,89,211,0,0,50
0,4,3,2,7,2475,B6,LAX,45,44,178,0,0,26,89,211,0,0,50
-1,4,3,2,19,2475,DL,LAX,45,44,178,0,0,26,89,211,0,0,50
-6,4,3,2,9,2475,DL,LAX,45,44,178,0,0,26,89,211,0,0,50
-5,4,3,2,17,2475,DL,LAX,45,44,178,0,0,26,89,211,0,0,50
-1,4,3,2,21,2475,DL,LAX,45,44,178,0,0,26,89,211,0,0,50
-3,4,3,2,15,2475,DL,LAX,45,44,178,0,0,26,89,211,0,0,50
-6,4,3,2,7,2475,DL,LAX,45,44,178,0,0,26,89,211,0,0,50
3,4,3,2,12,2475,DL,LAX,45,44,178,0,0,26,89,211,0,0,50
-7,4,3,2,6,2475,AA,LAX,45,44,178,0,0,26,89,211,0,0,50
-5,4,3,2,21,2475,AA,LAX,45,44,178,0,0,26,89,211,0,0,50
3,4,3,2,16,2475,AA,LAX,45,44,178,0,0,26,89,211,0,0,50
-1,4,3,2,15,2475,AA,LAX,45,44,178,0,0,26,89,211,0,0,50
-4,4,3,2,13,2475,AA,LAX,45,44,178,0,0,26,89,211,0,0,50
-2,4,3,2,7,2475,AA,LAX,45,44,178,0,0,26,89,211,0,0,50
20,4,3,2,19,2475,AA,LAX,45,44,178,0,0,26,89,211,0,0,50
-10,4,3,2,10,2475,AA,LAX,45,44,178,0,0,26,89,211,0,0,50
-9,4,3,2,12,2475,AA,LAX,45,44,178,0,0,26,89,211,0,0,50
-6,4,3,2,9,2475,AA,LAX,45,44,178,0,0,26,89,211,0,0,50
9,4,3,2,16,2475,VX,LAX,45,44,178,0,0,26,89,211,0,0,50
33,4,3,2,17,2475,UA,LAX,45,44,178,0,0,26,89,211,0,0,50
0,4,3,2,15,2475,UA,LAX,45,44,178,0,0,26,89,211,0,0,50
-2,4,3,2,6,2475,UA,LAX,45,44,178,0,0,26,89,211,0,0,50
0,4,3,2,11,2475,UA,LAX,45,44,178,0,0,26,89,211,0,0,50
15,4,3,2,20,2475,VX,LAX,45,44,178,0,0,26,89,211,0,0,50
28,4,3,2,9,2475,VX,LAX,45,44,178,0,0,26,89,211,0,0,50
45,4,3,2,7,2475,VX,LAX,45,44,178,0,0,26,89,211,0,0,50
6,4,3,2,11,2475,VX,LAX,45,44,178,0,0,26,89,211,0,0,50
11,4,3,2,13,2475,VX,LAX,45,44,178,0,0,26,89,211,0,0,50
-3,4,26,4,7,2475,VX,LAX,26,72,161,8,0,26,39,128,0,0,53
2,4,26,4,20,2475,VX,LAX,26,72,161,8,0,26,39,128,0,0,53
9,4,26,4,16,2475,VX,LAX,26,72,161,8,0,26,39,128,0,0,53
22,4,26,4,13,2475,VX,LAX,26,72,161,8,0,26,39,128,0,0,53
7,4,26,4,11,2475,VX,LAX,26,72,161,8,0,26,39,128,0,0,53
-5,4,26,4,9,2475,VX,LAX,26,72,161,8,0,26,39,128,0,0,53
8,4,26,4,7,2475,DL,LAX,26,72,161,8,0,26,39,128,0,0,53
-3,4,26,4,12,2475,DL,LAX,26,72,161,8,0,26,39,128,0,0,53
-2,4,26,4,15,2475,DL,LAX,26,72,161,8,0,26,39,128,0,0,53
6,4,26,4,17,2475,DL,LAX,26,72,161,8,0,26,39,128,0,0,53
-3,4,26,4,16,2475,AA,LAX,26,72,161,8,0,26,39,128,0,0,53
-2,4,26,4,15,2475,AA,LAX,26,72,161,8,0,26,39,128,0,0,53
-4,4,26,4,19,2475,AA,LAX,26,72,161,8,0,26,39,128,0,0,53
-3,4,26,4,19,2475,DL,LAX,26,72,161,8,0,26,39,128,0,0,53
-1,4,26,4,21,2475,DL,LAX,26,72,161,8,0,26,39,128,0,0,53
-7,4,26,4,12,2475,AA,LAX,26,72,161,8,0,26,39,128,0,0,53
-2,4,26,4,13,2475,AA,LAX,26,72,161,8,0,26,39,128,0,0,53
-6,4,26,4,9,2475,AA,LAX,26,72,161,8,0,26,39,128,0,0,53
-2,4,26,4,7,2475,AA,LAX,26,72,161,8,0,26,39,128,0,0,53
-5,4,26,4,7,2475,B6,LAX,26,72,161,8,0,26,39,128,0,0,53
11,4,26,4,9,2475,B6,LAX,26,72,161,8,0,26,39,128,0,0,53
-2,4,26,4,10,2475,AA,LAX,26,72,161,8,0,26,39,128,0,0,53
-1,4,26,4,21,2475,AA,LAX,26,72,161,8,0,26,39,128,0,0,53
-9,4,26,4,6,2475,AA,LAX,26,72,161,8,0,26,39,128,0,0,53
-1,4,26,4,16,2475,B6,LAX,26,72,161,8,0,26,39,128,0,0,53
17,4,26,4,20,2475,B6,LAX,26,72,161,8,0,26,39,128,0,0,53
-6,4,26,4,9,2475,DL,LAX,26,72,161,8,0,26,39,128,0,0,53
4,4,26,4,20,2475,UA,LAX,26,72,161,8,0,26,39,128,0,0,53
-4,4,26,4,15,2475,UA,LAX,26,72,161,8,0,26,39,128,0,0,53
-1,4,26,4,8,2475,UA,LAX,26,72,161,8,0,26,39,128,0,0,53
6,4,26,4,17,2475,UA,LAX,26,72,161,8,0,26,39,128,0,0,53
0,4,26,4,6,2475,UA,LAX,26,72,161,8,0,26,39,128,0,0,53
-7,4,26,4,11,2475,UA,LAX,26,72,161,8,0,26,39,128,0,0,53
-6,5,4,5,9,2475,DL,LAX,18,122,228,25,0,9,128,228,71,0,41
26,5,4,5,7,2475,DL,LAX,18,122,228,25,0,9,128,228,71,0,41
-4,5,4,5,10,2475,AA,LAX,18,122,228,25,0,9,128,228,71,0,41
-2,5,4,5,9,2475,B6,LAX,18,122,228,25,0,9,128,228,71,0,41
-4,5,4,5,20,2475,B6,LAX,18,122,228,25,0,9,128,228,71,0,41
18,5,4,5,7,2475,B6,LAX,18,122,228,25,0,9,128,228,71,0,41
-7,5,4,5,21,2475,AA,LAX,18,122,228,25,0,9,128,228,71,0,41
-3,5,4,5,12,2475,DL,LAX,18,122,228,25,0,9,128,228,71,0,41
-1,5,4,5,16,2475,B6,LAX,18,122,228,25,0,9,128,228,71,0,41
-7,5,4,5,15,2475,AA,LAX,18,122,228,25,0,9,128,228,71,0,41
12,5,4,5,15,2475,DL,LAX,18,122,228,25,0,9,128,228,71,0,41
32,5,4,5,9,2475,AA,LAX,18,122,228,25,0,9,128,228,71,0,41
-1,5,4,5,19,2475,AA,LAX,18,122,228,25,0,9,128,228,71,0,41
2,5,4,5,12,2475,AA,LAX,18,122,228,25,0,9,128,228,71,0,41
29,5,4,5,6,2475,AA,LAX,18,122,228,25,0,9,128,228,71,0,41
50,5,4,5,13,2475,AA,LAX,18,122,228,25,0,9,128,228,71,0,41
15,5,4,5,16,2475,AA,LAX,18,122,228,25,0,9,128,228,71,0,41
16,5,4,5,7,2475,AA,LAX,18,122,228,25,0,9,128,228,71,0,41
-8,5,4,5,17,2475,DL,LAX,18,122,228,25,0,9,128,228,71,0,41
13,5,4,5,21,2475,DL,LAX,18,122,228,25,0,9,128,228,71,0,41
100,5,4,5,19,2475,DL,LAX,18,122,228,25,0,9,128,228,71,0,41
-3,5,4,5,16,2475,VX,LAX,18,122,228,25,0,9,128,228,71,0,41
0,5,4,5,11,2475,VX,LAX,18,122,228,25,0,9,128,228,71,0,41
31,5,4,5,9,2475,VX,LAX,18,122,228,25,0,9,128,228,71,0,41
25,5,4,5,7,2475,VX,LAX,18,122,228,25,0,9,128,228,71,0,41
0,5,4,5,17,2475,UA,LAX,18,122,228,25,0,9,128,228,71,0,41
21,5,4,5,8,2475,UA,LAX,18,122,228,25,0,9,128,228,71,0,41
29,5,4,5,6,2475,UA,LAX,18,122,228,25,0,9,128,228,71,0,41
-1,5,4,5,13,2475,VX,LAX,18,122,228,25,0,9,128,228,71,0,41
-3,5,4,5,15,2475,UA,LAX,18,122,228,25,0,9,128,228,71,0,41
7,5,4,5,21,2475,UA,LAX,18,122,228,25,0,9,128,228,71,0,41
-6,5,4,5,11,2475,UA,LAX,18,122,228,25,0,9,128,228,71,0,41
6,5,4,5,20,2475,VX,LAX,18,122,228,25,0,9,128,228,71,0,41
-1,5,27,7,11,2475,VX,LAX,1,178,272,15,0,7,211,361,0,0,45
-5,5,27,7,7,2475,VX,LAX,1,178,272,15,0,7,211,361,0,0,45
-4,5,27,7,9,2475,VX,LAX,1,178,272,15,0,7,211,361,0,0,45
-4,5,27,7,13,2475,VX,LAX,1,178,272,15,0,7,211,361,0,0,45
-4,5,27,7,16,2475,VX,LAX,1,178,272,15,0,7,211,361,0,0,45
-4,5,27,7,20,2475,VX,LAX,1,178,272,15,0,7,211,361,0,0,45
37,5,27,7,12,2475,AA,LAX,1,178,272,15,0,7,211,361,0,0,45
-4,5,27,7,21,2475,AA,LAX,1,178,272,15,0,7,211,361,0,0,45
38,5,27,7,16,2475,AA,LAX,1,178,272,15,0,7,211,361,0,0,45
-3,5,27,7,8,2475,UA,LAX,1,178,272,15,0,7,211,361,0,0,45
-11,5,27,7,17,2475,UA,LAX,1,178,272,15,0,7,211,361,0,0,45
1,5,27,7,11,2475,UA,LAX,1,178,272,15,0,7,211,361,0,0,45
-1,5,27,7,15,2475,UA,LAX,1,178,272,15,0,7,211,361,0,0,45
-4,5,27,7,15,2475,AA,LAX,1,178,272,15,0,7,211,361,0,0,45
-4,5,27,7,17,2475,DL,LAX,1,178,272,15,0,7,211,361,0,0,45
-2,5,27,7,15,2475,DL,LAX,1,178,272,15,0,7,211,361,0,0,45
-6,5,27,7,12,2475,DL,LAX,1,178,272,15,0,7,211,361,0,0,45
-4,5,27,7,9,2475,DL,LAX,1,178,272,15,0,7,211,361,0,0,45
-2,5,27,7,19,2475,DL,LAX,1,178,272,15,0,7,211,361,0,0,45
-5,5,27,7,7,2475,B6,LAX,1,178,272,15,0,7,211,361,0,0,45
-8,5,27,7,7,2475,AA,LAX,1,178,272,15,0,7,211,361,0,0,45
9,5,27,7,16,2475,B6,LAX,1,178,272,15,0,7,211,361,0,0,45
-5,5,27,7,20,2475,B6,LAX,1,178,272,15,0,7,211,361,0,0,45
-2,5,27,7,9,2475,B6,LAX,1,178,272,15,0,7,211,361,0,0,45
-6,5,27,7,19,2475,AA,LAX,1,178,272,15,0,7,211,361,0,0,45
-5,5,27,7,10,2475,AA,LAX,1,178,272,15,0,7,211,361,0,0,45
-11,5,27,7,9,2475,AA,LAX,1,178,272,15,0,7,211,361,0,0,45
-4,6,5,2,7,2475,AA,LAX,10,106,178,3,0,17,139,211,0,0,41
-5,6,5,2,15,2475,AA,LAX,10,106,178,3,0,17,139,211,0,0,41
-8,6,5,2,12,2475,AA,LAX,10,106,178,3,0,17,139,211,0,0,41
-8,6,5,2,6,2475,AA,LAX,10,106,178,3,0,17,139,211,0,0,41
10,6,5,2,19,2475,DL,LAX,10,106,178,3,0,17,139,211,0,0,41
-2,6,5,2,9,2475,DL,LAX,10,106,178,3,0,17,139,211,0,0,41
-2,6,5,2,15,2475,DL,LAX,10,106,178,3,0,17,139,211,0,0,41
13,6,5,2,7,2475,DL,LAX,10,106,178,3,0,17,139,211,0,0,41
-3,6,5,2,12,2475,DL,LAX,10,106,178,3,0,17,139,211,0,0,41
93,6,5,2,21,2475,DL,LAX,10,106,178,3,0,17,139,211,0,0,41
6,6,5,2,19,2475,AA,LAX,10,106,178,3,0,17,139,211,0,0,41
-5,6,5,2,20,2475,B6,LAX,10,106,178,3,0,17,139,211,0,0,41
-3,6,5,2,17,2475,DL,LAX,10,106,178,3,0,17,139,211,0,0,41
-5,6,5,2,13,2475,AA,LAX,10,106,178,3,0,17,139,211,0,0,41
-1,6,5,2,16,2475,B6,LAX,10,106,178,3,0,17,139,211,0,0,41
-4,6,5,2,9,2475,B6,LAX,10,106,178,3,0,17,139,211,0,0,41
-4,6,5,2,16,2475,AA,LAX,10,106,178,3,0,17,139,211,0,0,41
-4,6,5,2,7,2475,B6,LAX,10,106,178,3,0,17,139,211,0,0,41
-11,6,5,2,9,2475,AA,LAX,10,106,178,3,0,17,139,211,0,0,41
-5,6,5,2,21,2475,AA,LAX,10,106,178,3,0,17,139,211,0,0,41
-7,6,5,2,10,2475,AA,LAX,10,106,178,3,0,17,139,211,0,0,41
-6,6,5,2,15,2475,UA,LAX,10,106,178,3,0,17,139,211,0,0,41
-7,6,5,2,11,2475,UA,LAX,10,106,178,3,0,17,139,211,0,0,41
16,6,5,2,17,2475,UA,LAX,10,106,178,3,0,17,139,211,0,0,41
-6,6,5,2,8,2475,UA,LAX,10,106,178,3,0,17,139,211,0,0,41
0,6,5,2,6,2475,UA,LAX,10,106,178,3,0,17,139,211,0,0,41
16,6,5,2,20,2475,VX,LAX,10,106,178,3,0,17,139,211,0,0,41
-3,6,5,2,16,2475,VX,LAX,10,106,178,3,0,17,139,211,0,0,41
-6,6,5,2,7,2475,VX,LAX,10,106,178,3,0,17,139,211,0,0,41
-1,6,5,2,13,2475,VX,LAX,10,106,178,3,0,17,139,211,0,0,41
37,6,5,2,11,2475,VX,LAX,10,106,178,3,0,17,139,211,0,0,41
29,6,5,2,9,2475,VX,LAX,10,106,178,3,0,17,139,211,0,0,41
-2,6,5,2,21,2475,UA,LAX,10,106,178,3,0,17,139,211,0,0,41
-2,6,10,7,16,2475,B6,LAX,15,189,289,0,0,7,194,339,0,0,55
-4,6,10,7,13,2475,AA,LAX,15,189,289,0,0,7,194,339,0,0,55
-7,6,10,7,9,2475,AA,LAX,15,189,289,0,0,7,194,339,0,0,55
-3,6,10,7,19,2475,DL,LAX,15,189,289,0,0,7,194,339,0,0,55
-4,6,10,7,9,2475,DL,LAX,15,189,289,0,0,7,194,339,0,0,55
-6,6,10,7,12,2475,AA,LAX,15,189,289,0,0,7,194,339,0,0,55
-2,6,10,7,15,2475,DL,LAX,15,189,289,0,0,7,194,339,0,0,55
-4,6,10,7,13,2475,DL,LAX,15,189,289,0,0,7,194,339,0,0,55
-5,6,10,7,7,2475,B6,LAX,15,189,289,0,0,7,194,339,0,0,55
13,6,10,7,20,2475,B6,LAX,15,189,289,0,0,7,194,339,0,0,55
15,6,10,7,7,2475,DL,LAX,15,189,289,0,0,7,194,339,0,0,55
-4,6,10,7,9,2475,B6,LAX,15,189,289,0,0,7,194,339,0,0,55
-6,6,10,7,15,2475,AA,LAX,15,189,289,0,0,7,194,339,0,0,55
-4,6,10,7,11,2475,DL,LAX,15,189,289,0,0,7,194,339,0,0,55
14,6,10,7,21,2475,DL,LAX,15,189,289,0,0,7,194,339,0,0,55
-4,6,10,7,21,2475,AA,LAX,15,189,289,0,0,7,194,339,0,0,55
-9,6,10,7,7,2475,AA,LAX,15,189,289,0,0,7,194,339,0,0,55
-5,6,10,7,10,2475,AA,LAX,15,189,289,0,0,7,194,339,0,0,55
95,6,10,7,19,2475,AA,LAX,15,189,289,0,0,7,194,339,0,0,55
163,6,10,7,16,2475,AA,LAX,15,189,289,0,0,7,194,339,0,0,55
4,6,10,7,17,2475,DL,LAX,15,189,289,0,0,7,194,339,0,0,55
55,6,10,7,21,2475,UA,LAX,15,189,289,0,0,7,194,339,0,0,55
0,6,10,7,11,2475,UA,LAX,15,189,289,0,0,7,194,339,0,0,55
0,6,10,7,15,2475,UA,LAX,15,189,289,0,0,7,194,339,0,0,55
-5,6,10,7,8,2475,UA,LAX,15,189,289,0,0,7,194,339,0,0,55
11,6,10,7,17,2475,UA,LAX,15,189,289,0,0,7,194,339,0,0,55
2,6,10,7,7,2475,VX,LAX,15,189,289,0,0,7,194,339,0,0,55
8,6,10,7,9,2475,VX,LAX,15,189,289,0,0,7,194,339,0,0,55
-7,6,10,7,11,2475,VX,LAX,15,189,289,0,0,7,194,339,0,0,55
7,6,10,7,16,2475,VX,LAX,15,189,289,0,0,7,194,339,0,0,55
6,6,10,7,13,2475,VX,LAX,15,189,289,0,0,7,194,339,0,0,55
9,6,10,7,20,2475,VX,LAX,15,189,289,0,0,7,194,339,0,0,55
-1,6,28,4,13,2475,VX,LAX,6,200,311,0,0,24,244,378,10,0,38
0,6,28,4,11,2475,VX,LAX,6,200,311,0,0,24,244,378,10,0,38
-9,6,28,4,7,2475,VX,LAX,6,200,311,0,0,24,244,378,10,0,38
5,6,28,4,20,2475,VX,LAX,6,200,311,0,0,24,244,378,10,0,38
6,6,28,4,16,2475,VX,LAX,6,200,311,0,0,24,244,378,10,0,38
-6,6,28,4,9,2475,VX,LAX,6,200,311,0,0,24,244,378,10,0,38
-1,6,28,4,15,2475,UA,LAX,6,200,311,0,0,24,244,378,10,0,38
-2,6,28,4,8,2475,UA,LAX,6,200,311,0,0,24,244,378,10,0,38
0,6,28,4,17,2475,UA,LAX,6,200,311,0,0,24,244,378,10,0,38
10,6,28,4,21,2475,UA,LAX,6,200,311,0,0,24,244,378,10,0,38
-5,6,28,4,6,2475,UA,LAX,6,200,311,0,0,24,244,378,10,0,38
56,6,28,4,11,2475,UA,LAX,6,200,311,0,0,24,244,378,10,0,38
-8,6,28,4,10,2475,AA,LAX,6,200,311,0,0,24,244,378,10,0,38
-2,6,28,4,7,2475,DL,LAX,6,200,311,0,0,24,244,378,10,0,38
46,6,28,4,15,2475,AA,LAX,6,200,311,0,0,24,244,378,10,0,38
24,6,28,4,22,2475,B6,LAX,6,200,311,0,0,24,244,378,10,0,38
-3,6,28,4,7,2475,B6,LAX,6,200,311,0,0,24,244,378,10,0,38
10,6,28,4,12,2475,B6,LAX,6,200,311,0,0,24,244,378,10,0,38
50,6,28,4,21,2475,DL,LAX,6,200,311,0,0,24,244,378,10,0,38
-4,6,28,4,12,2475,AA,LAX,6,200,311,0,0,24,244,378,10,0,38
-5,6,28,4,8,2475,AA,LAX,6,200,311,0,0,24,244,378,10,0,38
-3,6,28,4,11,2475,DL,LAX,6,200,311,0,0,24,244,378,10,0,38
-6,6,28,4,16,2475,B6,LAX,6,200,311,0,0,24,244,378,10,0,38
1,6,28,4,21,2475,B6,LAX,6,200,311,0,0,24,244,378,10,0,38
15,6,28,4,9,2475,B6,LAX,6,200,311,0,0,24,244,378,10,0,38
-1,6,28,4,19,2475,AA,LAX,6,200,311,0,0,24,244,378,10,0,38
10,6,28,4,17,2475,AA,LAX,6,200,311,0,0,24,244,378,10,0,38
3,6,28,4,15,2475,DL,LAX,6,200,311,0,0,24,244,378,10,0,38
-1,6,28,4,9,2475,DL,LAX,6,200,311,0,0,24,244,378,10,0,38
-2,6,28,4,19,2475,DL,LAX,6,200,311,0,0,24,244,378,10,0,38
29,6,28,4,17,2475,DL,LAX,6,200,311,0,0,24,244,378,10,0,38
-8,6,28,4,9,2475,AA,LAX,6,200,311,0,0,24,244,378,10,0,38
1,6,28,4,13,2475,DL,LAX,6,200,311,0,0,24,244,378,10,0,38
-3,6,28,4,20,2475,AA,LAX,6,200,311,0,0,24,244,378,10,0,38
0,6,28,4,13,2475,AA,LAX,6,200,311,0,0,24,244,378,10,0,38
-2,7,6,5,15,2475,UA,LAX,2,222,339,0,0,12,278,394,0,0,33
1,7,6,5,8,2475,UA,LAX,2,222,339,0,0,12,278,394,0,0,33
-4,7,6,5,17,2475,UA,LAX,2,222,339,0,0,12,278,394,0,0,33
-1,7,6,5,7,2475,VX,LAX,2,222,339,0,0,12,278,394,0,0,33
14,7,6,5,9,2475,VX,LAX,2,222,339,0,0,12,278,394,0,0,33
-5,7,6,5,11,2475,VX,LAX,2,222,339,0,0,12,278,394,0,0,33
-6,7,6,5,13,2475,VX,LAX,2,222,339,0,0,12,278,394,0,0,33
-4,7,6,5,16,2475,VX,LAX,2,222,339,0,0,12,278,394,0,0,33
-7,7,6,5,20,2475,VX,LAX,2,222,339,0,0,12,278,394,0,0,33
44,7,6,5,15,2475,DL,LAX,2,222,339,0,0,12,278,394,0,0,33
-2,7,6,5,9,2475,DL,LAX,2,222,339,0,0,12,278,394,0,0,33
-3,7,6,5,19,2475,DL,LAX,2,222,339,0,0,12,278,394,0,0,33
-5,7,6,5,17,2475,DL,LAX,2,222,339,0,0,12,278,394,0,0,33
-2,7,6,5,7,2475,DL,LAX,2,222,339,0,0,12,278,394,0,0,33
6,7,6,5,13,2475,DL,LAX,2,222,339,0,0,12,278,394,0,0,33
4,7,6,5,21,2475,DL,LAX,2,222,339,0,0,12,278,394,0,0,33
-7,7,6,5,11,2475,DL,LAX,2,222,339,0,0,12,278,394,0,0,33
1,7,6,5,21,2475,UA,LAX,2,222,339,0,0,12,278,394,0,0,33
-4,7,6,5,11,2475,UA,LAX,2,222,339,0,0,12,278,394,0,0,33
-5,7,6,5,6,2475,UA,LAX,2,222,339,0,0,12,278,394,0,0,33
-1,7,6,5,21,2475,B6,LAX,2,222,339,0,0,12,278,394,0,0,33
21,7,6,5,16,2475,B6,LAX,2,222,339,0,0,12,278,394,0,0,33
8,7,6,5,17,2475,AA,LAX,2,222,339,0,0,12,278,394,0,0,33
-8,7,6,5,15,2475,AA,LAX,2,222,339,0,0,12,278,394,0,0,33
-7,7,6,5,12,2475,B6,LAX,2,222,339,0,0,12,278,394,0,0,33
-3,7,6,5,9,2475,AA,LAX,2,222,339,0,0,12,278,394,0,0,33
-3,7,6,5,6,2475,AA,LAX,2,222,339,0,0,12,278,394,0,0,33
-5,7,6,5,19,2475,AA,LAX,2,222,339,0,0,12,278,394,0,0,33
-5,7,6,5,12,2475,AA,LAX,2,222,339,0,0,12,278,394,0,0,33
6,7,6,5,9,2475,B6,LAX,2,222,339,0,0,12,278,394,0,0,33
-9,7,6,5,22,2475,B6,LAX,2,222,339,0,0,12,278,394,0,0,33
-1,7,6,5,7,2475,B6,LAX,2,222,339,0,0,12,278,394,0,0,33
-4,7,6,5,13,2475,AA,LAX,2,222,339,0,0,12,278,394,0,0,33
-9,7,6,5,10,2475,AA,LAX,2,222,339,0,0,12,278,394,0,0,33
3,7,11,3,9,2475,B6,LAX,7,217,294,0,0,12,178,306,0,0,36
0,7,11,3,21,2475,B6,LAX,7,217,294,0,0,12,178,306,0,0,36
24,7,11,3,17,2475,AA,LAX,7,217,294,0,0,12,178,306,0,0,36
76,7,11,3,15,2475,AA,LAX,7,217,294,0,0,12,178,306,0,0,36
3,7,11,3,16,2475,B6,LAX,7,217,294,0,0,12,178,306,0,0,36
27,7,11,3,12,2475,B6,LAX,7,217,294,0,0,12,178,306,0,0,36
-3,7,11,3,7,2475,B6,LAX,7,217,294,0,0,12,178,306,0,0,36
6,7,11,3,22,2475,B6,LAX,7,217,294,0,0,12,178,306,0,0,36
9,7,11,3,13,2475,AA,LAX,7,217,294,0,0,12,178,306,0,0,36
-3,7,11,3,20,2475,AA,LAX,7,217,294,0,0,12,178,306,0,0,36
-9,7,11,3,19,2475,AA,LAX,7,217,294,0,0,12,178,306,0,0,36
-9,7,11,3,10,2475,AA,LAX,7,217,294,0,0,12,178,306,0,0,36
-2,7,11,3,6,2475,AA,LAX,7,217,294,0,0,12,178,306,0,0,36
-5,7,11,3,12,2475,AA,LAX,7,217,294,0,0,12,178,306,0,0,36
-9,7,11,3,9,2475,AA,LAX,7,217,294,0,0,12,178,306,0,0,36
-2,7,11,3,15,2475,DL,LAX,7,217,294,0,0,12,178,306,0,0,36
-1,7,11,3,11,2475,DL,LAX,7,217,294,0,0,12,178,306,0,0,36
-5,7,11,3,13,2475,DL,LAX,7,217,294,0,0,12,178,306,0,0,36
14,7,11,3,20,2475,VX,LAX,7,217,294,0,0,12,178,306,0,0,36
13,7,11,3,16,2475,VX,LAX,7,217,294,0,0,12,178,306,0,0,36
-3,7,11,3,8,2475,UA,LAX,7,217,294,0,0,12,178,306,0,0,36
-1,7,11,3,13,2475,VX,LAX,7,217,294,0,0,12,178,306,0,0,36
1,7,11,3,11,2475,VX,LAX,7,217,294,0,0,12,178,306,0,0,36
-2,7,11,3,9,2475,VX,LAX,7,217,294,0,0,12,178,306,0,0,36
3,7,11,3,7,2475,VX,LAX,7,217,294,0,0,12,178,306,0,0,36
-6,7,11,3,7,2475,DL,LAX,7,217,294,0,0,12,178,306,0,0,36
23,7,11,3,17,2475,UA,LAX,7,217,294,0,0,12,178,306,0,0,36
16,7,11,3,21,2475,UA,LAX,7,217,294,0,0,12,178,306,0,0,36
-2,7,11,3,11,2475,UA,LAX,7,217,294,0,0,12,178,306,0,0,36
-1,7,11,3,21,2475,DL,LAX,7,217,294,0,0,12,178,306,0,0,36
9,7,11,3,17,2475,DL,LAX,7,217,294,0,0,12,178,306,0,0,36
-2,7,11,3,19,2475,DL,LAX,7,217,294,0,0,12,178,306,0,0,36
16,7,11,3,6,2475,UA,LAX,7,217,294,0,0,12,178,306,0,0,36
4,7,11,3,15,2475,UA,LAX,7,217,294,0,0,12,178,306,0,0,36
-3,7,11,3,9,2475,DL,LAX,7,217,294,0,0,12,178,306,0,0,36
4,7,29,7,11,2475,UA,LAX,25,200,267,3,0,16,172,294,0,0,25
1,7,29,7,17,2475,UA,LAX,25,200,267,3,0,16,172,294,0,0,25
-5,7,29,7,8,2475,UA,LAX,25,200,267,3,0,16,172,294,0,0,25
-2,7,29,7,15,2475,UA,LAX,25,200,267,3,0,16,172,294,0,0,25
-3,7,29,7,21,2475,UA,LAX,25,200,267,3,0,16,172,294,0,0,25
-3,7,29,7,17,2475,DL,LAX,25,200,267,3,0,16,172,294,0,0,25
10,7,29,7,16,2475,VX,LAX,25,200,267,3,0,16,172,294,0,0,25
2,7,29,7,20,2475,VX,LAX,25,200,267,3,0,16,172,294,0,0,25
-6,7,29,7,15,2475,DL,LAX,25,200,267,3,0,16,172,294,0,0,25
34,7,29,7,7,2475,VX,LAX,25,200,267,3,0,16,172,294,0,0,25
-5,7,29,7,13,2475,DL,LAX,25,200,267,3,0,16,172,294,0,0,25
-6,7,29,7,11,2475,DL,LAX,25,200,267,3,0,16,172,294,0,0,25
13,7,29,7,9,2475,VX,LAX,25,200,267,3,0,16,172,294,0,0,25
-3,7,29,7,11,2475,VX,LAX,25,200,267,3,0,16,172,294,0,0,25
-2,7,29,7,13,2475,VX,LAX,25,200,267,3,0,16,172,294,0,0,25
-4,7,29,7,7,2475,DL,LAX,25,200,267,3,0,16,172,294,0,0,25
-1,7,29,7,21,2475,DL,LAX,25,200,267,3,0,16,172,294,0,0,25
-4,7,29,7,9,2475,DL,LAX,25,200,267,3,0,16,172,294,0,0,25
34,7,29,7,19,2475,DL,LAX,25,200,267,3,0,16,172,294,0,0,25
8,7,29,7,16,2475,B6,LAX,25,200,267,3,0,16,172,294,0,0,25
5,7,29,7,19,2475,AA,LAX,25,200,267,3,0,16,172,294,0,0,25
-9,7,29,7,12,2475,B6,LAX,25,200,267,3,0,16,172,294,0,0,25
1,7,29,7,17,2475,AA,LAX,25,200,267,3,0,16,172,294,0,0,25
-8,7,29,7,13,2475,AA,LAX,25,200,267,3,0,16,172,294,0,0,25
19,7,29,7,6,2475,AA,LAX,25,200,267,3,0,16,172,294,0,0,25
-7,7,29,7,10,2475,AA,LAX,25,200,267,3,0,16,172,294,0,0,25
147,7,29,7,20,2475,AA,LAX,25,200,267,3,0,16,172,294,0,0,25
-1,7,29,7,15,2475,AA,LAX,25,200,267,3,0,16,172,294,0,0,25
-5,7,29,7,9,2475,AA,LAX,25,200,267,3,0,16,172,294,0,0,25
11,7,29,7,12,2475,AA,LAX,25,200,267,3,0,16,172,294,0,0,25
27,7,29,7,22,2475,B6,LAX,25,200,267,3,0,16,172,294,0,0,25
10,7,29,7,7,2475,B6,LAX,25,200,267,3,0,16,172,294,0,0,25
65,7,29,7,9,2475,B6,LAX,25,200,267,3,0,16,172,294,0,0,25
29,7,29,7,21,2475,B6,LAX,25,200,267,3,0,16,172,294,0,0,25
2,8,7,2,21,2475,DL,LAX,25,200,283,0,0,9,167,333,0,0,37
40,8,7,2,19,2475,DL,LAX,25,200,283,0,0,9,167,333,0,0,37
102,8,7,2,13,2475,AA,LAX,25,200,283,0,0,9,167,333,0,0,37
-1,8,7,2,20,2475,AA,LAX,25,200,283,0,0,9,167,333,0,0,37
-4,8,7,2,15,2475,AA,LAX,25,200,283,0,0,9,167,333,0,0,37
-6,8,7,2,6,2475,AA,LAX,25,200,283,0,0,9,167,333,0,0,37
-1,8,7,2,15,2475,DL,LAX,25,200,283,0,0,9,167,333,0,0,37
-1,8,7,2,7,2475,DL,LAX,25,200,283,0,0,9,167,333,0,0,37
69,8,7,2,21,2475,B6,LAX,25,200,283,0,0,9,167,333,0,0,37
-6,8,7,2,11,2475,DL,LAX,25,200,283,0,0,9,167,333,0,0,37
23,8,7,2,17,2475,DL,LAX,25,200,283,0,0,9,167,333,0,0,37
-1,8,7,2,16,2475,B6,LAX,25,200,283,0,0,9,167,333,0,0,37
-5,8,7,2,9,2475,AA,LAX,25,200,283,0,0,9,167,333,0,0,37
9,8,7,2,13,2475,DL,LAX,25,200,283,0,0,9,167,333,0,0,37
-9,8,7,2,12,2475,AA,LAX,25,200,283,0,0,9,167,333,0,0,37
-1,8,7,2,12,2475,B6,LAX,25,200,283,0,0,9,167,333,0,0,37
6,8,7,2,7,2475,B6,LAX,25,200,283,0,0,9,167,333,0,0,37
-6,8,7,2,22,2475,B6,LAX,25,200,283,0,0,9,167,333,0,0,37
-5,8,7,2,9,2475,DL,LAX,25,200,283,0,0,9,167,333,0,0,37
-5,8,7,2,17,2475,AA,LAX,25,200,283,0,0,9,167,333,0,0,37
51,8,7,2,19,2475,AA,LAX,25,200,283,0,0,9,167,333,0,0,37
-12,8,7,2,10,2475,AA,LAX,25,200,283,0,0,9,167,333,0,0,37
-3,8,7,2,9,2475,B6,LAX,25,200,283,0,0,9,167,333,0,0,37
6,8,7,2,20,2475,VX,LAX,25,200,283,0,0,9,167,333,0,0,37
-4,8,7,2,15,2475,UA,LAX,25,200,283,0,0,9,167,333,0,0,37
0,8,7,2,6,2475,UA,LAX,25,200,283,0,0,9,167,333,0,0,37
-6,8,7,2,11,2475,UA,LAX,25,200,283,0,0,9,167,333,0,0,37
-2,8,7,2,21,2475,UA,LAX,25,200,283,0,0,9,167,333,0,0,37
11,8,7,2,17,2475,UA,LAX,25,200,283,0,0,9,167,333,0,0,37
-4,8,7,2,8,2475,UA,LAX,25,200,283,0,0,9,167,333,0,0,37
0,8,7,2,9,2475,VX,LAX,25,200,283,0,0,9,167,333,0,0,37
-4,8,7,2,7,2475,VX,LAX,25,200,283,0,0,9,167,333,0,0,37
-3,8,7,2,11,2475,VX,LAX,25,200,283,0,0,9,167,333,0,0,37
-2,8,7,2,13,2475,VX,LAX,25,200,283,0,0,9,167,333,0,0,37
26,8,7,2,16,2475,VX,LAX,25,200,283,0,0,9,167,333,0,0,37
0,8,12,7,17,2475,DL,LAX,20,228,306,0,0,21,128,244,0,0,17
16,8,12,7,20,2475,VX,LAX,20,228,306,0,0,21,128,244,0,0,17
6,8,12,7,16,2475,VX,LAX,20,228,306,0,0,21,128,244,0,0,17
0,8,12,7,13,2475,VX,LAX,20,228,306,0,0,21,128,244,0,0,17
-3,8,12,7,11,2475,VX,LAX,20,228,306,0,0,21,128,244,0,0,17
11,8,12,7,9,2475,VX,LAX,20,228,306,0,0,21,128,244,0,0,17
3,8,12,7,7,2475,VX,LAX,20,228,306,0,0,21,128,244,0,0,17
-4,8,12,7,15,2475,UA,LAX,20,228,306,0,0,21,128,244,0,0,17
-1,8,12,7,11,2475,UA,LAX,20,228,306,0,0,21,128,244,0,0,17
8,8,12,7,21,2475,UA,LAX,20,228,306,0,0,21,128,244,0,0,17
-11,8,12,7,17,2475,UA,LAX,20,228,306,0,0,21,128,244,0,0,17
48,8,12,7,8,2475,UA,LAX,20,228,306,0,0,21,128,244,0,0,17
-7,8,12,7,13,2475,DL,LAX,20,228,306,0,0,21,128,244,0,0,17
-5,8,12,7,11,2475,DL,LAX,20,228,306,0,0,21,128,244,0,0,17
-4,8,12,7,7,2475,DL,LAX,20,228,306,0,0,21,128,244,0,0,17
-1,8,12,7,15,2475,DL,LAX,20,228,306,0,0,21,128,244,0,0,17
22,8,12,7,9,2475,DL,LAX,20,228,306,0,0,21,128,244,0,0,17
0,8,12,7,19,2475,DL,LAX,20,228,306,0,0,21,128,244,0,0,17
0,8,12,7,12,2475,B6,LAX,20,228,306,0,0,21,128,244,0,0,17
-1,8,12,7,16,2475,B6,LAX,20,228,306,0,0,21,128,244,0,0,17
-2,8,12,7,6,2475,AA,LAX,20,228,306,0,0,21,128,244,0,0,17
1,8,12,7,17,2475,AA,LAX,20,228,306,0,0,21,128,244,0,0,17
-8,8,12,7,15,2475,AA,LAX,20,228,306,0,0,21,128,244,0,0,17
-6,8,12,7,9,2475,AA,LAX,20,228,306,0,0,21,128,244,0,0,17
0,8,12,7,19,2475,AA,LAX,20,228,306,0,0,21,128,244,0,0,17
-1,8,12,7,21,2475,DL,LAX,20,228,306,0,0,21,128,244,0,0,17
-7,8,12,7,12,2475,AA,LAX,20,228,306,0,0,21,128,244,0,0,17
-9,8,12,7,10,2475,AA,LAX,20,228,306,0,0,21,128,244,0,0,17
-5,8,12,7,9,2475,B6,LAX,20,228,306,0,0,21,128,244,0,0,17
-9,8,12,7,13,2475,AA,LAX,20,228,306,0,0,21,128,244,0,0,17
-3,8,12,7,20,2475,AA,LAX,20,228,306,0,0,21,128,244,0,0,17
7,8,12,7,21,2475,B6,LAX,20,228,306,0,0,21,128,244,0,0,17
-5,8,12,7,22,2475,B6,LAX,20,228,306,0,0,21,128,244,0,0,17
-1,8,12,7,7,2475,B6,LAX,20,228,306,0,0,21,128,244,0,0,17
-4,9,8,6,13,2475,DL,LAX,7,172,272,99,0,20,122,228,71,0,52
-2,9,8,6,11,2475,DL,LAX,7,172,272,99,0,20,122,228,71,0,52
260,9,8,6,17,2475,DL,LAX,7,172,272,99,0,20,122,228,71,0,52
0,9,8,6,16,2475,VX,LAX,7,172,272,99,0,20,122,228,71,0,52
-1,9,8,6,15,2475,DL,LAX,7,172,272,99,0,20,122,228,71,0,52
-3,9,8,6,7,2475,VX,LAX,7,172,272,99,0,20,122,228,71,0,52
-5,9,8,6,17,2475,UA,LAX,7,172,272,99,0,20,122,228,71,0,52
6,9,8,6,15,2475,UA,LAX,7,172,272,99,0,20,122,228,71,0,52
-1,9,8,6,11,2475,UA,LAX,7,172,272,99,0,20,122,228,71,0,52
9,9,8,6,6,2475,UA,LAX,7,172,272,99,0,20,122,228,71,0,52
2,9,8,6,9,2475,VX,LAX,7,172,272,99,0,20,122,228,71,0,52
8,9,8,6,13,2475,VX,LAX,7,172,272,99,0,20,122,228,71,0,52
0,9,8,6,11,2475,VX,LAX,7,172,272,99,0,20,122,228,71,0,52
-6,9,8,6,9,2475,B6,LAX,7,172,272,99,0,20,122,228,71,0,52
-3,9,8,6,8,2475,UA,LAX,7,172,272,99,0,20,122,228,71,0,52
4,9,8,6,9,2475,DL,LAX,7,172,272,99,0,20,122,228,71,0,52
-5,9,8,6,20,2475,B6,LAX,7,172,272,99,0,20,122,228,71,0,52
-3,9,8,6,7,2475,B6,LAX,7,172,272,99,0,20,122,228,71,0,52
25,9,8,6,19,2475,DL,LAX,7,172,272,99,0,20,122,228,71,0,52
49,9,8,6,20,2475,VX,LAX,7,172,272,99,0,20,122,228,71,0,52
10,9,8,6,16,2475,B6,LAX,7,172,272,99,0,20,122,228,71,0,52
-2,9,8,6,13,2475,AA,LAX,7,172,272,99,0,20,122,228,71,0,52
0,9,8,6,9,2475,AA,LAX,7,172,272,99,0,20,122,228,71,0,52
-7,9,8,6,6,2475,AA,LAX,7,172,272,99,0,20,122,228,71,0,52
-2,9,8,6,12,2475,AA,LAX,7,172,272,99,0,20,122,228,71,0,52
82,9,8,6,16,2475,AA,LAX,7,172,272,99,0,20,122,228,71,0,52
-1,9,8,6,10,2475,AA,LAX,7,172,272,99,0,20,122,228,71,0,52
21,9,8,6,19,2475,AA,LAX,7,172,272,99,0,20,122,228,71,0,52
-1,9,8,6,15,2475,AA,LAX,7,172,272,99,0,20,122,228,71,0,52
-3,9,13,4,16,2475,AA,LAX,12,172,272,0,0,11,122,217,48,0,45
9,9,13,4,10,2475,AA,LAX,12,172,272,0,0,11,122,217,48,0,45
-2,9,13,4,13,2475,AA,LAX,12,172,272,0,0,11,122,217,48,0,45
-9,9,13,4,9,2475,AA,LAX,12,172,272,0,0,11,122,217,48,0,45
58,9,13,4,19,2475,AA,LAX,12,172,272,0,0,11,122,217,48,0,45
-1,9,13,4,6,2475,AA,LAX,12,172,272,0,0,11,122,217,48,0,45
-1,9,13,4,20,2475,AA,LAX,12,172,272,0,0,11,122,217,48,0,45
-9,9,13,4,12,2475,AA,LAX,12,172,272,0,0,11,122,217,48,0,45
1,9,13,4,15,2475,AA,LAX,12,172,272,0,0,11,122,217,48,0,45
0,9,13,4,9,2475,B6,LAX,12,172,272,0,0,11,122,217,48,0,45
-4,9,13,4,16,2475,B6,LAX,12,172,272,0,0,11,122,217,48,0,45
-4,9,13,4,12,2475,B6,LAX,12,172,272,0,0,11,122,217,48,0,45
-3,9,13,4,8,2475,UA,LAX,12,172,272,0,0,11,122,217,48,0,45
-5,9,13,4,19,2475,DL,LAX,12,172,272,0,0,11,122,217,48,0,45
-2,9,13,4,7,2475,B6,LAX,12,172,272,0,0,11,122,217,48,0,45
-4,9,13,4,20,2475,B6,LAX,12,172,272,0,0,11,122,217,48,0,45
-1,9,13,4,9,2475,DL,LAX,12,172,272,0,0,11,122,217,48,0,45
-2,9,13,4,15,2475,DL,LAX,12,172,272,0,0,11,122,217,48,0,45
1,9,13,4,21,2475,DL,LAX,12,172,272,0,0,11,122,217,48,0,45
-6,9,13,4,7,2475,DL,LAX,12,172,272,0,0,11,122,217,48,0,45
-3,9,13,4,11,2475,DL,LAX,12,172,272,0,0,11,122,217,48,0,45
-1,9,13,4,6,2475,UA,LAX,12,172,272,0,0,11,122,217,48,0,45
32,9,13,4,21,2475,UA,LAX,12,172,272,0,0,11,122,217,48,0,45
3,9,13,4,11,2475,UA,LAX,12,172,272,0,0,11,122,217,48,0,45
-2,9,13,4,17,2475,UA,LAX,12,172,272,0,0,11,122,217,48,0,45
7,9,13,4,17,2475,DL,LAX,12,172,272,0,0,11,122,217,48,0,45
72,9,13,4,15,2475,UA,LAX,12,172,272,0,0,11,122,217,48,0,45
-2,9,13,4,13,2475,DL,LAX,12,172,272,0,0,11,122,217,48,0,45
1,9,13,4,9,2475,VX,LAX,12,172,272,0,0,11,122,217,48,0,45
-1,9,13,4,7,2475,VX,LAX,12,172,272,0,0,11,122,217,48,0,45
24,9,13,4,20,2475,VX,LAX,12,172,272,0,0,11,122,217,48,0,45
7,9,13,4,16,2475,VX,LAX,12,172,272,0,0,11,122,217,48,0,45
1,9,13,4,13,2475,VX,LAX,12,172,272,0,0,11,122,217,48,0,45
-3,9,13,4,11,2475,VX,LAX,12,172,272,0,0,11,122,217,48,0,45
-2,10,4,4,17,2475,DL,LAX,9,189,233,0,0,5,89,250,30,0,52
-4,10,4,4,13,2475,AA,LAX,9,189,233,0,0,5,89,250,30,0,52
4,10,4,4,19,2475,DL,LAX,9,189,233,0,0,5,89,250,30,0,52
-7,10,4,4,9,2475,DL,LAX,9,189,233,0,0,5,89,250,30,0,52
91,10,4,4,20,2475,AA,LAX,9,189,233,0,0,5,89,250,30,0,52
-7,10,4,4,7,2475,DL,LAX,9,189,233,0,0,5,89,250,30,0,52
-3,10,4,4,13,2475,DL,LAX,9,189,233,0,0,5,89,250,30,0,52
-1,10,4,4,15,2475,DL,LAX,9,189,233,0,0,5,89,250,30,0,52
98,10,4,4,19,2475,AA,LAX,9,189,233,0,0,5,89,250,30,0,52
-5,10,4,4,11,2475,DL,LAX,9,189,233,0,0,5,89,250,30,0,52
0,10,4,4,7,2475,B6,LAX,9,189,233,0,0,5,89,250,30,0,52
-5,10,4,4,12,2475,B6,LAX,9,189,233,0,0,5,89,250,30,0,52
-9,10,4,4,16,2475,B6,LAX,9,189,233,0,0,5,89,250,30,0,52
7,10,4,4,9,2475,B6,LAX,9,189,233,0,0,5,89,250,30,0,52
-7,10,4,4,9,2475,AA,LAX,9,189,233,0,0,5,89,250,30,0,52
1,10,4,4,20,2475,B6,LAX,9,189,233,0,0,5,89,250,30,0,52
-1,10,4,4,6,2475,AA,LAX,9,189,233,0,0,5,89,250,30,0,52
-3,10,4,4,17,2475,AA,LAX,9,189,233,0,0,5,89,250,30,0,52
30,10,4,4,15,2475,AA,LAX,9,189,233,0,0,5,89,250,30,0,52
0,10,4,4,21,2475,DL,LAX,9,189,233,0,0,5,89,250,30,0,52
-7,10,4,4,12,2475,AA,LAX,9,189,233,0,0,5,89,250,30,0,52
-3,10,4,4,10,2475,AA,LAX,9,189,233,0,0,5,89,250,30,0,52
-6,10,4,4,17,2475,UA,LAX,9,189,233,0,0,5,89,250,30,0,52
20,10,4,4,21,2475,UA,LAX,9,189,233,0,0,5,89,250,30,0,52
8,10,4,4,6,2475,UA,LAX,9,189,233,0,0,5,89,250,30,0,52
-3,10,4,4,8,2475,UA,LAX,9,189,233,0,0,5,89,250,30,0,52
-1,10,4,4,9,2475,VX,LAX,9,189,233,0,0,5,89,250,30,0,52
2,10,4,4,15,2475,UA,LAX,9,189,233,0,0,5,89,250,30,0,52
3,10,4,4,11,2475,VX,LAX,9,189,233,0,0,5,89,250,30,0,52
250,10,4,4,20,2475,VX,LAX,9,189,233,0,0,5,89,250,30,0,52
0,10,4,4,16,2475,VX,LAX,9,189,233,0,0,5,89,250,30,0,52
-1,10,4,4,13,2475,VX,LAX,9,189,233,0,0,5,89,250,30,0,52
-8,10,4,4,11,2475,UA,LAX,9,189,233,0,0,5,89,250,30,0,52
-1,10,27,6,6,2475,UA,LAX,14,150,183,0,0,29,11,89,0,0,47
-4,10,27,6,9,2475,VX,LAX,14,150,183,0,0,29,11,89,0,0,47
-2,10,27,6,16,2475,VX,LAX,14,150,183,0,0,29,11,89,0,0,47
-2,10,27,6,13,2475,VX,LAX,14,150,183,0,0,29,11,89,0,0,47
-4,10,27,6,11,2475,VX,LAX,14,150,183,0,0,29,11,89,0,0,47
-3,10,27,6,8,2475,UA,LAX,14,150,183,0,0,29,11,89,0,0,47
0,10,27,6,11,2475,UA,LAX,14,150,183,0,0,29,11,89,0,0,47
-5,10,27,6,15,2475,UA,LAX,14,150,183,0,0,29,11,89,0,0,47
-3,10,27,6,17,2475,UA,LAX,14,150,183,0,0,29,11,89,0,0,47
-2,10,27,6,7,2475,B6,LAX,14,150,183,0,0,29,11,89,0,0,47
-2,10,27,6,15,2475,AA,LAX,14,150,183,0,0,29,11,89,0,0,47
-1,10,27,6,16,2475,B6,LAX,14,150,183,0,0,29,11,89,0,0,47
-3,10,27,6,9,2475,B6,LAX,14,150,183,0,0,29,11,89,0,0,47
0,10,27,6,19,2475,DL,LAX,14,150,183,0,0,29,11,89,0,0,47
7,10,27,6,12,2475,AA,LAX,14,150,183,0,0,29,11,89,0,0,47
5,10,27,6,9,2475,DL,LAX,14,150,183,0,0,29,11,89,0,0,47
41,10,27,6,9,2475,AA,LAX,14,150,183,0,0,29,11,89,0,0,47
-7,10,27,6,19,2475,AA,LAX,14,150,183,0,0,29,11,89,0,0,47
-3,10,27,6,17,2475,DL,LAX,14,150,183,0,0,29,11,89,0,0,47
-8,10,27,6,13,2475,DL,LAX,14,150,183,0,0,29,11,89,0,0,47
-8,10,27,6,10,2475,AA,LAX,14,150,183,0,0,29,11,89,0,0,47
-4,10,27,6,15,2475,DL,LAX,14,150,183,0,0,29,11,89,0,0,47
-8,10,27,6,11,2475,DL,LAX,14,150,183,0,0,29,11,89,0,0,47
-6,10,27,6,6,2475,AA,LAX,14,150,183,0,0,29,11,89,0,0,47
-6,10,27,6,17,2475,AA,LAX,14,150,183,0,0,29,11,89,0,0,47
-9,10,27,6,13,2475,AA,LAX,14,150,183,0,0,29,11,89,0,0,47
5,10,27,6,20,2475,B6,LAX,14,150,183,0,0,29,11,89,0,0,47
-3,11,5,1,21,2475,DL,LAX,6,17,72,0,0,21,0,67,0,0,25
30,11,5,1,20,2475,UA,LAX,6,17,72,0,0,21,0,67,0,0,25
-3,11,5,1,15,2475,UA,LAX,6,17,72,0,0,21,0,67,0,0,25
-5,11,5,1,7,2475,VX,LAX,6,17,72,0,0,21,0,67,0,0,25
-6,11,5,1,9,2475,B6,LAX,6,17,72,0,0,21,0,67,0,0,25
-1,11,5,1,11,2475,DL,LAX,6,17,72,0,0,21,0,67,0,0,25
-2,11,5,1,17,2475,DL,LAX,6,17,72,0,0,21,0,67,0,0,25
1,11,5,1,9,2475,DL,LAX,6,17,72,0,0,21,0,67,0,0,25
16,11,5,1,9,2475,VX,LAX,6,17,72,0,0,21,0,67,0,0,25
-6,11,5,1,13,2475,DL,LAX,6,17,72,0,0,21,0,67,0,0,25
-10,11,5,1,12,2475,B6,LAX,6,17,72,0,0,21,0,67,0,0,25
-1,11,5,1,19,2475,DL,LAX,6,17,72,0,0,21,0,67,0,0,25
-10,11,5,1,7,2475,B6,LAX,6,17,72,0,0,21,0,67,0,0,25
-15,11,5,1,11,2475,VX,LAX,6,17,72,0,0,21,0,67,0,0,25
-3,11,5,1,7,2475,DL,LAX,6,17,72,0,0,21,0,67,0,0,25
-10,11,5,1,13,2475,VX,LAX,6,17,72,0,0,21,0,67,0,0,25
4,11,5,1,20,2475,VX,LAX,6,17,72,0,0,21,0,67,0,0,25
0,11,5,1,16,2475,VX,LAX,6,17,72,0,0,21,0,67,0,0,25
0,11,5,1,16,2475,B6,LAX,6,17,72,0,0,21,0,67,0,0,25
51,11,5,1,20,2475,B6,LAX,6,17,72,0,0,21,0,67,0,0,25
-5,11,5,1,15,2475,DL,LAX,6,17,72,0,0,21,0,67,0,0,25
-5,11,5,1,6,2475,UA,LAX,6,17,72,0,0,21,0,67,0,0,25
-8,11,5,1,8,2475,UA,LAX,6,17,72,0,0,21,0,67,0,0,25
-5,11,5,1,11,2475,UA,LAX,6,17,72,0,0,21,0,67,0,0,25
7,11,5,1,17,2475,UA,LAX,6,17,72,0,0,21,0,67,0,0,25
-5,11,5,1,10,2475,AA,LAX,6,17,72,0,0,21,0,67,0,0,25
-2,11,5,1,21,2475,AA,LAX,6,17,72,0,0,21,0,67,0,0,25
16,11,5,1,17,2475,AA,LAX,6,17,72,0,0,21,0,67,0,0,25
-6,11,5,1,13,2475,AA,LAX,6,17,72,0,0,21,0,67,0,0,25
-11,11,5,1,12,2475,AA,LAX,6,17,72,0,0,21,0,67,0,0,25
-2,11,5,1,6,2475,AA,LAX,6,17,72,0,0,21,0,67,0,0,25
-2,11,5,1,15,2475,AA,LAX,6,17,72,0,0,21,0,67,0,0,25
205,11,5,1,19,2475,AA,LAX,6,17,72,0,0,21,0,67,0,0,25
-6,11,5,1,9,2475,AA,LAX,6,17,72,0,0,21,0,67,0,0,25
-7,11,10,6,10,2475,AA,LAX,1,56,128,0,0,7,100,189,56,0,53
-5,11,10,6,9,2475,AA,LAX,1,56,128,0,0,7,100,189,56,0,53
0,11,10,6,17,2475,AA,LAX,1,56,128,0,0,7,100,189,56,0,53
-5,11,10,6,13,2475,AA,LAX,1,56,128,0,0,7,100,189,56,0,53
-1,11,10,6,12,2475,AA,LAX,1,56,128,0,0,7,100,189,56,0,53
92,11,10,6,19,2475,AA,LAX,1,56,128,0,0,7,100,189,56,0,53
11,11,10,6,15,2475,AA,LAX,1,56,128,0,0,7,100,189,56,0,53
-6,11,10,6,6,2475,AA,LAX,1,56,128,0,0,7,100,189,56,0,53
-7,11,10,6,9,2475,DL,LAX,1,56,128,0,0,7,100,189,56,0,53
2,11,10,6,19,2475,DL,LAX,1,56,128,0,0,7,100,189,56,0,53
-9,11,10,6,16,2475,VX,LAX,1,56,128,0,0,7,100,189,56,0,53
-8,11,10,6,8,2475,UA,LAX,1,56,128,0,0,7,100,189,56,0,53
9,11,10,6,17,2475,UA,LAX,1,56,128,0,0,7,100,189,56,0,53
-3,11,10,6,20,2475,VX,LAX,1,56,128,0,0,7,100,189,56,0,53
-2,11,10,6,15,2475,UA,LAX,1,56,128,0,0,7,100,189,56,0,53
-2,11,10,6,6,2475,UA,LAX,1,56,128,0,0,7,100,189,56,0,53
-2,11,10,6,11,2475,UA,LAX,1,56,128,0,0,7,100,189,56,0,53
-5,11,10,6,12,2475,B6,LAX,1,56,128,0,0,7,100,189,56,0,53
23,11,10,6,16,2475,B6,LAX,1,56,128,0,0,7,100,189,56,0,53
-4,11,10,6,20,2475,B6,LAX,1,56,128,0,0,7,100,189,56,0,53
-1,11,10,6,9,2475,B6,LAX,1,56,128,0,0,7,100,189,56,0,53
-4,11,10,6,13,2475,DL,LAX,1,56,128,0,0,7,100,189,56,0,53
-6,11,10,6,15,2475,DL,LAX,1,56,128,0,0,7,100,189,56,0,53
0,11,10,6,7,2475,VX,LAX,1,56,128,0,0,7,100,189,56,0,53
-6,11,10,6,9,2475,VX,LAX,1,56,128,0,0,7,100,189,56,0,53
-6,11,10,6,11,2475,VX,LAX,1,56,128,0,0,7,100,189,56,0,53
-7,11,10,6,13,2475,VX,LAX,1,56,128,0,0,7,100,189,56,0,53
-5,11,10,6,11,2475,DL,LAX,1,56,128,0,0,7,100,189,56,0,53
-5,11,10,6,17,2475,DL,LAX,1,56,128,0,0,7,100,189,56,0,53
32,11,28,3,15,2475,UA,LAX,1,11,50,0,0,25,-28,67,0,0,36
5,11,28,3,11,2475,UA,LAX,1,11,50,0,0,25,-28,67,0,0,36
9,11,28,3,17,2475,UA,LAX,1,11,50,0,0,25,-28,67,0,0,36
5,11,28,3,6,2475,UA,LAX,1,11,50,0,0,25,-28,67,0,0,36
11,11,28,3,20,2475,UA,LAX,1,11,50,0,0,25,-28,67,0,0,36
18,11,28,3,8,2475,UA,LAX,1,11,50,0,0,25,-28,67,0,0,36
0,11,28,3,20,2475,B6,LAX,1,11,50,0,0,25,-28,67,0,0,36
41,11,28,3,9,2475,B6,LAX,1,11,50,0,0,25,-28,67,0,0,36
-3,11,28,3,21,2475,DL,LAX,1,11,50,0,0,25,-28,67,0,0,36
-1,11,28,3,15,2475,DL,LAX,1,11,50,0,0,25,-28,67,0,0,36
-5,11,28,3,17,2475,DL,LAX,1,11,50,0,0,25,-28,67,0,0,36
-2,11,28,3,12,2475,DL,LAX,1,11,50,0,0,25,-28,67,0,0,36
-4,11,28,3,7,2475,DL,LAX,1,11,50,0,0,25,-28,67,0,0,36
-4,11,28,3,9,2475,DL,LAX,1,11,50,0,0,25,-28,67,0,0,36
-2,11,28,3,19,2475,DL,LAX,1,11,50,0,0,25,-28,67,0,0,36
6,11,28,3,7,2475,VX,LAX,1,11,50,0,0,25,-28,67,0,0,36
-5,11,28,3,9,2475,VX,LAX,1,11,50,0,0,25,-28,67,0,0,36
13,11,28,3,20,2475,VX,LAX,1,11,50,0,0,25,-28,67,0,0,36
-1,11,28,3,11,2475,VX,LAX,1,11,50,0,0,25,-28,67,0,0,36
0,11,28,3,13,2475,VX,LAX,1,11,50,0,0,25,-28,67,0,0,36
-2,11,28,3,16,2475,VX,LAX,1,11,50,0,0,25,-28,67,0,0,36
-4,11,28,3,7,2475,B6,LAX,1,11,50,0,0,25,-28,67,0,0,36
-8,11,28,3,12,2475,B6,LAX,1,11,50,0,0,25,-28,67,0,0,36
-6,11,28,3,16,2475,B6,LAX,1,11,50,0,0,25,-28,67,0,0,36
23,11,28,3,15,2475,AA,LAX,1,11,50,0,0,25,-28,67,0,0,36
-4,11,28,3,9,2475,AA,LAX,1,11,50,0,0,25,-28,67,0,0,36
71,11,28,3,16,2475,AA,LAX,1,11,50,0,0,25,-28,67,0,0,36
14,11,28,3,19,2475,AA,LAX,1,11,50,0,0,25,-28,67,0,0,36
40,11,28,3,21,2475,AA,LAX,1,11,50,0,0,25,-28,67,0,0,36
-7,11,28,3,13,2475,AA,LAX,1,11,50,0,0,25,-28,67,0,0,36
-2,11,28,3,7,2475,AA,LAX,1,11,50,0,0,25,-28,67,0,0,36
-1,11,28,3,10,2475,AA,LAX,1,11,50,0,0,25,-28,67,0,0,36
31,11,28,3,12,2475,AA,LAX,1,11,50,0,0,25,-28,67,0,0,36
0,12,6,4,12,2475,DL,LAX,9,-17,44,0,0,15,0,78,0,0,38
25,12,6,4,9,2475,DL,LAX,9,-17,44,0,0,15,0,78,0,0,38
-5,12,6,4,19,2475,DL,LAX,9,-17,44,0,0,15,0,78,0,0,38
42,12,6,4,16,2475,AA,LAX,9,-17,44,0,0,15,0,78,0,0,38
-1,12,6,4,7,2475,B6,LAX,9,-17,44,0,0,15,0,78,0,0,38
-1,12,6,4,12,2475,B6,LAX,9,-17,44,0,0,15,0,78,0,0,38
0,12,6,4,16,2475,B6,LAX,9,-17,44,0,0,15,0,78,0,0,38
-1,12,6,4,20,2475,B6,LAX,9,-17,44,0,0,15,0,78,0,0,38
5,12,6,4,9,2475,B6,LAX,9,-17,44,0,0,15,0,78,0,0,38
-1,12,6,4,21,2475,AA,LAX,9,-17,44,0,0,15,0,78,0,0,38
6,12,6,4,9,2475,AA,LAX,9,-17,44,0,0,15,0,78,0,0,38
126,12,6,4,15,2475,AA,LAX,9,-17,44,0,0,15,0,78,0,0,38
-2,12,6,4,12,2475,AA,LAX,9,-17,44,0,0,15,0,78,0,0,38
-3,12,6,4,7,2475,DL,LAX,9,-17,44,0,0,15,0,78,0,0,38
4,12,6,4,13,2475,AA,LAX,9,-17,44,0,0,15,0,78,0,0,38
-6,12,6,4,10,2475,AA,LAX,9,-17,44,0,0,15,0,78,0,0,38
28,12,6,4,17,2475,DL,LAX,9,-17,44,0,0,15,0,78,0,0,38
19,12,6,4,19,2475,AA,LAX,9,-17,44,0,0,15,0,78,0,0,38
-1,12,6,4,21,2475,DL,LAX,9,-17,44,0,0,15,0,78,0,0,38
18,12,6,4,7,2475,AA,LAX,9,-17,44,0,0,15,0,78,0,0,38
0,12,6,4,15,2475,DL,LAX,9,-17,44,0,0,15,0,78,0,0,38
2,12,6,4,17,2475,UA,LAX,9,-17,44,0,0,15,0,78,0,0,38
15,12,6,4,20,2475,VX,LAX,9,-17,44,0,0,15,0,78,0,0,38
13,12,6,4,16,2475,VX,LAX,9,-17,44,0,0,15,0,78,0,0,38
129,12,6,4,13,2475,VX,LAX,9,-17,44,0,0,15,0,78,0,0,38
6,12,6,4,11,2475,VX,LAX,9,-17,44,0,0,15,0,78,0,0,38
-1,12,6,4,9,2475,VX,LAX,9,-17,44,0,0,15,0,78,0,0,38
14,12,6,4,8,2475,UA,LAX,9,-17,44,0,0,15,0,78,0,0,38
-2,12,6,4,6,2475,UA,LAX,9,-17,44,0,0,15,0,78,0,0,38
-1,12,6,4,20,2475,UA,LAX,9,-17,44,0,0,15,0,78,0,0,38
-8,12,6,4,11,2475,UA,LAX,9,-17,44,0,0,15,0,78,0,0,38
1,12,11,2,11,2475,VX,LAX,14,50,144,15,0,25,-44,11,0,0,46
-5,12,11,2,9,2475,VX,LAX,14,50,144,15,0,25,-44,11,0,0,46
-4,12,11,2,15,2475,UA,LAX,14,50,144,15,0,25,-44,11,0,0,46
-1,12,11,2,8,2475,UA,LAX,14,50,144,15,0,25,-44,11,0,0,46
-3,12,11,2,17,2475,UA,LAX,14,50,144,15,0,25,-44,11,0,0,46
10,12,11,2,11,2475,UA,LAX,14,50,144,15,0,25,-44,11,0,0,46
-1,12,11,2,20,2475,UA,LAX,14,50,144,15,0,25,-44,11,0,0,46
-6,12,11,2,6,2475,UA,LAX,14,50,144,15,0,25,-44,11,0,0,46
19,12,11,2,20,2475,VX,LAX,14,50,144,15,0,25,-44,11,0,0,46
6,12,11,2,16,2475,VX,LAX,14,50,144,15,0,25,-44,11,0,0,46
-3,12,11,2,13,2475,VX,LAX,14,50,144,15,0,25,-44,11,0,0,46
-5,12,11,2,9,2475,DL,LAX,14,50,144,15,0,25,-44,11,0,0,46
-1,12,11,2,16,2475,AA,LAX,14,50,144,15,0,25,-44,11,0,0,46
-1,12,11,2,12,2475,B6,LAX,14,50,144,15,0,25,-44,11,0,0,46
-3,12,11,2,7,2475,B6,LAX,14,50,144,15,0,25,-44,11,0,0,46
0,12,11,2,15,2475,AA,LAX,14,50,144,15,0,25,-44,11,0,0,46
9,12,11,2,12,2475,AA,LAX,14,50,144,15,0,25,-44,11,0,0,46
-6,12,11,2,9,2475,AA,LAX,14,50,144,15,0,25,-44,11,0,0,46
0,12,11,2,7,2475,AA,LAX,14,50,144,15,0,25,-44,11,0,0,46
66,12,11,2,13,2475,AA,LAX,14,50,144,15,0,25,-44,11,0,0,46
-5,12,11,2,7,2475,DL,LAX,14,50,144,15,0,25,-44,11,0,0,46
-6,12,11,2,12,2475,DL,LAX,14,50,144,15,0,25,-44,11,0,0,46
-2,12,11,2,21,2475,AA,LAX,14,50,144,15,0,25,-44,11,0,0,46
-1,12,11,2,17,2475,DL,LAX,14,50,144,15,0,25,-44,11,0,0,46
-1,12,11,2,9,2475,B6,LAX,14,50,144,15,0,25,-44,11,0,0,46
-3,12,11,2,15,2475,DL,LAX,14,50,144,15,0,25,-44,11,0,0,46
-7,12,11,2,21,2475,DL,LAX,14,50,144,15,0,25,-44,11,0,0,46
-5,12,11,2,20,2475,B6,LAX,14,50,144,15,0,25,-44,11,0,0,46
-3,12,11,2,16,2475,B6,LAX,14,50,144,15,0,25,-44,11,0,0,46
-4,12,11,2,10,2475,AA,LAX,14,50,144,15,0,25,-44,11,0,0,46
101,12,11,2,19,2475,AA,LAX,14,50,144,15,0,25,-44,11,0,0,46
-4,12,11,2,19,2475,DL,LAX,14,50,144,15,0,25,-44,11,0,0,46
-4,12,29,6,10,2475,AA,LAX,3,-11,11,66,0,27,-67,0,0,5,55
-3,12,29,6,15,2475,AA,LAX,3,-11,11,66,0,27,-67,0,0,5,55
-4,12,29,6,16,2475,AA,LAX,3,-11,11,66,0,27,-67,0,0,5,55
-3,12,29,6,12,2475,DL,LAX,3,-11,11,66,0,27,-67,0,0,5,55
-5,12,29,6,17,2475,DL,LAX,3,-11,11,66,0,27,-67,0,0,5,55
1,12,29,6,9,2475,DL,LAX,3,-11,11,66,0,27,-67,0,0,5,55
42,12,29,6,19,2475,DL,LAX,3,-11,11,66,0,27,-67,0,0,5,55
-3,12,29,6,15,2475,DL,LAX,3,-11,11,66,0,27,-67,0,0,5,55
-7,12,29,6,9,2475,AA,LAX,3,-11,11,66,0,27,-67,0,0,5,55
-5,12,29,6,13,2475,AA,LAX,3,-11,11,66,0,27,-67,0,0,5,55
13,12,29,6,12,2475,AA,LAX,3,-11,11,66,0,27,-67,0,0,5,55
10,12,29,6,19,2475,AA,LAX,3,-11,11,66,0,27,-67,0,0,5,55
4,12,29,6,9,2475,B6,LAX,3,-11,11,66,0,27,-67,0,0,5,55
0,12,29,6,12,2475,B6,LAX,3,-11,11,66,0,27,-67,0,0,5,55
-10,12,29,6,16,2475,B6,LAX,3,-11,11,66,0,27,-67,0,0,5,55
129,12,29,6,20,2475,B6,LAX,3,-11,11,66,0,27,-67,0,0,5,55
0,12,29,6,21,2475,AA,LAX,3,-11,11,66,0,27,-67,0,0,5,55
-2,12,29,6,7,2475,VX,LAX,3,-11,11,66,0,27,-67,0,0,5,55
-8,12,29,6,11,2475,VX,LAX,3,-11,11,66,0,27,-67,0,0,5,55
0,12,29,6,13,2475,VX,LAX,3,-11,11,66,0,27,-67,0,0,5,55
-7,12,29,6,9,2475,VX,LAX,3,-11,11,66,0,27,-67,0,0,5,55
201,12,29,6,20,2475,VX,LAX,3,-11,11,66,0,27,-67,0,0,5,55
359,12,29,6,16,2475,VX,LAX,3,-11,11,66,0,27,-67,0,0,5,55
-5,12,29,6,15,2475,UA,LAX,3,-11,11,66,0,27,-67,0,0,5,55
-1,12,29,6,6,2475,UA,LAX,3,-11,11,66,0,27,-67,0,0,5,55
-5,12,29,6,8,2475,UA,LAX,3,-11,11,66,0,27,-67,0,0,5,55
-3,12,29,6,11,2475,UA,LAX,3,-11,11,66,0,27,-67,0,0,5,55
