-3,1,7,6,17,2475,UA,LAX,6,78,167,0,0,31,-22,67,0,0,30
0,1,7,6,11,2475,UA,LAX,6,78,167,0,0,31,-22,67,0,0,30
-3,1,7,6,8,2475,UA,LAX,6,78,167,0,0,31,-22,67,0,0,30
0,1,7,6,15,2475,UA,LAX,6,78,167,0,0,31,-22,67,0,0,30
-1,1,7,6,6,2475,UA,LAX,6,78,167,0,0,31,-22,67,0,0,30
-4,1,7,6,16,2475,VX,LAX,6,78,167,0,0,31,-22,67,0,0,30
-8,1,7,6,15,2475,AA,LAX,6,78,167,0,0,31,-22,67,0,0,30
3,1,7,6,13,2475,VX,LAX,6,78,167,0,0,31,-22,67,0,0,30
-5,1,7,6,20,2475,B6,LAX,6,78,167,0,0,31,-22,67,0,0,30
-2,1,7,6,16,2475,B6,LAX,6,78,167,0,0,31,-22,67,0,0,30
0,1,7,6,11,2475,VX,LAX,6,78,167,0,0,31,-22,67,0,0,30
-4,1,7,6,11,2475,B6,LAX,6,78,167,0,0,31,-22,67,0,0,30
18,1,7,6,12,2475,AA,LAX,6,78,167,0,0,31,-22,67,0,0,30
1,1,7,6,9,2475,VX,LAX,6,78,167,0,0,31,-22,67,0,0,30
8,1,7,6,7,2475,VX,LAX,6,78,167,0,0,31,-22,67,0,0,30
2,1,7,6,9,2475,AA,LAX,6,78,167,0,0,31,-22,67,0,0,30
-6,1,7,6,19,2475,AA,LAX,6,78,167,0,0,31,-22,67,0,0,30
87,1,7,6,19,2475,DL,LAX,6,78,167,0,0,31,-22,67,0,0,30
15,1,7,6,15,2475,DL,LAX,6,78,167,0,0,31,-22,67,0,0,30
0,1,7,6,13,2475,AA,LAX,6,78,167,0,0,31,-22,67,0,0,30
-5,1,7,6,12,2475,DL,LAX,6,78,167,0,0,31,-22,67,0,0,30
-7,1,7,6,6,2475,AA,LAX,6,78,167,0,0,31,-22,67,0,0,30
-1,1,7,6,9,2475,DL,LAX,6,78,167,0,0,31,-22,67,0,0,30
-1,1,7,6,17,2475,DL,LAX,6,78,167,0,0,31,-22,67,0,0,30
-3,1,7,6,20,2475,VX,LAX,6,78,167,0,0,31,-22,67,0,0,30
-2,1,7,6,16,2475,AA,LAX,6,78,167,0,0,31,-22,67,0,0,30
-1,1,12,4,20,2475,B6,LAX,9,50,72,351,0,41,-72,28,89,119,52
-6,1,12,4,6,2475,AA,LAX,9,50,72,351,0,41,-72,28,89,119,52
-14,1,12,4,13,2475,VX,LAX,9,50,72,351,0,41,-72,28,89,119,52
2,1,12,4,11,2475,VX,LAX,9,50,72,351,0,41,-72,28,89,119,52
64,1,12,4,12,2475,AA,LAX,9,50,72,351,0,41,-72,28,89,119,52
73,1,12,4,13,2475,AA,LAX,9,50,72,351,0,41,-72,28,89,119,52
6,1,12,4,9,2475,VX,LAX,9,50,72,351,0,41,-72,28,89,119,52
0,1,12,4,7,2475,VX,LAX,9,50,72,351,0,41,-72,28,89,119,52
95,1,12,4,16,2475,AA,LAX,9,50,72,351,0,41,-72,28,89,119,52
2,1,12,4,9,2475,AA,LAX,9,50,72,351,0,41,-72,28,89,119,52
-1,1,12,4,21,2475,AA,LAX,9,50,72,351,0,41,-72,28,89,119,52
2,1,12,4,16,2475,VX,LAX,9,50,72,351,0,41,-72,28,89,119,52
3,1,12,4,10,2475,AA,LAX,9,50,72,351,0,41,-72,28,89,119,52
-1,1,12,4,19,2475,AA,LAX,9,50,72,351,0,41,-72,28,89,119,52
-7,1,12,4,11,2475,B6,LAX,9,50,72,351,0,41,-72,28,89,119,52
13,1,12,4,7,2475,B6,LAX,9,50,72,351,0,41,-72,28,89,119,52
2,1,12,4,20,2475,VX,LAX,9,50,72,351,0,41,-72,28,89,119,52
129,1,12,4,15,2475,AA,LAX,9,50,72,351,0,41,-72,28,89,119,52
-5,1,12,4,16,2475,B6,LAX,9,50,72,351,0,41,-72,28,89,119,52
-3,1,12,4,6,2475,UA,LAX,9,50,72,351,0,41,-72,28,89,119,52
-6,1,12,4,11,2475,UA,LAX,9,50,72,351,0,41,-72,28,89,119,52
-2,1,12,4,17,2475,UA,LAX,9,50,72,351,0,41,-72,28,89,119,52
1,1,12,4,20,2475,UA,LAX,9,50,72,351,0,41,-72,28,89,119,52
0,1,12,4,15,2475,UA,LAX,9,50,72,351,0,41,-72,28,89,119,52
-5,1,12,4,8,2475,UA,LAX,9,50,72,351,0,41,-72,28,89,119,52
2,1,12,4,21,2475,DL,LAX,9,50,72,351,0,41,-72,28,89,119,52
-4,1,12,4,9,2475,DL,LAX,9,50,72,351,0,41,-72,28,89,119,52
18,1,12,4,7,2475,DL,LAX,9,50,72,351,0,41,-72,28,89,119,52
-4,1,12,4,12,2475,DL,LAX,9,50,72,351,0,41,-72,28,89,119,52
0,1,12,4,15,2475,DL,LAX,9,50,72,351,0,41,-72,28,89,119,52
-2,1,12,4,7,2475,DL,LAX,9,50,72,351,0,41,-72,28,89,119,52
4,1,12,4,17,2475,DL,LAX,9,50,72,351,0,41,-72,28,89,119,52
-5,1,12,4,19,2475,DL,LAX,9,50,72,351,0,41,-72,28,89,119,52
-5,2,8,3,12,2475,DL,LAX,10,-6,33,3,0,19,-39,28,0,0,36
-4,2,8,3,20,2475,B6,LAX,10,-6,33,3,0,19,-39,28,0,0,36
2,2,8,3,21,2475,AA,LAX,10,-6,33,3,0,19,-39,28,0,0,36
1,2,8,3,12,2475,AA,LAX,10,-6,33,3,0,19,-39,28,0,0,36
-2,2,8,3,9,2475,AA,LAX,10,-6,33,3,0,19,-39,28,0,0,36
-1,2,8,3,17,2475,DL,LAX,10,-6,33,3,0,19,-39,28,0,0,36
0,2,8,3,16,2475,B6,LAX,10,-6,33,3,0,19,-39,28,0,0,36
-3,2,8,3,19,2475,DL,LAX,10,-6,33,3,0,19,-39,28,0,0,36
-5,2,8,3,6,2475,AA,LAX,10,-6,33,3,0,19,-39,28,0,0,36
-2,2,8,3,7,2475,B6,LAX,10,-6,33,3,0,19,-39,28,0,0,36
-1,2,8,3,9,2475,DL,LAX,10,-6,33,3,0,19,-39,28,0,0,36
-3,2,8,3,15,2475,DL,LAX,10,-6,33,3,0,19,-39,28,0,0,36
-4,2,8,3,21,2475,DL,LAX,10,-6,33,3,0,19,-39,28,0,0,36
-5,2,8,3,10,2475,AA,LAX,10,-6,33,3,0,19,-39,28,0,0,36
32,2,8,3,11,2475,B6,LAX,10,-6,33,3,0,19,-39,28,0,0,36
-4,2,8,3,16,2475,AA,LAX,10,-6,33,3,0,19,-39,28,0,0,36
-4,2,8,3,19,2475,AA,LAX,10,-6,33,3,0,19,-39,28,0,0,36
-5,2,8,3,13,2475,AA,LAX,10,-6,33,3,0,19,-39,28,0,0,36
-6,2,8,3,6,2475,UA,LAX,10,-6,33,3,0,19,-39,28,0,0,36
0,2,8,3,16,2475,VX,LAX,10,-6,33,3,0,19,-39,28,0,0,36
7,2,8,3,20,2475,VX,LAX,10,-6,33,3,0,19,-39,28,0,0,36
-4,2,8,3,13,2475,VX,LAX,10,-6,33,3,0,19,-39,28,0,0,36
-3,2,8,3,11,2475,VX,LAX,10,-6,33,3,0,19,-39,28,0,0,36
1,2,8,3,9,2475,VX,LAX,10,-6,33,3,0,19,-39,28,0,0,36
-3,2,8,3,7,2475,VX,LAX,10,-6,33,3,0,19,-39,28,0,0,36
-5,2,8,3,8,2475,UA,LAX,10,-6,33,3,0,19,-39,28,0,0,36
3,2,8,3,17,2475,UA,LAX,10,-6,33,3,0,19,-39,28,0,0,36
0,2,8,3,15,2475,UA,LAX,10,-6,33,3,0,19,-39,28,0,0,36
0,2,8,3,11,2475,UA,LAX,10,-6,33,3,0,19,-39,28,0,0,36
-7,2,8,3,20,2475,UA,LAX,10,-6,33,3,0,19,-39,28,0,0,36
-4,2,13,1,19,2475,DL,LAX,5,-22,67,0,0,36,-94,22,8,8,38
-6,2,13,1,13,2475,AA,LAX,5,-22,67,0,0,36,-94,22,8,8,38
-8,2,13,1,10,2475,AA,LAX,5,-22,67,0,0,36,-94,22,8,8,38
-8,2,13,1,12,2475,AA,LAX,5,-22,67,0,0,36,-94,22,8,8,38
92,2,13,1,15,2475,AA,LAX,5,-22,67,0,0,36,-94,22,8,8,38
-2,2,13,1,7,2475,B6,LAX,5,-22,67,0,0,36,-94,22,8,8,38
-4,2,13,1,11,2475,B6,LAX,5,-22,67,0,0,36,-94,22,8,8,38
-4,2,13,1,16,2475,AA,LAX,5,-22,67,0,0,36,-94,22,8,8,38
-6,2,13,1,17,2475,DL,LAX,5,-22,67,0,0,36,-94,22,8,8,38
-6,2,13,1,9,2475,DL,LAX,5,-22,67,0,0,36,-94,22,8,8,38
-6,2,13,1,7,2475,DL,LAX,5,-22,67,0,0,36,-94,22,8,8,38
-1,2,13,1,16,2475,B6,LAX,5,-22,67,0,0,36,-94,22,8,8,38
-4,2,13,1,21,2475,DL,LAX,5,-22,67,0,0,36,-94,22,8,8,38
-7,2,13,1,21,2475,AA,LAX,5,-22,67,0,0,36,-94,22,8,8,38
-5,2,13,1,12,2475,DL,LAX,5,-22,67,0,0,36,-94,22,8,8,38
-9,2,13,1,9,2475,AA,LAX,5,-22,67,0,0,36,-94,22,8,8,38
-4,2,13,1,15,2475,DL,LAX,5,-22,67,0,0,36,-94,22,8,8,38
-7,2,13,1,20,2475,B6,LAX,5,-22,67,0,0,36,-94,22,8,8,38
8,2,13,1,7,2475,AA,LAX,5,-22,67,0,0,36,-94,22,8,8,38
-6,2,13,1,19,2475,AA,LAX,5,-22,67,0,0,36,-94,22,8,8,38
-11,2,13,1,7,2475,AA,LAX,5,-22,67,0,0,36,-94,22,8,8,38
1,2,13,1,11,2475,UA,LAX,5,-22,67,0,0,36,-94,22,8,8,38
-6,2,13,1,9,2475,VX,LAX,5,-22,67,0,0,36,-94,22,8,8,38
-6,2,13,1,20,2475,VX,LAX,5,-22,67,0,0,36,-94,22,8,8,38
-2,2,13,1,8,2475,UA,LAX,5,-22,67,0,0,36,-94,22,8,8,38
-3,2,13,1,15,2475,UA,LAX,5,-22,67,0,0,36,-94,22,8,8,38
204,2,13,1,13,2475,VX,LAX,5,-22,67,0,0,36,-94,22,8,8,38
0,2,13,1,6,2475,UA,LAX,5,-22,67,0,0,36,-94,22,8,8,38
-7,2,13,1,20,2475,UA,LAX,5,-22,67,0,0,36,-94,22,8,8,38
-4,2,13,1,7,2475,VX,LAX,5,-22,67,0,0,36,-94,22,8,8,38
26,2,13,1,16,2475,VX,LAX,5,-22,67,0,0,36,-94,22,8,8,38
1,2,13,1,17,2475,UA,LAX,5,-22,67,0,0,36,-94,22,8,8,38
-1,2,13,1,11,2475,VX,LAX,5,-22,67,0,0,36,-94,22,8,8,38
-5,3,9,5,12,2475,DL,LAX,20,28,178,5,0,39,-22,44,0,0,56
24,3,9,5,7,2475,DL,LAX,20,28,178,5,0,39,-22,44,0,0,56
-4,3,9,5,19,2475,DL,LAX,20,28,178,5,0,39,-22,44,0,0,56
53,3,9,5,15,2475,DL,LAX,20,28,178,5,0,39,-22,44,0,0,56
4,3,9,5,21,2475,DL,LAX,20,28,178,5,0,39,-22,44,0,0,56
0,3,9,5,17,2475,DL,LAX,20,28,178,5,0,39,-22,44,0,0,56
3,3,9,5,9,2475,DL,LAX,20,28,178,5,0,39,-22,44,0,0,56
1,3,9,5,17,2475,UA,LAX,20,28,178,5,0,39,-22,44,0,0,56
-4,3,9,5,11,2475,UA,LAX,20,28,178,5,0,39,-22,44,0,0,56
4,3,9,5,15,2475,UA,LAX,20,28,178,5,0,39,-22,44,0,0,56
-2,3,9,5,6,2475,UA,LAX,20,28,178,5,0,39,-22,44,0,0,56
15,3,9,5,20,2475,VX,LAX,20,28,178,5,0,39,-22,44,0,0,56
6,3,9,5,16,2475,VX,LAX,20,28,178,5,0,39,-22,44,0,0,56
-3,3,9,5,13,2475,VX,LAX,20,28,178,5,0,39,-22,44,0,0,56
-6,3,9,5,11,2475,VX,LAX,20,28,178,5,0,39,-22,44,0,0,56
2,3,9,5,9,2475,VX,LAX,20,28,178,5,0,39,-22,44,0,0,56
-5,3,9,5,7,2475,VX,LAX,20,28,178,5,0,39,-22,44,0,0,56
0,3,9,5,20,2475,UA,LAX,20,28,178,5,0,39,-22,44,0,0,56
-2,3,9,5,8,2475,UA,LAX,20,28,178,5,0,39,-22,44,0,0,56
124,3,9,5,15,2475,AA,LAX,20,28,178,5,0,39,-22,44,0,0,56
-3,3,9,5,21,2475,AA,LAX,20,28,178,5,0,39,-22,44,0,0,56
-2,3,9,5,7,2475,AA,LAX,20,28,178,5,0,39,-22,44,0,0,56
-7,3,9,5,7,2475,B6,LAX,20,28,178,5,0,39,-22,44,0,0,56
-4,3,9,5,9,2475,B6,LAX,20,28,178,5,0,39,-22,44,0,0,56
9,3,9,5,16,2475,B6,LAX,20,28,178,5,0,39,-22,44,0,0,56
-4,3,9,5,20,2475,B6,LAX,20,28,178,5,0,39,-22,44,0,0,56
-8,3,9,5,13,2475,AA,LAX,20,28,178,5,0,39,-22,44,0,0,56
-9,3,9,5,9,2475,AA,LAX,20,28,178,5,0,39,-22,44,0,0,56
0,3,9,5,16,2475,AA,LAX,20,28,178,5,0,39,-22,44,0,0,56
18,3,9,5,19,2475,AA,LAX,20,28,178,5,0,39,-22,44,0,0,56
-7,3,9,5,10,2475,AA,LAX,20,28,178,5,0,39,-22,44,0,0,56
-6,3,9,5,7,2475,AA,LAX,20,28,178,5,0,39,-22,44,0,0,56
-7,3,9,5,12,2475,AA,LAX,20,28,178,5,0,39,-22,44,0,0,56
2,3,14,3,17,2475,UA,LAX,25,100,211,0,0,20,78,272,0,0,51
-5,3,14,3,8,2475,UA,LAX,25,100,211,0,0,20,78,272,0,0,51
7,3,14,3,15,2475,UA,LAX,25,100,211,0,0,20,78,272,0,0,51
-4,3,14,3,6,2475,UA,LAX,25,100,211,0,0,20,78,272,0,0,51
57,3,14,3,9,2475,VX,LAX,25,100,211,0,0,20,78,272,0,0,51
-3,3,14,3,7,2475,VX,LAX,25,100,211,0,0,20,78,272,0,0,51
8,3,14,3,11,2475,VX,LAX,25,100,211,0,0,20,78,272,0,0,51
3,3,14,3,13,2475,VX,LAX,25,100,211,0,0,20,78,272,0,0,51
72,3,14,3,16,2475,VX,LAX,25,100,211,0,0,20,78,272,0,0,51
-4,3,14,3,11,2475,UA,LAX,25,100,211,0,0,20,78,272,0,0,51
14,3,14,3,20,2475,VX,LAX,25,100,211,0,0,20,78,272,0,0,51
-1,3,14,3,20,2475,UA,LAX,25,100,211,0,0,20,78,272,0,0,51
-1,3,14,3,19,2475,AA,LAX,25,100,211,0,0,20,78,272,0,0,51
69,3,14,3,21,2475,AA,LAX,25,100,211,0,0,20,78,272,0,0,51
150,3,14,3,15,2475,AA,LAX,25,100,211,0,0,20,78,272,0,0,51
-5,3,14,3,9,2475,AA,LAX,25,100,211,0,0,20,78,272,0,0,51
15,3,14,3,20,2475,B6,LAX,25,100,211,0,0,20,78,272,0,0,51
-7,3,14,3,16,2475,B6,LAX,25,100,211,0,0,20,78,272,0,0,51
-3,3,14,3,9,2475,B6,LAX,25,100,211,0,0,20,78,272,0,0,51
-3,3,14,3,7,2475,B6,LAX,25,100,211,0,0,20,78,272,0,0,51
38,3,14,3,12,2475,AA,LAX,25,100,211,0,0,20,78,272,0,0,51
-8,3,14,3,16,2475,AA,LAX,25,100,211,0,0,20,78,272,0,0,51
-7,3,14,3,10,2475,AA,LAX,25,100,211,0,0,20,78,272,0,0,51
-9,3,14,3,7,2475,AA,LAX,25,100,211,0,0,20,78,272,0,0,51
-5,3,14,3,13,2475,AA,LAX,25,100,211,0,0,20,78,272,0,0,51
-9,3,14,3,7,2475,AA,LAX,25,100,211,0,0,20,78,272,0,0,51
-3,3,14,3,17,2475,DL,LAX,25,100,211,0,0,20,78,272,0,0,51
-5,3,14,3,19,2475,DL,LAX,25,100,211,0,0,20,78,272,0,0,51
-5,3,14,3,7,2475,DL,LAX,25,100,211,0,0,20,78,272,0,0,51
-2,3,14,3,12,2475,DL,LAX,25,100,211,0,0,20,78,272,0,0,51
-4,3,14,3,9,2475,DL,LAX,25,100,211,0,0,20,78,272,0,0,51
-3,3,14,3,15,2475,DL,LAX,25,100,211,0,0,20,78,272,0,0,51
-5,3,14,3,21,2475,DL,LAX,25,100,211,0,0,20,78,272,0,0,51
3,4,15,7,7,2475,B6,LAX,37,144,250,0,0,16,161,250,170,0,77
-8,4,15,7,12,2475,AA,LAX,37,144,250,0,0,16,161,250,170,0,77
-2,4,15,7,20,2475,B6,LAX,37,144,250,0,0,16,161,250,170,0,77
-3,4,15,7,21,2475,AA,LAX,37,144,250,0,0,16,161,250,170,0,77
21,4,15,7,16,2475,AA,LAX,37,144,250,0,0,16,161,250,170,0,77
-5,4,15,7,10,2475,AA,LAX,37,144,250,0,0,16,161,250,170,0,77
4,4,15,7,16,2475,B6,LAX,37,144,250,0,0,16,161,250,170,0,77
2,4,15,7,15,2475,AA,LAX,37,144,250,0,0,16,161,250,170,0,77
43,4,15,7,19,2475,AA,LAX,37,144,250,0,0,16,161,250,170,0,77
7,4,15,7,9,2475,B6,LAX,37,144,250,0,0,16,161,250,170,0,77
9,4,15,7,19,2475,DL,LAX,37,144,250,0,0,16,161,250,170,0,77
-7,4,15,7,9,2475,DL,LAX,37,144,250,0,0,16,161,250,170,0,77
3,4,15,7,21,2475,DL,LAX,37,144,250,0,0,16,161,250,170,0,77
-6,4,15,7,13,2475,AA,LAX,37,144,250,0,0,16,161,250,170,0,77
-5,4,15,7,9,2475,AA,LAX,37,144,250,0,0,16,161,250,170,0,77
-5,4,15,7,7,2475,AA,LAX,37,144,250,0,0,16,161,250,170,0,77
-3,4,15,7,11,2475,UA,LAX,37,144,250,0,0,16,161,250,170,0,77
0,4,15,7,20,2475,UA,LAX,37,144,250,0,0,16,161,250,170,0,77
-2,4,15,7,15,2475,UA,LAX,37,144,250,0,0,16,161,250,170,0,77
-6,4,15,7,8,2475,UA,LAX,37,144,250,0,0,16,161,250,170,0,77
-2,4,15,7,17,2475,UA,LAX,37,144,250,0,0,16,161,250,170,0,77
10,4,15,7,7,2475,VX,LAX,37,144,250,0,0,16,161,250,170,0,77
-2,4,15,7,17,2475,DL,LAX,37,144,250,0,0,16,161,250,170,0,77
-3,4,15,7,15,2475,DL,LAX,37,144,250,0,0,16,161,250,170,0,77
-4,4,15,7,12,2475,DL,LAX,37,144,250,0,0,16,161,250,170,0,77
-5,4,15,7,7,2475,DL,LAX,37,144,250,0,0,16,161,250,170,0,77
13,4,15,7,20,2475,VX,LAX,37,144,250,0,0,16,161,250,170,0,77
24,4,15,7,16,2475,VX,LAX,37,144,250,0,0,16,161,250,170,0,77
0,4,15,7,13,2475,VX,LAX,37,144,250,0,0,16,161,250,170,0,77
17,4,15,7,11,2475,VX,LAX,37,144,250,0,0,16,161,250,170,0,77
36,4,15,7,9,2475,VX,LAX,37,144,250,0,0,16,161,250,170,0,77
-1,4,20,5,6,2475,AA,LAX,32,122,217,0,0,22,56,83,5,0,60
-6,4,20,5,13,2475,AA,LAX,32,122,217,0,0,22,56,83,5,0,60
-4,4,20,5,20,2475,B6,LAX,32,122,217,0,0,22,56,83,5,0,60
-2,4,20,5,9,2475,DL,LAX,32,122,217,0,0,22,56,83,5,0,60
-5,4,20,5,7,2475,AA,LAX,32,122,217,0,0,22,56,83,5,0,60
-5,4,20,5,19,2475,DL,LAX,32,122,217,0,0,22,56,83,5,0,60
-3,4,20,5,16,2475,B6,LAX,32,122,217,0,0,22,56,83,5,0,60
-7,4,20,5,19,2475,AA,LAX,32,122,217,0,0,22,56,83,5,0,60
-1,4,20,5,17,2475,DL,LAX,32,122,217,0,0,22,56,83,5,0,60
-3,4,20,5,9,2475,B6,LAX,32,122,217,0,0,22,56,83,5,0,60
-1,4,20,5,7,2475,B6,LAX,32,122,217,0,0,22,56,83,5,0,60
13,4,20,5,21,2475,DL,LAX,32,122,217,0,0,22,56,83,5,0,60
29,4,20,5,15,2475,AA,LAX,32,122,217,0,0,22,56,83,5,0,60
-3,4,20,5,12,2475,DL,LAX,32,122,217,0,0,22,56,83,5,0,60
-6,4,20,5,10,2475,AA,LAX,32,122,217,0,0,22,56,83,5,0,60
-6,4,20,5,16,2475,AA,LAX,32,122,217,0,0,22,56,83,5,0,60
-6,4,20,5,21,2475,AA,LAX,32,122,217,0,0,22,56,83,5,0,60
-7,4,20,5,9,2475,AA,LAX,32,122,217,0,0,22,56,83,5,0,60
-3,4,20,5,15,2475,DL,LAX,32,122,217,0,0,22,56,83,5,0,60
-5,4,20,5,7,2475,DL,LAX,32,122,217,0,0,22,56,83,5,0,60
-4,4,20,5,12,2475,AA,LAX,32,122,217,0,0,22,56,83,5,0,60
14,4,20,5,13,2475,VX,LAX,32,122,217,0,0,22,56,83,5,0,60
7,4,20,5,7,2475,VX,LAX,32,122,217,0,0,22,56,83,5,0,60
1,4,20,5,9,2475,VX,LAX,32,122,217,0,0,22,56,83,5,0,60
1,4,20,5,11,2475,UA,LAX,32,122,217,0,0,22,56,83,5,0,60
-4,4,20,5,15,2475,UA,LAX,32,122,217,0,0,22,56,83,5,0,60
-5,4,20,5,11,2475,VX,LAX,32,122,217,0,0,22,56,83,5,0,60
-1,4,20,5,20,2475,VX,LAX,32,122,217,0,0,22,56,83,5,0,60
1,4,20,5,16,2475,VX,LAX,32,122,217,0,0,22,56,83,5,0,60
-5,4,20,5,17,2475,UA,LAX,32,122,217,0,0,22,56,83,5,0,60
-1,4,20,5,6,2475,UA,LAX,32,122,217,0,0,22,56,83,5,0,60
-5,4,20,5,8,2475,UA,LAX,32,122,217,0,0,22,56,83,5,0,60
-2,4,20,5,20,2475,UA,LAX,32,122,217,0,0,22,56,83,5,0,60
-3,5,16,3,7,2475,VX,LAX,6,161,256,23,0,9,100,183,0,0,47
35,5,16,3,20,2475,VX,LAX,6,161,256,23,0,9,100,183,0,0,47
-1,5,16,3,16,2475,VX,LAX,6,161,256,23,0,9,100,183,0,0,47
3,5,16,3,13,2475,VX,LAX,6,161,256,23,0,9,100,183,0,0,47
-1,5,16,3,11,2475,VX,LAX,6,161,256,23,0,9,100,183,0,0,47
15,5,16,3,9,2475,VX,LAX,6,161,256,23,0,9,100,183,0,0,47
0,5,16,3,17,2475,DL,LAX,6,161,256,23,0,9,100,183,0,0,47
-2,5,16,3,15,2475,DL,LAX,6,161,256,23,0,9,100,183,0,0,47
1,5,16,3,12,2475,DL,LAX,6,161,256,23,0,9,100,183,0,0,47
-2,5,16,3,7,2475,DL,LAX,6,161,256,23,0,9,100,183,0,0,47
-6,5,16,3,9,2475,DL,LAX,6,161,256,23,0,9,100,183,0,0,47
0,5,16,3,19,2475,DL,LAX,6,161,256,23,0,9,100,183,0,0,47
0,5,16,3,6,2475,UA,LAX,6,161,256,23,0,9,100,183,0,0,47
16,5,16,3,21,2475,DL,LAX,6,161,256,23,0,9,100,183,0,0,47
-8,5,16,3,12,2475,AA,LAX,6,161,256,23,0,9,100,183,0,0,47
-1,5,16,3,21,2475,AA,LAX,6,161,256,23,0,9,100,183,0,0,47
-1,5,16,3,9,2475,AA,LAX,6,161,256,23,0,9,100,183,0,0,47
-6,5,16,3,7,2475,AA,LAX,6,161,256,23,0,9,100,183,0,0,47
7,5,16,3,15,2475,UA,LAX,6,161,256,23,0,9,100,183,0,0,47
1,5,16,3,21,2475,UA,LAX,6,161,256,23,0,9,100,183,0,0,47
29,5,16,3,16,2475,AA,LAX,6,161,256,23,0,9,100,183,0,0,47
8,5,16,3,19,2475,AA,LAX,6,161,256,23,0,9,100,183,0,0,47
1,5,16,3,6,2475,AA,LAX,6,161,256,23,0,9,100,183,0,0,47
-7,5,16,3,13,2475,AA,LAX,6,161,256,23,0,9,100,183,0,0,47
0,5,16,3,11,2475,UA,LAX,6,161,256,23,0,9,100,183,0,0,47
1,5,16,3,17,2475,UA,LAX,6,161,256,23,0,9,100,183,0,0,47
123,5,16,3,15,2475,AA,LAX,6,161,256,23,0,9,100,183,0,0,47
-7,5,16,3,10,2475,AA,LAX,6,161,256,23,0,9,100,183,0,0,47
-2,5,16,3,7,2475,B6,LAX,6,161,256,23,0,9,100,183,0,0,47
0,5,16,3,16,2475,B6,LAX,6,161,256,23,0,9,100,183,0,0,47
-2,5,16,3,20,2475,B6,LAX,6,161,256,23,0,9,100,183,0,0,47
36,5,16,3,9,2475,B6,LAX,6,161,256,23,0,9,100,183,0,0,47
-1,5,16,3,8,2475,UA,LAX,6,161,256,23,0,9,100,183,0,0,47
-1,5,21,1,15,2475,DL,LAX,1,139,167,356,0,32,122,194,0,0,56
-5,5,21,1,12,2475,AA,LAX,1,139,167,356,0,32,122,194,0,0,56
-2,5,21,1,16,2475,AA,LAX,1,139,167,356,0,32,122,194,0,0,56
-2,5,21,1,10,2475,AA,LAX,1,139,167,356,0,32,122,194,0,0,56
33,5,21,1,17,2475,UA,LAX,1,139,167,356,0,32,122,194,0,0,56
-1,5,21,1,11,2475,UA,LAX,1,139,167,356,0,32,122,194,0,0,56
45,5,21,1,21,2475,UA,LAX,1,139,167,356,0,32,122,194,0,0,56
-1,5,21,1,15,2475,UA,LAX,1,139,167,356,0,32,122,194,0,0,56
-3,5,21,1,7,2475,B6,LAX,1,139,167,356,0,32,122,194,0,0,56
5,5,21,1,16,2475,B6,LAX,1,139,167,356,0,32,122,194,0,0,56
61,5,21,1,20,2475,B6,LAX,1,139,167,356,0,32,122,194,0,0,56
100,5,21,1,9,2475,B6,LAX,1,139,167,356,0,32,122,194,0,0,56
-2,5,21,1,7,2475,AA,LAX,1,139,167,356,0,32,122,194,0,0,56
27,5,21,1,21,2475,DL,LAX,1,139,167,356,0,32,122,194,0,0,56
-5,5,21,1,17,2475,DL,LAX,1,139,167,356,0,32,122,194,0,0,56
-4,5,21,1,12,2475,DL,LAX,1,139,167,356,0,32,122,194,0,0,56
22,5,21,1,7,2475,DL,LAX,1,139,167,356,0,32,122,194,0,0,56
-1,5,21,1,9,2475,DL,LAX,1,139,167,356,0,32,122,194,0,0,56
145,5,21,1,19,2475,DL,LAX,1,139,167,356,0,32,122,194,0,0,56
-7,5,21,1,13,2475,AA,LAX,1,139,167,356,0,32,122,194,0,0,56
-5,5,21,1,15,2475,AA,LAX,1,139,167,356,0,32,122,194,0,0,56
-2,5,21,1,21,2475,AA,LAX,1,139,167,356,0,32,122,194,0,0,56
-3,5,21,1,6,2475,UA,LAX,1,139,167,356,0,32,122,194,0,0,56
-4,5,21,1,8,2475,UA,LAX,1,139,167,356,0,32,122,194,0,0,56
-5,5,21,1,6,2475,AA,LAX,1,139,167,356,0,32,122,194,0,0,56
21,5,21,1,9,2475,AA,LAX,1,139,167,356,0,32,122,194,0,0,56
6,5,21,1,19,2475,AA,LAX,1,139,167,356,0,32,122,194,0,0,56
0,5,21,1,13,2475,VX,LAX,1,139,167,356,0,32,122,194,0,0,56
0,5,21,1,7,2475,VX,LAX,1,139,167,356,0,32,122,194,0,0,56
1,5,21,1,16,2475,VX,LAX,1,139,167,356,0,32,122,194,0,0,56
32,5,21,1,20,2475,VX,LAX,1,139,167,356,0,32,122,194,0,0,56
13,5,21,1,9,2475,VX,LAX,1,139,167,356,0,32,122,194,0,0,56
0,5,21,1,11,2475,VX,LAX,1,139,167,356,0,32,122,194,0,0,56
-2,6,17,7,8,2475,AA,LAX,17,144,228,0,0,20,206,306,28,0,32
12,6,17,7,21,2475,DL,LAX,17,144,228,0,0,20,206,306,28,0,32
-8,6,17,7,10,2475,AA,LAX,17,144,228,0,0,20,206,306,28,0,32
-4,6,17,7,12,2475,AA,LAX,17,144,228,0,0,20,206,306,28,0,32
-8,6,17,7,11,2475,DL,LAX,17,144,228,0,0,20,206,306,28,0,32
-6,6,17,7,17,2475,AA,LAX,17,144,228,0,0,20,206,306,28,0,32
-4,6,17,7,19,2475,AA,LAX,17,144,228,0,0,20,206,306,28,0,32
105,6,17,7,7,2475,B6,LAX,17,144,228,0,0,20,206,306,28,0,32
5,6,17,7,17,2475,DL,LAX,17,144,228,0,0,20,206,306,28,0,32
-6,6,17,7,16,2475,B6,LAX,17,144,228,0,0,20,206,306,28,0,32
15,6,17,7,20,2475,B6,LAX,17,144,228,0,0,20,206,306,28,0,32
-7,6,17,7,9,2475,B6,LAX,17,144,228,0,0,20,206,306,28,0,32
0,6,17,7,19,2475,DL,LAX,17,144,228,0,0,20,206,306,28,0,32
-1,6,17,7,9,2475,DL,LAX,17,144,228,0,0,20,206,306,28,0,32
-6,6,17,7,13,2475,AA,LAX,17,144,228,0,0,20,206,306,28,0,32
3,6,17,7,15,2475,DL,LAX,17,144,228,0,0,20,206,306,28,0,32
-9,6,17,7,13,2475,DL,LAX,17,144,228,0,0,20,206,306,28,0,32
-6,6,17,7,20,2475,AA,LAX,17,144,228,0,0,20,206,306,28,0,32
-3,6,17,7,7,2475,DL,LAX,17,144,228,0,0,20,206,306,28,0,32
-7,6,17,7,9,2475,AA,LAX,17,144,228,0,0,20,206,306,28,0,32
-6,6,17,7,15,2475,AA,LAX,17,144,228,0,0,20,206,306,28,0,32
0,6,17,7,8,2475,UA,LAX,17,144,228,0,0,20,206,306,28,0,32
7,6,17,7,21,2475,UA,LAX,17,144,228,0,0,20,206,306,28,0,32
-9,6,17,7,11,2475,UA,LAX,17,144,228,0,0,20,206,306,28,0,32
82,6,17,7,15,2475,UA,LAX,17,144,228,0,0,20,206,306,28,0,32
41,6,17,7,17,2475,UA,LAX,17,144,228,0,0,20,206,306,28,0,32
0,6,17,7,9,2475,VX,LAX,17,144,228,0,0,20,206,306,28,0,32
1,6,17,7,11,2475,VX,LAX,17,144,228,0,0,20,206,306,28,0,32
-6,6,17,7,13,2475,VX,LAX,17,144,228,0,0,20,206,306,28,0,32
3,6,17,7,16,2475,VX,LAX,17,144,228,0,0,20,206,306,28,0,32
39,6,17,7,20,2475,VX,LAX,17,144,228,0,0,20,206,306,28,0,32
-1,6,17,7,7,2475,VX,LAX,17,144,228,0,0,20,206,306,28,0,32
-5,6,22,5,8,2475,UA,LAX,12,211,322,89,0,12,178,306,0,0,30
65,6,22,5,17,2475,UA,LAX,12,211,322,89,0,12,178,306,0,0,30
148,6,22,5,21,2475,UA,LAX,12,211,322,89,0,12,178,306,0,0,30
-3,6,22,5,11,2475,UA,LAX,12,211,322,89,0,12,178,306,0,0,30
-6,6,22,5,6,2475,UA,LAX,12,211,322,89,0,12,178,306,0,0,30
65,6,22,5,15,2475,UA,LAX,12,211,322,89,0,12,178,306,0,0,30
0,6,22,5,13,2475,VX,LAX,12,211,322,89,0,12,178,306,0,0,30
-2,6,22,5,7,2475,VX,LAX,12,211,322,89,0,12,178,306,0,0,30
-1,6,22,5,11,2475,VX,LAX,12,211,322,89,0,12,178,306,0,0,30
-1,6,22,5,9,2475,VX,LAX,12,211,322,89,0,12,178,306,0,0,30
241,6,22,5,20,2475,VX,LAX,12,211,322,89,0,12,178,306,0,0,30
460,6,22,5,16,2475,VX,LAX,12,211,322,89,0,12,178,306,0,0,30
342,6,22,5,16,2475,B6,LAX,12,211,322,89,0,12,178,306,0,0,30
177,6,22,5,17,2475,AA,LAX,12,211,322,89,0,12,178,306,0,0,30
0,6,22,5,9,2475,AA,LAX,12,211,322,89,0,12,178,306,0,0,30
376,6,22,5,15,2475,AA,LAX,12,211,322,89,0,12,178,306,0,0,30
168,6,22,5,20,2475,AA,LAX,12,211,322,89,0,12,178,306,0,0,30
219,6,22,5,21,2475,DL,LAX,12,211,322,89,0,12,178,306,0,0,30
90,6,22,5,22,2475,B6,LAX,12,211,322,89,0,12,178,306,0,0,30
-6,6,22,5,7,2475,B6,LAX,12,211,322,89,0,12,178,306,0,0,30
111,6,22,5,13,2475,AA,LAX,12,211,322,89,0,12,178,306,0,0,30
-1,6,22,5,8,2475,AA,LAX,12,211,322,89,0,12,178,306,0,0,30
266,6,22,5,19,2475,AA,LAX,12,211,322,89,0,12,178,306,0,0,30
77,6,22,5,7,2475,DL,LAX,12,211,322,89,0,12,178,306,0,0,30
-2,6,22,5,13,2475,DL,LAX,12,211,322,89,0,12,178,306,0,0,30
153,6,22,5,21,2475,B6,LAX,12,211,322,89,0,12,178,306,0,0,30
-1,6,22,5,11,2475,DL,LAX,12,211,322,89,0,12,178,306,0,0,30
73,6,22,5,15,2475,DL,LAX,12,211,322,89,0,12,178,306,0,0,30
141,6,22,5,9,2475,DL,LAX,12,211,322,89,0,12,178,306,0,0,30
214,6,22,5,19,2475,DL,LAX,12,211,322,89,0,12,178,306,0,0,30
172,6,22,5,17,2475,DL,LAX,12,211,322,89,0,12,178,306,0,0,30
-7,6,22,5,12,2475,AA,LAX,12,211,322,89,0,12,178,306,0,0,30
-7,6,22,5,9,2475,B6,LAX,12,211,322,89,0,12,178,306,0,0,30
-1,6,22,5,12,2475,B6,LAX,12,211,322,89,0,12,178,306,0,0,30
1,6,22,5,10,2475,AA,LAX,12,211,322,89,0,12,178,306,0,0,30
297,7,18,3,17,2475,UA,LAX,14,228,378,447,0,13,222,344,216,0,37
-8,7,18,3,8,2475,UA,LAX,14,228,378,447,0,13,222,344,216,0,37
63,7,18,3,15,2475,UA,LAX,14,228,378,447,0,13,222,344,216,0,37
-3,7,18,3,6,2475,UA,LAX,14,228,378,447,0,13,222,344,216,0,37
-5,7,18,3,11,2475,UA,LAX,14,228,378,447,0,13,222,344,216,0,37
178,7,18,3,21,2475,UA,LAX,14,228,378,447,0,13,222,344,216,0,37
285,7,18,3,19,2475,AA,LAX,14,228,378,447,0,13,222,344,216,0,37
111,7,18,3,13,2475,AA,LAX,14,228,378,447,0,13,222,344,216,0,37
30,7,18,3,15,2475,AA,LAX,14,228,378,447,0,13,222,344,216,0,37
-8,7,18,3,9,2475,AA,LAX,14,228,378,447,0,13,222,344,216,0,37
85,7,18,3,12,2475,AA,LAX,14,228,378,447,0,13,222,344,216,0,37
-5,7,18,3,6,2475,AA,LAX,14,228,378,447,0,13,222,344,216,0,37
176,7,18,3,20,2475,AA,LAX,14,228,378,447,0,13,222,344,216,0,37
115,7,18,3,10,2475,AA,LAX,14,228,378,447,0,13,222,344,216,0,37
101,7,18,3,17,2475,AA,LAX,14,228,378,447,0,13,222,344,216,0,37
284,7,18,3,17,2475,DL,LAX,14,228,378,447,0,13,222,344,216,0,37
345,7,18,3,16,2475,VX,LAX,14,228,378,447,0,13,222,344,216,0,37
167,7,18,3,19,2475,DL,LAX,14,228,378,447,0,13,222,344,216,0,37
-2,7,18,3,9,2475,DL,LAX,14,228,378,447,0,13,222,344,216,0,37
288,7,18,3,15,2475,DL,LAX,14,228,378,447,0,13,222,344,216,0,37
-4,7,18,3,7,2475,DL,LAX,14,228,378,447,0,13,222,344,216,0,37
219,7,18,3,20,2475,VX,LAX,14,228,378,447,0,13,222,344,216,0,37
156,7,18,3,22,2475,B6,LAX,14,228,378,447,0,13,222,344,216,0,37
3,7,18,3,11,2475,DL,LAX,14,228,378,447,0,13,222,344,216,0,37
-5,7,18,3,13,2475,DL,LAX,14,228,378,447,0,13,222,344,216,0,37
137,7,18,3,21,2475,DL,LAX,14,228,378,447,0,13,222,344,216,0,37
0,7,18,3,21,2475,B6,LAX,14,228,378,447,0,13,222,344,216,0,37
9,7,18,3,9,2475,B6,LAX,14,228,378,447,0,13,222,344,216,0,37
104,7,18,3,12,2475,B6,LAX,14,228,378,447,0,13,222,344,216,0,37
222,7,18,3,16,2475,B6,LAX,14,228,378,447,0,13,222,344,216,0,37
-6,7,18,3,7,2475,VX,LAX,14,228,378,447,0,13,222,344,216,0,37
-6,7,18,3,9,2475,VX,LAX,14,228,378,447,0,13,222,344,216,0,37
-2,7,18,3,11,2475,VX,LAX,14,228,378,447,0,13,222,344,216,0,37
-4,7,18,3,13,2475,VX,LAX,14,228,378,447,0,13,222,344,216,0,37
-4,7,18,3,7,2475,B6,LAX,14,228,378,447,0,13,222,344,216,0,37
-3,7,23,1,13,2475,DL,LAX,19,217,300,38,0,18,272,361,0,0,47
-5,7,23,1,7,2475,DL,LAX,19,217,300,38,0,18,272,361,0,0,47
3,7,23,1,11,2475,DL,LAX,19,217,300,38,0,18,272,361,0,0,47
93,7,23,1,17,2475,DL,LAX,19,217,300,38,0,18,272,361,0,0,47
-1,7,23,1,19,2475,DL,LAX,19,217,300,38,0,18,272,361,0,0,47
-8,7,23,1,9,2475,DL,LAX,19,217,300,38,0,18,272,361,0,0,47
-5,7,23,1,7,2475,VX,LAX,19,217,300,38,0,18,272,361,0,0,47
32,7,23,1,9,2475,VX,LAX,19,217,300,38,0,18,272,361,0,0,47
-5,7,23,1,11,2475,VX,LAX,19,217,300,38,0,18,272,361,0,0,47
1,7,23,1,13,2475,VX,LAX,19,217,300,38,0,18,272,361,0,0,47
100,7,23,1,21,2475,DL,LAX,19,217,300,38,0,18,272,361,0,0,47
24,7,23,1,16,2475,VX,LAX,19,217,300,38,0,18,272,361,0,0,47
155,7,23,1,20,2475,VX,LAX,19,217,300,38,0,18,272,361,0,0,47
-3,7,23,1,15,2475,DL,LAX,19,217,300,38,0,18,272,361,0,0,47
1,7,23,1,22,2475,B6,LAX,19,217,300,38,0,18,272,361,0,0,47
-5,7,23,1,6,2475,AA,LAX,19,217,300,38,0,18,272,361,0,0,47
-4,7,23,1,10,2475,AA,LAX,19,217,300,38,0,18,272,361,0,0,47
-4,7,23,1,13,2475,AA,LAX,19,217,300,38,0,18,272,361,0,0,47
-7,7,23,1,12,2475,AA,LAX,19,217,300,38,0,18,272,361,0,0,47
-4,7,23,1,15,2475,AA,LAX,19,217,300,38,0,18,272,361,0,0,47
10,7,23,1,19,2475,AA,LAX,19,217,300,38,0,18,272,361,0,0,47
-5,7,23,1,9,2475,B6,LAX,19,217,300,38,0,18,272,361,0,0,47
100,7,23,1,20,2475,AA,LAX,19,217,300,38,0,18,272,361,0,0,47
-2,7,23,1,12,2475,B6,LAX,19,217,300,38,0,18,272,361,0,0,47
-4,7,23,1,7,2475,B6,LAX,19,217,300,38,0,18,272,361,0,0,47
-5,7,23,1,9,2475,AA,LAX,19,217,300,38,0,18,272,361,0,0,47
40,7,23,1,17,2475,AA,LAX,19,217,300,38,0,18,272,361,0,0,47
25,7,23,1,16,2475,B6,LAX,19,217,300,38,0,18,272,361,0,0,47
35,7,23,1,21,2475,B6,LAX,19,217,300,38,0,18,272,361,0,0,47
110,7,23,1,21,2475,UA,LAX,19,217,300,38,0,18,272,361,0,0,47
-4,7,23,1,11,2475,UA,LAX,19,217,300,38,0,18,272,361,0,0,47
32,7,23,1,17,2475,UA,LAX,19,217,300,38,0,18,272,361,0,0,47
-5,7,23,1,6,2475,UA,LAX,19,217,300,38,0,18,272,361,0,0,47
5,7,23,1,15,2475,UA,LAX,19,217,300,38,0,18,272,361,0,0,47
-10,7,23,1,8,2475,UA,LAX,19,217,300,38,0,18,272,361,0,0,47
31,8,1,3,16,2475,VX,LAX,28,211,256,163,0,10,200,322,0,0,16
134,8,1,3,20,2475,VX,LAX,28,211,256,163,0,10,200,322,0,0,16
20,8,1,3,17,2475,UA,LAX,28,211,256,163,0,10,200,322,0,0,16
107,8,1,3,21,2475,UA,LAX,28,211,256,163,0,10,200,322,0,0,16
-5,8,1,3,11,2475,UA,LAX,28,211,256,163,0,10,200,322,0,0,16
33,8,1,3,6,2475,UA,LAX,28,211,256,163,0,10,200,322,0,0,16
17,8,1,3,15,2475,UA,LAX,28,211,256,163,0,10,200,322,0,0,16
-1,8,1,3,8,2475,UA,LAX,28,211,256,163,0,10,200,322,0,0,16
-4,8,1,3,7,2475,VX,LAX,28,211,256,163,0,10,200,322,0,0,16
3,8,1,3,9,2475,VX,LAX,28,211,256,163,0,10,200,322,0,0,16
-1,8,1,3,11,2475,VX,LAX,28,211,256,163,0,10,200,322,0,0,16
3,8,1,3,13,2475,VX,LAX,28,211,256,163,0,10,200,322,0,0,16
13,8,1,3,9,2475,AA,LAX,28,211,256,163,0,10,200,322,0,0,16
-6,8,1,3,6,2475,AA,LAX,28,211,256,163,0,10,200,322,0,0,16
-3,8,1,3,7,2475,DL,LAX,28,211,256,163,0,10,200,322,0,0,16
7,8,1,3,11,2475,DL,LAX,28,211,256,163,0,10,200,322,0,0,16
20,8,1,3,13,2475,DL,LAX,28,211,256,163,0,10,200,322,0,0,16
-3,8,1,3,9,2475,DL,LAX,28,211,256,163,0,10,200,322,0,0,16
29,8,1,3,15,2475,DL,LAX,28,211,256,163,0,10,200,322,0,0,16
-3,8,1,3,21,2475,DL,LAX,28,211,256,163,0,10,200,322,0,0,16
7,8,1,3,12,2475,AA,LAX,28,211,256,163,0,10,200,322,0,0,16
-5,8,1,3,10,2475,AA,LAX,28,211,256,163,0,10,200,322,0,0,16
141,8,1,3,19,2475,AA,LAX,28,211,256,163,0,10,200,322,0,0,16
1,8,1,3,9,2475,B6,LAX,28,211,256,163,0,10,200,322,0,0,16
33,8,1,3,21,2475,B6,LAX,28,211,256,163,0,10,200,322,0,0,16
19,8,1,3,16,2475,B6,LAX,28,211,256,163,0,10,200,322,0,0,16
50,8,1,3,13,2475,AA,LAX,28,211,256,163,0,10,200,322,0,0,16
68,8,1,3,12,2475,B6,LAX,28,211,256,163,0,10,200,322,0,0,16
-2,8,1,3,7,2475,B6,LAX,28,211,256,163,0,10,200,322,0,0,16
55,8,1,3,17,2475,DL,LAX,28,211,256,163,0,10,200,322,0,0,16
-4,8,1,3,15,2475,AA,LAX,28,211,256,163,0,10,200,322,0,0,16
111,8,1,3,22,2475,B6,LAX,28,211,256,163,0,10,200,322,0,0,16
26,8,1,3,19,2475,DL,LAX,28,211,256,163,0,10,200,322,0,0,16
182,8,1,3,20,2475,AA,LAX,28,211,256,163,0,10,200,322,0,0,16
1,8,19,7,17,2475,DL,LAX,13,167,233,0,0,5,156,261,0,0,16
-3,8,19,7,13,2475,DL,LAX,13,167,233,0,0,5,156,261,0,0,16
19,8,19,7,21,2475,B6,LAX,13,167,233,0,0,5,156,261,0,0,16
-7,8,19,7,10,2475,AA,LAX,13,167,233,0,0,5,156,261,0,0,16
-3,8,19,7,16,2475,B6,LAX,13,167,233,0,0,5,156,261,0,0,16
-8,8,19,7,12,2475,B6,LAX,13,167,233,0,0,5,156,261,0,0,16
-3,8,19,7,12,2475,AA,LAX,13,167,233,0,0,5,156,261,0,0,16
-5,8,19,7,15,2475,AA,LAX,13,167,233,0,0,5,156,261,0,0,16
-7,8,19,7,6,2475,AA,LAX,13,167,233,0,0,5,156,261,0,0,16
1,8,19,7,20,2475,AA,LAX,13,167,233,0,0,5,156,261,0,0,16
0,8,19,7,13,2475,AA,LAX,13,167,233,0,0,5,156,261,0,0,16
0,8,19,7,22,2475,B6,LAX,13,167,233,0,0,5,156,261,0,0,16
-6,8,19,7,9,2475,AA,LAX,13,167,233,0,0,5,156,261,0,0,16
-1,8,19,7,7,2475,B6,LAX,13,167,233,0,0,5,156,261,0,0,16
13,8,19,7,17,2475,AA,LAX,13,167,233,0,0,5,156,261,0,0,16
0,8,19,7,19,2475,AA,LAX,13,167,233,0,0,5,156,261,0,0,16
-2,8,19,7,9,2475,B6,LAX,13,167,233,0,0,5,156,261,0,0,16
0,8,19,7,21,2475,DL,LAX,13,167,233,0,0,5,156,261,0,0,16
-4,8,19,7,7,2475,DL,LAX,13,167,233,0,0,5,156,261,0,0,16
5,8,19,7,11,2475,DL,LAX,13,167,233,0,0,5,156,261,0,0,16
212,8,19,7,15,2475,DL,LAX,13,167,233,0,0,5,156,261,0,0,16
11,8,19,7,9,2475,DL,LAX,13,167,233,0,0,5,156,261,0,0,16
-3,8,19,7,19,2475,DL,LAX,13,167,233,0,0,5,156,261,0,0,16
5,8,19,7,17,2475,UA,LAX,13,167,233,0,0,5,156,261,0,0,16
-5,8,19,7,11,2475,UA,LAX,13,167,233,0,0,5,156,261,0,0,16
-4,8,19,7,8,2475,UA,LAX,13,167,233,0,0,5,156,261,0,0,16
5,8,19,7,16,2475,VX,LAX,13,167,233,0,0,5,156,261,0,0,16
-4,8,19,7,21,2475,UA,LAX,13,167,233,0,0,5,156,261,0,0,16
-9,8,19,7,15,2475,UA,LAX,13,167,233,0,0,5,156,261,0,0,16
13,8,19,7,20,2475,VX,LAX,13,167,233,0,0,5,156,261,0,0,16
-5,8,19,7,7,2475,VX,LAX,13,167,233,0,0,5,156,261,0,0,16
16,8,19,7,9,2475,VX,LAX,13,167,233,0,0,5,156,261,0,0,16
-5,8,19,7,11,2475,VX,LAX,13,167,233,0,0,5,156,261,0,0,16
-1,8,19,7,13,2475,VX,LAX,13,167,233,0,0,5,156,261,0,0,16
4,8,24,5,9,2475,VX,LAX,8,206,306,0,0,9,178,344,0,0,39
-9,8,24,5,11,2475,VX,LAX,8,206,306,0,0,9,178,344,0,0,39
-3,8,24,5,16,2475,VX,LAX,8,206,306,0,0,9,178,344,0,0,39
-7,8,24,5,20,2475,VX,LAX,8,206,306,0,0,9,178,344,0,0,39
-3,8,24,5,13,2475,VX,LAX,8,206,306,0,0,9,178,344,0,0,39
-1,8,24,5,7,2475,VX,LAX,8,206,306,0,0,9,178,344,0,0,39
-6,8,24,5,15,2475,UA,LAX,8,206,306,0,0,9,178,344,0,0,39
-6,8,24,5,21,2475,UA,LAX,8,206,306,0,0,9,178,344,0,0,39
-1,8,24,5,11,2475,UA,LAX,8,206,306,0,0,9,178,344,0,0,39
0,8,24,5,17,2475,UA,LAX,8,206,306,0,0,9,178,344,0,0,39
-6,8,24,5,8,2475,UA,LAX,8,206,306,0,0,9,178,344,0,0,39
-3,8,24,5,6,2475,UA,LAX,8,206,306,0,0,9,178,344,0,0,39
-5,8,24,5,7,2475,DL,LAX,8,206,306,0,0,9,178,344,0,0,39
0,8,24,5,11,2475,DL,LAX,8,206,306,0,0,9,178,344,0,0,39
-6,8,24,5,21,2475,DL,LAX,8,206,306,0,0,9,178,344,0,0,39
-2,8,24,5,17,2475,DL,LAX,8,206,306,0,0,9,178,344,0,0,39
-3,8,24,5,19,2475,DL,LAX,8,206,306,0,0,9,178,344,0,0,39
14,8,24,5,9,2475,DL,LAX,8,206,306,0,0,9,178,344,0,0,39
-5,8,24,5,9,2475,AA,LAX,8,206,306,0,0,9,178,344,0,0,39
24,8,24,5,12,2475,AA,LAX,8,206,306,0,0,9,178,344,0,0,39
-1,8,24,5,9,2475,B6,LAX,8,206,306,0,0,9,178,344,0,0,39
-1,8,24,5,10,2475,AA,LAX,8,206,306,0,0,9,178,344,0,0,39
-1,8,24,5,21,2475,B6,LAX,8,206,306,0,0,9,178,344,0,0,39
-4,8,24,5,7,2475,B6,LAX,8,206,306,0,0,9,178,344,0,0,39
-4,8,24,5,13,2475,DL,LAX,8,206,306,0,0,9,178,344,0,0,39
17,8,24,5,19,2475,AA,LAX,8,206,306,0,0,9,178,344,0,0,39
-6,8,24,5,16,2475,B6,LAX,8,206,306,0,0,9,178,344,0,0,39
-6,8,24,5,8,2475,AA,LAX,8,206,306,0,0,9,178,344,0,0,39
0,8,24,5,12,2475,B6,LAX,8,206,306,0,0,9,178,344,0,0,39
55,8,24,5,16,2475,AA,LAX,8,206,306,0,0,9,178,344,0,0,39
-4,8,24,5,6,2475,AA,LAX,8,206,306,0,0,9,178,344,0,0,39
-5,8,24,5,13,2475,AA,LAX,8,206,306,0,0,9,178,344,0,0,39
-2,8,24,5,20,2475,AA,LAX,8,206,306,0,0,9,178,344,0,0,39
-6,8,24,5,15,2475,AA,LAX,8,206,306,0,0,9,178,344,0,0,39
-1,8,24,5,15,2475,DL,LAX,8,206,306,0,0,9,178,344,0,0,39
3,9,2,7,17,2475,DL,LAX,1,217,278,0,0,12,228,278,0,0,48
-1,9,2,7,13,2475,DL,LAX,1,217,278,0,0,12,228,278,0,0,48
60,9,2,7,19,2475,DL,LAX,1,217,278,0,0,12,228,278,0,0,48
-4,9,2,7,11,2475,UA,LAX,1,217,278,0,0,12,228,278,0,0,48
-2,9,2,7,17,2475,UA,LAX,1,217,278,0,0,12,228,278,0,0,48
4,9,2,7,9,2475,B6,LAX,1,217,278,0,0,12,228,278,0,0,48
11,9,2,7,12,2475,B6,LAX,1,217,278,0,0,12,228,278,0,0,48
-3,9,2,7,16,2475,B6,LAX,1,217,278,0,0,12,228,278,0,0,48
9,9,2,7,21,2475,B6,LAX,1,217,278,0,0,12,228,278,0,0,48
-11,9,2,7,8,2475,UA,LAX,1,217,278,0,0,12,228,278,0,0,48
-9,9,2,7,9,2475,DL,LAX,1,217,278,0,0,12,228,278,0,0,48
-3,9,2,7,15,2475,DL,LAX,1,217,278,0,0,12,228,278,0,0,48
-2,9,2,7,7,2475,B6,LAX,1,217,278,0,0,12,228,278,0,0,48
-7,9,2,7,11,2475,DL,LAX,1,217,278,0,0,12,228,278,0,0,48
85,9,2,7,8,2475,AA,LAX,1,217,278,0,0,12,228,278,0,0,48
0,9,2,7,16,2475,AA,LAX,1,217,278,0,0,12,228,278,0,0,48
-10,9,2,7,13,2475,AA,LAX,1,217,278,0,0,12,228,278,0,0,48
-6,9,2,7,12,2475,AA,LAX,1,217,278,0,0,12,228,278,0,0,48
-15,9,2,7,15,2475,AA,LAX,1,217,278,0,0,12,228,278,0,0,48
-7,9,2,7,9,2475,AA,LAX,1,217,278,0,0,12,228,278,0,0,48
56,9,2,7,19,2475,AA,LAX,1,217,278,0,0,12,228,278,0,0,48
-6,9,2,7,20,2475,AA,LAX,1,217,278,0,0,12,228,278,0,0,48
-9,9,2,7,10,2475,AA,LAX,1,217,278,0,0,12,228,278,0,0,48
-1,9,2,7,6,2475,AA,LAX,1,217,278,0,0,12,228,278,0,0,48
-11,9,2,7,9,2475,VX,LAX,1,217,278,0,0,12,228,278,0,0,48
3,9,2,7,20,2475,VX,LAX,1,217,278,0,0,12,228,278,0,0,48
-3,9,2,7,16,2475,VX,LAX,1,217,278,0,0,12,228,278,0,0,48
-3,9,2,7,13,2475,VX,LAX,1,217,278,0,0,12,228,278,0,0,48
-2,9,2,7,11,2475,VX,LAX,1,217,278,0,0,12,228,278,0,0,48
-11,9,2,7,7,2475,VX,LAX,1,217,278,0,0,12,228,278,0,0,48
-8,9,25,2,16,2475,B6,LAX,18,122,222,0,0,27,94,250,0,0,41
-1,9,25,2,19,2475,DL,LAX,18,122,222,0,0,27,94,250,0,0,41
-9,9,25,2,9,2475,DL,LAX,18,122,222,0,0,27,94,250,0,0,41
-3,9,25,2,15,2475,DL,LAX,18,122,222,0,0,27,94,250,0,0,41
-4,9,25,2,7,2475,DL,LAX,18,122,222,0,0,27,94,250,0,0,41
-2,9,25,2,8,2475,UA,LAX,18,122,222,0,0,27,94,250,0,0,41
-3,9,25,2,17,2475,UA,LAX,18,122,222,0,0,27,94,250,0,0,41
-5,9,25,2,11,2475,UA,LAX,18,122,222,0,0,27,94,250,0,0,41
-6,9,25,2,9,2475,B6,LAX,18,122,222,0,0,27,94,250,0,0,41
0,9,25,2,12,2475,B6,LAX,18,122,222,0,0,27,94,250,0,0,41
0,9,25,2,7,2475,B6,LAX,18,122,222,0,0,27,94,250,0,0,41
-9,9,25,2,20,2475,B6,LAX,18,122,222,0,0,27,94,250,0,0,41
-7,9,25,2,20,2475,VX,LAX,18,122,222,0,0,27,94,250,0,0,41
9,9,25,2,16,2475,VX,LAX,18,122,222,0,0,27,94,250,0,0,41
48,9,25,2,13,2475,VX,LAX,18,122,222,0,0,27,94,250,0,0,41
-5,9,25,2,11,2475,VX,LAX,18,122,222,0,0,27,94,250,0,0,41
2,9,25,2,9,2475,VX,LAX,18,122,222,0,0,27,94,250,0,0,41
-12,9,25,2,7,2475,VX,LAX,18,122,222,0,0,27,94,250,0,0,41
-4,9,25,2,13,2475,DL,LAX,18,122,222,0,0,27,94,250,0,0,41
2,9,25,2,17,2475,DL,LAX,18,122,222,0,0,27,94,250,0,0,41
-4,9,25,2,21,2475,DL,LAX,18,122,222,0,0,27,94,250,0,0,41
-5,9,25,2,12,2475,AA,LAX,18,122,222,0,0,27,94,250,0,0,41
-4,9,25,2,13,2475,AA,LAX,18,122,222,0,0,27,94,250,0,0,41
63,9,25,2,19,2475,AA,LAX,18,122,222,0,0,27,94,250,0,0,41
-1,9,25,2,15,2475,AA,LAX,18,122,222,0,0,27,94,250,0,0,41
-5,9,25,2,16,2475,AA,LAX,18,122,222,0,0,27,94,250,0,0,41
-3,9,25,2,20,2475,AA,LAX,18,122,222,0,0,27,94,250,0,0,41
3,9,25,2,10,2475,AA,LAX,18,122,222,0,0,27,94,250,0,0,41
-7,9,25,2,6,2475,AA,LAX,18,122,222,0,0,27,94,250,0,0,41
13,9,25,2,9,2475,AA,LAX,18,122,222,0,0,27,94,250,0,0,41
154,9,25,2,21,2475,UA,LAX,18,122,222,0,0,27,94,250,0,0,41
0,9,25,2,15,2475,UA,LAX,18,122,222,0,0,27,94,250,0,0,41
-7,9,25,2,6,2475,UA,LAX,18,122,222,0,0,27,94,250,0,0,41
-4,9,30,7,8,2475,UA,LAX,13,128,200,0,0,13,100,189,0,0,36
-7,9,30,7,11,2475,UA,LAX,13,128,200,0,0,13,100,189,0,0,36
-3,9,30,7,21,2475,UA,LAX,13,128,200,0,0,13,100,189,0,0,36
18,9,30,7,17,2475,UA,LAX,13,128,200,0,0,13,100,189,0,0,36
2,9,30,7,15,2475,UA,LAX,13,128,200,0,0,13,100,189,0,0,36
0,9,30,7,20,2475,AA,LAX,13,128,200,0,0,13,100,189,0,0,36
15,9,30,7,6,2475,AA,LAX,13,128,200,0,0,13,100,189,0,0,36
12,9,30,7,19,2475,AA,LAX,13,128,200,0,0,13,100,189,0,0,36
-4,9,30,7,13,2475,AA,LAX,13,128,200,0,0,13,100,189,0,0,36
-8,9,30,7,10,2475,AA,LAX,13,128,200,0,0,13,100,189,0,0,36
-3,9,30,7,15,2475,AA,LAX,13,128,200,0,0,13,100,189,0,0,36
-5,9,30,7,9,2475,AA,LAX,13,128,200,0,0,13,100,189,0,0,36
1,9,30,7,16,2475,AA,LAX,13,128,200,0,0,13,100,189,0,0,36
-9,9,30,7,12,2475,AA,LAX,13,128,200,0,0,13,100,189,0,0,36
-4,9,30,7,9,2475,DL,LAX,13,128,200,0,0,13,100,189,0,0,36
-1,9,30,7,15,2475,DL,LAX,13,128,200,0,0,13,100,189,0,0,36
13,9,30,7,9,2475,B6,LAX,13,128,200,0,0,13,100,189,0,0,36
3,9,30,7,16,2475,B6,LAX,13,128,200,0,0,13,100,189,0,0,36
-5,9,30,7,12,2475,B6,LAX,13,128,200,0,0,13,100,189,0,0,36
-3,9,30,7,7,2475,B6,LAX,13,128,200,0,0,13,100,189,0,0,36
5,9,30,7,20,2475,B6,LAX,13,128,200,0,0,13,100,189,0,0,36
41,9,30,7,20,2475,VX,LAX,13,128,200,0,0,13,100,189,0,0,36
-2,9,30,7,16,2475,VX,LAX,13,128,200,0,0,13,100,189,0,0,36
2,9,30,7,13,2475,VX,LAX,13,128,200,0,0,13,100,189,0,0,36
-1,9,30,7,11,2475,VX,LAX,13,128,200,0,0,13,100,189,0,0,36
-6,9,30,7,9,2475,VX,LAX,13,128,200,0,0,13,100,189,0,0,36
0,9,30,7,7,2475,VX,LAX,13,128,200,0,0,13,100,189,0,0,36
28,9,30,7,7,2475,DL,LAX,13,128,200,0,0,13,100,189,0,0,36
-4,9,30,7,11,2475,DL,LAX,13,128,200,0,0,13,100,189,0,0,36
-7,9,30,7,13,2475,DL,LAX,13,128,200,0,0,13,100,189,0,0,36
-5,9,30,7,17,2475,DL,LAX,13,128,200,0,0,13,100,189,0,0,36
-1,9,30,7,21,2475,DL,LAX,13,128,200,0,0,13,100,189,0,0,36
0,9,30,7,19,2475,DL,LAX,13,128,200,0,0,13,100,189,0,0,36
-1,10,16,2,11,2475,VX,LAX,3,89,150,0,0,25,44,211,0,0,64
8,10,16,2,16,2475,VX,LAX,3,89,150,0,0,25,44,211,0,0,64
-4,10,16,2,20,2475,VX,LAX,3,89,150,0,0,25,44,211,0,0,64
-3,10,16,2,13,2475,VX,LAX,3,89,150,0,0,25,44,211,0,0,64
-1,10,16,2,7,2475,VX,LAX,3,89,150,0,0,25,44,211,0,0,64
1,10,16,2,9,2475,VX,LAX,3,89,150,0,0,25,44,211,0,0,64
1,10,16,2,6,2475,UA,LAX,3,89,150,0,0,25,44,211,0,0,64
0,10,16,2,15,2475,UA,LAX,3,89,150,0,0,25,44,211,0,0,64
-5,10,16,2,8,2475,UA,LAX,3,89,150,0,0,25,44,211,0,0,64
1,10,16,2,17,2475,UA,LAX,3,89,150,0,0,25,44,211,0,0,64
-6,10,16,2,11,2475,UA,LAX,3,89,150,0,0,25,44,211,0,0,64
-7,10,16,2,21,2475,UA,LAX,3,89,150,0,0,25,44,211,0,0,64
8,10,16,2,19,2475,DL,LAX,3,89,150,0,0,25,44,211,0,0,64
-2,10,16,2,9,2475,B6,LAX,3,89,150,0,0,25,44,211,0,0,64
-7,10,16,2,9,2475,AA,LAX,3,89,150,0,0,25,44,211,0,0,64
-8,10,16,2,20,2475,AA,LAX,3,89,150,0,0,25,44,211,0,0,64
-6,10,16,2,20,2475,B6,LAX,3,89,150,0,0,25,44,211,0,0,64
-8,10,16,2,7,2475,B6,LAX,3,89,150,0,0,25,44,211,0,0,64
-5,10,16,2,12,2475,B6,LAX,3,89,150,0,0,25,44,211,0,0,64
-1,10,16,2,16,2475,B6,LAX,3,89,150,0,0,25,44,211,0,0,64
-5,10,16,2,13,2475,AA,LAX,3,89,150,0,0,25,44,211,0,0,64
15,10,16,2,21,2475,DL,LAX,3,89,150,0,0,25,44,211,0,0,64
-7,10,16,2,7,2475,DL,LAX,3,89,150,0,0,25,44,211,0,0,64
-5,10,16,2,11,2475,DL,LAX,3,89,150,0,0,25,44,211,0,0,64
1,10,16,2,15,2475,DL,LAX,3,89,150,0,0,25,44,211,0,0,64
-5,10,16,2,17,2475,AA,LAX,3,89,150,0,0,25,44,211,0,0,64
-2,10,16,2,15,2475,AA,LAX,3,89,150,0,0,25,44,211,0,0,64
-1,10,16,2,13,2475,DL,LAX,3,89,150,0,0,25,44,211,0,0,64
-2,10,16,2,10,2475,AA,LAX,3,89,150,0,0,25,44,211,0,0,64
15,10,16,2,17,2475,DL,LAX,3,89,150,0,0,25,44,211,0,0,64
8,10,16,2,12,2475,AA,LAX,3,89,150,0,0,25,44,211,0,0,64
-1,10,16,2,19,2475,AA,LAX,3,89,150,0,0,25,44,211,0,0,64
-2,10,16,2,6,2475,AA,LAX,3,89,150,0,0,25,44,211,0,0,64
-6,10,16,2,9,2475,DL,LAX,3,89,150,0,0,25,44,211,0,0,64
-2,10,21,7,16,2475,B6,LAX,8,94,183,0,0,26,28,200,0,0,29
-1,10,21,7,7,2475,B6,LAX,8,94,183,0,0,26,28,200,0,0,29
11,10,21,7,20,2475,B6,LAX,8,94,183,0,0,26,28,200,0,0,29
-5,10,21,7,20,2475,AA,LAX,8,94,183,0,0,26,28,200,0,0,29
-4,10,21,7,13,2475,DL,LAX,8,94,183,0,0,26,28,200,0,0,29
45,10,21,7,15,2475,DL,LAX,8,94,183,0,0,26,28,200,0,0,29
-3,10,21,7,11,2475,DL,LAX,8,94,183,0,0,26,28,200,0,0,29
45,10,21,7,17,2475,DL,LAX,8,94,183,0,0,26,28,200,0,0,29
28,10,21,7,21,2475,DL,LAX,8,94,183,0,0,26,28,200,0,0,29
62,10,21,7,7,2475,DL,LAX,8,94,183,0,0,26,28,200,0,0,29
-6,10,21,7,9,2475,DL,LAX,8,94,183,0,0,26,28,200,0,0,29
5,10,21,7,19,2475,DL,LAX,8,94,183,0,0,26,28,200,0,0,29
129,10,21,7,12,2475,B6,LAX,8,94,183,0,0,26,28,200,0,0,29
-3,10,21,7,9,2475,AA,LAX,8,94,183,0,0,26,28,200,0,0,29
-5,10,21,7,17,2475,AA,LAX,8,94,183,0,0,26,28,200,0,0,29
-3,10,21,7,12,2475,AA,LAX,8,94,183,0,0,26,28,200,0,0,29
-5,10,21,7,6,2475,AA,LAX,8,94,183,0,0,26,28,200,0,0,29
0,10,21,7,10,2475,AA,LAX,8,94,183,0,0,26,28,200,0,0,29
-4,10,21,7,19,2475,AA,LAX,8,94,183,0,0,26,28,200,0,0,29
-4,10,21,7,13,2475,AA,LAX,8,94,183,0,0,26,28,200,0,0,29
0,10,21,7,15,2475,AA,LAX,8,94,183,0,0,26,28,200,0,0,29
-1,10,21,7,9,2475,B6,LAX,8,94,183,0,0,26,28,200,0,0,29
-3,10,21,7,11,2475,UA,LAX,8,94,183,0,0,26,28,200,0,0,29
-9,10,21,7,15,2475,UA,LAX,8,94,183,0,0,26,28,200,0,0,29
-2,10,21,7,7,2475,UA,LAX,8,94,183,0,0,26,28,200,0,0,29
5,10,21,7,17,2475,UA,LAX,8,94,183,0,0,26,28,200,0,0,29
-4,10,21,7,21,2475,UA,LAX,8,94,183,0,0,26,28,200,0,0,29
11,10,21,7,9,2475,VX,LAX,8,94,183,0,0,26,28,200,0,0,29
-2,10,21,7,11,2475,VX,LAX,8,94,183,0,0,26,28,200,0,0,29
16,10,21,7,13,2475,VX,LAX,8,94,183,0,0,26,28,200,0,0,29
41,10,21,7,16,2475,VX,LAX,8,94,183,0,0,26,28,200,0,0,29
12,10,21,7,20,2475,VX,LAX,8,94,183,0,0,26,28,200,0,0,29
-3,10,21,7,7,2475,VX,LAX,8,94,183,0,0,26,28,200,0,0,29
2,11,17,6,16,2475,AA,LAX,6,39,106,0,0,23,-33,128,0,0,19
-5,11,17,6,15,2475,AA,LAX,6,39,106,0,0,23,-33,128,0,0,19
-4,11,17,6,10,2475,AA,LAX,6,39,106,0,0,23,-33,128,0,0,19
-3,11,17,6,9,2475,AA,LAX,6,39,106,0,0,23,-33,128,0,0,19
-6,11,17,6,19,2475,AA,LAX,6,39,106,0,0,23,-33,128,0,0,19
-1,11,17,6,12,2475,AA,LAX,6,39,106,0,0,23,-33,128,0,0,19
-6,11,17,6,13,2475,AA,LAX,6,39,106,0,0,23,-33,128,0,0,19
-4,11,17,6,21,2475,AA,LAX,6,39,106,0,0,23,-33,128,0,0,19
9,11,17,6,16,2475,VX,LAX,6,39,106,0,0,23,-33,128,0,0,19
-3,11,17,6,20,2475,VX,LAX,6,39,106,0,0,23,-33,128,0,0,19
-6,11,17,6,9,2475,DL,LAX,6,39,106,0,0,23,-33,128,0,0,19
-5,11,17,6,19,2475,DL,LAX,6,39,106,0,0,23,-33,128,0,0,19
-7,11,17,6,13,2475,DL,LAX,6,39,106,0,0,23,-33,128,0,0,19
-6,11,17,6,6,2475,UA,LAX,6,39,106,0,0,23,-33,128,0,0,19
-3,11,17,6,15,2475,UA,LAX,6,39,106,0,0,23,-33,128,0,0,19
-7,11,17,6,11,2475,UA,LAX,6,39,106,0,0,23,-33,128,0,0,19
0,11,17,6,17,2475,UA,LAX,6,39,106,0,0,23,-33,128,0,0,19
-2,11,17,6,8,2475,UA,LAX,6,39,106,0,0,23,-33,128,0,0,19
-4,11,17,6,12,2475,B6,LAX,6,39,106,0,0,23,-33,128,0,0,19
7,11,17,6,16,2475,B6,LAX,6,39,106,0,0,23,-33,128,0,0,19
1,11,17,6,20,2475,B6,LAX,6,39,106,0,0,23,-33,128,0,0,19
0,11,17,6,9,2475,B6,LAX,6,39,106,0,0,23,-33,128,0,0,19
-1,11,17,6,17,2475,DL,LAX,6,39,106,0,0,23,-33,128,0,0,19
-2,11,17,6,15,2475,DL,LAX,6,39,106,0,0,23,-33,128,0,0,19
-4,11,17,6,11,2475,DL,LAX,6,39,106,0,0,23,-33,128,0,0,19
-1,11,17,6,7,2475,VX,LAX,6,39,106,0,0,23,-33,128,0,0,19
4,11,17,6,9,2475,VX,LAX,6,39,106,0,0,23,-33,128,0,0,19
19,11,17,6,11,2475,VX,LAX,6,39,106,0,0,23,-33,128,0,0,19
0,11,17,6,13,2475,VX,LAX,6,39,106,0,0,23,-33,128,0,0,19
74,11,22,4,15,2475,UA,LAX,5,50,122,0,0,12,56,172,69,0,77
-1,11,22,4,8,2475,UA,LAX,5,50,122,0,0,12,56,172,69,0,77
-5,11,22,4,6,2475,UA,LAX,5,50,122,0,0,12,56,172,69,0,77
-2,11,22,4,11,2475,VX,LAX,5,50,122,0,0,12,56,172,69,0,77
-2,11,22,4,9,2475,B6,LAX,5,50,122,0,0,12,56,172,69,0,77
0,11,22,4,13,2475,VX,LAX,5,50,122,0,0,12,56,172,69,0,77
0,11,22,4,16,2475,VX,LAX,5,50,122,0,0,12,56,172,69,0,77
-5,11,22,4,19,2475,DL,LAX,5,50,122,0,0,12,56,172,69,0,77
-5,11,22,4,7,2475,B6,LAX,5,50,122,0,0,12,56,172,69,0,77
-6,11,22,4,12,2475,B6,LAX,5,50,122,0,0,12,56,172,69,0,77
-3,11,22,4,7,2475,DL,LAX,5,50,122,0,0,12,56,172,69,0,77
0,11,22,4,9,2475,DL,LAX,5,50,122,0,0,12,56,172,69,0,77
-1,11,22,4,16,2475,B6,LAX,5,50,122,0,0,12,56,172,69,0,77
-5,11,22,4,11,2475,DL,LAX,5,50,122,0,0,12,56,172,69,0,77
-2,11,22,4,9,2475,VX,LAX,5,50,122,0,0,12,56,172,69,0,77
-6,11,22,4,7,2475,VX,LAX,5,50,122,0,0,12,56,172,69,0,77
58,11,22,4,15,2475,DL,LAX,5,50,122,0,0,12,56,172,69,0,77
-7,11,22,4,10,2475,AA,LAX,5,50,122,0,0,12,56,172,69,0,77
-7,11,22,4,7,2475,AA,LAX,5,50,122,0,0,12,56,172,69,0,77
2,11,22,4,13,2475,AA,LAX,5,50,122,0,0,12,56,172,69,0,77
-4,11,22,4,12,2475,AA,LAX,5,50,122,0,0,12,56,172,69,0,77
-6,11,22,4,19,2475,AA,LAX,5,50,122,0,0,12,56,172,69,0,77
24,12,18,2,20,2475,UA,LAX,7,61,122,130,0,33,-6,50,0,0,34
-5,12,18,2,11,2475,UA,LAX,7,61,122,130,0,33,-6,50,0,0,34
9,12,18,2,17,2475,UA,LAX,7,61,122,130,0,33,-6,50,0,0,34
-2,12,18,2,8,2475,UA,LAX,7,61,122,130,0,33,-6,50,0,0,34
-9,12,18,2,6,2475,UA,LAX,7,61,122,130,0,33,-6,50,0,0,34
2,12,18,2,15,2475,UA,LAX,7,61,122,130,0,33,-6,50,0,0,34
-6,12,18,2,11,2475,VX,LAX,7,61,122,130,0,33,-6,50,0,0,34
-2,12,18,2,16,2475,VX,LAX,7,61,122,130,0,33,-6,50,0,0,34
27,12,18,2,20,2475,VX,LAX,7,61,122,130,0,33,-6,50,0,0,34
-1,12,18,2,7,2475,VX,LAX,7,61,122,130,0,33,-6,50,0,0,34
15,12,18,2,13,2475,VX,LAX,7,61,122,130,0,33,-6,50,0,0,34
0,12,18,2,9,2475,VX,LAX,7,61,122,130,0,33,-6,50,0,0,34
-2,12,18,2,9,2475,B6,LAX,7,61,122,130,0,33,-6,50,0,0,34
-7,12,18,2,7,2475,DL,LAX,7,61,122,130,0,33,-6,50,0,0,34
42,12,18,2,20,2475,B6,LAX,7,61,122,130,0,33,-6,50,0,0,34
6,12,18,2,9,2475,AA,LAX,7,61,122,130,0,33,-6,50,0,0,34
24,12,18,2,16,2475,B6,LAX,7,61,122,130,0,33,-6,50,0,0,34
-3,12,18,2,7,2475,AA,LAX,7,61,122,130,0,33,-6,50,0,0,34
-6,12,18,2,12,2475,B6,LAX,7,61,122,130,0,33,-6,50,0,0,34
4,12,18,2,7,2475,B6,LAX,7,61,122,130,0,33,-6,50,0,0,34
29,12,18,2,17,2475,DL,LAX,7,61,122,130,0,33,-6,50,0,0,34
49,12,18,2,13,2475,AA,LAX,7,61,122,130,0,33,-6,50,0,0,34
2,12,18,2,15,2475,AA,LAX,7,61,122,130,0,33,-6,50,0,0,34
4,12,18,2,9,2475,DL,LAX,7,61,122,130,0,33,-6,50,0,0,34
-3,12,18,2,15,2475,DL,LAX,7,61,122,130,0,33,-6,50,0,0,34
16,12,18,2,19,2475,AA,LAX,7,61,122,130,0,33,-6,50,0,0,34
-1,12,18,2,19,2475,DL,LAX,7,61,122,130,0,33,-6,50,0,0,34
-3,12,18,2,21,2475,AA,LAX,7,61,122,130,0,33,-6,50,0,0,34
-3,12,18,2,12,2475,AA,LAX,7,61,122,130,0,33,-6,50,0,0,34
-5,12,18,2,21,2475,DL,LAX,7,61,122,130,0,33,-6,50,0,0,34
-5,12,18,2,12,2475,DL,LAX,7,61,122,130,0,33,-6,50,0,0,34
-3,12,18,2,10,2475,AA,LAX,7,61,122,130,0,33,-6,50,0,0,34
-2,12,18,2,16,2475,AA,LAX,7,61,122,130,0,33,-6,50,0,0,34
40,12,23,7,17,2475,UA,LAX,2,17,56,0,0,31,-61,11,0,0,30
-4,12,23,7,11,2475,UA,LAX,2,17,56,0,0,31,-61,11,0,0,30
4,12,23,7,6,2475,UA,LAX,2,17,56,0,0,31,-61,11,0,0,30
-2,12,23,7,8,2475,UA,LAX,2,17,56,0,0,31,-61,11,0,0,30
-10,12,23,7,15,2475,UA,LAX,2,17,56,0,0,31,-61,11,0,0,30
16,12,23,7,20,2475,VX,LAX,2,17,56,0,0,31,-61,11,0,0,30
2,12,23,7,16,2475,VX,LAX,2,17,56,0,0,31,-61,11,0,0,30
2,12,23,7,13,2475,VX,LAX,2,17,56,0,0,31,-61,11,0,0,30
-1,12,23,7,11,2475,VX,LAX,2,17,56,0,0,31,-61,11,0,0,30
-1,12,23,7,9,2475,VX,LAX,2,17,56,0,0,31,-61,11,0,0,30
17,12,23,7,7,2475,VX,LAX,2,17,56,0,0,31,-61,11,0,0,30
1,12,23,7,19,2475,DL,LAX,2,17,56,0,0,31,-61,11,0,0,30
2,12,23,7,12,2475,AA,LAX,2,17,56,0,0,31,-61,11,0,0,30
-2,12,23,7,15,2475,AA,LAX,2,17,56,0,0,31,-61,11,0,0,30
-4,12,23,7,10,2475,AA,LAX,2,17,56,0,0,31,-61,11,0,0,30
51,12,23,7,13,2475,AA,LAX,2,17,56,0,0,31,-61,11,0,0,30
-2,12,23,7,16,2475,AA,LAX,2,17,56,0,0,31,-61,11,0,0,30
-8,12,23,7,7,2475,AA,LAX,2,17,56,0,0,31,-61,11,0,0,30
269,12,23,7,19,2475,AA,LAX,2,17,56,0,0,31,-61,11,0,0,30
2,12,23,7,9,2475,AA,LAX,2,17,56,0,0,31,-61,11,0,0,30
-1,12,23,7,7,2475,B6,LAX,2,17,56,0,0,31,-61,11,0,0,30
28,12,23,7,12,2475,B6,LAX,2,17,56,0,0,31,-61,11,0,0,30
17,12,23,7,15,2475,DL,LAX,2,17,56,0,0,31,-61,11,0,0,30
-1,12,23,7,16,2475,B6,LAX,2,17,56,0,0,31,-61,11,0,0,30
1,12,23,7,20,2475,B6,LAX,2,17,56,0,0,31,-61,11,0,0,30
89,12,23,7,9,2475,B6,LAX,2,17,56,0,0,31,-61,11,0,0,30
134,12,23,7,21,2475,AA,LAX,2,17,56,0,0,31,-61,11,0,0,30
-8,12,23,7,12,2475,DL,LAX,2,17,56,0,0,31,-61,11,0,0,30
16,12,23,7,17,2475,DL,LAX,2,17,56,0,0,31,-61,11,0,0,30
0,12,23,7,9,2475,DL,LAX,2,17,56,0,0,31,-61,11,0,0,30
