-4,1,15,7,11,2475,UA,LAX,6,-94,-28,0,0,39,-150,-6,0,0,48
1,1,15,7,20,2475,UA,LAX,6,-94,-28,0,0,39,-150,-6,0,0,48
1,1,15,7,8,2475,UA,LAX,6,-94,-28,0,0,39,-150,-6,0,0,48
11,1,15,7,15,2475,UA,LAX,6,-94,-28,0,0,39,-150,-6,0,0,48
2,1,15,7,17,2475,UA,LAX,6,-94,-28,0,0,39,-150,-6,0,0,48
-7,1,15,7,10,2475,AA,LAX,6,-94,-28,0,0,39,-150,-6,0,0,48
3,1,15,7,6,2475,AA,LAX,6,-94,-28,0,0,39,-150,-6,0,0,48
-1,1,15,7,7,2475,VX,LAX,6,-94,-28,0,0,39,-150,-6,0,0,48
-2,1,15,7,9,2475,VX,LAX,6,-94,-28,0,0,39,-150,-6,0,0,48
131,1,15,7,11,2475,VX,LAX,6,-94,-28,0,0,39,-150,-6,0,0,48
88,1,15,7,13,2475,VX,LAX,6,-94,-28,0,0,39,-150,-6,0,0,48
-1,1,15,7,16,2475,VX,LAX,6,-94,-28,0,0,39,-150,-6,0,0,48
-7,1,15,7,20,2475,VX,LAX,6,-94,-28,0,0,39,-150,-6,0,0,48
-3,1,15,7,21,2475,AA,LAX,6,-94,-28,0,0,39,-150,-6,0,0,48
2,1,15,7,9,2475,AA,LAX,6,-94,-28,0,0,39,-150,-6,0,0,48
47,1,15,7,16,2475,AA,LAX,6,-94,-28,0,0,39,-150,-6,0,0,48
-4,1,15,7,19,2475,AA,LAX,6,-94,-28,0,0,39,-150,-6,0,0,48
-6,1,15,7,15,2475,AA,LAX,6,-94,-28,0,0,39,-150,-6,0,0,48
-8,1,15,7,12,2475,AA,LAX,6,-94,-28,0,0,39,-150,-6,0,0,48
-5,1,15,7,7,2475,B6,LAX,6,-94,-28,0,0,39,-150,-6,0,0,48
-5,1,15,7,11,2475,B6,LAX,6,-94,-28,0,0,39,-150,-6,0,0,48
-8,1,15,7,16,2475,B6,LAX,6,-94,-28,0,0,39,-150,-6,0,0,48
-1,1,15,7,20,2475,B6,LAX,6,-94,-28,0,0,39,-150,-6,0,0,48
-4,1,15,7,15,2475,DL,LAX,6,-94,-28,0,0,39,-150,-6,0,0,48
-6,1,15,7,19,2475,DL,LAX,6,-94,-28,0,0,39,-150,-6,0,0,48
-4,1,15,7,17,2475,DL,LAX,6,-94,-28,0,0,39,-150,-6,0,0,48
-5,1,15,7,9,2475,DL,LAX,6,-94,-28,0,0,39,-150,-6,0,0,48
-4,1,15,7,12,2475,DL,LAX,6,-94,-28,0,0,39,-150,-6,0,0,48
-3,1,20,5,12,2475,DL,LAX,1,-44,22,0,0,32,-150,-44,137,137,22
-4,1,20,5,17,2475,DL,LAX,1,-44,22,0,0,32,-150,-44,137,137,22
26,1,20,5,9,2475,DL,LAX,1,-44,22,0,0,32,-150,-44,137,137,22
-3,1,20,5,19,2475,DL,LAX,1,-44,22,0,0,32,-150,-44,137,137,22
-4,1,20,5,21,2475,DL,LAX,1,-44,22,0,0,32,-150,-44,137,137,22
-6,1,20,5,15,2475,DL,LAX,1,-44,22,0,0,32,-150,-44,137,137,22
-9,1,20,5,15,2475,AA,LAX,1,-44,22,0,0,32,-150,-44,137,137,22
-10,1,20,5,21,2475,AA,LAX,1,-44,22,0,0,32,-150,-44,137,137,22
91,1,20,5,20,2475,VX,LAX,1,-44,22,0,0,32,-150,-44,137,137,22
-7,1,20,5,10,2475,AA,LAX,1,-44,22,0,0,32,-150,-44,137,137,22
-5,1,20,5,7,2475,B6,LAX,1,-44,22,0,0,32,-150,-44,137,137,22
-5,1,20,5,9,2475,VX,LAX,1,-44,22,0,0,32,-150,-44,137,137,22
0,1,20,5,11,2475,VX,LAX,1,-44,22,0,0,32,-150,-44,137,137,22
2,1,20,5,11,2475,B6,LAX,1,-44,22,0,0,32,-150,-44,137,137,22
-2,1,20,5,9,2475,AA,LAX,1,-44,22,0,0,32,-150,-44,137,137,22
-6,1,20,5,19,2475,AA,LAX,1,-44,22,0,0,32,-150,-44,137,137,22
18,1,20,5,7,2475,VX,LAX,1,-44,22,0,0,32,-150,-44,137,137,22
24,1,20,5,20,2475,B6,LAX,1,-44,22,0,0,32,-150,-44,137,137,22
-2,1,20,5,12,2475,AA,LAX,1,-44,22,0,0,32,-150,-44,137,137,22
-9,1,20,5,13,2475,VX,LAX,1,-44,22,0,0,32,-150,-44,137,137,22
-2,1,20,5,13,2475,AA,LAX,1,-44,22,0,0,32,-150,-44,137,137,22
-2,1,20,5,16,2475,B6,LAX,1,-44,22,0,0,32,-150,-44,137,137,22
1,1,20,5,16,2475,VX,LAX,1,-44,22,0,0,32,-150,-44,137,137,22
-2,1,20,5,6,2475,AA,LAX,1,-44,22,0,0,32,-150,-44,137,137,22
-3,1,20,5,16,2475,AA,LAX,1,-44,22,0,0,32,-150,-44,137,137,22
-3,1,20,5,20,2475,UA,LAX,1,-44,22,0,0,32,-150,-44,137,137,22
-1,1,20,5,11,2475,UA,LAX,1,-44,22,0,0,32,-150,-44,137,137,22
-8,1,20,5,8,2475,UA,LAX,1,-44,22,0,0,32,-150,-44,137,137,22
-7,1,20,5,6,2475,UA,LAX,1,-44,22,0,0,32,-150,-44,137,137,22
-3,1,20,5,17,2475,UA,LAX,1,-44,22,0,0,32,-150,-44,137,137,22
-2,1,20,5,15,2475,UA,LAX,1,-44,22,0,0,32,-150,-44,137,137,22
-6,2,16,4,12,2475,AA,LAX,2,22,67,48,0,20,11,83,5,0,42
-7,2,16,4,7,2475,AA,LAX,2,22,67,48,0,20,11,83,5,0,42
-9,2,16,4,9,2475,AA,LAX,2,22,67,48,0,20,11,83,5,0,42
45,2,16,4,19,2475,AA,LAX,2,22,67,48,0,20,11,83,5,0,42
71,2,16,4,13,2475,AA,LAX,2,22,67,48,0,20,11,83,5,0,42
47,2,16,4,20,2475,B6,LAX,2,22,67,48,0,20,11,83,5,0,42
18,2,16,4,16,2475,B6,LAX,2,22,67,48,0,20,11,83,5,0,42
1,2,16,4,9,2475,B6,LAX,2,22,67,48,0,20,11,83,5,0,42
3,2,16,4,7,2475,B6,LAX,2,22,67,48,0,20,11,83,5,0,42
3,2,16,4,15,2475,AA,LAX,2,22,67,48,0,20,11,83,5,0,42
-5,2,16,4,16,2475,AA,LAX,2,22,67,48,0,20,11,83,5,0,42
-6,2,16,4,10,2475,AA,LAX,2,22,67,48,0,20,11,83,5,0,42
-3,2,16,4,19,2475,DL,LAX,2,22,67,48,0,20,11,83,5,0,42
-1,2,16,4,21,2475,DL,LAX,2,22,67,48,0,20,11,83,5,0,42
2,2,16,4,15,2475,DL,LAX,2,22,67,48,0,20,11,83,5,0,42
-1,2,16,4,12,2475,DL,LAX,2,22,67,48,0,20,11,83,5,0,42
-2,2,16,4,21,2475,AA,LAX,2,22,67,48,0,20,11,83,5,0,42
0,2,16,4,7,2475,DL,LAX,2,22,67,48,0,20,11,83,5,0,42
19,2,16,4,7,2475,AA,LAX,2,22,67,48,0,20,11,83,5,0,42
-4,2,16,4,9,2475,DL,LAX,2,22,67,48,0,20,11,83,5,0,42
-8,2,16,4,17,2475,DL,LAX,2,22,67,48,0,20,11,83,5,0,42
0,2,16,4,7,2475,DL,LAX,2,22,67,48,0,20,11,83,5,0,42
2,2,16,4,20,2475,UA,LAX,2,22,67,48,0,20,11,83,5,0,42
0,2,16,4,20,2475,VX,LAX,2,22,67,48,0,20,11,83,5,0,42
10,2,16,4,16,2475,VX,LAX,2,22,67,48,0,20,11,83,5,0,42
3,2,16,4,13,2475,VX,LAX,2,22,67,48,0,20,11,83,5,0,42
-1,2,16,4,11,2475,VX,LAX,2,22,67,48,0,20,11,83,5,0,42
-1,2,16,4,9,2475,VX,LAX,2,22,67,48,0,20,11,83,5,0,42
8,2,16,4,7,2475,VX,LAX,2,22,67,48,0,20,11,83,5,0,42
-1,2,16,4,6,2475,UA,LAX,2,22,67,48,0,20,11,83,5,0,42
-4,2,16,4,11,2475,UA,LAX,2,22,67,48,0,20,11,83,5,0,42
27,2,16,4,15,2475,UA,LAX,2,22,67,48,0,20,11,83,5,0,42
7,2,16,4,17,2475,UA,LAX,2,22,67,48,0,20,11,83,5,0,42
0,2,16,4,8,2475,UA,LAX,2,22,67,48,0,20,11,83,5,0,42
2,2,21,2,17,2475,UA,LAX,3,0,78,0,0,33,6,50,15,5,53
1,2,21,2,11,2475,UA,LAX,3,0,78,0,0,33,6,50,15,5,53
-3,2,21,2,8,2475,UA,LAX,3,0,78,0,0,33,6,50,15,5,53
-3,2,21,2,6,2475,UA,LAX,3,0,78,0,0,33,6,50,15,5,53
-1,2,21,2,15,2475,UA,LAX,3,0,78,0,0,33,6,50,15,5,53
-3,2,21,2,7,2475,VX,LAX,3,0,78,0,0,33,6,50,15,5,53
-2,2,21,2,9,2475,VX,LAX,3,0,78,0,0,33,6,50,15,5,53
-4,2,21,2,11,2475,VX,LAX,3,0,78,0,0,33,6,50,15,5,53
-4,2,21,2,20,2475,VX,LAX,3,0,78,0,0,33,6,50,15,5,53
-1,2,21,2,16,2475,VX,LAX,3,0,78,0,0,33,6,50,15,5,53
-5,2,21,2,13,2475,VX,LAX,3,0,78,0,0,33,6,50,15,5,53
-2,2,21,2,20,2475,UA,LAX,3,0,78,0,0,33,6,50,15,5,53
-4,2,21,2,12,2475,DL,LAX,3,0,78,0,0,33,6,50,15,5,53
1,2,21,2,9,2475,DL,LAX,3,0,78,0,0,33,6,50,15,5,53
27,2,21,2,13,2475,AA,LAX,3,0,78,0,0,33,6,50,15,5,53
-4,2,21,2,17,2475,DL,LAX,3,0,78,0,0,33,6,50,15,5,53
-5,2,21,2,7,2475,DL,LAX,3,0,78,0,0,33,6,50,15,5,53
-6,2,21,2,15,2475,AA,LAX,3,0,78,0,0,33,6,50,15,5,53
-5,2,21,2,10,2475,AA,LAX,3,0,78,0,0,33,6,50,15,5,53
-3,2,21,2,16,2475,AA,LAX,3,0,78,0,0,33,6,50,15,5,53
-5,2,21,2,7,2475,DL,LAX,3,0,78,0,0,33,6,50,15,5,53
-13,2,21,2,21,2475,AA,LAX,3,0,78,0,0,33,6,50,15,5,53
-3,2,21,2,7,2475,AA,LAX,3,0,78,0,0,33,6,50,15,5,53
-12,2,21,2,9,2475,AA,LAX,3,0,78,0,0,33,6,50,15,5,53
-2,2,21,2,19,2475,DL,LAX,3,0,78,0,0,33,6,50,15,5,53
-4,2,21,2,21,2475,DL,LAX,3,0,78,0,0,33,6,50,15,5,53
6,2,21,2,7,2475,AA,LAX,3,0,78,0,0,33,6,50,15,5,53
-8,2,21,2,19,2475,AA,LAX,3,0,78,0,0,33,6,50,15,5,53
-4,2,21,2,20,2475,B6,LAX,3,0,78,0,0,33,6,50,15,5,53
22,2,21,2,16,2475,B6,LAX,3,0,78,0,0,33,6,50,15,5,53
0,2,21,2,9,2475,B6,LAX,3,0,78,0,0,33,6,50,15,5,53
-3,2,21,2,7,2475,B6,LAX,3,0,78,0,0,33,6,50,15,5,53
1,2,21,2,15,2475,DL,LAX,3,0,78,0,0,33,6,50,15,5,53
-4,3,17,6,19,2475,DL,LAX,28,72,167,0,0,22,144,278,0,0,47
-5,3,17,6,9,2475,DL,LAX,28,72,167,0,0,22,144,278,0,0,47
-2,3,17,6,7,2475,DL,LAX,28,72,167,0,0,22,144,278,0,0,47
-2,3,17,6,12,2475,DL,LAX,28,72,167,0,0,22,144,278,0,0,47
-5,3,17,6,17,2475,DL,LAX,28,72,167,0,0,22,144,278,0,0,47
5,3,17,6,15,2475,DL,LAX,28,72,167,0,0,22,144,278,0,0,47
1,3,17,6,17,2475,UA,LAX,28,72,167,0,0,22,144,278,0,0,47
0,3,17,6,11,2475,UA,LAX,28,72,167,0,0,22,144,278,0,0,47
-4,3,17,6,15,2475,UA,LAX,28,72,167,0,0,22,144,278,0,0,47
0,3,17,6,6,2475,UA,LAX,28,72,167,0,0,22,144,278,0,0,47
108,3,17,6,7,2475,VX,LAX,28,72,167,0,0,22,144,278,0,0,47
-3,3,17,6,8,2475,UA,LAX,28,72,167,0,0,22,144,278,0,0,47
-1,3,17,6,11,2475,VX,LAX,28,72,167,0,0,22,144,278,0,0,47
-5,3,17,6,13,2475,VX,LAX,28,72,167,0,0,22,144,278,0,0,47
7,3,17,6,16,2475,VX,LAX,28,72,167,0,0,22,144,278,0,0,47
5,3,17,6,20,2475,VX,LAX,28,72,167,0,0,22,144,278,0,0,47
147,3,17,6,9,2475,VX,LAX,28,72,167,0,0,22,144,278,0,0,47
-7,3,17,6,12,2475,AA,LAX,28,72,167,0,0,22,144,278,0,0,47
42,3,17,6,16,2475,AA,LAX,28,72,167,0,0,22,144,278,0,0,47
7,3,17,6,13,2475,AA,LAX,28,72,167,0,0,22,144,278,0,0,47
-4,3,17,6,7,2475,AA,LAX,28,72,167,0,0,22,144,278,0,0,47
-1,3,17,6,7,2475,AA,LAX,28,72,167,0,0,22,144,278,0,0,47
31,3,17,6,9,2475,B6,LAX,28,72,167,0,0,22,144,278,0,0,47
-6,3,17,6,15,2475,AA,LAX,28,72,167,0,0,22,144,278,0,0,47
-2,3,17,6,16,2475,B6,LAX,28,72,167,0,0,22,144,278,0,0,47
-5,3,17,6,9,2475,AA,LAX,28,72,167,0,0,22,144,278,0,0,47
1,3,17,6,21,2475,AA,LAX,28,72,167,0,0,22,144,278,0,0,47
-6,3,17,6,20,2475,B6,LAX,28,72,167,0,0,22,144,278,0,0,47
78,3,17,6,19,2475,AA,LAX,28,72,167,0,0,22,144,278,0,0,47
-2,3,22,4,9,2475,B6,LAX,33,133,256,0,0,15,156,283,41,0,28
-9,3,22,4,7,2475,B6,LAX,33,133,256,0,0,15,156,283,41,0,28
-6,3,22,4,15,2475,AA,LAX,33,133,256,0,0,15,156,283,41,0,28
-4,3,22,4,9,2475,AA,LAX,33,133,256,0,0,15,156,283,41,0,28
-7,3,22,4,12,2475,AA,LAX,33,133,256,0,0,15,156,283,41,0,28
18,3,22,4,21,2475,AA,LAX,33,133,256,0,0,15,156,283,41,0,28
32,3,22,4,16,2475,AA,LAX,33,133,256,0,0,15,156,283,41,0,28
9,3,22,4,13,2475,AA,LAX,33,133,256,0,0,15,156,283,41,0,28
-1,3,22,4,10,2475,AA,LAX,33,133,256,0,0,15,156,283,41,0,28
-6,3,22,4,19,2475,AA,LAX,33,133,256,0,0,15,156,283,41,0,28
-7,3,22,4,7,2475,AA,LAX,33,133,256,0,0,15,156,283,41,0,28
-4,3,22,4,7,2475,AA,LAX,33,133,256,0,0,15,156,283,41,0,28
19,3,22,4,20,2475,B6,LAX,33,133,256,0,0,15,156,283,41,0,28
16,3,22,4,16,2475,B6,LAX,33,133,256,0,0,15,156,283,41,0,28
-1,3,22,4,6,2475,UA,LAX,33,133,256,0,0,15,156,283,41,0,28
12,3,22,4,20,2475,VX,LAX,33,133,256,0,0,15,156,283,41,0,28
19,3,22,4,16,2475,VX,LAX,33,133,256,0,0,15,156,283,41,0,28
-2,3,22,4,13,2475,VX,LAX,33,133,256,0,0,15,156,283,41,0,28
-4,3,22,4,11,2475,VX,LAX,33,133,256,0,0,15,156,283,41,0,28
54,3,22,4,9,2475,VX,LAX,33,133,256,0,0,15,156,283,41,0,28
6,3,22,4,7,2475,VX,LAX,33,133,256,0,0,15,156,283,41,0,28
0,3,22,4,15,2475,UA,LAX,33,133,256,0,0,15,156,283,41,0,28
-4,3,22,4,8,2475,UA,LAX,33,133,256,0,0,15,156,283,41,0,28
1,3,22,4,11,2475,UA,LAX,33,133,256,0,0,15,156,283,41,0,28
60,3,22,4,17,2475,UA,LAX,33,133,256,0,0,15,156,283,41,0,28
16,3,22,4,20,2475,UA,LAX,33,133,256,0,0,15,156,283,41,0,28
-5,3,22,4,19,2475,DL,LAX,33,133,256,0,0,15,156,283,41,0,28
-4,3,22,4,7,2475,DL,LAX,33,133,256,0,0,15,156,283,41,0,28
-1,3,22,4,12,2475,DL,LAX,33,133,256,0,0,15,156,283,41,0,28
-4,3,22,4,9,2475,DL,LAX,33,133,256,0,0,15,156,283,41,0,28
32,3,22,4,21,2475,DL,LAX,33,133,256,0,0,15,156,283,41,0,28
-6,3,22,4,17,2475,DL,LAX,33,133,256,0,0,15,156,283,41,0,28
-2,3,22,4,15,2475,DL,LAX,33,133,256,0,0,15,156,283,41,0,28
-1,4,18,3,16,2475,VX,LAX,34,94,167,3,0,22,39,228,3,0,47
7,4,18,3,7,2475,VX,LAX,34,94,167,3,0,22,39,228,3,0,47
3,4,18,3,9,2475,VX,LAX,34,94,167,3,0,22,39,228,3,0,47
-7,4,18,3,11,2475,VX,LAX,34,94,167,3,0,22,39,228,3,0,47
-5,4,18,3,13,2475,VX,LAX,34,94,167,3,0,22,39,228,3,0,47
11,4,18,3,20,2475,VX,LAX,34,94,167,3,0,22,39,228,3,0,47
-4,4,18,3,20,2475,UA,LAX,34,94,167,3,0,22,39,228,3,0,47
-3,4,18,3,6,2475,UA,LAX,34,94,167,3,0,22,39,228,3,0,47
-7,4,18,3,8,2475,UA,LAX,34,94,167,3,0,22,39,228,3,0,47
-6,4,18,3,17,2475,UA,LAX,34,94,167,3,0,22,39,228,3,0,47
-5,4,18,3,11,2475,UA,LAX,34,94,167,3,0,22,39,228,3,0,47
1,4,18,3,15,2475,UA,LAX,34,94,167,3,0,22,39,228,3,0,47
-1,4,18,3,15,2475,DL,LAX,34,94,167,3,0,22,39,228,3,0,47
-2,4,18,3,15,2475,AA,LAX,34,94,167,3,0,22,39,228,3,0,47
-3,4,18,3,20,2475,B6,LAX,34,94,167,3,0,22,39,228,3,0,47
-4,4,18,3,19,2475,AA,LAX,34,94,167,3,0,22,39,228,3,0,47
-2,4,18,3,10,2475,AA,LAX,34,94,167,3,0,22,39,228,3,0,47
-9,4,18,3,21,2475,AA,LAX,34,94,167,3,0,22,39,228,3,0,47
-4,4,18,3,9,2475,AA,LAX,34,94,167,3,0,22,39,228,3,0,47
-5,4,18,3,12,2475,DL,LAX,34,94,167,3,0,22,39,228,3,0,47
-2,4,18,3,6,2475,AA,LAX,34,94,167,3,0,22,39,228,3,0,47
-3,4,18,3,16,2475,AA,LAX,34,94,167,3,0,22,39,228,3,0,47
-4,4,18,3,7,2475,DL,LAX,34,94,167,3,0,22,39,228,3,0,47
0,4,18,3,9,2475,DL,LAX,34,94,167,3,0,22,39,228,3,0,47
-5,4,18,3,19,2475,DL,LAX,34,94,167,3,0,22,39,228,3,0,47
-9,4,18,3,12,2475,AA,LAX,34,94,167,3,0,22,39,228,3,0,47
-6,4,18,3,7,2475,B6,LAX,34,94,167,3,0,22,39,228,3,0,47
2,4,18,3,21,2475,DL,LAX,34,94,167,3,0,22,39,228,3,0,47
-3,4,18,3,9,2475,B6,LAX,34,94,167,3,0,22,39,228,3,0,47
-5,4,18,3,17,2475,DL,LAX,34,94,167,3,0,22,39,228,3,0,47
-2,4,18,3,7,2475,AA,LAX,34,94,167,3,0,22,39,228,3,0,47
-2,4,18,3,13,2475,AA,LAX,34,94,167,3,0,22,39,228,3,0,47
-6,4,18,3,16,2475,B6,LAX,34,94,167,3,0,22,39,228,3,0,47
-2,4,23,1,7,2475,AA,LAX,29,56,122,56,0,30,39,156,0,0,41
-1,4,23,1,15,2475,DL,LAX,29,56,122,56,0,30,39,156,0,0,41
-4,4,23,1,12,2475,DL,LAX,29,56,122,56,0,30,39,156,0,0,41
8,4,23,1,7,2475,DL,LAX,29,56,122,56,0,30,39,156,0,0,41
95,4,23,1,15,2475,AA,LAX,29,56,122,56,0,30,39,156,0,0,41
-3,4,23,1,19,2475,DL,LAX,29,56,122,56,0,30,39,156,0,0,41
-3,4,23,1,7,2475,B6,LAX,29,56,122,56,0,30,39,156,0,0,41
-3,4,23,1,9,2475,B6,LAX,29,56,122,56,0,30,39,156,0,0,41
38,4,23,1,21,2475,AA,LAX,29,56,122,56,0,30,39,156,0,0,41
-10,4,23,1,13,2475,AA,LAX,29,56,122,56,0,30,39,156,0,0,41
-5,4,23,1,16,2475,B6,LAX,29,56,122,56,0,30,39,156,0,0,41
-8,4,23,1,20,2475,B6,LAX,29,56,122,56,0,30,39,156,0,0,41
-5,4,23,1,10,2475,AA,LAX,29,56,122,56,0,30,39,156,0,0,41
23,4,23,1,9,2475,DL,LAX,29,56,122,56,0,30,39,156,0,0,41
-12,4,23,1,12,2475,AA,LAX,29,56,122,56,0,30,39,156,0,0,41
-4,4,23,1,16,2475,AA,LAX,29,56,122,56,0,30,39,156,0,0,41
12,4,23,1,17,2475,DL,LAX,29,56,122,56,0,30,39,156,0,0,41
-8,4,23,1,9,2475,AA,LAX,29,56,122,56,0,30,39,156,0,0,41
-7,4,23,1,19,2475,AA,LAX,29,56,122,56,0,30,39,156,0,0,41
-2,4,23,1,6,2475,AA,LAX,29,56,122,56,0,30,39,156,0,0,41
86,4,23,1,20,2475,UA,LAX,29,56,122,56,0,30,39,156,0,0,41
-5,4,23,1,8,2475,UA,LAX,29,56,122,56,0,30,39,156,0,0,41
-5,4,23,1,17,2475,UA,LAX,29,56,122,56,0,30,39,156,0,0,41
1,4,23,1,6,2475,UA,LAX,29,56,122,56,0,30,39,156,0,0,41
-5,4,23,1,11,2475,UA,LAX,29,56,122,56,0,30,39,156,0,0,41
1,4,23,1,15,2475,UA,LAX,29,56,122,56,0,30,39,156,0,0,41
0,4,23,1,7,2475,VX,LAX,29,56,122,56,0,30,39,156,0,0,41
-1,4,23,1,21,2475,DL,LAX,29,56,122,56,0,30,39,156,0,0,41
42,4,23,1,20,2475,VX,LAX,29,56,122,56,0,30,39,156,0,0,41
24,4,23,1,16,2475,VX,LAX,29,56,122,56,0,30,39,156,0,0,41
-7,4,23,1,13,2475,VX,LAX,29,56,122,56,0,30,39,156,0,0,41
-3,4,23,1,11,2475,VX,LAX,29,56,122,56,0,30,39,156,0,0,41
6,4,23,1,9,2475,VX,LAX,29,56,122,56,0,30,39,156,0,0,41
5,5,1,2,16,2475,VX,LAX,21,106,200,157,0,18,94,183,23,0,34
57,5,1,2,21,2475,UA,LAX,21,106,200,157,0,18,94,183,23,0,34
-6,5,1,2,13,2475,VX,LAX,21,106,200,157,0,18,94,183,23,0,34
-3,5,1,2,11,2475,VX,LAX,21,106,200,157,0,18,94,183,23,0,34
10,5,1,2,9,2475,VX,LAX,21,106,200,157,0,18,94,183,23,0,34
1,5,1,2,7,2475,VX,LAX,21,106,200,157,0,18,94,183,23,0,34
-3,5,1,2,11,2475,UA,LAX,21,106,200,157,0,18,94,183,23,0,34
3,5,1,2,8,2475,UA,LAX,21,106,200,157,0,18,94,183,23,0,34
-1,5,1,2,6,2475,UA,LAX,21,106,200,157,0,18,94,183,23,0,34
-4,5,1,2,15,2475,UA,LAX,21,106,200,157,0,18,94,183,23,0,34
0,5,1,2,20,2475,VX,LAX,21,106,200,157,0,18,94,183,23,0,34
-4,5,1,2,17,2475,UA,LAX,21,106,200,157,0,18,94,183,23,0,34
-5,5,1,2,20,2475,B6,LAX,21,106,200,157,0,18,94,183,23,0,34
18,5,1,2,15,2475,AA,LAX,21,106,200,157,0,18,94,183,23,0,34
0,5,1,2,19,2475,AA,LAX,21,106,200,157,0,18,94,183,23,0,34
-4,5,1,2,21,2475,DL,LAX,21,106,200,157,0,18,94,183,23,0,34
-7,5,1,2,10,2475,AA,LAX,21,106,200,157,0,18,94,183,23,0,34
-5,5,1,2,16,2475,B6,LAX,21,106,200,157,0,18,94,183,23,0,34
-1,5,1,2,15,2475,DL,LAX,21,106,200,157,0,18,94,183,23,0,34
-6,5,1,2,6,2475,AA,LAX,21,106,200,157,0,18,94,183,23,0,34
32,5,1,2,16,2475,AA,LAX,21,106,200,157,0,18,94,183,23,0,34
-5,5,1,2,17,2475,DL,LAX,21,106,200,157,0,18,94,183,23,0,34
3,5,1,2,12,2475,DL,LAX,21,106,200,157,0,18,94,183,23,0,34
-7,5,1,2,7,2475,DL,LAX,21,106,200,157,0,18,94,183,23,0,34
-4,5,1,2,9,2475,DL,LAX,21,106,200,157,0,18,94,183,23,0,34
-3,5,1,2,19,2475,DL,LAX,21,106,200,157,0,18,94,183,23,0,34
-5,5,1,2,21,2475,AA,LAX,21,106,200,157,0,18,94,183,23,0,34
-4,5,1,2,7,2475,B6,LAX,21,106,200,157,0,18,94,183,23,0,34
-2,5,1,2,9,2475,B6,LAX,21,106,200,157,0,18,94,183,23,0,34
-6,5,1,2,13,2475,AA,LAX,21,106,200,157,0,18,94,183,23,0,34
-2,5,1,2,7,2475,AA,LAX,21,106,200,157,0,18,94,183,23,0,34
1,5,1,2,12,2475,AA,LAX,21,106,200,157,0,18,94,183,23,0,34
-6,5,1,2,9,2475,AA,LAX,21,106,200,157,0,18,94,183,23,0,34
3,5,19,6,16,2475,VX,LAX,3,117,267,0,0,14,150,333,0,0,41
0,5,19,6,7,2475,VX,LAX,3,117,267,0,0,14,150,333,0,0,41
21,5,19,6,20,2475,VX,LAX,3,117,267,0,0,14,150,333,0,0,41
21,5,19,6,9,2475,VX,LAX,3,117,267,0,0,14,150,333,0,0,41
-5,5,19,6,11,2475,VX,LAX,3,117,267,0,0,14,150,333,0,0,41
-2,5,19,6,13,2475,VX,LAX,3,117,267,0,0,14,150,333,0,0,41
-8,5,19,6,19,2475,AA,LAX,3,117,267,0,0,14,150,333,0,0,41
-9,5,19,6,9,2475,AA,LAX,3,117,267,0,0,14,150,333,0,0,41
0,5,19,6,19,2475,DL,LAX,3,117,267,0,0,14,150,333,0,0,41
-5,5,19,6,9,2475,DL,LAX,3,117,267,0,0,14,150,333,0,0,41
-6,5,19,6,12,2475,DL,LAX,3,117,267,0,0,14,150,333,0,0,41
-3,5,19,6,15,2475,DL,LAX,3,117,267,0,0,14,150,333,0,0,41
-5,5,19,6,17,2475,DL,LAX,3,117,267,0,0,14,150,333,0,0,41
-5,5,19,6,7,2475,AA,LAX,3,117,267,0,0,14,150,333,0,0,41
-7,5,19,6,21,2475,AA,LAX,3,117,267,0,0,14,150,333,0,0,41
-3,5,19,6,15,2475,UA,LAX,3,117,267,0,0,14,150,333,0,0,41
-4,5,19,6,11,2475,UA,LAX,3,117,267,0,0,14,150,333,0,0,41
-5,5,19,6,17,2475,UA,LAX,3,117,267,0,0,14,150,333,0,0,41
-5,5,19,6,8,2475,UA,LAX,3,117,267,0,0,14,150,333,0,0,41
-3,5,19,6,6,2475,UA,LAX,3,117,267,0,0,14,150,333,0,0,41
-3,5,19,6,16,2475,AA,LAX,3,117,267,0,0,14,150,333,0,0,41
-7,5,19,6,13,2475,AA,LAX,3,117,267,0,0,14,150,333,0,0,41
-2,5,19,6,20,2475,B6,LAX,3,117,267,0,0,14,150,333,0,0,41
0,5,19,6,16,2475,B6,LAX,3,117,267,0,0,14,150,333,0,0,41
-1,5,19,6,7,2475,B6,LAX,3,117,267,0,0,14,150,333,0,0,41
-5,5,19,6,6,2475,AA,LAX,3,117,267,0,0,14,150,333,0,0,41
-8,5,19,6,12,2475,AA,LAX,3,117,267,0,0,14,150,333,0,0,41
-4,5,19,6,15,2475,AA,LAX,3,117,267,0,0,14,150,333,0,0,41
333,5,24,4,16,2475,AA,LAX,2,167,189,241,0,18,178,322,0,0,79
15,5,24,4,19,2475,AA,LAX,2,167,189,241,0,18,178,322,0,0,79
-10,5,24,4,12,2475,AA,LAX,2,167,189,241,0,18,178,322,0,0,79
0,5,24,4,6,2475,UA,LAX,2,167,189,241,0,18,178,322,0,0,79
-4,5,24,4,6,2475,AA,LAX,2,167,189,241,0,18,178,322,0,0,79
36,5,24,4,21,2475,AA,LAX,2,167,189,241,0,18,178,322,0,0,79
-4,5,24,4,15,2475,UA,LAX,2,167,189,241,0,18,178,322,0,0,79
98,5,24,4,21,2475,DL,LAX,2,167,189,241,0,18,178,322,0,0,79
-3,5,24,4,7,2475,DL,LAX,2,167,189,241,0,18,178,322,0,0,79
-3,5,24,4,9,2475,DL,LAX,2,167,189,241,0,18,178,322,0,0,79
-3,5,24,4,19,2475,DL,LAX,2,167,189,241,0,18,178,322,0,0,79
-2,5,24,4,21,2475,UA,LAX,2,167,189,241,0,18,178,322,0,0,79
-5,5,24,4,9,2475,AA,LAX,2,167,189,241,0,18,178,322,0,0,79
-5,5,24,4,15,2475,AA,LAX,2,167,189,241,0,18,178,322,0,0,79
-1,5,24,4,13,2475,AA,LAX,2,167,189,241,0,18,178,322,0,0,79
-7,5,24,4,10,2475,AA,LAX,2,167,189,241,0,18,178,322,0,0,79
-6,5,24,4,8,2475,UA,LAX,2,167,189,241,0,18,178,322,0,0,79
-4,5,24,4,16,2475,B6,LAX,2,167,189,241,0,18,178,322,0,0,79
-6,5,24,4,7,2475,B6,LAX,2,167,189,241,0,18,178,322,0,0,79
-3,5,24,4,20,2475,B6,LAX,2,167,189,241,0,18,178,322,0,0,79
-3,5,24,4,9,2475,B6,LAX,2,167,189,241,0,18,178,322,0,0,79
2,5,24,4,11,2475,UA,LAX,2,167,189,241,0,18,178,322,0,0,79
23,5,24,4,7,2475,AA,LAX,2,167,189,241,0,18,178,322,0,0,79
50,5,24,4,7,2475,VX,LAX,2,167,189,241,0,18,178,322,0,0,79
3,5,24,4,9,2475,VX,LAX,2,167,189,241,0,18,178,322,0,0,79
20,5,24,4,11,2475,VX,LAX,2,167,189,241,0,18,178,322,0,0,79
-1,5,24,4,13,2475,VX,LAX,2,167,189,241,0,18,178,322,0,0,79
6,5,24,4,16,2475,VX,LAX,2,167,189,241,0,18,178,322,0,0,79
54,5,24,4,20,2475,VX,LAX,2,167,189,241,0,18,178,322,0,0,79
-2,5,24,4,17,2475,DL,LAX,2,167,189,241,0,18,178,322,0,0,79
-2,5,24,4,15,2475,DL,LAX,2,167,189,241,0,18,178,322,0,0,79
-5,5,24,4,12,2475,DL,LAX,2,167,189,241,0,18,178,322,0,0,79
1,6,2,6,6,2475,UA,LAX,7,161,239,99,0,23,94,244,0,0,48
-7,6,2,6,8,2475,UA,LAX,7,161,239,99,0,23,94,244,0,0,48
2,6,2,6,17,2475,UA,LAX,7,161,239,99,0,23,94,244,0,0,48
-4,6,2,6,11,2475,UA,LAX,7,161,239,99,0,23,94,244,0,0,48
-2,6,2,6,15,2475,UA,LAX,7,161,239,99,0,23,94,244,0,0,48
-7,6,2,6,7,2475,AA,LAX,7,161,239,99,0,23,94,244,0,0,48
13,6,2,6,13,2475,AA,LAX,7,161,239,99,0,23,94,244,0,0,48
-6,6,2,6,15,2475,DL,LAX,7,161,239,99,0,23,94,244,0,0,48
-4,6,2,6,9,2475,DL,LAX,7,161,239,99,0,23,94,244,0,0,48
-6,6,2,6,9,2475,AA,LAX,7,161,239,99,0,23,94,244,0,0,48
-4,6,2,6,12,2475,DL,LAX,7,161,239,99,0,23,94,244,0,0,48
2,6,2,6,16,2475,AA,LAX,7,161,239,99,0,23,94,244,0,0,48
14,6,2,6,20,2475,B6,LAX,7,161,239,99,0,23,94,244,0,0,48
0,6,2,6,16,2475,B6,LAX,7,161,239,99,0,23,94,244,0,0,48
-5,6,2,6,19,2475,AA,LAX,7,161,239,99,0,23,94,244,0,0,48
-6,6,2,6,7,2475,B6,LAX,7,161,239,99,0,23,94,244,0,0,48
-7,6,2,6,12,2475,AA,LAX,7,161,239,99,0,23,94,244,0,0,48
-3,6,2,6,21,2475,AA,LAX,7,161,239,99,0,23,94,244,0,0,48
-8,6,2,6,17,2475,DL,LAX,7,161,239,99,0,23,94,244,0,0,48
-4,6,2,6,19,2475,DL,LAX,7,161,239,99,0,23,94,244,0,0,48
-5,6,2,6,6,2475,AA,LAX,7,161,239,99,0,23,94,244,0,0,48
-9,6,2,6,15,2475,AA,LAX,7,161,239,99,0,23,94,244,0,0,48
-5,6,2,6,9,2475,VX,LAX,7,161,239,99,0,23,94,244,0,0,48
0,6,2,6,7,2475,VX,LAX,7,161,239,99,0,23,94,244,0,0,48
-1,6,2,6,13,2475,VX,LAX,7,161,239,99,0,23,94,244,0,0,48
3,6,2,6,11,2475,VX,LAX,7,161,239,99,0,23,94,244,0,0,48
-4,6,2,6,16,2475,VX,LAX,7,161,239,99,0,23,94,244,0,0,48
0,6,2,6,20,2475,VX,LAX,7,161,239,99,0,23,94,244,0,0,48
137,6,25,1,13,2475,VX,LAX,9,167,233,38,0,16,156,244,0,0,63
22,6,25,1,20,2475,VX,LAX,9,167,233,38,0,16,156,244,0,0,63
26,6,25,1,16,2475,VX,LAX,9,167,233,38,0,16,156,244,0,0,63
116,6,25,1,9,2475,VX,LAX,9,167,233,38,0,16,156,244,0,0,63
6,6,25,1,7,2475,VX,LAX,9,167,233,38,0,16,156,244,0,0,63
117,6,25,1,11,2475,VX,LAX,9,167,233,38,0,16,156,244,0,0,63
0,6,25,1,11,2475,UA,LAX,9,167,233,38,0,16,156,244,0,0,63
44,6,25,1,21,2475,UA,LAX,9,167,233,38,0,16,156,244,0,0,63
100,6,25,1,17,2475,UA,LAX,9,167,233,38,0,16,156,244,0,0,63
66,6,25,1,8,2475,UA,LAX,9,167,233,38,0,16,156,244,0,0,63
41,6,25,1,15,2475,UA,LAX,9,167,233,38,0,16,156,244,0,0,63
4,6,25,1,6,2475,UA,LAX,9,167,233,38,0,16,156,244,0,0,63
209,6,25,1,19,2475,AA,LAX,9,167,233,38,0,16,156,244,0,0,63
0,6,25,1,21,2475,DL,LAX,9,167,233,38,0,16,156,244,0,0,63
54,6,25,1,9,2475,AA,LAX,9,167,233,38,0,16,156,244,0,0,63
92,6,25,1,9,2475,B6,LAX,9,167,233,38,0,16,156,244,0,0,63
21,6,25,1,12,2475,B6,LAX,9,167,233,38,0,16,156,244,0,0,63
14,6,25,1,17,2475,AA,LAX,9,167,233,38,0,16,156,244,0,0,63
83,6,25,1,22,2475,B6,LAX,9,167,233,38,0,16,156,244,0,0,63
2,6,25,1,7,2475,B6,LAX,9,167,233,38,0,16,156,244,0,0,63
-5,6,25,1,8,2475,AA,LAX,9,167,233,38,0,16,156,244,0,0,63
48,6,25,1,11,2475,DL,LAX,9,167,233,38,0,16,156,244,0,0,63
-7,6,25,1,7,2475,DL,LAX,9,167,233,38,0,16,156,244,0,0,63
23,6,25,1,17,2475,DL,LAX,9,167,233,38,0,16,156,244,0,0,63
-3,6,25,1,21,2475,B6,LAX,9,167,233,38,0,16,156,244,0,0,63
46,6,25,1,15,2475,AA,LAX,9,167,233,38,0,16,156,244,0,0,63
4,6,25,1,10,2475,AA,LAX,9,167,233,38,0,16,156,244,0,0,63
58,6,25,1,12,2475,AA,LAX,9,167,233,38,0,16,156,244,0,0,63
168,6,25,1,19,2475,DL,LAX,9,167,233,38,0,16,156,244,0,0,63
-5,6,25,1,9,2475,DL,LAX,9,167,233,38,0,16,156,244,0,0,63
80,6,25,1,15,2475,DL,LAX,9,167,233,38,0,16,156,244,0,0,63
34,6,25,1,13,2475,DL,LAX,9,167,233,38,0,16,156,244,0,0,63
2,6,25,1,13,2475,AA,LAX,9,167,233,38,0,16,156,244,0,0,63
32,6,25,1,16,2475,B6,LAX,9,167,233,38,0,16,156,244,0,0,63
148,6,25,1,20,2475,AA,LAX,9,167,233,38,0,16,156,244,0,0,63
15,6,30,6,13,2475,DL,LAX,4,250,339,0,0,21,206,333,0,0,30
0,6,30,6,9,2475,AA,LAX,4,250,339,0,0,21,206,333,0,0,30
-8,6,30,6,12,2475,AA,LAX,4,250,339,0,0,21,206,333,0,0,30
-9,6,30,6,10,2475,AA,LAX,4,250,339,0,0,21,206,333,0,0,30
-1,6,30,6,19,2475,AA,LAX,4,250,339,0,0,21,206,333,0,0,30
45,6,30,6,20,2475,AA,LAX,4,250,339,0,0,21,206,333,0,0,30
-6,6,30,6,8,2475,AA,LAX,4,250,339,0,0,21,206,333,0,0,30
31,6,30,6,13,2475,AA,LAX,4,250,339,0,0,21,206,333,0,0,30
-4,6,30,6,15,2475,AA,LAX,4,250,339,0,0,21,206,333,0,0,30
-2,6,30,6,9,2475,B6,LAX,4,250,339,0,0,21,206,333,0,0,30
58,6,30,6,21,2475,B6,LAX,4,250,339,0,0,21,206,333,0,0,30
0,6,30,6,16,2475,B6,LAX,4,250,339,0,0,21,206,333,0,0,30
4,6,30,6,7,2475,B6,LAX,4,250,339,0,0,21,206,333,0,0,30
-4,6,30,6,22,2475,B6,LAX,4,250,339,0,0,21,206,333,0,0,30
0,6,30,6,17,2475,AA,LAX,4,250,339,0,0,21,206,333,0,0,30
-1,6,30,6,15,2475,DL,LAX,4,250,339,0,0,21,206,333,0,0,30
-5,6,30,6,9,2475,DL,LAX,4,250,339,0,0,21,206,333,0,0,30
3,6,30,6,19,2475,DL,LAX,4,250,339,0,0,21,206,333,0,0,30
0,6,30,6,17,2475,DL,LAX,4,250,339,0,0,21,206,333,0,0,30
-3,6,30,6,11,2475,DL,LAX,4,250,339,0,0,21,206,333,0,0,30
-2,6,30,6,8,2475,UA,LAX,4,250,339,0,0,21,206,333,0,0,30
13,6,30,6,15,2475,UA,LAX,4,250,339,0,0,21,206,333,0,0,30
-6,6,30,6,6,2475,UA,LAX,4,250,339,0,0,21,206,333,0,0,30
143,6,30,6,11,2475,UA,LAX,4,250,339,0,0,21,206,333,0,0,30
4,6,30,6,17,2475,UA,LAX,4,250,339,0,0,21,206,333,0,0,30
0,6,30,6,20,2475,VX,LAX,4,250,339,0,0,21,206,333,0,0,30
1,6,30,6,13,2475,VX,LAX,4,250,339,0,0,21,206,333,0,0,30
-3,6,30,6,11,2475,VX,LAX,4,250,339,0,0,21,206,333,0,0,30
9,6,30,6,9,2475,VX,LAX,4,250,339,0,0,21,206,333,0,0,30
1,6,30,6,16,2475,VX,LAX,4,250,339,0,0,21,206,333,0,0,30
61,6,30,6,7,2475,VX,LAX,4,250,339,0,0,21,206,333,0,0,30
-1,7,3,2,22,2475,B6,LAX,1,217,317,0,0,13,250,356,0,0,44
2,7,3,2,12,2475,B6,LAX,1,217,317,0,0,13,250,356,0,0,44
1,7,3,2,17,2475,AA,LAX,1,217,317,0,0,13,250,356,0,0,44
-3,7,3,2,16,2475,B6,LAX,1,217,317,0,0,13,250,356,0,0,44
-9,7,3,2,9,2475,AA,LAX,1,217,317,0,0,13,250,356,0,0,44
-8,7,3,2,12,2475,AA,LAX,1,217,317,0,0,13,250,356,0,0,44
0,7,3,2,21,2475,B6,LAX,1,217,317,0,0,13,250,356,0,0,44
17,7,3,2,13,2475,AA,LAX,1,217,317,0,0,13,250,356,0,0,44
38,7,3,2,19,2475,AA,LAX,1,217,317,0,0,13,250,356,0,0,44
0,7,3,2,7,2475,B6,LAX,1,217,317,0,0,13,250,356,0,0,44
-4,7,3,2,9,2475,B6,LAX,1,217,317,0,0,13,250,356,0,0,44
-1,7,3,2,6,2475,AA,LAX,1,217,317,0,0,13,250,356,0,0,44
4,7,3,2,15,2475,AA,LAX,1,217,317,0,0,13,250,356,0,0,44
5,7,3,2,10,2475,AA,LAX,1,217,317,0,0,13,250,356,0,0,44
4,7,3,2,16,2475,VX,LAX,1,217,317,0,0,13,250,356,0,0,44
-8,7,3,2,13,2475,VX,LAX,1,217,317,0,0,13,250,356,0,0,44
-2,7,3,2,11,2475,VX,LAX,1,217,317,0,0,13,250,356,0,0,44
-4,7,3,2,9,2475,VX,LAX,1,217,317,0,0,13,250,356,0,0,44
-5,7,3,2,7,2475,VX,LAX,1,217,317,0,0,13,250,356,0,0,44
188,7,3,2,15,2475,DL,LAX,1,217,317,0,0,13,250,356,0,0,44
-4,7,3,2,11,2475,DL,LAX,1,217,317,0,0,13,250,356,0,0,44
-1,7,3,2,13,2475,DL,LAX,1,217,317,0,0,13,250,356,0,0,44
-3,7,3,2,8,2475,UA,LAX,1,217,317,0,0,13,250,356,0,0,44
12,7,3,2,9,2475,DL,LAX,1,217,317,0,0,13,250,356,0,0,44
18,7,3,2,20,2475,VX,LAX,1,217,317,0,0,13,250,356,0,0,44
-10,7,3,2,6,2475,UA,LAX,1,217,317,0,0,13,250,356,0,0,44
-3,7,3,2,11,2475,UA,LAX,1,217,317,0,0,13,250,356,0,0,44
0,7,3,2,19,2475,DL,LAX,1,217,317,0,0,13,250,356,0,0,44
16,7,3,2,17,2475,UA,LAX,1,217,317,0,0,13,250,356,0,0,44
-6,7,3,2,21,2475,UA,LAX,1,217,317,0,0,13,250,356,0,0,44
62,7,3,2,17,2475,DL,LAX,1,217,317,0,0,13,250,356,0,0,44
-6,7,26,4,11,2475,UA,LAX,22,200,311,152,0,24,206,317,180,0,41
0,7,26,4,8,2475,UA,LAX,22,200,311,152,0,24,206,317,180,0,41
59,7,26,4,15,2475,UA,LAX,22,200,311,152,0,24,206,317,180,0,41
189,7,26,4,17,2475,UA,LAX,22,200,311,152,0,24,206,317,180,0,41
-8,7,26,4,6,2475,UA,LAX,22,200,311,152,0,24,206,317,180,0,41
119,7,26,4,21,2475,UA,LAX,22,200,311,152,0,24,206,317,180,0,41
-2,7,26,4,9,2475,DL,LAX,22,200,311,152,0,24,206,317,180,0,41
128,7,26,4,16,2475,VX,LAX,22,200,311,152,0,24,206,317,180,0,41
-5,7,26,4,13,2475,VX,LAX,22,200,311,152,0,24,206,317,180,0,41
1,7,26,4,11,2475,VX,LAX,22,200,311,152,0,24,206,317,180,0,41
29,7,26,4,9,2475,VX,LAX,22,200,311,152,0,24,206,317,180,0,41
-5,7,26,4,7,2475,VX,LAX,22,200,311,152,0,24,206,317,180,0,41
329,7,26,4,20,2475,VX,LAX,22,200,311,152,0,24,206,317,180,0,41
0,7,26,4,19,2475,DL,LAX,22,200,311,152,0,24,206,317,180,0,41
-5,7,26,4,7,2475,DL,LAX,22,200,311,152,0,24,206,317,180,0,41
129,7,26,4,17,2475,DL,LAX,22,200,311,152,0,24,206,317,180,0,41
193,7,26,4,21,2475,DL,LAX,22,200,311,152,0,24,206,317,180,0,41
-2,7,26,4,13,2475,DL,LAX,22,200,311,152,0,24,206,317,180,0,41
29,7,26,4,11,2475,DL,LAX,22,200,311,152,0,24,206,317,180,0,41
-1,7,26,4,15,2475,DL,LAX,22,200,311,152,0,24,206,317,180,0,41
134,7,26,4,12,2475,B6,LAX,22,200,311,152,0,24,206,317,180,0,41
2,7,26,4,10,2475,AA,LAX,22,200,311,152,0,24,206,317,180,0,41
294,7,26,4,17,2475,AA,LAX,22,200,311,152,0,24,206,317,180,0,41
-5,7,26,4,7,2475,B6,LAX,22,200,311,152,0,24,206,317,180,0,41
6,7,26,4,15,2475,AA,LAX,22,200,311,152,0,24,206,317,180,0,41
95,7,26,4,16,2475,B6,LAX,22,200,311,152,0,24,206,317,180,0,41
-2,7,26,4,13,2475,AA,LAX,22,200,311,152,0,24,206,317,180,0,41
123,7,26,4,19,2475,AA,LAX,22,200,311,152,0,24,206,317,180,0,41
87,7,26,4,9,2475,B6,LAX,22,200,311,152,0,24,206,317,180,0,41
108,7,26,4,22,2475,B6,LAX,22,200,311,152,0,24,206,317,180,0,41
-8,7,26,4,12,2475,AA,LAX,22,200,311,152,0,24,206,317,180,0,41
151,7,26,4,21,2475,B6,LAX,22,200,311,152,0,24,206,317,180,0,41
-5,7,26,4,9,2475,AA,LAX,22,200,311,152,0,24,206,317,180,0,41
150,7,26,4,20,2475,AA,LAX,22,200,311,152,0,24,206,317,180,0,41
-8,7,26,4,6,2475,AA,LAX,22,200,311,152,0,24,206,317,180,0,41
-4,7,31,2,7,2475,B6,LAX,27,211,267,0,0,17,200,294,41,0,31
107,7,31,2,20,2475,AA,LAX,27,211,267,0,0,17,200,294,41,0,31
-7,7,31,2,6,2475,AA,LAX,27,211,267,0,0,17,200,294,41,0,31
-8,7,31,2,9,2475,AA,LAX,27,211,267,0,0,17,200,294,41,0,31
-2,7,31,2,21,2475,B6,LAX,27,211,267,0,0,17,200,294,41,0,31
48,7,31,2,19,2475,AA,LAX,27,211,267,0,0,17,200,294,41,0,31
21,7,31,2,22,2475,B6,LAX,27,211,267,0,0,17,200,294,41,0,31
7,7,31,2,17,2475,AA,LAX,27,211,267,0,0,17,200,294,41,0,31
-5,7,31,2,15,2475,AA,LAX,27,211,267,0,0,17,200,294,41,0,31
-5,7,31,2,12,2475,B6,LAX,27,211,267,0,0,17,200,294,41,0,31
-4,7,31,2,16,2475,B6,LAX,27,211,267,0,0,17,200,294,41,0,31
-8,7,31,2,13,2475,AA,LAX,27,211,267,0,0,17,200,294,41,0,31
11,7,31,2,9,2475,B6,LAX,27,211,267,0,0,17,200,294,41,0,31
-10,7,31,2,12,2475,AA,LAX,27,211,267,0,0,17,200,294,41,0,31
-10,7,31,2,10,2475,AA,LAX,27,211,267,0,0,17,200,294,41,0,31
-6,7,31,2,15,2475,UA,LAX,27,211,267,0,0,17,200,294,41,0,31
-2,7,31,2,6,2475,UA,LAX,27,211,267,0,0,17,200,294,41,0,31
5,7,31,2,8,2475,UA,LAX,27,211,267,0,0,17,200,294,41,0,31
34,7,31,2,17,2475,UA,LAX,27,211,267,0,0,17,200,294,41,0,31
89,7,31,2,21,2475,UA,LAX,27,211,267,0,0,17,200,294,41,0,31
-3,7,31,2,11,2475,UA,LAX,27,211,267,0,0,17,200,294,41,0,31
214,7,31,2,20,2475,VX,LAX,27,211,267,0,0,17,200,294,41,0,31
160,7,31,2,16,2475,VX,LAX,27,211,267,0,0,17,200,294,41,0,31
7,7,31,2,13,2475,VX,LAX,27,211,267,0,0,17,200,294,41,0,31
8,7,31,2,11,2475,VX,LAX,27,211,267,0,0,17,200,294,41,0,31
-3,7,31,2,11,2475,DL,LAX,27,211,267,0,0,17,200,294,41,0,31
34,7,31,2,9,2475,VX,LAX,27,211,267,0,0,17,200,294,41,0,31
-1,7,31,2,7,2475,VX,LAX,27,211,267,0,0,17,200,294,41,0,31
0,7,31,2,17,2475,DL,LAX,27,211,267,0,0,17,200,294,41,0,31
24,7,31,2,19,2475,DL,LAX,27,211,267,0,0,17,200,294,41,0,31
-2,7,31,2,9,2475,DL,LAX,27,211,267,0,0,17,200,294,41,0,31
-1,7,31,2,15,2475,DL,LAX,27,211,267,0,0,17,200,294,41,0,31
-9,7,31,2,7,2475,DL,LAX,27,211,267,0,0,17,200,294,41,0,31
141,7,31,2,21,2475,DL,LAX,27,211,267,0,0,17,200,294,41,0,31
-3,7,31,2,13,2475,DL,LAX,27,211,267,0,0,17,200,294,41,0,31
-6,8,4,6,12,2475,AA,LAX,28,239,322,0,0,14,217,339,94,0,27
14,8,4,6,7,2475,B6,LAX,28,239,322,0,0,14,217,339,94,0,27
-2,8,4,6,19,2475,DL,LAX,28,239,322,0,0,14,217,339,94,0,27
126,8,4,6,16,2475,B6,LAX,28,239,322,0,0,14,217,339,94,0,27
11,8,4,6,17,2475,DL,LAX,28,239,322,0,0,14,217,339,94,0,27
-2,8,4,6,19,2475,AA,LAX,28,239,322,0,0,14,217,339,94,0,27
-10,8,4,6,10,2475,AA,LAX,28,239,322,0,0,14,217,339,94,0,27
-4,8,4,6,11,2475,DL,LAX,28,239,322,0,0,14,217,339,94,0,27
-4,8,4,6,13,2475,DL,LAX,28,239,322,0,0,14,217,339,94,0,27
40,8,4,6,22,2475,B6,LAX,28,239,322,0,0,14,217,339,94,0,27
-4,8,4,6,20,2475,AA,LAX,28,239,322,0,0,14,217,339,94,0,27
-4,8,4,6,17,2475,AA,LAX,28,239,322,0,0,14,217,339,94,0,27
1,8,4,6,9,2475,AA,LAX,28,239,322,0,0,14,217,339,94,0,27
-4,8,4,6,13,2475,AA,LAX,28,239,322,0,0,14,217,339,94,0,27
19,8,4,6,15,2475,AA,LAX,28,239,322,0,0,14,217,339,94,0,27
-5,8,4,6,9,2475,B6,LAX,28,239,322,0,0,14,217,339,94,0,27
6,8,4,6,21,2475,B6,LAX,28,239,322,0,0,14,217,339,94,0,27
-4,8,4,6,6,2475,AA,LAX,28,239,322,0,0,14,217,339,94,0,27
-2,8,4,6,15,2475,DL,LAX,28,239,322,0,0,14,217,339,94,0,27
-3,8,4,6,9,2475,DL,LAX,28,239,322,0,0,14,217,339,94,0,27
-6,8,4,6,7,2475,VX,LAX,28,239,322,0,0,14,217,339,94,0,27
-2,8,4,6,8,2475,UA,LAX,28,239,322,0,0,14,217,339,94,0,27
-3,8,4,6,11,2475,UA,LAX,28,239,322,0,0,14,217,339,94,0,27
-4,8,4,6,15,2475,UA,LAX,28,239,322,0,0,14,217,339,94,0,27
-2,8,4,6,6,2475,UA,LAX,28,239,322,0,0,14,217,339,94,0,27
161,8,4,6,20,2475,VX,LAX,28,239,322,0,0,14,217,339,94,0,27
60,8,4,6,17,2475,UA,LAX,28,239,322,0,0,14,217,339,94,0,27
-5,8,4,6,16,2475,VX,LAX,28,239,322,0,0,14,217,339,94,0,27
1,8,4,6,13,2475,VX,LAX,28,239,322,0,0,14,217,339,94,0,27
-4,8,4,6,11,2475,VX,LAX,28,239,322,0,0,14,217,339,94,0,27
-2,8,4,6,9,2475,VX,LAX,28,239,322,0,0,14,217,339,94,0,27
2,8,27,1,20,2475,VX,LAX,5,211,272,155,0,17,189,311,0,0,27
-2,8,27,1,7,2475,VX,LAX,5,211,272,155,0,17,189,311,0,0,27
21,8,27,1,16,2475,VX,LAX,5,211,272,155,0,17,189,311,0,0,27
-9,8,27,1,11,2475,VX,LAX,5,211,272,155,0,17,189,311,0,0,27
-2,8,27,1,13,2475,VX,LAX,5,211,272,155,0,17,189,311,0,0,27
8,8,27,1,9,2475,VX,LAX,5,211,272,155,0,17,189,311,0,0,27
78,8,27,1,21,2475,UA,LAX,5,211,272,155,0,17,189,311,0,0,27
-4,8,27,1,21,2475,DL,LAX,5,211,272,155,0,17,189,311,0,0,27
-3,8,27,1,11,2475,UA,LAX,5,211,272,155,0,17,189,311,0,0,27
9,8,27,1,17,2475,UA,LAX,5,211,272,155,0,17,189,311,0,0,27
-6,8,27,1,8,2475,UA,LAX,5,211,272,155,0,17,189,311,0,0,27
2,8,27,1,15,2475,UA,LAX,5,211,272,155,0,17,189,311,0,0,27
-5,8,27,1,6,2475,UA,LAX,5,211,272,155,0,17,189,311,0,0,27
16,8,27,1,7,2475,DL,LAX,5,211,272,155,0,17,189,311,0,0,27
-6,8,27,1,11,2475,DL,LAX,5,211,272,155,0,17,189,311,0,0,27
-6,8,27,1,13,2475,DL,LAX,5,211,272,155,0,17,189,311,0,0,27
-3,8,27,1,9,2475,B6,LAX,5,211,272,155,0,17,189,311,0,0,27
133,8,27,1,21,2475,B6,LAX,5,211,272,155,0,17,189,311,0,0,27
-11,8,27,1,6,2475,AA,LAX,5,211,272,155,0,17,189,311,0,0,27
-4,8,27,1,9,2475,AA,LAX,5,211,272,155,0,17,189,311,0,0,27
-6,8,27,1,20,2475,AA,LAX,5,211,272,155,0,17,189,311,0,0,27
-6,8,27,1,13,2475,AA,LAX,5,211,272,155,0,17,189,311,0,0,27
2,8,27,1,16,2475,AA,LAX,5,211,272,155,0,17,189,311,0,0,27
-8,8,27,1,7,2475,B6,LAX,5,211,272,155,0,17,189,311,0,0,27
-8,8,27,1,12,2475,AA,LAX,5,211,272,155,0,17,189,311,0,0,27
10,8,27,1,19,2475,AA,LAX,5,211,272,155,0,17,189,311,0,0,27
1,8,27,1,12,2475,B6,LAX,5,211,272,155,0,17,189,311,0,0,27
57,8,27,1,16,2475,B6,LAX,5,211,272,155,0,17,189,311,0,0,27
-5,8,27,1,8,2475,AA,LAX,5,211,272,155,0,17,189,311,0,0,27
96,8,27,1,15,2475,AA,LAX,5,211,272,155,0,17,189,311,0,0,27
6,8,27,1,10,2475,AA,LAX,5,211,272,155,0,17,189,311,0,0,27
1,8,27,1,17,2475,DL,LAX,5,211,272,155,0,17,189,311,0,0,27
-2,8,27,1,19,2475,DL,LAX,5,211,272,155,0,17,189,311,0,0,27
-1,8,27,1,9,2475,DL,LAX,5,211,272,155,0,17,189,311,0,0,27
2,8,27,1,15,2475,DL,LAX,5,211,272,155,0,17,189,311,0,0,27
-1,9,5,3,15,2475,UA,LAX,4,217,267,18,0,17,172,300,41,0,32
-1,9,5,3,20,2475,B6,LAX,4,217,267,18,0,17,172,300,41,0,32
-1,9,5,3,7,2475,B6,LAX,4,217,267,18,0,17,172,300,41,0,32
-3,9,5,3,12,2475,B6,LAX,4,217,267,18,0,17,172,300,41,0,32
30,9,5,3,16,2475,B6,LAX,4,217,267,18,0,17,172,300,41,0,32
3,9,5,3,9,2475,B6,LAX,4,217,267,18,0,17,172,300,41,0,32
-5,9,5,3,15,2475,DL,LAX,4,217,267,18,0,17,172,300,41,0,32
-2,9,5,3,7,2475,VX,LAX,4,217,267,18,0,17,172,300,41,0,32
-4,9,5,3,9,2475,VX,LAX,4,217,267,18,0,17,172,300,41,0,32
16,9,5,3,11,2475,VX,LAX,4,217,267,18,0,17,172,300,41,0,32
24,9,5,3,13,2475,VX,LAX,4,217,267,18,0,17,172,300,41,0,32
106,9,5,3,16,2475,VX,LAX,4,217,267,18,0,17,172,300,41,0,32
16,9,5,3,20,2475,VX,LAX,4,217,267,18,0,17,172,300,41,0,32
0,9,5,3,13,2475,DL,LAX,4,217,267,18,0,17,172,300,41,0,32
-2,9,5,3,11,2475,DL,LAX,4,217,267,18,0,17,172,300,41,0,32
-4,9,5,3,7,2475,DL,LAX,4,217,267,18,0,17,172,300,41,0,32
39,9,5,3,19,2475,DL,LAX,4,217,267,18,0,17,172,300,41,0,32
-6,9,5,3,9,2475,DL,LAX,4,217,267,18,0,17,172,300,41,0,32
-1,9,5,3,21,2475,DL,LAX,4,217,267,18,0,17,172,300,41,0,32
0,9,5,3,17,2475,DL,LAX,4,217,267,18,0,17,172,300,41,0,32
7,9,5,3,6,2475,UA,LAX,4,217,267,18,0,17,172,300,41,0,32
-11,9,5,3,21,2475,UA,LAX,4,217,267,18,0,17,172,300,41,0,32
-5,9,5,3,11,2475,UA,LAX,4,217,267,18,0,17,172,300,41,0,32
-4,9,5,3,17,2475,UA,LAX,4,217,267,18,0,17,172,300,41,0,32
0,9,5,3,8,2475,UA,LAX,4,217,267,18,0,17,172,300,41,0,32
4,9,5,3,10,2475,AA,LAX,4,217,267,18,0,17,172,300,41,0,32
-5,9,5,3,6,2475,AA,LAX,4,217,267,18,0,17,172,300,41,0,32
69,9,5,3,12,2475,AA,LAX,4,217,267,18,0,17,172,300,41,0,32
-1,9,5,3,19,2475,AA,LAX,4,217,267,18,0,17,172,300,41,0,32
14,9,5,3,15,2475,AA,LAX,4,217,267,18,0,17,172,300,41,0,32
-2,9,5,3,20,2475,AA,LAX,4,217,267,18,0,17,172,300,41,0,32
1,9,5,3,9,2475,AA,LAX,4,217,267,18,0,17,172,300,41,0,32
-6,9,5,3,13,2475,AA,LAX,4,217,267,18,0,17,172,300,41,0,32
8,9,5,3,16,2475,AA,LAX,4,217,267,18,0,17,172,300,41,0,32
31,9,10,1,20,2475,VX,LAX,9,144,222,0,0,23,111,239,0,0,29
-2,9,10,1,11,2475,VX,LAX,9,144,222,0,0,23,111,239,0,0,29
-7,9,10,1,9,2475,VX,LAX,9,144,222,0,0,23,111,239,0,0,29
-6,9,10,1,7,2475,VX,LAX,9,144,222,0,0,23,111,239,0,0,29
-10,9,10,1,13,2475,VX,LAX,9,144,222,0,0,23,111,239,0,0,29
-1,9,10,1,16,2475,VX,LAX,9,144,222,0,0,23,111,239,0,0,29
-6,9,10,1,9,2475,AA,LAX,9,144,222,0,0,23,111,239,0,0,29
-4,9,10,1,6,2475,AA,LAX,9,144,222,0,0,23,111,239,0,0,29
-7,9,10,1,19,2475,AA,LAX,9,144,222,0,0,23,111,239,0,0,29
-1,9,10,1,16,2475,AA,LAX,9,144,222,0,0,23,111,239,0,0,29
-6,9,10,1,20,2475,AA,LAX,9,144,222,0,0,23,111,239,0,0,29
109,9,10,1,10,2475,AA,LAX,9,144,222,0,0,23,111,239,0,0,29
-8,9,10,1,12,2475,AA,LAX,9,144,222,0,0,23,111,239,0,0,29
29,9,10,1,13,2475,AA,LAX,9,144,222,0,0,23,111,239,0,0,29
63,9,10,1,15,2475,AA,LAX,9,144,222,0,0,23,111,239,0,0,29
-5,9,10,1,11,2475,DL,LAX,9,144,222,0,0,23,111,239,0,0,29
0,9,10,1,9,2475,B6,LAX,9,144,222,0,0,23,111,239,0,0,29
-1,9,10,1,16,2475,B6,LAX,9,144,222,0,0,23,111,239,0,0,29
0,9,10,1,15,2475,UA,LAX,9,144,222,0,0,23,111,239,0,0,29
-3,9,10,1,12,2475,B6,LAX,9,144,222,0,0,23,111,239,0,0,29
-6,9,10,1,7,2475,B6,LAX,9,144,222,0,0,23,111,239,0,0,29
-3,9,10,1,20,2475,B6,LAX,9,144,222,0,0,23,111,239,0,0,29
-1,9,10,1,8,2475,UA,LAX,9,144,222,0,0,23,111,239,0,0,29
0,9,10,1,17,2475,DL,LAX,9,144,222,0,0,23,111,239,0,0,29
-1,9,10,1,21,2475,UA,LAX,9,144,222,0,0,23,111,239,0,0,29
4,9,10,1,7,2475,DL,LAX,9,144,222,0,0,23,111,239,0,0,29
-1,9,10,1,15,2475,DL,LAX,9,144,222,0,0,23,111,239,0,0,29
-5,9,10,1,6,2475,UA,LAX,9,144,222,0,0,23,111,239,0,0,29
-6,9,10,1,9,2475,DL,LAX,9,144,222,0,0,23,111,239,0,0,29
-4,9,10,1,19,2475,DL,LAX,9,144,222,0,0,23,111,239,0,0,29
-10,9,10,1,11,2475,UA,LAX,9,144,222,0,0,23,111,239,0,0,29
-4,9,10,1,17,2475,UA,LAX,9,144,222,0,0,23,111,239,0,0,29
-4,9,10,1,21,2475,DL,LAX,9,144,222,0,0,23,111,239,0,0,29
-8,9,10,1,13,2475,DL,LAX,9,144,222,0,0,23,111,239,0,0,29
-3,9,28,5,7,2475,B6,LAX,15,156,206,498,0,19,100,194,0,0,40
-3,9,28,5,20,2475,B6,LAX,15,156,206,498,0,19,100,194,0,0,40
21,9,28,5,9,2475,B6,LAX,15,156,206,498,0,19,100,194,0,0,40
1,9,28,5,16,2475,B6,LAX,15,156,206,498,0,19,100,194,0,0,40
-5,9,28,5,12,2475,B6,LAX,15,156,206,498,0,19,100,194,0,0,40
-5,9,28,5,13,2475,DL,LAX,15,156,206,498,0,19,100,194,0,0,40
-4,9,28,5,17,2475,DL,LAX,15,156,206,498,0,19,100,194,0,0,40
-3,9,28,5,7,2475,VX,LAX,15,156,206,498,0,19,100,194,0,0,40
-2,9,28,5,9,2475,VX,LAX,15,156,206,498,0,19,100,194,0,0,40
-7,9,28,5,11,2475,VX,LAX,15,156,206,498,0,19,100,194,0,0,40
-2,9,28,5,13,2475,VX,LAX,15,156,206,498,0,19,100,194,0,0,40
4,9,28,5,16,2475,VX,LAX,15,156,206,498,0,19,100,194,0,0,40
30,9,28,5,20,2475,VX,LAX,15,156,206,498,0,19,100,194,0,0,40
2,9,28,5,21,2475,DL,LAX,15,156,206,498,0,19,100,194,0,0,40
-3,9,28,5,19,2475,DL,LAX,15,156,206,498,0,19,100,194,0,0,40
-5,9,28,5,9,2475,DL,LAX,15,156,206,498,0,19,100,194,0,0,40
18,9,28,5,15,2475,DL,LAX,15,156,206,498,0,19,100,194,0,0,40
-1,9,28,5,7,2475,DL,LAX,15,156,206,498,0,19,100,194,0,0,40
-6,9,28,5,11,2475,DL,LAX,15,156,206,498,0,19,100,194,0,0,40
27,9,28,5,19,2475,AA,LAX,15,156,206,498,0,19,100,194,0,0,40
-1,9,28,5,9,2475,AA,LAX,15,156,206,498,0,19,100,194,0,0,40
96,9,28,5,20,2475,AA,LAX,15,156,206,498,0,19,100,194,0,0,40
19,9,28,5,15,2475,AA,LAX,15,156,206,498,0,19,100,194,0,0,40
-4,9,28,5,13,2475,AA,LAX,15,156,206,498,0,19,100,194,0,0,40
1,9,28,5,12,2475,AA,LAX,15,156,206,498,0,19,100,194,0,0,40
9,9,28,5,6,2475,AA,LAX,15,156,206,498,0,19,100,194,0,0,40
81,9,28,5,16,2475,AA,LAX,15,156,206,498,0,19,100,194,0,0,40
-1,9,28,5,10,2475,AA,LAX,15,156,206,498,0,19,100,194,0,0,40
-5,9,28,5,6,2475,UA,LAX,15,156,206,498,0,19,100,194,0,0,40
-2,9,28,5,17,2475,UA,LAX,15,156,206,498,0,19,100,194,0,0,40
-2,9,28,5,15,2475,UA,LAX,15,156,206,498,0,19,100,194,0,0,40
11,9,28,5,8,2475,UA,LAX,15,156,206,498,0,19,100,194,0,0,40
-5,9,28,5,11,2475,UA,LAX,15,156,206,498,0,19,100,194,0,0,40
-1,9,28,5,21,2475,UA,LAX,15,156,206,498,0,19,100,194,0,0,40
-1,10,1,1,7,2475,VX,LAX,12,111,211,0,0,20,83,189,0,0,21
30,10,1,1,9,2475,VX,LAX,12,111,211,0,0,20,83,189,0,0,21
-4,10,1,1,11,2475,VX,LAX,12,111,211,0,0,20,83,189,0,0,21
-2,10,1,1,13,2475,VX,LAX,12,111,211,0,0,20,83,189,0,0,21
4,10,1,1,16,2475,VX,LAX,12,111,211,0,0,20,83,189,0,0,21
48,10,1,1,20,2475,VX,LAX,12,111,211,0,0,20,83,189,0,0,21
-3,10,1,1,8,2475,UA,LAX,12,111,211,0,0,20,83,189,0,0,21
104,10,1,1,21,2475,UA,LAX,12,111,211,0,0,20,83,189,0,0,21
-8,10,1,1,6,2475,UA,LAX,12,111,211,0,0,20,83,189,0,0,21
2,10,1,1,15,2475,UA,LAX,12,111,211,0,0,20,83,189,0,0,21
12,10,1,1,17,2475,UA,LAX,12,111,211,0,0,20,83,189,0,0,21
-3,10,1,1,11,2475,UA,LAX,12,111,211,0,0,20,83,189,0,0,21
-4,10,1,1,12,2475,B6,LAX,12,111,211,0,0,20,83,189,0,0,21
-5,10,1,1,16,2475,B6,LAX,12,111,211,0,0,20,83,189,0,0,21
-3,10,1,1,9,2475,B6,LAX,12,111,211,0,0,20,83,189,0,0,21
33,10,1,1,9,2475,AA,LAX,12,111,211,0,0,20,83,189,0,0,21
-5,10,1,1,12,2475,AA,LAX,12,111,211,0,0,20,83,189,0,0,21
-5,10,1,1,10,2475,AA,LAX,12,111,211,0,0,20,83,189,0,0,21
-7,10,1,1,19,2475,AA,LAX,12,111,211,0,0,20,83,189,0,0,21
-3,10,1,1,13,2475,AA,LAX,12,111,211,0,0,20,83,189,0,0,21
-3,10,1,1,15,2475,AA,LAX,12,111,211,0,0,20,83,189,0,0,21
-2,10,1,1,17,2475,AA,LAX,12,111,211,0,0,20,83,189,0,0,21
-6,10,1,1,9,2475,DL,LAX,12,111,211,0,0,20,83,189,0,0,21
-3,10,1,1,19,2475,DL,LAX,12,111,211,0,0,20,83,189,0,0,21
33,10,1,1,17,2475,DL,LAX,12,111,211,0,0,20,83,189,0,0,21
-2,10,1,1,13,2475,DL,LAX,12,111,211,0,0,20,83,189,0,0,21
9,10,1,1,21,2475,DL,LAX,12,111,211,0,0,20,83,189,0,0,21
-4,10,1,1,15,2475,DL,LAX,12,111,211,0,0,20,83,189,0,0,21
-3,10,1,1,11,2475,DL,LAX,12,111,211,0,0,20,83,189,0,0,21
1,10,1,1,7,2475,DL,LAX,12,111,211,0,0,20,83,189,0,0,21
-5,10,1,1,20,2475,AA,LAX,12,111,211,0,0,20,83,189,0,0,21
-2,10,1,1,6,2475,AA,LAX,12,111,211,0,0,20,83,189,0,0,21
-3,10,1,1,20,2475,B6,LAX,12,111,211,0,0,20,83,189,0,0,21
17,10,1,1,7,2475,B6,LAX,12,111,211,0,0,20,83,189,0,0,21
-4,10,19,5,11,2475,UA,LAX,6,161,189,226,0,23,61,111,5,0,31
-8,10,19,5,21,2475,UA,LAX,6,161,189,226,0,23,61,111,5,0,31
0,10,19,5,6,2475,UA,LAX,6,161,189,226,0,23,61,111,5,0,31
4,10,19,5,13,2475,VX,LAX,6,161,189,226,0,23,61,111,5,0,31
6,10,19,5,16,2475,VX,LAX,6,161,189,226,0,23,61,111,5,0,31
15,10,19,5,20,2475,VX,LAX,6,161,189,226,0,23,61,111,5,0,31
-6,10,19,5,8,2475,UA,LAX,6,161,189,226,0,23,61,111,5,0,31
3,10,19,5,17,2475,UA,LAX,6,161,189,226,0,23,61,111,5,0,31
10,10,19,5,15,2475,UA,LAX,6,161,189,226,0,23,61,111,5,0,31
-2,10,19,5,7,2475,VX,LAX,6,161,189,226,0,23,61,111,5,0,31
52,10,19,5,9,2475,VX,LAX,6,161,189,226,0,23,61,111,5,0,31
-1,10,19,5,11,2475,VX,LAX,6,161,189,226,0,23,61,111,5,0,31
-1,10,19,5,9,2475,B6,LAX,6,161,189,226,0,23,61,111,5,0,31
-4,10,19,5,12,2475,B6,LAX,6,161,189,226,0,23,61,111,5,0,31
-1,10,19,5,7,2475,B6,LAX,6,161,189,226,0,23,61,111,5,0,31
31,10,19,5,20,2475,B6,LAX,6,161,189,226,0,23,61,111,5,0,31
-3,10,19,5,9,2475,DL,LAX,6,161,189,226,0,23,61,111,5,0,31
-4,10,19,5,7,2475,DL,LAX,6,161,189,226,0,23,61,111,5,0,31
-4,10,19,5,11,2475,DL,LAX,6,161,189,226,0,23,61,111,5,0,31
6,10,19,5,15,2475,DL,LAX,6,161,189,226,0,23,61,111,5,0,31
-4,10,19,5,13,2475,DL,LAX,6,161,189,226,0,23,61,111,5,0,31
10,10,19,5,17,2475,DL,LAX,6,161,189,226,0,23,61,111,5,0,31
-2,10,19,5,6,2475,AA,LAX,6,161,189,226,0,23,61,111,5,0,31
-7,10,19,5,13,2475,AA,LAX,6,161,189,226,0,23,61,111,5,0,31
-5,10,19,5,16,2475,B6,LAX,6,161,189,226,0,23,61,111,5,0,31
15,10,19,5,19,2475,AA,LAX,6,161,189,226,0,23,61,111,5,0,31
-1,10,19,5,15,2475,AA,LAX,6,161,189,226,0,23,61,111,5,0,31
-6,10,19,5,10,2475,AA,LAX,6,161,189,226,0,23,61,111,5,0,31
74,10,19,5,17,2475,AA,LAX,6,161,189,226,0,23,61,111,5,0,31
13,10,19,5,20,2475,AA,LAX,6,161,189,226,0,23,61,111,5,0,31
9,10,19,5,12,2475,AA,LAX,6,161,189,226,0,23,61,111,5,0,31
2,10,19,5,9,2475,AA,LAX,6,161,189,226,0,23,61,111,5,0,31
2,10,19,5,21,2475,DL,LAX,6,161,189,226,0,23,61,111,5,0,31
28,10,19,5,19,2475,DL,LAX,6,161,189,226,0,23,61,111,5,0,31
8,10,24,3,20,2475,AA,LAX,11,133,150,0,0,23,144,256,0,0,50
-7,10,24,3,13,2475,DL,LAX,11,133,150,0,0,23,144,256,0,0,50
-7,10,24,3,16,2475,B6,LAX,11,133,150,0,0,23,144,256,0,0,50
-8,10,24,3,12,2475,B6,LAX,11,133,150,0,0,23,144,256,0,0,50
-7,10,24,3,7,2475,B6,LAX,11,133,150,0,0,23,144,256,0,0,50
0,10,24,3,20,2475,B6,LAX,11,133,150,0,0,23,144,256,0,0,50
-12,10,24,3,19,2475,AA,LAX,11,133,150,0,0,23,144,256,0,0,50
-6,10,24,3,11,2475,DL,LAX,11,133,150,0,0,23,144,256,0,0,50
2,10,24,3,9,2475,AA,LAX,11,133,150,0,0,23,144,256,0,0,50
-6,10,24,3,15,2475,DL,LAX,11,133,150,0,0,23,144,256,0,0,50
-6,10,24,3,10,2475,AA,LAX,11,133,150,0,0,23,144,256,0,0,50
0,10,24,3,17,2475,AA,LAX,11,133,150,0,0,23,144,256,0,0,50
-11,10,24,3,7,2475,DL,LAX,11,133,150,0,0,23,144,256,0,0,50
-3,10,24,3,9,2475,B6,LAX,11,133,150,0,0,23,144,256,0,0,50
-1,10,24,3,17,2475,DL,LAX,11,133,150,0,0,23,144,256,0,0,50
14,10,24,3,21,2475,DL,LAX,11,133,150,0,0,23,144,256,0,0,50
-4,10,24,3,9,2475,DL,LAX,11,133,150,0,0,23,144,256,0,0,50
-6,10,24,3,19,2475,DL,LAX,11,133,150,0,0,23,144,256,0,0,50
-3,10,24,3,6,2475,AA,LAX,11,133,150,0,0,23,144,256,0,0,50
-9,10,24,3,12,2475,AA,LAX,11,133,150,0,0,23,144,256,0,0,50
0,10,24,3,13,2475,AA,LAX,11,133,150,0,0,23,144,256,0,0,50
24,10,24,3,15,2475,AA,LAX,11,133,150,0,0,23,144,256,0,0,50
-5,10,24,3,13,2475,VX,LAX,11,133,150,0,0,23,144,256,0,0,50
7,10,24,3,16,2475,VX,LAX,11,133,150,0,0,23,144,256,0,0,50
-6,10,24,3,20,2475,VX,LAX,11,133,150,0,0,23,144,256,0,0,50
-5,10,24,3,9,2475,VX,LAX,11,133,150,0,0,23,144,256,0,0,50
1,10,24,3,11,2475,VX,LAX,11,133,150,0,0,23,144,256,0,0,50
6,10,24,3,15,2475,UA,LAX,11,133,150,0,0,23,144,256,0,0,50
-9,10,24,3,8,2475,UA,LAX,11,133,150,0,0,23,144,256,0,0,50
-2,10,24,3,17,2475,UA,LAX,11,133,150,0,0,23,144,256,0,0,50
-8,10,24,3,11,2475,UA,LAX,11,133,150,0,0,23,144,256,0,0,50
-8,10,24,3,21,2475,UA,LAX,11,133,150,0,0,23,144,256,0,0,50
9,10,24,3,6,2475,UA,LAX,11,133,150,0,0,23,144,256,0,0,50
-5,11,2,5,13,2475,VX,LAX,9,56,117,0,0,30,11,89,0,0,36
-6,11,2,5,20,2475,VX,LAX,9,56,117,0,0,30,11,89,0,0,36
-4,11,2,5,9,2475,DL,LAX,9,56,117,0,0,30,11,89,0,0,36
-2,11,2,5,19,2475,DL,LAX,9,56,117,0,0,30,11,89,0,0,36
-2,11,2,5,13,2475,DL,LAX,9,56,117,0,0,30,11,89,0,0,36
12,11,2,5,15,2475,DL,LAX,9,56,117,0,0,30,11,89,0,0,36
-4,11,2,5,11,2475,DL,LAX,9,56,117,0,0,30,11,89,0,0,36
-4,11,2,5,7,2475,DL,LAX,9,56,117,0,0,30,11,89,0,0,36
-1,11,2,5,9,2475,B6,LAX,9,56,117,0,0,30,11,89,0,0,36
-7,11,2,5,20,2475,B6,LAX,9,56,117,0,0,30,11,89,0,0,36
-6,11,2,5,16,2475,B6,LAX,9,56,117,0,0,30,11,89,0,0,36
-5,11,2,5,21,2475,DL,LAX,9,56,117,0,0,30,11,89,0,0,36
17,11,2,5,11,2475,B6,LAX,9,56,117,0,0,30,11,89,0,0,36
-8,11,2,5,7,2475,B6,LAX,9,56,117,0,0,30,11,89,0,0,36
-5,11,2,5,17,2475,DL,LAX,9,56,117,0,0,30,11,89,0,0,36
1,11,2,5,16,2475,VX,LAX,9,56,117,0,0,30,11,89,0,0,36
2,11,2,5,6,2475,UA,LAX,9,56,117,0,0,30,11,89,0,0,36
0,11,2,5,15,2475,UA,LAX,9,56,117,0,0,30,11,89,0,0,36
0,11,2,5,20,2475,UA,LAX,9,56,117,0,0,30,11,89,0,0,36
-8,11,2,5,11,2475,UA,LAX,9,56,117,0,0,30,11,89,0,0,36
-8,11,2,5,18,2475,UA,LAX,9,56,117,0,0,30,11,89,0,0,36
12,11,2,5,8,2475,UA,LAX,9,56,117,0,0,30,11,89,0,0,36
117,11,2,5,7,2475,VX,LAX,9,56,117,0,0,30,11,89,0,0,36
50,11,2,5,9,2475,VX,LAX,9,56,117,0,0,30,11,89,0,0,36
-1,11,2,5,11,2475,VX,LAX,9,56,117,0,0,30,11,89,0,0,36
-6,11,2,5,19,2475,AA,LAX,9,56,117,0,0,30,11,89,0,0,36
-2,11,2,5,15,2475,AA,LAX,9,56,117,0,0,30,11,89,0,0,36
29,11,2,5,12,2475,AA,LAX,9,56,117,0,0,30,11,89,0,0,36
-5,11,2,5,13,2475,AA,LAX,9,56,117,0,0,30,11,89,0,0,36
-2,11,2,5,17,2475,AA,LAX,9,56,117,0,0,30,11,89,0,0,36
-4,11,2,5,21,2475,AA,LAX,9,56,117,0,0,30,11,89,0,0,36
-3,11,2,5,10,2475,AA,LAX,9,56,117,0,0,30,11,89,0,0,36
3,11,2,5,6,2475,AA,LAX,9,56,117,0,0,30,11,89,0,0,36
-5,11,2,5,9,2475,AA,LAX,9,56,117,0,0,30,11,89,0,0,36
2,11,25,7,16,2475,AA,LAX,2,6,44,0,0,30,-17,61,0,0,40
-7,11,25,7,12,2475,AA,LAX,2,6,44,0,0,30,-17,61,0,0,40
-5,11,25,7,15,2475,AA,LAX,2,6,44,0,0,30,-17,61,0,0,40
-1,11,25,7,13,2475,AA,LAX,2,6,44,0,0,30,-17,61,0,0,40
2,11,25,7,19,2475,AA,LAX,2,6,44,0,0,30,-17,61,0,0,40
-2,11,25,7,10,2475,AA,LAX,2,6,44,0,0,30,-17,61,0,0,40
-7,11,25,7,21,2475,AA,LAX,2,6,44,0,0,30,-17,61,0,0,40
-7,11,25,7,9,2475,AA,LAX,2,6,44,0,0,30,-17,61,0,0,40
-2,11,25,7,7,2475,AA,LAX,2,6,44,0,0,30,-17,61,0,0,40
-4,11,25,7,15,2475,DL,LAX,2,6,44,0,0,30,-17,61,0,0,40
-3,11,25,7,16,2475,B6,LAX,2,6,44,0,0,30,-17,61,0,0,40
55,11,25,7,20,2475,B6,LAX,2,6,44,0,0,30,-17,61,0,0,40
-1,11,25,7,7,2475,VX,LAX,2,6,44,0,0,30,-17,61,0,0,40
-3,11,25,7,9,2475,VX,LAX,2,6,44,0,0,30,-17,61,0,0,40
-10,11,25,7,11,2475,VX,LAX,2,6,44,0,0,30,-17,61,0,0,40
-1,11,25,7,13,2475,VX,LAX,2,6,44,0,0,30,-17,61,0,0,40
4,11,25,7,9,2475,B6,LAX,2,6,44,0,0,30,-17,61,0,0,40
-5,11,25,7,7,2475,B6,LAX,2,6,44,0,0,30,-17,61,0,0,40
-6,11,25,7,16,2475,VX,LAX,2,6,44,0,0,30,-17,61,0,0,40
-1,11,25,7,20,2475,VX,LAX,2,6,44,0,0,30,-17,61,0,0,40
-6,11,25,7,7,2475,DL,LAX,2,6,44,0,0,30,-17,61,0,0,40
0,11,25,7,11,2475,DL,LAX,2,6,44,0,0,30,-17,61,0,0,40
-5,11,25,7,13,2475,DL,LAX,2,6,44,0,0,30,-17,61,0,0,40
-4,11,25,7,17,2475,DL,LAX,2,6,44,0,0,30,-17,61,0,0,40
0,11,25,7,9,2475,DL,LAX,2,6,44,0,0,30,-17,61,0,0,40
-1,11,25,7,19,2475,DL,LAX,2,6,44,0,0,30,-17,61,0,0,40
-5,11,25,7,12,2475,B6,LAX,2,6,44,0,0,30,-17,61,0,0,40
-1,11,25,7,21,2475,DL,LAX,2,6,44,0,0,30,-17,61,0,0,40
31,11,25,7,15,2475,UA,LAX,2,6,44,0,0,30,-17,61,0,0,40
-3,11,25,7,8,2475,UA,LAX,2,6,44,0,0,30,-17,61,0,0,40
84,11,25,7,11,2475,UA,LAX,2,6,44,0,0,30,-17,61,0,0,40
17,11,25,7,20,2475,UA,LAX,2,6,44,0,0,30,-17,61,0,0,40
119,11,25,7,17,2475,UA,LAX,2,6,44,0,0,30,-17,61,0,0,40
-4,11,25,7,6,2475,UA,LAX,2,6,44,0,0,30,-17,61,0,0,40
2,11,30,5,15,2475,UA,LAX,3,33,78,0,0,25,22,106,0,0,22
16,11,30,5,17,2475,UA,LAX,3,33,78,0,0,25,22,106,0,0,22
0,11,30,5,6,2475,UA,LAX,3,33,78,0,0,25,22,106,0,0,22
11,11,30,5,8,2475,UA,LAX,3,33,78,0,0,25,22,106,0,0,22
-2,11,30,5,11,2475,UA,LAX,3,33,78,0,0,25,22,106,0,0,22
-5,11,30,5,20,2475,UA,LAX,3,33,78,0,0,25,22,106,0,0,22
0,11,30,5,9,2475,AA,LAX,3,33,78,0,0,25,22,106,0,0,22
0,11,30,5,10,2475,AA,LAX,3,33,78,0,0,25,22,106,0,0,22
-1,11,30,5,21,2475,AA,LAX,3,33,78,0,0,25,22,106,0,0,22
-5,11,30,5,13,2475,AA,LAX,3,33,78,0,0,25,22,106,0,0,22
10,11,30,5,15,2475,AA,LAX,3,33,78,0,0,25,22,106,0,0,22
-1,11,30,5,16,2475,AA,LAX,3,33,78,0,0,25,22,106,0,0,22
14,11,30,5,19,2475,AA,LAX,3,33,78,0,0,25,22,106,0,0,22
2,11,30,5,12,2475,AA,LAX,3,33,78,0,0,25,22,106,0,0,22
-2,11,30,5,7,2475,AA,LAX,3,33,78,0,0,25,22,106,0,0,22
-4,11,30,5,15,2475,DL,LAX,3,33,78,0,0,25,22,106,0,0,22
-3,11,30,5,21,2475,DL,LAX,3,33,78,0,0,25,22,106,0,0,22
-5,11,30,5,20,2475,VX,LAX,3,33,78,0,0,25,22,106,0,0,22
0,11,30,5,16,2475,VX,LAX,3,33,78,0,0,25,22,106,0,0,22
-4,11,30,5,13,2475,VX,LAX,3,33,78,0,0,25,22,106,0,0,22
3,11,30,5,11,2475,VX,LAX,3,33,78,0,0,25,22,106,0,0,22
14,11,30,5,9,2475,VX,LAX,3,33,78,0,0,25,22,106,0,0,22
-2,11,30,5,7,2475,B6,LAX,3,33,78,0,0,25,22,106,0,0,22
-4,11,30,5,12,2475,B6,LAX,3,33,78,0,0,25,22,106,0,0,22
-5,11,30,5,16,2475,B6,LAX,3,33,78,0,0,25,22,106,0,0,22
-7,11,30,5,20,2475,B6,LAX,3,33,78,0,0,25,22,106,0,0,22
1,11,30,5,9,2475,B6,LAX,3,33,78,0,0,25,22,106,0,0,22
-2,11,30,5,19,2475,DL,LAX,3,33,78,0,0,25,22,106,0,0,22
-1,11,30,5,9,2475,DL,LAX,3,33,78,0,0,25,22,106,0,0,22
-5,11,30,5,7,2475,DL,LAX,3,33,78,0,0,25,22,106,0,0,22
-6,11,30,5,12,2475,DL,LAX,3,33,78,0,0,25,22,106,0,0,22
-5,11,30,5,17,2475,DL,LAX,3,33,78,0,0,25,22,106,0,0,22
-7,12,3,1,6,2475,UA,LAX,6,94,156,0,0,17,78,211,0,0,58
14,12,3,1,15,2475,UA,LAX,6,94,156,0,0,17,78,211,0,0,58
-5,12,3,1,8,2475,UA,LAX,6,94,156,0,0,17,78,211,0,0,58
17,12,3,1,17,2475,UA,LAX,6,94,156,0,0,17,78,211,0,0,58
-4,12,3,1,11,2475,UA,LAX,6,94,156,0,0,17,78,211,0,0,58
2,12,3,1,20,2475,UA,LAX,6,94,156,0,0,17,78,211,0,0,58
-5,12,3,1,20,2475,VX,LAX,6,94,156,0,0,17,78,211,0,0,58
-8,12,3,1,16,2475,VX,LAX,6,94,156,0,0,17,78,211,0,0,58
-11,12,3,1,13,2475,VX,LAX,6,94,156,0,0,17,78,211,0,0,58
-3,12,3,1,11,2475,VX,LAX,6,94,156,0,0,17,78,211,0,0,58
1,12,3,1,9,2475,VX,LAX,6,94,156,0,0,17,78,211,0,0,58
18,12,3,1,7,2475,VX,LAX,6,94,156,0,0,17,78,211,0,0,58
0,12,3,1,12,2475,DL,LAX,6,94,156,0,0,17,78,211,0,0,58
4,12,3,1,16,2475,AA,LAX,6,94,156,0,0,17,78,211,0,0,58
57,12,3,1,21,2475,AA,LAX,6,94,156,0,0,17,78,211,0,0,58
3,12,3,1,16,2475,B6,LAX,6,94,156,0,0,17,78,211,0,0,58
-2,12,3,1,12,2475,B6,LAX,6,94,156,0,0,17,78,211,0,0,58
-4,12,3,1,21,2475,DL,LAX,6,94,156,0,0,17,78,211,0,0,58
-3,12,3,1,15,2475,DL,LAX,6,94,156,0,0,17,78,211,0,0,58
5,12,3,1,17,2475,DL,LAX,6,94,156,0,0,17,78,211,0,0,58
-4,12,3,1,9,2475,AA,LAX,6,94,156,0,0,17,78,211,0,0,58
-1,12,3,1,12,2475,AA,LAX,6,94,156,0,0,17,78,211,0,0,58
-7,12,3,1,19,2475,DL,LAX,6,94,156,0,0,17,78,211,0,0,58
-5,12,3,1,9,2475,DL,LAX,6,94,156,0,0,17,78,211,0,0,58
-2,12,3,1,7,2475,DL,LAX,6,94,156,0,0,17,78,211,0,0,58
9,12,3,1,9,2475,B6,LAX,6,94,156,0,0,17,78,211,0,0,58
91,12,3,1,15,2475,AA,LAX,6,94,156,0,0,17,78,211,0,0,58
25,12,3,1,19,2475,AA,LAX,6,94,156,0,0,17,78,211,0,0,58
3,12,3,1,20,2475,B6,LAX,6,94,156,0,0,17,78,211,0,0,58
-6,12,3,1,7,2475,AA,LAX,6,94,156,0,0,17,78,211,0,0,58
-7,12,3,1,13,2475,AA,LAX,6,94,156,0,0,17,78,211,0,0,58
-1,12,3,1,7,2475,B6,LAX,6,94,156,0,0,17,78,211,0,0,58
0,12,3,1,10,2475,AA,LAX,6,94,156,0,0,17,78,211,0,0,58
3,12,26,3,15,2475,AA,LAX,1,-22,39,251,10,62,-22,6,0,0,77
7,12,26,3,16,2475,AA,LAX,1,-22,39,251,10,62,-22,6,0,0,77
2,12,26,3,9,2475,DL,LAX,1,-22,39,251,10,62,-22,6,0,0,77
23,12,26,3,17,2475,DL,LAX,1,-22,39,251,10,62,-22,6,0,0,77
59,12,26,3,19,2475,DL,LAX,1,-22,39,251,10,62,-22,6,0,0,77
-3,12,26,3,7,2475,DL,LAX,1,-22,39,251,10,62,-22,6,0,0,77
29,12,26,3,19,2475,AA,LAX,1,-22,39,251,10,62,-22,6,0,0,77
22,12,26,3,15,2475,DL,LAX,1,-22,39,251,10,62,-22,6,0,0,77
34,12,26,3,21,2475,DL,LAX,1,-22,39,251,10,62,-22,6,0,0,77
-6,12,26,3,9,2475,B6,LAX,1,-22,39,251,10,62,-22,6,0,0,77
48,12,26,3,20,2475,B6,LAX,1,-22,39,251,10,62,-22,6,0,0,77
-3,12,26,3,16,2475,B6,LAX,1,-22,39,251,10,62,-22,6,0,0,77
-6,12,26,3,12,2475,B6,LAX,1,-22,39,251,10,62,-22,6,0,0,77
4,12,26,3,7,2475,B6,LAX,1,-22,39,251,10,62,-22,6,0,0,77
-2,12,26,3,12,2475,AA,LAX,1,-22,39,251,10,62,-22,6,0,0,77
-1,12,26,3,13,2475,AA,LAX,1,-22,39,251,10,62,-22,6,0,0,77
-5,12,26,3,10,2475,AA,LAX,1,-22,39,251,10,62,-22,6,0,0,77
-3,12,26,3,9,2475,AA,LAX,1,-22,39,251,10,62,-22,6,0,0,77
1,12,26,3,12,2475,DL,LAX,1,-22,39,251,10,62,-22,6,0,0,77
112,12,26,3,21,2475,AA,LAX,1,-22,39,251,10,62,-22,6,0,0,77
-2,12,26,3,7,2475,AA,LAX,1,-22,39,251,10,62,-22,6,0,0,77
2,12,26,3,17,2475,UA,LAX,1,-22,39,251,10,62,-22,6,0,0,77
-8,12,26,3,15,2475,UA,LAX,1,-22,39,251,10,62,-22,6,0,0,77
-4,12,26,3,11,2475,UA,LAX,1,-22,39,251,10,62,-22,6,0,0,77
-4,12,26,3,8,2475,UA,LAX,1,-22,39,251,10,62,-22,6,0,0,77
8,12,26,3,6,2475,UA,LAX,1,-22,39,251,10,62,-22,6,0,0,77
1,12,26,3,9,2475,VX,LAX,1,-22,39,251,10,62,-22,6,0,0,77
22,12,26,3,7,2475,VX,LAX,1,-22,39,251,10,62,-22,6,0,0,77
41,12,26,3,20,2475,VX,LAX,1,-22,39,251,10,62,-22,6,0,0,77
-3,12,26,3,16,2475,VX,LAX,1,-22,39,251,10,62,-22,6,0,0,77
-6,12,26,3,13,2475,VX,LAX,1,-22,39,251,10,62,-22,6,0,0,77
-1,12,26,3,11,2475,VX,LAX,1,-22,39,251,10,62,-22,6,0,0,77
5,12,31,1,9,2475,VX,LAX,1,-22,33,0,0,34,-67,17,0,0,53
8,12,31,1,7,2475,VX,LAX,1,-22,33,0,0,34,-67,17,0,0,53
-1,12,31,1,16,2475,VX,LAX,1,-22,33,0,0,34,-67,17,0,0,53
-2,12,31,1,13,2475,VX,LAX,1,-22,33,0,0,34,-67,17,0,0,53
-2,12,31,1,11,2475,VX,LAX,1,-22,33,0,0,34,-67,17,0,0,53
12,12,31,1,16,2475,AA,LAX,1,-22,33,0,0,34,-67,17,0,0,53
-3,12,31,1,7,2475,AA,LAX,1,-22,33,0,0,34,-67,17,0,0,53
120,12,31,1,19,2475,DL,LAX,1,-22,33,0,0,34,-67,17,0,0,53
-1,12,31,1,9,2475,AA,LAX,1,-22,33,0,0,34,-67,17,0,0,53
2,12,31,1,20,2475,B6,LAX,1,-22,33,0,0,34,-67,17,0,0,53
-7,12,31,1,12,2475,DL,LAX,1,-22,33,0,0,34,-67,17,0,0,53
-3,12,31,1,19,2475,AA,LAX,1,-22,33,0,0,34,-67,17,0,0,53
-2,12,31,1,9,2475,DL,LAX,1,-22,33,0,0,34,-67,17,0,0,53
4,12,31,1,9,2475,B6,LAX,1,-22,33,0,0,34,-67,17,0,0,53
3,12,31,1,15,2475,DL,LAX,1,-22,33,0,0,34,-67,17,0,0,53
-8,12,31,1,21,2475,AA,LAX,1,-22,33,0,0,34,-67,17,0,0,53
0,12,31,1,15,2475,AA,LAX,1,-22,33,0,0,34,-67,17,0,0,53
-3,12,31,1,7,2475,B6,LAX,1,-22,33,0,0,34,-67,17,0,0,53
-2,12,31,1,10,2475,AA,LAX,1,-22,33,0,0,34,-67,17,0,0,53
-4,12,31,1,13,2475,AA,LAX,1,-22,33,0,0,34,-67,17,0,0,53
-3,12,31,1,12,2475,AA,LAX,1,-22,33,0,0,34,-67,17,0,0,53
0,12,31,1,12,2475,B6,LAX,1,-22,33,0,0,34,-67,17,0,0,53
-2,12,31,1,17,2475,DL,LAX,1,-22,33,0,0,34,-67,17,0,0,53
1,12,31,1,16,2475,B6,LAX,1,-22,33,0,0,34,-67,17,0,0,53
-3,12,31,1,15,2475,UA,LAX,1,-22,33,0,0,34,-67,17,0,0,53
2,12,31,1,6,2475,UA,LAX,1,-22,33,0,0,34,-67,17,0,0,53
-5,12,31,1,11,2475,UA,LAX,1,-22,33,0,0,34,-67,17,0,0,53
-4,12,31,1,8,2475,UA,LAX,1,-22,33,0,0,34,-67,17,0,0,53
-7,12,31,1,17,2475,UA,LAX,1,-22,33,0,0,34,-67,17,0,0,53
