0,1,3,2,8,2475,UA,LAX,2,-94,6,0,0,47,-106,-28,0,0,46
-3,1,3,2,6,2475,UA,LAX,2,-94,6,0,0,47,-106,-28,0,0,46
2,1,3,2,15,2475,UA,LAX,2,-94,6,0,0,47,-106,-28,0,0,46
-3,1,3,2,11,2475,UA,LAX,2,-94,6,0,0,47,-106,-28,0,0,46
6,1,3,2,17,2475,UA,LAX,2,-94,6,0,0,47,-106,-28,0,0,46
8,1,3,2,20,2475,UA,LAX,2,-94,6,0,0,47,-106,-28,0,0,46
17,1,3,2,19,2475,AA,LAX,2,-94,6,0,0,47,-106,-28,0,0,46
-5,1,3,2,7,2475,AA,LAX,2,-94,6,0,0,47,-106,-28,0,0,46
0,1,3,2,13,2475,AA,LAX,2,-94,6,0,0,47,-106,-28,0,0,46
-4,1,3,2,10,2475,AA,LAX,2,-94,6,0,0,47,-106,-28,0,0,46
112,1,3,2,15,2475,AA,LAX,2,-94,6,0,0,47,-106,-28,0,0,46
-7,1,3,2,12,2475,AA,LAX,2,-94,6,0,0,47,-106,-28,0,0,46
38,1,3,2,16,2475,AA,LAX,2,-94,6,0,0,47,-106,-28,0,0,46
31,1,3,2,9,2475,AA,LAX,2,-94,6,0,0,47,-106,-28,0,0,46
1,1,3,2,6,2475,AA,LAX,2,-94,6,0,0,47,-106,-28,0,0,46
12,1,3,2,7,2475,B6,LAX,2,-94,6,0,0,47,-106,-28,0,0,46
20,1,3,2,11,2475,B6,LAX,2,-94,6,0,0,47,-106,-28,0,0,46
29,1,3,2,20,2475,VX,LAX,2,-94,6,0,0,47,-106,-28,0,0,46
16,1,3,2,16,2475,VX,LAX,2,-94,6,0,0,47,-106,-28,0,0,46
4,1,3,2,13,2475,VX,LAX,2,-94,6,0,0,47,-106,-28,0,0,46
2,1,3,2,11,2475,VX,LAX,2,-94,6,0,0,47,-106,-28,0,0,46
7,1,3,2,9,2475,VX,LAX,2,-94,6,0,0,47,-106,-28,0,0,46
6,1,3,2,7,2475,VX,LAX,2,-94,6,0,0,47,-106,-28,0,0,46
45,1,3,2,16,2475,B6,LAX,2,-94,6,0,0,47,-106,-28,0,0,46
17,1,3,2,20,2475,B6,LAX,2,-94,6,0,0,47,-106,-28,0,0,46
-5,1,3,2,7,2475,DL,LAX,2,-94,6,0,0,47,-106,-28,0,0,46
-4,1,3,2,17,2475,DL,LAX,2,-94,6,0,0,47,-106,-28,0,0,46
-4,1,3,2,9,2475,DL,LAX,2,-94,6,0,0,47,-106,-28,0,0,46
-2,1,3,2,12,2475,DL,LAX,2,-94,6,0,0,47,-106,-28,0,0,46
76,1,3,2,15,2475,DL,LAX,2,-94,6,0,0,47,-106,-28,0,0,46
15,1,3,2,21,2475,DL,LAX,2,-94,6,0,0,47,-106,-28,0,0,46
0,1,3,2,19,2475,DL,LAX,2,-94,6,0,0,47,-106,-28,0,0,46
-6,1,26,4,7,2475,VX,LAX,5,6,44,46,0,17,0,33,0,0,19
1,1,26,4,9,2475,VX,LAX,5,6,44,46,0,17,0,33,0,0,19
-2,1,26,4,11,2475,VX,LAX,5,6,44,46,0,17,0,33,0,0,19
2,1,26,4,13,2475,VX,LAX,5,6,44,46,0,17,0,33,0,0,19
-1,1,26,4,16,2475,VX,LAX,5,6,44,46,0,17,0,33,0,0,19
3,1,26,4,20,2475,VX,LAX,5,6,44,46,0,17,0,33,0,0,19
-6,1,26,4,6,2475,AA,LAX,5,6,44,46,0,17,0,33,0,0,19
-7,1,26,4,10,2475,AA,LAX,5,6,44,46,0,17,0,33,0,0,19
5,1,26,4,13,2475,AA,LAX,5,6,44,46,0,17,0,33,0,0,19
-3,1,26,4,12,2475,AA,LAX,5,6,44,46,0,17,0,33,0,0,19
-10,1,26,4,19,2475,AA,LAX,5,6,44,46,0,17,0,33,0,0,19
7,1,26,4,15,2475,AA,LAX,5,6,44,46,0,17,0,33,0,0,19
-3,1,26,4,20,2475,B6,LAX,5,6,44,46,0,17,0,33,0,0,19
-6,1,26,4,16,2475,B6,LAX,5,6,44,46,0,17,0,33,0,0,19
-4,1,26,4,11,2475,B6,LAX,5,6,44,46,0,17,0,33,0,0,19
-3,1,26,4,7,2475,B6,LAX,5,6,44,46,0,17,0,33,0,0,19
-6,1,26,4,9,2475,AA,LAX,5,6,44,46,0,17,0,33,0,0,19
-5,1,26,4,16,2475,AA,LAX,5,6,44,46,0,17,0,33,0,0,19
-8,1,26,4,21,2475,AA,LAX,5,6,44,46,0,17,0,33,0,0,19
-4,1,26,4,15,2475,UA,LAX,5,6,44,46,0,17,0,33,0,0,19
-4,1,26,4,6,2475,UA,LAX,5,6,44,46,0,17,0,33,0,0,19
-6,1,26,4,20,2475,UA,LAX,5,6,44,46,0,17,0,33,0,0,19
-1,1,26,4,11,2475,UA,LAX,5,6,44,46,0,17,0,33,0,0,19
0,1,26,4,17,2475,UA,LAX,5,6,44,46,0,17,0,33,0,0,19
-3,1,26,4,8,2475,UA,LAX,5,6,44,46,0,17,0,33,0,0,19
-2,1,26,4,12,2475,DL,LAX,5,6,44,46,0,17,0,33,0,0,19
-6,1,26,4,21,2475,DL,LAX,5,6,44,46,0,17,0,33,0,0,19
-3,1,26,4,19,2475,DL,LAX,5,6,44,46,0,17,0,33,0,0,19
-1,1,26,4,15,2475,DL,LAX,5,6,44,46,0,17,0,33,0,0,19
0,1,26,4,7,2475,DL,LAX,5,6,44,46,0,17,0,33,0,0,19
0,1,26,4,17,2475,DL,LAX,5,6,44,46,0,17,0,33,0,0,19
-4,1,26,4,9,2475,DL,LAX,5,6,44,46,0,17,0,33,0,0,19
-7,1,26,4,7,2475,DL,LAX,5,6,44,46,0,17,0,33,0,0,19
-9,2,4,6,16,2475,VX,LAX,14,17,78,0,0,23,-17,56,0,0,43
-6,2,4,6,17,2475,UA,LAX,14,17,78,0,0,23,-17,56,0,0,43
-4,2,4,6,6,2475,UA,LAX,14,17,78,0,0,23,-17,56,0,0,43
5,2,4,6,8,2475,UA,LAX,14,17,78,0,0,23,-17,56,0,0,43
-3,2,4,6,11,2475,UA,LAX,14,17,78,0,0,23,-17,56,0,0,43
-13,2,4,6,20,2475,VX,LAX,14,17,78,0,0,23,-17,56,0,0,43
-5,2,4,6,7,2475,VX,LAX,14,17,78,0,0,23,-17,56,0,0,43
-4,2,4,6,15,2475,UA,LAX,14,17,78,0,0,23,-17,56,0,0,43
-8,2,4,6,9,2475,VX,LAX,14,17,78,0,0,23,-17,56,0,0,43
0,2,4,6,11,2475,VX,LAX,14,17,78,0,0,23,-17,56,0,0,43
11,2,4,6,13,2475,VX,LAX,14,17,78,0,0,23,-17,56,0,0,43
3,2,4,6,13,2475,AA,LAX,14,17,78,0,0,23,-17,56,0,0,43
-5,2,4,6,15,2475,AA,LAX,14,17,78,0,0,23,-17,56,0,0,43
-7,2,4,6,19,2475,AA,LAX,14,17,78,0,0,23,-17,56,0,0,43
-10,2,4,6,16,2475,AA,LAX,14,17,78,0,0,23,-17,56,0,0,43
0,2,4,6,21,2475,AA,LAX,14,17,78,0,0,23,-17,56,0,0,43
-6,2,4,6,6,2475,AA,LAX,14,17,78,0,0,23,-17,56,0,0,43
-8,2,4,6,12,2475,AA,LAX,14,17,78,0,0,23,-17,56,0,0,43
-6,2,4,6,11,2475,B6,LAX,14,17,78,0,0,23,-17,56,0,0,43
-4,2,4,6,16,2475,B6,LAX,14,17,78,0,0,23,-17,56,0,0,43
-7,2,4,6,20,2475,B6,LAX,14,17,78,0,0,23,-17,56,0,0,43
-6,2,4,6,9,2475,AA,LAX,14,17,78,0,0,23,-17,56,0,0,43
-5,2,4,6,19,2475,DL,LAX,14,17,78,0,0,23,-17,56,0,0,43
-8,2,4,6,15,2475,DL,LAX,14,17,78,0,0,23,-17,56,0,0,43
-5,2,4,6,12,2475,DL,LAX,14,17,78,0,0,23,-17,56,0,0,43
-4,2,4,6,9,2475,DL,LAX,14,17,78,0,0,23,-17,56,0,0,43
-10,2,4,6,17,2475,DL,LAX,14,17,78,0,0,23,-17,56,0,0,43
-8,2,27,1,7,2475,DL,LAX,9,22,150,0,0,14,-39,44,0,0,51
-3,2,27,1,15,2475,DL,LAX,9,22,150,0,0,14,-39,44,0,0,51
-8,2,27,1,19,2475,DL,LAX,9,22,150,0,0,14,-39,44,0,0,51
-9,2,27,1,7,2475,AA,LAX,9,22,150,0,0,14,-39,44,0,0,51
15,2,27,1,17,2475,DL,LAX,9,22,150,0,0,14,-39,44,0,0,51
-9,2,27,1,12,2475,AA,LAX,9,22,150,0,0,14,-39,44,0,0,51
13,2,27,1,21,2475,AA,LAX,9,22,150,0,0,14,-39,44,0,0,51
-3,2,27,1,12,2475,DL,LAX,9,22,150,0,0,14,-39,44,0,0,51
-8,2,27,1,7,2475,B6,LAX,9,22,150,0,0,14,-39,44,0,0,51
-5,2,27,1,9,2475,B6,LAX,9,22,150,0,0,14,-39,44,0,0,51
3,2,27,1,16,2475,B6,LAX,9,22,150,0,0,14,-39,44,0,0,51
32,2,27,1,16,2475,AA,LAX,9,22,150,0,0,14,-39,44,0,0,51
-8,2,27,1,10,2475,AA,LAX,9,22,150,0,0,14,-39,44,0,0,51
3,2,27,1,15,2475,AA,LAX,9,22,150,0,0,14,-39,44,0,0,51
-5,2,27,1,7,2475,AA,LAX,9,22,150,0,0,14,-39,44,0,0,51
-8,2,27,1,21,2475,DL,LAX,9,22,150,0,0,14,-39,44,0,0,51
-6,2,27,1,13,2475,AA,LAX,9,22,150,0,0,14,-39,44,0,0,51
-6,2,27,1,9,2475,AA,LAX,9,22,150,0,0,14,-39,44,0,0,51
-6,2,27,1,9,2475,DL,LAX,9,22,150,0,0,14,-39,44,0,0,51
92,2,27,1,19,2475,AA,LAX,9,22,150,0,0,14,-39,44,0,0,51
-6,2,27,1,20,2475,B6,LAX,9,22,150,0,0,14,-39,44,0,0,51
-3,2,27,1,11,2475,UA,LAX,9,22,150,0,0,14,-39,44,0,0,51
-1,2,27,1,20,2475,UA,LAX,9,22,150,0,0,14,-39,44,0,0,51
-6,2,27,1,20,2475,VX,LAX,9,22,150,0,0,14,-39,44,0,0,51
-7,2,27,1,8,2475,UA,LAX,9,22,150,0,0,14,-39,44,0,0,51
-5,2,27,1,17,2475,UA,LAX,9,22,150,0,0,14,-39,44,0,0,51
-2,2,27,1,6,2475,UA,LAX,9,22,150,0,0,14,-39,44,0,0,51
-2,2,27,1,9,2475,VX,LAX,9,22,150,0,0,14,-39,44,0,0,51
0,2,27,1,13,2475,VX,LAX,9,22,150,0,0,14,-39,44,0,0,51
-1,2,27,1,15,2475,UA,LAX,9,22,150,0,0,14,-39,44,0,0,51
-9,2,27,1,11,2475,VX,LAX,9,22,150,0,0,14,-39,44,0,0,51
-9,2,27,1,7,2475,VX,LAX,9,22,150,0,0,14,-39,44,0,0,51
-2,2,27,1,16,2475,VX,LAX,9,22,150,0,0,14,-39,44,0,0,51
-6,3,5,1,21,2475,DL,LAX,16,-22,67,0,0,38,-61,28,0,0,38
22,3,5,1,15,2475,DL,LAX,16,-22,67,0,0,38,-61,28,0,0,38
-4,3,5,1,19,2475,DL,LAX,16,-22,67,0,0,38,-61,28,0,0,38
-6,3,5,1,7,2475,DL,LAX,16,-22,67,0,0,38,-61,28,0,0,38
-4,3,5,1,12,2475,DL,LAX,16,-22,67,0,0,38,-61,28,0,0,38
11,3,5,1,9,2475,DL,LAX,16,-22,67,0,0,38,-61,28,0,0,38
-6,3,5,1,17,2475,DL,LAX,16,-22,67,0,0,38,-61,28,0,0,38
-3,3,5,1,17,2475,UA,LAX,16,-22,67,0,0,38,-61,28,0,0,38
-10,3,5,1,20,2475,UA,LAX,16,-22,67,0,0,38,-61,28,0,0,38
-2,3,5,1,6,2475,UA,LAX,16,-22,67,0,0,38,-61,28,0,0,38
-9,3,5,1,7,2475,VX,LAX,16,-22,67,0,0,38,-61,28,0,0,38
-7,3,5,1,9,2475,VX,LAX,16,-22,67,0,0,38,-61,28,0,0,38
-5,3,5,1,11,2475,VX,LAX,16,-22,67,0,0,38,-61,28,0,0,38
-1,3,5,1,13,2475,VX,LAX,16,-22,67,0,0,38,-61,28,0,0,38
-4,3,5,1,16,2475,VX,LAX,16,-22,67,0,0,38,-61,28,0,0,38
10,3,5,1,20,2475,VX,LAX,16,-22,67,0,0,38,-61,28,0,0,38
60,3,5,1,15,2475,UA,LAX,16,-22,67,0,0,38,-61,28,0,0,38
-4,3,5,1,8,2475,UA,LAX,16,-22,67,0,0,38,-61,28,0,0,38
0,3,5,1,11,2475,UA,LAX,16,-22,67,0,0,38,-61,28,0,0,38
-8,3,5,1,20,2475,B6,LAX,16,-22,67,0,0,38,-61,28,0,0,38
-6,3,5,1,10,2475,AA,LAX,16,-22,67,0,0,38,-61,28,0,0,38
-7,3,5,1,9,2475,AA,LAX,16,-22,67,0,0,38,-61,28,0,0,38
2,3,5,1,7,2475,AA,LAX,16,-22,67,0,0,38,-61,28,0,0,38
-9,3,5,1,7,2475,AA,LAX,16,-22,67,0,0,38,-61,28,0,0,38
-3,3,5,1,16,2475,AA,LAX,16,-22,67,0,0,38,-61,28,0,0,38
-7,3,5,1,19,2475,AA,LAX,16,-22,67,0,0,38,-61,28,0,0,38
1,3,5,1,13,2475,AA,LAX,16,-22,67,0,0,38,-61,28,0,0,38
105,3,5,1,12,2475,AA,LAX,16,-22,67,0,0,38,-61,28,0,0,38
1,3,5,1,21,2475,AA,LAX,16,-22,67,0,0,38,-61,28,0,0,38
-4,3,5,1,15,2475,AA,LAX,16,-22,67,0,0,38,-61,28,0,0,38
19,3,5,1,7,2475,B6,LAX,16,-22,67,0,0,38,-61,28,0,0,38
-3,3,5,1,9,2475,B6,LAX,16,-22,67,0,0,38,-61,28,0,0,38
-6,3,5,1,16,2475,B6,LAX,16,-22,67,0,0,38,-61,28,0,0,38
0,3,10,6,21,2475,AA,LAX,21,-17,61,0,0,30,-28,156,0,0,69
5,3,10,6,16,2475,B6,LAX,21,-17,61,0,0,30,-28,156,0,0,69
23,3,10,6,20,2475,B6,LAX,21,-17,61,0,0,30,-28,156,0,0,69
-4,3,10,6,13,2475,AA,LAX,21,-17,61,0,0,30,-28,156,0,0,69
-2,3,10,6,15,2475,AA,LAX,21,-17,61,0,0,30,-28,156,0,0,69
-4,3,10,6,9,2475,AA,LAX,21,-17,61,0,0,30,-28,156,0,0,69
-2,3,10,6,9,2475,B6,LAX,21,-17,61,0,0,30,-28,156,0,0,69
-3,3,10,6,16,2475,AA,LAX,21,-17,61,0,0,30,-28,156,0,0,69
-6,3,10,6,7,2475,AA,LAX,21,-17,61,0,0,30,-28,156,0,0,69
-4,3,10,6,12,2475,AA,LAX,21,-17,61,0,0,30,-28,156,0,0,69
38,3,10,6,7,2475,AA,LAX,21,-17,61,0,0,30,-28,156,0,0,69
-2,3,10,6,19,2475,AA,LAX,21,-17,61,0,0,30,-28,156,0,0,69
-6,3,10,6,19,2475,DL,LAX,21,-17,61,0,0,30,-28,156,0,0,69
0,3,10,6,15,2475,DL,LAX,21,-17,61,0,0,30,-28,156,0,0,69
-2,3,10,6,9,2475,DL,LAX,21,-17,61,0,0,30,-28,156,0,0,69
-3,3,10,6,17,2475,DL,LAX,21,-17,61,0,0,30,-28,156,0,0,69
-8,3,10,6,7,2475,DL,LAX,21,-17,61,0,0,30,-28,156,0,0,69
-6,3,10,6,12,2475,DL,LAX,21,-17,61,0,0,30,-28,156,0,0,69
-1,3,10,6,11,2475,VX,LAX,21,-17,61,0,0,30,-28,156,0,0,69
5,3,10,6,7,2475,VX,LAX,21,-17,61,0,0,30,-28,156,0,0,69
-2,3,10,6,13,2475,VX,LAX,21,-17,61,0,0,30,-28,156,0,0,69
7,3,10,6,16,2475,VX,LAX,21,-17,61,0,0,30,-28,156,0,0,69
0,3,10,6,8,2475,UA,LAX,21,-17,61,0,0,30,-28,156,0,0,69
48,3,10,6,17,2475,UA,LAX,21,-17,61,0,0,30,-28,156,0,0,69
0,3,10,6,6,2475,UA,LAX,21,-17,61,0,0,30,-28,156,0,0,69
0,3,10,6,15,2475,UA,LAX,21,-17,61,0,0,30,-28,156,0,0,69
-4,3,10,6,11,2475,UA,LAX,21,-17,61,0,0,30,-28,156,0,0,69
15,3,10,6,9,2475,VX,LAX,21,-17,61,0,0,30,-28,156,0,0,69
37,3,28,3,16,2475,VX,LAX,39,67,194,5,0,26,72,200,0,0,56
32,3,28,3,20,2475,VX,LAX,39,67,194,5,0,26,72,200,0,0,56
4,3,28,3,7,2475,VX,LAX,39,67,194,5,0,26,72,200,0,0,56
-7,3,28,3,8,2475,UA,LAX,39,67,194,5,0,26,72,200,0,0,56
1,3,28,3,15,2475,UA,LAX,39,67,194,5,0,26,72,200,0,0,56
-3,3,28,3,11,2475,UA,LAX,39,67,194,5,0,26,72,200,0,0,56
-2,3,28,3,17,2475,UA,LAX,39,67,194,5,0,26,72,200,0,0,56
-5,3,28,3,6,2475,UA,LAX,39,67,194,5,0,26,72,200,0,0,56
-3,3,28,3,20,2475,UA,LAX,39,67,194,5,0,26,72,200,0,0,56
6,3,28,3,13,2475,VX,LAX,39,67,194,5,0,26,72,200,0,0,56
-4,3,28,3,11,2475,VX,LAX,39,67,194,5,0,26,72,200,0,0,56
55,3,28,3,9,2475,VX,LAX,39,67,194,5,0,26,72,200,0,0,56
-1,3,28,3,9,2475,DL,LAX,39,67,194,5,0,26,72,200,0,0,56
-1,3,28,3,17,2475,DL,LAX,39,67,194,5,0,26,72,200,0,0,56
-3,3,28,3,12,2475,DL,LAX,39,67,194,5,0,26,72,200,0,0,56
-7,3,28,3,7,2475,DL,LAX,39,67,194,5,0,26,72,200,0,0,56
-1,3,28,3,15,2475,DL,LAX,39,67,194,5,0,26,72,200,0,0,56
106,3,28,3,21,2475,DL,LAX,39,67,194,5,0,26,72,200,0,0,56
-4,3,28,3,19,2475,DL,LAX,39,67,194,5,0,26,72,200,0,0,56
-4,3,28,3,7,2475,AA,LAX,39,67,194,5,0,26,72,200,0,0,56
-6,3,28,3,9,2475,B6,LAX,39,67,194,5,0,26,72,200,0,0,56
-8,3,28,3,7,2475,AA,LAX,39,67,194,5,0,26,72,200,0,0,56
3,3,28,3,20,2475,B6,LAX,39,67,194,5,0,26,72,200,0,0,56
-5,3,28,3,13,2475,AA,LAX,39,67,194,5,0,26,72,200,0,0,56
-5,3,28,3,21,2475,AA,LAX,39,67,194,5,0,26,72,200,0,0,56
-5,3,28,3,7,2475,B6,LAX,39,67,194,5,0,26,72,200,0,0,56
-7,3,28,3,12,2475,AA,LAX,39,67,194,5,0,26,72,200,0,0,56
0,3,28,3,9,2475,AA,LAX,39,67,194,5,0,26,72,200,0,0,56
61,3,28,3,15,2475,AA,LAX,39,67,194,5,0,26,72,200,0,0,56
28,3,28,3,16,2475,AA,LAX,39,67,194,5,0,26,72,200,0,0,56
-2,3,28,3,16,2475,B6,LAX,39,67,194,5,0,26,72,200,0,0,56
-7,3,28,3,10,2475,AA,LAX,39,67,194,5,0,26,72,200,0,0,56
-1,3,28,3,19,2475,AA,LAX,39,67,194,5,0,26,72,200,0,0,56
5,4,6,5,13,2475,VX,LAX,46,33,150,0,0,30,6,117,0,0,37
10,4,6,5,20,2475,VX,LAX,46,33,150,0,0,30,6,117,0,0,37
7,4,6,5,16,2475,VX,LAX,46,33,150,0,0,30,6,117,0,0,37
5,4,6,5,7,2475,VX,LAX,46,33,150,0,0,30,6,117,0,0,37
37,4,6,5,9,2475,VX,LAX,46,33,150,0,0,30,6,117,0,0,37
0,4,6,5,11,2475,VX,LAX,46,33,150,0,0,30,6,117,0,0,37
1,4,6,5,16,2475,B6,LAX,46,33,150,0,0,30,6,117,0,0,37
-4,4,6,5,9,2475,DL,LAX,46,33,150,0,0,30,6,117,0,0,37
-2,4,6,5,15,2475,DL,LAX,46,33,150,0,0,30,6,117,0,0,37
-2,4,6,5,17,2475,DL,LAX,46,33,150,0,0,30,6,117,0,0,37
-2,4,6,5,15,2475,AA,LAX,46,33,150,0,0,30,6,117,0,0,37
-1,4,6,5,6,2475,UA,LAX,46,33,150,0,0,30,6,117,0,0,37
-3,4,6,5,11,2475,UA,LAX,46,33,150,0,0,30,6,117,0,0,37
2,4,6,5,15,2475,UA,LAX,46,33,150,0,0,30,6,117,0,0,37
-7,4,6,5,13,2475,AA,LAX,46,33,150,0,0,30,6,117,0,0,37
-3,4,6,5,17,2475,UA,LAX,46,33,150,0,0,30,6,117,0,0,37
-1,4,6,5,20,2475,UA,LAX,46,33,150,0,0,30,6,117,0,0,37
-10,4,6,5,21,2475,AA,LAX,46,33,150,0,0,30,6,117,0,0,37
-6,4,6,5,9,2475,AA,LAX,46,33,150,0,0,30,6,117,0,0,37
8,4,6,5,8,2475,UA,LAX,46,33,150,0,0,30,6,117,0,0,37
0,4,6,5,7,2475,DL,LAX,46,33,150,0,0,30,6,117,0,0,37
-11,4,6,5,12,2475,AA,LAX,46,33,150,0,0,30,6,117,0,0,37
0,4,6,5,20,2475,B6,LAX,46,33,150,0,0,30,6,117,0,0,37
-6,4,6,5,16,2475,AA,LAX,46,33,150,0,0,30,6,117,0,0,37
-3,4,6,5,12,2475,DL,LAX,46,33,150,0,0,30,6,117,0,0,37
-4,4,6,5,6,2475,AA,LAX,46,33,150,0,0,30,6,117,0,0,37
-2,4,6,5,10,2475,AA,LAX,46,33,150,0,0,30,6,117,0,0,37
21,4,6,5,19,2475,DL,LAX,46,33,150,0,0,30,6,117,0,0,37
0,4,6,5,21,2475,DL,LAX,46,33,150,0,0,30,6,117,0,0,37
-1,4,6,5,7,2475,B6,LAX,46,33,150,0,0,30,6,117,0,0,37
59,4,6,5,7,2475,AA,LAX,46,33,150,0,0,30,6,117,0,0,37
-5,4,6,5,19,2475,AA,LAX,46,33,150,0,0,30,6,117,0,0,37
-4,4,6,5,9,2475,B6,LAX,46,33,150,0,0,30,6,117,0,0,37
-3,4,11,3,17,2475,DL,LAX,41,61,117,0,0,22,0,122,0,0,35
-6,4,11,3,13,2475,AA,LAX,41,61,117,0,0,22,0,122,0,0,35
-2,4,11,3,8,2475,UA,LAX,41,61,117,0,0,22,0,122,0,0,35
-6,4,11,3,6,2475,AA,LAX,41,61,117,0,0,22,0,122,0,0,35
0,4,11,3,17,2475,UA,LAX,41,61,117,0,0,22,0,122,0,0,35
-4,4,11,3,20,2475,UA,LAX,41,61,117,0,0,22,0,122,0,0,35
-2,4,11,3,9,2475,B6,LAX,41,61,117,0,0,22,0,122,0,0,35
-5,4,11,3,11,2475,UA,LAX,41,61,117,0,0,22,0,122,0,0,35
-2,4,11,3,15,2475,DL,LAX,41,61,117,0,0,22,0,122,0,0,35
-2,4,11,3,21,2475,DL,LAX,41,61,117,0,0,22,0,122,0,0,35
3,4,11,3,16,2475,AA,LAX,41,61,117,0,0,22,0,122,0,0,35
-4,4,11,3,20,2475,B6,LAX,41,61,117,0,0,22,0,122,0,0,35
-3,4,11,3,15,2475,AA,LAX,41,61,117,0,0,22,0,122,0,0,35
-8,4,11,3,16,2475,B6,LAX,41,61,117,0,0,22,0,122,0,0,35
-10,4,11,3,9,2475,AA,LAX,41,61,117,0,0,22,0,122,0,0,35
-5,4,11,3,12,2475,AA,LAX,41,61,117,0,0,22,0,122,0,0,35
-5,4,11,3,12,2475,DL,LAX,41,61,117,0,0,22,0,122,0,0,35
5,4,11,3,21,2475,AA,LAX,41,61,117,0,0,22,0,122,0,0,35
-6,4,11,3,9,2475,DL,LAX,41,61,117,0,0,22,0,122,0,0,35
-3,4,11,3,7,2475,B6,LAX,41,61,117,0,0,22,0,122,0,0,35
-1,4,11,3,6,2475,UA,LAX,41,61,117,0,0,22,0,122,0,0,35
-5,4,11,3,19,2475,DL,LAX,41,61,117,0,0,22,0,122,0,0,35
20,4,11,3,19,2475,AA,LAX,41,61,117,0,0,22,0,122,0,0,35
5,4,11,3,15,2475,UA,LAX,41,61,117,0,0,22,0,122,0,0,35
-5,4,11,3,7,2475,AA,LAX,41,61,117,0,0,22,0,122,0,0,35
-8,4,11,3,10,2475,AA,LAX,41,61,117,0,0,22,0,122,0,0,35
-5,4,11,3,7,2475,DL,LAX,41,61,117,0,0,22,0,122,0,0,35
-3,4,11,3,13,2475,VX,LAX,41,61,117,0,0,22,0,122,0,0,35
12,4,11,3,16,2475,VX,LAX,41,61,117,0,0,22,0,122,0,0,35
14,4,11,3,20,2475,VX,LAX,41,61,117,0,0,22,0,122,0,0,35
1,4,11,3,7,2475,VX,LAX,41,61,117,0,0,22,0,122,0,0,35
12,4,11,3,9,2475,VX,LAX,41,61,117,0,0,22,0,122,0,0,35
-1,4,11,3,11,2475,VX,LAX,41,61,117,0,0,22,0,122,0,0,35
1,4,29,7,20,2475,VX,LAX,23,67,172,0,0,25,61,139,91,0,47
-1,4,29,7,16,2475,VX,LAX,23,67,172,0,0,25,61,139,91,0,47
-2,4,29,7,13,2475,VX,LAX,23,67,172,0,0,25,61,139,91,0,47
1,4,29,7,11,2475,VX,LAX,23,67,172,0,0,25,61,139,91,0,47
17,4,29,7,9,2475,VX,LAX,23,67,172,0,0,25,61,139,91,0,47
0,4,29,7,7,2475,VX,LAX,23,67,172,0,0,25,61,139,91,0,47
-2,4,29,7,11,2475,UA,LAX,23,67,172,0,0,25,61,139,91,0,47
0,4,29,7,17,2475,UA,LAX,23,67,172,0,0,25,61,139,91,0,47
4,4,29,7,8,2475,UA,LAX,23,67,172,0,0,25,61,139,91,0,47
-4,4,29,7,20,2475,UA,LAX,23,67,172,0,0,25,61,139,91,0,47
-5,4,29,7,15,2475,UA,LAX,23,67,172,0,0,25,61,139,91,0,47
-4,4,29,7,9,2475,AA,LAX,23,67,172,0,0,25,61,139,91,0,47
-6,4,29,7,12,2475,AA,LAX,23,67,172,0,0,25,61,139,91,0,47
-2,4,29,7,7,2475,AA,LAX,23,67,172,0,0,25,61,139,91,0,47
-12,4,29,7,10,2475,AA,LAX,23,67,172,0,0,25,61,139,91,0,47
21,4,29,7,21,2475,AA,LAX,23,67,172,0,0,25,61,139,91,0,47
-3,4,29,7,20,2475,B6,LAX,23,67,172,0,0,25,61,139,91,0,47
-6,4,29,7,16,2475,B6,LAX,23,67,172,0,0,25,61,139,91,0,47
-1,4,29,7,9,2475,B6,LAX,23,67,172,0,0,25,61,139,91,0,47
-3,4,29,7,15,2475,AA,LAX,23,67,172,0,0,25,61,139,91,0,47
0,4,29,7,19,2475,DL,LAX,23,67,172,0,0,25,61,139,91,0,47
-3,4,29,7,9,2475,DL,LAX,23,67,172,0,0,25,61,139,91,0,47
11,4,29,7,19,2475,AA,LAX,23,67,172,0,0,25,61,139,91,0,47
0,4,29,7,7,2475,B6,LAX,23,67,172,0,0,25,61,139,91,0,47
-8,4,29,7,7,2475,DL,LAX,23,67,172,0,0,25,61,139,91,0,47
-4,4,29,7,12,2475,DL,LAX,23,67,172,0,0,25,61,139,91,0,47
-4,4,29,7,15,2475,DL,LAX,23,67,172,0,0,25,61,139,91,0,47
-5,4,29,7,13,2475,AA,LAX,23,67,172,0,0,25,61,139,91,0,47
-5,4,29,7,17,2475,DL,LAX,23,67,172,0,0,25,61,139,91,0,47
-3,4,29,7,16,2475,AA,LAX,23,67,172,0,0,25,61,139,91,0,47
-3,4,29,7,21,2475,DL,LAX,23,67,172,0,0,25,61,139,91,0,47
12,5,7,1,19,2475,AA,LAX,15,111,183,3,0,16,111,178,119,0,24
-5,5,7,1,9,2475,B6,LAX,15,111,183,3,0,16,111,178,119,0,24
95,5,7,1,13,2475,AA,LAX,15,111,183,3,0,16,111,178,119,0,24
151,5,7,1,9,2475,AA,LAX,15,111,183,3,0,16,111,178,119,0,24
7,5,7,1,15,2475,DL,LAX,15,111,183,3,0,16,111,178,119,0,24
-1,5,7,1,6,2475,AA,LAX,15,111,183,3,0,16,111,178,119,0,24
-7,5,7,1,7,2475,B6,LAX,15,111,183,3,0,16,111,178,119,0,24
-6,5,7,1,21,2475,AA,LAX,15,111,183,3,0,16,111,178,119,0,24
0,5,7,1,7,2475,AA,LAX,15,111,183,3,0,16,111,178,119,0,24
91,5,7,1,15,2475,AA,LAX,15,111,183,3,0,16,111,178,119,0,24
-4,5,7,1,16,2475,AA,LAX,15,111,183,3,0,16,111,178,119,0,24
-3,5,7,1,21,2475,DL,LAX,15,111,183,3,0,16,111,178,119,0,24
-5,5,7,1,17,2475,DL,LAX,15,111,183,3,0,16,111,178,119,0,24
-1,5,7,1,12,2475,DL,LAX,15,111,183,3,0,16,111,178,119,0,24
-8,5,7,1,10,2475,AA,LAX,15,111,183,3,0,16,111,178,119,0,24
-3,5,7,1,7,2475,DL,LAX,15,111,183,3,0,16,111,178,119,0,24
1,5,7,1,9,2475,DL,LAX,15,111,183,3,0,16,111,178,119,0,24
86,5,7,1,12,2475,AA,LAX,15,111,183,3,0,16,111,178,119,0,24
-4,5,7,1,20,2475,B6,LAX,15,111,183,3,0,16,111,178,119,0,24
-7,5,7,1,16,2475,B6,LAX,15,111,183,3,0,16,111,178,119,0,24
-4,5,7,1,19,2475,DL,LAX,15,111,183,3,0,16,111,178,119,0,24
-8,5,7,1,6,2475,UA,LAX,15,111,183,3,0,16,111,178,119,0,24
6,5,7,1,21,2475,UA,LAX,15,111,183,3,0,16,111,178,119,0,24
-7,5,7,1,11,2475,UA,LAX,15,111,183,3,0,16,111,178,119,0,24
-4,5,7,1,17,2475,UA,LAX,15,111,183,3,0,16,111,178,119,0,24
13,5,7,1,15,2475,UA,LAX,15,111,183,3,0,16,111,178,119,0,24
0,5,7,1,20,2475,VX,LAX,15,111,183,3,0,16,111,178,119,0,24
-5,5,7,1,16,2475,VX,LAX,15,111,183,3,0,16,111,178,119,0,24
-1,5,7,1,13,2475,VX,LAX,15,111,183,3,0,16,111,178,119,0,24
-5,5,7,1,11,2475,VX,LAX,15,111,183,3,0,16,111,178,119,0,24
-8,5,7,1,9,2475,VX,LAX,15,111,183,3,0,16,111,178,119,0,24
-3,5,7,1,7,2475,VX,LAX,15,111,183,3,0,16,111,178,119,0,24
5,5,7,1,8,2475,UA,LAX,15,111,183,3,0,16,111,178,119,0,24
-4,5,12,6,15,2475,UA,LAX,10,117,256,0,0,18,117,206,8,0,42
1,5,12,6,17,2475,UA,LAX,10,117,256,0,0,18,117,206,8,0,42
-4,5,12,6,11,2475,UA,LAX,10,117,256,0,0,18,117,206,8,0,42
-4,5,12,6,7,2475,VX,LAX,10,117,256,0,0,18,117,206,8,0,42
31,5,12,6,9,2475,VX,LAX,10,117,256,0,0,18,117,206,8,0,42
-4,5,12,6,11,2475,VX,LAX,10,117,256,0,0,18,117,206,8,0,42
-4,5,12,6,13,2475,VX,LAX,10,117,256,0,0,18,117,206,8,0,42
10,5,12,6,16,2475,VX,LAX,10,117,256,0,0,18,117,206,8,0,42
-1,5,12,6,20,2475,VX,LAX,10,117,256,0,0,18,117,206,8,0,42
-6,5,12,6,6,2475,AA,LAX,10,117,256,0,0,18,117,206,8,0,42
-7,5,12,6,13,2475,AA,LAX,10,117,256,0,0,18,117,206,8,0,42
8,5,12,6,7,2475,B6,LAX,10,117,256,0,0,18,117,206,8,0,42
-2,5,12,6,16,2475,B6,LAX,10,117,256,0,0,18,117,206,8,0,42
-6,5,12,6,20,2475,B6,LAX,10,117,256,0,0,18,117,206,8,0,42
-2,5,12,6,15,2475,AA,LAX,10,117,256,0,0,18,117,206,8,0,42
-1,5,12,6,17,2475,DL,LAX,10,117,256,0,0,18,117,206,8,0,42
-5,5,12,6,9,2475,AA,LAX,10,117,256,0,0,18,117,206,8,0,42
-6,5,12,6,19,2475,AA,LAX,10,117,256,0,0,18,117,206,8,0,42
3,5,12,6,12,2475,AA,LAX,10,117,256,0,0,18,117,206,8,0,42
-1,5,12,6,8,2475,UA,LAX,10,117,256,0,0,18,117,206,8,0,42
-4,5,12,6,6,2475,UA,LAX,10,117,256,0,0,18,117,206,8,0,42
-6,5,12,6,7,2475,AA,LAX,10,117,256,0,0,18,117,206,8,0,42
-3,5,12,6,19,2475,DL,LAX,10,117,256,0,0,18,117,206,8,0,42
-7,5,12,6,16,2475,AA,LAX,10,117,256,0,0,18,117,206,8,0,42
-4,5,12,6,21,2475,AA,LAX,10,117,256,0,0,18,117,206,8,0,42
-4,5,12,6,9,2475,DL,LAX,10,117,256,0,0,18,117,206,8,0,42
-15,5,12,6,12,2475,DL,LAX,10,117,256,0,0,18,117,206,8,0,42
-4,5,12,6,15,2475,DL,LAX,10,117,256,0,0,18,117,206,8,0,42
-4,6,8,5,21,2475,AA,LAX,13,156,272,0,0,14,122,311,0,0,34
-5,6,8,5,13,2475,DL,LAX,13,156,272,0,0,14,122,311,0,0,34
-7,6,8,5,7,2475,AA,LAX,13,156,272,0,0,14,122,311,0,0,34
2,6,8,5,13,2475,AA,LAX,13,156,272,0,0,14,122,311,0,0,34
-4,6,8,5,16,2475,AA,LAX,13,156,272,0,0,14,122,311,0,0,34
1,6,8,5,21,2475,DL,LAX,13,156,272,0,0,14,122,311,0,0,34
-3,6,8,5,15,2475,DL,LAX,13,156,272,0,0,14,122,311,0,0,34
-3,6,8,5,9,2475,DL,LAX,13,156,272,0,0,14,122,311,0,0,34
-4,6,8,5,19,2475,AA,LAX,13,156,272,0,0,14,122,311,0,0,34
-2,6,8,5,9,2475,B6,LAX,13,156,272,0,0,14,122,311,0,0,34
-2,6,8,5,20,2475,B6,LAX,13,156,272,0,0,14,122,311,0,0,34
86,6,8,5,7,2475,DL,LAX,13,156,272,0,0,14,122,311,0,0,34
-4,6,8,5,11,2475,DL,LAX,13,156,272,0,0,14,122,311,0,0,34
-3,6,8,5,16,2475,B6,LAX,13,156,272,0,0,14,122,311,0,0,34
-2,6,8,5,19,2475,DL,LAX,13,156,272,0,0,14,122,311,0,0,34
-3,6,8,5,17,2475,DL,LAX,13,156,272,0,0,14,122,311,0,0,34
-5,6,8,5,6,2475,AA,LAX,13,156,272,0,0,14,122,311,0,0,34
-4,6,8,5,12,2475,AA,LAX,13,156,272,0,0,14,122,311,0,0,34
1,6,8,5,15,2475,AA,LAX,13,156,272,0,0,14,122,311,0,0,34
-6,6,8,5,7,2475,B6,LAX,13,156,272,0,0,14,122,311,0,0,34
-11,6,8,5,9,2475,AA,LAX,13,156,272,0,0,14,122,311,0,0,34
-6,6,8,5,10,2475,AA,LAX,13,156,272,0,0,14,122,311,0,0,34
40,6,8,5,15,2475,UA,LAX,13,156,272,0,0,14,122,311,0,0,34
-2,6,8,5,6,2475,UA,LAX,13,156,272,0,0,14,122,311,0,0,34
-6,6,8,5,11,2475,UA,LAX,13,156,272,0,0,14,122,311,0,0,34
-3,6,8,5,21,2475,UA,LAX,13,156,272,0,0,14,122,311,0,0,34
-6,6,8,5,17,2475,UA,LAX,13,156,272,0,0,14,122,311,0,0,34
36,6,8,5,8,2475,UA,LAX,13,156,272,0,0,14,122,311,0,0,34
-2,6,8,5,13,2475,VX,LAX,13,156,272,0,0,14,122,311,0,0,34
-4,6,8,5,16,2475,VX,LAX,13,156,272,0,0,14,122,311,0,0,34
-2,6,8,5,7,2475,VX,LAX,13,156,272,0,0,14,122,311,0,0,34
0,6,8,5,11,2475,VX,LAX,13,156,272,0,0,14,122,311,0,0,34
32,6,8,5,20,2475,VX,LAX,13,156,272,0,0,14,122,311,0,0,34
0,6,8,5,9,2475,VX,LAX,13,156,272,0,0,14,122,311,0,0,34
-2,6,13,3,11,2475,VX,LAX,18,178,206,81,0,25,122,222,0,0,34
16,6,13,3,20,2475,VX,LAX,18,178,206,81,0,25,122,222,0,0,34
-1,6,13,3,7,2475,VX,LAX,18,178,206,81,0,25,122,222,0,0,34
6,6,13,3,9,2475,VX,LAX,18,178,206,81,0,25,122,222,0,0,34
-5,6,13,3,13,2475,VX,LAX,18,178,206,81,0,25,122,222,0,0,34
42,6,13,3,16,2475,VX,LAX,18,178,206,81,0,25,122,222,0,0,34
-5,6,13,3,9,2475,AA,LAX,18,178,206,81,0,25,122,222,0,0,34
18,6,13,3,9,2475,DL,LAX,18,178,206,81,0,25,122,222,0,0,34
-3,6,13,3,15,2475,DL,LAX,18,178,206,81,0,25,122,222,0,0,34
-1,6,13,3,21,2475,DL,LAX,18,178,206,81,0,25,122,222,0,0,34
-1,6,13,3,11,2475,DL,LAX,18,178,206,81,0,25,122,222,0,0,34
-2,6,13,3,10,2475,AA,LAX,18,178,206,81,0,25,122,222,0,0,34
-2,6,13,3,7,2475,AA,LAX,18,178,206,81,0,25,122,222,0,0,34
38,6,13,3,16,2475,AA,LAX,18,178,206,81,0,25,122,222,0,0,34
-6,6,13,3,13,2475,AA,LAX,18,178,206,81,0,25,122,222,0,0,34
20,6,13,3,16,2475,B6,LAX,18,178,206,81,0,25,122,222,0,0,34
-8,6,13,3,19,2475,DL,LAX,18,178,206,81,0,25,122,222,0,0,34
18,6,13,3,17,2475,DL,LAX,18,178,206,81,0,25,122,222,0,0,34
-4,6,13,3,13,2475,DL,LAX,18,178,206,81,0,25,122,222,0,0,34
-5,6,13,3,7,2475,DL,LAX,18,178,206,81,0,25,122,222,0,0,34
-6,6,13,3,9,2475,B6,LAX,18,178,206,81,0,25,122,222,0,0,34
-2,6,13,3,15,2475,AA,LAX,18,178,206,81,0,25,122,222,0,0,34
22,6,13,3,20,2475,B6,LAX,18,178,206,81,0,25,122,222,0,0,34
-7,6,13,3,12,2475,AA,LAX,18,178,206,81,0,25,122,222,0,0,34
-3,6,13,3,7,2475,B6,LAX,18,178,206,81,0,25,122,222,0,0,34
1,6,13,3,21,2475,AA,LAX,18,178,206,81,0,25,122,222,0,0,34
-2,6,13,3,6,2475,AA,LAX,18,178,206,81,0,25,122,222,0,0,34
7,6,13,3,21,2475,UA,LAX,18,178,206,81,0,25,122,222,0,0,34
-7,6,13,3,8,2475,UA,LAX,18,178,206,81,0,25,122,222,0,0,34
-1,6,13,3,17,2475,UA,LAX,18,178,206,81,0,25,122,222,0,0,34
30,6,13,3,15,2475,UA,LAX,18,178,206,81,0,25,122,222,0,0,34
-2,6,13,3,11,2475,UA,LAX,18,178,206,81,0,25,122,222,0,0,34
0,6,13,3,6,2475,UA,LAX,18,178,206,81,0,25,122,222,0,0,34
-2,7,9,1,21,2475,B6,LAX,5,228,300,0,0,17,189,328,0,0,30
-7,7,9,1,15,2475,AA,LAX,5,228,300,0,0,17,189,328,0,0,30
58,7,9,1,20,2475,AA,LAX,5,228,300,0,0,17,189,328,0,0,30
0,7,9,1,9,2475,B6,LAX,5,228,300,0,0,17,189,328,0,0,30
14,7,9,1,12,2475,AA,LAX,5,228,300,0,0,17,189,328,0,0,30
0,7,9,1,22,2475,B6,LAX,5,228,300,0,0,17,189,328,0,0,30
-5,7,9,1,10,2475,AA,LAX,5,228,300,0,0,17,189,328,0,0,30
-6,7,9,1,7,2475,B6,LAX,5,228,300,0,0,17,189,328,0,0,30
-6,7,9,1,12,2475,B6,LAX,5,228,300,0,0,17,189,328,0,0,30
98,7,9,1,17,2475,AA,LAX,5,228,300,0,0,17,189,328,0,0,30
-5,7,9,1,16,2475,B6,LAX,5,228,300,0,0,17,189,328,0,0,30
-5,7,9,1,6,2475,AA,LAX,5,228,300,0,0,17,189,328,0,0,30
5,7,9,1,13,2475,AA,LAX,5,228,300,0,0,17,189,328,0,0,30
69,7,9,1,19,2475,AA,LAX,5,228,300,0,0,17,189,328,0,0,30
-7,7,9,1,9,2475,AA,LAX,5,228,300,0,0,17,189,328,0,0,30
14,7,9,1,20,2475,VX,LAX,5,228,300,0,0,17,189,328,0,0,30
-2,7,9,1,9,2475,DL,LAX,5,228,300,0,0,17,189,328,0,0,30
9,7,9,1,19,2475,DL,LAX,5,228,300,0,0,17,189,328,0,0,30
10,7,9,1,17,2475,DL,LAX,5,228,300,0,0,17,189,328,0,0,30
0,7,9,1,7,2475,VX,LAX,5,228,300,0,0,17,189,328,0,0,30
-1,7,9,1,9,2475,VX,LAX,5,228,300,0,0,17,189,328,0,0,30
-3,7,9,1,8,2475,UA,LAX,5,228,300,0,0,17,189,328,0,0,30
-1,7,9,1,17,2475,UA,LAX,5,228,300,0,0,17,189,328,0,0,30
8,7,9,1,21,2475,UA,LAX,5,228,300,0,0,17,189,328,0,0,30
3,7,9,1,11,2475,UA,LAX,5,228,300,0,0,17,189,328,0,0,30
-7,7,9,1,6,2475,UA,LAX,5,228,300,0,0,17,189,328,0,0,30
1,7,9,1,15,2475,UA,LAX,5,228,300,0,0,17,189,328,0,0,30
0,7,9,1,7,2475,DL,LAX,5,228,300,0,0,17,189,328,0,0,30
41,7,9,1,13,2475,DL,LAX,5,228,300,0,0,17,189,328,0,0,30
0,7,9,1,21,2475,DL,LAX,5,228,300,0,0,17,189,328,0,0,30
-3,7,9,1,11,2475,DL,LAX,5,228,300,0,0,17,189,328,0,0,30
28,7,9,1,15,2475,DL,LAX,5,228,300,0,0,17,189,328,0,0,30
0,7,9,1,11,2475,VX,LAX,5,228,300,0,0,17,189,328,0,0,30
-1,7,9,1,13,2475,VX,LAX,5,228,300,0,0,17,189,328,0,0,30
2,7,9,1,16,2475,VX,LAX,5,228,300,0,0,17,189,328,0,0,30
1,7,14,6,20,2475,VX,LAX,10,228,294,0,0,19,211,322,0,0,29
5,7,14,6,16,2475,VX,LAX,10,228,294,0,0,19,211,322,0,0,29
-3,7,14,6,13,2475,VX,LAX,10,228,294,0,0,19,211,322,0,0,29
-4,7,14,6,11,2475,VX,LAX,10,228,294,0,0,19,211,322,0,0,29
-10,7,14,6,7,2475,VX,LAX,10,228,294,0,0,19,211,322,0,0,29
0,7,14,6,9,2475,VX,LAX,10,228,294,0,0,19,211,322,0,0,29
-1,7,14,6,17,2475,DL,LAX,10,228,294,0,0,19,211,322,0,0,29
-8,7,14,6,11,2475,UA,LAX,10,228,294,0,0,19,211,322,0,0,29
-2,7,14,6,15,2475,DL,LAX,10,228,294,0,0,19,211,322,0,0,29
-5,7,14,6,11,2475,DL,LAX,10,228,294,0,0,19,211,322,0,0,29
-1,7,14,6,15,2475,UA,LAX,10,228,294,0,0,19,211,322,0,0,29
0,7,14,6,6,2475,UA,LAX,10,228,294,0,0,19,211,322,0,0,29
-5,7,14,6,19,2475,DL,LAX,10,228,294,0,0,19,211,322,0,0,29
-5,7,14,6,17,2475,UA,LAX,10,228,294,0,0,19,211,322,0,0,29
-4,7,14,6,8,2475,UA,LAX,10,228,294,0,0,19,211,322,0,0,29
10,7,14,6,9,2475,DL,LAX,10,228,294,0,0,19,211,322,0,0,29
-7,7,14,6,13,2475,DL,LAX,10,228,294,0,0,19,211,322,0,0,29
-6,7,14,6,20,2475,AA,LAX,10,228,294,0,0,19,211,322,0,0,29
-8,7,14,6,10,2475,AA,LAX,10,228,294,0,0,19,211,322,0,0,29
-1,7,14,6,13,2475,AA,LAX,10,228,294,0,0,19,211,322,0,0,29
-6,7,14,6,19,2475,AA,LAX,10,228,294,0,0,19,211,322,0,0,29
-6,7,14,6,7,2475,B6,LAX,10,228,294,0,0,19,211,322,0,0,29
-7,7,14,6,16,2475,B6,LAX,10,228,294,0,0,19,211,322,0,0,29
-5,7,14,6,17,2475,AA,LAX,10,228,294,0,0,19,211,322,0,0,29
4,7,14,6,9,2475,B6,LAX,10,228,294,0,0,19,211,322,0,0,29
0,7,14,6,21,2475,B6,LAX,10,228,294,0,0,19,211,322,0,0,29
22,7,14,6,12,2475,AA,LAX,10,228,294,0,0,19,211,322,0,0,29
-5,7,14,6,22,2475,B6,LAX,10,228,294,0,0,19,211,322,0,0,29
28,7,14,6,15,2475,AA,LAX,10,228,294,0,0,19,211,322,0,0,29
6,7,14,6,6,2475,AA,LAX,10,228,294,0,0,19,211,322,0,0,29
-8,7,14,6,9,2475,AA,LAX,10,228,294,0,0,19,211,322,0,0,29
72,8,15,3,15,2475,UA,LAX,17,194,278,145,0,13,183,294,0,0,28
1,8,15,3,6,2475,UA,LAX,17,194,278,145,0,13,183,294,0,0,28
15,8,15,3,21,2475,UA,LAX,17,194,278,145,0,13,183,294,0,0,28
63,8,15,3,17,2475,UA,LAX,17,194,278,145,0,13,183,294,0,0,28
-1,8,15,3,11,2475,UA,LAX,17,194,278,145,0,13,183,294,0,0,28
9,8,15,3,8,2475,UA,LAX,17,194,278,145,0,13,183,294,0,0,28
0,8,15,3,9,2475,VX,LAX,17,194,278,145,0,13,183,294,0,0,28
-1,8,15,3,11,2475,VX,LAX,17,194,278,145,0,13,183,294,0,0,28
17,8,15,3,13,2475,VX,LAX,17,194,278,145,0,13,183,294,0,0,28
292,8,15,3,16,2475,VX,LAX,17,194,278,145,0,13,183,294,0,0,28
64,8,15,3,20,2475,VX,LAX,17,194,278,145,0,13,183,294,0,0,28
-4,8,15,3,7,2475,VX,LAX,17,194,278,145,0,13,183,294,0,0,28
178,8,15,3,19,2475,AA,LAX,17,194,278,145,0,13,183,294,0,0,28
-5,8,15,3,7,2475,DL,LAX,17,194,278,145,0,13,183,294,0,0,28
-6,8,15,3,11,2475,DL,LAX,17,194,278,145,0,13,183,294,0,0,28
-2,8,15,3,13,2475,DL,LAX,17,194,278,145,0,13,183,294,0,0,28
-3,8,15,3,12,2475,AA,LAX,17,194,278,145,0,13,183,294,0,0,28
-5,8,15,3,6,2475,AA,LAX,17,194,278,145,0,13,183,294,0,0,28
-5,8,15,3,13,2475,AA,LAX,17,194,278,145,0,13,183,294,0,0,28
34,8,15,3,15,2475,AA,LAX,17,194,278,145,0,13,183,294,0,0,28
61,8,15,3,22,2475,B6,LAX,17,194,278,145,0,13,183,294,0,0,28
-2,8,15,3,7,2475,B6,LAX,17,194,278,145,0,13,183,294,0,0,28
45,8,15,3,12,2475,B6,LAX,17,194,278,145,0,13,183,294,0,0,28
73,8,15,3,16,2475,B6,LAX,17,194,278,145,0,13,183,294,0,0,28
40,8,15,3,21,2475,B6,LAX,17,194,278,145,0,13,183,294,0,0,28
-5,8,15,3,9,2475,B6,LAX,17,194,278,145,0,13,183,294,0,0,28
20,8,15,3,17,2475,AA,LAX,17,194,278,145,0,13,183,294,0,0,28
48,8,15,3,17,2475,DL,LAX,17,194,278,145,0,13,183,294,0,0,28
-7,8,15,3,9,2475,AA,LAX,17,194,278,145,0,13,183,294,0,0,28
130,8,15,3,20,2475,AA,LAX,17,194,278,145,0,13,183,294,0,0,28
135,8,15,3,19,2475,DL,LAX,17,194,278,145,0,13,183,294,0,0,28
-1,8,15,3,9,2475,DL,LAX,17,194,278,145,0,13,183,294,0,0,28
92,8,15,3,15,2475,DL,LAX,17,194,278,145,0,13,183,294,0,0,28
73,8,15,3,21,2475,DL,LAX,17,194,278,145,0,13,183,294,0,0,28
-6,8,15,3,10,2475,AA,LAX,17,194,278,145,0,13,183,294,0,0,28
-7,8,20,1,8,2475,UA,LAX,12,183,256,0,0,5,144,233,20,0,28
12,8,20,1,17,2475,DL,LAX,12,183,256,0,0,5,144,233,20,0,28
-7,8,20,1,12,2475,AA,LAX,12,183,256,0,0,5,144,233,20,0,28
-2,8,20,1,19,2475,DL,LAX,12,183,256,0,0,5,144,233,20,0,28
-3,8,20,1,9,2475,DL,LAX,12,183,256,0,0,5,144,233,20,0,28
-2,8,20,1,15,2475,DL,LAX,12,183,256,0,0,5,144,233,20,0,28
-4,8,20,1,7,2475,DL,LAX,12,183,256,0,0,5,144,233,20,0,28
-7,8,20,1,19,2475,AA,LAX,12,183,256,0,0,5,144,233,20,0,28
71,8,20,1,9,2475,B6,LAX,12,183,256,0,0,5,144,233,20,0,28
-7,8,20,1,9,2475,AA,LAX,12,183,256,0,0,5,144,233,20,0,28
45,8,20,1,15,2475,AA,LAX,12,183,256,0,0,5,144,233,20,0,28
0,8,20,1,21,2475,B6,LAX,12,183,256,0,0,5,144,233,20,0,28
-7,8,20,1,13,2475,AA,LAX,12,183,256,0,0,5,144,233,20,0,28
-4,8,20,1,17,2475,AA,LAX,12,183,256,0,0,5,144,233,20,0,28
-3,8,20,1,7,2475,B6,LAX,12,183,256,0,0,5,144,233,20,0,28
-6,8,20,1,16,2475,B6,LAX,12,183,256,0,0,5,144,233,20,0,28
118,8,20,1,20,2475,AA,LAX,12,183,256,0,0,5,144,233,20,0,28
70,8,20,1,21,2475,DL,LAX,12,183,256,0,0,5,144,233,20,0,28
-4,8,20,1,11,2475,DL,LAX,12,183,256,0,0,5,144,233,20,0,28
65,8,20,1,6,2475,AA,LAX,12,183,256,0,0,5,144,233,20,0,28
-13,8,20,1,12,2475,B6,LAX,12,183,256,0,0,5,144,233,20,0,28
-5,8,20,1,10,2475,AA,LAX,12,183,256,0,0,5,144,233,20,0,28
3,8,20,1,7,2475,VX,LAX,12,183,256,0,0,5,144,233,20,0,28
6,8,20,1,11,2475,VX,LAX,12,183,256,0,0,5,144,233,20,0,28
-3,8,20,1,13,2475,VX,LAX,12,183,256,0,0,5,144,233,20,0,28
21,8,20,1,13,2475,DL,LAX,12,183,256,0,0,5,144,233,20,0,28
-1,8,20,1,15,2475,UA,LAX,12,183,256,0,0,5,144,233,20,0,28
1,8,20,1,11,2475,UA,LAX,12,183,256,0,0,5,144,233,20,0,28
-4,8,20,1,21,2475,UA,LAX,12,183,256,0,0,5,144,233,20,0,28
-6,8,20,1,6,2475,UA,LAX,12,183,256,0,0,5,144,233,20,0,28
-2,8,20,1,16,2475,VX,LAX,12,183,256,0,0,5,144,233,20,0,28
8,8,20,1,20,2475,VX,LAX,12,183,256,0,0,5,144,233,20,0,28
40,8,20,1,17,2475,UA,LAX,12,183,256,0,0,5,144,233,20,0,28
-1,8,20,1,9,2475,VX,LAX,12,183,256,0,0,5,144,233,20,0,28
6,9,16,7,20,2475,VX,LAX,15,133,239,0,0,9,94,250,0,0,22
0,9,16,7,7,2475,VX,LAX,15,133,239,0,0,9,94,250,0,0,22
1,9,16,7,16,2475,VX,LAX,15,133,239,0,0,9,94,250,0,0,22
0,9,16,7,13,2475,VX,LAX,15,133,239,0,0,9,94,250,0,0,22
3,9,16,7,11,2475,VX,LAX,15,133,239,0,0,9,94,250,0,0,22
23,9,16,7,9,2475,VX,LAX,15,133,239,0,0,9,94,250,0,0,22
11,9,16,7,15,2475,DL,LAX,15,133,239,0,0,9,94,250,0,0,22
0,9,16,7,13,2475,DL,LAX,15,133,239,0,0,9,94,250,0,0,22
-8,9,16,7,17,2475,UA,LAX,15,133,239,0,0,9,94,250,0,0,22
-2,9,16,7,8,2475,UA,LAX,15,133,239,0,0,9,94,250,0,0,22
32,9,16,7,15,2475,UA,LAX,15,133,239,0,0,9,94,250,0,0,22
-5,9,16,7,7,2475,DL,LAX,15,133,239,0,0,9,94,250,0,0,22
-3,9,16,7,9,2475,B6,LAX,15,133,239,0,0,9,94,250,0,0,22
-1,9,16,7,16,2475,B6,LAX,15,133,239,0,0,9,94,250,0,0,22
-5,9,16,7,12,2475,B6,LAX,15,133,239,0,0,9,94,250,0,0,22
-2,9,16,7,7,2475,B6,LAX,15,133,239,0,0,9,94,250,0,0,22
-8,9,16,7,20,2475,B6,LAX,15,133,239,0,0,9,94,250,0,0,22
0,9,16,7,21,2475,DL,LAX,15,133,239,0,0,9,94,250,0,0,22
-4,9,16,7,17,2475,DL,LAX,15,133,239,0,0,9,94,250,0,0,22
-3,9,16,7,19,2475,DL,LAX,15,133,239,0,0,9,94,250,0,0,22
-7,9,16,7,9,2475,DL,LAX,15,133,239,0,0,9,94,250,0,0,22
-7,9,16,7,11,2475,UA,LAX,15,133,239,0,0,9,94,250,0,0,22
-4,9,16,7,21,2475,UA,LAX,15,133,239,0,0,9,94,250,0,0,22
-2,9,16,7,13,2475,AA,LAX,15,133,239,0,0,9,94,250,0,0,22
53,9,16,7,10,2475,AA,LAX,15,133,239,0,0,9,94,250,0,0,22
-7,9,16,7,12,2475,AA,LAX,15,133,239,0,0,9,94,250,0,0,22
-9,9,16,7,9,2475,AA,LAX,15,133,239,0,0,9,94,250,0,0,22
22,9,16,7,19,2475,AA,LAX,15,133,239,0,0,9,94,250,0,0,22
29,9,16,7,20,2475,AA,LAX,15,133,239,0,0,9,94,250,0,0,22
34,9,16,7,6,2475,AA,LAX,15,133,239,0,0,9,94,250,0,0,22
23,9,16,7,16,2475,AA,LAX,15,133,239,0,0,9,94,250,0,0,22
1,9,16,7,15,2475,AA,LAX,15,133,239,0,0,9,94,250,0,0,22
-3,9,21,5,12,2475,AA,LAX,20,156,239,0,0,21,89,156,38,0,30
-2,9,21,5,15,2475,AA,LAX,20,156,239,0,0,21,89,156,38,0,30
-5,9,21,5,16,2475,AA,LAX,20,156,239,0,0,21,89,156,38,0,30
1,9,21,5,9,2475,AA,LAX,20,156,239,0,0,21,89,156,38,0,30
1,9,21,5,6,2475,AA,LAX,20,156,239,0,0,21,89,156,38,0,30
31,9,21,5,19,2475,AA,LAX,20,156,239,0,0,21,89,156,38,0,30
-2,9,21,5,20,2475,AA,LAX,20,156,239,0,0,21,89,156,38,0,30
-3,9,21,5,13,2475,AA,LAX,20,156,239,0,0,21,89,156,38,0,30
2,9,21,5,10,2475,AA,LAX,20,156,239,0,0,21,89,156,38,0,30
0,9,21,5,16,2475,VX,LAX,20,156,239,0,0,21,89,156,38,0,30
-1,9,21,5,7,2475,VX,LAX,20,156,239,0,0,21,89,156,38,0,30
-3,9,21,5,9,2475,VX,LAX,20,156,239,0,0,21,89,156,38,0,30
-7,9,21,5,11,2475,VX,LAX,20,156,239,0,0,21,89,156,38,0,30
-2,9,21,5,13,2475,VX,LAX,20,156,239,0,0,21,89,156,38,0,30
22,9,21,5,20,2475,VX,LAX,20,156,239,0,0,21,89,156,38,0,30
-2,9,21,5,17,2475,DL,LAX,20,156,239,0,0,21,89,156,38,0,30
-5,9,21,5,17,2475,UA,LAX,20,156,239,0,0,21,89,156,38,0,30
-1,9,21,5,21,2475,UA,LAX,20,156,239,0,0,21,89,156,38,0,30
-4,9,21,5,6,2475,UA,LAX,20,156,239,0,0,21,89,156,38,0,30
-10,9,21,5,11,2475,UA,LAX,20,156,239,0,0,21,89,156,38,0,30
10,9,21,5,8,2475,UA,LAX,20,156,239,0,0,21,89,156,38,0,30
-2,9,21,5,19,2475,DL,LAX,20,156,239,0,0,21,89,156,38,0,30
-4,9,21,5,13,2475,DL,LAX,20,156,239,0,0,21,89,156,38,0,30
4,9,21,5,16,2475,B6,LAX,20,156,239,0,0,21,89,156,38,0,30
-5,9,21,5,9,2475,DL,LAX,20,156,239,0,0,21,89,156,38,0,30
52,9,21,5,20,2475,B6,LAX,20,156,239,0,0,21,89,156,38,0,30
14,9,21,5,21,2475,DL,LAX,20,156,239,0,0,21,89,156,38,0,30
0,9,21,5,7,2475,B6,LAX,20,156,239,0,0,21,89,156,38,0,30
1,9,21,5,12,2475,B6,LAX,20,156,239,0,0,21,89,156,38,0,30
-5,9,21,5,11,2475,DL,LAX,20,156,239,0,0,21,89,156,38,0,30
-2,9,21,5,7,2475,DL,LAX,20,156,239,0,0,21,89,156,38,0,30
-1,9,21,5,15,2475,DL,LAX,20,156,239,0,0,21,89,156,38,0,30
-5,9,21,5,9,2475,B6,LAX,20,156,239,0,0,21,89,156,38,0,30
24,9,21,5,15,2475,UA,LAX,20,156,239,0,0,21,89,156,38,0,30
1,10,7,7,15,2475,UA,LAX,6,78,122,48,0,9,22,106,0,0,34
-6,10,7,7,11,2475,VX,LAX,6,78,122,48,0,9,22,106,0,0,34
-3,10,7,7,9,2475,VX,LAX,6,78,122,48,0,9,22,106,0,0,34
-3,10,7,7,7,2475,UA,LAX,6,78,122,48,0,9,22,106,0,0,34
13,10,7,7,20,2475,VX,LAX,6,78,122,48,0,9,22,106,0,0,34
75,10,7,7,16,2475,VX,LAX,6,78,122,48,0,9,22,106,0,0,34
-8,10,7,7,13,2475,VX,LAX,6,78,122,48,0,9,22,106,0,0,34
19,10,7,7,17,2475,UA,LAX,6,78,122,48,0,9,22,106,0,0,34
-5,10,7,7,21,2475,UA,LAX,6,78,122,48,0,9,22,106,0,0,34
-5,10,7,7,11,2475,UA,LAX,6,78,122,48,0,9,22,106,0,0,34
-3,10,7,7,9,2475,B6,LAX,6,78,122,48,0,9,22,106,0,0,34
-4,10,7,7,6,2475,AA,LAX,6,78,122,48,0,9,22,106,0,0,34
-1,10,7,7,20,2475,AA,LAX,6,78,122,48,0,9,22,106,0,0,34
-5,10,7,7,17,2475,AA,LAX,6,78,122,48,0,9,22,106,0,0,34
-4,10,7,7,15,2475,AA,LAX,6,78,122,48,0,9,22,106,0,0,34
21,10,7,7,13,2475,AA,LAX,6,78,122,48,0,9,22,106,0,0,34
-1,10,7,7,19,2475,DL,LAX,6,78,122,48,0,9,22,106,0,0,34
-6,10,7,7,9,2475,DL,LAX,6,78,122,48,0,9,22,106,0,0,34
-13,10,7,7,7,2475,DL,LAX,6,78,122,48,0,9,22,106,0,0,34
-5,10,7,7,11,2475,DL,LAX,6,78,122,48,0,9,22,106,0,0,34
-6,10,7,7,15,2475,DL,LAX,6,78,122,48,0,9,22,106,0,0,34
-6,10,7,7,13,2475,DL,LAX,6,78,122,48,0,9,22,106,0,0,34
-8,10,7,7,17,2475,DL,LAX,6,78,122,48,0,9,22,106,0,0,34
6,10,7,7,21,2475,DL,LAX,6,78,122,48,0,9,22,106,0,0,34
5,10,7,7,19,2475,AA,LAX,6,78,122,48,0,9,22,106,0,0,34
2,10,7,7,10,2475,AA,LAX,6,78,122,48,0,9,22,106,0,0,34
3,10,7,7,12,2475,AA,LAX,6,78,122,48,0,9,22,106,0,0,34
-3,10,7,7,9,2475,AA,LAX,6,78,122,48,0,9,22,106,0,0,34
4,10,7,7,20,2475,B6,LAX,6,78,122,48,0,9,22,106,0,0,34
-5,10,7,7,7,2475,B6,LAX,6,78,122,48,0,9,22,106,0,0,34
-6,10,7,7,12,2475,B6,LAX,6,78,122,48,0,9,22,106,0,0,34
-3,10,7,7,16,2475,B6,LAX,6,78,122,48,0,9,22,106,0,0,34
-3,10,12,5,9,2475,B6,LAX,1,56,133,0,0,26,28,117,0,0,47
-1,10,12,5,19,2475,DL,LAX,1,56,133,0,0,26,28,117,0,0,47
-5,10,12,5,9,2475,DL,LAX,1,56,133,0,0,26,28,117,0,0,47
25,10,12,5,15,2475,AA,LAX,1,56,133,0,0,26,28,117,0,0,47
10,10,12,5,17,2475,DL,LAX,1,56,133,0,0,26,28,117,0,0,47
-2,10,12,5,13,2475,DL,LAX,1,56,133,0,0,26,28,117,0,0,47
-5,10,12,5,7,2475,DL,LAX,1,56,133,0,0,26,28,117,0,0,47
15,10,12,5,16,2475,B6,LAX,1,56,133,0,0,26,28,117,0,0,47
21,10,12,5,9,2475,AA,LAX,1,56,133,0,0,26,28,117,0,0,47
-3,10,12,5,6,2475,AA,LAX,1,56,133,0,0,26,28,117,0,0,47
-1,10,12,5,13,2475,AA,LAX,1,56,133,0,0,26,28,117,0,0,47
-2,10,12,5,12,2475,AA,LAX,1,56,133,0,0,26,28,117,0,0,47
162,10,12,5,17,2475,AA,LAX,1,56,133,0,0,26,28,117,0,0,47
-3,10,12,5,10,2475,AA,LAX,1,56,133,0,0,26,28,117,0,0,47
1,10,12,5,21,2475,DL,LAX,1,56,133,0,0,26,28,117,0,0,47
-5,10,12,5,12,2475,B6,LAX,1,56,133,0,0,26,28,117,0,0,47
-4,10,12,5,7,2475,B6,LAX,1,56,133,0,0,26,28,117,0,0,47
-8,10,12,5,11,2475,DL,LAX,1,56,133,0,0,26,28,117,0,0,47
13,10,12,5,20,2475,B6,LAX,1,56,133,0,0,26,28,117,0,0,47
13,10,12,5,20,2475,AA,LAX,1,56,133,0,0,26,28,117,0,0,47
-2,10,12,5,19,2475,AA,LAX,1,56,133,0,0,26,28,117,0,0,47
-6,10,12,5,15,2475,DL,LAX,1,56,133,0,0,26,28,117,0,0,47
-6,10,12,5,8,2475,UA,LAX,1,56,133,0,0,26,28,117,0,0,47
4,10,12,5,15,2475,UA,LAX,1,56,133,0,0,26,28,117,0,0,47
11,10,12,5,20,2475,VX,LAX,1,56,133,0,0,26,28,117,0,0,47
-11,10,12,5,21,2475,UA,LAX,1,56,133,0,0,26,28,117,0,0,47
8,10,12,5,16,2475,VX,LAX,1,56,133,0,0,26,28,117,0,0,47
-1,10,12,5,7,2475,VX,LAX,1,56,133,0,0,26,28,117,0,0,47
-2,10,12,5,13,2475,VX,LAX,1,56,133,0,0,26,28,117,0,0,47
-4,10,12,5,17,2475,UA,LAX,1,56,133,0,0,26,28,117,0,0,47
10,10,12,5,6,2475,UA,LAX,1,56,133,0,0,26,28,117,0,0,47
-4,10,12,5,11,2475,VX,LAX,1,56,133,0,0,26,28,117,0,0,47
0,10,12,5,9,2475,VX,LAX,1,56,133,0,0,26,28,117,0,0,47
-8,10,12,5,11,2475,UA,LAX,1,56,133,0,0,26,28,117,0,0,47
25,11,8,4,21,2475,AA,LAX,3,0,89,15,10,32,17,72,0,0,30
71,11,8,4,17,2475,AA,LAX,3,0,89,15,10,32,17,72,0,0,30
8,11,8,4,19,2475,AA,LAX,3,0,89,15,10,32,17,72,0,0,30
21,11,8,4,11,2475,DL,LAX,3,0,89,15,10,32,17,72,0,0,30
-4,11,8,4,17,2475,DL,LAX,3,0,89,15,10,32,17,72,0,0,30
-3,11,8,4,19,2475,DL,LAX,3,0,89,15,10,32,17,72,0,0,30
-7,11,8,4,9,2475,DL,LAX,3,0,89,15,10,32,17,72,0,0,30
8,11,8,4,15,2475,DL,LAX,3,0,89,15,10,32,17,72,0,0,30
10,11,8,4,21,2475,DL,LAX,3,0,89,15,10,32,17,72,0,0,30
21,11,8,4,7,2475,B6,LAX,3,0,89,15,10,32,17,72,0,0,30
18,11,8,4,12,2475,B6,LAX,3,0,89,15,10,32,17,72,0,0,30
7,11,8,4,16,2475,B6,LAX,3,0,89,15,10,32,17,72,0,0,30
73,11,8,4,20,2475,B6,LAX,3,0,89,15,10,32,17,72,0,0,30
0,11,8,4,9,2475,B6,LAX,3,0,89,15,10,32,17,72,0,0,30
14,11,8,4,15,2475,UA,LAX,3,0,89,15,10,32,17,72,0,0,30
-4,11,8,4,17,2475,UA,LAX,3,0,89,15,10,32,17,72,0,0,30
0,11,8,4,20,2475,UA,LAX,3,0,89,15,10,32,17,72,0,0,30
280,11,8,4,6,2475,UA,LAX,3,0,89,15,10,32,17,72,0,0,30
1,11,8,4,20,2475,VX,LAX,3,0,89,15,10,32,17,72,0,0,30
16,11,8,4,16,2475,VX,LAX,3,0,89,15,10,32,17,72,0,0,30
34,11,8,4,13,2475,VX,LAX,3,0,89,15,10,32,17,72,0,0,30
133,11,8,4,11,2475,VX,LAX,3,0,89,15,10,32,17,72,0,0,30
12,11,8,4,9,2475,VX,LAX,3,0,89,15,10,32,17,72,0,0,30
55,11,8,4,13,2475,DL,LAX,3,0,89,15,10,32,17,72,0,0,30
-7,11,13,2,12,2475,AA,LAX,2,44,167,23,0,27,-44,50,0,0,34
-5,11,13,2,6,2475,AA,LAX,2,44,167,23,0,27,-44,50,0,0,34
-3,11,13,2,17,2475,AA,LAX,2,44,167,23,0,27,-44,50,0,0,34
-5,11,13,2,19,2475,AA,LAX,2,44,167,23,0,27,-44,50,0,0,34
-2,11,13,2,9,2475,AA,LAX,2,44,167,23,0,27,-44,50,0,0,34
-15,11,13,2,13,2475,AA,LAX,2,44,167,23,0,27,-44,50,0,0,34
5,11,13,2,15,2475,AA,LAX,2,44,167,23,0,27,-44,50,0,0,34
-6,11,13,2,21,2475,AA,LAX,2,44,167,23,0,27,-44,50,0,0,34
11,11,13,2,10,2475,AA,LAX,2,44,167,23,0,27,-44,50,0,0,34
5,11,13,2,16,2475,VX,LAX,2,44,167,23,0,27,-44,50,0,0,34
0,11,13,2,13,2475,VX,LAX,2,44,167,23,0,27,-44,50,0,0,34
1,11,13,2,11,2475,VX,LAX,2,44,167,23,0,27,-44,50,0,0,34
-8,11,13,2,9,2475,VX,LAX,2,44,167,23,0,27,-44,50,0,0,34
-1,11,13,2,7,2475,VX,LAX,2,44,167,23,0,27,-44,50,0,0,34
-4,11,13,2,15,2475,DL,LAX,2,44,167,23,0,27,-44,50,0,0,34
-4,11,13,2,11,2475,DL,LAX,2,44,167,23,0,27,-44,50,0,0,34
-8,11,13,2,7,2475,DL,LAX,2,44,167,23,0,27,-44,50,0,0,34
-3,11,13,2,13,2475,DL,LAX,2,44,167,23,0,27,-44,50,0,0,34
-5,11,13,2,17,2475,DL,LAX,2,44,167,23,0,27,-44,50,0,0,34
-3,11,13,2,15,2475,UA,LAX,2,44,167,23,0,27,-44,50,0,0,34
-7,11,13,2,6,2475,UA,LAX,2,44,167,23,0,27,-44,50,0,0,34
-3,11,13,2,20,2475,UA,LAX,2,44,167,23,0,27,-44,50,0,0,34
-6,11,13,2,19,2475,DL,LAX,2,44,167,23,0,27,-44,50,0,0,34
-2,11,13,2,9,2475,DL,LAX,2,44,167,23,0,27,-44,50,0,0,34
-7,11,13,2,20,2475,B6,LAX,2,44,167,23,0,27,-44,50,0,0,34
-3,11,13,2,16,2475,B6,LAX,2,44,167,23,0,27,-44,50,0,0,34
-2,11,13,2,12,2475,B6,LAX,2,44,167,23,0,27,-44,50,0,0,34
-8,11,13,2,7,2475,B6,LAX,2,44,167,23,0,27,-44,50,0,0,34
2,11,13,2,9,2475,B6,LAX,2,44,167,23,0,27,-44,50,0,0,34
-2,11,13,2,11,2475,UA,LAX,2,44,167,23,0,27,-44,50,0,0,34
-5,11,13,2,21,2475,DL,LAX,2,44,167,23,0,27,-44,50,0,0,34
-2,11,13,2,17,2475,UA,LAX,2,44,167,23,0,27,-44,50,0,0,34
-9,11,13,2,8,2475,UA,LAX,2,44,167,23,0,27,-44,50,0,0,34
1,11,13,2,20,2475,VX,LAX,2,44,167,23,0,27,-44,50,0,0,34
-1,12,9,7,13,2475,VX,LAX,12,56,100,46,0,30,17,50,53,0,41
21,12,9,7,11,2475,VX,LAX,12,56,100,46,0,30,17,50,53,0,41
-6,12,9,7,9,2475,VX,LAX,12,56,100,46,0,30,17,50,53,0,41
5,12,9,7,16,2475,VX,LAX,12,56,100,46,0,30,17,50,53,0,41
-3,12,9,7,20,2475,VX,LAX,12,56,100,46,0,30,17,50,53,0,41
-3,12,9,7,19,2475,AA,LAX,12,56,100,46,0,30,17,50,53,0,41
-3,12,9,7,14,2475,UA,LAX,12,56,100,46,0,30,17,50,53,0,41
0,12,9,7,17,2475,DL,LAX,12,56,100,46,0,30,17,50,53,0,41
6,12,9,7,9,2475,DL,LAX,12,56,100,46,0,30,17,50,53,0,41
-6,12,9,7,12,2475,B6,LAX,12,56,100,46,0,30,17,50,53,0,41
-3,12,9,7,21,2475,DL,LAX,12,56,100,46,0,30,17,50,53,0,41
32,12,9,7,17,2475,UA,LAX,12,56,100,46,0,30,17,50,53,0,41
-2,12,9,7,12,2475,DL,LAX,12,56,100,46,0,30,17,50,53,0,41
1,12,9,7,16,2475,B6,LAX,12,56,100,46,0,30,17,50,53,0,41
-3,12,9,7,7,2475,DL,LAX,12,56,100,46,0,30,17,50,53,0,41
-5,12,9,7,12,2475,AA,LAX,12,56,100,46,0,30,17,50,53,0,41
-8,12,9,7,13,2475,AA,LAX,12,56,100,46,0,30,17,50,53,0,41
-3,12,9,7,19,2475,DL,LAX,12,56,100,46,0,30,17,50,53,0,41
3,12,9,7,11,2475,UA,LAX,12,56,100,46,0,30,17,50,53,0,41
0,12,9,7,16,2475,AA,LAX,12,56,100,46,0,30,17,50,53,0,41
6,12,9,7,20,2475,B6,LAX,12,56,100,46,0,30,17,50,53,0,41
49,12,9,7,21,2475,AA,LAX,12,56,100,46,0,30,17,50,53,0,41
-5,12,9,7,9,2475,AA,LAX,12,56,100,46,0,30,17,50,53,0,41
-1,12,9,7,8,2475,UA,LAX,12,56,100,46,0,30,17,50,53,0,41
-2,12,9,7,15,2475,DL,LAX,12,56,100,46,0,30,17,50,53,0,41
-7,12,9,7,10,2475,AA,LAX,12,56,100,46,0,30,17,50,53,0,41
40,12,9,7,15,2475,AA,LAX,12,56,100,46,0,30,17,50,53,0,41
-2,12,9,7,9,2475,B6,LAX,12,56,100,46,0,30,17,50,53,0,41
-4,12,9,7,20,2475,UA,LAX,12,56,100,46,0,30,17,50,53,0,41
-1,12,9,7,7,2475,B6,LAX,12,56,100,46,0,30,17,50,53,0,41
3,12,9,7,7,2475,AA,LAX,12,56,100,46,0,30,17,50,53,0,41
-4,12,14,5,6,2475,UA,LAX,11,28,89,0,0,23,-33,100,0,0,28
-3,12,14,5,11,2475,UA,LAX,11,28,89,0,0,23,-33,100,0,0,28
-2,12,14,5,15,2475,UA,LAX,11,28,89,0,0,23,-33,100,0,0,28
-3,12,14,5,17,2475,UA,LAX,11,28,89,0,0,23,-33,100,0,0,28
-11,12,14,5,8,2475,UA,LAX,11,28,89,0,0,23,-33,100,0,0,28
1,12,14,5,20,2475,UA,LAX,11,28,89,0,0,23,-33,100,0,0,28
2,12,14,5,10,2475,AA,LAX,11,28,89,0,0,23,-33,100,0,0,28
19,12,14,5,21,2475,AA,LAX,11,28,89,0,0,23,-33,100,0,0,28
5,12,14,5,13,2475,AA,LAX,11,28,89,0,0,23,-33,100,0,0,28
7,12,14,5,19,2475,DL,LAX,11,28,89,0,0,23,-33,100,0,0,28
-4,12,14,5,9,2475,DL,LAX,11,28,89,0,0,23,-33,100,0,0,28
1,12,14,5,15,2475,AA,LAX,11,28,89,0,0,23,-33,100,0,0,28
-5,12,14,5,7,2475,AA,LAX,11,28,89,0,0,23,-33,100,0,0,28
38,12,14,5,19,2475,AA,LAX,11,28,89,0,0,23,-33,100,0,0,28
21,12,14,5,9,2475,B6,LAX,11,28,89,0,0,23,-33,100,0,0,28
-3,12,14,5,12,2475,AA,LAX,11,28,89,0,0,23,-33,100,0,0,28
-3,12,14,5,12,2475,B6,LAX,11,28,89,0,0,23,-33,100,0,0,28
-1,12,14,5,20,2475,B6,LAX,11,28,89,0,0,23,-33,100,0,0,28
-2,12,14,5,7,2475,DL,LAX,11,28,89,0,0,23,-33,100,0,0,28
-2,12,14,5,12,2475,DL,LAX,11,28,89,0,0,23,-33,100,0,0,28
0,12,14,5,17,2475,DL,LAX,11,28,89,0,0,23,-33,100,0,0,28
-1,12,14,5,15,2475,DL,LAX,11,28,89,0,0,23,-33,100,0,0,28
0,12,14,5,21,2475,DL,LAX,11,28,89,0,0,23,-33,100,0,0,28
-4,12,14,5,9,2475,AA,LAX,11,28,89,0,0,23,-33,100,0,0,28
-6,12,14,5,16,2475,B6,LAX,11,28,89,0,0,23,-33,100,0,0,28
-3,12,14,5,16,2475,AA,LAX,11,28,89,0,0,23,-33,100,0,0,28
2,12,14,5,7,2475,B6,LAX,11,28,89,0,0,23,-33,100,0,0,28
0,12,14,5,16,2475,VX,LAX,11,28,89,0,0,23,-33,100,0,0,28
-5,12,14,5,13,2475,VX,LAX,11,28,89,0,0,23,-33,100,0,0,28
9,12,14,5,11,2475,VX,LAX,11,28,89,0,0,23,-33,100,0,0,28
-1,12,14,5,9,2475,VX,LAX,11,28,89,0,0,23,-33,100,0,0,28
0,12,14,5,7,2475,VX,LAX,11,28,89,0,0,23,-33,100,0,0,28
-8,12,14,5,20,2475,VX,LAX,11,28,89,0,0,23,-33,100,0,0,28
