-3,1,1,7,6,2475,UA,LAX,0,50,111,13,0,27,-17,67,10,0,87
-4,1,1,7,11,2475,UA,LAX,0,50,111,13,0,27,-17,67,10,0,87
-3,1,1,7,17,2475,UA,LAX,0,50,111,13,0,27,-17,67,10,0,87
-4,1,1,7,15,2475,UA,LAX,0,50,111,13,0,27,-17,67,10,0,87
-6,1,1,7,8,2475,UA,LAX,0,50,111,13,0,27,-17,67,10,0,87
14,1,1,7,9,2475,VX,LAX,0,50,111,13,0,27,-17,67,10,0,87
-5,1,1,7,19,2475,DL,LAX,0,50,111,13,0,27,-17,67,10,0,87
-2,1,1,7,21,2475,DL,LAX,0,50,111,13,0,27,-17,67,10,0,87
8,1,1,7,15,2475,DL,LAX,0,50,111,13,0,27,-17,67,10,0,87
0,1,1,7,12,2475,DL,LAX,0,50,111,13,0,27,-17,67,10,0,87
-5,1,1,7,9,2475,DL,LAX,0,50,111,13,0,27,-17,67,10,0,87
-2,1,1,7,20,2475,B6,LAX,0,50,111,13,0,27,-17,67,10,0,87
-4,1,1,7,16,2475,B6,LAX,0,50,111,13,0,27,-17,67,10,0,87
-3,1,1,7,11,2475,B6,LAX,0,50,111,13,0,27,-17,67,10,0,87
0,1,1,7,7,2475,B6,LAX,0,50,111,13,0,27,-17,67,10,0,87
-4,1,1,7,6,2475,AA,LAX,0,50,111,13,0,27,-17,67,10,0,87
3,1,1,7,16,2475,AA,LAX,0,50,111,13,0,27,-17,67,10,0,87
143,1,1,7,15,2475,AA,LAX,0,50,111,13,0,27,-17,67,10,0,87
-4,1,1,7,13,2475,AA,LAX,0,50,111,13,0,27,-17,67,10,0,87
-1,1,1,7,7,2475,AA,LAX,0,50,111,13,0,27,-17,67,10,0,87
5,1,1,7,19,2475,AA,LAX,0,50,111,13,0,27,-17,67,10,0,87
-5,1,1,7,10,2475,AA,LAX,0,50,111,13,0,27,-17,67,10,0,87
-7,1,1,7,12,2475,AA,LAX,0,50,111,13,0,27,-17,67,10,0,87
-5,1,1,7,9,2475,AA,LAX,0,50,111,13,0,27,-17,67,10,0,87
1,1,1,7,20,2475,VX,LAX,0,50,111,13,0,27,-17,67,10,0,87
50,1,1,7,16,2475,VX,LAX,0,50,111,13,0,27,-17,67,10,0,87
5,1,1,7,13,2475,VX,LAX,0,50,111,13,0,27,-17,67,10,0,87
-1,1,1,7,11,2475,VX,LAX,0,50,111,13,0,27,-17,67,10,0,87
1,1,19,4,7,2475,VX,LAX,2,-67,28,0,0,30,-150,-22,3,3,57
-4,1,19,4,13,2475,AA,LAX,2,-67,28,0,0,30,-150,-22,3,3,57
-5,1,19,4,16,2475,AA,LAX,2,-67,28,0,0,30,-150,-22,3,3,57
-5,1,19,4,9,2475,AA,LAX,2,-67,28,0,0,30,-150,-22,3,3,57
-3,1,19,4,7,2475,B6,LAX,2,-67,28,0,0,30,-150,-22,3,3,57
-5,1,19,4,11,2475,B6,LAX,2,-67,28,0,0,30,-150,-22,3,3,57
-7,1,19,4,16,2475,B6,LAX,2,-67,28,0,0,30,-150,-22,3,3,57
1,1,19,4,20,2475,B6,LAX,2,-67,28,0,0,30,-150,-22,3,3,57
-10,1,19,4,19,2475,AA,LAX,2,-67,28,0,0,30,-150,-22,3,3,57
-8,1,19,4,21,2475,AA,LAX,2,-67,28,0,0,30,-150,-22,3,3,57
-5,1,19,4,6,2475,AA,LAX,2,-67,28,0,0,30,-150,-22,3,3,57
-4,1,19,4,15,2475,AA,LAX,2,-67,28,0,0,30,-150,-22,3,3,57
-8,1,19,4,12,2475,AA,LAX,2,-67,28,0,0,30,-150,-22,3,3,57
-6,1,19,4,10,2475,AA,LAX,2,-67,28,0,0,30,-150,-22,3,3,57
-2,1,19,4,20,2475,VX,LAX,2,-67,28,0,0,30,-150,-22,3,3,57
18,1,19,4,16,2475,VX,LAX,2,-67,28,0,0,30,-150,-22,3,3,57
0,1,19,4,13,2475,VX,LAX,2,-67,28,0,0,30,-150,-22,3,3,57
20,1,19,4,11,2475,VX,LAX,2,-67,28,0,0,30,-150,-22,3,3,57
-6,1,19,4,9,2475,VX,LAX,2,-67,28,0,0,30,-150,-22,3,3,57
-3,1,19,4,15,2475,UA,LAX,2,-67,28,0,0,30,-150,-22,3,3,57
49,1,19,4,11,2475,UA,LAX,2,-67,28,0,0,30,-150,-22,3,3,57
3,1,19,4,20,2475,UA,LAX,2,-67,28,0,0,30,-150,-22,3,3,57
-3,1,19,4,8,2475,UA,LAX,2,-67,28,0,0,30,-150,-22,3,3,57
101,1,19,4,6,2475,UA,LAX,2,-67,28,0,0,30,-150,-22,3,3,57
0,1,19,4,17,2475,UA,LAX,2,-67,28,0,0,30,-150,-22,3,3,57
-6,1,19,4,9,2475,DL,LAX,2,-67,28,0,0,30,-150,-22,3,3,57
-1,1,19,4,17,2475,DL,LAX,2,-67,28,0,0,30,-150,-22,3,3,57
-5,1,19,4,21,2475,DL,LAX,2,-67,28,0,0,30,-150,-22,3,3,57
-5,1,19,4,7,2475,DL,LAX,2,-67,28,0,0,30,-150,-22,3,3,57
63,1,19,4,15,2475,DL,LAX,2,-67,28,0,0,30,-150,-22,3,3,57
-2,1,19,4,7,2475,DL,LAX,2,-67,28,0,0,30,-150,-22,3,3,57
-6,1,19,4,19,2475,DL,LAX,2,-67,28,0,0,30,-150,-22,3,3,57
-4,1,19,4,12,2475,DL,LAX,2,-67,28,0,0,30,-150,-22,3,3,57
-5,1,24,2,21,2475,DL,LAX,3,56,117,0,0,37,-39,28,0,0,40
-5,1,24,2,7,2475,DL,LAX,3,56,117,0,0,37,-39,28,0,0,40
-5,1,24,2,17,2475,DL,LAX,3,56,117,0,0,37,-39,28,0,0,40
-4,1,24,2,12,2475,DL,LAX,3,56,117,0,0,37,-39,28,0,0,40
-8,1,24,2,15,2475,DL,LAX,3,56,117,0,0,37,-39,28,0,0,40
-6,1,24,2,9,2475,DL,LAX,3,56,117,0,0,37,-39,28,0,0,40
13,1,24,2,7,2475,DL,LAX,3,56,117,0,0,37,-39,28,0,0,40
-9,1,24,2,19,2475,DL,LAX,3,56,117,0,0,37,-39,28,0,0,40
-4,1,24,2,6,2475,UA,LAX,3,56,117,0,0,37,-39,28,0,0,40
-7,1,24,2,15,2475,UA,LAX,3,56,117,0,0,37,-39,28,0,0,40
-4,1,24,2,11,2475,UA,LAX,3,56,117,0,0,37,-39,28,0,0,40
58,1,24,2,8,2475,UA,LAX,3,56,117,0,0,37,-39,28,0,0,40
-8,1,24,2,20,2475,UA,LAX,3,56,117,0,0,37,-39,28,0,0,40
1,1,24,2,17,2475,UA,LAX,3,56,117,0,0,37,-39,28,0,0,40
-5,1,24,2,6,2475,AA,LAX,3,56,117,0,0,37,-39,28,0,0,40
2,1,24,2,10,2475,AA,LAX,3,56,117,0,0,37,-39,28,0,0,40
9,1,24,2,13,2475,AA,LAX,3,56,117,0,0,37,-39,28,0,0,40
-8,1,24,2,19,2475,AA,LAX,3,56,117,0,0,37,-39,28,0,0,40
-10,1,24,2,12,2475,AA,LAX,3,56,117,0,0,37,-39,28,0,0,40
-5,1,24,2,15,2475,AA,LAX,3,56,117,0,0,37,-39,28,0,0,40
-5,1,24,2,20,2475,B6,LAX,3,56,117,0,0,37,-39,28,0,0,40
-1,1,24,2,16,2475,B6,LAX,3,56,117,0,0,37,-39,28,0,0,40
-1,1,24,2,11,2475,B6,LAX,3,56,117,0,0,37,-39,28,0,0,40
-2,1,24,2,7,2475,B6,LAX,3,56,117,0,0,37,-39,28,0,0,40
-10,1,24,2,9,2475,AA,LAX,3,56,117,0,0,37,-39,28,0,0,40
0,1,24,2,16,2475,AA,LAX,3,56,117,0,0,37,-39,28,0,0,40
-8,1,24,2,7,2475,VX,LAX,3,56,117,0,0,37,-39,28,0,0,40
-5,1,24,2,9,2475,VX,LAX,3,56,117,0,0,37,-39,28,0,0,40
-2,1,24,2,11,2475,VX,LAX,3,56,117,0,0,37,-39,28,0,0,40
-6,1,24,2,13,2475,VX,LAX,3,56,117,0,0,37,-39,28,0,0,40
-2,1,24,2,16,2475,VX,LAX,3,56,117,0,0,37,-39,28,0,0,40
7,1,24,2,20,2475,VX,LAX,3,56,117,0,0,37,-39,28,0,0,40
-7,1,24,2,21,2475,AA,LAX,3,56,117,0,0,37,-39,28,0,0,40
-3,2,2,4,9,2475,DL,LAX,12,17,100,0,0,31,-6,61,0,0,17
-8,2,2,4,21,2475,AA,LAX,12,17,100,0,0,31,-6,61,0,0,17
-9,2,2,4,7,2475,DL,LAX,12,17,100,0,0,31,-6,61,0,0,17
11,2,2,4,16,2475,AA,LAX,12,17,100,0,0,31,-6,61,0,0,17
-5,2,2,4,20,2475,B6,LAX,12,17,100,0,0,31,-6,61,0,0,17
-1,2,2,4,19,2475,AA,LAX,12,17,100,0,0,31,-6,61,0,0,17
-7,2,2,4,12,2475,DL,LAX,12,17,100,0,0,31,-6,61,0,0,17
-6,2,2,4,15,2475,DL,LAX,12,17,100,0,0,31,-6,61,0,0,17
0,2,2,4,21,2475,DL,LAX,12,17,100,0,0,31,-6,61,0,0,17
-4,2,2,4,19,2475,DL,LAX,12,17,100,0,0,31,-6,61,0,0,17
-6,2,2,4,15,2475,AA,LAX,12,17,100,0,0,31,-6,61,0,0,17
-6,2,2,4,16,2475,B6,LAX,12,17,100,0,0,31,-6,61,0,0,17
75,2,2,4,10,2475,AA,LAX,12,17,100,0,0,31,-6,61,0,0,17
-6,2,2,4,6,2475,AA,LAX,12,17,100,0,0,31,-6,61,0,0,17
-6,2,2,4,9,2475,AA,LAX,12,17,100,0,0,31,-6,61,0,0,17
-5,2,2,4,11,2475,B6,LAX,12,17,100,0,0,31,-6,61,0,0,17
-5,2,2,4,13,2475,AA,LAX,12,17,100,0,0,31,-6,61,0,0,17
-9,2,2,4,7,2475,B6,LAX,12,17,100,0,0,31,-6,61,0,0,17
-5,2,2,4,7,2475,DL,LAX,12,17,100,0,0,31,-6,61,0,0,17
-5,2,2,4,12,2475,AA,LAX,12,17,100,0,0,31,-6,61,0,0,17
-6,2,2,4,17,2475,DL,LAX,12,17,100,0,0,31,-6,61,0,0,17
-7,2,2,4,9,2475,VX,LAX,12,17,100,0,0,31,-6,61,0,0,17
-3,2,2,4,6,2475,UA,LAX,12,17,100,0,0,31,-6,61,0,0,17
-3,2,2,4,20,2475,UA,LAX,12,17,100,0,0,31,-6,61,0,0,17
-4,2,2,4,7,2475,VX,LAX,12,17,100,0,0,31,-6,61,0,0,17
-3,2,2,4,11,2475,UA,LAX,12,17,100,0,0,31,-6,61,0,0,17
-2,2,2,4,15,2475,UA,LAX,12,17,100,0,0,31,-6,61,0,0,17
4,2,2,4,17,2475,UA,LAX,12,17,100,0,0,31,-6,61,0,0,17
-5,2,2,4,8,2475,UA,LAX,12,17,100,0,0,31,-6,61,0,0,17
-4,2,2,4,20,2475,VX,LAX,12,17,100,0,0,31,-6,61,0,0,17
-2,2,2,4,16,2475,VX,LAX,12,17,100,0,0,31,-6,61,0,0,17
0,2,2,4,13,2475,VX,LAX,12,17,100,0,0,31,-6,61,0,0,17
1,2,2,4,11,2475,VX,LAX,12,17,100,0,0,31,-6,61,0,0,17
-3,2,25,6,15,2475,UA,LAX,7,6,72,0,0,67,-89,-28,0,0,48
-2,2,25,6,8,2475,UA,LAX,7,6,72,0,0,67,-89,-28,0,0,48
-8,2,25,6,6,2475,UA,LAX,7,6,72,0,0,67,-89,-28,0,0,48
125,2,25,6,17,2475,UA,LAX,7,6,72,0,0,67,-89,-28,0,0,48
-1,2,25,6,9,2475,VX,LAX,7,6,72,0,0,67,-89,-28,0,0,48
1,2,25,6,7,2475,VX,LAX,7,6,72,0,0,67,-89,-28,0,0,48
-11,2,25,6,11,2475,UA,LAX,7,6,72,0,0,67,-89,-28,0,0,48
-4,2,25,6,20,2475,VX,LAX,7,6,72,0,0,67,-89,-28,0,0,48
-11,2,25,6,16,2475,VX,LAX,7,6,72,0,0,67,-89,-28,0,0,48
0,2,25,6,11,2475,VX,LAX,7,6,72,0,0,67,-89,-28,0,0,48
-1,2,25,6,13,2475,VX,LAX,7,6,72,0,0,67,-89,-28,0,0,48
-5,2,25,6,16,2475,B6,LAX,7,6,72,0,0,67,-89,-28,0,0,48
17,2,25,6,9,2475,B6,LAX,7,6,72,0,0,67,-89,-28,0,0,48
-10,2,25,6,7,2475,AA,LAX,7,6,72,0,0,67,-89,-28,0,0,48
-9,2,25,6,21,2475,AA,LAX,7,6,72,0,0,67,-89,-28,0,0,48
16,2,25,6,16,2475,AA,LAX,7,6,72,0,0,67,-89,-28,0,0,48
-8,2,25,6,15,2475,AA,LAX,7,6,72,0,0,67,-89,-28,0,0,48
3,2,25,6,13,2475,AA,LAX,7,6,72,0,0,67,-89,-28,0,0,48
-8,2,25,6,7,2475,AA,LAX,7,6,72,0,0,67,-89,-28,0,0,48
-4,2,25,6,19,2475,AA,LAX,7,6,72,0,0,67,-89,-28,0,0,48
-7,2,25,6,17,2475,DL,LAX,7,6,72,0,0,67,-89,-28,0,0,48
-5,2,25,6,9,2475,DL,LAX,7,6,72,0,0,67,-89,-28,0,0,48
-5,2,25,6,12,2475,DL,LAX,7,6,72,0,0,67,-89,-28,0,0,48
16,2,25,6,15,2475,DL,LAX,7,6,72,0,0,67,-89,-28,0,0,48
-3,2,25,6,12,2475,AA,LAX,7,6,72,0,0,67,-89,-28,0,0,48
-5,2,25,6,19,2475,DL,LAX,7,6,72,0,0,67,-89,-28,0,0,48
-1,2,25,6,9,2475,AA,LAX,7,6,72,0,0,67,-89,-28,0,0,48
-7,2,25,6,20,2475,B6,LAX,7,6,72,0,0,67,-89,-28,0,0,48
8,3,3,6,9,2475,VX,LAX,14,56,133,30,0,18,-11,17,0,0,71
-4,3,3,6,7,2475,VX,LAX,14,56,133,30,0,18,-11,17,0,0,71
-3,3,3,6,6,2475,UA,LAX,14,56,133,30,0,18,-11,17,0,0,71
1,3,3,6,11,2475,UA,LAX,14,56,133,30,0,18,-11,17,0,0,71
1,3,3,6,15,2475,UA,LAX,14,56,133,30,0,18,-11,17,0,0,71
1,3,3,6,17,2475,UA,LAX,14,56,133,30,0,18,-11,17,0,0,71
77,3,3,6,8,2475,UA,LAX,14,56,133,30,0,18,-11,17,0,0,71
-2,3,3,6,20,2475,VX,LAX,14,56,133,30,0,18,-11,17,0,0,71
-8,3,3,6,16,2475,VX,LAX,14,56,133,30,0,18,-11,17,0,0,71
-1,3,3,6,13,2475,VX,LAX,14,56,133,30,0,18,-11,17,0,0,71
-4,3,3,6,11,2475,VX,LAX,14,56,133,30,0,18,-11,17,0,0,71
-2,3,3,6,15,2475,DL,LAX,14,56,133,30,0,18,-11,17,0,0,71
-4,3,3,6,19,2475,DL,LAX,14,56,133,30,0,18,-11,17,0,0,71
-2,3,3,6,12,2475,DL,LAX,14,56,133,30,0,18,-11,17,0,0,71
-6,3,3,6,9,2475,DL,LAX,14,56,133,30,0,18,-11,17,0,0,71
-3,3,3,6,17,2475,DL,LAX,14,56,133,30,0,18,-11,17,0,0,71
-9,3,3,6,7,2475,DL,LAX,14,56,133,30,0,18,-11,17,0,0,71
-7,3,3,6,20,2475,B6,LAX,14,56,133,30,0,18,-11,17,0,0,71
89,3,3,6,16,2475,B6,LAX,14,56,133,30,0,18,-11,17,0,0,71
22,3,3,6,9,2475,B6,LAX,14,56,133,30,0,18,-11,17,0,0,71
-6,3,3,6,7,2475,AA,LAX,14,56,133,30,0,18,-11,17,0,0,71
-3,3,3,6,21,2475,AA,LAX,14,56,133,30,0,18,-11,17,0,0,71
5,3,3,6,16,2475,AA,LAX,14,56,133,30,0,18,-11,17,0,0,71
-2,3,3,6,15,2475,AA,LAX,14,56,133,30,0,18,-11,17,0,0,71
-5,3,3,6,13,2475,AA,LAX,14,56,133,30,0,18,-11,17,0,0,71
-7,3,3,6,7,2475,AA,LAX,14,56,133,30,0,18,-11,17,0,0,71
-11,3,3,6,19,2475,AA,LAX,14,56,133,30,0,18,-11,17,0,0,71
2,3,3,6,12,2475,AA,LAX,14,56,133,30,0,18,-11,17,0,0,71
-6,3,3,6,9,2475,AA,LAX,14,56,133,30,0,18,-11,17,0,0,71
-5,3,26,1,16,2475,VX,LAX,37,11,122,0,0,34,28,83,0,0,70
-7,3,26,1,20,2475,VX,LAX,37,11,122,0,0,34,28,83,0,0,70
-5,3,26,1,11,2475,UA,LAX,37,11,122,0,0,34,28,83,0,0,70
5,3,26,1,17,2475,UA,LAX,37,11,122,0,0,34,28,83,0,0,70
-1,3,26,1,6,2475,UA,LAX,37,11,122,0,0,34,28,83,0,0,70
8,3,26,1,20,2475,UA,LAX,37,11,122,0,0,34,28,83,0,0,70
-2,3,26,1,7,2475,VX,LAX,37,11,122,0,0,34,28,83,0,0,70
-10,3,26,1,9,2475,VX,LAX,37,11,122,0,0,34,28,83,0,0,70
-4,3,26,1,15,2475,UA,LAX,37,11,122,0,0,34,28,83,0,0,70
38,3,26,1,8,2475,UA,LAX,37,11,122,0,0,34,28,83,0,0,70
-8,3,26,1,11,2475,VX,LAX,37,11,122,0,0,34,28,83,0,0,70
-9,3,26,1,13,2475,VX,LAX,37,11,122,0,0,34,28,83,0,0,70
36,3,26,1,16,2475,B6,LAX,37,11,122,0,0,34,28,83,0,0,70
-10,3,26,1,16,2475,AA,LAX,37,11,122,0,0,34,28,83,0,0,70
-3,3,26,1,15,2475,AA,LAX,37,11,122,0,0,34,28,83,0,0,70
-1,3,26,1,9,2475,B6,LAX,37,11,122,0,0,34,28,83,0,0,70
-8,3,26,1,10,2475,AA,LAX,37,11,122,0,0,34,28,83,0,0,70
73,3,26,1,7,2475,AA,LAX,37,11,122,0,0,34,28,83,0,0,70
-10,3,26,1,7,2475,AA,LAX,37,11,122,0,0,34,28,83,0,0,70
1,3,26,1,7,2475,B6,LAX,37,11,122,0,0,34,28,83,0,0,70
23,3,26,1,21,2475,AA,LAX,37,11,122,0,0,34,28,83,0,0,70
105,3,26,1,19,2475,AA,LAX,37,11,122,0,0,34,28,83,0,0,70
6,3,26,1,20,2475,B6,LAX,37,11,122,0,0,34,28,83,0,0,70
4,3,26,1,13,2475,AA,LAX,37,11,122,0,0,34,28,83,0,0,70
-5,3,26,1,12,2475,AA,LAX,37,11,122,0,0,34,28,83,0,0,70
-7,3,26,1,9,2475,AA,LAX,37,11,122,0,0,34,28,83,0,0,70
-4,3,26,1,12,2475,DL,LAX,37,11,122,0,0,34,28,83,0,0,70
-2,3,26,1,7,2475,DL,LAX,37,11,122,0,0,34,28,83,0,0,70
0,3,26,1,15,2475,DL,LAX,37,11,122,0,0,34,28,83,0,0,70
-3,3,26,1,21,2475,DL,LAX,37,11,122,0,0,34,28,83,0,0,70
-3,3,26,1,19,2475,DL,LAX,37,11,122,0,0,34,28,83,0,0,70
-2,3,26,1,17,2475,DL,LAX,37,11,122,0,0,34,28,83,0,0,70
-5,3,26,1,9,2475,DL,LAX,37,11,122,0,0,34,28,83,0,0,70
-1,3,31,6,19,2475,DL,LAX,42,33,61,66,0,31,39,100,0,0,37
5,3,31,6,15,2475,DL,LAX,42,33,61,66,0,31,39,100,0,0,37
-5,3,31,6,12,2475,DL,LAX,42,33,61,66,0,31,39,100,0,0,37
-6,3,31,6,9,2475,DL,LAX,42,33,61,66,0,31,39,100,0,0,37
-5,3,31,6,17,2475,DL,LAX,42,33,61,66,0,31,39,100,0,0,37
6,3,31,6,19,2475,AA,LAX,42,33,61,66,0,31,39,100,0,0,37
-2,3,31,6,16,2475,AA,LAX,42,33,61,66,0,31,39,100,0,0,37
-5,3,31,6,9,2475,B6,LAX,42,33,61,66,0,31,39,100,0,0,37
-4,3,31,6,9,2475,AA,LAX,42,33,61,66,0,31,39,100,0,0,37
-1,3,31,6,20,2475,B6,LAX,42,33,61,66,0,31,39,100,0,0,37
-5,3,31,6,12,2475,AA,LAX,42,33,61,66,0,31,39,100,0,0,37
6,3,31,6,7,2475,AA,LAX,42,33,61,66,0,31,39,100,0,0,37
-5,3,31,6,7,2475,AA,LAX,42,33,61,66,0,31,39,100,0,0,37
-4,3,31,6,13,2475,AA,LAX,42,33,61,66,0,31,39,100,0,0,37
1,3,31,6,21,2475,AA,LAX,42,33,61,66,0,31,39,100,0,0,37
-4,3,31,6,15,2475,AA,LAX,42,33,61,66,0,31,39,100,0,0,37
9,3,31,6,16,2475,B6,LAX,42,33,61,66,0,31,39,100,0,0,37
-4,3,31,6,8,2475,UA,LAX,42,33,61,66,0,31,39,100,0,0,37
0,3,31,6,6,2475,UA,LAX,42,33,61,66,0,31,39,100,0,0,37
0,3,31,6,7,2475,VX,LAX,42,33,61,66,0,31,39,100,0,0,37
28,3,31,6,9,2475,VX,LAX,42,33,61,66,0,31,39,100,0,0,37
-3,3,31,6,11,2475,VX,LAX,42,33,61,66,0,31,39,100,0,0,37
3,3,31,6,13,2475,VX,LAX,42,33,61,66,0,31,39,100,0,0,37
12,3,31,6,16,2475,VX,LAX,42,33,61,66,0,31,39,100,0,0,37
41,3,31,6,20,2475,VX,LAX,42,33,61,66,0,31,39,100,0,0,37
-8,3,31,6,15,2475,UA,LAX,42,33,61,66,0,31,39,100,0,0,37
-5,3,31,6,11,2475,UA,LAX,42,33,61,66,0,31,39,100,0,0,37
53,3,31,6,17,2475,UA,LAX,42,33,61,66,0,31,39,100,0,0,37
14,4,4,3,9,2475,VX,LAX,46,83,200,0,0,26,78,144,0,0,70
7,4,4,3,20,2475,VX,LAX,46,83,200,0,0,26,78,144,0,0,70
2,4,4,3,16,2475,VX,LAX,46,83,200,0,0,26,78,144,0,0,70
8,4,4,3,13,2475,VX,LAX,46,83,200,0,0,26,78,144,0,0,70
25,4,4,3,11,2475,VX,LAX,46,83,200,0,0,26,78,144,0,0,70
8,4,4,3,7,2475,VX,LAX,46,83,200,0,0,26,78,144,0,0,70
-4,4,4,3,9,2475,B6,LAX,46,83,200,0,0,26,78,144,0,0,70
-1,4,4,3,15,2475,AA,LAX,46,83,200,0,0,26,78,144,0,0,70
1,4,4,3,12,2475,AA,LAX,46,83,200,0,0,26,78,144,0,0,70
18,4,4,3,16,2475,AA,LAX,46,83,200,0,0,26,78,144,0,0,70
-3,4,4,3,10,2475,AA,LAX,46,83,200,0,0,26,78,144,0,0,70
-6,4,4,3,9,2475,AA,LAX,46,83,200,0,0,26,78,144,0,0,70
3,4,4,3,19,2475,AA,LAX,46,83,200,0,0,26,78,144,0,0,70
-3,4,4,3,7,2475,AA,LAX,46,83,200,0,0,26,78,144,0,0,70
0,4,4,3,7,2475,B6,LAX,46,83,200,0,0,26,78,144,0,0,70
-1,4,4,3,6,2475,UA,LAX,46,83,200,0,0,26,78,144,0,0,70
-2,4,4,3,6,2475,AA,LAX,46,83,200,0,0,26,78,144,0,0,70
-6,4,4,3,12,2475,DL,LAX,46,83,200,0,0,26,78,144,0,0,70
-5,4,4,3,7,2475,DL,LAX,46,83,200,0,0,26,78,144,0,0,70
-2,4,4,3,15,2475,DL,LAX,46,83,200,0,0,26,78,144,0,0,70
9,4,4,3,17,2475,DL,LAX,46,83,200,0,0,26,78,144,0,0,70
-2,4,4,3,9,2475,DL,LAX,46,83,200,0,0,26,78,144,0,0,70
-3,4,4,3,11,2475,UA,LAX,46,83,200,0,0,26,78,144,0,0,70
-5,4,4,3,17,2475,UA,LAX,46,83,200,0,0,26,78,144,0,0,70
-5,4,4,3,20,2475,UA,LAX,46,83,200,0,0,26,78,144,0,0,70
11,4,4,3,21,2475,DL,LAX,46,83,200,0,0,26,78,144,0,0,70
0,4,4,3,19,2475,DL,LAX,46,83,200,0,0,26,78,144,0,0,70
-2,4,4,3,8,2475,UA,LAX,46,83,200,0,0,26,78,144,0,0,70
23,4,4,3,20,2475,B6,LAX,46,83,200,0,0,26,78,144,0,0,70
2,4,4,3,16,2475,B6,LAX,46,83,200,0,0,26,78,144,0,0,70
-5,4,4,3,13,2475,AA,LAX,46,83,200,0,0,26,78,144,0,0,70
3,4,4,3,21,2475,AA,LAX,46,83,200,0,0,26,78,144,0,0,70
4,4,4,3,15,2475,UA,LAX,46,83,200,0,0,26,78,144,0,0,70
0,4,27,5,7,2475,VX,LAX,25,50,133,10,0,42,17,122,3,0,47
7,4,27,5,9,2475,VX,LAX,25,50,133,10,0,42,17,122,3,0,47
0,4,27,5,11,2475,VX,LAX,25,50,133,10,0,42,17,122,3,0,47
-3,4,27,5,13,2475,VX,LAX,25,50,133,10,0,42,17,122,3,0,47
2,4,27,5,16,2475,VX,LAX,25,50,133,10,0,42,17,122,3,0,47
3,4,27,5,20,2475,VX,LAX,25,50,133,10,0,42,17,122,3,0,47
-6,4,27,5,17,2475,UA,LAX,25,50,133,10,0,42,17,122,3,0,47
-1,4,27,5,15,2475,UA,LAX,25,50,133,10,0,42,17,122,3,0,47
-6,4,27,5,8,2475,UA,LAX,25,50,133,10,0,42,17,122,3,0,47
-1,4,27,5,20,2475,UA,LAX,25,50,133,10,0,42,17,122,3,0,47
-1,4,27,5,11,2475,UA,LAX,25,50,133,10,0,42,17,122,3,0,47
-4,4,27,5,6,2475,UA,LAX,25,50,133,10,0,42,17,122,3,0,47
1,4,27,5,9,2475,DL,LAX,25,50,133,10,0,42,17,122,3,0,47
2,4,27,5,12,2475,DL,LAX,25,50,133,10,0,42,17,122,3,0,47
5,4,27,5,7,2475,DL,LAX,25,50,133,10,0,42,17,122,3,0,47
-5,4,27,5,15,2475,DL,LAX,25,50,133,10,0,42,17,122,3,0,47
-4,4,27,5,19,2475,AA,LAX,25,50,133,10,0,42,17,122,3,0,47
15,4,27,5,19,2475,DL,LAX,25,50,133,10,0,42,17,122,3,0,47
-5,4,27,5,21,2475,DL,LAX,25,50,133,10,0,42,17,122,3,0,47
25,4,27,5,16,2475,AA,LAX,25,50,133,10,0,42,17,122,3,0,47
-7,4,27,5,7,2475,AA,LAX,25,50,133,10,0,42,17,122,3,0,47
1,4,27,5,13,2475,AA,LAX,25,50,133,10,0,42,17,122,3,0,47
-3,4,27,5,10,2475,AA,LAX,25,50,133,10,0,42,17,122,3,0,47
-2,4,27,5,20,2475,B6,LAX,25,50,133,10,0,42,17,122,3,0,47
0,4,27,5,16,2475,B6,LAX,25,50,133,10,0,42,17,122,3,0,47
-4,4,27,5,17,2475,DL,LAX,25,50,133,10,0,42,17,122,3,0,47
-6,4,27,5,9,2475,B6,LAX,25,50,133,10,0,42,17,122,3,0,47
6,4,27,5,7,2475,B6,LAX,25,50,133,10,0,42,17,122,3,0,47
663,4,27,5,21,2475,AA,LAX,25,50,133,10,0,42,17,122,3,0,47
-4,4,27,5,6,2475,AA,LAX,25,50,133,10,0,42,17,122,3,0,47
0,4,27,5,9,2475,AA,LAX,25,50,133,10,0,42,17,122,3,0,47
-4,4,27,5,12,2475,AA,LAX,25,50,133,10,0,42,17,122,3,0,47
-5,4,27,5,15,2475,AA,LAX,25,50,133,10,0,42,17,122,3,0,47
0,5,5,6,9,2475,VX,LAX,17,133,172,0,0,14,111,156,0,0,37
-8,5,5,6,11,2475,UA,LAX,17,133,172,0,0,14,111,156,0,0,37
-12,5,5,6,7,2475,VX,LAX,17,133,172,0,0,14,111,156,0,0,37
-6,5,5,6,17,2475,UA,LAX,17,133,172,0,0,14,111,156,0,0,37
26,5,5,6,8,2475,UA,LAX,17,133,172,0,0,14,111,156,0,0,37
0,5,5,6,6,2475,UA,LAX,17,133,172,0,0,14,111,156,0,0,37
-1,5,5,6,15,2475,UA,LAX,17,133,172,0,0,14,111,156,0,0,37
-12,5,5,6,20,2475,VX,LAX,17,133,172,0,0,14,111,156,0,0,37
-7,5,5,6,16,2475,VX,LAX,17,133,172,0,0,14,111,156,0,0,37
2,5,5,6,13,2475,VX,LAX,17,133,172,0,0,14,111,156,0,0,37
-4,5,5,6,11,2475,VX,LAX,17,133,172,0,0,14,111,156,0,0,37
0,5,5,6,7,2475,AA,LAX,17,133,172,0,0,14,111,156,0,0,37
-4,5,5,6,17,2475,DL,LAX,17,133,172,0,0,14,111,156,0,0,37
52,5,5,6,21,2475,AA,LAX,17,133,172,0,0,14,111,156,0,0,37
70,5,5,6,16,2475,B6,LAX,17,133,172,0,0,14,111,156,0,0,37
-10,5,5,6,20,2475,B6,LAX,17,133,172,0,0,14,111,156,0,0,37
-2,5,5,6,19,2475,DL,LAX,17,133,172,0,0,14,111,156,0,0,37
-4,5,5,6,9,2475,DL,LAX,17,133,172,0,0,14,111,156,0,0,37
-6,5,5,6,12,2475,DL,LAX,17,133,172,0,0,14,111,156,0,0,37
-7,5,5,6,15,2475,AA,LAX,17,133,172,0,0,14,111,156,0,0,37
-6,5,5,6,16,2475,AA,LAX,17,133,172,0,0,14,111,156,0,0,37
3,5,5,6,6,2475,AA,LAX,17,133,172,0,0,14,111,156,0,0,37
-7,5,5,6,13,2475,AA,LAX,17,133,172,0,0,14,111,156,0,0,37
-4,5,5,6,7,2475,B6,LAX,17,133,172,0,0,14,111,156,0,0,37
-6,5,5,6,12,2475,AA,LAX,17,133,172,0,0,14,111,156,0,0,37
-6,5,5,6,15,2475,DL,LAX,17,133,172,0,0,14,111,156,0,0,37
-3,5,5,6,19,2475,AA,LAX,17,133,172,0,0,14,111,156,0,0,37
-6,5,5,6,9,2475,AA,LAX,17,133,172,0,0,14,111,156,0,0,37
-3,5,10,4,9,2475,DL,LAX,12,111,178,48,0,26,78,194,0,0,34
-3,5,10,4,12,2475,DL,LAX,12,111,178,48,0,26,78,194,0,0,34
-3,5,10,4,9,2475,AA,LAX,12,111,178,48,0,26,78,194,0,0,34
2,5,10,4,7,2475,B6,LAX,12,111,178,48,0,26,78,194,0,0,34
-4,5,10,4,10,2475,AA,LAX,12,111,178,48,0,26,78,194,0,0,34
81,5,10,4,19,2475,AA,LAX,12,111,178,48,0,26,78,194,0,0,34
35,5,10,4,16,2475,AA,LAX,12,111,178,48,0,26,78,194,0,0,34
0,5,10,4,15,2475,DL,LAX,12,111,178,48,0,26,78,194,0,0,34
-4,5,10,4,7,2475,DL,LAX,12,111,178,48,0,26,78,194,0,0,34
-3,5,10,4,9,2475,B6,LAX,12,111,178,48,0,26,78,194,0,0,34
42,5,10,4,21,2475,AA,LAX,12,111,178,48,0,26,78,194,0,0,34
0,5,10,4,20,2475,B6,LAX,12,111,178,48,0,26,78,194,0,0,34
0,5,10,4,7,2475,AA,LAX,12,111,178,48,0,26,78,194,0,0,34
20,5,10,4,15,2475,AA,LAX,12,111,178,48,0,26,78,194,0,0,34
-5,5,10,4,17,2475,DL,LAX,12,111,178,48,0,26,78,194,0,0,34
-4,5,10,4,13,2475,AA,LAX,12,111,178,48,0,26,78,194,0,0,34
9,5,10,4,12,2475,AA,LAX,12,111,178,48,0,26,78,194,0,0,34
9,5,10,4,21,2475,DL,LAX,12,111,178,48,0,26,78,194,0,0,34
-2,5,10,4,6,2475,AA,LAX,12,111,178,48,0,26,78,194,0,0,34
-3,5,10,4,19,2475,DL,LAX,12,111,178,48,0,26,78,194,0,0,34
-4,5,10,4,16,2475,B6,LAX,12,111,178,48,0,26,78,194,0,0,34
1,5,10,4,7,2475,VX,LAX,12,111,178,48,0,26,78,194,0,0,34
-5,5,10,4,11,2475,VX,LAX,12,111,178,48,0,26,78,194,0,0,34
-1,5,10,4,13,2475,VX,LAX,12,111,178,48,0,26,78,194,0,0,34
-2,5,10,4,16,2475,VX,LAX,12,111,178,48,0,26,78,194,0,0,34
0,5,10,4,9,2475,VX,LAX,12,111,178,48,0,26,78,194,0,0,34
0,5,10,4,15,2475,UA,LAX,12,111,178,48,0,26,78,194,0,0,34
11,5,10,4,21,2475,UA,LAX,12,111,178,48,0,26,78,194,0,0,34
-3,5,10,4,11,2475,UA,LAX,12,111,178,48,0,26,78,194,0,0,34
0,5,10,4,17,2475,UA,LAX,12,111,178,48,0,26,78,194,0,0,34
-7,5,10,4,8,2475,UA,LAX,12,111,178,48,0,26,78,194,0,0,34
-2,5,10,4,6,2475,UA,LAX,12,111,178,48,0,26,78,194,0,0,34
3,5,10,4,20,2475,VX,LAX,12,111,178,48,0,26,78,194,0,0,34
-5,5,28,1,11,2475,VX,LAX,2,217,317,0,0,12,250,350,0,0,63
-5,5,28,1,16,2475,VX,LAX,2,217,317,0,0,12,250,350,0,0,63
-4,5,28,1,20,2475,VX,LAX,2,217,317,0,0,12,250,350,0,0,63
12,5,28,1,21,2475,UA,LAX,2,217,317,0,0,12,250,350,0,0,63
-3,5,28,1,9,2475,VX,LAX,2,217,317,0,0,12,250,350,0,0,63
-2,5,28,1,7,2475,VX,LAX,2,217,317,0,0,12,250,350,0,0,63
0,5,28,1,13,2475,VX,LAX,2,217,317,0,0,12,250,350,0,0,63
-7,5,28,1,12,2475,AA,LAX,2,217,317,0,0,12,250,350,0,0,63
-2,5,28,1,19,2475,DL,LAX,2,217,317,0,0,12,250,350,0,0,63
-8,5,28,1,6,2475,AA,LAX,2,217,317,0,0,12,250,350,0,0,63
-7,5,28,1,7,2475,AA,LAX,2,217,317,0,0,12,250,350,0,0,63
0,5,28,1,9,2475,DL,LAX,2,217,317,0,0,12,250,350,0,0,63
-6,5,28,1,7,2475,DL,LAX,2,217,317,0,0,12,250,350,0,0,63
-5,5,28,1,12,2475,DL,LAX,2,217,317,0,0,12,250,350,0,0,63
1,5,28,1,15,2475,DL,LAX,2,217,317,0,0,12,250,350,0,0,63
0,5,28,1,21,2475,DL,LAX,2,217,317,0,0,12,250,350,0,0,63
-7,5,28,1,15,2475,AA,LAX,2,217,317,0,0,12,250,350,0,0,63
-5,5,28,1,21,2475,AA,LAX,2,217,317,0,0,12,250,350,0,0,63
-3,5,28,1,15,2475,UA,LAX,2,217,317,0,0,12,250,350,0,0,63
16,5,28,1,8,2475,UA,LAX,2,217,317,0,0,12,250,350,0,0,63
-4,5,28,1,19,2475,AA,LAX,2,217,317,0,0,12,250,350,0,0,63
5,5,28,1,9,2475,AA,LAX,2,217,317,0,0,12,250,350,0,0,63
-8,5,28,1,16,2475,AA,LAX,2,217,317,0,0,12,250,350,0,0,63
78,5,28,1,11,2475,UA,LAX,2,217,317,0,0,12,250,350,0,0,63
1,5,28,1,17,2475,UA,LAX,2,217,317,0,0,12,250,350,0,0,63
0,5,28,1,6,2475,UA,LAX,2,217,317,0,0,12,250,350,0,0,63
-5,5,28,1,10,2475,AA,LAX,2,217,317,0,0,12,250,350,0,0,63
0,5,28,1,17,2475,DL,LAX,2,217,317,0,0,12,250,350,0,0,63
-7,5,28,1,13,2475,AA,LAX,2,217,317,0,0,12,250,350,0,0,63
-5,5,28,1,7,2475,B6,LAX,2,217,317,0,0,12,250,350,0,0,63
-5,5,28,1,16,2475,B6,LAX,2,217,317,0,0,12,250,350,0,0,63
3,5,28,1,20,2475,B6,LAX,2,217,317,0,0,12,250,350,0,0,63
-1,5,28,1,9,2475,B6,LAX,2,217,317,0,0,12,250,350,0,0,63
0,6,6,3,15,2475,DL,LAX,11,122,222,3,0,10,111,244,0,0,29
-5,6,6,3,7,2475,B6,LAX,11,122,222,3,0,10,111,244,0,0,29
-8,6,6,3,22,2475,DL,LAX,11,122,222,3,0,10,111,244,0,0,29
-6,6,6,3,19,2475,AA,LAX,11,122,222,3,0,10,111,244,0,0,29
-2,6,6,3,7,2475,DL,LAX,11,122,222,3,0,10,111,244,0,0,29
23,6,6,3,16,2475,AA,LAX,11,122,222,3,0,10,111,244,0,0,29
-2,6,6,3,21,2475,DL,LAX,11,122,222,3,0,10,111,244,0,0,29
1,6,6,3,19,2475,DL,LAX,11,122,222,3,0,10,111,244,0,0,29
-3,6,6,3,9,2475,AA,LAX,11,122,222,3,0,10,111,244,0,0,29
-8,6,6,3,7,2475,AA,LAX,11,122,222,3,0,10,111,244,0,0,29
-1,6,6,3,9,2475,DL,LAX,11,122,222,3,0,10,111,244,0,0,29
-3,6,6,3,16,2475,B6,LAX,11,122,222,3,0,10,111,244,0,0,29
-10,6,6,3,12,2475,AA,LAX,11,122,222,3,0,10,111,244,0,0,29
2,6,6,3,17,2475,DL,LAX,11,122,222,3,0,10,111,244,0,0,29
-9,6,6,3,10,2475,AA,LAX,11,122,222,3,0,10,111,244,0,0,29
-3,6,6,3,20,2475,B6,LAX,11,122,222,3,0,10,111,244,0,0,29
-5,6,6,3,21,2475,AA,LAX,11,122,222,3,0,10,111,244,0,0,29
-8,6,6,3,13,2475,AA,LAX,11,122,222,3,0,10,111,244,0,0,29
4,6,6,3,9,2475,B6,LAX,11,122,222,3,0,10,111,244,0,0,29
-3,6,6,3,6,2475,AA,LAX,11,122,222,3,0,10,111,244,0,0,29
-2,6,6,3,12,2475,DL,LAX,11,122,222,3,0,10,111,244,0,0,29
-6,6,6,3,15,2475,AA,LAX,11,122,222,3,0,10,111,244,0,0,29
-4,6,6,3,11,2475,UA,LAX,11,122,222,3,0,10,111,244,0,0,29
-5,6,6,3,17,2475,UA,LAX,11,122,222,3,0,10,111,244,0,0,29
-4,6,6,3,8,2475,UA,LAX,11,122,222,3,0,10,111,244,0,0,29
-7,6,6,3,15,2475,UA,LAX,11,122,222,3,0,10,111,244,0,0,29
-6,6,6,3,6,2475,UA,LAX,11,122,222,3,0,10,111,244,0,0,29
0,6,6,3,21,2475,UA,LAX,11,122,222,3,0,10,111,244,0,0,29
1,6,6,3,13,2475,VX,LAX,11,122,222,3,0,10,111,244,0,0,29
10,6,6,3,16,2475,VX,LAX,11,122,222,3,0,10,111,244,0,0,29
-1,6,6,3,20,2475,VX,LAX,11,122,222,3,0,10,111,244,0,0,29
-3,6,6,3,7,2475,VX,LAX,11,122,222,3,0,10,111,244,0,0,29
-4,6,6,3,9,2475,VX,LAX,11,122,222,3,0,10,111,244,0,0,29
-3,6,6,3,11,2475,VX,LAX,11,122,222,3,0,10,111,244,0,0,29
-1,6,11,1,16,2475,VX,LAX,16,178,250,0,0,24,211,322,0,0,50
-4,6,11,1,9,2475,VX,LAX,16,178,250,0,0,24,211,322,0,0,50
-2,6,11,1,20,2475,VX,LAX,16,178,250,0,0,24,211,322,0,0,50
-1,6,11,1,11,2475,VX,LAX,16,178,250,0,0,24,211,322,0,0,50
-2,6,11,1,13,2475,VX,LAX,16,178,250,0,0,24,211,322,0,0,50
0,6,11,1,7,2475,VX,LAX,16,178,250,0,0,24,211,322,0,0,50
-7,6,11,1,6,2475,UA,LAX,16,178,250,0,0,24,211,322,0,0,50
14,6,11,1,17,2475,UA,LAX,16,178,250,0,0,24,211,322,0,0,50
1,6,11,1,11,2475,UA,LAX,16,178,250,0,0,24,211,322,0,0,50
-3,6,11,1,21,2475,UA,LAX,16,178,250,0,0,24,211,322,0,0,50
45,6,11,1,15,2475,UA,LAX,16,178,250,0,0,24,211,322,0,0,50
1,6,11,1,8,2475,UA,LAX,16,178,250,0,0,24,211,322,0,0,50
6,6,11,1,19,2475,DL,LAX,16,178,250,0,0,24,211,322,0,0,50
-3,6,11,1,17,2475,DL,LAX,16,178,250,0,0,24,211,322,0,0,50
-3,6,11,1,7,2475,DL,LAX,16,178,250,0,0,24,211,322,0,0,50
-1,6,11,1,13,2475,DL,LAX,16,178,250,0,0,24,211,322,0,0,50
-5,6,11,1,13,2475,AA,LAX,16,178,250,0,0,24,211,322,0,0,50
-6,6,11,1,9,2475,AA,LAX,16,178,250,0,0,24,211,322,0,0,50
19,6,11,1,6,2475,AA,LAX,16,178,250,0,0,24,211,322,0,0,50
-5,6,11,1,12,2475,AA,LAX,16,178,250,0,0,24,211,322,0,0,50
-7,6,11,1,21,2475,AA,LAX,16,178,250,0,0,24,211,322,0,0,50
-8,6,11,1,10,2475,AA,LAX,16,178,250,0,0,24,211,322,0,0,50
3,6,11,1,19,2475,AA,LAX,16,178,250,0,0,24,211,322,0,0,50
-4,6,11,1,16,2475,AA,LAX,16,178,250,0,0,24,211,322,0,0,50
0,6,11,1,21,2475,DL,LAX,16,178,250,0,0,24,211,322,0,0,50
-3,6,11,1,7,2475,B6,LAX,16,178,250,0,0,24,211,322,0,0,50
-5,6,11,1,16,2475,B6,LAX,16,178,250,0,0,24,211,322,0,0,50
-5,6,11,1,7,2475,AA,LAX,16,178,250,0,0,24,211,322,0,0,50
-3,6,11,1,11,2475,DL,LAX,16,178,250,0,0,24,211,322,0,0,50
-4,6,11,1,15,2475,AA,LAX,16,178,250,0,0,24,211,322,0,0,50
5,6,11,1,20,2475,B6,LAX,16,178,250,0,0,24,211,322,0,0,50
1,6,11,1,9,2475,B6,LAX,16,178,250,0,0,24,211,322,0,0,50
15,6,11,1,15,2475,DL,LAX,16,178,250,0,0,24,211,322,0,0,50
-2,6,11,1,9,2475,DL,LAX,16,178,250,0,0,24,211,322,0,0,50
16,6,29,5,15,2475,UA,LAX,5,200,339,53,0,17,206,311,107,0,31
23,6,29,5,6,2475,UA,LAX,5,200,339,53,0,17,206,311,107,0,31
-3,6,29,5,11,2475,UA,LAX,5,200,339,53,0,17,206,311,107,0,31
-1,6,29,5,17,2475,UA,LAX,5,200,339,53,0,17,206,311,107,0,31
8,6,29,5,8,2475,UA,LAX,5,200,339,53,0,17,206,311,107,0,31
98,6,29,5,21,2475,UA,LAX,5,200,339,53,0,17,206,311,107,0,31
16,6,29,5,7,2475,B6,LAX,5,200,339,53,0,17,206,311,107,0,31
94,6,29,5,22,2475,B6,LAX,5,200,339,53,0,17,206,311,107,0,31
-6,6,29,5,17,2475,AA,LAX,5,200,339,53,0,17,206,311,107,0,31
-2,6,29,5,13,2475,AA,LAX,5,200,339,53,0,17,206,311,107,0,31
54,6,29,5,12,2475,AA,LAX,5,200,339,53,0,17,206,311,107,0,31
-6,6,29,5,13,2475,DL,LAX,5,200,339,53,0,17,206,311,107,0,31
72,6,29,5,17,2475,DL,LAX,5,200,339,53,0,17,206,311,107,0,31
-2,6,29,5,19,2475,DL,LAX,5,200,339,53,0,17,206,311,107,0,31
-6,6,29,5,9,2475,DL,LAX,5,200,339,53,0,17,206,311,107,0,31
-1,6,29,5,8,2475,AA,LAX,5,200,339,53,0,17,206,311,107,0,31
11,6,29,5,15,2475,DL,LAX,5,200,339,53,0,17,206,311,107,0,31
-3,6,29,5,20,2475,AA,LAX,5,200,339,53,0,17,206,311,107,0,31
47,6,29,5,7,2475,DL,LAX,5,200,339,53,0,17,206,311,107,0,31
-8,6,29,5,9,2475,AA,LAX,5,200,339,53,0,17,206,311,107,0,31
-1,6,29,5,15,2475,AA,LAX,5,200,339,53,0,17,206,311,107,0,31
-2,6,29,5,19,2475,AA,LAX,5,200,339,53,0,17,206,311,107,0,31
-7,6,29,5,10,2475,AA,LAX,5,200,339,53,0,17,206,311,107,0,31
22,6,29,5,9,2475,B6,LAX,5,200,339,53,0,17,206,311,107,0,31
1,6,29,5,21,2475,B6,LAX,5,200,339,53,0,17,206,311,107,0,31
-3,6,29,5,16,2475,B6,LAX,5,200,339,53,0,17,206,311,107,0,31
31,6,29,5,21,2475,DL,LAX,5,200,339,53,0,17,206,311,107,0,31
-1,6,29,5,12,2475,B6,LAX,5,200,339,53,0,17,206,311,107,0,31
-2,6,29,5,11,2475,DL,LAX,5,200,339,53,0,17,206,311,107,0,31
-1,6,29,5,16,2475,VX,LAX,5,200,339,53,0,17,206,311,107,0,31
2,6,29,5,13,2475,VX,LAX,5,200,339,53,0,17,206,311,107,0,31
5,6,29,5,11,2475,VX,LAX,5,200,339,53,0,17,206,311,107,0,31
21,6,29,5,7,2475,VX,LAX,5,200,339,53,0,17,206,311,107,0,31
11,6,29,5,20,2475,VX,LAX,5,200,339,53,0,17,206,311,107,0,31
-4,6,29,5,9,2475,VX,LAX,5,200,339,53,0,17,206,311,107,0,31
-7,7,7,6,15,2475,AA,LAX,3,222,361,127,0,18,228,367,0,0,53
-1,7,7,6,17,2475,AA,LAX,3,222,361,127,0,18,228,367,0,0,53
-8,7,7,6,12,2475,AA,LAX,3,222,361,127,0,18,228,367,0,0,53
-2,7,7,6,6,2475,AA,LAX,3,222,361,127,0,18,228,367,0,0,53
-5,7,7,6,10,2475,AA,LAX,3,222,361,127,0,18,228,367,0,0,53
-1,7,7,6,19,2475,AA,LAX,3,222,361,127,0,18,228,367,0,0,53
159,7,7,6,20,2475,AA,LAX,3,222,361,127,0,18,228,367,0,0,53
1,7,7,6,13,2475,AA,LAX,3,222,361,127,0,18,228,367,0,0,53
12,7,7,6,9,2475,AA,LAX,3,222,361,127,0,18,228,367,0,0,53
-1,7,7,6,15,2475,UA,LAX,3,222,361,127,0,18,228,367,0,0,53
-4,7,7,6,6,2475,UA,LAX,3,222,361,127,0,18,228,367,0,0,53
-4,7,7,6,11,2475,UA,LAX,3,222,361,127,0,18,228,367,0,0,53
0,7,7,6,17,2475,UA,LAX,3,222,361,127,0,18,228,367,0,0,53
-4,7,7,6,20,2475,VX,LAX,3,222,361,127,0,18,228,367,0,0,53
-5,7,7,6,16,2475,VX,LAX,3,222,361,127,0,18,228,367,0,0,53
-3,7,7,6,13,2475,VX,LAX,3,222,361,127,0,18,228,367,0,0,53
-10,7,7,6,11,2475,VX,LAX,3,222,361,127,0,18,228,367,0,0,53
9,7,7,6,9,2475,VX,LAX,3,222,361,127,0,18,228,367,0,0,53
-4,7,7,6,7,2475,VX,LAX,3,222,361,127,0,18,228,367,0,0,53
-5,7,7,6,8,2475,UA,LAX,3,222,361,127,0,18,228,367,0,0,53
-6,7,7,6,11,2475,DL,LAX,3,222,361,127,0,18,228,367,0,0,53
11,7,7,6,9,2475,B6,LAX,3,222,361,127,0,18,228,367,0,0,53
5,7,7,6,21,2475,B6,LAX,3,222,361,127,0,18,228,367,0,0,53
-6,7,7,6,16,2475,B6,LAX,3,222,361,127,0,18,228,367,0,0,53
-7,7,7,6,7,2475,B6,LAX,3,222,361,127,0,18,228,367,0,0,53
-2,7,7,6,22,2475,B6,LAX,3,222,361,127,0,18,228,367,0,0,53
-1,7,7,6,15,2475,DL,LAX,3,222,361,127,0,18,228,367,0,0,53
-5,7,7,6,9,2475,DL,LAX,3,222,361,127,0,18,228,367,0,0,53
-1,7,7,6,19,2475,DL,LAX,3,222,361,127,0,18,228,367,0,0,53
34,7,7,6,17,2475,DL,LAX,3,222,361,127,0,18,228,367,0,0,53
-4,7,7,6,13,2475,DL,LAX,3,222,361,127,0,18,228,367,0,0,53
-8,7,12,4,15,2475,UA,LAX,8,211,317,0,0,12,189,328,0,0,36
-8,7,12,4,6,2475,UA,LAX,8,211,317,0,0,12,189,328,0,0,36
-1,7,12,4,7,2475,DL,LAX,8,211,317,0,0,12,189,328,0,0,36
-1,7,12,4,15,2475,DL,LAX,8,211,317,0,0,12,189,328,0,0,36
2,7,12,4,9,2475,DL,LAX,8,211,317,0,0,12,189,328,0,0,36
-5,7,12,4,13,2475,DL,LAX,8,211,317,0,0,12,189,328,0,0,36
-1,7,12,4,19,2475,DL,LAX,8,211,317,0,0,12,189,328,0,0,36
3,7,12,4,17,2475,DL,LAX,8,211,317,0,0,12,189,328,0,0,36
-11,7,12,4,7,2475,VX,LAX,8,211,317,0,0,12,189,328,0,0,36
-4,7,12,4,11,2475,UA,LAX,8,211,317,0,0,12,189,328,0,0,36
9,7,12,4,21,2475,UA,LAX,8,211,317,0,0,12,189,328,0,0,36
1,7,12,4,17,2475,UA,LAX,8,211,317,0,0,12,189,328,0,0,36
7,7,12,4,8,2475,UA,LAX,8,211,317,0,0,12,189,328,0,0,36
-3,7,12,4,11,2475,DL,LAX,8,211,317,0,0,12,189,328,0,0,36
-1,7,12,4,9,2475,VX,LAX,8,211,317,0,0,12,189,328,0,0,36
-2,7,12,4,11,2475,VX,LAX,8,211,317,0,0,12,189,328,0,0,36
30,7,12,4,13,2475,VX,LAX,8,211,317,0,0,12,189,328,0,0,36
-2,7,12,4,16,2475,VX,LAX,8,211,317,0,0,12,189,328,0,0,36
1,7,12,4,20,2475,VX,LAX,8,211,317,0,0,12,189,328,0,0,36
33,7,12,4,21,2475,DL,LAX,8,211,317,0,0,12,189,328,0,0,36
-9,7,12,4,12,2475,AA,LAX,8,211,317,0,0,12,189,328,0,0,36
-6,7,12,4,22,2475,B6,LAX,8,211,317,0,0,12,189,328,0,0,36
-1,7,12,4,7,2475,B6,LAX,8,211,317,0,0,12,189,328,0,0,36
-2,7,12,4,12,2475,B6,LAX,8,211,317,0,0,12,189,328,0,0,36
-5,7,12,4,9,2475,B6,LAX,8,211,317,0,0,12,189,328,0,0,36
33,7,12,4,21,2475,B6,LAX,8,211,317,0,0,12,189,328,0,0,36
-7,7,12,4,16,2475,B6,LAX,8,211,317,0,0,12,189,328,0,0,36
-2,7,12,4,6,2475,AA,LAX,8,211,317,0,0,12,189,328,0,0,36
-9,7,12,4,9,2475,AA,LAX,8,211,317,0,0,12,189,328,0,0,36
-6,7,12,4,10,2475,AA,LAX,8,211,317,0,0,12,189,328,0,0,36
199,7,12,4,19,2475,AA,LAX,8,211,317,0,0,12,189,328,0,0,36
11,7,12,4,20,2475,AA,LAX,8,211,317,0,0,12,189,328,0,0,36
1,7,12,4,13,2475,AA,LAX,8,211,317,0,0,12,189,328,0,0,36
2,7,12,4,15,2475,AA,LAX,8,211,317,0,0,12,189,328,0,0,36
-3,7,12,4,17,2475,AA,LAX,8,211,317,0,0,12,189,328,0,0,36
7,8,8,3,16,2475,VX,LAX,24,228,300,0,0,5,222,289,0,0,38
-4,8,8,3,11,2475,UA,LAX,24,228,300,0,0,5,222,289,0,0,38
0,8,8,3,8,2475,UA,LAX,24,228,300,0,0,5,222,289,0,0,38
-6,8,8,3,15,2475,UA,LAX,24,228,300,0,0,5,222,289,0,0,38
-2,8,8,3,6,2475,UA,LAX,24,228,300,0,0,5,222,289,0,0,38
3,8,8,3,17,2475,UA,LAX,24,228,300,0,0,5,222,289,0,0,38
9,8,8,3,20,2475,VX,LAX,24,228,300,0,0,5,222,289,0,0,38
-4,8,8,3,21,2475,UA,LAX,24,228,300,0,0,5,222,289,0,0,38
-4,8,8,3,7,2475,VX,LAX,24,228,300,0,0,5,222,289,0,0,38
10,8,8,3,9,2475,VX,LAX,24,228,300,0,0,5,222,289,0,0,38
-6,8,8,3,11,2475,VX,LAX,24,228,300,0,0,5,222,289,0,0,38
-4,8,8,3,13,2475,VX,LAX,24,228,300,0,0,5,222,289,0,0,38
-6,8,8,3,9,2475,DL,LAX,24,228,300,0,0,5,222,289,0,0,38
-5,8,8,3,15,2475,DL,LAX,24,228,300,0,0,5,222,289,0,0,38
0,8,8,3,10,2475,AA,LAX,24,228,300,0,0,5,222,289,0,0,38
-4,8,8,3,11,2475,DL,LAX,24,228,300,0,0,5,222,289,0,0,38
0,8,8,3,7,2475,DL,LAX,24,228,300,0,0,5,222,289,0,0,38
-3,8,8,3,13,2475,DL,LAX,24,228,300,0,0,5,222,289,0,0,38
0,8,8,3,9,2475,B6,LAX,24,228,300,0,0,5,222,289,0,0,38
-3,8,8,3,21,2475,B6,LAX,24,228,300,0,0,5,222,289,0,0,38
-8,8,8,3,12,2475,B6,LAX,24,228,300,0,0,5,222,289,0,0,38
2,8,8,3,12,2475,AA,LAX,24,228,300,0,0,5,222,289,0,0,38
-4,8,8,3,9,2475,AA,LAX,24,228,300,0,0,5,222,289,0,0,38
-6,8,8,3,13,2475,AA,LAX,24,228,300,0,0,5,222,289,0,0,38
-6,8,8,3,7,2475,B6,LAX,24,228,300,0,0,5,222,289,0,0,38
1,8,8,3,16,2475,B6,LAX,24,228,300,0,0,5,222,289,0,0,38
-4,8,8,3,15,2475,AA,LAX,24,228,300,0,0,5,222,289,0,0,38
-4,8,8,3,6,2475,AA,LAX,24,228,300,0,0,5,222,289,0,0,38
-3,8,8,3,17,2475,AA,LAX,24,228,300,0,0,5,222,289,0,0,38
54,8,8,3,17,2475,DL,LAX,24,228,300,0,0,5,222,289,0,0,38
30,8,8,3,19,2475,DL,LAX,24,228,300,0,0,5,222,289,0,0,38
2,8,8,3,20,2475,AA,LAX,24,228,300,0,0,5,222,289,0,0,38
-4,8,8,3,22,2475,B6,LAX,24,228,300,0,0,5,222,289,0,0,38
53,8,8,3,21,2475,DL,LAX,24,228,300,0,0,5,222,289,0,0,38
-4,8,8,3,19,2475,AA,LAX,24,228,300,0,0,5,222,289,0,0,38
-1,8,13,1,13,2475,AA,LAX,19,206,300,0,0,19,156,206,102,0,15
-4,8,13,1,15,2475,AA,LAX,19,206,300,0,0,19,156,206,102,0,15
-8,8,13,1,10,2475,AA,LAX,19,206,300,0,0,19,156,206,102,0,15
-3,8,13,1,20,2475,AA,LAX,19,206,300,0,0,19,156,206,102,0,15
21,8,13,1,15,2475,DL,LAX,19,206,300,0,0,19,156,206,102,0,15
-3,8,13,1,7,2475,B6,LAX,19,206,300,0,0,19,156,206,102,0,15
-5,8,13,1,12,2475,B6,LAX,19,206,300,0,0,19,156,206,102,0,15
-6,8,13,1,13,2475,DL,LAX,19,206,300,0,0,19,156,206,102,0,15
-3,8,13,1,7,2475,DL,LAX,19,206,300,0,0,19,156,206,102,0,15
-9,8,13,1,12,2475,AA,LAX,19,206,300,0,0,19,156,206,102,0,15
-4,8,13,1,6,2475,AA,LAX,19,206,300,0,0,19,156,206,102,0,15
1,8,13,1,17,2475,DL,LAX,19,206,300,0,0,19,156,206,102,0,15
-3,8,13,1,11,2475,DL,LAX,19,206,300,0,0,19,156,206,102,0,15
-4,8,13,1,19,2475,DL,LAX,19,206,300,0,0,19,156,206,102,0,15
-4,8,13,1,9,2475,DL,LAX,19,206,300,0,0,19,156,206,102,0,15
1,8,13,1,21,2475,DL,LAX,19,206,300,0,0,19,156,206,102,0,15
-6,8,13,1,16,2475,B6,LAX,19,206,300,0,0,19,156,206,102,0,15
-2,8,13,1,19,2475,AA,LAX,19,206,300,0,0,19,156,206,102,0,15
-7,8,13,1,9,2475,AA,LAX,19,206,300,0,0,19,156,206,102,0,15
3,8,13,1,21,2475,B6,LAX,19,206,300,0,0,19,156,206,102,0,15
0,8,13,1,22,2475,B6,LAX,19,206,300,0,0,19,156,206,102,0,15
-4,8,13,1,9,2475,B6,LAX,19,206,300,0,0,19,156,206,102,0,15
-5,8,13,1,17,2475,AA,LAX,19,206,300,0,0,19,156,206,102,0,15
-5,8,13,1,21,2475,UA,LAX,19,206,300,0,0,19,156,206,102,0,15
-6,8,13,1,11,2475,UA,LAX,19,206,300,0,0,19,156,206,102,0,15
1,8,13,1,8,2475,UA,LAX,19,206,300,0,0,19,156,206,102,0,15
0,8,13,1,17,2475,UA,LAX,19,206,300,0,0,19,156,206,102,0,15
6,8,13,1,7,2475,VX,LAX,19,206,300,0,0,19,156,206,102,0,15
32,8,13,1,9,2475,VX,LAX,19,206,300,0,0,19,156,206,102,0,15
-2,8,13,1,6,2475,UA,LAX,19,206,300,0,0,19,156,206,102,0,15
7,8,13,1,15,2475,UA,LAX,19,206,300,0,0,19,156,206,102,0,15
-2,8,13,1,11,2475,VX,LAX,19,206,300,0,0,19,156,206,102,0,15
7,8,13,1,13,2475,VX,LAX,19,206,300,0,0,19,156,206,102,0,15
32,8,13,1,16,2475,VX,LAX,19,206,300,0,0,19,156,206,102,0,15
-7,8,13,1,20,2475,VX,LAX,19,206,300,0,0,19,156,206,102,0,15
-9,9,9,7,12,2475,AA,LAX,8,172,256,0,0,14,128,222,0,0,42
-1,9,9,7,19,2475,AA,LAX,8,172,256,0,0,14,128,222,0,0,42
-4,9,9,7,6,2475,AA,LAX,8,172,256,0,0,14,128,222,0,0,42
1,9,9,7,10,2475,AA,LAX,8,172,256,0,0,14,128,222,0,0,42
0,9,9,7,9,2475,AA,LAX,8,172,256,0,0,14,128,222,0,0,42
-6,9,9,7,13,2475,AA,LAX,8,172,256,0,0,14,128,222,0,0,42
-5,9,9,7,15,2475,AA,LAX,8,172,256,0,0,14,128,222,0,0,42
0,9,9,7,20,2475,AA,LAX,8,172,256,0,0,14,128,222,0,0,42
-4,9,9,7,16,2475,AA,LAX,8,172,256,0,0,14,128,222,0,0,42
-2,9,9,7,13,2475,VX,LAX,8,172,256,0,0,14,128,222,0,0,42
0,9,9,7,11,2475,VX,LAX,8,172,256,0,0,14,128,222,0,0,42
24,9,9,7,9,2475,VX,LAX,8,172,256,0,0,14,128,222,0,0,42
2,9,9,7,7,2475,VX,LAX,8,172,256,0,0,14,128,222,0,0,42
16,9,9,7,20,2475,VX,LAX,8,172,256,0,0,14,128,222,0,0,42
6,9,9,7,16,2475,VX,LAX,8,172,256,0,0,14,128,222,0,0,42
6,9,9,7,17,2475,UA,LAX,8,172,256,0,0,14,128,222,0,0,42
-1,9,9,7,8,2475,UA,LAX,8,172,256,0,0,14,128,222,0,0,42
17,9,9,7,15,2475,UA,LAX,8,172,256,0,0,14,128,222,0,0,42
9,9,9,7,21,2475,UA,LAX,8,172,256,0,0,14,128,222,0,0,42
18,9,9,7,11,2475,UA,LAX,8,172,256,0,0,14,128,222,0,0,42
-3,9,9,7,21,2475,DL,LAX,8,172,256,0,0,14,128,222,0,0,42
-4,9,9,7,11,2475,DL,LAX,8,172,256,0,0,14,128,222,0,0,42
0,9,9,7,17,2475,DL,LAX,8,172,256,0,0,14,128,222,0,0,42
-5,9,9,7,13,2475,DL,LAX,8,172,256,0,0,14,128,222,0,0,42
-7,9,9,7,7,2475,DL,LAX,8,172,256,0,0,14,128,222,0,0,42
-3,9,9,7,15,2475,DL,LAX,8,172,256,0,0,14,128,222,0,0,42
-8,9,9,7,9,2475,DL,LAX,8,172,256,0,0,14,128,222,0,0,42
1,9,9,7,19,2475,DL,LAX,8,172,256,0,0,14,128,222,0,0,42
13,9,9,7,9,2475,B6,LAX,8,172,256,0,0,14,128,222,0,0,42
15,9,9,7,16,2475,B6,LAX,8,172,256,0,0,14,128,222,0,0,42
-3,9,9,7,12,2475,B6,LAX,8,172,256,0,0,14,128,222,0,0,42
-1,9,9,7,7,2475,B6,LAX,8,172,256,0,0,14,128,222,0,0,42
33,9,9,7,20,2475,B6,LAX,8,172,256,0,0,14,128,222,0,0,42
2,9,14,5,20,2475,B6,LAX,13,178,267,0,0,17,106,244,0,0,34
-2,9,14,5,12,2475,B6,LAX,13,178,267,0,0,17,106,244,0,0,34
9,9,14,5,16,2475,B6,LAX,13,178,267,0,0,17,106,244,0,0,34
-2,9,14,5,9,2475,B6,LAX,13,178,267,0,0,17,106,244,0,0,34
63,9,14,5,21,2475,DL,LAX,13,178,267,0,0,17,106,244,0,0,34
-2,9,14,5,17,2475,DL,LAX,13,178,267,0,0,17,106,244,0,0,34
-1,9,14,5,19,2475,DL,LAX,13,178,267,0,0,17,106,244,0,0,34
-7,9,14,5,9,2475,DL,LAX,13,178,267,0,0,17,106,244,0,0,34
4,9,14,5,15,2475,DL,LAX,13,178,267,0,0,17,106,244,0,0,34
-1,9,14,5,7,2475,DL,LAX,13,178,267,0,0,17,106,244,0,0,34
-3,9,14,5,11,2475,DL,LAX,13,178,267,0,0,17,106,244,0,0,34
-3,9,14,5,13,2475,DL,LAX,13,178,267,0,0,17,106,244,0,0,34
0,9,14,5,7,2475,B6,LAX,13,178,267,0,0,17,106,244,0,0,34
-1,9,14,5,6,2475,UA,LAX,13,178,267,0,0,17,106,244,0,0,34
20,9,14,5,21,2475,UA,LAX,13,178,267,0,0,17,106,244,0,0,34
0,9,14,5,11,2475,UA,LAX,13,178,267,0,0,17,106,244,0,0,34
-5,9,14,5,17,2475,UA,LAX,13,178,267,0,0,17,106,244,0,0,34
-1,9,14,5,8,2475,UA,LAX,13,178,267,0,0,17,106,244,0,0,34
16,9,14,5,15,2475,UA,LAX,13,178,267,0,0,17,106,244,0,0,34
19,9,14,5,20,2475,VX,LAX,13,178,267,0,0,17,106,244,0,0,34
-1,9,14,5,16,2475,VX,LAX,13,178,267,0,0,17,106,244,0,0,34
-2,9,14,5,13,2475,VX,LAX,13,178,267,0,0,17,106,244,0,0,34
-4,9,14,5,11,2475,VX,LAX,13,178,267,0,0,17,106,244,0,0,34
-1,9,14,5,9,2475,VX,LAX,13,178,267,0,0,17,106,244,0,0,34
-7,9,14,5,7,2475,VX,LAX,13,178,267,0,0,17,106,244,0,0,34
-3,9,14,5,16,2475,AA,LAX,13,178,267,0,0,17,106,244,0,0,34
-3,9,14,5,12,2475,AA,LAX,13,178,267,0,0,17,106,244,0,0,34
-5,9,14,5,9,2475,AA,LAX,13,178,267,0,0,17,106,244,0,0,34
50,9,14,5,10,2475,AA,LAX,13,178,267,0,0,17,106,244,0,0,34
2,9,14,5,6,2475,AA,LAX,13,178,267,0,0,17,106,244,0,0,34
20,9,14,5,20,2475,AA,LAX,13,178,267,0,0,17,106,244,0,0,34
7,9,14,5,19,2475,AA,LAX,13,178,267,0,0,17,106,244,0,0,34
10,9,14,5,15,2475,AA,LAX,13,178,267,0,0,17,106,244,0,0,34
-8,9,14,5,13,2475,AA,LAX,13,178,267,0,0,17,106,244,0,0,34
-9,10,5,5,13,2475,AA,LAX,8,161,256,0,0,15,39,100,0,0,40
1,10,5,5,21,2475,DL,LAX,8,161,256,0,0,15,39,100,0,0,40
-6,10,5,5,12,2475,B6,LAX,8,161,256,0,0,15,39,100,0,0,40
-6,10,5,5,12,2475,AA,LAX,8,161,256,0,0,15,39,100,0,0,40
2,10,5,5,20,2475,B6,LAX,8,161,256,0,0,15,39,100,0,0,40
-2,10,5,5,6,2475,AA,LAX,8,161,256,0,0,15,39,100,0,0,40
-7,10,5,5,7,2475,B6,LAX,8,161,256,0,0,15,39,100,0,0,40
4,10,5,5,19,2475,AA,LAX,8,161,256,0,0,15,39,100,0,0,40
-5,10,5,5,13,2475,DL,LAX,8,161,256,0,0,15,39,100,0,0,40
-6,10,5,5,15,2475,DL,LAX,8,161,256,0,0,15,39,100,0,0,40
2,10,5,5,9,2475,B6,LAX,8,161,256,0,0,15,39,100,0,0,40
0,10,5,5,15,2475,AA,LAX,8,161,256,0,0,15,39,100,0,0,40
-1,10,5,5,10,2475,AA,LAX,8,161,256,0,0,15,39,100,0,0,40
-11,10,5,5,11,2475,DL,LAX,8,161,256,0,0,15,39,100,0,0,40
-6,10,5,5,7,2475,DL,LAX,8,161,256,0,0,15,39,100,0,0,40
-5,10,5,5,16,2475,B6,LAX,8,161,256,0,0,15,39,100,0,0,40
6,10,5,5,17,2475,DL,LAX,8,161,256,0,0,15,39,100,0,0,40
0,10,5,5,17,2475,AA,LAX,8,161,256,0,0,15,39,100,0,0,40
0,10,5,5,19,2475,DL,LAX,8,161,256,0,0,15,39,100,0,0,40
-7,10,5,5,9,2475,DL,LAX,8,161,256,0,0,15,39,100,0,0,40
-7,10,5,5,9,2475,AA,LAX,8,161,256,0,0,15,39,100,0,0,40
3,10,5,5,20,2475,AA,LAX,8,161,256,0,0,15,39,100,0,0,40
3,10,5,5,7,2475,VX,LAX,8,161,256,0,0,15,39,100,0,0,40
0,10,5,5,17,2475,UA,LAX,8,161,256,0,0,15,39,100,0,0,40
12,10,5,5,15,2475,UA,LAX,8,161,256,0,0,15,39,100,0,0,40
-16,10,5,5,8,2475,UA,LAX,8,161,256,0,0,15,39,100,0,0,40
-4,10,5,5,9,2475,VX,LAX,8,161,256,0,0,15,39,100,0,0,40
9,10,5,5,11,2475,VX,LAX,8,161,256,0,0,15,39,100,0,0,40
5,10,5,5,13,2475,VX,LAX,8,161,256,0,0,15,39,100,0,0,40
4,10,5,5,16,2475,VX,LAX,8,161,256,0,0,15,39,100,0,0,40
4,10,5,5,20,2475,VX,LAX,8,161,256,0,0,15,39,100,0,0,40
4,10,5,5,6,2475,UA,LAX,8,161,256,0,0,15,39,100,0,0,40
6,10,5,5,21,2475,UA,LAX,8,161,256,0,0,15,39,100,0,0,40
-6,10,5,5,11,2475,UA,LAX,8,161,256,0,0,15,39,100,0,0,40
-1,10,10,3,6,2475,UA,LAX,3,117,189,64,0,26,17,106,0,0,57
2,10,10,3,20,2475,VX,LAX,3,117,189,64,0,26,17,106,0,0,57
-1,10,10,3,16,2475,VX,LAX,3,117,189,64,0,26,17,106,0,0,57
51,10,10,3,13,2475,VX,LAX,3,117,189,64,0,26,17,106,0,0,57
0,10,10,3,11,2475,VX,LAX,3,117,189,64,0,26,17,106,0,0,57
16,10,10,3,9,2475,VX,LAX,3,117,189,64,0,26,17,106,0,0,57
-7,10,10,3,8,2475,UA,LAX,3,117,189,64,0,26,17,106,0,0,57
13,10,10,3,15,2475,UA,LAX,3,117,189,64,0,26,17,106,0,0,57
-6,10,10,3,21,2475,UA,LAX,3,117,189,64,0,26,17,106,0,0,57
-5,10,10,3,11,2475,UA,LAX,3,117,189,64,0,26,17,106,0,0,57
-10,10,10,3,17,2475,UA,LAX,3,117,189,64,0,26,17,106,0,0,57
-6,10,10,3,11,2475,DL,LAX,3,117,189,64,0,26,17,106,0,0,57
-4,10,10,3,10,2475,AA,LAX,3,117,189,64,0,26,17,106,0,0,57
-4,10,10,3,21,2475,DL,LAX,3,117,189,64,0,26,17,106,0,0,57
0,10,10,3,6,2475,AA,LAX,3,117,189,64,0,26,17,106,0,0,57
-6,10,10,3,20,2475,B6,LAX,3,117,189,64,0,26,17,106,0,0,57
0,10,10,3,7,2475,B6,LAX,3,117,189,64,0,26,17,106,0,0,57
-9,10,10,3,12,2475,B6,LAX,3,117,189,64,0,26,17,106,0,0,57
-4,10,10,3,16,2475,B6,LAX,3,117,189,64,0,26,17,106,0,0,57
-1,10,10,3,9,2475,B6,LAX,3,117,189,64,0,26,17,106,0,0,57
-4,10,10,3,20,2475,AA,LAX,3,117,189,64,0,26,17,106,0,0,57
-5,10,10,3,17,2475,AA,LAX,3,117,189,64,0,26,17,106,0,0,57
-5,10,10,3,15,2475,DL,LAX,3,117,189,64,0,26,17,106,0,0,57
18,10,10,3,15,2475,AA,LAX,3,117,189,64,0,26,17,106,0,0,57
-6,10,10,3,9,2475,AA,LAX,3,117,189,64,0,26,17,106,0,0,57
1,10,10,3,13,2475,AA,LAX,3,117,189,64,0,26,17,106,0,0,57
-7,10,10,3,17,2475,DL,LAX,3,117,189,64,0,26,17,106,0,0,57
-2,10,10,3,13,2475,DL,LAX,3,117,189,64,0,26,17,106,0,0,57
-8,10,10,3,19,2475,AA,LAX,3,117,189,64,0,26,17,106,0,0,57
-5,10,10,3,12,2475,AA,LAX,3,117,189,64,0,26,17,106,0,0,57
-5,10,10,3,19,2475,DL,LAX,3,117,189,64,0,26,17,106,0,0,57
-6,10,10,3,9,2475,DL,LAX,3,117,189,64,0,26,17,106,0,0,57
-7,10,10,3,7,2475,DL,LAX,3,117,189,64,0,26,17,106,0,0,57
-4,10,28,7,6,2475,AA,LAX,14,128,150,0,0,52,33,94,0,0,61
-2,10,28,7,13,2475,AA,LAX,14,128,150,0,0,52,33,94,0,0,61
111,10,28,7,20,2475,B6,LAX,14,128,150,0,0,52,33,94,0,0,61
41,10,28,7,19,2475,DL,LAX,14,128,150,0,0,52,33,94,0,0,61
-4,10,28,7,13,2475,DL,LAX,14,128,150,0,0,52,33,94,0,0,61
-4,10,28,7,9,2475,B6,LAX,14,128,150,0,0,52,33,94,0,0,61
-1,10,28,7,17,2475,DL,LAX,14,128,150,0,0,52,33,94,0,0,61
43,10,28,7,19,2475,AA,LAX,14,128,150,0,0,52,33,94,0,0,61
95,10,28,7,21,2475,AA,LAX,14,128,150,0,0,52,33,94,0,0,61
-6,10,28,7,10,2475,AA,LAX,14,128,150,0,0,52,33,94,0,0,61
-6,10,28,7,9,2475,AA,LAX,14,128,150,0,0,52,33,94,0,0,61
4,10,28,7,12,2475,AA,LAX,14,128,150,0,0,52,33,94,0,0,61
-2,10,28,7,15,2475,AA,LAX,14,128,150,0,0,52,33,94,0,0,61
0,10,28,7,11,2475,B6,LAX,14,128,150,0,0,52,33,94,0,0,61
11,10,28,7,17,2475,AA,LAX,14,128,150,0,0,52,33,94,0,0,61
1,10,28,7,16,2475,B6,LAX,14,128,150,0,0,52,33,94,0,0,61
-3,10,28,7,15,2475,DL,LAX,14,128,150,0,0,52,33,94,0,0,61
-3,10,28,7,11,2475,DL,LAX,14,128,150,0,0,52,33,94,0,0,61
-4,10,28,7,7,2475,B6,LAX,14,128,150,0,0,52,33,94,0,0,61
12,10,28,7,21,2475,DL,LAX,14,128,150,0,0,52,33,94,0,0,61
8,10,28,7,7,2475,DL,LAX,14,128,150,0,0,52,33,94,0,0,61
9,10,28,7,9,2475,VX,LAX,14,128,150,0,0,52,33,94,0,0,61
-3,10,28,7,11,2475,VX,LAX,14,128,150,0,0,52,33,94,0,0,61
-2,10,28,7,13,2475,VX,LAX,14,128,150,0,0,52,33,94,0,0,61
136,10,28,7,20,2475,VX,LAX,14,128,150,0,0,52,33,94,0,0,61
36,10,28,7,16,2475,VX,LAX,14,128,150,0,0,52,33,94,0,0,61
22,10,28,7,7,2475,UA,LAX,14,128,150,0,0,52,33,94,0,0,61
11,10,28,7,7,2475,VX,LAX,14,128,150,0,0,52,33,94,0,0,61
15,10,28,7,15,2475,UA,LAX,14,128,150,0,0,52,33,94,0,0,61
41,10,28,7,17,2475,UA,LAX,14,128,150,0,0,52,33,94,0,0,61
-4,10,28,7,11,2475,UA,LAX,14,128,150,0,0,52,33,94,0,0,61
0,11,6,2,15,2475,DL,LAX,5,-6,56,0,0,25,-17,56,33,0,30
-1,11,6,2,21,2475,DL,LAX,5,-6,56,0,0,25,-17,56,33,0,30
-8,11,6,2,7,2475,DL,LAX,5,-6,56,0,0,25,-17,56,33,0,30
-5,11,6,2,13,2475,DL,LAX,5,-6,56,0,0,25,-17,56,33,0,30
7,11,6,2,19,2475,DL,LAX,5,-6,56,0,0,25,-17,56,33,0,30
-5,11,6,2,9,2475,DL,LAX,5,-6,56,0,0,25,-17,56,33,0,30
-9,11,6,2,17,2475,DL,LAX,5,-6,56,0,0,25,-17,56,33,0,30
-2,11,6,2,9,2475,B6,LAX,5,-6,56,0,0,25,-17,56,33,0,30
13,11,6,2,20,2475,B6,LAX,5,-6,56,0,0,25,-17,56,33,0,30
-6,11,6,2,16,2475,B6,LAX,5,-6,56,0,0,25,-17,56,33,0,30
44,11,6,2,12,2475,B6,LAX,5,-6,56,0,0,25,-17,56,33,0,30
-2,11,6,2,7,2475,B6,LAX,5,-6,56,0,0,25,-17,56,33,0,30
12,11,6,2,20,2475,UA,LAX,5,-6,56,0,0,25,-17,56,33,0,30
0,11,6,2,6,2475,UA,LAX,5,-6,56,0,0,25,-17,56,33,0,30
8,11,6,2,15,2475,UA,LAX,5,-6,56,0,0,25,-17,56,33,0,30
-3,11,6,2,8,2475,UA,LAX,5,-6,56,0,0,25,-17,56,33,0,30
2,11,6,2,17,2475,UA,LAX,5,-6,56,0,0,25,-17,56,33,0,30
0,11,6,2,11,2475,UA,LAX,5,-6,56,0,0,25,-17,56,33,0,30
-4,11,6,2,16,2475,VX,LAX,5,-6,56,0,0,25,-17,56,33,0,30
3,11,6,2,13,2475,VX,LAX,5,-6,56,0,0,25,-17,56,33,0,30
-7,11,6,2,11,2475,VX,LAX,5,-6,56,0,0,25,-17,56,33,0,30
-1,11,6,2,9,2475,VX,LAX,5,-6,56,0,0,25,-17,56,33,0,30
20,11,6,2,20,2475,VX,LAX,5,-6,56,0,0,25,-17,56,33,0,30
-3,11,6,2,9,2475,AA,LAX,5,-6,56,0,0,25,-17,56,33,0,30
16,11,6,2,19,2475,AA,LAX,5,-6,56,0,0,25,-17,56,33,0,30
0,11,6,2,13,2475,AA,LAX,5,-6,56,0,0,25,-17,56,33,0,30
-6,11,6,2,21,2475,AA,LAX,5,-6,56,0,0,25,-17,56,33,0,30
-3,11,6,2,15,2475,AA,LAX,5,-6,56,0,0,25,-17,56,33,0,30
-5,11,6,2,10,2475,AA,LAX,5,-6,56,0,0,25,-17,56,33,0,30
-6,11,6,2,6,2475,AA,LAX,5,-6,56,0,0,25,-17,56,33,0,30
-3,11,6,2,17,2475,AA,LAX,5,-6,56,0,0,25,-17,56,33,0,30
-1,11,6,2,12,2475,AA,LAX,5,-6,56,0,0,25,-17,56,33,0,30
13,11,11,7,12,2475,AA,LAX,0,100,178,0,0,12,44,211,74,0,89
30,11,11,7,19,2475,AA,LAX,0,100,178,0,0,12,44,211,74,0,89
-7,11,11,7,10,2475,AA,LAX,0,100,178,0,0,12,44,211,74,0,89
-7,11,11,7,6,2475,AA,LAX,0,100,178,0,0,12,44,211,74,0,89
10,11,11,7,13,2475,AA,LAX,0,100,178,0,0,12,44,211,74,0,89
-1,11,11,7,21,2475,AA,LAX,0,100,178,0,0,12,44,211,74,0,89
2,11,11,7,9,2475,AA,LAX,0,100,178,0,0,12,44,211,74,0,89
-7,11,11,7,17,2475,AA,LAX,0,100,178,0,0,12,44,211,74,0,89
10,11,11,7,15,2475,AA,LAX,0,100,178,0,0,12,44,211,74,0,89
-4,11,11,7,16,2475,VX,LAX,0,100,178,0,0,12,44,211,74,0,89
-2,11,11,7,13,2475,VX,LAX,0,100,178,0,0,12,44,211,74,0,89
-4,11,11,7,11,2475,VX,LAX,0,100,178,0,0,12,44,211,74,0,89
-1,11,11,7,9,2475,VX,LAX,0,100,178,0,0,12,44,211,74,0,89
-4,11,11,7,7,2475,VX,LAX,0,100,178,0,0,12,44,211,74,0,89
-4,11,11,7,17,2475,UA,LAX,0,100,178,0,0,12,44,211,74,0,89
-6,11,11,7,20,2475,UA,LAX,0,100,178,0,0,12,44,211,74,0,89
-4,11,11,7,11,2475,UA,LAX,0,100,178,0,0,12,44,211,74,0,89
-2,11,11,7,9,2475,B6,LAX,0,100,178,0,0,12,44,211,74,0,89
11,11,11,7,20,2475,B6,LAX,0,100,178,0,0,12,44,211,74,0,89
-9,11,11,7,21,2475,DL,LAX,0,100,178,0,0,12,44,211,74,0,89
-5,11,11,7,15,2475,DL,LAX,0,100,178,0,0,12,44,211,74,0,89
-2,11,11,7,16,2475,B6,LAX,0,100,178,0,0,12,44,211,74,0,89
0,11,11,7,12,2475,B6,LAX,0,100,178,0,0,12,44,211,74,0,89
-3,11,11,7,7,2475,B6,LAX,0,100,178,0,0,12,44,211,74,0,89
-2,11,11,7,17,2475,DL,LAX,0,100,178,0,0,12,44,211,74,0,89
119,11,11,7,9,2475,DL,LAX,0,100,178,0,0,12,44,211,74,0,89
-6,11,11,7,19,2475,DL,LAX,0,100,178,0,0,12,44,211,74,0,89
-2,11,11,7,15,2475,UA,LAX,0,100,178,0,0,12,44,211,74,0,89
-4,11,11,7,13,2475,DL,LAX,0,100,178,0,0,12,44,211,74,0,89
0,11,11,7,11,2475,DL,LAX,0,100,178,0,0,12,44,211,74,0,89
-7,11,11,7,7,2475,DL,LAX,0,100,178,0,0,12,44,211,74,0,89
3,11,11,7,20,2475,VX,LAX,0,100,178,0,0,12,44,211,74,0,89
-5,11,29,4,12,2475,B6,LAX,2,11,61,0,0,30,6,106,0,0,41
-5,11,29,4,7,2475,B6,LAX,2,11,61,0,0,30,6,106,0,0,41
-1,11,29,4,21,2475,DL,LAX,2,11,61,0,0,30,6,106,0,0,41
-2,11,29,4,15,2475,DL,LAX,2,11,61,0,0,30,6,106,0,0,41
0,11,29,4,17,2475,DL,LAX,2,11,61,0,0,30,6,106,0,0,41
-11,11,29,4,12,2475,DL,LAX,2,11,61,0,0,30,6,106,0,0,41
-5,11,29,4,7,2475,DL,LAX,2,11,61,0,0,30,6,106,0,0,41
-2,11,29,4,9,2475,DL,LAX,2,11,61,0,0,30,6,106,0,0,41
-4,11,29,4,19,2475,DL,LAX,2,11,61,0,0,30,6,106,0,0,41
-1,11,29,4,17,2475,UA,LAX,2,11,61,0,0,30,6,106,0,0,41
-3,11,29,4,11,2475,UA,LAX,2,11,61,0,0,30,6,106,0,0,41
-2,11,29,4,20,2475,UA,LAX,2,11,61,0,0,30,6,106,0,0,41
-4,11,29,4,6,2475,UA,LAX,2,11,61,0,0,30,6,106,0,0,41
9,11,29,4,8,2475,UA,LAX,2,11,61,0,0,30,6,106,0,0,41
-5,11,29,4,7,2475,VX,LAX,2,11,61,0,0,30,6,106,0,0,41
-2,11,29,4,9,2475,VX,LAX,2,11,61,0,0,30,6,106,0,0,41
21,11,29,4,11,2475,VX,LAX,2,11,61,0,0,30,6,106,0,0,41
-3,11,29,4,13,2475,VX,LAX,2,11,61,0,0,30,6,106,0,0,41
-1,11,29,4,16,2475,VX,LAX,2,11,61,0,0,30,6,106,0,0,41
0,11,29,4,20,2475,VX,LAX,2,11,61,0,0,30,6,106,0,0,41
20,11,29,4,9,2475,B6,LAX,2,11,61,0,0,30,6,106,0,0,41
0,11,29,4,20,2475,B6,LAX,2,11,61,0,0,30,6,106,0,0,41
-4,11,29,4,16,2475,B6,LAX,2,11,61,0,0,30,6,106,0,0,41
10,11,29,4,15,2475,UA,LAX,2,11,61,0,0,30,6,106,0,0,41
5,11,29,4,16,2475,AA,LAX,2,11,61,0,0,30,6,106,0,0,41
-2,11,29,4,21,2475,AA,LAX,2,11,61,0,0,30,6,106,0,0,41
-1,11,29,4,9,2475,AA,LAX,2,11,61,0,0,30,6,106,0,0,41
-2,11,29,4,7,2475,AA,LAX,2,11,61,0,0,30,6,106,0,0,41
-6,11,29,4,12,2475,AA,LAX,2,11,61,0,0,30,6,106,0,0,41
-6,11,29,4,15,2475,AA,LAX,2,11,61,0,0,30,6,106,0,0,41
4,11,29,4,19,2475,AA,LAX,2,11,61,0,0,30,6,106,0,0,41
10,11,29,4,13,2475,AA,LAX,2,11,61,0,0,30,6,106,0,0,41
-4,11,29,4,10,2475,AA,LAX,2,11,61,0,0,30,6,106,0,0,41
81,12,7,5,17,2475,UA,LAX,10,17,78,36,0,11,50,78,20,0,32
-6,12,7,5,8,2475,UA,LAX,10,17,78,36,0,11,50,78,20,0,32
-6,12,7,5,9,2475,VX,LAX,10,17,78,36,0,11,50,78,20,0,32
-3,12,7,5,11,2475,VX,LAX,10,17,78,36,0,11,50,78,20,0,32
-5,12,7,5,13,2475,VX,LAX,10,17,78,36,0,11,50,78,20,0,32
-9,12,7,5,16,2475,VX,LAX,10,17,78,36,0,11,50,78,20,0,32
-4,12,7,5,20,2475,VX,LAX,10,17,78,36,0,11,50,78,20,0,32
41,12,7,5,15,2475,UA,LAX,10,17,78,36,0,11,50,78,20,0,32
-6,12,7,5,20,2475,B6,LAX,10,17,78,36,0,11,50,78,20,0,32
-2,12,7,5,7,2475,B6,LAX,10,17,78,36,0,11,50,78,20,0,32
-1,12,7,5,9,2475,DL,LAX,10,17,78,36,0,11,50,78,20,0,32
-6,12,7,5,10,2475,AA,LAX,10,17,78,36,0,11,50,78,20,0,32
-6,12,7,5,7,2475,AA,LAX,10,17,78,36,0,11,50,78,20,0,32
-8,12,7,5,12,2475,AA,LAX,10,17,78,36,0,11,50,78,20,0,32
0,12,7,5,17,2475,DL,LAX,10,17,78,36,0,11,50,78,20,0,32
-2,12,7,5,12,2475,DL,LAX,10,17,78,36,0,11,50,78,20,0,32
-3,12,7,5,7,2475,DL,LAX,10,17,78,36,0,11,50,78,20,0,32
3,12,7,5,15,2475,DL,LAX,10,17,78,36,0,11,50,78,20,0,32
-3,12,7,5,21,2475,DL,LAX,10,17,78,36,0,11,50,78,20,0,32
-5,12,7,5,16,2475,B6,LAX,10,17,78,36,0,11,50,78,20,0,32
7,12,7,5,12,2475,B6,LAX,10,17,78,36,0,11,50,78,20,0,32
35,12,7,5,16,2475,AA,LAX,10,17,78,36,0,11,50,78,20,0,32
-2,12,7,5,20,2475,UA,LAX,10,17,78,36,0,11,50,78,20,0,32
-4,12,7,5,13,2475,AA,LAX,10,17,78,36,0,11,50,78,20,0,32
-6,12,7,5,21,2475,AA,LAX,10,17,78,36,0,11,50,78,20,0,32
-5,12,7,5,11,2475,UA,LAX,10,17,78,36,0,11,50,78,20,0,32
3,12,7,5,15,2475,AA,LAX,10,17,78,36,0,11,50,78,20,0,32
25,12,7,5,19,2475,AA,LAX,10,17,78,36,0,11,50,78,20,0,32
-4,12,7,5,19,2475,DL,LAX,10,17,78,36,0,11,50,78,20,0,32
-4,12,7,5,6,2475,UA,LAX,10,17,78,36,0,11,50,78,20,0,32
-5,12,7,5,9,2475,B6,LAX,10,17,78,36,0,11,50,78,20,0,32
-1,12,7,5,9,2475,AA,LAX,10,17,78,36,0,11,50,78,20,0,32
-6,12,12,3,17,2475,UA,LAX,13,22,61,0,0,15,-22,78,0,0,50
-5,12,12,3,7,2475,DL,LAX,13,22,61,0,0,15,-22,78,0,0,50
-5,12,12,3,9,2475,DL,LAX,13,22,61,0,0,15,-22,78,0,0,50
-3,12,12,3,19,2475,DL,LAX,13,22,61,0,0,15,-22,78,0,0,50
15,12,12,3,15,2475,AA,LAX,13,22,61,0,0,15,-22,78,0,0,50
-2,12,12,3,17,2475,DL,LAX,13,22,61,0,0,15,-22,78,0,0,50
-3,12,12,3,15,2475,DL,LAX,13,22,61,0,0,15,-22,78,0,0,50
-4,12,12,3,21,2475,DL,LAX,13,22,61,0,0,15,-22,78,0,0,50
0,12,12,3,7,2475,B6,LAX,13,22,61,0,0,15,-22,78,0,0,50
-5,12,12,3,12,2475,B6,LAX,13,22,61,0,0,15,-22,78,0,0,50
0,12,12,3,16,2475,AA,LAX,13,22,61,0,0,15,-22,78,0,0,50
-1,12,12,3,13,2475,AA,LAX,13,22,61,0,0,15,-22,78,0,0,50
-2,12,12,3,15,2475,UA,LAX,13,22,61,0,0,15,-22,78,0,0,50
12,12,12,3,19,2475,AA,LAX,13,22,61,0,0,15,-22,78,0,0,50
8,12,12,3,16,2475,B6,LAX,13,22,61,0,0,15,-22,78,0,0,50
38,12,12,3,20,2475,B6,LAX,13,22,61,0,0,15,-22,78,0,0,50
13,12,12,3,9,2475,B6,LAX,13,22,61,0,0,15,-22,78,0,0,50
3,12,12,3,10,2475,AA,LAX,13,22,61,0,0,15,-22,78,0,0,50
-4,12,12,3,8,2475,UA,LAX,13,22,61,0,0,15,-22,78,0,0,50
9,12,12,3,21,2475,AA,LAX,13,22,61,0,0,15,-22,78,0,0,50
0,12,12,3,6,2475,UA,LAX,13,22,61,0,0,15,-22,78,0,0,50
-6,12,12,3,20,2475,UA,LAX,13,22,61,0,0,15,-22,78,0,0,50
-4,12,12,3,11,2475,UA,LAX,13,22,61,0,0,15,-22,78,0,0,50
-2,12,12,3,9,2475,AA,LAX,13,22,61,0,0,15,-22,78,0,0,50
1,12,12,3,7,2475,AA,LAX,13,22,61,0,0,15,-22,78,0,0,50
-5,12,12,3,12,2475,AA,LAX,13,22,61,0,0,15,-22,78,0,0,50
-4,12,12,3,12,2475,DL,LAX,13,22,61,0,0,15,-22,78,0,0,50
-1,12,12,3,13,2475,VX,LAX,13,22,61,0,0,15,-22,78,0,0,50
-5,12,12,3,20,2475,VX,LAX,13,22,61,0,0,15,-22,78,0,0,50
-4,12,12,3,16,2475,VX,LAX,13,22,61,0,0,15,-22,78,0,0,50
-5,12,12,3,9,2475,VX,LAX,13,22,61,0,0,15,-22,78,0,0,50
-10,12,12,3,7,2475,VX,LAX,13,22,61,0,0,15,-22,78,0,0,50
-1,12,12,3,11,2475,VX,LAX,13,22,61,0,0,15,-22,78,0,0,50
