2,1,18,5,7,2475,AA,LAX,3,-39,17,0,0,30,-72,61,0,0,66
4,1,18,5,19,2475,AA,LAX,3,-39,17,0,0,30,-72,61,0,0,66
-5,1,18,5,13,2475,AA,LAX,3,-39,17,0,0,30,-72,61,0,0,66
-2,1,18,5,10,2475,AA,LAX,3,-39,17,0,0,30,-72,61,0,0,66
5,1,18,5,15,2475,AA,LAX,3,-39,17,0,0,30,-72,61,0,0,66
-4,1,18,5,21,2475,AA,LAX,3,-39,17,0,0,30,-72,61,0,0,66
-2,1,18,5,9,2475,AA,LAX,3,-39,17,0,0,30,-72,61,0,0,66
-1,1,18,5,16,2475,AA,LAX,3,-39,17,0,0,30,-72,61,0,0,66
-8,1,18,5,12,2475,AA,LAX,3,-39,17,0,0,30,-72,61,0,0,66
-1,1,18,5,20,2475,B6,LAX,3,-39,17,0,0,30,-72,61,0,0,66
-9,1,18,5,20,2475,VX,LAX,3,-39,17,0,0,30,-72,61,0,0,66
0,1,18,5,6,2475,UA,LAX,3,-39,17,0,0,30,-72,61,0,0,66
-6,1,18,5,20,2475,UA,LAX,3,-39,17,0,0,30,-72,61,0,0,66
-4,1,18,5,11,2475,UA,LAX,3,-39,17,0,0,30,-72,61,0,0,66
3,1,18,5,17,2475,UA,LAX,3,-39,17,0,0,30,-72,61,0,0,66
-3,1,18,5,15,2475,UA,LAX,3,-39,17,0,0,30,-72,61,0,0,66
-3,1,18,5,8,2475,UA,LAX,3,-39,17,0,0,30,-72,61,0,0,66
8,1,18,5,16,2475,VX,LAX,3,-39,17,0,0,30,-72,61,0,0,66
1,1,18,5,13,2475,VX,LAX,3,-39,17,0,0,30,-72,61,0,0,66
-5,1,18,5,9,2475,VX,LAX,3,-39,17,0,0,30,-72,61,0,0,66
-10,1,18,5,7,2475,VX,LAX,3,-39,17,0,0,30,-72,61,0,0,66
5,1,18,5,21,2475,DL,LAX,3,-39,17,0,0,30,-72,61,0,0,66
2,1,18,5,15,2475,DL,LAX,3,-39,17,0,0,30,-72,61,0,0,66
-4,1,18,5,12,2475,DL,LAX,3,-39,17,0,0,30,-72,61,0,0,66
-3,1,18,5,7,2475,DL,LAX,3,-39,17,0,0,30,-72,61,0,0,66
-2,1,18,5,17,2475,DL,LAX,3,-39,17,0,0,30,-72,61,0,0,66
0,1,18,5,9,2475,DL,LAX,3,-39,17,0,0,30,-72,61,0,0,66
0,1,18,5,19,2475,DL,LAX,3,-39,17,0,0,30,-72,61,0,0,66
-6,1,18,5,7,2475,B6,LAX,3,-39,17,0,0,30,-72,61,0,0,66
6,1,18,5,11,2475,B6,LAX,3,-39,17,0,0,30,-72,61,0,0,66
-3,1,18,5,16,2475,B6,LAX,3,-39,17,0,0,30,-72,61,0,0,66
-5,1,23,3,7,2475,DL,LAX,2,-117,-67,0,0,35,-122,-50,3,10,57
-4,1,23,3,12,2475,DL,LAX,2,-117,-67,0,0,35,-122,-50,3,10,57
-3,1,23,3,8,2475,UA,LAX,2,-117,-67,0,0,35,-122,-50,3,10,57
9,1,23,3,15,2475,DL,LAX,2,-117,-67,0,0,35,-122,-50,3,10,57
0,1,23,3,20,2475,B6,LAX,2,-117,-67,0,0,35,-122,-50,3,10,57
-3,1,23,3,16,2475,B6,LAX,2,-117,-67,0,0,35,-122,-50,3,10,57
-3,1,23,3,11,2475,B6,LAX,2,-117,-67,0,0,35,-122,-50,3,10,57
-1,1,23,3,7,2475,B6,LAX,2,-117,-67,0,0,35,-122,-50,3,10,57
-2,1,23,3,7,2475,VX,LAX,2,-117,-67,0,0,35,-122,-50,3,10,57
-4,1,23,3,9,2475,VX,LAX,2,-117,-67,0,0,35,-122,-50,3,10,57
-3,1,23,3,13,2475,VX,LAX,2,-117,-67,0,0,35,-122,-50,3,10,57
2,1,23,3,16,2475,VX,LAX,2,-117,-67,0,0,35,-122,-50,3,10,57
-9,1,23,3,20,2475,VX,LAX,2,-117,-67,0,0,35,-122,-50,3,10,57
9,1,23,3,15,2475,UA,LAX,2,-117,-67,0,0,35,-122,-50,3,10,57
-4,1,23,3,19,2475,DL,LAX,2,-117,-67,0,0,35,-122,-50,3,10,57
-3,1,23,3,17,2475,UA,LAX,2,-117,-67,0,0,35,-122,-50,3,10,57
-1,1,23,3,11,2475,UA,LAX,2,-117,-67,0,0,35,-122,-50,3,10,57
-5,1,23,3,20,2475,UA,LAX,2,-117,-67,0,0,35,-122,-50,3,10,57
-3,1,23,3,6,2475,UA,LAX,2,-117,-67,0,0,35,-122,-50,3,10,57
-6,1,23,3,9,2475,DL,LAX,2,-117,-67,0,0,35,-122,-50,3,10,57
1,1,23,3,17,2475,DL,LAX,2,-117,-67,0,0,35,-122,-50,3,10,57
0,1,23,3,10,2475,AA,LAX,2,-117,-67,0,0,35,-122,-50,3,10,57
-4,1,23,3,19,2475,AA,LAX,2,-117,-67,0,0,35,-122,-50,3,10,57
-2,1,23,3,21,2475,AA,LAX,2,-117,-67,0,0,35,-122,-50,3,10,57
-1,1,23,3,16,2475,AA,LAX,2,-117,-67,0,0,35,-122,-50,3,10,57
-7,1,23,3,7,2475,AA,LAX,2,-117,-67,0,0,35,-122,-50,3,10,57
-2,1,23,3,9,2475,AA,LAX,2,-117,-67,0,0,35,-122,-50,3,10,57
-2,1,23,3,21,2475,DL,LAX,2,-117,-67,0,0,35,-122,-50,3,10,57
-5,1,23,3,13,2475,AA,LAX,2,-117,-67,0,0,35,-122,-50,3,10,57
0,1,23,3,15,2475,AA,LAX,2,-117,-67,0,0,35,-122,-50,3,10,57
-6,1,23,3,12,2475,AA,LAX,2,-117,-67,0,0,35,-122,-50,3,10,57
-1,2,1,5,15,2475,UA,LAX,11,-44,-6,0,0,38,-178,-100,5,13,56
-4,2,1,5,8,2475,UA,LAX,11,-44,-6,0,0,38,-178,-100,5,13,56
1,2,1,5,20,2475,VX,LAX,11,-44,-6,0,0,38,-178,-100,5,13,56
8,2,1,5,16,2475,VX,LAX,11,-44,-6,0,0,38,-178,-100,5,13,56
3,2,1,5,13,2475,VX,LAX,11,-44,-6,0,0,38,-178,-100,5,13,56
-4,2,1,5,9,2475,VX,LAX,11,-44,-6,0,0,38,-178,-100,5,13,56
-8,2,1,5,7,2475,VX,LAX,11,-44,-6,0,0,38,-178,-100,5,13,56
-7,2,1,5,6,2475,UA,LAX,11,-44,-6,0,0,38,-178,-100,5,13,56
-6,2,1,5,20,2475,UA,LAX,11,-44,-6,0,0,38,-178,-100,5,13,56
-3,2,1,5,11,2475,UA,LAX,11,-44,-6,0,0,38,-178,-100,5,13,56
-1,2,1,5,17,2475,UA,LAX,11,-44,-6,0,0,38,-178,-100,5,13,56
-3,2,1,5,9,2475,DL,LAX,11,-44,-6,0,0,38,-178,-100,5,13,56
-2,2,1,5,16,2475,AA,LAX,11,-44,-6,0,0,38,-178,-100,5,13,56
37,2,1,5,7,2475,AA,LAX,11,-44,-6,0,0,38,-178,-100,5,13,56
121,2,1,5,19,2475,AA,LAX,11,-44,-6,0,0,38,-178,-100,5,13,56
-7,2,1,5,17,2475,DL,LAX,11,-44,-6,0,0,38,-178,-100,5,13,56
0,2,1,5,12,2475,DL,LAX,11,-44,-6,0,0,38,-178,-100,5,13,56
-9,2,1,5,15,2475,DL,LAX,11,-44,-6,0,0,38,-178,-100,5,13,56
44,2,1,5,21,2475,AA,LAX,11,-44,-6,0,0,38,-178,-100,5,13,56
-1,2,1,5,9,2475,AA,LAX,11,-44,-6,0,0,38,-178,-100,5,13,56
-1,2,1,5,10,2475,AA,LAX,11,-44,-6,0,0,38,-178,-100,5,13,56
-5,2,1,5,12,2475,AA,LAX,11,-44,-6,0,0,38,-178,-100,5,13,56
-5,2,1,5,20,2475,B6,LAX,11,-44,-6,0,0,38,-178,-100,5,13,56
-1,2,1,5,21,2475,DL,LAX,11,-44,-6,0,0,38,-178,-100,5,13,56
-6,2,1,5,7,2475,DL,LAX,11,-44,-6,0,0,38,-178,-100,5,13,56
-3,2,1,5,15,2475,AA,LAX,11,-44,-6,0,0,38,-178,-100,5,13,56
14,2,1,5,16,2475,B6,LAX,11,-44,-6,0,0,38,-178,-100,5,13,56
-1,2,1,5,11,2475,B6,LAX,11,-44,-6,0,0,38,-178,-100,5,13,56
-3,2,1,5,13,2475,AA,LAX,11,-44,-6,0,0,38,-178,-100,5,13,56
-2,2,1,5,7,2475,B6,LAX,11,-44,-6,0,0,38,-178,-100,5,13,56
-3,2,1,5,19,2475,DL,LAX,11,-44,-6,0,0,38,-178,-100,5,13,56
176,2,19,2,16,2475,AA,LAX,1,6,94,38,0,30,-111,-11,0,5,92
-4,2,19,2,12,2475,AA,LAX,1,6,94,38,0,30,-111,-11,0,5,92
56,2,19,2,15,2475,AA,LAX,1,6,94,38,0,30,-111,-11,0,5,92
-11,2,19,2,13,2475,AA,LAX,1,6,94,38,0,30,-111,-11,0,5,92
-5,2,19,2,9,2475,AA,LAX,1,6,94,38,0,30,-111,-11,0,5,92
6,2,19,2,19,2475,AA,LAX,1,6,94,38,0,30,-111,-11,0,5,92
-6,2,19,2,10,2475,AA,LAX,1,6,94,38,0,30,-111,-11,0,5,92
-6,2,19,2,21,2475,AA,LAX,1,6,94,38,0,30,-111,-11,0,5,92
-3,2,19,2,7,2475,AA,LAX,1,6,94,38,0,30,-111,-11,0,5,92
-7,2,19,2,19,2475,DL,LAX,1,6,94,38,0,30,-111,-11,0,5,92
-2,2,19,2,9,2475,DL,LAX,1,6,94,38,0,30,-111,-11,0,5,92
31,2,19,2,16,2475,B6,LAX,1,6,94,38,0,30,-111,-11,0,5,92
10,2,19,2,20,2475,B6,LAX,1,6,94,38,0,30,-111,-11,0,5,92
13,2,19,2,6,2475,UA,LAX,1,6,94,38,0,30,-111,-11,0,5,92
-7,2,19,2,17,2475,DL,LAX,1,6,94,38,0,30,-111,-11,0,5,92
-7,2,19,2,13,2475,VX,LAX,1,6,94,38,0,30,-111,-11,0,5,92
3,2,19,2,16,2475,VX,LAX,1,6,94,38,0,30,-111,-11,0,5,92
-8,2,19,2,20,2475,VX,LAX,1,6,94,38,0,30,-111,-11,0,5,92
-5,2,19,2,12,2475,DL,LAX,1,6,94,38,0,30,-111,-11,0,5,92
-1,2,19,2,7,2475,DL,LAX,1,6,94,38,0,30,-111,-11,0,5,92
-7,2,19,2,7,2475,VX,LAX,1,6,94,38,0,30,-111,-11,0,5,92
-3,2,19,2,21,2475,DL,LAX,1,6,94,38,0,30,-111,-11,0,5,92
-4,2,19,2,15,2475,DL,LAX,1,6,94,38,0,30,-111,-11,0,5,92
-7,2,19,2,8,2475,UA,LAX,1,6,94,38,0,30,-111,-11,0,5,92
2,2,19,2,9,2475,VX,LAX,1,6,94,38,0,30,-111,-11,0,5,92
-4,2,19,2,7,2475,B6,LAX,1,6,94,38,0,30,-111,-11,0,5,92
1,2,19,2,11,2475,B6,LAX,1,6,94,38,0,30,-111,-11,0,5,92
2,2,19,2,15,2475,UA,LAX,1,6,94,38,0,30,-111,-11,0,5,92
54,2,19,2,20,2475,UA,LAX,1,6,94,38,0,30,-111,-11,0,5,92
-6,2,19,2,11,2475,UA,LAX,1,6,94,38,0,30,-111,-11,0,5,92
0,2,19,2,17,2475,UA,LAX,1,6,94,38,0,30,-111,-11,0,5,92
-4,2,24,7,20,2475,UA,LAX,6,11,83,3,0,32,-83,39,0,0,19
-4,2,24,7,15,2475,UA,LAX,6,11,83,3,0,32,-83,39,0,0,19
-4,2,24,7,8,2475,UA,LAX,6,11,83,3,0,32,-83,39,0,0,19
-3,2,24,7,17,2475,UA,LAX,6,11,83,3,0,32,-83,39,0,0,19
-2,2,24,7,11,2475,UA,LAX,6,11,83,3,0,32,-83,39,0,0,19
0,2,24,7,12,2475,DL,LAX,6,11,83,3,0,32,-83,39,0,0,19
-7,2,24,7,21,2475,DL,LAX,6,11,83,3,0,32,-83,39,0,0,19
-5,2,24,7,16,2475,VX,LAX,6,11,83,3,0,32,-83,39,0,0,19
70,2,24,7,13,2475,VX,LAX,6,11,83,3,0,32,-83,39,0,0,19
-5,2,24,7,9,2475,VX,LAX,6,11,83,3,0,32,-83,39,0,0,19
-1,2,24,7,7,2475,VX,LAX,6,11,83,3,0,32,-83,39,0,0,19
-3,2,24,7,15,2475,DL,LAX,6,11,83,3,0,32,-83,39,0,0,19
-4,2,24,7,20,2475,VX,LAX,6,11,83,3,0,32,-83,39,0,0,19
0,2,24,7,19,2475,DL,LAX,6,11,83,3,0,32,-83,39,0,0,19
-3,2,24,7,9,2475,DL,LAX,6,11,83,3,0,32,-83,39,0,0,19
-5,2,24,7,17,2475,DL,LAX,6,11,83,3,0,32,-83,39,0,0,19
-3,2,24,7,16,2475,AA,LAX,6,11,83,3,0,32,-83,39,0,0,19
0,2,24,7,20,2475,B6,LAX,6,11,83,3,0,32,-83,39,0,0,19
5,2,24,7,16,2475,B6,LAX,6,11,83,3,0,32,-83,39,0,0,19
-4,2,24,7,11,2475,B6,LAX,6,11,83,3,0,32,-83,39,0,0,19
-7,2,24,7,7,2475,B6,LAX,6,11,83,3,0,32,-83,39,0,0,19
50,2,24,7,21,2475,AA,LAX,6,11,83,3,0,32,-83,39,0,0,19
-2,2,24,7,7,2475,AA,LAX,6,11,83,3,0,32,-83,39,0,0,19
149,2,24,7,19,2475,AA,LAX,6,11,83,3,0,32,-83,39,0,0,19
-4,2,24,7,10,2475,AA,LAX,6,11,83,3,0,32,-83,39,0,0,19
-7,2,24,7,12,2475,AA,LAX,6,11,83,3,0,32,-83,39,0,0,19
-2,2,24,7,9,2475,AA,LAX,6,11,83,3,0,32,-83,39,0,0,19
0,2,24,7,15,2475,AA,LAX,6,11,83,3,0,32,-83,39,0,0,19
-1,2,24,7,13,2475,AA,LAX,6,11,83,3,0,32,-83,39,0,0,19
6,3,2,6,6,2475,UA,LAX,12,-6,44,0,0,34,-83,-6,0,0,51
-2,3,2,6,8,2475,UA,LAX,12,-6,44,0,0,34,-83,-6,0,0,51
-3,3,2,6,18,2475,UA,LAX,12,-6,44,0,0,34,-83,-6,0,0,51
-4,3,2,6,15,2475,UA,LAX,12,-6,44,0,0,34,-83,-6,0,0,51
-4,3,2,6,11,2475,UA,LAX,12,-6,44,0,0,34,-83,-6,0,0,51
5,3,2,6,13,2475,VX,LAX,12,-6,44,0,0,34,-83,-6,0,0,51
23,3,2,6,9,2475,VX,LAX,12,-6,44,0,0,34,-83,-6,0,0,51
-3,3,2,6,7,2475,VX,LAX,12,-6,44,0,0,34,-83,-6,0,0,51
0,3,2,6,20,2475,VX,LAX,12,-6,44,0,0,34,-83,-6,0,0,51
7,3,2,6,16,2475,VX,LAX,12,-6,44,0,0,34,-83,-6,0,0,51
12,3,2,6,17,2475,B6,LAX,12,-6,44,0,0,34,-83,-6,0,0,51
-8,3,2,6,11,2475,B6,LAX,12,-6,44,0,0,34,-83,-6,0,0,51
5,3,2,6,10,2475,AA,LAX,12,-6,44,0,0,34,-83,-6,0,0,51
-6,3,2,6,21,2475,AA,LAX,12,-6,44,0,0,34,-83,-6,0,0,51
-5,3,2,6,12,2475,AA,LAX,12,-6,44,0,0,34,-83,-6,0,0,51
91,3,2,6,15,2475,AA,LAX,12,-6,44,0,0,34,-83,-6,0,0,51
-2,3,2,6,19,2475,AA,LAX,12,-6,44,0,0,34,-83,-6,0,0,51
129,3,2,6,13,2475,AA,LAX,12,-6,44,0,0,34,-83,-6,0,0,51
-7,3,2,6,9,2475,AA,LAX,12,-6,44,0,0,34,-83,-6,0,0,51
-1,3,2,6,20,2475,B6,LAX,12,-6,44,0,0,34,-83,-6,0,0,51
0,3,2,6,16,2475,AA,LAX,12,-6,44,0,0,34,-83,-6,0,0,51
0,3,2,6,17,2475,DL,LAX,12,-6,44,0,0,34,-83,-6,0,0,51
-8,3,2,6,19,2475,DL,LAX,12,-6,44,0,0,34,-83,-6,0,0,51
-4,3,2,6,14,2475,DL,LAX,12,-6,44,0,0,34,-83,-6,0,0,51
-7,3,2,6,9,2475,DL,LAX,12,-6,44,0,0,34,-83,-6,0,0,51
-4,3,2,6,16,2475,DL,LAX,12,-6,44,0,0,34,-83,-6,0,0,51
-8,3,2,6,12,2475,DL,LAX,12,-6,44,0,0,34,-83,-6,0,0,51
-4,3,25,1,12,2475,DL,LAX,35,22,44,43,0,40,0,33,0,0,70
20,3,25,1,20,2475,B6,LAX,35,22,44,43,0,40,0,33,0,0,70
-1,3,25,1,21,2475,DL,LAX,35,22,44,43,0,40,0,33,0,0,70
-4,3,25,1,7,2475,DL,LAX,35,22,44,43,0,40,0,33,0,0,70
-4,3,25,1,19,2475,DL,LAX,35,22,44,43,0,40,0,33,0,0,70
-8,3,25,1,9,2475,DL,LAX,35,22,44,43,0,40,0,33,0,0,70
-2,3,25,1,17,2475,DL,LAX,35,22,44,43,0,40,0,33,0,0,70
-1,3,25,1,7,2475,B6,LAX,35,22,44,43,0,40,0,33,0,0,70
40,3,25,1,11,2475,B6,LAX,35,22,44,43,0,40,0,33,0,0,70
3,3,25,1,16,2475,B6,LAX,35,22,44,43,0,40,0,33,0,0,70
-4,3,25,1,16,2475,DL,LAX,35,22,44,43,0,40,0,33,0,0,70
-3,3,25,1,14,2475,DL,LAX,35,22,44,43,0,40,0,33,0,0,70
4,3,25,1,16,2475,AA,LAX,35,22,44,43,0,40,0,33,0,0,70
16,3,25,1,21,2475,AA,LAX,35,22,44,43,0,40,0,33,0,0,70
-2,3,25,1,7,2475,AA,LAX,35,22,44,43,0,40,0,33,0,0,70
2,3,25,1,15,2475,AA,LAX,35,22,44,43,0,40,0,33,0,0,70
-4,3,25,1,10,2475,AA,LAX,35,22,44,43,0,40,0,33,0,0,70
-5,3,25,1,12,2475,AA,LAX,35,22,44,43,0,40,0,33,0,0,70
-5,3,25,1,13,2475,AA,LAX,35,22,44,43,0,40,0,33,0,0,70
70,3,25,1,19,2475,AA,LAX,35,22,44,43,0,40,0,33,0,0,70
-5,3,25,1,9,2475,AA,LAX,35,22,44,43,0,40,0,33,0,0,70
-2,3,25,1,13,2475,VX,LAX,35,22,44,43,0,40,0,33,0,0,70
25,3,25,1,16,2475,VX,LAX,35,22,44,43,0,40,0,33,0,0,70
262,3,25,1,20,2475,VX,LAX,35,22,44,43,0,40,0,33,0,0,70
-3,3,25,1,7,2475,VX,LAX,35,22,44,43,0,40,0,33,0,0,70
1,3,25,1,9,2475,VX,LAX,35,22,44,43,0,40,0,33,0,0,70
23,3,25,1,17,2475,UA,LAX,35,22,44,43,0,40,0,33,0,0,70
-9,3,25,1,6,2475,UA,LAX,35,22,44,43,0,40,0,33,0,0,70
49,3,25,1,20,2475,UA,LAX,35,22,44,43,0,40,0,33,0,0,70
0,3,25,1,15,2475,UA,LAX,35,22,44,43,0,40,0,33,0,0,70
-9,3,25,1,8,2475,UA,LAX,35,22,44,43,0,40,0,33,0,0,70
-9,3,25,1,11,2475,UA,LAX,35,22,44,43,0,40,0,33,0,0,70
-5,3,30,6,16,2475,VX,LAX,40,44,150,0,0,19,-22,150,0,0,43
-3,3,30,6,13,2475,VX,LAX,40,44,150,0,0,19,-22,150,0,0,43
-4,3,30,6,9,2475,VX,LAX,40,44,150,0,0,19,-22,150,0,0,43
-3,3,30,6,7,2475,VX,LAX,40,44,150,0,0,19,-22,150,0,0,43
-10,3,30,6,20,2475,VX,LAX,40,44,150,0,0,19,-22,150,0,0,43
-15,3,30,6,18,2475,UA,LAX,40,44,150,0,0,19,-22,150,0,0,43
-3,3,30,6,19,2475,AA,LAX,40,44,150,0,0,19,-22,150,0,0,43
-6,3,30,6,10,2475,AA,LAX,40,44,150,0,0,19,-22,150,0,0,43
-7,3,30,6,12,2475,AA,LAX,40,44,150,0,0,19,-22,150,0,0,43
-8,3,30,6,9,2475,AA,LAX,40,44,150,0,0,19,-22,150,0,0,43
-7,3,30,6,21,2475,AA,LAX,40,44,150,0,0,19,-22,150,0,0,43
-10,3,30,6,16,2475,AA,LAX,40,44,150,0,0,19,-22,150,0,0,43
-8,3,30,6,15,2475,AA,LAX,40,44,150,0,0,19,-22,150,0,0,43
-4,3,30,6,13,2475,AA,LAX,40,44,150,0,0,19,-22,150,0,0,43
-3,3,30,6,8,2475,UA,LAX,40,44,150,0,0,19,-22,150,0,0,43
-6,3,30,6,15,2475,UA,LAX,40,44,150,0,0,19,-22,150,0,0,43
0,3,30,6,6,2475,UA,LAX,40,44,150,0,0,19,-22,150,0,0,43
-10,3,30,6,11,2475,UA,LAX,40,44,150,0,0,19,-22,150,0,0,43
-4,3,30,6,16,2475,DL,LAX,40,44,150,0,0,19,-22,150,0,0,43
-4,3,30,6,12,2475,DL,LAX,40,44,150,0,0,19,-22,150,0,0,43
-3,3,30,6,14,2475,DL,LAX,40,44,150,0,0,19,-22,150,0,0,43
0,3,30,6,20,2475,B6,LAX,40,44,150,0,0,19,-22,150,0,0,43
-4,3,30,6,9,2475,DL,LAX,40,44,150,0,0,19,-22,150,0,0,43
-7,3,30,6,19,2475,DL,LAX,40,44,150,0,0,19,-22,150,0,0,43
10,3,30,6,17,2475,DL,LAX,40,44,150,0,0,19,-22,150,0,0,43
0,3,30,6,17,2475,B6,LAX,40,44,150,0,0,19,-22,150,0,0,43
-4,3,30,6,11,2475,B6,LAX,40,44,150,0,0,19,-22,150,0,0,43
10,4,3,3,17,2475,DL,LAX,44,6,78,0,0,48,-38,67,0,0,31
9,4,3,3,20,2475,B6,LAX,44,6,78,0,0,48,-38,67,0,0,31
-6,4,3,3,13,2475,AA,LAX,44,6,78,0,0,48,-38,67,0,0,31
-4,4,3,3,19,2475,DL,LAX,44,6,78,0,0,48,-38,67,0,0,31
-5,4,3,3,16,2475,DL,LAX,44,6,78,0,0,48,-38,67,0,0,31
-10,4,3,3,9,2475,DL,LAX,44,6,78,0,0,48,-38,67,0,0,31
-5,4,3,3,10,2475,AA,LAX,44,6,78,0,0,48,-38,67,0,0,31
20,4,3,3,16,2475,B6,LAX,44,6,78,0,0,48,-38,67,0,0,31
-2,4,3,3,11,2475,B6,LAX,44,6,78,0,0,48,-38,67,0,0,31
-5,4,3,3,7,2475,B6,LAX,44,6,78,0,0,48,-38,67,0,0,31
-3,4,3,3,21,2475,DL,LAX,44,6,78,0,0,48,-38,67,0,0,31
-6,4,3,3,14,2475,DL,LAX,44,6,78,0,0,48,-38,67,0,0,31
-7,4,3,3,12,2475,DL,LAX,44,6,78,0,0,48,-38,67,0,0,31
-5,4,3,3,7,2475,DL,LAX,44,6,78,0,0,48,-38,67,0,0,31
-6,4,3,3,12,2475,AA,LAX,44,6,78,0,0,48,-38,67,0,0,31
-2,4,3,3,9,2475,AA,LAX,44,6,78,0,0,48,-38,67,0,0,31
33,4,3,3,19,2475,AA,LAX,44,6,78,0,0,48,-38,67,0,0,31
0,4,3,3,7,2475,AA,LAX,44,6,78,0,0,48,-38,67,0,0,31
10,4,3,3,15,2475,AA,LAX,44,6,78,0,0,48,-38,67,0,0,31
7,4,3,3,17,2475,AA,LAX,44,6,78,0,0,48,-38,67,0,0,31
2,4,3,3,21,2475,AA,LAX,44,6,78,0,0,48,-38,67,0,0,31
3,4,3,3,13,2475,VX,LAX,44,6,78,0,0,48,-38,67,0,0,31
21,4,3,3,9,2475,VX,LAX,44,6,78,0,0,48,-38,67,0,0,31
8,4,3,3,20,2475,VX,LAX,44,6,78,0,0,48,-38,67,0,0,31
-2,4,3,3,6,2475,UA,LAX,44,6,78,0,0,48,-38,67,0,0,31
-6,4,3,3,8,2475,UA,LAX,44,6,78,0,0,48,-38,67,0,0,31
0,4,3,3,17,2475,UA,LAX,44,6,78,0,0,48,-38,67,0,0,31
-4,4,3,3,12,2475,UA,LAX,44,6,78,0,0,48,-38,67,0,0,31
14,4,3,3,15,2475,UA,LAX,44,6,78,0,0,48,-38,67,0,0,31
7,4,3,3,7,2475,VX,LAX,44,6,78,0,0,48,-38,67,0,0,31
-6,4,3,3,20,2475,UA,LAX,44,6,78,0,0,48,-38,67,0,0,31
12,4,3,3,16,2475,VX,LAX,44,6,78,0,0,48,-38,67,0,0,31
32,4,26,5,16,2475,B6,LAX,26,100,194,0,0,15,11,194,0,0,52
-1,4,26,5,20,2475,B6,LAX,26,100,194,0,0,15,11,194,0,0,52
1,4,26,5,6,2475,UA,LAX,26,100,194,0,0,15,11,194,0,0,52
-5,4,26,5,15,2475,AA,LAX,26,100,194,0,0,15,11,194,0,0,52
-6,4,26,5,11,2475,UA,LAX,26,100,194,0,0,15,11,194,0,0,52
-5,4,26,5,17,2475,DL,LAX,26,100,194,0,0,15,11,194,0,0,52
-5,4,26,5,16,2475,DL,LAX,26,100,194,0,0,15,11,194,0,0,52
-3,4,26,5,17,2475,UA,LAX,26,100,194,0,0,15,11,194,0,0,52
-7,4,26,5,19,2475,DL,LAX,26,100,194,0,0,15,11,194,0,0,52
-6,4,26,5,7,2475,DL,LAX,26,100,194,0,0,15,11,194,0,0,52
7,4,26,5,12,2475,DL,LAX,26,100,194,0,0,15,11,194,0,0,52
17,4,26,5,14,2475,DL,LAX,26,100,194,0,0,15,11,194,0,0,52
-1,4,26,5,21,2475,DL,LAX,26,100,194,0,0,15,11,194,0,0,52
8,4,26,5,19,2475,AA,LAX,26,100,194,0,0,15,11,194,0,0,52
9,4,26,5,12,2475,AA,LAX,26,100,194,0,0,15,11,194,0,0,52
-1,4,26,5,21,2475,AA,LAX,26,100,194,0,0,15,11,194,0,0,52
-3,4,26,5,8,2475,DL,LAX,26,100,194,0,0,15,11,194,0,0,52
-6,4,26,5,10,2475,AA,LAX,26,100,194,0,0,15,11,194,0,0,52
85,4,26,5,13,2475,AA,LAX,26,100,194,0,0,15,11,194,0,0,52
-8,4,26,5,9,2475,AA,LAX,26,100,194,0,0,15,11,194,0,0,52
1,4,26,5,17,2475,AA,LAX,26,100,194,0,0,15,11,194,0,0,52
-7,4,26,5,8,2475,UA,LAX,26,100,194,0,0,15,11,194,0,0,52
-2,4,26,5,7,2475,AA,LAX,26,100,194,0,0,15,11,194,0,0,52
7,4,26,5,15,2475,UA,LAX,26,100,194,0,0,15,11,194,0,0,52
3,4,26,5,20,2475,UA,LAX,26,100,194,0,0,15,11,194,0,0,52
-7,4,26,5,7,2475,B6,LAX,26,100,194,0,0,15,11,194,0,0,52
-7,4,26,5,11,2475,B6,LAX,26,100,194,0,0,15,11,194,0,0,52
27,4,26,5,16,2475,VX,LAX,26,100,194,0,0,15,11,194,0,0,52
-1,4,26,5,9,2475,VX,LAX,26,100,194,0,0,15,11,194,0,0,52
-6,4,26,5,7,2475,VX,LAX,26,100,194,0,0,15,11,194,0,0,52
-5,4,26,5,13,2475,VX,LAX,26,100,194,0,0,15,11,194,0,0,52
8,4,26,5,20,2475,VX,LAX,26,100,194,0,0,15,11,194,0,0,52
-7,5,4,6,6,2475,UA,LAX,18,89,206,0,0,26,89,217,5,0,31
-6,5,4,6,8,2475,UA,LAX,18,89,206,0,0,26,89,217,5,0,31
-9,5,4,6,15,2475,UA,LAX,18,89,206,0,0,26,89,217,5,0,31
-3,5,4,6,11,2475,UA,LAX,18,89,206,0,0,26,89,217,5,0,31
64,5,4,6,18,2475,UA,LAX,18,89,206,0,0,26,89,217,5,0,31
10,5,4,6,7,2475,VX,LAX,18,89,206,0,0,26,89,217,5,0,31
35,5,4,6,9,2475,VX,LAX,18,89,206,0,0,26,89,217,5,0,31
10,5,4,6,13,2475,VX,LAX,18,89,206,0,0,26,89,217,5,0,31
31,5,4,6,16,2475,VX,LAX,18,89,206,0,0,26,89,217,5,0,31
77,5,4,6,20,2475,VX,LAX,18,89,206,0,0,26,89,217,5,0,31
-9,5,4,6,10,2475,AA,LAX,18,89,206,0,0,26,89,217,5,0,31
-1,5,4,6,14,2475,DL,LAX,18,89,206,0,0,26,89,217,5,0,31
-6,5,4,6,9,2475,DL,LAX,18,89,206,0,0,26,89,217,5,0,31
40,5,4,6,19,2475,DL,LAX,18,89,206,0,0,26,89,217,5,0,31
25,5,4,6,20,2475,B6,LAX,18,89,206,0,0,26,89,217,5,0,31
-6,5,4,6,12,2475,AA,LAX,18,89,206,0,0,26,89,217,5,0,31
11,5,4,6,15,2475,AA,LAX,18,89,206,0,0,26,89,217,5,0,31
-5,5,4,6,7,2475,B6,LAX,18,89,206,0,0,26,89,217,5,0,31
5,5,4,6,16,2475,B6,LAX,18,89,206,0,0,26,89,217,5,0,31
-1,5,4,6,13,2475,AA,LAX,18,89,206,0,0,26,89,217,5,0,31
-3,5,4,6,17,2475,AA,LAX,18,89,206,0,0,26,89,217,5,0,31
-5,5,4,6,9,2475,AA,LAX,18,89,206,0,0,26,89,217,5,0,31
51,5,4,6,19,2475,AA,LAX,18,89,206,0,0,26,89,217,5,0,31
61,5,4,6,18,2475,DL,LAX,18,89,206,0,0,26,89,217,5,0,31
-3,5,4,6,7,2475,AA,LAX,18,89,206,0,0,26,89,217,5,0,31
-8,5,4,6,12,2475,DL,LAX,18,89,206,0,0,26,89,217,5,0,31
-2,5,4,6,16,2475,DL,LAX,18,89,206,0,0,26,89,217,5,0,31
-4,5,27,1,7,2475,B6,LAX,1,106,228,0,0,17,117,167,58,0,41
-9,5,27,1,21,2475,AA,LAX,1,106,228,0,0,17,117,167,58,0,41
-1,5,27,1,17,2475,AA,LAX,1,106,228,0,0,17,117,167,58,0,41
0,5,27,1,15,2475,AA,LAX,1,106,228,0,0,17,117,167,58,0,41
-8,5,27,1,10,2475,AA,LAX,1,106,228,0,0,17,117,167,58,0,41
-2,5,27,1,16,2475,DL,LAX,1,106,228,0,0,17,117,167,58,0,41
2,5,27,1,16,2475,B6,LAX,1,106,228,0,0,17,117,167,58,0,41
3,5,27,1,20,2475,B6,LAX,1,106,228,0,0,17,117,167,58,0,41
21,5,27,1,9,2475,B6,LAX,1,106,228,0,0,17,117,167,58,0,41
28,5,27,1,21,2475,DL,LAX,1,106,228,0,0,17,117,167,58,0,41
-7,5,27,1,19,2475,AA,LAX,1,106,228,0,0,17,117,167,58,0,41
-6,5,27,1,9,2475,AA,LAX,1,106,228,0,0,17,117,167,58,0,41
-5,5,27,1,12,2475,AA,LAX,1,106,228,0,0,17,117,167,58,0,41
5,5,27,1,7,2475,AA,LAX,1,106,228,0,0,17,117,167,58,0,41
-2,5,27,1,13,2475,AA,LAX,1,106,228,0,0,17,117,167,58,0,41
26,5,27,1,16,2475,VX,LAX,1,106,228,0,0,17,117,167,58,0,41
14,5,27,1,20,2475,VX,LAX,1,106,228,0,0,17,117,167,58,0,41
1,5,27,1,7,2475,VX,LAX,1,106,228,0,0,17,117,167,58,0,41
-9,5,27,1,9,2475,VX,LAX,1,106,228,0,0,17,117,167,58,0,41
-2,5,27,1,13,2475,VX,LAX,1,106,228,0,0,17,117,167,58,0,41
0,5,27,1,17,2475,UA,LAX,1,106,228,0,0,17,117,167,58,0,41
-5,5,27,1,18,2475,DL,LAX,1,106,228,0,0,17,117,167,58,0,41
-5,5,27,1,19,2475,DL,LAX,1,106,228,0,0,17,117,167,58,0,41
-4,5,27,1,9,2475,DL,LAX,1,106,228,0,0,17,117,167,58,0,41
1,5,27,1,14,2475,DL,LAX,1,106,228,0,0,17,117,167,58,0,41
0,5,27,1,7,2475,DL,LAX,1,106,228,0,0,17,117,167,58,0,41
-5,5,27,1,12,2475,DL,LAX,1,106,228,0,0,17,117,167,58,0,41
3,5,27,1,6,2475,UA,LAX,1,106,228,0,0,17,117,167,58,0,41
-1,5,27,1,15,2475,UA,LAX,1,106,228,0,0,17,117,167,58,0,41
2,5,27,1,8,2475,UA,LAX,1,106,228,0,0,17,117,167,58,0,41
-3,5,27,1,20,2475,UA,LAX,1,106,228,0,0,17,117,167,58,0,41
-3,5,27,1,11,2475,UA,LAX,1,106,228,0,0,17,117,167,58,0,41
-7,6,5,3,12,2475,DL,LAX,10,144,233,0,0,17,122,228,3,0,37
-1,6,5,3,15,2475,DL,LAX,10,144,233,0,0,17,122,228,3,0,37
-3,6,5,3,9,2475,DL,LAX,10,144,233,0,0,17,122,228,3,0,37
5,6,5,3,18,2475,DL,LAX,10,144,233,0,0,17,122,228,3,0,37
0,6,5,3,21,2475,DL,LAX,10,144,233,0,0,17,122,228,3,0,37
-1,6,5,3,7,2475,DL,LAX,10,144,233,0,0,17,122,228,3,0,37
-7,6,5,3,21,2475,AA,LAX,10,144,233,0,0,17,122,228,3,0,37
1,6,5,3,7,2475,B6,LAX,10,144,233,0,0,17,122,228,3,0,37
0,6,5,3,15,2475,AA,LAX,10,144,233,0,0,17,122,228,3,0,37
4,6,5,3,16,2475,B6,LAX,10,144,233,0,0,17,122,228,3,0,37
3,6,5,3,9,2475,B6,LAX,10,144,233,0,0,17,122,228,3,0,37
-1,6,5,3,20,2475,B6,LAX,10,144,233,0,0,17,122,228,3,0,37
-4,6,5,3,10,2475,AA,LAX,10,144,233,0,0,17,122,228,3,0,37
-9,6,5,3,9,2475,AA,LAX,10,144,233,0,0,17,122,228,3,0,37
6,6,5,3,17,2475,AA,LAX,10,144,233,0,0,17,122,228,3,0,37
-6,6,5,3,12,2475,AA,LAX,10,144,233,0,0,17,122,228,3,0,37
-5,6,5,3,19,2475,AA,LAX,10,144,233,0,0,17,122,228,3,0,37
-3,6,5,3,7,2475,AA,LAX,10,144,233,0,0,17,122,228,3,0,37
-1,6,5,3,13,2475,AA,LAX,10,144,233,0,0,17,122,228,3,0,37
-4,6,5,3,17,2475,DL,LAX,10,144,233,0,0,17,122,228,3,0,37
53,6,5,3,6,2475,UA,LAX,10,144,233,0,0,17,122,228,3,0,37
-1,6,5,3,8,2475,UA,LAX,10,144,233,0,0,17,122,228,3,0,37
-3,6,5,3,7,2475,VX,LAX,10,144,233,0,0,17,122,228,3,0,37
-2,6,5,3,9,2475,VX,LAX,10,144,233,0,0,17,122,228,3,0,37
-8,6,5,3,20,2475,UA,LAX,10,144,233,0,0,17,122,228,3,0,37
-5,6,5,3,11,2475,UA,LAX,10,144,233,0,0,17,122,228,3,0,37
-1,6,5,3,17,2475,UA,LAX,10,144,233,0,0,17,122,228,3,0,37
-1,6,5,3,13,2475,VX,LAX,10,144,233,0,0,17,122,228,3,0,37
3,6,5,3,16,2475,VX,LAX,10,144,233,0,0,17,122,228,3,0,37
0,6,5,3,15,2475,UA,LAX,10,144,233,0,0,17,122,228,3,0,37
-8,6,5,3,20,2475,VX,LAX,10,144,233,0,0,17,122,228,3,0,37
3,6,10,1,9,2475,VX,LAX,15,167,211,351,0,26,156,244,66,0,19
14,6,10,1,16,2475,VX,LAX,15,167,211,351,0,26,156,244,66,0,19
100,6,10,1,20,2475,VX,LAX,15,167,211,351,0,26,156,244,66,0,19
-3,6,10,1,8,2475,UA,LAX,15,167,211,351,0,26,156,244,66,0,19
-2,6,10,1,6,2475,UA,LAX,15,167,211,351,0,26,156,244,66,0,19
9,6,10,1,17,2475,UA,LAX,15,167,211,351,0,26,156,244,66,0,19
11,6,10,1,14,2475,UA,LAX,15,167,211,351,0,26,156,244,66,0,19
129,6,10,1,20,2475,UA,LAX,15,167,211,351,0,26,156,244,66,0,19
-3,6,10,1,11,2475,UA,LAX,15,167,211,351,0,26,156,244,66,0,19
-2,6,10,1,7,2475,VX,LAX,15,167,211,351,0,26,156,244,66,0,19
-3,6,10,1,13,2475,VX,LAX,15,167,211,351,0,26,156,244,66,0,19
-3,6,10,1,7,2475,AA,LAX,15,167,211,351,0,26,156,244,66,0,19
0,6,10,1,9,2475,AA,LAX,15,167,211,351,0,26,156,244,66,0,19
18,6,10,1,19,2475,AA,LAX,15,167,211,351,0,26,156,244,66,0,19
-3,6,10,1,16,2475,B6,LAX,15,167,211,351,0,26,156,244,66,0,19
-3,6,10,1,7,2475,B6,LAX,15,167,211,351,0,26,156,244,66,0,19
-2,6,10,1,17,2475,AA,LAX,15,167,211,351,0,26,156,244,66,0,19
1,6,10,1,9,2475,B6,LAX,15,167,211,351,0,26,156,244,66,0,19
-1,6,10,1,13,2475,AA,LAX,15,167,211,351,0,26,156,244,66,0,19
64,6,10,1,21,2475,AA,LAX,15,167,211,351,0,26,156,244,66,0,19
29,6,10,1,20,2475,B6,LAX,15,167,211,351,0,26,156,244,66,0,19
-5,6,10,1,12,2475,AA,LAX,15,167,211,351,0,26,156,244,66,0,19
-3,6,10,1,10,2475,AA,LAX,15,167,211,351,0,26,156,244,66,0,19
23,6,10,1,15,2475,AA,LAX,15,167,211,351,0,26,156,244,66,0,19
1,6,10,1,9,2475,DL,LAX,15,167,211,351,0,26,156,244,66,0,19
10,6,10,1,7,2475,DL,LAX,15,167,211,351,0,26,156,244,66,0,19
8,6,10,1,12,2475,DL,LAX,15,167,211,351,0,26,156,244,66,0,19
7,6,10,1,17,2475,DL,LAX,15,167,211,351,0,26,156,244,66,0,19
75,6,10,1,21,2475,DL,LAX,15,167,211,351,0,26,156,244,66,0,19
0,6,10,1,18,2475,DL,LAX,15,167,211,351,0,26,156,244,66,0,19
26,6,10,1,15,2475,DL,LAX,15,167,211,351,0,26,156,244,66,0,19
13,6,28,5,7,2475,DL,LAX,6,228,294,0,0,23,194,283,0,0,49
13,6,28,5,9,2475,DL,LAX,6,228,294,0,0,23,194,283,0,0,49
2,6,28,5,15,2475,DL,LAX,6,228,294,0,0,23,194,283,0,0,49
16,6,28,5,18,2475,DL,LAX,6,228,294,0,0,23,194,283,0,0,49
112,6,28,5,21,2475,DL,LAX,6,228,294,0,0,23,194,283,0,0,49
80,6,28,5,12,2475,DL,LAX,6,228,294,0,0,23,194,283,0,0,49
0,6,28,5,17,2475,DL,LAX,6,228,294,0,0,23,194,283,0,0,49
69,6,28,5,21,2475,AA,LAX,6,228,294,0,0,23,194,283,0,0,49
200,6,28,5,15,2475,AA,LAX,6,228,294,0,0,23,194,283,0,0,49
254,6,28,5,19,2475,AA,LAX,6,228,294,0,0,23,194,283,0,0,49
181,6,28,5,20,2475,B6,LAX,6,228,294,0,0,23,194,283,0,0,49
-1,6,28,5,12,2475,B6,LAX,6,228,294,0,0,23,194,283,0,0,49
92,6,28,5,9,2475,B6,LAX,6,228,294,0,0,23,194,283,0,0,49
-6,6,28,5,12,2475,AA,LAX,6,228,294,0,0,23,194,283,0,0,49
3,6,28,5,7,2475,B6,LAX,6,228,294,0,0,23,194,283,0,0,49
104,6,28,5,7,2475,AA,LAX,6,228,294,0,0,23,194,283,0,0,49
-3,6,28,5,16,2475,B6,LAX,6,228,294,0,0,23,194,283,0,0,49
-5,6,28,5,10,2475,AA,LAX,6,228,294,0,0,23,194,283,0,0,49
94,6,28,5,22,2475,B6,LAX,6,228,294,0,0,23,194,283,0,0,49
224,6,28,5,17,2475,AA,LAX,6,228,294,0,0,23,194,283,0,0,49
-9,6,28,5,9,2475,AA,LAX,6,228,294,0,0,23,194,283,0,0,49
102,6,28,5,13,2475,AA,LAX,6,228,294,0,0,23,194,283,0,0,49
75,6,28,5,16,2475,VX,LAX,6,228,294,0,0,23,194,283,0,0,49
69,6,28,5,20,2475,UA,LAX,6,228,294,0,0,23,194,283,0,0,49
233,6,28,5,20,2475,VX,LAX,6,228,294,0,0,23,194,283,0,0,49
-1,6,28,5,14,2475,UA,LAX,6,228,294,0,0,23,194,283,0,0,49
-4,6,28,5,13,2475,VX,LAX,6,228,294,0,0,23,194,283,0,0,49
22,6,28,5,9,2475,VX,LAX,6,228,294,0,0,23,194,283,0,0,49
0,6,28,5,7,2475,VX,LAX,6,228,294,0,0,23,194,283,0,0,49
38,6,28,5,17,2475,UA,LAX,6,228,294,0,0,23,194,283,0,0,49
57,6,28,5,8,2475,UA,LAX,6,228,294,0,0,23,194,283,0,0,49
0,6,28,5,11,2475,UA,LAX,6,228,294,0,0,23,194,283,0,0,49
6,6,28,5,6,2475,UA,LAX,6,228,294,0,0,23,194,283,0,0,49
-2,7,6,6,7,2475,VX,LAX,2,256,333,0,0,20,183,283,0,0,20
-3,7,6,6,9,2475,VX,LAX,2,256,333,0,0,20,183,283,0,0,20
6,7,6,6,13,2475,VX,LAX,2,256,333,0,0,20,183,283,0,0,20
50,7,6,6,16,2475,VX,LAX,2,256,333,0,0,20,183,283,0,0,20
-7,7,6,6,6,2475,UA,LAX,2,256,333,0,0,20,183,283,0,0,20
9,7,6,6,11,2475,UA,LAX,2,256,333,0,0,20,183,283,0,0,20
0,7,6,6,17,2475,UA,LAX,2,256,333,0,0,20,183,283,0,0,20
-15,7,6,6,8,2475,UA,LAX,2,256,333,0,0,20,183,283,0,0,20
2,7,6,6,14,2475,UA,LAX,2,256,333,0,0,20,183,283,0,0,20
15,7,6,6,18,2475,DL,LAX,2,256,333,0,0,20,183,283,0,0,20
2,7,6,6,15,2475,DL,LAX,2,256,333,0,0,20,183,283,0,0,20
-7,7,6,6,9,2475,DL,LAX,2,256,333,0,0,20,183,283,0,0,20
162,7,6,6,19,2475,AA,LAX,2,256,333,0,0,20,183,283,0,0,20
-1,7,6,6,9,2475,AA,LAX,2,256,333,0,0,20,183,283,0,0,20
-1,7,6,6,21,2475,AA,LAX,2,256,333,0,0,20,183,283,0,0,20
0,7,6,6,7,2475,DL,LAX,2,256,333,0,0,20,183,283,0,0,20
52,7,6,6,16,2475,B6,LAX,2,256,333,0,0,20,183,283,0,0,20
-6,7,6,6,7,2475,AA,LAX,2,256,333,0,0,20,183,283,0,0,20
-1,7,6,6,17,2475,AA,LAX,2,256,333,0,0,20,183,283,0,0,20
-4,7,6,6,12,2475,B6,LAX,2,256,333,0,0,20,183,283,0,0,20
7,7,6,6,15,2475,AA,LAX,2,256,333,0,0,20,183,283,0,0,20
22,7,6,6,22,2475,B6,LAX,2,256,333,0,0,20,183,283,0,0,20
-3,7,6,6,20,2475,B6,LAX,2,256,333,0,0,20,183,283,0,0,20
-3,7,6,6,13,2475,AA,LAX,2,256,333,0,0,20,183,283,0,0,20
-2,7,6,6,7,2475,B6,LAX,2,256,333,0,0,20,183,283,0,0,20
-4,7,6,6,12,2475,AA,LAX,2,256,333,0,0,20,183,283,0,0,20
-4,7,6,6,12,2475,DL,LAX,2,256,333,0,0,20,183,283,0,0,20
-5,7,11,4,13,2475,AA,LAX,7,244,289,0,0,17,178,272,0,0,33
89,7,11,4,22,2475,B6,LAX,7,244,289,0,0,17,178,272,0,0,33
-3,7,11,4,12,2475,B6,LAX,7,244,289,0,0,17,178,272,0,0,33
1,7,11,4,9,2475,B6,LAX,7,244,289,0,0,17,178,272,0,0,33
81,7,11,4,16,2475,B6,LAX,7,244,289,0,0,17,178,272,0,0,33
3,7,11,4,21,2475,AA,LAX,7,244,289,0,0,17,178,272,0,0,33
-2,7,11,4,20,2475,B6,LAX,7,244,289,0,0,17,178,272,0,0,33
12,7,11,4,7,2475,B6,LAX,7,244,289,0,0,17,178,272,0,0,33
-2,7,11,4,10,2475,AA,LAX,7,244,289,0,0,17,178,272,0,0,33
6,7,11,4,12,2475,AA,LAX,7,244,289,0,0,17,178,272,0,0,33
-2,7,11,4,19,2475,AA,LAX,7,244,289,0,0,17,178,272,0,0,33
3,7,11,4,15,2475,AA,LAX,7,244,289,0,0,17,178,272,0,0,33
0,7,11,4,7,2475,AA,LAX,7,244,289,0,0,17,178,272,0,0,33
-6,7,11,4,9,2475,AA,LAX,7,244,289,0,0,17,178,272,0,0,33
-3,7,11,4,17,2475,AA,LAX,7,244,289,0,0,17,178,272,0,0,33
20,7,11,4,21,2475,DL,LAX,7,244,289,0,0,17,178,272,0,0,33
7,7,11,4,7,2475,DL,LAX,7,244,289,0,0,17,178,272,0,0,33
9,7,11,4,12,2475,DL,LAX,7,244,289,0,0,17,178,272,0,0,33
72,7,11,4,18,2475,DL,LAX,7,244,289,0,0,17,178,272,0,0,33
3,7,11,4,15,2475,DL,LAX,7,244,289,0,0,17,178,272,0,0,33
3,7,11,4,17,2475,DL,LAX,7,244,289,0,0,17,178,272,0,0,33
-4,7,11,4,9,2475,DL,LAX,7,244,289,0,0,17,178,272,0,0,33
1,7,11,4,14,2475,UA,LAX,7,244,289,0,0,17,178,272,0,0,33
-8,7,11,4,6,2475,UA,LAX,7,244,289,0,0,17,178,272,0,0,33
-6,7,11,4,11,2475,UA,LAX,7,244,289,0,0,17,178,272,0,0,33
-4,7,11,4,8,2475,UA,LAX,7,244,289,0,0,17,178,272,0,0,33
37,7,11,4,17,2475,UA,LAX,7,244,289,0,0,17,178,272,0,0,33
75,7,11,4,20,2475,UA,LAX,7,244,289,0,0,17,178,272,0,0,33
3,7,11,4,14,2475,VX,LAX,7,244,289,0,0,17,178,272,0,0,33
19,7,11,4,7,2475,VX,LAX,7,244,289,0,0,17,178,272,0,0,33
2,7,11,4,9,2475,VX,LAX,7,244,289,0,0,17,178,272,0,0,33
16,7,11,4,13,2475,VX,LAX,7,244,289,0,0,17,178,272,0,0,33
4,7,11,4,16,2475,VX,LAX,7,244,289,0,0,17,178,272,0,0,33
84,7,11,4,20,2475,VX,LAX,7,244,289,0,0,17,178,272,0,0,33
-7,7,29,1,8,2475,UA,LAX,25,206,294,3,0,17,139,244,0,0,31
20,7,29,1,17,2475,UA,LAX,25,206,294,3,0,17,139,244,0,0,31
-1,7,29,1,11,2475,UA,LAX,25,206,294,3,0,17,139,244,0,0,31
-7,7,29,1,6,2475,UA,LAX,25,206,294,3,0,17,139,244,0,0,31
-3,7,29,1,7,2475,VX,LAX,25,206,294,3,0,17,139,244,0,0,31
-3,7,29,1,20,2475,UA,LAX,25,206,294,3,0,17,139,244,0,0,31
2,7,29,1,16,2475,VX,LAX,25,206,294,3,0,17,139,244,0,0,31
-1,7,29,1,14,2475,UA,LAX,25,206,294,3,0,17,139,244,0,0,31
2,7,29,1,13,2475,VX,LAX,25,206,294,3,0,17,139,244,0,0,31
-1,7,29,1,9,2475,VX,LAX,25,206,294,3,0,17,139,244,0,0,31
6,7,29,1,20,2475,VX,LAX,25,206,294,3,0,17,139,244,0,0,31
0,7,29,1,12,2475,DL,LAX,25,206,294,3,0,17,139,244,0,0,31
-5,7,29,1,18,2475,DL,LAX,25,206,294,3,0,17,139,244,0,0,31
-1,7,29,1,15,2475,DL,LAX,25,206,294,3,0,17,139,244,0,0,31
27,7,29,1,21,2475,DL,LAX,25,206,294,3,0,17,139,244,0,0,31
-4,7,29,1,17,2475,DL,LAX,25,206,294,3,0,17,139,244,0,0,31
2,7,29,1,9,2475,DL,LAX,25,206,294,3,0,17,139,244,0,0,31
7,7,29,1,7,2475,DL,LAX,25,206,294,3,0,17,139,244,0,0,31
28,7,29,1,13,2475,AA,LAX,25,206,294,3,0,17,139,244,0,0,31
-2,7,29,1,7,2475,AA,LAX,25,206,294,3,0,17,139,244,0,0,31
0,7,29,1,15,2475,AA,LAX,25,206,294,3,0,17,139,244,0,0,31
-2,7,29,1,17,2475,AA,LAX,25,206,294,3,0,17,139,244,0,0,31
-6,7,29,1,19,2475,AA,LAX,25,206,294,3,0,17,139,244,0,0,31
5,7,29,1,21,2475,AA,LAX,25,206,294,3,0,17,139,244,0,0,31
24,7,29,1,10,2475,AA,LAX,25,206,294,3,0,17,139,244,0,0,31
2,7,29,1,9,2475,AA,LAX,25,206,294,3,0,17,139,244,0,0,31
-5,7,29,1,12,2475,AA,LAX,25,206,294,3,0,17,139,244,0,0,31
-8,7,29,1,12,2475,B6,LAX,25,206,294,3,0,17,139,244,0,0,31
-1,7,29,1,7,2475,B6,LAX,25,206,294,3,0,17,139,244,0,0,31
8,7,29,1,9,2475,B6,LAX,25,206,294,3,0,17,139,244,0,0,31
8,7,29,1,22,2475,B6,LAX,25,206,294,3,0,17,139,244,0,0,31
-8,7,29,1,20,2475,B6,LAX,25,206,294,3,0,17,139,244,0,0,31
5,7,29,1,16,2475,B6,LAX,25,206,294,3,0,17,139,244,0,0,31
-1,8,7,3,18,2475,DL,LAX,25,211,267,0,0,23,194,317,0,0,44
-7,8,7,3,13,2475,AA,LAX,25,211,267,0,0,23,194,317,0,0,44
23,8,7,3,21,2475,DL,LAX,25,211,267,0,0,23,194,317,0,0,44
9,8,7,3,15,2475,DL,LAX,25,211,267,0,0,23,194,317,0,0,44
-5,8,7,3,15,2475,AA,LAX,25,211,267,0,0,23,194,317,0,0,44
9,8,7,3,9,2475,B6,LAX,25,211,267,0,0,23,194,317,0,0,44
-6,8,7,3,10,2475,AA,LAX,25,211,267,0,0,23,194,317,0,0,44
1,8,7,3,12,2475,B6,LAX,25,211,267,0,0,23,194,317,0,0,44
6,8,7,3,16,2475,B6,LAX,25,211,267,0,0,23,194,317,0,0,44
-7,8,7,3,12,2475,AA,LAX,25,211,267,0,0,23,194,317,0,0,44
-1,8,7,3,17,2475,AA,LAX,25,211,267,0,0,23,194,317,0,0,44
7,8,7,3,19,2475,AA,LAX,25,211,267,0,0,23,194,317,0,0,44
34,8,7,3,22,2475,B6,LAX,25,211,267,0,0,23,194,317,0,0,44
20,8,7,3,12,2475,DL,LAX,25,211,267,0,0,23,194,317,0,0,44
-4,8,7,3,9,2475,AA,LAX,25,211,267,0,0,23,194,317,0,0,44
13,8,7,3,20,2475,B6,LAX,25,211,267,0,0,23,194,317,0,0,44
-2,8,7,3,7,2475,B6,LAX,25,211,267,0,0,23,194,317,0,0,44
-3,8,7,3,7,2475,AA,LAX,25,211,267,0,0,23,194,317,0,0,44
-3,8,7,3,9,2475,DL,LAX,25,211,267,0,0,23,194,317,0,0,44
-1,8,7,3,17,2475,DL,LAX,25,211,267,0,0,23,194,317,0,0,44
5,8,7,3,7,2475,DL,LAX,25,211,267,0,0,23,194,317,0,0,44
21,8,7,3,21,2475,AA,LAX,25,211,267,0,0,23,194,317,0,0,44
-6,8,7,3,13,2475,VX,LAX,25,211,267,0,0,23,194,317,0,0,44
-2,8,7,3,9,2475,VX,LAX,25,211,267,0,0,23,194,317,0,0,44
7,8,7,3,7,2475,VX,LAX,25,211,267,0,0,23,194,317,0,0,44
4,8,7,3,14,2475,UA,LAX,25,211,267,0,0,23,194,317,0,0,44
-6,8,7,3,20,2475,UA,LAX,25,211,267,0,0,23,194,317,0,0,44
6,8,7,3,11,2475,UA,LAX,25,211,267,0,0,23,194,317,0,0,44
20,8,7,3,17,2475,UA,LAX,25,211,267,0,0,23,194,317,0,0,44
-8,8,7,3,8,2475,UA,LAX,25,211,267,0,0,23,194,317,0,0,44
-4,8,7,3,6,2475,UA,LAX,25,211,267,0,0,23,194,317,0,0,44
22,8,7,3,20,2475,VX,LAX,25,211,267,0,0,23,194,317,0,0,44
11,8,7,3,16,2475,VX,LAX,25,211,267,0,0,23,194,317,0,0,44
6,8,12,1,14,2475,UA,LAX,20,211,278,13,0,9,194,278,69,0,34
-1,8,12,1,11,2475,UA,LAX,20,211,278,13,0,9,194,278,69,0,34
-1,8,12,1,7,2475,VX,LAX,20,211,278,13,0,9,194,278,69,0,34
0,8,12,1,13,2475,VX,LAX,20,211,278,13,0,9,194,278,69,0,34
1,8,12,1,17,2475,UA,LAX,20,211,278,13,0,9,194,278,69,0,34
-4,8,12,1,8,2475,UA,LAX,20,211,278,13,0,9,194,278,69,0,34
-1,8,12,1,16,2475,VX,LAX,20,211,278,13,0,9,194,278,69,0,34
8,8,12,1,9,2475,VX,LAX,20,211,278,13,0,9,194,278,69,0,34
-1,8,12,1,20,2475,VX,LAX,20,211,278,13,0,9,194,278,69,0,34
0,8,12,1,6,2475,UA,LAX,20,211,278,13,0,9,194,278,69,0,34
76,8,12,1,20,2475,UA,LAX,20,211,278,13,0,9,194,278,69,0,34
-1,8,12,1,9,2475,AA,LAX,20,211,278,13,0,9,194,278,69,0,34
-8,8,12,1,12,2475,AA,LAX,20,211,278,13,0,9,194,278,69,0,34
1,8,12,1,15,2475,AA,LAX,20,211,278,13,0,9,194,278,69,0,34
13,8,12,1,7,2475,AA,LAX,20,211,278,13,0,9,194,278,69,0,34
-1,8,12,1,7,2475,B6,LAX,20,211,278,13,0,9,194,278,69,0,34
11,8,12,1,9,2475,B6,LAX,20,211,278,13,0,9,194,278,69,0,34
-4,8,12,1,13,2475,AA,LAX,20,211,278,13,0,9,194,278,69,0,34
-4,8,12,1,12,2475,DL,LAX,20,211,278,13,0,9,194,278,69,0,34
-3,8,12,1,21,2475,DL,LAX,20,211,278,13,0,9,194,278,69,0,34
-5,8,12,1,17,2475,DL,LAX,20,211,278,13,0,9,194,278,69,0,34
-1,8,12,1,18,2475,DL,LAX,20,211,278,13,0,9,194,278,69,0,34
24,8,12,1,12,2475,B6,LAX,20,211,278,13,0,9,194,278,69,0,34
-1,8,12,1,16,2475,B6,LAX,20,211,278,13,0,9,194,278,69,0,34
21,8,12,1,19,2475,AA,LAX,20,211,278,13,0,9,194,278,69,0,34
45,8,12,1,20,2475,B6,LAX,20,211,278,13,0,9,194,278,69,0,34
-1,8,12,1,22,2475,B6,LAX,20,211,278,13,0,9,194,278,69,0,34
10,8,12,1,15,2475,DL,LAX,20,211,278,13,0,9,194,278,69,0,34
-5,8,12,1,9,2475,DL,LAX,20,211,278,13,0,9,194,278,69,0,34
0,8,12,1,7,2475,DL,LAX,20,211,278,13,0,9,194,278,69,0,34
22,8,12,1,17,2475,AA,LAX,20,211,278,13,0,9,194,278,69,0,34
-2,8,12,1,10,2475,AA,LAX,20,211,278,13,0,9,194,278,69,0,34
-2,8,12,1,21,2475,AA,LAX,20,211,278,13,0,9,194,278,69,0,34
-6,9,8,7,7,2475,B6,LAX,7,178,283,0,0,29,217,250,0,0,53
3,9,8,7,18,2475,DL,LAX,7,178,283,0,0,29,217,250,0,0,53
7,9,8,7,17,2475,DL,LAX,7,178,283,0,0,29,217,250,0,0,53
-5,9,8,7,9,2475,DL,LAX,7,178,283,0,0,29,217,250,0,0,53
0,9,8,7,21,2475,DL,LAX,7,178,283,0,0,29,217,250,0,0,53
14,9,8,7,7,2475,DL,LAX,7,178,283,0,0,29,217,250,0,0,53
10,9,8,7,9,2475,B6,LAX,7,178,283,0,0,29,217,250,0,0,53
-3,9,8,7,11,2475,B6,LAX,7,178,283,0,0,29,217,250,0,0,53
4,9,8,7,16,2475,B6,LAX,7,178,283,0,0,29,217,250,0,0,53
-1,9,8,7,8,2475,UA,LAX,7,178,283,0,0,29,217,250,0,0,53
51,9,8,7,20,2475,B6,LAX,7,178,283,0,0,29,217,250,0,0,53
48,9,8,7,17,2475,UA,LAX,7,178,283,0,0,29,217,250,0,0,53
-7,9,8,7,11,2475,UA,LAX,7,178,283,0,0,29,217,250,0,0,53
5,9,8,7,20,2475,UA,LAX,7,178,283,0,0,29,217,250,0,0,53
10,9,8,7,14,2475,UA,LAX,7,178,283,0,0,29,217,250,0,0,53
-6,9,8,7,7,2475,VX,LAX,7,178,283,0,0,29,217,250,0,0,53
-5,9,8,7,9,2475,VX,LAX,7,178,283,0,0,29,217,250,0,0,53
-4,9,8,7,13,2475,VX,LAX,7,178,283,0,0,29,217,250,0,0,53
-1,9,8,7,16,2475,VX,LAX,7,178,283,0,0,29,217,250,0,0,53
9,9,8,7,20,2475,VX,LAX,7,178,283,0,0,29,217,250,0,0,53
-6,9,8,7,9,2475,AA,LAX,7,178,283,0,0,29,217,250,0,0,53
-1,9,8,7,19,2475,AA,LAX,7,178,283,0,0,29,217,250,0,0,53
-7,9,8,7,12,2475,AA,LAX,7,178,283,0,0,29,217,250,0,0,53
-5,9,8,7,8,2475,AA,LAX,7,178,283,0,0,29,217,250,0,0,53
-5,9,8,7,13,2475,AA,LAX,7,178,283,0,0,29,217,250,0,0,53
-2,9,8,7,10,2475,AA,LAX,7,178,283,0,0,29,217,250,0,0,53
-2,9,8,7,15,2475,AA,LAX,7,178,283,0,0,29,217,250,0,0,53
17,9,8,7,16,2475,AA,LAX,7,178,283,0,0,29,217,250,0,0,53
4,9,8,7,21,2475,AA,LAX,7,178,283,0,0,29,217,250,0,0,53
-2,9,8,7,12,2475,DL,LAX,7,178,283,0,0,29,217,250,0,0,53
25,9,8,7,15,2475,DL,LAX,7,178,283,0,0,29,217,250,0,0,53
10,9,13,5,21,2475,DL,LAX,12,150,250,15,0,23,111,194,0,0,51
9,9,13,5,6,2475,UA,LAX,12,150,250,15,0,23,111,194,0,0,51
3,9,13,5,14,2475,UA,LAX,12,150,250,15,0,23,111,194,0,0,51
-8,9,13,5,8,2475,UA,LAX,12,150,250,15,0,23,111,194,0,0,51
-5,9,13,5,11,2475,UA,LAX,12,150,250,15,0,23,111,194,0,0,51
25,9,13,5,17,2475,UA,LAX,12,150,250,15,0,23,111,194,0,0,51
4,9,13,5,20,2475,UA,LAX,12,150,250,15,0,23,111,194,0,0,51
-3,9,13,5,12,2475,DL,LAX,12,150,250,15,0,23,111,194,0,0,51
11,9,13,5,7,2475,DL,LAX,12,150,250,15,0,23,111,194,0,0,51
4,9,13,5,15,2475,DL,LAX,12,150,250,15,0,23,111,194,0,0,51
16,9,13,5,9,2475,DL,LAX,12,150,250,15,0,23,111,194,0,0,51
-2,9,13,5,17,2475,DL,LAX,12,150,250,15,0,23,111,194,0,0,51
16,9,13,5,18,2475,DL,LAX,12,150,250,15,0,23,111,194,0,0,51
-3,9,13,5,7,2475,VX,LAX,12,150,250,15,0,23,111,194,0,0,51
-6,9,13,5,9,2475,VX,LAX,12,150,250,15,0,23,111,194,0,0,51
5,9,13,5,13,2475,VX,LAX,12,150,250,15,0,23,111,194,0,0,51
2,9,13,5,16,2475,VX,LAX,12,150,250,15,0,23,111,194,0,0,51
4,9,13,5,20,2475,VX,LAX,12,150,250,15,0,23,111,194,0,0,51
-2,9,13,5,20,2475,B6,LAX,12,150,250,15,0,23,111,194,0,0,51
-6,9,13,5,16,2475,B6,LAX,12,150,250,15,0,23,111,194,0,0,51
71,9,13,5,11,2475,B6,LAX,12,150,250,15,0,23,111,194,0,0,51
68,9,13,5,9,2475,B6,LAX,12,150,250,15,0,23,111,194,0,0,51
185,9,13,5,7,2475,B6,LAX,12,150,250,15,0,23,111,194,0,0,51
1,9,13,5,10,2475,AA,LAX,12,150,250,15,0,23,111,194,0,0,51
6,9,13,5,15,2475,AA,LAX,12,150,250,15,0,23,111,194,0,0,51
-6,9,13,5,12,2475,AA,LAX,12,150,250,15,0,23,111,194,0,0,51
-2,9,13,5,19,2475,AA,LAX,12,150,250,15,0,23,111,194,0,0,51
38,9,13,5,16,2475,AA,LAX,12,150,250,15,0,23,111,194,0,0,51
-2,9,13,5,9,2475,AA,LAX,12,150,250,15,0,23,111,194,0,0,51
-2,9,13,5,21,2475,AA,LAX,12,150,250,15,0,23,111,194,0,0,51
1,9,13,5,13,2475,AA,LAX,12,150,250,15,0,23,111,194,0,0,51
-6,9,13,5,8,2475,AA,LAX,12,150,250,15,0,23,111,194,0,0,51
0,10,4,5,17,2475,DL,LAX,9,189,300,0,0,13,183,233,0,0,28
-7,10,4,5,9,2475,DL,LAX,9,189,300,0,0,13,183,233,0,0,28
-3,10,4,5,7,2475,DL,LAX,9,189,300,0,0,13,183,233,0,0,28
-6,10,4,5,12,2475,DL,LAX,9,189,300,0,0,13,183,233,0,0,28
1,10,4,5,15,2475,DL,LAX,9,189,300,0,0,13,183,233,0,0,28
-3,10,4,5,21,2475,DL,LAX,9,189,300,0,0,13,183,233,0,0,28
7,10,4,5,9,2475,B6,LAX,9,189,300,0,0,13,183,233,0,0,28
33,10,4,5,16,2475,AA,LAX,9,189,300,0,0,13,183,233,0,0,28
-7,10,4,5,10,2475,AA,LAX,9,189,300,0,0,13,183,233,0,0,28
0,10,4,5,15,2475,AA,LAX,9,189,300,0,0,13,183,233,0,0,28
-5,10,4,5,16,2475,B6,LAX,9,189,300,0,0,13,183,233,0,0,28
-5,10,4,5,12,2475,AA,LAX,9,189,300,0,0,13,183,233,0,0,28
-5,10,4,5,13,2475,AA,LAX,9,189,300,0,0,13,183,233,0,0,28
6,10,4,5,8,2475,AA,LAX,9,189,300,0,0,13,183,233,0,0,28
63,10,4,5,7,2475,B6,LAX,9,189,300,0,0,13,183,233,0,0,28
0,10,4,5,11,2475,B6,LAX,9,189,300,0,0,13,183,233,0,0,28
14,10,4,5,20,2475,B6,LAX,9,189,300,0,0,13,183,233,0,0,28
-3,10,4,5,19,2475,AA,LAX,9,189,300,0,0,13,183,233,0,0,28
2,10,4,5,21,2475,AA,LAX,9,189,300,0,0,13,183,233,0,0,28
-9,10,4,5,9,2475,AA,LAX,9,189,300,0,0,13,183,233,0,0,28
-4,10,4,5,18,2475,DL,LAX,9,189,300,0,0,13,183,233,0,0,28
-5,10,4,5,17,2475,UA,LAX,9,189,300,0,0,13,183,233,0,0,28
-1,10,4,5,20,2475,VX,LAX,9,189,300,0,0,13,183,233,0,0,28
3,10,4,5,16,2475,VX,LAX,9,189,300,0,0,13,183,233,0,0,28
-8,10,4,5,13,2475,VX,LAX,9,189,300,0,0,13,183,233,0,0,28
-5,10,4,5,9,2475,VX,LAX,9,189,300,0,0,13,183,233,0,0,28
-5,10,4,5,7,2475,VX,LAX,9,189,300,0,0,13,183,233,0,0,28
-3,10,4,5,14,2475,UA,LAX,9,189,300,0,0,13,183,233,0,0,28
-6,10,4,5,6,2475,UA,LAX,9,189,300,0,0,13,183,233,0,0,28
-6,10,4,5,20,2475,UA,LAX,9,189,300,0,0,13,183,233,0,0,28
-3,10,4,5,11,2475,UA,LAX,9,189,300,0,0,13,183,233,0,0,28
-6,10,4,5,8,2475,UA,LAX,9,189,300,0,0,13,183,233,0,0,28
12,10,27,7,16,2475,VX,LAX,14,78,144,0,0,23,-16,122,0,0,30
25,10,27,7,17,2475,DL,LAX,14,78,144,0,0,23,-16,122,0,0,30
7,10,27,7,21,2475,DL,LAX,14,78,144,0,0,23,-16,122,0,0,30
1,10,27,7,13,2475,VX,LAX,14,78,144,0,0,23,-16,122,0,0,30
-6,10,27,7,18,2475,DL,LAX,14,78,144,0,0,23,-16,122,0,0,30
-6,10,27,7,9,2475,VX,LAX,14,78,144,0,0,23,-16,122,0,0,30
-6,10,27,7,7,2475,VX,LAX,14,78,144,0,0,23,-16,122,0,0,30
-3,10,27,7,12,2475,DL,LAX,14,78,144,0,0,23,-16,122,0,0,30
-2,10,27,7,7,2475,DL,LAX,14,78,144,0,0,23,-16,122,0,0,30
-3,10,27,7,15,2475,DL,LAX,14,78,144,0,0,23,-16,122,0,0,30
-1,10,27,7,7,2475,DL,LAX,14,78,144,0,0,23,-16,122,0,0,30
2,10,27,7,20,2475,VX,LAX,14,78,144,0,0,23,-16,122,0,0,30
2,10,27,7,17,2475,UA,LAX,14,78,144,0,0,23,-16,122,0,0,30
-5,10,27,7,14,2475,UA,LAX,14,78,144,0,0,23,-16,122,0,0,30
63,10,27,7,7,2475,UA,LAX,14,78,144,0,0,23,-16,122,0,0,30
-9,10,27,7,11,2475,UA,LAX,14,78,144,0,0,23,-16,122,0,0,30
22,10,27,7,20,2475,UA,LAX,14,78,144,0,0,23,-16,122,0,0,30
-7,10,27,7,8,2475,AA,LAX,14,78,144,0,0,23,-16,122,0,0,30
71,10,27,7,16,2475,AA,LAX,14,78,144,0,0,23,-16,122,0,0,30
-6,10,27,7,21,2475,AA,LAX,14,78,144,0,0,23,-16,122,0,0,30
-8,10,27,7,10,2475,AA,LAX,14,78,144,0,0,23,-16,122,0,0,30
-1,10,27,7,19,2475,AA,LAX,14,78,144,0,0,23,-16,122,0,0,30
-3,10,27,7,11,2475,B6,LAX,14,78,144,0,0,23,-16,122,0,0,30
-6,10,27,7,7,2475,B6,LAX,14,78,144,0,0,23,-16,122,0,0,30
-4,10,27,7,9,2475,B6,LAX,14,78,144,0,0,23,-16,122,0,0,30
0,10,27,7,16,2475,B6,LAX,14,78,144,0,0,23,-16,122,0,0,30
-3,10,27,7,20,2475,B6,LAX,14,78,144,0,0,23,-16,122,0,0,30
-2,10,27,7,12,2475,AA,LAX,14,78,144,0,0,23,-16,122,0,0,30
-4,10,27,7,13,2475,AA,LAX,14,78,144,0,0,23,-16,122,0,0,30
5,10,27,7,15,2475,AA,LAX,14,78,144,0,0,23,-16,122,0,0,30
-5,10,27,7,9,2475,AA,LAX,14,78,144,0,0,23,-16,122,0,0,30
-4,11,5,2,14,2475,UA,LAX,6,50,128,0,0,18,100,128,10,0,48
2,11,5,2,8,2475,UA,LAX,6,50,128,0,0,18,100,128,10,0,48
-2,11,5,2,11,2475,UA,LAX,6,50,128,0,0,18,100,128,10,0,48
-6,11,5,2,6,2475,UA,LAX,6,50,128,0,0,18,100,128,10,0,48
0,11,5,2,20,2475,UA,LAX,6,50,128,0,0,18,100,128,10,0,48
-6,11,5,2,17,2475,UA,LAX,6,50,128,0,0,18,100,128,10,0,48
-2,11,5,2,16,2475,VX,LAX,6,50,128,0,0,18,100,128,10,0,48
1,11,5,2,20,2475,VX,LAX,6,50,128,0,0,18,100,128,10,0,48
31,11,5,2,13,2475,VX,LAX,6,50,128,0,0,18,100,128,10,0,48
-6,11,5,2,9,2475,VX,LAX,6,50,128,0,0,18,100,128,10,0,48
-8,11,5,2,7,2475,VX,LAX,6,50,128,0,0,18,100,128,10,0,48
0,11,5,2,16,2475,B6,LAX,6,50,128,0,0,18,100,128,10,0,48
4,11,5,2,9,2475,B6,LAX,6,50,128,0,0,18,100,128,10,0,48
-8,11,5,2,7,2475,B6,LAX,6,50,128,0,0,18,100,128,10,0,48
-3,11,5,2,20,2475,B6,LAX,6,50,128,0,0,18,100,128,10,0,48
75,11,5,2,15,2475,AA,LAX,6,50,128,0,0,18,100,128,10,0,48
-3,11,5,2,16,2475,DL,LAX,6,50,128,0,0,18,100,128,10,0,48
0,11,5,2,20,2475,DL,LAX,6,50,128,0,0,18,100,128,10,0,48
-4,11,5,2,19,2475,AA,LAX,6,50,128,0,0,18,100,128,10,0,48
24,11,5,2,7,2475,DL,LAX,6,50,128,0,0,18,100,128,10,0,48
102,11,5,2,10,2475,AA,LAX,6,50,128,0,0,18,100,128,10,0,48
2,11,5,2,8,2475,AA,LAX,6,50,128,0,0,18,100,128,10,0,48
-6,11,5,2,9,2475,AA,LAX,6,50,128,0,0,18,100,128,10,0,48
-3,11,5,2,16,2475,AA,LAX,6,50,128,0,0,18,100,128,10,0,48
-6,11,5,2,12,2475,AA,LAX,6,50,128,0,0,18,100,128,10,0,48
11,11,5,2,13,2475,AA,LAX,6,50,128,0,0,18,100,128,10,0,48
-6,11,5,2,18,2475,DL,LAX,6,50,128,0,0,18,100,128,10,0,48
-4,11,5,2,15,2475,DL,LAX,6,50,128,0,0,18,100,128,10,0,48
-4,11,5,2,9,2475,DL,LAX,6,50,128,0,0,18,100,128,10,0,48
-4,11,5,2,21,2475,AA,LAX,6,50,128,0,0,18,100,128,10,0,48
-5,11,5,2,12,2475,DL,LAX,6,50,128,0,0,18,100,128,10,0,48
5,11,5,2,11,2475,B6,LAX,6,50,128,0,0,18,100,128,10,0,48
-1,11,10,7,7,2475,DL,LAX,1,67,161,0,0,34,17,94,0,0,43
12,11,10,7,20,2475,DL,LAX,1,67,161,0,0,34,17,94,0,0,43
-3,11,10,7,18,2475,DL,LAX,1,67,161,0,0,34,17,94,0,0,43
-5,11,10,7,12,2475,DL,LAX,1,67,161,0,0,34,17,94,0,0,43
-2,11,10,7,9,2475,DL,LAX,1,67,161,0,0,34,17,94,0,0,43
-7,11,10,7,11,2475,B6,LAX,1,67,161,0,0,34,17,94,0,0,43
4,11,10,7,20,2475,B6,LAX,1,67,161,0,0,34,17,94,0,0,43
-5,11,10,7,16,2475,B6,LAX,1,67,161,0,0,34,17,94,0,0,43
-4,11,10,7,7,2475,B6,LAX,1,67,161,0,0,34,17,94,0,0,43
-4,11,10,7,9,2475,B6,LAX,1,67,161,0,0,34,17,94,0,0,43
-2,11,10,7,15,2475,DL,LAX,1,67,161,0,0,34,17,94,0,0,43
-6,11,10,7,10,2475,AA,LAX,1,67,161,0,0,34,17,94,0,0,43
55,11,10,7,21,2475,AA,LAX,1,67,161,0,0,34,17,94,0,0,43
-4,11,10,7,16,2475,AA,LAX,1,67,161,0,0,34,17,94,0,0,43
-2,11,10,7,13,2475,AA,LAX,1,67,161,0,0,34,17,94,0,0,43
-6,11,10,7,12,2475,AA,LAX,1,67,161,0,0,34,17,94,0,0,43
-3,11,10,7,8,2475,AA,LAX,1,67,161,0,0,34,17,94,0,0,43
-5,11,10,7,15,2475,AA,LAX,1,67,161,0,0,34,17,94,0,0,43
118,11,10,7,19,2475,AA,LAX,1,67,161,0,0,34,17,94,0,0,43
0,11,10,7,9,2475,AA,LAX,1,67,161,0,0,34,17,94,0,0,43
0,11,10,7,16,2475,DL,LAX,1,67,161,0,0,34,17,94,0,0,43
-2,11,10,7,20,2475,VX,LAX,1,67,161,0,0,34,17,94,0,0,43
2,11,10,7,14,2475,UA,LAX,1,67,161,0,0,34,17,94,0,0,43
-1,11,10,7,11,2475,UA,LAX,1,67,161,0,0,34,17,94,0,0,43
9,11,10,7,17,2475,UA,LAX,1,67,161,0,0,34,17,94,0,0,43
-2,11,10,7,8,2475,UA,LAX,1,67,161,0,0,34,17,94,0,0,43
22,11,10,7,20,2475,UA,LAX,1,67,161,0,0,34,17,94,0,0,43
-5,11,10,7,7,2475,VX,LAX,1,67,161,0,0,34,17,94,0,0,43
-1,11,10,7,9,2475,VX,LAX,1,67,161,0,0,34,17,94,0,0,43
4,11,10,7,13,2475,VX,LAX,1,67,161,0,0,34,17,94,0,0,43
6,11,10,7,16,2475,VX,LAX,1,67,161,0,0,34,17,94,0,0,43
-3,11,28,4,6,2475,UA,LAX,1,-10,17,0,0,32,-71,11,0,0,41
-7,11,28,4,8,2475,UA,LAX,1,-10,17,0,0,32,-71,11,0,0,41
4,11,28,4,9,2475,VX,LAX,1,-10,17,0,0,32,-71,11,0,0,41
-8,11,28,4,13,2475,VX,LAX,1,-10,17,0,0,32,-71,11,0,0,41
-2,11,28,4,16,2475,VX,LAX,1,-10,17,0,0,32,-71,11,0,0,41
-4,11,28,4,7,2475,VX,LAX,1,-10,17,0,0,32,-71,11,0,0,41
59,11,28,4,14,2475,UA,LAX,1,-10,17,0,0,32,-71,11,0,0,41
17,11,28,4,9,2475,B6,LAX,1,-10,17,0,0,32,-71,11,0,0,41
-1,11,28,4,7,2475,AA,LAX,1,-10,17,0,0,32,-71,11,0,0,41
-6,11,28,4,9,2475,DL,LAX,1,-10,17,0,0,32,-71,11,0,0,41
6,11,28,4,12,2475,DL,LAX,1,-10,17,0,0,32,-71,11,0,0,41
140,11,28,4,12,2475,AA,LAX,1,-10,17,0,0,32,-71,11,0,0,41
-6,11,28,4,10,2475,AA,LAX,1,-10,17,0,0,32,-71,11,0,0,41
-6,11,28,4,21,2475,AA,LAX,1,-10,17,0,0,32,-71,11,0,0,41
-5,11,28,4,9,2475,DL,LAX,1,-10,17,0,0,32,-71,11,0,0,41
4,11,28,4,16,2475,AA,LAX,1,-10,17,0,0,32,-71,11,0,0,41
-3,11,28,4,18,2475,DL,LAX,1,-10,17,0,0,32,-71,11,0,0,41
8,11,28,4,15,2475,DL,LAX,1,-10,17,0,0,32,-71,11,0,0,41
-8,11,28,4,9,2475,AA,LAX,1,-10,17,0,0,32,-71,11,0,0,41
0,11,28,4,7,2475,B6,LAX,1,-10,17,0,0,32,-71,11,0,0,41
67,11,28,4,11,2475,B6,LAX,1,-10,17,0,0,32,-71,11,0,0,41
-3,12,6,5,6,2475,UA,LAX,9,28,167,185,0,26,-105,-60,0,0,43
-5,12,6,5,7,2475,DL,LAX,9,28,167,185,0,26,-105,-60,0,0,43
-6,12,6,5,20,2475,DL,LAX,9,28,167,185,0,26,-105,-60,0,0,43
-11,12,6,5,13,2475,VX,LAX,9,28,167,185,0,26,-105,-60,0,0,43
-5,12,6,5,9,2475,VX,LAX,9,28,167,185,0,26,-105,-60,0,0,43
-11,12,6,5,7,2475,VX,LAX,9,28,167,185,0,26,-105,-60,0,0,43
-3,12,6,5,8,2475,UA,LAX,9,28,167,185,0,26,-105,-60,0,0,43
-2,12,6,5,14,2475,UA,LAX,9,28,167,185,0,26,-105,-60,0,0,43
0,12,6,5,20,2475,VX,LAX,9,28,167,185,0,26,-105,-60,0,0,43
-4,12,6,5,16,2475,VX,LAX,9,28,167,185,0,26,-105,-60,0,0,43
-5,12,6,5,16,2475,DL,LAX,9,28,167,185,0,26,-105,-60,0,0,43
-6,12,6,5,17,2475,UA,LAX,9,28,167,185,0,26,-105,-60,0,0,43
0,12,6,5,18,2475,DL,LAX,9,28,167,185,0,26,-105,-60,0,0,43
-7,12,6,5,12,2475,DL,LAX,9,28,167,185,0,26,-105,-60,0,0,43
-6,12,6,5,9,2475,DL,LAX,9,28,167,185,0,26,-105,-60,0,0,43
-3,12,6,5,15,2475,DL,LAX,9,28,167,185,0,26,-105,-60,0,0,43
-8,12,6,5,11,2475,UA,LAX,9,28,167,185,0,26,-105,-60,0,0,43
22,12,6,5,20,2475,UA,LAX,9,28,167,185,0,26,-105,-60,0,0,43
-3,12,6,5,19,2475,AA,LAX,9,28,167,185,0,26,-105,-60,0,0,43
2,12,6,5,9,2475,AA,LAX,9,28,167,185,0,26,-105,-60,0,0,43
8,12,6,5,10,2475,AA,LAX,9,28,167,185,0,26,-105,-60,0,0,43
1,12,6,5,21,2475,AA,LAX,9,28,167,185,0,26,-105,-60,0,0,43
0,12,6,5,16,2475,AA,LAX,9,28,167,185,0,26,-105,-60,0,0,43
21,12,6,5,7,2475,AA,LAX,9,28,167,185,0,26,-105,-60,0,0,43
0,12,6,5,20,2475,B6,LAX,9,28,167,185,0,26,-105,-60,0,0,43
7,12,6,5,16,2475,B6,LAX,9,28,167,185,0,26,-105,-60,0,0,43
-7,12,6,5,13,2475,AA,LAX,9,28,167,185,0,26,-105,-60,0,0,43
49,12,6,5,12,2475,AA,LAX,9,28,167,185,0,26,-105,-60,0,0,43
4,12,6,5,15,2475,AA,LAX,9,28,167,185,0,26,-105,-60,0,0,43
3,12,6,5,11,2475,B6,LAX,9,28,167,185,0,26,-105,-60,0,0,43
-4,12,6,5,9,2475,B6,LAX,9,28,167,185,0,26,-105,-60,0,0,43
-3,12,6,5,7,2475,B6,LAX,9,28,167,185,0,26,-105,-60,0,0,43
-3,12,11,3,11,2475,B6,LAX,14,-27,6,0,0,34,-171,-60,13,18,42
-3,12,11,3,9,2475,B6,LAX,14,-27,6,0,0,34,-171,-60,13,18,42
-8,12,11,3,7,2475,B6,LAX,14,-27,6,0,0,34,-171,-60,13,18,42
-5,12,11,3,15,2475,AA,LAX,14,-27,6,0,0,34,-171,-60,13,18,42
3,12,11,3,16,2475,AA,LAX,14,-27,6,0,0,34,-171,-60,13,18,42
1,12,11,3,9,2475,AA,LAX,14,-27,6,0,0,34,-171,-60,13,18,42
3,12,11,3,19,2475,AA,LAX,14,-27,6,0,0,34,-171,-60,13,18,42
0,12,11,3,21,2475,AA,LAX,14,-27,6,0,0,34,-171,-60,13,18,42
-6,12,11,3,13,2475,AA,LAX,14,-27,6,0,0,34,-171,-60,13,18,42
25,12,11,3,10,2475,AA,LAX,14,-27,6,0,0,34,-171,-60,13,18,42
-7,12,11,3,12,2475,AA,LAX,14,-27,6,0,0,34,-171,-60,13,18,42
-2,12,11,3,7,2475,AA,LAX,14,-27,6,0,0,34,-171,-60,13,18,42
-1,12,11,3,20,2475,B6,LAX,14,-27,6,0,0,34,-171,-60,13,18,42
12,12,11,3,16,2475,B6,LAX,14,-27,6,0,0,34,-171,-60,13,18,42
-5,12,11,3,16,2475,DL,LAX,14,-27,6,0,0,34,-171,-60,13,18,42
22,12,11,3,20,2475,UA,LAX,14,-27,6,0,0,34,-171,-60,13,18,42
13,12,11,3,6,2475,UA,LAX,14,-27,6,0,0,34,-171,-60,13,18,42
-1,12,11,3,8,2475,UA,LAX,14,-27,6,0,0,34,-171,-60,13,18,42
-2,12,11,3,11,2475,UA,LAX,14,-27,6,0,0,34,-171,-60,13,18,42
-1,12,11,3,14,2475,UA,LAX,14,-27,6,0,0,34,-171,-60,13,18,42
-4,12,11,3,17,2475,UA,LAX,14,-27,6,0,0,34,-171,-60,13,18,42
-4,12,11,3,15,2475,DL,LAX,14,-27,6,0,0,34,-171,-60,13,18,42
35,12,11,3,9,2475,DL,LAX,14,-27,6,0,0,34,-171,-60,13,18,42
45,12,11,3,7,2475,VX,LAX,14,-27,6,0,0,34,-171,-60,13,18,42
-1,12,11,3,9,2475,VX,LAX,14,-27,6,0,0,34,-171,-60,13,18,42
-1,12,11,3,13,2475,VX,LAX,14,-27,6,0,0,34,-171,-60,13,18,42
-2,12,11,3,16,2475,VX,LAX,14,-27,6,0,0,34,-171,-60,13,18,42
13,12,11,3,20,2475,VX,LAX,14,-27,6,0,0,34,-171,-60,13,18,42
1,12,11,3,12,2475,DL,LAX,14,-27,6,0,0,34,-171,-60,13,18,42
-5,12,11,3,18,2475,DL,LAX,14,-27,6,0,0,34,-171,-60,13,18,42
0,12,11,3,20,2475,DL,LAX,14,-27,6,0,0,34,-171,-60,13,18,42
-1,12,11,3,7,2475,DL,LAX,14,-27,6,0,0,34,-171,-60,13,18,42
1,12,29,7,7,2475,AA,LAX,3,50,89,305,0,27,-116,44,3,0,52
36,12,29,7,22,2475,B6,LAX,3,50,89,305,0,27,-116,44,3,0,52
-5,12,29,7,12,2475,AA,LAX,3,50,89,305,0,27,-116,44,3,0,52
34,12,29,7,21,2475,AA,LAX,3,50,89,305,0,27,-116,44,3,0,52
-5,12,29,7,15,2475,AA,LAX,3,50,89,305,0,27,-116,44,3,0,52
-4,12,29,7,16,2475,B6,LAX,3,50,89,305,0,27,-116,44,3,0,52
-3,12,29,7,13,2475,AA,LAX,3,50,89,305,0,27,-116,44,3,0,52
16,12,29,7,16,2475,AA,LAX,3,50,89,305,0,27,-116,44,3,0,52
-2,12,29,7,9,2475,AA,LAX,3,50,89,305,0,27,-116,44,3,0,52
-4,12,29,7,11,2475,B6,LAX,3,50,89,305,0,27,-116,44,3,0,52
4,12,29,7,9,2475,B6,LAX,3,50,89,305,0,27,-116,44,3,0,52
-2,12,29,7,7,2475,B6,LAX,3,50,89,305,0,27,-116,44,3,0,52
82,12,29,7,20,2475,B6,LAX,3,50,89,305,0,27,-116,44,3,0,52
79,12,29,7,19,2475,AA,LAX,3,50,89,305,0,27,-116,44,3,0,52
-8,12,29,7,14,2475,UA,LAX,3,50,89,305,0,27,-116,44,3,0,52
-6,12,29,7,11,2475,UA,LAX,3,50,89,305,0,27,-116,44,3,0,52
29,12,29,7,17,2475,UA,LAX,3,50,89,305,0,27,-116,44,3,0,52
-12,12,29,7,8,2475,UA,LAX,3,50,89,305,0,27,-116,44,3,0,52
74,12,29,7,20,2475,UA,LAX,3,50,89,305,0,27,-116,44,3,0,52
34,12,29,7,15,2475,DL,LAX,3,50,89,305,0,27,-116,44,3,0,52
-1,12,29,7,9,2475,DL,LAX,3,50,89,305,0,27,-116,44,3,0,52
-2,12,29,7,18,2475,DL,LAX,3,50,89,305,0,27,-116,44,3,0,52
0,12,29,7,20,2475,DL,LAX,3,50,89,305,0,27,-116,44,3,0,52
8,12,29,7,7,2475,VX,LAX,3,50,89,305,0,27,-116,44,3,0,52
-2,12,29,7,17,2475,DL,LAX,3,50,89,305,0,27,-116,44,3,0,52
1,12,29,7,9,2475,VX,LAX,3,50,89,305,0,27,-116,44,3,0,52
0,12,29,7,13,2475,VX,LAX,3,50,89,305,0,27,-116,44,3,0,52
28,12,29,7,16,2475,VX,LAX,3,50,89,305,0,27,-116,44,3,0,52
10,12,29,7,20,2475,VX,LAX,3,50,89,305,0,27,-116,44,3,0,52
-2,12,29,7,7,2475,DL,LAX,3,50,89,305,0,27,-116,44,3,0,52
