16,1,9,3,16,2475,AA,LAX,8,39,94,0,0,18,-28,100,0,0,63
-2,1,9,3,21,2475,AA,LAX,8,39,94,0,0,18,-28,100,0,0,63
0,1,9,3,9,2475,AA,LAX,8,39,94,0,0,18,-28,100,0,0,63
58,1,9,3,10,2475,AA,LAX,8,39,94,0,0,18,-28,100,0,0,63
12,1,9,3,15,2475,AA,LAX,8,39,94,0,0,18,-28,100,0,0,63
-2,1,9,3,7,2475,AA,LAX,8,39,94,0,0,18,-28,100,0,0,63
-2,1,9,3,19,2475,AA,LAX,8,39,94,0,0,18,-28,100,0,0,63
-4,1,9,3,13,2475,AA,LAX,8,39,94,0,0,18,-28,100,0,0,63
7,1,9,3,12,2475,AA,LAX,8,39,94,0,0,18,-28,100,0,0,63
-6,1,9,3,20,2475,VX,LAX,8,39,94,0,0,18,-28,100,0,0,63
1,1,9,3,16,2475,VX,LAX,8,39,94,0,0,18,-28,100,0,0,63
10,1,9,3,13,2475,VX,LAX,8,39,94,0,0,18,-28,100,0,0,63
-2,1,9,3,9,2475,VX,LAX,8,39,94,0,0,18,-28,100,0,0,63
7,1,9,3,7,2475,VX,LAX,8,39,94,0,0,18,-28,100,0,0,63
3,1,9,3,6,2475,UA,LAX,8,39,94,0,0,18,-28,100,0,0,63
1,1,9,3,15,2475,UA,LAX,8,39,94,0,0,18,-28,100,0,0,63
1,1,9,3,8,2475,UA,LAX,8,39,94,0,0,18,-28,100,0,0,63
-7,1,9,3,20,2475,UA,LAX,8,39,94,0,0,18,-28,100,0,0,63
-7,1,9,3,11,2475,UA,LAX,8,39,94,0,0,18,-28,100,0,0,63
-5,1,9,3,17,2475,UA,LAX,8,39,94,0,0,18,-28,100,0,0,63
-2,1,9,3,15,2475,DL,LAX,8,39,94,0,0,18,-28,100,0,0,63
-7,1,9,3,12,2475,DL,LAX,8,39,94,0,0,18,-28,100,0,0,63
-2,1,9,3,7,2475,DL,LAX,8,39,94,0,0,18,-28,100,0,0,63
1,1,9,3,17,2475,DL,LAX,8,39,94,0,0,18,-28,100,0,0,63
-5,1,9,3,9,2475,DL,LAX,8,39,94,0,0,18,-28,100,0,0,63
-6,1,9,3,19,2475,DL,LAX,8,39,94,0,0,18,-28,100,0,0,63
-1,1,9,3,21,2475,DL,LAX,8,39,94,0,0,18,-28,100,0,0,63
2,1,9,3,20,2475,B6,LAX,8,39,94,0,0,18,-28,100,0,0,63
-3,1,9,3,16,2475,B6,LAX,8,39,94,0,0,18,-28,100,0,0,63
-5,1,9,3,11,2475,B6,LAX,8,39,94,0,0,18,-28,100,0,0,63
0,1,9,3,7,2475,B6,LAX,8,39,94,0,0,18,-28,100,0,0,63
-4,1,14,1,9,2475,VX,LAX,7,33,133,23,0,22,-111,-39,0,0,29
-5,1,14,1,6,2475,UA,LAX,7,33,133,23,0,22,-111,-39,0,0,29
28,1,14,1,20,2475,UA,LAX,7,33,133,23,0,22,-111,-39,0,0,29
-1,1,14,1,11,2475,UA,LAX,7,33,133,23,0,22,-111,-39,0,0,29
0,1,14,1,17,2475,UA,LAX,7,33,133,23,0,22,-111,-39,0,0,29
1,1,14,1,17,2475,DL,LAX,7,33,133,23,0,22,-111,-39,0,0,29
95,1,14,1,7,2475,DL,LAX,7,33,133,23,0,22,-111,-39,0,0,29
-8,1,14,1,7,2475,VX,LAX,7,33,133,23,0,22,-111,-39,0,0,29
-5,1,14,1,21,2475,DL,LAX,7,33,133,23,0,22,-111,-39,0,0,29
3,1,14,1,20,2475,VX,LAX,7,33,133,23,0,22,-111,-39,0,0,29
-7,1,14,1,19,2475,DL,LAX,7,33,133,23,0,22,-111,-39,0,0,29
-4,1,14,1,15,2475,DL,LAX,7,33,133,23,0,22,-111,-39,0,0,29
17,1,14,1,20,2475,B6,LAX,7,33,133,23,0,22,-111,-39,0,0,29
0,1,14,1,7,2475,B6,LAX,7,33,133,23,0,22,-111,-39,0,0,29
-2,1,14,1,11,2475,B6,LAX,7,33,133,23,0,22,-111,-39,0,0,29
3,1,14,1,16,2475,B6,LAX,7,33,133,23,0,22,-111,-39,0,0,29
0,1,14,1,12,2475,DL,LAX,7,33,133,23,0,22,-111,-39,0,0,29
-9,1,14,1,16,2475,VX,LAX,7,33,133,23,0,22,-111,-39,0,0,29
-2,1,14,1,9,2475,DL,LAX,7,33,133,23,0,22,-111,-39,0,0,29
-4,1,14,1,15,2475,UA,LAX,7,33,133,23,0,22,-111,-39,0,0,29
-4,1,14,1,8,2475,UA,LAX,7,33,133,23,0,22,-111,-39,0,0,29
-2,1,14,1,13,2475,VX,LAX,7,33,133,23,0,22,-111,-39,0,0,29
-11,1,14,1,19,2475,AA,LAX,7,33,133,23,0,22,-111,-39,0,0,29
-5,1,14,1,13,2475,AA,LAX,7,33,133,23,0,22,-111,-39,0,0,29
-4,1,14,1,15,2475,AA,LAX,7,33,133,23,0,22,-111,-39,0,0,29
-4,1,14,1,7,2475,AA,LAX,7,33,133,23,0,22,-111,-39,0,0,29
-2,1,14,1,16,2475,AA,LAX,7,33,133,23,0,22,-111,-39,0,0,29
-3,1,14,1,10,2475,AA,LAX,7,33,133,23,0,22,-111,-39,0,0,29
-7,1,14,1,21,2475,AA,LAX,7,33,133,23,0,22,-111,-39,0,0,29
-2,1,14,1,9,2475,AA,LAX,7,33,133,23,0,22,-111,-39,0,0,29
5,1,14,1,12,2475,AA,LAX,7,33,133,23,0,22,-111,-39,0,0,29
0,2,15,5,19,2475,DL,LAX,3,28,128,0,0,27,-67,6,0,0,51
1,2,15,5,17,2475,DL,LAX,3,28,128,0,0,27,-67,6,0,0,51
-3,2,15,5,9,2475,DL,LAX,3,28,128,0,0,27,-67,6,0,0,51
-4,2,15,5,10,2475,AA,LAX,3,28,128,0,0,27,-67,6,0,0,51
-3,2,15,5,12,2475,AA,LAX,3,28,128,0,0,27,-67,6,0,0,51
-2,2,15,5,11,2475,B6,LAX,3,28,128,0,0,27,-67,6,0,0,51
3,2,15,5,21,2475,AA,LAX,3,28,128,0,0,27,-67,6,0,0,51
-4,2,15,5,16,2475,B6,LAX,3,28,128,0,0,27,-67,6,0,0,51
26,2,15,5,20,2475,B6,LAX,3,28,128,0,0,27,-67,6,0,0,51
0,2,15,5,7,2475,AA,LAX,3,28,128,0,0,27,-67,6,0,0,51
-4,2,15,5,9,2475,AA,LAX,3,28,128,0,0,27,-67,6,0,0,51
-8,2,15,5,13,2475,AA,LAX,3,28,128,0,0,27,-67,6,0,0,51
33,2,15,5,16,2475,AA,LAX,3,28,128,0,0,27,-67,6,0,0,51
106,2,15,5,15,2475,AA,LAX,3,28,128,0,0,27,-67,6,0,0,51
10,2,15,5,19,2475,AA,LAX,3,28,128,0,0,27,-67,6,0,0,51
-7,2,15,5,7,2475,B6,LAX,3,28,128,0,0,27,-67,6,0,0,51
12,2,15,5,21,2475,DL,LAX,3,28,128,0,0,27,-67,6,0,0,51
30,2,15,5,7,2475,DL,LAX,3,28,128,0,0,27,-67,6,0,0,51
-7,2,15,5,12,2475,DL,LAX,3,28,128,0,0,27,-67,6,0,0,51
6,2,15,5,20,2475,VX,LAX,3,28,128,0,0,27,-67,6,0,0,51
17,2,15,5,16,2475,VX,LAX,3,28,128,0,0,27,-67,6,0,0,51
2,2,15,5,9,2475,VX,LAX,3,28,128,0,0,27,-67,6,0,0,51
0,2,15,5,7,2475,VX,LAX,3,28,128,0,0,27,-67,6,0,0,51
2,2,15,5,13,2475,VX,LAX,3,28,128,0,0,27,-67,6,0,0,51
-5,2,15,5,11,2475,UA,LAX,3,28,128,0,0,27,-67,6,0,0,51
1,2,15,5,15,2475,UA,LAX,3,28,128,0,0,27,-67,6,0,0,51
-6,2,15,5,8,2475,UA,LAX,3,28,128,0,0,27,-67,6,0,0,51
1,2,15,5,17,2475,UA,LAX,3,28,128,0,0,27,-67,6,0,0,51
22,2,15,5,20,2475,UA,LAX,3,28,128,0,0,27,-67,6,0,0,51
0,2,15,5,6,2475,UA,LAX,3,28,128,0,0,27,-67,6,0,0,51
-3,2,15,5,15,2475,DL,LAX,3,28,128,0,0,27,-67,6,0,0,51
-4,2,20,3,19,2475,DL,LAX,2,-39,33,0,0,54,-133,-44,0,0,45
-3,2,20,3,7,2475,DL,LAX,2,-39,33,0,0,54,-133,-44,0,0,45
-7,2,20,3,13,2475,VX,LAX,2,-39,33,0,0,54,-133,-44,0,0,45
-5,2,20,3,9,2475,VX,LAX,2,-39,33,0,0,54,-133,-44,0,0,45
-6,2,20,3,15,2475,DL,LAX,2,-39,33,0,0,54,-133,-44,0,0,45
-6,2,20,3,21,2475,DL,LAX,2,-39,33,0,0,54,-133,-44,0,0,45
-9,2,20,3,20,2475,VX,LAX,2,-39,33,0,0,54,-133,-44,0,0,45
-3,2,20,3,12,2475,DL,LAX,2,-39,33,0,0,54,-133,-44,0,0,45
-3,2,20,3,7,2475,VX,LAX,2,-39,33,0,0,54,-133,-44,0,0,45
-4,2,20,3,17,2475,DL,LAX,2,-39,33,0,0,54,-133,-44,0,0,45
0,2,20,3,16,2475,VX,LAX,2,-39,33,0,0,54,-133,-44,0,0,45
-6,2,20,3,9,2475,DL,LAX,2,-39,33,0,0,54,-133,-44,0,0,45
3,2,20,3,15,2475,UA,LAX,2,-39,33,0,0,54,-133,-44,0,0,45
-8,2,20,3,20,2475,UA,LAX,2,-39,33,0,0,54,-133,-44,0,0,45
-2,2,20,3,8,2475,UA,LAX,2,-39,33,0,0,54,-133,-44,0,0,45
1,2,20,3,6,2475,UA,LAX,2,-39,33,0,0,54,-133,-44,0,0,45
-1,2,20,3,17,2475,UA,LAX,2,-39,33,0,0,54,-133,-44,0,0,45
-7,2,20,3,11,2475,UA,LAX,2,-39,33,0,0,54,-133,-44,0,0,45
8,2,20,3,16,2475,B6,LAX,2,-39,33,0,0,54,-133,-44,0,0,45
0,2,20,3,11,2475,B6,LAX,2,-39,33,0,0,54,-133,-44,0,0,45
-3,2,20,3,7,2475,B6,LAX,2,-39,33,0,0,54,-133,-44,0,0,45
3,2,20,3,15,2475,AA,LAX,2,-39,33,0,0,54,-133,-44,0,0,45
-5,2,20,3,16,2475,AA,LAX,2,-39,33,0,0,54,-133,-44,0,0,45
33,2,20,3,19,2475,AA,LAX,2,-39,33,0,0,54,-133,-44,0,0,45
-3,2,20,3,7,2475,AA,LAX,2,-39,33,0,0,54,-133,-44,0,0,45
-4,2,20,3,13,2475,AA,LAX,2,-39,33,0,0,54,-133,-44,0,0,45
-6,2,20,3,10,2475,AA,LAX,2,-39,33,0,0,54,-133,-44,0,0,45
2,2,20,3,21,2475,AA,LAX,2,-39,33,0,0,54,-133,-44,0,0,45
-2,2,20,3,12,2475,AA,LAX,2,-39,33,0,0,54,-133,-44,0,0,45
-4,2,20,3,9,2475,AA,LAX,2,-39,33,0,0,54,-133,-44,0,0,45
26,2,20,3,20,2475,B6,LAX,2,-39,33,0,0,54,-133,-44,0,0,45
1,3,16,6,13,2475,VX,LAX,26,0,50,30,8,17,-11,17,0,0,44
-4,3,16,6,9,2475,VX,LAX,26,0,50,30,8,17,-11,17,0,0,44
-7,3,16,6,7,2475,VX,LAX,26,0,50,30,8,17,-11,17,0,0,44
-2,3,16,6,20,2475,VX,LAX,26,0,50,30,8,17,-11,17,0,0,44
30,3,16,6,16,2475,VX,LAX,26,0,50,30,8,17,-11,17,0,0,44
-5,3,16,6,21,2475,AA,LAX,26,0,50,30,8,17,-11,17,0,0,44
1,3,16,6,15,2475,AA,LAX,26,0,50,30,8,17,-11,17,0,0,44
-9,3,16,6,9,2475,AA,LAX,26,0,50,30,8,17,-11,17,0,0,44
-3,3,16,6,12,2475,AA,LAX,26,0,50,30,8,17,-11,17,0,0,44
-5,3,16,6,19,2475,AA,LAX,26,0,50,30,8,17,-11,17,0,0,44
-8,3,16,6,10,2475,AA,LAX,26,0,50,30,8,17,-11,17,0,0,44
1,3,16,6,13,2475,AA,LAX,26,0,50,30,8,17,-11,17,0,0,44
33,3,16,6,16,2475,AA,LAX,26,0,50,30,8,17,-11,17,0,0,44
-3,3,16,6,16,2475,DL,LAX,26,0,50,30,8,17,-11,17,0,0,44
2,3,16,6,12,2475,DL,LAX,26,0,50,30,8,17,-11,17,0,0,44
3,3,16,6,14,2475,DL,LAX,26,0,50,30,8,17,-11,17,0,0,44
-3,3,16,6,9,2475,DL,LAX,26,0,50,30,8,17,-11,17,0,0,44
-3,3,16,6,19,2475,DL,LAX,26,0,50,30,8,17,-11,17,0,0,44
-4,3,16,6,17,2475,DL,LAX,26,0,50,30,8,17,-11,17,0,0,44
0,3,16,6,20,2475,B6,LAX,26,0,50,30,8,17,-11,17,0,0,44
-6,3,16,6,17,2475,B6,LAX,26,0,50,30,8,17,-11,17,0,0,44
-5,3,16,6,11,2475,B6,LAX,26,0,50,30,8,17,-11,17,0,0,44
-6,3,16,6,6,2475,UA,LAX,26,0,50,30,8,17,-11,17,0,0,44
-9,3,16,6,18,2475,UA,LAX,26,0,50,30,8,17,-11,17,0,0,44
-4,3,16,6,8,2475,UA,LAX,26,0,50,30,8,17,-11,17,0,0,44
-7,3,16,6,15,2475,UA,LAX,26,0,50,30,8,17,-11,17,0,0,44
-5,3,16,6,11,2475,UA,LAX,26,0,50,30,8,17,-11,17,0,0,44
0,3,21,4,17,2475,UA,LAX,31,-11,44,0,0,29,-100,6,0,0,35
-5,3,21,4,11,2475,UA,LAX,31,-11,44,0,0,29,-100,6,0,0,35
-1,3,21,4,14,2475,DL,LAX,31,-11,44,0,0,29,-100,6,0,0,35
1,3,21,4,21,2475,DL,LAX,31,-11,44,0,0,29,-100,6,0,0,35
0,3,21,4,19,2475,DL,LAX,31,-11,44,0,0,29,-100,6,0,0,35
-3,3,21,4,9,2475,DL,LAX,31,-11,44,0,0,29,-100,6,0,0,35
16,3,21,4,16,2475,DL,LAX,31,-11,44,0,0,29,-100,6,0,0,35
-3,3,21,4,17,2475,DL,LAX,31,-11,44,0,0,29,-100,6,0,0,35
-4,3,21,4,7,2475,DL,LAX,31,-11,44,0,0,29,-100,6,0,0,35
-6,3,21,4,12,2475,DL,LAX,31,-11,44,0,0,29,-100,6,0,0,35
0,3,21,4,20,2475,VX,LAX,31,-11,44,0,0,29,-100,6,0,0,35
18,3,21,4,16,2475,VX,LAX,31,-11,44,0,0,29,-100,6,0,0,35
-2,3,21,4,13,2475,VX,LAX,31,-11,44,0,0,29,-100,6,0,0,35
-1,3,21,4,7,2475,VX,LAX,31,-11,44,0,0,29,-100,6,0,0,35
3,3,21,4,9,2475,VX,LAX,31,-11,44,0,0,29,-100,6,0,0,35
-7,3,21,4,20,2475,UA,LAX,31,-11,44,0,0,29,-100,6,0,0,35
0,3,21,4,7,2475,AA,LAX,31,-11,44,0,0,29,-100,6,0,0,35
-6,3,21,4,6,2475,UA,LAX,31,-11,44,0,0,29,-100,6,0,0,35
-7,3,21,4,7,2475,B6,LAX,31,-11,44,0,0,29,-100,6,0,0,35
-11,3,21,4,13,2475,AA,LAX,31,-11,44,0,0,29,-100,6,0,0,35
-7,3,21,4,12,2475,AA,LAX,31,-11,44,0,0,29,-100,6,0,0,35
1,3,21,4,11,2475,B6,LAX,31,-11,44,0,0,29,-100,6,0,0,35
18,3,21,4,16,2475,B6,LAX,31,-11,44,0,0,29,-100,6,0,0,35
2,3,21,4,20,2475,B6,LAX,31,-11,44,0,0,29,-100,6,0,0,35
-4,3,21,4,10,2475,AA,LAX,31,-11,44,0,0,29,-100,6,0,0,35
7,3,21,4,19,2475,AA,LAX,31,-11,44,0,0,29,-100,6,0,0,35
-2,3,21,4,21,2475,AA,LAX,31,-11,44,0,0,29,-100,6,0,0,35
-2,3,21,4,15,2475,AA,LAX,31,-11,44,0,0,29,-100,6,0,0,35
2,3,21,4,8,2475,UA,LAX,31,-11,44,0,0,29,-100,6,0,0,35
-3,3,21,4,15,2475,UA,LAX,31,-11,44,0,0,29,-100,6,0,0,35
-1,3,21,4,16,2475,AA,LAX,31,-11,44,0,0,29,-100,6,0,0,35
-2,3,21,4,9,2475,AA,LAX,31,-11,44,0,0,29,-100,6,0,0,35
28,4,17,3,15,2475,AA,LAX,35,128,217,5,0,24,56,94,511,0,49
-4,4,17,3,7,2475,AA,LAX,35,128,217,5,0,24,56,94,511,0,49
0,4,17,3,19,2475,AA,LAX,35,128,217,5,0,24,56,94,511,0,49
-7,4,17,3,10,2475,AA,LAX,35,128,217,5,0,24,56,94,511,0,49
-1,4,17,3,7,2475,B6,LAX,35,128,217,5,0,24,56,94,511,0,49
2,4,17,3,11,2475,B6,LAX,35,128,217,5,0,24,56,94,511,0,49
-1,4,17,3,16,2475,B6,LAX,35,128,217,5,0,24,56,94,511,0,49
-3,4,17,3,20,2475,B6,LAX,35,128,217,5,0,24,56,94,511,0,49
-3,4,17,3,12,2475,AA,LAX,35,128,217,5,0,24,56,94,511,0,49
-1,4,17,3,16,2475,DL,LAX,35,128,217,5,0,24,56,94,511,0,49
1,4,17,3,14,2475,DL,LAX,35,128,217,5,0,24,56,94,511,0,49
1,4,17,3,21,2475,DL,LAX,35,128,217,5,0,24,56,94,511,0,49
-5,4,17,3,12,2475,DL,LAX,35,128,217,5,0,24,56,94,511,0,49
-4,4,17,3,17,2475,DL,LAX,35,128,217,5,0,24,56,94,511,0,49
53,4,17,3,9,2475,AA,LAX,35,128,217,5,0,24,56,94,511,0,49
7,4,17,3,7,2475,DL,LAX,35,128,217,5,0,24,56,94,511,0,49
74,4,17,3,21,2475,AA,LAX,35,128,217,5,0,24,56,94,511,0,49
0,4,17,3,13,2475,AA,LAX,35,128,217,5,0,24,56,94,511,0,49
-1,4,17,3,17,2475,AA,LAX,35,128,217,5,0,24,56,94,511,0,49
-3,4,17,3,9,2475,DL,LAX,35,128,217,5,0,24,56,94,511,0,49
-2,4,17,3,19,2475,DL,LAX,35,128,217,5,0,24,56,94,511,0,49
0,4,17,3,20,2475,UA,LAX,35,128,217,5,0,24,56,94,511,0,49
230,4,17,3,13,2475,VX,LAX,35,128,217,5,0,24,56,94,511,0,49
-6,4,17,3,11,2475,UA,LAX,35,128,217,5,0,24,56,94,511,0,49
2,4,17,3,7,2475,VX,LAX,35,128,217,5,0,24,56,94,511,0,49
0,4,17,3,9,2475,VX,LAX,35,128,217,5,0,24,56,94,511,0,49
133,4,17,3,16,2475,VX,LAX,35,128,217,5,0,24,56,94,511,0,49
3,4,17,3,20,2475,VX,LAX,35,128,217,5,0,24,56,94,511,0,49
-1,4,17,3,17,2475,UA,LAX,35,128,217,5,0,24,56,94,511,0,49
112,4,17,3,8,2475,UA,LAX,35,128,217,5,0,24,56,94,511,0,49
0,4,17,3,6,2475,UA,LAX,35,128,217,5,0,24,56,94,511,0,49
-1,4,17,3,15,2475,UA,LAX,35,128,217,5,0,24,56,94,511,0,49
10,4,22,1,16,2475,DL,LAX,30,50,128,0,0,43,33,194,0,0,43
216,4,22,1,20,2475,VX,LAX,30,50,128,0,0,43,33,194,0,0,43
-10,4,22,1,7,2475,VX,LAX,30,50,128,0,0,43,33,194,0,0,43
4,4,22,1,9,2475,VX,LAX,30,50,128,0,0,43,33,194,0,0,43
-3,4,22,1,13,2475,VX,LAX,30,50,128,0,0,43,33,194,0,0,43
15,4,22,1,16,2475,VX,LAX,30,50,128,0,0,43,33,194,0,0,43
59,4,22,1,21,2475,DL,LAX,30,50,128,0,0,43,33,194,0,0,43
-7,4,22,1,11,2475,UA,LAX,30,50,128,0,0,43,33,194,0,0,43
121,4,22,1,17,2475,UA,LAX,30,50,128,0,0,43,33,194,0,0,43
52,4,22,1,19,2475,DL,LAX,30,50,128,0,0,43,33,194,0,0,43
16,4,22,1,17,2475,AA,LAX,30,50,128,0,0,43,33,194,0,0,43
137,4,22,1,15,2475,UA,LAX,30,50,128,0,0,43,33,194,0,0,43
0,4,22,1,7,2475,DL,LAX,30,50,128,0,0,43,33,194,0,0,43
0,4,22,1,7,2475,AA,LAX,30,50,128,0,0,43,33,194,0,0,43
38,4,22,1,19,2475,AA,LAX,30,50,128,0,0,43,33,194,0,0,43
-6,4,22,1,9,2475,DL,LAX,30,50,128,0,0,43,33,194,0,0,43
69,4,22,1,14,2475,DL,LAX,30,50,128,0,0,43,33,194,0,0,43
-10,4,22,1,12,2475,AA,LAX,30,50,128,0,0,43,33,194,0,0,43
11,4,22,1,17,2475,DL,LAX,30,50,128,0,0,43,33,194,0,0,43
-5,4,22,1,10,2475,AA,LAX,30,50,128,0,0,43,33,194,0,0,43
16,4,22,1,13,2475,AA,LAX,30,50,128,0,0,43,33,194,0,0,43
40,4,22,1,15,2475,AA,LAX,30,50,128,0,0,43,33,194,0,0,43
-1,4,22,1,12,2475,DL,LAX,30,50,128,0,0,43,33,194,0,0,43
132,4,22,1,20,2475,UA,LAX,30,50,128,0,0,43,33,194,0,0,43
4,4,22,1,8,2475,UA,LAX,30,50,128,0,0,43,33,194,0,0,43
-3,4,22,1,6,2475,UA,LAX,30,50,128,0,0,43,33,194,0,0,43
104,4,22,1,21,2475,AA,LAX,30,50,128,0,0,43,33,194,0,0,43
-3,4,22,1,7,2475,B6,LAX,30,50,128,0,0,43,33,194,0,0,43
9,4,22,1,11,2475,B6,LAX,30,50,128,0,0,43,33,194,0,0,43
7,4,22,1,16,2475,B6,LAX,30,50,128,0,0,43,33,194,0,0,43
210,4,22,1,20,2475,B6,LAX,30,50,128,0,0,43,33,194,0,0,43
-5,4,22,1,9,2475,AA,LAX,30,50,128,0,0,43,33,194,0,0,43
-1,5,18,6,15,2475,UA,LAX,4,133,183,3,0,9,133,267,0,0,29
-6,5,18,6,8,2475,UA,LAX,4,133,183,3,0,9,133,267,0,0,29
5,5,18,6,6,2475,UA,LAX,4,133,183,3,0,9,133,267,0,0,29
-4,5,18,6,11,2475,UA,LAX,4,133,183,3,0,9,133,267,0,0,29
-5,5,18,6,18,2475,UA,LAX,4,133,183,3,0,9,133,267,0,0,29
5,5,18,6,20,2475,VX,LAX,4,133,183,3,0,9,133,267,0,0,29
-1,5,18,6,13,2475,VX,LAX,4,133,183,3,0,9,133,267,0,0,29
28,5,18,6,16,2475,VX,LAX,4,133,183,3,0,9,133,267,0,0,29
-1,5,18,6,9,2475,VX,LAX,4,133,183,3,0,9,133,267,0,0,29
-1,5,18,6,7,2475,VX,LAX,4,133,183,3,0,9,133,267,0,0,29
-5,5,18,6,9,2475,AA,LAX,4,133,183,3,0,9,133,267,0,0,29
-5,5,18,6,13,2475,AA,LAX,4,133,183,3,0,9,133,267,0,0,29
-2,5,18,6,17,2475,AA,LAX,4,133,183,3,0,9,133,267,0,0,29
64,5,18,6,18,2475,DL,LAX,4,133,183,3,0,9,133,267,0,0,29
0,5,18,6,19,2475,AA,LAX,4,133,183,3,0,9,133,267,0,0,29
-5,5,18,6,7,2475,B6,LAX,4,133,183,3,0,9,133,267,0,0,29
-4,5,18,6,16,2475,B6,LAX,4,133,183,3,0,9,133,267,0,0,29
5,5,18,6,12,2475,AA,LAX,4,133,183,3,0,9,133,267,0,0,29
-2,5,18,6,14,2475,DL,LAX,4,133,183,3,0,9,133,267,0,0,29
9,5,18,6,20,2475,B6,LAX,4,133,183,3,0,9,133,267,0,0,29
-1,5,18,6,9,2475,DL,LAX,4,133,183,3,0,9,133,267,0,0,29
-3,5,18,6,7,2475,AA,LAX,4,133,183,3,0,9,133,267,0,0,29
-1,5,18,6,10,2475,AA,LAX,4,133,183,3,0,9,133,267,0,0,29
4,5,18,6,19,2475,DL,LAX,4,133,183,3,0,9,133,267,0,0,29
33,5,18,6,15,2475,AA,LAX,4,133,183,3,0,9,133,267,0,0,29
-3,5,18,6,16,2475,DL,LAX,4,133,183,3,0,9,133,267,0,0,29
117,5,23,4,15,2475,UA,LAX,1,178,267,460,0,24,56,122,15,0,66
-3,5,23,4,6,2475,UA,LAX,1,178,267,460,0,24,56,122,15,0,66
197,5,23,4,20,2475,UA,LAX,1,178,267,460,0,24,56,122,15,0,66
-10,5,23,4,11,2475,UA,LAX,1,178,267,460,0,24,56,122,15,0,66
163,5,23,4,17,2475,UA,LAX,1,178,267,460,0,24,56,122,15,0,66
-4,5,23,4,8,2475,UA,LAX,1,178,267,460,0,24,56,122,15,0,66
39,5,23,4,20,2475,B6,LAX,1,178,267,460,0,24,56,122,15,0,66
1,5,23,4,9,2475,B6,LAX,1,178,267,460,0,24,56,122,15,0,66
-1,5,23,4,9,2475,AA,LAX,1,178,267,460,0,24,56,122,15,0,66
-3,5,23,4,12,2475,AA,LAX,1,178,267,460,0,24,56,122,15,0,66
62,5,23,4,16,2475,DL,LAX,1,178,267,460,0,24,56,122,15,0,66
115,5,23,4,17,2475,AA,LAX,1,178,267,460,0,24,56,122,15,0,66
47,5,23,4,7,2475,DL,LAX,1,178,267,460,0,24,56,122,15,0,66
40,5,23,4,21,2475,DL,LAX,1,178,267,460,0,24,56,122,15,0,66
19,5,23,4,14,2475,DL,LAX,1,178,267,460,0,24,56,122,15,0,66
-2,5,23,4,9,2475,DL,LAX,1,178,267,460,0,24,56,122,15,0,66
3,5,23,4,19,2475,DL,LAX,1,178,267,460,0,24,56,122,15,0,66
-4,5,23,4,18,2475,DL,LAX,1,178,267,460,0,24,56,122,15,0,66
92,5,23,4,21,2475,AA,LAX,1,178,267,460,0,24,56,122,15,0,66
-3,5,23,4,12,2475,DL,LAX,1,178,267,460,0,24,56,122,15,0,66
-6,5,23,4,10,2475,AA,LAX,1,178,267,460,0,24,56,122,15,0,66
106,5,23,4,19,2475,AA,LAX,1,178,267,460,0,24,56,122,15,0,66
34,5,23,4,7,2475,AA,LAX,1,178,267,460,0,24,56,122,15,0,66
-2,5,23,4,13,2475,AA,LAX,1,178,267,460,0,24,56,122,15,0,66
15,5,23,4,15,2475,AA,LAX,1,178,267,460,0,24,56,122,15,0,66
28,5,23,4,7,2475,B6,LAX,1,178,267,460,0,24,56,122,15,0,66
1,5,23,4,16,2475,B6,LAX,1,178,267,460,0,24,56,122,15,0,66
-6,5,23,4,9,2475,VX,LAX,1,178,267,460,0,24,56,122,15,0,66
0,5,23,4,7,2475,VX,LAX,1,178,267,460,0,24,56,122,15,0,66
246,5,23,4,20,2475,VX,LAX,1,178,267,460,0,24,56,122,15,0,66
212,5,23,4,16,2475,VX,LAX,1,178,267,460,0,24,56,122,15,0,66
13,5,23,4,13,2475,VX,LAX,1,178,267,460,0,24,56,122,15,0,66
3,6,1,6,15,2475,DL,LAX,6,228,322,0,0,17,172,244,142,0,58
0,6,1,6,18,2475,DL,LAX,6,228,322,0,0,17,172,244,142,0,58
0,6,1,6,9,2475,DL,LAX,6,228,322,0,0,17,172,244,142,0,58
-6,6,1,6,6,2475,UA,LAX,6,228,322,0,0,17,172,244,142,0,58
8,6,1,6,9,2475,VX,LAX,6,228,322,0,0,17,172,244,142,0,58
1,6,1,6,7,2475,VX,LAX,6,228,322,0,0,17,172,244,142,0,58
99,6,1,6,13,2475,VX,LAX,6,228,322,0,0,17,172,244,142,0,58
-1,6,1,6,16,2475,VX,LAX,6,228,322,0,0,17,172,244,142,0,58
-5,6,1,6,20,2475,VX,LAX,6,228,322,0,0,17,172,244,142,0,58
-9,6,1,6,11,2475,UA,LAX,6,228,322,0,0,17,172,244,142,0,58
-10,6,1,6,18,2475,UA,LAX,6,228,322,0,0,17,172,244,142,0,58
-1,6,1,6,8,2475,UA,LAX,6,228,322,0,0,17,172,244,142,0,58
4,6,1,6,15,2475,UA,LAX,6,228,322,0,0,17,172,244,142,0,58
-2,6,1,6,17,2475,DL,LAX,6,228,322,0,0,17,172,244,142,0,58
-1,6,1,6,7,2475,DL,LAX,6,228,322,0,0,17,172,244,142,0,58
11,6,1,6,16,2475,B6,LAX,6,228,322,0,0,17,172,244,142,0,58
-6,6,1,6,20,2475,B6,LAX,6,228,322,0,0,17,172,244,142,0,58
-2,6,1,6,7,2475,B6,LAX,6,228,322,0,0,17,172,244,142,0,58
-1,6,1,6,7,2475,AA,LAX,6,228,322,0,0,17,172,244,142,0,58
-2,6,1,6,17,2475,AA,LAX,6,228,322,0,0,17,172,244,142,0,58
53,6,1,6,15,2475,AA,LAX,6,228,322,0,0,17,172,244,142,0,58
-3,6,1,6,13,2475,AA,LAX,6,228,322,0,0,17,172,244,142,0,58
16,6,1,6,19,2475,AA,LAX,6,228,322,0,0,17,172,244,142,0,58
-1,6,1,6,10,2475,AA,LAX,6,228,322,0,0,17,172,244,142,0,58
11,6,1,6,12,2475,AA,LAX,6,228,322,0,0,17,172,244,142,0,58
0,6,1,6,9,2475,AA,LAX,6,228,322,0,0,17,172,244,142,0,58
-2,6,19,3,16,2475,B6,LAX,15,150,250,0,0,23,117,239,0,0,31
3,6,19,3,10,2475,AA,LAX,15,150,250,0,0,23,117,239,0,0,31
0,6,19,3,9,2475,B6,LAX,15,150,250,0,0,23,117,239,0,0,31
28,6,19,3,9,2475,AA,LAX,15,150,250,0,0,23,117,239,0,0,31
3,6,19,3,17,2475,AA,LAX,15,150,250,0,0,23,117,239,0,0,31
-3,6,19,3,15,2475,AA,LAX,15,150,250,0,0,23,117,239,0,0,31
1,6,19,3,21,2475,AA,LAX,15,150,250,0,0,23,117,239,0,0,31
-5,6,19,3,7,2475,B6,LAX,15,150,250,0,0,23,117,239,0,0,31
-1,6,19,3,20,2475,B6,LAX,15,150,250,0,0,23,117,239,0,0,31
-1,6,19,3,13,2475,AA,LAX,15,150,250,0,0,23,117,239,0,0,31
0,6,19,3,12,2475,AA,LAX,15,150,250,0,0,23,117,239,0,0,31
14,6,19,3,7,2475,AA,LAX,15,150,250,0,0,23,117,239,0,0,31
-4,6,19,3,19,2475,AA,LAX,15,150,250,0,0,23,117,239,0,0,31
1,6,19,3,22,2475,B6,LAX,15,150,250,0,0,23,117,239,0,0,31
24,6,19,3,21,2475,DL,LAX,15,150,250,0,0,23,117,239,0,0,31
1,6,19,3,6,2475,UA,LAX,15,150,250,0,0,23,117,239,0,0,31
0,6,19,3,20,2475,VX,LAX,15,150,250,0,0,23,117,239,0,0,31
2,6,19,3,16,2475,VX,LAX,15,150,250,0,0,23,117,239,0,0,31
14,6,19,3,13,2475,VX,LAX,15,150,250,0,0,23,117,239,0,0,31
-1,6,19,3,9,2475,VX,LAX,15,150,250,0,0,23,117,239,0,0,31
-4,6,19,3,7,2475,VX,LAX,15,150,250,0,0,23,117,239,0,0,31
21,6,19,3,17,2475,UA,LAX,15,150,250,0,0,23,117,239,0,0,31
-8,6,19,3,8,2475,UA,LAX,15,150,250,0,0,23,117,239,0,0,31
0,6,19,3,11,2475,UA,LAX,15,150,250,0,0,23,117,239,0,0,31
1,6,19,3,20,2475,UA,LAX,15,150,250,0,0,23,117,239,0,0,31
-3,6,19,3,14,2475,UA,LAX,15,150,250,0,0,23,117,239,0,0,31
0,6,19,3,15,2475,DL,LAX,15,150,250,0,0,23,117,239,0,0,31
-4,6,19,3,9,2475,DL,LAX,15,150,250,0,0,23,117,239,0,0,31
-3,6,19,3,7,2475,DL,LAX,15,150,250,0,0,23,117,239,0,0,31
70,6,19,3,12,2475,DL,LAX,15,150,250,0,0,23,117,239,0,0,31
-1,6,19,3,17,2475,DL,LAX,15,150,250,0,0,23,117,239,0,0,31
0,6,19,3,18,2475,DL,LAX,15,150,250,0,0,23,117,239,0,0,31
59,6,24,1,16,2475,B6,LAX,10,233,333,0,0,19,194,317,46,0,45
18,6,24,1,20,2475,B6,LAX,10,233,333,0,0,19,194,317,46,0,45
146,6,24,1,17,2475,AA,LAX,10,233,333,0,0,19,194,317,46,0,45
-4,6,24,1,9,2475,B6,LAX,10,233,333,0,0,19,194,317,46,0,45
0,6,24,1,10,2475,AA,LAX,10,233,333,0,0,19,194,317,46,0,45
-6,6,24,1,12,2475,B6,LAX,10,233,333,0,0,19,194,317,46,0,45
64,6,24,1,22,2475,B6,LAX,10,233,333,0,0,19,194,317,46,0,45
120,6,24,1,19,2475,AA,LAX,10,233,333,0,0,19,194,317,46,0,45
63,6,24,1,15,2475,AA,LAX,10,233,333,0,0,19,194,317,46,0,45
2,6,24,1,9,2475,AA,LAX,10,233,333,0,0,19,194,317,46,0,45
-4,6,24,1,7,2475,AA,LAX,10,233,333,0,0,19,194,317,46,0,45
-2,6,24,1,13,2475,AA,LAX,10,233,333,0,0,19,194,317,46,0,45
116,6,24,1,21,2475,AA,LAX,10,233,333,0,0,19,194,317,46,0,45
-2,6,24,1,7,2475,B6,LAX,10,233,333,0,0,19,194,317,46,0,45
-1,6,24,1,12,2475,AA,LAX,10,233,333,0,0,19,194,317,46,0,45
-4,6,24,1,17,2475,DL,LAX,10,233,333,0,0,19,194,317,46,0,45
6,6,24,1,18,2475,DL,LAX,10,233,333,0,0,19,194,317,46,0,45
8,6,24,1,21,2475,DL,LAX,10,233,333,0,0,19,194,317,46,0,45
283,6,24,1,15,2475,DL,LAX,10,233,333,0,0,19,194,317,46,0,45
8,6,24,1,9,2475,DL,LAX,10,233,333,0,0,19,194,317,46,0,45
-2,6,24,1,7,2475,DL,LAX,10,233,333,0,0,19,194,317,46,0,45
17,6,24,1,12,2475,DL,LAX,10,233,333,0,0,19,194,317,46,0,45
-4,6,24,1,11,2475,UA,LAX,10,233,333,0,0,19,194,317,46,0,45
306,6,24,1,17,2475,UA,LAX,10,233,333,0,0,19,194,317,46,0,45
-3,6,24,1,14,2475,UA,LAX,10,233,333,0,0,19,194,317,46,0,45
189,6,24,1,20,2475,VX,LAX,10,233,333,0,0,19,194,317,46,0,45
5,6,24,1,16,2475,VX,LAX,10,233,333,0,0,19,194,317,46,0,45
2,6,24,1,13,2475,VX,LAX,10,233,333,0,0,19,194,317,46,0,45
0,6,24,1,9,2475,VX,LAX,10,233,333,0,0,19,194,317,46,0,45
1,6,24,1,7,2475,VX,LAX,10,233,333,0,0,19,194,317,46,0,45
10,6,24,1,6,2475,UA,LAX,10,233,333,0,0,19,194,317,46,0,45
157,6,24,1,20,2475,UA,LAX,10,233,333,0,0,19,194,317,46,0,45
-11,6,24,1,8,2475,UA,LAX,10,233,333,0,0,19,194,317,46,0,45
115,7,2,2,22,2475,B6,LAX,2,222,278,20,0,12,156,200,0,0,50
-1,7,2,2,7,2475,B6,LAX,2,222,278,20,0,12,156,200,0,0,50
-1,7,2,2,12,2475,B6,LAX,2,222,278,20,0,12,156,200,0,0,50
85,7,2,2,20,2475,B6,LAX,2,222,278,20,0,12,156,200,0,0,50
20,7,2,2,16,2475,B6,LAX,2,222,278,20,0,12,156,200,0,0,50
-5,7,2,2,13,2475,AA,LAX,2,222,278,20,0,12,156,200,0,0,50
-2,7,2,2,18,2475,DL,LAX,2,222,278,20,0,12,156,200,0,0,50
11,7,2,2,15,2475,DL,LAX,2,222,278,20,0,12,156,200,0,0,50
-2,7,2,2,9,2475,DL,LAX,2,222,278,20,0,12,156,200,0,0,50
0,7,2,2,7,2475,DL,LAX,2,222,278,20,0,12,156,200,0,0,50
-13,7,2,2,12,2475,AA,LAX,2,222,278,20,0,12,156,200,0,0,50
31,7,2,2,21,2475,DL,LAX,2,222,278,20,0,12,156,200,0,0,50
-7,7,2,2,9,2475,AA,LAX,2,222,278,20,0,12,156,200,0,0,50
20,7,2,2,19,2475,AA,LAX,2,222,278,20,0,12,156,200,0,0,50
31,7,2,2,15,2475,AA,LAX,2,222,278,20,0,12,156,200,0,0,50
-3,7,2,2,12,2475,DL,LAX,2,222,278,20,0,12,156,200,0,0,50
22,7,2,2,17,2475,DL,LAX,2,222,278,20,0,12,156,200,0,0,50
6,7,2,2,21,2475,AA,LAX,2,222,278,20,0,12,156,200,0,0,50
-6,7,2,2,7,2475,AA,LAX,2,222,278,20,0,12,156,200,0,0,50
55,7,2,2,17,2475,AA,LAX,2,222,278,20,0,12,156,200,0,0,50
0,7,2,2,10,2475,AA,LAX,2,222,278,20,0,12,156,200,0,0,50
21,7,2,2,9,2475,B6,LAX,2,222,278,20,0,12,156,200,0,0,50
40,7,2,2,17,2475,UA,LAX,2,222,278,20,0,12,156,200,0,0,50
7,7,2,2,11,2475,UA,LAX,2,222,278,20,0,12,156,200,0,0,50
-7,7,2,2,20,2475,UA,LAX,2,222,278,20,0,12,156,200,0,0,50
33,7,2,2,20,2475,VX,LAX,2,222,278,20,0,12,156,200,0,0,50
51,7,2,2,16,2475,VX,LAX,2,222,278,20,0,12,156,200,0,0,50
-1,7,2,2,13,2475,VX,LAX,2,222,278,20,0,12,156,200,0,0,50
0,7,2,2,9,2475,VX,LAX,2,222,278,20,0,12,156,200,0,0,50
0,7,2,2,7,2475,VX,LAX,2,222,278,20,0,12,156,200,0,0,50
0,7,2,2,6,2475,UA,LAX,2,222,278,20,0,12,156,200,0,0,50
-3,7,2,2,8,2475,UA,LAX,2,222,278,20,0,12,156,200,0,0,50
-2,7,25,4,9,2475,VX,LAX,21,178,200,3,0,40,139,272,0,0,23
11,7,25,4,16,2475,VX,LAX,21,178,200,3,0,40,139,272,0,0,23
233,7,25,4,20,2475,VX,LAX,21,178,200,3,0,40,139,272,0,0,23
-1,7,25,4,13,2475,VX,LAX,21,178,200,3,0,40,139,272,0,0,23
10,7,25,4,14,2475,UA,LAX,21,178,200,3,0,40,139,272,0,0,23
-5,7,25,4,20,2475,UA,LAX,21,178,200,3,0,40,139,272,0,0,23
-9,7,25,4,6,2475,UA,LAX,21,178,200,3,0,40,139,272,0,0,23
3,7,25,4,11,2475,UA,LAX,21,178,200,3,0,40,139,272,0,0,23
38,7,25,4,17,2475,UA,LAX,21,178,200,3,0,40,139,272,0,0,23
-5,7,25,4,8,2475,UA,LAX,21,178,200,3,0,40,139,272,0,0,23
1,7,25,4,7,2475,VX,LAX,21,178,200,3,0,40,139,272,0,0,23
-2,7,25,4,7,2475,B6,LAX,21,178,200,3,0,40,139,272,0,0,23
3,7,25,4,10,2475,AA,LAX,21,178,200,3,0,40,139,272,0,0,23
35,7,25,4,15,2475,AA,LAX,21,178,200,3,0,40,139,272,0,0,23
-9,7,25,4,13,2475,AA,LAX,21,178,200,3,0,40,139,272,0,0,23
245,7,25,4,22,2475,B6,LAX,21,178,200,3,0,40,139,272,0,0,23
-8,7,25,4,12,2475,AA,LAX,21,178,200,3,0,40,139,272,0,0,23
-3,7,25,4,7,2475,AA,LAX,21,178,200,3,0,40,139,272,0,0,23
10,7,25,4,21,2475,AA,LAX,21,178,200,3,0,40,139,272,0,0,23
-1,7,25,4,9,2475,AA,LAX,21,178,200,3,0,40,139,272,0,0,23
30,7,25,4,12,2475,B6,LAX,21,178,200,3,0,40,139,272,0,0,23
-7,7,25,4,17,2475,AA,LAX,21,178,200,3,0,40,139,272,0,0,23
28,7,25,4,16,2475,B6,LAX,21,178,200,3,0,40,139,272,0,0,23
-2,7,25,4,19,2475,AA,LAX,21,178,200,3,0,40,139,272,0,0,23
-3,7,25,4,9,2475,B6,LAX,21,178,200,3,0,40,139,272,0,0,23
2,7,25,4,15,2475,DL,LAX,21,178,200,3,0,40,139,272,0,0,23
0,7,25,4,20,2475,B6,LAX,21,178,200,3,0,40,139,272,0,0,23
-1,7,25,4,21,2475,DL,LAX,21,178,200,3,0,40,139,272,0,0,23
8,7,25,4,18,2475,DL,LAX,21,178,200,3,0,40,139,272,0,0,23
94,7,25,4,17,2475,DL,LAX,21,178,200,3,0,40,139,272,0,0,23
-7,7,25,4,12,2475,DL,LAX,21,178,200,3,0,40,139,272,0,0,23
-2,7,25,4,7,2475,DL,LAX,21,178,200,3,0,40,139,272,0,0,23
1,7,25,4,9,2475,DL,LAX,21,178,200,3,0,40,139,272,0,0,23
2,7,30,2,7,2475,DL,LAX,26,194,283,0,0,18,139,233,10,0,21
-2,7,30,2,17,2475,DL,LAX,26,194,283,0,0,18,139,233,10,0,21
-1,7,30,2,18,2475,DL,LAX,26,194,283,0,0,18,139,233,10,0,21
-1,7,30,2,15,2475,DL,LAX,26,194,283,0,0,18,139,233,10,0,21
-9,7,30,2,9,2475,DL,LAX,26,194,283,0,0,18,139,233,10,0,21
-7,7,30,2,12,2475,DL,LAX,26,194,283,0,0,18,139,233,10,0,21
2,7,30,2,21,2475,DL,LAX,26,194,283,0,0,18,139,233,10,0,21
-2,7,30,2,9,2475,AA,LAX,26,194,283,0,0,18,139,233,10,0,21
-6,7,30,2,17,2475,AA,LAX,26,194,283,0,0,18,139,233,10,0,21
-6,7,30,2,16,2475,B6,LAX,26,194,283,0,0,18,139,233,10,0,21
-5,7,30,2,21,2475,AA,LAX,26,194,283,0,0,18,139,233,10,0,21
-6,7,30,2,19,2475,AA,LAX,26,194,283,0,0,18,139,233,10,0,21
2,7,30,2,10,2475,AA,LAX,26,194,283,0,0,18,139,233,10,0,21
-8,7,30,2,12,2475,AA,LAX,26,194,283,0,0,18,139,233,10,0,21
33,7,30,2,22,2475,B6,LAX,26,194,283,0,0,18,139,233,10,0,21
0,7,30,2,7,2475,AA,LAX,26,194,283,0,0,18,139,233,10,0,21
-3,7,30,2,9,2475,B6,LAX,26,194,283,0,0,18,139,233,10,0,21
-4,7,30,2,15,2475,AA,LAX,26,194,283,0,0,18,139,233,10,0,21
4,7,30,2,20,2475,B6,LAX,26,194,283,0,0,18,139,233,10,0,21
6,7,30,2,13,2475,AA,LAX,26,194,283,0,0,18,139,233,10,0,21
34,7,30,2,7,2475,B6,LAX,26,194,283,0,0,18,139,233,10,0,21
-5,7,30,2,12,2475,B6,LAX,26,194,283,0,0,18,139,233,10,0,21
2,7,30,2,20,2475,VX,LAX,26,194,283,0,0,18,139,233,10,0,21
-7,7,30,2,6,2475,UA,LAX,26,194,283,0,0,18,139,233,10,0,21
-1,7,30,2,11,2475,UA,LAX,26,194,283,0,0,18,139,233,10,0,21
-4,7,30,2,17,2475,UA,LAX,26,194,283,0,0,18,139,233,10,0,21
-4,7,30,2,7,2475,VX,LAX,26,194,283,0,0,18,139,233,10,0,21
-4,7,30,2,20,2475,UA,LAX,26,194,283,0,0,18,139,233,10,0,21
1,7,30,2,14,2475,UA,LAX,26,194,283,0,0,18,139,233,10,0,21
22,7,30,2,9,2475,VX,LAX,26,194,283,0,0,18,139,233,10,0,21
33,7,30,2,13,2475,VX,LAX,26,194,283,0,0,18,139,233,10,0,21
-2,7,30,2,16,2475,VX,LAX,26,194,283,0,0,18,139,233,10,0,21
0,7,30,2,8,2475,UA,LAX,26,194,283,0,0,18,139,233,10,0,21
-7,8,3,6,7,2475,VX,LAX,29,200,256,15,0,15,178,272,0,0,30
-12,8,3,6,11,2475,UA,LAX,29,200,256,15,0,15,178,272,0,0,30
-3,8,3,6,6,2475,UA,LAX,29,200,256,15,0,15,178,272,0,0,30
11,8,3,6,14,2475,UA,LAX,29,200,256,15,0,15,178,272,0,0,30
-15,8,3,6,8,2475,UA,LAX,29,200,256,15,0,15,178,272,0,0,30
-1,8,3,6,17,2475,UA,LAX,29,200,256,15,0,15,178,272,0,0,30
-6,8,3,6,20,2475,VX,LAX,29,200,256,15,0,15,178,272,0,0,30
-7,8,3,6,16,2475,VX,LAX,29,200,256,15,0,15,178,272,0,0,30
-3,8,3,6,13,2475,VX,LAX,29,200,256,15,0,15,178,272,0,0,30
0,8,3,6,9,2475,VX,LAX,29,200,256,15,0,15,178,272,0,0,30
-1,8,3,6,16,2475,B6,LAX,29,200,256,15,0,15,178,272,0,0,30
60,8,3,6,12,2475,B6,LAX,29,200,256,15,0,15,178,272,0,0,30
-2,8,3,6,7,2475,B6,LAX,29,200,256,15,0,15,178,272,0,0,30
2,8,3,6,21,2475,AA,LAX,29,200,256,15,0,15,178,272,0,0,30
19,8,3,6,9,2475,DL,LAX,29,200,256,15,0,15,178,272,0,0,30
3,8,3,6,15,2475,DL,LAX,29,200,256,15,0,15,178,272,0,0,30
7,8,3,6,18,2475,DL,LAX,29,200,256,15,0,15,178,272,0,0,30
-6,8,3,6,7,2475,AA,LAX,29,200,256,15,0,15,178,272,0,0,30
-2,8,3,6,17,2475,AA,LAX,29,200,256,15,0,15,178,272,0,0,30
-6,8,3,6,13,2475,AA,LAX,29,200,256,15,0,15,178,272,0,0,30
-2,8,3,6,19,2475,AA,LAX,29,200,256,15,0,15,178,272,0,0,30
-7,8,3,6,12,2475,AA,LAX,29,200,256,15,0,15,178,272,0,0,30
-6,8,3,6,15,2475,AA,LAX,29,200,256,15,0,15,178,272,0,0,30
-1,8,3,6,9,2475,AA,LAX,29,200,256,15,0,15,178,272,0,0,30
5,8,3,6,22,2475,B6,LAX,29,200,256,15,0,15,178,272,0,0,30
-1,8,3,6,20,2475,B6,LAX,29,200,256,15,0,15,178,272,0,0,30
1,8,3,6,7,2475,DL,LAX,29,200,256,15,0,15,178,272,0,0,30
-5,8,3,6,12,2475,DL,LAX,29,200,256,15,0,15,178,272,0,0,30
-1,8,26,1,16,2475,VX,LAX,6,200,289,10,0,26,211,333,0,0,42
0,8,26,1,20,2475,VX,LAX,6,200,289,10,0,26,211,333,0,0,42
-3,8,26,1,14,2475,UA,LAX,6,200,289,10,0,26,211,333,0,0,42
-6,8,26,1,20,2475,UA,LAX,6,200,289,10,0,26,211,333,0,0,42
-1,8,26,1,11,2475,UA,LAX,6,200,289,10,0,26,211,333,0,0,42
-8,8,26,1,17,2475,UA,LAX,6,200,289,10,0,26,211,333,0,0,42
-8,8,26,1,8,2475,UA,LAX,6,200,289,10,0,26,211,333,0,0,42
-4,8,26,1,6,2475,UA,LAX,6,200,289,10,0,26,211,333,0,0,42
-2,8,26,1,7,2475,VX,LAX,6,200,289,10,0,26,211,333,0,0,42
9,8,26,1,9,2475,VX,LAX,6,200,289,10,0,26,211,333,0,0,42
-3,8,26,1,13,2475,VX,LAX,6,200,289,10,0,26,211,333,0,0,42
-4,8,26,1,13,2475,AA,LAX,6,200,289,10,0,26,211,333,0,0,42
-7,8,26,1,17,2475,AA,LAX,6,200,289,10,0,26,211,333,0,0,42
-4,8,26,1,20,2475,B6,LAX,6,200,289,10,0,26,211,333,0,0,42
-7,8,26,1,16,2475,B6,LAX,6,200,289,10,0,26,211,333,0,0,42
59,8,26,1,12,2475,B6,LAX,6,200,289,10,0,26,211,333,0,0,42
-3,8,26,1,9,2475,B6,LAX,6,200,289,10,0,26,211,333,0,0,42
61,8,26,1,7,2475,B6,LAX,6,200,289,10,0,26,211,333,0,0,42
-12,8,26,1,12,2475,AA,LAX,6,200,289,10,0,26,211,333,0,0,42
-2,8,26,1,21,2475,DL,LAX,6,200,289,10,0,26,211,333,0,0,42
-5,8,26,1,18,2475,DL,LAX,6,200,289,10,0,26,211,333,0,0,42
-1,8,26,1,15,2475,DL,LAX,6,200,289,10,0,26,211,333,0,0,42
-3,8,26,1,9,2475,DL,LAX,6,200,289,10,0,26,211,333,0,0,42
0,8,26,1,7,2475,AA,LAX,6,200,289,10,0,26,211,333,0,0,42
-3,8,26,1,7,2475,DL,LAX,6,200,289,10,0,26,211,333,0,0,42
-5,8,26,1,12,2475,DL,LAX,6,200,289,10,0,26,211,333,0,0,42
-1,8,26,1,17,2475,DL,LAX,6,200,289,10,0,26,211,333,0,0,42
1,8,26,1,9,2475,AA,LAX,6,200,289,10,0,26,211,333,0,0,42
2,8,26,1,19,2475,AA,LAX,6,200,289,10,0,26,211,333,0,0,42
-4,8,26,1,15,2475,AA,LAX,6,200,289,10,0,26,211,333,0,0,42
-6,8,26,1,10,2475,AA,LAX,6,200,289,10,0,26,211,333,0,0,42
-5,8,26,1,21,2475,AA,LAX,6,200,289,10,0,26,211,333,0,0,42
7,8,31,6,20,2475,B6,LAX,1,228,300,0,0,22,217,256,18,0,32
-5,8,31,6,12,2475,DL,LAX,1,228,300,0,0,22,217,256,18,0,32
0,8,31,6,15,2475,DL,LAX,1,228,300,0,0,22,217,256,18,0,32
2,8,31,6,18,2475,DL,LAX,1,228,300,0,0,22,217,256,18,0,32
-5,8,31,6,8,2475,AA,LAX,1,228,300,0,0,22,217,256,18,0,32
-8,8,31,6,15,2475,AA,LAX,1,228,300,0,0,22,217,256,18,0,32
-4,8,31,6,16,2475,AA,LAX,1,228,300,0,0,22,217,256,18,0,32
-3,8,31,6,9,2475,DL,LAX,1,228,300,0,0,22,217,256,18,0,32
-7,8,31,6,10,2475,AA,LAX,1,228,300,0,0,22,217,256,18,0,32
-9,8,31,6,13,2475,AA,LAX,1,228,300,0,0,22,217,256,18,0,32
-5,8,31,6,7,2475,B6,LAX,1,228,300,0,0,22,217,256,18,0,32
-7,8,31,6,12,2475,B6,LAX,1,228,300,0,0,22,217,256,18,0,32
37,8,31,6,19,2475,AA,LAX,1,228,300,0,0,22,217,256,18,0,32
22,8,31,6,16,2475,B6,LAX,1,228,300,0,0,22,217,256,18,0,32
-5,8,31,6,7,2475,DL,LAX,1,228,300,0,0,22,217,256,18,0,32
-6,8,31,6,21,2475,AA,LAX,1,228,300,0,0,22,217,256,18,0,32
-7,8,31,6,9,2475,VX,LAX,1,228,300,0,0,22,217,256,18,0,32
-4,8,31,6,7,2475,VX,LAX,1,228,300,0,0,22,217,256,18,0,32
16,8,31,6,17,2475,UA,LAX,1,228,300,0,0,22,217,256,18,0,32
-8,8,31,6,11,2475,UA,LAX,1,228,300,0,0,22,217,256,18,0,32
-2,8,31,6,6,2475,UA,LAX,1,228,300,0,0,22,217,256,18,0,32
-6,8,31,6,14,2475,UA,LAX,1,228,300,0,0,22,217,256,18,0,32
-3,8,31,6,8,2475,UA,LAX,1,228,300,0,0,22,217,256,18,0,32
3,8,31,6,16,2475,VX,LAX,1,228,300,0,0,22,217,256,18,0,32
-5,8,31,6,13,2475,VX,LAX,1,228,300,0,0,22,217,256,18,0,32
-2,9,4,3,13,2475,AA,LAX,3,183,278,0,0,24,150,289,0,0,31
-1,9,4,3,21,2475,AA,LAX,3,183,278,0,0,24,150,289,0,0,31
67,9,4,3,16,2475,AA,LAX,3,183,278,0,0,24,150,289,0,0,31
-3,9,4,3,15,2475,AA,LAX,3,183,278,0,0,24,150,289,0,0,31
18,9,4,3,8,2475,AA,LAX,3,183,278,0,0,24,150,289,0,0,31
-3,9,4,3,19,2475,AA,LAX,3,183,278,0,0,24,150,289,0,0,31
-11,9,4,3,10,2475,AA,LAX,3,183,278,0,0,24,150,289,0,0,31
-6,9,4,3,12,2475,AA,LAX,3,183,278,0,0,24,150,289,0,0,31
-5,9,4,3,9,2475,AA,LAX,3,183,278,0,0,24,150,289,0,0,31
-3,9,4,3,20,2475,VX,LAX,3,183,278,0,0,24,150,289,0,0,31
-5,9,4,3,17,2475,DL,LAX,3,183,278,0,0,24,150,289,0,0,31
-5,9,4,3,9,2475,DL,LAX,3,183,278,0,0,24,150,289,0,0,31
-5,9,4,3,7,2475,DL,LAX,3,183,278,0,0,24,150,289,0,0,31
-3,9,4,3,15,2475,DL,LAX,3,183,278,0,0,24,150,289,0,0,31
-4,9,4,3,21,2475,DL,LAX,3,183,278,0,0,24,150,289,0,0,31
-2,9,4,3,16,2475,VX,LAX,3,183,278,0,0,24,150,289,0,0,31
-3,9,4,3,13,2475,VX,LAX,3,183,278,0,0,24,150,289,0,0,31
-8,9,4,3,9,2475,VX,LAX,3,183,278,0,0,24,150,289,0,0,31
-4,9,4,3,7,2475,VX,LAX,3,183,278,0,0,24,150,289,0,0,31
-4,9,4,3,7,2475,B6,LAX,3,183,278,0,0,24,150,289,0,0,31
-4,9,4,3,9,2475,B6,LAX,3,183,278,0,0,24,150,289,0,0,31
-1,9,4,3,11,2475,B6,LAX,3,183,278,0,0,24,150,289,0,0,31
24,9,4,3,16,2475,B6,LAX,3,183,278,0,0,24,150,289,0,0,31
0,9,4,3,18,2475,DL,LAX,3,183,278,0,0,24,150,289,0,0,31
0,9,4,3,8,2475,UA,LAX,3,183,278,0,0,24,150,289,0,0,31
8,9,4,3,20,2475,B6,LAX,3,183,278,0,0,24,150,289,0,0,31
6,9,4,3,14,2475,UA,LAX,3,183,278,0,0,24,150,289,0,0,31
4,9,4,3,6,2475,UA,LAX,3,183,278,0,0,24,150,289,0,0,31
43,9,4,3,20,2475,UA,LAX,3,183,278,0,0,24,150,289,0,0,31
50,9,4,3,17,2475,UA,LAX,3,183,278,0,0,24,150,289,0,0,31
56,9,4,3,11,2475,UA,LAX,3,183,278,0,0,24,150,289,0,0,31
-4,9,27,5,9,2475,DL,LAX,16,139,206,0,0,21,111,272,0,0,33
-6,9,27,5,17,2475,DL,LAX,16,139,206,0,0,21,111,272,0,0,33
-1,9,27,5,7,2475,B6,LAX,16,139,206,0,0,21,111,272,0,0,33
7,9,27,5,18,2475,DL,LAX,16,139,206,0,0,21,111,272,0,0,33
21,9,27,5,16,2475,VX,LAX,16,139,206,0,0,21,111,272,0,0,33
0,9,27,5,20,2475,VX,LAX,16,139,206,0,0,21,111,272,0,0,33
-2,9,27,5,12,2475,DL,LAX,16,139,206,0,0,21,111,272,0,0,33
-4,9,27,5,13,2475,VX,LAX,16,139,206,0,0,21,111,272,0,0,33
-3,9,27,5,9,2475,VX,LAX,16,139,206,0,0,21,111,272,0,0,33
0,9,27,5,7,2475,VX,LAX,16,139,206,0,0,21,111,272,0,0,33
-2,9,27,5,15,2475,DL,LAX,16,139,206,0,0,21,111,272,0,0,33
9,9,27,5,21,2475,DL,LAX,16,139,206,0,0,21,111,272,0,0,33
-5,9,27,5,9,2475,B6,LAX,16,139,206,0,0,21,111,272,0,0,33
-5,9,27,5,20,2475,B6,LAX,16,139,206,0,0,21,111,272,0,0,33
0,9,27,5,16,2475,B6,LAX,16,139,206,0,0,21,111,272,0,0,33
-4,9,27,5,11,2475,B6,LAX,16,139,206,0,0,21,111,272,0,0,33
0,9,27,5,7,2475,DL,LAX,16,139,206,0,0,21,111,272,0,0,33
5,9,27,5,8,2475,AA,LAX,16,139,206,0,0,21,111,272,0,0,33
-8,9,27,5,11,2475,UA,LAX,16,139,206,0,0,21,111,272,0,0,33
-6,9,27,5,8,2475,UA,LAX,16,139,206,0,0,21,111,272,0,0,33
32,9,27,5,6,2475,UA,LAX,16,139,206,0,0,21,111,272,0,0,33
0,9,27,5,13,2475,AA,LAX,16,139,206,0,0,21,111,272,0,0,33
0,9,27,5,17,2475,UA,LAX,16,139,206,0,0,21,111,272,0,0,33
2,9,27,5,16,2475,AA,LAX,16,139,206,0,0,21,111,272,0,0,33
-4,9,27,5,14,2475,UA,LAX,16,139,206,0,0,21,111,272,0,0,33
0,9,27,5,9,2475,AA,LAX,16,139,206,0,0,21,111,272,0,0,33
2,9,27,5,15,2475,AA,LAX,16,139,206,0,0,21,111,272,0,0,33
-6,9,27,5,19,2475,AA,LAX,16,139,206,0,0,21,111,272,0,0,33
7,9,27,5,21,2475,AA,LAX,16,139,206,0,0,21,111,272,0,0,33
-6,9,27,5,10,2475,AA,LAX,16,139,206,0,0,21,111,272,0,0,33
99,9,27,5,12,2475,AA,LAX,16,139,206,0,0,21,111,272,0,0,33
-4,9,27,5,20,2475,UA,LAX,16,139,206,0,0,21,111,272,0,0,33
-2,10,18,5,11,2475,B6,LAX,5,128,200,0,0,30,39,100,0,0,39
-7,10,18,5,9,2475,B6,LAX,5,128,200,0,0,30,39,100,0,0,39
74,10,18,5,20,2475,B6,LAX,5,128,200,0,0,30,39,100,0,0,39
-4,10,18,5,12,2475,AA,LAX,5,128,200,0,0,30,39,100,0,0,39
-4,10,18,5,8,2475,AA,LAX,5,128,200,0,0,30,39,100,0,0,39
-6,10,18,5,9,2475,AA,LAX,5,128,200,0,0,30,39,100,0,0,39
11,10,18,5,19,2475,AA,LAX,5,128,200,0,0,30,39,100,0,0,39
11,10,18,5,16,2475,AA,LAX,5,128,200,0,0,30,39,100,0,0,39
1,10,18,5,10,2475,AA,LAX,5,128,200,0,0,30,39,100,0,0,39
9,10,18,5,15,2475,AA,LAX,5,128,200,0,0,30,39,100,0,0,39
-8,10,18,5,21,2475,AA,LAX,5,128,200,0,0,30,39,100,0,0,39
4,10,18,5,13,2475,AA,LAX,5,128,200,0,0,30,39,100,0,0,39
0,10,18,5,16,2475,B6,LAX,5,128,200,0,0,30,39,100,0,0,39
-1,10,18,5,7,2475,B6,LAX,5,128,200,0,0,30,39,100,0,0,39
-3,10,18,5,13,2475,VX,LAX,5,128,200,0,0,30,39,100,0,0,39
-1,10,18,5,7,2475,VX,LAX,5,128,200,0,0,30,39,100,0,0,39
-2,10,18,5,14,2475,UA,LAX,5,128,200,0,0,30,39,100,0,0,39
2,10,18,5,18,2475,DL,LAX,5,128,200,0,0,30,39,100,0,0,39
0,10,18,5,9,2475,VX,LAX,5,128,200,0,0,30,39,100,0,0,39
-1,10,18,5,17,2475,DL,LAX,5,128,200,0,0,30,39,100,0,0,39
-6,10,18,5,11,2475,UA,LAX,5,128,200,0,0,30,39,100,0,0,39
-3,10,18,5,7,2475,DL,LAX,5,128,200,0,0,30,39,100,0,0,39
-6,10,18,5,8,2475,UA,LAX,5,128,200,0,0,30,39,100,0,0,39
-3,10,18,5,9,2475,DL,LAX,5,128,200,0,0,30,39,100,0,0,39
-6,10,18,5,17,2475,UA,LAX,5,128,200,0,0,30,39,100,0,0,39
3,10,18,5,15,2475,DL,LAX,5,128,200,0,0,30,39,100,0,0,39
-1,10,18,5,21,2475,DL,LAX,5,128,200,0,0,30,39,100,0,0,39
0,10,18,5,20,2475,VX,LAX,5,128,200,0,0,30,39,100,0,0,39
-4,10,18,5,16,2475,VX,LAX,5,128,200,0,0,30,39,100,0,0,39
-2,10,18,5,6,2475,UA,LAX,5,128,200,0,0,30,39,100,0,0,39
-7,10,18,5,12,2475,DL,LAX,5,128,200,0,0,30,39,100,0,0,39
-4,10,18,5,20,2475,UA,LAX,5,128,200,0,0,30,39,100,0,0,39
4,10,23,3,16,2475,VX,LAX,10,72,128,0,0,20,0,78,0,0,45
-6,10,23,3,13,2475,VX,LAX,10,72,128,0,0,20,0,78,0,0,45
-2,10,23,3,9,2475,VX,LAX,10,72,128,0,0,20,0,78,0,0,45
103,10,23,3,7,2475,VX,LAX,10,72,128,0,0,20,0,78,0,0,45
-5,10,23,3,9,2475,B6,LAX,10,72,128,0,0,20,0,78,0,0,45
-2,10,23,3,21,2475,DL,LAX,10,72,128,0,0,20,0,78,0,0,45
-1,10,23,3,7,2475,DL,LAX,10,72,128,0,0,20,0,78,0,0,45
-1,10,23,3,12,2475,DL,LAX,10,72,128,0,0,20,0,78,0,0,45
-1,10,23,3,15,2475,DL,LAX,10,72,128,0,0,20,0,78,0,0,45
-3,10,23,3,11,2475,B6,LAX,10,72,128,0,0,20,0,78,0,0,45
22,10,23,3,18,2475,DL,LAX,10,72,128,0,0,20,0,78,0,0,45
-2,10,23,3,17,2475,DL,LAX,10,72,128,0,0,20,0,78,0,0,45
-2,10,23,3,9,2475,DL,LAX,10,72,128,0,0,20,0,78,0,0,45
-3,10,23,3,20,2475,VX,LAX,10,72,128,0,0,20,0,78,0,0,45
-4,10,23,3,8,2475,UA,LAX,10,72,128,0,0,20,0,78,0,0,45
-6,10,23,3,11,2475,UA,LAX,10,72,128,0,0,20,0,78,0,0,45
-2,10,23,3,17,2475,UA,LAX,10,72,128,0,0,20,0,78,0,0,45
1,10,23,3,14,2475,UA,LAX,10,72,128,0,0,20,0,78,0,0,45
-5,10,23,3,6,2475,UA,LAX,10,72,128,0,0,20,0,78,0,0,45
21,10,23,3,20,2475,UA,LAX,10,72,128,0,0,20,0,78,0,0,45
-4,10,23,3,20,2475,B6,LAX,10,72,128,0,0,20,0,78,0,0,45
-4,10,23,3,13,2475,AA,LAX,10,72,128,0,0,20,0,78,0,0,45
-8,10,23,3,10,2475,AA,LAX,10,72,128,0,0,20,0,78,0,0,45
-10,10,23,3,21,2475,AA,LAX,10,72,128,0,0,20,0,78,0,0,45
2,10,23,3,15,2475,AA,LAX,10,72,128,0,0,20,0,78,0,0,45
13,10,23,3,16,2475,AA,LAX,10,72,128,0,0,20,0,78,0,0,45
-8,10,23,3,12,2475,AA,LAX,10,72,128,0,0,20,0,78,0,0,45
7,10,23,3,19,2475,AA,LAX,10,72,128,0,0,20,0,78,0,0,45
-5,10,23,3,9,2475,AA,LAX,10,72,128,0,0,20,0,78,0,0,45
-4,10,23,3,8,2475,AA,LAX,10,72,128,0,0,20,0,78,0,0,45
9,10,23,3,7,2475,B6,LAX,10,72,128,0,0,20,0,78,0,0,45
57,10,23,3,16,2475,B6,LAX,10,72,128,0,0,20,0,78,0,0,45
-5,11,1,5,10,2475,AA,LAX,10,150,211,33,0,22,61,89,20,0,51
-4,11,1,5,12,2475,DL,LAX,10,150,211,33,0,22,61,89,20,0,51
64,11,1,5,21,2475,AA,LAX,10,150,211,33,0,22,61,89,20,0,51
-8,11,1,5,9,2475,B6,LAX,10,150,211,33,0,22,61,89,20,0,51
-4,11,1,5,9,2475,DL,LAX,10,150,211,33,0,22,61,89,20,0,51
49,11,1,5,16,2475,AA,LAX,10,150,211,33,0,22,61,89,20,0,51
-5,11,1,5,13,2475,DL,LAX,10,150,211,33,0,22,61,89,20,0,51
-1,11,1,5,18,2475,DL,LAX,10,150,211,33,0,22,61,89,20,0,51
108,11,1,5,15,2475,AA,LAX,10,150,211,33,0,22,61,89,20,0,51
3,11,1,5,12,2475,AA,LAX,10,150,211,33,0,22,61,89,20,0,51
19,11,1,5,7,2475,DL,LAX,10,150,211,33,0,22,61,89,20,0,51
-5,11,1,5,21,2475,DL,LAX,10,150,211,33,0,22,61,89,20,0,51
-3,11,1,5,8,2475,AA,LAX,10,150,211,33,0,22,61,89,20,0,51
-6,11,1,5,7,2475,B6,LAX,10,150,211,33,0,22,61,89,20,0,51
15,11,1,5,9,2475,AA,LAX,10,150,211,33,0,22,61,89,20,0,51
38,11,1,5,19,2475,AA,LAX,10,150,211,33,0,22,61,89,20,0,51
-1,11,1,5,17,2475,DL,LAX,10,150,211,33,0,22,61,89,20,0,51
12,11,1,5,20,2475,B6,LAX,10,150,211,33,0,22,61,89,20,0,51
-6,11,1,5,11,2475,B6,LAX,10,150,211,33,0,22,61,89,20,0,51
82,11,1,5,16,2475,B6,LAX,10,150,211,33,0,22,61,89,20,0,51
-3,11,1,5,9,2475,VX,LAX,10,150,211,33,0,22,61,89,20,0,51
-3,11,1,5,14,2475,UA,LAX,10,150,211,33,0,22,61,89,20,0,51
-6,11,1,5,6,2475,UA,LAX,10,150,211,33,0,22,61,89,20,0,51
5,11,1,5,20,2475,UA,LAX,10,150,211,33,0,22,61,89,20,0,51
6,11,1,5,17,2475,UA,LAX,10,150,211,33,0,22,61,89,20,0,51
-3,11,1,5,8,2475,UA,LAX,10,150,211,33,0,22,61,89,20,0,51
-3,11,1,5,11,2475,UA,LAX,10,150,211,33,0,22,61,89,20,0,51
-2,11,1,5,7,2475,VX,LAX,10,150,211,33,0,22,61,89,20,0,51
56,11,19,2,17,2475,UA,LAX,8,22,106,0,0,41,-38,56,0,0,26
-5,11,19,2,11,2475,UA,LAX,8,22,106,0,0,41,-38,56,0,0,26
-6,11,19,2,14,2475,UA,LAX,8,22,106,0,0,41,-38,56,0,0,26
-2,11,19,2,8,2475,UA,LAX,8,22,106,0,0,41,-38,56,0,0,26
-7,11,19,2,6,2475,UA,LAX,8,22,106,0,0,41,-38,56,0,0,26
-5,11,19,2,20,2475,UA,LAX,8,22,106,0,0,41,-38,56,0,0,26
-7,11,19,2,20,2475,VX,LAX,8,22,106,0,0,41,-38,56,0,0,26
0,11,19,2,16,2475,VX,LAX,8,22,106,0,0,41,-38,56,0,0,26
-6,11,19,2,13,2475,VX,LAX,8,22,106,0,0,41,-38,56,0,0,26
0,11,19,2,9,2475,VX,LAX,8,22,106,0,0,41,-38,56,0,0,26
-2,11,19,2,7,2475,VX,LAX,8,22,106,0,0,41,-38,56,0,0,26
-3,11,19,2,12,2475,DL,LAX,8,22,106,0,0,41,-38,56,0,0,26
-5,11,19,2,15,2475,DL,LAX,8,22,106,0,0,41,-38,56,0,0,26
-10,11,19,2,16,2475,B6,LAX,8,22,106,0,0,41,-38,56,0,0,26
10,11,19,2,20,2475,B6,LAX,8,22,106,0,0,41,-38,56,0,0,26
-7,11,19,2,7,2475,B6,LAX,8,22,106,0,0,41,-38,56,0,0,26
-5,11,19,2,9,2475,B6,LAX,8,22,106,0,0,41,-38,56,0,0,26
-8,11,19,2,11,2475,B6,LAX,8,22,106,0,0,41,-38,56,0,0,26
-10,11,19,2,12,2475,AA,LAX,8,22,106,0,0,41,-38,56,0,0,26
5,11,19,2,19,2475,AA,LAX,8,22,106,0,0,41,-38,56,0,0,26
26,11,19,2,15,2475,AA,LAX,8,22,106,0,0,41,-38,56,0,0,26
-3,11,19,2,13,2475,AA,LAX,8,22,106,0,0,41,-38,56,0,0,26
-5,11,19,2,16,2475,AA,LAX,8,22,106,0,0,41,-38,56,0,0,26
-2,11,19,2,9,2475,DL,LAX,8,22,106,0,0,41,-38,56,0,0,26
6,11,19,2,10,2475,AA,LAX,8,22,106,0,0,41,-38,56,0,0,26
-1,11,19,2,21,2475,AA,LAX,8,22,106,0,0,41,-38,56,0,0,26
-2,11,19,2,8,2475,AA,LAX,8,22,106,0,0,41,-38,56,0,0,26
-2,11,19,2,9,2475,AA,LAX,8,22,106,0,0,41,-38,56,0,0,26
-3,11,19,2,16,2475,DL,LAX,8,22,106,0,0,41,-38,56,0,0,26
-1,11,19,2,7,2475,DL,LAX,8,22,106,0,0,41,-38,56,0,0,26
3,11,19,2,20,2475,DL,LAX,8,22,106,0,0,41,-38,56,0,0,26
-3,11,19,2,18,2475,DL,LAX,8,22,106,0,0,41,-38,56,0,0,26
8,11,24,7,16,2475,B6,LAX,3,-49,-10,0,0,54,-116,-27,0,0,43
-2,11,24,7,20,2475,B6,LAX,3,-49,-10,0,0,54,-116,-27,0,0,43
-5,11,24,7,9,2475,B6,LAX,3,-49,-10,0,0,54,-116,-27,0,0,43
-7,11,24,7,19,2475,AA,LAX,3,-49,-10,0,0,54,-116,-27,0,0,43
-3,11,24,7,16,2475,AA,LAX,3,-49,-10,0,0,54,-116,-27,0,0,43
4,11,24,7,21,2475,AA,LAX,3,-49,-10,0,0,54,-116,-27,0,0,43
-5,11,24,7,10,2475,AA,LAX,3,-49,-10,0,0,54,-116,-27,0,0,43
-1,11,24,7,11,2475,B6,LAX,3,-49,-10,0,0,54,-116,-27,0,0,43
3,11,24,7,12,2475,AA,LAX,3,-49,-10,0,0,54,-116,-27,0,0,43
-5,11,24,7,15,2475,AA,LAX,3,-49,-10,0,0,54,-116,-27,0,0,43
-5,11,24,7,13,2475,AA,LAX,3,-49,-10,0,0,54,-116,-27,0,0,43
5,11,24,7,9,2475,AA,LAX,3,-49,-10,0,0,54,-116,-27,0,0,43
0,11,24,7,7,2475,AA,LAX,3,-49,-10,0,0,54,-116,-27,0,0,43
-6,11,24,7,7,2475,B6,LAX,3,-49,-10,0,0,54,-116,-27,0,0,43
-2,11,24,7,17,2475,UA,LAX,3,-49,-10,0,0,54,-116,-27,0,0,43
-1,11,24,7,7,2475,VX,LAX,3,-49,-10,0,0,54,-116,-27,0,0,43
-1,11,24,7,9,2475,VX,LAX,3,-49,-10,0,0,54,-116,-27,0,0,43
-4,11,24,7,8,2475,UA,LAX,3,-49,-10,0,0,54,-116,-27,0,0,43
8,11,24,7,20,2475,UA,LAX,3,-49,-10,0,0,54,-116,-27,0,0,43
0,11,24,7,14,2475,UA,LAX,3,-49,-10,0,0,54,-116,-27,0,0,43
5,11,24,7,20,2475,VX,LAX,3,-49,-10,0,0,54,-116,-27,0,0,43
-4,11,24,7,9,2475,DL,LAX,3,-49,-10,0,0,54,-116,-27,0,0,43
22,11,24,7,20,2475,DL,LAX,3,-49,-10,0,0,54,-116,-27,0,0,43
-6,11,24,7,18,2475,DL,LAX,3,-49,-10,0,0,54,-116,-27,0,0,43
1,11,24,7,12,2475,DL,LAX,3,-49,-10,0,0,54,-116,-27,0,0,43
-1,11,24,7,15,2475,DL,LAX,3,-49,-10,0,0,54,-116,-27,0,0,43
24,11,24,7,16,2475,DL,LAX,3,-49,-10,0,0,54,-116,-27,0,0,43
-3,11,24,7,16,2475,VX,LAX,3,-49,-10,0,0,54,-116,-27,0,0,43
1,11,24,7,13,2475,VX,LAX,3,-49,-10,0,0,54,-116,-27,0,0,43
0,11,24,7,11,2475,UA,LAX,3,-49,-10,0,0,54,-116,-27,0,0,43
-7,12,2,1,11,2475,UA,LAX,5,50,94,0,0,14,-16,67,18,0,33
-6,12,2,1,14,2475,UA,LAX,5,50,94,0,0,14,-16,67,18,0,33
-3,12,2,1,6,2475,UA,LAX,5,50,94,0,0,14,-16,67,18,0,33
5,12,2,1,20,2475,UA,LAX,5,50,94,0,0,14,-16,67,18,0,33
0,12,2,1,7,2475,VX,LAX,5,50,94,0,0,14,-16,67,18,0,33
6,12,2,1,9,2475,VX,LAX,5,50,94,0,0,14,-16,67,18,0,33
-4,12,2,1,13,2475,VX,LAX,5,50,94,0,0,14,-16,67,18,0,33
22,12,2,1,16,2475,VX,LAX,5,50,94,0,0,14,-16,67,18,0,33
0,12,2,1,20,2475,VX,LAX,5,50,94,0,0,14,-16,67,18,0,33
-7,12,2,1,8,2475,UA,LAX,5,50,94,0,0,14,-16,67,18,0,33
-2,12,2,1,17,2475,UA,LAX,5,50,94,0,0,14,-16,67,18,0,33
-6,12,2,1,16,2475,DL,LAX,5,50,94,0,0,14,-16,67,18,0,33
11,12,2,1,20,2475,DL,LAX,5,50,94,0,0,14,-16,67,18,0,33
-4,12,2,1,18,2475,DL,LAX,5,50,94,0,0,14,-16,67,18,0,33
0,12,2,1,12,2475,DL,LAX,5,50,94,0,0,14,-16,67,18,0,33
0,12,2,1,9,2475,DL,LAX,5,50,94,0,0,14,-16,67,18,0,33
-2,12,2,1,15,2475,DL,LAX,5,50,94,0,0,14,-16,67,18,0,33
-6,12,2,1,9,2475,AA,LAX,5,50,94,0,0,14,-16,67,18,0,33
-5,12,2,1,13,2475,B6,LAX,5,50,94,0,0,14,-16,67,18,0,33
22,12,2,1,20,2475,B6,LAX,5,50,94,0,0,14,-16,67,18,0,33
-3,12,2,1,16,2475,B6,LAX,5,50,94,0,0,14,-16,67,18,0,33
0,12,2,1,11,2475,B6,LAX,5,50,94,0,0,14,-16,67,18,0,33
-3,12,2,1,9,2475,B6,LAX,5,50,94,0,0,14,-16,67,18,0,33
-2,12,2,1,7,2475,B6,LAX,5,50,94,0,0,14,-16,67,18,0,33
-2,12,2,1,21,2475,AA,LAX,5,50,94,0,0,14,-16,67,18,0,33
-4,12,2,1,7,2475,DL,LAX,5,50,94,0,0,14,-16,67,18,0,33
2,12,2,1,16,2475,AA,LAX,5,50,94,0,0,14,-16,67,18,0,33
-13,12,2,1,13,2475,AA,LAX,5,50,94,0,0,14,-16,67,18,0,33
-5,12,2,1,12,2475,AA,LAX,5,50,94,0,0,14,-16,67,18,0,33
-5,12,2,1,15,2475,AA,LAX,5,50,94,0,0,14,-16,67,18,0,33
1,12,2,1,7,2475,AA,LAX,5,50,94,0,0,14,-16,67,18,0,33
73,12,2,1,19,2475,AA,LAX,5,50,94,0,0,14,-16,67,18,0,33
-6,12,2,1,10,2475,AA,LAX,5,50,94,0,0,14,-16,67,18,0,33
3,12,25,3,9,2475,DL,LAX,0,-71,-5,0,0,21,-77,-27,18,30,46
7,12,25,3,20,2475,VX,LAX,0,-71,-5,0,0,21,-77,-27,18,30,46
6,12,25,3,16,2475,VX,LAX,0,-71,-5,0,0,21,-77,-27,18,30,46
2,12,25,3,13,2475,VX,LAX,0,-71,-5,0,0,21,-77,-27,18,30,46
-2,12,25,3,9,2475,VX,LAX,0,-71,-5,0,0,21,-77,-27,18,30,46
2,12,25,3,15,2475,DL,LAX,0,-71,-5,0,0,21,-77,-27,18,30,46
123,12,25,3,17,2475,DL,LAX,0,-71,-5,0,0,21,-77,-27,18,30,46
8,12,25,3,7,2475,DL,LAX,0,-71,-5,0,0,21,-77,-27,18,30,46
1,12,25,3,20,2475,DL,LAX,0,-71,-5,0,0,21,-77,-27,18,30,46
7,12,25,3,18,2475,DL,LAX,0,-71,-5,0,0,21,-77,-27,18,30,46
-1,12,25,3,6,2475,UA,LAX,0,-71,-5,0,0,21,-77,-27,18,30,46
-2,12,25,3,14,2475,UA,LAX,0,-71,-5,0,0,21,-77,-27,18,30,46
-2,12,25,3,11,2475,UA,LAX,0,-71,-5,0,0,21,-77,-27,18,30,46
4,12,25,3,17,2475,UA,LAX,0,-71,-5,0,0,21,-77,-27,18,30,46
-4,12,25,3,11,2475,B6,LAX,0,-71,-5,0,0,21,-77,-27,18,30,46
7,12,25,3,19,2475,AA,LAX,0,-71,-5,0,0,21,-77,-27,18,30,46
3,12,25,3,9,2475,AA,LAX,0,-71,-5,0,0,21,-77,-27,18,30,46
-5,12,25,3,21,2475,AA,LAX,0,-71,-5,0,0,21,-77,-27,18,30,46
6,12,25,3,7,2475,B6,LAX,0,-71,-5,0,0,21,-77,-27,18,30,46
-4,12,25,3,20,2475,B6,LAX,0,-71,-5,0,0,21,-77,-27,18,30,46
3,12,25,3,15,2475,AA,LAX,0,-71,-5,0,0,21,-77,-27,18,30,46
-4,12,25,3,16,2475,AA,LAX,0,-71,-5,0,0,21,-77,-27,18,30,46
24,12,25,3,9,2475,B6,LAX,0,-71,-5,0,0,21,-77,-27,18,30,46
-2,12,25,3,12,2475,AA,LAX,0,-71,-5,0,0,21,-77,-27,18,30,46
14,12,25,3,16,2475,B6,LAX,0,-71,-5,0,0,21,-77,-27,18,30,46
-2,12,25,3,13,2475,AA,LAX,0,-71,-5,0,0,21,-77,-27,18,30,46
-5,12,30,1,14,2475,UA,LAX,2,-49,72,0,0,28,-171,-105,10,13,33
3,12,30,1,11,2475,UA,LAX,2,-49,72,0,0,28,-171,-105,10,13,33
3,12,30,1,16,2475,AA,LAX,2,-49,72,0,0,28,-171,-105,10,13,33
-3,12,30,1,9,2475,AA,LAX,2,-49,72,0,0,28,-171,-105,10,13,33
8,12,30,1,19,2475,AA,LAX,2,-49,72,0,0,28,-171,-105,10,13,33
0,12,30,1,22,2475,B6,LAX,2,-49,72,0,0,28,-171,-105,10,13,33
-3,12,30,1,7,2475,AA,LAX,2,-49,72,0,0,28,-171,-105,10,13,33
2,12,30,1,20,2475,B6,LAX,2,-49,72,0,0,28,-171,-105,10,13,33
-5,12,30,1,7,2475,B6,LAX,2,-49,72,0,0,28,-171,-105,10,13,33
-2,12,30,1,9,2475,B6,LAX,2,-49,72,0,0,28,-171,-105,10,13,33
0,12,30,1,21,2475,AA,LAX,2,-49,72,0,0,28,-171,-105,10,13,33
-9,12,30,1,13,2475,AA,LAX,2,-49,72,0,0,28,-171,-105,10,13,33
4,12,30,1,11,2475,B6,LAX,2,-49,72,0,0,28,-171,-105,10,13,33
-1,12,30,1,16,2475,B6,LAX,2,-49,72,0,0,28,-171,-105,10,13,33
-6,12,30,1,12,2475,AA,LAX,2,-49,72,0,0,28,-171,-105,10,13,33
28,12,30,1,15,2475,AA,LAX,2,-49,72,0,0,28,-171,-105,10,13,33
-1,12,30,1,12,2475,DL,LAX,2,-49,72,0,0,28,-171,-105,10,13,33
0,12,30,1,13,2475,VX,LAX,2,-49,72,0,0,28,-171,-105,10,13,33
0,12,30,1,9,2475,VX,LAX,2,-49,72,0,0,28,-171,-105,10,13,33
-1,12,30,1,15,2475,DL,LAX,2,-49,72,0,0,28,-171,-105,10,13,33
52,12,30,1,20,2475,UA,LAX,2,-49,72,0,0,28,-171,-105,10,13,33
0,12,30,1,6,2475,UA,LAX,2,-49,72,0,0,28,-171,-105,10,13,33
-7,12,30,1,8,2475,UA,LAX,2,-49,72,0,0,28,-171,-105,10,13,33
3,12,30,1,7,2475,VX,LAX,2,-49,72,0,0,28,-171,-105,10,13,33
37,12,30,1,17,2475,UA,LAX,2,-49,72,0,0,28,-171,-105,10,13,33
16,12,30,1,9,2475,DL,LAX,2,-49,72,0,0,28,-171,-105,10,13,33
0,12,30,1,20,2475,VX,LAX,2,-49,72,0,0,28,-171,-105,10,13,33
2,12,30,1,16,2475,VX,LAX,2,-49,72,0,0,28,-171,-105,10,13,33
0,12,30,1,17,2475,DL,LAX,2,-49,72,0,0,28,-171,-105,10,13,33
0,12,30,1,20,2475,DL,LAX,2,-49,72,0,0,28,-171,-105,10,13,33
-3,12,30,1,18,2475,DL,LAX,2,-49,72,0,0,28,-171,-105,10,13,33
