17,1,3,4,5,2475,UA,LAX,2,-44,0,0,0,20,-78,-17,0,0,51
-5,1,3,4,9,2475,AA,LAX,2,-44,0,0,0,20,-78,-17,0,0,51
-8,1,3,4,12,2475,AA,LAX,2,-44,0,0,0,20,-78,-17,0,0,51
0,1,3,4,7,2475,AA,LAX,2,-44,0,0,0,20,-78,-17,0,0,51
-5,1,3,4,13,2475,AA,LAX,2,-44,0,0,0,20,-78,-17,0,0,51
2,1,3,4,21,2475,AA,LAX,2,-44,0,0,0,20,-78,-17,0,0,51
1,1,3,4,15,2475,AA,LAX,2,-44,0,0,0,20,-78,-17,0,0,51
35,1,3,4,16,2475,AA,LAX,2,-44,0,0,0,20,-78,-17,0,0,51
4,1,3,4,19,2475,AA,LAX,2,-44,0,0,0,20,-78,-17,0,0,51
-6,1,3,4,10,2475,AA,LAX,2,-44,0,0,0,20,-78,-17,0,0,51
-5,1,3,4,9,2475,DL,LAX,2,-44,0,0,0,20,-78,-17,0,0,51
-4,1,3,4,8,2475,UA,LAX,2,-44,0,0,0,20,-78,-17,0,0,51
-6,1,3,4,15,2475,DL,LAX,2,-44,0,0,0,20,-78,-17,0,0,51
19,1,3,4,20,2475,VX,LAX,2,-44,0,0,0,20,-78,-17,0,0,51
26,1,3,4,16,2475,VX,LAX,2,-44,0,0,0,20,-78,-17,0,0,51
-4,1,3,4,13,2475,VX,LAX,2,-44,0,0,0,20,-78,-17,0,0,51
-6,1,3,4,11,2475,VX,LAX,2,-44,0,0,0,20,-78,-17,0,0,51
14,1,3,4,21,2475,DL,LAX,2,-44,0,0,0,20,-78,-17,0,0,51
-2,1,3,4,9,2475,VX,LAX,2,-44,0,0,0,20,-78,-17,0,0,51
-2,1,3,4,7,2475,VX,LAX,2,-44,0,0,0,20,-78,-17,0,0,51
-2,1,3,4,19,2475,DL,LAX,2,-44,0,0,0,20,-78,-17,0,0,51
1,1,3,4,7,2475,B6,LAX,2,-44,0,0,0,20,-78,-17,0,0,51
-7,1,3,4,12,2475,B6,LAX,2,-44,0,0,0,20,-78,-17,0,0,51
-4,1,3,4,16,2475,B6,LAX,2,-44,0,0,0,20,-78,-17,0,0,51
21,1,3,4,20,2475,B6,LAX,2,-44,0,0,0,20,-78,-17,0,0,51
-4,1,3,4,9,2475,B6,LAX,2,-44,0,0,0,20,-78,-17,0,0,51
7,1,3,4,15,2475,UA,LAX,2,-44,0,0,0,20,-78,-17,0,0,51
-2,1,3,4,17,2475,UA,LAX,2,-44,0,0,0,20,-78,-17,0,0,51
-3,1,3,4,11,2475,UA,LAX,2,-44,0,0,0,20,-78,-17,0,0,51
-7,1,3,4,20,2475,UA,LAX,2,-44,0,0,0,20,-78,-17,0,0,51
33,1,3,4,12,2475,DL,LAX,2,-44,0,0,0,20,-78,-17,0,0,51
-4,1,3,4,7,2475,DL,LAX,2,-44,0,0,0,20,-78,-17,0,0,51
-1,1,3,4,17,2475,DL,LAX,2,-44,0,0,0,20,-78,-17,0,0,51
-1,1,26,6,13,2475,VX,LAX,5,-94,-28,0,0,30,-106,-22,0,0,31
3,1,26,6,7,2475,VX,LAX,5,-94,-28,0,0,30,-106,-22,0,0,31
-4,1,26,6,12,2475,DL,LAX,5,-94,-28,0,0,30,-106,-22,0,0,31
-5,1,26,6,15,2475,DL,LAX,5,-94,-28,0,0,30,-106,-22,0,0,31
0,1,26,6,19,2475,DL,LAX,5,-94,-28,0,0,30,-106,-22,0,0,31
-3,1,26,6,9,2475,DL,LAX,5,-94,-28,0,0,30,-106,-22,0,0,31
15,1,26,6,17,2475,DL,LAX,5,-94,-28,0,0,30,-106,-22,0,0,31
-3,1,26,6,9,2475,VX,LAX,5,-94,-28,0,0,30,-106,-22,0,0,31
-6,1,26,6,20,2475,B6,LAX,5,-94,-28,0,0,30,-106,-22,0,0,31
4,1,26,6,16,2475,B6,LAX,5,-94,-28,0,0,30,-106,-22,0,0,31
16,1,26,6,11,2475,B6,LAX,5,-94,-28,0,0,30,-106,-22,0,0,31
-6,1,26,6,16,2475,VX,LAX,5,-94,-28,0,0,30,-106,-22,0,0,31
-8,1,26,6,16,2475,AA,LAX,5,-94,-28,0,0,30,-106,-22,0,0,31
-7,1,26,6,19,2475,AA,LAX,5,-94,-28,0,0,30,-106,-22,0,0,31
-4,1,26,6,21,2475,AA,LAX,5,-94,-28,0,0,30,-106,-22,0,0,31
83,1,26,6,15,2475,AA,LAX,5,-94,-28,0,0,30,-106,-22,0,0,31
-7,1,26,6,13,2475,AA,LAX,5,-94,-28,0,0,30,-106,-22,0,0,31
-6,1,26,6,6,2475,UA,LAX,5,-94,-28,0,0,30,-106,-22,0,0,31
-4,1,26,6,17,2475,UA,LAX,5,-94,-28,0,0,30,-106,-22,0,0,31
-1,1,26,6,11,2475,UA,LAX,5,-94,-28,0,0,30,-106,-22,0,0,31
-6,1,26,6,15,2475,UA,LAX,5,-94,-28,0,0,30,-106,-22,0,0,31
-5,1,26,6,8,2475,UA,LAX,5,-94,-28,0,0,30,-106,-22,0,0,31
4,1,26,6,10,2475,AA,LAX,5,-94,-28,0,0,30,-106,-22,0,0,31
-7,1,26,6,12,2475,AA,LAX,5,-94,-28,0,0,30,-106,-22,0,0,31
10,1,26,6,9,2475,AA,LAX,5,-94,-28,0,0,30,-106,-22,0,0,31
-3,1,31,4,21,2475,DL,LAX,10,-11,161,229,0,55,-144,-61,0,0,82
9,1,31,4,15,2475,DL,LAX,10,-11,161,229,0,55,-144,-61,0,0,82
39,1,31,4,12,2475,DL,LAX,10,-11,161,229,0,55,-144,-61,0,0,82
-5,1,31,4,7,2475,DL,LAX,10,-11,161,229,0,55,-144,-61,0,0,82
15,1,31,4,20,2475,VX,LAX,10,-11,161,229,0,55,-144,-61,0,0,82
-4,1,31,4,17,2475,DL,LAX,10,-11,161,229,0,55,-144,-61,0,0,82
71,1,31,4,9,2475,DL,LAX,10,-11,161,229,0,55,-144,-61,0,0,82
2,1,31,4,19,2475,DL,LAX,10,-11,161,229,0,55,-144,-61,0,0,82
31,1,31,4,20,2475,B6,LAX,10,-11,161,229,0,55,-144,-61,0,0,82
-6,1,31,4,7,2475,VX,LAX,10,-11,161,229,0,55,-144,-61,0,0,82
-7,1,31,4,9,2475,VX,LAX,10,-11,161,229,0,55,-144,-61,0,0,82
0,1,31,4,16,2475,VX,LAX,10,-11,161,229,0,55,-144,-61,0,0,82
-3,1,31,4,7,2475,B6,LAX,10,-11,161,229,0,55,-144,-61,0,0,82
-1,1,31,4,11,2475,B6,LAX,10,-11,161,229,0,55,-144,-61,0,0,82
-3,1,31,4,13,2475,VX,LAX,10,-11,161,229,0,55,-144,-61,0,0,82
-2,1,31,4,16,2475,B6,LAX,10,-11,161,229,0,55,-144,-61,0,0,82
-6,1,31,4,8,2475,UA,LAX,10,-11,161,229,0,55,-144,-61,0,0,82
17,1,31,4,12,2475,AA,LAX,10,-11,161,229,0,55,-144,-61,0,0,82
4,1,31,4,7,2475,AA,LAX,10,-11,161,229,0,55,-144,-61,0,0,82
-4,1,31,4,6,2475,UA,LAX,10,-11,161,229,0,55,-144,-61,0,0,82
4,1,31,4,16,2475,AA,LAX,10,-11,161,229,0,55,-144,-61,0,0,82
-1,1,31,4,15,2475,AA,LAX,10,-11,161,229,0,55,-144,-61,0,0,82
26,1,31,4,19,2475,AA,LAX,10,-11,161,229,0,55,-144,-61,0,0,82
0,1,31,4,21,2475,AA,LAX,10,-11,161,229,0,55,-144,-61,0,0,82
0,1,31,4,11,2475,UA,LAX,10,-11,161,229,0,55,-144,-61,0,0,82
-4,1,31,4,10,2475,AA,LAX,10,-11,161,229,0,55,-144,-61,0,0,82
-4,1,31,4,9,2475,AA,LAX,10,-11,161,229,0,55,-144,-61,0,0,82
-1,1,31,4,20,2475,UA,LAX,10,-11,161,229,0,55,-144,-61,0,0,82
-3,1,31,4,13,2475,AA,LAX,10,-11,161,229,0,55,-144,-61,0,0,82
-4,1,31,4,17,2475,UA,LAX,10,-11,161,229,0,55,-144,-61,0,0,82
10,1,31,4,15,2475,UA,LAX,10,-11,161,229,0,55,-144,-61,0,0,82
-6,2,4,1,17,2475,UA,LAX,14,-50,-11,0,0,33,-106,-22,48,61,39
8,2,4,1,7,2475,VX,LAX,14,-50,-11,0,0,33,-106,-22,48,61,39
5,2,4,1,9,2475,VX,LAX,14,-50,-11,0,0,33,-106,-22,48,61,39
2,2,4,1,13,2475,VX,LAX,14,-50,-11,0,0,33,-106,-22,48,61,39
2,2,4,1,16,2475,VX,LAX,14,-50,-11,0,0,33,-106,-22,48,61,39
27,2,4,1,20,2475,VX,LAX,14,-50,-11,0,0,33,-106,-22,48,61,39
17,2,4,1,15,2475,UA,LAX,14,-50,-11,0,0,33,-106,-22,48,61,39
-6,2,4,1,8,2475,UA,LAX,14,-50,-11,0,0,33,-106,-22,48,61,39
-3,2,4,1,6,2475,UA,LAX,14,-50,-11,0,0,33,-106,-22,48,61,39
-2,2,4,1,20,2475,UA,LAX,14,-50,-11,0,0,33,-106,-22,48,61,39
-6,2,4,1,11,2475,UA,LAX,14,-50,-11,0,0,33,-106,-22,48,61,39
9,2,4,1,20,2475,B6,LAX,14,-50,-11,0,0,33,-106,-22,48,61,39
-1,2,4,1,21,2475,AA,LAX,14,-50,-11,0,0,33,-106,-22,48,61,39
-9,2,4,1,10,2475,AA,LAX,14,-50,-11,0,0,33,-106,-22,48,61,39
-2,2,4,1,9,2475,AA,LAX,14,-50,-11,0,0,33,-106,-22,48,61,39
12,2,4,1,15,2475,DL,LAX,14,-50,-11,0,0,33,-106,-22,48,61,39
5,2,4,1,16,2475,B6,LAX,14,-50,-11,0,0,33,-106,-22,48,61,39
-4,2,4,1,7,2475,DL,LAX,14,-50,-11,0,0,33,-106,-22,48,61,39
-3,2,4,1,7,2475,B6,LAX,14,-50,-11,0,0,33,-106,-22,48,61,39
-5,2,4,1,11,2475,DL,LAX,14,-50,-11,0,0,33,-106,-22,48,61,39
-7,2,4,1,21,2475,DL,LAX,14,-50,-11,0,0,33,-106,-22,48,61,39
1,2,4,1,19,2475,AA,LAX,14,-50,-11,0,0,33,-106,-22,48,61,39
-1,2,4,1,11,2475,B6,LAX,14,-50,-11,0,0,33,-106,-22,48,61,39
0,2,4,1,15,2475,AA,LAX,14,-50,-11,0,0,33,-106,-22,48,61,39
-3,2,4,1,17,2475,DL,LAX,14,-50,-11,0,0,33,-106,-22,48,61,39
-4,2,4,1,7,2475,AA,LAX,14,-50,-11,0,0,33,-106,-22,48,61,39
-5,2,4,1,9,2475,DL,LAX,14,-50,-11,0,0,33,-106,-22,48,61,39
-5,2,4,1,19,2475,DL,LAX,14,-50,-11,0,0,33,-106,-22,48,61,39
0,2,4,1,13,2475,AA,LAX,14,-50,-11,0,0,33,-106,-22,48,61,39
-2,2,4,1,12,2475,AA,LAX,14,-50,-11,0,0,33,-106,-22,48,61,39
-3,2,4,1,16,2475,AA,LAX,14,-50,-11,0,0,33,-106,-22,48,61,39
35,2,27,3,20,2475,B6,LAX,9,22,83,396,0,50,0,11,46,25,51
0,2,27,3,9,2475,AA,LAX,9,22,83,396,0,50,0,11,46,25,51
48,2,27,3,12,2475,AA,LAX,9,22,83,396,0,50,0,11,46,25,51
36,2,27,3,21,2475,AA,LAX,9,22,83,396,0,50,0,11,46,25,51
-3,2,27,3,15,2475,AA,LAX,9,22,83,396,0,50,0,11,46,25,51
30,2,27,3,19,2475,AA,LAX,9,22,83,396,0,50,0,11,46,25,51
32,2,27,3,16,2475,AA,LAX,9,22,83,396,0,50,0,11,46,25,51
-1,2,27,3,7,2475,B6,LAX,9,22,83,396,0,50,0,11,46,25,51
0,2,27,3,11,2475,B6,LAX,9,22,83,396,0,50,0,11,46,25,51
18,2,27,3,16,2475,B6,LAX,9,22,83,396,0,50,0,11,46,25,51
0,2,27,3,10,2475,AA,LAX,9,22,83,396,0,50,0,11,46,25,51
7,2,27,3,7,2475,AA,LAX,9,22,83,396,0,50,0,11,46,25,51
-3,2,27,3,13,2475,AA,LAX,9,22,83,396,0,50,0,11,46,25,51
2,2,27,3,6,2475,UA,LAX,9,22,83,396,0,50,0,11,46,25,51
-8,2,27,3,11,2475,UA,LAX,9,22,83,396,0,50,0,11,46,25,51
12,2,27,3,20,2475,UA,LAX,9,22,83,396,0,50,0,11,46,25,51
159,2,27,3,15,2475,UA,LAX,9,22,83,396,0,50,0,11,46,25,51
-3,2,27,3,8,2475,UA,LAX,9,22,83,396,0,50,0,11,46,25,51
-7,2,27,3,17,2475,DL,LAX,9,22,83,396,0,50,0,11,46,25,51
-2,2,27,3,7,2475,DL,LAX,9,22,83,396,0,50,0,11,46,25,51
4,2,27,3,12,2475,DL,LAX,9,22,83,396,0,50,0,11,46,25,51
-4,2,27,3,15,2475,DL,LAX,9,22,83,396,0,50,0,11,46,25,51
-8,2,27,3,21,2475,DL,LAX,9,22,83,396,0,50,0,11,46,25,51
121,2,27,3,20,2475,VX,LAX,9,22,83,396,0,50,0,11,46,25,51
27,2,27,3,16,2475,VX,LAX,9,22,83,396,0,50,0,11,46,25,51
2,2,27,3,13,2475,VX,LAX,9,22,83,396,0,50,0,11,46,25,51
50,2,27,3,9,2475,VX,LAX,9,22,83,396,0,50,0,11,46,25,51
-5,2,27,3,7,2475,VX,LAX,9,22,83,396,0,50,0,11,46,25,51
-5,2,27,3,9,2475,DL,LAX,9,22,83,396,0,50,0,11,46,25,51
-2,2,27,3,19,2475,DL,LAX,9,22,83,396,0,50,0,11,46,25,51
-2,2,27,3,17,2475,UA,LAX,9,22,83,396,0,50,0,11,46,25,51
-1,3,5,2,20,2475,VX,LAX,15,-6,94,0,0,32,-17,6,168,234,53
-1,3,5,2,16,2475,VX,LAX,15,-6,94,0,0,32,-17,6,168,234,53
-1,3,5,2,13,2475,VX,LAX,15,-6,94,0,0,32,-17,6,168,234,53
-5,3,5,2,9,2475,VX,LAX,15,-6,94,0,0,32,-17,6,168,234,53
-8,3,5,2,7,2475,VX,LAX,15,-6,94,0,0,32,-17,6,168,234,53
3,3,5,2,19,2475,AA,LAX,15,-6,94,0,0,32,-17,6,168,234,53
-9,3,5,2,20,2475,B6,LAX,15,-6,94,0,0,32,-17,6,168,234,53
-1,3,5,2,7,2475,B6,LAX,15,-6,94,0,0,32,-17,6,168,234,53
-3,3,5,2,11,2475,B6,LAX,15,-6,94,0,0,32,-17,6,168,234,53
-4,3,5,2,16,2475,B6,LAX,15,-6,94,0,0,32,-17,6,168,234,53
-4,3,5,2,10,2475,AA,LAX,15,-6,94,0,0,32,-17,6,168,234,53
-10,3,5,2,12,2475,AA,LAX,15,-6,94,0,0,32,-17,6,168,234,53
1,3,5,2,16,2475,AA,LAX,15,-6,94,0,0,32,-17,6,168,234,53
-3,3,5,2,15,2475,AA,LAX,15,-6,94,0,0,32,-17,6,168,234,53
-7,3,5,2,21,2475,AA,LAX,15,-6,94,0,0,32,-17,6,168,234,53
5,3,5,2,9,2475,AA,LAX,15,-6,94,0,0,32,-17,6,168,234,53
-4,3,5,2,7,2475,AA,LAX,15,-6,94,0,0,32,-17,6,168,234,53
6,3,5,2,13,2475,AA,LAX,15,-6,94,0,0,32,-17,6,168,234,53
-3,3,5,2,20,2475,UA,LAX,15,-6,94,0,0,32,-17,6,168,234,53
17,3,5,2,11,2475,UA,LAX,15,-6,94,0,0,32,-17,6,168,234,53
-5,3,5,2,17,2475,UA,LAX,15,-6,94,0,0,32,-17,6,168,234,53
40,3,5,2,8,2475,UA,LAX,15,-6,94,0,0,32,-17,6,168,234,53
-6,3,5,2,15,2475,UA,LAX,15,-6,94,0,0,32,-17,6,168,234,53
-10,3,5,2,6,2475,UA,LAX,15,-6,94,0,0,32,-17,6,168,234,53
0,3,5,2,9,2475,DL,LAX,15,-6,94,0,0,32,-17,6,168,234,53
-5,3,5,2,16,2475,DL,LAX,15,-6,94,0,0,32,-17,6,168,234,53
-3,3,5,2,7,2475,DL,LAX,15,-6,94,0,0,32,-17,6,168,234,53
-7,3,5,2,12,2475,DL,LAX,15,-6,94,0,0,32,-17,6,168,234,53
-2,3,5,2,14,2475,DL,LAX,15,-6,94,0,0,32,-17,6,168,234,53
11,3,5,2,17,2475,DL,LAX,15,-6,94,0,0,32,-17,6,168,234,53
-2,3,5,2,19,2475,DL,LAX,15,-6,94,0,0,32,-17,6,168,234,53
-2,3,5,2,21,2475,DL,LAX,15,-6,94,0,0,32,-17,6,168,234,53
0,3,10,7,19,2475,DL,LAX,20,22,100,0,0,21,39,106,221,0,39
5,3,10,7,7,2475,DL,LAX,20,22,100,0,0,21,39,106,221,0,39
-2,3,10,7,17,2475,DL,LAX,20,22,100,0,0,21,39,106,221,0,39
1,3,10,7,9,2475,DL,LAX,20,22,100,0,0,21,39,106,221,0,39
4,3,10,7,21,2475,DL,LAX,20,22,100,0,0,21,39,106,221,0,39
-1,3,10,7,16,2475,DL,LAX,20,22,100,0,0,21,39,106,221,0,39
-5,3,10,7,12,2475,DL,LAX,20,22,100,0,0,21,39,106,221,0,39
-6,3,10,7,14,2475,DL,LAX,20,22,100,0,0,21,39,106,221,0,39
11,3,10,7,17,2475,UA,LAX,20,22,100,0,0,21,39,106,221,0,39
37,3,10,7,15,2475,UA,LAX,20,22,100,0,0,21,39,106,221,0,39
-1,3,10,7,8,2475,UA,LAX,20,22,100,0,0,21,39,106,221,0,39
-11,3,10,7,20,2475,UA,LAX,20,22,100,0,0,21,39,106,221,0,39
-2,3,10,7,11,2475,UA,LAX,20,22,100,0,0,21,39,106,221,0,39
-5,3,10,7,16,2475,AA,LAX,20,22,100,0,0,21,39,106,221,0,39
-1,3,10,7,9,2475,AA,LAX,20,22,100,0,0,21,39,106,221,0,39
33,3,10,7,21,2475,AA,LAX,20,22,100,0,0,21,39,106,221,0,39
-2,3,10,7,10,2475,AA,LAX,20,22,100,0,0,21,39,106,221,0,39
139,3,10,7,19,2475,AA,LAX,20,22,100,0,0,21,39,106,221,0,39
-8,3,10,7,15,2475,AA,LAX,20,22,100,0,0,21,39,106,221,0,39
-3,3,10,7,7,2475,AA,LAX,20,22,100,0,0,21,39,106,221,0,39
-4,3,10,7,13,2475,AA,LAX,20,22,100,0,0,21,39,106,221,0,39
9,3,10,7,7,2475,B6,LAX,20,22,100,0,0,21,39,106,221,0,39
12,3,10,7,11,2475,B6,LAX,20,22,100,0,0,21,39,106,221,0,39
81,3,10,7,16,2475,B6,LAX,20,22,100,0,0,21,39,106,221,0,39
6,3,10,7,20,2475,B6,LAX,20,22,100,0,0,21,39,106,221,0,39
-6,3,10,7,12,2475,AA,LAX,20,22,100,0,0,21,39,106,221,0,39
19,3,10,7,9,2475,VX,LAX,20,22,100,0,0,21,39,106,221,0,39
-3,3,10,7,13,2475,VX,LAX,20,22,100,0,0,21,39,106,221,0,39
30,3,10,7,16,2475,VX,LAX,20,22,100,0,0,21,39,106,221,0,39
30,3,10,7,20,2475,VX,LAX,20,22,100,0,0,21,39,106,221,0,39
-4,3,28,4,13,2475,VX,LAX,38,28,106,0,0,26,-22,106,0,0,21
1,3,28,4,20,2475,VX,LAX,38,28,106,0,0,26,-22,106,0,0,21
8,3,28,4,16,2475,VX,LAX,38,28,106,0,0,26,-22,106,0,0,21
-1,3,28,4,9,2475,VX,LAX,38,28,106,0,0,26,-22,106,0,0,21
3,3,28,4,7,2475,VX,LAX,38,28,106,0,0,26,-22,106,0,0,21
7,3,28,4,8,2475,UA,LAX,38,28,106,0,0,26,-22,106,0,0,21
-4,3,28,4,17,2475,UA,LAX,38,28,106,0,0,26,-22,106,0,0,21
9,3,28,4,20,2475,B6,LAX,38,28,106,0,0,26,-22,106,0,0,21
0,3,28,4,19,2475,DL,LAX,38,28,106,0,0,26,-22,106,0,0,21
-1,3,28,4,21,2475,DL,LAX,38,28,106,0,0,26,-22,106,0,0,21
0,3,28,4,16,2475,DL,LAX,38,28,106,0,0,26,-22,106,0,0,21
-2,3,28,4,7,2475,B6,LAX,38,28,106,0,0,26,-22,106,0,0,21
-5,3,28,4,11,2475,B6,LAX,38,28,106,0,0,26,-22,106,0,0,21
25,3,28,4,16,2475,B6,LAX,38,28,106,0,0,26,-22,106,0,0,21
-2,3,28,4,14,2475,DL,LAX,38,28,106,0,0,26,-22,106,0,0,21
-5,3,28,4,12,2475,DL,LAX,38,28,106,0,0,26,-22,106,0,0,21
49,3,28,4,7,2475,DL,LAX,38,28,106,0,0,26,-22,106,0,0,21
-1,3,28,4,17,2475,DL,LAX,38,28,106,0,0,26,-22,106,0,0,21
-1,3,28,4,9,2475,DL,LAX,38,28,106,0,0,26,-22,106,0,0,21
-7,3,28,4,9,2475,AA,LAX,38,28,106,0,0,26,-22,106,0,0,21
-12,3,28,4,11,2475,UA,LAX,38,28,106,0,0,26,-22,106,0,0,21
-7,3,28,4,19,2475,AA,LAX,38,28,106,0,0,26,-22,106,0,0,21
-4,3,28,4,20,2475,UA,LAX,38,28,106,0,0,26,-22,106,0,0,21
21,3,28,4,21,2475,AA,LAX,38,28,106,0,0,26,-22,106,0,0,21
-4,3,28,4,10,2475,AA,LAX,38,28,106,0,0,26,-22,106,0,0,21
-5,3,28,4,13,2475,AA,LAX,38,28,106,0,0,26,-22,106,0,0,21
1,3,28,4,15,2475,AA,LAX,38,28,106,0,0,26,-22,106,0,0,21
10,3,28,4,15,2475,UA,LAX,38,28,106,0,0,26,-22,106,0,0,21
-9,3,28,4,6,2475,UA,LAX,38,28,106,0,0,26,-22,106,0,0,21
-5,3,28,4,12,2475,AA,LAX,38,28,106,0,0,26,-22,106,0,0,21
0,3,28,4,16,2475,AA,LAX,38,28,106,0,0,26,-22,106,0,0,21
-6,3,28,4,7,2475,AA,LAX,38,28,106,0,0,26,-22,106,0,0,21
-3,4,6,6,20,2475,B6,LAX,46,17,111,0,0,27,22,211,10,0,83
-4,4,6,6,19,2475,AA,LAX,46,17,111,0,0,27,22,211,10,0,83
0,4,6,6,16,2475,B6,LAX,46,17,111,0,0,27,22,211,10,0,83
-3,4,6,6,16,2475,DL,LAX,46,17,111,0,0,27,22,211,10,0,83
-7,4,6,6,11,2475,B6,LAX,46,17,111,0,0,27,22,211,10,0,83
-5,4,6,6,12,2475,AA,LAX,46,17,111,0,0,27,22,211,10,0,83
-4,4,6,6,7,2475,AA,LAX,46,17,111,0,0,27,22,211,10,0,83
69,4,6,6,17,2475,DL,LAX,46,17,111,0,0,27,22,211,10,0,83
-3,4,6,6,19,2475,DL,LAX,46,17,111,0,0,27,22,211,10,0,83
-5,4,6,6,9,2475,DL,LAX,46,17,111,0,0,27,22,211,10,0,83
-4,4,6,6,12,2475,DL,LAX,46,17,111,0,0,27,22,211,10,0,83
-9,4,6,6,9,2475,AA,LAX,46,17,111,0,0,27,22,211,10,0,83
-5,4,6,6,13,2475,AA,LAX,46,17,111,0,0,27,22,211,10,0,83
-4,4,6,6,17,2475,AA,LAX,46,17,111,0,0,27,22,211,10,0,83
-10,4,6,6,10,2475,AA,LAX,46,17,111,0,0,27,22,211,10,0,83
14,4,6,6,15,2475,AA,LAX,46,17,111,0,0,27,22,211,10,0,83
-1,4,6,6,14,2475,DL,LAX,46,17,111,0,0,27,22,211,10,0,83
11,4,6,6,7,2475,VX,LAX,46,17,111,0,0,27,22,211,10,0,83
-8,4,6,6,13,2475,VX,LAX,46,17,111,0,0,27,22,211,10,0,83
15,4,6,6,16,2475,VX,LAX,46,17,111,0,0,27,22,211,10,0,83
5,4,6,6,20,2475,VX,LAX,46,17,111,0,0,27,22,211,10,0,83
-7,4,6,6,6,2475,UA,LAX,46,17,111,0,0,27,22,211,10,0,83
-3,4,6,6,15,2475,UA,LAX,46,17,111,0,0,27,22,211,10,0,83
55,4,6,6,18,2475,UA,LAX,46,17,111,0,0,27,22,211,10,0,83
-1,4,6,6,9,2475,VX,LAX,46,17,111,0,0,27,22,211,10,0,83
-11,4,6,6,8,2475,UA,LAX,46,17,111,0,0,27,22,211,10,0,83
-4,4,6,6,12,2475,UA,LAX,46,17,111,0,0,27,22,211,10,0,83
-4,4,11,4,20,2475,VX,LAX,41,83,156,0,0,28,33,78,61,0,42
1,4,11,4,6,2475,UA,LAX,41,83,156,0,0,28,33,78,61,0,42
-4,4,11,4,9,2475,VX,LAX,41,83,156,0,0,28,33,78,61,0,42
-2,4,11,4,13,2475,VX,LAX,41,83,156,0,0,28,33,78,61,0,42
20,4,11,4,15,2475,UA,LAX,41,83,156,0,0,28,33,78,61,0,42
-4,4,11,4,20,2475,UA,LAX,41,83,156,0,0,28,33,78,61,0,42
10,4,11,4,16,2475,VX,LAX,41,83,156,0,0,28,33,78,61,0,42
-1,4,11,4,7,2475,VX,LAX,41,83,156,0,0,28,33,78,61,0,42
-4,4,11,4,11,2475,UA,LAX,41,83,156,0,0,28,33,78,61,0,42
4,4,11,4,17,2475,UA,LAX,41,83,156,0,0,28,33,78,61,0,42
6,4,11,4,8,2475,UA,LAX,41,83,156,0,0,28,33,78,61,0,42
-2,4,11,4,13,2475,AA,LAX,41,83,156,0,0,28,33,78,61,0,42
43,4,11,4,7,2475,AA,LAX,41,83,156,0,0,28,33,78,61,0,42
11,4,11,4,10,2475,AA,LAX,41,83,156,0,0,28,33,78,61,0,42
-6,4,11,4,7,2475,B6,LAX,41,83,156,0,0,28,33,78,61,0,42
-2,4,11,4,11,2475,B6,LAX,41,83,156,0,0,28,33,78,61,0,42
-4,4,11,4,16,2475,B6,LAX,41,83,156,0,0,28,33,78,61,0,42
6,4,11,4,20,2475,B6,LAX,41,83,156,0,0,28,33,78,61,0,42
-4,4,11,4,21,2475,AA,LAX,41,83,156,0,0,28,33,78,61,0,42
52,4,11,4,17,2475,AA,LAX,41,83,156,0,0,28,33,78,61,0,42
-2,4,11,4,15,2475,AA,LAX,41,83,156,0,0,28,33,78,61,0,42
1,4,11,4,12,2475,AA,LAX,41,83,156,0,0,28,33,78,61,0,42
-2,4,11,4,7,2475,DL,LAX,41,83,156,0,0,28,33,78,61,0,42
-2,4,11,4,12,2475,DL,LAX,41,83,156,0,0,28,33,78,61,0,42
-5,4,11,4,14,2475,DL,LAX,41,83,156,0,0,28,33,78,61,0,42
-5,4,11,4,16,2475,DL,LAX,41,83,156,0,0,28,33,78,61,0,42
38,4,11,4,21,2475,DL,LAX,41,83,156,0,0,28,33,78,61,0,42
-2,4,11,4,9,2475,AA,LAX,41,83,156,0,0,28,33,78,61,0,42
10,4,11,4,17,2475,DL,LAX,41,83,156,0,0,28,33,78,61,0,42
-1,4,11,4,19,2475,DL,LAX,41,83,156,0,0,28,33,78,61,0,42
-1,4,11,4,9,2475,DL,LAX,41,83,156,0,0,28,33,78,61,0,42
-1,4,11,4,19,2475,AA,LAX,41,83,156,0,0,28,33,78,61,0,42
-2,4,29,1,19,2475,AA,LAX,23,111,139,10,0,23,83,233,0,0,54
-1,4,29,1,17,2475,AA,LAX,23,111,139,10,0,23,83,233,0,0,54
4,4,29,1,20,2475,UA,LAX,23,111,139,10,0,23,83,233,0,0,54
-6,4,29,1,11,2475,UA,LAX,23,111,139,10,0,23,83,233,0,0,54
7,4,29,1,17,2475,UA,LAX,23,111,139,10,0,23,83,233,0,0,54
-5,4,29,1,21,2475,AA,LAX,23,111,139,10,0,23,83,233,0,0,54
-5,4,29,1,7,2475,AA,LAX,23,111,139,10,0,23,83,233,0,0,54
4,4,29,1,12,2475,AA,LAX,23,111,139,10,0,23,83,233,0,0,54
2,4,29,1,10,2475,AA,LAX,23,111,139,10,0,23,83,233,0,0,54
-6,4,29,1,13,2475,AA,LAX,23,111,139,10,0,23,83,233,0,0,54
148,4,29,1,8,2475,UA,LAX,23,111,139,10,0,23,83,233,0,0,54
-4,4,29,1,20,2475,B6,LAX,23,111,139,10,0,23,83,233,0,0,54
-7,4,29,1,16,2475,B6,LAX,23,111,139,10,0,23,83,233,0,0,54
0,4,29,1,11,2475,B6,LAX,23,111,139,10,0,23,83,233,0,0,54
24,4,29,1,21,2475,DL,LAX,23,111,139,10,0,23,83,233,0,0,54
-4,4,29,1,7,2475,B6,LAX,23,111,139,10,0,23,83,233,0,0,54
-4,4,29,1,9,2475,AA,LAX,23,111,139,10,0,23,83,233,0,0,54
2,4,29,1,17,2475,DL,LAX,23,111,139,10,0,23,83,233,0,0,54
-6,4,29,1,19,2475,DL,LAX,23,111,139,10,0,23,83,233,0,0,54
6,4,29,1,15,2475,UA,LAX,23,111,139,10,0,23,83,233,0,0,54
-6,4,29,1,15,2475,AA,LAX,23,111,139,10,0,23,83,233,0,0,54
68,4,29,1,6,2475,UA,LAX,23,111,139,10,0,23,83,233,0,0,54
-7,4,29,1,9,2475,DL,LAX,23,111,139,10,0,23,83,233,0,0,54
-7,4,29,1,7,2475,DL,LAX,23,111,139,10,0,23,83,233,0,0,54
141,4,29,1,12,2475,DL,LAX,23,111,139,10,0,23,83,233,0,0,54
-1,4,29,1,14,2475,DL,LAX,23,111,139,10,0,23,83,233,0,0,54
-6,4,29,1,16,2475,DL,LAX,23,111,139,10,0,23,83,233,0,0,54
-5,4,29,1,13,2475,VX,LAX,23,111,139,10,0,23,83,233,0,0,54
16,4,29,1,16,2475,VX,LAX,23,111,139,10,0,23,83,233,0,0,54
0,4,29,1,20,2475,VX,LAX,23,111,139,10,0,23,83,233,0,0,54
9,4,29,1,9,2475,VX,LAX,23,111,139,10,0,23,83,233,0,0,54
-4,4,29,1,7,2475,VX,LAX,23,111,139,10,0,23,83,233,0,0,54
20,5,7,2,20,2475,VX,LAX,15,111,233,0,0,26,89,239,0,0,26
17,5,7,2,16,2475,VX,LAX,15,111,233,0,0,26,89,239,0,0,26
-2,5,7,2,13,2475,VX,LAX,15,111,233,0,0,26,89,239,0,0,26
-5,5,7,2,9,2475,VX,LAX,15,111,233,0,0,26,89,239,0,0,26
-10,5,7,2,7,2475,VX,LAX,15,111,233,0,0,26,89,239,0,0,26
-5,5,7,2,6,2475,UA,LAX,15,111,233,0,0,26,89,239,0,0,26
-11,5,7,2,11,2475,UA,LAX,15,111,233,0,0,26,89,239,0,0,26
-1,5,7,2,20,2475,UA,LAX,15,111,233,0,0,26,89,239,0,0,26
-8,5,7,2,15,2475,UA,LAX,15,111,233,0,0,26,89,239,0,0,26
-1,5,7,2,17,2475,UA,LAX,15,111,233,0,0,26,89,239,0,0,26
-4,5,7,2,8,2475,UA,LAX,15,111,233,0,0,26,89,239,0,0,26
-2,5,7,2,12,2475,DL,LAX,15,111,233,0,0,26,89,239,0,0,26
79,5,7,2,21,2475,DL,LAX,15,111,233,0,0,26,89,239,0,0,26
-6,5,7,2,10,2475,AA,LAX,15,111,233,0,0,26,89,239,0,0,26
-3,5,7,2,9,2475,B6,LAX,15,111,233,0,0,26,89,239,0,0,26
0,5,7,2,15,2475,AA,LAX,15,111,233,0,0,26,89,239,0,0,26
36,5,7,2,19,2475,AA,LAX,15,111,233,0,0,26,89,239,0,0,26
-5,5,7,2,13,2475,AA,LAX,15,111,233,0,0,26,89,239,0,0,26
2,5,7,2,16,2475,DL,LAX,15,111,233,0,0,26,89,239,0,0,26
-5,5,7,2,21,2475,AA,LAX,15,111,233,0,0,26,89,239,0,0,26
22,5,7,2,18,2475,DL,LAX,15,111,233,0,0,26,89,239,0,0,26
-3,5,7,2,19,2475,DL,LAX,15,111,233,0,0,26,89,239,0,0,26
-11,5,7,2,9,2475,AA,LAX,15,111,233,0,0,26,89,239,0,0,26
-4,5,7,2,7,2475,B6,LAX,15,111,233,0,0,26,89,239,0,0,26
-4,5,7,2,17,2475,AA,LAX,15,111,233,0,0,26,89,239,0,0,26
-6,5,7,2,16,2475,B6,LAX,15,111,233,0,0,26,89,239,0,0,26
-1,5,7,2,7,2475,AA,LAX,15,111,233,0,0,26,89,239,0,0,26
-1,5,7,2,9,2475,DL,LAX,15,111,233,0,0,26,89,239,0,0,26
7,5,7,2,14,2475,DL,LAX,15,111,233,0,0,26,89,239,0,0,26
-5,5,7,2,12,2475,AA,LAX,15,111,233,0,0,26,89,239,0,0,26
-4,5,7,2,20,2475,B6,LAX,15,111,233,0,0,26,89,239,0,0,26
-1,5,7,2,7,2475,DL,LAX,15,111,233,0,0,26,89,239,0,0,26
28,5,12,7,16,2475,VX,LAX,10,106,211,0,0,35,28,128,0,0,50
46,5,12,7,20,2475,VX,LAX,10,106,211,0,0,35,28,128,0,0,50
1,5,12,7,7,2475,VX,LAX,10,106,211,0,0,35,28,128,0,0,50
10,5,12,7,9,2475,VX,LAX,10,106,211,0,0,35,28,128,0,0,50
-3,5,12,7,13,2475,VX,LAX,10,106,211,0,0,35,28,128,0,0,50
8,5,12,7,21,2475,AA,LAX,10,106,211,0,0,35,28,128,0,0,50
60,5,12,7,20,2475,B6,LAX,10,106,211,0,0,35,28,128,0,0,50
-2,5,12,7,17,2475,AA,LAX,10,106,211,0,0,35,28,128,0,0,50
0,5,12,7,19,2475,AA,LAX,10,106,211,0,0,35,28,128,0,0,50
0,5,12,7,13,2475,AA,LAX,10,106,211,0,0,35,28,128,0,0,50
-3,5,12,7,9,2475,B6,LAX,10,106,211,0,0,35,28,128,0,0,50
0,5,12,7,15,2475,AA,LAX,10,106,211,0,0,35,28,128,0,0,50
-9,5,12,7,12,2475,AA,LAX,10,106,211,0,0,35,28,128,0,0,50
-8,5,12,7,10,2475,AA,LAX,10,106,211,0,0,35,28,128,0,0,50
-2,5,12,7,9,2475,AA,LAX,10,106,211,0,0,35,28,128,0,0,50
-3,5,12,7,21,2475,DL,LAX,10,106,211,0,0,35,28,128,0,0,50
23,5,12,7,7,2475,B6,LAX,10,106,211,0,0,35,28,128,0,0,50
-3,5,12,7,16,2475,B6,LAX,10,106,211,0,0,35,28,128,0,0,50
-2,5,12,7,7,2475,AA,LAX,10,106,211,0,0,35,28,128,0,0,50
-4,5,12,7,12,2475,DL,LAX,10,106,211,0,0,35,28,128,0,0,50
-2,5,12,7,14,2475,DL,LAX,10,106,211,0,0,35,28,128,0,0,50
2,5,12,7,9,2475,DL,LAX,10,106,211,0,0,35,28,128,0,0,50
0,5,12,7,19,2475,DL,LAX,10,106,211,0,0,35,28,128,0,0,50
1,5,12,7,18,2475,DL,LAX,10,106,211,0,0,35,28,128,0,0,50
-6,5,12,7,16,2475,DL,LAX,10,106,211,0,0,35,28,128,0,0,50
29,5,12,7,15,2475,UA,LAX,10,106,211,0,0,35,28,128,0,0,50
9,5,12,7,20,2475,UA,LAX,10,106,211,0,0,35,28,128,0,0,50
40,5,12,7,17,2475,UA,LAX,10,106,211,0,0,35,28,128,0,0,50
-5,5,12,7,11,2475,UA,LAX,10,106,211,0,0,35,28,128,0,0,50
9,5,12,7,8,2475,UA,LAX,10,106,211,0,0,35,28,128,0,0,50
41,6,8,6,18,2475,DL,LAX,13,139,250,122,0,17,94,233,0,0,24
9,6,8,6,7,2475,DL,LAX,13,139,250,122,0,17,94,233,0,0,24
-5,6,8,6,17,2475,DL,LAX,13,139,250,122,0,17,94,233,0,0,24
7,6,8,6,15,2475,DL,LAX,13,139,250,122,0,17,94,233,0,0,24
-1,6,8,6,9,2475,DL,LAX,13,139,250,122,0,17,94,233,0,0,24
0,6,8,6,20,2475,VX,LAX,13,139,250,122,0,17,94,233,0,0,24
43,6,8,6,16,2475,VX,LAX,13,139,250,122,0,17,94,233,0,0,24
-4,6,8,6,13,2475,VX,LAX,13,139,250,122,0,17,94,233,0,0,24
4,6,8,6,9,2475,VX,LAX,13,139,250,122,0,17,94,233,0,0,24
-1,6,8,6,7,2475,VX,LAX,13,139,250,122,0,17,94,233,0,0,24
-1,6,8,6,8,2475,UA,LAX,13,139,250,122,0,17,94,233,0,0,24
6,6,8,6,6,2475,UA,LAX,13,139,250,122,0,17,94,233,0,0,24
-6,6,8,6,11,2475,UA,LAX,13,139,250,122,0,17,94,233,0,0,24
16,6,8,6,17,2475,UA,LAX,13,139,250,122,0,17,94,233,0,0,24
1,6,8,6,14,2475,UA,LAX,13,139,250,122,0,17,94,233,0,0,24
115,6,8,6,17,2475,AA,LAX,13,139,250,122,0,17,94,233,0,0,24
-8,6,8,6,7,2475,AA,LAX,13,139,250,122,0,17,94,233,0,0,24
29,6,8,6,16,2475,B6,LAX,13,139,250,122,0,17,94,233,0,0,24
-5,6,8,6,7,2475,B6,LAX,13,139,250,122,0,17,94,233,0,0,24
-5,6,8,6,20,2475,B6,LAX,13,139,250,122,0,17,94,233,0,0,24
0,6,8,6,19,2475,AA,LAX,13,139,250,122,0,17,94,233,0,0,24
-3,6,8,6,12,2475,AA,LAX,13,139,250,122,0,17,94,233,0,0,24
-7,6,8,6,13,2475,AA,LAX,13,139,250,122,0,17,94,233,0,0,24
-3,6,8,6,9,2475,AA,LAX,13,139,250,122,0,17,94,233,0,0,24
74,6,8,6,15,2475,AA,LAX,13,139,250,122,0,17,94,233,0,0,24
-4,6,8,6,10,2475,AA,LAX,13,139,250,122,0,17,94,233,0,0,24
4,6,13,4,7,2475,DL,LAX,18,128,206,320,0,30,144,228,0,0,55
0,6,13,4,12,2475,DL,LAX,18,128,206,320,0,30,144,228,0,0,55
18,6,13,4,17,2475,UA,LAX,18,128,206,320,0,30,144,228,0,0,55
6,6,13,4,7,2475,VX,LAX,18,128,206,320,0,30,144,228,0,0,55
1,6,13,4,9,2475,VX,LAX,18,128,206,320,0,30,144,228,0,0,55
10,6,13,4,13,2475,VX,LAX,18,128,206,320,0,30,144,228,0,0,55
-4,6,13,4,16,2475,VX,LAX,18,128,206,320,0,30,144,228,0,0,55
53,6,13,4,20,2475,VX,LAX,18,128,206,320,0,30,144,228,0,0,55
-3,6,13,4,6,2475,UA,LAX,18,128,206,320,0,30,144,228,0,0,55
-2,6,13,4,14,2475,UA,LAX,18,128,206,320,0,30,144,228,0,0,55
40,6,13,4,20,2475,UA,LAX,18,128,206,320,0,30,144,228,0,0,55
1,6,13,4,11,2475,UA,LAX,18,128,206,320,0,30,144,228,0,0,55
73,6,13,4,8,2475,UA,LAX,18,128,206,320,0,30,144,228,0,0,55
28,6,13,4,17,2475,DL,LAX,18,128,206,320,0,30,144,228,0,0,55
57,6,13,4,21,2475,DL,LAX,18,128,206,320,0,30,144,228,0,0,55
0,6,13,4,15,2475,DL,LAX,18,128,206,320,0,30,144,228,0,0,55
20,6,13,4,18,2475,DL,LAX,18,128,206,320,0,30,144,228,0,0,55
-7,6,13,4,9,2475,DL,LAX,18,128,206,320,0,30,144,228,0,0,55
-1,6,13,4,16,2475,B6,LAX,18,128,206,320,0,30,144,228,0,0,55
-3,6,13,4,7,2475,B6,LAX,18,128,206,320,0,30,144,228,0,0,55
38,6,13,4,20,2475,B6,LAX,18,128,206,320,0,30,144,228,0,0,55
-4,6,13,4,9,2475,B6,LAX,18,128,206,320,0,30,144,228,0,0,55
2,6,13,4,7,2475,AA,LAX,18,128,206,320,0,30,144,228,0,0,55
48,6,13,4,17,2475,AA,LAX,18,128,206,320,0,30,144,228,0,0,55
78,6,13,4,19,2475,AA,LAX,18,128,206,320,0,30,144,228,0,0,55
-4,6,13,4,9,2475,AA,LAX,18,128,206,320,0,30,144,228,0,0,55
-2,6,13,4,10,2475,AA,LAX,18,128,206,320,0,30,144,228,0,0,55
11,6,13,4,12,2475,AA,LAX,18,128,206,320,0,30,144,228,0,0,55
3,6,13,4,21,2475,AA,LAX,18,128,206,320,0,30,144,228,0,0,55
157,6,13,4,13,2475,AA,LAX,18,128,206,320,0,30,144,228,0,0,55
30,6,13,4,15,2475,AA,LAX,18,128,206,320,0,30,144,228,0,0,55
33,6,13,4,22,2475,B6,LAX,18,128,206,320,0,30,144,228,0,0,55
-3,7,9,2,15,2475,DL,LAX,5,233,311,58,0,14,228,294,0,0,33
1,7,9,2,18,2475,DL,LAX,5,233,311,58,0,14,228,294,0,0,33
-3,7,9,2,9,2475,DL,LAX,5,233,311,58,0,14,228,294,0,0,33
38,7,9,2,21,2475,DL,LAX,5,233,311,58,0,14,228,294,0,0,33
9,7,9,2,7,2475,DL,LAX,5,233,311,58,0,14,228,294,0,0,33
-1,7,9,2,12,2475,DL,LAX,5,233,311,58,0,14,228,294,0,0,33
-2,7,9,2,17,2475,DL,LAX,5,233,311,58,0,14,228,294,0,0,33
13,7,9,2,12,2475,B6,LAX,5,233,311,58,0,14,228,294,0,0,33
82,7,9,2,17,2475,AA,LAX,5,233,311,58,0,14,228,294,0,0,33
-4,7,9,2,15,2475,AA,LAX,5,233,311,58,0,14,228,294,0,0,33
62,7,9,2,22,2475,B6,LAX,5,233,311,58,0,14,228,294,0,0,33
-1,7,9,2,9,2475,AA,LAX,5,233,311,58,0,14,228,294,0,0,33
-3,7,9,2,12,2475,AA,LAX,5,233,311,58,0,14,228,294,0,0,33
-1,7,9,2,13,2475,AA,LAX,5,233,311,58,0,14,228,294,0,0,33
72,7,9,2,21,2475,AA,LAX,5,233,311,58,0,14,228,294,0,0,33
-2,7,9,2,7,2475,B6,LAX,5,233,311,58,0,14,228,294,0,0,33
2,7,9,2,7,2475,AA,LAX,5,233,311,58,0,14,228,294,0,0,33
-3,7,9,2,9,2475,B6,LAX,5,233,311,58,0,14,228,294,0,0,33
-4,7,9,2,20,2475,B6,LAX,5,233,311,58,0,14,228,294,0,0,33
32,7,9,2,16,2475,B6,LAX,5,233,311,58,0,14,228,294,0,0,33
-2,7,9,2,10,2475,AA,LAX,5,233,311,58,0,14,228,294,0,0,33
149,7,9,2,19,2475,AA,LAX,5,233,311,58,0,14,228,294,0,0,33
8,7,9,2,7,2475,VX,LAX,5,233,311,58,0,14,228,294,0,0,33
22,7,9,2,9,2475,VX,LAX,5,233,311,58,0,14,228,294,0,0,33
2,7,9,2,13,2475,VX,LAX,5,233,311,58,0,14,228,294,0,0,33
183,7,9,2,16,2475,VX,LAX,5,233,311,58,0,14,228,294,0,0,33
81,7,9,2,20,2475,VX,LAX,5,233,311,58,0,14,228,294,0,0,33
26,7,9,2,17,2475,UA,LAX,5,233,311,58,0,14,228,294,0,0,33
11,7,9,2,11,2475,UA,LAX,5,233,311,58,0,14,228,294,0,0,33
0,7,9,2,6,2475,UA,LAX,5,233,311,58,0,14,228,294,0,0,33
73,7,9,2,20,2475,UA,LAX,5,233,311,58,0,14,228,294,0,0,33
0,7,9,2,14,2475,UA,LAX,5,233,311,58,0,14,228,294,0,0,33
0,7,9,2,8,2475,UA,LAX,5,233,311,58,0,14,228,294,0,0,33
14,7,14,7,20,2475,VX,LAX,10,233,322,0,0,18,222,311,0,0,34
20,7,14,7,14,2475,UA,LAX,10,233,322,0,0,18,222,311,0,0,34
5,7,14,7,8,2475,UA,LAX,10,233,322,0,0,18,222,311,0,0,34
16,7,14,7,17,2475,UA,LAX,10,233,322,0,0,18,222,311,0,0,34
8,7,14,7,20,2475,UA,LAX,10,233,322,0,0,18,222,311,0,0,34
-5,7,14,7,11,2475,UA,LAX,10,233,322,0,0,18,222,311,0,0,34
-1,7,14,7,7,2475,VX,LAX,10,233,322,0,0,18,222,311,0,0,34
7,7,14,7,9,2475,VX,LAX,10,233,322,0,0,18,222,311,0,0,34
0,7,14,7,13,2475,VX,LAX,10,233,322,0,0,18,222,311,0,0,34
40,7,14,7,16,2475,VX,LAX,10,233,322,0,0,18,222,311,0,0,34
52,7,14,7,7,2475,B6,LAX,10,233,322,0,0,18,222,311,0,0,34
6,7,14,7,19,2475,AA,LAX,10,233,322,0,0,18,222,311,0,0,34
-2,7,14,7,10,2475,AA,LAX,10,233,322,0,0,18,222,311,0,0,34
-8,7,14,7,12,2475,AA,LAX,10,233,322,0,0,18,222,311,0,0,34
-10,7,14,7,13,2475,AA,LAX,10,233,322,0,0,18,222,311,0,0,34
4,7,14,7,16,2475,B6,LAX,10,233,322,0,0,18,222,311,0,0,34
0,7,14,7,15,2475,AA,LAX,10,233,322,0,0,18,222,311,0,0,34
-5,7,14,7,9,2475,B6,LAX,10,233,322,0,0,18,222,311,0,0,34
-1,7,14,7,7,2475,AA,LAX,10,233,322,0,0,18,222,311,0,0,34
70,7,14,7,9,2475,AA,LAX,10,233,322,0,0,18,222,311,0,0,34
-3,7,14,7,22,2475,B6,LAX,10,233,322,0,0,18,222,311,0,0,34
-2,7,14,7,20,2475,B6,LAX,10,233,322,0,0,18,222,311,0,0,34
-5,7,14,7,17,2475,AA,LAX,10,233,322,0,0,18,222,311,0,0,34
-2,7,14,7,12,2475,B6,LAX,10,233,322,0,0,18,222,311,0,0,34
3,7,14,7,21,2475,AA,LAX,10,233,322,0,0,18,222,311,0,0,34
4,7,14,7,15,2475,DL,LAX,10,233,322,0,0,18,222,311,0,0,34
-2,7,14,7,9,2475,DL,LAX,10,233,322,0,0,18,222,311,0,0,34
56,7,14,7,17,2475,DL,LAX,10,233,322,0,0,18,222,311,0,0,34
0,7,14,7,12,2475,DL,LAX,10,233,322,0,0,18,222,311,0,0,34
0,7,14,7,7,2475,DL,LAX,10,233,322,0,0,18,222,311,0,0,34
-1,7,14,7,21,2475,DL,LAX,10,233,322,0,0,18,222,311,0,0,34
1,7,14,7,18,2475,DL,LAX,10,233,322,0,0,18,222,311,0,0,34
0,8,15,4,9,2475,B6,LAX,17,150,256,0,0,16,128,239,0,0,22
-6,8,15,4,9,2475,DL,LAX,17,150,256,0,0,16,128,239,0,0,22
11,8,15,4,15,2475,DL,LAX,17,150,256,0,0,16,128,239,0,0,22
0,8,15,4,18,2475,DL,LAX,17,150,256,0,0,16,128,239,0,0,22
0,8,15,4,7,2475,B6,LAX,17,150,256,0,0,16,128,239,0,0,22
64,8,15,4,19,2475,AA,LAX,17,150,256,0,0,16,128,239,0,0,22
-4,8,15,4,9,2475,AA,LAX,17,150,256,0,0,16,128,239,0,0,22
-4,8,15,4,12,2475,AA,LAX,17,150,256,0,0,16,128,239,0,0,22
-1,8,15,4,22,2475,B6,LAX,17,150,256,0,0,16,128,239,0,0,22
-1,8,15,4,17,2475,AA,LAX,17,150,256,0,0,16,128,239,0,0,22
7,8,15,4,21,2475,DL,LAX,17,150,256,0,0,16,128,239,0,0,22
12,8,15,4,20,2475,B6,LAX,17,150,256,0,0,16,128,239,0,0,22
106,8,15,4,13,2475,AA,LAX,17,150,256,0,0,16,128,239,0,0,22
-1,8,15,4,10,2475,AA,LAX,17,150,256,0,0,16,128,239,0,0,22
-6,8,15,4,7,2475,DL,LAX,17,150,256,0,0,16,128,239,0,0,22
5,8,15,4,15,2475,AA,LAX,17,150,256,0,0,16,128,239,0,0,22
-4,8,15,4,7,2475,AA,LAX,17,150,256,0,0,16,128,239,0,0,22
-5,8,15,4,21,2475,AA,LAX,17,150,256,0,0,16,128,239,0,0,22
2,8,15,4,17,2475,DL,LAX,17,150,256,0,0,16,128,239,0,0,22
-2,8,15,4,12,2475,DL,LAX,17,150,256,0,0,16,128,239,0,0,22
-3,8,15,4,16,2475,B6,LAX,17,150,256,0,0,16,128,239,0,0,22
-2,8,15,4,12,2475,B6,LAX,17,150,256,0,0,16,128,239,0,0,22
22,8,15,4,8,2475,UA,LAX,17,150,256,0,0,16,128,239,0,0,22
-4,8,15,4,6,2475,UA,LAX,17,150,256,0,0,16,128,239,0,0,22
-6,8,15,4,11,2475,UA,LAX,17,150,256,0,0,16,128,239,0,0,22
0,8,15,4,20,2475,UA,LAX,17,150,256,0,0,16,128,239,0,0,22
-3,8,15,4,14,2475,UA,LAX,17,150,256,0,0,16,128,239,0,0,22
3,8,15,4,16,2475,VX,LAX,17,150,256,0,0,16,128,239,0,0,22
-3,8,15,4,13,2475,VX,LAX,17,150,256,0,0,16,128,239,0,0,22
-1,8,15,4,9,2475,VX,LAX,17,150,256,0,0,16,128,239,0,0,22
-5,8,15,4,7,2475,VX,LAX,17,150,256,0,0,16,128,239,0,0,22
108,8,15,4,17,2475,UA,LAX,17,150,256,0,0,16,128,239,0,0,22
10,8,15,4,20,2475,VX,LAX,17,150,256,0,0,16,128,239,0,0,22
0,8,20,2,16,2475,VX,LAX,12,200,311,0,0,13,189,311,0,0,36
-4,8,20,2,13,2475,VX,LAX,12,200,311,0,0,13,189,311,0,0,36
0,8,20,2,9,2475,VX,LAX,12,200,311,0,0,13,189,311,0,0,36
-3,8,20,2,7,2475,VX,LAX,12,200,311,0,0,13,189,311,0,0,36
-4,8,20,2,6,2475,UA,LAX,12,200,311,0,0,13,189,311,0,0,36
7,8,20,2,20,2475,UA,LAX,12,200,311,0,0,13,189,311,0,0,36
5,8,20,2,14,2475,UA,LAX,12,200,311,0,0,13,189,311,0,0,36
-5,8,20,2,11,2475,UA,LAX,12,200,311,0,0,13,189,311,0,0,36
1,8,20,2,20,2475,VX,LAX,12,200,311,0,0,13,189,311,0,0,36
41,8,20,2,8,2475,UA,LAX,12,200,311,0,0,13,189,311,0,0,36
25,8,20,2,17,2475,UA,LAX,12,200,311,0,0,13,189,311,0,0,36
-2,8,20,2,17,2475,AA,LAX,12,200,311,0,0,13,189,311,0,0,36
5,8,20,2,21,2475,AA,LAX,12,200,311,0,0,13,189,311,0,0,36
-1,8,20,2,10,2475,AA,LAX,12,200,311,0,0,13,189,311,0,0,36
0,8,20,2,19,2475,AA,LAX,12,200,311,0,0,13,189,311,0,0,36
-9,8,20,2,15,2475,AA,LAX,12,200,311,0,0,13,189,311,0,0,36
-6,8,20,2,7,2475,AA,LAX,12,200,311,0,0,13,189,311,0,0,36
3,8,20,2,13,2475,AA,LAX,12,200,311,0,0,13,189,311,0,0,36
3,8,20,2,7,2475,B6,LAX,12,200,311,0,0,13,189,311,0,0,36
-1,8,20,2,9,2475,B6,LAX,12,200,311,0,0,13,189,311,0,0,36
23,8,20,2,12,2475,B6,LAX,12,200,311,0,0,13,189,311,0,0,36
-4,8,20,2,16,2475,B6,LAX,12,200,311,0,0,13,189,311,0,0,36
18,8,20,2,20,2475,B6,LAX,12,200,311,0,0,13,189,311,0,0,36
-1,8,20,2,21,2475,DL,LAX,12,200,311,0,0,13,189,311,0,0,36
-6,8,20,2,12,2475,AA,LAX,12,200,311,0,0,13,189,311,0,0,36
-4,8,20,2,9,2475,AA,LAX,12,200,311,0,0,13,189,311,0,0,36
111,8,20,2,17,2475,DL,LAX,12,200,311,0,0,13,189,311,0,0,36
1,8,20,2,9,2475,DL,LAX,12,200,311,0,0,13,189,311,0,0,36
3,8,20,2,15,2475,DL,LAX,12,200,311,0,0,13,189,311,0,0,36
-1,8,20,2,18,2475,DL,LAX,12,200,311,0,0,13,189,311,0,0,36
-3,8,20,2,7,2475,DL,LAX,12,200,311,0,0,13,189,311,0,0,36
90,8,20,2,12,2475,DL,LAX,12,200,311,0,0,13,189,311,0,0,36
0,9,16,1,9,2475,AA,LAX,15,133,228,8,0,21,106,178,0,0,48
-1,9,16,1,12,2475,DL,LAX,15,133,228,8,0,21,106,178,0,0,48
-3,9,16,1,7,2475,DL,LAX,15,133,228,8,0,21,106,178,0,0,48
-4,9,16,1,9,2475,DL,LAX,15,133,228,8,0,21,106,178,0,0,48
-5,9,16,1,17,2475,DL,LAX,15,133,228,8,0,21,106,178,0,0,48
10,9,16,1,18,2475,DL,LAX,15,133,228,8,0,21,106,178,0,0,48
-5,9,16,1,13,2475,AA,LAX,15,133,228,8,0,21,106,178,0,0,48
-1,9,16,1,12,2475,AA,LAX,15,133,228,8,0,21,106,178,0,0,48
-5,9,16,1,10,2475,AA,LAX,15,133,228,8,0,21,106,178,0,0,48
8,9,16,1,21,2475,AA,LAX,15,133,228,8,0,21,106,178,0,0,48
-7,9,16,1,19,2475,AA,LAX,15,133,228,8,0,21,106,178,0,0,48
-6,9,16,1,8,2475,AA,LAX,15,133,228,8,0,21,106,178,0,0,48
21,9,16,1,15,2475,AA,LAX,15,133,228,8,0,21,106,178,0,0,48
-7,9,16,1,16,2475,AA,LAX,15,133,228,8,0,21,106,178,0,0,48
-1,9,16,1,13,2475,VX,LAX,15,133,228,8,0,21,106,178,0,0,48
0,9,16,1,9,2475,VX,LAX,15,133,228,8,0,21,106,178,0,0,48
1,9,16,1,7,2475,VX,LAX,15,133,228,8,0,21,106,178,0,0,48
-6,9,16,1,14,2475,UA,LAX,15,133,228,8,0,21,106,178,0,0,48
-3,9,16,1,6,2475,UA,LAX,15,133,228,8,0,21,106,178,0,0,48
-5,9,16,1,20,2475,UA,LAX,15,133,228,8,0,21,106,178,0,0,48
-5,9,16,1,11,2475,UA,LAX,15,133,228,8,0,21,106,178,0,0,48
-11,9,16,1,17,2475,UA,LAX,15,133,228,8,0,21,106,178,0,0,48
-5,9,16,1,8,2475,UA,LAX,15,133,228,8,0,21,106,178,0,0,48
-1,9,16,1,15,2475,DL,LAX,15,133,228,8,0,21,106,178,0,0,48
-6,9,16,1,21,2475,DL,LAX,15,133,228,8,0,21,106,178,0,0,48
3,9,16,1,20,2475,B6,LAX,15,133,228,8,0,21,106,178,0,0,48
-4,9,16,1,16,2475,B6,LAX,15,133,228,8,0,21,106,178,0,0,48
-6,9,16,1,11,2475,B6,LAX,15,133,228,8,0,21,106,178,0,0,48
-2,9,16,1,9,2475,B6,LAX,15,133,228,8,0,21,106,178,0,0,48
30,9,16,1,7,2475,B6,LAX,15,133,228,8,0,21,106,178,0,0,48
43,9,16,1,20,2475,VX,LAX,15,133,228,8,0,21,106,178,0,0,48
-2,9,16,1,16,2475,VX,LAX,15,133,228,8,0,21,106,178,0,0,48
-1,9,21,6,15,2475,DL,LAX,20,161,250,183,0,20,111,194,0,0,45
126,9,21,6,13,2475,VX,LAX,20,161,250,183,0,20,111,194,0,0,45
-1,9,21,6,9,2475,VX,LAX,20,161,250,183,0,20,111,194,0,0,45
9,9,21,6,7,2475,VX,LAX,20,161,250,183,0,20,111,194,0,0,45
-6,9,21,6,20,2475,B6,LAX,20,161,250,183,0,20,111,194,0,0,45
-5,9,21,6,7,2475,B6,LAX,20,161,250,183,0,20,111,194,0,0,45
2,9,21,6,11,2475,UA,LAX,20,161,250,183,0,20,111,194,0,0,45
-5,9,21,6,6,2475,UA,LAX,20,161,250,183,0,20,111,194,0,0,45
183,9,21,6,14,2475,UA,LAX,20,161,250,183,0,20,111,194,0,0,45
32,9,21,6,16,2475,VX,LAX,20,161,250,183,0,20,111,194,0,0,45
53,9,21,6,11,2475,B6,LAX,20,161,250,183,0,20,111,194,0,0,45
-1,9,21,6,16,2475,B6,LAX,20,161,250,183,0,20,111,194,0,0,45
-1,9,21,6,18,2475,DL,LAX,20,161,250,183,0,20,111,194,0,0,45
-2,9,21,6,9,2475,DL,LAX,20,161,250,183,0,20,111,194,0,0,45
29,9,21,6,7,2475,DL,LAX,20,161,250,183,0,20,111,194,0,0,45
0,9,21,6,12,2475,DL,LAX,20,161,250,183,0,20,111,194,0,0,45
15,9,21,6,9,2475,AA,LAX,20,161,250,183,0,20,111,194,0,0,45
6,9,21,6,21,2475,AA,LAX,20,161,250,183,0,20,111,194,0,0,45
40,9,21,6,15,2475,AA,LAX,20,161,250,183,0,20,111,194,0,0,45
-3,9,21,6,19,2475,AA,LAX,20,161,250,183,0,20,111,194,0,0,45
-8,9,21,6,8,2475,UA,LAX,20,161,250,183,0,20,111,194,0,0,45
-2,9,21,6,17,2475,UA,LAX,20,161,250,183,0,20,111,194,0,0,45
62,9,21,6,12,2475,AA,LAX,20,161,250,183,0,20,111,194,0,0,45
0,9,21,6,10,2475,AA,LAX,20,161,250,183,0,20,111,194,0,0,45
-2,9,21,6,8,2475,AA,LAX,20,161,250,183,0,20,111,194,0,0,45
104,9,21,6,13,2475,AA,LAX,20,161,250,183,0,20,111,194,0,0,45
24,9,21,6,16,2475,AA,LAX,20,161,250,183,0,20,111,194,0,0,45
-10,10,7,1,9,2475,B6,LAX,6,156,244,64,0,26,72,200,0,0,40
-2,10,7,1,7,2475,B6,LAX,6,156,244,64,0,26,72,200,0,0,40
-7,10,7,1,13,2475,AA,LAX,6,156,244,64,0,26,72,200,0,0,40
6,10,7,1,16,2475,AA,LAX,6,156,244,64,0,26,72,200,0,0,40
-5,10,7,1,16,2475,B6,LAX,6,156,244,64,0,26,72,200,0,0,40
2,10,7,1,8,2475,AA,LAX,6,156,244,64,0,26,72,200,0,0,40
8,10,7,1,15,2475,AA,LAX,6,156,244,64,0,26,72,200,0,0,40
65,10,7,1,20,2475,B6,LAX,6,156,244,64,0,26,72,200,0,0,40
-6,10,7,1,9,2475,AA,LAX,6,156,244,64,0,26,72,200,0,0,40
0,10,7,1,11,2475,B6,LAX,6,156,244,64,0,26,72,200,0,0,40
-6,10,7,1,10,2475,AA,LAX,6,156,244,64,0,26,72,200,0,0,40
-6,10,7,1,12,2475,AA,LAX,6,156,244,64,0,26,72,200,0,0,40
247,10,7,1,19,2475,AA,LAX,6,156,244,64,0,26,72,200,0,0,40
20,10,7,1,21,2475,AA,LAX,6,156,244,64,0,26,72,200,0,0,40
-2,10,7,1,9,2475,VX,LAX,6,156,244,64,0,26,72,200,0,0,40
-8,10,7,1,13,2475,VX,LAX,6,156,244,64,0,26,72,200,0,0,40
35,10,7,1,16,2475,VX,LAX,6,156,244,64,0,26,72,200,0,0,40
67,10,7,1,20,2475,VX,LAX,6,156,244,64,0,26,72,200,0,0,40
-2,10,7,1,17,2475,DL,LAX,6,156,244,64,0,26,72,200,0,0,40
128,10,7,1,17,2475,UA,LAX,6,156,244,64,0,26,72,200,0,0,40
33,10,7,1,20,2475,UA,LAX,6,156,244,64,0,26,72,200,0,0,40
-6,10,7,1,6,2475,UA,LAX,6,156,244,64,0,26,72,200,0,0,40
-1,10,7,1,14,2475,UA,LAX,6,156,244,64,0,26,72,200,0,0,40
17,10,7,1,11,2475,UA,LAX,6,156,244,64,0,26,72,200,0,0,40
-5,10,7,1,8,2475,UA,LAX,6,156,244,64,0,26,72,200,0,0,40
-2,10,7,1,9,2475,DL,LAX,6,156,244,64,0,26,72,200,0,0,40
-3,10,7,1,7,2475,DL,LAX,6,156,244,64,0,26,72,200,0,0,40
-5,10,7,1,12,2475,DL,LAX,6,156,244,64,0,26,72,200,0,0,40
-2,10,7,1,15,2475,DL,LAX,6,156,244,64,0,26,72,200,0,0,40
0,10,7,1,21,2475,DL,LAX,6,156,244,64,0,26,72,200,0,0,40
15,10,7,1,18,2475,DL,LAX,6,156,244,64,0,26,72,200,0,0,40
-3,10,7,1,7,2475,VX,LAX,6,156,244,64,0,26,72,200,0,0,40
1,10,12,6,18,2475,DL,LAX,1,156,222,0,0,50,78,228,30,0,33
-1,10,12,6,8,2475,UA,LAX,1,156,222,0,0,50,78,228,30,0,33
30,10,12,6,17,2475,UA,LAX,1,156,222,0,0,50,78,228,30,0,33
-2,10,12,6,11,2475,UA,LAX,1,156,222,0,0,50,78,228,30,0,33
-3,10,12,6,6,2475,UA,LAX,1,156,222,0,0,50,78,228,30,0,33
-6,10,12,6,15,2475,UA,LAX,1,156,222,0,0,50,78,228,30,0,33
7,10,12,6,7,2475,VX,LAX,1,156,222,0,0,50,78,228,30,0,33
-2,10,12,6,9,2475,VX,LAX,1,156,222,0,0,50,78,228,30,0,33
7,10,12,6,13,2475,VX,LAX,1,156,222,0,0,50,78,228,30,0,33
17,10,12,6,16,2475,VX,LAX,1,156,222,0,0,50,78,228,30,0,33
23,10,12,6,15,2475,DL,LAX,1,156,222,0,0,50,78,228,30,0,33
-4,10,12,6,12,2475,DL,LAX,1,156,222,0,0,50,78,228,30,0,33
-3,10,12,6,7,2475,DL,LAX,1,156,222,0,0,50,78,228,30,0,33
0,10,12,6,9,2475,DL,LAX,1,156,222,0,0,50,78,228,30,0,33
-7,10,12,6,10,2475,AA,LAX,1,156,222,0,0,50,78,228,30,0,33
-3,10,12,6,12,2475,AA,LAX,1,156,222,0,0,50,78,228,30,0,33
-3,10,12,6,8,2475,AA,LAX,1,156,222,0,0,50,78,228,30,0,33
-2,10,12,6,11,2475,B6,LAX,1,156,222,0,0,50,78,228,30,0,33
-1,10,12,6,16,2475,AA,LAX,1,156,222,0,0,50,78,228,30,0,33
1,10,12,6,19,2475,AA,LAX,1,156,222,0,0,50,78,228,30,0,33
1,10,12,6,16,2475,B6,LAX,1,156,222,0,0,50,78,228,30,0,33
-1,10,12,6,20,2475,B6,LAX,1,156,222,0,0,50,78,228,30,0,33
-1,10,12,6,7,2475,B6,LAX,1,156,222,0,0,50,78,228,30,0,33
-5,10,12,6,13,2475,AA,LAX,1,156,222,0,0,50,78,228,30,0,33
2,10,12,6,21,2475,AA,LAX,1,156,222,0,0,50,78,228,30,0,33
87,10,12,6,15,2475,AA,LAX,1,156,222,0,0,50,78,228,30,0,33
-2,10,12,6,9,2475,AA,LAX,1,156,222,0,0,50,78,228,30,0,33
9,11,8,5,8,2475,AA,LAX,3,44,100,0,0,39,-21,89,0,0,42
-4,11,8,5,21,2475,AA,LAX,3,44,100,0,0,39,-21,89,0,0,42
-2,11,8,5,9,2475,AA,LAX,3,44,100,0,0,39,-21,89,0,0,42
-6,11,8,5,9,2475,DL,LAX,3,44,100,0,0,39,-21,89,0,0,42
-3,11,8,5,18,2475,DL,LAX,3,44,100,0,0,39,-21,89,0,0,42
-3,11,8,5,9,2475,B6,LAX,3,44,100,0,0,39,-21,89,0,0,42
-4,11,8,5,11,2475,B6,LAX,3,44,100,0,0,39,-21,89,0,0,42
-4,11,8,5,16,2475,B6,LAX,3,44,100,0,0,39,-21,89,0,0,42
21,11,8,5,20,2475,B6,LAX,3,44,100,0,0,39,-21,89,0,0,42
-4,11,8,5,7,2475,B6,LAX,3,44,100,0,0,39,-21,89,0,0,42
-9,11,8,5,16,2475,DL,LAX,3,44,100,0,0,39,-21,89,0,0,42
2,11,8,5,13,2475,AA,LAX,3,44,100,0,0,39,-21,89,0,0,42
-5,11,8,5,10,2475,AA,LAX,3,44,100,0,0,39,-21,89,0,0,42
-4,11,8,5,12,2475,AA,LAX,3,44,100,0,0,39,-21,89,0,0,42
-4,11,8,5,15,2475,AA,LAX,3,44,100,0,0,39,-21,89,0,0,42
-11,11,8,5,15,2475,DL,LAX,3,44,100,0,0,39,-21,89,0,0,42
-3,11,8,5,20,2475,DL,LAX,3,44,100,0,0,39,-21,89,0,0,42
-5,11,8,5,12,2475,DL,LAX,3,44,100,0,0,39,-21,89,0,0,42
-1,11,8,5,16,2475,AA,LAX,3,44,100,0,0,39,-21,89,0,0,42
-7,11,8,5,19,2475,AA,LAX,3,44,100,0,0,39,-21,89,0,0,42
-7,11,8,5,7,2475,DL,LAX,3,44,100,0,0,39,-21,89,0,0,42
-5,11,8,5,6,2475,UA,LAX,3,44,100,0,0,39,-21,89,0,0,42
-4,11,8,5,11,2475,UA,LAX,3,44,100,0,0,39,-21,89,0,0,42
-8,11,8,5,17,2475,UA,LAX,3,44,100,0,0,39,-21,89,0,0,42
-3,11,8,5,8,2475,UA,LAX,3,44,100,0,0,39,-21,89,0,0,42
0,11,8,5,13,2475,VX,LAX,3,44,100,0,0,39,-21,89,0,0,42
-4,11,8,5,20,2475,UA,LAX,3,44,100,0,0,39,-21,89,0,0,42
73,11,8,5,16,2475,VX,LAX,3,44,100,0,0,39,-21,89,0,0,42
0,11,8,5,7,2475,VX,LAX,3,44,100,0,0,39,-21,89,0,0,42
2,11,8,5,9,2475,VX,LAX,3,44,100,0,0,39,-21,89,0,0,42
-2,11,8,5,20,2475,VX,LAX,3,44,100,0,0,39,-21,89,0,0,42
-4,11,8,5,14,2475,UA,LAX,3,44,100,0,0,39,-21,89,0,0,42
-5,11,13,3,7,2475,VX,LAX,2,-16,39,0,0,27,-66,44,0,0,64
0,11,13,3,20,2475,UA,LAX,2,-16,39,0,0,27,-66,44,0,0,64
-7,11,13,3,6,2475,UA,LAX,2,-16,39,0,0,27,-66,44,0,0,64
9,11,13,3,8,2475,UA,LAX,2,-16,39,0,0,27,-66,44,0,0,64
28,11,13,3,11,2475,UA,LAX,2,-16,39,0,0,27,-66,44,0,0,64
10,11,13,3,20,2475,VX,LAX,2,-16,39,0,0,27,-66,44,0,0,64
16,11,13,3,16,2475,VX,LAX,2,-16,39,0,0,27,-66,44,0,0,64
7,11,13,3,17,2475,UA,LAX,2,-16,39,0,0,27,-66,44,0,0,64
-5,11,13,3,14,2475,UA,LAX,2,-16,39,0,0,27,-66,44,0,0,64
1,11,13,3,13,2475,VX,LAX,2,-16,39,0,0,27,-66,44,0,0,64
0,11,13,3,9,2475,VX,LAX,2,-16,39,0,0,27,-66,44,0,0,64
-3,11,13,3,8,2475,AA,LAX,2,-16,39,0,0,27,-66,44,0,0,64
11,11,13,3,15,2475,DL,LAX,2,-16,39,0,0,27,-66,44,0,0,64
-3,11,13,3,9,2475,DL,LAX,2,-16,39,0,0,27,-66,44,0,0,64
-8,11,13,3,12,2475,DL,LAX,2,-16,39,0,0,27,-66,44,0,0,64
8,11,13,3,18,2475,DL,LAX,2,-16,39,0,0,27,-66,44,0,0,64
9,11,13,3,20,2475,DL,LAX,2,-16,39,0,0,27,-66,44,0,0,64
-6,11,13,3,7,2475,DL,LAX,2,-16,39,0,0,27,-66,44,0,0,64
-9,11,13,3,16,2475,DL,LAX,2,-16,39,0,0,27,-66,44,0,0,64
-6,11,13,3,13,2475,AA,LAX,2,-16,39,0,0,27,-66,44,0,0,64
1,11,13,3,16,2475,AA,LAX,2,-16,39,0,0,27,-66,44,0,0,64
-7,11,13,3,15,2475,AA,LAX,2,-16,39,0,0,27,-66,44,0,0,64
10,11,13,3,21,2475,AA,LAX,2,-16,39,0,0,27,-66,44,0,0,64
-5,11,13,3,12,2475,AA,LAX,2,-16,39,0,0,27,-66,44,0,0,64
-6,11,13,3,19,2475,AA,LAX,2,-16,39,0,0,27,-66,44,0,0,64
-4,11,13,3,9,2475,B6,LAX,2,-16,39,0,0,27,-66,44,0,0,64
37,11,13,3,20,2475,B6,LAX,2,-16,39,0,0,27,-66,44,0,0,64
2,11,13,3,16,2475,B6,LAX,2,-16,39,0,0,27,-66,44,0,0,64
-5,11,13,3,11,2475,B6,LAX,2,-16,39,0,0,27,-66,44,0,0,64
-8,11,13,3,9,2475,AA,LAX,2,-16,39,0,0,27,-66,44,0,0,64
-5,11,13,3,10,2475,AA,LAX,2,-16,39,0,0,27,-66,44,0,0,64
-7,11,13,3,7,2475,B6,LAX,2,-16,39,0,0,27,-66,44,0,0,64
-3,12,9,1,20,2475,VX,LAX,12,-5,39,76,0,30,-177,-38,0,0,65
-6,12,9,1,13,2475,VX,LAX,12,-5,39,76,0,30,-177,-38,0,0,65
6,12,9,1,9,2475,VX,LAX,12,-5,39,76,0,30,-177,-38,0,0,65
5,12,9,1,7,2475,VX,LAX,12,-5,39,76,0,30,-177,-38,0,0,65
-5,12,9,1,17,2475,UA,LAX,12,-5,39,76,0,30,-177,-38,0,0,65
24,12,9,1,16,2475,DL,LAX,12,-5,39,76,0,30,-177,-38,0,0,65
2,12,9,1,7,2475,DL,LAX,12,-5,39,76,0,30,-177,-38,0,0,65
-1,12,9,1,20,2475,DL,LAX,12,-5,39,76,0,30,-177,-38,0,0,65
-5,12,9,1,18,2475,DL,LAX,12,-5,39,76,0,30,-177,-38,0,0,65
21,12,9,1,20,2475,UA,LAX,12,-5,39,76,0,30,-177,-38,0,0,65
-9,12,9,1,6,2475,UA,LAX,12,-5,39,76,0,30,-177,-38,0,0,65
-5,12,9,1,8,2475,UA,LAX,12,-5,39,76,0,30,-177,-38,0,0,65
65,12,9,1,11,2475,UA,LAX,12,-5,39,76,0,30,-177,-38,0,0,65
-1,12,9,1,16,2475,VX,LAX,12,-5,39,76,0,30,-177,-38,0,0,65
-3,12,9,1,9,2475,DL,LAX,12,-5,39,76,0,30,-177,-38,0,0,65
-1,12,9,1,15,2475,DL,LAX,12,-5,39,76,0,30,-177,-38,0,0,65
-2,12,9,1,12,2475,DL,LAX,12,-5,39,76,0,30,-177,-38,0,0,65
-6,12,9,1,14,2475,UA,LAX,12,-5,39,76,0,30,-177,-38,0,0,65
-1,12,9,1,10,2475,AA,LAX,12,-5,39,76,0,30,-177,-38,0,0,65
-1,12,9,1,19,2475,AA,LAX,12,-5,39,76,0,30,-177,-38,0,0,65
-2,12,9,1,12,2475,AA,LAX,12,-5,39,76,0,30,-177,-38,0,0,65
-1,12,9,1,7,2475,AA,LAX,12,-5,39,76,0,30,-177,-38,0,0,65
19,12,9,1,15,2475,AA,LAX,12,-5,39,76,0,30,-177,-38,0,0,65
1,12,9,1,13,2475,AA,LAX,12,-5,39,76,0,30,-177,-38,0,0,65
117,12,9,1,16,2475,AA,LAX,12,-5,39,76,0,30,-177,-38,0,0,65
-7,12,9,1,21,2475,AA,LAX,12,-5,39,76,0,30,-177,-38,0,0,65
8,12,9,1,11,2475,B6,LAX,12,-5,39,76,0,30,-177,-38,0,0,65
46,12,9,1,16,2475,B6,LAX,12,-5,39,76,0,30,-177,-38,0,0,65
1,12,9,1,20,2475,B6,LAX,12,-5,39,76,0,30,-177,-38,0,0,65
-2,12,9,1,7,2475,B6,LAX,12,-5,39,76,0,30,-177,-38,0,0,65
-3,12,9,1,9,2475,B6,LAX,12,-5,39,76,0,30,-177,-38,0,0,65
-1,12,9,1,9,2475,AA,LAX,12,-5,39,76,0,30,-177,-38,0,0,65
49,12,14,6,15,2475,AA,LAX,11,-55,11,185,127,45,-55,-5,58,102,49
9,12,14,6,11,2475,B6,LAX,11,-55,11,185,127,45,-55,-5,58,102,49
-4,12,14,6,7,2475,B6,LAX,11,-55,11,185,127,45,-55,-5,58,102,49
4,12,14,6,12,2475,AA,LAX,11,-55,11,185,127,45,-55,-5,58,102,49
37,12,14,6,16,2475,AA,LAX,11,-55,11,185,127,45,-55,-5,58,102,49
39,12,14,6,19,2475,AA,LAX,11,-55,11,185,127,45,-55,-5,58,102,49
9,12,14,6,9,2475,AA,LAX,11,-55,11,185,127,45,-55,-5,58,102,49
42,12,14,6,21,2475,AA,LAX,11,-55,11,185,127,45,-55,-5,58,102,49
6,12,14,6,13,2475,AA,LAX,11,-55,11,185,127,45,-55,-5,58,102,49
18,12,14,6,10,2475,AA,LAX,11,-55,11,185,127,45,-55,-5,58,102,49
124,12,14,6,20,2475,B6,LAX,11,-55,11,185,127,45,-55,-5,58,102,49
10,12,14,6,16,2475,B6,LAX,11,-55,11,185,127,45,-55,-5,58,102,49
9,12,14,6,9,2475,VX,LAX,11,-55,11,185,127,45,-55,-5,58,102,49
137,12,14,6,15,2475,DL,LAX,11,-55,11,185,127,45,-55,-5,58,102,49
1,12,14,6,6,2475,UA,LAX,11,-55,11,185,127,45,-55,-5,58,102,49
5,12,14,6,9,2475,DL,LAX,11,-55,11,185,127,45,-55,-5,58,102,49
11,12,14,6,13,2475,VX,LAX,11,-55,11,185,127,45,-55,-5,58,102,49
0,12,14,6,7,2475,DL,LAX,11,-55,11,185,127,45,-55,-5,58,102,49
87,12,14,6,20,2475,DL,LAX,11,-55,11,185,127,45,-55,-5,58,102,49
38,12,14,6,18,2475,DL,LAX,11,-55,11,185,127,45,-55,-5,58,102,49
-5,12,14,6,14,2475,UA,LAX,11,-55,11,185,127,45,-55,-5,58,102,49
-2,12,14,6,11,2475,UA,LAX,11,-55,11,185,127,45,-55,-5,58,102,49
-4,12,14,6,8,2475,UA,LAX,11,-55,11,185,127,45,-55,-5,58,102,49
3,12,14,6,7,2475,VX,LAX,11,-55,11,185,127,45,-55,-5,58,102,49
