-5,1,15,2,16,2475,AA,LAX,6,17,33,30,0,31,-111,-6,0,0,10
-6,1,15,2,15,2475,AA,LAX,6,17,33,30,0,31,-111,-6,0,0,10
-5,1,15,2,7,2475,AA,LAX,6,17,33,30,0,31,-111,-6,0,0,10
-6,1,15,2,10,2475,AA,LAX,6,17,33,30,0,31,-111,-6,0,0,10
-8,1,15,2,12,2475,AA,LAX,6,17,33,30,0,31,-111,-6,0,0,10
2,1,15,2,19,2475,AA,LAX,6,17,33,30,0,31,-111,-6,0,0,10
-2,1,15,2,9,2475,AA,LAX,6,17,33,30,0,31,-111,-6,0,0,10
-3,1,15,2,13,2475,AA,LAX,6,17,33,30,0,31,-111,-6,0,0,10
18,1,15,2,21,2475,AA,LAX,6,17,33,30,0,31,-111,-6,0,0,10
-2,1,15,2,20,2475,UA,LAX,6,17,33,30,0,31,-111,-6,0,0,10
-8,1,15,2,11,2475,UA,LAX,6,17,33,30,0,31,-111,-6,0,0,10
-8,1,15,2,17,2475,UA,LAX,6,17,33,30,0,31,-111,-6,0,0,10
-4,1,15,2,9,2475,VX,LAX,6,17,33,30,0,31,-111,-6,0,0,10
4,1,15,2,15,2475,UA,LAX,6,17,33,30,0,31,-111,-6,0,0,10
-6,1,15,2,21,2475,DL,LAX,6,17,33,30,0,31,-111,-6,0,0,10
-3,1,15,2,20,2475,VX,LAX,6,17,33,30,0,31,-111,-6,0,0,10
-3,1,15,2,15,2475,DL,LAX,6,17,33,30,0,31,-111,-6,0,0,10
-1,1,15,2,12,2475,DL,LAX,6,17,33,30,0,31,-111,-6,0,0,10
-7,1,15,2,7,2475,DL,LAX,6,17,33,30,0,31,-111,-6,0,0,10
-3,1,15,2,17,2475,DL,LAX,6,17,33,30,0,31,-111,-6,0,0,10
0,1,15,2,9,2475,DL,LAX,6,17,33,30,0,31,-111,-6,0,0,10
-5,1,15,2,19,2475,DL,LAX,6,17,33,30,0,31,-111,-6,0,0,10
82,1,15,2,20,2475,B6,LAX,6,17,33,30,0,31,-111,-6,0,0,10
-1,1,15,2,11,2475,B6,LAX,6,17,33,30,0,31,-111,-6,0,0,10
0,1,15,2,7,2475,B6,LAX,6,17,33,30,0,31,-111,-6,0,0,10
-6,1,15,2,8,2475,UA,LAX,6,17,33,30,0,31,-111,-6,0,0,10
-2,1,15,2,16,2475,VX,LAX,6,17,33,30,0,31,-111,-6,0,0,10
-5,1,15,2,13,2475,VX,LAX,6,17,33,30,0,31,-111,-6,0,0,10
2,1,15,2,6,2475,UA,LAX,6,17,33,30,0,31,-111,-6,0,0,10
0,1,15,2,16,2475,B6,LAX,6,17,33,30,0,31,-111,-6,0,0,10
-8,1,20,7,15,2475,DL,LAX,1,-11,117,0,0,49,-106,-22,0,0,72
-8,1,20,7,17,2475,UA,LAX,1,-11,117,0,0,49,-106,-22,0,0,72
-2,1,20,7,20,2475,B6,LAX,1,-11,117,0,0,49,-106,-22,0,0,72
0,1,20,7,16,2475,B6,LAX,1,-11,117,0,0,49,-106,-22,0,0,72
-5,1,20,7,8,2475,UA,LAX,1,-11,117,0,0,49,-106,-22,0,0,72
-15,1,20,7,19,2475,DL,LAX,1,-11,117,0,0,49,-106,-22,0,0,72
129,1,20,7,9,2475,DL,LAX,1,-11,117,0,0,49,-106,-22,0,0,72
-6,1,20,7,17,2475,DL,LAX,1,-11,117,0,0,49,-106,-22,0,0,72
-8,1,20,7,12,2475,DL,LAX,1,-11,117,0,0,49,-106,-22,0,0,72
41,1,20,7,15,2475,UA,LAX,1,-11,117,0,0,49,-106,-22,0,0,72
0,1,20,7,11,2475,B6,LAX,1,-11,117,0,0,49,-106,-22,0,0,72
-6,1,20,7,7,2475,B6,LAX,1,-11,117,0,0,49,-106,-22,0,0,72
-6,1,20,7,20,2475,UA,LAX,1,-11,117,0,0,49,-106,-22,0,0,72
-9,1,20,7,11,2475,UA,LAX,1,-11,117,0,0,49,-106,-22,0,0,72
-7,1,20,7,16,2475,VX,LAX,1,-11,117,0,0,49,-106,-22,0,0,72
-7,1,20,7,20,2475,VX,LAX,1,-11,117,0,0,49,-106,-22,0,0,72
-3,1,20,7,13,2475,VX,LAX,1,-11,117,0,0,49,-106,-22,0,0,72
-4,1,20,7,9,2475,VX,LAX,1,-11,117,0,0,49,-106,-22,0,0,72
-5,1,20,7,21,2475,DL,LAX,1,-11,117,0,0,49,-106,-22,0,0,72
-2,1,20,7,19,2475,AA,LAX,1,-11,117,0,0,49,-106,-22,0,0,72
-2,1,20,7,12,2475,AA,LAX,1,-11,117,0,0,49,-106,-22,0,0,72
-5,1,20,7,9,2475,AA,LAX,1,-11,117,0,0,49,-106,-22,0,0,72
5,1,20,7,15,2475,AA,LAX,1,-11,117,0,0,49,-106,-22,0,0,72
-8,1,20,7,13,2475,AA,LAX,1,-11,117,0,0,49,-106,-22,0,0,72
-6,1,20,7,7,2475,AA,LAX,1,-11,117,0,0,49,-106,-22,0,0,72
-10,1,20,7,10,2475,AA,LAX,1,-11,117,0,0,49,-106,-22,0,0,72
-8,1,20,7,21,2475,AA,LAX,1,-11,117,0,0,49,-106,-22,0,0,72
-6,1,20,7,16,2475,AA,LAX,1,-11,117,0,0,49,-106,-22,0,0,72
-1,2,16,6,6,2475,UA,LAX,2,-6,50,5,0,32,-111,-67,0,0,47
3,2,16,6,15,2475,UA,LAX,2,-6,50,5,0,32,-111,-67,0,0,47
-4,2,16,6,12,2475,AA,LAX,2,-6,50,5,0,32,-111,-67,0,0,47
8,2,16,6,19,2475,AA,LAX,2,-6,50,5,0,32,-111,-67,0,0,47
-5,2,16,6,15,2475,AA,LAX,2,-6,50,5,0,32,-111,-67,0,0,47
-4,2,16,6,10,2475,AA,LAX,2,-6,50,5,0,32,-111,-67,0,0,47
19,2,16,6,11,2475,B6,LAX,2,-6,50,5,0,32,-111,-67,0,0,47
-3,2,16,6,16,2475,AA,LAX,2,-6,50,5,0,32,-111,-67,0,0,47
-6,2,16,6,21,2475,AA,LAX,2,-6,50,5,0,32,-111,-67,0,0,47
-10,2,16,6,16,2475,B6,LAX,2,-6,50,5,0,32,-111,-67,0,0,47
-6,2,16,6,9,2475,AA,LAX,2,-6,50,5,0,32,-111,-67,0,0,47
-2,2,16,6,13,2475,AA,LAX,2,-6,50,5,0,32,-111,-67,0,0,47
-4,2,16,6,20,2475,B6,LAX,2,-6,50,5,0,32,-111,-67,0,0,47
0,2,16,6,7,2475,VX,LAX,2,-6,50,5,0,32,-111,-67,0,0,47
-2,2,16,6,15,2475,DL,LAX,2,-6,50,5,0,32,-111,-67,0,0,47
0,2,16,6,17,2475,DL,LAX,2,-6,50,5,0,32,-111,-67,0,0,47
0,2,16,6,8,2475,UA,LAX,2,-6,50,5,0,32,-111,-67,0,0,47
8,2,16,6,18,2475,UA,LAX,2,-6,50,5,0,32,-111,-67,0,0,47
4,2,16,6,11,2475,UA,LAX,2,-6,50,5,0,32,-111,-67,0,0,47
5,2,16,6,20,2475,VX,LAX,2,-6,50,5,0,32,-111,-67,0,0,47
3,2,16,6,16,2475,VX,LAX,2,-6,50,5,0,32,-111,-67,0,0,47
-1,2,16,6,19,2475,DL,LAX,2,-6,50,5,0,32,-111,-67,0,0,47
-1,2,16,6,9,2475,DL,LAX,2,-6,50,5,0,32,-111,-67,0,0,47
10,2,16,6,13,2475,VX,LAX,2,-6,50,5,0,32,-111,-67,0,0,47
0,2,16,6,12,2475,DL,LAX,2,-6,50,5,0,32,-111,-67,0,0,47
-6,2,16,6,9,2475,VX,LAX,2,-6,50,5,0,32,-111,-67,0,0,47
-7,2,21,4,13,2475,AA,LAX,3,-44,11,0,0,45,-72,0,18,20,55
16,2,21,4,21,2475,AA,LAX,3,-44,11,0,0,45,-72,0,18,20,55
-5,2,21,4,12,2475,AA,LAX,3,-44,11,0,0,45,-72,0,18,20,55
-3,2,21,4,15,2475,AA,LAX,3,-44,11,0,0,45,-72,0,18,20,55
17,2,21,4,19,2475,AA,LAX,3,-44,11,0,0,45,-72,0,18,20,55
0,2,21,4,16,2475,B6,LAX,3,-44,11,0,0,45,-72,0,18,20,55
1,2,21,4,16,2475,AA,LAX,3,-44,11,0,0,45,-72,0,18,20,55
0,2,21,4,11,2475,B6,LAX,3,-44,11,0,0,45,-72,0,18,20,55
0,2,21,4,7,2475,B6,LAX,3,-44,11,0,0,45,-72,0,18,20,55
4,2,21,4,7,2475,AA,LAX,3,-44,11,0,0,45,-72,0,18,20,55
0,2,21,4,20,2475,B6,LAX,3,-44,11,0,0,45,-72,0,18,20,55
13,2,21,4,10,2475,AA,LAX,3,-44,11,0,0,45,-72,0,18,20,55
-5,2,21,4,9,2475,AA,LAX,3,-44,11,0,0,45,-72,0,18,20,55
-3,2,21,4,11,2475,UA,LAX,3,-44,11,0,0,45,-72,0,18,20,55
-3,2,21,4,6,2475,UA,LAX,3,-44,11,0,0,45,-72,0,18,20,55
2,2,21,4,15,2475,UA,LAX,3,-44,11,0,0,45,-72,0,18,20,55
-4,2,21,4,8,2475,UA,LAX,3,-44,11,0,0,45,-72,0,18,20,55
100,2,21,4,20,2475,UA,LAX,3,-44,11,0,0,45,-72,0,18,20,55
-2,2,21,4,17,2475,UA,LAX,3,-44,11,0,0,45,-72,0,18,20,55
-3,2,21,4,19,2475,DL,LAX,3,-44,11,0,0,45,-72,0,18,20,55
-2,2,21,4,13,2475,VX,LAX,3,-44,11,0,0,45,-72,0,18,20,55
-6,2,21,4,9,2475,VX,LAX,3,-44,11,0,0,45,-72,0,18,20,55
-5,2,21,4,7,2475,DL,LAX,3,-44,11,0,0,45,-72,0,18,20,55
-1,2,21,4,12,2475,DL,LAX,3,-44,11,0,0,45,-72,0,18,20,55
-5,2,21,4,15,2475,DL,LAX,3,-44,11,0,0,45,-72,0,18,20,55
-3,2,21,4,21,2475,DL,LAX,3,-44,11,0,0,45,-72,0,18,20,55
-5,2,21,4,7,2475,VX,LAX,3,-44,11,0,0,45,-72,0,18,20,55
-4,2,21,4,17,2475,DL,LAX,3,-44,11,0,0,45,-72,0,18,20,55
-5,2,21,4,9,2475,DL,LAX,3,-44,11,0,0,45,-72,0,18,20,55
-7,2,21,4,20,2475,VX,LAX,3,-44,11,0,0,45,-72,0,18,20,55
0,2,21,4,16,2475,VX,LAX,3,-44,11,0,0,45,-72,0,18,20,55
-3,3,17,7,17,2475,UA,LAX,27,-17,33,0,0,27,-33,17,0,0,57
-1,3,17,7,8,2475,UA,LAX,27,-17,33,0,0,27,-33,17,0,0,57
-8,3,17,7,20,2475,UA,LAX,27,-17,33,0,0,27,-33,17,0,0,57
-9,3,17,7,11,2475,UA,LAX,27,-17,33,0,0,27,-33,17,0,0,57
8,3,17,7,16,2475,VX,LAX,27,-17,33,0,0,27,-33,17,0,0,57
-2,3,17,7,7,2475,VX,LAX,27,-17,33,0,0,27,-33,17,0,0,57
-8,3,17,7,9,2475,VX,LAX,27,-17,33,0,0,27,-33,17,0,0,57
46,3,17,7,20,2475,VX,LAX,27,-17,33,0,0,27,-33,17,0,0,57
4,3,17,7,13,2475,VX,LAX,27,-17,33,0,0,27,-33,17,0,0,57
-1,3,17,7,17,2475,DL,LAX,27,-17,33,0,0,27,-33,17,0,0,57
-1,3,17,7,12,2475,DL,LAX,27,-17,33,0,0,27,-33,17,0,0,57
1,3,17,7,7,2475,DL,LAX,27,-17,33,0,0,27,-33,17,0,0,57
-1,3,17,7,16,2475,DL,LAX,27,-17,33,0,0,27,-33,17,0,0,57
92,3,17,7,9,2475,DL,LAX,27,-17,33,0,0,27,-33,17,0,0,57
0,3,17,7,19,2475,DL,LAX,27,-17,33,0,0,27,-33,17,0,0,57
-5,3,17,7,14,2475,DL,LAX,27,-17,33,0,0,27,-33,17,0,0,57
4,3,17,7,21,2475,DL,LAX,27,-17,33,0,0,27,-33,17,0,0,57
-1,3,17,7,7,2475,AA,LAX,27,-17,33,0,0,27,-33,17,0,0,57
7,3,17,7,11,2475,B6,LAX,27,-17,33,0,0,27,-33,17,0,0,57
6,3,17,7,7,2475,B6,LAX,27,-17,33,0,0,27,-33,17,0,0,57
11,3,17,7,21,2475,AA,LAX,27,-17,33,0,0,27,-33,17,0,0,57
4,3,17,7,16,2475,B6,LAX,27,-17,33,0,0,27,-33,17,0,0,57
1,3,17,7,16,2475,AA,LAX,27,-17,33,0,0,27,-33,17,0,0,57
-6,3,17,7,10,2475,AA,LAX,27,-17,33,0,0,27,-33,17,0,0,57
-4,3,17,7,13,2475,AA,LAX,27,-17,33,0,0,27,-33,17,0,0,57
50,3,17,7,15,2475,AA,LAX,27,-17,33,0,0,27,-33,17,0,0,57
-7,3,17,7,9,2475,AA,LAX,27,-17,33,0,0,27,-33,17,0,0,57
-1,3,17,7,12,2475,AA,LAX,27,-17,33,0,0,27,-33,17,0,0,57
-4,3,17,7,19,2475,AA,LAX,27,-17,33,0,0,27,-33,17,0,0,57
-2,3,17,7,20,2475,B6,LAX,27,-17,33,0,0,27,-33,17,0,0,57
-4,3,22,5,21,2475,AA,LAX,32,-22,50,0,0,40,-67,50,0,0,24
-3,3,22,5,15,2475,UA,LAX,32,-22,50,0,0,40,-67,50,0,0,24
1,3,22,5,8,2475,UA,LAX,32,-22,50,0,0,40,-67,50,0,0,24
-2,3,22,5,17,2475,UA,LAX,32,-22,50,0,0,40,-67,50,0,0,24
-6,3,22,5,11,2475,UA,LAX,32,-22,50,0,0,40,-67,50,0,0,24
3,3,22,5,20,2475,UA,LAX,32,-22,50,0,0,40,-67,50,0,0,24
-4,3,22,5,6,2475,UA,LAX,32,-22,50,0,0,40,-67,50,0,0,24
-7,3,22,5,7,2475,AA,LAX,32,-22,50,0,0,40,-67,50,0,0,24
-8,3,22,5,13,2475,AA,LAX,32,-22,50,0,0,40,-67,50,0,0,24
-4,3,22,5,16,2475,B6,LAX,32,-22,50,0,0,40,-67,50,0,0,24
0,3,22,5,19,2475,AA,LAX,32,-22,50,0,0,40,-67,50,0,0,24
3,3,22,5,11,2475,B6,LAX,32,-22,50,0,0,40,-67,50,0,0,24
-6,3,22,5,10,2475,AA,LAX,32,-22,50,0,0,40,-67,50,0,0,24
-8,3,22,5,15,2475,AA,LAX,32,-22,50,0,0,40,-67,50,0,0,24
-4,3,22,5,7,2475,B6,LAX,32,-22,50,0,0,40,-67,50,0,0,24
1,3,22,5,12,2475,AA,LAX,32,-22,50,0,0,40,-67,50,0,0,24
-3,3,22,5,20,2475,B6,LAX,32,-22,50,0,0,40,-67,50,0,0,24
-6,3,22,5,16,2475,AA,LAX,32,-22,50,0,0,40,-67,50,0,0,24
-2,3,22,5,9,2475,AA,LAX,32,-22,50,0,0,40,-67,50,0,0,24
-1,3,22,5,13,2475,VX,LAX,32,-22,50,0,0,40,-67,50,0,0,24
10,3,22,5,16,2475,VX,LAX,32,-22,50,0,0,40,-67,50,0,0,24
6,3,22,5,20,2475,VX,LAX,32,-22,50,0,0,40,-67,50,0,0,24
-1,3,22,5,19,2475,DL,LAX,32,-22,50,0,0,40,-67,50,0,0,24
-6,3,22,5,9,2475,DL,LAX,32,-22,50,0,0,40,-67,50,0,0,24
-2,3,22,5,17,2475,DL,LAX,32,-22,50,0,0,40,-67,50,0,0,24
-4,3,22,5,7,2475,DL,LAX,32,-22,50,0,0,40,-67,50,0,0,24
-2,3,22,5,12,2475,DL,LAX,32,-22,50,0,0,40,-67,50,0,0,24
13,3,22,5,7,2475,VX,LAX,32,-22,50,0,0,40,-67,50,0,0,24
26,3,22,5,9,2475,VX,LAX,32,-22,50,0,0,40,-67,50,0,0,24
-4,3,22,5,16,2475,DL,LAX,32,-22,50,0,0,40,-67,50,0,0,24
-2,3,22,5,14,2475,DL,LAX,32,-22,50,0,0,40,-67,50,0,0,24
-2,3,22,5,21,2475,DL,LAX,32,-22,50,0,0,40,-67,50,0,0,24
-4,4,18,4,13,2475,VX,LAX,34,106,150,3,0,27,39,172,899,0,69
28,4,18,4,16,2475,VX,LAX,34,106,150,3,0,27,39,172,899,0,69
1,4,18,4,9,2475,VX,LAX,34,106,150,3,0,27,39,172,899,0,69
-5,4,18,4,8,2475,UA,LAX,34,106,150,3,0,27,39,172,899,0,69
131,4,18,4,17,2475,UA,LAX,34,106,150,3,0,27,39,172,899,0,69
-4,4,18,4,11,2475,UA,LAX,34,106,150,3,0,27,39,172,899,0,69
36,4,18,4,20,2475,UA,LAX,34,106,150,3,0,27,39,172,899,0,69
52,4,18,4,15,2475,UA,LAX,34,106,150,3,0,27,39,172,899,0,69
69,4,18,4,20,2475,VX,LAX,34,106,150,3,0,27,39,172,899,0,69
4,4,18,4,6,2475,UA,LAX,34,106,150,3,0,27,39,172,899,0,69
-1,4,18,4,7,2475,VX,LAX,34,106,150,3,0,27,39,172,899,0,69
149,4,18,4,21,2475,AA,LAX,34,106,150,3,0,27,39,172,899,0,69
12,4,18,4,12,2475,AA,LAX,34,106,150,3,0,27,39,172,899,0,69
-2,4,18,4,17,2475,DL,LAX,34,106,150,3,0,27,39,172,899,0,69
0,4,18,4,19,2475,DL,LAX,34,106,150,3,0,27,39,172,899,0,69
0,4,18,4,9,2475,DL,LAX,34,106,150,3,0,27,39,172,899,0,69
-5,4,18,4,7,2475,DL,LAX,34,106,150,3,0,27,39,172,899,0,69
-3,4,18,4,12,2475,DL,LAX,34,106,150,3,0,27,39,172,899,0,69
-3,4,18,4,14,2475,DL,LAX,34,106,150,3,0,27,39,172,899,0,69
-5,4,18,4,13,2475,AA,LAX,34,106,150,3,0,27,39,172,899,0,69
-2,4,18,4,10,2475,AA,LAX,34,106,150,3,0,27,39,172,899,0,69
57,4,18,4,19,2475,AA,LAX,34,106,150,3,0,27,39,172,899,0,69
1,4,18,4,7,2475,AA,LAX,34,106,150,3,0,27,39,172,899,0,69
-2,4,18,4,16,2475,DL,LAX,34,106,150,3,0,27,39,172,899,0,69
-3,4,18,4,15,2475,AA,LAX,34,106,150,3,0,27,39,172,899,0,69
80,4,18,4,9,2475,AA,LAX,34,106,150,3,0,27,39,172,899,0,69
37,4,18,4,21,2475,DL,LAX,34,106,150,3,0,27,39,172,899,0,69
2,4,18,4,20,2475,B6,LAX,34,106,150,3,0,27,39,172,899,0,69
0,4,18,4,16,2475,B6,LAX,34,106,150,3,0,27,39,172,899,0,69
95,4,18,4,11,2475,B6,LAX,34,106,150,3,0,27,39,172,899,0,69
-6,4,18,4,7,2475,B6,LAX,34,106,150,3,0,27,39,172,899,0,69
16,4,18,4,17,2475,AA,LAX,34,106,150,3,0,27,39,172,899,0,69
50,4,23,2,20,2475,VX,LAX,29,50,117,0,0,39,33,150,178,0,43
-8,4,23,2,16,2475,VX,LAX,29,50,117,0,0,39,33,150,178,0,43
-3,4,23,2,13,2475,VX,LAX,29,50,117,0,0,39,33,150,178,0,43
-3,4,23,2,9,2475,VX,LAX,29,50,117,0,0,39,33,150,178,0,43
31,4,23,2,7,2475,VX,LAX,29,50,117,0,0,39,33,150,178,0,43
-5,4,23,2,19,2475,DL,LAX,29,50,117,0,0,39,33,150,178,0,43
-3,4,23,2,9,2475,DL,LAX,29,50,117,0,0,39,33,150,178,0,43
-3,4,23,2,15,2475,AA,LAX,29,50,117,0,0,39,33,150,178,0,43
-7,4,23,2,21,2475,DL,LAX,29,50,117,0,0,39,33,150,178,0,43
-8,4,23,2,12,2475,DL,LAX,29,50,117,0,0,39,33,150,178,0,43
-5,4,23,2,14,2475,DL,LAX,29,50,117,0,0,39,33,150,178,0,43
-3,4,23,2,17,2475,AA,LAX,29,50,117,0,0,39,33,150,178,0,43
22,4,23,2,7,2475,DL,LAX,29,50,117,0,0,39,33,150,178,0,43
70,4,23,2,20,2475,UA,LAX,29,50,117,0,0,39,33,150,178,0,43
71,4,23,2,19,2475,AA,LAX,29,50,117,0,0,39,33,150,178,0,43
6,4,23,2,6,2475,UA,LAX,29,50,117,0,0,39,33,150,178,0,43
8,4,23,2,16,2475,DL,LAX,29,50,117,0,0,39,33,150,178,0,43
-7,4,23,2,11,2475,UA,LAX,29,50,117,0,0,39,33,150,178,0,43
-11,4,23,2,17,2475,UA,LAX,29,50,117,0,0,39,33,150,178,0,43
0,4,23,2,12,2475,AA,LAX,29,50,117,0,0,39,33,150,178,0,43
-1,4,23,2,15,2475,UA,LAX,29,50,117,0,0,39,33,150,178,0,43
-6,4,23,2,9,2475,AA,LAX,29,50,117,0,0,39,33,150,178,0,43
-9,4,23,2,10,2475,AA,LAX,29,50,117,0,0,39,33,150,178,0,43
-8,4,23,2,20,2475,B6,LAX,29,50,117,0,0,39,33,150,178,0,43
-5,4,23,2,16,2475,B6,LAX,29,50,117,0,0,39,33,150,178,0,43
-6,4,23,2,11,2475,B6,LAX,29,50,117,0,0,39,33,150,178,0,43
-4,4,23,2,7,2475,B6,LAX,29,50,117,0,0,39,33,150,178,0,43
-7,4,23,2,13,2475,AA,LAX,29,50,117,0,0,39,33,150,178,0,43
45,4,23,2,7,2475,AA,LAX,29,50,117,0,0,39,33,150,178,0,43
0,4,23,2,8,2475,UA,LAX,29,50,117,0,0,39,33,150,178,0,43
58,4,23,2,21,2475,AA,LAX,29,50,117,0,0,39,33,150,178,0,43
-5,4,23,2,17,2475,DL,LAX,29,50,117,0,0,39,33,150,178,0,43
434,5,1,3,16,2475,VX,LAX,21,83,206,0,0,21,133,289,0,0,43
-3,5,1,3,13,2475,VX,LAX,21,83,206,0,0,21,133,289,0,0,43
-1,5,1,3,9,2475,VX,LAX,21,83,206,0,0,21,133,289,0,0,43
-3,5,1,3,7,2475,VX,LAX,21,83,206,0,0,21,133,289,0,0,43
22,5,1,3,20,2475,VX,LAX,21,83,206,0,0,21,133,289,0,0,43
-8,5,1,3,20,2475,UA,LAX,21,83,206,0,0,21,133,289,0,0,43
-4,5,1,3,11,2475,UA,LAX,21,83,206,0,0,21,133,289,0,0,43
3,5,1,3,15,2475,UA,LAX,21,83,206,0,0,21,133,289,0,0,43
-7,5,1,3,17,2475,UA,LAX,21,83,206,0,0,21,133,289,0,0,43
4,5,1,3,8,2475,UA,LAX,21,83,206,0,0,21,133,289,0,0,43
5,5,1,3,6,2475,UA,LAX,21,83,206,0,0,21,133,289,0,0,43
-3,5,1,3,20,2475,B6,LAX,21,83,206,0,0,21,133,289,0,0,43
0,5,1,3,16,2475,B6,LAX,21,83,206,0,0,21,133,289,0,0,43
-6,5,1,3,7,2475,B6,LAX,21,83,206,0,0,21,133,289,0,0,43
-5,5,1,3,12,2475,AA,LAX,21,83,206,0,0,21,133,289,0,0,43
-3,5,1,3,17,2475,AA,LAX,21,83,206,0,0,21,133,289,0,0,43
0,5,1,3,21,2475,AA,LAX,21,83,206,0,0,21,133,289,0,0,43
1,5,1,3,10,2475,AA,LAX,21,83,206,0,0,21,133,289,0,0,43
-3,5,1,3,19,2475,AA,LAX,21,83,206,0,0,21,133,289,0,0,43
-2,5,1,3,7,2475,AA,LAX,21,83,206,0,0,21,133,289,0,0,43
-2,5,1,3,13,2475,AA,LAX,21,83,206,0,0,21,133,289,0,0,43
-5,5,1,3,15,2475,AA,LAX,21,83,206,0,0,21,133,289,0,0,43
-2,5,1,3,9,2475,AA,LAX,21,83,206,0,0,21,133,289,0,0,43
2,5,1,3,21,2475,DL,LAX,21,83,206,0,0,21,133,289,0,0,43
55,5,1,3,16,2475,DL,LAX,21,83,206,0,0,21,133,289,0,0,43
-7,5,1,3,12,2475,DL,LAX,21,83,206,0,0,21,133,289,0,0,43
21,5,1,3,7,2475,DL,LAX,21,83,206,0,0,21,133,289,0,0,43
-3,5,1,3,14,2475,DL,LAX,21,83,206,0,0,21,133,289,0,0,43
-5,5,1,3,9,2475,DL,LAX,21,83,206,0,0,21,133,289,0,0,43
-3,5,1,3,19,2475,DL,LAX,21,83,206,0,0,21,133,289,0,0,43
143,5,1,3,18,2475,DL,LAX,21,83,206,0,0,21,133,289,0,0,43
16,5,1,3,9,2475,B6,LAX,21,83,206,0,0,21,133,289,0,0,43
41,5,19,7,14,2475,DL,LAX,3,128,150,152,0,21,144,300,0,0,34
-2,5,19,7,7,2475,DL,LAX,3,128,150,152,0,21,144,300,0,0,34
0,5,19,7,12,2475,DL,LAX,3,128,150,152,0,21,144,300,0,0,34
104,5,19,7,21,2475,DL,LAX,3,128,150,152,0,21,144,300,0,0,34
10,5,19,7,16,2475,DL,LAX,3,128,150,152,0,21,144,300,0,0,34
-3,5,19,7,9,2475,AA,LAX,3,128,150,152,0,21,144,300,0,0,34
59,5,19,7,21,2475,AA,LAX,3,128,150,152,0,21,144,300,0,0,34
2,5,19,7,17,2475,AA,LAX,3,128,150,152,0,21,144,300,0,0,34
-2,5,19,7,12,2475,AA,LAX,3,128,150,152,0,21,144,300,0,0,34
-2,5,19,7,9,2475,B6,LAX,3,128,150,152,0,21,144,300,0,0,34
6,5,19,7,20,2475,B6,LAX,3,128,150,152,0,21,144,300,0,0,34
-5,5,19,7,7,2475,B6,LAX,3,128,150,152,0,21,144,300,0,0,34
6,5,19,7,15,2475,AA,LAX,3,128,150,152,0,21,144,300,0,0,34
-7,5,19,7,13,2475,AA,LAX,3,128,150,152,0,21,144,300,0,0,34
-5,5,19,7,7,2475,AA,LAX,3,128,150,152,0,21,144,300,0,0,34
51,5,19,7,19,2475,AA,LAX,3,128,150,152,0,21,144,300,0,0,34
-3,5,19,7,10,2475,AA,LAX,3,128,150,152,0,21,144,300,0,0,34
14,5,19,7,18,2475,DL,LAX,3,128,150,152,0,21,144,300,0,0,34
45,5,19,7,19,2475,DL,LAX,3,128,150,152,0,21,144,300,0,0,34
-2,5,19,7,9,2475,DL,LAX,3,128,150,152,0,21,144,300,0,0,34
21,5,19,7,16,2475,B6,LAX,3,128,150,152,0,21,144,300,0,0,34
54,5,19,7,11,2475,UA,LAX,3,128,150,152,0,21,144,300,0,0,34
63,5,19,7,20,2475,UA,LAX,3,128,150,152,0,21,144,300,0,0,34
17,5,19,7,17,2475,UA,LAX,3,128,150,152,0,21,144,300,0,0,34
7,5,19,7,8,2475,UA,LAX,3,128,150,152,0,21,144,300,0,0,34
16,5,19,7,15,2475,UA,LAX,3,128,150,152,0,21,144,300,0,0,34
52,5,19,7,20,2475,VX,LAX,3,128,150,152,0,21,144,300,0,0,34
24,5,19,7,16,2475,VX,LAX,3,128,150,152,0,21,144,300,0,0,34
2,5,19,7,13,2475,VX,LAX,3,128,150,152,0,21,144,300,0,0,34
1,5,19,7,9,2475,VX,LAX,3,128,150,152,0,21,144,300,0,0,34
-2,5,19,7,7,2475,VX,LAX,3,128,150,152,0,21,144,300,0,0,34
141,5,24,5,7,2475,VX,LAX,2,72,183,76,0,24,50,139,0,0,36
108,5,24,5,9,2475,VX,LAX,2,72,183,76,0,24,50,139,0,0,36
-4,5,24,5,13,2475,VX,LAX,2,72,183,76,0,24,50,139,0,0,36
29,5,24,5,16,2475,VX,LAX,2,72,183,76,0,24,50,139,0,0,36
2,5,24,5,20,2475,VX,LAX,2,72,183,76,0,24,50,139,0,0,36
-2,5,24,5,20,2475,B6,LAX,2,72,183,76,0,24,50,139,0,0,36
50,5,24,5,21,2475,DL,LAX,2,72,183,76,0,24,50,139,0,0,36
-1,5,24,5,14,2475,DL,LAX,2,72,183,76,0,24,50,139,0,0,36
0,5,24,5,8,2475,DL,LAX,2,72,183,76,0,24,50,139,0,0,36
-1,5,24,5,19,2475,DL,LAX,2,72,183,76,0,24,50,139,0,0,36
76,5,24,5,18,2475,DL,LAX,2,72,183,76,0,24,50,139,0,0,36
-1,5,24,5,12,2475,DL,LAX,2,72,183,76,0,24,50,139,0,0,36
5,5,24,5,7,2475,DL,LAX,2,72,183,76,0,24,50,139,0,0,36
-1,5,24,5,9,2475,B6,LAX,2,72,183,76,0,24,50,139,0,0,36
25,5,24,5,16,2475,B6,LAX,2,72,183,76,0,24,50,139,0,0,36
-2,5,24,5,7,2475,B6,LAX,2,72,183,76,0,24,50,139,0,0,36
0,5,24,5,15,2475,AA,LAX,2,72,183,76,0,24,50,139,0,0,36
-2,5,24,5,13,2475,AA,LAX,2,72,183,76,0,24,50,139,0,0,36
3,5,24,5,7,2475,AA,LAX,2,72,183,76,0,24,50,139,0,0,36
134,5,24,5,19,2475,AA,LAX,2,72,183,76,0,24,50,139,0,0,36
-5,5,24,5,10,2475,AA,LAX,2,72,183,76,0,24,50,139,0,0,36
56,5,24,5,21,2475,AA,LAX,2,72,183,76,0,24,50,139,0,0,36
142,5,24,5,17,2475,AA,LAX,2,72,183,76,0,24,50,139,0,0,36
-1,5,24,5,12,2475,AA,LAX,2,72,183,76,0,24,50,139,0,0,36
49,5,24,5,9,2475,AA,LAX,2,72,183,76,0,24,50,139,0,0,36
7,5,24,5,15,2475,UA,LAX,2,72,183,76,0,24,50,139,0,0,36
66,5,24,5,17,2475,UA,LAX,2,72,183,76,0,24,50,139,0,0,36
0,5,24,5,8,2475,UA,LAX,2,72,183,76,0,24,50,139,0,0,36
8,5,24,5,6,2475,UA,LAX,2,72,183,76,0,24,50,139,0,0,36
11,5,24,5,16,2475,DL,LAX,2,72,183,76,0,24,50,139,0,0,36
0,5,24,5,20,2475,UA,LAX,2,72,183,76,0,24,50,139,0,0,36
-2,5,24,5,11,2475,UA,LAX,2,72,183,76,0,24,50,139,0,0,36
143,6,2,7,20,2475,UA,LAX,7,206,311,216,0,27,61,172,3,0,28
2,6,2,7,15,2475,UA,LAX,7,206,311,216,0,27,61,172,3,0,28
-7,6,2,7,11,2475,UA,LAX,7,206,311,216,0,27,61,172,3,0,28
193,6,2,7,17,2475,UA,LAX,7,206,311,216,0,27,61,172,3,0,28
-1,6,2,7,16,2475,VX,LAX,7,206,311,216,0,27,61,172,3,0,28
-1,6,2,7,9,2475,VX,LAX,7,206,311,216,0,27,61,172,3,0,28
-5,6,2,7,7,2475,VX,LAX,7,206,311,216,0,27,61,172,3,0,28
0,6,2,7,8,2475,UA,LAX,7,206,311,216,0,27,61,172,3,0,28
9,6,2,7,13,2475,VX,LAX,7,206,311,216,0,27,61,172,3,0,28
222,6,2,7,20,2475,VX,LAX,7,206,311,216,0,27,61,172,3,0,28
-7,6,2,7,13,2475,AA,LAX,7,206,311,216,0,27,61,172,3,0,28
65,6,2,7,20,2475,B6,LAX,7,206,311,216,0,27,61,172,3,0,28
104,6,2,7,19,2475,AA,LAX,7,206,311,216,0,27,61,172,3,0,28
1,6,2,7,12,2475,DL,LAX,7,206,311,216,0,27,61,172,3,0,28
0,6,2,7,7,2475,DL,LAX,7,206,311,216,0,27,61,172,3,0,28
-1,6,2,7,15,2475,AA,LAX,7,206,311,216,0,27,61,172,3,0,28
0,6,2,7,12,2475,AA,LAX,7,206,311,216,0,27,61,172,3,0,28
24,6,2,7,17,2475,AA,LAX,7,206,311,216,0,27,61,172,3,0,28
-5,6,2,7,9,2475,AA,LAX,7,206,311,216,0,27,61,172,3,0,28
-2,6,2,7,10,2475,AA,LAX,7,206,311,216,0,27,61,172,3,0,28
-4,6,2,7,9,2475,B6,LAX,7,206,311,216,0,27,61,172,3,0,28
-5,6,2,7,16,2475,B6,LAX,7,206,311,216,0,27,61,172,3,0,28
115,6,2,7,21,2475,AA,LAX,7,206,311,216,0,27,61,172,3,0,28
-4,6,2,7,7,2475,AA,LAX,7,206,311,216,0,27,61,172,3,0,28
41,6,2,7,7,2475,B6,LAX,7,206,311,216,0,27,61,172,3,0,28
-5,6,2,7,15,2475,DL,LAX,7,206,311,216,0,27,61,172,3,0,28
31,6,2,7,18,2475,DL,LAX,7,206,311,216,0,27,61,172,3,0,28
19,6,2,7,21,2475,DL,LAX,7,206,311,216,0,27,61,172,3,0,28
-5,6,2,7,9,2475,DL,LAX,7,206,311,216,0,27,61,172,3,0,28
3,6,25,2,7,2475,DL,LAX,9,228,328,0,0,15,194,294,8,0,31
-1,6,25,2,9,2475,DL,LAX,9,228,328,0,0,15,194,294,8,0,31
14,6,25,2,15,2475,DL,LAX,9,228,328,0,0,15,194,294,8,0,31
23,6,25,2,18,2475,DL,LAX,9,228,328,0,0,15,194,294,8,0,31
9,6,25,2,12,2475,DL,LAX,9,228,328,0,0,15,194,294,8,0,31
89,6,25,2,21,2475,DL,LAX,9,228,328,0,0,15,194,294,8,0,31
-1,6,25,2,17,2475,DL,LAX,9,228,328,0,0,15,194,294,8,0,31
0,6,25,2,15,2475,AA,LAX,9,228,328,0,0,15,194,294,8,0,31
-1,6,25,2,9,2475,AA,LAX,9,228,328,0,0,15,194,294,8,0,31
-2,6,25,2,7,2475,AA,LAX,9,228,328,0,0,15,194,294,8,0,31
31,6,25,2,22,2475,B6,LAX,9,228,328,0,0,15,194,294,8,0,31
-11,6,25,2,12,2475,AA,LAX,9,228,328,0,0,15,194,294,8,0,31
66,6,25,2,20,2475,B6,LAX,9,228,328,0,0,15,194,294,8,0,31
-1,6,25,2,7,2475,B6,LAX,9,228,328,0,0,15,194,294,8,0,31
20,6,25,2,12,2475,B6,LAX,9,228,328,0,0,15,194,294,8,0,31
13,6,25,2,16,2475,B6,LAX,9,228,328,0,0,15,194,294,8,0,31
74,6,25,2,9,2475,B6,LAX,9,228,328,0,0,15,194,294,8,0,31
0,6,25,2,10,2475,AA,LAX,9,228,328,0,0,15,194,294,8,0,31
72,6,25,2,21,2475,AA,LAX,9,228,328,0,0,15,194,294,8,0,31
26,6,25,2,19,2475,AA,LAX,9,228,328,0,0,15,194,294,8,0,31
61,6,25,2,17,2475,AA,LAX,9,228,328,0,0,15,194,294,8,0,31
-5,6,25,2,13,2475,AA,LAX,9,228,328,0,0,15,194,294,8,0,31
-5,6,25,2,11,2475,UA,LAX,9,228,328,0,0,15,194,294,8,0,31
-2,6,25,2,8,2475,UA,LAX,9,228,328,0,0,15,194,294,8,0,31
6,6,25,2,17,2475,UA,LAX,9,228,328,0,0,15,194,294,8,0,31
-4,6,25,2,14,2475,UA,LAX,9,228,328,0,0,15,194,294,8,0,31
122,6,25,2,20,2475,UA,LAX,9,228,328,0,0,15,194,294,8,0,31
-1,6,25,2,6,2475,UA,LAX,9,228,328,0,0,15,194,294,8,0,31
182,6,25,2,20,2475,VX,LAX,9,228,328,0,0,15,194,294,8,0,31
24,6,25,2,16,2475,VX,LAX,9,228,328,0,0,15,194,294,8,0,31
-3,6,25,2,13,2475,VX,LAX,9,228,328,0,0,15,194,294,8,0,31
0,6,25,2,9,2475,VX,LAX,9,228,328,0,0,15,194,294,8,0,31
52,6,25,2,7,2475,VX,LAX,9,228,328,0,0,15,194,294,8,0,31
-4,6,30,7,15,2475,AA,LAX,4,228,300,0,0,14,167,250,0,0,62
-9,6,30,7,12,2475,AA,LAX,4,228,300,0,0,14,167,250,0,0,62
-2,6,30,7,10,2475,AA,LAX,4,228,300,0,0,14,167,250,0,0,62
-7,6,30,7,13,2475,AA,LAX,4,228,300,0,0,14,167,250,0,0,62
54,6,30,7,17,2475,AA,LAX,4,228,300,0,0,14,167,250,0,0,62
38,6,30,7,19,2475,AA,LAX,4,228,300,0,0,14,167,250,0,0,62
22,6,30,7,21,2475,AA,LAX,4,228,300,0,0,14,167,250,0,0,62
-1,6,30,7,7,2475,AA,LAX,4,228,300,0,0,14,167,250,0,0,62
-4,6,30,7,9,2475,AA,LAX,4,228,300,0,0,14,167,250,0,0,62
0,6,30,7,8,2475,UA,LAX,4,228,300,0,0,14,167,250,0,0,62
59,6,30,7,20,2475,UA,LAX,4,228,300,0,0,14,167,250,0,0,62
-4,6,30,7,7,2475,VX,LAX,4,228,300,0,0,14,167,250,0,0,62
19,6,30,7,14,2475,UA,LAX,4,228,300,0,0,14,167,250,0,0,62
-4,6,30,7,11,2475,UA,LAX,4,228,300,0,0,14,167,250,0,0,62
37,6,30,7,17,2475,UA,LAX,4,228,300,0,0,14,167,250,0,0,62
15,6,30,7,9,2475,VX,LAX,4,228,300,0,0,14,167,250,0,0,62
-7,6,30,7,13,2475,VX,LAX,4,228,300,0,0,14,167,250,0,0,62
80,6,30,7,16,2475,VX,LAX,4,228,300,0,0,14,167,250,0,0,62
30,6,30,7,20,2475,VX,LAX,4,228,300,0,0,14,167,250,0,0,62
37,6,30,7,20,2475,B6,LAX,4,228,300,0,0,14,167,250,0,0,62
-4,6,30,7,9,2475,B6,LAX,4,228,300,0,0,14,167,250,0,0,62
188,6,30,7,22,2475,B6,LAX,4,228,300,0,0,14,167,250,0,0,62
-3,6,30,7,12,2475,B6,LAX,4,228,300,0,0,14,167,250,0,0,62
5,6,30,7,16,2475,B6,LAX,4,228,300,0,0,14,167,250,0,0,62
-6,6,30,7,7,2475,B6,LAX,4,228,300,0,0,14,167,250,0,0,62
15,6,30,7,18,2475,DL,LAX,4,228,300,0,0,14,167,250,0,0,62
28,6,30,7,15,2475,DL,LAX,4,228,300,0,0,14,167,250,0,0,62
10,6,30,7,9,2475,DL,LAX,4,228,300,0,0,14,167,250,0,0,62
-2,6,30,7,7,2475,DL,LAX,4,228,300,0,0,14,167,250,0,0,62
-6,6,30,7,12,2475,DL,LAX,4,228,300,0,0,14,167,250,0,0,62
-4,6,30,7,17,2475,DL,LAX,4,228,300,0,0,14,167,250,0,0,62
85,6,30,7,21,2475,DL,LAX,4,228,300,0,0,14,167,250,0,0,62
28,7,3,3,17,2475,DL,LAX,1,228,283,135,0,19,150,222,5,0,24
4,7,3,3,12,2475,DL,LAX,1,228,283,135,0,19,150,222,5,0,24
61,7,3,3,21,2475,DL,LAX,1,228,283,135,0,19,150,222,5,0,24
-6,7,3,3,12,2475,AA,LAX,1,228,283,135,0,19,150,222,5,0,24
-1,7,3,3,17,2475,AA,LAX,1,228,283,135,0,19,150,222,5,0,24
44,7,3,3,15,2475,AA,LAX,1,228,283,135,0,19,150,222,5,0,24
-9,7,3,3,9,2475,AA,LAX,1,228,283,135,0,19,150,222,5,0,24
-1,7,3,3,7,2475,DL,LAX,1,228,283,135,0,19,150,222,5,0,24
-1,7,3,3,9,2475,DL,LAX,1,228,283,135,0,19,150,222,5,0,24
-5,7,3,3,13,2475,AA,LAX,1,228,283,135,0,19,150,222,5,0,24
7,7,3,3,21,2475,AA,LAX,1,228,283,135,0,19,150,222,5,0,24
24,7,3,3,15,2475,DL,LAX,1,228,283,135,0,19,150,222,5,0,24
-1,7,3,3,7,2475,AA,LAX,1,228,283,135,0,19,150,222,5,0,24
-3,7,3,3,19,2475,AA,LAX,1,228,283,135,0,19,150,222,5,0,24
8,7,3,3,18,2475,DL,LAX,1,228,283,135,0,19,150,222,5,0,24
22,7,3,3,9,2475,B6,LAX,1,228,283,135,0,19,150,222,5,0,24
24,7,3,3,20,2475,B6,LAX,1,228,283,135,0,19,150,222,5,0,24
15,7,3,3,16,2475,B6,LAX,1,228,283,135,0,19,150,222,5,0,24
3,7,3,3,12,2475,B6,LAX,1,228,283,135,0,19,150,222,5,0,24
43,7,3,3,22,2475,B6,LAX,1,228,283,135,0,19,150,222,5,0,24
0,7,3,3,7,2475,B6,LAX,1,228,283,135,0,19,150,222,5,0,24
10,7,3,3,17,2475,UA,LAX,1,228,283,135,0,19,150,222,5,0,24
26,7,3,3,20,2475,UA,LAX,1,228,283,135,0,19,150,222,5,0,24
2,7,3,3,6,2475,UA,LAX,1,228,283,135,0,19,150,222,5,0,24
-6,7,3,3,11,2475,UA,LAX,1,228,283,135,0,19,150,222,5,0,24
0,7,3,3,8,2475,UA,LAX,1,228,283,135,0,19,150,222,5,0,24
-3,7,3,3,7,2475,VX,LAX,1,228,283,135,0,19,150,222,5,0,24
12,7,3,3,9,2475,VX,LAX,1,228,283,135,0,19,150,222,5,0,24
-1,7,3,3,13,2475,VX,LAX,1,228,283,135,0,19,150,222,5,0,24
40,7,3,3,16,2475,VX,LAX,1,228,283,135,0,19,150,222,5,0,24
117,7,3,3,20,2475,VX,LAX,1,228,283,135,0,19,150,222,5,0,24
0,7,26,5,17,2475,UA,LAX,22,183,283,0,0,23,167,211,99,0,38
4,7,26,5,13,2475,VX,LAX,22,183,283,0,0,23,167,211,99,0,38
-3,7,26,5,11,2475,UA,LAX,22,183,283,0,0,23,167,211,99,0,38
21,7,26,5,9,2475,VX,LAX,22,183,283,0,0,23,167,211,99,0,38
-4,7,26,5,7,2475,VX,LAX,22,183,283,0,0,23,167,211,99,0,38
-6,7,26,5,6,2475,UA,LAX,22,183,283,0,0,23,167,211,99,0,38
4,7,26,5,16,2475,VX,LAX,22,183,283,0,0,23,167,211,99,0,38
-7,7,26,5,20,2475,VX,LAX,22,183,283,0,0,23,167,211,99,0,38
-11,7,26,5,8,2475,UA,LAX,22,183,283,0,0,23,167,211,99,0,38
0,7,26,5,20,2475,UA,LAX,22,183,283,0,0,23,167,211,99,0,38
38,7,26,5,14,2475,UA,LAX,22,183,283,0,0,23,167,211,99,0,38
-2,7,26,5,17,2475,DL,LAX,22,183,283,0,0,23,167,211,99,0,38
-4,7,26,5,12,2475,DL,LAX,22,183,283,0,0,23,167,211,99,0,38
0,7,26,5,18,2475,DL,LAX,22,183,283,0,0,23,167,211,99,0,38
2,7,26,5,21,2475,DL,LAX,22,183,283,0,0,23,167,211,99,0,38
-2,7,26,5,7,2475,DL,LAX,22,183,283,0,0,23,167,211,99,0,38
-7,7,26,5,15,2475,DL,LAX,22,183,283,0,0,23,167,211,99,0,38
-3,7,26,5,9,2475,DL,LAX,22,183,283,0,0,23,167,211,99,0,38
-3,7,26,5,20,2475,B6,LAX,22,183,283,0,0,23,167,211,99,0,38
22,7,26,5,19,2475,AA,LAX,22,183,283,0,0,23,167,211,99,0,38
-7,7,26,5,13,2475,AA,LAX,22,183,283,0,0,23,167,211,99,0,38
29,7,26,5,16,2475,B6,LAX,22,183,283,0,0,23,167,211,99,0,38
74,7,26,5,7,2475,B6,LAX,22,183,283,0,0,23,167,211,99,0,38
1,7,26,5,10,2475,AA,LAX,22,183,283,0,0,23,167,211,99,0,38
-8,7,26,5,12,2475,AA,LAX,22,183,283,0,0,23,167,211,99,0,38
2,7,26,5,9,2475,B6,LAX,22,183,283,0,0,23,167,211,99,0,38
0,7,26,5,22,2475,B6,LAX,22,183,283,0,0,23,167,211,99,0,38
134,7,26,5,17,2475,AA,LAX,22,183,283,0,0,23,167,211,99,0,38
-4,7,26,5,15,2475,AA,LAX,22,183,283,0,0,23,167,211,99,0,38
-4,7,26,5,21,2475,AA,LAX,22,183,283,0,0,23,167,211,99,0,38
-11,7,26,5,12,2475,B6,LAX,22,183,283,0,0,23,167,211,99,0,38
12,7,26,5,7,2475,AA,LAX,22,183,283,0,0,23,167,211,99,0,38
-4,7,26,5,9,2475,AA,LAX,22,183,283,0,0,23,167,211,99,0,38
-4,7,31,3,9,2475,B6,LAX,27,194,283,0,0,13,167,239,127,0,20
1,7,31,3,7,2475,AA,LAX,27,194,283,0,0,13,167,239,127,0,20
-3,7,31,3,21,2475,AA,LAX,27,194,283,0,0,13,167,239,127,0,20
-2,7,31,3,12,2475,AA,LAX,27,194,283,0,0,13,167,239,127,0,20
-4,7,31,3,22,2475,B6,LAX,27,194,283,0,0,13,167,239,127,0,20
-1,7,31,3,16,2475,B6,LAX,27,194,283,0,0,13,167,239,127,0,20
-4,7,31,3,12,2475,B6,LAX,27,194,283,0,0,13,167,239,127,0,20
-4,7,31,3,17,2475,AA,LAX,27,194,283,0,0,13,167,239,127,0,20
-6,7,31,3,19,2475,AA,LAX,27,194,283,0,0,13,167,239,127,0,20
74,7,31,3,13,2475,AA,LAX,27,194,283,0,0,13,167,239,127,0,20
-4,7,31,3,9,2475,AA,LAX,27,194,283,0,0,13,167,239,127,0,20
0,7,31,3,15,2475,AA,LAX,27,194,283,0,0,13,167,239,127,0,20
-3,7,31,3,7,2475,B6,LAX,27,194,283,0,0,13,167,239,127,0,20
11,7,31,3,20,2475,B6,LAX,27,194,283,0,0,13,167,239,127,0,20
3,7,31,3,10,2475,AA,LAX,27,194,283,0,0,13,167,239,127,0,20
-4,7,31,3,17,2475,DL,LAX,27,194,283,0,0,13,167,239,127,0,20
0,7,31,3,18,2475,DL,LAX,27,194,283,0,0,13,167,239,127,0,20
-5,7,31,3,15,2475,DL,LAX,27,194,283,0,0,13,167,239,127,0,20
0,7,31,3,9,2475,DL,LAX,27,194,283,0,0,13,167,239,127,0,20
4,7,31,3,21,2475,DL,LAX,27,194,283,0,0,13,167,239,127,0,20
-1,7,31,3,7,2475,DL,LAX,27,194,283,0,0,13,167,239,127,0,20
-5,7,31,3,12,2475,DL,LAX,27,194,283,0,0,13,167,239,127,0,20
0,7,31,3,9,2475,VX,LAX,27,194,283,0,0,13,167,239,127,0,20
3,7,31,3,6,2475,UA,LAX,27,194,283,0,0,13,167,239,127,0,20
21,7,31,3,20,2475,VX,LAX,27,194,283,0,0,13,167,239,127,0,20
5,7,31,3,16,2475,VX,LAX,27,194,283,0,0,13,167,239,127,0,20
25,7,31,3,20,2475,UA,LAX,27,194,283,0,0,13,167,239,127,0,20
-1,7,31,3,11,2475,UA,LAX,27,194,283,0,0,13,167,239,127,0,20
-1,7,31,3,17,2475,UA,LAX,27,194,283,0,0,13,167,239,127,0,20
-3,7,31,3,13,2475,VX,LAX,27,194,283,0,0,13,167,239,127,0,20
20,7,31,3,14,2475,UA,LAX,27,194,283,0,0,13,167,239,127,0,20
-7,7,31,3,7,2475,VX,LAX,27,194,283,0,0,13,167,239,127,0,20
-11,7,31,3,8,2475,UA,LAX,27,194,283,0,0,13,167,239,127,0,20
-15,8,4,7,8,2475,UA,LAX,28,189,267,0,0,23,156,239,0,0,35
18,8,4,7,14,2475,UA,LAX,28,189,267,0,0,23,156,239,0,0,35
12,8,4,7,20,2475,VX,LAX,28,189,267,0,0,23,156,239,0,0,35
2,8,4,7,16,2475,VX,LAX,28,189,267,0,0,23,156,239,0,0,35
-5,8,4,7,13,2475,VX,LAX,28,189,267,0,0,23,156,239,0,0,35
1,8,4,7,9,2475,VX,LAX,28,189,267,0,0,23,156,239,0,0,35
0,8,4,7,7,2475,VX,LAX,28,189,267,0,0,23,156,239,0,0,35
-2,8,4,7,20,2475,UA,LAX,28,189,267,0,0,23,156,239,0,0,35
-5,8,4,7,11,2475,UA,LAX,28,189,267,0,0,23,156,239,0,0,35
-2,8,4,7,17,2475,UA,LAX,28,189,267,0,0,23,156,239,0,0,35
0,8,4,7,12,2475,DL,LAX,28,189,267,0,0,23,156,239,0,0,35
-1,8,4,7,7,2475,DL,LAX,28,189,267,0,0,23,156,239,0,0,35
-4,8,4,7,9,2475,DL,LAX,28,189,267,0,0,23,156,239,0,0,35
-2,8,4,7,15,2475,DL,LAX,28,189,267,0,0,23,156,239,0,0,35
0,8,4,7,18,2475,DL,LAX,28,189,267,0,0,23,156,239,0,0,35
-1,8,4,7,16,2475,B6,LAX,28,189,267,0,0,23,156,239,0,0,35
2,8,4,7,17,2475,DL,LAX,28,189,267,0,0,23,156,239,0,0,35
0,8,4,7,19,2475,AA,LAX,28,189,267,0,0,23,156,239,0,0,35
28,8,4,7,21,2475,DL,LAX,28,189,267,0,0,23,156,239,0,0,35
-4,8,4,7,13,2475,AA,LAX,28,189,267,0,0,23,156,239,0,0,35
47,8,4,7,7,2475,B6,LAX,28,189,267,0,0,23,156,239,0,0,35
40,8,4,7,20,2475,B6,LAX,28,189,267,0,0,23,156,239,0,0,35
24,8,4,7,22,2475,B6,LAX,28,189,267,0,0,23,156,239,0,0,35
24,8,4,7,17,2475,AA,LAX,28,189,267,0,0,23,156,239,0,0,35
-1,8,4,7,12,2475,B6,LAX,28,189,267,0,0,23,156,239,0,0,35
9,8,4,7,7,2475,AA,LAX,28,189,267,0,0,23,156,239,0,0,35
26,8,4,7,10,2475,AA,LAX,28,189,267,0,0,23,156,239,0,0,35
4,8,4,7,21,2475,AA,LAX,28,189,267,0,0,23,156,239,0,0,35
-2,8,4,7,9,2475,AA,LAX,28,189,267,0,0,23,156,239,0,0,35
-2,8,4,7,15,2475,AA,LAX,28,189,267,0,0,23,156,239,0,0,35
-2,8,4,7,12,2475,AA,LAX,28,189,267,0,0,23,156,239,0,0,35
-5,8,4,7,9,2475,B6,LAX,28,189,267,0,0,23,156,239,0,0,35
-3,8,27,2,7,2475,VX,LAX,5,217,306,3,0,21,250,356,0,0,54
0,8,27,2,9,2475,VX,LAX,5,217,306,3,0,21,250,356,0,0,54
-5,8,27,2,13,2475,VX,LAX,5,217,306,3,0,21,250,356,0,0,54
0,8,27,2,16,2475,VX,LAX,5,217,306,3,0,21,250,356,0,0,54
16,8,27,2,20,2475,VX,LAX,5,217,306,3,0,21,250,356,0,0,54
14,8,27,2,17,2475,UA,LAX,5,217,306,3,0,21,250,356,0,0,54
0,8,27,2,11,2475,UA,LAX,5,217,306,3,0,21,250,356,0,0,54
11,8,27,2,20,2475,UA,LAX,5,217,306,3,0,21,250,356,0,0,54
27,8,27,2,6,2475,UA,LAX,5,217,306,3,0,21,250,356,0,0,54
-8,8,27,2,14,2475,UA,LAX,5,217,306,3,0,21,250,356,0,0,54
161,8,27,2,8,2475,UA,LAX,5,217,306,3,0,21,250,356,0,0,54
-5,8,27,2,17,2475,DL,LAX,5,217,306,3,0,21,250,356,0,0,54
9,8,27,2,9,2475,AA,LAX,5,217,306,3,0,21,250,356,0,0,54
-1,8,27,2,13,2475,AA,LAX,5,217,306,3,0,21,250,356,0,0,54
-2,8,27,2,16,2475,B6,LAX,5,217,306,3,0,21,250,356,0,0,54
-6,8,27,2,19,2475,AA,LAX,5,217,306,3,0,21,250,356,0,0,54
21,8,27,2,20,2475,B6,LAX,5,217,306,3,0,21,250,356,0,0,54
-4,8,27,2,8,2475,AA,LAX,5,217,306,3,0,21,250,356,0,0,54
0,8,27,2,21,2475,DL,LAX,5,217,306,3,0,21,250,356,0,0,54
0,8,27,2,18,2475,DL,LAX,5,217,306,3,0,21,250,356,0,0,54
-3,8,27,2,15,2475,DL,LAX,5,217,306,3,0,21,250,356,0,0,54
-6,8,27,2,9,2475,DL,LAX,5,217,306,3,0,21,250,356,0,0,54
-3,8,27,2,12,2475,DL,LAX,5,217,306,3,0,21,250,356,0,0,54
2,8,27,2,16,2475,AA,LAX,5,217,306,3,0,21,250,356,0,0,54
-5,8,27,2,21,2475,AA,LAX,5,217,306,3,0,21,250,356,0,0,54
-6,8,27,2,12,2475,AA,LAX,5,217,306,3,0,21,250,356,0,0,54
-8,8,27,2,12,2475,B6,LAX,5,217,306,3,0,21,250,356,0,0,54
-5,8,27,2,9,2475,B6,LAX,5,217,306,3,0,21,250,356,0,0,54
2,8,27,2,7,2475,B6,LAX,5,217,306,3,0,21,250,356,0,0,54
0,8,27,2,7,2475,DL,LAX,5,217,306,3,0,21,250,356,0,0,54
-5,8,27,2,10,2475,AA,LAX,5,217,306,3,0,21,250,356,0,0,54
-8,8,27,2,15,2475,AA,LAX,5,217,306,3,0,21,250,356,0,0,54
-1,9,5,4,15,2475,AA,LAX,4,178,267,0,0,25,150,233,0,0,41
-2,9,5,4,13,2475,AA,LAX,4,178,267,0,0,25,150,233,0,0,41
-2,9,5,4,12,2475,AA,LAX,4,178,267,0,0,25,150,233,0,0,41
-7,9,5,4,9,2475,AA,LAX,4,178,267,0,0,25,150,233,0,0,41
0,9,5,4,16,2475,AA,LAX,4,178,267,0,0,25,150,233,0,0,41
18,9,5,4,19,2475,AA,LAX,4,178,267,0,0,25,150,233,0,0,41
-7,9,5,4,10,2475,AA,LAX,4,178,267,0,0,25,150,233,0,0,41
6,9,5,4,21,2475,AA,LAX,4,178,267,0,0,25,150,233,0,0,41
-1,9,5,4,8,2475,AA,LAX,4,178,267,0,0,25,150,233,0,0,41
-6,9,5,4,9,2475,B6,LAX,4,178,267,0,0,25,150,233,0,0,41
5,9,5,4,11,2475,B6,LAX,4,178,267,0,0,25,150,233,0,0,41
-2,9,5,4,16,2475,B6,LAX,4,178,267,0,0,25,150,233,0,0,41
2,9,5,4,20,2475,B6,LAX,4,178,267,0,0,25,150,233,0,0,41
-7,9,5,4,7,2475,VX,LAX,4,178,267,0,0,25,150,233,0,0,41
-9,9,5,4,9,2475,VX,LAX,4,178,267,0,0,25,150,233,0,0,41
-9,9,5,4,13,2475,VX,LAX,4,178,267,0,0,25,150,233,0,0,41
-6,9,5,4,16,2475,VX,LAX,4,178,267,0,0,25,150,233,0,0,41
-1,9,5,4,20,2475,VX,LAX,4,178,267,0,0,25,150,233,0,0,41
-6,9,5,4,14,2475,UA,LAX,4,178,267,0,0,25,150,233,0,0,41
-8,9,5,4,6,2475,UA,LAX,4,178,267,0,0,25,150,233,0,0,41
2,9,5,4,20,2475,UA,LAX,4,178,267,0,0,25,150,233,0,0,41
9,9,5,4,11,2475,UA,LAX,4,178,267,0,0,25,150,233,0,0,41
5,9,5,4,17,2475,UA,LAX,4,178,267,0,0,25,150,233,0,0,41
-2,9,5,4,8,2475,UA,LAX,4,178,267,0,0,25,150,233,0,0,41
-2,9,5,4,15,2475,DL,LAX,4,178,267,0,0,25,150,233,0,0,41
6,9,5,4,18,2475,DL,LAX,4,178,267,0,0,25,150,233,0,0,41
-3,9,5,4,17,2475,DL,LAX,4,178,267,0,0,25,150,233,0,0,41
-5,9,5,4,9,2475,DL,LAX,4,178,267,0,0,25,150,233,0,0,41
-2,9,5,4,7,2475,DL,LAX,4,178,267,0,0,25,150,233,0,0,41
-1,9,5,4,21,2475,DL,LAX,4,178,267,0,0,25,150,233,0,0,41
-7,9,5,4,7,2475,B6,LAX,4,178,267,0,0,25,150,233,0,0,41
-6,9,10,2,20,2475,B6,LAX,9,200,306,3,0,26,250,350,0,0,56
-3,9,10,2,20,2475,VX,LAX,9,200,306,3,0,26,250,350,0,0,56
5,9,10,2,16,2475,VX,LAX,9,200,306,3,0,26,250,350,0,0,56
-1,9,10,2,13,2475,VX,LAX,9,200,306,3,0,26,250,350,0,0,56
2,9,10,2,9,2475,VX,LAX,9,200,306,3,0,26,250,350,0,0,56
-2,9,10,2,7,2475,VX,LAX,9,200,306,3,0,26,250,350,0,0,56
1,9,10,2,17,2475,UA,LAX,9,200,306,3,0,26,250,350,0,0,56
38,9,10,2,8,2475,UA,LAX,9,200,306,3,0,26,250,350,0,0,56
-10,9,10,2,14,2475,UA,LAX,9,200,306,3,0,26,250,350,0,0,56
-6,9,10,2,6,2475,UA,LAX,9,200,306,3,0,26,250,350,0,0,56
-6,9,10,2,20,2475,UA,LAX,9,200,306,3,0,26,250,350,0,0,56
3,9,10,2,11,2475,UA,LAX,9,200,306,3,0,26,250,350,0,0,56
-1,9,10,2,21,2475,DL,LAX,9,200,306,3,0,26,250,350,0,0,56
-9,9,10,2,9,2475,DL,LAX,9,200,306,3,0,26,250,350,0,0,56
14,9,10,2,17,2475,DL,LAX,9,200,306,3,0,26,250,350,0,0,56
5,9,10,2,18,2475,DL,LAX,9,200,306,3,0,26,250,350,0,0,56
38,9,10,2,15,2475,DL,LAX,9,200,306,3,0,26,250,350,0,0,56
-4,9,10,2,12,2475,DL,LAX,9,200,306,3,0,26,250,350,0,0,56
-1,9,10,2,7,2475,DL,LAX,9,200,306,3,0,26,250,350,0,0,56
-7,9,10,2,7,2475,B6,LAX,9,200,306,3,0,26,250,350,0,0,56
0,9,10,2,9,2475,B6,LAX,9,200,306,3,0,26,250,350,0,0,56
-2,9,10,2,11,2475,B6,LAX,9,200,306,3,0,26,250,350,0,0,56
0,9,10,2,16,2475,B6,LAX,9,200,306,3,0,26,250,350,0,0,56
-7,9,10,2,12,2475,AA,LAX,9,200,306,3,0,26,250,350,0,0,56
-1,9,10,2,19,2475,AA,LAX,9,200,306,3,0,26,250,350,0,0,56
-2,9,10,2,8,2475,AA,LAX,9,200,306,3,0,26,250,350,0,0,56
-6,9,10,2,10,2475,AA,LAX,9,200,306,3,0,26,250,350,0,0,56
-1,9,10,2,15,2475,AA,LAX,9,200,306,3,0,26,250,350,0,0,56
-6,9,10,2,16,2475,AA,LAX,9,200,306,3,0,26,250,350,0,0,56
49,9,10,2,9,2475,AA,LAX,9,200,306,3,0,26,250,350,0,0,56
-2,9,10,2,21,2475,AA,LAX,9,200,306,3,0,26,250,350,0,0,56
-5,9,10,2,13,2475,AA,LAX,9,200,306,3,0,26,250,350,0,0,56
-7,9,28,6,7,2475,VX,LAX,15,133,228,0,0,20,128,289,51,0,57
-6,9,28,6,7,2475,B6,LAX,15,133,228,0,0,20,128,289,51,0,57
-6,9,28,6,18,2475,DL,LAX,15,133,228,0,0,20,128,289,51,0,57
-2,9,28,6,11,2475,B6,LAX,15,133,228,0,0,20,128,289,51,0,57
6,9,28,6,20,2475,B6,LAX,15,133,228,0,0,20,128,289,51,0,57
-3,9,28,6,16,2475,B6,LAX,15,133,228,0,0,20,128,289,51,0,57
-5,9,28,6,15,2475,DL,LAX,15,133,228,0,0,20,128,289,51,0,57
-3,9,28,6,12,2475,DL,LAX,15,133,228,0,0,20,128,289,51,0,57
-2,9,28,6,7,2475,DL,LAX,15,133,228,0,0,20,128,289,51,0,57
-1,9,28,6,9,2475,DL,LAX,15,133,228,0,0,20,128,289,51,0,57
1,9,28,6,16,2475,VX,LAX,15,133,228,0,0,20,128,289,51,0,57
11,9,28,6,13,2475,VX,LAX,15,133,228,0,0,20,128,289,51,0,57
0,9,28,6,9,2475,VX,LAX,15,133,228,0,0,20,128,289,51,0,57
-13,9,28,6,6,2475,UA,LAX,15,133,228,0,0,20,128,289,51,0,57
-3,9,28,6,19,2475,AA,LAX,15,133,228,0,0,20,128,289,51,0,57
-9,9,28,6,12,2475,AA,LAX,15,133,228,0,0,20,128,289,51,0,57
-4,9,28,6,15,2475,UA,LAX,15,133,228,0,0,20,128,289,51,0,57
-4,9,28,6,11,2475,UA,LAX,15,133,228,0,0,20,128,289,51,0,57
-1,9,28,6,15,2475,AA,LAX,15,133,228,0,0,20,128,289,51,0,57
-6,9,28,6,16,2475,AA,LAX,15,133,228,0,0,20,128,289,51,0,57
4,9,28,6,21,2475,AA,LAX,15,133,228,0,0,20,128,289,51,0,57
-5,9,28,6,8,2475,UA,LAX,15,133,228,0,0,20,128,289,51,0,57
-2,9,28,6,13,2475,AA,LAX,15,133,228,0,0,20,128,289,51,0,57
-4,9,28,6,8,2475,AA,LAX,15,133,228,0,0,20,128,289,51,0,57
-10,9,28,6,17,2475,UA,LAX,15,133,228,0,0,20,128,289,51,0,57
-1,9,28,6,10,2475,AA,LAX,15,133,228,0,0,20,128,289,51,0,57
-1,10,1,2,7,2475,VX,LAX,12,150,278,0,0,9,167,261,0,0,55
3,10,1,2,16,2475,VX,LAX,12,150,278,0,0,9,167,261,0,0,55
-2,10,1,2,13,2475,VX,LAX,12,150,278,0,0,9,167,261,0,0,55
9,10,1,2,9,2475,VX,LAX,12,150,278,0,0,9,167,261,0,0,55
0,10,1,2,8,2475,UA,LAX,12,150,278,0,0,9,167,261,0,0,55
-2,10,1,2,14,2475,UA,LAX,12,150,278,0,0,9,167,261,0,0,55
-3,10,1,2,6,2475,UA,LAX,12,150,278,0,0,9,167,261,0,0,55
-3,10,1,2,20,2475,VX,LAX,12,150,278,0,0,9,167,261,0,0,55
-6,10,1,2,11,2475,UA,LAX,12,150,278,0,0,9,167,261,0,0,55
3,10,1,2,17,2475,UA,LAX,12,150,278,0,0,9,167,261,0,0,55
-5,10,1,2,20,2475,UA,LAX,12,150,278,0,0,9,167,261,0,0,55
-5,10,1,2,11,2475,B6,LAX,12,150,278,0,0,9,167,261,0,0,55
-3,10,1,2,16,2475,AA,LAX,12,150,278,0,0,9,167,261,0,0,55
-2,10,1,2,21,2475,AA,LAX,12,150,278,0,0,9,167,261,0,0,55
-4,10,1,2,21,2475,DL,LAX,12,150,278,0,0,9,167,261,0,0,55
-4,10,1,2,15,2475,DL,LAX,12,150,278,0,0,9,167,261,0,0,55
-6,10,1,2,12,2475,DL,LAX,12,150,278,0,0,9,167,261,0,0,55
-3,10,1,2,7,2475,DL,LAX,12,150,278,0,0,9,167,261,0,0,55
-4,10,1,2,9,2475,DL,LAX,12,150,278,0,0,9,167,261,0,0,55
-2,10,1,2,17,2475,DL,LAX,12,150,278,0,0,9,167,261,0,0,55
-5,10,1,2,18,2475,DL,LAX,12,150,278,0,0,9,167,261,0,0,55
-8,10,1,2,19,2475,AA,LAX,12,150,278,0,0,9,167,261,0,0,55
12,10,1,2,12,2475,AA,LAX,12,150,278,0,0,9,167,261,0,0,55
11,10,1,2,13,2475,AA,LAX,12,150,278,0,0,9,167,261,0,0,55
-6,10,1,2,8,2475,AA,LAX,12,150,278,0,0,9,167,261,0,0,55
-7,10,1,2,9,2475,AA,LAX,12,150,278,0,0,9,167,261,0,0,55
-4,10,1,2,15,2475,AA,LAX,12,150,278,0,0,9,167,261,0,0,55
-1,10,1,2,10,2475,AA,LAX,12,150,278,0,0,9,167,261,0,0,55
-14,10,1,2,20,2475,B6,LAX,12,150,278,0,0,9,167,261,0,0,55
-1,10,1,2,16,2475,B6,LAX,12,150,278,0,0,9,167,261,0,0,55
-2,10,1,2,9,2475,B6,LAX,12,150,278,0,0,9,167,261,0,0,55
-10,10,1,2,7,2475,B6,LAX,12,150,278,0,0,9,167,261,0,0,55
-3,10,19,6,8,2475,AA,LAX,6,111,178,3,0,15,56,122,3,0,41
-7,10,19,6,9,2475,AA,LAX,6,111,178,3,0,15,56,122,3,0,41
-7,10,19,6,7,2475,B6,LAX,6,111,178,3,0,15,56,122,3,0,41
-4,10,19,6,11,2475,B6,LAX,6,111,178,3,0,15,56,122,3,0,41
-5,10,19,6,16,2475,B6,LAX,6,111,178,3,0,15,56,122,3,0,41
0,10,19,6,20,2475,B6,LAX,6,111,178,3,0,15,56,122,3,0,41
5,10,19,6,12,2475,AA,LAX,6,111,178,3,0,15,56,122,3,0,41
-3,10,19,6,21,2475,AA,LAX,6,111,178,3,0,15,56,122,3,0,41
-9,10,19,6,10,2475,AA,LAX,6,111,178,3,0,15,56,122,3,0,41
-2,10,19,6,19,2475,AA,LAX,6,111,178,3,0,15,56,122,3,0,41
-9,10,19,6,15,2475,AA,LAX,6,111,178,3,0,15,56,122,3,0,41
-2,10,19,6,13,2475,AA,LAX,6,111,178,3,0,15,56,122,3,0,41
-7,10,19,6,16,2475,AA,LAX,6,111,178,3,0,15,56,122,3,0,41
-5,10,19,6,6,2475,UA,LAX,6,111,178,3,0,15,56,122,3,0,41
-5,10,19,6,11,2475,UA,LAX,6,111,178,3,0,15,56,122,3,0,41
-4,10,19,6,17,2475,UA,LAX,6,111,178,3,0,15,56,122,3,0,41
-7,10,19,6,8,2475,UA,LAX,6,111,178,3,0,15,56,122,3,0,41
-1,10,19,6,18,2475,DL,LAX,6,111,178,3,0,15,56,122,3,0,41
-2,10,19,6,9,2475,DL,LAX,6,111,178,3,0,15,56,122,3,0,41
-5,10,19,6,7,2475,DL,LAX,6,111,178,3,0,15,56,122,3,0,41
-6,10,19,6,12,2475,DL,LAX,6,111,178,3,0,15,56,122,3,0,41
-3,10,19,6,15,2475,DL,LAX,6,111,178,3,0,15,56,122,3,0,41
-1,10,19,6,16,2475,VX,LAX,6,111,178,3,0,15,56,122,3,0,41
23,10,19,6,13,2475,VX,LAX,6,111,178,3,0,15,56,122,3,0,41
2,10,19,6,9,2475,VX,LAX,6,111,178,3,0,15,56,122,3,0,41
-4,10,19,6,7,2475,VX,LAX,6,111,178,3,0,15,56,122,3,0,41
-6,10,19,6,15,2475,UA,LAX,6,111,178,3,0,15,56,122,3,0,41
-3,10,24,4,12,2475,B6,LAX,11,50,122,0,0,30,-5,67,0,0,49
0,10,24,4,13,2475,VX,LAX,11,50,122,0,0,30,-5,67,0,0,49
-7,10,24,4,9,2475,VX,LAX,11,50,122,0,0,30,-5,67,0,0,49
-2,10,24,4,7,2475,VX,LAX,11,50,122,0,0,30,-5,67,0,0,49
-6,10,24,4,6,2475,UA,LAX,11,50,122,0,0,30,-5,67,0,0,49
-2,10,24,4,14,2475,UA,LAX,11,50,122,0,0,30,-5,67,0,0,49
19,10,24,4,20,2475,VX,LAX,11,50,122,0,0,30,-5,67,0,0,49
-4,10,24,4,17,2475,UA,LAX,11,50,122,0,0,30,-5,67,0,0,49
3,10,24,4,11,2475,UA,LAX,11,50,122,0,0,30,-5,67,0,0,49
11,10,24,4,20,2475,UA,LAX,11,50,122,0,0,30,-5,67,0,0,49
17,10,24,4,16,2475,VX,LAX,11,50,122,0,0,30,-5,67,0,0,49
-1,10,24,4,16,2475,B6,LAX,11,50,122,0,0,30,-5,67,0,0,49
-2,10,24,4,7,2475,B6,LAX,11,50,122,0,0,30,-5,67,0,0,49
-2,10,24,4,20,2475,B6,LAX,11,50,122,0,0,30,-5,67,0,0,49
18,10,24,4,9,2475,B6,LAX,11,50,122,0,0,30,-5,67,0,0,49
-3,10,24,4,16,2475,AA,LAX,11,50,122,0,0,30,-5,67,0,0,49
-3,10,24,4,10,2475,AA,LAX,11,50,122,0,0,30,-5,67,0,0,49
-7,10,24,4,12,2475,AA,LAX,11,50,122,0,0,30,-5,67,0,0,49
-4,10,24,4,13,2475,AA,LAX,11,50,122,0,0,30,-5,67,0,0,49
63,10,24,4,21,2475,AA,LAX,11,50,122,0,0,30,-5,67,0,0,49
-3,10,24,4,9,2475,AA,LAX,11,50,122,0,0,30,-5,67,0,0,49
42,10,24,4,8,2475,AA,LAX,11,50,122,0,0,30,-5,67,0,0,49
9,10,24,4,15,2475,AA,LAX,11,50,122,0,0,30,-5,67,0,0,49
-7,10,24,4,19,2475,AA,LAX,11,50,122,0,0,30,-5,67,0,0,49
35,10,24,4,15,2475,DL,LAX,11,50,122,0,0,30,-5,67,0,0,49
13,10,24,4,21,2475,DL,LAX,11,50,122,0,0,30,-5,67,0,0,49
-4,10,24,4,8,2475,UA,LAX,11,50,122,0,0,30,-5,67,0,0,49
-1,10,24,4,18,2475,DL,LAX,11,50,122,0,0,30,-5,67,0,0,49
15,10,24,4,17,2475,DL,LAX,11,50,122,0,0,30,-5,67,0,0,49
0,10,24,4,9,2475,DL,LAX,11,50,122,0,0,30,-5,67,0,0,49
3,10,24,4,7,2475,DL,LAX,11,50,122,0,0,30,-5,67,0,0,49
-3,10,24,4,12,2475,DL,LAX,11,50,122,0,0,30,-5,67,0,0,49
-4,11,2,6,17,2475,UA,LAX,9,128,200,0,0,17,33,89,3,0,34
18,11,2,6,9,2475,VX,LAX,9,128,200,0,0,17,33,89,3,0,34
322,11,2,6,16,2475,VX,LAX,9,128,200,0,0,17,33,89,3,0,34
-6,11,2,6,8,2475,UA,LAX,9,128,200,0,0,17,33,89,3,0,34
-2,11,2,6,15,2475,UA,LAX,9,128,200,0,0,17,33,89,3,0,34
-7,11,2,6,6,2475,UA,LAX,9,128,200,0,0,17,33,89,3,0,34
-3,11,2,6,11,2475,UA,LAX,9,128,200,0,0,17,33,89,3,0,34
-2,11,2,6,13,2475,DL,LAX,9,128,200,0,0,17,33,89,3,0,34
-1,11,2,6,7,2475,DL,LAX,9,128,200,0,0,17,33,89,3,0,34
-1,11,2,6,21,2475,AA,LAX,9,128,200,0,0,17,33,89,3,0,34
3,11,2,6,15,2475,AA,LAX,9,128,200,0,0,17,33,89,3,0,34
-8,11,2,6,16,2475,AA,LAX,9,128,200,0,0,17,33,89,3,0,34
-4,11,2,6,8,2475,AA,LAX,9,128,200,0,0,17,33,89,3,0,34
-8,11,2,6,10,2475,AA,LAX,9,128,200,0,0,17,33,89,3,0,34
-1,11,2,6,11,2475,B6,LAX,9,128,200,0,0,17,33,89,3,0,34
-4,11,2,6,9,2475,AA,LAX,9,128,200,0,0,17,33,89,3,0,34
-3,11,2,6,19,2475,AA,LAX,9,128,200,0,0,17,33,89,3,0,34
-6,11,2,6,7,2475,B6,LAX,9,128,200,0,0,17,33,89,3,0,34
-2,11,2,6,20,2475,B6,LAX,9,128,200,0,0,17,33,89,3,0,34
-1,11,2,6,13,2475,AA,LAX,9,128,200,0,0,17,33,89,3,0,34
-5,11,2,6,12,2475,AA,LAX,9,128,200,0,0,17,33,89,3,0,34
7,11,2,6,16,2475,B6,LAX,9,128,200,0,0,17,33,89,3,0,34
-7,11,2,6,9,2475,DL,LAX,9,128,200,0,0,17,33,89,3,0,34
-7,11,2,6,12,2475,DL,LAX,9,128,200,0,0,17,33,89,3,0,34
-5,11,25,1,16,2475,AA,LAX,2,-49,17,0,0,26,-55,-5,8,13,56
-3,11,25,1,7,2475,AA,LAX,2,-49,17,0,0,26,-55,-5,8,13,56
-3,11,25,1,13,2475,AA,LAX,2,-49,17,0,0,26,-55,-5,8,13,56
15,11,25,1,21,2475,AA,LAX,2,-49,17,0,0,26,-55,-5,8,13,56
-4,11,25,1,7,2475,B6,LAX,2,-49,17,0,0,26,-55,-5,8,13,56
-4,11,25,1,9,2475,B6,LAX,2,-49,17,0,0,26,-55,-5,8,13,56
-5,11,25,1,16,2475,B6,LAX,2,-49,17,0,0,26,-55,-5,8,13,56
14,11,25,1,20,2475,B6,LAX,2,-49,17,0,0,26,-55,-5,8,13,56
3,11,25,1,11,2475,B6,LAX,2,-49,17,0,0,26,-55,-5,8,13,56
-6,11,25,1,15,2475,AA,LAX,2,-49,17,0,0,26,-55,-5,8,13,56
-6,11,25,1,9,2475,AA,LAX,2,-49,17,0,0,26,-55,-5,8,13,56
-4,11,25,1,15,2475,DL,LAX,2,-49,17,0,0,26,-55,-5,8,13,56
-4,11,25,1,12,2475,DL,LAX,2,-49,17,0,0,26,-55,-5,8,13,56
245,11,25,1,19,2475,AA,LAX,2,-49,17,0,0,26,-55,-5,8,13,56
9,11,25,1,18,2475,DL,LAX,2,-49,17,0,0,26,-55,-5,8,13,56
18,11,25,1,20,2475,DL,LAX,2,-49,17,0,0,26,-55,-5,8,13,56
-2,11,25,1,7,2475,DL,LAX,2,-49,17,0,0,26,-55,-5,8,13,56
-5,11,25,1,10,2475,AA,LAX,2,-49,17,0,0,26,-55,-5,8,13,56
-3,11,25,1,12,2475,AA,LAX,2,-49,17,0,0,26,-55,-5,8,13,56
0,11,25,1,16,2475,DL,LAX,2,-49,17,0,0,26,-55,-5,8,13,56
2,11,25,1,9,2475,VX,LAX,2,-49,17,0,0,26,-55,-5,8,13,56
21,11,25,1,20,2475,UA,LAX,2,-49,17,0,0,26,-55,-5,8,13,56
-4,11,25,1,8,2475,UA,LAX,2,-49,17,0,0,26,-55,-5,8,13,56
2,11,25,1,17,2475,UA,LAX,2,-49,17,0,0,26,-55,-5,8,13,56
-1,11,25,1,13,2475,VX,LAX,2,-49,17,0,0,26,-55,-5,8,13,56
4,11,25,1,16,2475,VX,LAX,2,-49,17,0,0,26,-55,-5,8,13,56
33,11,25,1,20,2475,VX,LAX,2,-49,17,0,0,26,-55,-5,8,13,56
-5,11,25,1,11,2475,UA,LAX,2,-49,17,0,0,26,-55,-5,8,13,56
0,11,25,1,7,2475,VX,LAX,2,-49,17,0,0,26,-55,-5,8,13,56
9,11,30,6,20,2475,DL,LAX,3,-38,39,0,0,23,-16,100,0,0,37
-8,11,30,6,12,2475,AA,LAX,3,-38,39,0,0,23,-16,100,0,0,37
1,11,30,6,13,2475,B6,LAX,3,-38,39,0,0,23,-16,100,0,0,37
2,11,30,6,11,2475,B6,LAX,3,-38,39,0,0,23,-16,100,0,0,37
-5,11,30,6,7,2475,B6,LAX,3,-38,39,0,0,23,-16,100,0,0,37
-2,11,30,6,16,2475,B6,LAX,3,-38,39,0,0,23,-16,100,0,0,37
3,11,30,6,20,2475,B6,LAX,3,-38,39,0,0,23,-16,100,0,0,37
0,11,30,6,7,2475,DL,LAX,3,-38,39,0,0,23,-16,100,0,0,37
-3,11,30,6,21,2475,AA,LAX,3,-38,39,0,0,23,-16,100,0,0,37
4,11,30,6,9,2475,AA,LAX,3,-38,39,0,0,23,-16,100,0,0,37
1,11,30,6,16,2475,AA,LAX,3,-38,39,0,0,23,-16,100,0,0,37
-8,11,30,6,13,2475,AA,LAX,3,-38,39,0,0,23,-16,100,0,0,37
-8,11,30,6,15,2475,AA,LAX,3,-38,39,0,0,23,-16,100,0,0,37
7,11,30,6,19,2475,AA,LAX,3,-38,39,0,0,23,-16,100,0,0,37
-8,11,30,6,10,2475,AA,LAX,3,-38,39,0,0,23,-16,100,0,0,37
-4,11,30,6,15,2475,DL,LAX,3,-38,39,0,0,23,-16,100,0,0,37
-5,11,30,6,18,2475,DL,LAX,3,-38,39,0,0,23,-16,100,0,0,37
-1,11,30,6,7,2475,VX,LAX,3,-38,39,0,0,23,-16,100,0,0,37
-5,11,30,6,17,2475,UA,LAX,3,-38,39,0,0,23,-16,100,0,0,37
3,11,30,6,8,2475,UA,LAX,3,-38,39,0,0,23,-16,100,0,0,37
54,11,30,6,11,2475,UA,LAX,3,-38,39,0,0,23,-16,100,0,0,37
18,11,30,6,20,2475,UA,LAX,3,-38,39,0,0,23,-16,100,0,0,37
-4,11,30,6,14,2475,UA,LAX,3,-38,39,0,0,23,-16,100,0,0,37
16,11,30,6,20,2475,VX,LAX,3,-38,39,0,0,23,-16,100,0,0,37
1,11,30,6,16,2475,VX,LAX,3,-38,39,0,0,23,-16,100,0,0,37
-3,11,30,6,13,2475,VX,LAX,3,-38,39,0,0,23,-16,100,0,0,37
2,11,30,6,9,2475,VX,LAX,3,-38,39,0,0,23,-16,100,0,0,37
21,12,3,2,11,2475,B6,LAX,6,33,117,0,0,14,28,100,5,0,34
-5,12,3,2,12,2475,AA,LAX,6,33,117,0,0,14,28,100,5,0,34
-7,12,3,2,21,2475,AA,LAX,6,33,117,0,0,14,28,100,5,0,34
-8,12,3,2,19,2475,AA,LAX,6,33,117,0,0,14,28,100,5,0,34
-5,12,3,2,7,2475,B6,LAX,6,33,117,0,0,14,28,100,5,0,34
75,12,3,2,13,2475,AA,LAX,6,33,117,0,0,14,28,100,5,0,34
-4,12,3,2,20,2475,B6,LAX,6,33,117,0,0,14,28,100,5,0,34
0,12,3,2,16,2475,B6,LAX,6,33,117,0,0,14,28,100,5,0,34
21,12,3,2,9,2475,B6,LAX,6,33,117,0,0,14,28,100,5,0,34
-5,12,3,2,16,2475,AA,LAX,6,33,117,0,0,14,28,100,5,0,34
5,12,3,2,7,2475,AA,LAX,6,33,117,0,0,14,28,100,5,0,34
-3,12,3,2,15,2475,AA,LAX,6,33,117,0,0,14,28,100,5,0,34
-7,12,3,2,9,2475,AA,LAX,6,33,117,0,0,14,28,100,5,0,34
-5,12,3,2,10,2475,AA,LAX,6,33,117,0,0,14,28,100,5,0,34
-3,12,3,2,11,2475,UA,LAX,6,33,117,0,0,14,28,100,5,0,34
9,12,3,2,8,2475,UA,LAX,6,33,117,0,0,14,28,100,5,0,34
-3,12,3,2,6,2475,UA,LAX,6,33,117,0,0,14,28,100,5,0,34
26,12,3,2,20,2475,UA,LAX,6,33,117,0,0,14,28,100,5,0,34
-3,12,3,2,20,2475,VX,LAX,6,33,117,0,0,14,28,100,5,0,34
5,12,3,2,16,2475,VX,LAX,6,33,117,0,0,14,28,100,5,0,34
8,12,3,2,13,2475,VX,LAX,6,33,117,0,0,14,28,100,5,0,34
8,12,3,2,9,2475,VX,LAX,6,33,117,0,0,14,28,100,5,0,34
0,12,3,2,7,2475,VX,LAX,6,33,117,0,0,14,28,100,5,0,34
14,12,3,2,14,2475,UA,LAX,6,33,117,0,0,14,28,100,5,0,34
0,12,3,2,16,2475,DL,LAX,6,33,117,0,0,14,28,100,5,0,34
-1,12,3,2,7,2475,DL,LAX,6,33,117,0,0,14,28,100,5,0,34
0,12,3,2,20,2475,DL,LAX,6,33,117,0,0,14,28,100,5,0,34
0,12,3,2,18,2475,DL,LAX,6,33,117,0,0,14,28,100,5,0,34
5,12,3,2,12,2475,DL,LAX,6,33,117,0,0,14,28,100,5,0,34
-2,12,3,2,9,2475,DL,LAX,6,33,117,0,0,14,28,100,5,0,34
6,12,3,2,17,2475,UA,LAX,6,33,117,0,0,14,28,100,5,0,34
45,12,3,2,15,2475,DL,LAX,6,33,117,0,0,14,28,100,5,0,34
-1,12,26,4,11,2475,UA,LAX,1,-10,22,0,0,24,-99,11,0,0,44
-1,12,26,4,14,2475,UA,LAX,1,-10,22,0,0,24,-99,11,0,0,44
-5,12,26,4,8,2475,UA,LAX,1,-10,22,0,0,24,-99,11,0,0,44
-4,12,26,4,6,2475,UA,LAX,1,-10,22,0,0,24,-99,11,0,0,44
12,12,26,4,20,2475,UA,LAX,1,-10,22,0,0,24,-99,11,0,0,44
-2,12,26,4,17,2475,UA,LAX,1,-10,22,0,0,24,-99,11,0,0,44
-4,12,26,4,9,2475,DL,LAX,1,-10,22,0,0,24,-99,11,0,0,44
2,12,26,4,15,2475,DL,LAX,1,-10,22,0,0,24,-99,11,0,0,44
2,12,26,4,16,2475,VX,LAX,1,-10,22,0,0,24,-99,11,0,0,44
-2,12,26,4,7,2475,DL,LAX,1,-10,22,0,0,24,-99,11,0,0,44
0,12,26,4,20,2475,VX,LAX,1,-10,22,0,0,24,-99,11,0,0,44
-3,12,26,4,20,2475,DL,LAX,1,-10,22,0,0,24,-99,11,0,0,44
7,12,26,4,18,2475,DL,LAX,1,-10,22,0,0,24,-99,11,0,0,44
-3,12,26,4,12,2475,DL,LAX,1,-10,22,0,0,24,-99,11,0,0,44
5,12,26,4,17,2475,DL,LAX,1,-10,22,0,0,24,-99,11,0,0,44
0,12,26,4,7,2475,VX,LAX,1,-10,22,0,0,24,-99,11,0,0,44
-4,12,26,4,9,2475,VX,LAX,1,-10,22,0,0,24,-99,11,0,0,44
-5,12,26,4,13,2475,VX,LAX,1,-10,22,0,0,24,-99,11,0,0,44
16,12,26,4,19,2475,AA,LAX,1,-10,22,0,0,24,-99,11,0,0,44
-4,12,26,4,9,2475,B6,LAX,1,-10,22,0,0,24,-99,11,0,0,44
0,12,26,4,22,2475,B6,LAX,1,-10,22,0,0,24,-99,11,0,0,44
-2,12,26,4,9,2475,AA,LAX,1,-10,22,0,0,24,-99,11,0,0,44
-4,12,26,4,16,2475,B6,LAX,1,-10,22,0,0,24,-99,11,0,0,44
-2,12,26,4,7,2475,AA,LAX,1,-10,22,0,0,24,-99,11,0,0,44
-5,12,26,4,7,2475,B6,LAX,1,-10,22,0,0,24,-99,11,0,0,44
6,12,26,4,20,2475,B6,LAX,1,-10,22,0,0,24,-99,11,0,0,44
-10,12,26,4,12,2475,AA,LAX,1,-10,22,0,0,24,-99,11,0,0,44
4,12,26,4,16,2475,AA,LAX,1,-10,22,0,0,24,-99,11,0,0,44
18,12,26,4,21,2475,AA,LAX,1,-10,22,0,0,24,-99,11,0,0,44
9,12,26,4,15,2475,AA,LAX,1,-10,22,0,0,24,-99,11,0,0,44
47,12,26,4,11,2475,B6,LAX,1,-10,22,0,0,24,-99,11,0,0,44
-3,12,26,4,13,2475,AA,LAX,1,-10,22,0,0,24,-99,11,0,0,44
-1,12,31,2,6,2475,UA,LAX,1,-60,0,0,0,26,-166,-110,76,76,36
6,12,31,2,14,2475,UA,LAX,1,-60,0,0,0,26,-166,-110,76,76,36
3,12,31,2,11,2475,UA,LAX,1,-60,0,0,0,26,-166,-110,76,76,36
4,12,31,2,17,2475,UA,LAX,1,-60,0,0,0,26,-166,-110,76,76,36
-3,12,31,2,15,2475,AA,LAX,1,-60,0,0,0,26,-166,-110,76,76,36
-6,12,31,2,16,2475,B6,LAX,1,-60,0,0,0,26,-166,-110,76,76,36
-5,12,31,2,12,2475,AA,LAX,1,-60,0,0,0,26,-166,-110,76,76,36
-7,12,31,2,21,2475,AA,LAX,1,-60,0,0,0,26,-166,-110,76,76,36
-10,12,31,2,19,2475,AA,LAX,1,-60,0,0,0,26,-166,-110,76,76,36
-1,12,31,2,7,2475,B6,LAX,1,-60,0,0,0,26,-166,-110,76,76,36
-4,12,31,2,16,2475,AA,LAX,1,-60,0,0,0,26,-166,-110,76,76,36
6,12,31,2,9,2475,B6,LAX,1,-60,0,0,0,26,-166,-110,76,76,36
1,12,31,2,11,2475,B6,LAX,1,-60,0,0,0,26,-166,-110,76,76,36
-1,12,31,2,9,2475,AA,LAX,1,-60,0,0,0,26,-166,-110,76,76,36
-3,12,31,2,20,2475,B6,LAX,1,-60,0,0,0,26,-166,-110,76,76,36
0,12,31,2,13,2475,AA,LAX,1,-60,0,0,0,26,-166,-110,76,76,36
-4,12,31,2,16,2475,VX,LAX,1,-60,0,0,0,26,-166,-110,76,76,36
6,12,31,2,18,2475,DL,LAX,1,-60,0,0,0,26,-166,-110,76,76,36
-1,12,31,2,20,2475,DL,LAX,1,-60,0,0,0,26,-166,-110,76,76,36
3,12,31,2,17,2475,DL,LAX,1,-60,0,0,0,26,-166,-110,76,76,36
24,12,31,2,7,2475,VX,LAX,1,-60,0,0,0,26,-166,-110,76,76,36
-2,12,31,2,9,2475,VX,LAX,1,-60,0,0,0,26,-166,-110,76,76,36
1,12,31,2,15,2475,DL,LAX,1,-60,0,0,0,26,-166,-110,76,76,36
-3,12,31,2,9,2475,DL,LAX,1,-60,0,0,0,26,-166,-110,76,76,36
5,12,31,2,12,2475,DL,LAX,1,-60,0,0,0,26,-166,-110,76,76,36
82,12,31,2,13,2475,VX,LAX,1,-60,0,0,0,26,-166,-110,76,76,36
