-4,1,7,5,11,2475,AA,LAX,6,-39,6,48,43,22
0,1,7,5,18,2475,B6,LAX,6,-39,6,48,43,22
-4,1,7,5,15,2475,B6,LAX,6,-39,6,48,43,22
10,1,7,5,12,2475,DL,LAX,6,-39,6,48,43,22
-4,1,7,5,9,2475,DL,LAX,6,-39,6,48,43,22
-5,1,7,5,7,2475,DL,LAX,6,-39,6,48,43,22
96,1,7,5,21,2475,DL,LAX,6,-39,6,48,43,22
5,1,7,5,15,2475,AA,LAX,6,-39,6,48,43,22
-3,1,7,5,7,2475,B6,LAX,6,-39,6,48,43,22
17,1,7,5,19,2475,AA,LAX,6,-39,6,48,43,22
149,1,7,5,13,2475,AA,LAX,6,-39,6,48,43,22
-5,1,7,5,10,2475,AA,LAX,6,-39,6,48,43,22
-4,1,7,5,9,2475,AA,LAX,6,-39,6,48,43,22
-2,1,7,5,16,2475,AA,LAX,6,-39,6,48,43,22
25,1,7,5,21,2475,AA,LAX,6,-39,6,48,43,22
-3,1,7,5,6,2475,AA,LAX,6,-39,6,48,43,22
0,1,7,5,15,2475,DL,LAX,6,-39,6,48,43,22
-4,1,7,5,17,2475,DL,LAX,6,-39,6,48,43,22
0,1,7,5,7,2475,AA,LAX,6,-39,6,48,43,22
3,1,7,5,18,2475,UA,LAX,6,-39,6,48,43,22
-3,1,7,5,15,2475,UA,LAX,6,-39,6,48,43,22
68,1,7,5,20,2475,UA,LAX,6,-39,6,48,43,22
-4,1,7,5,11,2475,UA,LAX,6,-39,6,48,43,22
-1,1,7,5,6,2475,UA,LAX,6,-39,6,48,43,22
-1,1,7,5,8,2475,UA,LAX,6,-39,6,48,43,22
-3,1,10,1,8,2475,UA,LAX,5,-44,17,0,0,39
-1,1,10,1,11,2475,UA,LAX,5,-44,17,0,0,39
2,1,10,1,6,2475,UA,LAX,5,-44,17,0,0,39
92,1,10,1,20,2475,UA,LAX,5,-44,17,0,0,39
32,1,10,1,15,2475,UA,LAX,5,-44,17,0,0,39
-5,1,10,1,18,2475,UA,LAX,5,-44,17,0,0,39
22,1,10,1,12,2475,DL,LAX,5,-44,17,0,0,39
-5,1,10,1,9,2475,DL,LAX,5,-44,17,0,0,39
9,1,10,1,21,2475,AA,LAX,5,-44,17,0,0,39
-5,1,10,1,7,2475,DL,LAX,5,-44,17,0,0,39
-2,1,10,1,19,2475,DL,LAX,5,-44,17,0,0,39
39,1,10,1,21,2475,DL,LAX,5,-44,17,0,0,39
-1,1,10,1,9,2475,AA,LAX,5,-44,17,0,0,39
7,1,10,1,17,2475,DL,LAX,5,-44,17,0,0,39
-4,1,10,1,6,2475,AA,LAX,5,-44,17,0,0,39
-6,1,10,1,15,2475,DL,LAX,5,-44,17,0,0,39
18,1,10,1,18,2475,B6,LAX,5,-44,17,0,0,39
36,1,10,1,15,2475,B6,LAX,5,-44,17,0,0,39
12,1,10,1,15,2475,AA,LAX,5,-44,17,0,0,39
-6,1,10,1,10,2475,AA,LAX,5,-44,17,0,0,39
6,1,10,1,16,2475,AA,LAX,5,-44,17,0,0,39
0,1,10,1,7,2475,B6,LAX,5,-44,17,0,0,39
3,1,10,1,7,2475,AA,LAX,5,-44,17,0,0,39
-7,1,10,1,13,2475,AA,LAX,5,-44,17,0,0,39
-4,1,10,1,11,2475,AA,LAX,5,-44,17,0,0,39
4,1,10,1,19,2475,AA,LAX,5,-44,17,0,0,39
0,1,18,2,9,2475,DL,LAX,3,-44,50,323,25,44
-7,1,18,2,10,2475,AA,LAX,3,-44,50,323,25,44
-4,1,18,2,7,2475,DL,LAX,3,-44,50,323,25,44
-5,1,18,2,19,2475,DL,LAX,3,-44,50,323,25,44
15,1,18,2,21,2475,DL,LAX,3,-44,50,323,25,44
-2,1,18,2,17,2475,DL,LAX,3,-44,50,323,25,44
-5,1,18,2,15,2475,DL,LAX,3,-44,50,323,25,44
3,1,18,2,19,2475,AA,LAX,3,-44,50,323,25,44
-2,1,18,2,6,2475,AA,LAX,3,-44,50,323,25,44
12,1,18,2,16,2475,AA,LAX,3,-44,50,323,25,44
0,1,18,2,18,2475,B6,LAX,3,-44,50,323,25,44
12,1,18,2,9,2475,AA,LAX,3,-44,50,323,25,44
-4,1,18,2,15,2475,AA,LAX,3,-44,50,323,25,44
-4,1,18,2,13,2475,AA,LAX,3,-44,50,323,25,44
57,1,18,2,21,2475,AA,LAX,3,-44,50,323,25,44
9,1,18,2,7,2475,AA,LAX,3,-44,50,323,25,44
-8,1,18,2,11,2475,AA,LAX,3,-44,50,323,25,44
-1,1,18,2,12,2475,DL,LAX,3,-44,50,323,25,44
-4,1,18,2,7,2475,B6,LAX,3,-44,50,323,25,44
39,1,18,2,6,2475,UA,LAX,3,-44,50,323,25,44
51,1,18,2,20,2475,UA,LAX,3,-44,50,323,25,44
-1,1,18,2,11,2475,UA,LAX,3,-44,50,323,25,44
0,1,18,2,18,2475,UA,LAX,3,-44,50,323,25,44
14,1,18,2,8,2475,UA,LAX,3,-44,50,323,25,44
14,1,18,2,15,2475,UA,LAX,3,-44,50,323,25,44
-2,1,21,5,12,2475,DL,LAX,6,-78,0,104,107,40
0,1,21,5,9,2475,DL,LAX,6,-78,0,104,107,40
40,1,21,5,7,2475,AA,LAX,6,-78,0,104,107,40
0,1,21,5,19,2475,DL,LAX,6,-78,0,104,107,40
-3,1,21,5,21,2475,DL,LAX,6,-78,0,104,107,40
-3,1,21,5,17,2475,DL,LAX,6,-78,0,104,107,40
-1,1,21,5,15,2475,DL,LAX,6,-78,0,104,107,40
31,1,21,5,15,2475,B6,LAX,6,-78,0,104,107,40
-2,1,21,5,13,2475,AA,LAX,6,-78,0,104,107,40
23,1,21,5,10,2475,AA,LAX,6,-78,0,104,107,40
51,1,21,5,15,2475,AA,LAX,6,-78,0,104,107,40
-2,1,21,5,18,2475,B6,LAX,6,-78,0,104,107,40
0,1,21,5,16,2475,AA,LAX,6,-78,0,104,107,40
0,1,21,5,11,2475,AA,LAX,6,-78,0,104,107,40
1,1,21,5,21,2475,AA,LAX,6,-78,0,104,107,40
5,1,21,5,6,2475,AA,LAX,6,-78,0,104,107,40
58,1,21,5,9,2475,AA,LAX,6,-78,0,104,107,40
-2,1,21,5,7,2475,B6,LAX,6,-78,0,104,107,40
-5,1,21,5,19,2475,AA,LAX,6,-78,0,104,107,40
-6,1,21,5,15,2475,UA,LAX,6,-78,0,104,107,40
73,1,21,5,20,2475,UA,LAX,6,-78,0,104,107,40
23,1,21,5,8,2475,UA,LAX,6,-78,0,104,107,40
-7,1,21,5,11,2475,UA,LAX,6,-78,0,104,107,40
-2,1,21,5,18,2475,UA,LAX,6,-78,0,104,107,40
-5,1,29,6,6,2475,UA,LAX,14,-17,22,3,0,19
0,1,29,6,18,2475,UA,LAX,14,-17,22,3,0,19
-2,1,29,6,11,2475,UA,LAX,14,-17,22,3,0,19
-4,1,29,6,8,2475,UA,LAX,14,-17,22,3,0,19
-6,1,29,6,15,2475,UA,LAX,14,-17,22,3,0,19
64,1,29,6,7,2475,B6,LAX,14,-17,22,3,0,19
-3,1,29,6,6,2475,AA,LAX,14,-17,22,3,0,19
-4,1,29,6,12,2475,DL,LAX,14,-17,22,3,0,19
-3,1,29,6,9,2475,DL,LAX,14,-17,22,3,0,19
51,1,29,6,21,2475,AA,LAX,14,-17,22,3,0,19
0,1,29,6,17,2475,DL,LAX,14,-17,22,3,0,19
-6,1,29,6,15,2475,DL,LAX,14,-17,22,3,0,19
1,1,29,6,16,2475,AA,LAX,14,-17,22,3,0,19
-4,1,29,6,11,2475,AA,LAX,14,-17,22,3,0,19
83,1,29,6,7,2475,AA,LAX,14,-17,22,3,0,19
-6,1,29,6,15,2475,AA,LAX,14,-17,22,3,0,19
10,1,29,6,19,2475,DL,LAX,14,-17,22,3,0,19
-9,1,29,6,19,2475,AA,LAX,14,-17,22,3,0,19
-4,1,29,6,13,2475,AA,LAX,14,-17,22,3,0,19
38,1,29,6,18,2475,B6,LAX,14,-17,22,3,0,19
-6,1,29,6,9,2475,AA,LAX,14,-17,22,3,0,19
-3,2,6,7,18,2475,UA,LAX,13,28,72,0,0,31
-3,2,6,7,6,2475,UA,LAX,13,28,72,0,0,31
12,2,6,7,20,2475,UA,LAX,13,28,72,0,0,31
-1,2,6,7,11,2475,UA,LAX,13,28,72,0,0,31
18,2,6,7,8,2475,UA,LAX,13,28,72,0,0,31
-1,2,6,7,15,2475,UA,LAX,13,28,72,0,0,31
31,2,6,7,21,2475,DL,LAX,13,28,72,0,0,31
-2,2,6,7,19,2475,DL,LAX,13,28,72,0,0,31
57,2,6,7,19,2475,AA,LAX,13,28,72,0,0,31
-2,2,6,7,6,2475,AA,LAX,13,28,72,0,0,31
3,2,6,7,10,2475,AA,LAX,13,28,72,0,0,31
-4,2,6,7,15,2475,DL,LAX,13,28,72,0,0,31
23,2,6,7,9,2475,DL,LAX,13,28,72,0,0,31
-2,2,6,7,12,2475,DL,LAX,13,28,72,0,0,31
-2,2,6,7,9,2475,AA,LAX,13,28,72,0,0,31
-3,2,6,7,15,2475,AA,LAX,13,28,72,0,0,31
-4,2,6,7,16,2475,AA,LAX,13,28,72,0,0,31
25,2,6,7,11,2475,AA,LAX,13,28,72,0,0,31
-8,2,6,7,18,2475,B6,LAX,13,28,72,0,0,31
-6,2,6,7,15,2475,B6,LAX,13,28,72,0,0,31
5,2,6,7,7,2475,B6,LAX,13,28,72,0,0,31
-5,2,6,7,21,2475,AA,LAX,13,28,72,0,0,31
3,2,6,7,7,2475,AA,LAX,13,28,72,0,0,31
-3,2,6,7,17,2475,DL,LAX,13,28,72,0,0,31
-2,2,17,4,15,2475,AA,LAX,2,78,172,0,0,19
6,2,17,4,10,2475,AA,LAX,2,78,172,0,0,19
0,2,17,4,21,2475,AA,LAX,2,78,172,0,0,19
-6,2,17,4,12,2475,AA,LAX,2,78,172,0,0,19
-4,2,17,4,6,2475,AA,LAX,2,78,172,0,0,19
-5,2,17,4,17,2475,AA,LAX,2,78,172,0,0,19
-3,2,17,4,9,2475,AA,LAX,2,78,172,0,0,19
0,2,17,4,19,2475,AA,LAX,2,78,172,0,0,19
-4,2,17,4,7,2475,B6,LAX,2,78,172,0,0,19
87,2,17,4,15,2475,B6,LAX,2,78,172,0,0,19
-1,2,17,4,18,2475,B6,LAX,2,78,172,0,0,19
12,2,17,4,7,2475,AA,LAX,2,78,172,0,0,19
-2,2,17,4,15,2475,DL,LAX,2,78,172,0,0,19
-4,2,17,4,13,2475,AA,LAX,2,78,172,0,0,19
2,2,17,4,17,2475,DL,LAX,2,78,172,0,0,19
1,2,17,4,21,2475,DL,LAX,2,78,172,0,0,19
0,2,17,4,19,2475,DL,LAX,2,78,172,0,0,19
-3,2,17,4,7,2475,DL,LAX,2,78,172,0,0,19
-8,2,17,4,9,2475,DL,LAX,2,78,172,0,0,19
-3,2,17,4,12,2475,DL,LAX,2,78,172,0,0,19
0,2,17,4,18,2475,UA,LAX,2,78,172,0,0,19
-4,2,17,4,15,2475,UA,LAX,2,78,172,0,0,19
-1,2,17,4,11,2475,UA,LAX,2,78,172,0,0,19
10,2,17,4,8,2475,UA,LAX,2,78,172,0,0,19
0,2,17,4,20,2475,UA,LAX,2,78,172,0,0,19
-2,2,17,4,6,2475,UA,LAX,2,78,172,0,0,19
-2,2,20,7,11,2475,UA,LAX,1,-61,44,0,0,39
-6,2,20,7,20,2475,UA,LAX,1,-61,44,0,0,39
0,2,20,7,8,2475,UA,LAX,1,-61,44,0,0,39
-2,2,20,7,18,2475,UA,LAX,1,-61,44,0,0,39
-5,2,20,7,15,2475,UA,LAX,1,-61,44,0,0,39
-6,2,20,7,6,2475,UA,LAX,1,-61,44,0,0,39
-5,2,20,7,17,2475,AA,LAX,1,-61,44,0,0,39
-10,2,20,7,12,2475,AA,LAX,1,-61,44,0,0,39
-1,2,20,7,9,2475,DL,LAX,1,-61,44,0,0,39
5,2,20,7,17,2475,DL,LAX,1,-61,44,0,0,39
17,2,20,7,21,2475,DL,LAX,1,-61,44,0,0,39
20,2,20,7,18,2475,B6,LAX,1,-61,44,0,0,39
1,2,20,7,7,2475,AA,LAX,1,-61,44,0,0,39
18,2,20,7,7,2475,B6,LAX,1,-61,44,0,0,39
15,2,20,7,15,2475,AA,LAX,1,-61,44,0,0,39
78,2,20,7,15,2475,B6,LAX,1,-61,44,0,0,39
-2,2,20,7,9,2475,AA,LAX,1,-61,44,0,0,39
-4,2,20,7,12,2475,DL,LAX,1,-61,44,0,0,39
8,2,20,7,13,2475,AA,LAX,1,-61,44,0,0,39
3,2,20,7,21,2475,AA,LAX,1,-61,44,0,0,39
-4,2,20,7,10,2475,AA,LAX,1,-61,44,0,0,39
1,2,20,7,19,2475,DL,LAX,1,-61,44,0,0,39
-1,2,20,7,6,2475,AA,LAX,1,-61,44,0,0,39
-6,2,20,7,15,2475,DL,LAX,1,-61,44,0,0,39
-7,2,28,1,6,2475,AA,LAX,9,44,156,112,0,43
-8,2,28,1,10,2475,AA,LAX,9,44,156,112,0,43
-5,2,28,1,17,2475,AA,LAX,9,44,156,112,0,43
-3,2,28,1,15,2475,AA,LAX,9,44,156,112,0,43
-5,2,28,1,9,2475,AA,LAX,9,44,156,112,0,43
-5,2,28,1,12,2475,AA,LAX,9,44,156,112,0,43
-5,2,28,1,21,2475,AA,LAX,9,44,156,112,0,43
110,2,28,1,13,2475,AA,LAX,9,44,156,112,0,43
-3,2,28,1,7,2475,AA,LAX,9,44,156,112,0,43
-5,2,28,1,18,2475,B6,LAX,9,44,156,112,0,43
29,2,28,1,15,2475,B6,LAX,9,44,156,112,0,43
-3,2,28,1,7,2475,B6,LAX,9,44,156,112,0,43
2,2,28,1,19,2475,AA,LAX,9,44,156,112,0,43
51,2,28,1,15,2475,UA,LAX,9,44,156,112,0,43
1,2,28,1,6,2475,UA,LAX,9,44,156,112,0,43
-1,2,28,1,18,2475,UA,LAX,9,44,156,112,0,43
-5,2,28,1,8,2475,UA,LAX,9,44,156,112,0,43
-6,2,28,1,15,2475,DL,LAX,9,44,156,112,0,43
27,2,28,1,20,2475,UA,LAX,9,44,156,112,0,43
-1,2,28,1,11,2475,UA,LAX,9,44,156,112,0,43
28,2,28,1,17,2475,DL,LAX,9,44,156,112,0,43
5,2,28,1,19,2475,DL,LAX,9,44,156,112,0,43
16,2,28,1,21,2475,DL,LAX,9,44,156,112,0,43
-2,2,28,1,12,2475,DL,LAX,9,44,156,112,0,43
-3,2,28,1,9,2475,DL,LAX,9,44,156,112,0,43
-4,2,28,1,7,2475,DL,LAX,9,44,156,112,0,43
1,3,5,6,6,2475,UA,LAX,14,50,161,3,0,40
-6,3,5,6,15,2475,UA,LAX,14,50,161,3,0,40
-7,3,5,6,8,2475,UA,LAX,14,50,161,3,0,40
-7,3,5,6,18,2475,UA,LAX,14,50,161,3,0,40
-2,3,5,6,11,2475,UA,LAX,14,50,161,3,0,40
1,3,5,6,6,2475,UA,LAX,14,50,161,3,0,40
-6,3,5,6,15,2475,UA,LAX,14,50,161,3,0,40
-7,3,5,6,8,2475,UA,LAX,14,50,161,3,0,40
-7,3,5,6,18,2475,UA,LAX,14,50,161,3,0,40
-2,3,5,6,11,2475,UA,LAX,14,50,161,3,0,40
1,3,5,6,6,2475,UA,LAX,14,50,161,3,0,40
-6,3,5,6,15,2475,UA,LAX,14,50,161,3,0,40
-7,3,5,6,8,2475,UA,LAX,14,50,161,3,0,40
-7,3,5,6,18,2475,UA,LAX,14,50,161,3,0,40
-2,3,5,6,11,2475,UA,LAX,14,50,161,3,0,40
0,3,5,6,17,2475,DL,LAX,14,50,161,3,0,40
-2,3,5,6,21,2475,DL,LAX,14,50,161,3,0,40
0,3,5,6,19,2475,DL,LAX,14,50,161,3,0,40
-4,3,5,6,12,2475,DL,LAX,14,50,161,3,0,40
4,3,5,6,9,2475,DL,LAX,14,50,161,3,0,40
-2,3,5,6,15,2475,DL,LAX,14,50,161,3,0,40
0,3,5,6,19,2475,DL,LAX,14,50,161,3,0,40
-2,3,5,6,15,2475,DL,LAX,14,50,161,3,0,40
-2,3,5,6,21,2475,DL,LAX,14,50,161,3,0,40
-3,3,5,6,15,2475,B6,LAX,14,50,161,3,0,40
-8,3,5,6,18,2475,B6,LAX,14,50,161,3,0,40
4,3,5,6,9,2475,DL,LAX,14,50,161,3,0,40
-4,3,5,6,12,2475,DL,LAX,14,50,161,3,0,40
0,3,5,6,17,2475,DL,LAX,14,50,161,3,0,40
48,3,5,6,21,2475,AA,LAX,14,50,161,3,0,40
-4,3,5,6,12,2475,AA,LAX,14,50,161,3,0,40
3,3,5,6,19,2475,AA,LAX,14,50,161,3,0,40
-1,3,5,6,15,2475,AA,LAX,14,50,161,3,0,40
-6,3,5,6,9,2475,AA,LAX,14,50,161,3,0,40
-2,3,5,6,17,2475,AA,LAX,14,50,161,3,0,40
-3,3,5,6,7,2475,AA,LAX,14,50,161,3,0,40
-5,3,5,6,6,2475,AA,LAX,14,50,161,3,0,40
-4,3,5,6,12,2475,DL,LAX,14,50,161,3,0,40
48,3,5,6,21,2475,AA,LAX,14,50,161,3,0,40
-3,3,5,6,15,2475,B6,LAX,14,50,161,3,0,40
-8,3,5,6,18,2475,B6,LAX,14,50,161,3,0,40
-2,3,5,6,17,2475,AA,LAX,14,50,161,3,0,40
-5,3,5,6,6,2475,AA,LAX,14,50,161,3,0,40
0,3,5,6,19,2475,DL,LAX,14,50,161,3,0,40
-6,3,5,6,9,2475,AA,LAX,14,50,161,3,0,40
-2,3,5,6,21,2475,DL,LAX,14,50,161,3,0,40
3,3,5,6,19,2475,AA,LAX,14,50,161,3,0,40
0,3,5,6,17,2475,DL,LAX,14,50,161,3,0,40
-2,3,5,6,15,2475,DL,LAX,14,50,161,3,0,40
-3,3,5,6,7,2475,AA,LAX,14,50,161,3,0,40
-4,3,5,6,12,2475,AA,LAX,14,50,161,3,0,40
-1,3,5,6,15,2475,AA,LAX,14,50,161,3,0,40
4,3,5,6,9,2475,DL,LAX,14,50,161,3,0,40
-6,3,5,6,9,2475,AA,LAX,14,50,161,3,0,40
-5,3,5,6,6,2475,AA,LAX,14,50,161,3,0,40
-3,3,5,6,7,2475,AA,LAX,14,50,161,3,0,40
3,3,5,6,19,2475,AA,LAX,14,50,161,3,0,40
-3,3,5,6,15,2475,B6,LAX,14,50,161,3,0,40
-8,3,5,6,18,2475,B6,LAX,14,50,161,3,0,40
-1,3,5,6,15,2475,AA,LAX,14,50,161,3,0,40
-4,3,5,6,12,2475,AA,LAX,14,50,161,3,0,40
-2,3,5,6,17,2475,AA,LAX,14,50,161,3,0,40
48,3,5,6,21,2475,AA,LAX,14,50,161,3,0,40
-3,3,16,3,7,2475,B6,LAX,25,33,139,142,0,13
-4,3,16,3,17,2475,AA,LAX,25,33,139,142,0,13
-1,3,16,3,15,2475,AA,LAX,25,33,139,142,0,13
17,3,16,3,19,2475,AA,LAX,25,33,139,142,0,13
-6,3,16,3,6,2475,AA,LAX,25,33,139,142,0,13
-1,3,16,3,9,2475,AA,LAX,25,33,139,142,0,13
-4,3,16,3,10,2475,AA,LAX,25,33,139,142,0,13
-1,3,16,3,7,2475,AA,LAX,25,33,139,142,0,13
-5,3,16,3,13,2475,AA,LAX,25,33,139,142,0,13
-6,3,16,3,21,2475,AA,LAX,25,33,139,142,0,13
-6,3,16,3,15,2475,B6,LAX,25,33,139,142,0,13
-1,3,16,3,18,2475,B6,LAX,25,33,139,142,0,13
-9,3,16,3,12,2475,AA,LAX,25,33,139,142,0,13
-1,3,16,3,7,2475,AA,LAX,25,33,139,142,0,13
0,3,16,3,19,2475,DL,LAX,25,33,139,142,0,13
-4,3,16,3,10,2475,AA,LAX,25,33,139,142,0,13
-3,3,16,3,7,2475,B6,LAX,25,33,139,142,0,13
-5,3,16,3,13,2475,AA,LAX,25,33,139,142,0,13
-4,3,16,3,21,2475,DL,LAX,25,33,139,142,0,13
-1,3,16,3,15,2475,AA,LAX,25,33,139,142,0,13
-3,3,16,3,15,2475,DL,LAX,25,33,139,142,0,13
-4,3,16,3,17,2475,DL,LAX,25,33,139,142,0,13
-4,3,16,3,17,2475,AA,LAX,25,33,139,142,0,13
-9,3,16,3,12,2475,AA,LAX,25,33,139,142,0,13
-6,3,16,3,21,2475,AA,LAX,25,33,139,142,0,13
-5,3,16,3,12,2475,DL,LAX,25,33,139,142,0,13
-6,3,16,3,6,2475,AA,LAX,25,33,139,142,0,13
-1,3,16,3,18,2475,B6,LAX,25,33,139,142,0,13
-2,3,16,3,9,2475,DL,LAX,25,33,139,142,0,13
-6,3,16,3,15,2475,B6,LAX,25,33,139,142,0,13
-1,3,16,3,9,2475,AA,LAX,25,33,139,142,0,13
17,3,16,3,19,2475,AA,LAX,25,33,139,142,0,13
-1,3,16,3,7,2475,DL,LAX,25,33,139,142,0,13
-1,3,16,3,7,2475,AA,LAX,25,33,139,142,0,13
-6,3,16,3,21,2475,AA,LAX,25,33,139,142,0,13
-5,3,16,3,13,2475,AA,LAX,25,33,139,142,0,13
-4,3,16,3,10,2475,AA,LAX,25,33,139,142,0,13
-1,3,16,3,9,2475,AA,LAX,25,33,139,142,0,13
-4,3,16,3,17,2475,AA,LAX,25,33,139,142,0,13
-9,3,16,3,12,2475,AA,LAX,25,33,139,142,0,13
17,3,16,3,19,2475,AA,LAX,25,33,139,142,0,13
-1,3,16,3,15,2475,AA,LAX,25,33,139,142,0,13
-6,3,16,3,6,2475,AA,LAX,25,33,139,142,0,13
-3,3,16,3,20,2475,UA,LAX,25,33,139,142,0,13
-8,3,16,3,18,2475,UA,LAX,25,33,139,142,0,13
-2,3,16,3,6,2475,UA,LAX,25,33,139,142,0,13
-2,3,16,3,8,2475,UA,LAX,25,33,139,142,0,13
-3,3,16,3,15,2475,UA,LAX,25,33,139,142,0,13
-6,3,16,3,11,2475,UA,LAX,25,33,139,142,0,13
-3,3,16,3,20,2475,UA,LAX,25,33,139,142,0,13
-8,3,16,3,18,2475,UA,LAX,25,33,139,142,0,13
-2,3,16,3,6,2475,UA,LAX,25,33,139,142,0,13
-2,3,16,3,8,2475,UA,LAX,25,33,139,142,0,13
-3,3,16,3,15,2475,UA,LAX,25,33,139,142,0,13
-6,3,16,3,11,2475,UA,LAX,25,33,139,142,0,13
-3,3,16,3,20,2475,UA,LAX,25,33,139,142,0,13
-8,3,16,3,18,2475,UA,LAX,25,33,139,142,0,13
-2,3,16,3,6,2475,UA,LAX,25,33,139,142,0,13
-2,3,16,3,8,2475,UA,LAX,25,33,139,142,0,13
-3,3,16,3,15,2475,UA,LAX,25,33,139,142,0,13
-6,3,16,3,11,2475,UA,LAX,25,33,139,142,0,13
-3,3,16,3,15,2475,DL,LAX,25,33,139,142,0,13
0,3,16,3,19,2475,DL,LAX,25,33,139,142,0,13
-1,3,16,3,7,2475,DL,LAX,25,33,139,142,0,13
-4,3,16,3,17,2475,DL,LAX,25,33,139,142,0,13
-2,3,16,3,9,2475,DL,LAX,25,33,139,142,0,13
-5,3,16,3,12,2475,DL,LAX,25,33,139,142,0,13
-1,3,16,3,18,2475,B6,LAX,25,33,139,142,0,13
-6,3,16,3,15,2475,B6,LAX,25,33,139,142,0,13
-3,3,16,3,7,2475,B6,LAX,25,33,139,142,0,13
-4,3,16,3,21,2475,DL,LAX,25,33,139,142,0,13
-2,3,16,3,9,2475,DL,LAX,25,33,139,142,0,13
-4,3,16,3,17,2475,DL,LAX,25,33,139,142,0,13
0,3,16,3,19,2475,DL,LAX,25,33,139,142,0,13
-4,3,16,3,21,2475,DL,LAX,25,33,139,142,0,13
-3,3,16,3,15,2475,DL,LAX,25,33,139,142,0,13
-1,3,16,3,7,2475,DL,LAX,25,33,139,142,0,13
-5,3,16,3,12,2475,DL,LAX,25,33,139,142,0,13
2,3,27,7,15,2475,DL,LAX,36,-22,72,0,0,38
-5,3,27,7,9,2475,DL,LAX,36,-22,72,0,0,38
-1,3,27,7,17,2475,DL,LAX,36,-22,72,0,0,38
-1,3,27,7,19,2475,DL,LAX,36,-22,72,0,0,38
-4,3,27,7,21,2475,DL,LAX,36,-22,72,0,0,38
-2,3,27,7,12,2475,DL,LAX,36,-22,72,0,0,38
-4,3,27,7,21,2475,DL,LAX,36,-22,72,0,0,38
-1,3,27,7,19,2475,DL,LAX,36,-22,72,0,0,38
-1,3,27,7,17,2475,DL,LAX,36,-22,72,0,0,38
2,3,27,7,15,2475,DL,LAX,36,-22,72,0,0,38
-5,3,27,7,9,2475,DL,LAX,36,-22,72,0,0,38
-2,3,27,7,12,2475,DL,LAX,36,-22,72,0,0,38
-6,3,27,7,7,2475,B6,LAX,36,-22,72,0,0,38
2,3,27,7,15,2475,B6,LAX,36,-22,72,0,0,38
-3,3,27,7,18,2475,B6,LAX,36,-22,72,0,0,38
-5,3,27,7,15,2475,UA,LAX,36,-22,72,0,0,38
-6,3,27,7,17,2475,UA,LAX,36,-22,72,0,0,38
-4,3,27,7,20,2475,UA,LAX,36,-22,72,0,0,38
-2,3,27,7,6,2475,UA,LAX,36,-22,72,0,0,38
0,3,27,7,8,2475,UA,LAX,36,-22,72,0,0,38
0,3,27,7,11,2475,UA,LAX,36,-22,72,0,0,38
3,3,27,7,17,2475,AA,LAX,36,-22,72,0,0,38
-1,3,27,7,7,2475,AA,LAX,36,-22,72,0,0,38
24,3,27,7,9,2475,AA,LAX,36,-22,72,0,0,38
58,3,27,7,19,2475,AA,LAX,36,-22,72,0,0,38
-3,3,27,7,6,2475,AA,LAX,36,-22,72,0,0,38
9,3,27,7,15,2475,AA,LAX,36,-22,72,0,0,38
-3,3,27,7,13,2475,AA,LAX,36,-22,72,0,0,38
-10,3,27,7,12,2475,AA,LAX,36,-22,72,0,0,38
-5,3,27,7,10,2475,AA,LAX,36,-22,72,0,0,38
-5,3,27,7,21,2475,AA,LAX,36,-22,72,0,0,38
-10,3,27,7,12,2475,AA,LAX,36,-22,72,0,0,38
-1,3,27,7,17,2475,DL,LAX,36,-22,72,0,0,38
-2,3,27,7,12,2475,DL,LAX,36,-22,72,0,0,38
-5,3,27,7,21,2475,AA,LAX,36,-22,72,0,0,38
-3,3,27,7,13,2475,AA,LAX,36,-22,72,0,0,38
24,3,27,7,9,2475,AA,LAX,36,-22,72,0,0,38
2,3,27,7,15,2475,DL,LAX,36,-22,72,0,0,38
-4,3,27,7,21,2475,DL,LAX,36,-22,72,0,0,38
58,3,27,7,19,2475,AA,LAX,36,-22,72,0,0,38
-6,3,27,7,7,2475,B6,LAX,36,-22,72,0,0,38
-5,3,27,7,9,2475,DL,LAX,36,-22,72,0,0,38
-1,3,27,7,7,2475,AA,LAX,36,-22,72,0,0,38
-3,3,27,7,6,2475,AA,LAX,36,-22,72,0,0,38
-5,3,27,7,10,2475,AA,LAX,36,-22,72,0,0,38
-1,3,27,7,19,2475,DL,LAX,36,-22,72,0,0,38
9,3,27,7,15,2475,AA,LAX,36,-22,72,0,0,38
3,3,27,7,17,2475,AA,LAX,36,-22,72,0,0,38
-3,3,27,7,18,2475,B6,LAX,36,-22,72,0,0,38
2,3,27,7,15,2475,B6,LAX,36,-22,72,0,0,38
24,3,27,7,9,2475,AA,LAX,36,-22,72,0,0,38
-3,3,27,7,18,2475,B6,LAX,36,-22,72,0,0,38
-10,3,27,7,12,2475,AA,LAX,36,-22,72,0,0,38
-1,3,27,7,7,2475,AA,LAX,36,-22,72,0,0,38
58,3,27,7,19,2475,AA,LAX,36,-22,72,0,0,38
9,3,27,7,15,2475,AA,LAX,36,-22,72,0,0,38
-3,3,27,7,13,2475,AA,LAX,36,-22,72,0,0,38
2,3,27,7,15,2475,B6,LAX,36,-22,72,0,0,38
-6,3,27,7,7,2475,B6,LAX,36,-22,72,0,0,38
-5,3,27,7,21,2475,AA,LAX,36,-22,72,0,0,38
-3,3,27,7,6,2475,AA,LAX,36,-22,72,0,0,38
-5,3,27,7,10,2475,AA,LAX,36,-22,72,0,0,38
3,3,27,7,17,2475,AA,LAX,36,-22,72,0,0,38
-5,3,27,7,15,2475,UA,LAX,36,-22,72,0,0,38
-6,3,27,7,17,2475,UA,LAX,36,-22,72,0,0,38
-4,3,27,7,20,2475,UA,LAX,36,-22,72,0,0,38
-2,3,27,7,6,2475,UA,LAX,36,-22,72,0,0,38
0,3,27,7,8,2475,UA,LAX,36,-22,72,0,0,38
0,3,27,7,11,2475,UA,LAX,36,-22,72,0,0,38
-5,3,27,7,15,2475,UA,LAX,36,-22,72,0,0,38
-6,3,27,7,17,2475,UA,LAX,36,-22,72,0,0,38
-4,3,27,7,20,2475,UA,LAX,36,-22,72,0,0,38
-2,3,27,7,6,2475,UA,LAX,36,-22,72,0,0,38
0,3,27,7,8,2475,UA,LAX,36,-22,72,0,0,38
0,3,27,7,11,2475,UA,LAX,36,-22,72,0,0,38
-5,3,30,3,11,2475,UA,LAX,39,22,117,3,0,20
-3,3,30,3,8,2475,UA,LAX,39,22,117,3,0,20
36,3,30,3,20,2475,UA,LAX,39,22,117,3,0,20
-1,3,30,3,6,2475,UA,LAX,39,22,117,3,0,20
-2,3,30,3,15,2475,UA,LAX,39,22,117,3,0,20
-5,3,30,3,17,2475,UA,LAX,39,22,117,3,0,20
-5,3,30,3,11,2475,UA,LAX,39,22,117,3,0,20
-3,3,30,3,8,2475,UA,LAX,39,22,117,3,0,20
36,3,30,3,20,2475,UA,LAX,39,22,117,3,0,20
-1,3,30,3,6,2475,UA,LAX,39,22,117,3,0,20
-2,3,30,3,15,2475,UA,LAX,39,22,117,3,0,20
-5,3,30,3,17,2475,UA,LAX,39,22,117,3,0,20
-8,3,30,3,10,2475,AA,LAX,39,22,117,3,0,20
-7,3,30,3,15,2475,B6,LAX,39,22,117,3,0,20
-6,3,30,3,6,2475,AA,LAX,39,22,117,3,0,20
15,3,30,3,19,2475,AA,LAX,39,22,117,3,0,20
-5,3,30,3,21,2475,AA,LAX,39,22,117,3,0,20
-5,3,30,3,7,2475,B6,LAX,39,22,117,3,0,20
-9,3,30,3,7,2475,AA,LAX,39,22,117,3,0,20
-8,3,30,3,12,2475,AA,LAX,39,22,117,3,0,20
-2,3,30,3,15,2475,AA,LAX,39,22,117,3,0,20
-4,3,30,3,18,2475,B6,LAX,39,22,117,3,0,20
-4,3,30,3,9,2475,AA,LAX,39,22,117,3,0,20
-7,3,30,3,13,2475,AA,LAX,39,22,117,3,0,20
-1,3,30,3,17,2475,AA,LAX,39,22,117,3,0,20
-5,3,30,3,11,2475,UA,LAX,39,22,117,3,0,20
-3,3,30,3,8,2475,UA,LAX,39,22,117,3,0,20
36,3,30,3,20,2475,UA,LAX,39,22,117,3,0,20
-1,3,30,3,6,2475,UA,LAX,39,22,117,3,0,20
-2,3,30,3,15,2475,UA,LAX,39,22,117,3,0,20
-5,3,30,3,17,2475,UA,LAX,39,22,117,3,0,20
-5,3,30,3,7,2475,B6,LAX,39,22,117,3,0,20
-5,3,30,3,7,2475,DL,LAX,39,22,117,3,0,20
5,3,30,3,15,2475,DL,LAX,39,22,117,3,0,20
-8,3,30,3,12,2475,DL,LAX,39,22,117,3,0,20
-1,3,30,3,19,2475,DL,LAX,39,22,117,3,0,20
-7,3,30,3,15,2475,B6,LAX,39,22,117,3,0,20
-1,3,30,3,21,2475,DL,LAX,39,22,117,3,0,20
-4,3,30,3,18,2475,B6,LAX,39,22,117,3,0,20
106,3,30,3,9,2475,DL,LAX,39,22,117,3,0,20
-4,3,30,3,17,2475,DL,LAX,39,22,117,3,0,20
-4,3,30,3,17,2475,DL,LAX,39,22,117,3,0,20
-5,3,30,3,7,2475,DL,LAX,39,22,117,3,0,20
-1,3,30,3,19,2475,DL,LAX,39,22,117,3,0,20
-1,3,30,3,21,2475,DL,LAX,39,22,117,3,0,20
5,3,30,3,15,2475,DL,LAX,39,22,117,3,0,20
-8,3,30,3,12,2475,DL,LAX,39,22,117,3,0,20
106,3,30,3,9,2475,DL,LAX,39,22,117,3,0,20
-8,3,30,3,10,2475,AA,LAX,39,22,117,3,0,20
-1,3,30,3,21,2475,DL,LAX,39,22,117,3,0,20
-8,3,30,3,12,2475,AA,LAX,39,22,117,3,0,20
-1,3,30,3,19,2475,DL,LAX,39,22,117,3,0,20
-8,3,30,3,12,2475,DL,LAX,39,22,117,3,0,20
15,3,30,3,19,2475,AA,LAX,39,22,117,3,0,20
106,3,30,3,9,2475,DL,LAX,39,22,117,3,0,20
-7,3,30,3,13,2475,AA,LAX,39,22,117,3,0,20
-5,3,30,3,7,2475,B6,LAX,39,22,117,3,0,20
-5,3,30,3,21,2475,AA,LAX,39,22,117,3,0,20
-4,3,30,3,9,2475,AA,LAX,39,22,117,3,0,20
-4,3,30,3,17,2475,DL,LAX,39,22,117,3,0,20
-5,3,30,3,7,2475,DL,LAX,39,22,117,3,0,20
-2,3,30,3,15,2475,AA,LAX,39,22,117,3,0,20
-9,3,30,3,7,2475,AA,LAX,39,22,117,3,0,20
-6,3,30,3,6,2475,AA,LAX,39,22,117,3,0,20
-4,3,30,3,18,2475,B6,LAX,39,22,117,3,0,20
-7,3,30,3,15,2475,B6,LAX,39,22,117,3,0,20
5,3,30,3,15,2475,DL,LAX,39,22,117,3,0,20
-1,3,30,3,17,2475,AA,LAX,39,22,117,3,0,20
-5,3,30,3,21,2475,AA,LAX,39,22,117,3,0,20
-7,3,30,3,13,2475,AA,LAX,39,22,117,3,0,20
-8,3,30,3,10,2475,AA,LAX,39,22,117,3,0,20
-8,3,30,3,12,2475,AA,LAX,39,22,117,3,0,20
-1,3,30,3,17,2475,AA,LAX,39,22,117,3,0,20
15,3,30,3,19,2475,AA,LAX,39,22,117,3,0,20
-2,3,30,3,15,2475,AA,LAX,39,22,117,3,0,20
-4,3,30,3,9,2475,AA,LAX,39,22,117,3,0,20
-9,3,30,3,7,2475,AA,LAX,39,22,117,3,0,20
-6,3,30,3,6,2475,AA,LAX,39,22,117,3,0,20
23,4,4,1,18,2475,UA,LAX,44,61,172,15,0,30
-6,4,4,1,15,2475,UA,LAX,44,61,172,15,0,30
-4,4,4,1,8,2475,UA,LAX,44,61,172,15,0,30
-8,4,4,1,11,2475,UA,LAX,44,61,172,15,0,30
-7,4,4,1,20,2475,UA,LAX,44,61,172,15,0,30
-4,4,4,1,6,2475,UA,LAX,44,61,172,15,0,30
0,4,4,1,7,2475,DL,LAX,44,61,172,15,0,30
-5,4,4,1,15,2475,DL,LAX,44,61,172,15,0,30
53,4,4,1,18,2475,B6,LAX,44,61,172,15,0,30
30,4,4,1,15,2475,B6,LAX,44,61,172,15,0,30
-2,4,4,1,7,2475,B6,LAX,44,61,172,15,0,30
-6,4,4,1,6,2475,AA,LAX,44,61,172,15,0,30
-7,4,4,1,21,2475,AA,LAX,44,61,172,15,0,30
23,4,4,1,15,2475,AA,LAX,44,61,172,15,0,30
-2,4,4,1,13,2475,AA,LAX,44,61,172,15,0,30
-5,4,4,1,7,2475,AA,LAX,44,61,172,15,0,30
-8,4,4,1,9,2475,AA,LAX,44,61,172,15,0,30
25,4,4,1,19,2475,AA,LAX,44,61,172,15,0,30
2,4,4,1,10,2475,AA,LAX,44,61,172,15,0,30
-13,4,4,1,12,2475,AA,LAX,44,61,172,15,0,30
-5,4,4,1,19,2475,DL,LAX,44,61,172,15,0,30
3,4,4,1,21,2475,DL,LAX,44,61,172,15,0,30
-5,4,4,1,12,2475,DL,LAX,44,61,172,15,0,30
-5,4,4,1,17,2475,DL,LAX,44,61,172,15,0,30
-1,4,4,1,9,2475,DL,LAX,44,61,172,15,0,30
-4,4,15,5,20,2475,UA,LAX,43,50,133,0,0,43
-7,4,15,5,8,2475,UA,LAX,43,50,133,0,0,43
2,4,15,5,18,2475,UA,LAX,43,50,133,0,0,43
-4,4,15,5,15,2475,UA,LAX,43,50,133,0,0,43
-3,4,15,5,11,2475,UA,LAX,43,50,133,0,0,43
-3,4,15,5,6,2475,UA,LAX,43,50,133,0,0,43
-6,4,15,5,7,2475,AA,LAX,43,50,133,0,0,43
0,4,15,5,9,2475,DL,LAX,43,50,133,0,0,43
-9,4,15,5,13,2475,AA,LAX,43,50,133,0,0,43
-2,4,15,5,7,2475,DL,LAX,43,50,133,0,0,43
0,4,15,5,15,2475,DL,LAX,43,50,133,0,0,43
29,4,15,5,19,2475,DL,LAX,43,50,133,0,0,43
-6,4,15,5,6,2475,AA,LAX,43,50,133,0,0,43
2,4,15,5,16,2475,AA,LAX,43,50,133,0,0,43
16,4,15,5,15,2475,AA,LAX,43,50,133,0,0,43
0,4,15,5,7,2475,B6,LAX,43,50,133,0,0,43
-3,4,15,5,16,2475,B6,LAX,43,50,133,0,0,43
-6,4,15,5,18,2475,B6,LAX,43,50,133,0,0,43
5,4,15,5,21,2475,DL,LAX,43,50,133,0,0,43
-3,4,15,5,9,2475,AA,LAX,43,50,133,0,0,43
1,4,15,5,21,2475,AA,LAX,43,50,133,0,0,43
0,4,15,5,12,2475,AA,LAX,43,50,133,0,0,43
-5,4,15,5,10,2475,AA,LAX,43,50,133,0,0,43
-3,4,15,5,12,2475,DL,LAX,43,50,133,0,0,43
0,4,15,5,19,2475,AA,LAX,43,50,133,0,0,43
7,4,15,5,17,2475,DL,LAX,43,50,133,0,0,43
-4,4,26,2,9,2475,DL,LAX,32,122,283,0,0,28
-5,4,26,2,7,2475,AA,LAX,32,122,283,0,0,28
15,4,26,2,19,2475,DL,LAX,32,122,283,0,0,28
0,4,26,2,13,2475,AA,LAX,32,122,283,0,0,28
-4,4,26,2,21,2475,DL,LAX,32,122,283,0,0,28
49,4,26,2,18,2475,B6,LAX,32,122,283,0,0,28
-1,4,26,2,15,2475,AA,LAX,32,122,283,0,0,28
-4,4,26,2,15,2475,DL,LAX,32,122,283,0,0,28
49,4,26,2,16,2475,AA,LAX,32,122,283,0,0,28
2,4,26,2,7,2475,DL,LAX,32,122,283,0,0,28
-4,4,26,2,9,2475,AA,LAX,32,122,283,0,0,28
76,4,26,2,21,2475,AA,LAX,32,122,283,0,0,28
-7,4,26,2,12,2475,DL,LAX,32,122,283,0,0,28
-1,4,26,2,6,2475,AA,LAX,32,122,283,0,0,28
64,4,26,2,17,2475,DL,LAX,32,122,283,0,0,28
22,4,26,2,7,2475,B6,LAX,32,122,283,0,0,28
-4,4,26,2,16,2475,B6,LAX,32,122,283,0,0,28
-4,4,26,2,12,2475,AA,LAX,32,122,283,0,0,28
-5,4,26,2,10,2475,AA,LAX,32,122,283,0,0,28
75,4,26,2,19,2475,AA,LAX,32,122,283,0,0,28
73,4,26,2,20,2475,UA,LAX,32,122,283,0,0,28
-7,4,26,2,6,2475,UA,LAX,32,122,283,0,0,28
5,4,26,2,15,2475,UA,LAX,32,122,283,0,0,28
59,4,26,2,18,2475,UA,LAX,32,122,283,0,0,28
-4,4,26,2,11,2475,UA,LAX,32,122,283,0,0,28
-8,4,26,2,8,2475,UA,LAX,32,122,283,0,0,28
-4,5,3,2,9,2475,DL,LAX,25,128,239,0,0,30
-5,5,3,2,12,2475,DL,LAX,25,128,239,0,0,30
-4,5,3,2,7,2475,DL,LAX,25,128,239,0,0,30
-4,5,3,2,15,2475,DL,LAX,25,128,239,0,0,30
4,5,3,2,17,2475,DL,LAX,25,128,239,0,0,30
-7,5,3,2,7,2475,B6,LAX,25,128,239,0,0,30
-1,5,3,2,18,2475,B6,LAX,25,128,239,0,0,30
-4,5,3,2,16,2475,B6,LAX,25,128,239,0,0,30
-2,5,3,2,19,2475,DL,LAX,25,128,239,0,0,30
233,5,3,2,21,2475,DL,LAX,25,128,239,0,0,30
-1,5,3,2,15,2475,AA,LAX,25,128,239,0,0,30
-5,5,3,2,7,2475,AA,LAX,25,128,239,0,0,30
20,5,3,2,13,2475,AA,LAX,25,128,239,0,0,30
-7,5,3,2,12,2475,AA,LAX,25,128,239,0,0,30
-8,5,3,2,16,2475,AA,LAX,25,128,239,0,0,30
5,5,3,2,6,2475,AA,LAX,25,128,239,0,0,30
-8,5,3,2,21,2475,AA,LAX,25,128,239,0,0,30
0,5,3,2,19,2475,AA,LAX,25,128,239,0,0,30
-9,5,3,2,10,2475,AA,LAX,25,128,239,0,0,30
-6,5,3,2,9,2475,AA,LAX,25,128,239,0,0,30
-1,5,3,2,8,2475,UA,LAX,25,128,239,0,0,30
-7,5,3,2,6,2475,UA,LAX,25,128,239,0,0,30
-3,5,3,2,18,2475,UA,LAX,25,128,239,0,0,30
55,5,3,2,20,2475,UA,LAX,25,128,239,0,0,30
52,5,3,2,15,2475,UA,LAX,25,128,239,0,0,30
-1,5,3,2,11,2475,UA,LAX,25,128,239,0,0,30
-5,5,14,6,12,2475,AA,LAX,14,139,178,0,0,24
-2,5,14,6,21,2475,AA,LAX,14,139,178,0,0,24
-1,5,14,6,19,2475,AA,LAX,14,139,178,0,0,24
-7,5,14,6,6,2475,AA,LAX,14,139,178,0,0,24
76,5,14,6,15,2475,AA,LAX,14,139,178,0,0,24
-8,5,14,6,9,2475,AA,LAX,14,139,178,0,0,24
-2,5,14,6,16,2475,AA,LAX,14,139,178,0,0,24
-8,5,14,6,7,2475,AA,LAX,14,139,178,0,0,24
-3,5,14,6,7,2475,B6,LAX,14,139,178,0,0,24
1,5,14,6,16,2475,B6,LAX,14,139,178,0,0,24
2,5,14,6,20,2475,B6,LAX,14,139,178,0,0,24
0,5,14,6,19,2475,DL,LAX,14,139,178,0,0,24
53,5,14,6,9,2475,DL,LAX,14,139,178,0,0,24
1,5,14,6,17,2475,DL,LAX,14,139,178,0,0,24
87,5,14,6,15,2475,DL,LAX,14,139,178,0,0,24
-5,5,14,6,12,2475,DL,LAX,14,139,178,0,0,24
-7,5,14,6,8,2475,UA,LAX,14,139,178,0,0,24
-2,5,14,6,11,2475,UA,LAX,14,139,178,0,0,24
-4,5,14,6,15,2475,UA,LAX,14,139,178,0,0,24
-4,5,14,6,18,2475,UA,LAX,14,139,178,0,0,24
-2,5,14,6,6,2475,UA,LAX,14,139,178,0,0,24
43,5,25,3,15,2475,AA,LAX,3,183,289,0,0,16
119,5,25,3,16,2475,AA,LAX,3,183,289,0,0,16
1,5,25,3,9,2475,AA,LAX,3,183,289,0,0,16
-4,5,25,3,13,2475,AA,LAX,3,183,289,0,0,16
-12,5,25,3,12,2475,AA,LAX,3,183,289,0,0,16
-5,5,25,3,10,2475,AA,LAX,3,183,289,0,0,16
19,5,25,3,19,2475,AA,LAX,3,183,289,0,0,16
-5,5,25,3,7,2475,AA,LAX,3,183,289,0,0,16
-2,5,25,3,6,2475,AA,LAX,3,183,289,0,0,16
55,5,25,3,21,2475,AA,LAX,3,183,289,0,0,16
-3,5,25,3,6,2475,UA,LAX,3,183,289,0,0,16
21,5,25,3,20,2475,UA,LAX,3,183,289,0,0,16
-2,5,25,3,15,2475,UA,LAX,3,183,289,0,0,16
-2,5,25,3,11,2475,UA,LAX,3,183,289,0,0,16
18,5,25,3,18,2475,UA,LAX,3,183,289,0,0,16
-4,5,25,3,8,2475,UA,LAX,3,183,289,0,0,16
10,5,25,3,19,2475,DL,LAX,3,183,289,0,0,16
16,5,25,3,17,2475,DL,LAX,3,183,289,0,0,16
-3,5,25,3,15,2475,DL,LAX,3,183,289,0,0,16
-4,5,25,3,7,2475,DL,LAX,3,183,289,0,0,16
-4,5,25,3,12,2475,DL,LAX,3,183,289,0,0,16
-4,5,25,3,9,2475,DL,LAX,3,183,289,0,0,16
21,5,25,3,21,2475,DL,LAX,3,183,289,0,0,16
-2,5,25,3,16,2475,B6,LAX,3,183,289,0,0,16
8,5,25,3,20,2475,B6,LAX,3,183,289,0,0,16
-2,5,25,3,7,2475,B6,LAX,3,183,289,0,0,16
-4,5,25,3,11,2475,B6,LAX,3,183,289,0,0,16
9,6,2,4,18,2475,UA,LAX,5,167,267,0,0,38
-3,6,2,4,8,2475,UA,LAX,5,167,267,0,0,38
-3,6,2,4,11,2475,UA,LAX,5,167,267,0,0,38
-7,6,2,4,6,2475,UA,LAX,5,167,267,0,0,38
0,6,2,4,20,2475,UA,LAX,5,167,267,0,0,38
-4,6,2,4,15,2475,UA,LAX,5,167,267,0,0,38
0,6,2,4,7,2475,DL,LAX,5,167,267,0,0,38
-2,6,2,4,15,2475,DL,LAX,5,167,267,0,0,38
109,6,2,4,20,2475,B6,LAX,5,167,267,0,0,38
-1,6,2,4,16,2475,B6,LAX,5,167,267,0,0,38
-1,6,2,4,11,2475,B6,LAX,5,167,267,0,0,38
4,6,2,4,7,2475,B6,LAX,5,167,267,0,0,38
-5,6,2,4,9,2475,AA,LAX,5,167,267,0,0,38
-3,6,2,4,6,2475,AA,LAX,5,167,267,0,0,38
0,6,2,4,17,2475,DL,LAX,5,167,267,0,0,38
-5,6,2,4,12,2475,AA,LAX,5,167,267,0,0,38
-10,6,2,4,21,2475,AA,LAX,5,167,267,0,0,38
-1,6,2,4,16,2475,AA,LAX,5,167,267,0,0,38
-5,6,2,4,10,2475,AA,LAX,5,167,267,0,0,38
4,6,2,4,19,2475,AA,LAX,5,167,267,0,0,38
-3,6,2,4,13,2475,AA,LAX,5,167,267,0,0,38
-3,6,2,4,15,2475,AA,LAX,5,167,267,0,0,38
-6,6,2,4,7,2475,AA,LAX,5,167,267,0,0,38
4,6,2,4,19,2475,DL,LAX,5,167,267,0,0,38
-3,6,2,4,21,2475,DL,LAX,5,167,267,0,0,38
-3,6,2,4,9,2475,DL,LAX,5,167,267,0,0,38
-3,6,2,4,12,2475,DL,LAX,5,167,267,0,0,38
0,6,13,1,6,2475,AA,LAX,6,156,228,13,0,20
-4,6,13,1,7,2475,AA,LAX,6,156,228,13,0,20
-5,6,13,1,13,2475,AA,LAX,6,156,228,13,0,20
70,6,13,1,7,2475,B6,LAX,6,156,228,13,0,20
-5,6,13,1,11,2475,B6,LAX,6,156,228,13,0,20
-2,6,13,1,16,2475,B6,LAX,6,156,228,13,0,20
15,6,13,1,20,2475,AA,LAX,6,156,228,13,0,20
1,6,13,1,15,2475,AA,LAX,6,156,228,13,0,20
-7,6,13,1,10,2475,AA,LAX,6,156,228,13,0,20
-5,6,13,1,17,2475,DL,LAX,6,156,228,13,0,20
3,6,13,1,9,2475,DL,LAX,6,156,228,13,0,20
-2,6,13,1,15,2475,DL,LAX,6,156,228,13,0,20
0,6,13,1,16,2475,AA,LAX,6,156,228,13,0,20
15,6,13,1,19,2475,AA,LAX,6,156,228,13,0,20
-4,6,13,1,7,2475,DL,LAX,6,156,228,13,0,20
-4,6,13,1,12,2475,DL,LAX,6,156,228,13,0,20
-7,6,13,1,12,2475,AA,LAX,6,156,228,13,0,20
17,6,13,1,21,2475,DL,LAX,6,156,228,13,0,20
-4,6,13,1,19,2475,DL,LAX,6,156,228,13,0,20
-10,6,13,1,9,2475,AA,LAX,6,156,228,13,0,20
0,6,13,1,20,2475,B6,LAX,6,156,228,13,0,20
11,6,13,1,8,2475,UA,LAX,6,156,228,13,0,20
9,6,13,1,15,2475,UA,LAX,6,156,228,13,0,20
-6,6,13,1,20,2475,UA,LAX,6,156,228,13,0,20
-6,6,13,1,6,2475,UA,LAX,6,156,228,13,0,20
-3,6,13,1,17,2475,UA,LAX,6,156,228,13,0,20
-4,6,13,1,11,2475,UA,LAX,6,156,228,13,0,20
-3,6,24,5,20,2475,UA,LAX,10,183,211,8,0,24
-6,6,24,5,11,2475,UA,LAX,10,183,211,8,0,24
8,6,24,5,15,2475,UA,LAX,10,183,211,8,0,24
-5,6,24,5,6,2475,UA,LAX,10,183,211,8,0,24
-2,6,24,5,8,2475,UA,LAX,10,183,211,8,0,24
45,6,24,5,17,2475,UA,LAX,10,183,211,8,0,24
-5,6,24,5,9,2475,AA,LAX,10,183,211,8,0,24
-3,6,24,5,12,2475,DL,LAX,10,183,211,8,0,24
197,6,24,5,16,2475,B6,LAX,10,183,211,8,0,24
159,6,24,5,21,2475,DL,LAX,10,183,211,8,0,24
123,6,24,5,19,2475,DL,LAX,10,183,211,8,0,24
-1,6,24,5,7,2475,B6,LAX,10,183,211,8,0,24
-3,6,24,5,16,2475,AA,LAX,10,183,211,8,0,24
-1,6,24,5,12,2475,AA,LAX,10,183,211,8,0,24
-4,6,24,5,13,2475,AA,LAX,10,183,211,8,0,24
1,6,24,5,15,2475,AA,LAX,10,183,211,8,0,24
-6,6,24,5,10,2475,AA,LAX,10,183,211,8,0,24
-6,6,24,5,21,2475,B6,LAX,10,183,211,8,0,24
-3,6,24,5,7,2475,AA,LAX,10,183,211,8,0,24
49,6,24,5,20,2475,AA,LAX,10,183,211,8,0,24
32,6,24,5,19,2475,AA,LAX,10,183,211,8,0,24
-2,6,24,5,17,2475,DL,LAX,10,183,211,8,0,24
33,6,24,5,11,2475,B6,LAX,10,183,211,8,0,24
6,6,24,5,9,2475,DL,LAX,10,183,211,8,0,24
3,6,24,5,15,2475,DL,LAX,10,183,211,8,0,24
-1,6,24,5,7,2475,DL,LAX,10,183,211,8,0,24
-5,6,24,5,6,2475,AA,LAX,10,183,211,8,0,24
-1,6,24,5,9,2475,B6,LAX,10,183,211,8,0,24
-1,7,1,5,15,2475,UA,LAX,3,172,283,0,0,16
-4,7,1,5,11,2475,UA,LAX,3,172,283,0,0,16
-1,7,1,5,8,2475,UA,LAX,3,172,283,0,0,16
-1,7,1,5,6,2475,UA,LAX,3,172,283,0,0,16
52,7,1,5,20,2475,UA,LAX,3,172,283,0,0,16
27,7,1,5,17,2475,UA,LAX,3,172,283,0,0,16
-1,7,1,5,17,2475,DL,LAX,3,172,283,0,0,16
3,7,1,5,21,2475,B6,LAX,3,172,283,0,0,16
6,7,1,5,16,2475,B6,LAX,3,172,283,0,0,16
63,7,1,5,11,2475,B6,LAX,3,172,283,0,0,16
-1,7,1,5,7,2475,B6,LAX,3,172,283,0,0,16
8,7,1,5,21,2475,DL,LAX,3,172,283,0,0,16
-1,7,1,5,19,2475,DL,LAX,3,172,283,0,0,16
-8,7,1,5,9,2475,B6,LAX,3,172,283,0,0,16
-3,7,1,5,9,2475,DL,LAX,3,172,283,0,0,16
16,7,1,5,15,2475,DL,LAX,3,172,283,0,0,16
-6,7,1,5,12,2475,DL,LAX,3,172,283,0,0,16
2,7,1,5,7,2475,DL,LAX,3,172,283,0,0,16
-7,7,1,5,9,2475,AA,LAX,3,172,283,0,0,16
9,7,1,5,20,2475,AA,LAX,3,172,283,0,0,16
-3,7,1,5,15,2475,AA,LAX,3,172,283,0,0,16
-6,7,1,5,12,2475,AA,LAX,3,172,283,0,0,16
42,7,1,5,16,2475,AA,LAX,3,172,283,0,0,16
-4,7,1,5,10,2475,AA,LAX,3,172,283,0,0,16
7,7,1,5,13,2475,AA,LAX,3,172,283,0,0,16
-5,7,1,5,6,2475,AA,LAX,3,172,283,0,0,16
125,7,1,5,19,2475,AA,LAX,3,172,283,0,0,16
-3,7,1,5,7,2475,AA,LAX,3,172,283,0,0,16
3,7,9,6,19,2475,AA,LAX,5,194,311,0,0,20
-4,7,9,6,7,2475,AA,LAX,5,194,311,0,0,20
2,7,9,6,16,2475,AA,LAX,5,194,311,0,0,20
0,7,9,6,9,2475,AA,LAX,5,194,311,0,0,20
4,7,9,6,20,2475,AA,LAX,5,194,311,0,0,20
12,7,9,6,13,2475,AA,LAX,5,194,311,0,0,20
1,7,9,6,12,2475,AA,LAX,5,194,311,0,0,20
15,7,9,6,15,2475,AA,LAX,5,194,311,0,0,20
-3,7,9,6,18,2475,UA,LAX,5,194,311,0,0,20
-2,7,9,6,8,2475,UA,LAX,5,194,311,0,0,20
-1,7,9,6,6,2475,UA,LAX,5,194,311,0,0,20
-2,7,9,6,15,2475,UA,LAX,5,194,311,0,0,20
-4,7,9,6,11,2475,UA,LAX,5,194,311,0,0,20
-4,7,9,6,9,2475,DL,LAX,5,194,311,0,0,20
3,7,9,6,19,2475,DL,LAX,5,194,311,0,0,20
-6,7,9,6,21,2475,B6,LAX,5,194,311,0,0,20
-3,7,9,6,16,2475,B6,LAX,5,194,311,0,0,20
-1,7,9,6,7,2475,B6,LAX,5,194,311,0,0,20
-3,7,9,6,17,2475,DL,LAX,5,194,311,0,0,20
-2,7,9,6,9,2475,B6,LAX,5,194,311,0,0,20
-3,7,9,6,12,2475,DL,LAX,5,194,311,0,0,20
-2,7,9,6,15,2475,DL,LAX,5,194,311,0,0,20
1,7,12,2,7,2475,B6,LAX,8,256,339,0,0,32
0,7,12,2,11,2475,B6,LAX,8,256,339,0,0,32
-4,7,12,2,16,2475,B6,LAX,8,256,339,0,0,32
24,7,12,2,21,2475,B6,LAX,8,256,339,0,0,32
2,7,12,2,9,2475,B6,LAX,8,256,339,0,0,32
-1,7,12,2,21,2475,DL,LAX,8,256,339,0,0,32
-4,7,12,2,9,2475,DL,LAX,8,256,339,0,0,32
27,7,12,2,15,2475,DL,LAX,8,256,339,0,0,32
-6,7,12,2,12,2475,DL,LAX,8,256,339,0,0,32
-4,7,12,2,7,2475,DL,LAX,8,256,339,0,0,32
-4,7,12,2,17,2475,DL,LAX,8,256,339,0,0,32
-2,7,12,2,19,2475,DL,LAX,8,256,339,0,0,32
2,7,12,2,19,2475,AA,LAX,8,256,339,0,0,32
34,7,12,2,13,2475,AA,LAX,8,256,339,0,0,32
4,7,12,2,7,2475,AA,LAX,8,256,339,0,0,32
-4,7,12,2,9,2475,AA,LAX,8,256,339,0,0,32
-3,7,12,2,6,2475,AA,LAX,8,256,339,0,0,32
38,7,12,2,16,2475,AA,LAX,8,256,339,0,0,32
-5,7,12,2,15,2475,AA,LAX,8,256,339,0,0,32
-6,7,12,2,12,2475,AA,LAX,8,256,339,0,0,32
-3,7,12,2,10,2475,AA,LAX,8,256,339,0,0,32
31,7,12,2,20,2475,AA,LAX,8,256,339,0,0,32
-4,7,12,2,20,2475,UA,LAX,8,256,339,0,0,32
-3,7,12,2,17,2475,UA,LAX,8,256,339,0,0,32
-2,7,12,2,6,2475,UA,LAX,8,256,339,0,0,32
-6,7,12,2,8,2475,UA,LAX,8,256,339,0,0,32
8,7,12,2,15,2475,UA,LAX,8,256,339,0,0,32
-4,7,12,2,11,2475,UA,LAX,8,256,339,0,0,32
2,7,23,6,11,2475,UA,LAX,19,283,378,0,0,18
24,7,23,6,6,2475,UA,LAX,19,283,378,0,0,18
112,7,23,6,18,2475,UA,LAX,19,283,378,0,0,18
0,7,23,6,8,2475,UA,LAX,19,283,378,0,0,18
46,7,23,6,21,2475,B6,LAX,19,283,378,0,0,18
41,7,23,6,19,2475,DL,LAX,19,283,378,0,0,18
0,7,23,6,9,2475,DL,LAX,19,283,378,0,0,18
-2,7,23,6,12,2475,DL,LAX,19,283,378,0,0,18
-5,7,23,6,15,2475,DL,LAX,19,283,378,0,0,18
-1,7,23,6,17,2475,DL,LAX,19,283,378,0,0,18
-4,7,23,6,16,2475,B6,LAX,19,283,378,0,0,18
0,7,23,6,7,2475,B6,LAX,19,283,378,0,0,18
8,7,23,6,9,2475,B6,LAX,19,283,378,0,0,18
20,7,23,6,16,2475,AA,LAX,19,283,378,0,0,18
1,7,23,6,6,2475,AA,LAX,19,283,378,0,0,18
26,7,23,6,13,2475,AA,LAX,19,283,378,0,0,18
-15,7,23,6,12,2475,AA,LAX,19,283,378,0,0,18
9,7,23,6,15,2475,AA,LAX,19,283,378,0,0,18
5,7,23,6,20,2475,AA,LAX,19,283,378,0,0,18
8,7,23,6,19,2475,AA,LAX,19,283,378,0,0,18
-5,7,23,6,9,2475,AA,LAX,19,283,378,0,0,18
-6,7,23,6,7,2475,AA,LAX,19,283,378,0,0,18
-1,8,8,1,9,2475,AA,LAX,26,233,322,0,0,19
-2,8,8,1,13,2475,AA,LAX,26,233,322,0,0,19
50,8,8,1,21,2475,B6,LAX,26,233,322,0,0,19
-6,8,8,1,19,2475,AA,LAX,26,233,322,0,0,19
7,8,8,1,15,2475,AA,LAX,26,233,322,0,0,19
-1,8,8,1,6,2475,AA,LAX,26,233,322,0,0,19
16,8,8,1,7,2475,B6,LAX,26,233,322,0,0,19
-2,8,8,1,16,2475,AA,LAX,26,233,322,0,0,19
27,8,8,1,20,2475,AA,LAX,26,233,322,0,0,19
-4,8,8,1,7,2475,AA,LAX,26,233,322,0,0,19
-7,8,8,1,12,2475,AA,LAX,26,233,322,0,0,19
-4,8,8,1,9,2475,B6,LAX,26,233,322,0,0,19
2,8,8,1,16,2475,B6,LAX,26,233,322,0,0,19
11,8,8,1,11,2475,B6,LAX,26,233,322,0,0,19
-1,8,8,1,10,2475,AA,LAX,26,233,322,0,0,19
-4,8,8,1,6,2475,UA,LAX,26,233,322,0,0,19
27,8,8,1,15,2475,UA,LAX,26,233,322,0,0,19
-1,8,8,1,17,2475,UA,LAX,26,233,322,0,0,19
-1,8,8,1,8,2475,UA,LAX,26,233,322,0,0,19
-4,8,8,1,11,2475,UA,LAX,26,233,322,0,0,19
3,8,8,1,20,2475,UA,LAX,26,233,322,0,0,19
0,8,8,1,17,2475,DL,LAX,26,233,322,0,0,19
5,8,8,1,19,2475,DL,LAX,26,233,322,0,0,19
2,8,8,1,9,2475,DL,LAX,26,233,322,0,0,19
31,8,8,1,15,2475,DL,LAX,26,233,322,0,0,19
-5,8,8,1,12,2475,DL,LAX,26,233,322,0,0,19
2,8,8,1,7,2475,DL,LAX,26,233,322,0,0,19
14,8,11,4,9,2475,B6,LAX,23,206,278,0,0,16
-5,8,11,4,20,2475,AA,LAX,23,206,278,0,0,16
4,8,11,4,16,2475,AA,LAX,23,206,278,0,0,16
38,8,11,4,7,2475,AA,LAX,23,206,278,0,0,16
3,8,11,4,12,2475,AA,LAX,23,206,278,0,0,16
-3,8,11,4,6,2475,AA,LAX,23,206,278,0,0,16
0,8,11,4,10,2475,AA,LAX,23,206,278,0,0,16
-6,8,11,4,9,2475,AA,LAX,23,206,278,0,0,16
77,8,11,4,13,2475,AA,LAX,23,206,278,0,0,16
193,8,11,4,15,2475,AA,LAX,23,206,278,0,0,16
-7,8,11,4,7,2475,B6,LAX,23,206,278,0,0,16
-4,8,11,4,11,2475,B6,LAX,23,206,278,0,0,16
5,8,11,4,16,2475,B6,LAX,23,206,278,0,0,16
-1,8,11,4,19,2475,AA,LAX,23,206,278,0,0,16
3,8,11,4,21,2475,B6,LAX,23,206,278,0,0,16
-2,8,11,4,17,2475,DL,LAX,23,206,278,0,0,16
-2,8,11,4,7,2475,DL,LAX,23,206,278,0,0,16
-3,8,11,4,12,2475,DL,LAX,23,206,278,0,0,16
-4,8,11,4,15,2475,DL,LAX,23,206,278,0,0,16
-2,8,11,4,9,2475,DL,LAX,23,206,278,0,0,16
-3,8,11,4,21,2475,DL,LAX,23,206,278,0,0,16
10,8,11,4,19,2475,DL,LAX,23,206,278,0,0,16
-3,8,11,4,15,2475,UA,LAX,23,206,278,0,0,16
-6,8,11,4,11,2475,UA,LAX,23,206,278,0,0,16
0,8,11,4,8,2475,UA,LAX,23,206,278,0,0,16
-5,8,11,4,20,2475,UA,LAX,23,206,278,0,0,16
0,8,11,4,17,2475,UA,LAX,23,206,278,0,0,16
-4,8,11,4,6,2475,UA,LAX,23,206,278,0,0,16
4,8,19,5,6,2475,UA,LAX,15,183,289,315,0,15
-10,8,19,5,15,2475,AA,LAX,15,183,289,315,0,15
-4,8,19,5,7,2475,AA,LAX,15,183,289,315,0,15
-7,8,19,5,12,2475,AA,LAX,15,183,289,315,0,15
125,8,19,5,19,2475,AA,LAX,15,183,289,315,0,15
173,8,19,5,20,2475,AA,LAX,15,183,289,315,0,15
51,8,19,5,9,2475,B6,LAX,15,183,289,315,0,15
222,8,19,5,21,2475,B6,LAX,15,183,289,315,0,15
329,8,19,5,16,2475,B6,LAX,15,183,289,315,0,15
11,8,19,5,11,2475,B6,LAX,15,183,289,315,0,15
22,8,19,5,10,2475,AA,LAX,15,183,289,315,0,15
-3,8,19,5,6,2475,AA,LAX,15,183,289,315,0,15
1,8,19,5,13,2475,AA,LAX,15,183,289,315,0,15
24,8,19,5,7,2475,B6,LAX,15,183,289,315,0,15
5,8,19,5,16,2475,AA,LAX,15,183,289,315,0,15
-5,8,19,5,9,2475,AA,LAX,15,183,289,315,0,15
157,8,19,5,15,2475,UA,LAX,15,183,289,315,0,15
89,8,19,5,20,2475,UA,LAX,15,183,289,315,0,15
-2,8,19,5,11,2475,UA,LAX,15,183,289,315,0,15
221,8,19,5,17,2475,UA,LAX,15,183,289,315,0,15
0,8,19,5,8,2475,UA,LAX,15,183,289,315,0,15
367,8,19,5,21,2475,DL,LAX,15,183,289,315,0,15
-6,8,19,5,15,2475,DL,LAX,15,183,289,315,0,15
-3,8,19,5,12,2475,DL,LAX,15,183,289,315,0,15
37,8,19,5,7,2475,DL,LAX,15,183,289,315,0,15
107,8,19,5,9,2475,DL,LAX,15,183,289,315,0,15
-1,8,19,5,17,2475,DL,LAX,15,183,289,315,0,15
163,8,19,5,19,2475,DL,LAX,15,183,289,315,0,15
-3,8,22,1,6,2475,UA,LAX,12,183,250,0,0,31
0,8,22,1,21,2475,DL,LAX,12,183,250,0,0,31
-4,8,22,1,19,2475,DL,LAX,12,183,250,0,0,31
2,8,22,1,15,2475,DL,LAX,12,183,250,0,0,31
1,8,22,1,12,2475,DL,LAX,12,183,250,0,0,31
18,8,22,1,7,2475,DL,LAX,12,183,250,0,0,31
-2,8,22,1,9,2475,DL,LAX,12,183,250,0,0,31
-5,8,22,1,17,2475,DL,LAX,12,183,250,0,0,31
-3,8,22,1,8,2475,UA,LAX,12,183,250,0,0,31
-2,8,22,1,17,2475,UA,LAX,12,183,250,0,0,31
0,8,22,1,15,2475,UA,LAX,12,183,250,0,0,31
1,8,22,1,11,2475,UA,LAX,12,183,250,0,0,31
139,8,22,1,20,2475,UA,LAX,12,183,250,0,0,31
-4,8,22,1,15,2475,AA,LAX,12,183,250,0,0,31
-1,8,22,1,16,2475,B6,LAX,12,183,250,0,0,31
16,8,22,1,11,2475,B6,LAX,12,183,250,0,0,31
-6,8,22,1,7,2475,B6,LAX,12,183,250,0,0,31
0,8,22,1,20,2475,AA,LAX,12,183,250,0,0,31
-1,8,22,1,13,2475,AA,LAX,12,183,250,0,0,31
-2,8,22,1,9,2475,AA,LAX,12,183,250,0,0,31
-7,8,22,1,10,2475,AA,LAX,12,183,250,0,0,31
-4,8,22,1,7,2475,AA,LAX,12,183,250,0,0,31
30,8,22,1,21,2475,B6,LAX,12,183,250,0,0,31
0,8,22,1,19,2475,AA,LAX,12,183,250,0,0,31
-3,8,22,1,16,2475,AA,LAX,12,183,250,0,0,31
0,8,22,1,6,2475,AA,LAX,12,183,250,0,0,31
-3,8,22,1,12,2475,AA,LAX,12,183,250,0,0,31
6,8,22,1,9,2475,B6,LAX,12,183,250,0,0,31
-3,9,7,3,6,2475,UA,LAX,4,167,200,307,0,48
-4,9,7,3,11,2475,UA,LAX,4,167,200,307,0,48
43,9,7,3,17,2475,UA,LAX,4,167,200,307,0,48
-2,9,7,3,15,2475,UA,LAX,4,167,200,307,0,48
3,9,7,3,20,2475,UA,LAX,4,167,200,307,0,48
14,9,7,3,8,2475,UA,LAX,4,167,200,307,0,48
7,9,7,3,17,2475,DL,LAX,4,167,200,307,0,48
36,9,7,3,20,2475,B6,LAX,4,167,200,307,0,48
34,9,7,3,16,2475,B6,LAX,4,167,200,307,0,48
-5,9,7,3,11,2475,B6,LAX,4,167,200,307,0,48
7,9,7,3,6,2475,B6,LAX,4,167,200,307,0,48
-7,9,7,3,10,2475,AA,LAX,4,167,200,307,0,48
-3,9,7,3,9,2475,B6,LAX,4,167,200,307,0,48
-6,9,7,3,9,2475,DL,LAX,4,167,200,307,0,48
-3,9,7,3,15,2475,DL,LAX,4,167,200,307,0,48
-8,9,7,3,7,2475,AA,LAX,4,167,200,307,0,48
2,9,7,3,7,2475,AA,LAX,4,167,200,307,0,48
-2,9,7,3,7,2475,DL,LAX,4,167,200,307,0,48
-3,9,7,3,12,2475,DL,LAX,4,167,200,307,0,48
1,9,7,3,21,2475,DL,LAX,4,167,200,307,0,48
47,9,7,3,19,2475,AA,LAX,4,167,200,307,0,48
-5,9,7,3,9,2475,AA,LAX,4,167,200,307,0,48
36,9,7,3,21,2475,AA,LAX,4,167,200,307,0,48
-5,9,7,3,15,2475,AA,LAX,4,167,200,307,0,48
25,9,7,3,16,2475,AA,LAX,4,167,200,307,0,48
-7,9,7,3,12,2475,AA,LAX,4,167,200,307,0,48
3,9,7,3,19,2475,DL,LAX,4,167,200,307,0,48
-5,9,7,3,13,2475,AA,LAX,4,167,200,307,0,48
0,9,10,6,15,2475,AA,LAX,7,200,267,0,0,17
58,9,10,6,16,2475,AA,LAX,7,200,267,0,0,17
0,9,10,6,6,2475,B6,LAX,7,200,267,0,0,17
-4,9,10,6,7,2475,AA,LAX,7,200,267,0,0,17
-3,9,10,6,19,2475,DL,LAX,7,200,267,0,0,17
-5,9,10,6,15,2475,DL,LAX,7,200,267,0,0,17
-5,9,10,6,12,2475,DL,LAX,7,200,267,0,0,17
-8,9,10,6,12,2475,AA,LAX,7,200,267,0,0,17
0,9,10,6,9,2475,DL,LAX,7,200,267,0,0,17
-1,9,10,6,17,2475,DL,LAX,7,200,267,0,0,17
12,9,10,6,20,2475,B6,LAX,7,200,267,0,0,17
35,9,10,6,19,2475,AA,LAX,7,200,267,0,0,17
-1,9,10,6,7,2475,AA,LAX,7,200,267,0,0,17
-2,9,10,6,21,2475,AA,LAX,7,200,267,0,0,17
0,9,10,6,13,2475,AA,LAX,7,200,267,0,0,17
-4,9,10,6,9,2475,B6,LAX,7,200,267,0,0,17
-6,9,10,6,16,2475,B6,LAX,7,200,267,0,0,17
-6,9,10,6,9,2475,AA,LAX,7,200,267,0,0,17
16,9,10,6,8,2475,UA,LAX,7,200,267,0,0,17
34,9,10,6,17,2475,UA,LAX,7,200,267,0,0,17
-6,9,10,6,11,2475,UA,LAX,7,200,267,0,0,17
-2,9,10,6,15,2475,UA,LAX,7,200,267,0,0,17
-3,9,10,6,6,2475,UA,LAX,7,200,267,0,0,17
-5,9,18,7,15,2475,UA,LAX,15,117,200,0,0,33
15,9,18,7,20,2475,UA,LAX,15,117,200,0,0,33
16,9,18,7,17,2475,UA,LAX,15,117,200,0,0,33
-5,9,18,7,11,2475,UA,LAX,15,117,200,0,0,33
-3,9,18,7,8,2475,UA,LAX,15,117,200,0,0,33
-3,9,18,7,13,2475,AA,LAX,15,117,200,0,0,33
-5,9,18,7,15,2475,AA,LAX,15,117,200,0,0,33
49,9,18,7,16,2475,AA,LAX,15,117,200,0,0,33
6,9,18,7,7,2475,AA,LAX,15,117,200,0,0,33
-5,9,18,7,21,2475,AA,LAX,15,117,200,0,0,33
0,9,18,7,7,2475,AA,LAX,15,117,200,0,0,33
-2,9,18,7,19,2475,AA,LAX,15,117,200,0,0,33
-6,9,18,7,9,2475,B6,LAX,15,117,200,0,0,33
-4,9,18,7,6,2475,B6,LAX,15,117,200,0,0,33
-7,9,18,7,11,2475,B6,LAX,15,117,200,0,0,33
31,9,18,7,16,2475,B6,LAX,15,117,200,0,0,33
12,9,18,7,20,2475,B6,LAX,15,117,200,0,0,33
-3,9,18,7,10,2475,AA,LAX,15,117,200,0,0,33
-4,9,18,7,9,2475,AA,LAX,15,117,200,0,0,33
-2,9,18,7,17,2475,DL,LAX,15,117,200,0,0,33
-1,9,18,7,9,2475,DL,LAX,15,117,200,0,0,33
-4,9,18,7,15,2475,DL,LAX,15,117,200,0,0,33
-3,9,18,7,12,2475,DL,LAX,15,117,200,0,0,33
48,9,18,7,21,2475,DL,LAX,15,117,200,0,0,33
-3,9,18,7,19,2475,DL,LAX,15,117,200,0,0,33
-5,9,21,3,13,2475,AA,LAX,17,172,228,15,0,10
-2,9,21,3,12,2475,AA,LAX,17,172,228,15,0,10
130,9,21,3,15,2475,AA,LAX,17,172,228,15,0,10
-3,9,21,3,16,2475,B6,LAX,17,172,228,15,0,10
-2,9,21,3,20,2475,B6,LAX,17,172,228,15,0,10
-3,9,21,3,11,2475,B6,LAX,17,172,228,15,0,10
-4,9,21,3,6,2475,B6,LAX,17,172,228,15,0,10
-6,9,21,3,17,2475,DL,LAX,17,172,228,15,0,10
-1,9,21,3,9,2475,B6,LAX,17,172,228,15,0,10
-3,9,21,3,9,2475,DL,LAX,17,172,228,15,0,10
-14,9,21,3,10,2475,AA,LAX,17,172,228,15,0,10
6,9,21,3,15,2475,DL,LAX,17,172,228,15,0,10
-3,9,21,3,7,2475,DL,LAX,17,172,228,15,0,10
0,9,21,3,12,2475,DL,LAX,17,172,228,15,0,10
-6,9,21,3,21,2475,DL,LAX,17,172,228,15,0,10
0,9,21,3,19,2475,DL,LAX,17,172,228,15,0,10
-1,9,21,3,19,2475,AA,LAX,17,172,228,15,0,10
0,9,21,3,7,2475,AA,LAX,17,172,228,15,0,10
-5,9,21,3,21,2475,AA,LAX,17,172,228,15,0,10
-5,9,21,3,7,2475,AA,LAX,17,172,228,15,0,10
-2,9,21,3,16,2475,AA,LAX,17,172,228,15,0,10
-11,9,21,3,9,2475,AA,LAX,17,172,228,15,0,10
-1,9,21,3,15,2475,UA,LAX,17,172,228,15,0,10
-4,9,21,3,8,2475,UA,LAX,17,172,228,15,0,10
-3,9,21,3,11,2475,UA,LAX,17,172,228,15,0,10
-2,9,21,3,6,2475,UA,LAX,17,172,228,15,0,10
-1,9,21,3,17,2475,UA,LAX,17,172,228,15,0,10
-3,9,21,3,20,2475,UA,LAX,17,172,228,15,0,10
-3,9,29,4,11,2475,UA,LAX,9,161,228,102,0,21
28,9,29,4,17,2475,UA,LAX,9,161,228,102,0,21
90,9,29,4,15,2475,UA,LAX,9,161,228,102,0,21
-2,9,29,4,6,2475,UA,LAX,9,161,228,102,0,21
-3,9,29,4,8,2475,UA,LAX,9,161,228,102,0,21
4,9,29,4,20,2475,UA,LAX,9,161,228,102,0,21
-4,9,29,4,7,2475,DL,LAX,9,161,228,102,0,21
24,9,29,4,21,2475,DL,LAX,9,161,228,102,0,21
-6,9,29,4,11,2475,B6,LAX,9,161,228,102,0,21
14,9,29,4,15,2475,AA,LAX,9,161,228,102,0,21
-3,9,29,4,13,2475,AA,LAX,9,161,228,102,0,21
6,9,29,4,7,2475,AA,LAX,9,161,228,102,0,21
7,9,29,4,6,2475,B6,LAX,9,161,228,102,0,21
0,9,29,4,9,2475,B6,LAX,9,161,228,102,0,21
-6,9,29,4,12,2475,AA,LAX,9,161,228,102,0,21
25,9,29,4,19,2475,DL,LAX,9,161,228,102,0,21
-8,9,29,4,9,2475,AA,LAX,9,161,228,102,0,21
62,9,29,4,19,2475,AA,LAX,9,161,228,102,0,21
2,9,29,4,15,2475,DL,LAX,9,161,228,102,0,21
-1,9,29,4,21,2475,AA,LAX,9,161,228,102,0,21
2,9,29,4,20,2475,B6,LAX,9,161,228,102,0,21
-4,9,29,4,12,2475,DL,LAX,9,161,228,102,0,21
27,9,29,4,16,2475,AA,LAX,9,161,228,102,0,21
-8,9,29,4,10,2475,AA,LAX,9,161,228,102,0,21
10,9,29,4,17,2475,DL,LAX,9,161,228,102,0,21
4,9,29,4,9,2475,DL,LAX,9,161,228,102,0,21
41,9,29,4,16,2475,B6,LAX,9,161,228,102,0,21
-6,9,29,4,7,2475,AA,LAX,9,161,228,102,0,21
-2,10,1,6,17,2475,DL,LAX,7,100,194,99,0,22
21,10,1,6,7,2475,AA,LAX,7,100,194,99,0,22
-1,10,1,6,9,2475,B6,LAX,7,100,194,99,0,22
0,10,1,6,6,2475,B6,LAX,7,100,194,99,0,22
13,10,1,6,19,2475,DL,LAX,7,100,194,99,0,22
-2,10,1,6,15,2475,AA,LAX,7,100,194,99,0,22
-4,10,1,6,9,2475,DL,LAX,7,100,194,99,0,22
2,10,1,6,21,2475,AA,LAX,7,100,194,99,0,22
14,10,1,6,13,2475,AA,LAX,7,100,194,99,0,22
5,10,1,6,16,2475,B6,LAX,7,100,194,99,0,22
28,10,1,6,20,2475,B6,LAX,7,100,194,99,0,22
-5,10,1,6,15,2475,DL,LAX,7,100,194,99,0,22
-10,10,1,6,9,2475,AA,LAX,7,100,194,99,0,22
-2,10,1,6,7,2475,AA,LAX,7,100,194,99,0,22
-3,10,1,6,12,2475,DL,LAX,7,100,194,99,0,22
-1,10,1,6,16,2475,AA,LAX,7,100,194,99,0,22
-9,10,1,6,12,2475,AA,LAX,7,100,194,99,0,22
23,10,1,6,19,2475,AA,LAX,7,100,194,99,0,22
-3,10,1,6,8,2475,UA,LAX,7,100,194,99,0,22
-6,10,1,6,6,2475,UA,LAX,7,100,194,99,0,22
5,10,1,6,17,2475,UA,LAX,7,100,194,99,0,22
0,10,1,6,11,2475,UA,LAX,7,100,194,99,0,22
9,10,1,6,15,2475,UA,LAX,7,100,194,99,0,22
0,10,9,7,11,2475,B6,LAX,1,156,289,0,0,12
4,10,9,7,16,2475,B6,LAX,1,156,289,0,0,12
28,10,9,7,20,2475,B6,LAX,1,156,289,0,0,12
-1,10,9,7,17,2475,DL,LAX,1,156,289,0,0,12
-2,10,9,7,9,2475,DL,LAX,1,156,289,0,0,12
-2,10,9,7,12,2475,DL,LAX,1,156,289,0,0,12
0,10,9,7,15,2475,DL,LAX,1,156,289,0,0,12
11,10,9,7,21,2475,DL,LAX,1,156,289,0,0,12
-2,10,9,7,19,2475,DL,LAX,1,156,289,0,0,12
4,10,9,7,7,2475,AA,LAX,1,156,289,0,0,12
-7,10,9,7,21,2475,AA,LAX,1,156,289,0,0,12
-8,10,9,7,9,2475,AA,LAX,1,156,289,0,0,12
-3,10,9,7,16,2475,AA,LAX,1,156,289,0,0,12
2,10,9,7,15,2475,AA,LAX,1,156,289,0,0,12
-5,10,9,7,13,2475,AA,LAX,1,156,289,0,0,12
-5,10,9,7,7,2475,AA,LAX,1,156,289,0,0,12
2,10,9,7,19,2475,AA,LAX,1,156,289,0,0,12
-5,10,9,7,10,2475,AA,LAX,1,156,289,0,0,12
2,10,9,7,12,2475,AA,LAX,1,156,289,0,0,12
-2,10,9,7,9,2475,B6,LAX,1,156,289,0,0,12
0,10,9,7,6,2475,B6,LAX,1,156,289,0,0,12
-5,10,9,7,11,2475,UA,LAX,1,156,289,0,0,12
-3,10,9,7,8,2475,UA,LAX,1,156,289,0,0,12
0,10,9,7,20,2475,UA,LAX,1,156,289,0,0,12
2,10,9,7,17,2475,UA,LAX,1,156,289,0,0,12
-3,10,9,7,15,2475,UA,LAX,1,156,289,0,0,12
-3,10,12,3,15,2475,UA,LAX,4,144,172,114,0,45
-2,10,12,3,17,2475,UA,LAX,4,144,172,114,0,45
-3,10,12,3,11,2475,UA,LAX,4,144,172,114,0,45
-1,10,12,3,20,2475,UA,LAX,4,144,172,114,0,45
-2,10,12,3,6,2475,UA,LAX,4,144,172,114,0,45
-2,10,12,3,8,2475,UA,LAX,4,144,172,114,0,45
-7,10,12,3,12,2475,AA,LAX,4,144,172,114,0,45
-10,10,12,3,7,2475,AA,LAX,4,144,172,114,0,45
-2,10,12,3,7,2475,DL,LAX,4,144,172,114,0,45
-6,10,12,3,13,2475,AA,LAX,4,144,172,114,0,45
-6,10,12,3,10,2475,AA,LAX,4,144,172,114,0,45
-6,10,12,3,11,2475,B6,LAX,4,144,172,114,0,45
-5,10,12,3,16,2475,B6,LAX,4,144,172,114,0,45
4,10,12,3,9,2475,DL,LAX,4,144,172,114,0,45
-7,10,12,3,9,2475,B6,LAX,4,144,172,114,0,45
1,10,12,3,19,2475,DL,LAX,4,144,172,114,0,45
-1,10,12,3,21,2475,DL,LAX,4,144,172,114,0,45
0,10,12,3,19,2475,AA,LAX,4,144,172,114,0,45
-3,10,12,3,9,2475,AA,LAX,4,144,172,114,0,45
-2,10,12,3,21,2475,AA,LAX,4,144,172,114,0,45
-1,10,12,3,20,2475,B6,LAX,4,144,172,114,0,45
-6,10,12,3,7,2475,AA,LAX,4,144,172,114,0,45
3,10,12,3,16,2475,AA,LAX,4,144,172,114,0,45
-2,10,12,3,6,2475,B6,LAX,4,144,172,114,0,45
-4,10,12,3,12,2475,DL,LAX,4,144,172,114,0,45
-3,10,12,3,17,2475,DL,LAX,4,144,172,114,0,45
-1,10,12,3,15,2475,AA,LAX,4,144,172,114,0,45
76,10,23,7,21,2475,AA,LAX,15,100,150,0,0,9
-1,10,23,7,16,2475,B6,LAX,15,100,150,0,0,9
41,10,23,7,20,2475,B6,LAX,15,100,150,0,0,9
7,10,23,7,19,2475,AA,LAX,15,100,150,0,0,9
-1,10,23,7,10,2475,AA,LAX,15,100,150,0,0,9
-4,10,23,7,7,2475,AA,LAX,15,100,150,0,0,9
-3,10,23,7,12,2475,AA,LAX,15,100,150,0,0,9
-3,10,23,7,13,2475,AA,LAX,15,100,150,0,0,9
-6,10,23,7,7,2475,AA,LAX,15,100,150,0,0,9
-5,10,23,7,15,2475,AA,LAX,15,100,150,0,0,9
-2,10,23,7,19,2475,DL,LAX,15,100,150,0,0,9
7,10,23,7,21,2475,DL,LAX,15,100,150,0,0,9
3,10,23,7,15,2475,DL,LAX,15,100,150,0,0,9
2,10,23,7,12,2475,DL,LAX,15,100,150,0,0,9
-3,10,23,7,9,2475,DL,LAX,15,100,150,0,0,9
-2,10,23,7,17,2475,DL,LAX,15,100,150,0,0,9
-1,10,23,7,9,2475,B6,LAX,15,100,150,0,0,9
-7,10,23,7,6,2475,B6,LAX,15,100,150,0,0,9
-4,10,23,7,16,2475,AA,LAX,15,100,150,0,0,9
-3,10,23,7,11,2475,B6,LAX,15,100,150,0,0,9
-4,10,23,7,9,2475,AA,LAX,15,100,150,0,0,9
-6,10,23,7,17,2475,UA,LAX,15,100,150,0,0,9
18,10,23,7,20,2475,UA,LAX,15,100,150,0,0,9
-6,10,23,7,11,2475,UA,LAX,15,100,150,0,0,9
-3,10,23,7,8,2475,UA,LAX,15,100,150,0,0,9
-5,10,23,7,15,2475,UA,LAX,15,100,150,0,0,9
-7,11,8,2,21,2475,AA,LAX,3,117,200,0,0,10
-5,11,8,2,7,2475,AA,LAX,3,117,200,0,0,10
-3,11,8,2,15,2475,AA,LAX,3,117,200,0,0,10
-5,11,8,2,12,2475,AA,LAX,3,117,200,0,0,10
-9,11,8,2,13,2475,AA,LAX,3,117,200,0,0,10
0,11,8,2,16,2475,AA,LAX,3,117,200,0,0,10
-9,11,8,2,10,2475,AA,LAX,3,117,200,0,0,10
-4,11,8,2,9,2475,AA,LAX,3,117,200,0,0,10
-8,11,8,2,19,2475,AA,LAX,3,117,200,0,0,10
-2,11,8,2,9,2475,DL,LAX,3,117,200,0,0,10
1,11,8,2,12,2475,DL,LAX,3,117,200,0,0,10
-1,11,8,2,7,2475,DL,LAX,3,117,200,0,0,10
-4,11,8,2,15,2475,DL,LAX,3,117,200,0,0,10
-6,11,8,2,21,2475,DL,LAX,3,117,200,0,0,10
-3,11,8,2,19,2475,DL,LAX,3,117,200,0,0,10
-6,11,8,2,9,2475,B6,LAX,3,117,200,0,0,10
-4,11,8,2,20,2475,B6,LAX,3,117,200,0,0,10
-3,11,8,2,16,2475,B6,LAX,3,117,200,0,0,10
-6,11,8,2,11,2475,B6,LAX,3,117,200,0,0,10
-5,11,8,2,7,2475,B6,LAX,3,117,200,0,0,10
-7,11,8,2,17,2475,DL,LAX,3,117,200,0,0,10
-1,11,8,2,15,2475,UA,LAX,3,117,200,0,0,10
-1,11,8,2,17,2475,UA,LAX,3,117,200,0,0,10
-6,11,8,2,8,2475,UA,LAX,3,117,200,0,0,10
-6,11,8,2,11,2475,UA,LAX,3,117,200,0,0,10
0,11,8,2,6,2475,UA,LAX,3,117,200,0,0,10
-2,11,8,2,20,2475,UA,LAX,3,117,200,0,0,10
-2,11,11,5,8,2475,UA,LAX,0,50,89,5,0,37
-6,11,11,5,15,2475,UA,LAX,0,50,89,5,0,37
-3,11,11,5,11,2475,UA,LAX,0,50,89,5,0,37
0,11,11,5,20,2475,UA,LAX,0,50,89,5,0,37
-4,11,11,5,6,2475,UA,LAX,0,50,89,5,0,37
-1,11,11,5,17,2475,UA,LAX,0,50,89,5,0,37
32,11,11,5,21,2475,DL,LAX,0,50,89,5,0,37
-5,11,11,5,12,2475,DL,LAX,0,50,89,5,0,37
-6,11,11,5,9,2475,DL,LAX,0,50,89,5,0,37
84,11,11,5,17,2475,DL,LAX,0,50,89,5,0,37
87,11,11,5,15,2475,DL,LAX,0,50,89,5,0,37
-6,11,11,5,9,2475,B6,LAX,0,50,89,5,0,37
-6,11,11,5,20,2475,B6,LAX,0,50,89,5,0,37
-2,11,11,5,16,2475,B6,LAX,0,50,89,5,0,37
-3,11,11,5,11,2475,B6,LAX,0,50,89,5,0,37
-6,11,11,5,7,2475,B6,LAX,0,50,89,5,0,37
-4,11,11,5,19,2475,DL,LAX,0,50,89,5,0,37
114,11,11,5,19,2475,AA,LAX,0,50,89,5,0,37
-3,11,11,5,13,2475,AA,LAX,0,50,89,5,0,37
1,11,11,5,10,2475,AA,LAX,0,50,89,5,0,37
-6,11,11,5,7,2475,AA,LAX,0,50,89,5,0,37
-2,11,11,5,21,2475,AA,LAX,0,50,89,5,0,37
-7,11,11,5,15,2475,AA,LAX,0,50,89,5,0,37
-5,11,11,5,12,2475,AA,LAX,0,50,89,5,0,37
-1,11,11,5,16,2475,AA,LAX,0,50,89,5,0,37
-5,11,11,5,9,2475,AA,LAX,0,50,89,5,0,37
-4,11,19,6,7,2475,AA,LAX,3,33,106,0,0,30
80,11,19,6,13,2475,AA,LAX,3,33,106,0,0,30
-7,11,19,6,19,2475,AA,LAX,3,33,106,0,0,30
297,11,19,6,15,2475,AA,LAX,3,33,106,0,0,30
-9,11,19,6,12,2475,AA,LAX,3,33,106,0,0,30
12,11,19,6,9,2475,AA,LAX,3,33,106,0,0,30
-4,11,19,6,16,2475,AA,LAX,3,33,106,0,0,30
62,11,19,6,21,2475,AA,LAX,3,33,106,0,0,30
-2,11,19,6,17,2475,DL,LAX,3,33,106,0,0,30
-8,11,19,6,16,2475,B6,LAX,3,33,106,0,0,30
-6,11,19,6,20,2475,B6,LAX,3,33,106,0,0,30
-1,11,19,6,9,2475,B6,LAX,3,33,106,0,0,30
-8,11,19,6,11,2475,B6,LAX,3,33,106,0,0,30
-1,11,19,6,19,2475,DL,LAX,3,33,106,0,0,30
-4,11,19,6,15,2475,DL,LAX,3,33,106,0,0,30
-5,11,19,6,12,2475,DL,LAX,3,33,106,0,0,30
-6,11,19,6,9,2475,DL,LAX,3,33,106,0,0,30
-4,11,19,6,11,2475,UA,LAX,3,33,106,0,0,30
-4,11,19,6,17,2475,UA,LAX,3,33,106,0,0,30
0,11,19,6,15,2475,UA,LAX,3,33,106,0,0,30
-3,11,19,6,8,2475,UA,LAX,3,33,106,0,0,30
0,11,19,6,6,2475,UA,LAX,3,33,106,0,0,30
13,11,22,2,20,2475,UA,LAX,0,61,100,295,0,34
-3,11,22,2,8,2475,UA,LAX,0,61,100,295,0,34
2,11,22,2,17,2475,UA,LAX,0,61,100,295,0,34
-5,11,22,2,11,2475,UA,LAX,0,61,100,295,0,34
0,11,22,2,15,2475,UA,LAX,0,61,100,295,0,34
35,11,22,2,21,2475,DL,LAX,0,61,100,295,0,34
-4,11,22,2,7,2475,B6,LAX,0,61,100,295,0,34
-8,11,22,2,11,2475,B6,LAX,0,61,100,295,0,34
4,11,22,2,16,2475,B6,LAX,0,61,100,295,0,34
3,11,22,2,20,2475,B6,LAX,0,61,100,295,0,34
-1,11,22,2,9,2475,B6,LAX,0,61,100,295,0,34
-1,11,22,2,15,2475,DL,LAX,0,61,100,295,0,34
-6,11,22,2,9,2475,DL,LAX,0,61,100,295,0,34
-4,11,22,2,17,2475,DL,LAX,0,61,100,295,0,34
-6,11,22,2,7,2475,DL,LAX,0,61,100,295,0,34
-5,11,22,2,12,2475,DL,LAX,0,61,100,295,0,34
-2,11,22,2,19,2475,DL,LAX,0,61,100,295,0,34
13,11,22,2,16,2475,AA,LAX,0,61,100,295,0,34
-7,11,22,2,9,2475,AA,LAX,0,61,100,295,0,34
-5,11,22,2,15,2475,AA,LAX,0,61,100,295,0,34
-13,11,22,2,12,2475,AA,LAX,0,61,100,295,0,34
-6,11,22,2,10,2475,AA,LAX,0,61,100,295,0,34
-4,11,22,2,19,2475,AA,LAX,0,61,100,295,0,34
-4,11,22,2,21,2475,AA,LAX,0,61,100,295,0,34
-2,11,22,2,13,2475,AA,LAX,0,61,100,295,0,34
-6,11,22,2,7,2475,AA,LAX,0,61,100,295,0,34
3,12,7,3,11,2475,UA,LAX,15,56,167,427,0,20
-2,12,7,3,15,2475,UA,LAX,15,56,167,427,0,20
18,12,7,3,17,2475,UA,LAX,15,56,167,427,0,20
22,12,7,3,6,2475,UA,LAX,15,56,167,427,0,20
-2,12,7,3,20,2475,UA,LAX,15,56,167,427,0,20
-7,12,7,3,8,2475,UA,LAX,15,56,167,427,0,20
-4,12,7,3,9,2475,AA,LAX,15,56,167,427,0,20
-9,12,7,3,12,2475,AA,LAX,15,56,167,427,0,20
-1,12,7,3,10,2475,AA,LAX,15,56,167,427,0,20
137,12,7,3,19,2475,AA,LAX,15,56,167,427,0,20
1,12,7,3,7,2475,AA,LAX,15,56,167,427,0,20
76,12,7,3,15,2475,AA,LAX,15,56,167,427,0,20
25,12,7,3,16,2475,AA,LAX,15,56,167,427,0,20
0,12,7,3,21,2475,AA,LAX,15,56,167,427,0,20
-6,12,7,3,7,2475,B6,LAX,15,56,167,427,0,20
-6,12,7,3,11,2475,B6,LAX,15,56,167,427,0,20
-5,12,7,3,16,2475,B6,LAX,15,56,167,427,0,20
-6,12,7,3,20,2475,B6,LAX,15,56,167,427,0,20
24,12,7,3,9,2475,B6,LAX,15,56,167,427,0,20
0,12,7,3,17,2475,DL,LAX,15,56,167,427,0,20
4,12,7,3,9,2475,DL,LAX,15,56,167,427,0,20
-6,12,7,3,12,2475,DL,LAX,15,56,167,427,0,20
-2,12,7,3,15,2475,DL,LAX,15,56,167,427,0,20
-1,12,7,3,21,2475,DL,LAX,15,56,167,427,0,20
-3,12,7,3,19,2475,DL,LAX,15,56,167,427,0,20
6,12,10,6,16,2475,B6,LAX,15,0,78,0,0,28
1,12,10,6,21,2475,AA,LAX,15,0,78,0,0,28
34,12,10,6,16,2475,AA,LAX,15,0,78,0,0,28
-7,12,10,6,12,2475,AA,LAX,15,0,78,0,0,28
-5,12,10,6,9,2475,AA,LAX,15,0,78,0,0,28
-8,12,10,6,20,2475,B6,LAX,15,0,78,0,0,28
-5,12,10,6,17,2475,DL,LAX,15,0,78,0,0,28
3,12,10,6,9,2475,DL,LAX,15,0,78,0,0,28
-4,12,10,6,12,2475,DL,LAX,15,0,78,0,0,28
-6,12,10,6,15,2475,DL,LAX,15,0,78,0,0,28
10,12,10,6,19,2475,DL,LAX,15,0,78,0,0,28
-2,12,10,6,15,2475,AA,LAX,15,0,78,0,0,28
-2,12,10,6,11,2475,B6,LAX,15,0,78,0,0,28
-2,12,10,6,7,2475,AA,LAX,15,0,78,0,0,28
42,12,10,6,19,2475,AA,LAX,15,0,78,0,0,28
-1,12,10,6,9,2475,B6,LAX,15,0,78,0,0,28
0,12,10,6,8,2475,UA,LAX,15,0,78,0,0,28
-4,12,10,6,17,2475,UA,LAX,15,0,78,0,0,28
38,12,10,6,15,2475,UA,LAX,15,0,78,0,0,28
-4,12,10,6,11,2475,UA,LAX,15,0,78,0,0,28
-2,12,10,6,6,2475,UA,LAX,15,0,78,0,0,28
-2,12,18,7,6,2475,UA,LAX,7,-56,-6,0,0,20
6,12,18,7,8,2475,UA,LAX,7,-56,-6,0,0,20
-2,12,18,7,15,2475,UA,LAX,7,-56,-6,0,0,20
-2,12,18,7,17,2475,UA,LAX,7,-56,-6,0,0,20
0,12,18,7,11,2475,UA,LAX,7,-56,-6,0,0,20
-4,12,18,7,19,2475,DL,LAX,7,-56,-6,0,0,20
-2,12,18,7,10,2475,AA,LAX,7,-56,-6,0,0,20
-2,12,18,7,15,2475,AA,LAX,7,-56,-6,0,0,20
-1,12,18,7,11,2475,B6,LAX,7,-56,-6,0,0,20
8,12,18,7,6,2475,AA,LAX,7,-56,-6,0,0,20
-5,12,18,7,12,2475,AA,LAX,7,-56,-6,0,0,20
-5,12,18,7,17,2475,DL,LAX,7,-56,-6,0,0,20
12,12,18,7,16,2475,B6,LAX,7,-56,-6,0,0,20
-4,12,18,7,9,2475,DL,LAX,7,-56,-6,0,0,20
-1,12,18,7,12,2475,DL,LAX,7,-56,-6,0,0,20
32,12,18,7,15,2475,DL,LAX,7,-56,-6,0,0,20
-1,12,18,7,21,2475,DL,LAX,7,-56,-6,0,0,20
68,12,18,7,20,2475,B6,LAX,7,-56,-6,0,0,20
-4,12,18,7,13,2475,AA,LAX,7,-56,-6,0,0,20
15,12,18,7,9,2475,AA,LAX,7,-56,-6,0,0,20
0,12,18,7,7,2475,AA,LAX,7,-56,-6,0,0,20
-3,12,18,7,7,2475,B6,LAX,7,-56,-6,0,0,20
43,12,18,7,16,2475,AA,LAX,7,-56,-6,0,0,20
2,12,18,7,19,2475,AA,LAX,7,-56,-6,0,0,20
19,12,21,3,21,2475,DL,LAX,4,56,167,28,0,27
-1,12,21,3,15,2475,AA,LAX,4,56,167,28,0,27
-8,12,21,3,10,2475,AA,LAX,4,56,167,28,0,27
2,12,21,3,19,2475,AA,LAX,4,56,167,28,0,27
-3,12,21,3,17,2475,DL,LAX,4,56,167,28,0,27
-5,12,21,3,12,2475,AA,LAX,4,56,167,28,0,27
-2,12,21,3,7,2475,B6,LAX,4,56,167,28,0,27
4,12,21,3,11,2475,B6,LAX,4,56,167,28,0,27
-2,12,21,3,16,2475,B6,LAX,4,56,167,28,0,27
15,12,21,3,20,2475,B6,LAX,4,56,167,28,0,27
-2,12,21,3,9,2475,AA,LAX,4,56,167,28,0,27
7,12,21,3,6,2475,AA,LAX,4,56,167,28,0,27
-4,12,21,3,13,2475,AA,LAX,4,56,167,28,0,27
-5,12,21,3,9,2475,DL,LAX,4,56,167,28,0,27
-5,12,21,3,12,2475,DL,LAX,4,56,167,28,0,27
15,12,21,3,16,2475,AA,LAX,4,56,167,28,0,27
-4,12,21,3,7,2475,AA,LAX,4,56,167,28,0,27
-1,12,21,3,15,2475,DL,LAX,4,56,167,28,0,27
7,12,21,3,19,2475,DL,LAX,4,56,167,28,0,27
2,12,21,3,15,2475,UA,LAX,4,56,167,28,0,27
29,12,21,3,17,2475,UA,LAX,4,56,167,28,0,27
-2,12,21,3,11,2475,UA,LAX,4,56,167,28,0,27
0,12,21,3,8,2475,UA,LAX,4,56,167,28,0,27
-4,12,21,3,6,2475,UA,LAX,4,56,167,28,0,27
2,12,29,4,8,2475,UA,LAX,3,-44,33,0,0,31
26,12,29,4,15,2475,UA,LAX,3,-44,33,0,0,31
22,12,29,4,17,2475,UA,LAX,3,-44,33,0,0,31
0,12,29,4,6,2475,UA,LAX,3,-44,33,0,0,31
-6,12,29,4,11,2475,UA,LAX,3,-44,33,0,0,31
-7,12,29,4,7,2475,DL,LAX,3,-44,33,0,0,31
-4,12,29,4,15,2475,AA,LAX,3,-44,33,0,0,31
-3,12,29,4,17,2475,DL,LAX,3,-44,33,0,0,31
-8,12,29,4,9,2475,AA,LAX,3,-44,33,0,0,31
-6,12,29,4,9,2475,DL,LAX,3,-44,33,0,0,31
-6,12,29,4,7,2475,DL,LAX,3,-44,33,0,0,31
-5,12,29,4,12,2475,DL,LAX,3,-44,33,0,0,31
1,12,29,4,15,2475,DL,LAX,3,-44,33,0,0,31
-4,12,29,4,21,2475,DL,LAX,3,-44,33,0,0,31
-4,12,29,4,19,2475,DL,LAX,3,-44,33,0,0,31
-4,12,29,4,13,2475,AA,LAX,3,-44,33,0,0,31
-7,12,29,4,7,2475,AA,LAX,3,-44,33,0,0,31
-4,12,29,4,10,2475,AA,LAX,3,-44,33,0,0,31
-6,12,29,4,12,2475,AA,LAX,3,-44,33,0,0,31
-10,12,29,4,6,2475,AA,LAX,3,-44,33,0,0,31
-4,12,29,4,16,2475,AA,LAX,3,-44,33,0,0,31
21,12,29,4,7,2475,B6,LAX,3,-44,33,0,0,31
-2,12,29,4,11,2475,B6,LAX,3,-44,33,0,0,31
7,12,29,4,16,2475,B6,LAX,3,-44,33,0,0,31
-4,12,29,4,20,2475,B6,LAX,3,-44,33,0,0,31
4,12,29,4,19,2475,AA,LAX,3,-44,33,0,0,31
