6,1,1,6,19,2475,DL,LAX,0,44,117,0,0,14
4,1,1,6,12,2475,DL,LAX,0,44,117,0,0,14
-4,1,1,6,11,2475,AA,LAX,0,44,117,0,0,14
52,1,1,6,19,2475,AA,LAX,0,44,117,0,0,14
-1,1,1,6,7,2475,AA,LAX,0,44,117,0,0,14
2,1,1,6,13,2475,AA,LAX,0,44,117,0,0,14
-5,1,1,6,15,2475,AA,LAX,0,44,117,0,0,14
-4,1,1,6,16,2475,AA,LAX,0,44,117,0,0,14
50,1,1,6,21,2475,AA,LAX,0,44,117,0,0,14
-1,1,1,6,6,2475,AA,LAX,0,44,117,0,0,14
-4,1,1,6,9,2475,AA,LAX,0,44,117,0,0,14
5,1,1,6,7,2475,B6,LAX,0,44,117,0,0,14
-1,1,1,6,16,2475,B6,LAX,0,44,117,0,0,14
-4,1,1,6,18,2475,B6,LAX,0,44,117,0,0,14
-2,1,1,6,21,2475,B6,LAX,0,44,117,0,0,14
0,1,1,6,15,2475,DL,LAX,0,44,117,0,0,14
-5,1,1,6,6,2475,UA,LAX,0,44,117,0,0,14
49,1,1,6,8,2475,UA,LAX,0,44,117,0,0,14
26,1,1,6,18,2475,UA,LAX,0,44,117,0,0,14
0,1,1,6,11,2475,UA,LAX,0,44,117,0,0,14
35,1,1,6,15,2475,UA,LAX,0,44,117,0,0,14
56,1,9,7,20,2475,UA,LAX,6,-33,0,0,0,50
-4,1,9,7,8,2475,UA,LAX,6,-33,0,0,0,50
-3,1,9,7,11,2475,UA,LAX,6,-33,0,0,0,50
0,1,9,7,6,2475,UA,LAX,6,-33,0,0,0,50
35,1,9,7,18,2475,UA,LAX,6,-33,0,0,0,50
0,1,9,7,15,2475,UA,LAX,6,-33,0,0,0,50
-3,1,9,7,17,2475,DL,LAX,6,-33,0,0,0,50
-3,1,9,7,7,2475,AA,LAX,6,-33,0,0,0,50
74,1,9,7,21,2475,AA,LAX,6,-33,0,0,0,50
7,1,9,7,18,2475,B6,LAX,6,-33,0,0,0,50
47,1,9,7,15,2475,B6,LAX,6,-33,0,0,0,50
-3,1,9,7,7,2475,B6,LAX,6,-33,0,0,0,50
-4,1,9,7,16,2475,AA,LAX,6,-33,0,0,0,50
-4,1,9,7,11,2475,AA,LAX,6,-33,0,0,0,50
-5,1,9,7,15,2475,AA,LAX,6,-33,0,0,0,50
-2,1,9,7,12,2475,DL,LAX,6,-33,0,0,0,50
-7,1,9,7,10,2475,AA,LAX,6,-33,0,0,0,50
-2,1,9,7,19,2475,AA,LAX,6,-33,0,0,0,50
0,1,9,7,13,2475,AA,LAX,6,-33,0,0,0,50
-4,1,9,7,9,2475,DL,LAX,6,-33,0,0,0,50
2,1,9,7,15,2475,DL,LAX,6,-33,0,0,0,50
17,1,9,7,19,2475,DL,LAX,6,-33,0,0,0,50
182,1,9,7,21,2475,DL,LAX,6,-33,0,0,0,50
-4,1,9,7,9,2475,AA,LAX,6,-33,0,0,0,50
-6,1,9,7,6,2475,AA,LAX,6,-33,0,0,0,50
-6,1,12,3,19,2475,AA,LAX,3,-44,-6,155,155,51
-1,1,12,3,18,2475,B6,LAX,3,-44,-6,155,155,51
22,1,12,3,21,2475,DL,LAX,3,-44,-6,155,155,51
0,1,12,3,15,2475,UA,LAX,3,-44,-6,155,155,51
-3,1,12,3,20,2475,UA,LAX,3,-44,-6,155,155,51
7,1,12,3,18,2475,UA,LAX,3,-44,-6,155,155,51
-3,1,23,7,6,2475,UA,LAX,8,-117,-44,0,0,43
88,1,23,7,20,2475,UA,LAX,8,-117,-44,0,0,43
-6,1,23,7,8,2475,UA,LAX,8,-117,-44,0,0,43
-3,1,23,7,18,2475,UA,LAX,8,-117,-44,0,0,43
42,1,23,7,15,2475,UA,LAX,8,-117,-44,0,0,43
-4,1,23,7,11,2475,UA,LAX,8,-117,-44,0,0,43
10,1,23,7,15,2475,AA,LAX,8,-117,-44,0,0,43
-5,1,23,7,7,2475,B6,LAX,8,-117,-44,0,0,43
-4,1,23,7,15,2475,B6,LAX,8,-117,-44,0,0,43
-7,1,23,7,18,2475,B6,LAX,8,-117,-44,0,0,43
-5,1,23,7,19,2475,DL,LAX,8,-117,-44,0,0,43
1,1,23,7,9,2475,DL,LAX,8,-117,-44,0,0,43
-9,1,23,7,12,2475,DL,LAX,8,-117,-44,0,0,43
-9,1,23,7,21,2475,AA,LAX,8,-117,-44,0,0,43
-3,1,23,7,17,2475,DL,LAX,8,-117,-44,0,0,43
-2,1,23,7,7,2475,AA,LAX,8,-117,-44,0,0,43
-4,1,23,7,21,2475,DL,LAX,8,-117,-44,0,0,43
89,1,23,7,16,2475,AA,LAX,8,-117,-44,0,0,43
-5,1,23,7,9,2475,AA,LAX,8,-117,-44,0,0,43
-9,1,23,7,11,2475,AA,LAX,8,-117,-44,0,0,43
-2,1,23,7,19,2475,AA,LAX,8,-117,-44,0,0,43
8,1,23,7,15,2475,DL,LAX,8,-117,-44,0,0,43
-5,1,23,7,10,2475,AA,LAX,8,-117,-44,0,0,43
-7,1,23,7,6,2475,AA,LAX,8,-117,-44,0,0,43
-6,2,8,2,6,2475,UA,LAX,11,-78,50,28,0,55
-7,2,8,2,20,2475,UA,LAX,11,-78,50,28,0,55
-1,2,8,2,8,2475,UA,LAX,11,-78,50,28,0,55
-5,2,8,2,11,2475,UA,LAX,11,-78,50,28,0,55
5,2,8,2,18,2475,UA,LAX,11,-78,50,28,0,55
-2,2,8,2,15,2475,UA,LAX,11,-78,50,28,0,55
-8,2,8,2,7,2475,AA,LAX,11,-78,50,28,0,55
3,2,8,2,12,2475,DL,LAX,11,-78,50,28,0,55
-9,2,8,2,10,2475,AA,LAX,11,-78,50,28,0,55
-1,2,8,2,15,2475,DL,LAX,11,-78,50,28,0,55
0,2,8,2,16,2475,AA,LAX,11,-78,50,28,0,55
40,2,8,2,15,2475,AA,LAX,11,-78,50,28,0,55
-3,2,8,2,19,2475,AA,LAX,11,-78,50,28,0,55
-1,2,8,2,17,2475,DL,LAX,11,-78,50,28,0,55
-5,2,8,2,11,2475,AA,LAX,11,-78,50,28,0,55
-3,2,8,2,6,2475,AA,LAX,11,-78,50,28,0,55
-4,2,8,2,21,2475,DL,LAX,11,-78,50,28,0,55
-2,2,8,2,7,2475,B6,LAX,11,-78,50,28,0,55
-2,2,8,2,18,2475,B6,LAX,11,-78,50,28,0,55
18,2,8,2,19,2475,DL,LAX,11,-78,50,28,0,55
-4,2,8,2,7,2475,DL,LAX,11,-78,50,28,0,55
-4,2,8,2,9,2475,DL,LAX,11,-78,50,28,0,55
-2,2,8,2,21,2475,AA,LAX,11,-78,50,28,0,55
-3,2,8,2,13,2475,AA,LAX,11,-78,50,28,0,55
-4,2,8,2,9,2475,AA,LAX,11,-78,50,28,0,55
-8,2,11,5,9,2475,DL,LAX,8,-72,28,0,0,27
-7,2,11,5,12,2475,AA,LAX,8,-72,28,0,0,27
-5,2,11,5,7,2475,DL,LAX,8,-72,28,0,0,27
-4,2,11,5,19,2475,DL,LAX,8,-72,28,0,0,27
3,2,11,5,13,2475,AA,LAX,8,-72,28,0,0,27
87,2,11,5,21,2475,DL,LAX,8,-72,28,0,0,27
1,2,11,5,19,2475,AA,LAX,8,-72,28,0,0,27
-3,2,11,5,17,2475,DL,LAX,8,-72,28,0,0,27
3,2,11,5,17,2475,AA,LAX,8,-72,28,0,0,27
1,2,11,5,6,2475,AA,LAX,8,-72,28,0,0,27
-5,2,11,5,21,2475,AA,LAX,8,-72,28,0,0,27
3,2,11,5,12,2475,DL,LAX,8,-72,28,0,0,27
-2,2,11,5,15,2475,AA,LAX,8,-72,28,0,0,27
-4,2,11,5,7,2475,AA,LAX,8,-72,28,0,0,27
2,2,11,5,9,2475,AA,LAX,8,-72,28,0,0,27
-3,2,11,5,7,2475,B6,LAX,8,-72,28,0,0,27
-8,2,11,5,10,2475,AA,LAX,8,-72,28,0,0,27
11,2,11,5,15,2475,B6,LAX,8,-72,28,0,0,27
1,2,11,5,18,2475,B6,LAX,8,-72,28,0,0,27
-1,2,11,5,15,2475,DL,LAX,8,-72,28,0,0,27
-3,2,11,5,18,2475,UA,LAX,8,-72,28,0,0,27
-2,2,11,5,20,2475,UA,LAX,8,-72,28,0,0,27
-2,2,11,5,15,2475,UA,LAX,8,-72,28,0,0,27
-4,2,11,5,11,2475,UA,LAX,8,-72,28,0,0,27
-6,2,11,5,8,2475,UA,LAX,8,-72,28,0,0,27
-3,2,11,5,6,2475,UA,LAX,8,-72,28,0,0,27
-4,2,19,6,15,2475,UA,LAX,0,-50,122,0,0,71
54,2,19,6,6,2475,UA,LAX,0,-50,122,0,0,71
-3,2,19,6,11,2475,UA,LAX,0,-50,122,0,0,71
-2,2,19,6,8,2475,UA,LAX,0,-50,122,0,0,71
44,2,19,6,18,2475,UA,LAX,0,-50,122,0,0,71
-3,2,19,6,12,2475,AA,LAX,0,-50,122,0,0,71
39,2,19,6,19,2475,DL,LAX,0,-50,122,0,0,71
2,2,19,6,7,2475,AA,LAX,0,-50,122,0,0,71
192,2,19,6,21,2475,DL,LAX,0,-50,122,0,0,71
-5,2,19,6,17,2475,DL,LAX,0,-50,122,0,0,71
-3,2,19,6,15,2475,DL,LAX,0,-50,122,0,0,71
35,2,19,6,15,2475,AA,LAX,0,-50,122,0,0,71
75,2,19,6,18,2475,B6,LAX,0,-50,122,0,0,71
2,2,19,6,15,2475,B6,LAX,0,-50,122,0,0,71
44,2,19,6,19,2475,AA,LAX,0,-50,122,0,0,71
-3,2,19,6,12,2475,DL,LAX,0,-50,122,0,0,71
4,2,19,6,13,2475,AA,LAX,0,-50,122,0,0,71
-3,2,19,6,9,2475,DL,LAX,0,-50,122,0,0,71
-1,2,19,6,9,2475,AA,LAX,0,-50,122,0,0,71
45,2,19,6,17,2475,AA,LAX,0,-50,122,0,0,71
2,2,19,6,6,2475,AA,LAX,0,-50,122,0,0,71
-4,2,22,2,7,2475,AA,LAX,3,-89,22,0,0,32
4,2,22,2,10,2475,AA,LAX,3,-89,22,0,0,32
0,2,22,2,21,2475,AA,LAX,3,-89,22,0,0,32
0,2,22,2,17,2475,AA,LAX,3,-89,22,0,0,32
-2,2,22,2,6,2475,AA,LAX,3,-89,22,0,0,32
0,2,22,2,13,2475,AA,LAX,3,-89,22,0,0,32
26,2,22,2,15,2475,B6,LAX,3,-89,22,0,0,32
5,2,22,2,18,2475,B6,LAX,3,-89,22,0,0,32
-1,2,22,2,19,2475,AA,LAX,3,-89,22,0,0,32
-8,2,22,2,12,2475,AA,LAX,3,-89,22,0,0,32
22,2,22,2,15,2475,AA,LAX,3,-89,22,0,0,32
-15,2,22,2,9,2475,AA,LAX,3,-89,22,0,0,32
2,2,22,2,7,2475,B6,LAX,3,-89,22,0,0,32
3,2,22,2,6,2475,UA,LAX,3,-89,22,0,0,32
4,2,22,2,15,2475,DL,LAX,3,-89,22,0,0,32
3,2,22,2,17,2475,DL,LAX,3,-89,22,0,0,32
-3,2,22,2,8,2475,UA,LAX,3,-89,22,0,0,32
-1,2,22,2,21,2475,DL,LAX,3,-89,22,0,0,32
-4,2,22,2,19,2475,DL,LAX,3,-89,22,0,0,32
-5,2,22,2,7,2475,DL,LAX,3,-89,22,0,0,32
-7,2,22,2,9,2475,DL,LAX,3,-89,22,0,0,32
66,2,22,2,12,2475,DL,LAX,3,-89,22,0,0,32
0,2,22,2,11,2475,UA,LAX,3,-89,22,0,0,32
4,2,22,2,20,2475,UA,LAX,3,-89,22,0,0,32
-5,2,22,2,15,2475,UA,LAX,3,-89,22,0,0,32
-3,2,22,2,18,2475,UA,LAX,3,-89,22,0,0,32
-2,3,7,1,6,2475,UA,LAX,16,11,117,20,0,46
0,3,7,1,20,2475,UA,LAX,16,11,117,20,0,46
-5,3,7,1,15,2475,UA,LAX,16,11,117,20,0,46
0,3,7,1,8,2475,UA,LAX,16,11,117,20,0,46
3,3,7,1,18,2475,UA,LAX,16,11,117,20,0,46
-5,3,7,1,11,2475,UA,LAX,16,11,117,20,0,46
-2,3,7,1,6,2475,UA,LAX,16,11,117,20,0,46
0,3,7,1,20,2475,UA,LAX,16,11,117,20,0,46
-5,3,7,1,15,2475,UA,LAX,16,11,117,20,0,46
0,3,7,1,8,2475,UA,LAX,16,11,117,20,0,46
3,3,7,1,18,2475,UA,LAX,16,11,117,20,0,46
-5,3,7,1,11,2475,UA,LAX,16,11,117,20,0,46
-2,3,7,1,6,2475,UA,LAX,16,11,117,20,0,46
0,3,7,1,20,2475,UA,LAX,16,11,117,20,0,46
-5,3,7,1,15,2475,UA,LAX,16,11,117,20,0,46
0,3,7,1,8,2475,UA,LAX,16,11,117,20,0,46
3,3,7,1,18,2475,UA,LAX,16,11,117,20,0,46
-5,3,7,1,11,2475,UA,LAX,16,11,117,20,0,46
-2,3,7,1,15,2475,DL,LAX,16,11,117,20,0,46
-6,3,7,1,21,2475,DL,LAX,16,11,117,20,0,46
-5,3,7,1,19,2475,DL,LAX,16,11,117,20,0,46
0,3,7,1,17,2475,DL,LAX,16,11,117,20,0,46
-5,3,7,1,7,2475,DL,LAX,16,11,117,20,0,46
-5,3,7,1,9,2475,DL,LAX,16,11,117,20,0,46
0,3,7,1,12,2475,DL,LAX,16,11,117,20,0,46
-2,3,7,1,15,2475,DL,LAX,16,11,117,20,0,46
-6,3,7,1,21,2475,DL,LAX,16,11,117,20,0,46
-5,3,7,1,19,2475,DL,LAX,16,11,117,20,0,46
0,3,7,1,17,2475,DL,LAX,16,11,117,20,0,46
-5,3,7,1,7,2475,DL,LAX,16,11,117,20,0,46
-5,3,7,1,9,2475,DL,LAX,16,11,117,20,0,46
0,3,7,1,12,2475,DL,LAX,16,11,117,20,0,46
2,3,7,1,7,2475,B6,LAX,16,11,117,20,0,46
-3,3,7,1,18,2475,B6,LAX,16,11,117,20,0,46
12,3,7,1,15,2475,B6,LAX,16,11,117,20,0,46
-6,3,7,1,9,2475,AA,LAX,16,11,117,20,0,46
-4,3,7,1,17,2475,AA,LAX,16,11,117,20,0,46
0,3,7,1,13,2475,AA,LAX,16,11,117,20,0,46
-4,3,7,1,6,2475,AA,LAX,16,11,117,20,0,46
-4,3,7,1,19,2475,AA,LAX,16,11,117,20,0,46
-2,3,7,1,10,2475,AA,LAX,16,11,117,20,0,46
-7,3,7,1,12,2475,AA,LAX,16,11,117,20,0,46
-2,3,7,1,7,2475,AA,LAX,16,11,117,20,0,46
-8,3,7,1,21,2475,AA,LAX,16,11,117,20,0,46
-3,3,7,1,15,2475,AA,LAX,16,11,117,20,0,46
-3,3,7,1,15,2475,AA,LAX,16,11,117,20,0,46
0,3,7,1,13,2475,AA,LAX,16,11,117,20,0,46
-7,3,7,1,12,2475,AA,LAX,16,11,117,20,0,46
-8,3,7,1,21,2475,AA,LAX,16,11,117,20,0,46
-4,3,7,1,19,2475,AA,LAX,16,11,117,20,0,46
12,3,7,1,15,2475,B6,LAX,16,11,117,20,0,46
2,3,7,1,7,2475,B6,LAX,16,11,117,20,0,46
-2,3,7,1,10,2475,AA,LAX,16,11,117,20,0,46
-6,3,7,1,9,2475,AA,LAX,16,11,117,20,0,46
-4,3,7,1,6,2475,AA,LAX,16,11,117,20,0,46
-2,3,7,1,7,2475,AA,LAX,16,11,117,20,0,46
-4,3,7,1,17,2475,AA,LAX,16,11,117,20,0,46
-3,3,7,1,18,2475,B6,LAX,16,11,117,20,0,46
0,3,7,1,17,2475,DL,LAX,16,11,117,20,0,46
0,3,7,1,12,2475,DL,LAX,16,11,117,20,0,46
-2,3,7,1,10,2475,AA,LAX,16,11,117,20,0,46
-3,3,7,1,18,2475,B6,LAX,16,11,117,20,0,46
-5,3,7,1,9,2475,DL,LAX,16,11,117,20,0,46
12,3,7,1,15,2475,B6,LAX,16,11,117,20,0,46
-5,3,7,1,7,2475,DL,LAX,16,11,117,20,0,46
0,3,7,1,13,2475,AA,LAX,16,11,117,20,0,46
-2,3,7,1,7,2475,AA,LAX,16,11,117,20,0,46
-3,3,7,1,15,2475,AA,LAX,16,11,117,20,0,46
-6,3,7,1,9,2475,AA,LAX,16,11,117,20,0,46
-4,3,7,1,17,2475,AA,LAX,16,11,117,20,0,46
-8,3,7,1,21,2475,AA,LAX,16,11,117,20,0,46
-7,3,7,1,12,2475,AA,LAX,16,11,117,20,0,46
-4,3,7,1,19,2475,AA,LAX,16,11,117,20,0,46
-6,3,7,1,21,2475,DL,LAX,16,11,117,20,0,46
-4,3,7,1,6,2475,AA,LAX,16,11,117,20,0,46
-2,3,7,1,15,2475,DL,LAX,16,11,117,20,0,46
2,3,7,1,7,2475,B6,LAX,16,11,117,20,0,46
-5,3,7,1,19,2475,DL,LAX,16,11,117,20,0,46
27,3,10,4,17,2475,AA,LAX,19,33,117,272,0,48
-8,3,10,4,9,2475,AA,LAX,19,33,117,272,0,48
151,3,10,4,19,2475,AA,LAX,19,33,117,272,0,48
-2,3,10,4,13,2475,AA,LAX,19,33,117,272,0,48
-10,3,10,4,10,2475,AA,LAX,19,33,117,272,0,48
164,3,10,4,21,2475,AA,LAX,19,33,117,272,0,48
-1,3,10,4,7,2475,AA,LAX,19,33,117,272,0,48
18,3,10,4,6,2475,AA,LAX,19,33,117,272,0,48
-9,3,10,4,12,2475,AA,LAX,19,33,117,272,0,48
25,3,10,4,15,2475,AA,LAX,19,33,117,272,0,48
-1,3,10,4,7,2475,AA,LAX,19,33,117,272,0,48
-9,3,10,4,12,2475,AA,LAX,19,33,117,272,0,48
0,3,10,4,18,2475,B6,LAX,19,33,117,272,0,48
-1,3,10,4,15,2475,B6,LAX,19,33,117,272,0,48
-6,3,10,4,7,2475,B6,LAX,19,33,117,272,0,48
-10,3,10,4,10,2475,AA,LAX,19,33,117,272,0,48
-8,3,10,4,9,2475,AA,LAX,19,33,117,272,0,48
18,3,10,4,6,2475,AA,LAX,19,33,117,272,0,48
151,3,10,4,19,2475,AA,LAX,19,33,117,272,0,48
164,3,10,4,21,2475,AA,LAX,19,33,117,272,0,48
27,3,10,4,17,2475,AA,LAX,19,33,117,272,0,48
-3,3,10,4,12,2475,DL,LAX,19,33,117,272,0,48
-6,3,10,4,9,2475,DL,LAX,19,33,117,272,0,48
-2,3,10,4,7,2475,DL,LAX,19,33,117,272,0,48
35,3,10,4,19,2475,DL,LAX,19,33,117,272,0,48
0,3,10,4,21,2475,DL,LAX,19,33,117,272,0,48
-5,3,10,4,17,2475,DL,LAX,19,33,117,272,0,48
-3,3,10,4,15,2475,DL,LAX,19,33,117,272,0,48
25,3,10,4,15,2475,AA,LAX,19,33,117,272,0,48
-2,3,10,4,13,2475,AA,LAX,19,33,117,272,0,48
-2,3,10,4,7,2475,DL,LAX,19,33,117,272,0,48
-3,3,10,4,12,2475,DL,LAX,19,33,117,272,0,48
-6,3,10,4,9,2475,DL,LAX,19,33,117,272,0,48
35,3,10,4,19,2475,DL,LAX,19,33,117,272,0,48
0,3,10,4,21,2475,DL,LAX,19,33,117,272,0,48
-5,3,10,4,17,2475,DL,LAX,19,33,117,272,0,48
-3,3,10,4,15,2475,DL,LAX,19,33,117,272,0,48
0,3,10,4,18,2475,B6,LAX,19,33,117,272,0,48
-1,3,10,4,15,2475,B6,LAX,19,33,117,272,0,48
-6,3,10,4,7,2475,B6,LAX,19,33,117,272,0,48
-6,3,10,4,9,2475,DL,LAX,19,33,117,272,0,48
-3,3,10,4,15,2475,DL,LAX,19,33,117,272,0,48
-5,3,10,4,17,2475,DL,LAX,19,33,117,272,0,48
0,3,10,4,21,2475,DL,LAX,19,33,117,272,0,48
35,3,10,4,19,2475,DL,LAX,19,33,117,272,0,48
-2,3,10,4,7,2475,DL,LAX,19,33,117,272,0,48
-3,3,10,4,12,2475,DL,LAX,19,33,117,272,0,48
-7,3,10,4,6,2475,UA,LAX,19,33,117,272,0,48
17,3,10,4,18,2475,UA,LAX,19,33,117,272,0,48
-5,3,10,4,11,2475,UA,LAX,19,33,117,272,0,48
-6,3,10,4,15,2475,UA,LAX,19,33,117,272,0,48
154,3,10,4,20,2475,UA,LAX,19,33,117,272,0,48
-3,3,10,4,8,2475,UA,LAX,19,33,117,272,0,48
-7,3,10,4,6,2475,UA,LAX,19,33,117,272,0,48
17,3,10,4,18,2475,UA,LAX,19,33,117,272,0,48
-5,3,10,4,11,2475,UA,LAX,19,33,117,272,0,48
-6,3,10,4,15,2475,UA,LAX,19,33,117,272,0,48
154,3,10,4,20,2475,UA,LAX,19,33,117,272,0,48
-3,3,10,4,8,2475,UA,LAX,19,33,117,272,0,48
-7,3,10,4,6,2475,UA,LAX,19,33,117,272,0,48
17,3,10,4,18,2475,UA,LAX,19,33,117,272,0,48
-5,3,10,4,11,2475,UA,LAX,19,33,117,272,0,48
-6,3,10,4,15,2475,UA,LAX,19,33,117,272,0,48
154,3,10,4,20,2475,UA,LAX,19,33,117,272,0,48
-3,3,10,4,8,2475,UA,LAX,19,33,117,272,0,48
-1,3,10,4,7,2475,AA,LAX,19,33,117,272,0,48
-10,3,10,4,10,2475,AA,LAX,19,33,117,272,0,48
0,3,10,4,18,2475,B6,LAX,19,33,117,272,0,48
25,3,10,4,15,2475,AA,LAX,19,33,117,272,0,48
-6,3,10,4,7,2475,B6,LAX,19,33,117,272,0,48
151,3,10,4,19,2475,AA,LAX,19,33,117,272,0,48
27,3,10,4,17,2475,AA,LAX,19,33,117,272,0,48
-9,3,10,4,12,2475,AA,LAX,19,33,117,272,0,48
-8,3,10,4,9,2475,AA,LAX,19,33,117,272,0,48
-1,3,10,4,15,2475,B6,LAX,19,33,117,272,0,48
-2,3,10,4,13,2475,AA,LAX,19,33,117,272,0,48
164,3,10,4,21,2475,AA,LAX,19,33,117,272,0,48
18,3,10,4,6,2475,AA,LAX,19,33,117,272,0,48
36,3,18,5,21,2475,AA,LAX,27,106,250,0,0,36
-1,3,18,5,15,2475,B6,LAX,27,106,250,0,0,36
-6,3,18,5,18,2475,B6,LAX,27,106,250,0,0,36
-1,3,18,5,19,2475,AA,LAX,27,106,250,0,0,36
-1,3,18,5,13,2475,AA,LAX,27,106,250,0,0,36
2,3,18,5,9,2475,AA,LAX,27,106,250,0,0,36
0,3,18,5,17,2475,AA,LAX,27,106,250,0,0,36
-6,3,18,5,7,2475,AA,LAX,27,106,250,0,0,36
-5,3,18,5,6,2475,AA,LAX,27,106,250,0,0,36
-9,3,18,5,12,2475,AA,LAX,27,106,250,0,0,36
120,3,18,5,15,2475,AA,LAX,27,106,250,0,0,36
-11,3,18,5,10,2475,AA,LAX,27,106,250,0,0,36
5,3,18,5,7,2475,B6,LAX,27,106,250,0,0,36
-3,3,18,5,8,2475,UA,LAX,27,106,250,0,0,36
-3,3,18,5,15,2475,UA,LAX,27,106,250,0,0,36
48,3,18,5,20,2475,UA,LAX,27,106,250,0,0,36
-6,3,18,5,6,2475,UA,LAX,27,106,250,0,0,36
-3,3,18,5,11,2475,UA,LAX,27,106,250,0,0,36
-6,3,18,5,18,2475,UA,LAX,27,106,250,0,0,36
-3,3,18,5,8,2475,UA,LAX,27,106,250,0,0,36
-3,3,18,5,15,2475,UA,LAX,27,106,250,0,0,36
48,3,18,5,20,2475,UA,LAX,27,106,250,0,0,36
-6,3,18,5,6,2475,UA,LAX,27,106,250,0,0,36
-3,3,18,5,11,2475,UA,LAX,27,106,250,0,0,36
-6,3,18,5,18,2475,UA,LAX,27,106,250,0,0,36
-2,3,18,5,7,2475,DL,LAX,27,106,250,0,0,36
0,3,18,5,9,2475,DL,LAX,27,106,250,0,0,36
2,3,18,5,15,2475,DL,LAX,27,106,250,0,0,36
-4,3,18,5,21,2475,DL,LAX,27,106,250,0,0,36
-1,3,18,5,19,2475,DL,LAX,27,106,250,0,0,36
-6,3,18,5,12,2475,DL,LAX,27,106,250,0,0,36
2,3,18,5,17,2475,DL,LAX,27,106,250,0,0,36
-6,3,18,5,12,2475,DL,LAX,27,106,250,0,0,36
2,3,18,5,17,2475,DL,LAX,27,106,250,0,0,36
-2,3,18,5,7,2475,DL,LAX,27,106,250,0,0,36
-1,3,18,5,19,2475,DL,LAX,27,106,250,0,0,36
0,3,18,5,9,2475,DL,LAX,27,106,250,0,0,36
-6,3,18,5,18,2475,B6,LAX,27,106,250,0,0,36
-1,3,18,5,15,2475,B6,LAX,27,106,250,0,0,36
5,3,18,5,7,2475,B6,LAX,27,106,250,0,0,36
2,3,18,5,15,2475,DL,LAX,27,106,250,0,0,36
-4,3,18,5,21,2475,DL,LAX,27,106,250,0,0,36
2,3,18,5,15,2475,DL,LAX,27,106,250,0,0,36
2,3,18,5,9,2475,AA,LAX,27,106,250,0,0,36
120,3,18,5,15,2475,AA,LAX,27,106,250,0,0,36
-6,3,18,5,12,2475,DL,LAX,27,106,250,0,0,36
-1,3,18,5,19,2475,AA,LAX,27,106,250,0,0,36
-2,3,18,5,7,2475,DL,LAX,27,106,250,0,0,36
-4,3,18,5,21,2475,DL,LAX,27,106,250,0,0,36
-11,3,18,5,10,2475,AA,LAX,27,106,250,0,0,36
-1,3,18,5,13,2475,AA,LAX,27,106,250,0,0,36
-1,3,18,5,19,2475,DL,LAX,27,106,250,0,0,36
-9,3,18,5,12,2475,AA,LAX,27,106,250,0,0,36
0,3,18,5,9,2475,DL,LAX,27,106,250,0,0,36
5,3,18,5,7,2475,B6,LAX,27,106,250,0,0,36
-1,3,18,5,15,2475,B6,LAX,27,106,250,0,0,36
36,3,18,5,21,2475,AA,LAX,27,106,250,0,0,36
-5,3,18,5,6,2475,AA,LAX,27,106,250,0,0,36
2,3,18,5,17,2475,DL,LAX,27,106,250,0,0,36
-6,3,18,5,18,2475,B6,LAX,27,106,250,0,0,36
0,3,18,5,17,2475,AA,LAX,27,106,250,0,0,36
-6,3,18,5,7,2475,AA,LAX,27,106,250,0,0,36
-1,3,18,5,13,2475,AA,LAX,27,106,250,0,0,36
-5,3,18,5,6,2475,AA,LAX,27,106,250,0,0,36
-9,3,18,5,12,2475,AA,LAX,27,106,250,0,0,36
120,3,18,5,15,2475,AA,LAX,27,106,250,0,0,36
36,3,18,5,21,2475,AA,LAX,27,106,250,0,0,36
-6,3,18,5,7,2475,AA,LAX,27,106,250,0,0,36
-11,3,18,5,10,2475,AA,LAX,27,106,250,0,0,36
2,3,18,5,9,2475,AA,LAX,27,106,250,0,0,36
0,3,18,5,17,2475,AA,LAX,27,106,250,0,0,36
-1,3,18,5,19,2475,AA,LAX,27,106,250,0,0,36
-3,3,18,5,8,2475,UA,LAX,27,106,250,0,0,36
-3,3,18,5,15,2475,UA,LAX,27,106,250,0,0,36
48,3,18,5,20,2475,UA,LAX,27,106,250,0,0,36
-6,3,18,5,6,2475,UA,LAX,27,106,250,0,0,36
-3,3,18,5,11,2475,UA,LAX,27,106,250,0,0,36
-6,3,18,5,18,2475,UA,LAX,27,106,250,0,0,36
4,3,21,1,11,2475,UA,LAX,30,22,72,112,0,22
-6,3,21,1,6,2475,UA,LAX,30,22,72,112,0,22
35,3,21,1,20,2475,UA,LAX,30,22,72,112,0,22
-2,3,21,1,8,2475,UA,LAX,30,22,72,112,0,22
-2,3,21,1,18,2475,UA,LAX,30,22,72,112,0,22
-1,3,21,1,15,2475,UA,LAX,30,22,72,112,0,22
211,3,21,1,18,2475,B6,LAX,30,22,72,112,0,22
-5,3,21,1,21,2475,DL,LAX,30,22,72,112,0,22
3,3,21,1,19,2475,DL,LAX,30,22,72,112,0,22
-9,3,21,1,9,2475,AA,LAX,30,22,72,112,0,22
-6,3,21,1,12,2475,AA,LAX,30,22,72,112,0,22
-3,3,21,1,10,2475,AA,LAX,30,22,72,112,0,22
23,3,21,1,19,2475,AA,LAX,30,22,72,112,0,22
-5,3,21,1,17,2475,DL,LAX,30,22,72,112,0,22
-3,3,21,1,7,2475,DL,LAX,30,22,72,112,0,22
-2,3,21,1,9,2475,DL,LAX,30,22,72,112,0,22
-4,3,21,1,12,2475,DL,LAX,30,22,72,112,0,22
-6,3,21,1,7,2475,AA,LAX,30,22,72,112,0,22
31,3,21,1,13,2475,AA,LAX,30,22,72,112,0,22
1,3,21,1,15,2475,AA,LAX,30,22,72,112,0,22
13,3,21,1,17,2475,AA,LAX,30,22,72,112,0,22
4,3,21,1,15,2475,DL,LAX,30,22,72,112,0,22
12,3,21,1,21,2475,AA,LAX,30,22,72,112,0,22
2,3,21,1,6,2475,AA,LAX,30,22,72,112,0,22
-6,3,21,1,7,2475,B6,LAX,30,22,72,112,0,22
-2,3,21,1,15,2475,B6,LAX,30,22,72,112,0,22
-3,3,21,1,7,2475,DL,LAX,30,22,72,112,0,22
-5,3,21,1,17,2475,DL,LAX,30,22,72,112,0,22
-4,3,21,1,12,2475,DL,LAX,30,22,72,112,0,22
-6,3,21,1,7,2475,B6,LAX,30,22,72,112,0,22
3,3,21,1,19,2475,DL,LAX,30,22,72,112,0,22
-5,3,21,1,21,2475,DL,LAX,30,22,72,112,0,22
4,3,21,1,15,2475,DL,LAX,30,22,72,112,0,22
211,3,21,1,18,2475,B6,LAX,30,22,72,112,0,22
-2,3,21,1,15,2475,B6,LAX,30,22,72,112,0,22
-2,3,21,1,9,2475,DL,LAX,30,22,72,112,0,22
4,3,21,1,15,2475,DL,LAX,30,22,72,112,0,22
-4,3,21,1,12,2475,DL,LAX,30,22,72,112,0,22
-2,3,21,1,9,2475,DL,LAX,30,22,72,112,0,22
-3,3,21,1,7,2475,DL,LAX,30,22,72,112,0,22
-5,3,21,1,17,2475,DL,LAX,30,22,72,112,0,22
3,3,21,1,19,2475,DL,LAX,30,22,72,112,0,22
-5,3,21,1,21,2475,DL,LAX,30,22,72,112,0,22
4,3,21,1,11,2475,UA,LAX,30,22,72,112,0,22
-6,3,21,1,6,2475,UA,LAX,30,22,72,112,0,22
35,3,21,1,20,2475,UA,LAX,30,22,72,112,0,22
-2,3,21,1,8,2475,UA,LAX,30,22,72,112,0,22
-2,3,21,1,18,2475,UA,LAX,30,22,72,112,0,22
-1,3,21,1,15,2475,UA,LAX,30,22,72,112,0,22
4,3,21,1,11,2475,UA,LAX,30,22,72,112,0,22
-6,3,21,1,6,2475,UA,LAX,30,22,72,112,0,22
35,3,21,1,20,2475,UA,LAX,30,22,72,112,0,22
-2,3,21,1,8,2475,UA,LAX,30,22,72,112,0,22
-2,3,21,1,18,2475,UA,LAX,30,22,72,112,0,22
-1,3,21,1,15,2475,UA,LAX,30,22,72,112,0,22
31,3,21,1,13,2475,AA,LAX,30,22,72,112,0,22
-2,3,21,1,15,2475,B6,LAX,30,22,72,112,0,22
-3,3,21,1,10,2475,AA,LAX,30,22,72,112,0,22
-9,3,21,1,9,2475,AA,LAX,30,22,72,112,0,22
211,3,21,1,18,2475,B6,LAX,30,22,72,112,0,22
13,3,21,1,17,2475,AA,LAX,30,22,72,112,0,22
23,3,21,1,19,2475,AA,LAX,30,22,72,112,0,22
-6,3,21,1,12,2475,AA,LAX,30,22,72,112,0,22
2,3,21,1,6,2475,AA,LAX,30,22,72,112,0,22
12,3,21,1,21,2475,AA,LAX,30,22,72,112,0,22
1,3,21,1,15,2475,AA,LAX,30,22,72,112,0,22
-6,3,21,1,7,2475,AA,LAX,30,22,72,112,0,22
-6,3,21,1,7,2475,B6,LAX,30,22,72,112,0,22
12,3,21,1,21,2475,AA,LAX,30,22,72,112,0,22
-6,3,21,1,12,2475,AA,LAX,30,22,72,112,0,22
-6,3,21,1,7,2475,AA,LAX,30,22,72,112,0,22
13,3,21,1,17,2475,AA,LAX,30,22,72,112,0,22
2,3,21,1,6,2475,AA,LAX,30,22,72,112,0,22
-9,3,21,1,9,2475,AA,LAX,30,22,72,112,0,22
23,3,21,1,19,2475,AA,LAX,30,22,72,112,0,22
31,3,21,1,13,2475,AA,LAX,30,22,72,112,0,22
-3,3,21,1,10,2475,AA,LAX,30,22,72,112,0,22
1,3,21,1,15,2475,AA,LAX,30,22,72,112,0,22
-5,3,29,2,13,2475,AA,LAX,38,-6,94,0,0,35
3,3,29,2,6,2475,AA,LAX,38,-6,94,0,0,35
-4,3,29,2,9,2475,AA,LAX,38,-6,94,0,0,35
-8,3,29,2,21,2475,AA,LAX,38,-6,94,0,0,35
-11,3,29,2,12,2475,AA,LAX,38,-6,94,0,0,35
0,3,29,2,10,2475,AA,LAX,38,-6,94,0,0,35
-6,3,29,2,17,2475,AA,LAX,38,-6,94,0,0,35
-6,3,29,2,19,2475,AA,LAX,38,-6,94,0,0,35
-1,3,29,2,15,2475,AA,LAX,38,-6,94,0,0,35
-4,3,29,2,7,2475,AA,LAX,38,-6,94,0,0,35
-6,3,29,2,8,2475,UA,LAX,38,-6,94,0,0,35
-4,3,29,2,6,2475,UA,LAX,38,-6,94,0,0,35
-3,3,29,2,11,2475,UA,LAX,38,-6,94,0,0,35
-2,3,29,2,15,2475,UA,LAX,38,-6,94,0,0,35
-1,3,29,2,20,2475,UA,LAX,38,-6,94,0,0,35
-4,3,29,2,17,2475,UA,LAX,38,-6,94,0,0,35
-6,3,29,2,8,2475,UA,LAX,38,-6,94,0,0,35
-4,3,29,2,6,2475,UA,LAX,38,-6,94,0,0,35
-3,3,29,2,11,2475,UA,LAX,38,-6,94,0,0,35
-2,3,29,2,15,2475,UA,LAX,38,-6,94,0,0,35
-1,3,29,2,20,2475,UA,LAX,38,-6,94,0,0,35
-4,3,29,2,17,2475,UA,LAX,38,-6,94,0,0,35
-5,3,29,2,12,2475,DL,LAX,38,-6,94,0,0,35
-6,3,29,2,7,2475,DL,LAX,38,-6,94,0,0,35
-4,3,29,2,19,2475,DL,LAX,38,-6,94,0,0,35
-4,3,29,2,21,2475,DL,LAX,38,-6,94,0,0,35
-5,3,29,2,15,2475,DL,LAX,38,-6,94,0,0,35
-7,3,29,2,9,2475,DL,LAX,38,-6,94,0,0,35
7,3,29,2,17,2475,DL,LAX,38,-6,94,0,0,35
-5,3,29,2,7,2475,B6,LAX,38,-6,94,0,0,35
-1,3,29,2,15,2475,B6,LAX,38,-6,94,0,0,35
13,3,29,2,18,2475,B6,LAX,38,-6,94,0,0,35
-5,3,29,2,12,2475,DL,LAX,38,-6,94,0,0,35
-7,3,29,2,9,2475,DL,LAX,38,-6,94,0,0,35
7,3,29,2,17,2475,DL,LAX,38,-6,94,0,0,35
-6,3,29,2,7,2475,DL,LAX,38,-6,94,0,0,35
-4,3,29,2,19,2475,DL,LAX,38,-6,94,0,0,35
-4,3,29,2,21,2475,DL,LAX,38,-6,94,0,0,35
-5,3,29,2,15,2475,DL,LAX,38,-6,94,0,0,35
-4,3,29,2,7,2475,AA,LAX,38,-6,94,0,0,35
-6,3,29,2,19,2475,AA,LAX,38,-6,94,0,0,35
-5,3,29,2,13,2475,AA,LAX,38,-6,94,0,0,35
-5,3,29,2,15,2475,DL,LAX,38,-6,94,0,0,35
-1,3,29,2,15,2475,AA,LAX,38,-6,94,0,0,35
-6,3,29,2,17,2475,AA,LAX,38,-6,94,0,0,35
-8,3,29,2,21,2475,AA,LAX,38,-6,94,0,0,35
-4,3,29,2,21,2475,DL,LAX,38,-6,94,0,0,35
0,3,29,2,10,2475,AA,LAX,38,-6,94,0,0,35
-4,3,29,2,19,2475,DL,LAX,38,-6,94,0,0,35
13,3,29,2,18,2475,B6,LAX,38,-6,94,0,0,35
-1,3,29,2,15,2475,B6,LAX,38,-6,94,0,0,35
-5,3,29,2,7,2475,B6,LAX,38,-6,94,0,0,35
-4,3,29,2,9,2475,AA,LAX,38,-6,94,0,0,35
3,3,29,2,6,2475,AA,LAX,38,-6,94,0,0,35
-6,3,29,2,7,2475,DL,LAX,38,-6,94,0,0,35
7,3,29,2,17,2475,DL,LAX,38,-6,94,0,0,35
-7,3,29,2,9,2475,DL,LAX,38,-6,94,0,0,35
-11,3,29,2,12,2475,AA,LAX,38,-6,94,0,0,35
-5,3,29,2,12,2475,DL,LAX,38,-6,94,0,0,35
-6,3,29,2,8,2475,UA,LAX,38,-6,94,0,0,35
-4,3,29,2,6,2475,UA,LAX,38,-6,94,0,0,35
-3,3,29,2,11,2475,UA,LAX,38,-6,94,0,0,35
-2,3,29,2,15,2475,UA,LAX,38,-6,94,0,0,35
-1,3,29,2,20,2475,UA,LAX,38,-6,94,0,0,35
-4,3,29,2,17,2475,UA,LAX,38,-6,94,0,0,35
-8,3,29,2,21,2475,AA,LAX,38,-6,94,0,0,35
-11,3,29,2,12,2475,AA,LAX,38,-6,94,0,0,35
0,3,29,2,10,2475,AA,LAX,38,-6,94,0,0,35
3,3,29,2,6,2475,AA,LAX,38,-6,94,0,0,35
-6,3,29,2,19,2475,AA,LAX,38,-6,94,0,0,35
-4,3,29,2,9,2475,AA,LAX,38,-6,94,0,0,35
-4,3,29,2,7,2475,AA,LAX,38,-6,94,0,0,35
13,3,29,2,18,2475,B6,LAX,38,-6,94,0,0,35
-6,3,29,2,17,2475,AA,LAX,38,-6,94,0,0,35
-5,3,29,2,7,2475,B6,LAX,38,-6,94,0,0,35
-5,3,29,2,13,2475,AA,LAX,38,-6,94,0,0,35
-1,3,29,2,15,2475,B6,LAX,38,-6,94,0,0,35
-1,3,29,2,15,2475,AA,LAX,38,-6,94,0,0,35
-5,4,6,3,8,2475,UA,LAX,46,33,128,23,0,30
0,4,6,3,11,2475,UA,LAX,46,33,128,23,0,30
-6,4,6,3,6,2475,UA,LAX,46,33,128,23,0,30
-3,4,6,3,18,2475,UA,LAX,46,33,128,23,0,30
29,4,6,3,20,2475,UA,LAX,46,33,128,23,0,30
-3,4,6,3,15,2475,UA,LAX,46,33,128,23,0,30
-2,4,6,3,21,2475,DL,LAX,46,33,128,23,0,30
-3,4,6,3,19,2475,DL,LAX,46,33,128,23,0,30
1,4,6,3,9,2475,AA,LAX,46,33,128,23,0,30
-8,4,6,3,12,2475,AA,LAX,46,33,128,23,0,30
-8,4,6,3,10,2475,AA,LAX,46,33,128,23,0,30
66,4,6,3,19,2475,AA,LAX,46,33,128,23,0,30
-6,4,6,3,7,2475,AA,LAX,46,33,128,23,0,30
2,4,6,3,13,2475,AA,LAX,46,33,128,23,0,30
-2,4,6,3,15,2475,AA,LAX,46,33,128,23,0,30
-5,4,6,3,16,2475,AA,LAX,46,33,128,23,0,30
30,4,6,3,21,2475,AA,LAX,46,33,128,23,0,30
-6,4,6,3,6,2475,AA,LAX,46,33,128,23,0,30
-2,4,6,3,7,2475,B6,LAX,46,33,128,23,0,30
22,4,6,3,16,2475,B6,LAX,46,33,128,23,0,30
-5,4,6,3,18,2475,B6,LAX,46,33,128,23,0,30
0,4,6,3,15,2475,DL,LAX,46,33,128,23,0,30
-3,4,6,3,7,2475,DL,LAX,46,33,128,23,0,30
-1,4,6,3,9,2475,DL,LAX,46,33,128,23,0,30
-3,4,6,3,17,2475,DL,LAX,46,33,128,23,0,30
-5,4,6,3,12,2475,DL,LAX,46,33,128,23,0,30
24,4,17,7,16,2475,AA,LAX,41,100,161,84,0,42
23,4,17,7,15,2475,AA,LAX,41,100,161,84,0,42
-5,4,17,7,9,2475,AA,LAX,41,100,161,84,0,42
-4,4,17,7,6,2475,AA,LAX,41,100,161,84,0,42
-5,4,17,7,13,2475,AA,LAX,41,100,161,84,0,42
-5,4,17,7,12,2475,AA,LAX,41,100,161,84,0,42
-3,4,17,7,7,2475,AA,LAX,41,100,161,84,0,42
9,4,17,7,7,2475,B6,LAX,41,100,161,84,0,42
17,4,17,7,19,2475,AA,LAX,41,100,161,84,0,42
74,4,17,7,16,2475,B6,LAX,41,100,161,84,0,42
8,4,17,7,15,2475,DL,LAX,41,100,161,84,0,42
1,4,17,7,9,2475,DL,LAX,41,100,161,84,0,42
2,4,17,7,17,2475,DL,LAX,41,100,161,84,0,42
5,4,17,7,12,2475,DL,LAX,41,100,161,84,0,42
4,4,17,7,21,2475,DL,LAX,41,100,161,84,0,42
-3,4,17,7,10,2475,AA,LAX,41,100,161,84,0,42
5,4,17,7,19,2475,DL,LAX,41,100,161,84,0,42
0,4,17,7,21,2475,AA,LAX,41,100,161,84,0,42
-2,4,17,7,18,2475,B6,LAX,41,100,161,84,0,42
10,4,17,7,18,2475,UA,LAX,41,100,161,84,0,42
-2,4,17,7,8,2475,UA,LAX,41,100,161,84,0,42
-1,4,17,7,15,2475,UA,LAX,41,100,161,84,0,42
71,4,17,7,11,2475,UA,LAX,41,100,161,84,0,42
-7,4,17,7,20,2475,UA,LAX,41,100,161,84,0,42
1,4,20,3,6,2475,UA,LAX,38,72,183,0,0,26
-8,4,20,3,8,2475,UA,LAX,38,72,183,0,0,26
-6,4,20,3,15,2475,UA,LAX,38,72,183,0,0,26
-7,4,20,3,11,2475,UA,LAX,38,72,183,0,0,26
-7,4,20,3,20,2475,UA,LAX,38,72,183,0,0,26
-1,4,20,3,18,2475,UA,LAX,38,72,183,0,0,26
-3,4,20,3,7,2475,B6,LAX,38,72,183,0,0,26
25,4,20,3,15,2475,AA,LAX,38,72,183,0,0,26
-5,4,20,3,12,2475,AA,LAX,38,72,183,0,0,26
11,4,20,3,6,2475,AA,LAX,38,72,183,0,0,26
0,4,20,3,15,2475,DL,LAX,38,72,183,0,0,26
-1,4,20,3,7,2475,DL,LAX,38,72,183,0,0,26
-8,4,20,3,9,2475,DL,LAX,38,72,183,0,0,26
0,4,20,3,17,2475,DL,LAX,38,72,183,0,0,26
-1,4,20,3,12,2475,DL,LAX,38,72,183,0,0,26
-8,4,20,3,9,2475,AA,LAX,38,72,183,0,0,26
4,4,20,3,21,2475,DL,LAX,38,72,183,0,0,26
-4,4,20,3,19,2475,DL,LAX,38,72,183,0,0,26
2,4,20,3,16,2475,B6,LAX,38,72,183,0,0,26
-7,4,20,3,18,2475,B6,LAX,38,72,183,0,0,26
-7,4,20,3,13,2475,AA,LAX,38,72,183,0,0,26
0,4,20,3,7,2475,AA,LAX,38,72,183,0,0,26
0,4,20,3,19,2475,AA,LAX,38,72,183,0,0,26
-4,4,20,3,10,2475,AA,LAX,38,72,183,0,0,26
-6,4,20,3,21,2475,AA,LAX,38,72,183,0,0,26
4,4,20,3,16,2475,AA,LAX,38,72,183,0,0,26
0,4,28,4,7,2475,DL,LAX,30,161,222,79,0,32
4,4,28,4,15,2475,DL,LAX,30,161,222,79,0,32
105,4,28,4,18,2475,B6,LAX,30,161,222,79,0,32
-2,4,28,4,16,2475,B6,LAX,30,161,222,79,0,32
-1,4,28,4,7,2475,B6,LAX,30,161,222,79,0,32
0,4,28,4,6,2475,AA,LAX,30,161,222,79,0,32
132,4,28,4,21,2475,AA,LAX,30,161,222,79,0,32
11,4,28,4,15,2475,AA,LAX,30,161,222,79,0,32
0,4,28,4,13,2475,AA,LAX,30,161,222,79,0,32
-3,4,28,4,7,2475,AA,LAX,30,161,222,79,0,32
31,4,28,4,19,2475,AA,LAX,30,161,222,79,0,32
-7,4,28,4,10,2475,AA,LAX,30,161,222,79,0,32
37,4,28,4,12,2475,AA,LAX,30,161,222,79,0,32
1,4,28,4,9,2475,AA,LAX,30,161,222,79,0,32
-1,4,28,4,9,2475,DL,LAX,30,161,222,79,0,32
-5,4,28,4,6,2475,UA,LAX,30,161,222,79,0,32
21,4,28,4,11,2475,UA,LAX,30,161,222,79,0,32
5,4,28,4,15,2475,UA,LAX,30,161,222,79,0,32
35,4,28,4,18,2475,UA,LAX,30,161,222,79,0,32
-7,4,28,4,8,2475,UA,LAX,30,161,222,79,0,32
126,4,28,4,20,2475,UA,LAX,30,161,222,79,0,32
13,4,28,4,19,2475,DL,LAX,30,161,222,79,0,32
122,4,28,4,21,2475,DL,LAX,30,161,222,79,0,32
-1,4,28,4,12,2475,DL,LAX,30,161,222,79,0,32
119,4,28,4,17,2475,DL,LAX,30,161,222,79,0,32
-7,5,5,4,11,2475,B6,LAX,23,78,183,0,0,38
-5,5,5,4,7,2475,DL,LAX,23,78,183,0,0,38
0,5,5,4,15,2475,DL,LAX,23,78,183,0,0,38
-2,5,5,4,7,2475,B6,LAX,23,78,183,0,0,38
29,5,5,4,17,2475,DL,LAX,23,78,183,0,0,38
-3,5,5,4,16,2475,B6,LAX,23,78,183,0,0,38
0,5,5,4,20,2475,B6,LAX,23,78,183,0,0,38
15,5,5,4,19,2475,DL,LAX,23,78,183,0,0,38
51,5,5,4,21,2475,DL,LAX,23,78,183,0,0,38
-8,5,5,4,9,2475,DL,LAX,23,78,183,0,0,38
-9,5,5,4,12,2475,DL,LAX,23,78,183,0,0,38
90,5,5,4,15,2475,AA,LAX,23,78,183,0,0,38
-10,5,5,4,9,2475,AA,LAX,23,78,183,0,0,38
-4,5,5,4,12,2475,AA,LAX,23,78,183,0,0,38
-6,5,5,4,6,2475,AA,LAX,23,78,183,0,0,38
-1,5,5,4,10,2475,AA,LAX,23,78,183,0,0,38
74,5,5,4,19,2475,AA,LAX,23,78,183,0,0,38
56,5,5,4,21,2475,AA,LAX,23,78,183,0,0,38
-6,5,5,4,7,2475,AA,LAX,23,78,183,0,0,38
110,5,5,4,16,2475,AA,LAX,23,78,183,0,0,38
-4,5,5,4,13,2475,AA,LAX,23,78,183,0,0,38
-3,5,5,4,8,2475,UA,LAX,23,78,183,0,0,38
-8,5,5,4,20,2475,UA,LAX,23,78,183,0,0,38
1,5,5,4,15,2475,UA,LAX,23,78,183,0,0,38
65,5,5,4,18,2475,UA,LAX,23,78,183,0,0,38
-3,5,5,4,11,2475,UA,LAX,23,78,183,0,0,38
-9,5,5,4,6,2475,UA,LAX,23,78,183,0,0,38
13,5,16,1,8,2475,UA,LAX,12,117,167,43,0,43
0,5,16,1,20,2475,UA,LAX,12,117,167,43,0,43
32,5,16,1,15,2475,UA,LAX,12,117,167,43,0,43
-1,5,16,1,18,2475,UA,LAX,12,117,167,43,0,43
-5,5,16,1,6,2475,UA,LAX,12,117,167,43,0,43
-1,5,16,1,11,2475,UA,LAX,12,117,167,43,0,43
0,5,16,1,19,2475,DL,LAX,12,117,167,43,0,43
33,5,16,1,21,2475,DL,LAX,12,117,167,43,0,43
7,5,16,1,9,2475,DL,LAX,12,117,167,43,0,43
-5,5,16,1,12,2475,DL,LAX,12,117,167,43,0,43
-3,5,16,1,17,2475,DL,LAX,12,117,167,43,0,43
-4,5,16,1,11,2475,B6,LAX,12,117,167,43,0,43
-3,5,16,1,16,2475,B6,LAX,12,117,167,43,0,43
2,5,16,1,15,2475,DL,LAX,12,117,167,43,0,43
-1,5,16,1,7,2475,DL,LAX,12,117,167,43,0,43
-2,5,16,1,20,2475,B6,LAX,12,117,167,43,0,43
-4,5,16,1,7,2475,B6,LAX,12,117,167,43,0,43
-7,5,16,1,9,2475,AA,LAX,12,117,167,43,0,43
-7,5,16,1,12,2475,AA,LAX,12,117,167,43,0,43
3,5,16,1,7,2475,AA,LAX,12,117,167,43,0,43
0,5,16,1,19,2475,AA,LAX,12,117,167,43,0,43
19,5,16,1,16,2475,AA,LAX,12,117,167,43,0,43
-1,5,16,1,13,2475,AA,LAX,12,117,167,43,0,43
-3,5,16,1,15,2475,AA,LAX,12,117,167,43,0,43
13,5,16,1,21,2475,AA,LAX,12,117,167,43,0,43
-3,5,16,1,10,2475,AA,LAX,12,117,167,43,0,43
-6,5,16,1,6,2475,AA,LAX,12,117,167,43,0,43
11,5,27,5,13,2475,AA,LAX,1,183,283,0,0,23
3,5,27,5,6,2475,AA,LAX,1,183,283,0,0,23
-2,5,27,5,15,2475,AA,LAX,1,183,283,0,0,23
-6,5,27,5,10,2475,AA,LAX,1,183,283,0,0,23
42,5,27,5,21,2475,AA,LAX,1,183,283,0,0,23
9,5,27,5,9,2475,AA,LAX,1,183,283,0,0,23
-7,5,27,5,12,2475,AA,LAX,1,183,283,0,0,23
3,5,27,5,16,2475,AA,LAX,1,183,283,0,0,23
-2,5,27,5,19,2475,AA,LAX,1,183,283,0,0,23
-4,5,27,5,7,2475,AA,LAX,1,183,283,0,0,23
-2,5,27,5,15,2475,UA,LAX,1,183,283,0,0,23
-1,5,27,5,6,2475,UA,LAX,1,183,283,0,0,23
-4,5,27,5,18,2475,UA,LAX,1,183,283,0,0,23
-7,5,27,5,8,2475,UA,LAX,1,183,283,0,0,23
-4,5,27,5,11,2475,UA,LAX,1,183,283,0,0,23
2,5,27,5,20,2475,UA,LAX,1,183,283,0,0,23
0,5,27,5,11,2475,B6,LAX,1,183,283,0,0,23
1,5,27,5,7,2475,B6,LAX,1,183,283,0,0,23
0,5,27,5,7,2475,DL,LAX,1,183,283,0,0,23
-1,5,27,5,12,2475,DL,LAX,1,183,283,0,0,23
-5,5,27,5,9,2475,DL,LAX,1,183,283,0,0,23
17,5,27,5,21,2475,DL,LAX,1,183,283,0,0,23
-2,5,27,5,19,2475,DL,LAX,1,183,283,0,0,23
-1,5,27,5,17,2475,DL,LAX,1,183,283,0,0,23
0,5,27,5,15,2475,DL,LAX,1,183,283,0,0,23
76,5,27,5,20,2475,B6,LAX,1,183,283,0,0,23
3,5,27,5,16,2475,B6,LAX,1,183,283,0,0,23
43,5,30,1,7,2475,DL,LAX,2,211,300,74,0,20
-2,5,30,1,15,2475,DL,LAX,2,211,300,74,0,20
-1,5,30,1,17,2475,DL,LAX,2,211,300,74,0,20
81,5,30,1,20,2475,B6,LAX,2,211,300,74,0,20
29,5,30,1,16,2475,B6,LAX,2,211,300,74,0,20
0,5,30,1,7,2475,B6,LAX,2,211,300,74,0,20
-2,5,30,1,11,2475,B6,LAX,2,211,300,74,0,20
31,5,30,1,19,2475,DL,LAX,2,211,300,74,0,20
4,5,30,1,21,2475,DL,LAX,2,211,300,74,0,20
-5,5,30,1,9,2475,DL,LAX,2,211,300,74,0,20
-3,5,30,1,12,2475,DL,LAX,2,211,300,74,0,20
-4,5,30,1,9,2475,AA,LAX,2,211,300,74,0,20
18,5,30,1,21,2475,AA,LAX,2,211,300,74,0,20
-6,5,30,1,19,2475,AA,LAX,2,211,300,74,0,20
-4,5,30,1,12,2475,AA,LAX,2,211,300,74,0,20
-2,5,30,1,16,2475,AA,LAX,2,211,300,74,0,20
-9,5,30,1,13,2475,AA,LAX,2,211,300,74,0,20
14,5,30,1,7,2475,AA,LAX,2,211,300,74,0,20
-2,5,30,1,10,2475,AA,LAX,2,211,300,74,0,20
-1,5,30,1,6,2475,AA,LAX,2,211,300,74,0,20
3,5,30,1,15,2475,AA,LAX,2,211,300,74,0,20
-4,5,30,1,11,2475,UA,LAX,2,211,300,74,0,20
5,5,30,1,8,2475,UA,LAX,2,211,300,74,0,20
-4,5,30,1,6,2475,UA,LAX,2,211,300,74,0,20
-2,5,30,1,20,2475,UA,LAX,2,211,300,74,0,20
16,5,30,1,18,2475,UA,LAX,2,211,300,74,0,20
16,5,30,1,15,2475,UA,LAX,2,211,300,74,0,20
-7,6,4,6,9,2475,AA,LAX,3,150,239,0,0,22
-5,6,4,6,19,2475,DL,LAX,3,150,239,0,0,22
-6,6,4,6,9,2475,DL,LAX,3,150,239,0,0,22
-8,6,4,6,21,2475,AA,LAX,3,150,239,0,0,22
-4,6,4,6,7,2475,B6,LAX,3,150,239,0,0,22
1,6,4,6,16,2475,B6,LAX,3,150,239,0,0,22
-7,6,4,6,12,2475,AA,LAX,3,150,239,0,0,22
4,6,4,6,15,2475,DL,LAX,3,150,239,0,0,22
-4,6,4,6,20,2475,B6,LAX,3,150,239,0,0,22
1,6,4,6,17,2475,DL,LAX,3,150,239,0,0,22
6,6,4,6,13,2475,AA,LAX,3,150,239,0,0,22
-5,6,4,6,19,2475,AA,LAX,3,150,239,0,0,22
-4,6,4,6,6,2475,AA,LAX,3,150,239,0,0,22
-8,6,4,6,15,2475,AA,LAX,3,150,239,0,0,22
0,6,4,6,7,2475,AA,LAX,3,150,239,0,0,22
-4,6,4,6,16,2475,AA,LAX,3,150,239,0,0,22
-6,6,4,6,12,2475,DL,LAX,3,150,239,0,0,22
-1,6,4,6,6,2475,UA,LAX,3,150,239,0,0,22
-5,6,4,6,15,2475,UA,LAX,3,150,239,0,0,22
-5,6,4,6,18,2475,UA,LAX,3,150,239,0,0,22
-4,6,4,6,8,2475,UA,LAX,3,150,239,0,0,22
-6,6,4,6,11,2475,UA,LAX,3,150,239,0,0,22
9,6,15,3,8,2475,UA,LAX,8,133,283,0,0,22
-4,6,15,3,17,2475,UA,LAX,8,133,283,0,0,22
-2,6,15,3,11,2475,UA,LAX,8,133,283,0,0,22
0,6,15,3,6,2475,UA,LAX,8,133,283,0,0,22
-3,6,15,3,15,2475,UA,LAX,8,133,283,0,0,22
0,6,15,3,20,2475,UA,LAX,8,133,283,0,0,22
0,6,15,3,7,2475,DL,LAX,8,133,283,0,0,22
-4,6,15,3,15,2475,DL,LAX,8,133,283,0,0,22
0,6,15,3,9,2475,DL,LAX,8,133,283,0,0,22
-4,6,15,3,17,2475,DL,LAX,8,133,283,0,0,22
-2,6,15,3,20,2475,B6,LAX,8,133,283,0,0,22
-6,6,15,3,10,2475,AA,LAX,8,133,283,0,0,22
-3,6,15,3,19,2475,AA,LAX,8,133,283,0,0,22
-2,6,15,3,7,2475,AA,LAX,8,133,283,0,0,22
-6,6,15,3,7,2475,B6,LAX,8,133,283,0,0,22
-3,6,15,3,13,2475,AA,LAX,8,133,283,0,0,22
-6,6,15,3,12,2475,AA,LAX,8,133,283,0,0,22
5,6,15,3,11,2475,B6,LAX,8,133,283,0,0,22
6,6,15,3,16,2475,B6,LAX,8,133,283,0,0,22
7,6,15,3,15,2475,AA,LAX,8,133,283,0,0,22
-5,6,15,3,6,2475,AA,LAX,8,133,283,0,0,22
-2,6,15,3,9,2475,AA,LAX,8,133,283,0,0,22
-2,6,15,3,20,2475,AA,LAX,8,133,283,0,0,22
7,6,15,3,16,2475,AA,LAX,8,133,283,0,0,22
271,6,15,3,19,2475,DL,LAX,8,133,283,0,0,22
9,6,15,3,21,2475,DL,LAX,8,133,283,0,0,22
-5,6,15,3,12,2475,DL,LAX,8,133,283,0,0,22
7,6,26,7,19,2475,DL,LAX,8,189,261,0,0,19
6,6,26,7,6,2475,AA,LAX,8,189,261,0,0,19
-5,6,26,7,17,2475,DL,LAX,8,189,261,0,0,19
18,6,26,7,9,2475,DL,LAX,8,189,261,0,0,19
11,6,26,7,20,2475,AA,LAX,8,189,261,0,0,19
-3,6,26,7,12,2475,AA,LAX,8,189,261,0,0,19
8,6,26,7,16,2475,AA,LAX,8,189,261,0,0,19
12,6,26,7,15,2475,AA,LAX,8,189,261,0,0,19
-7,6,26,7,10,2475,AA,LAX,8,189,261,0,0,19
-2,6,26,7,13,2475,AA,LAX,8,189,261,0,0,19
-6,6,26,7,7,2475,AA,LAX,8,189,261,0,0,19
0,6,26,7,19,2475,AA,LAX,8,189,261,0,0,19
-5,6,26,7,7,2475,B6,LAX,8,189,261,0,0,19
-2,6,26,7,11,2475,B6,LAX,8,189,261,0,0,19
0,6,26,7,16,2475,B6,LAX,8,189,261,0,0,19
-2,6,26,7,21,2475,B6,LAX,8,189,261,0,0,19
-2,6,26,7,9,2475,B6,LAX,8,189,261,0,0,19
-10,6,26,7,9,2475,AA,LAX,8,189,261,0,0,19
-5,6,26,7,15,2475,DL,LAX,8,189,261,0,0,19
-6,6,26,7,12,2475,DL,LAX,8,189,261,0,0,19
-2,6,26,7,21,2475,DL,LAX,8,189,261,0,0,19
1,6,26,7,17,2475,UA,LAX,8,189,261,0,0,19
-6,6,26,7,8,2475,UA,LAX,8,189,261,0,0,19
-6,6,26,7,11,2475,UA,LAX,8,189,261,0,0,19
-5,6,26,7,15,2475,UA,LAX,8,189,261,0,0,19
-2,6,26,7,20,2475,UA,LAX,8,189,261,0,0,19
33,7,3,7,8,2475,UA,LAX,1,206,233,213,0,15
3,7,3,7,17,2475,UA,LAX,1,206,233,213,0,15
-7,7,3,7,11,2475,UA,LAX,1,206,233,213,0,15
30,7,3,7,15,2475,UA,LAX,1,206,233,213,0,15
-4,7,3,7,13,2475,AA,LAX,1,206,233,213,0,15
3,7,3,7,9,2475,AA,LAX,1,206,233,213,0,15
-6,7,3,7,12,2475,AA,LAX,1,206,233,213,0,15
9,7,3,7,19,2475,AA,LAX,1,206,233,213,0,15
-3,7,3,7,16,2475,AA,LAX,1,206,233,213,0,15
-4,7,3,7,15,2475,AA,LAX,1,206,233,213,0,15
0,7,3,7,7,2475,AA,LAX,1,206,233,213,0,15
-5,7,3,7,6,2475,AA,LAX,1,206,233,213,0,15
-3,7,3,7,10,2475,AA,LAX,1,206,233,213,0,15
17,7,3,7,20,2475,AA,LAX,1,206,233,213,0,15
-2,7,3,7,9,2475,B6,LAX,1,206,233,213,0,15
2,7,3,7,21,2475,DL,LAX,1,206,233,213,0,15
-1,7,3,7,19,2475,DL,LAX,1,206,233,213,0,15
47,7,3,7,21,2475,B6,LAX,1,206,233,213,0,15
-1,7,3,7,16,2475,B6,LAX,1,206,233,213,0,15
0,7,3,7,7,2475,B6,LAX,1,206,233,213,0,15
-3,7,3,7,17,2475,DL,LAX,1,206,233,213,0,15
-4,7,3,7,12,2475,DL,LAX,1,206,233,213,0,15
0,7,3,7,15,2475,DL,LAX,1,206,233,213,0,15
-2,7,3,7,9,2475,DL,LAX,1,206,233,213,0,15
40,7,14,4,19,2475,DL,LAX,10,178,289,0,0,31
-4,7,14,4,17,2475,DL,LAX,10,178,289,0,0,31
-2,7,14,4,7,2475,DL,LAX,10,178,289,0,0,31
-2,7,14,4,12,2475,DL,LAX,10,178,289,0,0,31
31,7,14,4,15,2475,DL,LAX,10,178,289,0,0,31
-6,7,14,4,9,2475,DL,LAX,10,178,289,0,0,31
-2,7,14,4,21,2475,DL,LAX,10,178,289,0,0,31
1,7,14,4,7,2475,B6,LAX,10,178,289,0,0,31
44,7,14,4,11,2475,B6,LAX,10,178,289,0,0,31
-3,7,14,4,16,2475,B6,LAX,10,178,289,0,0,31
55,7,14,4,21,2475,B6,LAX,10,178,289,0,0,31
-1,7,14,4,9,2475,B6,LAX,10,178,289,0,0,31
-1,7,14,4,7,2475,AA,LAX,10,178,289,0,0,31
24,7,14,4,15,2475,AA,LAX,10,178,289,0,0,31
-2,7,14,4,9,2475,AA,LAX,10,178,289,0,0,31
29,7,14,4,12,2475,AA,LAX,10,178,289,0,0,31
-6,7,14,4,10,2475,AA,LAX,10,178,289,0,0,31
36,7,14,4,20,2475,AA,LAX,10,178,289,0,0,31
-5,7,14,4,16,2475,AA,LAX,10,178,289,0,0,31
12,7,14,4,19,2475,AA,LAX,10,178,289,0,0,31
3,7,14,4,13,2475,AA,LAX,10,178,289,0,0,31
-4,7,14,4,6,2475,AA,LAX,10,178,289,0,0,31
-4,7,14,4,17,2475,UA,LAX,10,178,289,0,0,31
-4,7,14,4,11,2475,UA,LAX,10,178,289,0,0,31
-5,7,14,4,20,2475,UA,LAX,10,178,289,0,0,31
0,7,14,4,15,2475,UA,LAX,10,178,289,0,0,31
-6,7,14,4,8,2475,UA,LAX,10,178,289,0,0,31
15,7,25,1,19,2475,AA,LAX,21,200,267,81,0,24
26,7,25,1,10,2475,AA,LAX,21,200,267,81,0,24
0,7,25,1,6,2475,AA,LAX,21,200,267,81,0,24
9,7,25,1,13,2475,AA,LAX,21,200,267,81,0,24
92,7,25,1,16,2475,AA,LAX,21,200,267,81,0,24
-10,7,25,1,12,2475,AA,LAX,21,200,267,81,0,24
64,7,25,1,9,2475,AA,LAX,21,200,267,81,0,24
17,7,25,1,20,2475,AA,LAX,21,200,267,81,0,24
0,7,25,1,7,2475,AA,LAX,21,200,267,81,0,24
16,7,25,1,15,2475,AA,LAX,21,200,267,81,0,24
0,7,25,1,9,2475,DL,LAX,21,200,267,81,0,24
3,7,25,1,21,2475,DL,LAX,21,200,267,81,0,24
-3,7,25,1,12,2475,DL,LAX,21,200,267,81,0,24
-4,7,25,1,7,2475,B6,LAX,21,200,267,81,0,24
-2,7,25,1,11,2475,B6,LAX,21,200,267,81,0,24
48,7,25,1,16,2475,B6,LAX,21,200,267,81,0,24
5,7,25,1,15,2475,DL,LAX,21,200,267,81,0,24
91,7,25,1,21,2475,B6,LAX,21,200,267,81,0,24
-4,7,25,1,9,2475,B6,LAX,21,200,267,81,0,24
26,7,25,1,19,2475,DL,LAX,21,200,267,81,0,24
-3,7,25,1,17,2475,DL,LAX,21,200,267,81,0,24
-5,7,25,1,7,2475,DL,LAX,21,200,267,81,0,24
-4,7,25,1,6,2475,UA,LAX,21,200,267,81,0,24
8,7,25,1,8,2475,UA,LAX,21,200,267,81,0,24
56,7,25,1,20,2475,UA,LAX,21,200,267,81,0,24
15,7,25,1,17,2475,UA,LAX,21,200,267,81,0,24
-1,7,25,1,11,2475,UA,LAX,21,200,267,81,0,24
15,7,25,1,15,2475,UA,LAX,21,200,267,81,0,24
3,8,2,2,6,2475,UA,LAX,29,228,328,0,0,17
-1,8,2,2,9,2475,B6,LAX,29,228,328,0,0,17
-1,8,2,2,16,2475,B6,LAX,29,228,328,0,0,17
7,8,2,2,11,2475,B6,LAX,29,228,328,0,0,17
-4,8,2,2,7,2475,B6,LAX,29,228,328,0,0,17
-1,8,2,2,17,2475,DL,LAX,29,228,328,0,0,17
9,8,2,2,12,2475,AA,LAX,29,228,328,0,0,17
31,8,2,2,10,2475,AA,LAX,29,228,328,0,0,17
-1,8,2,2,16,2475,AA,LAX,29,228,328,0,0,17
6,8,2,2,7,2475,AA,LAX,29,228,328,0,0,17
0,8,2,2,13,2475,AA,LAX,29,228,328,0,0,17
1,8,2,2,21,2475,B6,LAX,29,228,328,0,0,17
6,8,2,2,12,2475,DL,LAX,29,228,328,0,0,17
2,8,2,2,15,2475,AA,LAX,29,228,328,0,0,17
-4,8,2,2,19,2475,DL,LAX,29,228,328,0,0,17
21,8,2,2,7,2475,DL,LAX,29,228,328,0,0,17
19,8,2,2,21,2475,DL,LAX,29,228,328,0,0,17
-3,8,2,2,9,2475,AA,LAX,29,228,328,0,0,17
-6,8,2,2,9,2475,DL,LAX,29,228,328,0,0,17
14,8,2,2,20,2475,AA,LAX,29,228,328,0,0,17
1,8,2,2,19,2475,AA,LAX,29,228,328,0,0,17
116,8,2,2,15,2475,DL,LAX,29,228,328,0,0,17
27,8,2,2,6,2475,AA,LAX,29,228,328,0,0,17
36,8,2,2,11,2475,UA,LAX,29,228,328,0,0,17
-4,8,2,2,15,2475,UA,LAX,29,228,328,0,0,17
-3,8,2,2,20,2475,UA,LAX,29,228,328,0,0,17
-2,8,2,2,8,2475,UA,LAX,29,228,328,0,0,17
-2,8,2,2,17,2475,UA,LAX,29,228,328,0,0,17
-2,8,13,6,11,2475,UA,LAX,21,206,294,0,0,13
-3,8,13,6,18,2475,UA,LAX,21,206,294,0,0,13
2,8,13,6,8,2475,UA,LAX,21,206,294,0,0,13
0,8,13,6,15,2475,UA,LAX,21,206,294,0,0,13
-3,8,13,6,19,2475,DL,LAX,21,206,294,0,0,13
-1,8,13,6,9,2475,DL,LAX,21,206,294,0,0,13
-3,8,13,6,15,2475,DL,LAX,21,206,294,0,0,13
-7,8,13,6,12,2475,DL,LAX,21,206,294,0,0,13
-2,8,13,6,17,2475,DL,LAX,21,206,294,0,0,13
-14,8,13,6,9,2475,AA,LAX,21,206,294,0,0,13
-1,8,13,6,16,2475,AA,LAX,21,206,294,0,0,13
-2,8,13,6,16,2475,B6,LAX,21,206,294,0,0,13
-3,8,13,6,9,2475,B6,LAX,21,206,294,0,0,13
28,8,13,6,21,2475,B6,LAX,21,206,294,0,0,13
4,8,13,6,20,2475,AA,LAX,21,206,294,0,0,13
4,8,13,6,6,2475,AA,LAX,21,206,294,0,0,13
-4,8,13,6,7,2475,B6,LAX,21,206,294,0,0,13
-2,8,13,6,19,2475,AA,LAX,21,206,294,0,0,13
-11,8,13,6,12,2475,AA,LAX,21,206,294,0,0,13
3,8,13,6,7,2475,AA,LAX,21,206,294,0,0,13
-4,8,13,6,13,2475,AA,LAX,21,206,294,0,0,13
1,8,13,6,15,2475,AA,LAX,21,206,294,0,0,13
0,8,13,6,6,2475,UA,LAX,21,206,294,0,0,13
-7,8,24,3,6,2475,UA,LAX,10,194,267,0,0,33
-5,8,24,3,20,2475,UA,LAX,10,194,267,0,0,33
-3,8,24,3,15,2475,UA,LAX,10,194,267,0,0,33
-3,8,24,3,8,2475,UA,LAX,10,194,267,0,0,33
-5,8,24,3,11,2475,UA,LAX,10,194,267,0,0,33
-8,8,24,3,17,2475,UA,LAX,10,194,267,0,0,33
-7,8,24,3,16,2475,AA,LAX,10,194,267,0,0,33
3,8,24,3,21,2475,B6,LAX,10,194,267,0,0,33
-4,8,24,3,7,2475,AA,LAX,10,194,267,0,0,33
-6,8,24,3,21,2475,AA,LAX,10,194,267,0,0,33
-1,8,24,3,9,2475,B6,LAX,10,194,267,0,0,33
-1,8,24,3,13,2475,AA,LAX,10,194,267,0,0,33
-11,8,24,3,19,2475,AA,LAX,10,194,267,0,0,33
-3,8,24,3,15,2475,AA,LAX,10,194,267,0,0,33
25,8,24,3,11,2475,B6,LAX,10,194,267,0,0,33
-4,8,24,3,9,2475,AA,LAX,10,194,267,0,0,33
39,8,24,3,7,2475,B6,LAX,10,194,267,0,0,33
1,8,24,3,7,2475,AA,LAX,10,194,267,0,0,33
-7,8,24,3,12,2475,AA,LAX,10,194,267,0,0,33
63,8,24,3,10,2475,AA,LAX,10,194,267,0,0,33
39,8,24,3,16,2475,B6,LAX,10,194,267,0,0,33
-5,8,24,3,19,2475,DL,LAX,10,194,267,0,0,33
20,8,24,3,21,2475,DL,LAX,10,194,267,0,0,33
-4,8,24,3,15,2475,DL,LAX,10,194,267,0,0,33
-3,8,24,3,12,2475,DL,LAX,10,194,267,0,0,33
17,8,24,3,7,2475,DL,LAX,10,194,267,0,0,33
212,8,24,3,9,2475,DL,LAX,10,194,267,0,0,33
-5,8,24,3,17,2475,DL,LAX,10,194,267,0,0,33
-5,9,1,4,19,2475,DL,LAX,2,189,283,0,0,16
-2,9,1,4,9,2475,B6,LAX,2,189,283,0,0,16
-5,9,1,4,21,2475,B6,LAX,2,189,283,0,0,16
-5,9,1,4,16,2475,B6,LAX,2,189,283,0,0,16
2,9,1,4,11,2475,B6,LAX,2,189,283,0,0,16
-3,9,1,4,7,2475,AA,LAX,2,189,283,0,0,16
-2,9,1,4,7,2475,B6,LAX,2,189,283,0,0,16
220,9,1,4,16,2475,AA,LAX,2,189,283,0,0,16
-2,9,1,4,21,2475,AA,LAX,2,189,283,0,0,16
9,9,1,4,13,2475,AA,LAX,2,189,283,0,0,16
-7,9,1,4,9,2475,AA,LAX,2,189,283,0,0,16
-7,9,1,4,7,2475,AA,LAX,2,189,283,0,0,16
73,9,1,4,15,2475,AA,LAX,2,189,283,0,0,16
2,9,1,4,19,2475,AA,LAX,2,189,283,0,0,16
-10,9,1,4,10,2475,AA,LAX,2,189,283,0,0,16
67,9,1,4,17,2475,DL,LAX,2,189,283,0,0,16
-1,9,1,4,9,2475,DL,LAX,2,189,283,0,0,16
-4,9,1,4,7,2475,DL,LAX,2,189,283,0,0,16
2,9,1,4,12,2475,AA,LAX,2,189,283,0,0,16
-4,9,1,4,12,2475,DL,LAX,2,189,283,0,0,16
-5,9,1,4,15,2475,DL,LAX,2,189,283,0,0,16
-6,9,1,4,21,2475,DL,LAX,2,189,283,0,0,16
-4,9,1,4,8,2475,UA,LAX,2,189,283,0,0,16
30,9,1,4,20,2475,UA,LAX,2,189,283,0,0,16
76,9,1,4,11,2475,UA,LAX,2,189,283,0,0,16
10,9,1,4,17,2475,UA,LAX,2,189,283,0,0,16
0,9,1,4,6,2475,UA,LAX,2,189,283,0,0,16
-6,9,1,4,15,2475,UA,LAX,2,189,283,0,0,16
50,9,9,5,20,2475,B6,LAX,6,194,289,0,0,20
-6,9,9,5,16,2475,AA,LAX,6,194,289,0,0,20
-5,9,9,5,19,2475,DL,LAX,6,194,289,0,0,20
24,9,9,5,21,2475,DL,LAX,6,194,289,0,0,20
0,9,9,5,12,2475,DL,LAX,6,194,289,0,0,20
-5,9,9,5,7,2475,DL,LAX,6,194,289,0,0,20
-5,9,9,5,15,2475,DL,LAX,6,194,289,0,0,20
-1,9,9,5,9,2475,DL,LAX,6,194,289,0,0,20
-5,9,9,5,17,2475,DL,LAX,6,194,289,0,0,20
-1,9,9,5,12,2475,AA,LAX,6,194,289,0,0,20
-7,9,9,5,9,2475,AA,LAX,6,194,289,0,0,20
-4,9,9,5,7,2475,AA,LAX,6,194,289,0,0,20
65,9,9,5,16,2475,B6,LAX,6,194,289,0,0,20
0,9,9,5,13,2475,AA,LAX,6,194,289,0,0,20
-2,9,9,5,7,2475,AA,LAX,6,194,289,0,0,20
8,9,9,5,19,2475,AA,LAX,6,194,289,0,0,20
25,9,9,5,15,2475,AA,LAX,6,194,289,0,0,20
3,9,9,5,11,2475,B6,LAX,6,194,289,0,0,20
-2,9,9,5,6,2475,B6,LAX,6,194,289,0,0,20
2,9,9,5,9,2475,B6,LAX,6,194,289,0,0,20
3,9,9,5,21,2475,AA,LAX,6,194,289,0,0,20
-7,9,9,5,10,2475,AA,LAX,6,194,289,0,0,20
2,9,9,5,20,2475,UA,LAX,6,194,289,0,0,20
163,9,9,5,8,2475,UA,LAX,6,194,289,0,0,20
-1,9,9,5,6,2475,UA,LAX,6,194,289,0,0,20
4,9,9,5,17,2475,UA,LAX,6,194,289,0,0,20
4,9,9,5,11,2475,UA,LAX,6,194,289,0,0,20
-1,9,9,5,15,2475,UA,LAX,6,194,289,0,0,20
-2,9,12,1,16,2475,B6,LAX,9,189,267,0,0,9
-2,9,12,1,20,2475,B6,LAX,9,189,267,0,0,9
-6,9,12,1,13,2475,AA,LAX,9,189,267,0,0,9
31,9,12,1,19,2475,AA,LAX,9,189,267,0,0,9
-7,9,12,1,7,2475,AA,LAX,9,189,267,0,0,9
-7,9,12,1,19,2475,DL,LAX,9,189,267,0,0,9
45,9,12,1,21,2475,DL,LAX,9,189,267,0,0,9
3,9,12,1,15,2475,DL,LAX,9,189,267,0,0,9
-5,9,12,1,12,2475,DL,LAX,9,189,267,0,0,9
2,9,12,1,7,2475,DL,LAX,9,189,267,0,0,9
-1,9,12,1,9,2475,DL,LAX,9,189,267,0,0,9
67,9,12,1,17,2475,DL,LAX,9,189,267,0,0,9
-4,9,12,1,21,2475,AA,LAX,9,189,267,0,0,9
0,9,12,1,9,2475,B6,LAX,9,189,267,0,0,9
-9,9,12,1,9,2475,AA,LAX,9,189,267,0,0,9
-5,9,12,1,6,2475,B6,LAX,9,189,267,0,0,9
-12,9,12,1,10,2475,AA,LAX,9,189,267,0,0,9
-3,9,12,1,16,2475,AA,LAX,9,189,267,0,0,9
-7,9,12,1,7,2475,AA,LAX,9,189,267,0,0,9
-2,9,12,1,15,2475,AA,LAX,9,189,267,0,0,9
-5,9,12,1,12,2475,AA,LAX,9,189,267,0,0,9
-3,9,12,1,11,2475,B6,LAX,9,189,267,0,0,9
-10,9,12,1,6,2475,UA,LAX,9,189,267,0,0,9
-2,9,12,1,17,2475,UA,LAX,9,189,267,0,0,9
-6,9,12,1,15,2475,UA,LAX,9,189,267,0,0,9
-8,9,12,1,8,2475,UA,LAX,9,189,267,0,0,9
-2,9,12,1,20,2475,UA,LAX,9,189,267,0,0,9
-6,9,12,1,11,2475,UA,LAX,9,189,267,0,0,9
-5,9,23,5,19,2475,DL,LAX,15,206,228,663,0,19
73,9,23,5,21,2475,DL,LAX,15,206,228,663,0,19
-2,9,23,5,12,2475,DL,LAX,15,206,228,663,0,19
0,9,23,5,7,2475,DL,LAX,15,206,228,663,0,19
2,9,23,5,15,2475,DL,LAX,15,206,228,663,0,19
-5,9,23,5,9,2475,DL,LAX,15,206,228,663,0,19
-3,9,23,5,17,2475,DL,LAX,15,206,228,663,0,19
1,9,23,5,7,2475,AA,LAX,15,206,228,663,0,19
6,9,23,5,15,2475,AA,LAX,15,206,228,663,0,19
2,9,23,5,9,2475,AA,LAX,15,206,228,663,0,19
14,9,23,5,13,2475,AA,LAX,15,206,228,663,0,19
-2,9,23,5,10,2475,AA,LAX,15,206,228,663,0,19
-7,9,23,5,12,2475,AA,LAX,15,206,228,663,0,19
216,9,23,5,19,2475,AA,LAX,15,206,228,663,0,19
128,9,23,5,20,2475,B6,LAX,15,206,228,663,0,19
10,9,23,5,16,2475,B6,LAX,15,206,228,663,0,19
-5,9,23,5,11,2475,B6,LAX,15,206,228,663,0,19
-4,9,23,5,6,2475,B6,LAX,15,206,228,663,0,19
34,9,23,5,9,2475,B6,LAX,15,206,228,663,0,19
34,9,23,5,16,2475,AA,LAX,15,206,228,663,0,19
-6,9,23,5,11,2475,UA,LAX,15,206,228,663,0,19
1,9,23,5,17,2475,UA,LAX,15,206,228,663,0,19
0,9,23,5,15,2475,UA,LAX,15,206,228,663,0,19
-3,9,23,5,6,2475,UA,LAX,15,206,228,663,0,19
6,9,23,5,8,2475,UA,LAX,15,206,228,663,0,19
45,9,23,5,20,2475,UA,LAX,15,206,228,663,0,19
-6,10,3,1,9,2475,AA,LAX,5,89,144,13,0,11
21,10,3,1,16,2475,AA,LAX,5,89,144,13,0,11
5,10,3,1,19,2475,AA,LAX,5,89,144,13,0,11
-8,10,3,1,12,2475,AA,LAX,5,89,144,13,0,11
46,10,3,1,10,2475,AA,LAX,5,89,144,13,0,11
-7,10,3,1,6,2475,B6,LAX,5,89,144,13,0,11
-8,10,3,1,7,2475,AA,LAX,5,89,144,13,0,11
-6,10,3,1,16,2475,B6,LAX,5,89,144,13,0,11
11,10,3,1,9,2475,B6,LAX,5,89,144,13,0,11
-2,10,3,1,17,2475,DL,LAX,5,89,144,13,0,11
-5,10,3,1,9,2475,DL,LAX,5,89,144,13,0,11
-5,10,3,1,21,2475,AA,LAX,5,89,144,13,0,11
-2,10,3,1,7,2475,DL,LAX,5,89,144,13,0,11
-4,10,3,1,12,2475,DL,LAX,5,89,144,13,0,11
1,10,3,1,15,2475,DL,LAX,5,89,144,13,0,11
17,10,3,1,21,2475,DL,LAX,5,89,144,13,0,11
-5,10,3,1,19,2475,DL,LAX,5,89,144,13,0,11
-7,10,3,1,11,2475,B6,LAX,5,89,144,13,0,11
0,10,3,1,15,2475,AA,LAX,5,89,144,13,0,11
1,10,3,1,13,2475,AA,LAX,5,89,144,13,0,11
-4,10,3,1,7,2475,AA,LAX,5,89,144,13,0,11
41,10,3,1,20,2475,B6,LAX,5,89,144,13,0,11
-2,10,3,1,15,2475,UA,LAX,5,89,144,13,0,11
0,10,3,1,17,2475,UA,LAX,5,89,144,13,0,11
-6,10,3,1,6,2475,UA,LAX,5,89,144,13,0,11
-3,10,3,1,11,2475,UA,LAX,5,89,144,13,0,11
-9,10,3,1,8,2475,UA,LAX,5,89,144,13,0,11
14,10,3,1,20,2475,UA,LAX,5,89,144,13,0,11
16,10,14,5,21,2475,AA,LAX,6,139,211,259,0,26
-2,10,14,5,13,2475,AA,LAX,6,139,211,259,0,26
28,10,14,5,16,2475,AA,LAX,6,139,211,259,0,26
-7,10,14,5,10,2475,AA,LAX,6,139,211,259,0,26
52,10,14,5,15,2475,AA,LAX,6,139,211,259,0,26
-3,10,14,5,7,2475,DL,LAX,6,139,211,259,0,26
-2,10,14,5,9,2475,DL,LAX,6,139,211,259,0,26
28,10,14,5,7,2475,AA,LAX,6,139,211,259,0,26
183,10,14,5,12,2475,AA,LAX,6,139,211,259,0,26
17,10,14,5,19,2475,AA,LAX,6,139,211,259,0,26
-6,10,14,5,9,2475,AA,LAX,6,139,211,259,0,26
2,10,14,5,16,2475,B6,LAX,6,139,211,259,0,26
-2,10,14,5,9,2475,B6,LAX,6,139,211,259,0,26
-1,10,14,5,6,2475,B6,LAX,6,139,211,259,0,26
-3,10,14,5,11,2475,B6,LAX,6,139,211,259,0,26
-1,10,14,5,19,2475,DL,LAX,6,139,211,259,0,26
-1,10,14,5,21,2475,DL,LAX,6,139,211,259,0,26
-6,10,14,5,15,2475,DL,LAX,6,139,211,259,0,26
-7,10,14,5,7,2475,AA,LAX,6,139,211,259,0,26
-2,10,14,5,20,2475,B6,LAX,6,139,211,259,0,26
-1,10,14,5,12,2475,DL,LAX,6,139,211,259,0,26
-4,10,14,5,17,2475,DL,LAX,6,139,211,259,0,26
51,10,14,5,17,2475,UA,LAX,6,139,211,259,0,26
-5,10,14,5,11,2475,UA,LAX,6,139,211,259,0,26
-6,10,14,5,8,2475,UA,LAX,6,139,211,259,0,26
-5,10,14,5,6,2475,UA,LAX,6,139,211,259,0,26
52,10,14,5,20,2475,UA,LAX,6,139,211,259,0,26
36,10,14,5,15,2475,UA,LAX,6,139,211,259,0,26
-4,10,25,2,11,2475,UA,LAX,17,100,167,0,0,29
-1,10,25,2,6,2475,UA,LAX,17,100,167,0,0,29
27,10,25,2,15,2475,UA,LAX,17,100,167,0,0,29
-3,10,25,2,20,2475,UA,LAX,17,100,167,0,0,29
-6,10,25,2,8,2475,UA,LAX,17,100,167,0,0,29
-5,10,25,2,17,2475,UA,LAX,17,100,167,0,0,29
-3,10,25,2,12,2475,AA,LAX,17,100,167,0,0,29
1,10,25,2,16,2475,AA,LAX,17,100,167,0,0,29
-4,10,25,2,20,2475,B6,LAX,17,100,167,0,0,29
-4,10,25,2,21,2475,DL,LAX,17,100,167,0,0,29
-3,10,25,2,7,2475,DL,LAX,17,100,167,0,0,29
-5,10,25,2,19,2475,AA,LAX,17,100,167,0,0,29
-7,10,25,2,21,2475,AA,LAX,17,100,167,0,0,29
-3,10,25,2,9,2475,DL,LAX,17,100,167,0,0,29
-2,10,25,2,15,2475,AA,LAX,17,100,167,0,0,29
-5,10,25,2,15,2475,DL,LAX,17,100,167,0,0,29
1,10,25,2,6,2475,B6,LAX,17,100,167,0,0,29
-9,10,25,2,10,2475,AA,LAX,17,100,167,0,0,29
-6,10,25,2,9,2475,B6,LAX,17,100,167,0,0,29
-5,10,25,2,17,2475,DL,LAX,17,100,167,0,0,29
-2,10,25,2,7,2475,AA,LAX,17,100,167,0,0,29
-6,10,25,2,11,2475,B6,LAX,17,100,167,0,0,29
11,10,25,2,16,2475,B6,LAX,17,100,167,0,0,29
-3,10,25,2,19,2475,DL,LAX,17,100,167,0,0,29
-2,10,25,2,9,2475,AA,LAX,17,100,167,0,0,29
-7,10,25,2,7,2475,AA,LAX,17,100,167,0,0,29
-4,10,25,2,12,2475,DL,LAX,17,100,167,0,0,29
-3,10,25,2,13,2475,AA,LAX,17,100,167,0,0,29
-6,11,2,3,16,2475,B6,LAX,9,56,139,0,0,9
-6,11,2,3,20,2475,B6,LAX,9,56,139,0,0,9
1,11,2,3,9,2475,B6,LAX,9,56,139,0,0,9
-6,11,2,3,12,2475,DL,LAX,9,56,139,0,0,9
-1,11,2,3,11,2475,B6,LAX,9,56,139,0,0,9
0,11,2,3,19,2475,DL,LAX,9,56,139,0,0,9
-3,11,2,3,21,2475,DL,LAX,9,56,139,0,0,9
-3,11,2,3,17,2475,DL,LAX,9,56,139,0,0,9
-3,11,2,3,15,2475,DL,LAX,9,56,139,0,0,9
-2,11,2,3,7,2475,DL,LAX,9,56,139,0,0,9
-4,11,2,3,7,2475,B6,LAX,9,56,139,0,0,9
-4,11,2,3,9,2475,DL,LAX,9,56,139,0,0,9
-4,11,2,3,12,2475,AA,LAX,9,56,139,0,0,9
18,11,2,3,21,2475,AA,LAX,9,56,139,0,0,9
2,11,2,3,16,2475,AA,LAX,9,56,139,0,0,9
1,11,2,3,15,2475,AA,LAX,9,56,139,0,0,9
14,11,2,3,13,2475,AA,LAX,9,56,139,0,0,9
-2,11,2,3,7,2475,AA,LAX,9,56,139,0,0,9
-5,11,2,3,9,2475,AA,LAX,9,56,139,0,0,9
-3,11,2,3,19,2475,AA,LAX,9,56,139,0,0,9
-2,11,2,3,10,2475,AA,LAX,9,56,139,0,0,9
-5,11,2,3,8,2475,UA,LAX,9,56,139,0,0,9
3,11,2,3,6,2475,UA,LAX,9,56,139,0,0,9
-4,11,2,3,11,2475,UA,LAX,9,56,139,0,0,9
0,11,2,3,20,2475,UA,LAX,9,56,139,0,0,9
-5,11,2,3,15,2475,UA,LAX,9,56,139,0,0,9
-5,11,2,3,17,2475,UA,LAX,9,56,139,0,0,9
-5,11,13,7,11,2475,UA,LAX,2,83,161,0,0,25
-1,11,13,7,17,2475,UA,LAX,2,83,161,0,0,25
-2,11,13,7,8,2475,UA,LAX,2,83,161,0,0,25
0,11,13,7,15,2475,UA,LAX,2,83,161,0,0,25
1,11,13,7,20,2475,UA,LAX,2,83,161,0,0,25
2,11,13,7,19,2475,AA,LAX,2,83,161,0,0,25
-5,11,13,7,7,2475,AA,LAX,2,83,161,0,0,25
-7,11,13,7,10,2475,AA,LAX,2,83,161,0,0,25
-1,11,13,7,9,2475,AA,LAX,2,83,161,0,0,25
5,11,13,7,13,2475,AA,LAX,2,83,161,0,0,25
-5,11,13,7,15,2475,AA,LAX,2,83,161,0,0,25
0,11,13,7,12,2475,AA,LAX,2,83,161,0,0,25
22,11,13,7,16,2475,AA,LAX,2,83,161,0,0,25
-5,11,13,7,21,2475,AA,LAX,2,83,161,0,0,25
-3,11,13,7,19,2475,DL,LAX,2,83,161,0,0,25
-2,11,13,7,7,2475,B6,LAX,2,83,161,0,0,25
30,11,13,7,11,2475,B6,LAX,2,83,161,0,0,25
5,11,13,7,16,2475,B6,LAX,2,83,161,0,0,25
33,11,13,7,20,2475,B6,LAX,2,83,161,0,0,25
-2,11,13,7,9,2475,B6,LAX,2,83,161,0,0,25
8,11,13,7,21,2475,DL,LAX,2,83,161,0,0,25
-3,11,13,7,17,2475,DL,LAX,2,83,161,0,0,25
-2,11,13,7,9,2475,DL,LAX,2,83,161,0,0,25
-4,11,13,7,12,2475,DL,LAX,2,83,161,0,0,25
36,11,13,7,15,2475,DL,LAX,2,83,161,0,0,25
-6,11,24,4,15,2475,DL,LAX,2,28,122,0,0,23
-2,11,24,4,7,2475,B6,LAX,2,28,122,0,0,23
-7,11,24,4,16,2475,B6,LAX,2,28,122,0,0,23
0,11,24,4,9,2475,B6,LAX,2,28,122,0,0,23
-7,11,24,4,11,2475,B6,LAX,2,28,122,0,0,23
-4,11,24,4,19,2475,DL,LAX,2,28,122,0,0,23
-4,11,24,4,17,2475,DL,LAX,2,28,122,0,0,23
-4,11,24,4,9,2475,DL,LAX,2,28,122,0,0,23
-1,11,24,4,8,2475,UA,LAX,2,28,122,0,0,23
-4,11,24,4,6,2475,UA,LAX,2,28,122,0,0,23
-5,11,24,4,17,2475,UA,LAX,2,28,122,0,0,23
-4,11,24,4,21,2475,AA,LAX,2,28,122,0,0,23
-3,11,24,4,16,2475,AA,LAX,2,28,122,0,0,23
-3,11,24,4,7,2475,AA,LAX,2,28,122,0,0,23
-10,11,24,4,12,2475,AA,LAX,2,28,122,0,0,23
-3,11,24,4,13,2475,AA,LAX,2,28,122,0,0,23
1,11,24,4,9,2475,AA,LAX,2,28,122,0,0,23
1,11,24,4,10,2475,AA,LAX,2,28,122,0,0,23
0,12,1,4,11,2475,UA,LAX,9,28,100,0,0,34
-2,12,1,4,6,2475,UA,LAX,9,28,100,0,0,34
-1,12,1,4,20,2475,UA,LAX,9,28,100,0,0,34
-7,12,1,4,8,2475,UA,LAX,9,28,100,0,0,34
53,12,1,4,15,2475,UA,LAX,9,28,100,0,0,34
-4,12,1,4,9,2475,DL,LAX,9,28,100,0,0,34
-1,12,1,4,17,2475,DL,LAX,9,28,100,0,0,34
-6,12,1,4,12,2475,AA,LAX,9,28,100,0,0,34
6,12,1,4,16,2475,B6,LAX,9,28,100,0,0,34
-1,12,1,4,19,2475,DL,LAX,9,28,100,0,0,34
-4,12,1,4,16,2475,AA,LAX,9,28,100,0,0,34
-5,12,1,4,10,2475,AA,LAX,9,28,100,0,0,34
2,12,1,4,7,2475,AA,LAX,9,28,100,0,0,34
-4,12,1,4,19,2475,AA,LAX,9,28,100,0,0,34
5,12,1,4,15,2475,DL,LAX,9,28,100,0,0,34
-6,12,1,4,9,2475,AA,LAX,9,28,100,0,0,34
-4,12,1,4,15,2475,AA,LAX,9,28,100,0,0,34
-4,12,1,4,9,2475,B6,LAX,9,28,100,0,0,34
-4,12,1,4,13,2475,AA,LAX,9,28,100,0,0,34
-1,12,1,4,7,2475,DL,LAX,9,28,100,0,0,34
-7,12,1,4,21,2475,AA,LAX,9,28,100,0,0,34
-1,12,1,4,7,2475,B6,LAX,9,28,100,0,0,34
-5,12,1,4,21,2475,DL,LAX,9,28,100,0,0,34
15,12,1,4,20,2475,B6,LAX,9,28,100,0,0,34
15,12,1,4,11,2475,B6,LAX,9,28,100,0,0,34
-3,12,1,4,12,2475,DL,LAX,9,28,100,0,0,34
-4,12,1,4,7,2475,DL,LAX,9,28,100,0,0,34
0,12,9,5,17,2475,DL,LAX,16,22,111,0,0,23
-3,12,9,5,7,2475,AA,LAX,16,22,111,0,0,23
2,12,9,5,16,2475,AA,LAX,16,22,111,0,0,23
-5,12,9,5,21,2475,AA,LAX,16,22,111,0,0,23
-10,12,9,5,12,2475,AA,LAX,16,22,111,0,0,23
-1,12,9,5,9,2475,AA,LAX,16,22,111,0,0,23
-5,12,9,5,19,2475,DL,LAX,16,22,111,0,0,23
-2,12,9,5,21,2475,DL,LAX,16,22,111,0,0,23
68,12,9,5,15,2475,DL,LAX,16,22,111,0,0,23
-7,12,9,5,12,2475,DL,LAX,16,22,111,0,0,23
-5,12,9,5,9,2475,DL,LAX,16,22,111,0,0,23
-1,12,9,5,19,2475,AA,LAX,16,22,111,0,0,23
-5,12,9,5,10,2475,AA,LAX,16,22,111,0,0,23
-5,12,9,5,7,2475,B6,LAX,16,22,111,0,0,23
-4,12,9,5,11,2475,B6,LAX,16,22,111,0,0,23
4,12,9,5,16,2475,B6,LAX,16,22,111,0,0,23
26,12,9,5,20,2475,B6,LAX,16,22,111,0,0,23
-6,12,9,5,9,2475,B6,LAX,16,22,111,0,0,23
-3,12,9,5,15,2475,AA,LAX,16,22,111,0,0,23
1,12,9,5,6,2475,UA,LAX,16,22,111,0,0,23
-3,12,9,5,17,2475,UA,LAX,16,22,111,0,0,23
1,12,9,5,8,2475,UA,LAX,16,22,111,0,0,23
-5,12,9,5,15,2475,UA,LAX,16,22,111,0,0,23
-2,12,9,5,20,2475,UA,LAX,16,22,111,0,0,23
-5,12,9,5,11,2475,UA,LAX,16,22,111,0,0,23
-2,12,12,1,8,2475,UA,LAX,13,6,67,0,0,18
-4,12,12,1,15,2475,UA,LAX,13,6,67,0,0,18
-8,12,12,1,6,2475,UA,LAX,13,6,67,0,0,18
-2,12,12,1,17,2475,UA,LAX,13,6,67,0,0,18
7,12,12,1,20,2475,UA,LAX,13,6,67,0,0,18
-1,12,12,1,11,2475,UA,LAX,13,6,67,0,0,18
-5,12,12,1,7,2475,DL,LAX,13,6,67,0,0,18
-4,12,12,1,19,2475,DL,LAX,13,6,67,0,0,18
-6,12,12,1,12,2475,DL,LAX,13,6,67,0,0,18
-5,12,12,1,10,2475,AA,LAX,13,6,67,0,0,18
-3,12,12,1,9,2475,B6,LAX,13,6,67,0,0,18
-4,12,12,1,7,2475,B6,LAX,13,6,67,0,0,18
-4,12,12,1,11,2475,B6,LAX,13,6,67,0,0,18
18,12,12,1,16,2475,B6,LAX,13,6,67,0,0,18
-6,12,12,1,20,2475,B6,LAX,13,6,67,0,0,18
0,12,12,1,15,2475,DL,LAX,13,6,67,0,0,18
-4,12,12,1,21,2475,DL,LAX,13,6,67,0,0,18
0,12,12,1,16,2475,AA,LAX,13,6,67,0,0,18
-1,12,12,1,7,2475,AA,LAX,13,6,67,0,0,18
-5,12,12,1,15,2475,AA,LAX,13,6,67,0,0,18
-1,12,12,1,19,2475,AA,LAX,13,6,67,0,0,18
-7,12,12,1,12,2475,AA,LAX,13,6,67,0,0,18
-4,12,12,1,21,2475,AA,LAX,13,6,67,0,0,18
-6,12,12,1,9,2475,AA,LAX,13,6,67,0,0,18
-6,12,12,1,7,2475,DL,LAX,13,6,67,0,0,18
-4,12,12,1,17,2475,DL,LAX,13,6,67,0,0,18
-4,12,12,1,9,2475,DL,LAX,13,6,67,0,0,18
-2,12,23,5,9,2475,DL,LAX,2,17,94,191,0,30
-10,12,23,5,17,2475,DL,LAX,2,17,94,191,0,30
-5,12,23,5,11,2475,B6,LAX,2,17,94,191,0,30
16,12,23,5,16,2475,B6,LAX,2,17,94,191,0,30
8,12,23,5,20,2475,B6,LAX,2,17,94,191,0,30
-5,12,23,5,6,2475,AA,LAX,2,17,94,191,0,30
-8,12,23,5,13,2475,AA,LAX,2,17,94,191,0,30
-2,12,23,5,9,2475,AA,LAX,2,17,94,191,0,30
-4,12,23,5,12,2475,AA,LAX,2,17,94,191,0,30
-7,12,23,5,7,2475,AA,LAX,2,17,94,191,0,30
-5,12,23,5,10,2475,AA,LAX,2,17,94,191,0,30
-3,12,23,5,19,2475,DL,LAX,2,17,94,191,0,30
1,12,23,5,21,2475,DL,LAX,2,17,94,191,0,30
-2,12,23,5,15,2475,DL,LAX,2,17,94,191,0,30
-3,12,23,5,15,2475,AA,LAX,2,17,94,191,0,30
-6,12,23,5,16,2475,AA,LAX,2,17,94,191,0,30
6,12,23,5,19,2475,AA,LAX,2,17,94,191,0,30
-3,12,23,5,7,2475,B6,LAX,2,17,94,191,0,30
-5,12,23,5,12,2475,DL,LAX,2,17,94,191,0,30
-5,12,23,5,8,2475,UA,LAX,2,17,94,191,0,30
0,12,23,5,11,2475,UA,LAX,2,17,94,191,0,30
-4,12,23,5,15,2475,UA,LAX,2,17,94,191,0,30
5,12,23,5,17,2475,UA,LAX,2,17,94,191,0,30
2,12,23,5,6,2475,UA,LAX,2,17,94,191,0,30
