8,1,5,3,19,2475,AA,LAX,4,-17,39,0,0,28
-4,1,5,3,9,2475,DL,LAX,4,-17,39,0,0,28
-4,1,5,3,7,2475,B6,LAX,4,-17,39,0,0,28
3,1,5,3,16,2475,AA,LAX,4,-17,39,0,0,28
16,1,5,3,18,2475,B6,LAX,4,-17,39,0,0,28
11,1,5,3,19,2475,DL,LAX,4,-17,39,0,0,28
-3,1,5,3,7,2475,DL,LAX,4,-17,39,0,0,28
-4,1,5,3,6,2475,AA,LAX,4,-17,39,0,0,28
-1,1,5,3,13,2475,AA,LAX,4,-17,39,0,0,28
-6,1,5,3,9,2475,AA,LAX,4,-17,39,0,0,28
-4,1,5,3,10,2475,AA,LAX,4,-17,39,0,0,28
6,1,5,3,17,2475,DL,LAX,4,-17,39,0,0,28
0,1,5,3,21,2475,DL,LAX,4,-17,39,0,0,28
6,1,5,3,15,2475,DL,LAX,4,-17,39,0,0,28
0,1,5,3,12,2475,DL,LAX,4,-17,39,0,0,28
-2,1,5,3,11,2475,AA,LAX,4,-17,39,0,0,28
-3,1,5,3,7,2475,AA,LAX,4,-17,39,0,0,28
-6,1,5,3,21,2475,AA,LAX,4,-17,39,0,0,28
21,1,5,3,15,2475,AA,LAX,4,-17,39,0,0,28
0,1,5,3,6,2475,UA,LAX,4,-17,39,0,0,28
-7,1,5,3,15,2475,UA,LAX,4,-17,39,0,0,28
4,1,5,3,8,2475,UA,LAX,4,-17,39,0,0,28
-5,1,5,3,11,2475,UA,LAX,4,-17,39,0,0,28
-5,1,5,3,18,2475,UA,LAX,4,-17,39,0,0,28
-3,1,5,3,20,2475,UA,LAX,4,-17,39,0,0,28
-6,1,16,7,18,2475,UA,LAX,1,-33,28,0,0,36
-4,1,16,7,6,2475,UA,LAX,1,-33,28,0,0,36
19,1,16,7,8,2475,UA,LAX,1,-33,28,0,0,36
-3,1,16,7,15,2475,UA,LAX,1,-33,28,0,0,36
-13,1,16,7,20,2475,UA,LAX,1,-33,28,0,0,36
-6,1,16,7,11,2475,UA,LAX,1,-33,28,0,0,36
-3,1,16,7,19,2475,DL,LAX,1,-33,28,0,0,36
-4,1,16,7,6,2475,AA,LAX,1,-33,28,0,0,36
-5,1,16,7,9,2475,AA,LAX,1,-33,28,0,0,36
5,1,16,7,16,2475,AA,LAX,1,-33,28,0,0,36
1,1,16,7,7,2475,AA,LAX,1,-33,28,0,0,36
-9,1,16,7,10,2475,AA,LAX,1,-33,28,0,0,36
-2,1,16,7,17,2475,DL,LAX,1,-33,28,0,0,36
0,1,16,7,21,2475,DL,LAX,1,-33,28,0,0,36
0,1,16,7,9,2475,DL,LAX,1,-33,28,0,0,36
-2,1,16,7,15,2475,DL,LAX,1,-33,28,0,0,36
-4,1,16,7,19,2475,AA,LAX,1,-33,28,0,0,36
-7,1,16,7,7,2475,B6,LAX,1,-33,28,0,0,36
15,1,16,7,13,2475,AA,LAX,1,-33,28,0,0,36
-3,1,16,7,11,2475,AA,LAX,1,-33,28,0,0,36
-6,1,16,7,21,2475,AA,LAX,1,-33,28,0,0,36
7,1,16,7,18,2475,B6,LAX,1,-33,28,0,0,36
-1,1,16,7,12,2475,DL,LAX,1,-33,28,0,0,36
-2,1,16,7,15,2475,B6,LAX,1,-33,28,0,0,36
213,1,27,4,20,2475,UA,LAX,12,-17,22,196,170,15
69,1,27,4,18,2475,UA,LAX,12,-17,22,196,170,15
22,1,27,4,15,2475,UA,LAX,12,-17,22,196,170,15
100,1,27,4,15,2475,B6,LAX,12,-17,22,196,170,15
28,1,27,4,19,2475,AA,LAX,12,-17,22,196,170,15
24,1,27,4,21,2475,AA,LAX,12,-17,22,196,170,15
53,1,27,4,19,2475,DL,LAX,12,-17,22,196,170,15
70,1,27,4,21,2475,DL,LAX,12,-17,22,196,170,15
238,1,27,4,18,2475,B6,LAX,12,-17,22,196,170,15
56,1,27,4,15,2475,DL,LAX,12,-17,22,196,170,15
-5,1,30,7,21,2475,DL,LAX,15,-28,39,0,0,25
-8,1,30,7,9,2475,DL,LAX,15,-28,39,0,0,25
17,1,30,7,7,2475,B6,LAX,15,-28,39,0,0,25
-5,1,30,7,13,2475,AA,LAX,15,-28,39,0,0,25
14,1,30,7,19,2475,AA,LAX,15,-28,39,0,0,25
3,1,30,7,6,2475,AA,LAX,15,-28,39,0,0,25
-4,1,30,7,17,2475,DL,LAX,15,-28,39,0,0,25
-4,1,30,7,21,2475,AA,LAX,15,-28,39,0,0,25
-6,1,30,7,15,2475,DL,LAX,15,-28,39,0,0,25
-5,1,30,7,7,2475,AA,LAX,15,-28,39,0,0,25
-6,1,30,7,10,2475,AA,LAX,15,-28,39,0,0,25
-5,1,30,7,16,2475,AA,LAX,15,-28,39,0,0,25
-5,1,30,7,12,2475,DL,LAX,15,-28,39,0,0,25
-3,1,30,7,18,2475,B6,LAX,15,-28,39,0,0,25
45,1,30,7,15,2475,B6,LAX,15,-28,39,0,0,25
3,1,30,7,15,2475,AA,LAX,15,-28,39,0,0,25
-9,1,30,7,9,2475,AA,LAX,15,-28,39,0,0,25
-3,1,30,7,11,2475,AA,LAX,15,-28,39,0,0,25
-1,1,30,7,19,2475,DL,LAX,15,-28,39,0,0,25
13,1,30,7,20,2475,UA,LAX,15,-28,39,0,0,25
-5,1,30,7,6,2475,UA,LAX,15,-28,39,0,0,25
-2,1,30,7,18,2475,UA,LAX,15,-28,39,0,0,25
-5,1,30,7,11,2475,UA,LAX,15,-28,39,0,0,25
-8,1,30,7,8,2475,UA,LAX,15,-28,39,0,0,25
-2,1,30,7,15,2475,UA,LAX,15,-28,39,0,0,25
-3,2,4,5,18,2475,UA,LAX,15,-50,11,0,0,27
-3,2,4,5,6,2475,UA,LAX,15,-50,11,0,0,27
-7,2,4,5,11,2475,UA,LAX,15,-50,11,0,0,27
-5,2,4,5,15,2475,UA,LAX,15,-50,11,0,0,27
-1,2,4,5,8,2475,UA,LAX,15,-50,11,0,0,27
13,2,4,5,20,2475,UA,LAX,15,-50,11,0,0,27
-6,2,4,5,13,2475,AA,LAX,15,-50,11,0,0,27
-7,2,4,5,10,2475,AA,LAX,15,-50,11,0,0,27
-1,2,4,5,21,2475,AA,LAX,15,-50,11,0,0,27
-2,2,4,5,6,2475,AA,LAX,15,-50,11,0,0,27
-2,2,4,5,11,2475,AA,LAX,15,-50,11,0,0,27
-3,2,4,5,19,2475,AA,LAX,15,-50,11,0,0,27
-1,2,4,5,7,2475,B6,LAX,15,-50,11,0,0,27
-4,2,4,5,15,2475,B6,LAX,15,-50,11,0,0,27
1,2,4,5,18,2475,B6,LAX,15,-50,11,0,0,27
0,2,4,5,9,2475,AA,LAX,15,-50,11,0,0,27
2,2,4,5,16,2475,AA,LAX,15,-50,11,0,0,27
-2,2,4,5,7,2475,AA,LAX,15,-50,11,0,0,27
19,2,4,5,15,2475,DL,LAX,15,-50,11,0,0,27
177,2,4,5,17,2475,DL,LAX,15,-50,11,0,0,27
43,2,4,5,21,2475,DL,LAX,15,-50,11,0,0,27
233,2,4,5,19,2475,DL,LAX,15,-50,11,0,0,27
-4,2,4,5,7,2475,DL,LAX,15,-50,11,0,0,27
-6,2,4,5,9,2475,DL,LAX,15,-50,11,0,0,27
-1,2,4,5,12,2475,DL,LAX,15,-50,11,0,0,27
-2,2,4,5,15,2475,AA,LAX,15,-50,11,0,0,27
-2,2,15,2,19,2475,DL,LAX,4,-39,28,0,0,52
3,2,15,2,15,2475,AA,LAX,4,-39,28,0,0,52
11,2,15,2,21,2475,DL,LAX,4,-39,28,0,0,52
-5,2,15,2,17,2475,DL,LAX,4,-39,28,0,0,52
-5,2,15,2,7,2475,DL,LAX,4,-39,28,0,0,52
-12,2,15,2,10,2475,AA,LAX,4,-39,28,0,0,52
-1,2,15,2,17,2475,AA,LAX,4,-39,28,0,0,52
0,2,15,2,21,2475,AA,LAX,4,-39,28,0,0,52
19,2,15,2,12,2475,AA,LAX,4,-39,28,0,0,52
-8,2,15,2,9,2475,AA,LAX,4,-39,28,0,0,52
-1,2,15,2,6,2475,AA,LAX,4,-39,28,0,0,52
-2,2,15,2,9,2475,DL,LAX,4,-39,28,0,0,52
54,2,15,2,19,2475,AA,LAX,4,-39,28,0,0,52
0,2,15,2,7,2475,AA,LAX,4,-39,28,0,0,52
1,2,15,2,7,2475,B6,LAX,4,-39,28,0,0,52
-5,2,15,2,13,2475,AA,LAX,4,-39,28,0,0,52
1,2,15,2,12,2475,DL,LAX,4,-39,28,0,0,52
-4,2,15,2,15,2475,DL,LAX,4,-39,28,0,0,52
-7,2,15,2,18,2475,B6,LAX,4,-39,28,0,0,52
35,2,15,2,20,2475,UA,LAX,4,-39,28,0,0,52
-1,2,15,2,6,2475,UA,LAX,4,-39,28,0,0,52
-6,2,15,2,8,2475,UA,LAX,4,-39,28,0,0,52
14,2,15,2,11,2475,UA,LAX,4,-39,28,0,0,52
102,2,15,2,18,2475,UA,LAX,4,-39,28,0,0,52
0,2,15,2,15,2475,UA,LAX,4,-39,28,0,0,52
-6,3,3,4,11,2475,UA,LAX,12,-67,6,0,0,25
-4,3,3,4,8,2475,UA,LAX,12,-67,6,0,0,25
-3,3,3,4,20,2475,UA,LAX,12,-67,6,0,0,25
-3,3,3,4,15,2475,UA,LAX,12,-67,6,0,0,25
-4,3,3,4,6,2475,UA,LAX,12,-67,6,0,0,25
-2,3,3,4,18,2475,UA,LAX,12,-67,6,0,0,25
-6,3,3,4,11,2475,UA,LAX,12,-67,6,0,0,25
-4,3,3,4,8,2475,UA,LAX,12,-67,6,0,0,25
-3,3,3,4,20,2475,UA,LAX,12,-67,6,0,0,25
-3,3,3,4,15,2475,UA,LAX,12,-67,6,0,0,25
-4,3,3,4,6,2475,UA,LAX,12,-67,6,0,0,25
-2,3,3,4,18,2475,UA,LAX,12,-67,6,0,0,25
-6,3,3,4,11,2475,UA,LAX,12,-67,6,0,0,25
-4,3,3,4,8,2475,UA,LAX,12,-67,6,0,0,25
-3,3,3,4,20,2475,UA,LAX,12,-67,6,0,0,25
-3,3,3,4,15,2475,UA,LAX,12,-67,6,0,0,25
-4,3,3,4,6,2475,UA,LAX,12,-67,6,0,0,25
-2,3,3,4,18,2475,UA,LAX,12,-67,6,0,0,25
0,3,3,4,12,2475,DL,LAX,12,-67,6,0,0,25
12,3,3,4,7,2475,DL,LAX,12,-67,6,0,0,25
-6,3,3,4,19,2475,DL,LAX,12,-67,6,0,0,25
17,3,3,4,21,2475,DL,LAX,12,-67,6,0,0,25
1,3,3,4,17,2475,DL,LAX,12,-67,6,0,0,25
-1,3,3,4,9,2475,DL,LAX,12,-67,6,0,0,25
4,3,3,4,15,2475,DL,LAX,12,-67,6,0,0,25
-1,3,3,4,9,2475,DL,LAX,12,-67,6,0,0,25
-6,3,3,4,19,2475,DL,LAX,12,-67,6,0,0,25
17,3,3,4,21,2475,DL,LAX,12,-67,6,0,0,25
1,3,3,4,17,2475,DL,LAX,12,-67,6,0,0,25
4,3,3,4,15,2475,DL,LAX,12,-67,6,0,0,25
0,3,3,4,12,2475,DL,LAX,12,-67,6,0,0,25
12,3,3,4,7,2475,DL,LAX,12,-67,6,0,0,25
-3,3,3,4,9,2475,AA,LAX,12,-67,6,0,0,25
-5,3,3,4,7,2475,AA,LAX,12,-67,6,0,0,25
-4,3,3,4,12,2475,AA,LAX,12,-67,6,0,0,25
11,3,3,4,7,2475,B6,LAX,12,-67,6,0,0,25
-6,3,3,4,6,2475,AA,LAX,12,-67,6,0,0,25
1,3,3,4,15,2475,AA,LAX,12,-67,6,0,0,25
37,3,3,4,15,2475,B6,LAX,12,-67,6,0,0,25
-6,3,3,4,10,2475,AA,LAX,12,-67,6,0,0,25
-3,3,3,4,13,2475,AA,LAX,12,-67,6,0,0,25
-5,3,3,4,17,2475,AA,LAX,12,-67,6,0,0,25
-6,3,3,4,18,2475,B6,LAX,12,-67,6,0,0,25
-3,3,3,4,19,2475,AA,LAX,12,-67,6,0,0,25
-3,3,3,4,21,2475,AA,LAX,12,-67,6,0,0,25
-6,3,3,4,10,2475,AA,LAX,12,-67,6,0,0,25
-5,3,3,4,17,2475,AA,LAX,12,-67,6,0,0,25
-4,3,3,4,12,2475,AA,LAX,12,-67,6,0,0,25
1,3,3,4,15,2475,AA,LAX,12,-67,6,0,0,25
-5,3,3,4,7,2475,AA,LAX,12,-67,6,0,0,25
-3,3,3,4,21,2475,AA,LAX,12,-67,6,0,0,25
-6,3,3,4,18,2475,B6,LAX,12,-67,6,0,0,25
-6,3,3,4,6,2475,AA,LAX,12,-67,6,0,0,25
-3,3,3,4,19,2475,AA,LAX,12,-67,6,0,0,25
37,3,3,4,15,2475,B6,LAX,12,-67,6,0,0,25
-3,3,3,4,13,2475,AA,LAX,12,-67,6,0,0,25
-3,3,3,4,9,2475,AA,LAX,12,-67,6,0,0,25
11,3,3,4,7,2475,B6,LAX,12,-67,6,0,0,25
17,3,3,4,21,2475,DL,LAX,12,-67,6,0,0,25
-4,3,3,4,12,2475,AA,LAX,12,-67,6,0,0,25
-6,3,3,4,19,2475,DL,LAX,12,-67,6,0,0,25
12,3,3,4,7,2475,DL,LAX,12,-67,6,0,0,25
-1,3,3,4,9,2475,DL,LAX,12,-67,6,0,0,25
0,3,3,4,12,2475,DL,LAX,12,-67,6,0,0,25
-6,3,3,4,6,2475,AA,LAX,12,-67,6,0,0,25
1,3,3,4,15,2475,AA,LAX,12,-67,6,0,0,25
-6,3,3,4,10,2475,AA,LAX,12,-67,6,0,0,25
-3,3,3,4,21,2475,AA,LAX,12,-67,6,0,0,25
-3,3,3,4,13,2475,AA,LAX,12,-67,6,0,0,25
-3,3,3,4,9,2475,AA,LAX,12,-67,6,0,0,25
11,3,3,4,7,2475,B6,LAX,12,-67,6,0,0,25
-3,3,3,4,19,2475,AA,LAX,12,-67,6,0,0,25
37,3,3,4,15,2475,B6,LAX,12,-67,6,0,0,25
-6,3,3,4,18,2475,B6,LAX,12,-67,6,0,0,25
4,3,3,4,15,2475,DL,LAX,12,-67,6,0,0,25
1,3,3,4,17,2475,DL,LAX,12,-67,6,0,0,25
-5,3,3,4,17,2475,AA,LAX,12,-67,6,0,0,25
-5,3,3,4,7,2475,AA,LAX,12,-67,6,0,0,25
-2,3,14,1,10,2475,AA,LAX,23,28,72,0,0,23
-9,3,14,1,12,2475,AA,LAX,23,28,72,0,0,23
-2,3,14,1,7,2475,AA,LAX,23,28,72,0,0,23
2,3,14,1,13,2475,AA,LAX,23,28,72,0,0,23
-1,3,14,1,9,2475,AA,LAX,23,28,72,0,0,23
-4,3,14,1,18,2475,B6,LAX,23,28,72,0,0,23
43,3,14,1,15,2475,AA,LAX,23,28,72,0,0,23
0,3,14,1,19,2475,AA,LAX,23,28,72,0,0,23
1,3,14,1,7,2475,B6,LAX,23,28,72,0,0,23
-2,3,14,1,15,2475,B6,LAX,23,28,72,0,0,23
-1,3,14,1,21,2475,AA,LAX,23,28,72,0,0,23
-6,3,14,1,6,2475,AA,LAX,23,28,72,0,0,23
25,3,14,1,17,2475,AA,LAX,23,28,72,0,0,23
-4,3,14,1,18,2475,B6,LAX,23,28,72,0,0,23
43,3,14,1,15,2475,AA,LAX,23,28,72,0,0,23
-2,3,14,1,7,2475,AA,LAX,23,28,72,0,0,23
17,3,14,1,7,2475,DL,LAX,23,28,72,0,0,23
-1,3,14,1,9,2475,AA,LAX,23,28,72,0,0,23
-5,3,14,1,17,2475,DL,LAX,23,28,72,0,0,23
-3,3,14,1,21,2475,DL,LAX,23,28,72,0,0,23
25,3,14,1,17,2475,AA,LAX,23,28,72,0,0,23
2,3,14,1,13,2475,AA,LAX,23,28,72,0,0,23
-3,3,14,1,15,2475,DL,LAX,23,28,72,0,0,23
1,3,14,1,7,2475,B6,LAX,23,28,72,0,0,23
-6,3,14,1,12,2475,DL,LAX,23,28,72,0,0,23
-4,3,14,1,19,2475,DL,LAX,23,28,72,0,0,23
-6,3,14,1,6,2475,AA,LAX,23,28,72,0,0,23
-2,3,14,1,10,2475,AA,LAX,23,28,72,0,0,23
-2,3,14,1,15,2475,B6,LAX,23,28,72,0,0,23
-9,3,14,1,12,2475,AA,LAX,23,28,72,0,0,23
-1,3,14,1,21,2475,AA,LAX,23,28,72,0,0,23
-6,3,14,1,9,2475,DL,LAX,23,28,72,0,0,23
0,3,14,1,19,2475,AA,LAX,23,28,72,0,0,23
0,3,14,1,19,2475,AA,LAX,23,28,72,0,0,23
-2,3,14,1,10,2475,AA,LAX,23,28,72,0,0,23
-1,3,14,1,9,2475,AA,LAX,23,28,72,0,0,23
-2,3,14,1,7,2475,AA,LAX,23,28,72,0,0,23
-1,3,14,1,21,2475,AA,LAX,23,28,72,0,0,23
-6,3,14,1,6,2475,AA,LAX,23,28,72,0,0,23
2,3,14,1,13,2475,AA,LAX,23,28,72,0,0,23
43,3,14,1,15,2475,AA,LAX,23,28,72,0,0,23
-9,3,14,1,12,2475,AA,LAX,23,28,72,0,0,23
25,3,14,1,17,2475,AA,LAX,23,28,72,0,0,23
0,3,14,1,18,2475,UA,LAX,23,28,72,0,0,23
-8,3,14,1,6,2475,UA,LAX,23,28,72,0,0,23
18,3,14,1,20,2475,UA,LAX,23,28,72,0,0,23
-7,3,14,1,8,2475,UA,LAX,23,28,72,0,0,23
-7,3,14,1,11,2475,UA,LAX,23,28,72,0,0,23
-2,3,14,1,15,2475,UA,LAX,23,28,72,0,0,23
0,3,14,1,18,2475,UA,LAX,23,28,72,0,0,23
-8,3,14,1,6,2475,UA,LAX,23,28,72,0,0,23
18,3,14,1,20,2475,UA,LAX,23,28,72,0,0,23
-7,3,14,1,8,2475,UA,LAX,23,28,72,0,0,23
-7,3,14,1,11,2475,UA,LAX,23,28,72,0,0,23
-2,3,14,1,15,2475,UA,LAX,23,28,72,0,0,23
-2,3,14,1,15,2475,B6,LAX,23,28,72,0,0,23
-4,3,14,1,18,2475,B6,LAX,23,28,72,0,0,23
1,3,14,1,7,2475,B6,LAX,23,28,72,0,0,23
-4,3,14,1,19,2475,DL,LAX,23,28,72,0,0,23
-3,3,14,1,21,2475,DL,LAX,23,28,72,0,0,23
-6,3,14,1,12,2475,DL,LAX,23,28,72,0,0,23
-6,3,14,1,9,2475,DL,LAX,23,28,72,0,0,23
17,3,14,1,7,2475,DL,LAX,23,28,72,0,0,23
-5,3,14,1,17,2475,DL,LAX,23,28,72,0,0,23
-3,3,14,1,15,2475,DL,LAX,23,28,72,0,0,23
0,3,14,1,18,2475,UA,LAX,23,28,72,0,0,23
-8,3,14,1,6,2475,UA,LAX,23,28,72,0,0,23
18,3,14,1,20,2475,UA,LAX,23,28,72,0,0,23
-7,3,14,1,8,2475,UA,LAX,23,28,72,0,0,23
-7,3,14,1,11,2475,UA,LAX,23,28,72,0,0,23
-2,3,14,1,15,2475,UA,LAX,23,28,72,0,0,23
-6,3,14,1,12,2475,DL,LAX,23,28,72,0,0,23
-6,3,14,1,9,2475,DL,LAX,23,28,72,0,0,23
17,3,14,1,7,2475,DL,LAX,23,28,72,0,0,23
-5,3,14,1,17,2475,DL,LAX,23,28,72,0,0,23
-4,3,14,1,19,2475,DL,LAX,23,28,72,0,0,23
-3,3,14,1,21,2475,DL,LAX,23,28,72,0,0,23
-3,3,14,1,15,2475,DL,LAX,23,28,72,0,0,23
52,3,25,5,6,2475,UA,LAX,34,-22,56,0,0,31
-3,3,25,5,11,2475,UA,LAX,34,-22,56,0,0,31
-1,3,25,5,18,2475,UA,LAX,34,-22,56,0,0,31
-2,3,25,5,20,2475,UA,LAX,34,-22,56,0,0,31
-3,3,25,5,15,2475,UA,LAX,34,-22,56,0,0,31
-4,3,25,5,8,2475,UA,LAX,34,-22,56,0,0,31
-6,3,25,5,9,2475,DL,LAX,34,-22,56,0,0,31
-4,3,25,5,19,2475,DL,LAX,34,-22,56,0,0,31
-5,3,25,5,21,2475,DL,LAX,34,-22,56,0,0,31
-5,3,25,5,15,2475,DL,LAX,34,-22,56,0,0,31
-1,3,25,5,12,2475,DL,LAX,34,-22,56,0,0,31
-3,3,25,5,17,2475,DL,LAX,34,-22,56,0,0,31
-5,3,25,5,7,2475,DL,LAX,34,-22,56,0,0,31
-7,3,25,5,18,2475,B6,LAX,34,-22,56,0,0,31
-5,3,25,5,15,2475,B6,LAX,34,-22,56,0,0,31
-4,3,25,5,7,2475,B6,LAX,34,-22,56,0,0,31
-5,3,25,5,21,2475,DL,LAX,34,-22,56,0,0,31
-4,3,25,5,19,2475,DL,LAX,34,-22,56,0,0,31
6,3,25,5,17,2475,AA,LAX,34,-22,56,0,0,31
-5,3,25,5,10,2475,AA,LAX,34,-22,56,0,0,31
-1,3,25,5,7,2475,AA,LAX,34,-22,56,0,0,31
-12,3,25,5,12,2475,AA,LAX,34,-22,56,0,0,31
-1,3,25,5,12,2475,DL,LAX,34,-22,56,0,0,31
-1,3,25,5,6,2475,AA,LAX,34,-22,56,0,0,31
5,3,25,5,21,2475,AA,LAX,34,-22,56,0,0,31
-2,3,25,5,19,2475,AA,LAX,34,-22,56,0,0,31
-6,3,25,5,9,2475,DL,LAX,34,-22,56,0,0,31
-5,3,25,5,15,2475,DL,LAX,34,-22,56,0,0,31
-5,3,25,5,15,2475,AA,LAX,34,-22,56,0,0,31
-3,3,25,5,17,2475,DL,LAX,34,-22,56,0,0,31
-5,3,25,5,7,2475,DL,LAX,34,-22,56,0,0,31
-5,3,25,5,9,2475,AA,LAX,34,-22,56,0,0,31
-3,3,25,5,13,2475,AA,LAX,34,-22,56,0,0,31
-5,3,25,5,10,2475,AA,LAX,34,-22,56,0,0,31
-5,3,25,5,9,2475,AA,LAX,34,-22,56,0,0,31
-1,3,25,5,7,2475,AA,LAX,34,-22,56,0,0,31
-5,3,25,5,15,2475,AA,LAX,34,-22,56,0,0,31
6,3,25,5,17,2475,AA,LAX,34,-22,56,0,0,31
5,3,25,5,21,2475,AA,LAX,34,-22,56,0,0,31
-5,3,25,5,15,2475,B6,LAX,34,-22,56,0,0,31
-4,3,25,5,7,2475,B6,LAX,34,-22,56,0,0,31
-1,3,25,5,6,2475,AA,LAX,34,-22,56,0,0,31
-2,3,25,5,19,2475,AA,LAX,34,-22,56,0,0,31
-3,3,25,5,13,2475,AA,LAX,34,-22,56,0,0,31
-12,3,25,5,12,2475,AA,LAX,34,-22,56,0,0,31
-7,3,25,5,18,2475,B6,LAX,34,-22,56,0,0,31
-7,3,25,5,18,2475,B6,LAX,34,-22,56,0,0,31
-5,3,25,5,21,2475,DL,LAX,34,-22,56,0,0,31
-5,3,25,5,15,2475,DL,LAX,34,-22,56,0,0,31
-4,3,25,5,19,2475,DL,LAX,34,-22,56,0,0,31
-5,3,25,5,7,2475,DL,LAX,34,-22,56,0,0,31
-3,3,25,5,17,2475,DL,LAX,34,-22,56,0,0,31
-6,3,25,5,9,2475,DL,LAX,34,-22,56,0,0,31
-1,3,25,5,12,2475,DL,LAX,34,-22,56,0,0,31
-4,3,25,5,7,2475,B6,LAX,34,-22,56,0,0,31
-5,3,25,5,15,2475,B6,LAX,34,-22,56,0,0,31
52,3,25,5,6,2475,UA,LAX,34,-22,56,0,0,31
-3,3,25,5,11,2475,UA,LAX,34,-22,56,0,0,31
-1,3,25,5,18,2475,UA,LAX,34,-22,56,0,0,31
-2,3,25,5,20,2475,UA,LAX,34,-22,56,0,0,31
-3,3,25,5,15,2475,UA,LAX,34,-22,56,0,0,31
-4,3,25,5,8,2475,UA,LAX,34,-22,56,0,0,31
-1,3,25,5,6,2475,AA,LAX,34,-22,56,0,0,31
-3,3,25,5,13,2475,AA,LAX,34,-22,56,0,0,31
-5,3,25,5,9,2475,AA,LAX,34,-22,56,0,0,31
5,3,25,5,21,2475,AA,LAX,34,-22,56,0,0,31
-5,3,25,5,15,2475,AA,LAX,34,-22,56,0,0,31
-12,3,25,5,12,2475,AA,LAX,34,-22,56,0,0,31
-5,3,25,5,10,2475,AA,LAX,34,-22,56,0,0,31
-2,3,25,5,19,2475,AA,LAX,34,-22,56,0,0,31
6,3,25,5,17,2475,AA,LAX,34,-22,56,0,0,31
-1,3,25,5,7,2475,AA,LAX,34,-22,56,0,0,31
52,3,25,5,6,2475,UA,LAX,34,-22,56,0,0,31
-3,3,25,5,11,2475,UA,LAX,34,-22,56,0,0,31
-1,3,25,5,18,2475,UA,LAX,34,-22,56,0,0,31
-2,3,25,5,20,2475,UA,LAX,34,-22,56,0,0,31
-3,3,25,5,15,2475,UA,LAX,34,-22,56,0,0,31
-4,3,25,5,8,2475,UA,LAX,34,-22,56,0,0,31
2,4,2,6,17,2475,UA,LAX,42,33,128,0,0,46
-3,4,2,6,15,2475,UA,LAX,42,33,128,0,0,46
-3,4,2,6,11,2475,UA,LAX,42,33,128,0,0,46
-3,4,2,6,6,2475,UA,LAX,42,33,128,0,0,46
-4,4,2,6,8,2475,UA,LAX,42,33,128,0,0,46
-3,4,2,6,17,2475,DL,LAX,42,33,128,0,0,46
0,4,2,6,12,2475,AA,LAX,42,33,128,0,0,46
-9,4,2,6,17,2475,AA,LAX,42,33,128,0,0,46
-6,4,2,6,21,2475,AA,LAX,42,33,128,0,0,46
-5,4,2,6,7,2475,AA,LAX,42,33,128,0,0,46
-5,4,2,6,15,2475,AA,LAX,42,33,128,0,0,46
-5,4,2,6,12,2475,DL,LAX,42,33,128,0,0,46
-5,4,2,6,6,2475,AA,LAX,42,33,128,0,0,46
40,4,2,6,9,2475,AA,LAX,42,33,128,0,0,46
0,4,2,6,15,2475,B6,LAX,42,33,128,0,0,46
-3,4,2,6,18,2475,B6,LAX,42,33,128,0,0,46
1,4,2,6,9,2475,DL,LAX,42,33,128,0,0,46
3,4,2,6,19,2475,AA,LAX,42,33,128,0,0,46
-5,4,2,6,19,2475,DL,LAX,42,33,128,0,0,46
21,4,2,6,15,2475,DL,LAX,42,33,128,0,0,46
43,4,13,3,18,2475,UA,LAX,45,61,100,97,0,53
-1,4,13,3,15,2475,UA,LAX,45,61,100,97,0,53
-5,4,13,3,11,2475,UA,LAX,45,61,100,97,0,53
0,4,13,3,8,2475,UA,LAX,45,61,100,97,0,53
-3,4,13,3,6,2475,UA,LAX,45,61,100,97,0,53
45,4,13,3,20,2475,UA,LAX,45,61,100,97,0,53
50,4,13,3,21,2475,AA,LAX,45,61,100,97,0,53
-5,4,13,3,10,2475,AA,LAX,45,61,100,97,0,53
-8,4,13,3,12,2475,AA,LAX,45,61,100,97,0,53
43,4,13,3,19,2475,DL,LAX,45,61,100,97,0,53
21,4,13,3,21,2475,DL,LAX,45,61,100,97,0,53
-4,4,13,3,12,2475,DL,LAX,45,61,100,97,0,53
1,4,13,3,17,2475,DL,LAX,45,61,100,97,0,53
0,4,13,3,9,2475,DL,LAX,45,61,100,97,0,53
-2,4,13,3,7,2475,AA,LAX,45,61,100,97,0,53
52,4,13,3,7,2475,DL,LAX,45,61,100,97,0,53
0,4,13,3,7,2475,B6,LAX,45,61,100,97,0,53
37,4,13,3,16,2475,B6,LAX,45,61,100,97,0,53
-2,4,13,3,6,2475,AA,LAX,45,61,100,97,0,53
14,4,13,3,15,2475,DL,LAX,45,61,100,97,0,53
40,4,13,3,19,2475,AA,LAX,45,61,100,97,0,53
0,4,13,3,16,2475,AA,LAX,45,61,100,97,0,53
-2,4,13,3,9,2475,AA,LAX,45,61,100,97,0,53
43,4,13,3,15,2475,AA,LAX,45,61,100,97,0,53
-6,4,13,3,13,2475,AA,LAX,45,61,100,97,0,53
17,4,24,7,18,2475,UA,LAX,34,122,267,127,0,15
-2,4,24,7,11,2475,UA,LAX,34,122,267,127,0,15
-3,4,24,7,15,2475,UA,LAX,34,122,267,127,0,15
34,4,24,7,20,2475,UA,LAX,34,122,267,127,0,15
-9,4,24,7,8,2475,UA,LAX,34,122,267,127,0,15
-3,4,24,7,16,2475,AA,LAX,34,122,267,127,0,15
-4,4,24,7,12,2475,AA,LAX,34,122,267,127,0,15
38,4,24,7,18,2475,B6,LAX,34,122,267,127,0,15
11,4,24,7,16,2475,B6,LAX,34,122,267,127,0,15
-4,4,24,7,7,2475,B6,LAX,34,122,267,127,0,15
-5,4,24,7,6,2475,AA,LAX,34,122,267,127,0,15
38,4,24,7,21,2475,AA,LAX,34,122,267,127,0,15
6,4,24,7,9,2475,AA,LAX,34,122,267,127,0,15
-7,4,24,7,15,2475,AA,LAX,34,122,267,127,0,15
3,4,24,7,13,2475,AA,LAX,34,122,267,127,0,15
-1,4,24,7,7,2475,AA,LAX,34,122,267,127,0,15
-7,4,24,7,19,2475,AA,LAX,34,122,267,127,0,15
-3,4,24,7,15,2475,DL,LAX,34,122,267,127,0,15
-4,4,24,7,9,2475,DL,LAX,34,122,267,127,0,15
-5,4,24,7,10,2475,AA,LAX,34,122,267,127,0,15
-2,4,24,7,17,2475,DL,LAX,34,122,267,127,0,15
-5,4,24,7,12,2475,DL,LAX,34,122,267,127,0,15
-4,4,24,7,21,2475,DL,LAX,34,122,267,127,0,15
-5,4,24,7,19,2475,DL,LAX,34,122,267,127,0,15
0,5,1,7,16,2475,AA,LAX,27,100,206,0,0,24
-5,5,1,7,7,2475,AA,LAX,27,100,206,0,0,24
39,5,1,7,15,2475,AA,LAX,27,100,206,0,0,24
-6,5,1,7,9,2475,AA,LAX,27,100,206,0,0,24
8,5,1,7,12,2475,AA,LAX,27,100,206,0,0,24
-3,5,1,7,21,2475,AA,LAX,27,100,206,0,0,24
10,5,1,7,6,2475,AA,LAX,27,100,206,0,0,24
-9,5,1,7,10,2475,AA,LAX,27,100,206,0,0,24
-1,5,1,7,13,2475,AA,LAX,27,100,206,0,0,24
-4,5,1,7,19,2475,AA,LAX,27,100,206,0,0,24
-4,5,1,7,9,2475,DL,LAX,27,100,206,0,0,24
-3,5,1,7,12,2475,DL,LAX,27,100,206,0,0,24
-4,5,1,7,17,2475,DL,LAX,27,100,206,0,0,24
-3,5,1,7,15,2475,DL,LAX,27,100,206,0,0,24
20,5,1,7,7,2475,B6,LAX,27,100,206,0,0,24
-5,5,1,7,16,2475,B6,LAX,27,100,206,0,0,24
-5,5,1,7,18,2475,B6,LAX,27,100,206,0,0,24
43,5,1,7,21,2475,DL,LAX,27,100,206,0,0,24
-4,5,1,7,19,2475,DL,LAX,27,100,206,0,0,24
-4,5,1,7,20,2475,UA,LAX,27,100,206,0,0,24
-6,5,1,7,11,2475,UA,LAX,27,100,206,0,0,24
-4,5,1,7,15,2475,UA,LAX,27,100,206,0,0,24
28,5,1,7,18,2475,UA,LAX,27,100,206,0,0,24
-3,5,1,7,8,2475,UA,LAX,27,100,206,0,0,24
28,5,9,1,20,2475,UA,LAX,19,122,217,0,0,32
-7,5,9,1,8,2475,UA,LAX,19,122,217,0,0,32
-4,5,9,1,18,2475,UA,LAX,19,122,217,0,0,32
-8,5,9,1,11,2475,UA,LAX,19,122,217,0,0,32
-5,5,9,1,6,2475,UA,LAX,19,122,217,0,0,32
31,5,9,1,15,2475,UA,LAX,19,122,217,0,0,32
-5,5,9,1,9,2475,DL,LAX,19,122,217,0,0,32
-6,5,9,1,12,2475,DL,LAX,19,122,217,0,0,32
-5,5,9,1,7,2475,DL,LAX,19,122,217,0,0,32
-3,5,9,1,15,2475,DL,LAX,19,122,217,0,0,32
-5,5,9,1,17,2475,DL,LAX,19,122,217,0,0,32
0,5,9,1,7,2475,B6,LAX,19,122,217,0,0,32
12,5,9,1,11,2475,B6,LAX,19,122,217,0,0,32
-3,5,9,1,16,2475,B6,LAX,19,122,217,0,0,32
-9,5,9,1,20,2475,B6,LAX,19,122,217,0,0,32
-4,5,9,1,19,2475,DL,LAX,19,122,217,0,0,32
-2,5,9,1,21,2475,DL,LAX,19,122,217,0,0,32
-4,5,9,1,7,2475,AA,LAX,19,122,217,0,0,32
-3,5,9,1,16,2475,AA,LAX,19,122,217,0,0,32
1,5,9,1,19,2475,AA,LAX,19,122,217,0,0,32
22,5,9,1,21,2475,AA,LAX,19,122,217,0,0,32
3,5,9,1,13,2475,AA,LAX,19,122,217,0,0,32
-1,5,9,1,10,2475,AA,LAX,19,122,217,0,0,32
-9,5,9,1,12,2475,AA,LAX,19,122,217,0,0,32
2,5,9,1,15,2475,AA,LAX,19,122,217,0,0,32
-1,5,9,1,6,2475,AA,LAX,19,122,217,0,0,32
2,5,9,1,9,2475,AA,LAX,19,122,217,0,0,32
2,5,12,4,10,2475,AA,LAX,16,111,233,0,0,22
-7,5,12,4,9,2475,AA,LAX,16,111,233,0,0,22
-3,5,12,4,6,2475,AA,LAX,16,111,233,0,0,22
9,5,12,4,15,2475,AA,LAX,16,111,233,0,0,22
-1,5,12,4,12,2475,AA,LAX,16,111,233,0,0,22
3,5,12,4,13,2475,AA,LAX,16,111,233,0,0,22
58,5,12,4,21,2475,AA,LAX,16,111,233,0,0,22
-7,5,12,4,19,2475,AA,LAX,16,111,233,0,0,22
84,5,12,4,16,2475,AA,LAX,16,111,233,0,0,22
18,5,12,4,7,2475,AA,LAX,16,111,233,0,0,22
6,5,12,4,11,2475,B6,LAX,16,111,233,0,0,22
2,5,12,4,7,2475,B6,LAX,16,111,233,0,0,22
-2,5,12,4,17,2475,DL,LAX,16,111,233,0,0,22
-2,5,12,4,7,2475,DL,LAX,16,111,233,0,0,22
-4,5,12,4,15,2475,DL,LAX,16,111,233,0,0,22
15,5,12,4,20,2475,B6,LAX,16,111,233,0,0,22
-4,5,12,4,12,2475,DL,LAX,16,111,233,0,0,22
-4,5,12,4,9,2475,DL,LAX,16,111,233,0,0,22
-3,5,12,4,21,2475,DL,LAX,16,111,233,0,0,22
-1,5,12,4,19,2475,DL,LAX,16,111,233,0,0,22
1,5,12,4,16,2475,B6,LAX,16,111,233,0,0,22
9,5,12,4,20,2475,UA,LAX,16,111,233,0,0,22
-6,5,12,4,8,2475,UA,LAX,16,111,233,0,0,22
-4,5,12,4,6,2475,UA,LAX,16,111,233,0,0,22
-2,5,12,4,15,2475,UA,LAX,16,111,233,0,0,22
-4,5,12,4,11,2475,UA,LAX,16,111,233,0,0,22
-3,5,12,4,18,2475,UA,LAX,16,111,233,0,0,22
0,5,23,1,11,2475,UA,LAX,5,128,194,25,0,24
97,5,23,1,18,2475,UA,LAX,5,128,194,25,0,24
-1,5,23,1,8,2475,UA,LAX,5,128,194,25,0,24
97,5,23,1,20,2475,UA,LAX,5,128,194,25,0,24
18,5,23,1,15,2475,UA,LAX,5,128,194,25,0,24
-2,5,23,1,6,2475,UA,LAX,5,128,194,25,0,24
-1,5,23,1,9,2475,DL,LAX,5,128,194,25,0,24
93,5,23,1,20,2475,B6,LAX,5,128,194,25,0,24
-3,5,23,1,16,2475,B6,LAX,5,128,194,25,0,24
6,5,23,1,11,2475,B6,LAX,5,128,194,25,0,24
-1,5,23,1,7,2475,B6,LAX,5,128,194,25,0,24
-5,5,23,1,19,2475,DL,LAX,5,128,194,25,0,24
47,5,23,1,21,2475,DL,LAX,5,128,194,25,0,24
15,5,23,1,17,2475,DL,LAX,5,128,194,25,0,24
0,5,23,1,15,2475,DL,LAX,5,128,194,25,0,24
-4,5,23,1,7,2475,DL,LAX,5,128,194,25,0,24
-5,5,23,1,12,2475,DL,LAX,5,128,194,25,0,24
-6,5,23,1,6,2475,AA,LAX,5,128,194,25,0,24
-5,5,23,1,7,2475,AA,LAX,5,128,194,25,0,24
-2,5,23,1,13,2475,AA,LAX,5,128,194,25,0,24
-2,5,23,1,16,2475,AA,LAX,5,128,194,25,0,24
-10,5,23,1,9,2475,AA,LAX,5,128,194,25,0,24
-11,5,23,1,12,2475,AA,LAX,5,128,194,25,0,24
-2,5,23,1,15,2475,AA,LAX,5,128,194,25,0,24
49,5,23,1,19,2475,AA,LAX,5,128,194,25,0,24
90,5,23,1,21,2475,AA,LAX,5,128,194,25,0,24
-5,5,23,1,10,2475,AA,LAX,5,128,194,25,0,24
-4,6,8,3,13,2475,AA,LAX,1,228,344,0,0,17
-5,6,8,3,16,2475,AA,LAX,1,228,344,0,0,17
-3,6,8,3,12,2475,DL,LAX,1,228,344,0,0,17
-3,6,8,3,7,2475,DL,LAX,1,228,344,0,0,17
-3,6,8,3,15,2475,AA,LAX,1,228,344,0,0,17
-1,6,8,3,17,2475,DL,LAX,1,228,344,0,0,17
6,6,8,3,10,2475,AA,LAX,1,228,344,0,0,17
-1,6,8,3,15,2475,DL,LAX,1,228,344,0,0,17
-4,6,8,3,9,2475,DL,LAX,1,228,344,0,0,17
-6,6,8,3,9,2475,DL,LAX,1,228,344,0,0,17
-6,6,8,3,7,2475,AA,LAX,1,228,344,0,0,17
9,6,8,3,21,2475,DL,LAX,1,228,344,0,0,17
-5,6,8,3,12,2475,AA,LAX,1,228,344,0,0,17
-7,6,8,3,21,2475,AA,LAX,1,228,344,0,0,17
-5,6,8,3,7,2475,B6,LAX,1,228,344,0,0,17
-4,6,8,3,6,2475,AA,LAX,1,228,344,0,0,17
-3,6,8,3,19,2475,DL,LAX,1,228,344,0,0,17
-2,6,8,3,20,2475,B6,LAX,1,228,344,0,0,17
-2,6,8,3,16,2475,B6,LAX,1,228,344,0,0,17
-8,6,8,3,9,2475,AA,LAX,1,228,344,0,0,17
11,6,8,3,11,2475,B6,LAX,1,228,344,0,0,17
-4,6,8,3,19,2475,AA,LAX,1,228,344,0,0,17
44,6,8,3,15,2475,UA,LAX,1,228,344,0,0,17
2,6,8,3,20,2475,UA,LAX,1,228,344,0,0,17
-5,6,8,3,8,2475,UA,LAX,1,228,344,0,0,17
-4,6,8,3,11,2475,UA,LAX,1,228,344,0,0,17
35,6,8,3,18,2475,UA,LAX,1,228,344,0,0,17
-5,6,8,3,6,2475,UA,LAX,1,228,344,0,0,17
-5,6,11,6,6,2475,UA,LAX,4,150,222,140,0,45
-4,6,11,6,15,2475,UA,LAX,4,150,222,140,0,45
38,6,11,6,18,2475,UA,LAX,4,150,222,140,0,45
-2,6,11,6,8,2475,UA,LAX,4,150,222,140,0,45
-5,6,11,6,11,2475,UA,LAX,4,150,222,140,0,45
211,6,11,6,15,2475,AA,LAX,4,150,222,140,0,45
0,6,11,6,6,2475,AA,LAX,4,150,222,140,0,45
-1,6,11,6,7,2475,B6,LAX,4,150,222,140,0,45
21,6,11,6,15,2475,DL,LAX,4,150,222,140,0,45
13,6,11,6,16,2475,AA,LAX,4,150,222,140,0,45
4,6,11,6,12,2475,AA,LAX,4,150,222,140,0,45
-6,6,11,6,12,2475,DL,LAX,4,150,222,140,0,45
-3,6,11,6,9,2475,AA,LAX,4,150,222,140,0,45
66,6,11,6,19,2475,DL,LAX,4,150,222,140,0,45
23,6,11,6,20,2475,AA,LAX,4,150,222,140,0,45
52,6,11,6,20,2475,B6,LAX,4,150,222,140,0,45
-4,6,11,6,16,2475,B6,LAX,4,150,222,140,0,45
37,6,11,6,19,2475,AA,LAX,4,150,222,140,0,45
9,6,11,6,13,2475,AA,LAX,4,150,222,140,0,45
-1,6,11,6,9,2475,DL,LAX,4,150,222,140,0,45
-6,6,11,6,7,2475,AA,LAX,4,150,222,140,0,45
-4,6,11,6,17,2475,DL,LAX,4,150,222,140,0,45
-1,6,19,7,15,2475,UA,LAX,12,206,283,0,0,18
-3,6,19,7,8,2475,UA,LAX,12,206,283,0,0,18
1,6,19,7,11,2475,UA,LAX,12,206,283,0,0,18
1,6,19,7,20,2475,UA,LAX,12,206,283,0,0,18
69,6,19,7,17,2475,UA,LAX,12,206,283,0,0,18
-3,6,19,7,6,2475,AA,LAX,12,206,283,0,0,18
-6,6,19,7,12,2475,AA,LAX,12,206,283,0,0,18
41,6,19,7,16,2475,AA,LAX,12,206,283,0,0,18
17,6,19,7,11,2475,B6,LAX,12,206,283,0,0,18
-5,6,19,7,7,2475,B6,LAX,12,206,283,0,0,18
136,6,19,7,17,2475,DL,LAX,12,206,283,0,0,18
-2,6,19,7,10,2475,AA,LAX,12,206,283,0,0,18
-4,6,19,7,19,2475,DL,LAX,12,206,283,0,0,18
-3,6,19,7,20,2475,AA,LAX,12,206,283,0,0,18
-4,6,19,7,7,2475,AA,LAX,12,206,283,0,0,18
15,6,19,7,21,2475,DL,LAX,12,206,283,0,0,18
-2,6,19,7,12,2475,DL,LAX,12,206,283,0,0,18
-2,6,19,7,15,2475,DL,LAX,12,206,283,0,0,18
-7,6,19,7,9,2475,AA,LAX,12,206,283,0,0,18
106,6,19,7,13,2475,AA,LAX,12,206,283,0,0,18
-4,6,19,7,15,2475,AA,LAX,12,206,283,0,0,18
-2,6,19,7,19,2475,AA,LAX,12,206,283,0,0,18
-3,6,19,7,9,2475,B6,LAX,12,206,283,0,0,18
11,6,19,7,21,2475,B6,LAX,12,206,283,0,0,18
-3,6,19,7,9,2475,DL,LAX,12,206,283,0,0,18
-2,6,19,7,16,2475,B6,LAX,12,206,283,0,0,18
0,6,22,3,12,2475,DL,LAX,12,217,267,69,0,14
80,6,22,3,20,2475,AA,LAX,12,217,267,69,0,14
-2,6,22,3,15,2475,AA,LAX,12,217,267,69,0,14
-5,6,22,3,19,2475,DL,LAX,12,217,267,69,0,14
-7,6,22,3,13,2475,AA,LAX,12,217,267,69,0,14
121,6,22,3,7,2475,DL,LAX,12,217,267,69,0,14
59,6,22,3,19,2475,AA,LAX,12,217,267,69,0,14
-4,6,22,3,15,2475,DL,LAX,12,217,267,69,0,14
-4,6,22,3,7,2475,AA,LAX,12,217,267,69,0,14
12,6,22,3,11,2475,B6,LAX,12,217,267,69,0,14
-5,6,22,3,16,2475,AA,LAX,12,217,267,69,0,14
-3,6,22,3,6,2475,AA,LAX,12,217,267,69,0,14
64,6,22,3,21,2475,B6,LAX,12,217,267,69,0,14
91,6,22,3,21,2475,DL,LAX,12,217,267,69,0,14
-3,6,22,3,9,2475,B6,LAX,12,217,267,69,0,14
17,6,22,3,9,2475,DL,LAX,12,217,267,69,0,14
-7,6,22,3,10,2475,AA,LAX,12,217,267,69,0,14
-5,6,22,3,16,2475,B6,LAX,12,217,267,69,0,14
-2,6,22,3,7,2475,B6,LAX,12,217,267,69,0,14
0,6,22,3,17,2475,DL,LAX,12,217,267,69,0,14
-6,6,22,3,12,2475,AA,LAX,12,217,267,69,0,14
3,6,22,3,9,2475,AA,LAX,12,217,267,69,0,14
-7,6,22,3,11,2475,UA,LAX,12,217,267,69,0,14
-2,6,22,3,8,2475,UA,LAX,12,217,267,69,0,14
-5,6,22,3,15,2475,UA,LAX,12,217,267,69,0,14
0,6,22,3,17,2475,UA,LAX,12,217,267,69,0,14
-2,6,22,3,6,2475,UA,LAX,12,217,267,69,0,14
87,6,22,3,20,2475,UA,LAX,12,217,267,69,0,14
-5,7,7,4,9,2475,AA,LAX,3,233,333,0,0,17
76,7,7,4,20,2475,AA,LAX,3,233,333,0,0,17
29,7,7,4,12,2475,AA,LAX,3,233,333,0,0,17
46,7,7,4,16,2475,AA,LAX,3,233,333,0,0,17
-7,7,7,4,13,2475,AA,LAX,3,233,333,0,0,17
-2,7,7,4,10,2475,AA,LAX,3,233,333,0,0,17
97,7,7,4,19,2475,AA,LAX,3,233,333,0,0,17
-1,7,7,4,6,2475,AA,LAX,3,233,333,0,0,17
-5,7,7,4,12,2475,DL,LAX,3,233,333,0,0,17
80,7,7,4,21,2475,B6,LAX,3,233,333,0,0,17
-5,7,7,4,9,2475,B6,LAX,3,233,333,0,0,17
-1,7,7,4,11,2475,B6,LAX,3,233,333,0,0,17
93,7,7,4,7,2475,B6,LAX,3,233,333,0,0,17
-3,7,7,4,17,2475,DL,LAX,3,233,333,0,0,17
38,7,7,4,16,2475,B6,LAX,3,233,333,0,0,17
-5,7,7,4,19,2475,DL,LAX,3,233,333,0,0,17
-3,7,7,4,7,2475,DL,LAX,3,233,333,0,0,17
23,7,7,4,21,2475,DL,LAX,3,233,333,0,0,17
-3,7,7,4,9,2475,DL,LAX,3,233,333,0,0,17
-2,7,7,4,15,2475,DL,LAX,3,233,333,0,0,17
-2,7,7,4,11,2475,UA,LAX,3,233,333,0,0,17
-3,7,7,4,20,2475,UA,LAX,3,233,333,0,0,17
-2,7,7,4,8,2475,UA,LAX,3,233,333,0,0,17
-2,7,7,4,15,2475,UA,LAX,3,233,333,0,0,17
-5,7,7,4,6,2475,UA,LAX,3,233,333,0,0,17
66,7,7,4,17,2475,UA,LAX,3,233,333,0,0,17
-4,7,10,7,7,2475,B6,LAX,6,200,300,0,0,9
-6,7,10,7,17,2475,DL,LAX,6,200,300,0,0,9
193,7,10,7,12,2475,DL,LAX,6,200,300,0,0,9
6,7,10,7,15,2475,DL,LAX,6,200,300,0,0,9
-5,7,10,7,9,2475,DL,LAX,6,200,300,0,0,9
0,7,10,7,21,2475,DL,LAX,6,200,300,0,0,9
-8,7,10,7,19,2475,DL,LAX,6,200,300,0,0,9
33,7,10,7,9,2475,B6,LAX,6,200,300,0,0,9
5,7,10,7,21,2475,B6,LAX,6,200,300,0,0,9
-2,7,10,7,16,2475,B6,LAX,6,200,300,0,0,9
-6,7,10,7,11,2475,B6,LAX,6,200,300,0,0,9
-3,7,10,7,20,2475,UA,LAX,6,200,300,0,0,9
-4,7,10,7,11,2475,UA,LAX,6,200,300,0,0,9
2,7,10,7,17,2475,UA,LAX,6,200,300,0,0,9
26,7,10,7,8,2475,UA,LAX,6,200,300,0,0,9
-4,7,10,7,15,2475,UA,LAX,6,200,300,0,0,9
-5,7,10,7,9,2475,AA,LAX,6,200,300,0,0,9
5,7,10,7,16,2475,AA,LAX,6,200,300,0,0,9
-2,7,10,7,6,2475,AA,LAX,6,200,300,0,0,9
-1,7,10,7,12,2475,AA,LAX,6,200,300,0,0,9
-5,7,10,7,10,2475,AA,LAX,6,200,300,0,0,9
-1,7,10,7,13,2475,AA,LAX,6,200,300,0,0,9
-1,7,10,7,20,2475,AA,LAX,6,200,300,0,0,9
38,7,10,7,19,2475,AA,LAX,6,200,300,0,0,9
-3,7,10,7,15,2475,AA,LAX,6,200,300,0,0,9
12,7,18,1,8,2475,UA,LAX,14,239,350,28,0,24
-5,7,18,1,11,2475,UA,LAX,14,239,350,28,0,24
-3,7,18,1,15,2475,UA,LAX,14,239,350,28,0,24
0,7,18,1,17,2475,UA,LAX,14,239,350,28,0,24
-1,7,18,1,20,2475,UA,LAX,14,239,350,28,0,24
-1,7,18,1,6,2475,UA,LAX,14,239,350,28,0,24
-5,7,18,1,9,2475,AA,LAX,14,239,350,28,0,24
-7,7,18,1,12,2475,AA,LAX,14,239,350,28,0,24
10,7,18,1,10,2475,AA,LAX,14,239,350,28,0,24
2,7,18,1,19,2475,AA,LAX,14,239,350,28,0,24
-2,7,18,1,7,2475,AA,LAX,14,239,350,28,0,24
13,7,18,1,13,2475,AA,LAX,14,239,350,28,0,24
5,7,18,1,15,2475,AA,LAX,14,239,350,28,0,24
-2,7,18,1,16,2475,AA,LAX,14,239,350,28,0,24
20,7,18,1,20,2475,AA,LAX,14,239,350,28,0,24
2,7,18,1,6,2475,AA,LAX,14,239,350,28,0,24
-2,7,18,1,7,2475,B6,LAX,14,239,350,28,0,24
-7,7,18,1,16,2475,B6,LAX,14,239,350,28,0,24
0,7,18,1,21,2475,B6,LAX,14,239,350,28,0,24
1,7,18,1,9,2475,B6,LAX,14,239,350,28,0,24
-5,7,18,1,11,2475,B6,LAX,14,239,350,28,0,24
-8,7,18,1,19,2475,DL,LAX,14,239,350,28,0,24
-3,7,18,1,21,2475,DL,LAX,14,239,350,28,0,24
-5,7,18,1,9,2475,DL,LAX,14,239,350,28,0,24
0,7,18,1,15,2475,DL,LAX,14,239,350,28,0,24
-4,7,18,1,12,2475,DL,LAX,14,239,350,28,0,24
0,7,18,1,7,2475,DL,LAX,14,239,350,28,0,24
-1,7,18,1,17,2475,DL,LAX,14,239,350,28,0,24
-1,7,21,4,19,2475,DL,LAX,17,239,361,0,0,26
-1,7,21,4,9,2475,B6,LAX,17,239,361,0,0,26
-2,7,21,4,21,2475,B6,LAX,17,239,361,0,0,26
4,7,21,4,16,2475,B6,LAX,17,239,361,0,0,26
31,7,21,4,15,2475,DL,LAX,17,239,361,0,0,26
-5,7,21,4,9,2475,DL,LAX,17,239,361,0,0,26
-1,7,21,4,11,2475,B6,LAX,17,239,361,0,0,26
-2,7,21,4,7,2475,DL,LAX,17,239,361,0,0,26
-3,7,21,4,17,2475,DL,LAX,17,239,361,0,0,26
0,7,21,4,7,2475,B6,LAX,17,239,361,0,0,26
-3,7,21,4,21,2475,DL,LAX,17,239,361,0,0,26
-6,7,21,4,12,2475,DL,LAX,17,239,361,0,0,26
1,7,21,4,6,2475,AA,LAX,17,239,361,0,0,26
83,7,21,4,13,2475,AA,LAX,17,239,361,0,0,26
0,7,21,4,15,2475,AA,LAX,17,239,361,0,0,26
0,7,21,4,16,2475,AA,LAX,17,239,361,0,0,26
103,7,21,4,19,2475,AA,LAX,17,239,361,0,0,26
-4,7,21,4,9,2475,AA,LAX,17,239,361,0,0,26
-2,7,21,4,7,2475,AA,LAX,17,239,361,0,0,26
0,7,21,4,20,2475,AA,LAX,17,239,361,0,0,26
-6,7,21,4,10,2475,AA,LAX,17,239,361,0,0,26
-7,7,21,4,12,2475,AA,LAX,17,239,361,0,0,26
-3,7,21,4,17,2475,UA,LAX,17,239,361,0,0,26
-2,7,21,4,20,2475,UA,LAX,17,239,361,0,0,26
-4,7,21,4,8,2475,UA,LAX,17,239,361,0,0,26
15,7,21,4,6,2475,UA,LAX,17,239,361,0,0,26
-5,7,21,4,15,2475,UA,LAX,17,239,361,0,0,26
-5,7,21,4,11,2475,UA,LAX,17,239,361,0,0,26
-1,7,29,5,7,2475,AA,LAX,25,217,289,274,0,17
154,7,29,5,20,2475,AA,LAX,25,217,289,274,0,17
-4,7,29,5,6,2475,AA,LAX,25,217,289,274,0,17
-6,7,29,5,9,2475,AA,LAX,25,217,289,274,0,17
-5,7,29,5,16,2475,AA,LAX,25,217,289,274,0,17
-4,7,29,5,15,2475,AA,LAX,25,217,289,274,0,17
138,7,29,5,19,2475,AA,LAX,25,217,289,274,0,17
-7,7,29,5,10,2475,AA,LAX,25,217,289,274,0,17
-1,7,29,5,13,2475,AA,LAX,25,217,289,274,0,17
-8,7,29,5,12,2475,AA,LAX,25,217,289,274,0,17
-5,7,29,5,7,2475,B6,LAX,25,217,289,274,0,17
16,7,29,5,7,2475,DL,LAX,25,217,289,274,0,17
5,7,29,5,17,2475,DL,LAX,25,217,289,274,0,17
110,7,29,5,19,2475,DL,LAX,25,217,289,274,0,17
86,7,29,5,21,2475,DL,LAX,25,217,289,274,0,17
-4,7,29,5,9,2475,DL,LAX,25,217,289,274,0,17
3,7,29,5,15,2475,DL,LAX,25,217,289,274,0,17
-3,7,29,5,12,2475,DL,LAX,25,217,289,274,0,17
-5,7,29,5,9,2475,B6,LAX,25,217,289,274,0,17
254,7,29,5,21,2475,B6,LAX,25,217,289,274,0,17
283,7,29,5,16,2475,B6,LAX,25,217,289,274,0,17
0,7,29,5,11,2475,B6,LAX,25,217,289,274,0,17
-1,7,29,5,15,2475,UA,LAX,25,217,289,274,0,17
-2,7,29,5,8,2475,UA,LAX,25,217,289,274,0,17
-4,7,29,5,6,2475,UA,LAX,25,217,289,274,0,17
110,7,29,5,20,2475,UA,LAX,25,217,289,274,0,17
-4,7,29,5,11,2475,UA,LAX,25,217,289,274,0,17
124,7,29,5,17,2475,UA,LAX,25,217,289,274,0,17
-6,8,6,6,15,2475,AA,LAX,28,222,294,48,0,26
75,8,6,6,13,2475,AA,LAX,28,222,294,48,0,26
-4,8,6,6,16,2475,AA,LAX,28,222,294,48,0,26
-2,8,6,6,7,2475,AA,LAX,28,222,294,48,0,26
0,8,6,6,19,2475,AA,LAX,28,222,294,48,0,26
30,8,6,6,20,2475,AA,LAX,28,222,294,48,0,26
-3,8,6,6,6,2475,AA,LAX,28,222,294,48,0,26
-1,8,6,6,12,2475,AA,LAX,28,222,294,48,0,26
-6,8,6,6,9,2475,AA,LAX,28,222,294,48,0,26
-2,8,6,6,7,2475,B6,LAX,28,222,294,48,0,26
-5,8,6,6,16,2475,B6,LAX,28,222,294,48,0,26
-2,8,6,6,21,2475,B6,LAX,28,222,294,48,0,26
-8,8,6,6,9,2475,B6,LAX,28,222,294,48,0,26
-4,8,6,6,18,2475,UA,LAX,28,222,294,48,0,26
-2,8,6,6,8,2475,UA,LAX,28,222,294,48,0,26
-4,8,6,6,15,2475,UA,LAX,28,222,294,48,0,26
-5,8,6,6,11,2475,UA,LAX,28,222,294,48,0,26
0,8,6,6,6,2475,UA,LAX,28,222,294,48,0,26
1,8,6,6,19,2475,DL,LAX,28,222,294,48,0,26
-4,8,6,6,17,2475,DL,LAX,28,222,294,48,0,26
-3,8,6,6,12,2475,DL,LAX,28,222,294,48,0,26
43,8,6,6,15,2475,DL,LAX,28,222,294,48,0,26
85,8,6,6,9,2475,DL,LAX,28,222,294,48,0,26
-7,8,17,3,15,2475,UA,LAX,17,189,300,0,0,8
-7,8,17,3,11,2475,UA,LAX,17,189,300,0,0,8
-2,8,17,3,8,2475,UA,LAX,17,189,300,0,0,8
-5,8,17,3,17,2475,UA,LAX,17,189,300,0,0,8
0,8,17,3,20,2475,UA,LAX,17,189,300,0,0,8
3,8,17,3,17,2475,DL,LAX,17,189,300,0,0,8
-1,8,17,3,19,2475,DL,LAX,17,189,300,0,0,8
15,8,17,3,21,2475,DL,LAX,17,189,300,0,0,8
-5,8,17,3,15,2475,DL,LAX,17,189,300,0,0,8
-1,8,17,3,12,2475,DL,LAX,17,189,300,0,0,8
14,8,17,3,7,2475,DL,LAX,17,189,300,0,0,8
-3,8,17,3,9,2475,DL,LAX,17,189,300,0,0,8
-4,8,17,3,7,2475,B6,LAX,17,189,300,0,0,8
20,8,17,3,13,2475,AA,LAX,17,189,300,0,0,8
-2,8,17,3,9,2475,AA,LAX,17,189,300,0,0,8
2,8,17,3,15,2475,AA,LAX,17,189,300,0,0,8
5,8,17,3,21,2475,B6,LAX,17,189,300,0,0,8
-4,8,17,3,6,2475,AA,LAX,17,189,300,0,0,8
2,8,17,3,11,2475,B6,LAX,17,189,300,0,0,8
-4,8,17,3,19,2475,AA,LAX,17,189,300,0,0,8
48,8,17,3,9,2475,B6,LAX,17,189,300,0,0,8
9,8,17,3,16,2475,AA,LAX,17,189,300,0,0,8
-1,8,17,3,12,2475,AA,LAX,17,189,300,0,0,8
-6,8,17,3,10,2475,AA,LAX,17,189,300,0,0,8
-4,8,17,3,16,2475,B6,LAX,17,189,300,0,0,8
6,8,17,3,20,2475,AA,LAX,17,189,300,0,0,8
-2,8,17,3,7,2475,AA,LAX,17,189,300,0,0,8
-1,8,17,3,6,2475,UA,LAX,17,189,300,0,0,8
-4,8,20,6,6,2475,UA,LAX,14,178,294,0,0,10
-5,8,20,6,19,2475,DL,LAX,14,178,294,0,0,10
84,8,20,6,15,2475,DL,LAX,14,178,294,0,0,10
1,8,20,6,12,2475,DL,LAX,14,178,294,0,0,10
-4,8,20,6,9,2475,DL,LAX,14,178,294,0,0,10
28,8,20,6,17,2475,DL,LAX,14,178,294,0,0,10
-6,8,20,6,11,2475,UA,LAX,14,178,294,0,0,10
2,8,20,6,8,2475,UA,LAX,14,178,294,0,0,10
0,8,20,6,15,2475,UA,LAX,14,178,294,0,0,10
-2,8,20,6,18,2475,UA,LAX,14,178,294,0,0,10
-2,8,20,6,16,2475,AA,LAX,14,178,294,0,0,10
-2,8,20,6,19,2475,AA,LAX,14,178,294,0,0,10
-1,8,20,6,13,2475,AA,LAX,14,178,294,0,0,10
-3,8,20,6,6,2475,AA,LAX,14,178,294,0,0,10
6,8,20,6,15,2475,AA,LAX,14,178,294,0,0,10
6,8,20,6,9,2475,AA,LAX,14,178,294,0,0,10
-1,8,20,6,12,2475,AA,LAX,14,178,294,0,0,10
-1,8,20,6,7,2475,AA,LAX,14,178,294,0,0,10
32,8,20,6,9,2475,B6,LAX,14,178,294,0,0,10
12,8,20,6,21,2475,B6,LAX,14,178,294,0,0,10
-2,8,20,6,16,2475,B6,LAX,14,178,294,0,0,10
30,8,20,6,7,2475,B6,LAX,14,178,294,0,0,10
-4,8,20,6,20,2475,AA,LAX,14,178,294,0,0,10
-6,8,31,3,20,2475,UA,LAX,3,172,294,0,0,10
-4,8,31,3,15,2475,UA,LAX,3,172,294,0,0,10
-2,8,31,3,11,2475,UA,LAX,3,172,294,0,0,10
-7,8,31,3,6,2475,UA,LAX,3,172,294,0,0,10
2,8,31,3,16,2475,AA,LAX,3,172,294,0,0,10
-3,8,31,3,21,2475,AA,LAX,3,172,294,0,0,10
-2,8,31,3,7,2475,B6,LAX,3,172,294,0,0,10
-8,8,31,3,12,2475,AA,LAX,3,172,294,0,0,10
-2,8,31,3,9,2475,B6,LAX,3,172,294,0,0,10
-5,8,31,3,7,2475,AA,LAX,3,172,294,0,0,10
98,8,31,3,15,2475,AA,LAX,3,172,294,0,0,10
14,8,31,3,11,2475,B6,LAX,3,172,294,0,0,10
-3,8,31,3,13,2475,AA,LAX,3,172,294,0,0,10
-9,8,31,3,10,2475,AA,LAX,3,172,294,0,0,10
-3,8,31,3,9,2475,AA,LAX,3,172,294,0,0,10
-8,8,31,3,21,2475,B6,LAX,3,172,294,0,0,10
10,8,31,3,16,2475,B6,LAX,3,172,294,0,0,10
-5,8,31,3,7,2475,AA,LAX,3,172,294,0,0,10
117,8,31,3,19,2475,AA,LAX,3,172,294,0,0,10
-2,8,31,3,17,2475,DL,LAX,3,172,294,0,0,10
0,8,31,3,21,2475,DL,LAX,3,172,294,0,0,10
16,8,31,3,15,2475,DL,LAX,3,172,294,0,0,10
0,8,31,3,12,2475,DL,LAX,3,172,294,0,0,10
28,8,31,3,7,2475,DL,LAX,3,172,294,0,0,10
-6,8,31,3,9,2475,DL,LAX,3,172,294,0,0,10
-3,8,31,3,19,2475,DL,LAX,3,172,294,0,0,10
-5,8,31,3,17,2475,UA,LAX,3,172,294,0,0,10
11,8,31,3,8,2475,UA,LAX,3,172,294,0,0,10
33,9,5,1,19,2475,AA,LAX,2,222,272,0,0,23
-5,9,5,1,17,2475,DL,LAX,2,222,272,0,0,23
-4,9,5,1,10,2475,AA,LAX,2,222,272,0,0,23
128,9,5,1,15,2475,AA,LAX,2,222,272,0,0,23
4,9,5,1,7,2475,B6,LAX,2,222,272,0,0,23
-6,9,5,1,11,2475,B6,LAX,2,222,272,0,0,23
12,9,5,1,9,2475,B6,LAX,2,222,272,0,0,23
-2,9,5,1,16,2475,AA,LAX,2,222,272,0,0,23
3,9,5,1,16,2475,B6,LAX,2,222,272,0,0,23
-7,9,5,1,21,2475,B6,LAX,2,222,272,0,0,23
-5,9,5,1,7,2475,AA,LAX,2,222,272,0,0,23
-8,9,5,1,12,2475,AA,LAX,2,222,272,0,0,23
-6,9,5,1,7,2475,AA,LAX,2,222,272,0,0,23
0,9,5,1,19,2475,DL,LAX,2,222,272,0,0,23
-3,9,5,1,21,2475,DL,LAX,2,222,272,0,0,23
0,9,5,1,15,2475,DL,LAX,2,222,272,0,0,23
-1,9,5,1,12,2475,DL,LAX,2,222,272,0,0,23
-8,9,5,1,21,2475,AA,LAX,2,222,272,0,0,23
-8,9,5,1,9,2475,AA,LAX,2,222,272,0,0,23
-8,9,5,1,13,2475,AA,LAX,2,222,272,0,0,23
-6,9,5,1,9,2475,DL,LAX,2,222,272,0,0,23
0,9,5,1,6,2475,UA,LAX,2,222,272,0,0,23
-6,9,5,1,8,2475,UA,LAX,2,222,272,0,0,23
5,9,5,1,20,2475,UA,LAX,2,222,272,0,0,23
-4,9,5,1,17,2475,UA,LAX,2,222,272,0,0,23
-8,9,5,1,11,2475,UA,LAX,2,222,272,0,0,23
2,9,5,1,15,2475,UA,LAX,2,222,272,0,0,23
0,9,16,5,17,2475,UA,LAX,13,106,183,0,0,24
7,9,16,5,15,2475,UA,LAX,13,106,183,0,0,24
-4,9,16,5,6,2475,UA,LAX,13,106,183,0,0,24
18,9,16,5,20,2475,UA,LAX,13,106,183,0,0,24
4,9,16,5,8,2475,UA,LAX,13,106,183,0,0,24
-2,9,16,5,11,2475,UA,LAX,13,106,183,0,0,24
-3,9,16,5,6,2475,B6,LAX,13,106,183,0,0,24
-6,9,16,5,11,2475,B6,LAX,13,106,183,0,0,24
1,9,16,5,16,2475,B6,LAX,13,106,183,0,0,24
7,9,16,5,20,2475,B6,LAX,13,106,183,0,0,24
-2,9,16,5,10,2475,AA,LAX,13,106,183,0,0,24
48,9,16,5,15,2475,AA,LAX,13,106,183,0,0,24
-3,9,16,5,19,2475,AA,LAX,13,106,183,0,0,24
0,9,16,5,12,2475,AA,LAX,13,106,183,0,0,24
-7,9,16,5,7,2475,AA,LAX,13,106,183,0,0,24
-4,9,16,5,17,2475,DL,LAX,13,106,183,0,0,24
-2,9,16,5,9,2475,DL,LAX,13,106,183,0,0,24
-1,9,16,5,15,2475,DL,LAX,13,106,183,0,0,24
-2,9,16,5,7,2475,DL,LAX,13,106,183,0,0,24
-1,9,16,5,21,2475,AA,LAX,13,106,183,0,0,24
25,9,16,5,13,2475,AA,LAX,13,106,183,0,0,24
-5,9,16,5,12,2475,DL,LAX,13,106,183,0,0,24
-3,9,16,5,21,2475,DL,LAX,13,106,183,0,0,24
-1,9,16,5,19,2475,DL,LAX,13,106,183,0,0,24
17,9,16,5,7,2475,AA,LAX,13,106,183,0,0,24
1,9,16,5,9,2475,AA,LAX,13,106,183,0,0,24
0,9,16,5,16,2475,AA,LAX,13,106,183,0,0,24
-4,9,16,5,9,2475,B6,LAX,13,106,183,0,0,24
-4,9,27,2,9,2475,DL,LAX,11,206,250,0,0,16
-5,9,27,2,7,2475,DL,LAX,11,206,250,0,0,16
-3,9,27,2,12,2475,DL,LAX,11,206,250,0,0,16
27,9,27,2,7,2475,AA,LAX,11,206,250,0,0,16
-1,9,27,2,15,2475,DL,LAX,11,206,250,0,0,16
119,9,27,2,15,2475,AA,LAX,11,206,250,0,0,16
11,9,27,2,16,2475,AA,LAX,11,206,250,0,0,16
-2,9,27,2,21,2475,AA,LAX,11,206,250,0,0,16
31,9,27,2,21,2475,DL,LAX,11,206,250,0,0,16
0,9,27,2,19,2475,DL,LAX,11,206,250,0,0,16
1,9,27,2,9,2475,AA,LAX,11,206,250,0,0,16
65,9,27,2,19,2475,AA,LAX,11,206,250,0,0,16
63,9,27,2,7,2475,AA,LAX,11,206,250,0,0,16
-1,9,27,2,12,2475,AA,LAX,11,206,250,0,0,16
-2,9,27,2,13,2475,AA,LAX,11,206,250,0,0,16
79,9,27,2,20,2475,B6,LAX,11,206,250,0,0,16
-3,9,27,2,16,2475,B6,LAX,11,206,250,0,0,16
-5,9,27,2,11,2475,B6,LAX,11,206,250,0,0,16
2,9,27,2,6,2475,B6,LAX,11,206,250,0,0,16
-4,9,27,2,9,2475,B6,LAX,11,206,250,0,0,16
-4,9,27,2,10,2475,AA,LAX,11,206,250,0,0,16
1,9,27,2,17,2475,DL,LAX,11,206,250,0,0,16
-5,9,27,2,11,2475,UA,LAX,11,206,250,0,0,16
-2,9,27,2,15,2475,UA,LAX,11,206,250,0,0,16
68,9,27,2,20,2475,UA,LAX,11,206,250,0,0,16
14,9,27,2,17,2475,UA,LAX,11,206,250,0,0,16
-1,9,27,2,8,2475,UA,LAX,11,206,250,0,0,16
-3,9,27,2,6,2475,UA,LAX,11,206,250,0,0,16
98,9,30,5,11,2475,UA,LAX,8,144,244,183,0,17
-6,9,30,5,17,2475,UA,LAX,8,144,244,183,0,17
19,9,30,5,8,2475,UA,LAX,8,144,244,183,0,17
-7,9,30,5,15,2475,UA,LAX,8,144,244,183,0,17
-2,9,30,5,20,2475,UA,LAX,8,144,244,183,0,17
4,9,30,5,6,2475,UA,LAX,8,144,244,183,0,17
-8,9,30,5,19,2475,DL,LAX,8,144,244,183,0,17
18,9,30,5,21,2475,DL,LAX,8,144,244,183,0,17
-5,9,30,5,12,2475,DL,LAX,8,144,244,183,0,17
-4,9,30,5,7,2475,DL,LAX,8,144,244,183,0,17
-2,9,30,5,15,2475,DL,LAX,8,144,244,183,0,17
-6,9,30,5,9,2475,DL,LAX,8,144,244,183,0,17
-4,9,30,5,17,2475,DL,LAX,8,144,244,183,0,17
11,9,30,5,20,2475,B6,LAX,8,144,244,183,0,17
-3,9,30,5,16,2475,B6,LAX,8,144,244,183,0,17
-7,9,30,5,11,2475,B6,LAX,8,144,244,183,0,17
-3,9,30,5,6,2475,B6,LAX,8,144,244,183,0,17
-2,9,30,5,9,2475,B6,LAX,8,144,244,183,0,17
-8,9,30,5,7,2475,AA,LAX,8,144,244,183,0,17
-7,9,30,5,21,2475,AA,LAX,8,144,244,183,0,17
-1,9,30,5,16,2475,AA,LAX,8,144,244,183,0,17
33,9,30,5,15,2475,AA,LAX,8,144,244,183,0,17
-9,9,30,5,13,2475,AA,LAX,8,144,244,183,0,17
-11,9,30,5,7,2475,AA,LAX,8,144,244,183,0,17
1,9,30,5,19,2475,AA,LAX,8,144,244,183,0,17
-6,9,30,5,10,2475,AA,LAX,8,144,244,183,0,17
-5,9,30,5,12,2475,AA,LAX,8,144,244,183,0,17
-7,9,30,5,9,2475,AA,LAX,8,144,244,183,0,17
-3,10,7,5,17,2475,DL,LAX,1,89,189,0,0,9
-3,10,7,5,6,2475,B6,LAX,1,89,189,0,0,9
1,10,7,5,20,2475,B6,LAX,1,89,189,0,0,9
-2,10,7,5,16,2475,B6,LAX,1,89,189,0,0,9
-2,10,7,5,11,2475,B6,LAX,1,89,189,0,0,9
-8,10,7,5,9,2475,AA,LAX,1,89,189,0,0,9
-8,10,7,5,12,2475,AA,LAX,1,89,189,0,0,9
-5,10,7,5,10,2475,AA,LAX,1,89,189,0,0,9
-2,10,7,5,19,2475,AA,LAX,1,89,189,0,0,9
-2,10,7,5,7,2475,AA,LAX,1,89,189,0,0,9
-2,10,7,5,13,2475,AA,LAX,1,89,189,0,0,9
-1,10,7,5,15,2475,AA,LAX,1,89,189,0,0,9
-2,10,7,5,16,2475,AA,LAX,1,89,189,0,0,9
-5,10,7,5,21,2475,AA,LAX,1,89,189,0,0,9
-6,10,7,5,9,2475,B6,LAX,1,89,189,0,0,9
0,10,7,5,7,2475,AA,LAX,1,89,189,0,0,9
-5,10,7,5,19,2475,DL,LAX,1,89,189,0,0,9
2,10,7,5,21,2475,DL,LAX,1,89,189,0,0,9
-5,10,7,5,15,2475,DL,LAX,1,89,189,0,0,9
-4,10,7,5,12,2475,DL,LAX,1,89,189,0,0,9
-4,10,7,5,7,2475,DL,LAX,1,89,189,0,0,9
-7,10,7,5,9,2475,DL,LAX,1,89,189,0,0,9
-2,10,7,5,17,2475,UA,LAX,1,89,189,0,0,9
0,10,7,5,20,2475,UA,LAX,1,89,189,0,0,9
-5,10,7,5,11,2475,UA,LAX,1,89,189,0,0,9
-2,10,7,5,6,2475,UA,LAX,1,89,189,0,0,9
-5,10,7,5,15,2475,UA,LAX,1,89,189,0,0,9
24,10,7,5,8,2475,UA,LAX,1,89,189,0,0,9
-5,10,10,1,15,2475,UA,LAX,2,161,272,0,0,7
-4,10,10,1,17,2475,UA,LAX,2,161,272,0,0,7
-5,10,10,1,8,2475,UA,LAX,2,161,272,0,0,7
-6,10,10,1,6,2475,UA,LAX,2,161,272,0,0,7
-4,10,10,1,11,2475,UA,LAX,2,161,272,0,0,7
0,10,10,1,20,2475,UA,LAX,2,161,272,0,0,7
-1,10,10,1,9,2475,B6,LAX,2,161,272,0,0,7
-4,10,10,1,21,2475,AA,LAX,2,161,272,0,0,7
-4,10,10,1,7,2475,AA,LAX,2,161,272,0,0,7
2,10,10,1,19,2475,DL,LAX,2,161,272,0,0,7
-9,10,10,1,21,2475,DL,LAX,2,161,272,0,0,7
-6,10,10,1,15,2475,DL,LAX,2,161,272,0,0,7
-6,10,10,1,9,2475,AA,LAX,2,161,272,0,0,7
-5,10,10,1,12,2475,DL,LAX,2,161,272,0,0,7
82,10,10,1,12,2475,AA,LAX,2,161,272,0,0,7
-3,10,10,1,7,2475,DL,LAX,2,161,272,0,0,7
-4,10,10,1,10,2475,AA,LAX,2,161,272,0,0,7
-2,10,10,1,9,2475,DL,LAX,2,161,272,0,0,7
-7,10,10,1,19,2475,AA,LAX,2,161,272,0,0,7
-4,10,10,1,17,2475,DL,LAX,2,161,272,0,0,7
-4,10,10,1,7,2475,AA,LAX,2,161,272,0,0,7
-4,10,10,1,20,2475,B6,LAX,2,161,272,0,0,7
27,10,10,1,13,2475,AA,LAX,2,161,272,0,0,7
-1,10,10,1,16,2475,B6,LAX,2,161,272,0,0,7
104,10,10,1,15,2475,AA,LAX,2,161,272,0,0,7
48,10,10,1,11,2475,B6,LAX,2,161,272,0,0,7
-6,10,10,1,16,2475,AA,LAX,2,161,272,0,0,7
-4,10,10,1,6,2475,B6,LAX,2,161,272,0,0,7
-2,10,18,2,9,2475,B6,LAX,10,122,200,3,0,16
-7,10,18,2,6,2475,B6,LAX,10,122,200,3,0,16
-6,10,18,2,11,2475,B6,LAX,10,122,200,3,0,16
-6,10,18,2,16,2475,B6,LAX,10,122,200,3,0,16
-2,10,18,2,20,2475,B6,LAX,10,122,200,3,0,16
-7,10,18,2,7,2475,AA,LAX,10,122,200,3,0,16
-5,10,18,2,17,2475,DL,LAX,10,122,200,3,0,16
27,10,18,2,21,2475,AA,LAX,10,122,200,3,0,16
-3,10,18,2,9,2475,DL,LAX,10,122,200,3,0,16
-6,10,18,2,7,2475,DL,LAX,10,122,200,3,0,16
-7,10,18,2,12,2475,DL,LAX,10,122,200,3,0,16
-2,10,18,2,15,2475,DL,LAX,10,122,200,3,0,16
-3,10,18,2,21,2475,DL,LAX,10,122,200,3,0,16
-3,10,18,2,19,2475,DL,LAX,10,122,200,3,0,16
-3,10,18,2,16,2475,AA,LAX,10,122,200,3,0,16
3,10,18,2,15,2475,AA,LAX,10,122,200,3,0,16
1,10,18,2,13,2475,AA,LAX,10,122,200,3,0,16
-4,10,18,2,7,2475,AA,LAX,10,122,200,3,0,16
73,10,18,2,19,2475,AA,LAX,10,122,200,3,0,16
-2,10,18,2,10,2475,AA,LAX,10,122,200,3,0,16
-4,10,18,2,12,2475,AA,LAX,10,122,200,3,0,16
-9,10,18,2,9,2475,AA,LAX,10,122,200,3,0,16
-1,10,18,2,15,2475,UA,LAX,10,122,200,3,0,16
-2,10,18,2,8,2475,UA,LAX,10,122,200,3,0,16
0,10,18,2,11,2475,UA,LAX,10,122,200,3,0,16
47,10,18,2,20,2475,UA,LAX,10,122,200,3,0,16
2,10,18,2,6,2475,UA,LAX,10,122,200,3,0,16
-3,10,21,5,11,2475,UA,LAX,13,100,133,0,0,30
-5,10,21,5,8,2475,UA,LAX,13,100,133,0,0,30
-4,10,21,5,20,2475,UA,LAX,13,100,133,0,0,30
-1,10,21,5,17,2475,UA,LAX,13,100,133,0,0,30
2,10,21,5,6,2475,UA,LAX,13,100,133,0,0,30
67,10,21,5,15,2475,UA,LAX,13,100,133,0,0,30
-6,10,21,5,7,2475,AA,LAX,13,100,133,0,0,30
0,10,21,5,9,2475,B6,LAX,13,100,133,0,0,30
-8,10,21,5,19,2475,AA,LAX,13,100,133,0,0,30
0,10,21,5,6,2475,B6,LAX,13,100,133,0,0,30
15,10,21,5,16,2475,B6,LAX,13,100,133,0,0,30
5,10,21,5,20,2475,B6,LAX,13,100,133,0,0,30
-1,10,21,5,7,2475,AA,LAX,13,100,133,0,0,30
-7,10,21,5,12,2475,AA,LAX,13,100,133,0,0,30
-6,10,21,5,13,2475,AA,LAX,13,100,133,0,0,30
8,10,21,5,15,2475,AA,LAX,13,100,133,0,0,30
-3,10,21,5,11,2475,B6,LAX,13,100,133,0,0,30
-4,10,21,5,19,2475,DL,LAX,13,100,133,0,0,30
-1,10,21,5,21,2475,DL,LAX,13,100,133,0,0,30
0,10,21,5,15,2475,DL,LAX,13,100,133,0,0,30
-4,10,21,5,16,2475,AA,LAX,13,100,133,0,0,30
0,10,21,5,10,2475,AA,LAX,13,100,133,0,0,30
-5,10,21,5,12,2475,DL,LAX,13,100,133,0,0,30
-5,10,21,5,7,2475,DL,LAX,13,100,133,0,0,30
-5,10,21,5,9,2475,DL,LAX,13,100,133,0,0,30
-1,10,21,5,17,2475,DL,LAX,13,100,133,0,0,30
-7,10,21,5,9,2475,AA,LAX,13,100,133,0,0,30
-5,10,21,5,21,2475,AA,LAX,13,100,133,0,0,30
-4,10,29,6,11,2475,UA,LAX,13,6,72,508,74,39
-3,10,29,6,6,2475,UA,LAX,13,6,72,508,74,39
8,10,29,6,15,2475,UA,LAX,13,6,72,508,74,39
38,10,29,6,17,2475,UA,LAX,13,6,72,508,74,39
-2,10,29,6,8,2475,UA,LAX,13,6,72,508,74,39
0,10,29,6,9,2475,DL,LAX,13,6,72,508,74,39
309,10,29,6,20,2475,B6,LAX,13,6,72,508,74,39
32,10,29,6,16,2475,B6,LAX,13,6,72,508,74,39
-6,10,29,6,6,2475,B6,LAX,13,6,72,508,74,39
-5,10,29,6,9,2475,B6,LAX,13,6,72,508,74,39
-9,10,29,6,9,2475,AA,LAX,13,6,72,508,74,39
143,10,29,6,15,2475,AA,LAX,13,6,72,508,74,39
56,10,29,6,17,2475,DL,LAX,13,6,72,508,74,39
-3,10,29,6,7,2475,DL,LAX,13,6,72,508,74,39
0,10,29,6,12,2475,DL,LAX,13,6,72,508,74,39
59,10,29,6,15,2475,DL,LAX,13,6,72,508,74,39
57,10,29,6,19,2475,DL,LAX,13,6,72,508,74,39
1,10,29,6,13,2475,AA,LAX,13,6,72,508,74,39
-1,10,29,6,7,2475,AA,LAX,13,6,72,508,74,39
-5,10,29,6,12,2475,AA,LAX,13,6,72,508,74,39
-8,10,29,6,7,2475,AA,LAX,13,6,72,508,74,39
8,10,29,6,19,2475,AA,LAX,13,6,72,508,74,39
-5,11,6,7,9,2475,AA,LAX,5,33,122,0,0,18
-3,11,6,7,21,2475,AA,LAX,5,33,122,0,0,18
-4,11,6,7,13,2475,AA,LAX,5,33,122,0,0,18
-3,11,6,7,12,2475,AA,LAX,5,33,122,0,0,18
-1,11,6,7,7,2475,AA,LAX,5,33,122,0,0,18
20,11,6,7,15,2475,AA,LAX,5,33,122,0,0,18
97,11,6,7,16,2475,AA,LAX,5,33,122,0,0,18
-6,11,6,7,10,2475,AA,LAX,5,33,122,0,0,18
146,11,6,7,19,2475,AA,LAX,5,33,122,0,0,18
-5,11,6,7,17,2475,DL,LAX,5,33,122,0,0,18
-2,11,6,7,9,2475,DL,LAX,5,33,122,0,0,18
-4,11,6,7,12,2475,DL,LAX,5,33,122,0,0,18
-4,11,6,7,15,2475,DL,LAX,5,33,122,0,0,18
0,11,6,7,21,2475,DL,LAX,5,33,122,0,0,18
9,11,6,7,19,2475,DL,LAX,5,33,122,0,0,18
-5,11,6,7,7,2475,B6,LAX,5,33,122,0,0,18
-4,11,6,7,11,2475,B6,LAX,5,33,122,0,0,18
-6,11,6,7,16,2475,B6,LAX,5,33,122,0,0,18
5,11,6,7,20,2475,B6,LAX,5,33,122,0,0,18
-4,11,6,7,9,2475,B6,LAX,5,33,122,0,0,18
-5,11,6,7,15,2475,UA,LAX,5,33,122,0,0,18
47,11,6,7,20,2475,UA,LAX,5,33,122,0,0,18
9,11,6,7,8,2475,UA,LAX,5,33,122,0,0,18
-3,11,6,7,11,2475,UA,LAX,5,33,122,0,0,18
1,11,6,7,17,2475,UA,LAX,5,33,122,0,0,18
-6,11,17,4,11,2475,UA,LAX,5,44,117,18,0,30
4,11,17,4,15,2475,UA,LAX,5,44,117,18,0,30
1,11,17,4,6,2475,UA,LAX,5,44,117,18,0,30
-5,11,17,4,20,2475,UA,LAX,5,44,117,18,0,30
-3,11,17,4,17,2475,UA,LAX,5,44,117,18,0,30
-2,11,17,4,8,2475,UA,LAX,5,44,117,18,0,30
-3,11,17,4,21,2475,DL,LAX,5,44,117,18,0,30
-5,11,17,4,7,2475,B6,LAX,5,44,117,18,0,30
1,11,17,4,11,2475,B6,LAX,5,44,117,18,0,30
-2,11,17,4,16,2475,B6,LAX,5,44,117,18,0,30
-5,11,17,4,15,2475,DL,LAX,5,44,117,18,0,30
-5,11,17,4,12,2475,DL,LAX,5,44,117,18,0,30
-4,11,17,4,7,2475,DL,LAX,5,44,117,18,0,30
-3,11,17,4,9,2475,DL,LAX,5,44,117,18,0,30
7,11,17,4,20,2475,B6,LAX,5,44,117,18,0,30
-4,11,17,4,9,2475,B6,LAX,5,44,117,18,0,30
-5,11,17,4,19,2475,DL,LAX,5,44,117,18,0,30
0,11,17,4,17,2475,DL,LAX,5,44,117,18,0,30
-5,11,17,4,7,2475,DL,LAX,5,44,117,18,0,30
9,11,17,4,16,2475,AA,LAX,5,44,117,18,0,30
-1,11,17,4,12,2475,AA,LAX,5,44,117,18,0,30
0,11,17,4,15,2475,AA,LAX,5,44,117,18,0,30
-2,11,17,4,13,2475,AA,LAX,5,44,117,18,0,30
-7,11,17,4,10,2475,AA,LAX,5,44,117,18,0,30
44,11,17,4,19,2475,AA,LAX,5,44,117,18,0,30
-2,11,17,4,7,2475,AA,LAX,5,44,117,18,0,30
0,11,17,4,9,2475,AA,LAX,5,44,117,18,0,30
-5,11,17,4,21,2475,AA,LAX,5,44,117,18,0,30
-5,11,20,7,16,2475,B6,LAX,2,94,183,0,0,38
-6,11,20,7,19,2475,DL,LAX,2,94,183,0,0,38
3,11,20,7,20,2475,B6,LAX,2,94,183,0,0,38
-8,11,20,7,11,2475,B6,LAX,2,94,183,0,0,38
-2,11,20,7,17,2475,DL,LAX,2,94,183,0,0,38
-4,11,20,7,9,2475,DL,LAX,2,94,183,0,0,38
-4,11,20,7,12,2475,DL,LAX,2,94,183,0,0,38
16,11,20,7,15,2475,DL,LAX,2,94,183,0,0,38
-1,11,20,7,21,2475,DL,LAX,2,94,183,0,0,38
-4,11,20,7,7,2475,B6,LAX,2,94,183,0,0,38
2,11,20,7,9,2475,B6,LAX,2,94,183,0,0,38
-4,11,20,7,17,2475,UA,LAX,2,94,183,0,0,38
-5,11,20,7,8,2475,UA,LAX,2,94,183,0,0,38
-1,11,20,7,15,2475,UA,LAX,2,94,183,0,0,38
-5,11,20,7,11,2475,UA,LAX,2,94,183,0,0,38
-3,11,20,7,9,2475,AA,LAX,2,94,183,0,0,38
-6,11,20,7,12,2475,AA,LAX,2,94,183,0,0,38
231,11,20,7,13,2475,AA,LAX,2,94,183,0,0,38
106,11,20,7,7,2475,AA,LAX,2,94,183,0,0,38
-6,11,20,7,19,2475,AA,LAX,2,94,183,0,0,38
-6,11,20,7,10,2475,AA,LAX,2,94,183,0,0,38
-2,11,20,7,15,2475,AA,LAX,2,94,183,0,0,38
-7,11,20,7,16,2475,AA,LAX,2,94,183,0,0,38
-3,11,20,7,21,2475,AA,LAX,2,94,183,0,0,38
-3,11,28,1,9,2475,DL,LAX,6,133,211,0,0,25
-1,11,28,1,19,2475,DL,LAX,6,133,211,0,0,25
-3,11,28,1,15,2475,DL,LAX,6,133,211,0,0,25
-6,11,28,1,9,2475,B6,LAX,6,133,211,0,0,25
4,11,28,1,20,2475,B6,LAX,6,133,211,0,0,25
-1,11,28,1,16,2475,B6,LAX,6,133,211,0,0,25
-5,11,28,1,11,2475,B6,LAX,6,133,211,0,0,25
-3,11,28,1,7,2475,B6,LAX,6,133,211,0,0,25
-1,11,28,1,7,2475,DL,LAX,6,133,211,0,0,25
-4,11,28,1,17,2475,DL,LAX,6,133,211,0,0,25
-3,11,28,1,7,2475,DL,LAX,6,133,211,0,0,25
-4,11,28,1,12,2475,DL,LAX,6,133,211,0,0,25
-4,11,28,1,21,2475,DL,LAX,6,133,211,0,0,25
-9,11,28,1,17,2475,UA,LAX,6,133,211,0,0,25
-5,11,28,1,15,2475,UA,LAX,6,133,211,0,0,25
27,11,28,1,8,2475,UA,LAX,6,133,211,0,0,25
-2,11,28,1,20,2475,UA,LAX,6,133,211,0,0,25
-4,11,28,1,6,2475,UA,LAX,6,133,211,0,0,25
-4,11,28,1,11,2475,UA,LAX,6,133,211,0,0,25
12,11,28,1,16,2475,AA,LAX,6,133,211,0,0,25
296,11,28,1,13,2475,AA,LAX,6,133,211,0,0,25
-5,11,28,1,21,2475,AA,LAX,6,133,211,0,0,25
6,11,28,1,19,2475,AA,LAX,6,133,211,0,0,25
2,11,28,1,10,2475,AA,LAX,6,133,211,0,0,25
-9,11,28,1,12,2475,AA,LAX,6,133,211,0,0,25
-6,11,28,1,7,2475,AA,LAX,6,133,211,0,0,25
5,11,28,1,15,2475,AA,LAX,6,133,211,0,0,25
-4,11,28,1,9,2475,AA,LAX,6,133,211,0,0,25
55,12,5,1,17,2475,UA,LAX,13,83,150,0,0,13
43,12,5,1,20,2475,UA,LAX,13,83,150,0,0,13
-5,12,5,1,11,2475,UA,LAX,13,83,150,0,0,13
-6,12,5,1,6,2475,UA,LAX,13,83,150,0,0,13
-4,12,5,1,8,2475,UA,LAX,13,83,150,0,0,13
-1,12,5,1,15,2475,UA,LAX,13,83,150,0,0,13
42,12,5,1,15,2475,AA,LAX,13,83,150,0,0,13
29,12,5,1,21,2475,DL,LAX,13,83,150,0,0,13
-4,12,5,1,15,2475,DL,LAX,13,83,150,0,0,13
-4,12,5,1,9,2475,AA,LAX,13,83,150,0,0,13
-4,12,5,1,12,2475,DL,LAX,13,83,150,0,0,13
-6,12,5,1,7,2475,DL,LAX,13,83,150,0,0,13
-3,12,5,1,9,2475,DL,LAX,13,83,150,0,0,13
-6,12,5,1,7,2475,B6,LAX,13,83,150,0,0,13
-4,12,5,1,11,2475,B6,LAX,13,83,150,0,0,13
16,12,5,1,17,2475,DL,LAX,13,83,150,0,0,13
16,12,5,1,16,2475,B6,LAX,13,83,150,0,0,13
16,12,5,1,20,2475,B6,LAX,13,83,150,0,0,13
-2,12,5,1,9,2475,B6,LAX,13,83,150,0,0,13
-3,12,5,1,10,2475,AA,LAX,13,83,150,0,0,13
-8,12,5,1,19,2475,DL,LAX,13,83,150,0,0,13
8,12,5,1,21,2475,AA,LAX,13,83,150,0,0,13
-5,12,5,1,7,2475,DL,LAX,13,83,150,0,0,13
13,12,5,1,19,2475,AA,LAX,13,83,150,0,0,13
28,12,5,1,16,2475,AA,LAX,13,83,150,0,0,13
-4,12,5,1,7,2475,AA,LAX,13,83,150,0,0,13
-10,12,5,1,12,2475,AA,LAX,13,83,150,0,0,13
2,12,16,5,7,2475,B6,LAX,9,50,150,0,0,34
-1,12,16,5,11,2475,B6,LAX,9,50,150,0,0,34
3,12,16,5,21,2475,DL,LAX,9,50,150,0,0,34
-6,12,16,5,15,2475,DL,LAX,9,50,150,0,0,34
1,12,16,5,19,2475,AA,LAX,9,50,150,0,0,34
-6,12,16,5,12,2475,DL,LAX,9,50,150,0,0,34
-3,12,16,5,16,2475,B6,LAX,9,50,150,0,0,34
-3,12,16,5,9,2475,DL,LAX,9,50,150,0,0,34
-6,12,16,5,6,2475,AA,LAX,9,50,150,0,0,34
-5,12,16,5,20,2475,B6,LAX,9,50,150,0,0,34
-2,12,16,5,12,2475,AA,LAX,9,50,150,0,0,34
8,12,16,5,16,2475,AA,LAX,9,50,150,0,0,34
-6,12,16,5,9,2475,AA,LAX,9,50,150,0,0,34
-4,12,16,5,19,2475,DL,LAX,9,50,150,0,0,34
-5,12,16,5,13,2475,AA,LAX,9,50,150,0,0,34
-4,12,16,5,7,2475,AA,LAX,9,50,150,0,0,34
2,12,16,5,15,2475,AA,LAX,9,50,150,0,0,34
-3,12,16,5,17,2475,DL,LAX,9,50,150,0,0,34
-4,12,16,5,10,2475,AA,LAX,9,50,150,0,0,34
9,12,16,5,15,2475,UA,LAX,9,50,150,0,0,34
-5,12,16,5,11,2475,UA,LAX,9,50,150,0,0,34
18,12,16,5,17,2475,UA,LAX,9,50,150,0,0,34
-2,12,16,5,8,2475,UA,LAX,9,50,150,0,0,34
0,12,16,5,6,2475,UA,LAX,9,50,150,0,0,34
-1,12,27,2,15,2475,UA,LAX,2,33,139,259,0,36
-2,12,27,2,6,2475,UA,LAX,2,33,139,259,0,36
-3,12,27,2,8,2475,UA,LAX,2,33,139,259,0,36
-4,12,27,2,11,2475,UA,LAX,2,33,139,259,0,36
26,12,27,2,17,2475,UA,LAX,2,33,139,259,0,36
-5,12,27,2,15,2475,AA,LAX,2,33,139,259,0,36
-8,12,27,2,9,2475,DL,LAX,2,33,139,259,0,36
-7,12,27,2,12,2475,DL,LAX,2,33,139,259,0,36
32,12,27,2,16,2475,AA,LAX,2,33,139,259,0,36
-4,12,27,2,15,2475,DL,LAX,2,33,139,259,0,36
98,12,27,2,21,2475,DL,LAX,2,33,139,259,0,36
-5,12,27,2,13,2475,AA,LAX,2,33,139,259,0,36
-6,12,27,2,19,2475,DL,LAX,2,33,139,259,0,36
-1,12,27,2,7,2475,AA,LAX,2,33,139,259,0,36
-1,12,27,2,9,2475,AA,LAX,2,33,139,259,0,36
1,12,27,2,19,2475,AA,LAX,2,33,139,259,0,36
-3,12,27,2,7,2475,B6,LAX,2,33,139,259,0,36
-2,12,27,2,11,2475,B6,LAX,2,33,139,259,0,36
29,12,27,2,16,2475,B6,LAX,2,33,139,259,0,36
168,12,27,2,20,2475,B6,LAX,2,33,139,259,0,36
-6,12,27,2,10,2475,AA,LAX,2,33,139,259,0,36
-4,12,27,2,12,2475,AA,LAX,2,33,139,259,0,36
-6,12,27,2,6,2475,AA,LAX,2,33,139,259,0,36
-5,12,27,2,17,2475,DL,LAX,2,33,139,259,0,36
-11,12,27,2,7,2475,DL,LAX,2,33,139,259,0,36
-2,12,30,5,8,2475,UA,LAX,2,28,106,0,0,15
0,12,30,5,6,2475,UA,LAX,2,28,106,0,0,15
-8,12,30,5,11,2475,UA,LAX,2,28,106,0,0,15
0,12,30,5,15,2475,UA,LAX,2,28,106,0,0,15
0,12,30,5,17,2475,UA,LAX,2,28,106,0,0,15
-3,12,30,5,7,2475,B6,LAX,2,28,106,0,0,15
-4,12,30,5,16,2475,B6,LAX,2,28,106,0,0,15
-4,12,30,5,10,2475,AA,LAX,2,28,106,0,0,15
3,12,30,5,20,2475,B6,LAX,2,28,106,0,0,15
3,12,30,5,19,2475,AA,LAX,2,28,106,0,0,15
4,12,30,5,21,2475,DL,LAX,2,28,106,0,0,15
-5,12,30,5,15,2475,DL,LAX,2,28,106,0,0,15
-9,12,30,5,12,2475,DL,LAX,2,28,106,0,0,15
-10,12,30,5,12,2475,AA,LAX,2,28,106,0,0,15
-3,12,30,5,9,2475,AA,LAX,2,28,106,0,0,15
-6,12,30,5,11,2475,B6,LAX,2,28,106,0,0,15
-4,12,30,5,7,2475,AA,LAX,2,28,106,0,0,15
0,12,30,5,6,2475,AA,LAX,2,28,106,0,0,15
5,12,30,5,15,2475,AA,LAX,2,28,106,0,0,15
-2,12,30,5,13,2475,AA,LAX,2,28,106,0,0,15
-4,12,30,5,19,2475,DL,LAX,2,28,106,0,0,15
-6,12,30,5,9,2475,DL,LAX,2,28,106,0,0,15
-6,12,30,5,16,2475,AA,LAX,2,28,106,0,0,15
-4,12,30,5,17,2475,DL,LAX,2,28,106,0,0,15
