-2,1,2,7,15,2475,DL,LAX,1,17,111,3,0,23
126,1,2,7,16,2475,AA,LAX,1,17,111,3,0,23
41,1,2,7,21,2475,DL,LAX,1,17,111,3,0,23
15,1,2,7,21,2475,AA,LAX,1,17,111,3,0,23
16,1,2,7,19,2475,DL,LAX,1,17,111,3,0,23
1,1,2,7,6,2475,AA,LAX,1,17,111,3,0,23
-2,1,2,7,9,2475,AA,LAX,1,17,111,3,0,23
-2,1,2,7,7,2475,AA,LAX,1,17,111,3,0,23
30,1,2,7,19,2475,AA,LAX,1,17,111,3,0,23
-6,1,2,7,17,2475,DL,LAX,1,17,111,3,0,23
6,1,2,7,7,2475,B6,LAX,1,17,111,3,0,23
-4,1,2,7,10,2475,AA,LAX,1,17,111,3,0,23
81,1,2,7,11,2475,B6,LAX,1,17,111,3,0,23
0,1,2,7,16,2475,B6,LAX,1,17,111,3,0,23
0,1,2,7,18,2475,B6,LAX,1,17,111,3,0,23
47,1,2,7,21,2475,B6,LAX,1,17,111,3,0,23
-3,1,2,7,11,2475,AA,LAX,1,17,111,3,0,23
-1,1,2,7,12,2475,DL,LAX,1,17,111,3,0,23
1,1,2,7,9,2475,DL,LAX,1,17,111,3,0,23
12,1,2,7,15,2475,AA,LAX,1,17,111,3,0,23
-4,1,2,7,13,2475,AA,LAX,1,17,111,3,0,23
-3,1,2,7,11,2475,UA,LAX,1,17,111,3,0,23
39,1,2,7,18,2475,UA,LAX,1,17,111,3,0,23
-2,1,2,7,6,2475,UA,LAX,1,17,111,3,0,23
-3,1,2,7,15,2475,UA,LAX,1,17,111,3,0,23
0,1,2,7,20,2475,UA,LAX,1,17,111,3,0,23
-6,1,2,7,8,2475,UA,LAX,1,17,111,3,0,23
0,1,13,4,11,2475,UA,LAX,2,-78,-11,0,0,47
-5,1,13,4,6,2475,UA,LAX,2,-78,-11,0,0,47
-4,1,13,4,20,2475,UA,LAX,2,-78,-11,0,0,47
-1,1,13,4,18,2475,UA,LAX,2,-78,-11,0,0,47
-5,1,13,4,8,2475,UA,LAX,2,-78,-11,0,0,47
1,1,13,4,15,2475,UA,LAX,2,-78,-11,0,0,47
2,1,13,4,18,2475,B6,LAX,2,-78,-11,0,0,47
3,1,13,4,19,2475,DL,LAX,2,-78,-11,0,0,47
-1,1,13,4,7,2475,DL,LAX,2,-78,-11,0,0,47
-6,1,13,4,9,2475,DL,LAX,2,-78,-11,0,0,47
-5,1,13,4,12,2475,DL,LAX,2,-78,-11,0,0,47
-7,1,13,4,15,2475,AA,LAX,2,-78,-11,0,0,47
0,1,13,4,16,2475,AA,LAX,2,-78,-11,0,0,47
144,1,13,4,6,2475,AA,LAX,2,-78,-11,0,0,47
-4,1,13,4,7,2475,B6,LAX,2,-78,-11,0,0,47
1,1,13,4,10,2475,AA,LAX,2,-78,-11,0,0,47
0,1,13,4,19,2475,AA,LAX,2,-78,-11,0,0,47
31,1,13,4,15,2475,B6,LAX,2,-78,-11,0,0,47
-1,1,13,4,17,2475,DL,LAX,2,-78,-11,0,0,47
32,1,13,4,11,2475,AA,LAX,2,-78,-11,0,0,47
-3,1,13,4,21,2475,DL,LAX,2,-78,-11,0,0,47
-1,1,13,4,7,2475,AA,LAX,2,-78,-11,0,0,47
19,1,13,4,13,2475,AA,LAX,2,-78,-11,0,0,47
-3,1,13,4,9,2475,AA,LAX,2,-78,-11,0,0,47
59,1,13,4,21,2475,AA,LAX,2,-78,-11,0,0,47
-1,1,24,1,6,2475,UA,LAX,9,-144,-44,0,0,26
-5,1,24,1,15,2475,UA,LAX,9,-144,-44,0,0,26
11,1,24,1,18,2475,UA,LAX,9,-144,-44,0,0,26
-5,1,24,1,11,2475,UA,LAX,9,-144,-44,0,0,26
-7,1,24,1,8,2475,UA,LAX,9,-144,-44,0,0,26
7,1,24,1,20,2475,UA,LAX,9,-144,-44,0,0,26
-3,1,24,1,6,2475,AA,LAX,9,-144,-44,0,0,26
-6,1,24,1,12,2475,DL,LAX,9,-144,-44,0,0,26
-4,1,24,1,9,2475,DL,LAX,9,-144,-44,0,0,26
7,1,24,1,7,2475,DL,LAX,9,-144,-44,0,0,26
-1,1,24,1,19,2475,DL,LAX,9,-144,-44,0,0,26
-1,1,24,1,21,2475,DL,LAX,9,-144,-44,0,0,26
107,1,24,1,17,2475,DL,LAX,9,-144,-44,0,0,26
-6,1,24,1,15,2475,DL,LAX,9,-144,-44,0,0,26
-5,1,24,1,18,2475,B6,LAX,9,-144,-44,0,0,26
40,1,24,1,15,2475,B6,LAX,9,-144,-44,0,0,26
-3,1,24,1,7,2475,B6,LAX,9,-144,-44,0,0,26
-4,1,24,1,21,2475,AA,LAX,9,-144,-44,0,0,26
-3,1,24,1,16,2475,AA,LAX,9,-144,-44,0,0,26
10,1,24,1,15,2475,AA,LAX,9,-144,-44,0,0,26
-2,1,24,1,13,2475,AA,LAX,9,-144,-44,0,0,26
0,1,24,1,7,2475,AA,LAX,9,-144,-44,0,0,26
-5,1,24,1,19,2475,AA,LAX,9,-144,-44,0,0,26
-1,1,24,1,10,2475,AA,LAX,9,-144,-44,0,0,26
-1,1,24,1,11,2475,AA,LAX,9,-144,-44,0,0,26
-7,1,24,1,9,2475,AA,LAX,9,-144,-44,0,0,26
6,2,1,2,16,2475,AA,LAX,17,-39,-11,43,28,40
5,2,1,2,13,2475,AA,LAX,17,-39,-11,43,28,40
-1,2,1,2,12,2475,DL,LAX,17,-39,-11,43,28,40
-4,2,1,2,9,2475,DL,LAX,17,-39,-11,43,28,40
13,2,1,2,19,2475,AA,LAX,17,-39,-11,43,28,40
65,2,1,2,15,2475,AA,LAX,17,-39,-11,43,28,40
24,2,1,2,11,2475,AA,LAX,17,-39,-11,43,28,40
8,2,1,2,7,2475,B6,LAX,17,-39,-11,43,28,40
-8,2,1,2,7,2475,DL,LAX,17,-39,-11,43,28,40
-2,2,1,2,21,2475,DL,LAX,17,-39,-11,43,28,40
-5,2,1,2,10,2475,AA,LAX,17,-39,-11,43,28,40
1,2,1,2,6,2475,AA,LAX,17,-39,-11,43,28,40
14,2,1,2,9,2475,AA,LAX,17,-39,-11,43,28,40
24,2,1,2,7,2475,AA,LAX,17,-39,-11,43,28,40
47,2,1,2,6,2475,UA,LAX,17,-39,-11,43,28,40
6,2,1,2,8,2475,UA,LAX,17,-39,-11,43,28,40
2,2,1,2,11,2475,UA,LAX,17,-39,-11,43,28,40
-5,2,9,3,20,2475,UA,LAX,10,-94,-17,0,0,36
-4,2,9,3,18,2475,UA,LAX,10,-94,-17,0,0,36
-6,2,9,3,6,2475,UA,LAX,10,-94,-17,0,0,36
0,2,9,3,8,2475,UA,LAX,10,-94,-17,0,0,36
-3,2,9,3,11,2475,UA,LAX,10,-94,-17,0,0,36
-5,2,9,3,15,2475,UA,LAX,10,-94,-17,0,0,36
-1,2,9,3,6,2475,AA,LAX,10,-94,-17,0,0,36
-9,2,9,3,9,2475,AA,LAX,10,-94,-17,0,0,36
-1,2,9,3,15,2475,DL,LAX,10,-94,-17,0,0,36
-3,2,9,3,17,2475,DL,LAX,10,-94,-17,0,0,36
-1,2,9,3,21,2475,DL,LAX,10,-94,-17,0,0,36
-4,2,9,3,19,2475,DL,LAX,10,-94,-17,0,0,36
-3,2,9,3,18,2475,B6,LAX,10,-94,-17,0,0,36
34,2,9,3,7,2475,B6,LAX,10,-94,-17,0,0,36
-6,2,9,3,7,2475,DL,LAX,10,-94,-17,0,0,36
-3,2,9,3,9,2475,DL,LAX,10,-94,-17,0,0,36
-3,2,9,3,12,2475,DL,LAX,10,-94,-17,0,0,36
-7,2,9,3,11,2475,AA,LAX,10,-94,-17,0,0,36
-10,2,9,3,10,2475,AA,LAX,10,-94,-17,0,0,36
-4,2,9,3,21,2475,AA,LAX,10,-94,-17,0,0,36
15,2,9,3,19,2475,AA,LAX,10,-94,-17,0,0,36
-3,2,9,3,16,2475,AA,LAX,10,-94,-17,0,0,36
77,2,9,3,7,2475,AA,LAX,10,-94,-17,0,0,36
1,2,9,3,15,2475,AA,LAX,10,-94,-17,0,0,36
-10,2,9,3,13,2475,AA,LAX,10,-94,-17,0,0,36
-2,2,12,6,19,2475,DL,LAX,7,-11,44,0,0,38
110,2,12,6,12,2475,DL,LAX,7,-11,44,0,0,38
4,2,12,6,15,2475,AA,LAX,7,-11,44,0,0,38
1,2,12,6,7,2475,AA,LAX,7,-11,44,0,0,38
-5,2,12,6,7,2475,B6,LAX,7,-11,44,0,0,38
23,2,12,6,21,2475,AA,LAX,7,-11,44,0,0,38
0,2,12,6,15,2475,DL,LAX,7,-11,44,0,0,38
-6,2,12,6,9,2475,AA,LAX,7,-11,44,0,0,38
-7,2,12,6,6,2475,AA,LAX,7,-11,44,0,0,38
-7,2,12,6,17,2475,AA,LAX,7,-11,44,0,0,38
-3,2,12,6,9,2475,DL,LAX,7,-11,44,0,0,38
73,2,12,6,12,2475,AA,LAX,7,-11,44,0,0,38
-4,2,12,6,13,2475,AA,LAX,7,-11,44,0,0,38
0,2,12,6,18,2475,B6,LAX,7,-11,44,0,0,38
-2,2,12,6,6,2475,UA,LAX,7,-11,44,0,0,38
-3,2,12,6,18,2475,UA,LAX,7,-11,44,0,0,38
-5,2,12,6,15,2475,UA,LAX,7,-11,44,0,0,38
-4,2,12,6,11,2475,UA,LAX,7,-11,44,0,0,38
-4,2,12,6,8,2475,UA,LAX,7,-11,44,0,0,38
-5,2,23,3,21,2475,DL,LAX,4,-61,44,0,0,16
-5,2,23,3,6,2475,UA,LAX,4,-61,44,0,0,16
-5,2,23,3,12,2475,DL,LAX,4,-61,44,0,0,16
-4,2,23,3,9,2475,DL,LAX,4,-61,44,0,0,16
4,2,23,3,7,2475,DL,LAX,4,-61,44,0,0,16
-5,2,23,3,19,2475,DL,LAX,4,-61,44,0,0,16
15,2,23,3,17,2475,DL,LAX,4,-61,44,0,0,16
-4,2,23,3,15,2475,DL,LAX,4,-61,44,0,0,16
-4,2,23,3,11,2475,UA,LAX,4,-61,44,0,0,16
0,2,23,3,18,2475,UA,LAX,4,-61,44,0,0,16
-1,2,23,3,20,2475,UA,LAX,4,-61,44,0,0,16
-3,2,23,3,8,2475,UA,LAX,4,-61,44,0,0,16
-4,2,23,3,15,2475,UA,LAX,4,-61,44,0,0,16
-4,2,23,3,18,2475,B6,LAX,4,-61,44,0,0,16
-3,2,23,3,9,2475,AA,LAX,4,-61,44,0,0,16
-7,2,23,3,10,2475,AA,LAX,4,-61,44,0,0,16
29,2,23,3,19,2475,AA,LAX,4,-61,44,0,0,16
8,2,23,3,17,2475,AA,LAX,4,-61,44,0,0,16
2,2,23,3,15,2475,AA,LAX,4,-61,44,0,0,16
-2,2,23,3,7,2475,B6,LAX,4,-61,44,0,0,16
-3,2,23,3,21,2475,AA,LAX,4,-61,44,0,0,16
-1,2,23,3,7,2475,AA,LAX,4,-61,44,0,0,16
-7,2,23,3,12,2475,AA,LAX,4,-61,44,0,0,16
-1,2,23,3,6,2475,AA,LAX,4,-61,44,0,0,16
-1,2,23,3,15,2475,B6,LAX,4,-61,44,0,0,16
-2,2,23,3,13,2475,AA,LAX,4,-61,44,0,0,16
-4,3,8,2,20,2475,UA,LAX,17,-17,89,0,0,21
-6,3,8,2,8,2475,UA,LAX,17,-17,89,0,0,21
-1,3,8,2,6,2475,UA,LAX,17,-17,89,0,0,21
-5,3,8,2,11,2475,UA,LAX,17,-17,89,0,0,21
-2,3,8,2,15,2475,UA,LAX,17,-17,89,0,0,21
-2,3,8,2,18,2475,UA,LAX,17,-17,89,0,0,21
-4,3,8,2,20,2475,UA,LAX,17,-17,89,0,0,21
-6,3,8,2,8,2475,UA,LAX,17,-17,89,0,0,21
-1,3,8,2,6,2475,UA,LAX,17,-17,89,0,0,21
-5,3,8,2,11,2475,UA,LAX,17,-17,89,0,0,21
-2,3,8,2,15,2475,UA,LAX,17,-17,89,0,0,21
-2,3,8,2,18,2475,UA,LAX,17,-17,89,0,0,21
-4,3,8,2,20,2475,UA,LAX,17,-17,89,0,0,21
-6,3,8,2,8,2475,UA,LAX,17,-17,89,0,0,21
-1,3,8,2,6,2475,UA,LAX,17,-17,89,0,0,21
-5,3,8,2,11,2475,UA,LAX,17,-17,89,0,0,21
-2,3,8,2,15,2475,UA,LAX,17,-17,89,0,0,21
-2,3,8,2,18,2475,UA,LAX,17,-17,89,0,0,21
-6,3,8,2,19,2475,DL,LAX,17,-17,89,0,0,21
-4,3,8,2,21,2475,DL,LAX,17,-17,89,0,0,21
103,3,8,2,12,2475,DL,LAX,17,-17,89,0,0,21
-2,3,8,2,7,2475,DL,LAX,17,-17,89,0,0,21
-4,3,8,2,9,2475,DL,LAX,17,-17,89,0,0,21
-4,3,8,2,15,2475,DL,LAX,17,-17,89,0,0,21
-2,3,8,2,17,2475,DL,LAX,17,-17,89,0,0,21
-2,3,8,2,17,2475,DL,LAX,17,-17,89,0,0,21
-4,3,8,2,15,2475,DL,LAX,17,-17,89,0,0,21
5,3,8,2,7,2475,B6,LAX,17,-17,89,0,0,21
-1,3,8,2,18,2475,B6,LAX,17,-17,89,0,0,21
-4,3,8,2,21,2475,DL,LAX,17,-17,89,0,0,21
-6,3,8,2,19,2475,DL,LAX,17,-17,89,0,0,21
-5,3,8,2,15,2475,B6,LAX,17,-17,89,0,0,21
-2,3,8,2,7,2475,DL,LAX,17,-17,89,0,0,21
-4,3,8,2,9,2475,DL,LAX,17,-17,89,0,0,21
103,3,8,2,12,2475,DL,LAX,17,-17,89,0,0,21
-2,3,8,2,6,2475,AA,LAX,17,-17,89,0,0,21
-1,3,8,2,15,2475,AA,LAX,17,-17,89,0,0,21
5,3,8,2,12,2475,AA,LAX,17,-17,89,0,0,21
4,3,8,2,13,2475,AA,LAX,17,-17,89,0,0,21
-10,3,8,2,10,2475,AA,LAX,17,-17,89,0,0,21
-6,3,8,2,17,2475,AA,LAX,17,-17,89,0,0,21
10,3,8,2,7,2475,AA,LAX,17,-17,89,0,0,21
-6,3,8,2,9,2475,AA,LAX,17,-17,89,0,0,21
-1,3,8,2,19,2475,AA,LAX,17,-17,89,0,0,21
-7,3,8,2,21,2475,AA,LAX,17,-17,89,0,0,21
5,3,8,2,7,2475,B6,LAX,17,-17,89,0,0,21
-5,3,8,2,15,2475,B6,LAX,17,-17,89,0,0,21
-1,3,8,2,19,2475,AA,LAX,17,-17,89,0,0,21
-1,3,8,2,15,2475,AA,LAX,17,-17,89,0,0,21
-1,3,8,2,18,2475,B6,LAX,17,-17,89,0,0,21
4,3,8,2,13,2475,AA,LAX,17,-17,89,0,0,21
-2,3,8,2,6,2475,AA,LAX,17,-17,89,0,0,21
10,3,8,2,7,2475,AA,LAX,17,-17,89,0,0,21
-7,3,8,2,21,2475,AA,LAX,17,-17,89,0,0,21
5,3,8,2,12,2475,AA,LAX,17,-17,89,0,0,21
-6,3,8,2,17,2475,AA,LAX,17,-17,89,0,0,21
-6,3,8,2,9,2475,AA,LAX,17,-17,89,0,0,21
-10,3,8,2,10,2475,AA,LAX,17,-17,89,0,0,21
-4,3,8,2,9,2475,DL,LAX,17,-17,89,0,0,21
4,3,8,2,13,2475,AA,LAX,17,-17,89,0,0,21
10,3,8,2,7,2475,AA,LAX,17,-17,89,0,0,21
-7,3,8,2,21,2475,AA,LAX,17,-17,89,0,0,21
103,3,8,2,12,2475,DL,LAX,17,-17,89,0,0,21
-1,3,8,2,19,2475,AA,LAX,17,-17,89,0,0,21
-2,3,8,2,7,2475,DL,LAX,17,-17,89,0,0,21
5,3,8,2,12,2475,AA,LAX,17,-17,89,0,0,21
-1,3,8,2,15,2475,AA,LAX,17,-17,89,0,0,21
5,3,8,2,7,2475,B6,LAX,17,-17,89,0,0,21
-4,3,8,2,15,2475,DL,LAX,17,-17,89,0,0,21
-2,3,8,2,6,2475,AA,LAX,17,-17,89,0,0,21
-6,3,8,2,9,2475,AA,LAX,17,-17,89,0,0,21
-2,3,8,2,17,2475,DL,LAX,17,-17,89,0,0,21
-10,3,8,2,10,2475,AA,LAX,17,-17,89,0,0,21
-4,3,8,2,21,2475,DL,LAX,17,-17,89,0,0,21
-6,3,8,2,17,2475,AA,LAX,17,-17,89,0,0,21
-6,3,8,2,19,2475,DL,LAX,17,-17,89,0,0,21
-5,3,8,2,15,2475,B6,LAX,17,-17,89,0,0,21
-1,3,8,2,18,2475,B6,LAX,17,-17,89,0,0,21
-2,3,11,5,18,2475,B6,LAX,20,44,128,231,0,38
-4,3,11,5,9,2475,DL,LAX,20,44,128,231,0,38
-6,3,11,5,12,2475,AA,LAX,20,44,128,231,0,38
-2,3,11,5,12,2475,DL,LAX,20,44,128,231,0,38
-1,3,11,5,21,2475,AA,LAX,20,44,128,231,0,38
-4,3,11,5,9,2475,AA,LAX,20,44,128,231,0,38
-1,3,11,5,6,2475,AA,LAX,20,44,128,231,0,38
-2,3,11,5,13,2475,AA,LAX,20,44,128,231,0,38
-5,3,11,5,7,2475,B6,LAX,20,44,128,231,0,38
1,3,11,5,7,2475,AA,LAX,20,44,128,231,0,38
155,3,11,5,19,2475,AA,LAX,20,44,128,231,0,38
-3,3,11,5,15,2475,AA,LAX,20,44,128,231,0,38
-4,3,11,5,15,2475,DL,LAX,20,44,128,231,0,38
-4,3,11,5,15,2475,B6,LAX,20,44,128,231,0,38
-5,3,11,5,10,2475,AA,LAX,20,44,128,231,0,38
-4,3,11,5,17,2475,DL,LAX,20,44,128,231,0,38
68,3,11,5,21,2475,DL,LAX,20,44,128,231,0,38
0,3,11,5,19,2475,DL,LAX,20,44,128,231,0,38
-4,3,11,5,17,2475,AA,LAX,20,44,128,231,0,38
1,3,11,5,7,2475,DL,LAX,20,44,128,231,0,38
-3,3,11,5,15,2475,AA,LAX,20,44,128,231,0,38
-4,3,11,5,15,2475,B6,LAX,20,44,128,231,0,38
-2,3,11,5,13,2475,AA,LAX,20,44,128,231,0,38
-1,3,11,5,6,2475,AA,LAX,20,44,128,231,0,38
-6,3,11,5,12,2475,AA,LAX,20,44,128,231,0,38
155,3,11,5,19,2475,AA,LAX,20,44,128,231,0,38
1,3,11,5,7,2475,AA,LAX,20,44,128,231,0,38
-4,3,11,5,17,2475,AA,LAX,20,44,128,231,0,38
-5,3,11,5,10,2475,AA,LAX,20,44,128,231,0,38
-1,3,11,5,21,2475,AA,LAX,20,44,128,231,0,38
-2,3,11,5,18,2475,B6,LAX,20,44,128,231,0,38
-5,3,11,5,7,2475,B6,LAX,20,44,128,231,0,38
-4,3,11,5,9,2475,AA,LAX,20,44,128,231,0,38
1,3,11,5,7,2475,AA,LAX,20,44,128,231,0,38
-1,3,11,5,6,2475,AA,LAX,20,44,128,231,0,38
-6,3,11,5,12,2475,AA,LAX,20,44,128,231,0,38
-3,3,11,5,15,2475,AA,LAX,20,44,128,231,0,38
-2,3,11,5,13,2475,AA,LAX,20,44,128,231,0,38
-4,3,11,5,9,2475,AA,LAX,20,44,128,231,0,38
-1,3,11,5,21,2475,AA,LAX,20,44,128,231,0,38
-5,3,11,5,10,2475,AA,LAX,20,44,128,231,0,38
155,3,11,5,19,2475,AA,LAX,20,44,128,231,0,38
-4,3,11,5,17,2475,AA,LAX,20,44,128,231,0,38
-2,3,11,5,12,2475,DL,LAX,20,44,128,231,0,38
-5,3,11,5,7,2475,B6,LAX,20,44,128,231,0,38
-4,3,11,5,15,2475,B6,LAX,20,44,128,231,0,38
-2,3,11,5,18,2475,B6,LAX,20,44,128,231,0,38
-4,3,11,5,15,2475,DL,LAX,20,44,128,231,0,38
-4,3,11,5,17,2475,DL,LAX,20,44,128,231,0,38
68,3,11,5,21,2475,DL,LAX,20,44,128,231,0,38
0,3,11,5,19,2475,DL,LAX,20,44,128,231,0,38
1,3,11,5,7,2475,DL,LAX,20,44,128,231,0,38
-4,3,11,5,9,2475,DL,LAX,20,44,128,231,0,38
-4,3,11,5,15,2475,UA,LAX,20,44,128,231,0,38
2,3,11,5,6,2475,UA,LAX,20,44,128,231,0,38
-4,3,11,5,8,2475,UA,LAX,20,44,128,231,0,38
-7,3,11,5,20,2475,UA,LAX,20,44,128,231,0,38
-2,3,11,5,11,2475,UA,LAX,20,44,128,231,0,38
-3,3,11,5,18,2475,UA,LAX,20,44,128,231,0,38
-4,3,11,5,15,2475,UA,LAX,20,44,128,231,0,38
2,3,11,5,6,2475,UA,LAX,20,44,128,231,0,38
-4,3,11,5,8,2475,UA,LAX,20,44,128,231,0,38
-7,3,11,5,20,2475,UA,LAX,20,44,128,231,0,38
-2,3,11,5,11,2475,UA,LAX,20,44,128,231,0,38
-3,3,11,5,18,2475,UA,LAX,20,44,128,231,0,38
-4,3,11,5,15,2475,UA,LAX,20,44,128,231,0,38
2,3,11,5,6,2475,UA,LAX,20,44,128,231,0,38
-4,3,11,5,8,2475,UA,LAX,20,44,128,231,0,38
-7,3,11,5,20,2475,UA,LAX,20,44,128,231,0,38
-2,3,11,5,11,2475,UA,LAX,20,44,128,231,0,38
-3,3,11,5,18,2475,UA,LAX,20,44,128,231,0,38
-2,3,11,5,12,2475,DL,LAX,20,44,128,231,0,38
-4,3,11,5,15,2475,DL,LAX,20,44,128,231,0,38
-4,3,11,5,17,2475,DL,LAX,20,44,128,231,0,38
68,3,11,5,21,2475,DL,LAX,20,44,128,231,0,38
0,3,11,5,19,2475,DL,LAX,20,44,128,231,0,38
1,3,11,5,7,2475,DL,LAX,20,44,128,231,0,38
-4,3,11,5,9,2475,DL,LAX,20,44,128,231,0,38
-4,3,19,6,9,2475,DL,LAX,28,33,150,0,0,39
-2,3,19,6,17,2475,DL,LAX,28,33,150,0,0,39
-6,3,19,6,19,2475,DL,LAX,28,33,150,0,0,39
-5,3,19,6,21,2475,DL,LAX,28,33,150,0,0,39
28,3,19,6,15,2475,DL,LAX,28,33,150,0,0,39
-1,3,19,6,12,2475,DL,LAX,28,33,150,0,0,39
-10,3,19,6,8,2475,UA,LAX,28,33,150,0,0,39
-2,3,19,6,18,2475,UA,LAX,28,33,150,0,0,39
0,3,19,6,15,2475,UA,LAX,28,33,150,0,0,39
-2,3,19,6,6,2475,UA,LAX,28,33,150,0,0,39
-6,3,19,6,11,2475,UA,LAX,28,33,150,0,0,39
-10,3,19,6,8,2475,UA,LAX,28,33,150,0,0,39
-2,3,19,6,18,2475,UA,LAX,28,33,150,0,0,39
0,3,19,6,15,2475,UA,LAX,28,33,150,0,0,39
-2,3,19,6,6,2475,UA,LAX,28,33,150,0,0,39
-6,3,19,6,11,2475,UA,LAX,28,33,150,0,0,39
-10,3,19,6,8,2475,UA,LAX,28,33,150,0,0,39
-2,3,19,6,18,2475,UA,LAX,28,33,150,0,0,39
0,3,19,6,15,2475,UA,LAX,28,33,150,0,0,39
-2,3,19,6,6,2475,UA,LAX,28,33,150,0,0,39
-6,3,19,6,11,2475,UA,LAX,28,33,150,0,0,39
-1,3,19,6,13,2475,AA,LAX,28,33,150,0,0,39
-3,3,19,6,19,2475,AA,LAX,28,33,150,0,0,39
3,3,19,6,17,2475,AA,LAX,28,33,150,0,0,39
0,3,19,6,21,2475,AA,LAX,28,33,150,0,0,39
0,3,19,6,15,2475,AA,LAX,28,33,150,0,0,39
-9,3,19,6,12,2475,AA,LAX,28,33,150,0,0,39
-4,3,19,6,6,2475,AA,LAX,28,33,150,0,0,39
-4,3,19,6,9,2475,AA,LAX,28,33,150,0,0,39
-4,3,19,6,7,2475,AA,LAX,28,33,150,0,0,39
0,3,19,6,15,2475,AA,LAX,28,33,150,0,0,39
0,3,19,6,21,2475,AA,LAX,28,33,150,0,0,39
-4,3,19,6,6,2475,AA,LAX,28,33,150,0,0,39
-5,3,19,6,18,2475,B6,LAX,28,33,150,0,0,39
-4,3,19,6,9,2475,AA,LAX,28,33,150,0,0,39
5,3,19,6,15,2475,B6,LAX,28,33,150,0,0,39
-3,3,19,6,19,2475,AA,LAX,28,33,150,0,0,39
-1,3,19,6,13,2475,AA,LAX,28,33,150,0,0,39
3,3,19,6,17,2475,AA,LAX,28,33,150,0,0,39
-9,3,19,6,12,2475,AA,LAX,28,33,150,0,0,39
-4,3,19,6,7,2475,AA,LAX,28,33,150,0,0,39
-1,3,19,6,12,2475,DL,LAX,28,33,150,0,0,39
-5,3,19,6,18,2475,B6,LAX,28,33,150,0,0,39
5,3,19,6,15,2475,B6,LAX,28,33,150,0,0,39
-4,3,19,6,6,2475,AA,LAX,28,33,150,0,0,39
0,3,19,6,21,2475,AA,LAX,28,33,150,0,0,39
3,3,19,6,17,2475,AA,LAX,28,33,150,0,0,39
0,3,19,6,15,2475,AA,LAX,28,33,150,0,0,39
-1,3,19,6,13,2475,AA,LAX,28,33,150,0,0,39
-4,3,19,6,7,2475,AA,LAX,28,33,150,0,0,39
-3,3,19,6,19,2475,AA,LAX,28,33,150,0,0,39
-9,3,19,6,12,2475,AA,LAX,28,33,150,0,0,39
-4,3,19,6,9,2475,AA,LAX,28,33,150,0,0,39
-5,3,19,6,21,2475,DL,LAX,28,33,150,0,0,39
28,3,19,6,15,2475,DL,LAX,28,33,150,0,0,39
-6,3,19,6,19,2475,DL,LAX,28,33,150,0,0,39
-2,3,19,6,17,2475,DL,LAX,28,33,150,0,0,39
-4,3,19,6,9,2475,DL,LAX,28,33,150,0,0,39
-4,3,19,6,9,2475,DL,LAX,28,33,150,0,0,39
-1,3,19,6,12,2475,DL,LAX,28,33,150,0,0,39
-5,3,19,6,18,2475,B6,LAX,28,33,150,0,0,39
5,3,19,6,15,2475,B6,LAX,28,33,150,0,0,39
28,3,19,6,15,2475,DL,LAX,28,33,150,0,0,39
-5,3,19,6,21,2475,DL,LAX,28,33,150,0,0,39
-6,3,19,6,19,2475,DL,LAX,28,33,150,0,0,39
-2,3,19,6,17,2475,DL,LAX,28,33,150,0,0,39
-3,3,22,2,21,2475,DL,LAX,31,44,100,0,0,38
4,3,22,2,15,2475,DL,LAX,31,44,100,0,0,38
4,3,22,2,18,2475,B6,LAX,31,44,100,0,0,38
-1,3,22,2,15,2475,AA,LAX,31,44,100,0,0,38
-1,3,22,2,13,2475,AA,LAX,31,44,100,0,0,38
-8,3,22,2,9,2475,AA,LAX,31,44,100,0,0,38
-2,3,22,2,10,2475,AA,LAX,31,44,100,0,0,38
-6,3,22,2,12,2475,AA,LAX,31,44,100,0,0,38
17,3,22,2,7,2475,B6,LAX,31,44,100,0,0,38
-2,3,22,2,19,2475,DL,LAX,31,44,100,0,0,38
-11,3,22,2,6,2475,AA,LAX,31,44,100,0,0,38
-3,3,22,2,7,2475,AA,LAX,31,44,100,0,0,38
43,3,22,2,15,2475,B6,LAX,31,44,100,0,0,38
-7,3,22,2,9,2475,DL,LAX,31,44,100,0,0,38
-2,3,22,2,7,2475,DL,LAX,31,44,100,0,0,38
-4,3,22,2,17,2475,AA,LAX,31,44,100,0,0,38
-7,3,22,2,12,2475,DL,LAX,31,44,100,0,0,38
-6,3,22,2,17,2475,DL,LAX,31,44,100,0,0,38
6,3,22,2,19,2475,AA,LAX,31,44,100,0,0,38
-4,3,22,2,17,2475,AA,LAX,31,44,100,0,0,38
-8,3,22,2,9,2475,AA,LAX,31,44,100,0,0,38
-1,3,22,2,13,2475,AA,LAX,31,44,100,0,0,38
-6,3,22,2,12,2475,AA,LAX,31,44,100,0,0,38
43,3,22,2,15,2475,B6,LAX,31,44,100,0,0,38
4,3,22,2,18,2475,B6,LAX,31,44,100,0,0,38
17,3,22,2,7,2475,B6,LAX,31,44,100,0,0,38
-11,3,22,2,6,2475,AA,LAX,31,44,100,0,0,38
6,3,22,2,19,2475,AA,LAX,31,44,100,0,0,38
-3,3,22,2,7,2475,AA,LAX,31,44,100,0,0,38
-1,3,22,2,15,2475,AA,LAX,31,44,100,0,0,38
-2,3,22,2,10,2475,AA,LAX,31,44,100,0,0,38
-11,3,22,2,6,2475,AA,LAX,31,44,100,0,0,38
-8,3,22,2,9,2475,AA,LAX,31,44,100,0,0,38
-6,3,22,2,12,2475,AA,LAX,31,44,100,0,0,38
6,3,22,2,19,2475,AA,LAX,31,44,100,0,0,38
-1,3,22,2,15,2475,AA,LAX,31,44,100,0,0,38
-1,3,22,2,13,2475,AA,LAX,31,44,100,0,0,38
-2,3,22,2,10,2475,AA,LAX,31,44,100,0,0,38
-3,3,22,2,7,2475,AA,LAX,31,44,100,0,0,38
-4,3,22,2,17,2475,AA,LAX,31,44,100,0,0,38
0,3,22,2,6,2475,UA,LAX,31,44,100,0,0,38
-4,3,22,2,8,2475,UA,LAX,31,44,100,0,0,38
-4,3,22,2,15,2475,UA,LAX,31,44,100,0,0,38
-4,3,22,2,11,2475,UA,LAX,31,44,100,0,0,38
-5,3,22,2,20,2475,UA,LAX,31,44,100,0,0,38
-2,3,22,2,18,2475,UA,LAX,31,44,100,0,0,38
0,3,22,2,6,2475,UA,LAX,31,44,100,0,0,38
-4,3,22,2,8,2475,UA,LAX,31,44,100,0,0,38
-4,3,22,2,15,2475,UA,LAX,31,44,100,0,0,38
-4,3,22,2,11,2475,UA,LAX,31,44,100,0,0,38
-5,3,22,2,20,2475,UA,LAX,31,44,100,0,0,38
-2,3,22,2,18,2475,UA,LAX,31,44,100,0,0,38
-3,3,22,2,21,2475,DL,LAX,31,44,100,0,0,38
-2,3,22,2,19,2475,DL,LAX,31,44,100,0,0,38
-2,3,22,2,7,2475,DL,LAX,31,44,100,0,0,38
-6,3,22,2,17,2475,DL,LAX,31,44,100,0,0,38
-7,3,22,2,9,2475,DL,LAX,31,44,100,0,0,38
-7,3,22,2,12,2475,DL,LAX,31,44,100,0,0,38
4,3,22,2,15,2475,DL,LAX,31,44,100,0,0,38
0,3,22,2,6,2475,UA,LAX,31,44,100,0,0,38
-4,3,22,2,8,2475,UA,LAX,31,44,100,0,0,38
-4,3,22,2,15,2475,UA,LAX,31,44,100,0,0,38
-4,3,22,2,11,2475,UA,LAX,31,44,100,0,0,38
-5,3,22,2,20,2475,UA,LAX,31,44,100,0,0,38
-2,3,22,2,18,2475,UA,LAX,31,44,100,0,0,38
4,3,22,2,15,2475,DL,LAX,31,44,100,0,0,38
4,3,22,2,18,2475,B6,LAX,31,44,100,0,0,38
43,3,22,2,15,2475,B6,LAX,31,44,100,0,0,38
17,3,22,2,7,2475,B6,LAX,31,44,100,0,0,38
-7,3,22,2,12,2475,DL,LAX,31,44,100,0,0,38
-7,3,22,2,9,2475,DL,LAX,31,44,100,0,0,38
-6,3,22,2,17,2475,DL,LAX,31,44,100,0,0,38
-2,3,22,2,7,2475,DL,LAX,31,44,100,0,0,38
-2,3,22,2,19,2475,DL,LAX,31,44,100,0,0,38
-3,3,22,2,21,2475,DL,LAX,31,44,100,0,0,38
-3,4,7,4,6,2475,UA,LAX,47,56,111,5,0,29
-6,4,7,4,8,2475,UA,LAX,47,56,111,5,0,29
-7,4,7,4,18,2475,UA,LAX,47,56,111,5,0,29
0,4,7,4,11,2475,UA,LAX,47,56,111,5,0,29
19,4,7,4,15,2475,UA,LAX,47,56,111,5,0,29
-6,4,7,4,20,2475,UA,LAX,47,56,111,5,0,29
-6,4,7,4,7,2475,DL,LAX,47,56,111,5,0,29
-1,4,7,4,18,2475,B6,LAX,47,56,111,5,0,29
-4,4,7,4,16,2475,B6,LAX,47,56,111,5,0,29
3,4,7,4,7,2475,B6,LAX,47,56,111,5,0,29
-7,4,7,4,6,2475,AA,LAX,47,56,111,5,0,29
-7,4,7,4,21,2475,AA,LAX,47,56,111,5,0,29
1,4,7,4,16,2475,AA,LAX,47,56,111,5,0,29
-4,4,7,4,15,2475,DL,LAX,47,56,111,5,0,29
-4,4,7,4,9,2475,AA,LAX,47,56,111,5,0,29
1,4,7,4,15,2475,AA,LAX,47,56,111,5,0,29
10,4,7,4,13,2475,AA,LAX,47,56,111,5,0,29
-3,4,7,4,7,2475,AA,LAX,47,56,111,5,0,29
-2,4,7,4,19,2475,AA,LAX,47,56,111,5,0,29
-4,4,7,4,10,2475,AA,LAX,47,56,111,5,0,29
-3,4,7,4,12,2475,AA,LAX,47,56,111,5,0,29
-1,4,7,4,19,2475,DL,LAX,47,56,111,5,0,29
-1,4,7,4,21,2475,DL,LAX,47,56,111,5,0,29
-4,4,7,4,12,2475,DL,LAX,47,56,111,5,0,29
28,4,7,4,17,2475,DL,LAX,47,56,111,5,0,29
-4,4,7,4,9,2475,DL,LAX,47,56,111,5,0,29
1,4,10,7,7,2475,AA,LAX,48,78,133,0,0,18
-5,4,10,7,19,2475,DL,LAX,48,78,133,0,0,18
-4,4,10,7,9,2475,AA,LAX,48,78,133,0,0,18
-4,4,10,7,15,2475,AA,LAX,48,78,133,0,0,18
1,4,10,7,21,2475,AA,LAX,48,78,133,0,0,18
-6,4,10,7,6,2475,AA,LAX,48,78,133,0,0,18
1,4,10,7,19,2475,AA,LAX,48,78,133,0,0,18
-1,4,10,7,15,2475,DL,LAX,48,78,133,0,0,18
-3,4,10,7,13,2475,AA,LAX,48,78,133,0,0,18
-5,4,10,7,9,2475,DL,LAX,48,78,133,0,0,18
0,4,10,7,7,2475,B6,LAX,48,78,133,0,0,18
-2,4,10,7,16,2475,B6,LAX,48,78,133,0,0,18
-4,4,10,7,18,2475,B6,LAX,48,78,133,0,0,18
-6,4,10,7,10,2475,AA,LAX,48,78,133,0,0,18
-5,4,10,7,17,2475,DL,LAX,48,78,133,0,0,18
-5,4,10,7,16,2475,AA,LAX,48,78,133,0,0,18
-5,4,10,7,12,2475,DL,LAX,48,78,133,0,0,18
-4,4,10,7,21,2475,DL,LAX,48,78,133,0,0,18
-10,4,10,7,12,2475,AA,LAX,48,78,133,0,0,18
-1,4,10,7,20,2475,UA,LAX,48,78,133,0,0,18
-6,4,10,7,11,2475,UA,LAX,48,78,133,0,0,18
-5,4,10,7,8,2475,UA,LAX,48,78,133,0,0,18
11,4,10,7,18,2475,UA,LAX,48,78,133,0,0,18
6,4,10,7,15,2475,UA,LAX,48,78,133,0,0,18
18,4,18,1,20,2475,UA,LAX,40,83,172,0,0,31
-2,4,18,1,8,2475,UA,LAX,40,83,172,0,0,31
-5,4,18,1,6,2475,UA,LAX,40,83,172,0,0,31
29,4,18,1,15,2475,UA,LAX,40,83,172,0,0,31
-5,4,18,1,11,2475,UA,LAX,40,83,172,0,0,31
13,4,18,1,18,2475,UA,LAX,40,83,172,0,0,31
14,4,18,1,21,2475,DL,LAX,40,83,172,0,0,31
-1,4,18,1,19,2475,DL,LAX,40,83,172,0,0,31
4,4,18,1,15,2475,AA,LAX,40,83,172,0,0,31
-2,4,18,1,7,2475,AA,LAX,40,83,172,0,0,31
111,4,18,1,18,2475,B6,LAX,40,83,172,0,0,31
40,4,18,1,16,2475,B6,LAX,40,83,172,0,0,31
-2,4,18,1,7,2475,B6,LAX,40,83,172,0,0,31
-4,4,18,1,10,2475,AA,LAX,40,83,172,0,0,31
-7,4,18,1,12,2475,AA,LAX,40,83,172,0,0,31
-1,4,18,1,9,2475,AA,LAX,40,83,172,0,0,31
-5,4,18,1,13,2475,AA,LAX,40,83,172,0,0,31
-2,4,18,1,6,2475,AA,LAX,40,83,172,0,0,31
-4,4,18,1,19,2475,AA,LAX,40,83,172,0,0,31
3,4,18,1,21,2475,AA,LAX,40,83,172,0,0,31
-2,4,18,1,15,2475,DL,LAX,40,83,172,0,0,31
-2,4,18,1,7,2475,DL,LAX,40,83,172,0,0,31
-3,4,18,1,9,2475,DL,LAX,40,83,172,0,0,31
-1,4,18,1,16,2475,AA,LAX,40,83,172,0,0,31
-1,4,18,1,17,2475,DL,LAX,40,83,172,0,0,31
-3,4,18,1,12,2475,DL,LAX,40,83,172,0,0,31
-3,4,21,4,21,2475,DL,LAX,37,61,172,0,0,46
-6,4,21,4,12,2475,AA,LAX,37,61,172,0,0,46
2,4,21,4,15,2475,AA,LAX,37,61,172,0,0,46
-1,4,21,4,18,2475,B6,LAX,37,61,172,0,0,46
-1,4,21,4,16,2475,B6,LAX,37,61,172,0,0,46
-1,4,21,4,7,2475,B6,LAX,37,61,172,0,0,46
-2,4,21,4,19,2475,AA,LAX,37,61,172,0,0,46
-8,4,21,4,9,2475,AA,LAX,37,61,172,0,0,46
30,4,21,4,16,2475,AA,LAX,37,61,172,0,0,46
28,4,21,4,21,2475,AA,LAX,37,61,172,0,0,46
-3,4,21,4,15,2475,DL,LAX,37,61,172,0,0,46
-1,4,21,4,13,2475,AA,LAX,37,61,172,0,0,46
-3,4,21,4,7,2475,DL,LAX,37,61,172,0,0,46
-4,4,21,4,7,2475,AA,LAX,37,61,172,0,0,46
-6,4,21,4,6,2475,AA,LAX,37,61,172,0,0,46
-6,4,21,4,9,2475,DL,LAX,37,61,172,0,0,46
-2,4,21,4,17,2475,DL,LAX,37,61,172,0,0,46
-11,4,21,4,10,2475,AA,LAX,37,61,172,0,0,46
-2,4,21,4,19,2475,DL,LAX,37,61,172,0,0,46
-2,4,21,4,12,2475,DL,LAX,37,61,172,0,0,46
-4,4,21,4,18,2475,UA,LAX,37,61,172,0,0,46
-2,4,21,4,6,2475,UA,LAX,37,61,172,0,0,46
-5,4,21,4,15,2475,UA,LAX,37,61,172,0,0,46
-6,4,21,4,20,2475,UA,LAX,37,61,172,0,0,46
-4,4,21,4,11,2475,UA,LAX,37,61,172,0,0,46
-8,4,21,4,8,2475,UA,LAX,37,61,172,0,0,46
-7,4,29,5,11,2475,UA,LAX,29,122,206,0,0,29
30,4,29,5,19,2475,DL,LAX,29,122,206,0,0,29
-9,4,29,5,15,2475,UA,LAX,29,122,206,0,0,29
-3,4,29,5,7,2475,DL,LAX,29,122,206,0,0,29
-7,4,29,5,12,2475,DL,LAX,29,122,206,0,0,29
-5,4,29,5,17,2475,DL,LAX,29,122,206,0,0,29
11,4,29,5,20,2475,UA,LAX,29,122,206,0,0,29
0,4,29,5,21,2475,DL,LAX,29,122,206,0,0,29
-2,4,29,5,15,2475,DL,LAX,29,122,206,0,0,29
-10,4,29,5,8,2475,UA,LAX,29,122,206,0,0,29
-5,4,29,5,18,2475,UA,LAX,29,122,206,0,0,29
1,4,29,5,6,2475,UA,LAX,29,122,206,0,0,29
1,4,29,5,9,2475,DL,LAX,29,122,206,0,0,29
-7,4,29,5,12,2475,AA,LAX,29,122,206,0,0,29
-2,4,29,5,9,2475,AA,LAX,29,122,206,0,0,29
-3,4,29,5,6,2475,AA,LAX,29,122,206,0,0,29
37,4,29,5,15,2475,AA,LAX,29,122,206,0,0,29
30,4,29,5,13,2475,AA,LAX,29,122,206,0,0,29
-7,4,29,5,10,2475,AA,LAX,29,122,206,0,0,29
15,4,29,5,19,2475,AA,LAX,29,122,206,0,0,29
10,4,29,5,18,2475,B6,LAX,29,122,206,0,0,29
20,4,29,5,16,2475,B6,LAX,29,122,206,0,0,29
-7,4,29,5,7,2475,AA,LAX,29,122,206,0,0,29
-6,4,29,5,7,2475,B6,LAX,29,122,206,0,0,29
10,4,29,5,21,2475,AA,LAX,29,122,206,0,0,29
-5,5,6,5,9,2475,AA,LAX,22,100,222,0,0,26
-6,5,6,5,15,2475,AA,LAX,22,100,222,0,0,26
-5,5,6,5,10,2475,AA,LAX,22,100,222,0,0,26
2,5,6,5,16,2475,AA,LAX,22,100,222,0,0,26
-5,5,6,5,7,2475,AA,LAX,22,100,222,0,0,26
-2,5,6,5,13,2475,AA,LAX,22,100,222,0,0,26
-9,5,6,5,12,2475,AA,LAX,22,100,222,0,0,26
-4,5,6,5,19,2475,AA,LAX,22,100,222,0,0,26
-6,5,6,5,21,2475,AA,LAX,22,100,222,0,0,26
-6,5,6,5,6,2475,AA,LAX,22,100,222,0,0,26
-4,5,6,5,19,2475,DL,LAX,22,100,222,0,0,26
10,5,6,5,7,2475,B6,LAX,22,100,222,0,0,26
-2,5,6,5,11,2475,B6,LAX,22,100,222,0,0,26
-1,5,6,5,16,2475,B6,LAX,22,100,222,0,0,26
-5,5,6,5,20,2475,B6,LAX,22,100,222,0,0,26
-5,5,6,5,17,2475,DL,LAX,22,100,222,0,0,26
-5,5,6,5,15,2475,DL,LAX,22,100,222,0,0,26
-3,5,6,5,7,2475,DL,LAX,22,100,222,0,0,26
-5,5,6,5,12,2475,DL,LAX,22,100,222,0,0,26
-6,5,6,5,9,2475,DL,LAX,22,100,222,0,0,26
-2,5,6,5,21,2475,DL,LAX,22,100,222,0,0,26
9,5,6,5,18,2475,UA,LAX,22,100,222,0,0,26
-4,5,6,5,11,2475,UA,LAX,22,100,222,0,0,26
-5,5,6,5,8,2475,UA,LAX,22,100,222,0,0,26
-7,5,6,5,6,2475,UA,LAX,22,100,222,0,0,26
-3,5,6,5,20,2475,UA,LAX,22,100,222,0,0,26
-7,5,6,5,15,2475,UA,LAX,22,100,222,0,0,26
19,5,17,2,15,2475,UA,LAX,11,111,156,170,0,57
-4,5,17,2,11,2475,UA,LAX,11,111,156,170,0,57
47,5,17,2,20,2475,UA,LAX,11,111,156,170,0,57
3,5,17,2,8,2475,UA,LAX,11,111,156,170,0,57
0,5,17,2,6,2475,UA,LAX,11,111,156,170,0,57
56,5,17,2,18,2475,UA,LAX,11,111,156,170,0,57
-9,5,17,2,13,2475,AA,LAX,11,111,156,170,0,57
17,5,17,2,7,2475,AA,LAX,11,111,156,170,0,57
-10,5,17,2,10,2475,AA,LAX,11,111,156,170,0,57
4,5,17,2,9,2475,AA,LAX,11,111,156,170,0,57
-7,5,17,2,12,2475,AA,LAX,11,111,156,170,0,57
3,5,17,2,15,2475,AA,LAX,11,111,156,170,0,57
-1,5,17,2,19,2475,AA,LAX,11,111,156,170,0,57
2,5,17,2,16,2475,AA,LAX,11,111,156,170,0,57
-6,5,17,2,6,2475,AA,LAX,11,111,156,170,0,57
107,5,17,2,21,2475,AA,LAX,11,111,156,170,0,57
-1,5,17,2,19,2475,DL,LAX,11,111,156,170,0,57
8,5,17,2,21,2475,DL,LAX,11,111,156,170,0,57
-5,5,17,2,9,2475,DL,LAX,11,111,156,170,0,57
-4,5,17,2,7,2475,B6,LAX,11,111,156,170,0,57
-5,5,17,2,12,2475,DL,LAX,11,111,156,170,0,57
-2,5,17,2,7,2475,DL,LAX,11,111,156,170,0,57
3,5,17,2,15,2475,DL,LAX,11,111,156,170,0,57
9,5,17,2,17,2475,DL,LAX,11,111,156,170,0,57
5,5,17,2,20,2475,B6,LAX,11,111,156,170,0,57
-3,5,17,2,16,2475,B6,LAX,11,111,156,170,0,57
-5,5,17,2,11,2475,B6,LAX,11,111,156,170,0,57
-4,5,20,5,11,2475,UA,LAX,8,139,178,61,0,5
-1,5,20,5,6,2475,UA,LAX,8,139,178,61,0,5
-2,5,20,5,8,2475,UA,LAX,8,139,178,61,0,5
21,5,20,5,18,2475,UA,LAX,8,139,178,61,0,5
6,5,20,5,20,2475,UA,LAX,8,139,178,61,0,5
37,5,20,5,15,2475,UA,LAX,8,139,178,61,0,5
0,5,20,5,17,2475,DL,LAX,8,139,178,61,0,5
-1,5,20,5,15,2475,DL,LAX,8,139,178,61,0,5
0,5,20,5,7,2475,DL,LAX,8,139,178,61,0,5
-6,5,20,5,12,2475,DL,LAX,8,139,178,61,0,5
0,5,20,5,9,2475,DL,LAX,8,139,178,61,0,5
27,5,20,5,21,2475,DL,LAX,8,139,178,61,0,5
-2,5,20,5,19,2475,DL,LAX,8,139,178,61,0,5
8,5,20,5,20,2475,B6,LAX,8,139,178,61,0,5
10,5,20,5,16,2475,B6,LAX,8,139,178,61,0,5
-3,5,20,5,11,2475,B6,LAX,8,139,178,61,0,5
-4,5,20,5,7,2475,B6,LAX,8,139,178,61,0,5
-4,5,20,5,12,2475,AA,LAX,8,139,178,61,0,5
0,5,20,5,21,2475,AA,LAX,8,139,178,61,0,5
-3,5,20,5,10,2475,AA,LAX,8,139,178,61,0,5
10,5,20,5,19,2475,AA,LAX,8,139,178,61,0,5
28,5,20,5,16,2475,AA,LAX,8,139,178,61,0,5
4,5,20,5,15,2475,AA,LAX,8,139,178,61,0,5
-8,5,20,5,6,2475,AA,LAX,8,139,178,61,0,5
0,5,20,5,7,2475,AA,LAX,8,139,178,61,0,5
5,5,20,5,9,2475,AA,LAX,8,139,178,61,0,5
18,5,28,6,6,2475,AA,LAX,0,194,289,0,0,24
5,5,28,6,7,2475,AA,LAX,0,194,289,0,0,24
2,5,28,6,19,2475,AA,LAX,0,194,289,0,0,24
-1,5,28,6,16,2475,AA,LAX,0,194,289,0,0,24
-1,5,28,6,9,2475,AA,LAX,0,194,289,0,0,24
1,5,28,6,13,2475,AA,LAX,0,194,289,0,0,24
-6,5,28,6,12,2475,AA,LAX,0,194,289,0,0,24
-2,5,28,6,15,2475,AA,LAX,0,194,289,0,0,24
-4,5,28,6,18,2475,UA,LAX,0,194,289,0,0,24
-4,5,28,6,8,2475,UA,LAX,0,194,289,0,0,24
-2,5,28,6,11,2475,UA,LAX,0,194,289,0,0,24
-7,5,28,6,6,2475,UA,LAX,0,194,289,0,0,24
-5,5,28,6,12,2475,DL,LAX,0,194,289,0,0,24
-4,5,28,6,7,2475,B6,LAX,0,194,289,0,0,24
-3,5,28,6,9,2475,DL,LAX,0,194,289,0,0,24
-2,5,28,6,19,2475,DL,LAX,0,194,289,0,0,24
1,5,28,6,17,2475,DL,LAX,0,194,289,0,0,24
-4,5,28,6,20,2475,B6,LAX,0,194,289,0,0,24
-3,5,28,6,16,2475,B6,LAX,0,194,289,0,0,24
-2,5,28,6,15,2475,DL,LAX,0,194,289,0,0,24
-3,5,31,2,12,2475,DL,LAX,3,206,317,0,0,21
-3,5,31,2,17,2475,DL,LAX,3,206,317,0,0,21
-3,5,31,2,15,2475,DL,LAX,3,206,317,0,0,21
-3,5,31,2,7,2475,DL,LAX,3,206,317,0,0,21
-6,5,31,2,9,2475,DL,LAX,3,206,317,0,0,21
18,5,31,2,21,2475,DL,LAX,3,206,317,0,0,21
-2,5,31,2,19,2475,DL,LAX,3,206,317,0,0,21
7,5,31,2,7,2475,B6,LAX,3,206,317,0,0,21
-2,5,31,2,11,2475,B6,LAX,3,206,317,0,0,21
0,5,31,2,16,2475,B6,LAX,3,206,317,0,0,21
12,5,31,2,20,2475,B6,LAX,3,206,317,0,0,21
-5,5,31,2,6,2475,AA,LAX,3,206,317,0,0,21
125,5,31,2,21,2475,AA,LAX,3,206,317,0,0,21
8,5,31,2,16,2475,AA,LAX,3,206,317,0,0,21
2,5,31,2,15,2475,AA,LAX,3,206,317,0,0,21
-4,5,31,2,13,2475,AA,LAX,3,206,317,0,0,21
10,5,31,2,7,2475,AA,LAX,3,206,317,0,0,21
-3,5,31,2,19,2475,AA,LAX,3,206,317,0,0,21
55,5,31,2,10,2475,AA,LAX,3,206,317,0,0,21
-8,5,31,2,12,2475,AA,LAX,3,206,317,0,0,21
-4,5,31,2,9,2475,AA,LAX,3,206,317,0,0,21
3,5,31,2,8,2475,UA,LAX,3,206,317,0,0,21
-5,5,31,2,15,2475,UA,LAX,3,206,317,0,0,21
-3,5,31,2,11,2475,UA,LAX,3,206,317,0,0,21
-5,5,31,2,6,2475,UA,LAX,3,206,317,0,0,21
-4,5,31,2,20,2475,UA,LAX,3,206,317,0,0,21
-3,5,31,2,18,2475,UA,LAX,3,206,317,0,0,21
-3,6,5,7,15,2475,AA,LAX,2,133,211,0,0,18
-6,6,5,7,11,2475,B6,LAX,2,133,211,0,0,18
-4,6,5,7,9,2475,DL,LAX,2,133,211,0,0,18
-6,6,5,7,7,2475,B6,LAX,2,133,211,0,0,18
-10,6,5,7,10,2475,AA,LAX,2,133,211,0,0,18
-6,6,5,7,16,2475,AA,LAX,2,133,211,0,0,18
13,6,5,7,21,2475,DL,LAX,2,133,211,0,0,18
-3,6,5,7,19,2475,DL,LAX,2,133,211,0,0,18
-5,6,5,7,13,2475,AA,LAX,2,133,211,0,0,18
-2,6,5,7,19,2475,AA,LAX,2,133,211,0,0,18
2,6,5,7,21,2475,AA,LAX,2,133,211,0,0,18
1,6,5,7,12,2475,AA,LAX,2,133,211,0,0,18
-10,6,5,7,9,2475,AA,LAX,2,133,211,0,0,18
-5,6,5,7,6,2475,AA,LAX,2,133,211,0,0,18
-7,6,5,7,20,2475,B6,LAX,2,133,211,0,0,18
6,6,5,7,16,2475,B6,LAX,2,133,211,0,0,18
-3,6,5,7,7,2475,AA,LAX,2,133,211,0,0,18
11,6,5,7,15,2475,DL,LAX,2,133,211,0,0,18
-1,6,5,7,17,2475,DL,LAX,2,133,211,0,0,18
-4,6,5,7,12,2475,DL,LAX,2,133,211,0,0,18
11,6,5,7,15,2475,UA,LAX,2,133,211,0,0,18
-4,6,5,7,11,2475,UA,LAX,2,133,211,0,0,18
-5,6,5,7,8,2475,UA,LAX,2,133,211,0,0,18
9,6,5,7,18,2475,UA,LAX,2,133,211,0,0,18
-2,6,5,7,20,2475,UA,LAX,2,133,211,0,0,18
5,6,16,4,20,2475,UA,LAX,9,167,289,0,0,20
15,6,16,4,17,2475,UA,LAX,9,167,289,0,0,20
-3,6,16,4,8,2475,UA,LAX,9,167,289,0,0,20
-4,6,16,4,15,2475,UA,LAX,9,167,289,0,0,20
-8,6,16,4,11,2475,UA,LAX,9,167,289,0,0,20
-3,6,16,4,6,2475,UA,LAX,9,167,289,0,0,20
0,6,16,4,7,2475,B6,LAX,9,167,289,0,0,20
-3,6,16,4,19,2475,AA,LAX,9,167,289,0,0,20
-6,6,16,4,10,2475,AA,LAX,9,167,289,0,0,20
-3,6,16,4,7,2475,AA,LAX,9,167,289,0,0,20
175,6,16,4,19,2475,DL,LAX,9,167,289,0,0,20
24,6,16,4,21,2475,DL,LAX,9,167,289,0,0,20
-7,6,16,4,12,2475,AA,LAX,9,167,289,0,0,20
-8,6,16,4,9,2475,AA,LAX,9,167,289,0,0,20
-5,6,16,4,12,2475,DL,LAX,9,167,289,0,0,20
-6,6,16,4,6,2475,AA,LAX,9,167,289,0,0,20
-2,6,16,4,7,2475,DL,LAX,9,167,289,0,0,20
0,6,16,4,16,2475,AA,LAX,9,167,289,0,0,20
9,6,16,4,13,2475,AA,LAX,9,167,289,0,0,20
-1,6,16,4,15,2475,DL,LAX,9,167,289,0,0,20
-2,6,16,4,9,2475,DL,LAX,9,167,289,0,0,20
1,6,16,4,15,2475,AA,LAX,9,167,289,0,0,20
1,6,16,4,20,2475,AA,LAX,9,167,289,0,0,20
-4,6,16,4,17,2475,DL,LAX,9,167,289,0,0,20
-1,6,16,4,9,2475,B6,LAX,9,167,289,0,0,20
65,6,16,4,21,2475,B6,LAX,9,167,289,0,0,20
43,6,16,4,16,2475,B6,LAX,9,167,289,0,0,20
26,6,16,4,11,2475,B6,LAX,9,167,289,0,0,20
-5,6,27,1,7,2475,AA,LAX,7,189,278,0,0,10
-1,6,27,1,17,2475,DL,LAX,7,189,278,0,0,10
-2,6,27,1,7,2475,B6,LAX,7,189,278,0,0,10
-3,6,27,1,11,2475,B6,LAX,7,189,278,0,0,10
8,6,27,1,10,2475,AA,LAX,7,189,278,0,0,10
18,6,27,1,9,2475,B6,LAX,7,189,278,0,0,10
0,6,27,1,16,2475,B6,LAX,7,189,278,0,0,10
56,6,27,1,21,2475,B6,LAX,7,189,278,0,0,10
27,6,27,1,15,2475,AA,LAX,7,189,278,0,0,10
-5,6,27,1,9,2475,DL,LAX,7,189,278,0,0,10
13,6,27,1,13,2475,AA,LAX,7,189,278,0,0,10
-8,6,27,1,12,2475,AA,LAX,7,189,278,0,0,10
-1,6,27,1,19,2475,AA,LAX,7,189,278,0,0,10
-1,6,27,1,20,2475,AA,LAX,7,189,278,0,0,10
-7,6,27,1,9,2475,AA,LAX,7,189,278,0,0,10
-3,6,27,1,6,2475,AA,LAX,7,189,278,0,0,10
0,6,27,1,16,2475,AA,LAX,7,189,278,0,0,10
-4,6,27,1,8,2475,UA,LAX,7,189,278,0,0,10
-7,6,27,1,6,2475,UA,LAX,7,189,278,0,0,10
-3,6,27,1,20,2475,UA,LAX,7,189,278,0,0,10
-1,6,27,1,17,2475,UA,LAX,7,189,278,0,0,10
-4,6,27,1,15,2475,UA,LAX,7,189,278,0,0,10
-3,6,27,1,11,2475,UA,LAX,7,189,278,0,0,10
-4,6,27,1,15,2475,DL,LAX,7,189,278,0,0,10
-3,6,27,1,7,2475,DL,LAX,7,189,278,0,0,10
-2,6,27,1,12,2475,DL,LAX,7,189,278,0,0,10
0,6,27,1,21,2475,DL,LAX,7,189,278,0,0,10
24,6,27,1,19,2475,DL,LAX,7,189,278,0,0,10
-2,6,30,4,19,2475,DL,LAX,4,183,278,0,0,22
4,6,30,4,21,2475,DL,LAX,4,183,278,0,0,22
-1,6,30,4,12,2475,DL,LAX,4,183,278,0,0,22
-3,6,30,4,7,2475,DL,LAX,4,183,278,0,0,22
49,6,30,4,15,2475,DL,LAX,4,183,278,0,0,22
0,6,30,4,17,2475,DL,LAX,4,183,278,0,0,22
3,6,30,4,8,2475,UA,LAX,4,183,278,0,0,22
-2,6,30,4,11,2475,UA,LAX,4,183,278,0,0,22
-4,6,30,4,20,2475,UA,LAX,4,183,278,0,0,22
-2,6,30,4,15,2475,UA,LAX,4,183,278,0,0,22
-1,6,30,4,6,2475,UA,LAX,4,183,278,0,0,22
-2,6,30,4,17,2475,UA,LAX,4,183,278,0,0,22
53,6,30,4,15,2475,AA,LAX,4,183,278,0,0,22
10,6,30,4,7,2475,B6,LAX,4,183,278,0,0,22
-4,6,30,4,11,2475,B6,LAX,4,183,278,0,0,22
-2,6,30,4,21,2475,B6,LAX,4,183,278,0,0,22
-1,6,30,4,9,2475,B6,LAX,4,183,278,0,0,22
0,6,30,4,13,2475,AA,LAX,4,183,278,0,0,22
0,6,30,4,19,2475,AA,LAX,4,183,278,0,0,22
-6,6,30,4,12,2475,AA,LAX,4,183,278,0,0,22
7,6,30,4,9,2475,AA,LAX,4,183,278,0,0,22
-1,6,30,4,16,2475,AA,LAX,4,183,278,0,0,22
-6,6,30,4,10,2475,AA,LAX,4,183,278,0,0,22
21,6,30,4,7,2475,AA,LAX,4,183,278,0,0,22
-2,6,30,4,6,2475,AA,LAX,4,183,278,0,0,22
26,6,30,4,20,2475,AA,LAX,4,183,278,0,0,22
23,6,30,4,16,2475,B6,LAX,4,183,278,0,0,22
3,7,4,1,7,2475,AA,LAX,0,211,300,0,0,11
-3,7,4,1,6,2475,AA,LAX,0,211,300,0,0,11
-6,7,4,1,10,2475,AA,LAX,0,211,300,0,0,11
-2,7,4,1,15,2475,AA,LAX,0,211,300,0,0,11
-1,7,4,1,9,2475,AA,LAX,0,211,300,0,0,11
11,7,4,1,20,2475,AA,LAX,0,211,300,0,0,11
-4,7,4,1,13,2475,AA,LAX,0,211,300,0,0,11
-5,7,4,1,12,2475,AA,LAX,0,211,300,0,0,11
6,7,4,1,19,2475,AA,LAX,0,211,300,0,0,11
0,7,4,1,7,2475,B6,LAX,0,211,300,0,0,11
-2,7,4,1,16,2475,B6,LAX,0,211,300,0,0,11
-1,7,4,1,21,2475,B6,LAX,0,211,300,0,0,11
21,7,4,1,9,2475,B6,LAX,0,211,300,0,0,11
3,7,4,1,9,2475,DL,LAX,0,211,300,0,0,11
196,7,4,1,15,2475,DL,LAX,0,211,300,0,0,11
17,7,4,1,21,2475,DL,LAX,0,211,300,0,0,11
0,7,4,1,19,2475,DL,LAX,0,211,300,0,0,11
-4,7,4,1,12,2475,DL,LAX,0,211,300,0,0,11
-1,7,4,1,7,2475,DL,LAX,0,211,300,0,0,11
4,7,4,1,17,2475,DL,LAX,0,211,300,0,0,11
-1,7,4,1,11,2475,B6,LAX,0,211,300,0,0,11
-4,7,4,1,11,2475,UA,LAX,0,211,300,0,0,11
7,7,4,1,17,2475,UA,LAX,0,211,300,0,0,11
20,7,4,1,15,2475,UA,LAX,0,211,300,0,0,11
-7,7,4,1,8,2475,UA,LAX,0,211,300,0,0,11
-3,7,15,5,7,2475,DL,LAX,11,189,306,0,0,19
-4,7,15,5,19,2475,DL,LAX,11,189,306,0,0,19
-1,7,15,5,9,2475,B6,LAX,11,189,306,0,0,19
111,7,15,5,21,2475,B6,LAX,11,189,306,0,0,19
-1,7,15,5,16,2475,B6,LAX,11,189,306,0,0,19
35,7,15,5,11,2475,B6,LAX,11,189,306,0,0,19
161,7,15,5,7,2475,B6,LAX,11,189,306,0,0,19
-6,7,15,5,12,2475,DL,LAX,11,189,306,0,0,19
-3,7,15,5,15,2475,DL,LAX,11,189,306,0,0,19
3,7,15,5,9,2475,DL,LAX,11,189,306,0,0,19
-2,7,15,5,21,2475,DL,LAX,11,189,306,0,0,19
-4,7,15,5,17,2475,DL,LAX,11,189,306,0,0,19
14,7,15,5,20,2475,AA,LAX,11,189,306,0,0,19
-2,7,15,5,16,2475,AA,LAX,11,189,306,0,0,19
-5,7,15,5,15,2475,AA,LAX,11,189,306,0,0,19
-1,7,15,5,7,2475,AA,LAX,11,189,306,0,0,19
2,7,15,5,6,2475,AA,LAX,11,189,306,0,0,19
-1,7,15,5,19,2475,AA,LAX,11,189,306,0,0,19
4,7,15,5,10,2475,AA,LAX,11,189,306,0,0,19
-7,7,15,5,9,2475,AA,LAX,11,189,306,0,0,19
-10,7,15,5,12,2475,AA,LAX,11,189,306,0,0,19
-7,7,15,5,6,2475,UA,LAX,11,189,306,0,0,19
-1,7,15,5,15,2475,UA,LAX,11,189,306,0,0,19
-6,7,15,5,11,2475,UA,LAX,11,189,306,0,0,19
3,7,15,5,20,2475,UA,LAX,11,189,306,0,0,19
-1,7,15,5,8,2475,UA,LAX,11,189,306,0,0,19
-1,7,15,5,17,2475,UA,LAX,11,189,306,0,0,19
-1,7,26,2,6,2475,UA,LAX,22,206,322,36,0,16
-2,7,26,2,20,2475,UA,LAX,22,206,322,36,0,16
-3,7,26,2,17,2475,UA,LAX,22,206,322,36,0,16
-8,7,26,2,11,2475,UA,LAX,22,206,322,36,0,16
-5,7,26,2,15,2475,UA,LAX,22,206,322,36,0,16
-2,7,26,2,8,2475,UA,LAX,22,206,322,36,0,16
-2,7,26,2,19,2475,DL,LAX,22,206,322,36,0,16
4,7,26,2,21,2475,DL,LAX,22,206,322,36,0,16
-6,7,26,2,9,2475,DL,LAX,22,206,322,36,0,16
21,7,26,2,15,2475,DL,LAX,22,206,322,36,0,16
-3,7,26,2,12,2475,DL,LAX,22,206,322,36,0,16
10,7,26,2,7,2475,DL,LAX,22,206,322,36,0,16
-1,7,26,2,17,2475,DL,LAX,22,206,322,36,0,16
1,7,26,2,7,2475,B6,LAX,22,206,322,36,0,16
1,7,26,2,9,2475,B6,LAX,22,206,322,36,0,16
19,7,26,2,21,2475,B6,LAX,22,206,322,36,0,16
4,7,26,2,16,2475,B6,LAX,22,206,322,36,0,16
-4,7,26,2,11,2475,B6,LAX,22,206,322,36,0,16
112,7,26,2,20,2475,AA,LAX,22,206,322,36,0,16
-3,7,26,2,13,2475,AA,LAX,22,206,322,36,0,16
-4,7,26,2,10,2475,AA,LAX,22,206,322,36,0,16
-7,7,26,2,9,2475,AA,LAX,22,206,322,36,0,16
-4,7,26,2,7,2475,AA,LAX,22,206,322,36,0,16
-7,7,26,2,12,2475,AA,LAX,22,206,322,36,0,16
0,7,26,2,19,2475,AA,LAX,22,206,322,36,0,16
-3,7,26,2,6,2475,AA,LAX,22,206,322,36,0,16
3,7,26,2,15,2475,AA,LAX,22,206,322,36,0,16
-8,8,3,3,12,2475,AA,LAX,30,194,311,193,0,14
1,8,3,3,7,2475,DL,LAX,30,194,311,193,0,14
56,8,3,3,21,2475,DL,LAX,30,194,311,193,0,14
-3,8,3,3,19,2475,DL,LAX,30,194,311,193,0,14
-2,8,3,3,9,2475,AA,LAX,30,194,311,193,0,14
-2,8,3,3,13,2475,AA,LAX,30,194,311,193,0,14
-7,8,3,3,9,2475,B6,LAX,30,194,311,193,0,14
49,8,3,3,21,2475,B6,LAX,30,194,311,193,0,14
-2,8,3,3,16,2475,B6,LAX,30,194,311,193,0,14
-5,8,3,3,11,2475,B6,LAX,30,194,311,193,0,14
-3,8,3,3,7,2475,B6,LAX,30,194,311,193,0,14
0,8,3,3,17,2475,DL,LAX,30,194,311,193,0,14
-4,8,3,3,15,2475,DL,LAX,30,194,311,193,0,14
-6,8,3,3,6,2475,AA,LAX,30,194,311,193,0,14
-4,8,3,3,15,2475,AA,LAX,30,194,311,193,0,14
-4,8,3,3,10,2475,AA,LAX,30,194,311,193,0,14
-4,8,3,3,19,2475,AA,LAX,30,194,311,193,0,14
51,8,3,3,20,2475,AA,LAX,30,194,311,193,0,14
1,8,3,3,7,2475,AA,LAX,30,194,311,193,0,14
149,8,3,3,12,2475,DL,LAX,30,194,311,193,0,14
28,8,3,3,16,2475,AA,LAX,30,194,311,193,0,14
-1,8,3,3,9,2475,DL,LAX,30,194,311,193,0,14
-2,8,3,3,17,2475,UA,LAX,30,194,311,193,0,14
41,8,3,3,20,2475,UA,LAX,30,194,311,193,0,14
-4,8,3,3,11,2475,UA,LAX,30,194,311,193,0,14
-4,8,3,3,8,2475,UA,LAX,30,194,311,193,0,14
-4,8,3,3,15,2475,UA,LAX,30,194,311,193,0,14
-2,8,3,3,6,2475,UA,LAX,30,194,311,193,0,14
36,8,14,7,15,2475,UA,LAX,20,194,222,1476,0,22
-2,8,14,7,8,2475,UA,LAX,20,194,222,1476,0,22
118,8,14,7,17,2475,UA,LAX,20,194,222,1476,0,22
110,8,14,7,11,2475,UA,LAX,20,194,222,1476,0,22
105,8,14,7,20,2475,UA,LAX,20,194,222,1476,0,22
66,8,14,7,10,2475,AA,LAX,20,194,222,1476,0,22
127,8,14,7,7,2475,B6,LAX,20,194,222,1476,0,22
43,8,14,7,19,2475,AA,LAX,20,194,222,1476,0,22
114,8,14,7,15,2475,AA,LAX,20,194,222,1476,0,22
82,8,14,7,20,2475,AA,LAX,20,194,222,1476,0,22
48,8,14,7,12,2475,AA,LAX,20,194,222,1476,0,22
-7,8,14,7,16,2475,AA,LAX,20,194,222,1476,0,22
29,8,14,7,7,2475,AA,LAX,20,194,222,1476,0,22
7,8,14,7,13,2475,AA,LAX,20,194,222,1476,0,22
211,8,14,7,21,2475,B6,LAX,20,194,222,1476,0,22
142,8,14,7,9,2475,AA,LAX,20,194,222,1476,0,22
154,8,14,7,9,2475,B6,LAX,20,194,222,1476,0,22
7,8,14,7,16,2475,B6,LAX,20,194,222,1476,0,22
40,8,14,7,11,2475,B6,LAX,20,194,222,1476,0,22
18,8,14,7,6,2475,AA,LAX,20,194,222,1476,0,22
-1,8,14,7,19,2475,DL,LAX,20,194,222,1476,0,22
7,8,14,7,21,2475,DL,LAX,20,194,222,1476,0,22
386,8,14,7,9,2475,DL,LAX,20,194,222,1476,0,22
26,8,14,7,15,2475,DL,LAX,20,194,222,1476,0,22
25,8,14,7,12,2475,DL,LAX,20,194,222,1476,0,22
14,8,14,7,17,2475,DL,LAX,20,194,222,1476,0,22
11,8,25,4,17,2475,DL,LAX,9,222,256,124,0,29
-2,8,25,4,9,2475,DL,LAX,9,222,256,124,0,29
-3,8,25,4,7,2475,DL,LAX,9,222,256,124,0,29
-3,8,25,4,12,2475,DL,LAX,9,222,256,124,0,29
-2,8,25,4,15,2475,DL,LAX,9,222,256,124,0,29
27,8,25,4,21,2475,DL,LAX,9,222,256,124,0,29
17,8,25,4,7,2475,AA,LAX,9,222,256,124,0,29
19,8,25,4,9,2475,B6,LAX,9,222,256,124,0,29
-2,8,25,4,11,2475,B6,LAX,9,222,256,124,0,29
-5,8,25,4,12,2475,AA,LAX,9,222,256,124,0,29
-2,8,25,4,7,2475,AA,LAX,9,222,256,124,0,29
15,8,25,4,16,2475,B6,LAX,9,222,256,124,0,29
54,8,25,4,21,2475,AA,LAX,9,222,256,124,0,29
139,8,25,4,21,2475,B6,LAX,9,222,256,124,0,29
-4,8,25,4,7,2475,B6,LAX,9,222,256,124,0,29
-1,8,25,4,15,2475,AA,LAX,9,222,256,124,0,29
49,8,25,4,13,2475,AA,LAX,9,222,256,124,0,29
20,8,25,4,16,2475,AA,LAX,9,222,256,124,0,29
-5,8,25,4,9,2475,AA,LAX,9,222,256,124,0,29
17,8,25,4,19,2475,AA,LAX,9,222,256,124,0,29
-8,8,25,4,10,2475,AA,LAX,9,222,256,124,0,29
10,8,25,4,8,2475,UA,LAX,9,222,256,124,0,29
-3,8,25,4,15,2475,UA,LAX,9,222,256,124,0,29
16,8,25,4,11,2475,UA,LAX,9,222,256,124,0,29
132,8,25,4,17,2475,UA,LAX,9,222,256,124,0,29
129,8,25,4,20,2475,UA,LAX,9,222,256,124,0,29
4,8,25,4,6,2475,UA,LAX,9,222,256,124,0,29
-5,9,2,5,19,2475,DL,LAX,1,183,256,0,0,16
-3,9,2,5,17,2475,DL,LAX,1,183,256,0,0,16
-4,9,2,5,7,2475,DL,LAX,1,183,256,0,0,16
-4,9,2,5,9,2475,DL,LAX,1,183,256,0,0,16
66,9,2,5,15,2475,AA,LAX,1,183,256,0,0,16
-1,9,2,5,10,2475,AA,LAX,1,183,256,0,0,16
24,9,2,5,19,2475,AA,LAX,1,183,256,0,0,16
20,9,2,5,16,2475,AA,LAX,1,183,256,0,0,16
38,9,2,5,9,2475,AA,LAX,1,183,256,0,0,16
2,9,2,5,7,2475,AA,LAX,1,183,256,0,0,16
-6,9,2,5,21,2475,AA,LAX,1,183,256,0,0,16
-5,9,2,5,12,2475,AA,LAX,1,183,256,0,0,16
-3,9,2,5,7,2475,B6,LAX,1,183,256,0,0,16
-1,9,2,5,11,2475,B6,LAX,1,183,256,0,0,16
113,9,2,5,13,2475,AA,LAX,1,183,256,0,0,16
0,9,2,5,16,2475,B6,LAX,1,183,256,0,0,16
-2,9,2,5,21,2475,B6,LAX,1,183,256,0,0,16
-4,9,2,5,9,2475,B6,LAX,1,183,256,0,0,16
0,9,2,5,15,2475,DL,LAX,1,183,256,0,0,16
4,9,2,5,12,2475,DL,LAX,1,183,256,0,0,16
10,9,2,5,21,2475,DL,LAX,1,183,256,0,0,16
-4,9,2,5,7,2475,AA,LAX,1,183,256,0,0,16
-5,9,2,5,20,2475,UA,LAX,1,183,256,0,0,16
-1,9,2,5,6,2475,UA,LAX,1,183,256,0,0,16
73,9,2,5,8,2475,UA,LAX,1,183,256,0,0,16
-5,9,2,5,11,2475,UA,LAX,1,183,256,0,0,16
-4,9,2,5,15,2475,UA,LAX,1,183,256,0,0,16
-1,9,2,5,17,2475,UA,LAX,1,183,256,0,0,16
-4,9,13,2,20,2475,UA,LAX,10,194,278,0,0,21
3,9,13,2,15,2475,UA,LAX,10,194,278,0,0,21
-3,9,13,2,8,2475,UA,LAX,10,194,278,0,0,21
-3,9,13,2,11,2475,UA,LAX,10,194,278,0,0,21
-1,9,13,2,6,2475,UA,LAX,10,194,278,0,0,21
1,9,13,2,17,2475,UA,LAX,10,194,278,0,0,21
-6,9,13,2,16,2475,B6,LAX,10,194,278,0,0,21
4,9,13,2,10,2475,AA,LAX,10,194,278,0,0,21
85,9,13,2,16,2475,AA,LAX,10,194,278,0,0,21
-5,9,13,2,12,2475,AA,LAX,10,194,278,0,0,21
-4,9,13,2,11,2475,B6,LAX,10,194,278,0,0,21
-5,9,13,2,20,2475,B6,LAX,10,194,278,0,0,21
-4,9,13,2,17,2475,DL,LAX,10,194,278,0,0,21
-1,9,13,2,9,2475,DL,LAX,10,194,278,0,0,21
11,9,13,2,19,2475,AA,LAX,10,194,278,0,0,21
-5,9,13,2,7,2475,DL,LAX,10,194,278,0,0,21
-6,9,13,2,12,2475,DL,LAX,10,194,278,0,0,21
-11,9,13,2,6,2475,B6,LAX,10,194,278,0,0,21
-1,9,13,2,9,2475,B6,LAX,10,194,278,0,0,21
-5,9,13,2,15,2475,DL,LAX,10,194,278,0,0,21
-7,9,13,2,21,2475,DL,LAX,10,194,278,0,0,21
-5,9,13,2,19,2475,DL,LAX,10,194,278,0,0,21
-1,9,13,2,13,2475,AA,LAX,10,194,278,0,0,21
14,9,13,2,15,2475,AA,LAX,10,194,278,0,0,21
-11,9,13,2,7,2475,AA,LAX,10,194,278,0,0,21
-1,9,13,2,7,2475,AA,LAX,10,194,278,0,0,21
-7,9,13,2,21,2475,AA,LAX,10,194,278,0,0,21
-3,9,13,2,9,2475,AA,LAX,10,194,278,0,0,21
5,9,24,6,20,2475,B6,LAX,14,211,244,0,0,9
3,9,24,6,16,2475,B6,LAX,14,211,244,0,0,9
-1,9,24,6,6,2475,B6,LAX,14,211,244,0,0,9
-2,9,24,6,9,2475,B6,LAX,14,211,244,0,0,9
-8,9,24,6,7,2475,AA,LAX,14,211,244,0,0,9
-4,9,24,6,19,2475,DL,LAX,14,211,244,0,0,9
-5,9,24,6,16,2475,AA,LAX,14,211,244,0,0,9
-6,9,24,6,15,2475,DL,LAX,14,211,244,0,0,9
10,9,24,6,12,2475,DL,LAX,14,211,244,0,0,9
-4,9,24,6,9,2475,DL,LAX,14,211,244,0,0,9
0,9,24,6,9,2475,AA,LAX,14,211,244,0,0,9
-7,9,24,6,7,2475,AA,LAX,14,211,244,0,0,9
-6,9,24,6,21,2475,AA,LAX,14,211,244,0,0,9
-5,9,24,6,13,2475,AA,LAX,14,211,244,0,0,9
1,9,24,6,19,2475,AA,LAX,14,211,244,0,0,9
0,9,24,6,12,2475,AA,LAX,14,211,244,0,0,9
4,9,24,6,15,2475,AA,LAX,14,211,244,0,0,9
-6,9,24,6,17,2475,DL,LAX,14,211,244,0,0,9
-2,9,24,6,17,2475,UA,LAX,14,211,244,0,0,9
-2,9,24,6,8,2475,UA,LAX,14,211,244,0,0,9
-7,9,24,6,15,2475,UA,LAX,14,211,244,0,0,9
-5,9,24,6,11,2475,UA,LAX,14,211,244,0,0,9
59,9,24,6,6,2475,UA,LAX,14,211,244,0,0,9
0,10,4,2,15,2475,DL,LAX,4,94,172,0,0,21
-4,10,4,2,19,2475,AA,LAX,4,94,172,0,0,21
-2,10,4,2,16,2475,AA,LAX,4,94,172,0,0,21
-7,10,4,2,7,2475,AA,LAX,4,94,172,0,0,21
-3,10,4,2,9,2475,AA,LAX,4,94,172,0,0,21
0,10,4,2,7,2475,AA,LAX,4,94,172,0,0,21
-5,10,4,2,12,2475,AA,LAX,4,94,172,0,0,21
-1,10,4,2,19,2475,DL,LAX,4,94,172,0,0,21
-3,10,4,2,9,2475,B6,LAX,4,94,172,0,0,21
1,10,4,2,21,2475,AA,LAX,4,94,172,0,0,21
-2,10,4,2,6,2475,B6,LAX,4,94,172,0,0,21
-2,10,4,2,16,2475,B6,LAX,4,94,172,0,0,21
-2,10,4,2,12,2475,DL,LAX,4,94,172,0,0,21
-2,10,4,2,7,2475,DL,LAX,4,94,172,0,0,21
-5,10,4,2,9,2475,DL,LAX,4,94,172,0,0,21
-3,10,4,2,13,2475,AA,LAX,4,94,172,0,0,21
11,10,4,2,17,2475,DL,LAX,4,94,172,0,0,21
0,10,4,2,15,2475,AA,LAX,4,94,172,0,0,21
4,10,4,2,21,2475,DL,LAX,4,94,172,0,0,21
-4,10,4,2,20,2475,B6,LAX,4,94,172,0,0,21
-9,10,4,2,10,2475,AA,LAX,4,94,172,0,0,21
-5,10,4,2,11,2475,B6,LAX,4,94,172,0,0,21
-4,10,4,2,11,2475,UA,LAX,4,94,172,0,0,21
2,10,4,2,6,2475,UA,LAX,4,94,172,0,0,21
25,10,4,2,17,2475,UA,LAX,4,94,172,0,0,21
34,10,4,2,20,2475,UA,LAX,4,94,172,0,0,21
62,10,4,2,15,2475,UA,LAX,4,94,172,0,0,21
-7,10,4,2,8,2475,UA,LAX,4,94,172,0,0,21
-6,10,15,6,11,2475,UA,LAX,7,122,183,0,0,34
-3,10,15,6,15,2475,UA,LAX,7,122,183,0,0,34
0,10,15,6,8,2475,UA,LAX,7,122,183,0,0,34
-7,10,15,6,6,2475,UA,LAX,7,122,183,0,0,34
20,10,15,6,17,2475,UA,LAX,7,122,183,0,0,34
-6,10,15,6,9,2475,DL,LAX,7,122,183,0,0,34
-2,10,15,6,12,2475,DL,LAX,7,122,183,0,0,34
-4,10,15,6,15,2475,DL,LAX,7,122,183,0,0,34
15,10,15,6,19,2475,DL,LAX,7,122,183,0,0,34
-7,10,15,6,9,2475,B6,LAX,7,122,183,0,0,34
-5,10,15,6,19,2475,AA,LAX,7,122,183,0,0,34
-4,10,15,6,20,2475,B6,LAX,7,122,183,0,0,34
-1,10,15,6,21,2475,AA,LAX,7,122,183,0,0,34
-7,10,15,6,7,2475,AA,LAX,7,122,183,0,0,34
-8,10,15,6,15,2475,AA,LAX,7,122,183,0,0,34
4,10,15,6,6,2475,B6,LAX,7,122,183,0,0,34
-7,10,15,6,16,2475,AA,LAX,7,122,183,0,0,34
-4,10,15,6,13,2475,AA,LAX,7,122,183,0,0,34
-1,10,15,6,16,2475,B6,LAX,7,122,183,0,0,34
-8,10,15,6,12,2475,AA,LAX,7,122,183,0,0,34
-1,10,15,6,9,2475,AA,LAX,7,122,183,0,0,34
10,10,15,6,7,2475,AA,LAX,7,122,183,0,0,34
-5,10,15,6,17,2475,DL,LAX,7,122,183,0,0,34
-1,10,26,3,6,2475,UA,LAX,16,106,167,0,0,13
-6,10,26,3,15,2475,UA,LAX,16,106,167,0,0,13
3,10,26,3,20,2475,UA,LAX,16,106,167,0,0,13
-1,10,26,3,8,2475,UA,LAX,16,106,167,0,0,13
-4,10,26,3,11,2475,UA,LAX,16,106,167,0,0,13
-3,10,26,3,17,2475,UA,LAX,16,106,167,0,0,13
-10,10,26,3,9,2475,DL,LAX,16,106,167,0,0,13
-6,10,26,3,17,2475,DL,LAX,16,106,167,0,0,13
-9,10,26,3,9,2475,AA,LAX,16,106,167,0,0,13
-5,10,26,3,9,2475,B6,LAX,16,106,167,0,0,13
-7,10,26,3,6,2475,B6,LAX,16,106,167,0,0,13
-2,10,26,3,11,2475,B6,LAX,16,106,167,0,0,13
-10,10,26,3,12,2475,AA,LAX,16,106,167,0,0,13
-2,10,26,3,16,2475,B6,LAX,16,106,167,0,0,13
-3,10,26,3,20,2475,B6,LAX,16,106,167,0,0,13
-5,10,26,3,10,2475,AA,LAX,16,106,167,0,0,13
-6,10,26,3,19,2475,AA,LAX,16,106,167,0,0,13
-3,10,26,3,7,2475,AA,LAX,16,106,167,0,0,13
-10,10,26,3,7,2475,AA,LAX,16,106,167,0,0,13
-4,10,26,3,21,2475,AA,LAX,16,106,167,0,0,13
-6,10,26,3,13,2475,AA,LAX,16,106,167,0,0,13
-1,10,26,3,15,2475,AA,LAX,16,106,167,0,0,13
1,10,26,3,16,2475,AA,LAX,16,106,167,0,0,13
-5,10,26,3,19,2475,DL,LAX,16,106,167,0,0,13
0,10,26,3,21,2475,DL,LAX,16,106,167,0,0,13
-4,10,26,3,15,2475,DL,LAX,16,106,167,0,0,13
-13,10,26,3,12,2475,DL,LAX,16,106,167,0,0,13
-4,10,26,3,7,2475,DL,LAX,16,106,167,0,0,13
-2,11,3,4,19,2475,AA,LAX,8,78,150,0,0,26
-6,11,3,4,21,2475,AA,LAX,8,78,150,0,0,26
-7,11,3,4,7,2475,AA,LAX,8,78,150,0,0,26
-2,11,3,4,9,2475,AA,LAX,8,78,150,0,0,26
-6,11,3,4,10,2475,AA,LAX,8,78,150,0,0,26
-4,11,3,4,16,2475,AA,LAX,8,78,150,0,0,26
-4,11,3,4,15,2475,AA,LAX,8,78,150,0,0,26
-4,11,3,4,12,2475,AA,LAX,8,78,150,0,0,26
0,11,3,4,13,2475,AA,LAX,8,78,150,0,0,26
-1,11,3,4,15,2475,UA,LAX,8,78,150,0,0,26
-5,11,3,4,20,2475,UA,LAX,8,78,150,0,0,26
-1,11,3,4,17,2475,UA,LAX,8,78,150,0,0,26
0,11,3,4,6,2475,UA,LAX,8,78,150,0,0,26
-2,11,3,4,11,2475,UA,LAX,8,78,150,0,0,26
-2,11,3,4,8,2475,UA,LAX,8,78,150,0,0,26
-6,11,3,4,19,2475,DL,LAX,8,78,150,0,0,26
-4,11,3,4,9,2475,DL,LAX,8,78,150,0,0,26
0,11,3,4,7,2475,DL,LAX,8,78,150,0,0,26
-1,11,3,4,12,2475,DL,LAX,8,78,150,0,0,26
-4,11,3,4,15,2475,DL,LAX,8,78,150,0,0,26
-1,11,3,4,17,2475,DL,LAX,8,78,150,0,0,26
33,11,3,4,21,2475,DL,LAX,8,78,150,0,0,26
-5,11,3,4,9,2475,B6,LAX,8,78,150,0,0,26
-3,11,3,4,20,2475,B6,LAX,8,78,150,0,0,26
-8,11,3,4,16,2475,B6,LAX,8,78,150,0,0,26
-5,11,3,4,11,2475,B6,LAX,8,78,150,0,0,26
-6,11,3,4,7,2475,B6,LAX,8,78,150,0,0,26
1,11,14,1,9,2475,B6,LAX,3,122,206,0,0,31
-4,11,14,1,16,2475,B6,LAX,3,122,206,0,0,31
28,11,14,1,20,2475,B6,LAX,3,122,206,0,0,31
0,11,14,1,11,2475,B6,LAX,3,122,206,0,0,31
-6,11,14,1,7,2475,B6,LAX,3,122,206,0,0,31
-3,11,14,1,19,2475,DL,LAX,3,122,206,0,0,31
-6,11,14,1,9,2475,DL,LAX,3,122,206,0,0,31
-3,11,14,1,17,2475,DL,LAX,3,122,206,0,0,31
-7,11,14,1,7,2475,DL,LAX,3,122,206,0,0,31
3,11,14,1,7,2475,DL,LAX,3,122,206,0,0,31
-6,11,14,1,12,2475,DL,LAX,3,122,206,0,0,31
0,11,14,1,15,2475,DL,LAX,3,122,206,0,0,31
-1,11,14,1,21,2475,DL,LAX,3,122,206,0,0,31
5,11,14,1,20,2475,UA,LAX,3,122,206,0,0,31
-4,11,14,1,15,2475,UA,LAX,3,122,206,0,0,31
-6,11,14,1,6,2475,UA,LAX,3,122,206,0,0,31
-1,11,14,1,11,2475,UA,LAX,3,122,206,0,0,31
-4,11,14,1,8,2475,UA,LAX,3,122,206,0,0,31
0,11,14,1,17,2475,UA,LAX,3,122,206,0,0,31
-3,11,14,1,19,2475,AA,LAX,3,122,206,0,0,31
-3,11,14,1,10,2475,AA,LAX,3,122,206,0,0,31
-5,11,14,1,7,2475,AA,LAX,3,122,206,0,0,31
-6,11,14,1,16,2475,AA,LAX,3,122,206,0,0,31
-5,11,14,1,9,2475,AA,LAX,3,122,206,0,0,31
-8,11,14,1,21,2475,AA,LAX,3,122,206,0,0,31
0,11,14,1,13,2475,AA,LAX,3,122,206,0,0,31
-6,11,14,1,15,2475,AA,LAX,3,122,206,0,0,31
-2,11,14,1,12,2475,AA,LAX,3,122,206,0,0,31
-4,11,25,5,7,2475,B6,LAX,3,78,161,0,0,26
-5,11,25,5,17,2475,DL,LAX,3,78,161,0,0,26
-5,11,25,5,9,2475,DL,LAX,3,78,161,0,0,26
-5,11,25,5,15,2475,DL,LAX,3,78,161,0,0,26
1,11,25,5,19,2475,DL,LAX,3,78,161,0,0,26
-5,11,25,5,9,2475,B6,LAX,3,78,161,0,0,26
15,11,25,5,20,2475,B6,LAX,3,78,161,0,0,26
-8,11,25,5,16,2475,B6,LAX,3,78,161,0,0,26
-4,11,25,5,11,2475,B6,LAX,3,78,161,0,0,26
3,11,25,5,7,2475,AA,LAX,3,78,161,0,0,26
-6,11,25,5,21,2475,AA,LAX,3,78,161,0,0,26
-9,11,25,5,12,2475,AA,LAX,3,78,161,0,0,26
-2,11,25,5,16,2475,AA,LAX,3,78,161,0,0,26
-2,11,25,5,19,2475,AA,LAX,3,78,161,0,0,26
-6,11,25,5,9,2475,AA,LAX,3,78,161,0,0,26
-5,11,25,5,15,2475,AA,LAX,3,78,161,0,0,26
0,11,25,5,11,2475,UA,LAX,3,78,161,0,0,26
-3,11,25,5,8,2475,UA,LAX,3,78,161,0,0,26
-1,11,25,5,15,2475,UA,LAX,3,78,161,0,0,26
-3,11,25,5,17,2475,UA,LAX,3,78,161,0,0,26
24,12,2,5,16,2475,AA,LAX,10,39,111,0,0,24
-7,12,2,5,10,2475,AA,LAX,10,39,111,0,0,24
-5,12,2,5,19,2475,DL,LAX,10,39,111,0,0,24
-6,12,2,5,21,2475,DL,LAX,10,39,111,0,0,24
-4,12,2,5,15,2475,DL,LAX,10,39,111,0,0,24
-6,12,2,5,12,2475,DL,LAX,10,39,111,0,0,24
-1,12,2,5,9,2475,DL,LAX,10,39,111,0,0,24
-4,12,2,5,17,2475,DL,LAX,10,39,111,0,0,24
-3,12,2,5,19,2475,AA,LAX,10,39,111,0,0,24
-7,12,2,5,12,2475,AA,LAX,10,39,111,0,0,24
38,12,2,5,7,2475,AA,LAX,10,39,111,0,0,24
-4,12,2,5,9,2475,B6,LAX,10,39,111,0,0,24
-8,12,2,5,20,2475,B6,LAX,10,39,111,0,0,24
-9,12,2,5,16,2475,B6,LAX,10,39,111,0,0,24
-3,12,2,5,11,2475,B6,LAX,10,39,111,0,0,24
-4,12,2,5,7,2475,B6,LAX,10,39,111,0,0,24
-6,12,2,5,9,2475,AA,LAX,10,39,111,0,0,24
-5,12,2,5,15,2475,AA,LAX,10,39,111,0,0,24
19,12,2,5,21,2475,AA,LAX,10,39,111,0,0,24
-3,12,2,5,11,2475,UA,LAX,10,39,111,0,0,24
-1,12,2,5,8,2475,UA,LAX,10,39,111,0,0,24
11,12,2,5,6,2475,UA,LAX,10,39,111,0,0,24
-1,12,2,5,15,2475,UA,LAX,10,39,111,0,0,24
-2,12,2,5,20,2475,UA,LAX,10,39,111,0,0,24
-4,12,2,5,17,2475,UA,LAX,10,39,111,0,0,24
-8,12,13,2,20,2475,UA,LAX,12,0,83,0,0,20
-7,12,13,2,17,2475,UA,LAX,12,0,83,0,0,20
-9,12,13,2,11,2475,UA,LAX,12,0,83,0,0,20
1,12,13,2,15,2475,UA,LAX,12,0,83,0,0,20
-8,12,13,2,8,2475,UA,LAX,12,0,83,0,0,20
4,12,13,2,6,2475,UA,LAX,12,0,83,0,0,20
4,12,13,2,9,2475,B6,LAX,12,0,83,0,0,20
-5,12,13,2,20,2475,B6,LAX,12,0,83,0,0,20
5,12,13,2,16,2475,B6,LAX,12,0,83,0,0,20
-4,12,13,2,15,2475,AA,LAX,12,0,83,0,0,20
6,12,13,2,15,2475,DL,LAX,12,0,83,0,0,20
-1,12,13,2,12,2475,DL,LAX,12,0,83,0,0,20
-3,12,13,2,9,2475,DL,LAX,12,0,83,0,0,20
18,12,13,2,17,2475,DL,LAX,12,0,83,0,0,20
4,12,13,2,19,2475,AA,LAX,12,0,83,0,0,20
-5,12,13,2,7,2475,DL,LAX,12,0,83,0,0,20
-7,12,13,2,21,2475,AA,LAX,12,0,83,0,0,20
-2,12,13,2,19,2475,DL,LAX,12,0,83,0,0,20
5,12,13,2,21,2475,DL,LAX,12,0,83,0,0,20
-7,12,13,2,12,2475,AA,LAX,12,0,83,0,0,20
-7,12,13,2,16,2475,AA,LAX,12,0,83,0,0,20
-7,12,13,2,10,2475,AA,LAX,12,0,83,0,0,20
-6,12,13,2,9,2475,AA,LAX,12,0,83,0,0,20
-3,12,13,2,7,2475,AA,LAX,12,0,83,0,0,20
-9,12,13,2,7,2475,B6,LAX,12,0,83,0,0,20
-11,12,13,2,11,2475,B6,LAX,12,0,83,0,0,20
-8,12,24,6,16,2475,AA,LAX,1,-17,22,0,0,24
-7,12,24,6,12,2475,AA,LAX,1,-17,22,0,0,24
1,12,24,6,7,2475,AA,LAX,1,-17,22,0,0,24
2,12,24,6,19,2475,DL,LAX,1,-17,22,0,0,24
-4,12,24,6,16,2475,B6,LAX,1,-17,22,0,0,24
-1,12,24,6,17,2475,DL,LAX,1,-17,22,0,0,24
-5,12,24,6,6,2475,AA,LAX,1,-17,22,0,0,24
-2,12,24,6,11,2475,B6,LAX,1,-17,22,0,0,24
212,12,24,6,13,2475,AA,LAX,1,-17,22,0,0,24
0,12,24,6,20,2475,B6,LAX,1,-17,22,0,0,24
-2,12,24,6,9,2475,DL,LAX,1,-17,22,0,0,24
-10,12,24,6,9,2475,AA,LAX,1,-17,22,0,0,24
-3,12,24,6,15,2475,DL,LAX,1,-17,22,0,0,24
134,12,24,6,6,2475,UA,LAX,1,-17,22,0,0,24
0,12,24,6,15,2475,UA,LAX,1,-17,22,0,0,24
-2,12,24,6,8,2475,UA,LAX,1,-17,22,0,0,24
