2,1,8,6,16,2475,AA,LAX,7,-50,-6,0,0,18
-4,1,8,6,19,2475,DL,LAX,7,-50,-6,0,0,18
19,1,8,6,9,2475,DL,LAX,7,-50,-6,0,0,18
1,1,8,6,12,2475,DL,LAX,7,-50,-6,0,0,18
-6,1,8,6,7,2475,AA,LAX,7,-50,-6,0,0,18
26,1,8,6,21,2475,AA,LAX,7,-50,-6,0,0,18
-3,1,8,6,18,2475,B6,LAX,7,-50,-6,0,0,18
-5,1,8,6,11,2475,AA,LAX,7,-50,-6,0,0,18
-5,1,8,6,7,2475,B6,LAX,7,-50,-6,0,0,18
-4,1,8,6,15,2475,DL,LAX,7,-50,-6,0,0,18
29,1,8,6,19,2475,AA,LAX,7,-50,-6,0,0,18
-5,1,8,6,9,2475,AA,LAX,7,-50,-6,0,0,18
-3,1,8,6,17,2475,DL,LAX,7,-50,-6,0,0,18
-5,1,8,6,6,2475,AA,LAX,7,-50,-6,0,0,18
0,1,8,6,13,2475,AA,LAX,7,-50,-6,0,0,18
-5,1,8,6,15,2475,AA,LAX,7,-50,-6,0,0,18
27,1,8,6,15,2475,UA,LAX,7,-50,-6,0,0,18
1,1,8,6,6,2475,UA,LAX,7,-50,-6,0,0,18
-9,1,8,6,8,2475,UA,LAX,7,-50,-6,0,0,18
-3,1,8,6,11,2475,UA,LAX,7,-50,-6,0,0,18
-3,1,8,6,18,2475,UA,LAX,7,-50,-6,0,0,18
-1,1,11,2,8,2475,UA,LAX,4,-50,-6,64,76,26
-4,1,11,2,11,2475,UA,LAX,4,-50,-6,64,76,26
-1,1,11,2,15,2475,UA,LAX,4,-50,-6,64,76,26
-3,1,11,2,6,2475,UA,LAX,4,-50,-6,64,76,26
-4,1,11,2,20,2475,UA,LAX,4,-50,-6,64,76,26
0,1,11,2,18,2475,UA,LAX,4,-50,-6,64,76,26
-1,1,11,2,18,2475,B6,LAX,4,-50,-6,64,76,26
15,1,11,2,16,2475,AA,LAX,4,-50,-6,64,76,26
-3,1,11,2,7,2475,AA,LAX,4,-50,-6,64,76,26
-4,1,11,2,6,2475,AA,LAX,4,-50,-6,64,76,26
-4,1,11,2,9,2475,AA,LAX,4,-50,-6,64,76,26
-1,1,11,2,21,2475,AA,LAX,4,-50,-6,64,76,26
-3,1,11,2,11,2475,AA,LAX,4,-50,-6,64,76,26
-3,1,11,2,7,2475,B6,LAX,4,-50,-6,64,76,26
-6,1,11,2,10,2475,AA,LAX,4,-50,-6,64,76,26
2,1,11,2,15,2475,DL,LAX,4,-50,-6,64,76,26
1,1,11,2,17,2475,DL,LAX,4,-50,-6,64,76,26
16,1,11,2,15,2475,AA,LAX,4,-50,-6,64,76,26
6,1,11,2,21,2475,DL,LAX,4,-50,-6,64,76,26
6,1,11,2,19,2475,DL,LAX,4,-50,-6,64,76,26
79,1,11,2,19,2475,AA,LAX,4,-50,-6,64,76,26
1,1,11,2,7,2475,DL,LAX,4,-50,-6,64,76,26
-4,1,11,2,9,2475,DL,LAX,4,-50,-6,64,76,26
-5,1,11,2,12,2475,DL,LAX,4,-50,-6,64,76,26
-4,1,19,3,18,2475,B6,LAX,4,17,50,18,0,25
0,1,19,3,17,2475,DL,LAX,4,17,50,18,0,25
0,1,19,3,12,2475,DL,LAX,4,17,50,18,0,25
-6,1,19,3,9,2475,DL,LAX,4,17,50,18,0,25
22,1,19,3,7,2475,DL,LAX,4,17,50,18,0,25
-5,1,19,3,19,2475,DL,LAX,4,17,50,18,0,25
-3,1,19,3,21,2475,DL,LAX,4,17,50,18,0,25
-2,1,19,3,11,2475,AA,LAX,4,17,50,18,0,25
0,1,19,3,10,2475,AA,LAX,4,17,50,18,0,25
0,1,19,3,19,2475,AA,LAX,4,17,50,18,0,25
-6,1,19,3,6,2475,AA,LAX,4,17,50,18,0,25
-4,1,19,3,9,2475,AA,LAX,4,17,50,18,0,25
2,1,19,3,21,2475,AA,LAX,4,17,50,18,0,25
6,1,19,3,16,2475,AA,LAX,4,17,50,18,0,25
-2,1,19,3,7,2475,AA,LAX,4,17,50,18,0,25
126,1,19,3,15,2475,AA,LAX,4,17,50,18,0,25
-3,1,19,3,7,2475,B6,LAX,4,17,50,18,0,25
-4,1,19,3,15,2475,DL,LAX,4,17,50,18,0,25
1,1,19,3,13,2475,AA,LAX,4,17,50,18,0,25
-6,1,19,3,6,2475,UA,LAX,4,17,50,18,0,25
-6,1,19,3,18,2475,UA,LAX,4,17,50,18,0,25
-9,1,19,3,20,2475,UA,LAX,4,17,50,18,0,25
-3,1,19,3,15,2475,UA,LAX,4,17,50,18,0,25
-1,1,19,3,8,2475,UA,LAX,4,17,50,18,0,25
-4,1,19,3,11,2475,UA,LAX,4,17,50,18,0,25
-8,1,22,6,9,2475,DL,LAX,7,-106,-44,0,0,26
-6,1,22,6,19,2475,DL,LAX,7,-106,-44,0,0,26
-4,1,22,6,17,2475,DL,LAX,7,-106,-44,0,0,26
-5,1,22,6,15,2475,DL,LAX,7,-106,-44,0,0,26
65,1,22,6,15,2475,AA,LAX,7,-106,-44,0,0,26
-4,1,22,6,11,2475,AA,LAX,7,-106,-44,0,0,26
-3,1,22,6,7,2475,AA,LAX,7,-106,-44,0,0,26
1,1,22,6,18,2475,B6,LAX,7,-106,-44,0,0,26
28,1,22,6,13,2475,AA,LAX,7,-106,-44,0,0,26
-14,1,22,6,9,2475,AA,LAX,7,-106,-44,0,0,26
-4,1,22,6,21,2475,AA,LAX,7,-106,-44,0,0,26
0,1,22,6,7,2475,B6,LAX,7,-106,-44,0,0,26
-3,1,22,6,6,2475,AA,LAX,7,-106,-44,0,0,26
-4,1,22,6,19,2475,AA,LAX,7,-106,-44,0,0,26
-5,1,22,6,12,2475,DL,LAX,7,-106,-44,0,0,26
49,1,22,6,15,2475,UA,LAX,7,-106,-44,0,0,26
0,1,22,6,6,2475,UA,LAX,7,-106,-44,0,0,26
-6,1,22,6,11,2475,UA,LAX,7,-106,-44,0,0,26
1,1,22,6,8,2475,UA,LAX,7,-106,-44,0,0,26
-7,1,22,6,18,2475,UA,LAX,7,-106,-44,0,0,26
-6,2,7,1,10,2475,AA,LAX,12,22,72,33,0,21
-6,2,7,1,13,2475,AA,LAX,12,22,72,33,0,21
-6,2,7,1,7,2475,AA,LAX,12,22,72,33,0,21
8,2,7,1,16,2475,AA,LAX,12,22,72,33,0,21
-6,2,7,1,19,2475,AA,LAX,12,22,72,33,0,21
68,2,7,1,21,2475,AA,LAX,12,22,72,33,0,21
-8,2,7,1,6,2475,AA,LAX,12,22,72,33,0,21
-1,2,7,1,11,2475,AA,LAX,12,22,72,33,0,21
0,2,7,1,7,2475,B6,LAX,12,22,72,33,0,21
-4,2,7,1,15,2475,B6,LAX,12,22,72,33,0,21
-3,2,7,1,18,2475,B6,LAX,12,22,72,33,0,21
-6,2,7,1,9,2475,AA,LAX,12,22,72,33,0,21
-8,2,7,1,12,2475,DL,LAX,12,22,72,33,0,21
0,2,7,1,9,2475,DL,LAX,12,22,72,33,0,21
-3,2,7,1,7,2475,DL,LAX,12,22,72,33,0,21
-3,2,7,1,19,2475,DL,LAX,12,22,72,33,0,21
-5,2,7,1,21,2475,DL,LAX,12,22,72,33,0,21
-1,2,7,1,17,2475,DL,LAX,12,22,72,33,0,21
-3,2,7,1,15,2475,DL,LAX,12,22,72,33,0,21
-1,2,7,1,20,2475,UA,LAX,12,22,72,33,0,21
-3,2,7,1,6,2475,UA,LAX,12,22,72,33,0,21
-2,2,7,1,11,2475,UA,LAX,12,22,72,33,0,21
-3,2,7,1,15,2475,UA,LAX,12,22,72,33,0,21
-6,2,7,1,18,2475,UA,LAX,12,22,72,33,0,21
-7,2,7,1,8,2475,UA,LAX,12,22,72,33,0,21
0,2,10,4,18,2475,UA,LAX,9,-56,-17,0,0,35
-6,2,10,4,8,2475,UA,LAX,9,-56,-17,0,0,35
-1,2,10,4,15,2475,UA,LAX,9,-56,-17,0,0,35
-3,2,10,4,6,2475,UA,LAX,9,-56,-17,0,0,35
-3,2,10,4,20,2475,UA,LAX,9,-56,-17,0,0,35
-6,2,10,4,11,2475,UA,LAX,9,-56,-17,0,0,35
0,2,10,4,13,2475,AA,LAX,9,-56,-17,0,0,35
-7,2,10,4,12,2475,AA,LAX,9,-56,-17,0,0,35
-8,2,10,4,10,2475,AA,LAX,9,-56,-17,0,0,35
-1,2,10,4,19,2475,AA,LAX,9,-56,-17,0,0,35
-2,2,10,4,7,2475,AA,LAX,9,-56,-17,0,0,35
-3,2,10,4,12,2475,DL,LAX,9,-56,-17,0,0,35
-1,2,10,4,9,2475,DL,LAX,9,-56,-17,0,0,35
-5,2,10,4,7,2475,DL,LAX,9,-56,-17,0,0,35
0,2,10,4,19,2475,DL,LAX,9,-56,-17,0,0,35
-4,2,10,4,21,2475,DL,LAX,9,-56,-17,0,0,35
6,2,10,4,17,2475,DL,LAX,9,-56,-17,0,0,35
62,2,10,4,15,2475,DL,LAX,9,-56,-17,0,0,35
4,2,10,4,21,2475,AA,LAX,9,-56,-17,0,0,35
-8,2,10,4,6,2475,AA,LAX,9,-56,-17,0,0,35
-1,2,10,4,17,2475,AA,LAX,9,-56,-17,0,0,35
-1,2,10,4,7,2475,B6,LAX,9,-56,-17,0,0,35
15,2,10,4,15,2475,B6,LAX,9,-56,-17,0,0,35
16,2,10,4,18,2475,B6,LAX,9,-56,-17,0,0,35
-6,2,10,4,9,2475,AA,LAX,9,-56,-17,0,0,35
36,2,10,4,15,2475,AA,LAX,9,-56,-17,0,0,35
0,2,18,5,7,2475,DL,LAX,1,78,194,0,0,32
-2,2,18,5,7,2475,B6,LAX,1,78,194,0,0,32
3,2,18,5,15,2475,B6,LAX,1,78,194,0,0,32
-3,2,18,5,18,2475,B6,LAX,1,78,194,0,0,32
-3,2,18,5,13,2475,AA,LAX,1,78,194,0,0,32
-4,2,18,5,10,2475,AA,LAX,1,78,194,0,0,32
-4,2,18,5,7,2475,AA,LAX,1,78,194,0,0,32
1,2,18,5,15,2475,AA,LAX,1,78,194,0,0,32
14,2,18,5,21,2475,AA,LAX,1,78,194,0,0,32
-2,2,18,5,21,2475,DL,LAX,1,78,194,0,0,32
133,2,18,5,12,2475,DL,LAX,1,78,194,0,0,32
-5,2,18,5,17,2475,AA,LAX,1,78,194,0,0,32
10,2,18,5,19,2475,DL,LAX,1,78,194,0,0,32
-5,2,18,5,12,2475,AA,LAX,1,78,194,0,0,32
22,2,18,5,6,2475,AA,LAX,1,78,194,0,0,32
26,2,18,5,9,2475,DL,LAX,1,78,194,0,0,32
1,2,18,5,9,2475,AA,LAX,1,78,194,0,0,32
4,2,18,5,19,2475,AA,LAX,1,78,194,0,0,32
61,2,18,5,17,2475,DL,LAX,1,78,194,0,0,32
-4,2,18,5,15,2475,DL,LAX,1,78,194,0,0,32
-2,2,18,5,8,2475,UA,LAX,1,78,194,0,0,32
19,2,18,5,20,2475,UA,LAX,1,78,194,0,0,32
-3,2,18,5,6,2475,UA,LAX,1,78,194,0,0,32
-3,2,18,5,18,2475,UA,LAX,1,78,194,0,0,32
-1,2,18,5,15,2475,UA,LAX,1,78,194,0,0,32
-3,2,18,5,11,2475,UA,LAX,1,78,194,0,0,32
-5,2,21,1,8,2475,UA,LAX,2,-44,28,86,81,37
-2,2,21,1,20,2475,UA,LAX,2,-44,28,86,81,37
1,2,21,1,9,2475,DL,LAX,2,-44,28,86,81,37
1,2,21,1,21,2475,DL,LAX,2,-44,28,86,81,37
-4,2,21,1,18,2475,UA,LAX,2,-44,28,86,81,37
-1,2,21,1,19,2475,DL,LAX,2,-44,28,86,81,37
-2,2,21,1,7,2475,DL,LAX,2,-44,28,86,81,37
-4,2,21,1,6,2475,UA,LAX,2,-44,28,86,81,37
-7,2,21,1,15,2475,UA,LAX,2,-44,28,86,81,37
0,2,21,1,12,2475,DL,LAX,2,-44,28,86,81,37
1,2,21,1,11,2475,UA,LAX,2,-44,28,86,81,37
-5,2,21,1,13,2475,AA,LAX,2,-44,28,86,81,37
-1,2,21,1,7,2475,B6,LAX,2,-44,28,86,81,37
-3,2,21,1,10,2475,AA,LAX,2,-44,28,86,81,37
3,2,21,1,21,2475,AA,LAX,2,-44,28,86,81,37
-5,2,21,1,12,2475,AA,LAX,2,-44,28,86,81,37
-3,2,21,1,15,2475,B6,LAX,2,-44,28,86,81,37
-2,2,21,1,6,2475,AA,LAX,2,-44,28,86,81,37
-2,2,21,1,18,2475,B6,LAX,2,-44,28,86,81,37
45,2,21,1,9,2475,AA,LAX,2,-44,28,86,81,37
33,2,21,1,7,2475,AA,LAX,2,-44,28,86,81,37
-6,2,21,1,17,2475,DL,LAX,2,-44,28,86,81,37
8,2,21,1,19,2475,AA,LAX,2,-44,28,86,81,37
-3,2,21,1,15,2475,AA,LAX,2,-44,28,86,81,37
19,2,21,1,15,2475,DL,LAX,2,-44,28,86,81,37
-1,2,21,1,17,2475,AA,LAX,2,-44,28,86,81,37
-3,3,6,7,11,2475,UA,LAX,15,100,122,513,0,38
-5,3,6,7,6,2475,UA,LAX,15,100,122,513,0,38
73,3,6,7,18,2475,UA,LAX,15,100,122,513,0,38
-2,3,6,7,15,2475,UA,LAX,15,100,122,513,0,38
115,3,6,7,20,2475,UA,LAX,15,100,122,513,0,38
1,3,6,7,8,2475,UA,LAX,15,100,122,513,0,38
-3,3,6,7,11,2475,UA,LAX,15,100,122,513,0,38
-5,3,6,7,6,2475,UA,LAX,15,100,122,513,0,38
73,3,6,7,18,2475,UA,LAX,15,100,122,513,0,38
-2,3,6,7,15,2475,UA,LAX,15,100,122,513,0,38
115,3,6,7,20,2475,UA,LAX,15,100,122,513,0,38
1,3,6,7,8,2475,UA,LAX,15,100,122,513,0,38
-3,3,6,7,11,2475,UA,LAX,15,100,122,513,0,38
-5,3,6,7,6,2475,UA,LAX,15,100,122,513,0,38
73,3,6,7,18,2475,UA,LAX,15,100,122,513,0,38
-2,3,6,7,15,2475,UA,LAX,15,100,122,513,0,38
115,3,6,7,20,2475,UA,LAX,15,100,122,513,0,38
1,3,6,7,8,2475,UA,LAX,15,100,122,513,0,38
-6,3,6,7,15,2475,DL,LAX,15,100,122,513,0,38
-5,3,6,7,12,2475,DL,LAX,15,100,122,513,0,38
-2,3,6,7,9,2475,DL,LAX,15,100,122,513,0,38
1,3,6,7,19,2475,DL,LAX,15,100,122,513,0,38
23,3,6,7,21,2475,DL,LAX,15,100,122,513,0,38
-3,3,6,7,17,2475,DL,LAX,15,100,122,513,0,38
-6,3,6,7,12,2475,AA,LAX,15,100,122,513,0,38
-7,3,6,7,13,2475,AA,LAX,15,100,122,513,0,38
12,3,6,7,17,2475,AA,LAX,15,100,122,513,0,38
147,3,6,7,15,2475,AA,LAX,15,100,122,513,0,38
-7,3,6,7,10,2475,AA,LAX,15,100,122,513,0,38
178,3,6,7,21,2475,AA,LAX,15,100,122,513,0,38
-6,3,6,7,7,2475,AA,LAX,15,100,122,513,0,38
250,3,6,7,19,2475,AA,LAX,15,100,122,513,0,38
-9,3,6,7,6,2475,AA,LAX,15,100,122,513,0,38
1,3,6,7,9,2475,AA,LAX,15,100,122,513,0,38
66,3,6,7,18,2475,B6,LAX,15,100,122,513,0,38
1,3,6,7,9,2475,AA,LAX,15,100,122,513,0,38
12,3,6,7,17,2475,AA,LAX,15,100,122,513,0,38
178,3,6,7,21,2475,AA,LAX,15,100,122,513,0,38
-7,3,6,7,10,2475,AA,LAX,15,100,122,513,0,38
-7,3,6,7,13,2475,AA,LAX,15,100,122,513,0,38
147,3,6,7,15,2475,AA,LAX,15,100,122,513,0,38
-6,3,6,7,12,2475,AA,LAX,15,100,122,513,0,38
-6,3,6,7,7,2475,AA,LAX,15,100,122,513,0,38
-9,3,6,7,6,2475,AA,LAX,15,100,122,513,0,38
-3,3,6,7,7,2475,B6,LAX,15,100,122,513,0,38
-7,3,6,7,15,2475,B6,LAX,15,100,122,513,0,38
250,3,6,7,19,2475,AA,LAX,15,100,122,513,0,38
1,3,6,7,19,2475,DL,LAX,15,100,122,513,0,38
23,3,6,7,21,2475,DL,LAX,15,100,122,513,0,38
-3,3,6,7,17,2475,DL,LAX,15,100,122,513,0,38
-6,3,6,7,15,2475,DL,LAX,15,100,122,513,0,38
-3,3,6,7,7,2475,B6,LAX,15,100,122,513,0,38
-7,3,6,7,15,2475,B6,LAX,15,100,122,513,0,38
66,3,6,7,18,2475,B6,LAX,15,100,122,513,0,38
-5,3,6,7,12,2475,DL,LAX,15,100,122,513,0,38
-2,3,6,7,9,2475,DL,LAX,15,100,122,513,0,38
147,3,6,7,15,2475,AA,LAX,15,100,122,513,0,38
-7,3,6,7,15,2475,B6,LAX,15,100,122,513,0,38
12,3,6,7,17,2475,AA,LAX,15,100,122,513,0,38
-3,3,6,7,7,2475,B6,LAX,15,100,122,513,0,38
178,3,6,7,21,2475,AA,LAX,15,100,122,513,0,38
-6,3,6,7,12,2475,AA,LAX,15,100,122,513,0,38
-9,3,6,7,6,2475,AA,LAX,15,100,122,513,0,38
-7,3,6,7,10,2475,AA,LAX,15,100,122,513,0,38
250,3,6,7,19,2475,AA,LAX,15,100,122,513,0,38
-5,3,6,7,12,2475,DL,LAX,15,100,122,513,0,38
-2,3,6,7,9,2475,DL,LAX,15,100,122,513,0,38
1,3,6,7,19,2475,DL,LAX,15,100,122,513,0,38
23,3,6,7,21,2475,DL,LAX,15,100,122,513,0,38
-3,3,6,7,17,2475,DL,LAX,15,100,122,513,0,38
-6,3,6,7,15,2475,DL,LAX,15,100,122,513,0,38
-6,3,6,7,7,2475,AA,LAX,15,100,122,513,0,38
1,3,6,7,9,2475,AA,LAX,15,100,122,513,0,38
-7,3,6,7,13,2475,AA,LAX,15,100,122,513,0,38
66,3,6,7,18,2475,B6,LAX,15,100,122,513,0,38
-4,3,17,4,12,2475,DL,LAX,26,67,183,0,0,25
-3,3,17,4,15,2475,DL,LAX,26,67,183,0,0,25
-3,3,17,4,9,2475,DL,LAX,26,67,183,0,0,25
-4,3,17,4,17,2475,DL,LAX,26,67,183,0,0,25
-2,3,17,4,7,2475,B6,LAX,26,67,183,0,0,25
-5,3,17,4,7,2475,DL,LAX,26,67,183,0,0,25
-5,3,17,4,19,2475,DL,LAX,26,67,183,0,0,25
-4,3,17,4,21,2475,DL,LAX,26,67,183,0,0,25
-3,3,17,4,15,2475,B6,LAX,26,67,183,0,0,25
-5,3,17,4,18,2475,B6,LAX,26,67,183,0,0,25
-7,3,17,4,21,2475,AA,LAX,26,67,183,0,0,25
-5,3,17,4,18,2475,B6,LAX,26,67,183,0,0,25
-3,3,17,4,15,2475,B6,LAX,26,67,183,0,0,25
-2,3,17,4,7,2475,B6,LAX,26,67,183,0,0,25
4,3,17,4,12,2475,AA,LAX,26,67,183,0,0,25
-1,3,17,4,17,2475,AA,LAX,26,67,183,0,0,25
-4,3,17,4,9,2475,AA,LAX,26,67,183,0,0,25
-3,3,17,4,13,2475,AA,LAX,26,67,183,0,0,25
7,3,17,4,15,2475,AA,LAX,26,67,183,0,0,25
1,3,17,4,7,2475,AA,LAX,26,67,183,0,0,25
-5,3,17,4,10,2475,AA,LAX,26,67,183,0,0,25
-4,3,17,4,6,2475,AA,LAX,26,67,183,0,0,25
-3,3,17,4,19,2475,AA,LAX,26,67,183,0,0,25
-8,3,17,4,15,2475,UA,LAX,26,67,183,0,0,25
-7,3,17,4,18,2475,UA,LAX,26,67,183,0,0,25
-1,3,17,4,8,2475,UA,LAX,26,67,183,0,0,25
-2,3,17,4,11,2475,UA,LAX,26,67,183,0,0,25
-7,3,17,4,20,2475,UA,LAX,26,67,183,0,0,25
0,3,17,4,6,2475,UA,LAX,26,67,183,0,0,25
-8,3,17,4,15,2475,UA,LAX,26,67,183,0,0,25
-7,3,17,4,18,2475,UA,LAX,26,67,183,0,0,25
-1,3,17,4,8,2475,UA,LAX,26,67,183,0,0,25
-2,3,17,4,11,2475,UA,LAX,26,67,183,0,0,25
-7,3,17,4,20,2475,UA,LAX,26,67,183,0,0,25
0,3,17,4,6,2475,UA,LAX,26,67,183,0,0,25
-8,3,17,4,15,2475,UA,LAX,26,67,183,0,0,25
-7,3,17,4,18,2475,UA,LAX,26,67,183,0,0,25
-1,3,17,4,8,2475,UA,LAX,26,67,183,0,0,25
-2,3,17,4,11,2475,UA,LAX,26,67,183,0,0,25
-7,3,17,4,20,2475,UA,LAX,26,67,183,0,0,25
0,3,17,4,6,2475,UA,LAX,26,67,183,0,0,25
-4,3,17,4,12,2475,DL,LAX,26,67,183,0,0,25
-3,3,17,4,19,2475,AA,LAX,26,67,183,0,0,25
-5,3,17,4,7,2475,DL,LAX,26,67,183,0,0,25
-3,3,17,4,15,2475,B6,LAX,26,67,183,0,0,25
-3,3,17,4,13,2475,AA,LAX,26,67,183,0,0,25
-1,3,17,4,17,2475,AA,LAX,26,67,183,0,0,25
-5,3,17,4,19,2475,DL,LAX,26,67,183,0,0,25
1,3,17,4,7,2475,AA,LAX,26,67,183,0,0,25
-4,3,17,4,9,2475,AA,LAX,26,67,183,0,0,25
-7,3,17,4,21,2475,AA,LAX,26,67,183,0,0,25
-2,3,17,4,7,2475,B6,LAX,26,67,183,0,0,25
-4,3,17,4,6,2475,AA,LAX,26,67,183,0,0,25
7,3,17,4,15,2475,AA,LAX,26,67,183,0,0,25
4,3,17,4,12,2475,AA,LAX,26,67,183,0,0,25
-4,3,17,4,17,2475,DL,LAX,26,67,183,0,0,25
-4,3,17,4,21,2475,DL,LAX,26,67,183,0,0,25
-5,3,17,4,18,2475,B6,LAX,26,67,183,0,0,25
-5,3,17,4,10,2475,AA,LAX,26,67,183,0,0,25
-3,3,17,4,9,2475,DL,LAX,26,67,183,0,0,25
-3,3,17,4,15,2475,DL,LAX,26,67,183,0,0,25
-4,3,17,4,12,2475,DL,LAX,26,67,183,0,0,25
-3,3,17,4,9,2475,DL,LAX,26,67,183,0,0,25
-3,3,17,4,15,2475,DL,LAX,26,67,183,0,0,25
-4,3,17,4,21,2475,DL,LAX,26,67,183,0,0,25
-5,3,17,4,19,2475,DL,LAX,26,67,183,0,0,25
-5,3,17,4,7,2475,DL,LAX,26,67,183,0,0,25
-4,3,17,4,17,2475,DL,LAX,26,67,183,0,0,25
-3,3,17,4,19,2475,AA,LAX,26,67,183,0,0,25
-1,3,17,4,17,2475,AA,LAX,26,67,183,0,0,25
-4,3,17,4,9,2475,AA,LAX,26,67,183,0,0,25
4,3,17,4,12,2475,AA,LAX,26,67,183,0,0,25
1,3,17,4,7,2475,AA,LAX,26,67,183,0,0,25
-5,3,17,4,10,2475,AA,LAX,26,67,183,0,0,25
-7,3,17,4,21,2475,AA,LAX,26,67,183,0,0,25
-3,3,17,4,13,2475,AA,LAX,26,67,183,0,0,25
-4,3,17,4,6,2475,AA,LAX,26,67,183,0,0,25
7,3,17,4,15,2475,AA,LAX,26,67,183,0,0,25
17,3,20,7,21,2475,DL,LAX,29,11,106,0,0,29
-4,3,20,7,19,2475,DL,LAX,29,11,106,0,0,29
-5,3,20,7,17,2475,DL,LAX,29,11,106,0,0,29
-4,3,20,7,9,2475,DL,LAX,29,11,106,0,0,29
-5,3,20,7,12,2475,DL,LAX,29,11,106,0,0,29
-4,3,20,7,15,2475,DL,LAX,29,11,106,0,0,29
-4,3,20,7,19,2475,DL,LAX,29,11,106,0,0,29
17,3,20,7,21,2475,DL,LAX,29,11,106,0,0,29
-4,3,20,7,15,2475,DL,LAX,29,11,106,0,0,29
-4,3,20,7,9,2475,AA,LAX,29,11,106,0,0,29
-4,3,20,7,12,2475,AA,LAX,29,11,106,0,0,29
0,3,20,7,10,2475,AA,LAX,29,11,106,0,0,29
-5,3,20,7,19,2475,AA,LAX,29,11,106,0,0,29
-6,3,20,7,7,2475,AA,LAX,29,11,106,0,0,29
174,3,20,7,13,2475,AA,LAX,29,11,106,0,0,29
-5,3,20,7,15,2475,AA,LAX,29,11,106,0,0,29
49,3,20,7,17,2475,AA,LAX,29,11,106,0,0,29
2,3,20,7,21,2475,AA,LAX,29,11,106,0,0,29
-6,3,20,7,6,2475,AA,LAX,29,11,106,0,0,29
-6,3,20,7,7,2475,B6,LAX,29,11,106,0,0,29
55,3,20,7,15,2475,B6,LAX,29,11,106,0,0,29
0,3,20,7,18,2475,B6,LAX,29,11,106,0,0,29
-5,3,20,7,12,2475,DL,LAX,29,11,106,0,0,29
-4,3,20,7,9,2475,DL,LAX,29,11,106,0,0,29
-5,3,20,7,17,2475,DL,LAX,29,11,106,0,0,29
-4,3,20,7,11,2475,UA,LAX,29,11,106,0,0,29
-5,3,20,7,6,2475,UA,LAX,29,11,106,0,0,29
-6,3,20,7,20,2475,UA,LAX,29,11,106,0,0,29
-4,3,20,7,8,2475,UA,LAX,29,11,106,0,0,29
-5,3,20,7,15,2475,UA,LAX,29,11,106,0,0,29
3,3,20,7,18,2475,UA,LAX,29,11,106,0,0,29
-4,3,20,7,9,2475,DL,LAX,29,11,106,0,0,29
-6,3,20,7,7,2475,B6,LAX,29,11,106,0,0,29
55,3,20,7,15,2475,B6,LAX,29,11,106,0,0,29
0,3,20,7,18,2475,B6,LAX,29,11,106,0,0,29
-5,3,20,7,12,2475,DL,LAX,29,11,106,0,0,29
-4,3,20,7,15,2475,DL,LAX,29,11,106,0,0,29
17,3,20,7,21,2475,DL,LAX,29,11,106,0,0,29
-4,3,20,7,19,2475,DL,LAX,29,11,106,0,0,29
-5,3,20,7,17,2475,DL,LAX,29,11,106,0,0,29
-4,3,20,7,11,2475,UA,LAX,29,11,106,0,0,29
-5,3,20,7,6,2475,UA,LAX,29,11,106,0,0,29
-6,3,20,7,20,2475,UA,LAX,29,11,106,0,0,29
-4,3,20,7,8,2475,UA,LAX,29,11,106,0,0,29
-5,3,20,7,15,2475,UA,LAX,29,11,106,0,0,29
3,3,20,7,18,2475,UA,LAX,29,11,106,0,0,29
174,3,20,7,13,2475,AA,LAX,29,11,106,0,0,29
-6,3,20,7,6,2475,AA,LAX,29,11,106,0,0,29
-4,3,20,7,12,2475,AA,LAX,29,11,106,0,0,29
0,3,20,7,10,2475,AA,LAX,29,11,106,0,0,29
-5,3,20,7,19,2475,AA,LAX,29,11,106,0,0,29
-5,3,20,7,15,2475,AA,LAX,29,11,106,0,0,29
0,3,20,7,18,2475,B6,LAX,29,11,106,0,0,29
55,3,20,7,15,2475,B6,LAX,29,11,106,0,0,29
2,3,20,7,21,2475,AA,LAX,29,11,106,0,0,29
-6,3,20,7,7,2475,B6,LAX,29,11,106,0,0,29
49,3,20,7,17,2475,AA,LAX,29,11,106,0,0,29
-4,3,20,7,9,2475,AA,LAX,29,11,106,0,0,29
-6,3,20,7,7,2475,AA,LAX,29,11,106,0,0,29
-4,3,20,7,11,2475,UA,LAX,29,11,106,0,0,29
-5,3,20,7,6,2475,UA,LAX,29,11,106,0,0,29
-6,3,20,7,20,2475,UA,LAX,29,11,106,0,0,29
-4,3,20,7,8,2475,UA,LAX,29,11,106,0,0,29
-5,3,20,7,15,2475,UA,LAX,29,11,106,0,0,29
3,3,20,7,18,2475,UA,LAX,29,11,106,0,0,29
2,3,20,7,21,2475,AA,LAX,29,11,106,0,0,29
-4,3,20,7,9,2475,AA,LAX,29,11,106,0,0,29
49,3,20,7,17,2475,AA,LAX,29,11,106,0,0,29
-6,3,20,7,6,2475,AA,LAX,29,11,106,0,0,29
174,3,20,7,13,2475,AA,LAX,29,11,106,0,0,29
-5,3,20,7,19,2475,AA,LAX,29,11,106,0,0,29
-4,3,20,7,12,2475,AA,LAX,29,11,106,0,0,29
-5,3,20,7,15,2475,AA,LAX,29,11,106,0,0,29
0,3,20,7,10,2475,AA,LAX,29,11,106,0,0,29
-6,3,20,7,7,2475,AA,LAX,29,11,106,0,0,29
-8,3,28,1,21,2475,AA,LAX,37,-33,72,0,0,42
-6,3,28,1,15,2475,AA,LAX,37,-33,72,0,0,42
2,3,28,1,13,2475,AA,LAX,37,-33,72,0,0,42
-1,3,28,1,18,2475,B6,LAX,37,-33,72,0,0,42
46,3,28,1,15,2475,B6,LAX,37,-33,72,0,0,42
-5,3,28,1,7,2475,B6,LAX,37,-33,72,0,0,42
38,3,28,1,17,2475,AA,LAX,37,-33,72,0,0,42
16,3,28,1,9,2475,AA,LAX,37,-33,72,0,0,42
-2,3,28,1,7,2475,AA,LAX,37,-33,72,0,0,42
-1,3,28,1,19,2475,AA,LAX,37,-33,72,0,0,42
-5,3,28,1,6,2475,AA,LAX,37,-33,72,0,0,42
-5,3,28,1,10,2475,AA,LAX,37,-33,72,0,0,42
2,3,28,1,12,2475,AA,LAX,37,-33,72,0,0,42
-5,3,28,1,10,2475,AA,LAX,37,-33,72,0,0,42
-6,3,28,1,15,2475,AA,LAX,37,-33,72,0,0,42
38,3,28,1,17,2475,AA,LAX,37,-33,72,0,0,42
-5,3,28,1,6,2475,AA,LAX,37,-33,72,0,0,42
16,3,28,1,9,2475,AA,LAX,37,-33,72,0,0,42
-2,3,28,1,7,2475,AA,LAX,37,-33,72,0,0,42
-1,3,28,1,19,2475,AA,LAX,37,-33,72,0,0,42
-8,3,28,1,21,2475,AA,LAX,37,-33,72,0,0,42
2,3,28,1,12,2475,AA,LAX,37,-33,72,0,0,42
2,3,28,1,13,2475,AA,LAX,37,-33,72,0,0,42
7,3,28,1,20,2475,UA,LAX,37,-33,72,0,0,42
-4,3,28,1,6,2475,UA,LAX,37,-33,72,0,0,42
-2,3,28,1,15,2475,UA,LAX,37,-33,72,0,0,42
-2,3,28,1,8,2475,UA,LAX,37,-33,72,0,0,42
4,3,28,1,11,2475,UA,LAX,37,-33,72,0,0,42
29,3,28,1,17,2475,UA,LAX,37,-33,72,0,0,42
-3,3,28,1,15,2475,DL,LAX,37,-33,72,0,0,42
-1,3,28,1,9,2475,DL,LAX,37,-33,72,0,0,42
-2,3,28,1,12,2475,DL,LAX,37,-33,72,0,0,42
46,3,28,1,15,2475,B6,LAX,37,-33,72,0,0,42
-5,3,28,1,7,2475,B6,LAX,37,-33,72,0,0,42
-1,3,28,1,18,2475,B6,LAX,37,-33,72,0,0,42
-5,3,28,1,7,2475,DL,LAX,37,-33,72,0,0,42
-2,3,28,1,17,2475,DL,LAX,37,-33,72,0,0,42
24,3,28,1,19,2475,DL,LAX,37,-33,72,0,0,42
-4,3,28,1,21,2475,DL,LAX,37,-33,72,0,0,42
7,3,28,1,20,2475,UA,LAX,37,-33,72,0,0,42
-4,3,28,1,6,2475,UA,LAX,37,-33,72,0,0,42
-2,3,28,1,15,2475,UA,LAX,37,-33,72,0,0,42
-2,3,28,1,8,2475,UA,LAX,37,-33,72,0,0,42
4,3,28,1,11,2475,UA,LAX,37,-33,72,0,0,42
29,3,28,1,17,2475,UA,LAX,37,-33,72,0,0,42
-5,3,28,1,7,2475,DL,LAX,37,-33,72,0,0,42
-2,3,28,1,12,2475,DL,LAX,37,-33,72,0,0,42
-1,3,28,1,9,2475,DL,LAX,37,-33,72,0,0,42
-2,3,28,1,17,2475,DL,LAX,37,-33,72,0,0,42
24,3,28,1,19,2475,DL,LAX,37,-33,72,0,0,42
-4,3,28,1,21,2475,DL,LAX,37,-33,72,0,0,42
-3,3,28,1,15,2475,DL,LAX,37,-33,72,0,0,42
-1,3,28,1,19,2475,AA,LAX,37,-33,72,0,0,42
-3,3,28,1,15,2475,DL,LAX,37,-33,72,0,0,42
-5,3,28,1,10,2475,AA,LAX,37,-33,72,0,0,42
2,3,28,1,12,2475,AA,LAX,37,-33,72,0,0,42
16,3,28,1,9,2475,AA,LAX,37,-33,72,0,0,42
-5,3,28,1,7,2475,B6,LAX,37,-33,72,0,0,42
46,3,28,1,15,2475,B6,LAX,37,-33,72,0,0,42
-1,3,28,1,18,2475,B6,LAX,37,-33,72,0,0,42
-4,3,28,1,21,2475,DL,LAX,37,-33,72,0,0,42
24,3,28,1,19,2475,DL,LAX,37,-33,72,0,0,42
-2,3,28,1,17,2475,DL,LAX,37,-33,72,0,0,42
-5,3,28,1,7,2475,DL,LAX,37,-33,72,0,0,42
-1,3,28,1,9,2475,DL,LAX,37,-33,72,0,0,42
-8,3,28,1,21,2475,AA,LAX,37,-33,72,0,0,42
-2,3,28,1,12,2475,DL,LAX,37,-33,72,0,0,42
-5,3,28,1,6,2475,AA,LAX,37,-33,72,0,0,42
38,3,28,1,17,2475,AA,LAX,37,-33,72,0,0,42
-6,3,28,1,15,2475,AA,LAX,37,-33,72,0,0,42
2,3,28,1,13,2475,AA,LAX,37,-33,72,0,0,42
-2,3,28,1,7,2475,AA,LAX,37,-33,72,0,0,42
7,3,28,1,20,2475,UA,LAX,37,-33,72,0,0,42
-4,3,28,1,6,2475,UA,LAX,37,-33,72,0,0,42
-2,3,28,1,15,2475,UA,LAX,37,-33,72,0,0,42
-2,3,28,1,8,2475,UA,LAX,37,-33,72,0,0,42
4,3,28,1,11,2475,UA,LAX,37,-33,72,0,0,42
29,3,28,1,17,2475,UA,LAX,37,-33,72,0,0,42
0,3,31,4,11,2475,UA,LAX,40,28,61,33,0,48
0,3,31,4,6,2475,UA,LAX,40,28,61,33,0,48
2,3,31,4,15,2475,UA,LAX,40,28,61,33,0,48
-4,3,31,4,8,2475,UA,LAX,40,28,61,33,0,48
27,3,31,4,20,2475,UA,LAX,40,28,61,33,0,48
0,3,31,4,17,2475,UA,LAX,40,28,61,33,0,48
0,3,31,4,21,2475,DL,LAX,40,28,61,33,0,48
-1,3,31,4,9,2475,DL,LAX,40,28,61,33,0,48
-1,3,31,4,15,2475,DL,LAX,40,28,61,33,0,48
-4,3,31,4,17,2475,DL,LAX,40,28,61,33,0,48
-5,3,31,4,12,2475,DL,LAX,40,28,61,33,0,48
-4,3,31,4,7,2475,DL,LAX,40,28,61,33,0,48
-6,3,31,4,19,2475,DL,LAX,40,28,61,33,0,48
0,3,31,4,11,2475,UA,LAX,40,28,61,33,0,48
0,3,31,4,6,2475,UA,LAX,40,28,61,33,0,48
2,3,31,4,15,2475,UA,LAX,40,28,61,33,0,48
-4,3,31,4,8,2475,UA,LAX,40,28,61,33,0,48
27,3,31,4,20,2475,UA,LAX,40,28,61,33,0,48
0,3,31,4,17,2475,UA,LAX,40,28,61,33,0,48
0,3,31,4,21,2475,DL,LAX,40,28,61,33,0,48
-7,3,31,4,7,2475,B6,LAX,40,28,61,33,0,48
-2,3,31,4,15,2475,B6,LAX,40,28,61,33,0,48
-3,3,31,4,18,2475,B6,LAX,40,28,61,33,0,48
-6,3,31,4,19,2475,DL,LAX,40,28,61,33,0,48
-4,3,31,4,7,2475,DL,LAX,40,28,61,33,0,48
-4,3,31,4,17,2475,DL,LAX,40,28,61,33,0,48
-1,3,31,4,9,2475,DL,LAX,40,28,61,33,0,48
-5,3,31,4,12,2475,DL,LAX,40,28,61,33,0,48
-1,3,31,4,15,2475,DL,LAX,40,28,61,33,0,48
0,3,31,4,11,2475,UA,LAX,40,28,61,33,0,48
0,3,31,4,6,2475,UA,LAX,40,28,61,33,0,48
2,3,31,4,15,2475,UA,LAX,40,28,61,33,0,48
-4,3,31,4,8,2475,UA,LAX,40,28,61,33,0,48
27,3,31,4,20,2475,UA,LAX,40,28,61,33,0,48
0,3,31,4,17,2475,UA,LAX,40,28,61,33,0,48
-3,3,31,4,6,2475,AA,LAX,40,28,61,33,0,48
0,3,31,4,15,2475,AA,LAX,40,28,61,33,0,48
-5,3,31,4,9,2475,AA,LAX,40,28,61,33,0,48
-7,3,31,4,12,2475,AA,LAX,40,28,61,33,0,48
0,3,31,4,10,2475,AA,LAX,40,28,61,33,0,48
-2,3,31,4,15,2475,B6,LAX,40,28,61,33,0,48
-7,3,31,4,7,2475,B6,LAX,40,28,61,33,0,48
8,3,31,4,19,2475,AA,LAX,40,28,61,33,0,48
3,3,31,4,21,2475,AA,LAX,40,28,61,33,0,48
5,3,31,4,7,2475,AA,LAX,40,28,61,33,0,48
-4,3,31,4,17,2475,AA,LAX,40,28,61,33,0,48
66,3,31,4,13,2475,AA,LAX,40,28,61,33,0,48
-3,3,31,4,18,2475,B6,LAX,40,28,61,33,0,48
-3,3,31,4,6,2475,AA,LAX,40,28,61,33,0,48
-4,3,31,4,17,2475,AA,LAX,40,28,61,33,0,48
0,3,31,4,15,2475,AA,LAX,40,28,61,33,0,48
-5,3,31,4,9,2475,AA,LAX,40,28,61,33,0,48
5,3,31,4,7,2475,AA,LAX,40,28,61,33,0,48
8,3,31,4,19,2475,AA,LAX,40,28,61,33,0,48
3,3,31,4,21,2475,AA,LAX,40,28,61,33,0,48
0,3,31,4,10,2475,AA,LAX,40,28,61,33,0,48
66,3,31,4,13,2475,AA,LAX,40,28,61,33,0,48
-7,3,31,4,12,2475,AA,LAX,40,28,61,33,0,48
-5,3,31,4,12,2475,DL,LAX,40,28,61,33,0,48
-1,3,31,4,9,2475,DL,LAX,40,28,61,33,0,48
-4,3,31,4,17,2475,DL,LAX,40,28,61,33,0,48
-4,3,31,4,7,2475,DL,LAX,40,28,61,33,0,48
-6,3,31,4,19,2475,DL,LAX,40,28,61,33,0,48
0,3,31,4,21,2475,DL,LAX,40,28,61,33,0,48
-1,3,31,4,15,2475,DL,LAX,40,28,61,33,0,48
-3,3,31,4,18,2475,B6,LAX,40,28,61,33,0,48
-2,3,31,4,15,2475,B6,LAX,40,28,61,33,0,48
-7,3,31,4,7,2475,B6,LAX,40,28,61,33,0,48
-3,3,31,4,6,2475,AA,LAX,40,28,61,33,0,48
3,3,31,4,21,2475,AA,LAX,40,28,61,33,0,48
-4,3,31,4,17,2475,AA,LAX,40,28,61,33,0,48
0,3,31,4,15,2475,AA,LAX,40,28,61,33,0,48
66,3,31,4,13,2475,AA,LAX,40,28,61,33,0,48
5,3,31,4,7,2475,AA,LAX,40,28,61,33,0,48
8,3,31,4,19,2475,AA,LAX,40,28,61,33,0,48
0,3,31,4,10,2475,AA,LAX,40,28,61,33,0,48
-7,3,31,4,12,2475,AA,LAX,40,28,61,33,0,48
-5,3,31,4,9,2475,AA,LAX,40,28,61,33,0,48
-8,4,5,2,11,2475,UA,LAX,45,50,194,41,0,47
-3,4,5,2,15,2475,UA,LAX,45,50,194,41,0,47
26,4,5,2,18,2475,UA,LAX,45,50,194,41,0,47
44,4,5,2,20,2475,UA,LAX,45,50,194,41,0,47
-5,4,5,2,6,2475,UA,LAX,45,50,194,41,0,47
-6,4,5,2,8,2475,UA,LAX,45,50,194,41,0,47
25,4,5,2,7,2475,AA,LAX,45,50,194,41,0,47
50,4,5,2,15,2475,AA,LAX,45,50,194,41,0,47
-3,4,5,2,19,2475,DL,LAX,45,50,194,41,0,47
108,4,5,2,7,2475,B6,LAX,45,50,194,41,0,47
-4,4,5,2,13,2475,AA,LAX,45,50,194,41,0,47
0,4,5,2,21,2475,DL,LAX,45,50,194,41,0,47
0,4,5,2,9,2475,AA,LAX,45,50,194,41,0,47
-7,4,5,2,12,2475,AA,LAX,45,50,194,41,0,47
-1,4,5,2,18,2475,B6,LAX,45,50,194,41,0,47
-5,4,5,2,16,2475,B6,LAX,45,50,194,41,0,47
48,4,5,2,21,2475,AA,LAX,45,50,194,41,0,47
-3,4,5,2,12,2475,DL,LAX,45,50,194,41,0,47
-3,4,5,2,17,2475,DL,LAX,45,50,194,41,0,47
-9,4,5,2,6,2475,AA,LAX,45,50,194,41,0,47
-7,4,5,2,10,2475,AA,LAX,45,50,194,41,0,47
-5,4,5,2,9,2475,DL,LAX,45,50,194,41,0,47
-3,4,5,2,7,2475,DL,LAX,45,50,194,41,0,47
50,4,5,2,19,2475,AA,LAX,45,50,194,41,0,47
-3,4,5,2,15,2475,DL,LAX,45,50,194,41,0,47
-5,4,16,6,6,2475,UA,LAX,42,50,128,368,0,55
-3,4,16,6,11,2475,UA,LAX,42,50,128,368,0,55
-4,4,16,6,15,2475,UA,LAX,42,50,128,368,0,55
41,4,16,6,18,2475,UA,LAX,42,50,128,368,0,55
-1,4,16,6,8,2475,UA,LAX,42,50,128,368,0,55
-8,4,16,6,6,2475,AA,LAX,42,50,128,368,0,55
8,4,16,6,9,2475,AA,LAX,42,50,128,368,0,55
57,4,16,6,12,2475,AA,LAX,42,50,128,368,0,55
-1,4,16,6,17,2475,DL,LAX,42,50,128,368,0,55
153,4,16,6,19,2475,DL,LAX,42,50,128,368,0,55
-2,4,16,6,15,2475,DL,LAX,42,50,128,368,0,55
-5,4,16,6,13,2475,AA,LAX,42,50,128,368,0,55
145,4,16,6,21,2475,AA,LAX,42,50,128,368,0,55
-2,4,16,6,12,2475,DL,LAX,42,50,128,368,0,55
3,4,16,6,19,2475,AA,LAX,42,50,128,368,0,55
-1,4,16,6,18,2475,B6,LAX,42,50,128,368,0,55
-2,4,16,6,16,2475,B6,LAX,42,50,128,368,0,55
106,4,16,6,9,2475,DL,LAX,42,50,128,368,0,55
-1,4,16,6,15,2475,AA,LAX,42,50,128,368,0,55
8,4,16,6,16,2475,AA,LAX,42,50,128,368,0,55
4,4,16,6,7,2475,AA,LAX,42,50,128,368,0,55
29,4,27,3,15,2475,UA,LAX,31,161,239,0,0,31
153,4,27,3,20,2475,UA,LAX,31,161,239,0,0,31
-3,4,27,3,8,2475,UA,LAX,31,161,239,0,0,31
-5,4,27,3,11,2475,UA,LAX,31,161,239,0,0,31
64,4,27,3,18,2475,UA,LAX,31,161,239,0,0,31
155,4,27,3,21,2475,AA,LAX,31,161,239,0,0,31
25,4,27,3,16,2475,AA,LAX,31,161,239,0,0,31
158,4,27,3,19,2475,DL,LAX,31,161,239,0,0,31
-4,4,27,3,9,2475,AA,LAX,31,161,239,0,0,31
132,4,27,3,21,2475,DL,LAX,31,161,239,0,0,31
63,4,27,3,12,2475,AA,LAX,31,161,239,0,0,31
-2,4,27,3,12,2475,DL,LAX,31,161,239,0,0,31
-7,4,27,3,10,2475,AA,LAX,31,161,239,0,0,31
-6,4,27,3,17,2475,DL,LAX,31,161,239,0,0,31
316,4,27,3,19,2475,AA,LAX,31,161,239,0,0,31
-6,4,27,3,9,2475,DL,LAX,31,161,239,0,0,31
47,4,27,3,18,2475,B6,LAX,31,161,239,0,0,31
-2,4,27,3,7,2475,AA,LAX,31,161,239,0,0,31
-4,4,27,3,7,2475,DL,LAX,31,161,239,0,0,31
4,4,27,3,16,2475,B6,LAX,31,161,239,0,0,31
7,4,27,3,7,2475,B6,LAX,31,161,239,0,0,31
-3,4,27,3,13,2475,AA,LAX,31,161,239,0,0,31
-3,4,27,3,6,2475,AA,LAX,31,161,239,0,0,31
-4,4,27,3,15,2475,DL,LAX,31,161,239,0,0,31
13,4,27,3,15,2475,AA,LAX,31,161,239,0,0,31
5,4,30,6,13,2475,AA,LAX,28,100,194,0,0,22
-5,4,30,6,16,2475,B6,LAX,28,100,194,0,0,22
7,4,30,6,16,2475,AA,LAX,28,100,194,0,0,22
0,4,30,6,19,2475,AA,LAX,28,100,194,0,0,22
-3,4,30,6,18,2475,B6,LAX,28,100,194,0,0,22
-7,4,30,6,12,2475,AA,LAX,28,100,194,0,0,22
-1,4,30,6,21,2475,AA,LAX,28,100,194,0,0,22
-6,4,30,6,15,2475,AA,LAX,28,100,194,0,0,22
-6,4,30,6,7,2475,AA,LAX,28,100,194,0,0,22
-4,4,30,6,6,2475,AA,LAX,28,100,194,0,0,22
-7,4,30,6,9,2475,AA,LAX,28,100,194,0,0,22
-5,4,30,6,11,2475,UA,LAX,28,100,194,0,0,22
4,4,30,6,15,2475,UA,LAX,28,100,194,0,0,22
-1,4,30,6,15,2475,DL,LAX,28,100,194,0,0,22
-6,4,30,6,17,2475,DL,LAX,28,100,194,0,0,22
-6,4,30,6,6,2475,UA,LAX,28,100,194,0,0,22
-9,4,30,6,18,2475,UA,LAX,28,100,194,0,0,22
-7,4,30,6,8,2475,UA,LAX,28,100,194,0,0,22
-2,4,30,6,19,2475,DL,LAX,28,100,194,0,0,22
-5,4,30,6,9,2475,DL,LAX,28,100,194,0,0,22
-6,4,30,6,12,2475,DL,LAX,28,100,194,0,0,22
-3,5,4,3,6,2475,AA,LAX,24,78,178,127,0,27
1,5,4,3,19,2475,AA,LAX,24,78,178,127,0,27
1,5,4,3,7,2475,AA,LAX,24,78,178,127,0,27
-7,5,4,3,12,2475,AA,LAX,24,78,178,127,0,27
3,5,4,3,21,2475,AA,LAX,24,78,178,127,0,27
-9,5,4,3,9,2475,AA,LAX,24,78,178,127,0,27
0,5,4,3,15,2475,AA,LAX,24,78,178,127,0,27
-4,5,4,3,13,2475,AA,LAX,24,78,178,127,0,27
-7,5,4,3,10,2475,AA,LAX,24,78,178,127,0,27
0,5,4,3,16,2475,AA,LAX,24,78,178,127,0,27
7,5,4,3,15,2475,DL,LAX,24,78,178,127,0,27
-5,5,4,3,7,2475,B6,LAX,24,78,178,127,0,27
-2,5,4,3,11,2475,B6,LAX,24,78,178,127,0,27
-5,5,4,3,16,2475,B6,LAX,24,78,178,127,0,27
6,5,4,3,20,2475,B6,LAX,24,78,178,127,0,27
0,5,4,3,19,2475,DL,LAX,24,78,178,127,0,27
-4,5,4,3,21,2475,DL,LAX,24,78,178,127,0,27
2,5,4,3,9,2475,DL,LAX,24,78,178,127,0,27
-4,5,4,3,17,2475,DL,LAX,24,78,178,127,0,27
0,5,4,3,12,2475,DL,LAX,24,78,178,127,0,27
-6,5,4,3,7,2475,DL,LAX,24,78,178,127,0,27
-2,5,4,3,6,2475,UA,LAX,24,78,178,127,0,27
7,5,4,3,15,2475,UA,LAX,24,78,178,127,0,27
6,5,4,3,18,2475,UA,LAX,24,78,178,127,0,27
-1,5,4,3,20,2475,UA,LAX,24,78,178,127,0,27
0,5,4,3,11,2475,UA,LAX,24,78,178,127,0,27
-5,5,4,3,8,2475,UA,LAX,24,78,178,127,0,27
-3,5,15,7,9,2475,DL,LAX,13,144,206,226,0,19
-1,5,15,7,12,2475,DL,LAX,13,144,206,226,0,19
-5,5,15,7,17,2475,DL,LAX,13,144,206,226,0,19
-1,5,15,7,15,2475,DL,LAX,13,144,206,226,0,19
166,5,15,7,20,2475,B6,LAX,13,144,206,226,0,19
34,5,15,7,16,2475,B6,LAX,13,144,206,226,0,19
-7,5,15,7,11,2475,B6,LAX,13,144,206,226,0,19
-4,5,15,7,7,2475,B6,LAX,13,144,206,226,0,19
242,5,15,7,19,2475,DL,LAX,13,144,206,226,0,19
18,5,15,7,21,2475,DL,LAX,13,144,206,226,0,19
30,5,15,7,10,2475,AA,LAX,13,144,206,226,0,19
-5,5,15,7,9,2475,AA,LAX,13,144,206,226,0,19
-1,5,15,7,7,2475,AA,LAX,13,144,206,226,0,19
-1,5,15,7,6,2475,AA,LAX,13,144,206,226,0,19
74,5,15,7,19,2475,AA,LAX,13,144,206,226,0,19
0,5,15,7,15,2475,AA,LAX,13,144,206,226,0,19
-11,5,15,7,12,2475,AA,LAX,13,144,206,226,0,19
45,5,15,7,21,2475,AA,LAX,13,144,206,226,0,19
0,5,15,7,15,2475,UA,LAX,13,144,206,226,0,19
-5,5,15,7,8,2475,UA,LAX,13,144,206,226,0,19
29,5,15,7,20,2475,UA,LAX,13,144,206,226,0,19
42,5,15,7,18,2475,UA,LAX,13,144,206,226,0,19
-5,5,15,7,11,2475,UA,LAX,13,144,206,226,0,19
3,5,26,4,11,2475,UA,LAX,2,178,256,0,0,22
-1,5,26,4,6,2475,UA,LAX,2,178,256,0,0,22
0,5,26,4,15,2475,UA,LAX,2,178,256,0,0,22
-1,5,26,4,18,2475,UA,LAX,2,178,256,0,0,22
-5,5,26,4,8,2475,UA,LAX,2,178,256,0,0,22
69,5,26,4,20,2475,UA,LAX,2,178,256,0,0,22
69,5,26,4,21,2475,DL,LAX,2,178,256,0,0,22
-1,5,26,4,9,2475,DL,LAX,2,178,256,0,0,22
63,5,26,4,12,2475,DL,LAX,2,178,256,0,0,22
0,5,26,4,7,2475,DL,LAX,2,178,256,0,0,22
-2,5,26,4,15,2475,DL,LAX,2,178,256,0,0,22
2,5,26,4,16,2475,B6,LAX,2,178,256,0,0,22
0,5,26,4,11,2475,B6,LAX,2,178,256,0,0,22
-4,5,26,4,7,2475,B6,LAX,2,178,256,0,0,22
279,5,26,4,20,2475,B6,LAX,2,178,256,0,0,22
0,5,26,4,17,2475,DL,LAX,2,178,256,0,0,22
50,5,26,4,19,2475,DL,LAX,2,178,256,0,0,22
-3,5,26,4,10,2475,AA,LAX,2,178,256,0,0,22
9,5,26,4,15,2475,AA,LAX,2,178,256,0,0,22
15,5,26,4,21,2475,AA,LAX,2,178,256,0,0,22
59,5,26,4,19,2475,AA,LAX,2,178,256,0,0,22
5,5,26,4,12,2475,AA,LAX,2,178,256,0,0,22
2,5,26,4,9,2475,AA,LAX,2,178,256,0,0,22
0,5,26,4,7,2475,AA,LAX,2,178,256,0,0,22
350,5,26,4,16,2475,AA,LAX,2,178,256,0,0,22
9,5,26,4,13,2475,AA,LAX,2,178,256,0,0,22
-5,5,26,4,6,2475,AA,LAX,2,178,256,0,0,22
-4,6,3,5,12,2475,AA,LAX,4,139,244,0,0,30
-4,6,3,5,20,2475,B6,LAX,4,139,244,0,0,30
-2,6,3,5,16,2475,B6,LAX,4,139,244,0,0,30
-5,6,3,5,11,2475,B6,LAX,4,139,244,0,0,30
58,6,3,5,15,2475,DL,LAX,4,139,244,0,0,30
22,6,3,5,17,2475,DL,LAX,4,139,244,0,0,30
-6,6,3,5,7,2475,DL,LAX,4,139,244,0,0,30
9,6,3,5,7,2475,AA,LAX,4,139,244,0,0,30
6,6,3,5,21,2475,AA,LAX,4,139,244,0,0,30
-5,6,3,5,12,2475,DL,LAX,4,139,244,0,0,30
-5,6,3,5,9,2475,DL,LAX,4,139,244,0,0,30
-8,6,3,5,21,2475,DL,LAX,4,139,244,0,0,30
-5,6,3,5,19,2475,DL,LAX,4,139,244,0,0,30
-5,6,3,5,7,2475,B6,LAX,4,139,244,0,0,30
-7,6,3,5,9,2475,AA,LAX,4,139,244,0,0,30
3,6,3,5,15,2475,AA,LAX,4,139,244,0,0,30
-1,6,3,5,10,2475,AA,LAX,4,139,244,0,0,30
-6,6,3,5,6,2475,AA,LAX,4,139,244,0,0,30
-3,6,3,5,16,2475,AA,LAX,4,139,244,0,0,30
14,6,3,5,19,2475,AA,LAX,4,139,244,0,0,30
-6,6,3,5,6,2475,UA,LAX,4,139,244,0,0,30
38,6,3,5,18,2475,UA,LAX,4,139,244,0,0,30
-5,6,3,5,8,2475,UA,LAX,4,139,244,0,0,30
32,6,3,5,20,2475,UA,LAX,4,139,244,0,0,30
1,6,3,5,15,2475,UA,LAX,4,139,244,0,0,30
-4,6,3,5,11,2475,UA,LAX,4,139,244,0,0,30
17,6,14,2,20,2475,AA,LAX,7,144,222,13,0,21
-8,6,14,2,12,2475,AA,LAX,7,144,222,13,0,21
-5,6,14,2,7,2475,AA,LAX,7,144,222,13,0,21
-2,6,14,2,19,2475,AA,LAX,7,144,222,13,0,21
-5,6,14,2,19,2475,DL,LAX,7,144,222,13,0,21
-5,6,14,2,21,2475,DL,LAX,7,144,222,13,0,21
-2,6,14,2,12,2475,DL,LAX,7,144,222,13,0,21
-4,6,14,2,7,2475,DL,LAX,7,144,222,13,0,21
13,6,14,2,15,2475,DL,LAX,7,144,222,13,0,21
0,6,14,2,9,2475,DL,LAX,7,144,222,13,0,21
-5,6,14,2,17,2475,DL,LAX,7,144,222,13,0,21
-1,6,14,2,13,2475,AA,LAX,7,144,222,13,0,21
-8,6,14,2,10,2475,AA,LAX,7,144,222,13,0,21
-6,6,14,2,15,2475,AA,LAX,7,144,222,13,0,21
7,6,14,2,20,2475,B6,LAX,7,144,222,13,0,21
-3,6,14,2,16,2475,B6,LAX,7,144,222,13,0,21
-5,6,14,2,11,2475,B6,LAX,7,144,222,13,0,21
-4,6,14,2,7,2475,B6,LAX,7,144,222,13,0,21
5,6,14,2,16,2475,AA,LAX,7,144,222,13,0,21
142,6,14,2,9,2475,AA,LAX,7,144,222,13,0,21
-7,6,14,2,6,2475,AA,LAX,7,144,222,13,0,21
-8,6,14,2,8,2475,UA,LAX,7,144,222,13,0,21
-2,6,14,2,11,2475,UA,LAX,7,144,222,13,0,21
-5,6,14,2,15,2475,UA,LAX,7,144,222,13,0,21
1,6,14,2,6,2475,UA,LAX,7,144,222,13,0,21
-1,6,14,2,17,2475,UA,LAX,7,144,222,13,0,21
-4,6,14,2,20,2475,UA,LAX,7,144,222,13,0,21
-2,6,25,6,11,2475,UA,LAX,9,178,267,0,0,18
-6,6,25,6,6,2475,UA,LAX,9,178,267,0,0,18
-2,6,25,6,8,2475,UA,LAX,9,178,267,0,0,18
-2,6,25,6,15,2475,UA,LAX,9,178,267,0,0,18
-6,6,25,6,18,2475,UA,LAX,9,178,267,0,0,18
7,6,25,6,17,2475,DL,LAX,9,178,267,0,0,18
46,6,25,6,6,2475,AA,LAX,9,178,267,0,0,18
-3,6,25,6,16,2475,AA,LAX,9,178,267,0,0,18
7,6,25,6,20,2475,AA,LAX,9,178,267,0,0,18
45,6,25,6,9,2475,B6,LAX,9,178,267,0,0,18
17,6,25,6,19,2475,AA,LAX,9,178,267,0,0,18
-1,6,25,6,21,2475,B6,LAX,9,178,267,0,0,18
-11,6,25,6,12,2475,AA,LAX,9,178,267,0,0,18
-3,6,25,6,12,2475,DL,LAX,9,178,267,0,0,18
3,6,25,6,16,2475,B6,LAX,9,178,267,0,0,18
11,6,25,6,19,2475,DL,LAX,9,178,267,0,0,18
-5,6,25,6,15,2475,DL,LAX,9,178,267,0,0,18
0,6,25,6,9,2475,AA,LAX,9,178,267,0,0,18
11,6,25,6,7,2475,B6,LAX,9,178,267,0,0,18
-1,6,25,6,9,2475,DL,LAX,9,178,267,0,0,18
3,6,25,6,7,2475,AA,LAX,9,178,267,0,0,18
6,6,25,6,13,2475,AA,LAX,9,178,267,0,0,18
2,6,25,6,15,2475,AA,LAX,9,178,267,0,0,18
-5,7,2,6,8,2475,UA,LAX,2,200,300,0,0,15
-4,7,2,6,11,2475,UA,LAX,2,200,300,0,0,15
38,7,2,6,18,2475,UA,LAX,2,200,300,0,0,15
-2,7,2,6,15,2475,UA,LAX,2,200,300,0,0,15
0,7,2,6,6,2475,UA,LAX,2,200,300,0,0,15
139,7,2,6,9,2475,AA,LAX,2,200,300,0,0,15
-4,7,2,6,6,2475,AA,LAX,2,200,300,0,0,15
-6,7,2,6,16,2475,AA,LAX,2,200,300,0,0,15
18,7,2,6,20,2475,AA,LAX,2,200,300,0,0,15
-1,7,2,6,7,2475,AA,LAX,2,200,300,0,0,15
-10,7,2,6,12,2475,AA,LAX,2,200,300,0,0,15
19,7,2,6,13,2475,AA,LAX,2,200,300,0,0,15
-2,7,2,6,15,2475,AA,LAX,2,200,300,0,0,15
-5,7,2,6,19,2475,DL,LAX,2,200,300,0,0,15
-3,7,2,6,15,2475,DL,LAX,2,200,300,0,0,15
0,7,2,6,12,2475,DL,LAX,2,200,300,0,0,15
0,7,2,6,17,2475,DL,LAX,2,200,300,0,0,15
-1,7,2,6,7,2475,B6,LAX,2,200,300,0,0,15
2,7,2,6,16,2475,B6,LAX,2,200,300,0,0,15
-4,7,2,6,21,2475,B6,LAX,2,200,300,0,0,15
6,7,2,6,9,2475,B6,LAX,2,200,300,0,0,15
1,7,2,6,9,2475,DL,LAX,2,200,300,0,0,15
15,7,13,3,11,2475,B6,LAX,9,206,300,28,0,25
-3,7,13,3,7,2475,B6,LAX,9,206,300,28,0,25
-3,7,13,3,17,2475,DL,LAX,9,206,300,28,0,25
-5,7,13,3,7,2475,DL,LAX,9,206,300,28,0,25
2,7,13,3,12,2475,DL,LAX,9,206,300,28,0,25
15,7,13,3,15,2475,DL,LAX,9,206,300,28,0,25
-3,7,13,3,9,2475,DL,LAX,9,206,300,28,0,25
43,7,13,3,21,2475,DL,LAX,9,206,300,28,0,25
65,7,13,3,19,2475,DL,LAX,9,206,300,28,0,25
-7,7,13,3,9,2475,B6,LAX,9,206,300,28,0,25
8,7,13,3,21,2475,B6,LAX,9,206,300,28,0,25
2,7,13,3,16,2475,B6,LAX,9,206,300,28,0,25
0,7,13,3,7,2475,AA,LAX,9,206,300,28,0,25
-4,7,13,3,9,2475,AA,LAX,9,206,300,28,0,25
-8,7,13,3,12,2475,AA,LAX,9,206,300,28,0,25
-1,7,13,3,10,2475,AA,LAX,9,206,300,28,0,25
49,7,13,3,19,2475,AA,LAX,9,206,300,28,0,25
-3,7,13,3,6,2475,AA,LAX,9,206,300,28,0,25
10,7,13,3,13,2475,AA,LAX,9,206,300,28,0,25
-2,7,13,3,15,2475,AA,LAX,9,206,300,28,0,25
-2,7,13,3,16,2475,AA,LAX,9,206,300,28,0,25
2,7,13,3,20,2475,AA,LAX,9,206,300,28,0,25
-4,7,13,3,15,2475,UA,LAX,9,206,300,28,0,25
-6,7,13,3,8,2475,UA,LAX,9,206,300,28,0,25
-6,7,13,3,17,2475,UA,LAX,9,206,300,28,0,25
-4,7,13,3,11,2475,UA,LAX,9,206,300,28,0,25
-4,7,13,3,6,2475,UA,LAX,9,206,300,28,0,25
-2,7,13,3,20,2475,UA,LAX,9,206,300,28,0,25
1,7,24,7,17,2475,UA,LAX,20,256,328,8,0,16
-5,7,24,7,20,2475,UA,LAX,20,256,328,8,0,16
139,7,24,7,15,2475,UA,LAX,20,256,328,8,0,16
3,7,24,7,11,2475,UA,LAX,20,256,328,8,0,16
-1,7,24,7,8,2475,UA,LAX,20,256,328,8,0,16
-4,7,24,7,9,2475,AA,LAX,20,256,328,8,0,16
13,7,24,7,20,2475,AA,LAX,20,256,328,8,0,16
3,7,24,7,16,2475,AA,LAX,20,256,328,8,0,16
0,7,24,7,15,2475,AA,LAX,20,256,328,8,0,16
0,7,24,7,13,2475,AA,LAX,20,256,328,8,0,16
-5,7,24,7,7,2475,AA,LAX,20,256,328,8,0,16
31,7,24,7,19,2475,AA,LAX,20,256,328,8,0,16
2,7,24,7,6,2475,AA,LAX,20,256,328,8,0,16
0,7,24,7,10,2475,AA,LAX,20,256,328,8,0,16
27,7,24,7,12,2475,AA,LAX,20,256,328,8,0,16
-1,7,24,7,16,2475,B6,LAX,20,256,328,8,0,16
-4,7,24,7,7,2475,B6,LAX,20,256,328,8,0,16
-5,7,24,7,19,2475,DL,LAX,20,256,328,8,0,16
79,7,24,7,21,2475,DL,LAX,20,256,328,8,0,16
-3,7,24,7,9,2475,DL,LAX,20,256,328,8,0,16
3,7,24,7,15,2475,DL,LAX,20,256,328,8,0,16
15,7,24,7,12,2475,DL,LAX,20,256,328,8,0,16
-1,7,24,7,17,2475,DL,LAX,20,256,328,8,0,16
-1,7,24,7,11,2475,B6,LAX,20,256,328,8,0,16
0,7,24,7,9,2475,B6,LAX,20,256,328,8,0,16
11,7,24,7,21,2475,B6,LAX,20,256,328,8,0,16
3,8,1,1,9,2475,DL,LAX,28,217,344,5,0,14
-8,8,1,1,15,2475,DL,LAX,28,217,344,5,0,14
-2,8,1,1,11,2475,B6,LAX,28,217,344,5,0,14
51,8,1,1,7,2475,DL,LAX,28,217,344,5,0,14
-4,8,1,1,9,2475,B6,LAX,28,217,344,5,0,14
-5,8,1,1,7,2475,B6,LAX,28,217,344,5,0,14
17,8,1,1,9,2475,AA,LAX,28,217,344,5,0,14
16,8,1,1,12,2475,AA,LAX,28,217,344,5,0,14
-5,8,1,1,12,2475,DL,LAX,28,217,344,5,0,14
84,8,1,1,15,2475,AA,LAX,28,217,344,5,0,14
162,8,1,1,16,2475,AA,LAX,28,217,344,5,0,14
7,8,1,1,6,2475,AA,LAX,28,217,344,5,0,14
16,8,1,1,10,2475,AA,LAX,28,217,344,5,0,14
-2,8,1,1,13,2475,AA,LAX,28,217,344,5,0,14
67,8,1,1,19,2475,AA,LAX,28,217,344,5,0,14
71,8,1,1,20,2475,AA,LAX,28,217,344,5,0,14
-4,8,1,1,7,2475,AA,LAX,28,217,344,5,0,14
103,8,1,1,16,2475,B6,LAX,28,217,344,5,0,14
63,8,1,1,21,2475,B6,LAX,28,217,344,5,0,14
27,8,1,1,19,2475,DL,LAX,28,217,344,5,0,14
170,8,1,1,21,2475,DL,LAX,28,217,344,5,0,14
200,8,1,1,15,2475,UA,LAX,28,217,344,5,0,14
180,8,1,1,17,2475,UA,LAX,28,217,344,5,0,14
89,8,1,1,20,2475,UA,LAX,28,217,344,5,0,14
2,8,1,1,8,2475,UA,LAX,28,217,344,5,0,14
-8,8,1,1,11,2475,UA,LAX,28,217,344,5,0,14
-1,8,1,1,6,2475,UA,LAX,28,217,344,5,0,14
-4,8,9,2,8,2475,UA,LAX,25,217,283,531,0,20
58,8,9,2,11,2475,UA,LAX,25,217,283,531,0,20
7,8,9,2,15,2475,UA,LAX,25,217,283,531,0,20
43,8,9,2,20,2475,UA,LAX,25,217,283,531,0,20
35,8,9,2,17,2475,UA,LAX,25,217,283,531,0,20
15,8,9,2,15,2475,AA,LAX,25,217,283,531,0,20
5,8,9,2,9,2475,B6,LAX,25,217,283,531,0,20
47,8,9,2,21,2475,B6,LAX,25,217,283,531,0,20
28,8,9,2,16,2475,B6,LAX,25,217,283,531,0,20
30,8,9,2,11,2475,B6,LAX,25,217,283,531,0,20
-5,8,9,2,7,2475,B6,LAX,25,217,283,531,0,20
-8,8,9,2,9,2475,AA,LAX,25,217,283,531,0,20
-5,8,9,2,12,2475,AA,LAX,25,217,283,531,0,20
15,8,9,2,6,2475,AA,LAX,25,217,283,531,0,20
-7,8,9,2,10,2475,AA,LAX,25,217,283,531,0,20
60,8,9,2,20,2475,AA,LAX,25,217,283,531,0,20
234,8,9,2,19,2475,AA,LAX,25,217,283,531,0,20
-1,8,9,2,16,2475,AA,LAX,25,217,283,531,0,20
-6,8,9,2,7,2475,AA,LAX,25,217,283,531,0,20
1,8,9,2,13,2475,AA,LAX,25,217,283,531,0,20
91,8,9,2,21,2475,DL,LAX,25,217,283,531,0,20
24,8,9,2,19,2475,DL,LAX,25,217,283,531,0,20
18,8,9,2,17,2475,DL,LAX,25,217,283,531,0,20
-1,8,9,2,7,2475,DL,LAX,25,217,283,531,0,20
-5,8,9,2,12,2475,DL,LAX,25,217,283,531,0,20
0,8,9,2,15,2475,DL,LAX,25,217,283,531,0,20
8,8,9,2,9,2475,DL,LAX,25,217,283,531,0,20
2,8,9,2,6,2475,UA,LAX,25,217,283,531,0,20
-4,8,12,5,17,2475,DL,LAX,22,178,289,0,0,13
18,8,12,5,19,2475,DL,LAX,22,178,289,0,0,13
2,8,12,5,21,2475,DL,LAX,22,178,289,0,0,13
-4,8,12,5,9,2475,DL,LAX,22,178,289,0,0,13
-6,8,12,5,15,2475,DL,LAX,22,178,289,0,0,13
-6,8,12,5,12,2475,DL,LAX,22,178,289,0,0,13
-2,8,12,5,7,2475,DL,LAX,22,178,289,0,0,13
-3,8,12,5,21,2475,B6,LAX,22,178,289,0,0,13
4,8,12,5,9,2475,B6,LAX,22,178,289,0,0,13
13,8,12,5,7,2475,AA,LAX,22,178,289,0,0,13
-1,8,12,5,13,2475,AA,LAX,22,178,289,0,0,13
-4,8,12,5,15,2475,AA,LAX,22,178,289,0,0,13
95,8,12,5,16,2475,AA,LAX,22,178,289,0,0,13
0,8,12,5,19,2475,AA,LAX,22,178,289,0,0,13
-4,8,12,5,20,2475,AA,LAX,22,178,289,0,0,13
2,8,12,5,10,2475,AA,LAX,22,178,289,0,0,13
-3,8,12,5,12,2475,AA,LAX,22,178,289,0,0,13
-5,8,12,5,6,2475,AA,LAX,22,178,289,0,0,13
18,8,12,5,9,2475,AA,LAX,22,178,289,0,0,13
-2,8,12,5,7,2475,B6,LAX,22,178,289,0,0,13
21,8,12,5,11,2475,B6,LAX,22,178,289,0,0,13
-3,8,12,5,16,2475,B6,LAX,22,178,289,0,0,13
28,8,12,5,17,2475,UA,LAX,22,178,289,0,0,13
-5,8,12,5,20,2475,UA,LAX,22,178,289,0,0,13
-2,8,12,5,8,2475,UA,LAX,22,178,289,0,0,13
1,8,12,5,11,2475,UA,LAX,22,178,289,0,0,13
-1,8,12,5,15,2475,UA,LAX,22,178,289,0,0,13
-2,8,12,5,6,2475,UA,LAX,22,178,289,0,0,13
3,8,23,2,6,2475,UA,LAX,11,161,261,0,0,17
11,8,23,2,16,2475,B6,LAX,11,161,261,0,0,17
11,8,23,2,7,2475,B6,LAX,11,161,261,0,0,17
45,8,23,2,15,2475,AA,LAX,11,161,261,0,0,17
4,8,23,2,11,2475,B6,LAX,11,161,261,0,0,17
-6,8,23,2,9,2475,AA,LAX,11,161,261,0,0,17
-5,8,23,2,7,2475,AA,LAX,11,161,261,0,0,17
4,8,23,2,12,2475,AA,LAX,11,161,261,0,0,17
-3,8,23,2,21,2475,AA,LAX,11,161,261,0,0,17
1,8,23,2,10,2475,AA,LAX,11,161,261,0,0,17
36,8,23,2,16,2475,AA,LAX,11,161,261,0,0,17
5,8,23,2,19,2475,AA,LAX,11,161,261,0,0,17
72,8,23,2,13,2475,AA,LAX,11,161,261,0,0,17
-2,8,23,2,7,2475,AA,LAX,11,161,261,0,0,17
-4,8,23,2,9,2475,B6,LAX,11,161,261,0,0,17
28,8,23,2,21,2475,B6,LAX,11,161,261,0,0,17
-5,8,23,2,9,2475,DL,LAX,11,161,261,0,0,17
-1,8,23,2,7,2475,DL,LAX,11,161,261,0,0,17
-7,8,23,2,12,2475,DL,LAX,11,161,261,0,0,17
22,8,23,2,15,2475,DL,LAX,11,161,261,0,0,17
33,8,23,2,21,2475,DL,LAX,11,161,261,0,0,17
5,8,23,2,19,2475,DL,LAX,11,161,261,0,0,17
9,8,23,2,17,2475,DL,LAX,11,161,261,0,0,17
-10,8,23,2,8,2475,UA,LAX,11,161,261,0,0,17
8,8,23,2,17,2475,UA,LAX,11,161,261,0,0,17
-3,8,23,2,11,2475,UA,LAX,11,161,261,0,0,17
102,8,23,2,15,2475,UA,LAX,11,161,261,0,0,17
7,8,23,2,20,2475,UA,LAX,11,161,261,0,0,17
28,9,8,4,20,2475,UA,LAX,5,172,261,229,0,30
-5,9,8,4,15,2475,UA,LAX,5,172,261,229,0,30
-3,9,8,4,11,2475,UA,LAX,5,172,261,229,0,30
-5,9,8,4,6,2475,UA,LAX,5,172,261,229,0,30
36,9,8,4,8,2475,UA,LAX,5,172,261,229,0,30
-2,9,8,4,17,2475,UA,LAX,5,172,261,229,0,30
2,9,8,4,20,2475,B6,LAX,5,172,261,229,0,30
-2,9,8,4,16,2475,B6,LAX,5,172,261,229,0,30
2,9,8,4,11,2475,B6,LAX,5,172,261,229,0,30
-2,9,8,4,6,2475,B6,LAX,5,172,261,229,0,30
-5,9,8,4,9,2475,B6,LAX,5,172,261,229,0,30
-6,9,8,4,12,2475,AA,LAX,5,172,261,229,0,30
-6,9,8,4,17,2475,DL,LAX,5,172,261,229,0,30
-6,9,8,4,9,2475,DL,LAX,5,172,261,229,0,30
-5,9,8,4,7,2475,DL,LAX,5,172,261,229,0,30
-6,9,8,4,12,2475,DL,LAX,5,172,261,229,0,30
-6,9,8,4,10,2475,AA,LAX,5,172,261,229,0,30
24,9,8,4,15,2475,DL,LAX,5,172,261,229,0,30
-2,9,8,4,21,2475,DL,LAX,5,172,261,229,0,30
-3,9,8,4,19,2475,DL,LAX,5,172,261,229,0,30
-3,9,8,4,7,2475,AA,LAX,5,172,261,229,0,30
0,9,8,4,7,2475,AA,LAX,5,172,261,229,0,30
-5,9,8,4,21,2475,AA,LAX,5,172,261,229,0,30
1,9,8,4,16,2475,AA,LAX,5,172,261,229,0,30
-8,9,8,4,15,2475,AA,LAX,5,172,261,229,0,30
-6,9,8,4,9,2475,AA,LAX,5,172,261,229,0,30
-6,9,8,4,13,2475,AA,LAX,5,172,261,229,0,30
3,9,8,4,19,2475,AA,LAX,5,172,261,229,0,30
-4,9,11,7,8,2475,UA,LAX,8,178,217,3,0,20
-2,9,11,7,20,2475,UA,LAX,8,178,217,3,0,20
-5,9,11,7,11,2475,UA,LAX,8,178,217,3,0,20
-4,9,11,7,17,2475,UA,LAX,8,178,217,3,0,20
-2,9,11,7,15,2475,UA,LAX,8,178,217,3,0,20
-5,9,11,7,20,2475,B6,LAX,8,178,217,3,0,20
-3,9,11,7,13,2475,AA,LAX,8,178,217,3,0,20
-2,9,11,7,16,2475,AA,LAX,8,178,217,3,0,20
-8,9,11,7,9,2475,AA,LAX,8,178,217,3,0,20
-4,9,11,7,21,2475,AA,LAX,8,178,217,3,0,20
1,9,11,7,7,2475,AA,LAX,8,178,217,3,0,20
1,9,11,7,15,2475,AA,LAX,8,178,217,3,0,20
-2,9,11,7,19,2475,DL,LAX,8,178,217,3,0,20
1,9,11,7,21,2475,DL,LAX,8,178,217,3,0,20
-7,9,11,7,12,2475,DL,LAX,8,178,217,3,0,20
-4,9,11,7,15,2475,DL,LAX,8,178,217,3,0,20
-2,9,11,7,9,2475,DL,LAX,8,178,217,3,0,20
-4,9,11,7,17,2475,DL,LAX,8,178,217,3,0,20
-5,9,11,7,12,2475,AA,LAX,8,178,217,3,0,20
-6,9,11,7,19,2475,AA,LAX,8,178,217,3,0,20
-5,9,11,7,10,2475,AA,LAX,8,178,217,3,0,20
-9,9,11,7,9,2475,B6,LAX,8,178,217,3,0,20
-5,9,11,7,6,2475,B6,LAX,8,178,217,3,0,20
-7,9,11,7,11,2475,B6,LAX,8,178,217,3,0,20
7,9,11,7,16,2475,B6,LAX,8,178,217,3,0,20
-4,9,19,1,6,2475,B6,LAX,16,111,200,0,0,22
-1,9,19,1,16,2475,B6,LAX,16,111,200,0,0,22
-4,9,19,1,21,2475,AA,LAX,16,111,200,0,0,22
35,9,19,1,20,2475,B6,LAX,16,111,200,0,0,22
-1,9,19,1,16,2475,AA,LAX,16,111,200,0,0,22
-8,9,19,1,15,2475,AA,LAX,16,111,200,0,0,22
-2,9,19,1,7,2475,AA,LAX,16,111,200,0,0,22
-8,9,19,1,11,2475,B6,LAX,16,111,200,0,0,22
-6,9,19,1,12,2475,AA,LAX,16,111,200,0,0,22
-2,9,19,1,19,2475,DL,LAX,16,111,200,0,0,22
50,9,19,1,21,2475,DL,LAX,16,111,200,0,0,22
-2,9,19,1,15,2475,DL,LAX,16,111,200,0,0,22
-5,9,19,1,12,2475,DL,LAX,16,111,200,0,0,22
-2,9,19,1,7,2475,DL,LAX,16,111,200,0,0,22
-2,9,19,1,9,2475,DL,LAX,16,111,200,0,0,22
-5,9,19,1,17,2475,DL,LAX,16,111,200,0,0,22
-6,9,19,1,7,2475,AA,LAX,16,111,200,0,0,22
-8,9,19,1,9,2475,AA,LAX,16,111,200,0,0,22
31,9,19,1,13,2475,AA,LAX,16,111,200,0,0,22
-9,9,19,1,10,2475,AA,LAX,16,111,200,0,0,22
2,9,19,1,9,2475,B6,LAX,16,111,200,0,0,22
-6,9,19,1,20,2475,UA,LAX,16,111,200,0,0,22
-2,9,19,1,15,2475,UA,LAX,16,111,200,0,0,22
-6,9,19,1,6,2475,UA,LAX,16,111,200,0,0,22
25,9,19,1,17,2475,UA,LAX,16,111,200,0,0,22
-4,9,19,1,8,2475,UA,LAX,16,111,200,0,0,22
-8,9,19,1,11,2475,UA,LAX,16,111,200,0,0,22
-3,9,22,4,11,2475,UA,LAX,16,200,267,5,0,7
-1,9,22,4,6,2475,UA,LAX,16,200,267,5,0,7
-6,9,22,4,15,2475,UA,LAX,16,200,267,5,0,7
78,9,22,4,20,2475,UA,LAX,16,200,267,5,0,7
37,9,22,4,17,2475,UA,LAX,16,200,267,5,0,7
-9,9,22,4,8,2475,UA,LAX,16,200,267,5,0,7
3,9,22,4,7,2475,AA,LAX,16,200,267,5,0,7
-1,9,22,4,13,2475,AA,LAX,16,200,267,5,0,7
-3,9,22,4,12,2475,DL,LAX,16,200,267,5,0,7
-8,9,22,4,10,2475,AA,LAX,16,200,267,5,0,7
-5,9,22,4,12,2475,AA,LAX,16,200,267,5,0,7
47,9,22,4,7,2475,AA,LAX,16,200,267,5,0,7
-1,9,22,4,9,2475,B6,LAX,16,200,267,5,0,7
-3,9,22,4,15,2475,DL,LAX,16,200,267,5,0,7
-5,9,22,4,6,2475,B6,LAX,16,200,267,5,0,7
64,9,22,4,19,2475,AA,LAX,16,200,267,5,0,7
69,9,22,4,21,2475,AA,LAX,16,200,267,5,0,7
-7,9,22,4,11,2475,B6,LAX,16,200,267,5,0,7
31,9,22,4,16,2475,B6,LAX,16,200,267,5,0,7
37,9,22,4,21,2475,DL,LAX,16,200,267,5,0,7
-2,9,22,4,7,2475,DL,LAX,16,200,267,5,0,7
4,9,22,4,20,2475,B6,LAX,16,200,267,5,0,7
-5,9,22,4,9,2475,DL,LAX,16,200,267,5,0,7
-2,9,22,4,17,2475,DL,LAX,16,200,267,5,0,7
33,9,22,4,16,2475,AA,LAX,16,200,267,5,0,7
-6,9,22,4,15,2475,AA,LAX,16,200,267,5,0,7
24,9,22,4,9,2475,AA,LAX,16,200,267,5,0,7
5,9,22,4,19,2475,DL,LAX,16,200,267,5,0,7
0,10,2,7,7,2475,AA,LAX,6,100,178,15,0,22
-4,10,2,7,12,2475,DL,LAX,6,100,178,15,0,22
11,10,2,7,9,2475,B6,LAX,6,100,178,15,0,22
16,10,2,7,7,2475,AA,LAX,6,100,178,15,0,22
10,10,2,7,15,2475,DL,LAX,6,100,178,15,0,22
4,10,2,7,17,2475,DL,LAX,6,100,178,15,0,22
3,10,2,7,6,2475,B6,LAX,6,100,178,15,0,22
-6,10,2,7,12,2475,AA,LAX,6,100,178,15,0,22
-9,10,2,7,11,2475,B6,LAX,6,100,178,15,0,22
-5,10,2,7,9,2475,AA,LAX,6,100,178,15,0,22
-1,10,2,7,21,2475,AA,LAX,6,100,178,15,0,22
0,10,2,7,15,2475,AA,LAX,6,100,178,15,0,22
-3,10,2,7,9,2475,DL,LAX,6,100,178,15,0,22
5,10,2,7,20,2475,B6,LAX,6,100,178,15,0,22
2,10,2,7,10,2475,AA,LAX,6,100,178,15,0,22
0,10,2,7,16,2475,B6,LAX,6,100,178,15,0,22
-1,10,2,7,21,2475,DL,LAX,6,100,178,15,0,22
-3,10,2,7,19,2475,DL,LAX,6,100,178,15,0,22
-4,10,2,7,19,2475,AA,LAX,6,100,178,15,0,22
-4,10,2,7,13,2475,AA,LAX,6,100,178,15,0,22
9,10,2,7,16,2475,AA,LAX,6,100,178,15,0,22
0,10,2,7,11,2475,UA,LAX,6,100,178,15,0,22
10,10,2,7,20,2475,UA,LAX,6,100,178,15,0,22
1,10,2,7,8,2475,UA,LAX,6,100,178,15,0,22
-2,10,2,7,15,2475,UA,LAX,6,100,178,15,0,22
1,10,2,7,17,2475,UA,LAX,6,100,178,15,0,22
-1,10,13,4,6,2475,UA,LAX,5,144,189,86,0,33
-4,10,13,4,15,2475,UA,LAX,5,144,189,86,0,33
-2,10,13,4,11,2475,UA,LAX,5,144,189,86,0,33
-3,10,13,4,8,2475,UA,LAX,5,144,189,86,0,33
-3,10,13,4,20,2475,UA,LAX,5,144,189,86,0,33
29,10,13,4,17,2475,UA,LAX,5,144,189,86,0,33
-9,10,13,4,15,2475,AA,LAX,5,144,189,86,0,33
-6,10,13,4,9,2475,DL,LAX,5,144,189,86,0,33
0,10,13,4,9,2475,AA,LAX,5,144,189,86,0,33
23,10,13,4,15,2475,DL,LAX,5,144,189,86,0,33
-4,10,13,4,21,2475,DL,LAX,5,144,189,86,0,33
17,10,13,4,12,2475,DL,LAX,5,144,189,86,0,33
-3,10,13,4,19,2475,DL,LAX,5,144,189,86,0,33
68,10,13,4,20,2475,B6,LAX,5,144,189,86,0,33
-1,10,13,4,16,2475,B6,LAX,5,144,189,86,0,33
-4,10,13,4,11,2475,B6,LAX,5,144,189,86,0,33
-3,10,13,4,6,2475,B6,LAX,5,144,189,86,0,33
-8,10,13,4,9,2475,B6,LAX,5,144,189,86,0,33
1,10,13,4,12,2475,AA,LAX,5,144,189,86,0,33
-2,10,13,4,19,2475,AA,LAX,5,144,189,86,0,33
-5,10,13,4,7,2475,AA,LAX,5,144,189,86,0,33
115,10,13,4,21,2475,AA,LAX,5,144,189,86,0,33
-5,10,13,4,17,2475,DL,LAX,5,144,189,86,0,33
-5,10,13,4,7,2475,DL,LAX,5,144,189,86,0,33
30,10,13,4,7,2475,AA,LAX,5,144,189,86,0,33
4,10,13,4,10,2475,AA,LAX,5,144,189,86,0,33
10,10,13,4,16,2475,AA,LAX,5,144,189,86,0,33
1,10,13,4,13,2475,AA,LAX,5,144,189,86,0,33
6,10,24,1,15,2475,DL,LAX,16,100,161,0,0,17
-1,10,24,1,20,2475,B6,LAX,16,100,161,0,0,17
-6,10,24,1,9,2475,AA,LAX,16,100,161,0,0,17
-1,10,24,1,17,2475,DL,LAX,16,100,161,0,0,17
91,10,24,1,19,2475,AA,LAX,16,100,161,0,0,17
0,10,24,1,21,2475,DL,LAX,16,100,161,0,0,17
-2,10,24,1,7,2475,AA,LAX,16,100,161,0,0,17
-1,10,24,1,13,2475,AA,LAX,16,100,161,0,0,17
2,10,24,1,15,2475,AA,LAX,16,100,161,0,0,17
-3,10,24,1,16,2475,AA,LAX,16,100,161,0,0,17
101,10,24,1,19,2475,DL,LAX,16,100,161,0,0,17
-4,10,24,1,12,2475,AA,LAX,16,100,161,0,0,17
-9,10,24,1,10,2475,AA,LAX,16,100,161,0,0,17
-4,10,24,1,7,2475,AA,LAX,16,100,161,0,0,17
-5,10,24,1,12,2475,DL,LAX,16,100,161,0,0,17
48,10,24,1,9,2475,B6,LAX,16,100,161,0,0,17
-4,10,24,1,9,2475,DL,LAX,16,100,161,0,0,17
85,10,24,1,6,2475,B6,LAX,16,100,161,0,0,17
104,10,24,1,11,2475,B6,LAX,16,100,161,0,0,17
14,10,24,1,16,2475,B6,LAX,16,100,161,0,0,17
51,10,24,1,21,2475,AA,LAX,16,100,161,0,0,17
1,10,24,1,7,2475,DL,LAX,16,100,161,0,0,17
3,10,24,1,17,2475,UA,LAX,16,100,161,0,0,17
-4,10,24,1,11,2475,UA,LAX,16,100,161,0,0,17
-2,10,24,1,15,2475,UA,LAX,16,100,161,0,0,17
-2,10,24,1,6,2475,UA,LAX,16,100,161,0,0,17
-4,10,24,1,8,2475,UA,LAX,16,100,161,0,0,17
-4,10,24,1,20,2475,UA,LAX,16,100,161,0,0,17
-4,11,1,2,11,2475,UA,LAX,10,72,128,0,0,27
-1,11,1,2,15,2475,UA,LAX,10,72,128,0,0,27
-8,11,1,2,20,2475,UA,LAX,10,72,128,0,0,27
27,11,1,2,17,2475,UA,LAX,10,72,128,0,0,27
-7,11,1,2,6,2475,UA,LAX,10,72,128,0,0,27
-2,11,1,2,8,2475,UA,LAX,10,72,128,0,0,27
-2,11,1,2,19,2475,DL,LAX,10,72,128,0,0,27
-3,11,1,2,21,2475,DL,LAX,10,72,128,0,0,27
-6,11,1,2,17,2475,DL,LAX,10,72,128,0,0,27
-5,11,1,2,15,2475,DL,LAX,10,72,128,0,0,27
-1,11,1,2,12,2475,DL,LAX,10,72,128,0,0,27
1,11,1,2,7,2475,DL,LAX,10,72,128,0,0,27
-2,11,1,2,9,2475,DL,LAX,10,72,128,0,0,27
-4,11,1,2,11,2475,B6,LAX,10,72,128,0,0,27
0,11,1,2,16,2475,B6,LAX,10,72,128,0,0,27
-5,11,1,2,20,2475,B6,LAX,10,72,128,0,0,27
4,11,1,2,9,2475,B6,LAX,10,72,128,0,0,27
-4,11,1,2,7,2475,B6,LAX,10,72,128,0,0,27
-7,11,1,2,12,2475,AA,LAX,10,72,128,0,0,27
-3,11,1,2,7,2475,AA,LAX,10,72,128,0,0,27
-3,11,1,2,15,2475,AA,LAX,10,72,128,0,0,27
-5,11,1,2,21,2475,AA,LAX,10,72,128,0,0,27
-3,11,1,2,9,2475,AA,LAX,10,72,128,0,0,27
-1,11,1,2,16,2475,AA,LAX,10,72,128,0,0,27
7,11,1,2,10,2475,AA,LAX,10,72,128,0,0,27
0,11,1,2,19,2475,AA,LAX,10,72,128,0,0,27
-3,11,1,2,13,2475,AA,LAX,10,72,128,0,0,27
-1,11,9,3,12,2475,AA,LAX,2,106,183,0,0,16
3,11,9,3,21,2475,AA,LAX,2,106,183,0,0,16
522,11,9,3,13,2475,AA,LAX,2,106,183,0,0,16
-7,11,9,3,10,2475,AA,LAX,2,106,183,0,0,16
66,11,9,3,16,2475,AA,LAX,2,106,183,0,0,16
-2,11,9,3,9,2475,AA,LAX,2,106,183,0,0,16
33,11,9,3,15,2475,AA,LAX,2,106,183,0,0,16
-3,11,9,3,7,2475,AA,LAX,2,106,183,0,0,16
11,11,9,3,19,2475,AA,LAX,2,106,183,0,0,16
-5,11,9,3,20,2475,B6,LAX,2,106,183,0,0,16
-2,11,9,3,17,2475,DL,LAX,2,106,183,0,0,16
54,11,9,3,9,2475,DL,LAX,2,106,183,0,0,16
-5,11,9,3,12,2475,DL,LAX,2,106,183,0,0,16
-3,11,9,3,15,2475,DL,LAX,2,106,183,0,0,16
8,11,9,3,21,2475,DL,LAX,2,106,183,0,0,16
-3,11,9,3,19,2475,DL,LAX,2,106,183,0,0,16
-6,11,9,3,9,2475,B6,LAX,2,106,183,0,0,16
19,11,9,3,7,2475,B6,LAX,2,106,183,0,0,16
-2,11,9,3,11,2475,B6,LAX,2,106,183,0,0,16
14,11,9,3,16,2475,B6,LAX,2,106,183,0,0,16
0,11,9,3,20,2475,UA,LAX,2,106,183,0,0,16
-5,11,9,3,8,2475,UA,LAX,2,106,183,0,0,16
0,11,9,3,6,2475,UA,LAX,2,106,183,0,0,16
-3,11,9,3,17,2475,UA,LAX,2,106,183,0,0,16
0,11,9,3,15,2475,UA,LAX,2,106,183,0,0,16
-7,11,9,3,11,2475,UA,LAX,2,106,183,0,0,16
-4,11,12,6,17,2475,UA,LAX,1,39,139,0,0,33
-6,11,12,6,11,2475,UA,LAX,1,39,139,0,0,33
-4,11,12,6,15,2475,UA,LAX,1,39,139,0,0,33
3,11,12,6,8,2475,UA,LAX,1,39,139,0,0,33
-1,11,12,6,6,2475,UA,LAX,1,39,139,0,0,33
0,11,12,6,12,2475,DL,LAX,1,39,139,0,0,33
-3,11,12,6,9,2475,DL,LAX,1,39,139,0,0,33
-5,11,12,6,17,2475,DL,LAX,1,39,139,0,0,33
-1,11,12,6,11,2475,B6,LAX,1,39,139,0,0,33
43,11,12,6,16,2475,B6,LAX,1,39,139,0,0,33
-1,11,12,6,20,2475,B6,LAX,1,39,139,0,0,33
-2,11,12,6,9,2475,B6,LAX,1,39,139,0,0,33
-3,11,12,6,19,2475,DL,LAX,1,39,139,0,0,33
-1,11,12,6,15,2475,DL,LAX,1,39,139,0,0,33
0,11,12,6,19,2475,AA,LAX,1,39,139,0,0,33
-7,11,12,6,21,2475,AA,LAX,1,39,139,0,0,33
-5,11,12,6,12,2475,AA,LAX,1,39,139,0,0,33
-2,11,12,6,16,2475,AA,LAX,1,39,139,0,0,33
-1,11,12,6,9,2475,AA,LAX,1,39,139,0,0,33
-8,11,12,6,15,2475,AA,LAX,1,39,139,0,0,33
1,11,12,6,13,2475,AA,LAX,1,39,139,0,0,33
0,11,12,6,7,2475,AA,LAX,1,39,139,0,0,33
-4,11,23,3,13,2475,AA,LAX,1,39,117,117,0,31
-2,11,23,3,16,2475,AA,LAX,1,39,117,117,0,31
-5,11,23,3,7,2475,AA,LAX,1,39,117,117,0,31
-4,11,23,3,10,2475,AA,LAX,1,39,117,117,0,31
-5,11,23,3,21,2475,AA,LAX,1,39,117,117,0,31
6,11,23,3,19,2475,AA,LAX,1,39,117,117,0,31
-2,11,23,3,15,2475,AA,LAX,1,39,117,117,0,31
-3,11,23,3,9,2475,AA,LAX,1,39,117,117,0,31
-7,11,23,3,12,2475,AA,LAX,1,39,117,117,0,31
27,11,23,3,9,2475,B6,LAX,1,39,117,117,0,31
-4,11,23,3,20,2475,B6,LAX,1,39,117,117,0,31
-6,11,23,3,16,2475,B6,LAX,1,39,117,117,0,31
0,11,23,3,19,2475,DL,LAX,1,39,117,117,0,31
-4,11,23,3,21,2475,DL,LAX,1,39,117,117,0,31
-5,11,23,3,15,2475,DL,LAX,1,39,117,117,0,31
-6,11,23,3,12,2475,DL,LAX,1,39,117,117,0,31
23,11,23,3,9,2475,DL,LAX,1,39,117,117,0,31
1,11,23,3,17,2475,DL,LAX,1,39,117,117,0,31
-4,11,23,3,7,2475,B6,LAX,1,39,117,117,0,31
-8,11,23,3,11,2475,B6,LAX,1,39,117,117,0,31
-1,11,23,3,8,2475,UA,LAX,1,39,117,117,0,31
-4,11,23,3,11,2475,UA,LAX,1,39,117,117,0,31
-3,11,23,3,15,2475,UA,LAX,1,39,117,117,0,31
-3,11,23,3,17,2475,UA,LAX,1,39,117,117,0,31
-1,11,23,3,6,2475,UA,LAX,1,39,117,117,0,31
-5,11,23,3,20,2475,UA,LAX,1,39,117,117,0,31
-6,12,8,4,20,2475,B6,LAX,16,22,72,41,0,41
-6,12,8,4,19,2475,AA,LAX,16,22,72,41,0,41
-10,12,8,4,9,2475,AA,LAX,16,22,72,41,0,41
2,12,8,4,7,2475,AA,LAX,16,22,72,41,0,41
-3,12,8,4,15,2475,AA,LAX,16,22,72,41,0,41
-4,12,8,4,16,2475,AA,LAX,16,22,72,41,0,41
-4,12,8,4,21,2475,AA,LAX,16,22,72,41,0,41
-3,12,8,4,7,2475,B6,LAX,16,22,72,41,0,41
-8,12,8,4,11,2475,B6,LAX,16,22,72,41,0,41
13,12,8,4,16,2475,B6,LAX,16,22,72,41,0,41
-3,12,8,4,9,2475,B6,LAX,16,22,72,41,0,41
-6,12,8,4,12,2475,AA,LAX,16,22,72,41,0,41
-5,12,8,4,10,2475,AA,LAX,16,22,72,41,0,41
-1,12,8,4,7,2475,DL,LAX,16,22,72,41,0,41
-5,12,8,4,17,2475,DL,LAX,16,22,72,41,0,41
33,12,8,4,9,2475,DL,LAX,16,22,72,41,0,41
-5,12,8,4,7,2475,DL,LAX,16,22,72,41,0,41
-7,12,8,4,12,2475,DL,LAX,16,22,72,41,0,41
15,12,8,4,15,2475,DL,LAX,16,22,72,41,0,41
17,12,8,4,21,2475,DL,LAX,16,22,72,41,0,41
-4,12,8,4,19,2475,DL,LAX,16,22,72,41,0,41
0,12,8,4,6,2475,UA,LAX,16,22,72,41,0,41
-2,12,8,4,8,2475,UA,LAX,16,22,72,41,0,41
0,12,8,4,17,2475,UA,LAX,16,22,72,41,0,41
-4,12,8,4,11,2475,UA,LAX,16,22,72,41,0,41
12,12,8,4,20,2475,UA,LAX,16,22,72,41,0,41
-2,12,8,4,15,2475,UA,LAX,16,22,72,41,0,41
-4,12,11,7,19,2475,AA,LAX,14,-17,39,0,0,17
2,12,11,7,7,2475,B6,LAX,14,-17,39,0,0,17
-3,12,11,7,11,2475,B6,LAX,14,-17,39,0,0,17
6,12,11,7,16,2475,B6,LAX,14,-17,39,0,0,17
2,12,11,7,20,2475,B6,LAX,14,-17,39,0,0,17
-3,12,11,7,9,2475,B6,LAX,14,-17,39,0,0,17
-8,12,11,7,9,2475,AA,LAX,14,-17,39,0,0,17
-6,12,11,7,12,2475,AA,LAX,14,-17,39,0,0,17
-5,12,11,7,10,2475,AA,LAX,14,-17,39,0,0,17
3,12,11,7,19,2475,DL,LAX,14,-17,39,0,0,17
-2,12,11,7,21,2475,DL,LAX,14,-17,39,0,0,17
1,12,11,7,15,2475,DL,LAX,14,-17,39,0,0,17
-7,12,11,7,12,2475,DL,LAX,14,-17,39,0,0,17
-2,12,11,7,9,2475,DL,LAX,14,-17,39,0,0,17
-3,12,11,7,15,2475,AA,LAX,14,-17,39,0,0,17
-1,12,11,7,16,2475,AA,LAX,14,-17,39,0,0,17
-7,12,11,7,21,2475,AA,LAX,14,-17,39,0,0,17
-5,12,11,7,7,2475,AA,LAX,14,-17,39,0,0,17
4,12,11,7,17,2475,DL,LAX,14,-17,39,0,0,17
2,12,11,7,20,2475,UA,LAX,14,-17,39,0,0,17
0,12,11,7,15,2475,UA,LAX,14,-17,39,0,0,17
-3,12,11,7,17,2475,UA,LAX,14,-17,39,0,0,17
-5,12,11,7,8,2475,UA,LAX,14,-17,39,0,0,17
-3,12,11,7,11,2475,UA,LAX,14,-17,39,0,0,17
-2,12,19,1,6,2475,UA,LAX,6,-22,83,0,0,34
-1,12,19,1,15,2475,UA,LAX,6,-22,83,0,0,34
-5,12,19,1,11,2475,UA,LAX,6,-22,83,0,0,34
-5,12,19,1,17,2475,UA,LAX,6,-22,83,0,0,34
-3,12,19,1,8,2475,UA,LAX,6,-22,83,0,0,34
-2,12,19,1,7,2475,AA,LAX,6,-22,83,0,0,34
0,12,19,1,17,2475,DL,LAX,6,-22,83,0,0,34
-4,12,19,1,6,2475,AA,LAX,6,-22,83,0,0,34
-6,12,19,1,19,2475,AA,LAX,6,-22,83,0,0,34
29,12,19,1,15,2475,DL,LAX,6,-22,83,0,0,34
10,12,19,1,15,2475,AA,LAX,6,-22,83,0,0,34
-5,12,19,1,12,2475,DL,LAX,6,-22,83,0,0,34
-3,12,19,1,9,2475,DL,LAX,6,-22,83,0,0,34
-3,12,19,1,7,2475,B6,LAX,6,-22,83,0,0,34
-1,12,19,1,11,2475,B6,LAX,6,-22,83,0,0,34
-7,12,19,1,16,2475,B6,LAX,6,-22,83,0,0,34
-1,12,19,1,19,2475,DL,LAX,6,-22,83,0,0,34
2,12,19,1,7,2475,DL,LAX,6,-22,83,0,0,34
-2,12,19,1,9,2475,AA,LAX,6,-22,83,0,0,34
0,12,19,1,16,2475,AA,LAX,6,-22,83,0,0,34
-4,12,19,1,12,2475,AA,LAX,6,-22,83,0,0,34
-5,12,19,1,10,2475,AA,LAX,6,-22,83,0,0,34
6,12,19,1,21,2475,DL,LAX,6,-22,83,0,0,34
52,12,19,1,13,2475,AA,LAX,6,-22,83,0,0,34
-2,12,19,1,20,2475,B6,LAX,6,-22,83,0,0,34
-3,12,19,1,7,2475,DL,LAX,6,-22,83,0,0,34
-2,12,22,4,9,2475,AA,LAX,3,89,144,15,0,24
0,12,22,4,19,2475,DL,LAX,3,89,144,15,0,24
-3,12,22,4,21,2475,DL,LAX,3,89,144,15,0,24
-2,12,22,4,15,2475,DL,LAX,3,89,144,15,0,24
-3,12,22,4,12,2475,DL,LAX,3,89,144,15,0,24
-5,12,22,4,7,2475,DL,LAX,3,89,144,15,0,24
9,12,22,4,9,2475,DL,LAX,3,89,144,15,0,24
-3,12,22,4,17,2475,DL,LAX,3,89,144,15,0,24
-1,12,22,4,7,2475,DL,LAX,3,89,144,15,0,24
58,12,22,4,20,2475,B6,LAX,3,89,144,15,0,24
-9,12,22,4,16,2475,B6,LAX,3,89,144,15,0,24
10,12,22,4,11,2475,B6,LAX,3,89,144,15,0,24
-1,12,22,4,7,2475,B6,LAX,3,89,144,15,0,24
-2,12,22,4,6,2475,AA,LAX,3,89,144,15,0,24
-8,12,22,4,16,2475,AA,LAX,3,89,144,15,0,24
1,12,22,4,15,2475,AA,LAX,3,89,144,15,0,24
-3,12,22,4,13,2475,AA,LAX,3,89,144,15,0,24
-1,12,22,4,7,2475,AA,LAX,3,89,144,15,0,24
71,12,22,4,19,2475,AA,LAX,3,89,144,15,0,24
-2,12,22,4,10,2475,AA,LAX,3,89,144,15,0,24
-4,12,22,4,12,2475,AA,LAX,3,89,144,15,0,24
-2,12,22,4,15,2475,UA,LAX,3,89,144,15,0,24
-3,12,22,4,6,2475,UA,LAX,3,89,144,15,0,24
-1,12,22,4,17,2475,UA,LAX,3,89,144,15,0,24
-6,12,22,4,11,2475,UA,LAX,3,89,144,15,0,24
-2,12,22,4,8,2475,UA,LAX,3,89,144,15,0,24
