1,1,4,2,11,2475,AA,LAX,3,-11,44,0,0,28
-10,1,4,2,9,2475,AA,LAX,3,-11,44,0,0,28
-2,1,4,2,12,2475,DL,LAX,3,-11,44,0,0,28
1,1,4,2,15,2475,DL,LAX,3,-11,44,0,0,28
4,1,4,2,21,2475,DL,LAX,3,-11,44,0,0,28
-4,1,4,2,17,2475,DL,LAX,3,-11,44,0,0,28
-1,1,4,2,7,2475,DL,LAX,3,-11,44,0,0,28
19,1,4,2,19,2475,DL,LAX,3,-11,44,0,0,28
-5,1,4,2,13,2475,AA,LAX,3,-11,44,0,0,28
-3,1,4,2,6,2475,AA,LAX,3,-11,44,0,0,28
23,1,4,2,10,2475,AA,LAX,3,-11,44,0,0,28
81,1,4,2,16,2475,AA,LAX,3,-11,44,0,0,28
13,1,4,2,21,2475,B6,LAX,3,-11,44,0,0,28
78,1,4,2,18,2475,B6,LAX,3,-11,44,0,0,28
47,1,4,2,11,2475,B6,LAX,3,-11,44,0,0,28
47,1,4,2,7,2475,B6,LAX,3,-11,44,0,0,28
-3,1,4,2,21,2475,AA,LAX,3,-11,44,0,0,28
-3,1,4,2,15,2475,AA,LAX,3,-11,44,0,0,28
3,1,4,2,7,2475,AA,LAX,3,-11,44,0,0,28
-2,1,4,2,9,2475,DL,LAX,3,-11,44,0,0,28
0,1,4,2,19,2475,AA,LAX,3,-11,44,0,0,28
1,1,4,2,20,2475,UA,LAX,3,-11,44,0,0,28
0,1,4,2,6,2475,UA,LAX,3,-11,44,0,0,28
-4,1,4,2,11,2475,UA,LAX,3,-11,44,0,0,28
-3,1,4,2,15,2475,UA,LAX,3,-11,44,0,0,28
56,1,4,2,18,2475,UA,LAX,3,-11,44,0,0,28
-4,1,4,2,8,2475,UA,LAX,3,-11,44,0,0,28
3,1,15,6,18,2475,UA,LAX,0,-50,33,0,0,21
3,1,15,6,15,2475,UA,LAX,0,-50,33,0,0,21
0,1,15,6,6,2475,UA,LAX,0,-50,33,0,0,21
-6,1,15,6,11,2475,UA,LAX,0,-50,33,0,0,21
-2,1,15,6,8,2475,UA,LAX,0,-50,33,0,0,21
-8,1,15,6,18,2475,B6,LAX,0,-50,33,0,0,21
-2,1,15,6,7,2475,B6,LAX,0,-50,33,0,0,21
19,1,15,6,19,2475,AA,LAX,0,-50,33,0,0,21
-2,1,15,6,9,2475,AA,LAX,0,-50,33,0,0,21
0,1,15,6,13,2475,AA,LAX,0,-50,33,0,0,21
-8,1,15,6,6,2475,AA,LAX,0,-50,33,0,0,21
-5,1,15,6,16,2475,AA,LAX,0,-50,33,0,0,21
1,1,15,6,11,2475,AA,LAX,0,-50,33,0,0,21
7,1,15,6,15,2475,AA,LAX,0,-50,33,0,0,21
-6,1,15,6,15,2475,DL,LAX,0,-50,33,0,0,21
-6,1,15,6,17,2475,DL,LAX,0,-50,33,0,0,21
-4,1,15,6,19,2475,DL,LAX,0,-50,33,0,0,21
-5,1,15,6,9,2475,DL,LAX,0,-50,33,0,0,21
1,1,15,6,21,2475,AA,LAX,0,-50,33,0,0,21
4,1,15,6,12,2475,DL,LAX,0,-50,33,0,0,21
-2,1,15,6,7,2475,AA,LAX,0,-50,33,0,0,21
-2,1,26,3,17,2475,DL,LAX,11,-11,17,328,312,42
-1,1,26,3,7,2475,B6,LAX,11,-11,17,328,312,42
-4,1,26,3,9,2475,DL,LAX,11,-11,17,328,312,42
-3,1,26,3,12,2475,DL,LAX,11,-11,17,328,312,42
42,1,26,3,11,2475,AA,LAX,11,-11,17,328,312,42
9,1,26,3,15,2475,AA,LAX,11,-11,17,328,312,42
-4,1,26,3,7,2475,AA,LAX,11,-11,17,328,312,42
28,1,26,3,10,2475,AA,LAX,11,-11,17,328,312,42
-3,1,26,3,7,2475,DL,LAX,11,-11,17,328,312,42
18,1,26,3,18,2475,B6,LAX,11,-11,17,328,312,42
-2,1,26,3,9,2475,AA,LAX,11,-11,17,328,312,42
12,1,26,3,13,2475,AA,LAX,11,-11,17,328,312,42
-4,1,26,3,15,2475,DL,LAX,11,-11,17,328,312,42
-7,1,26,3,6,2475,AA,LAX,11,-11,17,328,312,42
76,1,26,3,19,2475,AA,LAX,11,-11,17,328,312,42
40,1,26,3,16,2475,AA,LAX,11,-11,17,328,312,42
-3,1,26,3,8,2475,UA,LAX,11,-11,17,328,312,42
0,1,26,3,15,2475,UA,LAX,11,-11,17,328,312,42
-2,1,26,3,18,2475,UA,LAX,11,-11,17,328,312,42
-4,1,26,3,6,2475,UA,LAX,11,-11,17,328,312,42
0,1,26,3,11,2475,UA,LAX,11,-11,17,328,312,42
-2,2,3,4,6,2475,AA,LAX,16,-44,11,0,0,40
-4,2,3,4,10,2475,AA,LAX,16,-44,11,0,0,40
4,2,3,4,19,2475,AA,LAX,16,-44,11,0,0,40
5,2,3,4,21,2475,AA,LAX,16,-44,11,0,0,40
-4,2,3,4,15,2475,AA,LAX,16,-44,11,0,0,40
-2,2,3,4,12,2475,DL,LAX,16,-44,11,0,0,40
-6,2,3,4,9,2475,DL,LAX,16,-44,11,0,0,40
0,2,3,4,7,2475,DL,LAX,16,-44,11,0,0,40
-2,2,3,4,19,2475,DL,LAX,16,-44,11,0,0,40
0,2,3,4,21,2475,DL,LAX,16,-44,11,0,0,40
5,2,3,4,17,2475,DL,LAX,16,-44,11,0,0,40
-1,2,3,4,7,2475,AA,LAX,16,-44,11,0,0,40
13,2,3,4,15,2475,DL,LAX,16,-44,11,0,0,40
-2,2,3,4,13,2475,AA,LAX,16,-44,11,0,0,40
1,2,3,4,16,2475,AA,LAX,16,-44,11,0,0,40
1,2,3,4,9,2475,AA,LAX,16,-44,11,0,0,40
-2,2,3,4,18,2475,B6,LAX,16,-44,11,0,0,40
53,2,3,4,15,2475,B6,LAX,16,-44,11,0,0,40
-6,2,3,4,7,2475,B6,LAX,16,-44,11,0,0,40
-4,2,3,4,11,2475,AA,LAX,16,-44,11,0,0,40
-3,2,3,4,18,2475,UA,LAX,16,-44,11,0,0,40
-3,2,3,4,8,2475,UA,LAX,16,-44,11,0,0,40
0,2,3,4,15,2475,UA,LAX,16,-44,11,0,0,40
1,2,3,4,20,2475,UA,LAX,16,-44,11,0,0,40
-6,2,3,4,11,2475,UA,LAX,16,-44,11,0,0,40
-8,2,3,4,6,2475,UA,LAX,16,-44,11,0,0,40
5,2,14,1,8,2475,UA,LAX,5,28,144,0,0,59
0,2,14,1,11,2475,UA,LAX,5,28,144,0,0,59
4,2,14,1,18,2475,UA,LAX,5,28,144,0,0,59
-7,2,14,1,6,2475,UA,LAX,5,28,144,0,0,59
-5,2,14,1,15,2475,UA,LAX,5,28,144,0,0,59
17,2,14,1,20,2475,UA,LAX,5,28,144,0,0,59
0,2,14,1,9,2475,DL,LAX,5,28,144,0,0,59
7,2,14,1,19,2475,AA,LAX,5,28,144,0,0,59
-3,2,14,1,13,2475,AA,LAX,5,28,144,0,0,59
-5,2,14,1,21,2475,AA,LAX,5,28,144,0,0,59
-3,2,14,1,10,2475,AA,LAX,5,28,144,0,0,59
-5,2,14,1,15,2475,DL,LAX,5,28,144,0,0,59
-6,2,14,1,17,2475,DL,LAX,5,28,144,0,0,59
0,2,14,1,7,2475,AA,LAX,5,28,144,0,0,59
0,2,14,1,15,2475,AA,LAX,5,28,144,0,0,59
-7,2,14,1,21,2475,DL,LAX,5,28,144,0,0,59
46,2,14,1,12,2475,AA,LAX,5,28,144,0,0,59
-6,2,14,1,12,2475,DL,LAX,5,28,144,0,0,59
-2,2,14,1,18,2475,B6,LAX,5,28,144,0,0,59
-7,2,14,1,19,2475,DL,LAX,5,28,144,0,0,59
22,2,14,1,15,2475,B6,LAX,5,28,144,0,0,59
97,2,14,1,17,2475,AA,LAX,5,28,144,0,0,59
2,2,14,1,7,2475,B6,LAX,5,28,144,0,0,59
-5,2,14,1,7,2475,DL,LAX,5,28,144,0,0,59
23,2,14,1,9,2475,AA,LAX,5,28,144,0,0,59
-3,2,14,1,6,2475,AA,LAX,5,28,144,0,0,59
-6,3,2,3,11,2475,UA,LAX,11,-39,117,0,0,49
20,3,2,3,6,2475,UA,LAX,11,-39,117,0,0,49
-4,3,2,3,20,2475,UA,LAX,11,-39,117,0,0,49
-1,3,2,3,18,2475,UA,LAX,11,-39,117,0,0,49
-5,3,2,3,8,2475,UA,LAX,11,-39,117,0,0,49
-1,3,2,3,15,2475,UA,LAX,11,-39,117,0,0,49
-6,3,2,3,11,2475,UA,LAX,11,-39,117,0,0,49
20,3,2,3,6,2475,UA,LAX,11,-39,117,0,0,49
-4,3,2,3,20,2475,UA,LAX,11,-39,117,0,0,49
-1,3,2,3,18,2475,UA,LAX,11,-39,117,0,0,49
-5,3,2,3,8,2475,UA,LAX,11,-39,117,0,0,49
-1,3,2,3,15,2475,UA,LAX,11,-39,117,0,0,49
-6,3,2,3,11,2475,UA,LAX,11,-39,117,0,0,49
20,3,2,3,6,2475,UA,LAX,11,-39,117,0,0,49
-4,3,2,3,20,2475,UA,LAX,11,-39,117,0,0,49
-1,3,2,3,18,2475,UA,LAX,11,-39,117,0,0,49
-5,3,2,3,8,2475,UA,LAX,11,-39,117,0,0,49
-1,3,2,3,15,2475,UA,LAX,11,-39,117,0,0,49
64,3,2,3,19,2475,DL,LAX,11,-39,117,0,0,49
0,3,2,3,17,2475,DL,LAX,11,-39,117,0,0,49
-8,3,2,3,21,2475,DL,LAX,11,-39,117,0,0,49
6,3,2,3,7,2475,DL,LAX,11,-39,117,0,0,49
-5,3,2,3,9,2475,DL,LAX,11,-39,117,0,0,49
-6,3,2,3,12,2475,DL,LAX,11,-39,117,0,0,49
5,3,2,3,15,2475,DL,LAX,11,-39,117,0,0,49
6,3,2,3,7,2475,DL,LAX,11,-39,117,0,0,49
-5,3,2,3,9,2475,DL,LAX,11,-39,117,0,0,49
-6,3,2,3,12,2475,DL,LAX,11,-39,117,0,0,49
5,3,2,3,15,2475,DL,LAX,11,-39,117,0,0,49
0,3,2,3,17,2475,DL,LAX,11,-39,117,0,0,49
-8,3,2,3,21,2475,DL,LAX,11,-39,117,0,0,49
64,3,2,3,19,2475,DL,LAX,11,-39,117,0,0,49
25,3,2,3,21,2475,AA,LAX,11,-39,117,0,0,49
-3,3,2,3,18,2475,B6,LAX,11,-39,117,0,0,49
19,3,2,3,12,2475,AA,LAX,11,-39,117,0,0,49
-8,3,2,3,9,2475,AA,LAX,11,-39,117,0,0,49
-5,3,2,3,15,2475,B6,LAX,11,-39,117,0,0,49
-2,3,2,3,19,2475,AA,LAX,11,-39,117,0,0,49
-6,3,2,3,13,2475,AA,LAX,11,-39,117,0,0,49
-6,3,2,3,10,2475,AA,LAX,11,-39,117,0,0,49
-3,3,2,3,6,2475,AA,LAX,11,-39,117,0,0,49
-2,3,2,3,15,2475,AA,LAX,11,-39,117,0,0,49
-8,3,2,3,7,2475,AA,LAX,11,-39,117,0,0,49
-4,3,2,3,17,2475,AA,LAX,11,-39,117,0,0,49
-5,3,2,3,7,2475,B6,LAX,11,-39,117,0,0,49
-4,3,2,3,17,2475,AA,LAX,11,-39,117,0,0,49
-2,3,2,3,15,2475,AA,LAX,11,-39,117,0,0,49
25,3,2,3,21,2475,AA,LAX,11,-39,117,0,0,49
-6,3,2,3,13,2475,AA,LAX,11,-39,117,0,0,49
-3,3,2,3,6,2475,AA,LAX,11,-39,117,0,0,49
-8,3,2,3,7,2475,AA,LAX,11,-39,117,0,0,49
-5,3,2,3,7,2475,B6,LAX,11,-39,117,0,0,49
-5,3,2,3,15,2475,B6,LAX,11,-39,117,0,0,49
-3,3,2,3,18,2475,B6,LAX,11,-39,117,0,0,49
-2,3,2,3,19,2475,AA,LAX,11,-39,117,0,0,49
-6,3,2,3,10,2475,AA,LAX,11,-39,117,0,0,49
-8,3,2,3,9,2475,AA,LAX,11,-39,117,0,0,49
19,3,2,3,12,2475,AA,LAX,11,-39,117,0,0,49
6,3,2,3,7,2475,DL,LAX,11,-39,117,0,0,49
-3,3,2,3,18,2475,B6,LAX,11,-39,117,0,0,49
-5,3,2,3,15,2475,B6,LAX,11,-39,117,0,0,49
-5,3,2,3,7,2475,B6,LAX,11,-39,117,0,0,49
-3,3,2,3,6,2475,AA,LAX,11,-39,117,0,0,49
19,3,2,3,12,2475,AA,LAX,11,-39,117,0,0,49
5,3,2,3,15,2475,DL,LAX,11,-39,117,0,0,49
25,3,2,3,21,2475,AA,LAX,11,-39,117,0,0,49
0,3,2,3,17,2475,DL,LAX,11,-39,117,0,0,49
-8,3,2,3,21,2475,DL,LAX,11,-39,117,0,0,49
64,3,2,3,19,2475,DL,LAX,11,-39,117,0,0,49
-5,3,2,3,9,2475,DL,LAX,11,-39,117,0,0,49
-6,3,2,3,12,2475,DL,LAX,11,-39,117,0,0,49
-4,3,2,3,17,2475,AA,LAX,11,-39,117,0,0,49
-8,3,2,3,9,2475,AA,LAX,11,-39,117,0,0,49
-2,3,2,3,15,2475,AA,LAX,11,-39,117,0,0,49
-6,3,2,3,10,2475,AA,LAX,11,-39,117,0,0,49
-6,3,2,3,13,2475,AA,LAX,11,-39,117,0,0,49
-2,3,2,3,19,2475,AA,LAX,11,-39,117,0,0,49
-8,3,2,3,7,2475,AA,LAX,11,-39,117,0,0,49
-1,3,13,7,21,2475,AA,LAX,22,50,117,0,0,42
3,3,13,7,17,2475,AA,LAX,22,50,117,0,0,42
3,3,13,7,18,2475,B6,LAX,22,50,117,0,0,42
-2,3,13,7,15,2475,AA,LAX,22,50,117,0,0,42
-2,3,13,7,9,2475,AA,LAX,22,50,117,0,0,42
-7,3,13,7,12,2475,DL,LAX,22,50,117,0,0,42
-7,3,13,7,9,2475,DL,LAX,22,50,117,0,0,42
33,3,13,7,15,2475,B6,LAX,22,50,117,0,0,42
61,3,13,7,13,2475,AA,LAX,22,50,117,0,0,42
-9,3,13,7,6,2475,AA,LAX,22,50,117,0,0,42
0,3,13,7,10,2475,AA,LAX,22,50,117,0,0,42
47,3,13,7,17,2475,DL,LAX,22,50,117,0,0,42
-1,3,13,7,15,2475,DL,LAX,22,50,117,0,0,42
-2,3,13,7,19,2475,AA,LAX,22,50,117,0,0,42
2,3,13,7,19,2475,DL,LAX,22,50,117,0,0,42
16,3,13,7,21,2475,DL,LAX,22,50,117,0,0,42
-6,3,13,7,7,2475,B6,LAX,22,50,117,0,0,42
-4,3,13,7,7,2475,AA,LAX,22,50,117,0,0,42
-8,3,13,7,12,2475,AA,LAX,22,50,117,0,0,42
-2,3,13,7,9,2475,AA,LAX,22,50,117,0,0,42
-4,3,13,7,7,2475,AA,LAX,22,50,117,0,0,42
61,3,13,7,13,2475,AA,LAX,22,50,117,0,0,42
33,3,13,7,15,2475,B6,LAX,22,50,117,0,0,42
-1,3,13,7,21,2475,AA,LAX,22,50,117,0,0,42
3,3,13,7,18,2475,B6,LAX,22,50,117,0,0,42
-6,3,13,7,7,2475,B6,LAX,22,50,117,0,0,42
-2,3,13,7,19,2475,AA,LAX,22,50,117,0,0,42
0,3,13,7,10,2475,AA,LAX,22,50,117,0,0,42
-2,3,13,7,15,2475,AA,LAX,22,50,117,0,0,42
-9,3,13,7,6,2475,AA,LAX,22,50,117,0,0,42
-8,3,13,7,12,2475,AA,LAX,22,50,117,0,0,42
3,3,13,7,17,2475,AA,LAX,22,50,117,0,0,42
-8,3,13,7,12,2475,AA,LAX,22,50,117,0,0,42
3,3,13,7,17,2475,AA,LAX,22,50,117,0,0,42
-9,3,13,7,6,2475,AA,LAX,22,50,117,0,0,42
-1,3,13,7,21,2475,AA,LAX,22,50,117,0,0,42
-2,3,13,7,15,2475,AA,LAX,22,50,117,0,0,42
0,3,13,7,10,2475,AA,LAX,22,50,117,0,0,42
61,3,13,7,13,2475,AA,LAX,22,50,117,0,0,42
-4,3,13,7,7,2475,AA,LAX,22,50,117,0,0,42
-2,3,13,7,9,2475,AA,LAX,22,50,117,0,0,42
-2,3,13,7,19,2475,AA,LAX,22,50,117,0,0,42
-1,3,13,7,15,2475,DL,LAX,22,50,117,0,0,42
-7,3,13,7,9,2475,DL,LAX,22,50,117,0,0,42
-7,3,13,7,12,2475,DL,LAX,22,50,117,0,0,42
47,3,13,7,17,2475,DL,LAX,22,50,117,0,0,42
3,3,13,7,18,2475,B6,LAX,22,50,117,0,0,42
33,3,13,7,15,2475,B6,LAX,22,50,117,0,0,42
-6,3,13,7,7,2475,B6,LAX,22,50,117,0,0,42
16,3,13,7,21,2475,DL,LAX,22,50,117,0,0,42
2,3,13,7,19,2475,DL,LAX,22,50,117,0,0,42
-3,3,13,7,8,2475,UA,LAX,22,50,117,0,0,42
12,3,13,7,20,2475,UA,LAX,22,50,117,0,0,42
-3,3,13,7,6,2475,UA,LAX,22,50,117,0,0,42
-6,3,13,7,18,2475,UA,LAX,22,50,117,0,0,42
-4,3,13,7,15,2475,UA,LAX,22,50,117,0,0,42
-9,3,13,7,11,2475,UA,LAX,22,50,117,0,0,42
-3,3,13,7,8,2475,UA,LAX,22,50,117,0,0,42
12,3,13,7,20,2475,UA,LAX,22,50,117,0,0,42
-3,3,13,7,6,2475,UA,LAX,22,50,117,0,0,42
-6,3,13,7,18,2475,UA,LAX,22,50,117,0,0,42
-4,3,13,7,15,2475,UA,LAX,22,50,117,0,0,42
-9,3,13,7,11,2475,UA,LAX,22,50,117,0,0,42
-7,3,13,7,12,2475,DL,LAX,22,50,117,0,0,42
-7,3,13,7,9,2475,DL,LAX,22,50,117,0,0,42
47,3,13,7,17,2475,DL,LAX,22,50,117,0,0,42
-1,3,13,7,15,2475,DL,LAX,22,50,117,0,0,42
2,3,13,7,19,2475,DL,LAX,22,50,117,0,0,42
16,3,13,7,21,2475,DL,LAX,22,50,117,0,0,42
-3,3,13,7,8,2475,UA,LAX,22,50,117,0,0,42
12,3,13,7,20,2475,UA,LAX,22,50,117,0,0,42
-3,3,13,7,6,2475,UA,LAX,22,50,117,0,0,42
-6,3,13,7,18,2475,UA,LAX,22,50,117,0,0,42
-4,3,13,7,15,2475,UA,LAX,22,50,117,0,0,42
-9,3,13,7,11,2475,UA,LAX,22,50,117,0,0,42
0,3,24,4,8,2475,UA,LAX,33,-11,67,23,25,29
-3,3,24,4,6,2475,UA,LAX,33,-11,67,23,25,29
0,3,24,4,11,2475,UA,LAX,33,-11,67,23,25,29
-2,3,24,4,20,2475,UA,LAX,33,-11,67,23,25,29
-5,3,24,4,15,2475,UA,LAX,33,-11,67,23,25,29
-5,3,24,4,18,2475,UA,LAX,33,-11,67,23,25,29
15,3,24,4,15,2475,DL,LAX,33,-11,67,23,25,29
-4,3,24,4,21,2475,DL,LAX,33,-11,67,23,25,29
-5,3,24,4,19,2475,DL,LAX,33,-11,67,23,25,29
-5,3,24,4,7,2475,DL,LAX,33,-11,67,23,25,29
-1,3,24,4,17,2475,DL,LAX,33,-11,67,23,25,29
-5,3,24,4,9,2475,DL,LAX,33,-11,67,23,25,29
53,3,24,4,12,2475,DL,LAX,33,-11,67,23,25,29
0,3,24,4,8,2475,UA,LAX,33,-11,67,23,25,29
-3,3,24,4,6,2475,UA,LAX,33,-11,67,23,25,29
0,3,24,4,11,2475,UA,LAX,33,-11,67,23,25,29
-2,3,24,4,20,2475,UA,LAX,33,-11,67,23,25,29
-5,3,24,4,15,2475,UA,LAX,33,-11,67,23,25,29
-5,3,24,4,18,2475,UA,LAX,33,-11,67,23,25,29
0,3,24,4,8,2475,UA,LAX,33,-11,67,23,25,29
-3,3,24,4,6,2475,UA,LAX,33,-11,67,23,25,29
0,3,24,4,11,2475,UA,LAX,33,-11,67,23,25,29
-2,3,24,4,20,2475,UA,LAX,33,-11,67,23,25,29
-5,3,24,4,15,2475,UA,LAX,33,-11,67,23,25,29
-5,3,24,4,18,2475,UA,LAX,33,-11,67,23,25,29
-6,3,24,4,13,2475,AA,LAX,33,-11,67,23,25,29
-1,3,24,4,15,2475,B6,LAX,33,-11,67,23,25,29
-3,3,24,4,7,2475,B6,LAX,33,-11,67,23,25,29
2,3,24,4,12,2475,AA,LAX,33,-11,67,23,25,29
-1,3,24,4,19,2475,AA,LAX,33,-11,67,23,25,29
0,3,24,4,6,2475,AA,LAX,33,-11,67,23,25,29
3,3,24,4,7,2475,AA,LAX,33,-11,67,23,25,29
21,3,24,4,9,2475,AA,LAX,33,-11,67,23,25,29
13,3,24,4,15,2475,AA,LAX,33,-11,67,23,25,29
166,3,24,4,18,2475,B6,LAX,33,-11,67,23,25,29
15,3,24,4,10,2475,AA,LAX,33,-11,67,23,25,29
4,3,24,4,17,2475,AA,LAX,33,-11,67,23,25,29
-6,3,24,4,21,2475,AA,LAX,33,-11,67,23,25,29
2,3,24,4,12,2475,AA,LAX,33,-11,67,23,25,29
21,3,24,4,9,2475,AA,LAX,33,-11,67,23,25,29
-1,3,24,4,19,2475,AA,LAX,33,-11,67,23,25,29
-5,3,24,4,7,2475,DL,LAX,33,-11,67,23,25,29
-6,3,24,4,13,2475,AA,LAX,33,-11,67,23,25,29
-1,3,24,4,15,2475,B6,LAX,33,-11,67,23,25,29
-3,3,24,4,7,2475,B6,LAX,33,-11,67,23,25,29
13,3,24,4,15,2475,AA,LAX,33,-11,67,23,25,29
-6,3,24,4,21,2475,AA,LAX,33,-11,67,23,25,29
15,3,24,4,15,2475,DL,LAX,33,-11,67,23,25,29
166,3,24,4,18,2475,B6,LAX,33,-11,67,23,25,29
0,3,24,4,6,2475,AA,LAX,33,-11,67,23,25,29
-4,3,24,4,21,2475,DL,LAX,33,-11,67,23,25,29
-5,3,24,4,9,2475,DL,LAX,33,-11,67,23,25,29
3,3,24,4,7,2475,AA,LAX,33,-11,67,23,25,29
15,3,24,4,10,2475,AA,LAX,33,-11,67,23,25,29
-5,3,24,4,19,2475,DL,LAX,33,-11,67,23,25,29
4,3,24,4,17,2475,AA,LAX,33,-11,67,23,25,29
53,3,24,4,12,2475,DL,LAX,33,-11,67,23,25,29
-1,3,24,4,17,2475,DL,LAX,33,-11,67,23,25,29
-5,3,24,4,9,2475,DL,LAX,33,-11,67,23,25,29
-1,3,24,4,17,2475,DL,LAX,33,-11,67,23,25,29
-5,3,24,4,7,2475,DL,LAX,33,-11,67,23,25,29
-1,3,24,4,15,2475,B6,LAX,33,-11,67,23,25,29
-5,3,24,4,19,2475,DL,LAX,33,-11,67,23,25,29
-4,3,24,4,21,2475,DL,LAX,33,-11,67,23,25,29
15,3,24,4,15,2475,DL,LAX,33,-11,67,23,25,29
166,3,24,4,18,2475,B6,LAX,33,-11,67,23,25,29
-3,3,24,4,7,2475,B6,LAX,33,-11,67,23,25,29
53,3,24,4,12,2475,DL,LAX,33,-11,67,23,25,29
-1,3,24,4,19,2475,AA,LAX,33,-11,67,23,25,29
-6,3,24,4,21,2475,AA,LAX,33,-11,67,23,25,29
2,3,24,4,12,2475,AA,LAX,33,-11,67,23,25,29
3,3,24,4,7,2475,AA,LAX,33,-11,67,23,25,29
13,3,24,4,15,2475,AA,LAX,33,-11,67,23,25,29
21,3,24,4,9,2475,AA,LAX,33,-11,67,23,25,29
4,3,24,4,17,2475,AA,LAX,33,-11,67,23,25,29
0,3,24,4,6,2475,AA,LAX,33,-11,67,23,25,29
15,3,24,4,10,2475,AA,LAX,33,-11,67,23,25,29
-6,3,24,4,13,2475,AA,LAX,33,-11,67,23,25,29
-3,4,1,5,6,2475,UA,LAX,41,17,67,46,0,34
-3,4,1,5,20,2475,UA,LAX,41,17,67,46,0,34
2,4,1,5,15,2475,UA,LAX,41,17,67,46,0,34
3,4,1,5,17,2475,UA,LAX,41,17,67,46,0,34
-1,4,1,5,8,2475,UA,LAX,41,17,67,46,0,34
-3,4,1,5,11,2475,UA,LAX,41,17,67,46,0,34
13,4,1,5,10,2475,AA,LAX,41,17,67,46,0,34
-2,4,1,5,13,2475,AA,LAX,41,17,67,46,0,34
0,4,1,5,19,2475,AA,LAX,41,17,67,46,0,34
-2,4,1,5,18,2475,B6,LAX,41,17,67,46,0,34
7,4,1,5,15,2475,B6,LAX,41,17,67,46,0,34
0,4,1,5,7,2475,B6,LAX,41,17,67,46,0,34
-7,4,1,5,12,2475,AA,LAX,41,17,67,46,0,34
23,4,1,5,21,2475,DL,LAX,41,17,67,46,0,34
-3,4,1,5,12,2475,DL,LAX,41,17,67,46,0,34
0,4,1,5,6,2475,AA,LAX,41,17,67,46,0,34
-2,4,1,5,15,2475,DL,LAX,41,17,67,46,0,34
-5,4,1,5,7,2475,DL,LAX,41,17,67,46,0,34
-4,4,1,5,9,2475,DL,LAX,41,17,67,46,0,34
27,4,1,5,15,2475,AA,LAX,41,17,67,46,0,34
-6,4,1,5,9,2475,AA,LAX,41,17,67,46,0,34
11,4,1,5,7,2475,AA,LAX,41,17,67,46,0,34
13,4,1,5,21,2475,AA,LAX,41,17,67,46,0,34
-7,4,1,5,17,2475,AA,LAX,41,17,67,46,0,34
0,4,1,5,19,2475,DL,LAX,41,17,67,46,0,34
2,4,9,6,12,2475,AA,LAX,49,44,144,0,0,22
-5,4,9,6,16,2475,AA,LAX,49,44,144,0,0,22
32,4,9,6,15,2475,DL,LAX,49,44,144,0,0,22
0,4,9,6,18,2475,B6,LAX,49,44,144,0,0,22
-8,4,9,6,16,2475,B6,LAX,49,44,144,0,0,22
-2,4,9,6,9,2475,DL,LAX,49,44,144,0,0,22
62,4,9,6,17,2475,DL,LAX,49,44,144,0,0,22
-5,4,9,6,12,2475,DL,LAX,49,44,144,0,0,22
-5,4,9,6,6,2475,AA,LAX,49,44,144,0,0,22
-7,4,9,6,15,2475,AA,LAX,49,44,144,0,0,22
28,4,9,6,19,2475,DL,LAX,49,44,144,0,0,22
0,4,9,6,7,2475,AA,LAX,49,44,144,0,0,22
-8,4,9,6,13,2475,AA,LAX,49,44,144,0,0,22
29,4,9,6,19,2475,AA,LAX,49,44,144,0,0,22
-6,4,9,6,9,2475,AA,LAX,49,44,144,0,0,22
-5,4,9,6,21,2475,AA,LAX,49,44,144,0,0,22
4,4,9,6,15,2475,UA,LAX,49,44,144,0,0,22
-3,4,9,6,6,2475,UA,LAX,49,44,144,0,0,22
119,4,9,6,18,2475,UA,LAX,49,44,144,0,0,22
-3,4,9,6,11,2475,UA,LAX,49,44,144,0,0,22
0,4,9,6,8,2475,UA,LAX,49,44,144,0,0,22
22,4,12,2,20,2475,UA,LAX,46,72,222,277,0,48
-4,4,12,2,11,2475,UA,LAX,46,72,222,277,0,48
25,4,12,2,18,2475,UA,LAX,46,72,222,277,0,48
-3,4,12,2,15,2475,UA,LAX,46,72,222,277,0,48
-2,4,12,2,6,2475,UA,LAX,46,72,222,277,0,48
3,4,12,2,8,2475,UA,LAX,46,72,222,277,0,48
-4,4,12,2,12,2475,AA,LAX,46,72,222,277,0,48
4,4,12,2,7,2475,AA,LAX,46,72,222,277,0,48
-6,4,12,2,9,2475,AA,LAX,46,72,222,277,0,48
-9,4,12,2,10,2475,AA,LAX,46,72,222,277,0,48
-4,4,12,2,15,2475,DL,LAX,46,72,222,277,0,48
-3,4,12,2,7,2475,DL,LAX,46,72,222,277,0,48
22,4,12,2,9,2475,DL,LAX,46,72,222,277,0,48
-1,4,12,2,17,2475,DL,LAX,46,72,222,277,0,48
-6,4,12,2,12,2475,DL,LAX,46,72,222,277,0,48
15,4,12,2,21,2475,DL,LAX,46,72,222,277,0,48
1,4,12,2,19,2475,DL,LAX,46,72,222,277,0,48
-7,4,12,2,18,2475,B6,LAX,46,72,222,277,0,48
32,4,12,2,16,2475,B6,LAX,46,72,222,277,0,48
-3,4,12,2,7,2475,B6,LAX,46,72,222,277,0,48
-3,4,12,2,19,2475,AA,LAX,46,72,222,277,0,48
-4,4,12,2,6,2475,AA,LAX,46,72,222,277,0,48
56,4,12,2,21,2475,AA,LAX,46,72,222,277,0,48
103,4,12,2,16,2475,AA,LAX,46,72,222,277,0,48
8,4,12,2,15,2475,AA,LAX,46,72,222,277,0,48
-3,4,12,2,13,2475,AA,LAX,46,72,222,277,0,48
13,4,23,6,21,2475,AA,LAX,35,61,161,191,0,25
4,4,23,6,12,2475,AA,LAX,35,61,161,191,0,25
-4,4,23,6,16,2475,AA,LAX,35,61,161,191,0,25
-4,4,23,6,17,2475,DL,LAX,35,61,161,191,0,25
-2,4,23,6,13,2475,AA,LAX,35,61,161,191,0,25
-3,4,23,6,12,2475,DL,LAX,35,61,161,191,0,25
-2,4,23,6,19,2475,DL,LAX,35,61,161,191,0,25
-6,4,23,6,6,2475,AA,LAX,35,61,161,191,0,25
-5,4,23,6,19,2475,AA,LAX,35,61,161,191,0,25
73,4,23,6,15,2475,AA,LAX,35,61,161,191,0,25
-3,4,23,6,18,2475,B6,LAX,35,61,161,191,0,25
-5,4,23,6,15,2475,DL,LAX,35,61,161,191,0,25
4,4,23,6,9,2475,DL,LAX,35,61,161,191,0,25
-1,4,23,6,7,2475,AA,LAX,35,61,161,191,0,25
-4,4,23,6,9,2475,AA,LAX,35,61,161,191,0,25
-3,4,23,6,16,2475,B6,LAX,35,61,161,191,0,25
-6,4,23,6,11,2475,UA,LAX,35,61,161,191,0,25
-7,4,23,6,15,2475,UA,LAX,35,61,161,191,0,25
-11,4,23,6,6,2475,UA,LAX,35,61,161,191,0,25
49,4,23,6,18,2475,UA,LAX,35,61,161,191,0,25
-4,4,23,6,8,2475,UA,LAX,35,61,161,191,0,25
-2,5,8,7,15,2475,AA,LAX,20,111,233,0,0,22
-3,5,8,7,13,2475,AA,LAX,20,111,233,0,0,22
-2,5,8,7,16,2475,AA,LAX,20,111,233,0,0,22
-1,5,8,7,7,2475,AA,LAX,20,111,233,0,0,22
-5,5,8,7,19,2475,AA,LAX,20,111,233,0,0,22
-4,5,8,7,21,2475,AA,LAX,20,111,233,0,0,22
-11,5,8,7,10,2475,AA,LAX,20,111,233,0,0,22
-10,5,8,7,6,2475,AA,LAX,20,111,233,0,0,22
-6,5,8,7,12,2475,AA,LAX,20,111,233,0,0,22
-1,5,8,7,9,2475,AA,LAX,20,111,233,0,0,22
-3,5,8,7,20,2475,B6,LAX,20,111,233,0,0,22
-4,5,8,7,7,2475,B6,LAX,20,111,233,0,0,22
27,5,8,7,11,2475,B6,LAX,20,111,233,0,0,22
-5,5,8,7,19,2475,DL,LAX,20,111,233,0,0,22
1,5,8,7,21,2475,DL,LAX,20,111,233,0,0,22
57,5,8,7,9,2475,DL,LAX,20,111,233,0,0,22
-2,5,8,7,12,2475,DL,LAX,20,111,233,0,0,22
-4,5,8,7,15,2475,DL,LAX,20,111,233,0,0,22
-4,5,8,7,17,2475,DL,LAX,20,111,233,0,0,22
-4,5,8,7,16,2475,B6,LAX,20,111,233,0,0,22
-4,5,8,7,18,2475,UA,LAX,20,111,233,0,0,22
-7,5,8,7,15,2475,UA,LAX,20,111,233,0,0,22
0,5,8,7,11,2475,UA,LAX,20,111,233,0,0,22
0,5,8,7,20,2475,UA,LAX,20,111,233,0,0,22
-1,5,8,7,8,2475,UA,LAX,20,111,233,0,0,22
15,5,11,3,18,2475,UA,LAX,17,111,217,0,0,26
-5,5,11,3,6,2475,UA,LAX,17,111,217,0,0,26
-4,5,11,3,11,2475,UA,LAX,17,111,217,0,0,26
-6,5,11,3,20,2475,UA,LAX,17,111,217,0,0,26
-2,5,11,3,8,2475,UA,LAX,17,111,217,0,0,26
-6,5,11,3,15,2475,UA,LAX,17,111,217,0,0,26
-5,5,11,3,6,2475,AA,LAX,17,111,217,0,0,26
14,5,11,3,15,2475,AA,LAX,17,111,217,0,0,26
-5,5,11,3,13,2475,AA,LAX,17,111,217,0,0,26
27,5,11,3,16,2475,AA,LAX,17,111,217,0,0,26
43,5,11,3,19,2475,AA,LAX,17,111,217,0,0,26
113,5,11,3,21,2475,AA,LAX,17,111,217,0,0,26
-9,5,11,3,9,2475,AA,LAX,17,111,217,0,0,26
-11,5,11,3,10,2475,AA,LAX,17,111,217,0,0,26
-7,5,11,3,7,2475,AA,LAX,17,111,217,0,0,26
-13,5,11,3,12,2475,AA,LAX,17,111,217,0,0,26
19,5,11,3,15,2475,DL,LAX,17,111,217,0,0,26
4,5,11,3,17,2475,DL,LAX,17,111,217,0,0,26
-3,5,11,3,20,2475,B6,LAX,17,111,217,0,0,26
-1,5,11,3,16,2475,B6,LAX,17,111,217,0,0,26
-1,5,11,3,11,2475,B6,LAX,17,111,217,0,0,26
-1,5,11,3,7,2475,B6,LAX,17,111,217,0,0,26
-6,5,11,3,19,2475,DL,LAX,17,111,217,0,0,26
-4,5,11,3,21,2475,DL,LAX,17,111,217,0,0,26
-4,5,11,3,9,2475,DL,LAX,17,111,217,0,0,26
-3,5,11,3,12,2475,DL,LAX,17,111,217,0,0,26
-4,5,11,3,7,2475,DL,LAX,17,111,217,0,0,26
-5,5,19,4,8,2475,UA,LAX,9,156,239,0,0,19
13,5,19,4,18,2475,UA,LAX,9,156,239,0,0,19
-7,5,19,4,11,2475,UA,LAX,9,156,239,0,0,19
-1,5,19,4,20,2475,UA,LAX,9,156,239,0,0,19
-3,5,19,4,6,2475,UA,LAX,9,156,239,0,0,19
-5,5,19,4,15,2475,UA,LAX,9,156,239,0,0,19
-2,5,19,4,15,2475,DL,LAX,9,156,239,0,0,19
-5,5,19,4,7,2475,DL,LAX,9,156,239,0,0,19
-3,5,19,4,12,2475,DL,LAX,9,156,239,0,0,19
-5,5,19,4,9,2475,DL,LAX,9,156,239,0,0,19
0,5,19,4,16,2475,B6,LAX,9,156,239,0,0,19
2,5,19,4,20,2475,B6,LAX,9,156,239,0,0,19
0,5,19,4,7,2475,B6,LAX,9,156,239,0,0,19
0,5,19,4,11,2475,B6,LAX,9,156,239,0,0,19
18,5,19,4,19,2475,DL,LAX,9,156,239,0,0,19
21,5,19,4,21,2475,DL,LAX,9,156,239,0,0,19
-2,5,19,4,17,2475,DL,LAX,9,156,239,0,0,19
27,5,19,4,15,2475,AA,LAX,9,156,239,0,0,19
-3,5,19,4,7,2475,AA,LAX,9,156,239,0,0,19
29,5,19,4,16,2475,AA,LAX,9,156,239,0,0,19
11,5,19,4,21,2475,AA,LAX,9,156,239,0,0,19
-9,5,19,4,9,2475,AA,LAX,9,156,239,0,0,19
-2,5,19,4,6,2475,AA,LAX,9,156,239,0,0,19
5,5,19,4,19,2475,AA,LAX,9,156,239,0,0,19
-7,5,19,4,12,2475,AA,LAX,9,156,239,0,0,19
1,5,19,4,13,2475,AA,LAX,9,156,239,0,0,19
-9,5,19,4,10,2475,AA,LAX,9,156,239,0,0,19
-4,5,22,7,18,2475,UA,LAX,6,122,144,0,0,24
13,5,22,7,15,2475,UA,LAX,6,122,144,0,0,24
-1,5,22,7,20,2475,UA,LAX,6,122,144,0,0,24
-2,5,22,7,8,2475,UA,LAX,6,122,144,0,0,24
-6,5,22,7,11,2475,UA,LAX,6,122,144,0,0,24
-10,5,22,7,12,2475,AA,LAX,6,122,144,0,0,24
-4,5,22,7,7,2475,AA,LAX,6,122,144,0,0,24
5,5,22,7,21,2475,AA,LAX,6,122,144,0,0,24
-1,5,22,7,6,2475,AA,LAX,6,122,144,0,0,24
1,5,22,7,15,2475,AA,LAX,6,122,144,0,0,24
10,5,22,7,9,2475,AA,LAX,6,122,144,0,0,24
12,5,22,7,19,2475,AA,LAX,6,122,144,0,0,24
15,5,22,7,10,2475,AA,LAX,6,122,144,0,0,24
-1,5,22,7,16,2475,AA,LAX,6,122,144,0,0,24
4,5,22,7,9,2475,DL,LAX,6,122,144,0,0,24
-7,5,22,7,7,2475,B6,LAX,6,122,144,0,0,24
0,5,22,7,11,2475,B6,LAX,6,122,144,0,0,24
21,5,22,7,16,2475,B6,LAX,6,122,144,0,0,24
38,5,22,7,20,2475,B6,LAX,6,122,144,0,0,24
-2,5,22,7,19,2475,DL,LAX,6,122,144,0,0,24
26,5,22,7,21,2475,DL,LAX,6,122,144,0,0,24
-2,5,22,7,17,2475,DL,LAX,6,122,144,0,0,24
-3,5,22,7,15,2475,DL,LAX,6,122,144,0,0,24
-6,5,22,7,12,2475,DL,LAX,6,122,144,0,0,24
3,6,7,2,16,2475,AA,LAX,0,189,306,0,0,23
-11,6,7,2,10,2475,AA,LAX,0,189,306,0,0,23
12,6,7,2,19,2475,AA,LAX,0,189,306,0,0,23
-2,6,7,2,9,2475,AA,LAX,0,189,306,0,0,23
20,6,7,2,15,2475,AA,LAX,0,189,306,0,0,23
-5,6,7,2,7,2475,B6,LAX,0,189,306,0,0,23
-5,6,7,2,19,2475,DL,LAX,0,189,306,0,0,23
9,6,7,2,21,2475,DL,LAX,0,189,306,0,0,23
-2,6,7,2,11,2475,B6,LAX,0,189,306,0,0,23
-3,6,7,2,16,2475,B6,LAX,0,189,306,0,0,23
-4,6,7,2,20,2475,B6,LAX,0,189,306,0,0,23
-7,6,7,2,7,2475,AA,LAX,0,189,306,0,0,23
11,6,7,2,6,2475,AA,LAX,0,189,306,0,0,23
1,6,7,2,13,2475,AA,LAX,0,189,306,0,0,23
0,6,7,2,9,2475,DL,LAX,0,189,306,0,0,23
-4,6,7,2,12,2475,DL,LAX,0,189,306,0,0,23
81,6,7,2,7,2475,DL,LAX,0,189,306,0,0,23
-5,6,7,2,17,2475,DL,LAX,0,189,306,0,0,23
-6,6,7,2,15,2475,DL,LAX,0,189,306,0,0,23
-5,6,7,2,21,2475,AA,LAX,0,189,306,0,0,23
-6,6,7,2,12,2475,AA,LAX,0,189,306,0,0,23
0,6,7,2,20,2475,UA,LAX,0,189,306,0,0,23
-3,6,7,2,6,2475,UA,LAX,0,189,306,0,0,23
-1,6,7,2,11,2475,UA,LAX,0,189,306,0,0,23
-2,6,7,2,18,2475,UA,LAX,0,189,306,0,0,23
75,6,7,2,8,2475,UA,LAX,0,189,306,0,0,23
9,6,7,2,15,2475,UA,LAX,0,189,306,0,0,23
-2,6,10,5,8,2475,UA,LAX,3,211,306,0,0,21
-2,6,10,5,15,2475,UA,LAX,3,211,306,0,0,21
-1,6,10,5,17,2475,UA,LAX,3,211,306,0,0,21
0,6,10,5,6,2475,UA,LAX,3,211,306,0,0,21
-6,6,10,5,11,2475,UA,LAX,3,211,306,0,0,21
-5,6,10,5,20,2475,UA,LAX,3,211,306,0,0,21
139,6,10,5,19,2475,DL,LAX,3,211,306,0,0,21
64,6,10,5,9,2475,AA,LAX,3,211,306,0,0,21
-2,6,10,5,19,2475,AA,LAX,3,211,306,0,0,21
11,6,10,5,16,2475,AA,LAX,3,211,306,0,0,21
-5,6,10,5,7,2475,B6,LAX,3,211,306,0,0,21
-2,6,10,5,11,2475,B6,LAX,3,211,306,0,0,21
-2,6,10,5,16,2475,B6,LAX,3,211,306,0,0,21
25,6,10,5,20,2475,B6,LAX,3,211,306,0,0,21
-4,6,10,5,12,2475,AA,LAX,3,211,306,0,0,21
38,6,10,5,20,2475,AA,LAX,3,211,306,0,0,21
-7,6,10,5,10,2475,AA,LAX,3,211,306,0,0,21
92,6,10,5,15,2475,AA,LAX,3,211,306,0,0,21
4,6,10,5,6,2475,AA,LAX,3,211,306,0,0,21
67,6,10,5,7,2475,AA,LAX,3,211,306,0,0,21
1,6,10,5,17,2475,DL,LAX,3,211,306,0,0,21
11,6,10,5,9,2475,DL,LAX,3,211,306,0,0,21
114,6,10,5,15,2475,DL,LAX,3,211,306,0,0,21
-5,6,10,5,13,2475,AA,LAX,3,211,306,0,0,21
0,6,10,5,7,2475,DL,LAX,3,211,306,0,0,21
2,6,10,5,12,2475,DL,LAX,3,211,306,0,0,21
1,6,10,5,21,2475,DL,LAX,3,211,306,0,0,21
205,6,18,6,19,2475,AA,LAX,11,178,283,0,0,8
-4,6,18,6,9,2475,DL,LAX,11,178,283,0,0,8
0,6,18,6,7,2475,B6,LAX,11,178,283,0,0,8
-2,6,18,6,7,2475,AA,LAX,11,178,283,0,0,8
0,6,18,6,19,2475,DL,LAX,11,178,283,0,0,8
-2,6,18,6,13,2475,AA,LAX,11,178,283,0,0,8
-2,6,18,6,12,2475,DL,LAX,11,178,283,0,0,8
318,6,18,6,15,2475,DL,LAX,11,178,283,0,0,8
-2,6,18,6,6,2475,AA,LAX,11,178,283,0,0,8
0,6,18,6,17,2475,DL,LAX,11,178,283,0,0,8
-6,6,18,6,16,2475,AA,LAX,11,178,283,0,0,8
-9,6,18,6,12,2475,AA,LAX,11,178,283,0,0,8
14,6,18,6,9,2475,AA,LAX,11,178,283,0,0,8
0,6,18,6,20,2475,AA,LAX,11,178,283,0,0,8
-1,6,18,6,15,2475,AA,LAX,11,178,283,0,0,8
82,6,18,6,9,2475,B6,LAX,11,178,283,0,0,8
21,6,18,6,21,2475,B6,LAX,11,178,283,0,0,8
-3,6,18,6,16,2475,B6,LAX,11,178,283,0,0,8
-5,6,18,6,11,2475,UA,LAX,11,178,283,0,0,8
-1,6,18,6,6,2475,UA,LAX,11,178,283,0,0,8
33,6,18,6,18,2475,UA,LAX,11,178,283,0,0,8
-5,6,18,6,15,2475,UA,LAX,11,178,283,0,0,8
-5,6,18,6,8,2475,UA,LAX,11,178,283,0,0,8
-1,6,21,2,8,2475,UA,LAX,13,211,278,0,0,19
-1,6,21,2,17,2475,UA,LAX,13,211,278,0,0,19
1,6,21,2,20,2475,UA,LAX,13,211,278,0,0,19
-3,6,21,2,15,2475,UA,LAX,13,211,278,0,0,19
-3,6,21,2,6,2475,UA,LAX,13,211,278,0,0,19
-3,6,21,2,11,2475,UA,LAX,13,211,278,0,0,19
-3,6,21,2,7,2475,DL,LAX,13,211,278,0,0,19
-1,6,21,2,12,2475,DL,LAX,13,211,278,0,0,19
62,6,21,2,19,2475,AA,LAX,13,211,278,0,0,19
-2,6,21,2,21,2475,DL,LAX,13,211,278,0,0,19
2,6,21,2,19,2475,DL,LAX,13,211,278,0,0,19
7,6,21,2,20,2475,AA,LAX,13,211,278,0,0,19
-5,6,21,2,12,2475,AA,LAX,13,211,278,0,0,19
47,6,21,2,9,2475,AA,LAX,13,211,278,0,0,19
-2,6,21,2,15,2475,AA,LAX,13,211,278,0,0,19
-3,6,21,2,7,2475,B6,LAX,13,211,278,0,0,19
-6,6,21,2,11,2475,B6,LAX,13,211,278,0,0,19
0,6,21,2,16,2475,B6,LAX,13,211,278,0,0,19
8,6,21,2,21,2475,B6,LAX,13,211,278,0,0,19
-1,6,21,2,9,2475,B6,LAX,13,211,278,0,0,19
4,6,21,2,16,2475,AA,LAX,13,211,278,0,0,19
70,6,21,2,10,2475,AA,LAX,13,211,278,0,0,19
-3,6,21,2,6,2475,AA,LAX,13,211,278,0,0,19
-2,6,21,2,7,2475,AA,LAX,13,211,278,0,0,19
-14,6,21,2,17,2475,DL,LAX,13,211,278,0,0,19
-5,6,21,2,9,2475,DL,LAX,13,211,278,0,0,19
7,6,21,2,15,2475,DL,LAX,13,211,278,0,0,19
-4,6,29,3,9,2475,DL,LAX,5,206,278,25,0,17
-1,6,29,3,15,2475,DL,LAX,5,206,278,25,0,17
0,6,29,3,7,2475,DL,LAX,5,206,278,25,0,17
-2,6,29,3,12,2475,DL,LAX,5,206,278,25,0,17
-2,6,29,3,21,2475,DL,LAX,5,206,278,25,0,17
70,6,29,3,19,2475,DL,LAX,5,206,278,25,0,17
-7,6,29,3,17,2475,DL,LAX,5,206,278,25,0,17
-6,6,29,3,11,2475,UA,LAX,5,206,278,25,0,17
5,6,29,3,15,2475,UA,LAX,5,206,278,25,0,17
-1,6,29,3,8,2475,UA,LAX,5,206,278,25,0,17
-1,6,29,3,17,2475,UA,LAX,5,206,278,25,0,17
-5,6,29,3,6,2475,UA,LAX,5,206,278,25,0,17
-6,6,29,3,20,2475,UA,LAX,5,206,278,25,0,17
-1,6,29,3,13,2475,AA,LAX,5,206,278,25,0,17
20,6,29,3,9,2475,AA,LAX,5,206,278,25,0,17
4,6,29,3,20,2475,AA,LAX,5,206,278,25,0,17
3,6,29,3,6,2475,AA,LAX,5,206,278,25,0,17
-3,6,29,3,15,2475,AA,LAX,5,206,278,25,0,17
-5,6,29,3,12,2475,AA,LAX,5,206,278,25,0,17
-4,6,29,3,7,2475,B6,LAX,5,206,278,25,0,17
-2,6,29,3,11,2475,B6,LAX,5,206,278,25,0,17
-8,6,29,3,16,2475,B6,LAX,5,206,278,25,0,17
-3,6,29,3,21,2475,B6,LAX,5,206,278,25,0,17
-4,6,29,3,9,2475,B6,LAX,5,206,278,25,0,17
-1,6,29,3,10,2475,AA,LAX,5,206,278,25,0,17
-4,6,29,3,7,2475,AA,LAX,5,206,278,25,0,17
9,6,29,3,19,2475,AA,LAX,5,206,278,25,0,17
6,6,29,3,16,2475,AA,LAX,5,206,278,25,0,17
110,7,6,3,21,2475,B6,LAX,2,228,317,0,0,19
-1,7,6,3,9,2475,B6,LAX,2,228,317,0,0,19
20,7,6,3,17,2475,DL,LAX,2,228,317,0,0,19
-5,7,6,3,7,2475,DL,LAX,2,228,317,0,0,19
0,7,6,3,12,2475,DL,LAX,2,228,317,0,0,19
-3,7,6,3,15,2475,DL,LAX,2,228,317,0,0,19
-3,7,6,3,9,2475,DL,LAX,2,228,317,0,0,19
-4,7,6,3,19,2475,DL,LAX,2,228,317,0,0,19
34,7,6,3,21,2475,DL,LAX,2,228,317,0,0,19
45,7,6,3,7,2475,B6,LAX,2,228,317,0,0,19
9,7,6,3,11,2475,B6,LAX,2,228,317,0,0,19
42,7,6,3,16,2475,B6,LAX,2,228,317,0,0,19
0,7,6,3,19,2475,AA,LAX,2,228,317,0,0,19
7,7,6,3,13,2475,AA,LAX,2,228,317,0,0,19
197,7,6,3,15,2475,AA,LAX,2,228,317,0,0,19
-3,7,6,3,7,2475,AA,LAX,2,228,317,0,0,19
-3,7,6,3,10,2475,AA,LAX,2,228,317,0,0,19
4,7,6,3,20,2475,AA,LAX,2,228,317,0,0,19
-2,7,6,3,12,2475,AA,LAX,2,228,317,0,0,19
-10,7,6,3,9,2475,AA,LAX,2,228,317,0,0,19
-6,7,6,3,6,2475,AA,LAX,2,228,317,0,0,19
-4,7,6,3,6,2475,UA,LAX,2,228,317,0,0,19
-3,7,6,3,20,2475,UA,LAX,2,228,317,0,0,19
8,7,6,3,11,2475,UA,LAX,2,228,317,0,0,19
-1,7,6,3,17,2475,UA,LAX,2,228,317,0,0,19
-2,7,6,3,15,2475,UA,LAX,2,228,317,0,0,19
-3,7,6,3,8,2475,UA,LAX,2,228,317,0,0,19
-3,7,17,7,11,2475,UA,LAX,13,222,328,0,0,26
8,7,17,7,15,2475,UA,LAX,13,222,328,0,0,26
-5,7,17,7,17,2475,UA,LAX,13,222,328,0,0,26
8,7,17,7,8,2475,UA,LAX,13,222,328,0,0,26
44,7,17,7,20,2475,UA,LAX,13,222,328,0,0,26
7,7,17,7,7,2475,AA,LAX,13,222,328,0,0,26
3,7,17,7,10,2475,AA,LAX,13,222,328,0,0,26
-2,7,17,7,6,2475,AA,LAX,13,222,328,0,0,26
-8,7,17,7,9,2475,AA,LAX,13,222,328,0,0,26
-7,7,17,7,15,2475,AA,LAX,13,222,328,0,0,26
3,7,17,7,20,2475,AA,LAX,13,222,328,0,0,26
-6,7,17,7,12,2475,AA,LAX,13,222,328,0,0,26
24,7,17,7,16,2475,AA,LAX,13,222,328,0,0,26
22,7,17,7,13,2475,AA,LAX,13,222,328,0,0,26
-5,7,17,7,19,2475,AA,LAX,13,222,328,0,0,26
-7,7,17,7,16,2475,B6,LAX,13,222,328,0,0,26
8,7,17,7,11,2475,B6,LAX,13,222,328,0,0,26
0,7,17,7,7,2475,B6,LAX,13,222,328,0,0,26
-3,7,17,7,17,2475,DL,LAX,13,222,328,0,0,26
-5,7,17,7,12,2475,DL,LAX,13,222,328,0,0,26
2,7,17,7,15,2475,DL,LAX,13,222,328,0,0,26
-5,7,17,7,9,2475,DL,LAX,13,222,328,0,0,26
33,7,17,7,21,2475,DL,LAX,13,222,328,0,0,26
-1,7,17,7,19,2475,DL,LAX,13,222,328,0,0,26
12,7,17,7,9,2475,B6,LAX,13,222,328,0,0,26
-6,7,17,7,21,2475,B6,LAX,13,222,328,0,0,26
41,7,20,3,21,2475,DL,LAX,16,239,317,0,0,16
0,7,20,3,19,2475,DL,LAX,16,239,317,0,0,16
20,7,20,3,15,2475,DL,LAX,16,239,317,0,0,16
-4,7,20,3,9,2475,DL,LAX,16,239,317,0,0,16
-3,7,20,3,12,2475,DL,LAX,16,239,317,0,0,16
12,7,20,3,9,2475,B6,LAX,16,239,317,0,0,16
-1,7,20,3,21,2475,B6,LAX,16,239,317,0,0,16
30,7,20,3,16,2475,B6,LAX,16,239,317,0,0,16
-1,7,20,3,11,2475,B6,LAX,16,239,317,0,0,16
-2,7,20,3,7,2475,B6,LAX,16,239,317,0,0,16
2,7,20,3,7,2475,DL,LAX,16,239,317,0,0,16
0,7,20,3,17,2475,DL,LAX,16,239,317,0,0,16
-2,7,20,3,6,2475,UA,LAX,16,239,317,0,0,16
-6,7,20,3,11,2475,UA,LAX,16,239,317,0,0,16
-1,7,20,3,8,2475,UA,LAX,16,239,317,0,0,16
-2,7,20,3,20,2475,UA,LAX,16,239,317,0,0,16
-5,7,20,3,15,2475,UA,LAX,16,239,317,0,0,16
-1,7,20,3,17,2475,UA,LAX,16,239,317,0,0,16
3,7,20,3,13,2475,AA,LAX,16,239,317,0,0,16
-5,7,20,3,12,2475,AA,LAX,16,239,317,0,0,16
248,7,20,3,10,2475,AA,LAX,16,239,317,0,0,16
-1,7,20,3,6,2475,AA,LAX,16,239,317,0,0,16
-5,7,20,3,9,2475,AA,LAX,16,239,317,0,0,16
43,7,20,3,19,2475,AA,LAX,16,239,317,0,0,16
-1,7,20,3,15,2475,AA,LAX,16,239,317,0,0,16
53,7,20,3,20,2475,AA,LAX,16,239,317,0,0,16
1,7,20,3,7,2475,AA,LAX,16,239,317,0,0,16
3,7,20,3,16,2475,AA,LAX,16,239,317,0,0,16
1,7,28,4,13,2475,AA,LAX,24,217,306,0,0,14
18,7,28,4,15,2475,AA,LAX,24,217,306,0,0,14
44,7,28,4,20,2475,AA,LAX,24,217,306,0,0,14
3,7,28,4,16,2475,AA,LAX,24,217,306,0,0,14
-8,7,28,4,9,2475,AA,LAX,24,217,306,0,0,14
-3,7,28,4,6,2475,AA,LAX,24,217,306,0,0,14
15,7,28,4,7,2475,AA,LAX,24,217,306,0,0,14
52,7,28,4,19,2475,AA,LAX,24,217,306,0,0,14
-7,7,28,4,12,2475,AA,LAX,24,217,306,0,0,14
-10,7,28,4,10,2475,AA,LAX,24,217,306,0,0,14
-3,7,28,4,15,2475,UA,LAX,24,217,306,0,0,14
-2,7,28,4,6,2475,UA,LAX,24,217,306,0,0,14
-3,7,28,4,11,2475,UA,LAX,24,217,306,0,0,14
8,7,28,4,17,2475,UA,LAX,24,217,306,0,0,14
23,7,28,4,20,2475,UA,LAX,24,217,306,0,0,14
-2,7,28,4,8,2475,UA,LAX,24,217,306,0,0,14
-6,7,28,4,9,2475,B6,LAX,24,217,306,0,0,14
57,7,28,4,21,2475,B6,LAX,24,217,306,0,0,14
-2,7,28,4,16,2475,B6,LAX,24,217,306,0,0,14
1,7,28,4,11,2475,B6,LAX,24,217,306,0,0,14
-3,7,28,4,7,2475,B6,LAX,24,217,306,0,0,14
-5,7,28,4,17,2475,DL,LAX,24,217,306,0,0,14
5,7,28,4,7,2475,DL,LAX,24,217,306,0,0,14
-6,7,28,4,12,2475,DL,LAX,24,217,306,0,0,14
-6,7,28,4,15,2475,DL,LAX,24,217,306,0,0,14
-5,7,28,4,9,2475,DL,LAX,24,217,306,0,0,14
-3,7,28,4,19,2475,DL,LAX,24,217,306,0,0,14
3,7,28,4,21,2475,DL,LAX,24,217,306,0,0,14
-4,7,31,7,19,2475,DL,LAX,27,217,328,0,0,13
-4,7,31,7,21,2475,DL,LAX,27,217,328,0,0,13
0,7,31,7,9,2475,DL,LAX,27,217,328,0,0,13
3,7,31,7,15,2475,DL,LAX,27,217,328,0,0,13
24,7,31,7,12,2475,DL,LAX,27,217,328,0,0,13
-4,7,31,7,17,2475,DL,LAX,27,217,328,0,0,13
0,7,31,7,9,2475,B6,LAX,27,217,328,0,0,13
29,7,31,7,21,2475,B6,LAX,27,217,328,0,0,13
-4,7,31,7,16,2475,B6,LAX,27,217,328,0,0,13
-5,7,31,7,11,2475,B6,LAX,27,217,328,0,0,13
-2,7,31,7,7,2475,B6,LAX,27,217,328,0,0,13
-3,7,31,7,6,2475,AA,LAX,27,217,328,0,0,13
13,7,31,7,20,2475,AA,LAX,27,217,328,0,0,13
-1,7,31,7,16,2475,AA,LAX,27,217,328,0,0,13
211,7,31,7,15,2475,AA,LAX,27,217,328,0,0,13
1,7,31,7,13,2475,AA,LAX,27,217,328,0,0,13
9,7,31,7,7,2475,AA,LAX,27,217,328,0,0,13
114,7,31,7,19,2475,AA,LAX,27,217,328,0,0,13
-7,7,31,7,10,2475,AA,LAX,27,217,328,0,0,13
0,7,31,7,9,2475,AA,LAX,27,217,328,0,0,13
-7,7,31,7,12,2475,AA,LAX,27,217,328,0,0,13
-1,7,31,7,8,2475,UA,LAX,27,217,328,0,0,13
-1,7,31,7,20,2475,UA,LAX,27,217,328,0,0,13
-6,7,31,7,15,2475,UA,LAX,27,217,328,0,0,13
0,7,31,7,17,2475,UA,LAX,27,217,328,0,0,13
-2,7,31,7,11,2475,UA,LAX,27,217,328,0,0,13
-4,8,5,5,6,2475,UA,LAX,29,211,300,0,0,20
0,8,5,5,11,2475,B6,LAX,29,211,300,0,0,20
0,8,5,5,9,2475,B6,LAX,29,211,300,0,0,20
6,8,5,5,7,2475,B6,LAX,29,211,300,0,0,20
-3,8,5,5,7,2475,AA,LAX,29,211,300,0,0,20
-4,8,5,5,13,2475,AA,LAX,29,211,300,0,0,20
5,8,5,5,21,2475,B6,LAX,29,211,300,0,0,20
-3,8,5,5,16,2475,AA,LAX,29,211,300,0,0,20
-5,8,5,5,15,2475,AA,LAX,29,211,300,0,0,20
-1,8,5,5,10,2475,AA,LAX,29,211,300,0,0,20
4,8,5,5,20,2475,AA,LAX,29,211,300,0,0,20
-1,8,5,5,9,2475,AA,LAX,29,211,300,0,0,20
-4,8,5,5,6,2475,AA,LAX,29,211,300,0,0,20
63,8,5,5,12,2475,AA,LAX,29,211,300,0,0,20
-5,8,5,5,19,2475,AA,LAX,29,211,300,0,0,20
-5,8,5,5,16,2475,B6,LAX,29,211,300,0,0,20
-2,8,5,5,11,2475,UA,LAX,29,211,300,0,0,20
-7,8,5,5,8,2475,UA,LAX,29,211,300,0,0,20
-7,8,5,5,20,2475,UA,LAX,29,211,300,0,0,20
-7,8,5,5,15,2475,UA,LAX,29,211,300,0,0,20
-3,8,5,5,17,2475,UA,LAX,29,211,300,0,0,20
25,8,5,5,21,2475,DL,LAX,29,211,300,0,0,20
-3,8,5,5,19,2475,DL,LAX,29,211,300,0,0,20
0,8,5,5,9,2475,DL,LAX,29,211,300,0,0,20
-3,8,5,5,15,2475,DL,LAX,29,211,300,0,0,20
-4,8,5,5,12,2475,DL,LAX,29,211,300,0,0,20
-3,8,5,5,7,2475,DL,LAX,29,211,300,0,0,20
-5,8,5,5,17,2475,DL,LAX,29,211,300,0,0,20
-5,8,16,2,9,2475,AA,LAX,18,183,256,5,0,21
-3,8,16,2,19,2475,AA,LAX,18,183,256,5,0,21
1,8,16,2,10,2475,AA,LAX,18,183,256,5,0,21
35,8,16,2,11,2475,B6,LAX,18,183,256,5,0,21
0,8,16,2,7,2475,AA,LAX,18,183,256,5,0,21
5,8,16,2,15,2475,AA,LAX,18,183,256,5,0,21
-1,8,16,2,9,2475,B6,LAX,18,183,256,5,0,21
-9,8,16,2,13,2475,AA,LAX,18,183,256,5,0,21
1,8,16,2,12,2475,AA,LAX,18,183,256,5,0,21
5,8,16,2,16,2475,AA,LAX,18,183,256,5,0,21
12,8,16,2,6,2475,AA,LAX,18,183,256,5,0,21
5,8,16,2,16,2475,B6,LAX,18,183,256,5,0,21
18,8,16,2,21,2475,B6,LAX,18,183,256,5,0,21
146,8,16,2,20,2475,AA,LAX,18,183,256,5,0,21
3,8,16,2,6,2475,UA,LAX,18,183,256,5,0,21
-4,8,16,2,12,2475,DL,LAX,18,183,256,5,0,21
0,8,16,2,7,2475,DL,LAX,18,183,256,5,0,21
0,8,16,2,9,2475,DL,LAX,18,183,256,5,0,21
-5,8,16,2,17,2475,DL,LAX,18,183,256,5,0,21
16,8,16,2,15,2475,DL,LAX,18,183,256,5,0,21
-2,8,16,2,21,2475,DL,LAX,18,183,256,5,0,21
-4,8,16,2,19,2475,DL,LAX,18,183,256,5,0,21
-4,8,16,2,11,2475,UA,LAX,18,183,256,5,0,21
0,8,16,2,17,2475,UA,LAX,18,183,256,5,0,21
-6,8,16,2,8,2475,UA,LAX,18,183,256,5,0,21
-3,8,16,2,20,2475,UA,LAX,18,183,256,5,0,21
-3,8,16,2,15,2475,UA,LAX,18,183,256,5,0,21
3,8,27,6,9,2475,AA,LAX,7,217,256,732,0,34
23,8,27,6,9,2475,B6,LAX,7,217,256,732,0,34
5,8,27,6,7,2475,AA,LAX,7,217,256,732,0,34
13,8,27,6,7,2475,B6,LAX,7,217,256,732,0,34
0,8,27,6,7,2475,AA,LAX,7,217,256,732,0,34
6,8,27,6,12,2475,DL,LAX,7,217,256,732,0,34
-3,8,30,2,12,2475,DL,LAX,4,161,278,0,0,15
17,8,30,2,15,2475,DL,LAX,4,161,278,0,0,15
-3,8,30,2,7,2475,DL,LAX,4,161,278,0,0,15
0,8,30,2,19,2475,DL,LAX,4,161,278,0,0,15
-5,8,30,2,9,2475,DL,LAX,4,161,278,0,0,15
11,8,30,2,17,2475,DL,LAX,4,161,278,0,0,15
-5,8,30,2,21,2475,DL,LAX,4,161,278,0,0,15
-2,8,30,2,8,2475,UA,LAX,4,161,278,0,0,15
-1,8,30,2,17,2475,UA,LAX,4,161,278,0,0,15
-5,8,30,2,7,2475,AA,LAX,4,161,278,0,0,15
27,8,30,2,19,2475,AA,LAX,4,161,278,0,0,15
-5,8,30,2,15,2475,AA,LAX,4,161,278,0,0,15
-6,8,30,2,10,2475,AA,LAX,4,161,278,0,0,15
-9,8,30,2,12,2475,AA,LAX,4,161,278,0,0,15
-7,8,30,2,9,2475,AA,LAX,4,161,278,0,0,15
51,8,30,2,16,2475,AA,LAX,4,161,278,0,0,15
-7,8,30,2,7,2475,AA,LAX,4,161,278,0,0,15
14,8,30,2,9,2475,B6,LAX,4,161,278,0,0,15
-1,8,30,2,21,2475,B6,LAX,4,161,278,0,0,15
24,8,30,2,16,2475,B6,LAX,4,161,278,0,0,15
-3,8,30,2,21,2475,AA,LAX,4,161,278,0,0,15
-1,8,30,2,11,2475,B6,LAX,4,161,278,0,0,15
-1,8,30,2,13,2475,AA,LAX,4,161,278,0,0,15
-2,8,30,2,7,2475,B6,LAX,4,161,278,0,0,15
7,8,30,2,20,2475,UA,LAX,4,161,278,0,0,15
-8,8,30,2,15,2475,UA,LAX,4,161,278,0,0,15
-3,8,30,2,6,2475,UA,LAX,4,161,278,0,0,15
-1,8,30,2,11,2475,UA,LAX,4,161,278,0,0,15
-8,9,4,7,8,2475,UA,LAX,1,222,300,0,0,23
-3,9,4,7,11,2475,UA,LAX,1,222,300,0,0,23
6,9,4,7,17,2475,UA,LAX,1,222,300,0,0,23
-3,9,4,7,19,2475,AA,LAX,1,222,300,0,0,23
-4,9,4,7,16,2475,AA,LAX,1,222,300,0,0,23
-5,9,4,7,12,2475,AA,LAX,1,222,300,0,0,23
2,9,4,7,7,2475,AA,LAX,1,222,300,0,0,23
-3,9,4,7,15,2475,AA,LAX,1,222,300,0,0,23
-1,9,4,7,13,2475,AA,LAX,1,222,300,0,0,23
-6,9,4,7,9,2475,B6,LAX,1,222,300,0,0,23
31,9,4,7,21,2475,B6,LAX,1,222,300,0,0,23
31,9,4,7,16,2475,B6,LAX,1,222,300,0,0,23
-5,9,4,7,7,2475,B6,LAX,1,222,300,0,0,23
-10,9,4,7,10,2475,AA,LAX,1,222,300,0,0,23
-5,9,4,7,17,2475,DL,LAX,1,222,300,0,0,23
-6,9,4,7,9,2475,DL,LAX,1,222,300,0,0,23
-5,9,4,7,12,2475,DL,LAX,1,222,300,0,0,23
-5,9,4,7,15,2475,DL,LAX,1,222,300,0,0,23
-4,9,4,7,19,2475,DL,LAX,1,222,300,0,0,23
-1,9,4,7,9,2475,AA,LAX,1,222,300,0,0,23
-1,9,4,7,21,2475,AA,LAX,1,222,300,0,0,23
-6,9,4,7,7,2475,AA,LAX,1,222,300,0,0,23
3,9,15,4,9,2475,B6,LAX,12,117,244,18,0,21
-5,9,15,4,12,2475,AA,LAX,12,117,244,18,0,21
-2,9,15,4,12,2475,DL,LAX,12,117,244,18,0,21
-5,9,15,4,7,2475,DL,LAX,12,117,244,18,0,21
-2,9,15,4,7,2475,AA,LAX,12,117,244,18,0,21
-3,9,15,4,9,2475,DL,LAX,12,117,244,18,0,21
2,9,15,4,10,2475,AA,LAX,12,117,244,18,0,21
1,9,15,4,19,2475,DL,LAX,12,117,244,18,0,21
1,9,15,4,16,2475,AA,LAX,12,117,244,18,0,21
2,9,15,4,21,2475,AA,LAX,12,117,244,18,0,21
-3,9,15,4,13,2475,AA,LAX,12,117,244,18,0,21
-3,9,15,4,11,2475,B6,LAX,12,117,244,18,0,21
15,9,15,4,21,2475,DL,LAX,12,117,244,18,0,21
7,9,15,4,19,2475,AA,LAX,12,117,244,18,0,21
1,9,15,4,17,2475,DL,LAX,12,117,244,18,0,21
-4,9,15,4,16,2475,B6,LAX,12,117,244,18,0,21
-4,9,15,4,9,2475,AA,LAX,12,117,244,18,0,21
0,9,15,4,20,2475,B6,LAX,12,117,244,18,0,21
-1,9,15,4,7,2475,AA,LAX,12,117,244,18,0,21
-3,9,15,4,6,2475,B6,LAX,12,117,244,18,0,21
1,9,15,4,15,2475,DL,LAX,12,117,244,18,0,21
-10,9,15,4,8,2475,UA,LAX,12,117,244,18,0,21
-2,9,15,4,6,2475,UA,LAX,12,117,244,18,0,21
-1,9,15,4,17,2475,UA,LAX,12,117,244,18,0,21
-1,9,15,4,15,2475,UA,LAX,12,117,244,18,0,21
41,9,15,4,20,2475,UA,LAX,12,117,244,18,0,21
4,9,15,4,11,2475,UA,LAX,12,117,244,18,0,21
-4,9,26,1,15,2475,UA,LAX,12,200,267,0,0,5
-4,9,26,1,6,2475,UA,LAX,12,200,267,0,0,5
13,9,26,1,20,2475,UA,LAX,12,200,267,0,0,5
0,9,26,1,11,2475,UA,LAX,12,200,267,0,0,5
-4,9,26,1,17,2475,UA,LAX,12,200,267,0,0,5
51,9,26,1,8,2475,UA,LAX,12,200,267,0,0,5
59,9,26,1,20,2475,B6,LAX,12,200,267,0,0,5
-7,9,26,1,10,2475,AA,LAX,12,200,267,0,0,5
-1,9,26,1,11,2475,B6,LAX,12,200,267,0,0,5
-11,9,26,1,13,2475,AA,LAX,12,200,267,0,0,5
-4,9,26,1,12,2475,AA,LAX,12,200,267,0,0,5
-4,9,26,1,19,2475,AA,LAX,12,200,267,0,0,5
-7,9,26,1,9,2475,AA,LAX,12,200,267,0,0,5
-11,9,26,1,21,2475,AA,LAX,12,200,267,0,0,5
-11,9,26,1,7,2475,AA,LAX,12,200,267,0,0,5
58,9,26,1,15,2475,AA,LAX,12,200,267,0,0,5
4,9,26,1,16,2475,AA,LAX,12,200,267,0,0,5
30,9,26,1,7,2475,AA,LAX,12,200,267,0,0,5
-1,9,26,1,9,2475,B6,LAX,12,200,267,0,0,5
-3,9,26,1,6,2475,B6,LAX,12,200,267,0,0,5
15,9,26,1,16,2475,B6,LAX,12,200,267,0,0,5
-2,9,26,1,17,2475,DL,LAX,12,200,267,0,0,5
-6,9,26,1,9,2475,DL,LAX,12,200,267,0,0,5
3,9,26,1,7,2475,DL,LAX,12,200,267,0,0,5
-5,9,26,1,12,2475,DL,LAX,12,200,267,0,0,5
10,9,26,1,15,2475,DL,LAX,12,200,267,0,0,5
25,9,26,1,21,2475,DL,LAX,12,200,267,0,0,5
-2,9,26,1,19,2475,DL,LAX,12,200,267,0,0,5
-4,10,6,4,11,2475,UA,LAX,2,83,194,0,0,13
-6,10,6,4,20,2475,UA,LAX,2,83,194,0,0,13
-10,10,6,4,8,2475,UA,LAX,2,83,194,0,0,13
-4,10,6,4,6,2475,UA,LAX,2,83,194,0,0,13
-1,10,6,4,17,2475,UA,LAX,2,83,194,0,0,13
0,10,6,4,15,2475,UA,LAX,2,83,194,0,0,13
-2,10,6,4,6,2475,B6,LAX,2,83,194,0,0,13
-5,10,6,4,19,2475,AA,LAX,2,83,194,0,0,13
0,10,6,4,16,2475,AA,LAX,2,83,194,0,0,13
-7,10,6,4,10,2475,AA,LAX,2,83,194,0,0,13
-3,10,6,4,9,2475,B6,LAX,2,83,194,0,0,13
-10,10,6,4,9,2475,AA,LAX,2,83,194,0,0,13
5,10,6,4,16,2475,B6,LAX,2,83,194,0,0,13
4,10,6,4,13,2475,AA,LAX,2,83,194,0,0,13
-4,10,6,4,7,2475,AA,LAX,2,83,194,0,0,13
-7,10,6,4,11,2475,B6,LAX,2,83,194,0,0,13
-9,10,6,4,12,2475,AA,LAX,2,83,194,0,0,13
42,10,6,4,19,2475,DL,LAX,2,83,194,0,0,13
-1,10,6,4,7,2475,AA,LAX,2,83,194,0,0,13
13,10,6,4,21,2475,DL,LAX,2,83,194,0,0,13
2,10,6,4,15,2475,DL,LAX,2,83,194,0,0,13
-4,10,6,4,7,2475,DL,LAX,2,83,194,0,0,13
-6,10,6,4,12,2475,DL,LAX,2,83,194,0,0,13
0,10,6,4,20,2475,B6,LAX,2,83,194,0,0,13
330,10,6,4,15,2475,AA,LAX,2,83,194,0,0,13
-1,10,6,4,21,2475,AA,LAX,2,83,194,0,0,13
-2,10,6,4,17,2475,DL,LAX,2,83,194,0,0,13
-5,10,6,4,9,2475,DL,LAX,2,83,194,0,0,13
44,10,17,1,21,2475,AA,LAX,9,139,183,0,0,35
4,10,17,1,16,2475,B6,LAX,9,139,183,0,0,35
0,10,17,1,20,2475,B6,LAX,9,139,183,0,0,35
-10,10,17,1,12,2475,AA,LAX,9,139,183,0,0,35
-1,10,17,1,6,2475,B6,LAX,9,139,183,0,0,35
-8,10,17,1,9,2475,B6,LAX,9,139,183,0,0,35
-5,10,17,1,15,2475,AA,LAX,9,139,183,0,0,35
4,10,17,1,13,2475,AA,LAX,9,139,183,0,0,35
23,10,17,1,7,2475,AA,LAX,9,139,183,0,0,35
-6,10,17,1,7,2475,AA,LAX,9,139,183,0,0,35
-5,10,17,1,9,2475,AA,LAX,9,139,183,0,0,35
1,10,17,1,19,2475,AA,LAX,9,139,183,0,0,35
10,10,17,1,16,2475,AA,LAX,9,139,183,0,0,35
-4,10,17,1,11,2475,B6,LAX,9,139,183,0,0,35
52,10,17,1,19,2475,DL,LAX,9,139,183,0,0,35
-6,10,17,1,10,2475,AA,LAX,9,139,183,0,0,35
-4,10,17,1,21,2475,DL,LAX,9,139,183,0,0,35
-5,10,17,1,15,2475,DL,LAX,9,139,183,0,0,35
-3,10,17,1,12,2475,DL,LAX,9,139,183,0,0,35
0,10,17,1,7,2475,DL,LAX,9,139,183,0,0,35
3,10,17,1,9,2475,DL,LAX,9,139,183,0,0,35
-2,10,17,1,17,2475,DL,LAX,9,139,183,0,0,35
-2,10,17,1,6,2475,UA,LAX,9,139,183,0,0,35
10,10,17,1,17,2475,UA,LAX,9,139,183,0,0,35
37,10,17,1,20,2475,UA,LAX,9,139,183,0,0,35
-4,10,17,1,11,2475,UA,LAX,9,139,183,0,0,35
2,10,17,1,15,2475,UA,LAX,9,139,183,0,0,35
19,10,17,1,8,2475,UA,LAX,9,139,183,0,0,35
-4,10,20,4,20,2475,UA,LAX,12,122,194,3,0,36
22,10,20,4,17,2475,UA,LAX,12,122,194,3,0,36
-4,10,20,4,11,2475,UA,LAX,12,122,194,3,0,36
-4,10,20,4,8,2475,UA,LAX,12,122,194,3,0,36
-3,10,20,4,15,2475,UA,LAX,12,122,194,3,0,36
0,10,20,4,6,2475,UA,LAX,12,122,194,3,0,36
-3,10,20,4,7,2475,AA,LAX,12,122,194,3,0,36
27,10,20,4,21,2475,DL,LAX,12,122,194,3,0,36
-4,10,20,4,16,2475,AA,LAX,12,122,194,3,0,36
-1,10,20,4,19,2475,AA,LAX,12,122,194,3,0,36
-5,10,20,4,15,2475,DL,LAX,12,122,194,3,0,36
-6,10,20,4,13,2475,AA,LAX,12,122,194,3,0,36
-4,10,20,4,12,2475,AA,LAX,12,122,194,3,0,36
2,10,20,4,16,2475,B6,LAX,12,122,194,3,0,36
-4,10,20,4,12,2475,DL,LAX,12,122,194,3,0,36
-2,10,20,4,7,2475,DL,LAX,12,122,194,3,0,36
-3,10,20,4,9,2475,DL,LAX,12,122,194,3,0,36
-3,10,20,4,10,2475,AA,LAX,12,122,194,3,0,36
-4,10,20,4,17,2475,DL,LAX,12,122,194,3,0,36
-1,10,20,4,15,2475,AA,LAX,12,122,194,3,0,36
-2,10,20,4,9,2475,B6,LAX,12,122,194,3,0,36
-4,10,20,4,6,2475,B6,LAX,12,122,194,3,0,36
0,10,20,4,11,2475,B6,LAX,12,122,194,3,0,36
0,10,20,4,21,2475,AA,LAX,12,122,194,3,0,36
-9,10,20,4,7,2475,AA,LAX,12,122,194,3,0,36
1,10,20,4,9,2475,AA,LAX,12,122,194,3,0,36
17,10,20,4,19,2475,DL,LAX,12,122,194,3,0,36
-3,10,20,4,20,2475,B6,LAX,12,122,194,3,0,36
-5,10,28,5,15,2475,DL,LAX,14,22,94,0,0,22
-3,10,28,5,16,2475,AA,LAX,14,22,94,0,0,22
-5,10,28,5,17,2475,DL,LAX,14,22,94,0,0,22
-4,10,28,5,21,2475,DL,LAX,14,22,94,0,0,22
-1,10,28,5,16,2475,B6,LAX,14,22,94,0,0,22
-2,10,28,5,19,2475,DL,LAX,14,22,94,0,0,22
-1,10,28,5,20,2475,B6,LAX,14,22,94,0,0,22
-6,10,28,5,21,2475,AA,LAX,14,22,94,0,0,22
-4,10,28,5,15,2475,AA,LAX,14,22,94,0,0,22
-3,10,28,5,7,2475,AA,LAX,14,22,94,0,0,22
0,10,28,5,9,2475,AA,LAX,14,22,94,0,0,22
-7,10,28,5,9,2475,B6,LAX,14,22,94,0,0,22
-7,10,28,5,13,2475,AA,LAX,14,22,94,0,0,22
-6,10,28,5,12,2475,DL,LAX,14,22,94,0,0,22
-6,10,28,5,6,2475,B6,LAX,14,22,94,0,0,22
-1,10,28,5,10,2475,AA,LAX,14,22,94,0,0,22
-5,10,28,5,7,2475,DL,LAX,14,22,94,0,0,22
-4,10,28,5,7,2475,AA,LAX,14,22,94,0,0,22
-5,10,28,5,9,2475,DL,LAX,14,22,94,0,0,22
2,10,28,5,11,2475,B6,LAX,14,22,94,0,0,22
-8,10,28,5,12,2475,AA,LAX,14,22,94,0,0,22
45,10,28,5,19,2475,AA,LAX,14,22,94,0,0,22
-3,10,28,5,8,2475,UA,LAX,14,22,94,0,0,22
-4,10,28,5,20,2475,UA,LAX,14,22,94,0,0,22
-3,10,28,5,17,2475,UA,LAX,14,22,94,0,0,22
-2,10,28,5,6,2475,UA,LAX,14,22,94,0,0,22
5,10,28,5,11,2475,UA,LAX,14,22,94,0,0,22
2,10,28,5,15,2475,UA,LAX,14,22,94,0,0,22
7,10,31,1,6,2475,UA,LAX,11,28,117,0,0,9
-1,10,31,1,20,2475,UA,LAX,11,28,117,0,0,9
-1,10,31,1,11,2475,UA,LAX,11,28,117,0,0,9
-6,10,31,1,15,2475,UA,LAX,11,28,117,0,0,9
-4,10,31,1,17,2475,UA,LAX,11,28,117,0,0,9
-2,10,31,1,8,2475,UA,LAX,11,28,117,0,0,9
28,10,31,1,16,2475,AA,LAX,11,28,117,0,0,9
-3,10,31,1,9,2475,DL,LAX,11,28,117,0,0,9
-5,10,31,1,7,2475,DL,LAX,11,28,117,0,0,9
-4,10,31,1,12,2475,DL,LAX,11,28,117,0,0,9
10,10,31,1,15,2475,DL,LAX,11,28,117,0,0,9
-2,10,31,1,17,2475,DL,LAX,11,28,117,0,0,9
-4,10,31,1,13,2475,AA,LAX,11,28,117,0,0,9
-9,10,31,1,21,2475,AA,LAX,11,28,117,0,0,9
-6,10,31,1,21,2475,DL,LAX,11,28,117,0,0,9
-5,10,31,1,7,2475,AA,LAX,11,28,117,0,0,9
-6,10,31,1,7,2475,AA,LAX,11,28,117,0,0,9
-2,10,31,1,19,2475,AA,LAX,11,28,117,0,0,9
-11,10,31,1,10,2475,AA,LAX,11,28,117,0,0,9
-7,10,31,1,12,2475,AA,LAX,11,28,117,0,0,9
4,10,31,1,9,2475,B6,LAX,11,28,117,0,0,9
18,10,31,1,20,2475,B6,LAX,11,28,117,0,0,9
-2,10,31,1,16,2475,B6,LAX,11,28,117,0,0,9
0,10,31,1,11,2475,B6,LAX,11,28,117,0,0,9
-4,10,31,1,7,2475,B6,LAX,11,28,117,0,0,9
-1,10,31,1,15,2475,AA,LAX,11,28,117,0,0,9
-3,10,31,1,9,2475,AA,LAX,11,28,117,0,0,9
-6,11,5,6,16,2475,AA,LAX,6,22,94,0,0,22
-3,11,5,6,13,2475,AA,LAX,6,22,94,0,0,22
-4,11,5,6,19,2475,AA,LAX,6,22,94,0,0,22
-6,11,5,6,15,2475,AA,LAX,6,22,94,0,0,22
-1,11,5,6,7,2475,AA,LAX,6,22,94,0,0,22
-7,11,5,6,12,2475,AA,LAX,6,22,94,0,0,22
-6,11,5,6,21,2475,AA,LAX,6,22,94,0,0,22
-5,11,5,6,9,2475,AA,LAX,6,22,94,0,0,22
-4,11,5,6,11,2475,UA,LAX,6,22,94,0,0,22
-5,11,5,6,15,2475,UA,LAX,6,22,94,0,0,22
-3,11,5,6,8,2475,UA,LAX,6,22,94,0,0,22
-3,11,5,6,6,2475,UA,LAX,6,22,94,0,0,22
-5,11,5,6,17,2475,UA,LAX,6,22,94,0,0,22
-3,11,5,6,11,2475,B6,LAX,6,22,94,0,0,22
-3,11,5,6,16,2475,B6,LAX,6,22,94,0,0,22
-1,11,5,6,9,2475,B6,LAX,6,22,94,0,0,22
-6,11,5,6,20,2475,B6,LAX,6,22,94,0,0,22
-6,11,5,6,19,2475,DL,LAX,6,22,94,0,0,22
-4,11,5,6,17,2475,DL,LAX,6,22,94,0,0,22
-3,11,5,6,15,2475,DL,LAX,6,22,94,0,0,22
-5,11,5,6,12,2475,DL,LAX,6,22,94,0,0,22
-1,11,5,6,9,2475,DL,LAX,6,22,94,0,0,22
-2,11,16,3,20,2475,B6,LAX,5,117,150,185,0,15
-6,11,16,3,9,2475,B6,LAX,5,117,150,185,0,15
-4,11,16,3,19,2475,DL,LAX,5,117,150,185,0,15
-3,11,16,3,21,2475,DL,LAX,5,117,150,185,0,15
-5,11,16,3,15,2475,DL,LAX,5,117,150,185,0,15
-2,11,16,3,12,2475,DL,LAX,5,117,150,185,0,15
0,11,16,3,11,2475,B6,LAX,5,117,150,185,0,15
-3,11,16,3,17,2475,DL,LAX,5,117,150,185,0,15
-3,11,16,3,16,2475,B6,LAX,5,117,150,185,0,15
-4,11,16,3,7,2475,B6,LAX,5,117,150,185,0,15
-6,11,16,3,9,2475,DL,LAX,5,117,150,185,0,15
-4,11,16,3,16,2475,AA,LAX,5,117,150,185,0,15
130,11,16,3,15,2475,AA,LAX,5,117,150,185,0,15
-2,11,16,3,13,2475,AA,LAX,5,117,150,185,0,15
6,11,16,3,21,2475,AA,LAX,5,117,150,185,0,15
-2,11,16,3,7,2475,AA,LAX,5,117,150,185,0,15
-1,11,16,3,19,2475,AA,LAX,5,117,150,185,0,15
-2,11,16,3,10,2475,AA,LAX,5,117,150,185,0,15
-2,11,16,3,12,2475,AA,LAX,5,117,150,185,0,15
-10,11,16,3,9,2475,AA,LAX,5,117,150,185,0,15
-1,11,16,3,17,2475,UA,LAX,5,117,150,185,0,15
-3,11,16,3,11,2475,UA,LAX,5,117,150,185,0,15
-2,11,16,3,8,2475,UA,LAX,5,117,150,185,0,15
2,11,16,3,15,2475,UA,LAX,5,117,150,185,0,15
-1,11,16,3,20,2475,UA,LAX,5,117,150,185,0,15
-10,11,16,3,6,2475,UA,LAX,5,117,150,185,0,15
-3,11,27,7,9,2475,DL,LAX,5,83,172,0,0,22
-6,11,27,7,17,2475,DL,LAX,5,83,172,0,0,22
1,11,27,7,7,2475,B6,LAX,5,83,172,0,0,22
109,11,27,7,20,2475,B6,LAX,5,83,172,0,0,22
-4,11,27,7,12,2475,DL,LAX,5,83,172,0,0,22
-5,11,27,7,21,2475,DL,LAX,5,83,172,0,0,22
-1,11,27,7,15,2475,DL,LAX,5,83,172,0,0,22
-4,11,27,7,16,2475,B6,LAX,5,83,172,0,0,22
-5,11,27,7,19,2475,DL,LAX,5,83,172,0,0,22
-1,11,27,7,9,2475,B6,LAX,5,83,172,0,0,22
-2,11,27,7,11,2475,B6,LAX,5,83,172,0,0,22
11,11,27,7,20,2475,UA,LAX,5,83,172,0,0,22
-4,11,27,7,17,2475,UA,LAX,5,83,172,0,0,22
0,11,27,7,11,2475,UA,LAX,5,83,172,0,0,22
-3,11,27,7,15,2475,UA,LAX,5,83,172,0,0,22
-4,11,27,7,6,2475,UA,LAX,5,83,172,0,0,22
-4,11,27,7,8,2475,UA,LAX,5,83,172,0,0,22
-6,11,27,7,13,2475,AA,LAX,5,83,172,0,0,22
-7,11,27,7,12,2475,AA,LAX,5,83,172,0,0,22
86,11,27,7,16,2475,AA,LAX,5,83,172,0,0,22
4,11,27,7,21,2475,AA,LAX,5,83,172,0,0,22
-8,11,27,7,9,2475,AA,LAX,5,83,172,0,0,22
74,11,27,7,19,2475,AA,LAX,5,83,172,0,0,22
-3,11,27,7,7,2475,AA,LAX,5,83,172,0,0,22
-7,11,27,7,10,2475,AA,LAX,5,83,172,0,0,22
-1,11,27,7,15,2475,AA,LAX,5,83,172,0,0,22
16,11,30,3,21,2475,AA,LAX,8,61,111,0,0,40
-4,11,30,3,16,2475,AA,LAX,8,61,111,0,0,40
37,11,30,3,15,2475,AA,LAX,8,61,111,0,0,40
90,11,30,3,13,2475,AA,LAX,8,61,111,0,0,40
-6,11,30,3,7,2475,AA,LAX,8,61,111,0,0,40
0,11,30,3,19,2475,AA,LAX,8,61,111,0,0,40
-5,11,30,3,10,2475,AA,LAX,8,61,111,0,0,40
-3,11,30,3,12,2475,AA,LAX,8,61,111,0,0,40
-4,11,30,3,9,2475,AA,LAX,8,61,111,0,0,40
-4,11,30,3,11,2475,UA,LAX,8,61,111,0,0,40
0,11,30,3,17,2475,UA,LAX,8,61,111,0,0,40
45,11,30,3,15,2475,UA,LAX,8,61,111,0,0,40
29,11,30,3,20,2475,UA,LAX,8,61,111,0,0,40
-6,11,30,3,8,2475,UA,LAX,8,61,111,0,0,40
-2,11,30,3,6,2475,UA,LAX,8,61,111,0,0,40
-3,11,30,3,9,2475,DL,LAX,8,61,111,0,0,40
4,11,30,3,19,2475,DL,LAX,8,61,111,0,0,40
22,11,30,3,15,2475,DL,LAX,8,61,111,0,0,40
-6,11,30,3,21,2475,DL,LAX,8,61,111,0,0,40
-5,11,30,3,17,2475,DL,LAX,8,61,111,0,0,40
-6,11,30,3,12,2475,DL,LAX,8,61,111,0,0,40
0,11,30,3,9,2475,B6,LAX,8,61,111,0,0,40
-3,11,30,3,20,2475,B6,LAX,8,61,111,0,0,40
-3,11,30,3,16,2475,B6,LAX,8,61,111,0,0,40
-3,11,30,3,11,2475,B6,LAX,8,61,111,0,0,40
10,11,30,3,7,2475,B6,LAX,8,61,111,0,0,40
10,12,4,7,15,2475,AA,LAX,12,56,128,0,0,17
5,12,4,7,21,2475,DL,LAX,12,56,128,0,0,17
3,12,4,7,19,2475,AA,LAX,12,56,128,0,0,17
-2,12,4,7,17,2475,DL,LAX,12,56,128,0,0,17
-5,12,4,7,15,2475,DL,LAX,12,56,128,0,0,17
-4,12,4,7,12,2475,DL,LAX,12,56,128,0,0,17
-7,12,4,7,21,2475,AA,LAX,12,56,128,0,0,17
18,12,4,7,20,2475,B6,LAX,12,56,128,0,0,17
-2,12,4,7,10,2475,AA,LAX,12,56,128,0,0,17
2,12,4,7,9,2475,B6,LAX,12,56,128,0,0,17
8,12,4,7,9,2475,DL,LAX,12,56,128,0,0,17
31,12,4,7,12,2475,AA,LAX,12,56,128,0,0,17
2,12,4,7,7,2475,AA,LAX,12,56,128,0,0,17
-5,12,4,7,16,2475,AA,LAX,12,56,128,0,0,17
-7,12,4,7,9,2475,AA,LAX,12,56,128,0,0,17
-1,12,4,7,16,2475,B6,LAX,12,56,128,0,0,17
-6,12,4,7,7,2475,B6,LAX,12,56,128,0,0,17
7,12,4,7,19,2475,DL,LAX,12,56,128,0,0,17
-5,12,4,7,11,2475,B6,LAX,12,56,128,0,0,17
-6,12,4,7,11,2475,UA,LAX,12,56,128,0,0,17
-2,12,4,7,15,2475,UA,LAX,12,56,128,0,0,17
-4,12,4,7,8,2475,UA,LAX,12,56,128,0,0,17
-5,12,4,7,20,2475,UA,LAX,12,56,128,0,0,17
-4,12,4,7,17,2475,UA,LAX,12,56,128,0,0,17
-4,12,15,4,6,2475,UA,LAX,10,83,150,0,0,36
0,12,15,4,17,2475,UA,LAX,10,83,150,0,0,36
-2,12,15,4,8,2475,UA,LAX,10,83,150,0,0,36
14,12,15,4,15,2475,UA,LAX,10,83,150,0,0,36
-5,12,15,4,11,2475,UA,LAX,10,83,150,0,0,36
-4,12,15,4,17,2475,DL,LAX,10,83,150,0,0,36
5,12,15,4,20,2475,B6,LAX,10,83,150,0,0,36
15,12,15,4,16,2475,B6,LAX,10,83,150,0,0,36
-6,12,15,4,11,2475,B6,LAX,10,83,150,0,0,36
-4,12,15,4,7,2475,B6,LAX,10,83,150,0,0,36
-3,12,15,4,7,2475,DL,LAX,10,83,150,0,0,36
-4,12,15,4,6,2475,AA,LAX,10,83,150,0,0,36
6,12,15,4,16,2475,AA,LAX,10,83,150,0,0,36
10,12,15,4,15,2475,AA,LAX,10,83,150,0,0,36
-5,12,15,4,13,2475,AA,LAX,10,83,150,0,0,36
3,12,15,4,19,2475,AA,LAX,10,83,150,0,0,36
-2,12,15,4,10,2475,AA,LAX,10,83,150,0,0,36
-4,12,15,4,9,2475,AA,LAX,10,83,150,0,0,36
-8,12,15,4,12,2475,AA,LAX,10,83,150,0,0,36
0,12,15,4,19,2475,DL,LAX,10,83,150,0,0,36
8,12,15,4,21,2475,DL,LAX,10,83,150,0,0,36
-2,12,15,4,15,2475,DL,LAX,10,83,150,0,0,36
-2,12,15,4,12,2475,DL,LAX,10,83,150,0,0,36
-5,12,15,4,7,2475,DL,LAX,10,83,150,0,0,36
-2,12,15,4,9,2475,DL,LAX,10,83,150,0,0,36
-4,12,26,1,7,2475,B6,LAX,1,33,72,0,0,40
-2,12,26,1,11,2475,B6,LAX,1,33,72,0,0,40
-1,12,26,1,16,2475,B6,LAX,1,33,72,0,0,40
-3,12,26,1,20,2475,B6,LAX,1,33,72,0,0,40
-4,12,26,1,19,2475,DL,LAX,1,33,72,0,0,40
3,12,26,1,10,2475,AA,LAX,1,33,72,0,0,40
2,12,26,1,21,2475,DL,LAX,1,33,72,0,0,40
-5,12,26,1,12,2475,DL,LAX,1,33,72,0,0,40
-4,12,26,1,7,2475,DL,LAX,1,33,72,0,0,40
-8,12,26,1,9,2475,DL,LAX,1,33,72,0,0,40
-1,12,26,1,17,2475,DL,LAX,1,33,72,0,0,40
-2,12,26,1,15,2475,AA,LAX,1,33,72,0,0,40
-1,12,26,1,13,2475,AA,LAX,1,33,72,0,0,40
-1,12,26,1,6,2475,AA,LAX,1,33,72,0,0,40
-5,12,26,1,7,2475,DL,LAX,1,33,72,0,0,40
1,12,26,1,15,2475,DL,LAX,1,33,72,0,0,40
-7,12,26,1,9,2475,AA,LAX,1,33,72,0,0,40
-3,12,26,1,16,2475,AA,LAX,1,33,72,0,0,40
-8,12,26,1,7,2475,AA,LAX,1,33,72,0,0,40
-4,12,26,1,12,2475,AA,LAX,1,33,72,0,0,40
-3,12,26,1,19,2475,AA,LAX,1,33,72,0,0,40
-5,12,26,1,17,2475,UA,LAX,1,33,72,0,0,40
-1,12,26,1,6,2475,UA,LAX,1,33,72,0,0,40
-1,12,26,1,8,2475,UA,LAX,1,33,72,0,0,40
-2,12,26,1,11,2475,UA,LAX,1,33,72,0,0,40
-6,12,26,1,15,2475,UA,LAX,1,33,72,0,0,40
