29,1,5,7,13,2475,AA,LAX,4,-27,44,36,0,17
145,1,5,7,21,2475,AA,LAX,4,-27,44,36,0,17
3,1,5,7,15,2475,AA,LAX,4,-27,44,36,0,17
110,1,5,7,9,2475,AA,LAX,4,-27,44,36,0,17
5,1,5,7,16,2475,AA,LAX,4,-27,44,36,0,17
66,1,5,7,19,2475,AA,LAX,4,-27,44,36,0,17
2,1,5,7,7,2475,AA,LAX,4,-27,44,36,0,17
69,1,5,7,12,2475,AA,LAX,4,-27,44,36,0,17
8,1,5,7,20,2475,VX,LAX,4,-27,44,36,0,17
25,1,5,7,18,2475,DL,LAX,4,-27,44,36,0,17
281,1,5,7,22,2475,B6,LAX,4,-27,44,36,0,17
200,1,5,7,17,2475,DL,LAX,4,-27,44,36,0,17
8,1,5,7,7,2475,DL,LAX,4,-27,44,36,0,17
313,1,5,7,9,2475,B6,LAX,4,-27,44,36,0,17
331,1,5,7,20,2475,B6,LAX,4,-27,44,36,0,17
87,1,5,7,11,2475,UA,LAX,4,-27,44,36,0,17
2,1,5,7,17,2475,UA,LAX,4,-27,44,36,0,17
134,1,5,7,8,2475,UA,LAX,4,-27,44,36,0,17
16,1,5,7,20,2475,UA,LAX,4,-27,44,36,0,17
137,1,5,7,9,2475,DL,LAX,4,-27,44,36,0,17
41,1,5,7,16,2475,VX,LAX,4,-27,44,36,0,17
82,1,5,7,13,2475,VX,LAX,4,-27,44,36,0,17
29,1,5,7,15,2475,DL,LAX,4,-27,44,36,0,17
292,1,5,7,16,2475,B6,LAX,4,-27,44,36,0,17
263,1,5,7,7,2475,B6,LAX,4,-27,44,36,0,17
91,1,5,7,20,2475,DL,LAX,4,-27,44,36,0,17
146,1,5,7,9,2475,VX,LAX,4,-27,44,36,0,17
8,1,5,7,7,2475,VX,LAX,4,-27,44,36,0,17
-5,1,12,7,8,2475,UA,LAX,9,33,122,13,0,37
7,1,12,7,17,2475,UA,LAX,9,33,122,13,0,37
-2,1,12,7,14,2475,UA,LAX,9,33,122,13,0,37
1,1,12,7,7,2475,DL,LAX,9,33,122,13,0,37
20,1,12,7,20,2475,DL,LAX,9,33,122,13,0,37
-1,1,12,7,18,2475,DL,LAX,9,33,122,13,0,37
7,1,12,7,16,2475,B6,LAX,9,33,122,13,0,37
2,1,12,7,16,2475,DL,LAX,9,33,122,13,0,37
12,1,12,7,20,2475,B6,LAX,9,33,122,13,0,37
8,1,12,7,9,2475,B6,LAX,9,33,122,13,0,37
-3,1,12,7,6,2475,B6,LAX,9,33,122,13,0,37
4,1,12,7,15,2475,DL,LAX,9,33,122,13,0,37
-1,1,12,7,9,2475,DL,LAX,9,33,122,13,0,37
-2,1,12,7,12,2475,DL,LAX,9,33,122,13,0,37
6,1,12,7,11,2475,UA,LAX,9,33,122,13,0,37
8,1,12,7,20,2475,UA,LAX,9,33,122,13,0,37
-4,1,12,7,12,2475,AA,LAX,9,33,122,13,0,37
-4,1,12,7,13,2475,AA,LAX,9,33,122,13,0,37
-1,1,12,7,21,2475,AA,LAX,9,33,122,13,0,37
-2,1,12,7,7,2475,AA,LAX,9,33,122,13,0,37
-4,1,12,7,16,2475,AA,LAX,9,33,122,13,0,37
133,1,12,7,19,2475,AA,LAX,9,33,122,13,0,37
-2,1,12,7,10,2475,AA,LAX,9,33,122,13,0,37
-6,1,12,7,9,2475,AA,LAX,9,33,122,13,0,37
15,1,12,7,15,2475,AA,LAX,9,33,122,13,0,37
2,1,12,7,9,2475,VX,LAX,9,33,122,13,0,37
4,1,12,7,20,2475,VX,LAX,9,33,122,13,0,37
10,1,12,7,16,2475,VX,LAX,9,33,122,13,0,37
2,1,12,7,13,2475,VX,LAX,9,33,122,13,0,37
-7,1,19,7,10,2475,AA,LAX,2,-43,33,0,0,33
29,1,19,7,16,2475,AA,LAX,2,-43,33,0,0,33
-2,1,19,7,9,2475,AA,LAX,2,-43,33,0,0,33
-4,1,19,7,21,2475,AA,LAX,2,-43,33,0,0,33
8,1,19,7,7,2475,AA,LAX,2,-43,33,0,0,33
0,1,19,7,17,2475,UA,LAX,2,-43,33,0,0,33
-2,1,19,7,8,2475,UA,LAX,2,-43,33,0,0,33
-1,1,19,7,14,2475,UA,LAX,2,-43,33,0,0,33
-3,1,19,7,12,2475,AA,LAX,2,-43,33,0,0,33
115,1,19,7,15,2475,AA,LAX,2,-43,33,0,0,33
-1,1,19,7,11,2475,UA,LAX,2,-43,33,0,0,33
0,1,19,7,19,2475,AA,LAX,2,-43,33,0,0,33
16,1,19,7,20,2475,UA,LAX,2,-43,33,0,0,33
-10,1,19,7,13,2475,AA,LAX,2,-43,33,0,0,33
-4,1,19,7,12,2475,DL,LAX,2,-43,33,0,0,33
-3,1,19,7,9,2475,DL,LAX,2,-43,33,0,0,33
5,1,19,7,15,2475,DL,LAX,2,-43,33,0,0,33
-8,1,19,7,13,2475,VX,LAX,2,-43,33,0,0,33
-8,1,19,7,9,2475,VX,LAX,2,-43,33,0,0,33
-2,1,19,7,20,2475,VX,LAX,2,-43,33,0,0,33
-5,1,19,7,16,2475,VX,LAX,2,-43,33,0,0,33
1,1,19,7,16,2475,B6,LAX,2,-43,33,0,0,33
-3,1,19,7,20,2475,B6,LAX,2,-43,33,0,0,33
-1,1,19,7,6,2475,B6,LAX,2,-43,33,0,0,33
-3,1,19,7,9,2475,B6,LAX,2,-43,33,0,0,33
204,1,19,7,16,2475,DL,LAX,2,-43,33,0,0,33
-2,1,19,7,7,2475,DL,LAX,2,-43,33,0,0,33
11,1,19,7,20,2475,DL,LAX,2,-43,33,0,0,33
38,1,19,7,18,2475,DL,LAX,2,-43,33,0,0,33
148,2,3,1,7,2475,DL,LAX,13,-27,61,297,203,30
10,2,3,1,7,2475,AA,LAX,13,-27,61,297,203,30
209,2,3,1,19,2475,AA,LAX,13,-27,61,297,203,30
41,2,3,1,16,2475,B6,LAX,13,-27,61,297,203,30
132,2,3,1,18,2475,DL,LAX,13,-27,61,297,203,30
61,2,3,1,9,2475,DL,LAX,13,-27,61,297,203,30
144,2,3,1,20,2475,B6,LAX,13,-27,61,297,203,30
128,2,3,1,21,2475,AA,LAX,13,-27,61,297,203,30
186,2,3,1,15,2475,DL,LAX,13,-27,61,297,203,30
2,2,3,1,6,2475,B6,LAX,13,-27,61,297,203,30
86,2,3,1,13,2475,AA,LAX,13,-27,61,297,203,30
53,2,3,1,20,2475,DL,LAX,13,-27,61,297,203,30
196,2,3,1,12,2475,AA,LAX,13,-27,61,297,203,30
54,2,3,1,9,2475,AA,LAX,13,-27,61,297,203,30
122,2,3,1,16,2475,DL,LAX,13,-27,61,297,203,30
233,2,3,1,10,2475,AA,LAX,13,-27,61,297,203,30
182,2,3,1,14,2475,UA,LAX,13,-27,61,297,203,30
-8,2,3,1,6,2475,UA,LAX,13,-27,61,297,203,30
123,2,3,1,20,2475,UA,LAX,13,-27,61,297,203,30
188,2,3,1,11,2475,UA,LAX,13,-27,61,297,203,30
8,2,3,1,7,2475,VX,LAX,13,-27,61,297,203,30
12,2,3,1,9,2475,VX,LAX,13,-27,61,297,203,30
43,2,3,1,13,2475,VX,LAX,13,-27,61,297,203,30
65,2,3,1,17,2475,UA,LAX,13,-27,61,297,203,30
206,2,3,1,8,2475,UA,LAX,13,-27,61,297,203,30
-4,2,10,1,14,2475,UA,LAX,8,-60,-16,0,0,32
10,2,10,1,17,2475,UA,LAX,8,-60,-16,0,0,32
-4,2,10,1,20,2475,VX,LAX,8,-60,-16,0,0,32
-8,2,10,1,16,2475,VX,LAX,8,-60,-16,0,0,32
-6,2,10,1,13,2475,VX,LAX,8,-60,-16,0,0,32
0,2,10,1,9,2475,VX,LAX,8,-60,-16,0,0,32
-4,2,10,1,7,2475,VX,LAX,8,-60,-16,0,0,32
-5,2,10,1,8,2475,UA,LAX,8,-60,-16,0,0,32
0,2,10,1,11,2475,UA,LAX,8,-60,-16,0,0,32
-6,2,10,1,20,2475,UA,LAX,8,-60,-16,0,0,32
-7,2,10,1,6,2475,UA,LAX,8,-60,-16,0,0,32
-1,2,10,1,12,2475,DL,LAX,8,-60,-16,0,0,32
-8,2,10,1,10,2475,AA,LAX,8,-60,-16,0,0,32
38,2,10,1,9,2475,DL,LAX,8,-60,-16,0,0,32
0,2,10,1,13,2475,AA,LAX,8,-60,-16,0,0,32
-1,2,10,1,15,2475,DL,LAX,8,-60,-16,0,0,32
-5,2,10,1,16,2475,B6,LAX,8,-60,-16,0,0,32
-3,2,10,1,16,2475,AA,LAX,8,-60,-16,0,0,32
2,2,10,1,7,2475,DL,LAX,8,-60,-16,0,0,32
-1,2,10,1,20,2475,B6,LAX,8,-60,-16,0,0,32
-6,2,10,1,21,2475,AA,LAX,8,-60,-16,0,0,32
-4,2,10,1,9,2475,AA,LAX,8,-60,-16,0,0,32
-7,2,10,1,6,2475,B6,LAX,8,-60,-16,0,0,32
-2,2,10,1,16,2475,DL,LAX,8,-60,-16,0,0,32
2,2,10,1,20,2475,DL,LAX,8,-60,-16,0,0,32
11,2,10,1,9,2475,B6,LAX,8,-60,-16,0,0,32
-7,2,10,1,15,2475,AA,LAX,8,-60,-16,0,0,32
12,2,10,1,12,2475,AA,LAX,8,-60,-16,0,0,32
77,2,10,1,7,2475,AA,LAX,8,-60,-16,0,0,32
-7,2,10,1,19,2475,AA,LAX,8,-60,-16,0,0,32
-1,2,17,1,15,2475,DL,LAX,1,-77,0,0,0,24
-3,2,17,1,13,2475,AA,LAX,1,-77,0,0,0,24
-1,2,17,1,11,2475,UA,LAX,1,-77,0,0,0,24
-1,2,17,1,20,2475,B6,LAX,1,-77,0,0,0,24
-7,2,17,1,6,2475,B6,LAX,1,-77,0,0,0,24
-3,2,17,1,12,2475,B6,LAX,1,-77,0,0,0,24
18,2,17,1,9,2475,AA,LAX,1,-77,0,0,0,24
-3,2,17,1,12,2475,AA,LAX,1,-77,0,0,0,24
23,2,17,1,6,2475,AA,LAX,1,-77,0,0,0,24
3,2,17,1,10,2475,AA,LAX,1,-77,0,0,0,24
18,2,17,1,19,2475,AA,LAX,1,-77,0,0,0,24
4,2,17,1,8,2475,AA,LAX,1,-77,0,0,0,24
-4,2,17,1,15,2475,AA,LAX,1,-77,0,0,0,24
0,2,17,1,16,2475,B6,LAX,1,-77,0,0,0,24
-3,2,17,1,16,2475,AA,LAX,1,-77,0,0,0,24
-2,2,17,1,16,2475,DL,LAX,1,-77,0,0,0,24
41,2,17,1,7,2475,DL,LAX,1,-77,0,0,0,24
37,2,17,1,21,2475,AA,LAX,1,-77,0,0,0,24
-1,2,17,1,18,2475,DL,LAX,1,-77,0,0,0,24
34,2,17,1,20,2475,DL,LAX,1,-77,0,0,0,24
-7,2,17,1,12,2475,DL,LAX,1,-77,0,0,0,24
-4,2,17,1,9,2475,DL,LAX,1,-77,0,0,0,24
5,2,17,1,13,2475,VX,LAX,1,-77,0,0,0,24
-1,2,17,1,20,2475,VX,LAX,1,-77,0,0,0,24
0,2,17,1,16,2475,VX,LAX,1,-77,0,0,0,24
28,2,17,1,7,2475,VX,LAX,1,-77,0,0,0,24
8,2,17,1,9,2475,VX,LAX,1,-77,0,0,0,24
-5,2,17,1,8,2475,UA,LAX,1,-77,0,0,0,24
-2,2,17,1,14,2475,UA,LAX,1,-77,0,0,0,24
7,2,17,1,20,2475,UA,LAX,1,-77,0,0,0,24
5,2,17,1,6,2475,UA,LAX,1,-77,0,0,0,24
-3,2,17,1,17,2475,UA,LAX,1,-77,0,0,0,24
-5,2,24,1,6,2475,UA,LAX,6,-27,67,0,0,42
2,2,24,1,14,2475,UA,LAX,6,-27,67,0,0,42
-6,2,24,1,8,2475,UA,LAX,6,-27,67,0,0,42
-7,2,24,1,20,2475,UA,LAX,6,-27,67,0,0,42
-2,2,24,1,17,2475,UA,LAX,6,-27,67,0,0,42
-7,2,24,1,11,2475,UA,LAX,6,-27,67,0,0,42
-6,2,24,1,12,2475,AA,LAX,6,-27,67,0,0,42
-2,2,24,1,9,2475,DL,LAX,6,-27,67,0,0,42
3,2,24,1,8,2475,AA,LAX,6,-27,67,0,0,42
-7,2,24,1,9,2475,AA,LAX,6,-27,67,0,0,42
32,2,24,1,20,2475,B6,LAX,6,-27,67,0,0,42
-5,2,24,1,15,2475,AA,LAX,6,-27,67,0,0,42
9,2,24,1,21,2475,AA,LAX,6,-27,67,0,0,42
-6,2,24,1,13,2475,AA,LAX,6,-27,67,0,0,42
0,2,24,1,16,2475,AA,LAX,6,-27,67,0,0,42
-1,2,24,1,11,2475,B6,LAX,6,-27,67,0,0,42
-4,2,24,1,15,2475,DL,LAX,6,-27,67,0,0,42
-3,2,24,1,12,2475,DL,LAX,6,-27,67,0,0,42
-5,2,24,1,10,2475,AA,LAX,6,-27,67,0,0,42
-4,2,24,1,20,2475,DL,LAX,6,-27,67,0,0,42
-4,2,24,1,18,2475,DL,LAX,6,-27,67,0,0,42
-2,2,24,1,7,2475,DL,LAX,6,-27,67,0,0,42
-1,2,24,1,16,2475,DL,LAX,6,-27,67,0,0,42
-2,2,24,1,16,2475,B6,LAX,6,-27,67,0,0,42
-7,2,24,1,19,2475,AA,LAX,6,-27,67,0,0,42
-7,2,24,1,6,2475,AA,LAX,6,-27,67,0,0,42
-4,2,24,1,6,2475,B6,LAX,6,-27,67,0,0,42
-4,2,24,1,16,2475,VX,LAX,6,-27,67,0,0,42
-7,2,24,1,20,2475,VX,LAX,6,-27,67,0,0,42
-7,2,24,1,9,2475,VX,LAX,6,-27,67,0,0,42
-4,2,24,1,7,2475,VX,LAX,6,-27,67,0,0,42
-2,2,24,1,13,2475,VX,LAX,6,-27,67,0,0,42
-4,3,1,6,16,2475,B6,LAX,11,-66,28,0,0,20
10,3,1,6,8,2475,AA,LAX,11,-66,28,0,0,20
19,3,1,6,20,2475,B6,LAX,11,-66,28,0,0,20
50,3,1,6,19,2475,AA,LAX,11,-66,28,0,0,20
-11,3,1,6,9,2475,AA,LAX,11,-66,28,0,0,20
-3,3,1,6,15,2475,DL,LAX,11,-66,28,0,0,20
7,3,1,6,9,2475,DL,LAX,11,-66,28,0,0,20
-1,3,1,6,16,2475,AA,LAX,11,-66,28,0,0,20
-1,3,1,6,12,2475,DL,LAX,11,-66,28,0,0,20
47,3,1,6,10,2475,AA,LAX,11,-66,28,0,0,20
-3,3,1,6,12,2475,AA,LAX,11,-66,28,0,0,20
-4,3,1,6,13,2475,AA,LAX,11,-66,28,0,0,20
-3,3,1,6,6,2475,AA,LAX,11,-66,28,0,0,20
-7,3,1,6,18,2475,DL,LAX,11,-66,28,0,0,20
1,3,1,6,15,2475,AA,LAX,11,-66,28,0,0,20
-3,3,1,6,6,2475,B6,LAX,11,-66,28,0,0,20
14,3,1,6,16,2475,VX,LAX,11,-66,28,0,0,20
224,3,1,6,13,2475,VX,LAX,11,-66,28,0,0,20
-3,3,1,6,8,2475,UA,LAX,11,-66,28,0,0,20
-3,3,1,6,17,2475,UA,LAX,11,-66,28,0,0,20
-4,3,1,6,6,2475,UA,LAX,11,-66,28,0,0,20
1,3,1,6,7,2475,VX,LAX,11,-66,28,0,0,20
-6,3,1,6,11,2475,UA,LAX,11,-66,28,0,0,20
-2,3,1,6,9,2475,VX,LAX,11,-66,28,0,0,20
-3,3,1,6,14,2475,UA,LAX,11,-66,28,0,0,20
-9,3,8,6,12,2475,DL,LAX,18,17,139,0,0,26
0,3,8,6,20,2475,DL,LAX,18,17,139,0,0,26
-4,3,8,6,12,2475,AA,LAX,18,17,139,0,0,26
-2,3,8,6,7,2475,DL,LAX,18,17,139,0,0,26
-4,3,8,6,13,2475,AA,LAX,18,17,139,0,0,26
2,3,8,6,18,2475,DL,LAX,18,17,139,0,0,26
-3,3,8,6,6,2475,B6,LAX,18,17,139,0,0,26
1,3,8,6,8,2475,AA,LAX,18,17,139,0,0,26
9,3,8,6,15,2475,DL,LAX,18,17,139,0,0,26
26,3,8,6,9,2475,DL,LAX,18,17,139,0,0,26
14,3,8,6,10,2475,AA,LAX,18,17,139,0,0,26
0,3,8,6,16,2475,AA,LAX,18,17,139,0,0,26
-5,3,8,6,9,2475,AA,LAX,18,17,139,0,0,26
31,3,8,6,20,2475,B6,LAX,18,17,139,0,0,26
-5,3,8,6,16,2475,B6,LAX,18,17,139,0,0,26
-11,3,8,6,19,2475,AA,LAX,18,17,139,0,0,26
0,3,8,6,15,2475,AA,LAX,18,17,139,0,0,26
-1,3,8,6,6,2475,AA,LAX,18,17,139,0,0,26
-7,3,8,6,14,2475,UA,LAX,18,17,139,0,0,26
0,3,8,6,9,2475,VX,LAX,18,17,139,0,0,26
3,3,8,6,17,2475,UA,LAX,18,17,139,0,0,26
12,3,8,6,7,2475,VX,LAX,18,17,139,0,0,26
-4,3,8,6,13,2475,VX,LAX,18,17,139,0,0,26
12,3,8,6,16,2475,VX,LAX,18,17,139,0,0,26
-4,3,8,6,11,2475,UA,LAX,18,17,139,0,0,26
-5,3,8,6,6,2475,UA,LAX,18,17,139,0,0,26
-4,3,8,6,8,2475,UA,LAX,18,17,139,0,0,26
-1,3,15,6,9,2475,VX,LAX,25,56,144,0,0,40
-2,3,15,6,6,2475,UA,LAX,25,56,144,0,0,40
-1,3,15,6,17,2475,UA,LAX,25,56,144,0,0,40
-3,3,15,6,8,2475,UA,LAX,25,56,144,0,0,40
-1,3,15,6,14,2475,UA,LAX,25,56,144,0,0,40
0,3,15,6,13,2475,VX,LAX,25,56,144,0,0,40
5,3,15,6,7,2475,VX,LAX,25,56,144,0,0,40
-1,3,15,6,16,2475,VX,LAX,25,56,144,0,0,40
-7,3,15,6,11,2475,UA,LAX,25,56,144,0,0,40
-3,3,15,6,15,2475,DL,LAX,25,56,144,0,0,40
4,3,15,6,12,2475,DL,LAX,25,56,144,0,0,40
-5,3,15,6,20,2475,DL,LAX,25,56,144,0,0,40
-2,3,15,6,18,2475,DL,LAX,25,56,144,0,0,40
0,3,15,6,7,2475,DL,LAX,25,56,144,0,0,40
-2,3,15,6,15,2475,AA,LAX,25,56,144,0,0,40
-5,3,15,6,9,2475,AA,LAX,25,56,144,0,0,40
4,3,15,6,16,2475,AA,LAX,25,56,144,0,0,40
2,3,15,6,9,2475,DL,LAX,25,56,144,0,0,40
-5,3,15,6,20,2475,B6,LAX,25,56,144,0,0,40
49,3,15,6,16,2475,B6,LAX,25,56,144,0,0,40
2,3,15,6,19,2475,AA,LAX,25,56,144,0,0,40
10,3,15,6,6,2475,B6,LAX,25,56,144,0,0,40
1,3,15,6,6,2475,AA,LAX,25,56,144,0,0,40
-4,3,15,6,12,2475,AA,LAX,25,56,144,0,0,40
-3,3,15,6,13,2475,AA,LAX,25,56,144,0,0,40
-1,3,15,6,8,2475,AA,LAX,25,56,144,0,0,40
-3,3,15,6,10,2475,AA,LAX,25,56,144,0,0,40
-4,3,22,6,13,2475,AA,LAX,32,50,172,0,0,31
-7,3,22,6,9,2475,DL,LAX,32,50,172,0,0,31
-7,3,22,6,12,2475,AA,LAX,32,50,172,0,0,31
-4,3,22,6,6,2475,AA,LAX,32,50,172,0,0,31
-1,3,22,6,15,2475,DL,LAX,32,50,172,0,0,31
-2,3,22,6,12,2475,DL,LAX,32,50,172,0,0,31
17,3,22,6,20,2475,DL,LAX,32,50,172,0,0,31
-4,3,22,6,8,2475,AA,LAX,32,50,172,0,0,31
-2,3,22,6,18,2475,DL,LAX,32,50,172,0,0,31
-6,3,22,6,7,2475,DL,LAX,32,50,172,0,0,31
-2,3,22,6,10,2475,AA,LAX,32,50,172,0,0,31
4,3,22,6,6,2475,B6,LAX,32,50,172,0,0,31
13,3,22,6,16,2475,B6,LAX,32,50,172,0,0,31
-10,3,22,6,9,2475,AA,LAX,32,50,172,0,0,31
-2,3,22,6,20,2475,B6,LAX,32,50,172,0,0,31
-5,3,22,6,16,2475,AA,LAX,32,50,172,0,0,31
216,3,22,6,15,2475,AA,LAX,32,50,172,0,0,31
-9,3,22,6,19,2475,AA,LAX,32,50,172,0,0,31
-8,3,22,6,13,2475,VX,LAX,32,50,172,0,0,31
-6,3,22,6,9,2475,VX,LAX,32,50,172,0,0,31
-1,3,22,6,7,2475,VX,LAX,32,50,172,0,0,31
-5,3,22,6,16,2475,VX,LAX,32,50,172,0,0,31
-7,3,22,6,14,2475,UA,LAX,32,50,172,0,0,31
0,3,22,6,8,2475,UA,LAX,32,50,172,0,0,31
-2,3,22,6,17,2475,UA,LAX,32,50,172,0,0,31
-3,3,22,6,6,2475,UA,LAX,32,50,172,0,0,31
-10,3,22,6,11,2475,UA,LAX,32,50,172,0,0,31
29,3,29,6,14,2475,UA,LAX,39,61,150,460,0,48
4,3,29,6,9,2475,AA,LAX,39,61,150,460,0,48
-4,3,29,6,12,2475,AA,LAX,39,61,150,460,0,48
-5,3,29,6,20,2475,B6,LAX,39,61,150,460,0,48
-2,3,29,6,13,2475,AA,LAX,39,61,150,460,0,48
-7,3,29,6,15,2475,AA,LAX,39,61,150,460,0,48
-2,3,29,6,10,2475,AA,LAX,39,61,150,460,0,48
-3,3,29,6,16,2475,B6,LAX,39,61,150,460,0,48
0,3,29,6,6,2475,B6,LAX,39,61,150,460,0,48
39,3,29,6,19,2475,AA,LAX,39,61,150,460,0,48
-7,3,29,6,6,2475,AA,LAX,39,61,150,460,0,48
2,3,29,6,16,2475,AA,LAX,39,61,150,460,0,48
-10,3,29,6,8,2475,AA,LAX,39,61,150,460,0,48
-6,3,29,6,8,2475,UA,LAX,39,61,150,460,0,48
-4,3,29,6,12,2475,DL,LAX,39,61,150,460,0,48
127,3,29,6,20,2475,DL,LAX,39,61,150,460,0,48
-1,3,29,6,18,2475,DL,LAX,39,61,150,460,0,48
-1,3,29,6,9,2475,DL,LAX,39,61,150,460,0,48
1,3,29,6,7,2475,VX,LAX,39,61,150,460,0,48
-6,3,29,6,9,2475,VX,LAX,39,61,150,460,0,48
-5,3,29,6,13,2475,VX,LAX,39,61,150,460,0,48
3,3,29,6,16,2475,VX,LAX,39,61,150,460,0,48
7,3,29,6,17,2475,UA,LAX,39,61,150,460,0,48
-8,3,29,6,6,2475,UA,LAX,39,61,150,460,0,48
7,3,29,6,11,2475,UA,LAX,39,61,150,460,0,48
-6,3,29,6,15,2475,DL,LAX,39,61,150,460,0,48
-2,3,29,6,9,2475,DL,LAX,39,61,150,460,0,48
-6,4,6,7,11,2475,UA,LAX,46,22,161,0,0,19
-3,4,6,7,20,2475,UA,LAX,46,22,161,0,0,19
8,4,6,7,17,2475,UA,LAX,46,22,161,0,0,19
0,4,6,7,14,2475,UA,LAX,46,22,161,0,0,19
-1,4,6,7,8,2475,UA,LAX,46,22,161,0,0,19
80,4,6,7,21,2475,DL,LAX,46,22,161,0,0,19
-3,4,6,7,18,2475,DL,LAX,46,22,161,0,0,19
-3,4,6,7,8,2475,DL,LAX,46,22,161,0,0,19
-4,4,6,7,15,2475,DL,LAX,46,22,161,0,0,19
-3,4,6,7,7,2475,DL,LAX,46,22,161,0,0,19
-2,4,6,7,12,2475,DL,LAX,46,22,161,0,0,19
-3,4,6,7,9,2475,DL,LAX,46,22,161,0,0,19
3,4,6,7,17,2475,DL,LAX,46,22,161,0,0,19
10,4,6,7,20,2475,B6,LAX,46,22,161,0,0,19
16,4,6,7,6,2475,B6,LAX,46,22,161,0,0,19
-8,4,6,7,16,2475,B6,LAX,46,22,161,0,0,19
-11,4,6,7,8,2475,AA,LAX,46,22,161,0,0,19
-3,4,6,7,9,2475,VX,LAX,46,22,161,0,0,19
16,4,6,7,7,2475,VX,LAX,46,22,161,0,0,19
34,4,6,7,19,2475,AA,LAX,46,22,161,0,0,19
10,4,6,7,17,2475,AA,LAX,46,22,161,0,0,19
-3,4,6,7,6,2475,AA,LAX,46,22,161,0,0,19
-9,4,6,7,10,2475,AA,LAX,46,22,161,0,0,19
-2,4,6,7,16,2475,VX,LAX,46,22,161,0,0,19
19,4,6,7,11,2475,B6,LAX,46,22,161,0,0,19
-5,4,6,7,6,2475,AA,LAX,46,22,161,0,0,19
-5,4,6,7,13,2475,VX,LAX,46,22,161,0,0,19
-5,4,6,7,20,2475,VX,LAX,46,22,161,0,0,19
23,4,6,7,13,2475,AA,LAX,46,22,161,0,0,19
-5,4,6,7,9,2475,AA,LAX,46,22,161,0,0,19
-4,4,6,7,12,2475,AA,LAX,46,22,161,0,0,19
-5,4,6,7,21,2475,AA,LAX,46,22,161,0,0,19
-5,4,6,7,16,2475,AA,LAX,46,22,161,0,0,19
-7,4,13,7,6,2475,AA,LAX,39,122,250,0,0,26
-5,4,13,7,11,2475,B6,LAX,39,122,250,0,0,26
-1,4,13,7,6,2475,B6,LAX,39,122,250,0,0,26
2,4,13,7,21,2475,AA,LAX,39,122,250,0,0,26
14,4,13,7,17,2475,AA,LAX,39,122,250,0,0,26
-6,4,13,7,9,2475,AA,LAX,39,122,250,0,0,26
2,4,13,7,20,2475,VX,LAX,39,122,250,0,0,26
-1,4,13,7,6,2475,AA,LAX,39,122,250,0,0,26
7,4,13,7,16,2475,VX,LAX,39,122,250,0,0,26
-5,4,13,7,13,2475,AA,LAX,39,122,250,0,0,26
1,4,13,7,13,2475,VX,LAX,39,122,250,0,0,26
-5,4,13,7,16,2475,AA,LAX,39,122,250,0,0,26
-4,4,13,7,20,2475,B6,LAX,39,122,250,0,0,26
-1,4,13,7,12,2475,AA,LAX,39,122,250,0,0,26
-2,4,13,7,9,2475,VX,LAX,39,122,250,0,0,26
-2,4,13,7,8,2475,AA,LAX,39,122,250,0,0,26
2,4,13,7,16,2475,B6,LAX,39,122,250,0,0,26
0,4,13,7,7,2475,VX,LAX,39,122,250,0,0,26
-1,4,13,7,19,2475,AA,LAX,39,122,250,0,0,26
0,4,13,7,10,2475,AA,LAX,39,122,250,0,0,26
-4,4,13,7,9,2475,DL,LAX,39,122,250,0,0,26
12,4,13,7,17,2475,DL,LAX,39,122,250,0,0,26
0,4,13,7,8,2475,DL,LAX,39,122,250,0,0,26
-3,4,13,7,18,2475,DL,LAX,39,122,250,0,0,26
4,4,13,7,15,2475,DL,LAX,39,122,250,0,0,26
197,4,13,7,21,2475,DL,LAX,39,122,250,0,0,26
8,4,13,7,7,2475,DL,LAX,39,122,250,0,0,26
3,4,13,7,12,2475,DL,LAX,39,122,250,0,0,26
3,4,13,7,11,2475,UA,LAX,39,122,250,0,0,26
8,4,13,7,14,2475,UA,LAX,39,122,250,0,0,26
6,4,13,7,17,2475,UA,LAX,39,122,250,0,0,26
-2,4,13,7,20,2475,UA,LAX,39,122,250,0,0,26
1,4,13,7,8,2475,UA,LAX,39,122,250,0,0,26
32,4,20,7,18,2475,DL,LAX,32,72,156,0,0,28
-4,4,20,7,8,2475,DL,LAX,32,72,156,0,0,28
1,4,20,7,15,2475,DL,LAX,32,72,156,0,0,28
-1,4,20,7,21,2475,DL,LAX,32,72,156,0,0,28
-3,4,20,7,7,2475,DL,LAX,32,72,156,0,0,28
-3,4,20,7,6,2475,B6,LAX,32,72,156,0,0,28
0,4,20,7,17,2475,DL,LAX,32,72,156,0,0,28
-5,4,20,7,9,2475,DL,LAX,32,72,156,0,0,28
-5,4,20,7,12,2475,DL,LAX,32,72,156,0,0,28
-4,4,20,7,17,2475,AA,LAX,32,72,156,0,0,28
-11,4,20,7,6,2475,AA,LAX,32,72,156,0,0,28
-6,4,20,7,13,2475,VX,LAX,32,72,156,0,0,28
-6,4,20,7,20,2475,VX,LAX,32,72,156,0,0,28
-5,4,20,7,6,2475,AA,LAX,32,72,156,0,0,28
32,4,20,7,9,2475,AA,LAX,32,72,156,0,0,28
-4,4,20,7,7,2475,VX,LAX,32,72,156,0,0,28
-1,4,20,7,9,2475,VX,LAX,32,72,156,0,0,28
-2,4,20,7,16,2475,B6,LAX,32,72,156,0,0,28
14,4,20,7,11,2475,B6,LAX,32,72,156,0,0,28
99,4,20,7,10,2475,AA,LAX,32,72,156,0,0,28
3,4,20,7,19,2475,AA,LAX,32,72,156,0,0,28
-9,4,20,7,12,2475,AA,LAX,32,72,156,0,0,28
-4,4,20,7,13,2475,AA,LAX,32,72,156,0,0,28
-4,4,20,7,21,2475,AA,LAX,32,72,156,0,0,28
-2,4,20,7,16,2475,VX,LAX,32,72,156,0,0,28
-7,4,20,7,8,2475,AA,LAX,32,72,156,0,0,28
0,4,20,7,20,2475,B6,LAX,32,72,156,0,0,28
-2,4,20,7,16,2475,AA,LAX,32,72,156,0,0,28
-4,4,20,7,14,2475,UA,LAX,32,72,156,0,0,28
-3,4,20,7,17,2475,UA,LAX,32,72,156,0,0,28
-6,4,20,7,11,2475,UA,LAX,32,72,156,0,0,28
-5,4,20,7,8,2475,UA,LAX,32,72,156,0,0,28
0,4,20,7,20,2475,UA,LAX,32,72,156,0,0,28
12,4,27,7,9,2475,DL,LAX,25,83,150,0,0,26
-5,4,27,7,12,2475,DL,LAX,25,83,150,0,0,26
-2,4,27,7,7,2475,DL,LAX,25,83,150,0,0,26
23,4,27,7,21,2475,DL,LAX,25,83,150,0,0,26
-2,4,27,7,15,2475,DL,LAX,25,83,150,0,0,26
0,4,27,7,8,2475,DL,LAX,25,83,150,0,0,26
13,4,27,7,18,2475,DL,LAX,25,83,150,0,0,26
-5,4,27,7,6,2475,B6,LAX,25,83,150,0,0,26
1,4,27,7,17,2475,DL,LAX,25,83,150,0,0,26
3,4,27,7,14,2475,UA,LAX,25,83,150,0,0,26
7,4,27,7,8,2475,UA,LAX,25,83,150,0,0,26
10,4,27,7,20,2475,UA,LAX,25,83,150,0,0,26
7,4,27,7,17,2475,UA,LAX,25,83,150,0,0,26
-3,4,27,7,11,2475,UA,LAX,25,83,150,0,0,26
0,4,27,7,11,2475,B6,LAX,25,83,150,0,0,26
-4,4,27,7,13,2475,AA,LAX,25,83,150,0,0,26
9,4,27,7,20,2475,VX,LAX,25,83,150,0,0,26
134,4,27,7,16,2475,AA,LAX,25,83,150,0,0,26
14,4,27,7,17,2475,AA,LAX,25,83,150,0,0,26
-10,4,27,7,9,2475,AA,LAX,25,83,150,0,0,26
6,4,27,7,16,2475,VX,LAX,25,83,150,0,0,26
-1,4,27,7,13,2475,VX,LAX,25,83,150,0,0,26
-5,4,27,7,8,2475,AA,LAX,25,83,150,0,0,26
3,4,27,7,9,2475,VX,LAX,25,83,150,0,0,26
-3,4,27,7,6,2475,AA,LAX,25,83,150,0,0,26
1,4,27,7,7,2475,VX,LAX,25,83,150,0,0,26
77,4,27,7,19,2475,AA,LAX,25,83,150,0,0,26
-6,4,27,7,21,2475,AA,LAX,25,83,150,0,0,26
0,4,27,7,12,2475,AA,LAX,25,83,150,0,0,26
9,4,27,7,20,2475,B6,LAX,25,83,150,0,0,26
-7,4,27,7,10,2475,AA,LAX,25,83,150,0,0,26
-7,4,27,7,16,2475,B6,LAX,25,83,150,0,0,26
0,4,27,7,6,2475,AA,LAX,25,83,150,0,0,26
-7,5,4,7,11,2475,UA,LAX,18,122,183,5,0,37
-1,5,4,7,17,2475,UA,LAX,18,122,183,5,0,37
-3,5,4,7,20,2475,UA,LAX,18,122,183,5,0,37
-10,5,4,7,8,2475,UA,LAX,18,122,183,5,0,37
49,5,4,7,14,2475,UA,LAX,18,122,183,5,0,37
-7,5,4,7,7,2475,VX,LAX,18,122,183,5,0,37
-8,5,4,7,9,2475,VX,LAX,18,122,183,5,0,37
0,5,4,7,13,2475,VX,LAX,18,122,183,5,0,37
-2,5,4,7,16,2475,VX,LAX,18,122,183,5,0,37
0,5,4,7,20,2475,VX,LAX,18,122,183,5,0,37
14,5,4,7,19,2475,AA,LAX,18,122,183,5,0,37
41,5,4,7,6,2475,AA,LAX,18,122,183,5,0,37
7,5,4,7,16,2475,AA,LAX,18,122,183,5,0,37
-3,5,4,7,13,2475,AA,LAX,18,122,183,5,0,37
-1,5,4,7,17,2475,AA,LAX,18,122,183,5,0,37
-5,5,4,7,18,2475,DL,LAX,18,122,183,5,0,37
-3,5,4,7,8,2475,DL,LAX,18,122,183,5,0,37
15,5,4,7,21,2475,DL,LAX,18,122,183,5,0,37
34,5,4,7,15,2475,DL,LAX,18,122,183,5,0,37
0,5,4,7,12,2475,DL,LAX,18,122,183,5,0,37
-3,5,4,7,9,2475,DL,LAX,18,122,183,5,0,37
0,5,4,7,7,2475,DL,LAX,18,122,183,5,0,37
0,5,4,7,17,2475,DL,LAX,18,122,183,5,0,37
3,5,4,7,9,2475,B6,LAX,18,122,183,5,0,37
-4,5,4,7,6,2475,B6,LAX,18,122,183,5,0,37
146,5,4,7,20,2475,B6,LAX,18,122,183,5,0,37
-4,5,4,7,17,2475,B6,LAX,18,122,183,5,0,37
-5,5,4,7,21,2475,AA,LAX,18,122,183,5,0,37
-7,5,4,7,9,2475,AA,LAX,18,122,183,5,0,37
-11,5,4,7,12,2475,AA,LAX,18,122,183,5,0,37
-6,5,4,7,6,2475,AA,LAX,18,122,183,5,0,37
-6,5,4,7,8,2475,AA,LAX,18,122,183,5,0,37
-8,5,4,7,10,2475,AA,LAX,18,122,183,5,0,37
-7,5,11,7,8,2475,UA,LAX,11,156,278,8,0,14
-13,5,11,7,11,2475,UA,LAX,11,156,278,8,0,14
3,5,11,7,14,2475,UA,LAX,11,156,278,8,0,14
-7,5,11,7,20,2475,UA,LAX,11,156,278,8,0,14
12,5,11,7,17,2475,UA,LAX,11,156,278,8,0,14
-7,5,11,7,12,2475,AA,LAX,11,156,278,8,0,14
2,5,11,7,17,2475,AA,LAX,11,156,278,8,0,14
5,5,11,7,18,2475,AA,LAX,11,156,278,8,0,14
-6,5,11,7,20,2475,AA,LAX,11,156,278,8,0,14
56,5,11,7,10,2475,AA,LAX,11,156,278,8,0,14
2,5,11,7,15,2475,AA,LAX,11,156,278,8,0,14
-8,5,11,7,7,2475,AA,LAX,11,156,278,8,0,14
3,5,11,7,17,2475,DL,LAX,11,156,278,8,0,14
9,5,11,7,7,2475,DL,LAX,11,156,278,8,0,14
20,5,11,7,9,2475,AA,LAX,11,156,278,8,0,14
-8,5,11,7,5,2475,AA,LAX,11,156,278,8,0,14
-6,5,11,7,9,2475,DL,LAX,11,156,278,8,0,14
4,5,11,7,12,2475,DL,LAX,11,156,278,8,0,14
-1,5,11,7,15,2475,DL,LAX,11,156,278,8,0,14
-1,5,11,7,21,2475,DL,LAX,11,156,278,8,0,14
33,5,11,7,8,2475,AA,LAX,11,156,278,8,0,14
11,5,11,7,8,2475,DL,LAX,11,156,278,8,0,14
-4,5,11,7,18,2475,DL,LAX,11,156,278,8,0,14
7,5,11,7,9,2475,B6,LAX,11,156,278,8,0,14
-4,5,11,7,20,2475,B6,LAX,11,156,278,8,0,14
-3,5,11,7,6,2475,B6,LAX,11,156,278,8,0,14
0,5,11,7,17,2475,B6,LAX,11,156,278,8,0,14
-2,5,11,7,16,2475,AA,LAX,11,156,278,8,0,14
-6,5,11,7,7,2475,VX,LAX,11,156,278,8,0,14
-1,5,11,7,20,2475,VX,LAX,11,156,278,8,0,14
-4,5,11,7,16,2475,VX,LAX,11,156,278,8,0,14
-4,5,11,7,13,2475,VX,LAX,11,156,278,8,0,14
18,5,11,7,9,2475,VX,LAX,11,156,278,8,0,14
-5,5,18,7,20,2475,VX,LAX,4,106,194,0,0,26
-2,5,18,7,16,2475,VX,LAX,4,106,194,0,0,26
-1,5,18,7,13,2475,VX,LAX,4,106,194,0,0,26
-5,5,18,7,11,2475,VX,LAX,4,106,194,0,0,26
-9,5,18,7,9,2475,VX,LAX,4,106,194,0,0,26
-9,5,18,7,7,2475,VX,LAX,4,106,194,0,0,26
18,5,18,7,17,2475,UA,LAX,4,106,194,0,0,26
24,5,18,7,11,2475,UA,LAX,4,106,194,0,0,26
-2,5,18,7,20,2475,UA,LAX,4,106,194,0,0,26
-9,5,18,7,8,2475,UA,LAX,4,106,194,0,0,26
-6,5,18,7,14,2475,UA,LAX,4,106,194,0,0,26
-8,5,18,7,15,2475,DL,LAX,4,106,194,0,0,26
-4,5,18,7,16,2475,AA,LAX,4,106,194,0,0,26
-8,5,18,7,8,2475,DL,LAX,4,106,194,0,0,26
70,5,18,7,17,2475,AA,LAX,4,106,194,0,0,26
-5,5,18,7,10,2475,AA,LAX,4,106,194,0,0,26
-1,5,18,7,5,2475,AA,LAX,4,106,194,0,0,26
16,5,18,7,21,2475,DL,LAX,4,106,194,0,0,26
-7,5,18,7,7,2475,AA,LAX,4,106,194,0,0,26
-6,5,18,7,8,2475,AA,LAX,4,106,194,0,0,26
1,5,18,7,18,2475,DL,LAX,4,106,194,0,0,26
-4,5,18,7,12,2475,DL,LAX,4,106,194,0,0,26
-6,5,18,7,12,2475,AA,LAX,4,106,194,0,0,26
0,5,18,7,9,2475,DL,LAX,4,106,194,0,0,26
-5,5,18,7,18,2475,AA,LAX,4,106,194,0,0,26
-8,5,18,7,15,2475,AA,LAX,4,106,194,0,0,26
-8,5,18,7,9,2475,B6,LAX,4,106,194,0,0,26
48,5,18,7,20,2475,B6,LAX,4,106,194,0,0,26
0,5,18,7,17,2475,B6,LAX,4,106,194,0,0,26
-7,5,18,7,6,2475,B6,LAX,4,106,194,0,0,26
2,5,18,7,7,2475,DL,LAX,4,106,194,0,0,26
-1,5,18,7,20,2475,AA,LAX,4,106,194,0,0,26
-6,5,18,7,9,2475,AA,LAX,4,106,194,0,0,26
9,5,18,7,17,2475,DL,LAX,4,106,194,0,0,26
-1,5,25,7,8,2475,DL,LAX,1,128,267,0,0,9
47,5,25,7,21,2475,DL,LAX,1,128,267,0,0,9
0,5,25,7,18,2475,DL,LAX,1,128,267,0,0,9
-4,5,25,7,9,2475,DL,LAX,1,128,267,0,0,9
-1,5,25,7,7,2475,DL,LAX,1,128,267,0,0,9
-3,5,25,7,17,2475,DL,LAX,1,128,267,0,0,9
-7,5,25,7,9,2475,AA,LAX,1,128,267,0,0,9
-4,5,25,7,16,2475,AA,LAX,1,128,267,0,0,9
-2,5,25,7,17,2475,AA,LAX,1,128,267,0,0,9
-4,5,25,7,20,2475,AA,LAX,1,128,267,0,0,9
-3,5,25,7,6,2475,B6,LAX,1,128,267,0,0,9
-6,5,25,7,20,2475,B6,LAX,1,128,267,0,0,9
2,5,25,7,9,2475,B6,LAX,1,128,267,0,0,9
3,5,25,7,17,2475,B6,LAX,1,128,267,0,0,9
-3,5,25,7,7,2475,AA,LAX,1,128,267,0,0,9
-3,5,25,7,18,2475,AA,LAX,1,128,267,0,0,9
-4,5,25,7,15,2475,DL,LAX,1,128,267,0,0,9
-6,5,25,7,12,2475,AA,LAX,1,128,267,0,0,9
-4,5,25,7,15,2475,AA,LAX,1,128,267,0,0,9
-5,5,25,7,9,2475,VX,LAX,1,128,267,0,0,9
4,5,25,7,20,2475,VX,LAX,1,128,267,0,0,9
-1,5,25,7,16,2475,VX,LAX,1,128,267,0,0,9
-6,5,25,7,13,2475,VX,LAX,1,128,267,0,0,9
-6,5,25,7,11,2475,VX,LAX,1,128,267,0,0,9
3,5,25,7,14,2475,UA,LAX,1,128,267,0,0,9
-5,5,25,7,11,2475,UA,LAX,1,128,267,0,0,9
-5,5,25,7,8,2475,UA,LAX,1,128,267,0,0,9
12,5,25,7,17,2475,UA,LAX,1,128,267,0,0,9
-7,6,2,1,8,2475,AA,LAX,7,150,267,0,0,20
-7,6,2,1,10,2475,AA,LAX,7,150,267,0,0,20
-7,6,2,1,9,2475,AA,LAX,7,150,267,0,0,20
-5,6,2,1,5,2475,AA,LAX,7,150,267,0,0,20
-9,6,2,1,12,2475,AA,LAX,7,150,267,0,0,20
-4,6,2,1,7,2475,AA,LAX,7,150,267,0,0,20
-7,6,2,1,11,2475,AA,LAX,7,150,267,0,0,20
-6,6,2,1,16,2475,AA,LAX,7,150,267,0,0,20
0,6,2,1,20,2475,AA,LAX,7,150,267,0,0,20
5,6,2,1,18,2475,AA,LAX,7,150,267,0,0,20
2,6,2,1,15,2475,AA,LAX,7,150,267,0,0,20
-4,6,2,1,17,2475,AA,LAX,7,150,267,0,0,20
-1,6,2,1,8,2475,UA,LAX,7,150,267,0,0,20
187,6,2,1,20,2475,UA,LAX,7,150,267,0,0,20
22,6,2,1,21,2475,DL,LAX,7,150,267,0,0,20
7,6,2,1,8,2475,DL,LAX,7,150,267,0,0,20
-2,6,2,1,15,2475,DL,LAX,7,150,267,0,0,20
-5,6,2,1,9,2475,DL,LAX,7,150,267,0,0,20
12,6,2,1,7,2475,DL,LAX,7,150,267,0,0,20
-1,6,2,1,11,2475,VX,LAX,7,150,267,0,0,20
-6,6,2,1,9,2475,VX,LAX,7,150,267,0,0,20
-9,6,2,1,7,2475,VX,LAX,7,150,267,0,0,20
2,6,2,1,20,2475,B6,LAX,7,150,267,0,0,20
4,6,2,1,17,2475,B6,LAX,7,150,267,0,0,20
3,6,2,1,9,2475,B6,LAX,7,150,267,0,0,20
-4,6,2,1,6,2475,B6,LAX,7,150,267,0,0,20
-10,6,2,1,6,2475,UA,LAX,7,150,267,0,0,20
-1,6,2,1,18,2475,DL,LAX,7,150,267,0,0,20
-2,6,2,1,12,2475,DL,LAX,7,150,267,0,0,20
-1,6,2,1,17,2475,DL,LAX,7,150,267,0,0,20
6,6,2,1,20,2475,VX,LAX,7,150,267,0,0,20
-2,6,2,1,16,2475,VX,LAX,7,150,267,0,0,20
-2,6,2,1,13,2475,VX,LAX,7,150,267,0,0,20
-8,6,2,1,11,2475,UA,LAX,7,150,267,0,0,20
7,6,2,1,14,2475,UA,LAX,7,150,267,0,0,20
14,6,2,1,17,2475,UA,LAX,7,150,267,0,0,20
0,6,9,1,16,2475,VX,LAX,14,172,228,406,0,19
-5,6,9,1,20,2475,VX,LAX,14,172,228,406,0,19
2,6,9,1,17,2475,UA,LAX,14,172,228,406,0,19
1,6,9,1,14,2475,UA,LAX,14,172,228,406,0,19
0,6,9,1,11,2475,UA,LAX,14,172,228,406,0,19
-1,6,9,1,21,2475,DL,LAX,14,172,228,406,0,19
-2,6,9,1,9,2475,DL,LAX,14,172,228,406,0,19
3,6,9,1,12,2475,DL,LAX,14,172,228,406,0,19
-4,6,9,1,16,2475,DL,LAX,14,172,228,406,0,19
-1,6,9,1,15,2475,DL,LAX,14,172,228,406,0,19
20,6,9,1,7,2475,DL,LAX,14,172,228,406,0,19
24,6,9,1,8,2475,DL,LAX,14,172,228,406,0,19
9,6,9,1,18,2475,DL,LAX,14,172,228,406,0,19
-2,6,9,1,7,2475,VX,LAX,14,172,228,406,0,19
1,6,9,1,9,2475,VX,LAX,14,172,228,406,0,19
-1,6,9,1,11,2475,VX,LAX,14,172,228,406,0,19
5,6,9,1,13,2475,VX,LAX,14,172,228,406,0,19
41,6,9,1,20,2475,UA,LAX,14,172,228,406,0,19
-2,6,9,1,6,2475,UA,LAX,14,172,228,406,0,19
-1,6,9,1,8,2475,UA,LAX,14,172,228,406,0,19
2,6,9,1,9,2475,AA,LAX,14,172,228,406,0,19
77,6,9,1,20,2475,B6,LAX,14,172,228,406,0,19
55,6,9,1,18,2475,AA,LAX,14,172,228,406,0,19
-4,6,9,1,11,2475,AA,LAX,14,172,228,406,0,19
-2,6,9,1,16,2475,AA,LAX,14,172,228,406,0,19
-5,6,9,1,7,2475,AA,LAX,14,172,228,406,0,19
-5,6,9,1,8,2475,AA,LAX,14,172,228,406,0,19
35,6,9,1,10,2475,AA,LAX,14,172,228,406,0,19
-1,6,9,1,12,2475,AA,LAX,14,172,228,406,0,19
25,6,9,1,20,2475,AA,LAX,14,172,228,406,0,19
8,6,9,1,17,2475,AA,LAX,14,172,228,406,0,19
-3,6,9,1,15,2475,AA,LAX,14,172,228,406,0,19
-3,6,9,1,6,2475,B6,LAX,14,172,228,406,0,19
-2,6,9,1,9,2475,B6,LAX,14,172,228,406,0,19
-2,6,9,1,17,2475,B6,LAX,14,172,228,406,0,19
-4,6,9,1,5,2475,AA,LAX,14,172,228,406,0,19
0,6,16,1,6,2475,B6,LAX,18,172,272,0,0,13
-6,6,16,1,6,2475,AA,LAX,18,172,272,0,0,13
-7,6,16,1,9,2475,AA,LAX,18,172,272,0,0,13
-3,6,16,1,17,2475,AA,LAX,18,172,272,0,0,13
-9,6,16,1,12,2475,AA,LAX,18,172,272,0,0,13
4,6,16,1,16,2475,AA,LAX,18,172,272,0,0,13
-3,6,16,1,7,2475,AA,LAX,18,172,272,0,0,13
4,6,16,1,20,2475,AA,LAX,18,172,272,0,0,13
-6,6,16,1,10,2475,AA,LAX,18,172,272,0,0,13
-6,6,16,1,11,2475,AA,LAX,18,172,272,0,0,13
-5,6,16,1,19,2475,AA,LAX,18,172,272,0,0,13
-7,6,16,1,15,2475,AA,LAX,18,172,272,0,0,13
-1,6,16,1,18,2475,AA,LAX,18,172,272,0,0,13
-5,6,16,1,8,2475,AA,LAX,18,172,272,0,0,13
6,6,16,1,20,2475,B6,LAX,18,172,272,0,0,13
-4,6,16,1,17,2475,B6,LAX,18,172,272,0,0,13
-2,6,16,1,9,2475,B6,LAX,18,172,272,0,0,13
4,6,16,1,20,2475,UA,LAX,18,172,272,0,0,13
-4,6,16,1,6,2475,UA,LAX,18,172,272,0,0,13
-11,6,16,1,8,2475,UA,LAX,18,172,272,0,0,13
-6,6,16,1,17,2475,UA,LAX,18,172,272,0,0,13
22,6,16,1,11,2475,UA,LAX,18,172,272,0,0,13
0,6,16,1,16,2475,VX,LAX,18,172,272,0,0,13
-5,6,16,1,20,2475,VX,LAX,18,172,272,0,0,13
10,6,16,1,14,2475,UA,LAX,18,172,272,0,0,13
6,6,16,1,12,2475,DL,LAX,18,172,272,0,0,13
22,6,16,1,8,2475,DL,LAX,18,172,272,0,0,13
-5,6,16,1,18,2475,DL,LAX,18,172,272,0,0,13
-1,6,16,1,9,2475,DL,LAX,18,172,272,0,0,13
1,6,16,1,16,2475,DL,LAX,18,172,272,0,0,13
2,6,16,1,15,2475,DL,LAX,18,172,272,0,0,13
1,6,16,1,7,2475,DL,LAX,18,172,272,0,0,13
15,6,16,1,21,2475,DL,LAX,18,172,272,0,0,13
-1,6,16,1,7,2475,VX,LAX,18,172,272,0,0,13
-5,6,16,1,9,2475,VX,LAX,18,172,272,0,0,13
-3,6,16,1,11,2475,VX,LAX,18,172,272,0,0,13
-5,6,16,1,13,2475,VX,LAX,18,172,272,0,0,13
24,6,23,1,13,2475,VX,LAX,11,183,272,0,0,12
-1,6,23,1,16,2475,VX,LAX,11,183,272,0,0,12
-5,6,23,1,20,2475,VX,LAX,11,183,272,0,0,12
15,6,23,1,18,2475,DL,LAX,11,183,272,0,0,12
0,6,23,1,8,2475,DL,LAX,11,183,272,0,0,12
-5,6,23,1,9,2475,DL,LAX,11,183,272,0,0,12
-3,6,23,1,12,2475,DL,LAX,11,183,272,0,0,12
1,6,23,1,7,2475,DL,LAX,11,183,272,0,0,12
8,6,23,1,21,2475,DL,LAX,11,183,272,0,0,12
5,6,23,1,16,2475,DL,LAX,11,183,272,0,0,12
30,6,23,1,15,2475,DL,LAX,11,183,272,0,0,12
0,6,23,1,7,2475,VX,LAX,11,183,272,0,0,12
45,6,23,1,9,2475,VX,LAX,11,183,272,0,0,12
27,6,23,1,11,2475,VX,LAX,11,183,272,0,0,12
-4,6,23,1,20,2475,UA,LAX,11,183,272,0,0,12
-6,6,23,1,6,2475,UA,LAX,11,183,272,0,0,12
15,6,23,1,17,2475,UA,LAX,11,183,272,0,0,12
-1,6,23,1,14,2475,UA,LAX,11,183,272,0,0,12
-7,6,23,1,11,2475,UA,LAX,11,183,272,0,0,12
2,6,23,1,8,2475,UA,LAX,11,183,272,0,0,12
-8,6,23,1,12,2475,AA,LAX,11,183,272,0,0,12
-4,6,23,1,6,2475,B6,LAX,11,183,272,0,0,12
-7,6,23,1,7,2475,AA,LAX,11,183,272,0,0,12
4,6,23,1,17,2475,AA,LAX,11,183,272,0,0,12
-7,6,23,1,6,2475,AA,LAX,11,183,272,0,0,12
40,6,23,1,19,2475,AA,LAX,11,183,272,0,0,12
-1,6,23,1,9,2475,B6,LAX,11,183,272,0,0,12
-6,6,23,1,12,2475,B6,LAX,11,183,272,0,0,12
-9,6,23,1,11,2475,AA,LAX,11,183,272,0,0,12
-4,6,23,1,16,2475,B6,LAX,11,183,272,0,0,12
-7,6,23,1,8,2475,AA,LAX,11,183,272,0,0,12
2,6,23,1,20,2475,B6,LAX,11,183,272,0,0,12
-6,6,23,1,10,2475,AA,LAX,11,183,272,0,0,12
-9,6,23,1,15,2475,AA,LAX,11,183,272,0,0,12
6,6,23,1,9,2475,AA,LAX,11,183,272,0,0,12
5,6,23,1,20,2475,AA,LAX,11,183,272,0,0,12
-4,6,23,1,16,2475,AA,LAX,11,183,272,0,0,12
82,6,23,1,18,2475,AA,LAX,11,183,272,0,0,12
19,6,30,1,9,2475,B6,LAX,4,206,289,0,0,12
-2,6,30,1,15,2475,AA,LAX,4,206,289,0,0,12
-6,6,30,1,8,2475,AA,LAX,4,206,289,0,0,12
29,6,30,1,12,2475,B6,LAX,4,206,289,0,0,12
-5,6,30,1,16,2475,B6,LAX,4,206,289,0,0,12
11,6,30,1,20,2475,B6,LAX,4,206,289,0,0,12
-12,6,30,1,11,2475,AA,LAX,4,206,289,0,0,12
-4,6,30,1,16,2475,AA,LAX,4,206,289,0,0,12
-2,6,30,1,17,2475,AA,LAX,4,206,289,0,0,12
-4,6,30,1,10,2475,AA,LAX,4,206,289,0,0,12
1,6,30,1,9,2475,AA,LAX,4,206,289,0,0,12
-6,6,30,1,12,2475,AA,LAX,4,206,289,0,0,12
-6,6,30,1,18,2475,AA,LAX,4,206,289,0,0,12
2,6,30,1,20,2475,AA,LAX,4,206,289,0,0,12
1,6,30,1,19,2475,AA,LAX,4,206,289,0,0,12
-9,6,30,1,7,2475,AA,LAX,4,206,289,0,0,12
-6,6,30,1,6,2475,B6,LAX,4,206,289,0,0,12
-5,6,30,1,6,2475,AA,LAX,4,206,289,0,0,12
-2,6,30,1,7,2475,VX,LAX,4,206,289,0,0,12
1,6,30,1,9,2475,VX,LAX,4,206,289,0,0,12
-7,6,30,1,11,2475,VX,LAX,4,206,289,0,0,12
-3,6,30,1,13,2475,VX,LAX,4,206,289,0,0,12
15,6,30,1,16,2475,VX,LAX,4,206,289,0,0,12
-5,6,30,1,20,2475,VX,LAX,4,206,289,0,0,12
2,6,30,1,8,2475,DL,LAX,4,206,289,0,0,12
1,6,30,1,9,2475,DL,LAX,4,206,289,0,0,12
-4,6,30,1,12,2475,DL,LAX,4,206,289,0,0,12
99,6,30,1,21,2475,DL,LAX,4,206,289,0,0,12
21,6,30,1,16,2475,DL,LAX,4,206,289,0,0,12
0,6,30,1,15,2475,DL,LAX,4,206,289,0,0,12
27,6,30,1,20,2475,UA,LAX,4,206,289,0,0,12
-1,6,30,1,18,2475,DL,LAX,4,206,289,0,0,12
0,6,30,1,8,2475,UA,LAX,4,206,289,0,0,12
-7,6,30,1,14,2475,UA,LAX,4,206,289,0,0,12
6,6,30,1,17,2475,UA,LAX,4,206,289,0,0,12
-7,6,30,1,11,2475,UA,LAX,4,206,289,0,0,12
-7,6,30,1,6,2475,UA,LAX,4,206,289,0,0,12
3,7,7,1,20,2475,VX,LAX,3,222,322,10,0,26
13,7,7,1,16,2475,VX,LAX,3,222,322,10,0,26
46,7,7,1,7,2475,VX,LAX,3,222,322,10,0,26
-2,7,7,1,9,2475,VX,LAX,3,222,322,10,0,26
-5,7,7,1,11,2475,VX,LAX,3,222,322,10,0,26
-2,7,7,1,13,2475,VX,LAX,3,222,322,10,0,26
138,7,7,1,21,2475,DL,LAX,3,222,322,10,0,26
0,7,7,1,14,2475,UA,LAX,3,222,322,10,0,26
-7,7,7,1,11,2475,UA,LAX,3,222,322,10,0,26
-4,7,7,1,17,2475,UA,LAX,3,222,322,10,0,26
24,7,7,1,20,2475,UA,LAX,3,222,322,10,0,26
-3,7,7,1,8,2475,UA,LAX,3,222,322,10,0,26
0,7,7,1,6,2475,UA,LAX,3,222,322,10,0,26
-4,7,7,1,9,2475,AA,LAX,3,222,322,10,0,26
-4,7,7,1,12,2475,AA,LAX,3,222,322,10,0,26
-1,7,7,1,7,2475,AA,LAX,3,222,322,10,0,26
2,7,7,1,11,2475,AA,LAX,3,222,322,10,0,26
12,7,7,1,18,2475,AA,LAX,3,222,322,10,0,26
-7,7,7,1,16,2475,AA,LAX,3,222,322,10,0,26
9,7,7,1,16,2475,DL,LAX,3,222,322,10,0,26
1,7,7,1,8,2475,DL,LAX,3,222,322,10,0,26
-5,7,7,1,15,2475,DL,LAX,3,222,322,10,0,26
-2,7,7,1,7,2475,DL,LAX,3,222,322,10,0,26
-4,7,7,1,12,2475,DL,LAX,3,222,322,10,0,26
-1,7,7,1,9,2475,DL,LAX,3,222,322,10,0,26
-2,7,7,1,18,2475,DL,LAX,3,222,322,10,0,26
-1,7,7,1,15,2475,AA,LAX,3,222,322,10,0,26
-4,7,7,1,6,2475,AA,LAX,3,222,322,10,0,26
-8,7,7,1,17,2475,AA,LAX,3,222,322,10,0,26
25,7,7,1,20,2475,B6,LAX,3,222,322,10,0,26
0,7,7,1,20,2475,AA,LAX,3,222,322,10,0,26
-2,7,7,1,6,2475,B6,LAX,3,222,322,10,0,26
-5,7,7,1,9,2475,B6,LAX,3,222,322,10,0,26
-4,7,7,1,16,2475,B6,LAX,3,222,322,10,0,26
12,7,7,1,12,2475,B6,LAX,3,222,322,10,0,26
2,7,7,1,10,2475,AA,LAX,3,222,322,10,0,26
-1,7,7,1,19,2475,AA,LAX,3,222,322,10,0,26
-8,7,7,1,8,2475,AA,LAX,3,222,322,10,0,26
-5,7,14,1,8,2475,AA,LAX,10,222,289,117,0,20
14,7,14,1,11,2475,AA,LAX,10,222,289,117,0,20
169,7,14,1,20,2475,B6,LAX,10,222,289,117,0,20
160,7,14,1,20,2475,AA,LAX,10,222,289,117,0,20
-2,7,14,1,9,2475,B6,LAX,10,222,289,117,0,20
-7,7,14,1,16,2475,AA,LAX,10,222,289,117,0,20
-5,7,14,1,10,2475,AA,LAX,10,222,289,117,0,20
235,7,14,1,19,2475,AA,LAX,10,222,289,117,0,20
-6,7,14,1,16,2475,B6,LAX,10,222,289,117,0,20
17,7,14,1,18,2475,DL,LAX,10,222,289,117,0,20
-2,7,14,1,6,2475,B6,LAX,10,222,289,117,0,20
-5,7,14,1,9,2475,DL,LAX,10,222,289,117,0,20
-6,7,14,1,12,2475,DL,LAX,10,222,289,117,0,20
164,7,14,1,17,2475,AA,LAX,10,222,289,117,0,20
8,7,14,1,7,2475,DL,LAX,10,222,289,117,0,20
-3,7,14,1,15,2475,DL,LAX,10,222,289,117,0,20
147,7,14,1,21,2475,DL,LAX,10,222,289,117,0,20
1,7,14,1,8,2475,DL,LAX,10,222,289,117,0,20
-4,7,14,1,9,2475,AA,LAX,10,222,289,117,0,20
-1,7,14,1,14,2475,UA,LAX,10,222,289,117,0,20
-4,7,14,1,11,2475,UA,LAX,10,222,289,117,0,20
-6,7,14,1,12,2475,AA,LAX,10,222,289,117,0,20
-10,7,14,1,6,2475,AA,LAX,10,222,289,117,0,20
284,7,14,1,18,2475,AA,LAX,10,222,289,117,0,20
40,7,14,1,17,2475,UA,LAX,10,222,289,117,0,20
-3,7,14,1,12,2475,B6,LAX,10,222,289,117,0,20
106,7,14,1,20,2475,UA,LAX,10,222,289,117,0,20
-2,7,14,1,7,2475,AA,LAX,10,222,289,117,0,20
1,7,14,1,15,2475,AA,LAX,10,222,289,117,0,20
-5,7,14,1,8,2475,UA,LAX,10,222,289,117,0,20
-6,7,14,1,6,2475,UA,LAX,10,222,289,117,0,20
0,7,14,1,7,2475,VX,LAX,10,222,289,117,0,20
-6,7,14,1,9,2475,VX,LAX,10,222,289,117,0,20
-3,7,14,1,11,2475,VX,LAX,10,222,289,117,0,20
-3,7,14,1,13,2475,VX,LAX,10,222,289,117,0,20
260,7,14,1,16,2475,VX,LAX,10,222,289,117,0,20
195,7,14,1,20,2475,VX,LAX,10,222,289,117,0,20
-2,7,21,1,20,2475,UA,LAX,17,194,294,0,0,9
-9,7,21,1,6,2475,UA,LAX,17,194,294,0,0,9
-3,7,21,1,14,2475,UA,LAX,17,194,294,0,0,9
-6,7,21,1,11,2475,UA,LAX,17,194,294,0,0,9
-10,7,21,1,8,2475,UA,LAX,17,194,294,0,0,9
-6,7,21,1,17,2475,UA,LAX,17,194,294,0,0,9
-5,7,21,1,20,2475,VX,LAX,17,194,294,0,0,9
-1,7,21,1,7,2475,VX,LAX,17,194,294,0,0,9
31,7,21,1,9,2475,VX,LAX,17,194,294,0,0,9
8,7,21,1,11,2475,VX,LAX,17,194,294,0,0,9
2,7,21,1,13,2475,VX,LAX,17,194,294,0,0,9
3,7,21,1,16,2475,VX,LAX,17,194,294,0,0,9
53,7,21,1,17,2475,AA,LAX,17,194,294,0,0,9
131,7,21,1,20,2475,B6,LAX,17,194,294,0,0,9
-4,7,21,1,16,2475,AA,LAX,17,194,294,0,0,9
-2,7,21,1,8,2475,AA,LAX,17,194,294,0,0,9
-10,7,21,1,10,2475,AA,LAX,17,194,294,0,0,9
1,7,21,1,9,2475,B6,LAX,17,194,294,0,0,9
-8,7,21,1,11,2475,AA,LAX,17,194,294,0,0,9
-7,7,21,1,7,2475,AA,LAX,17,194,294,0,0,9
-4,7,21,1,15,2475,AA,LAX,17,194,294,0,0,9
-6,7,21,1,6,2475,B6,LAX,17,194,294,0,0,9
13,7,21,1,18,2475,DL,LAX,17,194,294,0,0,9
-2,7,21,1,9,2475,DL,LAX,17,194,294,0,0,9
-6,7,21,1,12,2475,DL,LAX,17,194,294,0,0,9
-2,7,21,1,7,2475,DL,LAX,17,194,294,0,0,9
-2,7,21,1,15,2475,DL,LAX,17,194,294,0,0,9
-1,7,21,1,21,2475,DL,LAX,17,194,294,0,0,9
-2,7,21,1,8,2475,DL,LAX,17,194,294,0,0,9
-6,7,21,1,16,2475,DL,LAX,17,194,294,0,0,9
-1,7,21,1,6,2475,AA,LAX,17,194,294,0,0,9
-8,7,21,1,19,2475,AA,LAX,17,194,294,0,0,9
40,7,21,1,20,2475,AA,LAX,17,194,294,0,0,9
-6,7,21,1,9,2475,AA,LAX,17,194,294,0,0,9
-3,7,21,1,16,2475,B6,LAX,17,194,294,0,0,9
-2,7,21,1,12,2475,B6,LAX,17,194,294,0,0,9
-2,7,21,1,12,2475,AA,LAX,17,194,294,0,0,9
24,7,21,1,18,2475,AA,LAX,17,194,294,0,0,9
-3,7,28,1,14,2475,UA,LAX,24,200,278,48,0,33
-9,7,28,1,8,2475,UA,LAX,24,200,278,48,0,33
216,7,28,1,20,2475,UA,LAX,24,200,278,48,0,33
-5,7,28,1,6,2475,UA,LAX,24,200,278,48,0,33
-5,7,28,1,11,2475,UA,LAX,24,200,278,48,0,33
7,7,28,1,17,2475,UA,LAX,24,200,278,48,0,33
22,7,28,1,16,2475,DL,LAX,24,200,278,48,0,33
-2,7,28,1,17,2475,AA,LAX,24,200,278,48,0,33
-7,7,28,1,15,2475,AA,LAX,24,200,278,48,0,33
-5,7,28,1,16,2475,AA,LAX,24,200,278,48,0,33
14,7,28,1,21,2475,DL,LAX,24,200,278,48,0,33
-7,7,28,1,10,2475,AA,LAX,24,200,278,48,0,33
11,7,28,1,11,2475,AA,LAX,24,200,278,48,0,33
-6,7,28,1,15,2475,DL,LAX,24,200,278,48,0,33
-2,7,28,1,20,2475,AA,LAX,24,200,278,48,0,33
-2,7,28,1,16,2475,B6,LAX,24,200,278,48,0,33
-7,7,28,1,9,2475,DL,LAX,24,200,278,48,0,33
-3,7,28,1,7,2475,DL,LAX,24,200,278,48,0,33
10,7,28,1,12,2475,B6,LAX,24,200,278,48,0,33
2,7,28,1,8,2475,DL,LAX,24,200,278,48,0,33
-3,7,28,1,12,2475,DL,LAX,24,200,278,48,0,33
65,7,28,1,20,2475,B6,LAX,24,200,278,48,0,33
7,7,28,1,6,2475,B6,LAX,24,200,278,48,0,33
-6,7,28,1,12,2475,AA,LAX,24,200,278,48,0,33
0,7,28,1,6,2475,AA,LAX,24,200,278,48,0,33
-4,7,28,1,9,2475,AA,LAX,24,200,278,48,0,33
-3,7,28,1,18,2475,DL,LAX,24,200,278,48,0,33
-4,7,28,1,18,2475,AA,LAX,24,200,278,48,0,33
25,7,28,1,8,2475,AA,LAX,24,200,278,48,0,33
-2,7,28,1,19,2475,AA,LAX,24,200,278,48,0,33
-5,7,28,1,9,2475,B6,LAX,24,200,278,48,0,33
-5,7,28,1,7,2475,AA,LAX,24,200,278,48,0,33
32,7,28,1,16,2475,VX,LAX,24,200,278,48,0,33
-1,7,28,1,20,2475,VX,LAX,24,200,278,48,0,33
-3,7,28,1,7,2475,VX,LAX,24,200,278,48,0,33
-2,7,28,1,9,2475,VX,LAX,24,200,278,48,0,33
-2,7,28,1,11,2475,VX,LAX,24,200,278,48,0,33
-4,7,28,1,13,2475,VX,LAX,24,200,278,48,0,33
7,8,5,2,20,2475,UA,LAX,27,217,322,0,0,11
-6,8,5,2,11,2475,UA,LAX,27,217,322,0,0,11
13,8,5,2,14,2475,UA,LAX,27,217,322,0,0,11
3,8,5,2,20,2475,VX,LAX,27,217,322,0,0,11
3,8,5,2,16,2475,VX,LAX,27,217,322,0,0,11
0,8,5,2,13,2475,VX,LAX,27,217,322,0,0,11
-1,8,5,2,11,2475,VX,LAX,27,217,322,0,0,11
-7,8,5,2,9,2475,VX,LAX,27,217,322,0,0,11
-2,8,5,2,7,2475,VX,LAX,27,217,322,0,0,11
2,8,5,2,18,2475,DL,LAX,27,217,322,0,0,11
-4,8,5,2,9,2475,DL,LAX,27,217,322,0,0,11
-7,8,5,2,12,2475,DL,LAX,27,217,322,0,0,11
8,8,5,2,7,2475,DL,LAX,27,217,322,0,0,11
-2,8,5,2,15,2475,DL,LAX,27,217,322,0,0,11
-1,8,5,2,17,2475,UA,LAX,27,217,322,0,0,11
174,8,5,2,21,2475,DL,LAX,27,217,322,0,0,11
0,8,5,2,8,2475,DL,LAX,27,217,322,0,0,11
-1,8,5,2,16,2475,DL,LAX,27,217,322,0,0,11
2,8,5,2,6,2475,UA,LAX,27,217,322,0,0,11
-2,8,5,2,8,2475,UA,LAX,27,217,322,0,0,11
-3,8,5,2,12,2475,AA,LAX,27,217,322,0,0,11
-5,8,5,2,20,2475,B6,LAX,27,217,322,0,0,11
-6,8,5,2,16,2475,AA,LAX,27,217,322,0,0,11
-3,8,5,2,16,2475,B6,LAX,27,217,322,0,0,11
5,8,5,2,19,2475,AA,LAX,27,217,322,0,0,11
-1,8,5,2,12,2475,B6,LAX,27,217,322,0,0,11
-5,8,5,2,7,2475,AA,LAX,27,217,322,0,0,11
-8,8,5,2,6,2475,AA,LAX,27,217,322,0,0,11
9,8,5,2,17,2475,AA,LAX,27,217,322,0,0,11
-7,8,5,2,10,2475,AA,LAX,27,217,322,0,0,11
7,8,5,2,18,2475,AA,LAX,27,217,322,0,0,11
15,8,5,2,9,2475,B6,LAX,27,217,322,0,0,11
-8,8,5,2,9,2475,AA,LAX,27,217,322,0,0,11
6,8,5,2,15,2475,AA,LAX,27,217,322,0,0,11
-9,8,5,2,8,2475,AA,LAX,27,217,322,0,0,11
-3,8,5,2,11,2475,AA,LAX,27,217,322,0,0,11
-9,8,5,2,20,2475,AA,LAX,27,217,322,0,0,11
27,8,5,2,6,2475,B6,LAX,27,217,322,0,0,11
2,8,12,2,17,2475,UA,LAX,20,211,261,48,0,26
81,8,12,2,16,2475,DL,LAX,20,211,261,48,0,26
16,8,12,2,11,2475,UA,LAX,20,211,261,48,0,26
-4,8,12,2,14,2475,UA,LAX,20,211,261,48,0,26
-1,8,12,2,7,2475,VX,LAX,20,211,261,48,0,26
22,8,12,2,18,2475,DL,LAX,20,211,261,48,0,26
20,8,12,2,9,2475,DL,LAX,20,211,261,48,0,26
-5,8,12,2,12,2475,DL,LAX,20,211,261,48,0,26
-6,8,12,2,7,2475,DL,LAX,20,211,261,48,0,26
-1,8,12,2,15,2475,DL,LAX,20,211,261,48,0,26
42,8,12,2,21,2475,DL,LAX,20,211,261,48,0,26
98,8,12,2,8,2475,DL,LAX,20,211,261,48,0,26
52,8,12,2,20,2475,VX,LAX,20,211,261,48,0,26
0,8,12,2,6,2475,UA,LAX,20,211,261,48,0,26
-5,8,12,2,8,2475,UA,LAX,20,211,261,48,0,26
55,8,12,2,20,2475,UA,LAX,20,211,261,48,0,26
-5,8,12,2,9,2475,VX,LAX,20,211,261,48,0,26
0,8,12,2,11,2475,VX,LAX,20,211,261,48,0,26
-6,8,12,2,13,2475,VX,LAX,20,211,261,48,0,26
40,8,12,2,16,2475,VX,LAX,20,211,261,48,0,26
24,8,12,2,20,2475,B6,LAX,20,211,261,48,0,26
17,8,12,2,17,2475,AA,LAX,20,211,261,48,0,26
-5,8,12,2,15,2475,AA,LAX,20,211,261,48,0,26
-5,8,12,2,8,2475,AA,LAX,20,211,261,48,0,26
0,8,12,2,19,2475,AA,LAX,20,211,261,48,0,26
-6,8,12,2,11,2475,AA,LAX,20,211,261,48,0,26
28,8,12,2,16,2475,AA,LAX,20,211,261,48,0,26
-5,8,12,2,9,2475,AA,LAX,20,211,261,48,0,26
-1,8,12,2,6,2475,B6,LAX,20,211,261,48,0,26
-1,8,12,2,12,2475,B6,LAX,20,211,261,48,0,26
-4,8,12,2,6,2475,AA,LAX,20,211,261,48,0,26
11,8,12,2,18,2475,AA,LAX,20,211,261,48,0,26
-4,8,12,2,12,2475,AA,LAX,20,211,261,48,0,26
35,8,12,2,10,2475,AA,LAX,20,211,261,48,0,26
6,8,12,2,16,2475,B6,LAX,20,211,261,48,0,26
-6,8,12,2,7,2475,AA,LAX,20,211,261,48,0,26
56,8,12,2,20,2475,AA,LAX,20,211,261,48,0,26
20,8,12,2,9,2475,B6,LAX,20,211,261,48,0,26
102,8,19,2,6,2475,B6,LAX,13,172,283,0,0,17
-5,8,19,2,7,2475,AA,LAX,13,172,283,0,0,17
5,8,19,2,18,2475,AA,LAX,13,172,283,0,0,17
-9,8,19,2,10,2475,AA,LAX,13,172,283,0,0,17
1,8,19,2,20,2475,B6,LAX,13,172,283,0,0,17
-8,8,19,2,6,2475,AA,LAX,13,172,283,0,0,17
5,8,19,2,12,2475,B6,LAX,13,172,283,0,0,17
-8,8,19,2,14,2475,AA,LAX,13,172,283,0,0,17
-5,8,19,2,16,2475,B6,LAX,13,172,283,0,0,17
-4,8,19,2,17,2475,AA,LAX,13,172,283,0,0,17
-5,8,19,2,20,2475,AA,LAX,13,172,283,0,0,17
1,8,19,2,19,2475,AA,LAX,13,172,283,0,0,17
-9,8,19,2,9,2475,AA,LAX,13,172,283,0,0,17
-4,8,19,2,9,2475,B6,LAX,13,172,283,0,0,17
-5,8,19,2,16,2475,AA,LAX,13,172,283,0,0,17
-6,8,19,2,8,2475,AA,LAX,13,172,283,0,0,17
-1,8,19,2,11,2475,AA,LAX,13,172,283,0,0,17
-2,8,19,2,12,2475,AA,LAX,13,172,283,0,0,17
1,8,19,2,9,2475,VX,LAX,13,172,283,0,0,17
-2,8,19,2,13,2475,VX,LAX,13,172,283,0,0,17
0,8,19,2,16,2475,VX,LAX,13,172,283,0,0,17
-3,8,19,2,20,2475,VX,LAX,13,172,283,0,0,17
-6,8,19,2,11,2475,VX,LAX,13,172,283,0,0,17
-2,8,19,2,18,2475,DL,LAX,13,172,283,0,0,17
-4,8,19,2,9,2475,DL,LAX,13,172,283,0,0,17
-8,8,19,2,12,2475,DL,LAX,13,172,283,0,0,17
0,8,19,2,7,2475,DL,LAX,13,172,283,0,0,17
12,8,19,2,21,2475,DL,LAX,13,172,283,0,0,17
-1,8,19,2,15,2475,DL,LAX,13,172,283,0,0,17
3,8,19,2,8,2475,DL,LAX,13,172,283,0,0,17
1,8,19,2,16,2475,DL,LAX,13,172,283,0,0,17
-1,8,19,2,14,2475,UA,LAX,13,172,283,0,0,17
-3,8,19,2,11,2475,UA,LAX,13,172,283,0,0,17
13,8,19,2,17,2475,UA,LAX,13,172,283,0,0,17
13,8,19,2,20,2475,UA,LAX,13,172,283,0,0,17
-3,8,19,2,8,2475,UA,LAX,13,172,283,0,0,17
0,8,19,2,6,2475,UA,LAX,13,172,283,0,0,17
7,8,19,2,7,2475,VX,LAX,13,172,283,0,0,17
-10,8,26,2,9,2475,VX,LAX,6,211,317,0,0,10
-3,8,26,2,18,2475,DL,LAX,6,211,317,0,0,10
-6,8,26,2,9,2475,DL,LAX,6,211,317,0,0,10
79,8,26,2,12,2475,DL,LAX,6,211,317,0,0,10
9,8,26,2,7,2475,DL,LAX,6,211,317,0,0,10
-8,8,26,2,21,2475,DL,LAX,6,211,317,0,0,10
-2,8,26,2,7,2475,VX,LAX,6,211,317,0,0,10
-2,8,26,2,15,2475,DL,LAX,6,211,317,0,0,10
0,8,26,2,8,2475,DL,LAX,6,211,317,0,0,10
-6,8,26,2,16,2475,DL,LAX,6,211,317,0,0,10
-2,8,26,2,11,2475,VX,LAX,6,211,317,0,0,10
-1,8,26,2,13,2475,VX,LAX,6,211,317,0,0,10
9,8,26,2,16,2475,VX,LAX,6,211,317,0,0,10
-7,8,26,2,20,2475,VX,LAX,6,211,317,0,0,10
2,8,26,2,17,2475,UA,LAX,6,211,317,0,0,10
-4,8,26,2,14,2475,UA,LAX,6,211,317,0,0,10
-1,8,26,2,11,2475,UA,LAX,6,211,317,0,0,10
-1,8,26,2,6,2475,UA,LAX,6,211,317,0,0,10
6,8,26,2,8,2475,UA,LAX,6,211,317,0,0,10
-7,8,26,2,20,2475,UA,LAX,6,211,317,0,0,10
-2,8,26,2,6,2475,B6,LAX,6,211,317,0,0,10
-2,8,26,2,19,2475,AA,LAX,6,211,317,0,0,10
11,8,26,2,9,2475,B6,LAX,6,211,317,0,0,10
-8,8,26,2,10,2475,AA,LAX,6,211,317,0,0,10
13,8,26,2,18,2475,AA,LAX,6,211,317,0,0,10
-8,8,26,2,11,2475,AA,LAX,6,211,317,0,0,10
-5,8,26,2,12,2475,B6,LAX,6,211,317,0,0,10
-12,8,26,2,7,2475,AA,LAX,6,211,317,0,0,10
77,8,26,2,12,2475,AA,LAX,6,211,317,0,0,10
-8,8,26,2,9,2475,AA,LAX,6,211,317,0,0,10
54,8,26,2,16,2475,AA,LAX,6,211,317,0,0,10
13,8,26,2,16,2475,B6,LAX,6,211,317,0,0,10
-5,8,26,2,14,2475,AA,LAX,6,211,317,0,0,10
-4,8,26,2,20,2475,AA,LAX,6,211,317,0,0,10
-7,8,26,2,20,2475,B6,LAX,6,211,317,0,0,10
-2,8,26,2,17,2475,AA,LAX,6,211,317,0,0,10
-4,8,26,2,6,2475,AA,LAX,6,211,317,0,0,10
-10,8,26,2,8,2475,AA,LAX,6,211,317,0,0,10
-2,9,3,3,7,2475,DL,LAX,2,222,300,0,0,15
-6,9,3,3,7,2475,AA,LAX,2,222,300,0,0,15
-4,9,3,3,20,2475,AA,LAX,2,222,300,0,0,15
-6,9,3,3,8,2475,DL,LAX,2,222,300,0,0,15
183,9,3,3,21,2475,DL,LAX,2,222,300,0,0,15
-7,9,3,3,11,2475,AA,LAX,2,222,300,0,0,15
0,9,3,3,11,2475,B6,LAX,2,222,300,0,0,15
9,9,3,3,17,2475,AA,LAX,2,222,300,0,0,15
-2,9,3,3,16,2475,DL,LAX,2,222,300,0,0,15
-7,9,3,3,18,2475,AA,LAX,2,222,300,0,0,15
0,9,3,3,16,2475,B6,LAX,2,222,300,0,0,15
-11,9,3,3,6,2475,AA,LAX,2,222,300,0,0,15
-5,9,3,3,8,2475,AA,LAX,2,222,300,0,0,15
-4,9,3,3,20,2475,B6,LAX,2,222,300,0,0,15
-11,9,3,3,9,2475,AA,LAX,2,222,300,0,0,15
-8,9,3,3,19,2475,AA,LAX,2,222,300,0,0,15
-5,9,3,3,10,2475,AA,LAX,2,222,300,0,0,15
-3,9,3,3,20,2475,VX,LAX,2,222,300,0,0,15
-4,9,3,3,15,2475,DL,LAX,2,222,300,0,0,15
5,9,3,3,12,2475,AA,LAX,2,222,300,0,0,15
2,9,3,3,16,2475,AA,LAX,2,222,300,0,0,15
-3,9,3,3,16,2475,VX,LAX,2,222,300,0,0,15
-4,9,3,3,7,2475,VX,LAX,2,222,300,0,0,15
-6,9,3,3,9,2475,B6,LAX,2,222,300,0,0,15
-9,9,3,3,18,2475,DL,LAX,2,222,300,0,0,15
-9,9,3,3,13,2475,VX,LAX,2,222,300,0,0,15
-6,9,3,3,14,2475,AA,LAX,2,222,300,0,0,15
-3,9,3,3,9,2475,DL,LAX,2,222,300,0,0,15
-5,9,3,3,11,2475,VX,LAX,2,222,300,0,0,15
1,9,3,3,12,2475,DL,LAX,2,222,300,0,0,15
-11,9,3,3,9,2475,VX,LAX,2,222,300,0,0,15
0,9,3,3,20,2475,UA,LAX,2,222,300,0,0,15
-4,9,3,3,8,2475,UA,LAX,2,222,300,0,0,15
-4,9,3,3,17,2475,UA,LAX,2,222,300,0,0,15
-1,9,3,3,11,2475,UA,LAX,2,222,300,0,0,15
-5,9,3,3,14,2475,UA,LAX,2,222,300,0,0,15
-1,9,3,3,6,2475,B6,LAX,2,222,300,0,0,15
-1,9,10,3,9,2475,DL,LAX,9,172,267,0,0,26
-1,9,10,3,12,2475,DL,LAX,9,172,267,0,0,26
-3,9,10,3,7,2475,DL,LAX,9,172,267,0,0,26
-6,9,10,3,6,2475,B6,LAX,9,172,267,0,0,26
-6,9,10,3,18,2475,DL,LAX,9,172,267,0,0,26
-5,9,10,3,16,2475,DL,LAX,9,172,267,0,0,26
10,9,10,3,21,2475,DL,LAX,9,172,267,0,0,26
-3,9,10,3,8,2475,DL,LAX,9,172,267,0,0,26
-4,9,10,3,15,2475,DL,LAX,9,172,267,0,0,26
-1,9,10,3,11,2475,UA,LAX,9,172,267,0,0,26
0,9,10,3,17,2475,UA,LAX,9,172,267,0,0,26
18,9,10,3,20,2475,UA,LAX,9,172,267,0,0,26
-7,9,10,3,8,2475,UA,LAX,9,172,267,0,0,26
-5,9,10,3,6,2475,UA,LAX,9,172,267,0,0,26
-2,9,10,3,14,2475,UA,LAX,9,172,267,0,0,26
-3,9,10,3,17,2475,AA,LAX,9,172,267,0,0,26
-6,9,10,3,18,2475,AA,LAX,9,172,267,0,0,26
-3,9,10,3,11,2475,AA,LAX,9,172,267,0,0,26
-8,9,10,3,16,2475,AA,LAX,9,172,267,0,0,26
-5,9,10,3,8,2475,AA,LAX,9,172,267,0,0,26
-6,9,10,3,20,2475,AA,LAX,9,172,267,0,0,26
10,9,10,3,20,2475,B6,LAX,9,172,267,0,0,26
-11,9,10,3,7,2475,AA,LAX,9,172,267,0,0,26
-4,9,10,3,9,2475,VX,LAX,9,172,267,0,0,26
0,9,10,3,16,2475,B6,LAX,9,172,267,0,0,26
-5,9,10,3,19,2475,AA,LAX,9,172,267,0,0,26
-7,9,10,3,9,2475,B6,LAX,9,172,267,0,0,26
1,9,10,3,20,2475,VX,LAX,9,172,267,0,0,26
-2,9,10,3,14,2475,AA,LAX,9,172,267,0,0,26
-5,9,10,3,12,2475,AA,LAX,9,172,267,0,0,26
-2,9,10,3,9,2475,AA,LAX,9,172,267,0,0,26
-3,9,10,3,11,2475,B6,LAX,9,172,267,0,0,26
-3,9,10,3,6,2475,AA,LAX,9,172,267,0,0,26
0,9,10,3,13,2475,VX,LAX,9,172,267,0,0,26
-4,9,10,3,7,2475,VX,LAX,9,172,267,0,0,26
0,9,10,3,16,2475,VX,LAX,9,172,267,0,0,26
-4,9,10,3,10,2475,AA,LAX,9,172,267,0,0,26
0,9,17,3,18,2475,AA,LAX,16,128,228,0,0,12
-4,9,17,3,7,2475,VX,LAX,16,128,228,0,0,12
-2,9,17,3,13,2475,VX,LAX,16,128,228,0,0,12
103,9,17,3,11,2475,B6,LAX,16,128,228,0,0,12
-5,9,17,3,6,2475,AA,LAX,16,128,228,0,0,12
-6,9,17,3,9,2475,AA,LAX,16,128,228,0,0,12
-4,9,17,3,9,2475,VX,LAX,16,128,228,0,0,12
-2,9,17,3,16,2475,AA,LAX,16,128,228,0,0,12
35,9,17,3,19,2475,AA,LAX,16,128,228,0,0,12
-9,9,17,3,9,2475,B6,LAX,16,128,228,0,0,12
-1,9,17,3,17,2475,AA,LAX,16,128,228,0,0,12
-2,9,17,3,20,2475,AA,LAX,16,128,228,0,0,12
-5,9,17,3,8,2475,AA,LAX,16,128,228,0,0,12
94,9,17,3,14,2475,AA,LAX,16,128,228,0,0,12
-9,9,17,3,8,2475,B6,LAX,16,128,228,0,0,12
-7,9,17,3,12,2475,AA,LAX,16,128,228,0,0,12
-6,9,17,3,7,2475,AA,LAX,16,128,228,0,0,12
-7,9,17,3,20,2475,VX,LAX,16,128,228,0,0,12
-8,9,17,3,10,2475,AA,LAX,16,128,228,0,0,12
4,9,17,3,16,2475,VX,LAX,16,128,228,0,0,12
-5,9,17,3,20,2475,B6,LAX,16,128,228,0,0,12
-6,9,17,3,11,2475,AA,LAX,16,128,228,0,0,12
0,9,17,3,16,2475,B6,LAX,16,128,228,0,0,12
57,9,17,3,14,2475,UA,LAX,16,128,228,0,0,12
149,9,17,3,11,2475,UA,LAX,16,128,228,0,0,12
6,9,17,3,17,2475,UA,LAX,16,128,228,0,0,12
-4,9,17,3,20,2475,UA,LAX,16,128,228,0,0,12
-9,9,17,3,8,2475,UA,LAX,16,128,228,0,0,12
-7,9,17,3,6,2475,UA,LAX,16,128,228,0,0,12
-9,9,17,3,8,2475,DL,LAX,16,128,228,0,0,12
22,9,17,3,15,2475,DL,LAX,16,128,228,0,0,12
-5,9,17,3,6,2475,B6,LAX,16,128,228,0,0,12
-6,9,17,3,18,2475,DL,LAX,16,128,228,0,0,12
-13,9,17,3,9,2475,DL,LAX,16,128,228,0,0,12
-4,9,17,3,12,2475,DL,LAX,16,128,228,0,0,12
-8,9,17,3,7,2475,DL,LAX,16,128,228,0,0,12
-1,9,17,3,16,2475,DL,LAX,16,128,228,0,0,12
-11,9,17,3,21,2475,DL,LAX,16,128,228,0,0,12
4,9,24,3,20,2475,UA,LAX,19,144,217,0,0,25
-4,9,24,3,8,2475,UA,LAX,19,144,217,0,0,25
0,9,24,3,14,2475,UA,LAX,19,144,217,0,0,25
-6,9,24,3,11,2475,UA,LAX,19,144,217,0,0,25
2,9,24,3,17,2475,UA,LAX,19,144,217,0,0,25
-2,9,24,3,6,2475,UA,LAX,19,144,217,0,0,25
27,9,24,3,15,2475,DL,LAX,19,144,217,0,0,25
-8,9,24,3,6,2475,B6,LAX,19,144,217,0,0,25
51,9,24,3,18,2475,DL,LAX,19,144,217,0,0,25
-1,9,24,3,9,2475,DL,LAX,19,144,217,0,0,25
-3,9,24,3,12,2475,DL,LAX,19,144,217,0,0,25
-8,9,24,3,7,2475,DL,LAX,19,144,217,0,0,25
-4,9,24,3,16,2475,DL,LAX,19,144,217,0,0,25
-7,9,24,3,21,2475,DL,LAX,19,144,217,0,0,25
-6,9,24,3,8,2475,DL,LAX,19,144,217,0,0,25
27,9,24,3,20,2475,VX,LAX,19,144,217,0,0,25
0,9,24,3,20,2475,AA,LAX,19,144,217,0,0,25
99,9,24,3,14,2475,AA,LAX,19,144,217,0,0,25
-3,9,24,3,18,2475,AA,LAX,19,144,217,0,0,25
10,9,24,3,16,2475,AA,LAX,19,144,217,0,0,25
-7,9,24,3,10,2475,AA,LAX,19,144,217,0,0,25
-9,9,24,3,11,2475,AA,LAX,19,144,217,0,0,25
-7,9,24,3,6,2475,AA,LAX,19,144,217,0,0,25
-5,9,24,3,8,2475,B6,LAX,19,144,217,0,0,25
-9,9,24,3,9,2475,B6,LAX,19,144,217,0,0,25
18,9,24,3,16,2475,B6,LAX,19,144,217,0,0,25
-10,9,24,3,12,2475,AA,LAX,19,144,217,0,0,25
-4,9,24,3,13,2475,VX,LAX,19,144,217,0,0,25
-6,9,24,3,9,2475,VX,LAX,19,144,217,0,0,25
-4,9,24,3,19,2475,AA,LAX,19,144,217,0,0,25
23,9,24,3,16,2475,VX,LAX,19,144,217,0,0,25
-7,9,24,3,20,2475,B6,LAX,19,144,217,0,0,25
-2,9,24,3,7,2475,VX,LAX,19,144,217,0,0,25
37,9,24,3,7,2475,AA,LAX,19,144,217,0,0,25
-2,9,24,3,8,2475,AA,LAX,19,144,217,0,0,25
36,9,24,3,17,2475,AA,LAX,19,144,217,0,0,25
-9,9,24,3,11,2475,B6,LAX,19,144,217,0,0,25
-9,9,24,3,9,2475,AA,LAX,19,144,217,0,0,25
-4,10,1,3,6,2475,AA,LAX,12,161,183,5,0,27
-3,10,1,3,20,2475,B6,LAX,12,161,183,5,0,27
0,10,1,3,16,2475,B6,LAX,12,161,183,5,0,27
-5,10,1,3,11,2475,B6,LAX,12,161,183,5,0,27
-4,10,1,3,9,2475,B6,LAX,12,161,183,5,0,27
3,10,1,3,8,2475,B6,LAX,12,161,183,5,0,27
-7,10,1,3,6,2475,B6,LAX,12,161,183,5,0,27
-3,10,1,3,8,2475,DL,LAX,12,161,183,5,0,27
18,10,1,3,15,2475,DL,LAX,12,161,183,5,0,27
86,10,1,3,21,2475,DL,LAX,12,161,183,5,0,27
18,10,1,3,7,2475,DL,LAX,12,161,183,5,0,27
-3,10,1,3,12,2475,DL,LAX,12,161,183,5,0,27
-2,10,1,3,9,2475,DL,LAX,12,161,183,5,0,27
-1,10,1,3,8,2475,DL,LAX,12,161,183,5,0,27
6,10,1,3,16,2475,DL,LAX,12,161,183,5,0,27
0,10,1,3,18,2475,DL,LAX,12,161,183,5,0,27
-6,10,1,3,10,2475,AA,LAX,12,161,183,5,0,27
-6,10,1,3,6,2475,UA,LAX,12,161,183,5,0,27
3,10,1,3,20,2475,UA,LAX,12,161,183,5,0,27
1,10,1,3,17,2475,UA,LAX,12,161,183,5,0,27
0,10,1,3,11,2475,UA,LAX,12,161,183,5,0,27
-1,10,1,3,14,2475,UA,LAX,12,161,183,5,0,27
-7,10,1,3,19,2475,AA,LAX,12,161,183,5,0,27
-2,10,1,3,20,2475,AA,LAX,12,161,183,5,0,27
9,10,1,3,17,2475,AA,LAX,12,161,183,5,0,27
7,10,1,3,16,2475,AA,LAX,12,161,183,5,0,27
6,10,1,3,20,2475,VX,LAX,12,161,183,5,0,27
-5,10,1,3,14,2475,AA,LAX,12,161,183,5,0,27
29,10,1,3,16,2475,VX,LAX,12,161,183,5,0,27
-4,10,1,3,8,2475,AA,LAX,12,161,183,5,0,27
2,10,1,3,13,2475,VX,LAX,12,161,183,5,0,27
-3,10,1,3,18,2475,AA,LAX,12,161,183,5,0,27
-5,10,1,3,9,2475,VX,LAX,12,161,183,5,0,27
32,10,1,3,8,2475,UA,LAX,12,161,183,5,0,27
-5,10,1,3,11,2475,AA,LAX,12,161,183,5,0,27
-2,10,1,3,7,2475,VX,LAX,12,161,183,5,0,27
-5,10,1,3,7,2475,AA,LAX,12,161,183,5,0,27
-11,10,1,3,12,2475,AA,LAX,12,161,183,5,0,27
-6,10,1,3,9,2475,AA,LAX,12,161,183,5,0,27
101,10,8,3,16,2475,AA,LAX,5,167,228,10,0,32
0,10,8,3,17,2475,UA,LAX,5,167,228,10,0,32
-7,10,8,3,14,2475,AA,LAX,5,167,228,10,0,32
17,10,8,3,18,2475,AA,LAX,5,167,228,10,0,32
-6,10,8,3,11,2475,UA,LAX,5,167,228,10,0,32
-9,10,8,3,8,2475,UA,LAX,5,167,228,10,0,32
8,10,8,3,20,2475,UA,LAX,5,167,228,10,0,32
-5,10,8,3,9,2475,VX,LAX,5,167,228,10,0,32
2,10,8,3,7,2475,AA,LAX,5,167,228,10,0,32
-2,10,8,3,8,2475,AA,LAX,5,167,228,10,0,32
0,10,8,3,13,2475,VX,LAX,5,167,228,10,0,32
0,10,8,3,14,2475,UA,LAX,5,167,228,10,0,32
2,10,8,3,6,2475,UA,LAX,5,167,228,10,0,32
27,10,8,3,20,2475,AA,LAX,5,167,228,10,0,32
-8,10,8,3,11,2475,AA,LAX,5,167,228,10,0,32
-7,10,8,3,9,2475,AA,LAX,5,167,228,10,0,32
75,10,8,3,19,2475,AA,LAX,5,167,228,10,0,32
-3,10,8,3,12,2475,AA,LAX,5,167,228,10,0,32
-2,10,8,3,16,2475,VX,LAX,5,167,228,10,0,32
29,10,8,3,17,2475,AA,LAX,5,167,228,10,0,32
-7,10,8,3,7,2475,VX,LAX,5,167,228,10,0,32
0,10,8,3,20,2475,VX,LAX,5,167,228,10,0,32
-3,10,8,3,11,2475,B6,LAX,5,167,228,10,0,32
-1,10,8,3,16,2475,B6,LAX,5,167,228,10,0,32
-4,10,8,3,21,2475,B6,LAX,5,167,228,10,0,32
-9,10,8,3,6,2475,AA,LAX,5,167,228,10,0,32
-4,10,8,3,8,2475,DL,LAX,5,167,228,10,0,32
23,10,8,3,15,2475,DL,LAX,5,167,228,10,0,32
-1,10,8,3,21,2475,DL,LAX,5,167,228,10,0,32
-4,10,8,3,6,2475,B6,LAX,5,167,228,10,0,32
-2,10,8,3,7,2475,DL,LAX,5,167,228,10,0,32
-2,10,8,3,12,2475,DL,LAX,5,167,228,10,0,32
-5,10,8,3,9,2475,DL,LAX,5,167,228,10,0,32
19,10,8,3,16,2475,DL,LAX,5,167,228,10,0,32
0,10,8,3,18,2475,DL,LAX,5,167,228,10,0,32
-1,10,8,3,8,2475,B6,LAX,5,167,228,10,0,32
75,10,8,3,10,2475,AA,LAX,5,167,228,10,0,32
-3,10,8,3,9,2475,B6,LAX,5,167,228,10,0,32
25,10,15,3,21,2475,DL,LAX,2,206,250,175,0,23
9,10,15,3,15,2475,DL,LAX,2,206,250,175,0,23
-10,10,15,3,8,2475,DL,LAX,2,206,250,175,0,23
-7,10,15,3,6,2475,AA,LAX,2,206,250,175,0,23
-2,10,15,3,20,2475,B6,LAX,2,206,250,175,0,23
-4,10,15,3,16,2475,B6,LAX,2,206,250,175,0,23
-1,10,15,3,11,2475,B6,LAX,2,206,250,175,0,23
-3,10,15,3,9,2475,B6,LAX,2,206,250,175,0,23
-10,10,15,3,8,2475,B6,LAX,2,206,250,175,0,23
-3,10,15,3,6,2475,B6,LAX,2,206,250,175,0,23
-5,10,15,3,10,2475,AA,LAX,2,206,250,175,0,23
-1,10,15,3,18,2475,DL,LAX,2,206,250,175,0,23
10,10,15,3,16,2475,DL,LAX,2,206,250,175,0,23
-5,10,15,3,9,2475,DL,LAX,2,206,250,175,0,23
-4,10,15,3,12,2475,DL,LAX,2,206,250,175,0,23
-4,10,15,3,7,2475,DL,LAX,2,206,250,175,0,23
-5,10,15,3,12,2475,AA,LAX,2,206,250,175,0,23
-6,10,15,3,9,2475,VX,LAX,2,206,250,175,0,23
0,10,15,3,13,2475,VX,LAX,2,206,250,175,0,23
2,10,15,3,16,2475,VX,LAX,2,206,250,175,0,23
-3,10,15,3,20,2475,VX,LAX,2,206,250,175,0,23
-4,10,15,3,14,2475,AA,LAX,2,206,250,175,0,23
-9,10,15,3,7,2475,AA,LAX,2,206,250,175,0,23
2,10,15,3,14,2475,UA,LAX,2,206,250,175,0,23
-2,10,15,3,6,2475,UA,LAX,2,206,250,175,0,23
-6,10,15,3,8,2475,UA,LAX,2,206,250,175,0,23
-4,10,15,3,16,2475,AA,LAX,2,206,250,175,0,23
-4,10,15,3,8,2475,AA,LAX,2,206,250,175,0,23
-2,10,15,3,20,2475,UA,LAX,2,206,250,175,0,23
5,10,15,3,17,2475,UA,LAX,2,206,250,175,0,23
-10,10,15,3,11,2475,AA,LAX,2,206,250,175,0,23
-6,10,15,3,19,2475,AA,LAX,2,206,250,175,0,23
-11,10,15,3,9,2475,AA,LAX,2,206,250,175,0,23
-8,10,15,3,11,2475,UA,LAX,2,206,250,175,0,23
-4,10,15,3,20,2475,AA,LAX,2,206,250,175,0,23
-4,10,15,3,18,2475,AA,LAX,2,206,250,175,0,23
-5,10,15,3,17,2475,AA,LAX,2,206,250,175,0,23
-5,10,15,3,7,2475,VX,LAX,2,206,250,175,0,23
41,10,22,3,9,2475,AA,LAX,9,100,144,384,0,42
3,10,22,3,11,2475,UA,LAX,9,100,144,384,0,42
-1,10,22,3,14,2475,UA,LAX,9,100,144,384,0,42
24,10,22,3,13,2475,VX,LAX,9,100,144,384,0,42
48,10,22,3,16,2475,VX,LAX,9,100,144,384,0,42
35,10,22,3,20,2475,VX,LAX,9,100,144,384,0,42
-5,10,22,3,18,2475,AA,LAX,9,100,144,384,0,42
-4,10,22,3,11,2475,AA,LAX,9,100,144,384,0,42
51,10,22,3,20,2475,AA,LAX,9,100,144,384,0,42
7,10,22,3,7,2475,VX,LAX,9,100,144,384,0,42
2,10,22,3,8,2475,AA,LAX,9,100,144,384,0,42
17,10,22,3,17,2475,AA,LAX,9,100,144,384,0,42
7,10,22,3,9,2475,VX,LAX,9,100,144,384,0,42
14,10,22,3,7,2475,AA,LAX,9,100,144,384,0,42
-1,10,22,3,19,2475,AA,LAX,9,100,144,384,0,42
0,10,22,3,17,2475,UA,LAX,9,100,144,384,0,42
40,10,22,3,20,2475,UA,LAX,9,100,144,384,0,42
14,10,22,3,16,2475,AA,LAX,9,100,144,384,0,42
-2,10,22,3,14,2475,AA,LAX,9,100,144,384,0,42
-5,10,22,3,12,2475,AA,LAX,9,100,144,384,0,42
22,10,22,3,8,2475,UA,LAX,9,100,144,384,0,42
25,10,22,3,6,2475,UA,LAX,9,100,144,384,0,42
-2,10,22,3,8,2475,DL,LAX,9,100,144,384,0,42
100,10,22,3,21,2475,DL,LAX,9,100,144,384,0,42
20,10,22,3,6,2475,B6,LAX,9,100,144,384,0,42
28,10,22,3,16,2475,DL,LAX,9,100,144,384,0,42
-1,10,22,3,18,2475,DL,LAX,9,100,144,384,0,42
75,10,22,3,7,2475,DL,LAX,9,100,144,384,0,42
13,10,22,3,8,2475,B6,LAX,9,100,144,384,0,42
-3,10,22,3,9,2475,B6,LAX,9,100,144,384,0,42
51,10,22,3,9,2475,DL,LAX,9,100,144,384,0,42
11,10,22,3,15,2475,DL,LAX,9,100,144,384,0,42
59,10,22,3,6,2475,AA,LAX,9,100,144,384,0,42
12,10,22,3,11,2475,B6,LAX,9,100,144,384,0,42
-3,10,22,3,16,2475,B6,LAX,9,100,144,384,0,42
55,10,22,3,21,2475,B6,LAX,9,100,144,384,0,42
11,10,22,3,10,2475,AA,LAX,9,100,144,384,0,42
-1,10,22,3,12,2475,DL,LAX,9,100,144,384,0,42
-2,10,29,3,7,2475,B6,LAX,13,106,222,0,0,22
-5,10,29,3,8,2475,DL,LAX,13,106,222,0,0,22
31,10,29,3,15,2475,DL,LAX,13,106,222,0,0,22
50,10,29,3,21,2475,DL,LAX,13,106,222,0,0,22
8,10,29,3,7,2475,DL,LAX,13,106,222,0,0,22
3,10,29,3,15,2475,B6,LAX,13,106,222,0,0,22
-4,10,29,3,9,2475,B6,LAX,13,106,222,0,0,22
-2,10,29,3,18,2475,DL,LAX,13,106,222,0,0,22
-4,10,29,3,6,2475,B6,LAX,13,106,222,0,0,22
-5,10,29,3,9,2475,AA,LAX,13,106,222,0,0,22
0,10,29,3,21,2475,B6,LAX,13,106,222,0,0,22
-3,10,29,3,12,2475,DL,LAX,13,106,222,0,0,22
-6,10,29,3,9,2475,DL,LAX,13,106,222,0,0,22
-11,10,29,3,6,2475,AA,LAX,13,106,222,0,0,22
-1,10,29,3,16,2475,DL,LAX,13,106,222,0,0,22
-7,10,29,3,7,2475,VX,LAX,13,106,222,0,0,22
-4,10,29,3,16,2475,AA,LAX,13,106,222,0,0,22
157,10,29,3,19,2475,AA,LAX,13,106,222,0,0,22
-5,10,29,3,7,2475,AA,LAX,13,106,222,0,0,22
-7,10,29,3,6,2475,UA,LAX,13,106,222,0,0,22
-6,10,29,3,9,2475,AA,LAX,13,106,222,0,0,22
39,10,29,3,14,2475,AA,LAX,13,106,222,0,0,22
-6,10,29,3,17,2475,AA,LAX,13,106,222,0,0,22
-1,10,29,3,18,2475,AA,LAX,13,106,222,0,0,22
8,10,29,3,20,2475,AA,LAX,13,106,222,0,0,22
-7,10,29,3,11,2475,UA,LAX,13,106,222,0,0,22
-9,10,29,3,12,2475,AA,LAX,13,106,222,0,0,22
-4,10,29,3,8,2475,UA,LAX,13,106,222,0,0,22
0,10,29,3,14,2475,UA,LAX,13,106,222,0,0,22
-4,10,29,3,16,2475,VX,LAX,13,106,222,0,0,22
-3,10,29,3,20,2475,VX,LAX,13,106,222,0,0,22
-5,10,29,3,13,2475,VX,LAX,13,106,222,0,0,22
-1,10,29,3,9,2475,VX,LAX,13,106,222,0,0,22
-5,10,29,3,17,2475,UA,LAX,13,106,222,0,0,22
-3,10,29,3,19,2475,UA,LAX,13,106,222,0,0,22
-6,10,29,3,8,2475,AA,LAX,13,106,222,0,0,22
-3,10,29,3,11,2475,AA,LAX,13,106,222,0,0,22
-2,11,6,4,11,2475,UA,LAX,5,89,139,94,0,14
-7,11,6,4,8,2475,UA,LAX,5,89,139,94,0,14
-3,11,6,4,19,2475,UA,LAX,5,89,139,94,0,14
12,11,6,4,17,2475,UA,LAX,5,89,139,94,0,14
-7,11,6,4,6,2475,UA,LAX,5,89,139,94,0,14
-3,11,6,4,14,2475,UA,LAX,5,89,139,94,0,14
7,11,6,4,15,2475,B6,LAX,5,89,139,94,0,14
-3,11,6,4,16,2475,DL,LAX,5,89,139,94,0,14
13,11,6,4,8,2475,DL,LAX,5,89,139,94,0,14
0,11,6,4,21,2475,DL,LAX,5,89,139,94,0,14
3,11,6,4,7,2475,DL,LAX,5,89,139,94,0,14
-4,11,6,4,11,2475,DL,LAX,5,89,139,94,0,14
-3,11,6,4,9,2475,DL,LAX,5,89,139,94,0,14
11,11,6,4,15,2475,DL,LAX,5,89,139,94,0,14
1,11,6,4,18,2475,DL,LAX,5,89,139,94,0,14
5,11,6,4,8,2475,AA,LAX,5,89,139,94,0,14
39,11,6,4,14,2475,AA,LAX,5,89,139,94,0,14
4,11,6,4,20,2475,AA,LAX,5,89,139,94,0,14
47,11,6,4,20,2475,AA,LAX,5,89,139,94,0,14
0,11,6,4,18,2475,AA,LAX,5,89,139,94,0,14
-7,11,6,4,6,2475,AA,LAX,5,89,139,94,0,14
-3,11,6,4,9,2475,AA,LAX,5,89,139,94,0,14
-5,11,6,4,10,2475,AA,LAX,5,89,139,94,0,14
-1,11,6,4,18,2475,B6,LAX,5,89,139,94,0,14
40,11,6,4,21,2475,B6,LAX,5,89,139,94,0,14
35,11,6,4,17,2475,AA,LAX,5,89,139,94,0,14
-4,11,6,4,12,2475,AA,LAX,5,89,139,94,0,14
-1,11,6,4,11,2475,AA,LAX,5,89,139,94,0,14
10,11,6,4,16,2475,AA,LAX,5,89,139,94,0,14
3,11,6,4,7,2475,AA,LAX,5,89,139,94,0,14
-3,11,6,4,6,2475,B6,LAX,5,89,139,94,0,14
-7,11,6,4,7,2475,B6,LAX,5,89,139,94,0,14
-2,11,6,4,9,2475,B6,LAX,5,89,139,94,0,14
0,11,6,4,16,2475,VX,LAX,5,89,139,94,0,14
3,11,6,4,20,2475,VX,LAX,5,89,139,94,0,14
-2,11,6,4,7,2475,VX,LAX,5,89,139,94,0,14
-4,11,6,4,9,2475,VX,LAX,5,89,139,94,0,14
1,11,6,4,13,2475,VX,LAX,5,89,139,94,0,14
7,11,13,4,18,2475,DL,LAX,2,22,89,51,0,16
-5,11,13,4,16,2475,DL,LAX,2,22,89,51,0,16
-6,11,13,4,6,2475,AA,LAX,2,22,89,51,0,16
-1,11,13,4,16,2475,AA,LAX,2,22,89,51,0,16
-5,11,13,4,7,2475,B6,LAX,2,22,89,51,0,16
-2,11,13,4,8,2475,UA,LAX,2,22,89,51,0,16
-2,11,13,4,15,2475,B6,LAX,2,22,89,51,0,16
1,11,13,4,20,2475,AA,LAX,2,22,89,51,0,16
-5,11,13,4,11,2475,UA,LAX,2,22,89,51,0,16
-4,11,13,4,11,2475,AA,LAX,2,22,89,51,0,16
-2,11,13,4,8,2475,DL,LAX,2,22,89,51,0,16
7,11,13,4,14,2475,AA,LAX,2,22,89,51,0,16
-11,11,13,4,21,2475,B6,LAX,2,22,89,51,0,16
132,11,13,4,14,2475,UA,LAX,2,22,89,51,0,16
-1,11,13,4,18,2475,B6,LAX,2,22,89,51,0,16
2,11,13,4,6,2475,UA,LAX,2,22,89,51,0,16
-6,11,13,4,20,2475,AA,LAX,2,22,89,51,0,16
-7,11,13,4,8,2475,AA,LAX,2,22,89,51,0,16
-5,11,13,4,9,2475,AA,LAX,2,22,89,51,0,16
-8,11,13,4,11,2475,DL,LAX,2,22,89,51,0,16
-8,11,13,4,7,2475,AA,LAX,2,22,89,51,0,16
-7,11,13,4,9,2475,B6,LAX,2,22,89,51,0,16
-1,11,13,4,9,2475,DL,LAX,2,22,89,51,0,16
-3,11,13,4,7,2475,DL,LAX,2,22,89,51,0,16
5,11,13,4,6,2475,B6,LAX,2,22,89,51,0,16
-8,11,13,4,10,2475,AA,LAX,2,22,89,51,0,16
-6,11,13,4,12,2475,AA,LAX,2,22,89,51,0,16
-1,11,13,4,19,2475,UA,LAX,2,22,89,51,0,16
2,11,13,4,17,2475,UA,LAX,2,22,89,51,0,16
-3,11,13,4,21,2475,DL,LAX,2,22,89,51,0,16
-2,11,13,4,17,2475,AA,LAX,2,22,89,51,0,16
-1,11,13,4,15,2475,DL,LAX,2,22,89,51,0,16
-3,11,13,4,18,2475,AA,LAX,2,22,89,51,0,16
-4,11,13,4,7,2475,VX,LAX,2,22,89,51,0,16
-8,11,13,4,9,2475,VX,LAX,2,22,89,51,0,16
-5,11,13,4,13,2475,VX,LAX,2,22,89,51,0,16
3,11,13,4,20,2475,VX,LAX,2,22,89,51,0,16
-6,11,13,4,16,2475,VX,LAX,2,22,89,51,0,16
-8,11,20,4,7,2475,VX,LAX,7,-5,72,0,0,32
6,11,20,4,20,2475,VX,LAX,7,-5,72,0,0,32
-6,11,20,4,16,2475,VX,LAX,7,-5,72,0,0,32
-8,11,20,4,13,2475,VX,LAX,7,-5,72,0,0,32
-2,11,20,4,9,2475,VX,LAX,7,-5,72,0,0,32
-3,11,20,4,9,2475,AA,LAX,7,-5,72,0,0,32
-3,11,20,4,10,2475,AA,LAX,7,-5,72,0,0,32
5,11,20,4,19,2475,UA,LAX,7,-5,72,0,0,32
-9,11,20,4,6,2475,AA,LAX,7,-5,72,0,0,32
-1,11,20,4,17,2475,UA,LAX,7,-5,72,0,0,32
-4,11,20,4,11,2475,UA,LAX,7,-5,72,0,0,32
-6,11,20,4,8,2475,UA,LAX,7,-5,72,0,0,32
-5,11,20,4,8,2475,DL,LAX,7,-5,72,0,0,32
-8,11,20,4,6,2475,UA,LAX,7,-5,72,0,0,32
-1,11,20,4,14,2475,UA,LAX,7,-5,72,0,0,32
-1,11,20,4,20,2475,AA,LAX,7,-5,72,0,0,32
-3,11,20,4,15,2475,DL,LAX,7,-5,72,0,0,32
-4,11,20,4,9,2475,DL,LAX,7,-5,72,0,0,32
-3,11,20,4,17,2475,AA,LAX,7,-5,72,0,0,32
19,11,20,4,16,2475,DL,LAX,7,-5,72,0,0,32
-1,11,20,4,11,2475,DL,LAX,7,-5,72,0,0,32
-7,11,20,4,7,2475,DL,LAX,7,-5,72,0,0,32
0,11,20,4,18,2475,AA,LAX,7,-5,72,0,0,32
-6,11,20,4,12,2475,AA,LAX,7,-5,72,0,0,32
-2,11,20,4,7,2475,AA,LAX,7,-5,72,0,0,32
3,11,20,4,21,2475,DL,LAX,7,-5,72,0,0,32
-5,11,20,4,8,2475,AA,LAX,7,-5,72,0,0,32
4,11,20,4,21,2475,B6,LAX,7,-5,72,0,0,32
5,11,20,4,18,2475,B6,LAX,7,-5,72,0,0,32
-4,11,20,4,15,2475,B6,LAX,7,-5,72,0,0,32
-5,11,20,4,9,2475,B6,LAX,7,-5,72,0,0,32
-4,11,20,4,7,2475,B6,LAX,7,-5,72,0,0,32
-7,11,20,4,6,2475,B6,LAX,7,-5,72,0,0,32
12,11,20,4,14,2475,AA,LAX,7,-5,72,0,0,32
1,11,20,4,16,2475,AA,LAX,7,-5,72,0,0,32
0,11,20,4,18,2475,DL,LAX,7,-5,72,0,0,32
139,11,20,4,20,2475,AA,LAX,7,-5,72,0,0,32
1,11,20,4,11,2475,AA,LAX,7,-5,72,0,0,32
-4,11,27,4,16,2475,AA,LAX,0,11,33,5,0,23
3,11,27,4,21,2475,DL,LAX,0,11,33,5,0,23
-1,11,27,4,18,2475,DL,LAX,0,11,33,5,0,23
-6,11,27,4,9,2475,AA,LAX,0,11,33,5,0,23
40,11,27,4,6,2475,B6,LAX,0,11,33,5,0,23
44,11,27,4,9,2475,B6,LAX,0,11,33,5,0,23
1,11,27,4,15,2475,DL,LAX,0,11,33,5,0,23
2,11,27,4,14,2475,AA,LAX,0,11,33,5,0,23
-4,11,27,4,9,2475,DL,LAX,0,11,33,5,0,23
-6,11,27,4,6,2475,UA,LAX,0,11,33,5,0,23
-7,11,27,4,6,2475,AA,LAX,0,11,33,5,0,23
-3,11,27,4,10,2475,AA,LAX,0,11,33,5,0,23
-7,11,27,4,12,2475,AA,LAX,0,11,33,5,0,23
-3,11,27,4,7,2475,AA,LAX,0,11,33,5,0,23
-1,11,27,4,11,2475,DL,LAX,0,11,33,5,0,23
-6,11,27,4,7,2475,B6,LAX,0,11,33,5,0,23
-7,11,27,4,16,2475,DL,LAX,0,11,33,5,0,23
-5,11,27,4,17,2475,AA,LAX,0,11,33,5,0,23
-4,11,27,4,14,2475,UA,LAX,0,11,33,5,0,23
-8,11,27,4,8,2475,DL,LAX,0,11,33,5,0,23
-8,11,27,4,11,2475,AA,LAX,0,11,33,5,0,23
-8,11,27,4,8,2475,UA,LAX,0,11,33,5,0,23
-5,11,27,4,8,2475,AA,LAX,0,11,33,5,0,23
-2,11,27,4,18,2475,B6,LAX,0,11,33,5,0,23
0,11,27,4,16,2475,VX,LAX,0,11,33,5,0,23
-5,11,27,4,13,2475,VX,LAX,0,11,33,5,0,23
-1,11,27,4,7,2475,VX,LAX,0,11,33,5,0,23
-4,11,27,4,9,2475,VX,LAX,0,11,33,5,0,23
16,11,27,4,11,2475,VX,LAX,0,11,33,5,0,23
7,12,4,4,19,2475,UA,LAX,7,28,72,0,0,26
-2,12,4,4,8,2475,UA,LAX,7,28,72,0,0,26
-6,12,4,4,6,2475,UA,LAX,7,28,72,0,0,26
-1,12,4,4,14,2475,UA,LAX,7,28,72,0,0,26
-3,12,4,4,15,2475,DL,LAX,7,28,72,0,0,26
-2,12,4,4,8,2475,DL,LAX,7,28,72,0,0,26
12,12,4,4,21,2475,DL,LAX,7,28,72,0,0,26
-5,12,4,4,7,2475,DL,LAX,7,28,72,0,0,26
-4,12,4,4,11,2475,DL,LAX,7,28,72,0,0,26
-4,12,4,4,9,2475,DL,LAX,7,28,72,0,0,26
-5,12,4,4,17,2475,DL,LAX,7,28,72,0,0,26
-1,12,4,4,18,2475,DL,LAX,7,28,72,0,0,26
-4,12,4,4,12,2475,AA,LAX,7,28,72,0,0,26
-4,12,4,4,19,2475,AA,LAX,7,28,72,0,0,26
-1,12,4,4,9,2475,B6,LAX,7,28,72,0,0,26
-2,12,4,4,7,2475,AA,LAX,7,28,72,0,0,26
3,12,4,4,18,2475,B6,LAX,7,28,72,0,0,26
4,12,4,4,15,2475,B6,LAX,7,28,72,0,0,26
10,12,4,4,21,2475,B6,LAX,7,28,72,0,0,26
-3,12,4,4,6,2475,B6,LAX,7,28,72,0,0,26
2,12,4,4,8,2475,B6,LAX,7,28,72,0,0,26
-2,12,4,4,6,2475,AA,LAX,7,28,72,0,0,26
-1,12,4,4,16,2475,AA,LAX,7,28,72,0,0,26
-6,12,4,4,11,2475,AA,LAX,7,28,72,0,0,26
-7,12,4,4,10,2475,AA,LAX,7,28,72,0,0,26
-4,12,4,4,20,2475,AA,LAX,7,28,72,0,0,26
6,12,4,4,17,2475,AA,LAX,7,28,72,0,0,26
-6,12,4,4,8,2475,AA,LAX,7,28,72,0,0,26
-2,12,4,4,14,2475,AA,LAX,7,28,72,0,0,26
-2,12,4,4,18,2475,AA,LAX,7,28,72,0,0,26
-2,12,4,4,9,2475,AA,LAX,7,28,72,0,0,26
-6,12,4,4,11,2475,UA,LAX,7,28,72,0,0,26
-2,12,4,4,17,2475,UA,LAX,7,28,72,0,0,26
-4,12,4,4,13,2475,VX,LAX,7,28,72,0,0,26
-1,12,4,4,7,2475,VX,LAX,7,28,72,0,0,26
-6,12,4,4,9,2475,VX,LAX,7,28,72,0,0,26
-5,12,4,4,20,2475,VX,LAX,7,28,72,0,0,26
1,12,4,4,16,2475,VX,LAX,7,28,72,0,0,26
18,12,11,4,9,2475,DL,LAX,14,-5,33,3,0,34
-6,12,11,4,8,2475,UA,LAX,14,-5,33,3,0,34
31,12,11,4,19,2475,UA,LAX,14,-5,33,3,0,34
14,12,11,4,16,2475,AA,LAX,14,-5,33,3,0,34
-1,12,11,4,18,2475,B6,LAX,14,-5,33,3,0,34
7,12,11,4,17,2475,AA,LAX,14,-5,33,3,0,34
-6,12,11,4,6,2475,AA,LAX,14,-5,33,3,0,34
1,12,11,4,17,2475,DL,LAX,14,-5,33,3,0,34
338,12,11,4,20,2475,AA,LAX,14,-5,33,3,0,34
-1,12,11,4,19,2475,AA,LAX,14,-5,33,3,0,34
-2,12,11,4,11,2475,UA,LAX,14,-5,33,3,0,34
14,12,11,4,6,2475,B6,LAX,14,-5,33,3,0,34
-2,12,11,4,18,2475,DL,LAX,14,-5,33,3,0,34
50,12,11,4,14,2475,AA,LAX,14,-5,33,3,0,34
31,12,11,4,15,2475,DL,LAX,14,-5,33,3,0,34
-2,12,11,4,10,2475,AA,LAX,14,-5,33,3,0,34
-8,12,11,4,7,2475,AA,LAX,14,-5,33,3,0,34
15,12,11,4,9,2475,AA,LAX,14,-5,33,3,0,34
0,12,11,4,8,2475,DL,LAX,14,-5,33,3,0,34
-6,12,11,4,11,2475,AA,LAX,14,-5,33,3,0,34
22,12,11,4,21,2475,B6,LAX,14,-5,33,3,0,34
-3,12,11,4,12,2475,AA,LAX,14,-5,33,3,0,34
-6,12,11,4,18,2475,AA,LAX,14,-5,33,3,0,34
118,12,11,4,21,2475,DL,LAX,14,-5,33,3,0,34
9,12,11,4,17,2475,UA,LAX,14,-5,33,3,0,34
47,12,11,4,7,2475,DL,LAX,14,-5,33,3,0,34
-2,12,11,4,11,2475,DL,LAX,14,-5,33,3,0,34
-3,12,11,4,8,2475,AA,LAX,14,-5,33,3,0,34
14,12,11,4,8,2475,B6,LAX,14,-5,33,3,0,34
7,12,11,4,9,2475,B6,LAX,14,-5,33,3,0,34
8,12,11,4,15,2475,B6,LAX,14,-5,33,3,0,34
12,12,11,4,6,2475,UA,LAX,14,-5,33,3,0,34
32,12,11,4,20,2475,VX,LAX,14,-5,33,3,0,34
-1,12,11,4,7,2475,VX,LAX,14,-5,33,3,0,34
-3,12,11,4,9,2475,VX,LAX,14,-5,33,3,0,34
-4,12,11,4,13,2475,VX,LAX,14,-5,33,3,0,34
0,12,11,4,16,2475,VX,LAX,14,-5,33,3,0,34
-3,12,11,4,14,2475,UA,LAX,14,-5,33,3,0,34
-1,12,18,4,6,2475,UA,LAX,7,28,56,0,0,39
-5,12,18,4,19,2475,UA,LAX,7,28,56,0,0,39
8,12,18,4,17,2475,UA,LAX,7,28,56,0,0,39
-1,12,18,4,11,2475,UA,LAX,7,28,56,0,0,39
-3,12,18,4,14,2475,UA,LAX,7,28,56,0,0,39
-1,12,18,4,8,2475,UA,LAX,7,28,56,0,0,39
0,12,18,4,16,2475,VX,LAX,7,28,56,0,0,39
-4,12,18,4,20,2475,VX,LAX,7,28,56,0,0,39
0,12,18,4,7,2475,VX,LAX,7,28,56,0,0,39
-1,12,18,4,9,2475,VX,LAX,7,28,56,0,0,39
9,12,18,4,13,2475,VX,LAX,7,28,56,0,0,39
10,12,18,4,15,2475,DL,LAX,7,28,56,0,0,39
9,12,18,4,8,2475,DL,LAX,7,28,56,0,0,39
41,12,18,4,21,2475,DL,LAX,7,28,56,0,0,39
-4,12,18,4,8,2475,B6,LAX,7,28,56,0,0,39
-3,12,18,4,17,2475,DL,LAX,7,28,56,0,0,39
8,12,18,4,7,2475,DL,LAX,7,28,56,0,0,39
53,12,18,4,11,2475,DL,LAX,7,28,56,0,0,39
-2,12,18,4,9,2475,DL,LAX,7,28,56,0,0,39
-3,12,18,4,16,2475,B6,LAX,7,28,56,0,0,39
-3,12,18,4,6,2475,B6,LAX,7,28,56,0,0,39
5,12,18,4,9,2475,B6,LAX,7,28,56,0,0,39
-3,12,18,4,7,2475,AA,LAX,7,28,56,0,0,39
-2,12,18,4,12,2475,AA,LAX,7,28,56,0,0,39
16,12,18,4,9,2475,AA,LAX,7,28,56,0,0,39
0,12,18,4,14,2475,AA,LAX,7,28,56,0,0,39
67,12,18,4,20,2475,AA,LAX,7,28,56,0,0,39
136,12,18,4,18,2475,AA,LAX,7,28,56,0,0,39
-8,12,18,4,6,2475,AA,LAX,7,28,56,0,0,39
-2,12,18,4,8,2475,AA,LAX,7,28,56,0,0,39
-2,12,18,4,19,2475,AA,LAX,7,28,56,0,0,39
-4,12,18,4,10,2475,AA,LAX,7,28,56,0,0,39
4,12,18,4,18,2475,B6,LAX,7,28,56,0,0,39
0,12,18,4,16,2475,AA,LAX,7,28,56,0,0,39
155,12,18,4,11,2475,AA,LAX,7,28,56,0,0,39
5,12,18,4,17,2475,AA,LAX,7,28,56,0,0,39
-2,12,18,4,18,2475,DL,LAX,7,28,56,0,0,39
4,12,18,4,21,2475,B6,LAX,7,28,56,0,0,39
5,12,25,4,21,2475,DL,LAX,0,67,167,23,0,43
9,12,25,4,8,2475,AA,LAX,0,67,167,23,0,43
58,12,25,4,16,2475,AA,LAX,0,67,167,23,0,43
15,12,25,4,18,2475,B6,LAX,0,67,167,23,0,43
0,12,25,4,8,2475,DL,LAX,0,67,167,23,0,43
-1,12,25,4,11,2475,B6,LAX,0,67,167,23,0,43
-4,12,25,4,6,2475,B6,LAX,0,67,167,23,0,43
7,12,25,4,16,2475,B6,LAX,0,67,167,23,0,43
-9,12,25,4,9,2475,B6,LAX,0,67,167,23,0,43
-5,12,25,4,6,2475,AA,LAX,0,67,167,23,0,43
0,12,25,4,18,2475,DL,LAX,0,67,167,23,0,43
-7,12,25,4,7,2475,AA,LAX,0,67,167,23,0,43
2,12,25,4,15,2475,DL,LAX,0,67,167,23,0,43
39,12,25,4,9,2475,DL,LAX,0,67,167,23,0,43
-3,12,25,4,10,2475,AA,LAX,0,67,167,23,0,43
-1,12,25,4,11,2475,DL,LAX,0,67,167,23,0,43
-4,12,25,4,21,2475,B6,LAX,0,67,167,23,0,43
-4,12,25,4,8,2475,B6,LAX,0,67,167,23,0,43
-2,12,25,4,17,2475,AA,LAX,0,67,167,23,0,43
-6,12,25,4,14,2475,AA,LAX,0,67,167,23,0,43
-2,12,25,4,7,2475,DL,LAX,0,67,167,23,0,43
-4,12,25,4,9,2475,VX,LAX,0,67,167,23,0,43
10,12,25,4,11,2475,VX,LAX,0,67,167,23,0,43
-3,12,25,4,13,2475,VX,LAX,0,67,167,23,0,43
-3,12,25,4,16,2475,VX,LAX,0,67,167,23,0,43
-3,12,25,4,6,2475,UA,LAX,0,67,167,23,0,43
-4,12,25,4,17,2475,UA,LAX,0,67,167,23,0,43
11,12,25,4,11,2475,UA,LAX,0,67,167,23,0,43
-6,12,25,4,14,2475,UA,LAX,0,67,167,23,0,43
