3,1,4,6,19,2475,AA,LAX,3,-132,-16,0,0,22
16,1,4,6,13,2475,AA,LAX,3,-132,-16,0,0,22
65,1,4,6,9,2475,AA,LAX,3,-132,-16,0,0,22
12,1,4,6,12,2475,AA,LAX,3,-132,-16,0,0,22
21,1,4,6,16,2475,AA,LAX,3,-132,-16,0,0,22
66,1,4,6,21,2475,AA,LAX,3,-132,-16,0,0,22
10,1,4,6,15,2475,AA,LAX,3,-132,-16,0,0,22
40,1,4,6,12,2475,DL,LAX,3,-132,-16,0,0,22
62,1,4,6,18,2475,DL,LAX,3,-132,-16,0,0,22
19,1,4,6,7,2475,DL,LAX,3,-132,-16,0,0,22
33,1,4,6,20,2475,VX,LAX,3,-132,-16,0,0,22
143,1,4,6,20,2475,B6,LAX,3,-132,-16,0,0,22
3,1,4,6,11,2475,UA,LAX,3,-132,-16,0,0,22
14,1,4,6,6,2475,UA,LAX,3,-132,-16,0,0,22
31,1,4,6,8,2475,UA,LAX,3,-132,-16,0,0,22
16,1,4,6,14,2475,UA,LAX,3,-132,-16,0,0,22
34,1,4,6,7,2475,VX,LAX,3,-132,-16,0,0,22
36,1,4,6,9,2475,VX,LAX,3,-132,-16,0,0,22
4,1,4,6,13,2475,VX,LAX,3,-132,-16,0,0,22
59,1,4,6,7,2475,B6,LAX,3,-132,-16,0,0,22
168,1,4,6,11,2475,B6,LAX,3,-132,-16,0,0,22
45,1,4,6,16,2475,VX,LAX,3,-132,-16,0,0,22
135,1,4,6,15,2475,DL,LAX,3,-132,-16,0,0,22
0,1,11,6,15,2475,DL,LAX,10,28,144,127,0,32
-5,1,11,6,18,2475,DL,LAX,10,28,144,127,0,32
4,1,11,6,20,2475,DL,LAX,10,28,144,127,0,32
225,1,11,6,16,2475,B6,LAX,10,28,144,127,0,32
20,1,11,6,16,2475,VX,LAX,10,28,144,127,0,32
-4,1,11,6,13,2475,VX,LAX,10,28,144,127,0,32
-5,1,11,6,9,2475,VX,LAX,10,28,144,127,0,32
-3,1,11,6,7,2475,VX,LAX,10,28,144,127,0,32
15,1,11,6,12,2475,DL,LAX,10,28,144,127,0,32
0,1,11,6,14,2475,UA,LAX,10,28,144,127,0,32
40,1,11,6,17,2475,UA,LAX,10,28,144,127,0,32
0,1,11,6,8,2475,UA,LAX,10,28,144,127,0,32
-9,1,11,6,6,2475,UA,LAX,10,28,144,127,0,32
24,1,11,6,11,2475,UA,LAX,10,28,144,127,0,32
81,1,11,6,16,2475,AA,LAX,10,28,144,127,0,32
9,1,11,6,21,2475,AA,LAX,10,28,144,127,0,32
-5,1,11,6,10,2475,AA,LAX,10,28,144,127,0,32
15,1,11,6,9,2475,AA,LAX,10,28,144,127,0,32
27,1,11,6,19,2475,AA,LAX,10,28,144,127,0,32
24,1,11,6,15,2475,AA,LAX,10,28,144,127,0,32
-1,1,11,6,12,2475,AA,LAX,10,28,144,127,0,32
-2,1,18,6,12,2475,AA,LAX,3,-16,50,18,0,32
-5,1,18,6,6,2475,UA,LAX,3,-16,50,18,0,32
-3,1,18,6,8,2475,UA,LAX,3,-16,50,18,0,32
-3,1,18,6,17,2475,UA,LAX,3,-16,50,18,0,32
-3,1,18,6,11,2475,UA,LAX,3,-16,50,18,0,32
-1,1,18,6,14,2475,UA,LAX,3,-16,50,18,0,32
-6,1,18,6,9,2475,AA,LAX,3,-16,50,18,0,32
-6,1,18,6,15,2475,AA,LAX,3,-16,50,18,0,32
-3,1,18,6,10,2475,AA,LAX,3,-16,50,18,0,32
5,1,18,6,19,2475,AA,LAX,3,-16,50,18,0,32
-1,1,18,6,21,2475,AA,LAX,3,-16,50,18,0,32
31,1,18,6,16,2475,AA,LAX,3,-16,50,18,0,32
-7,1,18,6,13,2475,AA,LAX,3,-16,50,18,0,32
15,1,18,6,16,2475,B6,LAX,3,-16,50,18,0,32
0,1,18,6,15,2475,DL,LAX,3,-16,50,18,0,32
-6,1,18,6,20,2475,B6,LAX,3,-16,50,18,0,32
20,1,18,6,20,2475,DL,LAX,3,-16,50,18,0,32
-3,1,18,6,18,2475,DL,LAX,3,-16,50,18,0,32
-1,1,18,6,16,2475,VX,LAX,3,-16,50,18,0,32
-4,1,18,6,13,2475,VX,LAX,3,-16,50,18,0,32
11,1,18,6,9,2475,VX,LAX,3,-16,50,18,0,32
-1,1,18,6,7,2475,VX,LAX,3,-16,50,18,0,32
3,1,18,6,12,2475,DL,LAX,3,-16,50,18,0,32
-1,1,25,6,11,2475,UA,LAX,4,-71,-21,10,25,34
-2,1,25,6,8,2475,UA,LAX,4,-71,-21,10,25,34
13,1,25,6,6,2475,UA,LAX,4,-71,-21,10,25,34
3,1,25,6,15,2475,AA,LAX,4,-71,-21,10,25,34
33,1,25,6,21,2475,AA,LAX,4,-71,-21,10,25,34
43,1,25,6,16,2475,AA,LAX,4,-71,-21,10,25,34
-7,1,25,6,13,2475,AA,LAX,4,-71,-21,10,25,34
6,1,25,6,17,2475,UA,LAX,4,-71,-21,10,25,34
58,1,25,6,19,2475,AA,LAX,4,-71,-21,10,25,34
12,1,25,6,10,2475,AA,LAX,4,-71,-21,10,25,34
-5,1,25,6,12,2475,AA,LAX,4,-71,-21,10,25,34
-4,1,25,6,9,2475,AA,LAX,4,-71,-21,10,25,34
-7,1,25,6,14,2475,UA,LAX,4,-71,-21,10,25,34
-1,1,25,6,20,2475,B6,LAX,4,-71,-21,10,25,34
111,1,25,6,20,2475,DL,LAX,4,-71,-21,10,25,34
200,1,25,6,7,2475,VX,LAX,4,-71,-21,10,25,34
16,1,25,6,9,2475,VX,LAX,4,-71,-21,10,25,34
-2,1,25,6,13,2475,VX,LAX,4,-71,-21,10,25,34
70,1,25,6,16,2475,VX,LAX,4,-71,-21,10,25,34
-1,1,25,6,18,2475,DL,LAX,4,-71,-21,10,25,34
-5,1,25,6,15,2475,DL,LAX,4,-71,-21,10,25,34
-2,1,25,6,12,2475,DL,LAX,4,-71,-21,10,25,34
7,1,25,6,16,2475,B6,LAX,4,-71,-21,10,25,34
3,2,2,7,13,2475,VX,LAX,12,39,133,0,0,14
62,2,2,7,11,2475,UA,LAX,12,39,133,0,0,14
0,2,2,7,9,2475,VX,LAX,12,39,133,0,0,14
-9,2,2,7,20,2475,UA,LAX,12,39,133,0,0,14
3,2,2,7,17,2475,UA,LAX,12,39,133,0,0,14
14,2,2,7,8,2475,UA,LAX,12,39,133,0,0,14
-1,2,2,7,14,2475,UA,LAX,12,39,133,0,0,14
-2,2,2,7,20,2475,VX,LAX,12,39,133,0,0,14
-3,2,2,7,16,2475,VX,LAX,12,39,133,0,0,14
-2,2,2,7,9,2475,B6,LAX,12,39,133,0,0,14
-4,2,2,7,7,2475,AA,LAX,12,39,133,0,0,14
1,2,2,7,20,2475,DL,LAX,12,39,133,0,0,14
-2,2,2,7,16,2475,B6,LAX,12,39,133,0,0,14
-2,2,2,7,20,2475,B6,LAX,12,39,133,0,0,14
-2,2,2,7,9,2475,DL,LAX,12,39,133,0,0,14
4,2,2,7,15,2475,AA,LAX,12,39,133,0,0,14
135,2,2,7,21,2475,AA,LAX,12,39,133,0,0,14
2,2,2,7,7,2475,DL,LAX,12,39,133,0,0,14
-3,2,2,7,13,2475,AA,LAX,12,39,133,0,0,14
0,2,2,7,9,2475,AA,LAX,12,39,133,0,0,14
2,2,2,7,10,2475,AA,LAX,12,39,133,0,0,14
-8,2,2,7,12,2475,AA,LAX,12,39,133,0,0,14
-6,2,2,7,6,2475,B6,LAX,12,39,133,0,0,14
-4,2,2,7,16,2475,AA,LAX,12,39,133,0,0,14
5,2,2,7,15,2475,DL,LAX,12,39,133,0,0,14
-9,2,2,7,19,2475,AA,LAX,12,39,133,0,0,14
-3,2,2,7,12,2475,DL,LAX,12,39,133,0,0,14
5,2,2,7,18,2475,DL,LAX,12,39,133,0,0,14
-10,2,9,7,12,2475,AA,LAX,9,-60,-5,25,30,16
-3,2,9,7,10,2475,AA,LAX,9,-60,-5,25,30,16
11,2,9,7,19,2475,AA,LAX,9,-60,-5,25,30,16
1,2,9,7,7,2475,AA,LAX,9,-60,-5,25,30,16
-8,2,9,7,15,2475,AA,LAX,9,-60,-5,25,30,16
-7,2,9,7,16,2475,AA,LAX,9,-60,-5,25,30,16
43,2,9,7,21,2475,AA,LAX,9,-60,-5,25,30,16
3,2,9,7,13,2475,AA,LAX,9,-60,-5,25,30,16
19,2,9,7,16,2475,B6,LAX,9,-60,-5,25,30,16
1,2,9,7,6,2475,B6,LAX,9,-60,-5,25,30,16
-1,2,9,7,9,2475,B6,LAX,9,-60,-5,25,30,16
35,2,9,7,20,2475,B6,LAX,9,-60,-5,25,30,16
-1,2,9,7,16,2475,DL,LAX,9,-60,-5,25,30,16
31,2,9,7,7,2475,DL,LAX,9,-60,-5,25,30,16
81,2,9,7,20,2475,DL,LAX,9,-60,-5,25,30,16
0,2,9,7,18,2475,DL,LAX,9,-60,-5,25,30,16
-4,2,9,7,12,2475,DL,LAX,9,-60,-5,25,30,16
-2,2,9,7,9,2475,DL,LAX,9,-60,-5,25,30,16
-3,2,9,7,15,2475,DL,LAX,9,-60,-5,25,30,16
-6,2,9,7,9,2475,AA,LAX,9,-60,-5,25,30,16
6,2,9,7,13,2475,VX,LAX,9,-60,-5,25,30,16
26,2,9,7,20,2475,VX,LAX,9,-60,-5,25,30,16
-9,2,9,7,11,2475,UA,LAX,9,-60,-5,25,30,16
85,2,9,7,20,2475,UA,LAX,9,-60,-5,25,30,16
8,2,9,7,8,2475,UA,LAX,9,-60,-5,25,30,16
-1,2,9,7,17,2475,UA,LAX,9,-60,-5,25,30,16
2,2,9,7,14,2475,UA,LAX,9,-60,-5,25,30,16
-7,2,9,7,16,2475,VX,LAX,9,-60,-5,25,30,16
7,2,9,7,9,2475,VX,LAX,9,-60,-5,25,30,16
5,2,16,7,9,2475,VX,LAX,2,-60,-10,0,0,40
9,2,16,7,20,2475,VX,LAX,2,-60,-10,0,0,40
34,2,16,7,16,2475,VX,LAX,2,-60,-10,0,0,40
28,2,16,7,13,2475,VX,LAX,2,-60,-10,0,0,40
0,2,16,7,11,2475,UA,LAX,2,-60,-10,0,0,40
-6,2,16,7,20,2475,UA,LAX,2,-60,-10,0,0,40
22,2,16,7,12,2475,AA,LAX,2,-60,-10,0,0,40
30,2,16,7,8,2475,UA,LAX,2,-60,-10,0,0,40
72,2,16,7,16,2475,B6,LAX,2,-60,-10,0,0,40
-3,2,16,7,9,2475,AA,LAX,2,-60,-10,0,0,40
33,2,16,7,21,2475,AA,LAX,2,-60,-10,0,0,40
9,2,16,7,8,2475,AA,LAX,2,-60,-10,0,0,40
17,2,16,7,10,2475,AA,LAX,2,-60,-10,0,0,40
-7,2,16,7,15,2475,AA,LAX,2,-60,-10,0,0,40
0,2,16,7,15,2475,DL,LAX,2,-60,-10,0,0,40
93,2,16,7,9,2475,DL,LAX,2,-60,-10,0,0,40
12,2,16,7,12,2475,DL,LAX,2,-60,-10,0,0,40
9,2,16,7,18,2475,DL,LAX,2,-60,-10,0,0,40
15,2,16,7,7,2475,DL,LAX,2,-60,-10,0,0,40
-4,2,16,7,17,2475,UA,LAX,2,-60,-10,0,0,40
-2,2,16,7,16,2475,AA,LAX,2,-60,-10,0,0,40
-2,2,16,7,13,2475,AA,LAX,2,-60,-10,0,0,40
-3,2,16,7,14,2475,UA,LAX,2,-60,-10,0,0,40
-2,2,16,7,6,2475,B6,LAX,2,-60,-10,0,0,40
168,2,16,7,12,2475,B6,LAX,2,-60,-10,0,0,40
4,2,16,7,19,2475,AA,LAX,2,-60,-10,0,0,40
51,2,16,7,20,2475,B6,LAX,2,-60,-10,0,0,40
2,2,16,7,6,2475,AA,LAX,2,-60,-10,0,0,40
-7,2,23,7,7,2475,DL,LAX,5,61,122,0,0,24
2,2,23,7,16,2475,B6,LAX,5,61,122,0,0,24
-6,2,23,7,8,2475,AA,LAX,5,61,122,0,0,24
-7,2,23,7,19,2475,AA,LAX,5,61,122,0,0,24
-1,2,23,7,18,2475,DL,LAX,5,61,122,0,0,24
4,2,23,7,20,2475,DL,LAX,5,61,122,0,0,24
-1,2,23,7,20,2475,B6,LAX,5,61,122,0,0,24
-10,2,23,7,10,2475,AA,LAX,5,61,122,0,0,24
-1,2,23,7,6,2475,B6,LAX,5,61,122,0,0,24
-7,2,23,7,12,2475,DL,LAX,5,61,122,0,0,24
-3,2,23,7,9,2475,DL,LAX,5,61,122,0,0,24
-1,2,23,7,15,2475,DL,LAX,5,61,122,0,0,24
-6,2,23,7,9,2475,AA,LAX,5,61,122,0,0,24
1,2,23,7,12,2475,AA,LAX,5,61,122,0,0,24
0,2,23,7,12,2475,B6,LAX,5,61,122,0,0,24
-6,2,23,7,6,2475,AA,LAX,5,61,122,0,0,24
3,2,23,7,21,2475,AA,LAX,5,61,122,0,0,24
-3,2,23,7,16,2475,DL,LAX,5,61,122,0,0,24
-8,2,23,7,16,2475,AA,LAX,5,61,122,0,0,24
-1,2,23,7,13,2475,AA,LAX,5,61,122,0,0,24
0,2,23,7,15,2475,AA,LAX,5,61,122,0,0,24
0,2,23,7,16,2475,VX,LAX,5,61,122,0,0,24
2,2,23,7,20,2475,VX,LAX,5,61,122,0,0,24
-4,2,23,7,9,2475,VX,LAX,5,61,122,0,0,24
15,2,23,7,13,2475,VX,LAX,5,61,122,0,0,24
7,2,23,7,20,2475,UA,LAX,5,61,122,0,0,24
-2,2,23,7,17,2475,UA,LAX,5,61,122,0,0,24
0,2,23,7,8,2475,UA,LAX,5,61,122,0,0,24
-6,2,23,7,11,2475,UA,LAX,5,61,122,0,0,24
-4,2,23,7,14,2475,UA,LAX,5,61,122,0,0,24
0,3,7,5,8,2475,UA,LAX,17,-32,28,0,0,35
-3,3,7,5,11,2475,UA,LAX,17,-32,28,0,0,35
-3,3,7,5,6,2475,UA,LAX,17,-32,28,0,0,35
11,3,7,5,17,2475,UA,LAX,17,-32,28,0,0,35
-1,3,7,5,7,2475,VX,LAX,17,-32,28,0,0,35
3,3,7,5,9,2475,VX,LAX,17,-32,28,0,0,35
-8,3,7,5,13,2475,VX,LAX,17,-32,28,0,0,35
22,3,7,5,16,2475,VX,LAX,17,-32,28,0,0,35
10,3,7,5,20,2475,VX,LAX,17,-32,28,0,0,35
18,3,7,5,20,2475,UA,LAX,17,-32,28,0,0,35
-4,3,7,5,14,2475,UA,LAX,17,-32,28,0,0,35
-5,3,7,5,21,2475,AA,LAX,17,-32,28,0,0,35
-2,3,7,5,19,2475,AA,LAX,17,-32,28,0,0,35
130,3,7,5,8,2475,AA,LAX,17,-32,28,0,0,35
6,3,7,5,16,2475,DL,LAX,17,-32,28,0,0,35
-4,3,7,5,18,2475,DL,LAX,17,-32,28,0,0,35
165,3,7,5,20,2475,DL,LAX,17,-32,28,0,0,35
0,3,7,5,12,2475,DL,LAX,17,-32,28,0,0,35
2,3,7,5,9,2475,DL,LAX,17,-32,28,0,0,35
39,3,7,5,15,2475,DL,LAX,17,-32,28,0,0,35
-6,3,7,5,15,2475,AA,LAX,17,-32,28,0,0,35
-3,3,7,5,9,2475,AA,LAX,17,-32,28,0,0,35
-3,3,7,5,10,2475,AA,LAX,17,-32,28,0,0,35
-3,3,7,5,12,2475,AA,LAX,17,-32,28,0,0,35
0,3,7,5,20,2475,B6,LAX,17,-32,28,0,0,35
22,3,7,5,16,2475,B6,LAX,17,-32,28,0,0,35
5,3,7,5,11,2475,B6,LAX,17,-32,28,0,0,35
2,3,7,5,6,2475,B6,LAX,17,-32,28,0,0,35
40,3,7,5,16,2475,AA,LAX,17,-32,28,0,0,35
-5,3,7,5,13,2475,AA,LAX,17,-32,28,0,0,35
-2,3,7,5,6,2475,AA,LAX,17,-32,28,0,0,35
-2,3,14,5,13,2475,AA,LAX,24,-55,78,0,0,25
-3,3,14,5,10,2475,AA,LAX,24,-55,78,0,0,25
102,3,14,5,15,2475,AA,LAX,24,-55,78,0,0,25
33,3,14,5,16,2475,AA,LAX,24,-55,78,0,0,25
7,3,14,5,16,2475,DL,LAX,24,-55,78,0,0,25
18,3,14,5,18,2475,DL,LAX,24,-55,78,0,0,25
-2,3,14,5,12,2475,DL,LAX,24,-55,78,0,0,25
1,3,14,5,20,2475,DL,LAX,24,-55,78,0,0,25
64,3,14,5,11,2475,B6,LAX,24,-55,78,0,0,25
0,3,14,5,6,2475,B6,LAX,24,-55,78,0,0,25
25,3,14,5,9,2475,AA,LAX,24,-55,78,0,0,25
-3,3,14,5,12,2475,AA,LAX,24,-55,78,0,0,25
-8,3,14,5,21,2475,AA,LAX,24,-55,78,0,0,25
6,3,14,5,9,2475,DL,LAX,24,-55,78,0,0,25
-4,3,14,5,8,2475,AA,LAX,24,-55,78,0,0,25
-5,3,14,5,6,2475,AA,LAX,24,-55,78,0,0,25
0,3,14,5,19,2475,AA,LAX,24,-55,78,0,0,25
5,3,14,5,20,2475,B6,LAX,24,-55,78,0,0,25
-1,3,14,5,15,2475,DL,LAX,24,-55,78,0,0,25
-7,3,14,5,16,2475,B6,LAX,24,-55,78,0,0,25
-3,3,14,5,11,2475,UA,LAX,24,-55,78,0,0,25
-2,3,14,5,6,2475,UA,LAX,24,-55,78,0,0,25
3,3,14,5,8,2475,UA,LAX,24,-55,78,0,0,25
-2,3,14,5,17,2475,UA,LAX,24,-55,78,0,0,25
-3,3,14,5,20,2475,VX,LAX,24,-55,78,0,0,25
27,3,14,5,16,2475,VX,LAX,24,-55,78,0,0,25
-4,3,14,5,13,2475,VX,LAX,24,-55,78,0,0,25
-5,3,14,5,9,2475,VX,LAX,24,-55,78,0,0,25
-2,3,14,5,7,2475,VX,LAX,24,-55,78,0,0,25
34,3,14,5,20,2475,UA,LAX,24,-55,78,0,0,25
0,3,14,5,14,2475,UA,LAX,24,-55,78,0,0,25
-6,3,21,5,7,2475,VX,LAX,31,39,106,0,0,34
-3,3,21,5,20,2475,VX,LAX,31,39,106,0,0,34
-1,3,21,5,16,2475,VX,LAX,31,39,106,0,0,34
-2,3,21,5,13,2475,VX,LAX,31,39,106,0,0,34
-1,3,21,5,9,2475,VX,LAX,31,39,106,0,0,34
-5,3,21,5,20,2475,B6,LAX,31,39,106,0,0,34
9,3,21,5,11,2475,B6,LAX,31,39,106,0,0,34
8,3,21,5,6,2475,B6,LAX,31,39,106,0,0,34
-4,3,21,5,9,2475,AA,LAX,31,39,106,0,0,34
16,3,21,5,15,2475,AA,LAX,31,39,106,0,0,34
-8,3,21,5,8,2475,AA,LAX,31,39,106,0,0,34
2,3,21,5,21,2475,AA,LAX,31,39,106,0,0,34
-2,3,21,5,6,2475,AA,LAX,31,39,106,0,0,34
-4,3,21,5,16,2475,AA,LAX,31,39,106,0,0,34
-6,3,21,5,16,2475,B6,LAX,31,39,106,0,0,34
1,3,21,5,13,2475,AA,LAX,31,39,106,0,0,34
-6,3,21,5,12,2475,AA,LAX,31,39,106,0,0,34
-6,3,21,5,19,2475,AA,LAX,31,39,106,0,0,34
-6,3,21,5,16,2475,DL,LAX,31,39,106,0,0,34
-3,3,21,5,18,2475,DL,LAX,31,39,106,0,0,34
-3,3,21,5,10,2475,AA,LAX,31,39,106,0,0,34
-1,3,21,5,20,2475,DL,LAX,31,39,106,0,0,34
-3,3,21,5,12,2475,DL,LAX,31,39,106,0,0,34
-6,3,21,5,9,2475,DL,LAX,31,39,106,0,0,34
0,3,21,5,15,2475,DL,LAX,31,39,106,0,0,34
-3,3,21,5,20,2475,UA,LAX,31,39,106,0,0,34
2,3,21,5,14,2475,UA,LAX,31,39,106,0,0,34
-6,3,21,5,11,2475,UA,LAX,31,39,106,0,0,34
-6,3,21,5,6,2475,UA,LAX,31,39,106,0,0,34
-9,3,21,5,8,2475,UA,LAX,31,39,106,0,0,34
-4,3,21,5,17,2475,UA,LAX,31,39,106,0,0,34
-2,3,28,5,17,2475,UA,LAX,38,28,167,10,0,24
0,3,28,5,20,2475,UA,LAX,38,28,167,10,0,24
9,3,28,5,14,2475,UA,LAX,38,28,167,10,0,24
-5,3,28,5,8,2475,UA,LAX,38,28,167,10,0,24
6,3,28,5,6,2475,UA,LAX,38,28,167,10,0,24
-4,3,28,5,11,2475,UA,LAX,38,28,167,10,0,24
91,3,28,5,18,2475,DL,LAX,38,28,167,10,0,24
4,3,28,5,15,2475,DL,LAX,38,28,167,10,0,24
-2,3,28,5,9,2475,DL,LAX,38,28,167,10,0,24
-7,3,28,5,20,2475,VX,LAX,38,28,167,10,0,24
11,3,28,5,16,2475,VX,LAX,38,28,167,10,0,24
-4,3,28,5,13,2475,VX,LAX,38,28,167,10,0,24
-4,3,28,5,9,2475,VX,LAX,38,28,167,10,0,24
8,3,28,5,7,2475,VX,LAX,38,28,167,10,0,24
-7,3,28,5,12,2475,DL,LAX,38,28,167,10,0,24
7,3,28,5,20,2475,DL,LAX,38,28,167,10,0,24
-2,3,28,5,16,2475,DL,LAX,38,28,167,10,0,24
-1,3,28,5,6,2475,B6,LAX,38,28,167,10,0,24
-2,3,28,5,13,2475,AA,LAX,38,28,167,10,0,24
15,3,28,5,19,2475,AA,LAX,38,28,167,10,0,24
-6,3,28,5,12,2475,AA,LAX,38,28,167,10,0,24
-5,3,28,5,21,2475,AA,LAX,38,28,167,10,0,24
-1,3,28,5,16,2475,AA,LAX,38,28,167,10,0,24
-5,3,28,5,15,2475,AA,LAX,38,28,167,10,0,24
-5,3,28,5,9,2475,AA,LAX,38,28,167,10,0,24
-7,3,28,5,8,2475,AA,LAX,38,28,167,10,0,24
-4,3,28,5,11,2475,B6,LAX,38,28,167,10,0,24
-5,3,28,5,16,2475,B6,LAX,38,28,167,10,0,24
69,3,28,5,20,2475,B6,LAX,38,28,167,10,0,24
-4,3,28,5,6,2475,AA,LAX,38,28,167,10,0,24
-3,3,28,5,10,2475,AA,LAX,38,28,167,10,0,24
-2,4,5,6,18,2475,UA,LAX,46,44,122,0,0,38
-6,4,5,6,8,2475,UA,LAX,46,44,122,0,0,38
0,4,5,6,6,2475,UA,LAX,46,44,122,0,0,38
-5,4,5,6,11,2475,UA,LAX,46,44,122,0,0,38
1,4,5,6,14,2475,UA,LAX,46,44,122,0,0,38
-10,4,5,6,6,2475,B6,LAX,46,44,122,0,0,38
-4,4,5,6,9,2475,DL,LAX,46,44,122,0,0,38
0,4,5,6,18,2475,DL,LAX,46,44,122,0,0,38
-4,4,5,6,17,2475,DL,LAX,46,44,122,0,0,38
3,4,5,6,8,2475,DL,LAX,46,44,122,0,0,38
-5,4,5,6,15,2475,DL,LAX,46,44,122,0,0,38
16,4,5,6,10,2475,AA,LAX,46,44,122,0,0,38
-3,4,5,6,16,2475,VX,LAX,46,44,122,0,0,38
-1,4,5,6,13,2475,AA,LAX,46,44,122,0,0,38
-2,4,5,6,13,2475,VX,LAX,46,44,122,0,0,38
0,4,5,6,9,2475,VX,LAX,46,44,122,0,0,38
-4,4,5,6,7,2475,VX,LAX,46,44,122,0,0,38
-3,4,5,6,16,2475,B6,LAX,46,44,122,0,0,38
22,4,5,6,17,2475,AA,LAX,46,44,122,0,0,38
62,4,5,6,6,2475,AA,LAX,46,44,122,0,0,38
-3,4,5,6,20,2475,B6,LAX,46,44,122,0,0,38
-3,4,5,6,8,2475,AA,LAX,46,44,122,0,0,38
1,4,5,6,6,2475,AA,LAX,46,44,122,0,0,38
47,4,5,6,16,2475,AA,LAX,46,44,122,0,0,38
-1,4,5,6,12,2475,AA,LAX,46,44,122,0,0,38
-6,4,5,6,9,2475,AA,LAX,46,44,122,0,0,38
69,4,12,6,14,2475,UA,LAX,40,100,228,0,0,19
-1,4,12,6,13,2475,VX,LAX,40,100,228,0,0,19
1,4,12,6,16,2475,VX,LAX,40,100,228,0,0,19
-4,4,12,6,6,2475,AA,LAX,40,100,228,0,0,19
99,4,12,6,18,2475,UA,LAX,40,100,228,0,0,19
-4,4,12,6,7,2475,VX,LAX,40,100,228,0,0,19
2,4,12,6,8,2475,UA,LAX,40,100,228,0,0,19
-3,4,12,6,9,2475,VX,LAX,40,100,228,0,0,19
-9,4,12,6,10,2475,AA,LAX,40,100,228,0,0,19
-11,4,12,6,9,2475,AA,LAX,40,100,228,0,0,19
0,4,12,6,6,2475,UA,LAX,40,100,228,0,0,19
1,4,12,6,8,2475,AA,LAX,40,100,228,0,0,19
-7,4,12,6,19,2475,AA,LAX,40,100,228,0,0,19
-7,4,12,6,12,2475,AA,LAX,40,100,228,0,0,19
0,4,12,6,16,2475,B6,LAX,40,100,228,0,0,19
-4,4,12,6,6,2475,AA,LAX,40,100,228,0,0,19
-4,4,12,6,20,2475,B6,LAX,40,100,228,0,0,19
54,4,12,6,17,2475,AA,LAX,40,100,228,0,0,19
0,4,12,6,6,2475,B6,LAX,40,100,228,0,0,19
-7,4,12,6,16,2475,AA,LAX,40,100,228,0,0,19
3,4,12,6,13,2475,AA,LAX,40,100,228,0,0,19
-5,4,12,6,9,2475,DL,LAX,40,100,228,0,0,19
-2,4,12,6,12,2475,DL,LAX,40,100,228,0,0,19
-4,4,12,6,15,2475,DL,LAX,40,100,228,0,0,19
-3,4,12,6,8,2475,DL,LAX,40,100,228,0,0,19
0,4,12,6,17,2475,DL,LAX,40,100,228,0,0,19
-3,4,12,6,18,2475,DL,LAX,40,100,228,0,0,19
-2,4,12,6,11,2475,UA,LAX,40,100,228,0,0,19
-1,4,19,6,15,2475,DL,LAX,33,50,200,0,0,25
-9,4,19,6,18,2475,DL,LAX,33,50,200,0,0,25
-6,4,19,6,6,2475,B6,LAX,33,50,200,0,0,25
0,4,19,6,8,2475,DL,LAX,33,50,200,0,0,25
-1,4,19,6,17,2475,DL,LAX,33,50,200,0,0,25
-2,4,19,6,9,2475,DL,LAX,33,50,200,0,0,25
-2,4,19,6,12,2475,DL,LAX,33,50,200,0,0,25
-4,4,19,6,16,2475,B6,LAX,33,50,200,0,0,25
-2,4,19,6,19,2475,AA,LAX,33,50,200,0,0,25
-1,4,19,6,16,2475,VX,LAX,33,50,200,0,0,25
-2,4,19,6,6,2475,AA,LAX,33,50,200,0,0,25
-5,4,19,6,6,2475,AA,LAX,33,50,200,0,0,25
-7,4,19,6,13,2475,AA,LAX,33,50,200,0,0,25
-3,4,19,6,16,2475,AA,LAX,33,50,200,0,0,25
-5,4,19,6,12,2475,AA,LAX,33,50,200,0,0,25
-4,4,19,6,10,2475,AA,LAX,33,50,200,0,0,25
-5,4,19,6,9,2475,VX,LAX,33,50,200,0,0,25
-6,4,19,6,7,2475,VX,LAX,33,50,200,0,0,25
-2,4,19,6,13,2475,VX,LAX,33,50,200,0,0,25
25,4,19,6,20,2475,B6,LAX,33,50,200,0,0,25
-8,4,19,6,17,2475,AA,LAX,33,50,200,0,0,25
4,4,19,6,9,2475,AA,LAX,33,50,200,0,0,25
-8,4,19,6,8,2475,AA,LAX,33,50,200,0,0,25
0,4,19,6,14,2475,UA,LAX,33,50,200,0,0,25
-5,4,19,6,18,2475,UA,LAX,33,50,200,0,0,25
-9,4,19,6,8,2475,UA,LAX,33,50,200,0,0,25
58,4,19,6,6,2475,UA,LAX,33,50,200,0,0,25
-6,4,19,6,11,2475,UA,LAX,33,50,200,0,0,25
-2,4,26,6,12,2475,DL,LAX,26,78,194,234,0,24
0,4,26,6,6,2475,B6,LAX,26,78,194,234,0,24
-1,4,26,6,9,2475,DL,LAX,26,78,194,234,0,24
-1,4,26,6,17,2475,DL,LAX,26,78,194,234,0,24
-1,4,26,6,15,2475,DL,LAX,26,78,194,234,0,24
2,4,26,6,18,2475,DL,LAX,26,78,194,234,0,24
1,4,26,6,8,2475,DL,LAX,26,78,194,234,0,24
-3,4,26,6,20,2475,B6,LAX,26,78,194,234,0,24
0,4,26,6,8,2475,UA,LAX,26,78,194,234,0,24
-2,4,26,6,6,2475,UA,LAX,26,78,194,234,0,24
2,4,26,6,11,2475,UA,LAX,26,78,194,234,0,24
1,4,26,6,18,2475,UA,LAX,26,78,194,234,0,24
34,4,26,6,14,2475,UA,LAX,26,78,194,234,0,24
0,4,26,6,16,2475,VX,LAX,26,78,194,234,0,24
63,4,26,6,16,2475,B6,LAX,26,78,194,234,0,24
-1,4,26,6,10,2475,AA,LAX,26,78,194,234,0,24
-1,4,26,6,12,2475,AA,LAX,26,78,194,234,0,24
-8,4,26,6,19,2475,AA,LAX,26,78,194,234,0,24
51,4,26,6,6,2475,AA,LAX,26,78,194,234,0,24
-11,4,26,6,8,2475,AA,LAX,26,78,194,234,0,24
-3,4,26,6,17,2475,AA,LAX,26,78,194,234,0,24
-8,4,26,6,16,2475,AA,LAX,26,78,194,234,0,24
-8,4,26,6,9,2475,AA,LAX,26,78,194,234,0,24
-1,4,26,6,7,2475,VX,LAX,26,78,194,234,0,24
-8,4,26,6,9,2475,VX,LAX,26,78,194,234,0,24
-1,4,26,6,13,2475,AA,LAX,26,78,194,234,0,24
-6,4,26,6,13,2475,VX,LAX,26,78,194,234,0,24
4,4,26,6,6,2475,AA,LAX,26,78,194,234,0,24
-2,5,3,6,14,2475,UA,LAX,19,122,217,20,0,15
-8,5,3,6,11,2475,UA,LAX,19,122,217,20,0,15
-1,5,3,6,6,2475,UA,LAX,19,122,217,20,0,15
-4,5,3,6,8,2475,UA,LAX,19,122,217,20,0,15
-2,5,3,6,18,2475,UA,LAX,19,122,217,20,0,15
-10,5,3,6,7,2475,VX,LAX,19,122,217,20,0,15
-1,5,3,6,13,2475,VX,LAX,19,122,217,20,0,15
-5,5,3,6,9,2475,VX,LAX,19,122,217,20,0,15
-3,5,3,6,16,2475,VX,LAX,19,122,217,20,0,15
14,5,3,6,12,2475,AA,LAX,19,122,217,20,0,15
-5,5,3,6,8,2475,AA,LAX,19,122,217,20,0,15
-6,5,3,6,9,2475,AA,LAX,19,122,217,20,0,15
-6,5,3,6,12,2475,DL,LAX,19,122,217,20,0,15
-2,5,3,6,9,2475,DL,LAX,19,122,217,20,0,15
46,5,3,6,19,2475,AA,LAX,19,122,217,20,0,15
-10,5,3,6,10,2475,AA,LAX,19,122,217,20,0,15
-1,5,3,6,13,2475,AA,LAX,19,122,217,20,0,15
-8,5,3,6,16,2475,AA,LAX,19,122,217,20,0,15
6,5,3,6,20,2475,B6,LAX,19,122,217,20,0,15
-2,5,3,6,9,2475,B6,LAX,19,122,217,20,0,15
-9,5,3,6,17,2475,AA,LAX,19,122,217,20,0,15
0,5,3,6,17,2475,DL,LAX,19,122,217,20,0,15
-3,5,3,6,17,2475,B6,LAX,19,122,217,20,0,15
-7,5,3,6,6,2475,AA,LAX,19,122,217,20,0,15
-4,5,3,6,6,2475,AA,LAX,19,122,217,20,0,15
-1,5,3,6,18,2475,DL,LAX,19,122,217,20,0,15
40,5,3,6,8,2475,DL,LAX,19,122,217,20,0,15
-4,5,3,6,15,2475,DL,LAX,19,122,217,20,0,15
-8,5,10,6,11,2475,UA,LAX,12,139,283,94,0,20
-6,5,10,6,14,2475,UA,LAX,12,139,283,94,0,20
-6,5,10,6,6,2475,UA,LAX,12,139,283,94,0,20
-9,5,10,6,8,2475,UA,LAX,12,139,283,94,0,20
161,5,10,6,18,2475,UA,LAX,12,139,283,94,0,20
2,5,10,6,8,2475,AA,LAX,12,139,283,94,0,20
-7,5,10,6,5,2475,AA,LAX,12,139,283,94,0,20
-2,5,10,6,20,2475,B6,LAX,12,139,283,94,0,20
-6,5,10,6,7,2475,AA,LAX,12,139,283,94,0,20
-5,5,10,6,9,2475,DL,LAX,12,139,283,94,0,20
57,5,10,6,16,2475,AA,LAX,12,139,283,94,0,20
-3,5,10,6,12,2475,AA,LAX,12,139,283,94,0,20
42,5,10,6,18,2475,DL,LAX,12,139,283,94,0,20
-3,5,10,6,8,2475,DL,LAX,12,139,283,94,0,20
2,5,10,6,9,2475,B6,LAX,12,139,283,94,0,20
-3,5,10,6,17,2475,DL,LAX,12,139,283,94,0,20
-1,5,10,6,15,2475,DL,LAX,12,139,283,94,0,20
0,5,10,6,15,2475,AA,LAX,12,139,283,94,0,20
13,5,10,6,12,2475,DL,LAX,12,139,283,94,0,20
0,5,10,6,17,2475,AA,LAX,12,139,283,94,0,20
61,5,10,6,17,2475,B6,LAX,12,139,283,94,0,20
12,5,10,6,18,2475,AA,LAX,12,139,283,94,0,20
1,5,10,6,9,2475,AA,LAX,12,139,283,94,0,20
0,5,10,6,10,2475,AA,LAX,12,139,283,94,0,20
-1,5,10,6,16,2475,VX,LAX,12,139,283,94,0,20
-8,5,10,6,9,2475,VX,LAX,12,139,283,94,0,20
43,5,10,6,13,2475,VX,LAX,12,139,283,94,0,20
-3,5,10,6,7,2475,VX,LAX,12,139,283,94,0,20
-6,5,17,6,16,2475,VX,LAX,5,117,211,0,0,22
-3,5,17,6,11,2475,VX,LAX,5,117,211,0,0,22
-3,5,17,6,9,2475,VX,LAX,5,117,211,0,0,22
2,5,17,6,13,2475,VX,LAX,5,117,211,0,0,22
28,5,17,6,7,2475,VX,LAX,5,117,211,0,0,22
-2,5,17,6,6,2475,UA,LAX,5,117,211,0,0,22
-4,5,17,6,14,2475,UA,LAX,5,117,211,0,0,22
112,5,17,6,11,2475,UA,LAX,5,117,211,0,0,22
7,5,17,6,18,2475,UA,LAX,5,117,211,0,0,22
-5,5,17,6,8,2475,UA,LAX,5,117,211,0,0,22
6,5,17,6,20,2475,B6,LAX,5,117,211,0,0,22
0,5,17,6,17,2475,AA,LAX,5,117,211,0,0,22
-5,5,17,6,16,2475,AA,LAX,5,117,211,0,0,22
1,5,17,6,17,2475,DL,LAX,5,117,211,0,0,22
84,5,17,6,9,2475,DL,LAX,5,117,211,0,0,22
0,5,17,6,12,2475,DL,LAX,5,117,211,0,0,22
-4,5,17,6,18,2475,DL,LAX,5,117,211,0,0,22
-2,5,17,6,7,2475,AA,LAX,5,117,211,0,0,22
33,5,17,6,8,2475,AA,LAX,5,117,211,0,0,22
-4,5,17,6,8,2475,DL,LAX,5,117,211,0,0,22
-3,5,17,6,5,2475,AA,LAX,5,117,211,0,0,22
-7,5,17,6,9,2475,B6,LAX,5,117,211,0,0,22
5,5,17,6,15,2475,DL,LAX,5,117,211,0,0,22
-6,5,17,6,12,2475,AA,LAX,5,117,211,0,0,22
-6,5,17,6,10,2475,AA,LAX,5,117,211,0,0,22
-6,5,17,6,9,2475,AA,LAX,5,117,211,0,0,22
-2,5,17,6,15,2475,AA,LAX,5,117,211,0,0,22
-3,5,17,6,17,2475,B6,LAX,5,117,211,0,0,22
-4,5,17,6,18,2475,AA,LAX,5,117,211,0,0,22
8,5,24,6,12,2475,AA,LAX,2,139,211,102,0,16
-11,5,24,6,7,2475,AA,LAX,2,139,211,102,0,16
23,5,24,6,18,2475,AA,LAX,2,139,211,102,0,16
8,5,24,6,15,2475,DL,LAX,2,139,211,102,0,16
0,5,24,6,8,2475,DL,LAX,2,139,211,102,0,16
13,5,24,6,18,2475,DL,LAX,2,139,211,102,0,16
0,5,24,6,12,2475,DL,LAX,2,139,211,102,0,16
-3,5,24,6,9,2475,DL,LAX,2,139,211,102,0,16
40,5,24,6,17,2475,DL,LAX,2,139,211,102,0,16
-7,5,24,6,5,2475,AA,LAX,2,139,211,102,0,16
40,5,24,6,8,2475,AA,LAX,2,139,211,102,0,16
0,5,24,6,16,2475,AA,LAX,2,139,211,102,0,16
-8,5,24,6,9,2475,AA,LAX,2,139,211,102,0,16
-4,5,24,6,15,2475,AA,LAX,2,139,211,102,0,16
7,5,24,6,9,2475,B6,LAX,2,139,211,102,0,16
-2,5,24,6,20,2475,B6,LAX,2,139,211,102,0,16
1,5,24,6,17,2475,B6,LAX,2,139,211,102,0,16
-6,5,24,6,10,2475,AA,LAX,2,139,211,102,0,16
-3,5,24,6,17,2475,AA,LAX,2,139,211,102,0,16
-5,5,24,6,11,2475,VX,LAX,2,139,211,102,0,16
-9,5,24,6,9,2475,VX,LAX,2,139,211,102,0,16
-1,5,24,6,7,2475,VX,LAX,2,139,211,102,0,16
-2,5,24,6,16,2475,VX,LAX,2,139,211,102,0,16
-9,5,24,6,13,2475,VX,LAX,2,139,211,102,0,16
-3,5,24,6,6,2475,UA,LAX,2,139,211,102,0,16
7,5,24,6,11,2475,UA,LAX,2,139,211,102,0,16
-7,5,24,6,8,2475,UA,LAX,2,139,211,102,0,16
12,5,24,6,18,2475,UA,LAX,2,139,211,102,0,16
123,5,24,6,14,2475,UA,LAX,2,139,211,102,0,16
-7,5,31,6,16,2475,AA,LAX,5,139,228,13,0,26
1,5,31,6,12,2475,AA,LAX,5,139,228,13,0,26
-5,5,31,6,18,2475,AA,LAX,5,139,228,13,0,26
-4,5,31,6,9,2475,B6,LAX,5,139,228,13,0,26
-1,5,31,6,15,2475,DL,LAX,5,139,228,13,0,26
52,5,31,6,17,2475,DL,LAX,5,139,228,13,0,26
31,5,31,6,9,2475,DL,LAX,5,139,228,13,0,26
2,5,31,6,17,2475,AA,LAX,5,139,228,13,0,26
-4,5,31,6,12,2475,DL,LAX,5,139,228,13,0,26
-4,5,31,6,18,2475,DL,LAX,5,139,228,13,0,26
0,5,31,6,8,2475,DL,LAX,5,139,228,13,0,26
-3,5,31,6,8,2475,AA,LAX,5,139,228,13,0,26
-4,5,31,6,7,2475,AA,LAX,5,139,228,13,0,26
-6,5,31,6,20,2475,B6,LAX,5,139,228,13,0,26
-5,5,31,6,17,2475,B6,LAX,5,139,228,13,0,26
16,5,31,6,5,2475,AA,LAX,5,139,228,13,0,26
-3,5,31,6,15,2475,AA,LAX,5,139,228,13,0,26
-7,5,31,6,10,2475,AA,LAX,5,139,228,13,0,26
-4,5,31,6,9,2475,AA,LAX,5,139,228,13,0,26
-6,5,31,6,11,2475,UA,LAX,5,139,228,13,0,26
-3,5,31,6,18,2475,UA,LAX,5,139,228,13,0,26
-7,5,31,6,8,2475,UA,LAX,5,139,228,13,0,26
-5,5,31,6,6,2475,UA,LAX,5,139,228,13,0,26
0,5,31,6,14,2475,UA,LAX,5,139,228,13,0,26
-4,5,31,6,9,2475,VX,LAX,5,139,228,13,0,26
11,5,31,6,13,2475,VX,LAX,5,139,228,13,0,26
-7,5,31,6,7,2475,VX,LAX,5,139,228,13,0,26
-3,5,31,6,16,2475,VX,LAX,5,139,228,13,0,26
0,5,31,6,11,2475,VX,LAX,5,139,228,13,0,26
2,6,1,7,8,2475,AA,LAX,6,128,250,0,0,16
0,6,1,7,18,2475,DL,LAX,6,128,250,0,0,16
5,6,1,7,21,2475,DL,LAX,6,128,250,0,0,16
-4,6,1,7,18,2475,AA,LAX,6,128,250,0,0,16
3,6,1,7,12,2475,DL,LAX,6,128,250,0,0,16
-5,6,1,7,16,2475,AA,LAX,6,128,250,0,0,16
2,6,1,7,20,2475,AA,LAX,6,128,250,0,0,16
-2,6,1,7,9,2475,DL,LAX,6,128,250,0,0,16
-4,6,1,7,7,2475,DL,LAX,6,128,250,0,0,16
12,6,1,7,17,2475,DL,LAX,6,128,250,0,0,16
-2,6,1,7,15,2475,DL,LAX,6,128,250,0,0,16
18,6,1,7,7,2475,AA,LAX,6,128,250,0,0,16
-5,6,1,7,17,2475,AA,LAX,6,128,250,0,0,16
18,6,1,7,8,2475,DL,LAX,6,128,250,0,0,16
-10,6,1,7,12,2475,AA,LAX,6,128,250,0,0,16
-6,6,1,7,15,2475,AA,LAX,6,128,250,0,0,16
-6,6,1,7,10,2475,AA,LAX,6,128,250,0,0,16
-5,6,1,7,5,2475,AA,LAX,6,128,250,0,0,16
-9,6,1,7,9,2475,AA,LAX,6,128,250,0,0,16
30,6,1,7,17,2475,B6,LAX,6,128,250,0,0,16
-2,6,1,7,9,2475,B6,LAX,6,128,250,0,0,16
-6,6,1,7,6,2475,B6,LAX,6,128,250,0,0,16
-6,6,1,7,11,2475,UA,LAX,6,128,250,0,0,16
-1,6,1,7,13,2475,VX,LAX,6,128,250,0,0,16
-11,6,1,7,8,2475,UA,LAX,6,128,250,0,0,16
3,6,1,7,17,2475,UA,LAX,6,128,250,0,0,16
-9,6,1,7,14,2475,UA,LAX,6,128,250,0,0,16
27,6,1,7,20,2475,UA,LAX,6,128,250,0,0,16
-2,6,1,7,11,2475,VX,LAX,6,128,250,0,0,16
2,6,1,7,9,2475,VX,LAX,6,128,250,0,0,16
-2,6,1,7,7,2475,VX,LAX,6,128,250,0,0,16
1,6,1,7,16,2475,VX,LAX,6,128,250,0,0,16
-5,6,1,7,20,2475,VX,LAX,6,128,250,0,0,16
15,6,1,7,20,2475,B6,LAX,6,128,250,0,0,16
2,6,8,7,16,2475,VX,LAX,13,189,300,0,0,13
85,6,8,7,20,2475,VX,LAX,13,189,300,0,0,13
-4,6,8,7,11,2475,UA,LAX,13,189,300,0,0,13
66,6,8,7,15,2475,DL,LAX,13,189,300,0,0,13
-1,6,8,7,16,2475,DL,LAX,13,189,300,0,0,13
80,6,8,7,21,2475,DL,LAX,13,189,300,0,0,13
-4,6,8,7,7,2475,DL,LAX,13,189,300,0,0,13
-4,6,8,7,12,2475,DL,LAX,13,189,300,0,0,13
16,6,8,7,9,2475,DL,LAX,13,189,300,0,0,13
-3,6,8,7,8,2475,DL,LAX,13,189,300,0,0,13
67,6,8,7,18,2475,DL,LAX,13,189,300,0,0,13
-12,6,8,7,8,2475,UA,LAX,13,189,300,0,0,13
14,6,8,7,17,2475,UA,LAX,13,189,300,0,0,13
48,6,8,7,20,2475,UA,LAX,13,189,300,0,0,13
6,6,8,7,14,2475,UA,LAX,13,189,300,0,0,13
-5,6,8,7,13,2475,VX,LAX,13,189,300,0,0,13
-5,6,8,7,11,2475,VX,LAX,13,189,300,0,0,13
-2,6,8,7,9,2475,VX,LAX,13,189,300,0,0,13
-3,6,8,7,7,2475,VX,LAX,13,189,300,0,0,13
1,6,8,7,17,2475,B6,LAX,13,189,300,0,0,13
-6,6,8,7,9,2475,B6,LAX,13,189,300,0,0,13
-2,6,8,7,6,2475,B6,LAX,13,189,300,0,0,13
-2,6,8,7,5,2475,AA,LAX,13,189,300,0,0,13
-3,6,8,7,17,2475,AA,LAX,13,189,300,0,0,13
-10,6,8,7,9,2475,AA,LAX,13,189,300,0,0,13
-6,6,8,7,7,2475,AA,LAX,13,189,300,0,0,13
26,6,8,7,11,2475,AA,LAX,13,189,300,0,0,13
23,6,8,7,20,2475,B6,LAX,13,189,300,0,0,13
3,6,8,7,18,2475,AA,LAX,13,189,300,0,0,13
-4,6,8,7,10,2475,AA,LAX,13,189,300,0,0,13
-3,6,8,7,15,2475,AA,LAX,13,189,300,0,0,13
-2,6,8,7,20,2475,AA,LAX,13,189,300,0,0,13
-7,6,8,7,8,2475,AA,LAX,13,189,300,0,0,13
72,6,8,7,12,2475,AA,LAX,13,189,300,0,0,13
36,6,8,7,16,2475,AA,LAX,13,189,300,0,0,13
-3,6,15,7,11,2475,AA,LAX,19,150,267,0,0,19
-5,6,15,7,17,2475,B6,LAX,19,150,267,0,0,19
-4,6,15,7,9,2475,AA,LAX,19,150,267,0,0,19
-12,6,15,7,7,2475,AA,LAX,19,150,267,0,0,19
-6,6,15,7,15,2475,AA,LAX,19,150,267,0,0,19
2,6,15,7,20,2475,AA,LAX,19,150,267,0,0,19
-5,6,15,7,16,2475,AA,LAX,19,150,267,0,0,19
-6,6,15,7,20,2475,B6,LAX,19,150,267,0,0,19
-6,6,15,7,8,2475,AA,LAX,19,150,267,0,0,19
-1,6,15,7,9,2475,B6,LAX,19,150,267,0,0,19
-1,6,15,7,6,2475,B6,LAX,19,150,267,0,0,19
-11,6,15,7,10,2475,AA,LAX,19,150,267,0,0,19
-6,6,15,7,6,2475,AA,LAX,19,150,267,0,0,19
-8,6,15,7,12,2475,AA,LAX,19,150,267,0,0,19
11,6,15,7,19,2475,AA,LAX,19,150,267,0,0,19
5,6,15,7,18,2475,AA,LAX,19,150,267,0,0,19
-5,6,15,7,17,2475,AA,LAX,19,150,267,0,0,19
-3,6,15,7,14,2475,UA,LAX,19,150,267,0,0,19
30,6,15,7,18,2475,DL,LAX,19,150,267,0,0,19
19,6,15,7,8,2475,DL,LAX,19,150,267,0,0,19
1,6,15,7,9,2475,DL,LAX,19,150,267,0,0,19
50,6,15,7,12,2475,DL,LAX,19,150,267,0,0,19
1,6,15,7,7,2475,DL,LAX,19,150,267,0,0,19
22,6,15,7,21,2475,DL,LAX,19,150,267,0,0,19
-4,6,15,7,8,2475,UA,LAX,19,150,267,0,0,19
4,6,15,7,17,2475,UA,LAX,19,150,267,0,0,19
-8,6,15,7,11,2475,UA,LAX,19,150,267,0,0,19
-3,6,15,7,16,2475,VX,LAX,19,150,267,0,0,19
99,6,15,7,13,2475,VX,LAX,19,150,267,0,0,19
-7,6,15,7,11,2475,VX,LAX,19,150,267,0,0,19
-6,6,15,7,9,2475,VX,LAX,19,150,267,0,0,19
-4,6,15,7,7,2475,VX,LAX,19,150,267,0,0,19
10,6,15,7,16,2475,DL,LAX,19,150,267,0,0,19
8,6,15,7,15,2475,DL,LAX,19,150,267,0,0,19
-6,6,15,7,20,2475,UA,LAX,19,150,267,0,0,19
-3,6,15,7,20,2475,VX,LAX,19,150,267,0,0,19
-4,6,22,7,8,2475,AA,LAX,12,178,261,0,0,9
3,6,22,7,6,2475,B6,LAX,12,178,261,0,0,9
47,6,22,7,17,2475,AA,LAX,12,178,261,0,0,9
-4,6,22,7,9,2475,AA,LAX,12,178,261,0,0,9
-5,6,22,7,20,2475,AA,LAX,12,178,261,0,0,9
-6,6,22,7,16,2475,AA,LAX,12,178,261,0,0,9
-2,6,22,7,6,2475,AA,LAX,12,178,261,0,0,9
1,6,22,7,10,2475,AA,LAX,12,178,261,0,0,9
-6,6,22,7,7,2475,AA,LAX,12,178,261,0,0,9
-8,6,22,7,18,2475,AA,LAX,12,178,261,0,0,9
-1,6,22,7,19,2475,AA,LAX,12,178,261,0,0,9
-4,6,22,7,11,2475,AA,LAX,12,178,261,0,0,9
4,6,22,7,20,2475,B6,LAX,12,178,261,0,0,9
8,6,22,7,16,2475,B6,LAX,12,178,261,0,0,9
-9,6,22,7,15,2475,AA,LAX,12,178,261,0,0,9
-1,6,22,7,12,2475,B6,LAX,12,178,261,0,0,9
-6,6,22,7,12,2475,AA,LAX,12,178,261,0,0,9
0,6,22,7,9,2475,B6,LAX,12,178,261,0,0,9
-2,6,22,7,17,2475,UA,LAX,12,178,261,0,0,9
-5,6,22,7,14,2475,UA,LAX,12,178,261,0,0,9
-2,6,22,7,8,2475,UA,LAX,12,178,261,0,0,9
-1,6,22,7,11,2475,UA,LAX,12,178,261,0,0,9
46,6,22,7,20,2475,UA,LAX,12,178,261,0,0,9
-5,6,22,7,9,2475,DL,LAX,12,178,261,0,0,9
-5,6,22,7,13,2475,VX,LAX,12,178,261,0,0,9
5,6,22,7,20,2475,VX,LAX,12,178,261,0,0,9
-11,6,22,7,11,2475,VX,LAX,12,178,261,0,0,9
-5,6,22,7,16,2475,DL,LAX,12,178,261,0,0,9
-7,6,22,7,9,2475,VX,LAX,12,178,261,0,0,9
9,6,22,7,15,2475,DL,LAX,12,178,261,0,0,9
-1,6,22,7,8,2475,DL,LAX,12,178,261,0,0,9
69,6,22,7,18,2475,DL,LAX,12,178,261,0,0,9
-6,6,22,7,7,2475,VX,LAX,12,178,261,0,0,9
-1,6,22,7,16,2475,VX,LAX,12,178,261,0,0,9
22,6,22,7,21,2475,DL,LAX,12,178,261,0,0,9
-3,6,22,7,7,2475,DL,LAX,12,178,261,0,0,9
-2,6,22,7,12,2475,DL,LAX,12,178,261,0,0,9
11,6,29,7,14,2475,UA,LAX,5,200,283,0,0,12
-2,6,29,7,20,2475,VX,LAX,5,200,283,0,0,12
-3,6,29,7,13,2475,VX,LAX,5,200,283,0,0,12
-1,6,29,7,11,2475,VX,LAX,5,200,283,0,0,12
-5,6,29,7,9,2475,VX,LAX,5,200,283,0,0,12
7,6,29,7,7,2475,VX,LAX,5,200,283,0,0,12
21,6,29,7,18,2475,DL,LAX,5,200,283,0,0,12
11,6,29,7,8,2475,DL,LAX,5,200,283,0,0,12
5,6,29,7,9,2475,DL,LAX,5,200,283,0,0,12
-7,6,29,7,12,2475,DL,LAX,5,200,283,0,0,12
-1,6,29,7,7,2475,DL,LAX,5,200,283,0,0,12
29,6,29,7,21,2475,DL,LAX,5,200,283,0,0,12
31,6,29,7,16,2475,DL,LAX,5,200,283,0,0,12
23,6,29,7,15,2475,DL,LAX,5,200,283,0,0,12
39,6,29,7,16,2475,VX,LAX,5,200,283,0,0,12
-10,6,29,7,11,2475,UA,LAX,5,200,283,0,0,12
-4,6,29,7,8,2475,UA,LAX,5,200,283,0,0,12
1,6,29,7,17,2475,UA,LAX,5,200,283,0,0,12
-4,6,29,7,20,2475,UA,LAX,5,200,283,0,0,12
-7,6,29,7,12,2475,B6,LAX,5,200,283,0,0,12
-10,6,29,7,9,2475,AA,LAX,5,200,283,0,0,12
-5,6,29,7,6,2475,B6,LAX,5,200,283,0,0,12
-10,6,29,7,12,2475,AA,LAX,5,200,283,0,0,12
-8,6,29,7,7,2475,AA,LAX,5,200,283,0,0,12
-1,6,29,7,19,2475,AA,LAX,5,200,283,0,0,12
-4,6,29,7,6,2475,AA,LAX,5,200,283,0,0,12
-3,6,29,7,9,2475,B6,LAX,5,200,283,0,0,12
-8,6,29,7,11,2475,AA,LAX,5,200,283,0,0,12
120,6,29,7,20,2475,AA,LAX,5,200,283,0,0,12
-4,6,29,7,18,2475,AA,LAX,5,200,283,0,0,12
8,6,29,7,16,2475,B6,LAX,5,200,283,0,0,12
-9,6,29,7,15,2475,AA,LAX,5,200,283,0,0,12
-1,6,29,7,17,2475,AA,LAX,5,200,283,0,0,12
-6,6,29,7,10,2475,AA,LAX,5,200,283,0,0,12
1,6,29,7,8,2475,AA,LAX,5,200,283,0,0,12
-6,6,29,7,16,2475,AA,LAX,5,200,283,0,0,12
0,6,29,7,20,2475,B6,LAX,5,200,283,0,0,12
-1,7,6,7,13,2475,VX,LAX,2,189,289,0,0,22
-2,7,6,7,20,2475,VX,LAX,2,189,289,0,0,22
9,7,6,7,16,2475,VX,LAX,2,189,289,0,0,22
-5,7,6,7,7,2475,VX,LAX,2,189,289,0,0,22
0,7,6,7,9,2475,VX,LAX,2,189,289,0,0,22
-3,7,6,7,11,2475,VX,LAX,2,189,289,0,0,22
18,7,6,7,16,2475,AA,LAX,2,189,289,0,0,22
4,7,6,7,14,2475,UA,LAX,2,189,289,0,0,22
-6,7,6,7,10,2475,AA,LAX,2,189,289,0,0,22
-8,7,6,7,9,2475,AA,LAX,2,189,289,0,0,22
-7,7,6,7,16,2475,B6,LAX,2,189,289,0,0,22
-4,7,6,7,8,2475,AA,LAX,2,189,289,0,0,22
-4,7,6,7,6,2475,B6,LAX,2,189,289,0,0,22
-1,7,6,7,20,2475,B6,LAX,2,189,289,0,0,22
0,7,6,7,9,2475,B6,LAX,2,189,289,0,0,22
7,7,6,7,20,2475,AA,LAX,2,189,289,0,0,22
-7,7,6,7,11,2475,UA,LAX,2,189,289,0,0,22
-1,7,6,7,12,2475,AA,LAX,2,189,289,0,0,22
-2,7,6,7,8,2475,UA,LAX,2,189,289,0,0,22
-3,7,6,7,17,2475,AA,LAX,2,189,289,0,0,22
-7,7,6,7,20,2475,UA,LAX,2,189,289,0,0,22
-7,7,6,7,7,2475,AA,LAX,2,189,289,0,0,22
-5,7,6,7,18,2475,AA,LAX,2,189,289,0,0,22
-5,7,6,7,6,2475,AA,LAX,2,189,289,0,0,22
-3,7,6,7,11,2475,AA,LAX,2,189,289,0,0,22
11,7,6,7,17,2475,UA,LAX,2,189,289,0,0,22
-6,7,6,7,15,2475,AA,LAX,2,189,289,0,0,22
1,7,6,7,18,2475,DL,LAX,2,189,289,0,0,22
-4,7,6,7,9,2475,DL,LAX,2,189,289,0,0,22
-2,7,6,7,12,2475,DL,LAX,2,189,289,0,0,22
15,7,6,7,7,2475,DL,LAX,2,189,289,0,0,22
26,7,6,7,15,2475,DL,LAX,2,189,289,0,0,22
15,7,6,7,21,2475,DL,LAX,2,189,289,0,0,22
-3,7,6,7,8,2475,DL,LAX,2,189,289,0,0,22
6,7,6,7,16,2475,DL,LAX,2,189,289,0,0,22
-2,7,6,7,12,2475,B6,LAX,2,189,289,0,0,22
8,7,6,7,19,2475,AA,LAX,2,189,289,0,0,22
-4,7,13,7,6,2475,B6,LAX,9,222,283,8,0,23
-7,7,13,7,7,2475,AA,LAX,9,222,283,8,0,23
-7,7,13,7,6,2475,AA,LAX,9,222,283,8,0,23
23,7,13,7,18,2475,DL,LAX,9,222,283,8,0,23
1,7,13,7,16,2475,DL,LAX,9,222,283,8,0,23
116,7,13,7,20,2475,AA,LAX,9,222,283,8,0,23
2,7,13,7,9,2475,DL,LAX,9,222,283,8,0,23
35,7,13,7,12,2475,DL,LAX,9,222,283,8,0,23
-1,7,13,7,16,2475,B6,LAX,9,222,283,8,0,23
11,7,13,7,20,2475,B6,LAX,9,222,283,8,0,23
-2,7,13,7,7,2475,DL,LAX,9,222,283,8,0,23
-3,7,13,7,9,2475,AA,LAX,9,222,283,8,0,23
-3,7,13,7,17,2475,UA,LAX,9,222,283,8,0,23
7,7,13,7,15,2475,DL,LAX,9,222,283,8,0,23
-3,7,13,7,15,2475,AA,LAX,9,222,283,8,0,23
-5,7,13,7,20,2475,UA,LAX,9,222,283,8,0,23
-6,7,13,7,11,2475,AA,LAX,9,222,283,8,0,23
60,7,13,7,18,2475,AA,LAX,9,222,283,8,0,23
41,7,13,7,19,2475,AA,LAX,9,222,283,8,0,23
-7,7,13,7,8,2475,UA,LAX,9,222,283,8,0,23
-3,7,13,7,12,2475,B6,LAX,9,222,283,8,0,23
10,7,13,7,21,2475,DL,LAX,9,222,283,8,0,23
-6,7,13,7,10,2475,AA,LAX,9,222,283,8,0,23
-4,7,13,7,8,2475,AA,LAX,9,222,283,8,0,23
38,7,13,7,8,2475,DL,LAX,9,222,283,8,0,23
-1,7,13,7,17,2475,AA,LAX,9,222,283,8,0,23
-5,7,13,7,12,2475,AA,LAX,9,222,283,8,0,23
-1,7,13,7,14,2475,UA,LAX,9,222,283,8,0,23
-3,7,13,7,11,2475,UA,LAX,9,222,283,8,0,23
-6,7,13,7,9,2475,B6,LAX,9,222,283,8,0,23
-1,7,13,7,16,2475,AA,LAX,9,222,283,8,0,23
-2,7,13,7,11,2475,VX,LAX,9,222,283,8,0,23
1,7,13,7,16,2475,VX,LAX,9,222,283,8,0,23
57,7,13,7,20,2475,VX,LAX,9,222,283,8,0,23
7,7,13,7,13,2475,VX,LAX,9,222,283,8,0,23
-4,7,13,7,7,2475,VX,LAX,9,222,283,8,0,23
-1,7,13,7,9,2475,VX,LAX,9,222,283,8,0,23
-4,7,20,7,11,2475,VX,LAX,16,189,267,0,0,18
-5,7,20,7,7,2475,VX,LAX,16,189,267,0,0,18
-6,7,20,7,20,2475,VX,LAX,16,189,267,0,0,18
-4,7,20,7,9,2475,VX,LAX,16,189,267,0,0,18
6,7,20,7,16,2475,VX,LAX,16,189,267,0,0,18
-5,7,20,7,13,2475,VX,LAX,16,189,267,0,0,18
-2,7,20,7,17,2475,UA,LAX,16,189,267,0,0,18
0,7,20,7,8,2475,UA,LAX,16,189,267,0,0,18
-3,7,20,7,14,2475,UA,LAX,16,189,267,0,0,18
-9,7,20,7,11,2475,UA,LAX,16,189,267,0,0,18
2,7,20,7,20,2475,UA,LAX,16,189,267,0,0,18
11,7,20,7,21,2475,DL,LAX,16,189,267,0,0,18
0,7,20,7,15,2475,DL,LAX,16,189,267,0,0,18
4,7,20,7,7,2475,DL,LAX,16,189,267,0,0,18
-2,7,20,7,12,2475,DL,LAX,16,189,267,0,0,18
-2,7,20,7,9,2475,DL,LAX,16,189,267,0,0,18
52,7,20,7,18,2475,DL,LAX,16,189,267,0,0,18
-4,7,20,7,19,2475,AA,LAX,16,189,267,0,0,18
-6,7,20,7,20,2475,AA,LAX,16,189,267,0,0,18
-6,7,20,7,15,2475,AA,LAX,16,189,267,0,0,18
-9,7,20,7,11,2475,AA,LAX,16,189,267,0,0,18
-9,7,20,7,9,2475,AA,LAX,16,189,267,0,0,18
-3,7,20,7,16,2475,AA,LAX,16,189,267,0,0,18
-4,7,20,7,12,2475,B6,LAX,16,189,267,0,0,18
14,7,20,7,6,2475,B6,LAX,16,189,267,0,0,18
-7,7,20,7,7,2475,AA,LAX,16,189,267,0,0,18
-6,7,20,7,8,2475,AA,LAX,16,189,267,0,0,18
-10,7,20,7,12,2475,AA,LAX,16,189,267,0,0,18
-5,7,20,7,17,2475,AA,LAX,16,189,267,0,0,18
-3,7,20,7,16,2475,B6,LAX,16,189,267,0,0,18
45,7,20,7,18,2475,AA,LAX,16,189,267,0,0,18
-12,7,20,7,10,2475,AA,LAX,16,189,267,0,0,18
10,7,20,7,20,2475,B6,LAX,16,189,267,0,0,18
-4,7,20,7,6,2475,AA,LAX,16,189,267,0,0,18
-3,7,20,7,9,2475,B6,LAX,16,189,267,0,0,18
-2,7,20,7,16,2475,DL,LAX,16,189,267,0,0,18
5,7,20,7,8,2475,DL,LAX,16,189,267,0,0,18
-8,7,27,7,7,2475,AA,LAX,23,217,294,5,0,15
57,7,27,7,16,2475,B6,LAX,23,217,294,5,0,15
-4,7,27,7,9,2475,B6,LAX,23,217,294,5,0,15
110,7,27,7,18,2475,AA,LAX,23,217,294,5,0,15
-8,7,27,7,10,2475,AA,LAX,23,217,294,5,0,15
-8,7,27,7,12,2475,AA,LAX,23,217,294,5,0,15
50,7,27,7,17,2475,AA,LAX,23,217,294,5,0,15
-5,7,27,7,19,2475,AA,LAX,23,217,294,5,0,15
21,7,27,7,11,2475,AA,LAX,23,217,294,5,0,15
-5,7,27,7,6,2475,B6,LAX,23,217,294,5,0,15
83,7,27,7,20,2475,B6,LAX,23,217,294,5,0,15
53,7,27,7,12,2475,B6,LAX,23,217,294,5,0,15
-4,7,27,7,9,2475,AA,LAX,23,217,294,5,0,15
49,7,27,7,16,2475,AA,LAX,23,217,294,5,0,15
33,7,27,7,15,2475,AA,LAX,23,217,294,5,0,15
-5,7,27,7,8,2475,AA,LAX,23,217,294,5,0,15
-2,7,27,7,6,2475,AA,LAX,23,217,294,5,0,15
4,7,27,7,20,2475,AA,LAX,23,217,294,5,0,15
-1,7,27,7,14,2475,UA,LAX,23,217,294,5,0,15
24,7,27,7,17,2475,UA,LAX,23,217,294,5,0,15
-5,7,27,7,8,2475,UA,LAX,23,217,294,5,0,15
-2,7,27,7,11,2475,UA,LAX,23,217,294,5,0,15
15,7,27,7,20,2475,UA,LAX,23,217,294,5,0,15
8,7,27,7,16,2475,DL,LAX,23,217,294,5,0,15
14,7,27,7,8,2475,DL,LAX,23,217,294,5,0,15
134,7,27,7,21,2475,DL,LAX,23,217,294,5,0,15
30,7,27,7,15,2475,DL,LAX,23,217,294,5,0,15
63,7,27,7,7,2475,DL,LAX,23,217,294,5,0,15
-1,7,27,7,12,2475,DL,LAX,23,217,294,5,0,15
-3,7,27,7,9,2475,DL,LAX,23,217,294,5,0,15
46,7,27,7,18,2475,DL,LAX,23,217,294,5,0,15
31,7,27,7,20,2475,VX,LAX,23,217,294,5,0,15
47,7,27,7,16,2475,VX,LAX,23,217,294,5,0,15
3,7,27,7,13,2475,VX,LAX,23,217,294,5,0,15
-1,7,27,7,11,2475,VX,LAX,23,217,294,5,0,15
6,7,27,7,9,2475,VX,LAX,23,217,294,5,0,15
25,7,27,7,7,2475,VX,LAX,23,217,294,5,0,15
-4,8,4,1,18,2475,DL,LAX,28,211,289,0,0,15
2,8,4,1,14,2475,UA,LAX,28,211,289,0,0,15
1,8,4,1,15,2475,DL,LAX,28,211,289,0,0,15
-4,8,4,1,21,2475,DL,LAX,28,211,289,0,0,15
-5,8,4,1,12,2475,DL,LAX,28,211,289,0,0,15
-8,8,4,1,20,2475,VX,LAX,28,211,289,0,0,15
3,8,4,1,8,2475,DL,LAX,28,211,289,0,0,15
-5,8,4,1,7,2475,VX,LAX,28,211,289,0,0,15
-4,8,4,1,16,2475,DL,LAX,28,211,289,0,0,15
-2,8,4,1,6,2475,UA,LAX,28,211,289,0,0,15
5,8,4,1,8,2475,UA,LAX,28,211,289,0,0,15
0,8,4,1,20,2475,UA,LAX,28,211,289,0,0,15
-2,8,4,1,17,2475,UA,LAX,28,211,289,0,0,15
0,8,4,1,11,2475,UA,LAX,28,211,289,0,0,15
-8,8,4,1,11,2475,VX,LAX,28,211,289,0,0,15
-3,8,4,1,13,2475,VX,LAX,28,211,289,0,0,15
-1,8,4,1,16,2475,VX,LAX,28,211,289,0,0,15
-3,8,4,1,9,2475,DL,LAX,28,211,289,0,0,15
-9,8,4,1,9,2475,VX,LAX,28,211,289,0,0,15
9,8,4,1,7,2475,DL,LAX,28,211,289,0,0,15
-1,8,4,1,6,2475,AA,LAX,28,211,289,0,0,15
-8,8,4,1,8,2475,AA,LAX,28,211,289,0,0,15
-9,8,4,1,12,2475,AA,LAX,28,211,289,0,0,15
-4,8,4,1,18,2475,AA,LAX,28,211,289,0,0,15
-6,8,4,1,9,2475,AA,LAX,28,211,289,0,0,15
53,8,4,1,16,2475,AA,LAX,28,211,289,0,0,15
-5,8,4,1,20,2475,B6,LAX,28,211,289,0,0,15
1,8,4,1,6,2475,B6,LAX,28,211,289,0,0,15
-1,8,4,1,15,2475,AA,LAX,28,211,289,0,0,15
49,8,4,1,10,2475,AA,LAX,28,211,289,0,0,15
-4,8,4,1,12,2475,B6,LAX,28,211,289,0,0,15
-2,8,4,1,20,2475,AA,LAX,28,211,289,0,0,15
83,8,4,1,9,2475,B6,LAX,28,211,289,0,0,15
-4,8,4,1,19,2475,AA,LAX,28,211,289,0,0,15
-10,8,4,1,17,2475,AA,LAX,28,211,289,0,0,15
-6,8,4,1,11,2475,AA,LAX,28,211,289,0,0,15
-2,8,4,1,16,2475,B6,LAX,28,211,289,0,0,15
-4,8,4,1,7,2475,AA,LAX,28,211,289,0,0,15
-4,8,11,1,8,2475,AA,LAX,21,217,306,0,0,14
10,8,11,1,20,2475,B6,LAX,21,217,306,0,0,14
65,8,11,1,16,2475,B6,LAX,21,217,306,0,0,14
40,8,11,1,12,2475,B6,LAX,21,217,306,0,0,14
-7,8,11,1,9,2475,B6,LAX,21,217,306,0,0,14
-7,8,11,1,6,2475,B6,LAX,21,217,306,0,0,14
-5,8,11,1,19,2475,AA,LAX,21,217,306,0,0,14
-3,8,11,1,10,2475,AA,LAX,21,217,306,0,0,14
9,8,11,1,18,2475,AA,LAX,21,217,306,0,0,14
-1,8,11,1,11,2475,AA,LAX,21,217,306,0,0,14
-3,8,11,1,7,2475,AA,LAX,21,217,306,0,0,14
-5,8,11,1,12,2475,AA,LAX,21,217,306,0,0,14
1,8,11,1,9,2475,AA,LAX,21,217,306,0,0,14
8,8,11,1,16,2475,AA,LAX,21,217,306,0,0,14
-5,8,11,1,15,2475,AA,LAX,21,217,306,0,0,14
39,8,11,1,20,2475,AA,LAX,21,217,306,0,0,14
-2,8,11,1,17,2475,AA,LAX,21,217,306,0,0,14
-6,8,11,1,6,2475,AA,LAX,21,217,306,0,0,14
-5,8,11,1,14,2475,UA,LAX,21,217,306,0,0,14
-3,8,11,1,9,2475,DL,LAX,21,217,306,0,0,14
-2,8,11,1,18,2475,DL,LAX,21,217,306,0,0,14
-5,8,11,1,16,2475,DL,LAX,21,217,306,0,0,14
0,8,11,1,8,2475,DL,LAX,21,217,306,0,0,14
5,8,11,1,21,2475,DL,LAX,21,217,306,0,0,14
7,8,11,1,15,2475,DL,LAX,21,217,306,0,0,14
-1,8,11,1,7,2475,DL,LAX,21,217,306,0,0,14
-3,8,11,1,12,2475,DL,LAX,21,217,306,0,0,14
5,8,11,1,20,2475,VX,LAX,21,217,306,0,0,14
14,8,11,1,16,2475,VX,LAX,21,217,306,0,0,14
2,8,11,1,13,2475,VX,LAX,21,217,306,0,0,14
-6,8,11,1,11,2475,VX,LAX,21,217,306,0,0,14
0,8,11,1,9,2475,VX,LAX,21,217,306,0,0,14
-7,8,11,1,7,2475,VX,LAX,21,217,306,0,0,14
-6,8,11,1,6,2475,UA,LAX,21,217,306,0,0,14
-3,8,11,1,8,2475,UA,LAX,21,217,306,0,0,14
64,8,11,1,20,2475,UA,LAX,21,217,306,0,0,14
-3,8,11,1,17,2475,UA,LAX,21,217,306,0,0,14
-4,8,11,1,11,2475,UA,LAX,21,217,306,0,0,14
0,8,18,1,6,2475,UA,LAX,14,172,272,0,0,20
11,8,18,1,20,2475,UA,LAX,14,172,272,0,0,20
0,8,18,1,17,2475,UA,LAX,14,172,272,0,0,20
-7,8,18,1,8,2475,UA,LAX,14,172,272,0,0,20
-2,8,18,1,16,2475,VX,LAX,14,172,272,0,0,20
-5,8,18,1,20,2475,VX,LAX,14,172,272,0,0,20
-6,8,18,1,14,2475,UA,LAX,14,172,272,0,0,20
-7,8,18,1,18,2475,DL,LAX,14,172,272,0,0,20
-1,8,18,1,9,2475,DL,LAX,14,172,272,0,0,20
-1,8,18,1,7,2475,VX,LAX,14,172,272,0,0,20
8,8,18,1,12,2475,DL,LAX,14,172,272,0,0,20
-4,8,18,1,7,2475,DL,LAX,14,172,272,0,0,20
114,8,18,1,15,2475,DL,LAX,14,172,272,0,0,20
12,8,18,1,21,2475,DL,LAX,14,172,272,0,0,20
-3,8,18,1,16,2475,DL,LAX,14,172,272,0,0,20
0,8,18,1,8,2475,DL,LAX,14,172,272,0,0,20
-8,8,18,1,9,2475,VX,LAX,14,172,272,0,0,20
5,8,18,1,11,2475,VX,LAX,14,172,272,0,0,20
141,8,18,1,11,2475,UA,LAX,14,172,272,0,0,20
-4,8,18,1,13,2475,VX,LAX,14,172,272,0,0,20
26,8,18,1,20,2475,AA,LAX,14,172,272,0,0,20
-6,8,18,1,11,2475,AA,LAX,14,172,272,0,0,20
37,8,18,1,20,2475,B6,LAX,14,172,272,0,0,20
-6,8,18,1,9,2475,B6,LAX,14,172,272,0,0,20
-3,8,18,1,7,2475,AA,LAX,14,172,272,0,0,20
-1,8,18,1,8,2475,AA,LAX,14,172,272,0,0,20
-9,8,18,1,12,2475,AA,LAX,14,172,272,0,0,20
-4,8,18,1,6,2475,B6,LAX,14,172,272,0,0,20
-1,8,18,1,10,2475,AA,LAX,14,172,272,0,0,20
-5,8,18,1,6,2475,AA,LAX,14,172,272,0,0,20
15,8,18,1,16,2475,B6,LAX,14,172,272,0,0,20
0,8,18,1,12,2475,B6,LAX,14,172,272,0,0,20
-4,8,18,1,18,2475,AA,LAX,14,172,272,0,0,20
-1,8,18,1,9,2475,AA,LAX,14,172,272,0,0,20
-5,8,18,1,16,2475,AA,LAX,14,172,272,0,0,20
97,8,18,1,15,2475,AA,LAX,14,172,272,0,0,20
-5,8,18,1,19,2475,AA,LAX,14,172,272,0,0,20
-7,8,18,1,17,2475,AA,LAX,14,172,272,0,0,20
-7,8,25,1,11,2475,AA,LAX,7,178,311,0,0,12
-8,8,25,1,6,2475,AA,LAX,7,178,311,0,0,12
-1,8,25,1,20,2475,B6,LAX,7,178,311,0,0,12
-6,8,25,1,17,2475,AA,LAX,7,178,311,0,0,12
-5,8,25,1,19,2475,AA,LAX,7,178,311,0,0,12
-4,8,25,1,20,2475,AA,LAX,7,178,311,0,0,12
-8,8,25,1,14,2475,AA,LAX,7,178,311,0,0,12
0,8,25,1,9,2475,B6,LAX,7,178,311,0,0,12
-8,8,25,1,16,2475,AA,LAX,7,178,311,0,0,12
-4,8,25,1,16,2475,B6,LAX,7,178,311,0,0,12
-3,8,25,1,10,2475,AA,LAX,7,178,311,0,0,12
-8,8,25,1,9,2475,AA,LAX,7,178,311,0,0,12
-4,8,25,1,6,2475,B6,LAX,7,178,311,0,0,12
-7,8,25,1,12,2475,AA,LAX,7,178,311,0,0,12
-3,8,25,1,7,2475,AA,LAX,7,178,311,0,0,12
-5,8,25,1,8,2475,AA,LAX,7,178,311,0,0,12
-4,8,25,1,18,2475,AA,LAX,7,178,311,0,0,12
9,8,25,1,12,2475,B6,LAX,7,178,311,0,0,12
-3,8,25,1,21,2475,DL,LAX,7,178,311,0,0,12
19,8,25,1,15,2475,DL,LAX,7,178,311,0,0,12
29,8,25,1,16,2475,DL,LAX,7,178,311,0,0,12
-9,8,25,1,8,2475,DL,LAX,7,178,311,0,0,12
-2,8,25,1,7,2475,VX,LAX,7,178,311,0,0,12
-5,8,25,1,20,2475,VX,LAX,7,178,311,0,0,12
0,8,25,1,16,2475,VX,LAX,7,178,311,0,0,12
-8,8,25,1,13,2475,VX,LAX,7,178,311,0,0,12
-9,8,25,1,11,2475,VX,LAX,7,178,311,0,0,12
-8,8,25,1,9,2475,VX,LAX,7,178,311,0,0,12
-8,8,25,1,18,2475,DL,LAX,7,178,311,0,0,12
-1,8,25,1,9,2475,DL,LAX,7,178,311,0,0,12
375,8,25,1,12,2475,DL,LAX,7,178,311,0,0,12
-3,8,25,1,7,2475,DL,LAX,7,178,311,0,0,12
-3,8,25,1,17,2475,UA,LAX,7,178,311,0,0,12
-3,8,25,1,11,2475,UA,LAX,7,178,311,0,0,12
-4,8,25,1,14,2475,UA,LAX,7,178,311,0,0,12
22,8,25,1,20,2475,UA,LAX,7,178,311,0,0,12
-1,8,25,1,8,2475,UA,LAX,7,178,311,0,0,12
-5,8,25,1,6,2475,UA,LAX,7,178,311,0,0,12
-2,9,2,2,17,2475,UA,LAX,1,250,333,0,0,24
33,9,2,2,14,2475,UA,LAX,1,250,333,0,0,24
3,9,2,2,6,2475,UA,LAX,1,250,333,0,0,24
-7,9,2,2,11,2475,UA,LAX,1,250,333,0,0,24
-6,9,2,2,8,2475,UA,LAX,1,250,333,0,0,24
4,9,2,2,20,2475,UA,LAX,1,250,333,0,0,24
-6,9,2,2,6,2475,B6,LAX,1,250,333,0,0,24
-7,9,2,2,11,2475,AA,LAX,1,250,333,0,0,24
-6,9,2,2,8,2475,DL,LAX,1,250,333,0,0,24
74,9,2,2,18,2475,AA,LAX,1,250,333,0,0,24
-8,9,2,2,8,2475,AA,LAX,1,250,333,0,0,24
0,9,2,2,12,2475,DL,LAX,1,250,333,0,0,24
-7,9,2,2,20,2475,AA,LAX,1,250,333,0,0,24
-3,9,2,2,7,2475,AA,LAX,1,250,333,0,0,24
-3,9,2,2,14,2475,AA,LAX,1,250,333,0,0,24
-5,9,2,2,16,2475,AA,LAX,1,250,333,0,0,24
-4,9,2,2,12,2475,AA,LAX,1,250,333,0,0,24
-2,9,2,2,7,2475,DL,LAX,1,250,333,0,0,24
-6,9,2,2,16,2475,B6,LAX,1,250,333,0,0,24
-2,9,2,2,9,2475,DL,LAX,1,250,333,0,0,24
-5,9,2,2,10,2475,AA,LAX,1,250,333,0,0,24
2,9,2,2,9,2475,AA,LAX,1,250,333,0,0,24
35,9,2,2,20,2475,B6,LAX,1,250,333,0,0,24
-5,9,2,2,16,2475,DL,LAX,1,250,333,0,0,24
100,9,2,2,6,2475,AA,LAX,1,250,333,0,0,24
-8,9,2,2,17,2475,AA,LAX,1,250,333,0,0,24
2,9,2,2,7,2475,VX,LAX,1,250,333,0,0,24
-6,9,2,2,9,2475,VX,LAX,1,250,333,0,0,24
8,9,2,2,11,2475,VX,LAX,1,250,333,0,0,24
-5,9,2,2,9,2475,B6,LAX,1,250,333,0,0,24
-8,9,2,2,18,2475,DL,LAX,1,250,333,0,0,24
-7,9,2,2,13,2475,VX,LAX,1,250,333,0,0,24
-2,9,2,2,16,2475,VX,LAX,1,250,333,0,0,24
-3,9,2,2,21,2475,DL,LAX,1,250,333,0,0,24
25,9,2,2,20,2475,VX,LAX,1,250,333,0,0,24
-8,9,2,2,19,2475,AA,LAX,1,250,333,0,0,24
-3,9,2,2,15,2475,DL,LAX,1,250,333,0,0,24
-5,9,2,2,12,2475,B6,LAX,1,250,333,0,0,24
2,9,9,2,11,2475,AA,LAX,8,172,228,0,0,35
-6,9,9,2,20,2475,B6,LAX,8,172,228,0,0,35
-9,9,9,2,11,2475,B6,LAX,8,172,228,0,0,35
-6,9,9,2,9,2475,B6,LAX,8,172,228,0,0,35
-2,9,9,2,7,2475,VX,LAX,8,172,228,0,0,35
-1,9,9,2,9,2475,VX,LAX,8,172,228,0,0,35
-4,9,9,2,13,2475,VX,LAX,8,172,228,0,0,35
-1,9,9,2,16,2475,B6,LAX,8,172,228,0,0,35
-4,9,9,2,16,2475,VX,LAX,8,172,228,0,0,35
0,9,9,2,20,2475,VX,LAX,8,172,228,0,0,35
-4,9,9,2,17,2475,AA,LAX,8,172,228,0,0,35
-5,9,9,2,19,2475,AA,LAX,8,172,228,0,0,35
-2,9,9,2,6,2475,AA,LAX,8,172,228,0,0,35
-2,9,9,2,9,2475,AA,LAX,8,172,228,0,0,35
-5,9,9,2,10,2475,AA,LAX,8,172,228,0,0,35
-3,9,9,2,16,2475,AA,LAX,8,172,228,0,0,35
-7,9,9,2,12,2475,AA,LAX,8,172,228,0,0,35
-4,9,9,2,14,2475,AA,LAX,8,172,228,0,0,35
-1,9,9,2,20,2475,AA,LAX,8,172,228,0,0,35
-11,9,9,2,7,2475,AA,LAX,8,172,228,0,0,35
-9,9,9,2,8,2475,AA,LAX,8,172,228,0,0,35
-4,9,9,2,18,2475,AA,LAX,8,172,228,0,0,35
4,9,9,2,17,2475,UA,LAX,8,172,228,0,0,35
-6,9,9,2,8,2475,UA,LAX,8,172,228,0,0,35
-4,9,9,2,14,2475,UA,LAX,8,172,228,0,0,35
-7,9,9,2,20,2475,UA,LAX,8,172,228,0,0,35
-8,9,9,2,6,2475,UA,LAX,8,172,228,0,0,35
-6,9,9,2,11,2475,UA,LAX,8,172,228,0,0,35
44,9,9,2,21,2475,DL,LAX,8,172,228,0,0,35
-4,9,9,2,15,2475,DL,LAX,8,172,228,0,0,35
-1,9,9,2,8,2475,DL,LAX,8,172,228,0,0,35
-4,9,9,2,6,2475,B6,LAX,8,172,228,0,0,35
-2,9,9,2,12,2475,DL,LAX,8,172,228,0,0,35
-4,9,9,2,18,2475,DL,LAX,8,172,228,0,0,35
63,9,9,2,9,2475,DL,LAX,8,172,228,0,0,35
-5,9,9,2,7,2475,DL,LAX,8,172,228,0,0,35
-3,9,9,2,16,2475,DL,LAX,8,172,228,0,0,35
-2,9,16,2,7,2475,VX,LAX,15,144,211,94,0,10
-4,9,16,2,7,2475,AA,LAX,15,144,211,94,0,10
-1,9,16,2,20,2475,VX,LAX,15,144,211,94,0,10
-3,9,16,2,11,2475,AA,LAX,15,144,211,94,0,10
0,9,16,2,11,2475,B6,LAX,15,144,211,94,0,10
-5,9,16,2,20,2475,B6,LAX,15,144,211,94,0,10
-5,9,16,2,12,2475,AA,LAX,15,144,211,94,0,10
-2,9,16,2,14,2475,AA,LAX,15,144,211,94,0,10
-9,9,16,2,8,2475,B6,LAX,15,144,211,94,0,10
-7,9,16,2,8,2475,AA,LAX,15,144,211,94,0,10
35,9,16,2,17,2475,AA,LAX,15,144,211,94,0,10
-6,9,16,2,13,2475,VX,LAX,15,144,211,94,0,10
-9,9,16,2,9,2475,B6,LAX,15,144,211,94,0,10
-7,9,16,2,9,2475,VX,LAX,15,144,211,94,0,10
-3,9,16,2,16,2475,AA,LAX,15,144,211,94,0,10
0,9,16,2,16,2475,VX,LAX,15,144,211,94,0,10
8,9,16,2,16,2475,B6,LAX,15,144,211,94,0,10
21,9,16,2,20,2475,AA,LAX,15,144,211,94,0,10
-9,9,16,2,19,2475,AA,LAX,15,144,211,94,0,10
-6,9,16,2,6,2475,AA,LAX,15,144,211,94,0,10
-9,9,16,2,9,2475,AA,LAX,15,144,211,94,0,10
-4,9,16,2,18,2475,AA,LAX,15,144,211,94,0,10
-6,9,16,2,10,2475,AA,LAX,15,144,211,94,0,10
5,9,16,2,15,2475,DL,LAX,15,144,211,94,0,10
-9,9,16,2,6,2475,B6,LAX,15,144,211,94,0,10
-4,9,16,2,12,2475,DL,LAX,15,144,211,94,0,10
-3,9,16,2,7,2475,DL,LAX,15,144,211,94,0,10
0,9,16,2,16,2475,DL,LAX,15,144,211,94,0,10
26,9,16,2,21,2475,DL,LAX,15,144,211,94,0,10
-10,9,16,2,8,2475,DL,LAX,15,144,211,94,0,10
-4,9,16,2,9,2475,DL,LAX,15,144,211,94,0,10
8,9,16,2,18,2475,DL,LAX,15,144,211,94,0,10
-8,9,16,2,8,2475,UA,LAX,15,144,211,94,0,10
-4,9,16,2,6,2475,UA,LAX,15,144,211,94,0,10
-4,9,16,2,17,2475,UA,LAX,15,144,211,94,0,10
-4,9,16,2,20,2475,UA,LAX,15,144,211,94,0,10
7,9,16,2,11,2475,UA,LAX,15,144,211,94,0,10
-1,9,16,2,14,2475,UA,LAX,15,144,211,94,0,10
-2,9,23,2,20,2475,VX,LAX,20,111,217,0,0,8
-6,9,23,2,10,2475,AA,LAX,20,111,217,0,0,8
0,9,23,2,16,2475,AA,LAX,20,111,217,0,0,8
-4,9,23,2,7,2475,VX,LAX,20,111,217,0,0,8
-4,9,23,2,16,2475,VX,LAX,20,111,217,0,0,8
-9,9,23,2,6,2475,AA,LAX,20,111,217,0,0,8
-6,9,23,2,8,2475,B6,LAX,20,111,217,0,0,8
-4,9,23,2,16,2475,B6,LAX,20,111,217,0,0,8
-1,9,23,2,18,2475,AA,LAX,20,111,217,0,0,8
-5,9,23,2,19,2475,AA,LAX,20,111,217,0,0,8
0,9,23,2,9,2475,VX,LAX,20,111,217,0,0,8
-6,9,23,2,13,2475,VX,LAX,20,111,217,0,0,8
-9,9,23,2,7,2475,AA,LAX,20,111,217,0,0,8
-10,9,23,2,9,2475,AA,LAX,20,111,217,0,0,8
-3,9,23,2,17,2475,AA,LAX,20,111,217,0,0,8
9,9,23,2,20,2475,AA,LAX,20,111,217,0,0,8
-6,9,23,2,8,2475,AA,LAX,20,111,217,0,0,8
-1,9,23,2,14,2475,AA,LAX,20,111,217,0,0,8
-4,9,23,2,12,2475,AA,LAX,20,111,217,0,0,8
0,9,23,2,20,2475,B6,LAX,20,111,217,0,0,8
-5,9,23,2,9,2475,B6,LAX,20,111,217,0,0,8
-8,9,23,2,11,2475,B6,LAX,20,111,217,0,0,8
-8,9,23,2,11,2475,AA,LAX,20,111,217,0,0,8
-4,9,23,2,17,2475,UA,LAX,20,111,217,0,0,8
-4,9,23,2,20,2475,UA,LAX,20,111,217,0,0,8
-5,9,23,2,14,2475,UA,LAX,20,111,217,0,0,8
0,9,23,2,11,2475,UA,LAX,20,111,217,0,0,8
-6,9,23,2,6,2475,UA,LAX,20,111,217,0,0,8
-6,9,23,2,8,2475,UA,LAX,20,111,217,0,0,8
-4,9,23,2,16,2475,DL,LAX,20,111,217,0,0,8
5,9,23,2,21,2475,DL,LAX,20,111,217,0,0,8
-1,9,23,2,8,2475,DL,LAX,20,111,217,0,0,8
16,9,23,2,15,2475,DL,LAX,20,111,217,0,0,8
-7,9,23,2,6,2475,B6,LAX,20,111,217,0,0,8
0,9,23,2,18,2475,DL,LAX,20,111,217,0,0,8
-2,9,23,2,9,2475,DL,LAX,20,111,217,0,0,8
-2,9,23,2,12,2475,DL,LAX,20,111,217,0,0,8
-5,9,23,2,7,2475,DL,LAX,20,111,217,0,0,8
-7,9,30,2,20,2475,AA,LAX,13,167,217,0,0,21
-7,9,30,2,6,2475,AA,LAX,13,167,217,0,0,21
-5,9,30,2,20,2475,B6,LAX,13,167,217,0,0,21
-2,9,30,2,9,2475,B6,LAX,13,167,217,0,0,21
-8,9,30,2,13,2475,VX,LAX,13,167,217,0,0,21
24,9,30,2,16,2475,VX,LAX,13,167,217,0,0,21
-2,9,30,2,16,2475,AA,LAX,13,167,217,0,0,21
12,9,30,2,14,2475,AA,LAX,13,167,217,0,0,21
-2,9,30,2,16,2475,B6,LAX,13,167,217,0,0,21
-3,9,30,2,7,2475,AA,LAX,13,167,217,0,0,21
0,9,30,2,7,2475,VX,LAX,13,167,217,0,0,21
-7,9,30,2,9,2475,AA,LAX,13,167,217,0,0,21
110,9,30,2,11,2475,AA,LAX,13,167,217,0,0,21
5,9,30,2,11,2475,B6,LAX,13,167,217,0,0,21
-6,9,30,2,12,2475,AA,LAX,13,167,217,0,0,21
-7,9,30,2,10,2475,AA,LAX,13,167,217,0,0,21
-2,9,30,2,17,2475,AA,LAX,13,167,217,0,0,21
-5,9,30,2,19,2475,AA,LAX,13,167,217,0,0,21
-3,9,30,2,20,2475,VX,LAX,13,167,217,0,0,21
27,9,30,2,18,2475,AA,LAX,13,167,217,0,0,21
-4,9,30,2,8,2475,AA,LAX,13,167,217,0,0,21
13,9,30,2,8,2475,B6,LAX,13,167,217,0,0,21
-5,9,30,2,9,2475,VX,LAX,13,167,217,0,0,21
23,9,30,2,15,2475,DL,LAX,13,167,217,0,0,21
14,9,30,2,21,2475,DL,LAX,13,167,217,0,0,21
0,9,30,2,16,2475,DL,LAX,13,167,217,0,0,21
-4,9,30,2,7,2475,DL,LAX,13,167,217,0,0,21
0,9,30,2,12,2475,DL,LAX,13,167,217,0,0,21
1,9,30,2,9,2475,DL,LAX,13,167,217,0,0,21
-6,9,30,2,18,2475,DL,LAX,13,167,217,0,0,21
-4,9,30,2,6,2475,B6,LAX,13,167,217,0,0,21
-4,9,30,2,11,2475,UA,LAX,13,167,217,0,0,21
-5,9,30,2,6,2475,UA,LAX,13,167,217,0,0,21
10,9,30,2,20,2475,UA,LAX,13,167,217,0,0,21
1,9,30,2,14,2475,UA,LAX,13,167,217,0,0,21
10,9,30,2,8,2475,UA,LAX,13,167,217,0,0,21
0,9,30,2,17,2475,UA,LAX,13,167,217,0,0,21
-9,10,7,2,10,2475,AA,LAX,6,172,217,15,0,21
-7,10,7,2,6,2475,B6,LAX,6,172,217,15,0,21
-10,10,7,2,8,2475,B6,LAX,6,172,217,15,0,21
-3,10,7,2,9,2475,B6,LAX,6,172,217,15,0,21
-3,10,7,2,11,2475,B6,LAX,6,172,217,15,0,21
-4,10,7,2,16,2475,B6,LAX,6,172,217,15,0,21
2,10,7,2,21,2475,B6,LAX,6,172,217,15,0,21
-3,10,7,2,18,2475,DL,LAX,6,172,217,15,0,21
-1,10,7,2,16,2475,DL,LAX,6,172,217,15,0,21
-4,10,7,2,9,2475,DL,LAX,6,172,217,15,0,21
-1,10,7,2,12,2475,DL,LAX,6,172,217,15,0,21
0,10,7,2,7,2475,DL,LAX,6,172,217,15,0,21
10,10,7,2,21,2475,DL,LAX,6,172,217,15,0,21
11,10,7,2,15,2475,DL,LAX,6,172,217,15,0,21
-8,10,7,2,8,2475,DL,LAX,6,172,217,15,0,21
-9,10,7,2,6,2475,AA,LAX,6,172,217,15,0,21
-1,10,7,2,14,2475,UA,LAX,6,172,217,15,0,21
-7,10,7,2,12,2475,AA,LAX,6,172,217,15,0,21
-4,10,7,2,18,2475,AA,LAX,6,172,217,15,0,21
65,10,7,2,20,2475,AA,LAX,6,172,217,15,0,21
-3,10,7,2,8,2475,AA,LAX,6,172,217,15,0,21
-7,10,7,2,7,2475,AA,LAX,6,172,217,15,0,21
-9,10,7,2,11,2475,AA,LAX,6,172,217,15,0,21
13,10,7,2,17,2475,AA,LAX,6,172,217,15,0,21
35,10,7,2,14,2475,AA,LAX,6,172,217,15,0,21
-4,10,7,2,11,2475,UA,LAX,6,172,217,15,0,21
5,10,7,2,17,2475,UA,LAX,6,172,217,15,0,21
-7,10,7,2,9,2475,AA,LAX,6,172,217,15,0,21
48,10,7,2,16,2475,AA,LAX,6,172,217,15,0,21
7,10,7,2,16,2475,VX,LAX,6,172,217,15,0,21
27,10,7,2,20,2475,VX,LAX,6,172,217,15,0,21
-7,10,7,2,13,2475,VX,LAX,6,172,217,15,0,21
-1,10,7,2,9,2475,VX,LAX,6,172,217,15,0,21
-1,10,7,2,7,2475,VX,LAX,6,172,217,15,0,21
0,10,7,2,19,2475,AA,LAX,6,172,217,15,0,21
106,10,7,2,20,2475,UA,LAX,6,172,217,15,0,21
-2,10,7,2,8,2475,UA,LAX,6,172,217,15,0,21
7,10,7,2,6,2475,UA,LAX,6,172,217,15,0,21
-2,10,14,2,13,2475,VX,LAX,1,172,244,0,0,21
10,10,14,2,17,2475,AA,LAX,1,172,244,0,0,21
-7,10,14,2,7,2475,AA,LAX,1,172,244,0,0,21
-1,10,14,2,9,2475,VX,LAX,1,172,244,0,0,21
-1,10,14,2,7,2475,VX,LAX,1,172,244,0,0,21
1,10,14,2,18,2475,AA,LAX,1,172,244,0,0,21
-9,10,14,2,12,2475,AA,LAX,1,172,244,0,0,21
-4,10,14,2,20,2475,AA,LAX,1,172,244,0,0,21
-4,10,14,2,14,2475,AA,LAX,1,172,244,0,0,21
-8,10,14,2,11,2475,AA,LAX,1,172,244,0,0,21
-9,10,14,2,8,2475,AA,LAX,1,172,244,0,0,21
4,10,14,2,8,2475,UA,LAX,1,172,244,0,0,21
4,10,14,2,20,2475,UA,LAX,1,172,244,0,0,21
121,10,14,2,17,2475,UA,LAX,1,172,244,0,0,21
-6,10,14,2,11,2475,UA,LAX,1,172,244,0,0,21
-2,10,14,2,14,2475,UA,LAX,1,172,244,0,0,21
-3,10,14,2,6,2475,UA,LAX,1,172,244,0,0,21
-2,10,14,2,16,2475,AA,LAX,1,172,244,0,0,21
103,10,14,2,20,2475,VX,LAX,1,172,244,0,0,21
0,10,14,2,19,2475,AA,LAX,1,172,244,0,0,21
3,10,14,2,16,2475,VX,LAX,1,172,244,0,0,21
-5,10,14,2,9,2475,AA,LAX,1,172,244,0,0,21
2,10,14,2,8,2475,B6,LAX,1,172,244,0,0,21
-5,10,14,2,6,2475,AA,LAX,1,172,244,0,0,21
-9,10,14,2,9,2475,B6,LAX,1,172,244,0,0,21
-2,10,14,2,18,2475,DL,LAX,1,172,244,0,0,21
0,10,14,2,16,2475,DL,LAX,1,172,244,0,0,21
1,10,14,2,9,2475,DL,LAX,1,172,244,0,0,21
-7,10,14,2,12,2475,DL,LAX,1,172,244,0,0,21
-2,10,14,2,7,2475,DL,LAX,1,172,244,0,0,21
12,10,14,2,21,2475,DL,LAX,1,172,244,0,0,21
0,10,14,2,15,2475,DL,LAX,1,172,244,0,0,21
10,10,14,2,8,2475,DL,LAX,1,172,244,0,0,21
-5,10,14,2,11,2475,B6,LAX,1,172,244,0,0,21
-3,10,14,2,16,2475,B6,LAX,1,172,244,0,0,21
21,10,14,2,21,2475,B6,LAX,1,172,244,0,0,21
-3,10,14,2,6,2475,B6,LAX,1,172,244,0,0,21
1,10,14,2,10,2475,AA,LAX,1,172,244,0,0,21
28,10,21,2,17,2475,UA,LAX,8,128,194,28,0,16
-4,10,21,2,11,2475,UA,LAX,8,128,194,28,0,16
-5,10,21,2,14,2475,UA,LAX,8,128,194,28,0,16
1,10,21,2,18,2475,AA,LAX,8,128,194,28,0,16
6,10,21,2,7,2475,VX,LAX,8,128,194,28,0,16
-3,10,21,2,9,2475,VX,LAX,8,128,194,28,0,16
9,10,21,2,20,2475,AA,LAX,8,128,194,28,0,16
-4,10,21,2,13,2475,VX,LAX,8,128,194,28,0,16
2,10,21,2,17,2475,AA,LAX,8,128,194,28,0,16
18,10,21,2,16,2475,VX,LAX,8,128,194,28,0,16
-1,10,21,2,19,2475,AA,LAX,8,128,194,28,0,16
7,10,21,2,16,2475,AA,LAX,8,128,194,28,0,16
-7,10,21,2,9,2475,AA,LAX,8,128,194,28,0,16
1,10,21,2,20,2475,VX,LAX,8,128,194,28,0,16
-6,10,21,2,12,2475,AA,LAX,8,128,194,28,0,16
-1,10,21,2,14,2475,AA,LAX,8,128,194,28,0,16
1,10,21,2,7,2475,AA,LAX,8,128,194,28,0,16
-2,10,21,2,8,2475,AA,LAX,8,128,194,28,0,16
-2,10,21,2,6,2475,UA,LAX,8,128,194,28,0,16
-4,10,21,2,8,2475,UA,LAX,8,128,194,28,0,16
-2,10,21,2,20,2475,UA,LAX,8,128,194,28,0,16
-6,10,21,2,11,2475,AA,LAX,8,128,194,28,0,16
-3,10,21,2,6,2475,AA,LAX,8,128,194,28,0,16
-3,10,21,2,7,2475,DL,LAX,8,128,194,28,0,16
-6,10,21,2,10,2475,AA,LAX,8,128,194,28,0,16
0,10,21,2,9,2475,DL,LAX,8,128,194,28,0,16
48,10,21,2,16,2475,DL,LAX,8,128,194,28,0,16
7,10,21,2,16,2475,B6,LAX,8,128,194,28,0,16
-2,10,21,2,11,2475,B6,LAX,8,128,194,28,0,16
-7,10,21,2,9,2475,B6,LAX,8,128,194,28,0,16
-4,10,21,2,8,2475,B6,LAX,8,128,194,28,0,16
-1,10,21,2,6,2475,B6,LAX,8,128,194,28,0,16
-1,10,21,2,12,2475,DL,LAX,8,128,194,28,0,16
3,10,21,2,21,2475,DL,LAX,8,128,194,28,0,16
-1,10,21,2,15,2475,DL,LAX,8,128,194,28,0,16
16,10,21,2,18,2475,DL,LAX,8,128,194,28,0,16
9,10,21,2,8,2475,DL,LAX,8,128,194,28,0,16
-1,10,21,2,21,2475,B6,LAX,8,128,194,28,0,16
-6,10,28,2,8,2475,DL,LAX,14,117,222,0,0,13
-5,10,28,2,6,2475,AA,LAX,14,117,222,0,0,13
1,10,28,2,21,2475,B6,LAX,14,117,222,0,0,13
0,10,28,2,15,2475,B6,LAX,14,117,222,0,0,13
-11,10,28,2,9,2475,B6,LAX,14,117,222,0,0,13
-9,10,28,2,7,2475,B6,LAX,14,117,222,0,0,13
5,10,28,2,15,2475,DL,LAX,14,117,222,0,0,13
5,10,28,2,21,2475,DL,LAX,14,117,222,0,0,13
-3,10,28,2,7,2475,DL,LAX,14,117,222,0,0,13
-3,10,28,2,12,2475,DL,LAX,14,117,222,0,0,13
-5,10,28,2,9,2475,DL,LAX,14,117,222,0,0,13
-1,10,28,2,16,2475,DL,LAX,14,117,222,0,0,13
14,10,28,2,18,2475,DL,LAX,14,117,222,0,0,13
-13,10,28,2,6,2475,B6,LAX,14,117,222,0,0,13
-6,10,28,2,9,2475,AA,LAX,14,117,222,0,0,13
-2,10,28,2,16,2475,AA,LAX,14,117,222,0,0,13
0,10,28,2,20,2475,VX,LAX,14,117,222,0,0,13
-3,10,28,2,16,2475,VX,LAX,14,117,222,0,0,13
4,10,28,2,13,2475,VX,LAX,14,117,222,0,0,13
-1,10,28,2,7,2475,AA,LAX,14,117,222,0,0,13
36,10,28,2,7,2475,VX,LAX,14,117,222,0,0,13
0,10,28,2,9,2475,VX,LAX,14,117,222,0,0,13
-2,10,28,2,14,2475,UA,LAX,14,117,222,0,0,13
-7,10,28,2,11,2475,UA,LAX,14,117,222,0,0,13
38,10,28,2,20,2475,AA,LAX,14,117,222,0,0,13
-4,10,28,2,17,2475,AA,LAX,14,117,222,0,0,13
-2,10,28,2,17,2475,UA,LAX,14,117,222,0,0,13
-5,10,28,2,19,2475,UA,LAX,14,117,222,0,0,13
-8,10,28,2,8,2475,UA,LAX,14,117,222,0,0,13
-3,10,28,2,6,2475,UA,LAX,14,117,222,0,0,13
-10,10,28,2,11,2475,AA,LAX,14,117,222,0,0,13
-9,10,28,2,12,2475,AA,LAX,14,117,222,0,0,13
-3,10,28,2,14,2475,AA,LAX,14,117,222,0,0,13
-3,10,28,2,19,2475,AA,LAX,14,117,222,0,0,13
-9,10,28,2,9,2475,AA,LAX,14,117,222,0,0,13
-4,10,28,2,18,2475,AA,LAX,14,117,222,0,0,13
-4,10,28,2,8,2475,AA,LAX,14,117,222,0,0,13
-7,11,5,3,7,2475,VX,LAX,6,133,178,0,0,20
-1,11,5,3,20,2475,VX,LAX,6,133,178,0,0,20
-4,11,5,3,16,2475,VX,LAX,6,133,178,0,0,20
-2,11,5,3,13,2475,VX,LAX,6,133,178,0,0,20
11,11,5,3,9,2475,VX,LAX,6,133,178,0,0,20
2,11,5,3,17,2475,UA,LAX,6,133,178,0,0,20
8,11,5,3,19,2475,UA,LAX,6,133,178,0,0,20
-3,11,5,3,8,2475,UA,LAX,6,133,178,0,0,20
-5,11,5,3,6,2475,UA,LAX,6,133,178,0,0,20
3,11,5,3,14,2475,UA,LAX,6,133,178,0,0,20
-4,11,5,3,11,2475,UA,LAX,6,133,178,0,0,20
2,11,5,3,21,2475,DL,LAX,6,133,178,0,0,20
23,11,5,3,8,2475,DL,LAX,6,133,178,0,0,20
0,11,5,3,16,2475,DL,LAX,6,133,178,0,0,20
282,11,5,3,14,2475,AA,LAX,6,133,178,0,0,20
-2,11,5,3,8,2475,AA,LAX,6,133,178,0,0,20
37,11,5,3,20,2475,AA,LAX,6,133,178,0,0,20
120,11,5,3,19,2475,AA,LAX,6,133,178,0,0,20
-7,11,5,3,18,2475,AA,LAX,6,133,178,0,0,20
-2,11,5,3,6,2475,AA,LAX,6,133,178,0,0,20
-4,11,5,3,9,2475,AA,LAX,6,133,178,0,0,20
-3,11,5,3,17,2475,AA,LAX,6,133,178,0,0,20
-5,11,5,3,11,2475,AA,LAX,6,133,178,0,0,20
-8,11,5,3,6,2475,B6,LAX,6,133,178,0,0,20
-7,11,5,3,7,2475,B6,LAX,6,133,178,0,0,20
0,11,5,3,9,2475,B6,LAX,6,133,178,0,0,20
-3,11,5,3,15,2475,B6,LAX,6,133,178,0,0,20
8,11,5,3,21,2475,B6,LAX,6,133,178,0,0,20
-4,11,5,3,7,2475,AA,LAX,6,133,178,0,0,20
1,11,5,3,16,2475,AA,LAX,6,133,178,0,0,20
-8,11,5,3,12,2475,AA,LAX,6,133,178,0,0,20
-8,11,5,3,9,2475,AA,LAX,6,133,178,0,0,20
41,11,5,3,18,2475,DL,LAX,6,133,178,0,0,20
3,11,5,3,15,2475,DL,LAX,6,133,178,0,0,20
-5,11,5,3,9,2475,DL,LAX,6,133,178,0,0,20
-5,11,5,3,11,2475,DL,LAX,6,133,178,0,0,20
-9,11,5,3,7,2475,DL,LAX,6,133,178,0,0,20
-8,11,12,3,19,2475,UA,LAX,1,83,183,0,0,12
0,11,12,3,17,2475,UA,LAX,1,83,183,0,0,12
-4,11,12,3,11,2475,UA,LAX,1,83,183,0,0,12
-2,11,12,3,14,2475,UA,LAX,1,83,183,0,0,12
-11,11,12,3,6,2475,UA,LAX,1,83,183,0,0,12
-8,11,12,3,8,2475,UA,LAX,1,83,183,0,0,12
-7,11,12,3,7,2475,VX,LAX,1,83,183,0,0,12
0,11,12,3,9,2475,VX,LAX,1,83,183,0,0,12
-7,11,12,3,13,2475,VX,LAX,1,83,183,0,0,12
-3,11,12,3,16,2475,VX,LAX,1,83,183,0,0,12
-7,11,12,3,20,2475,VX,LAX,1,83,183,0,0,12
4,11,12,3,7,2475,DL,LAX,1,83,183,0,0,12
-4,11,12,3,9,2475,DL,LAX,1,83,183,0,0,12
-3,11,12,3,15,2475,DL,LAX,1,83,183,0,0,12
-2,11,12,3,18,2475,DL,LAX,1,83,183,0,0,12
1,11,12,3,16,2475,AA,LAX,1,83,183,0,0,12
35,11,12,3,14,2475,AA,LAX,1,83,183,0,0,12
-4,11,12,3,9,2475,AA,LAX,1,83,183,0,0,12
-5,11,12,3,15,2475,B6,LAX,1,83,183,0,0,12
0,11,12,3,12,2475,AA,LAX,1,83,183,0,0,12
-7,11,12,3,8,2475,AA,LAX,1,83,183,0,0,12
4,11,12,3,11,2475,DL,LAX,1,83,183,0,0,12
-3,11,12,3,7,2475,AA,LAX,1,83,183,0,0,12
0,11,12,3,21,2475,B6,LAX,1,83,183,0,0,12
1,11,12,3,9,2475,B6,LAX,1,83,183,0,0,12
-6,11,12,3,7,2475,B6,LAX,1,83,183,0,0,12
-6,11,12,3,6,2475,B6,LAX,1,83,183,0,0,12
-3,11,12,3,17,2475,AA,LAX,1,83,183,0,0,12
-7,11,12,3,11,2475,AA,LAX,1,83,183,0,0,12
-4,11,12,3,10,2475,AA,LAX,1,83,183,0,0,12
-6,11,12,3,20,2475,AA,LAX,1,83,183,0,0,12
0,11,12,3,18,2475,AA,LAX,1,83,183,0,0,12
-7,11,12,3,6,2475,AA,LAX,1,83,183,0,0,12
20,11,12,3,20,2475,AA,LAX,1,83,183,0,0,12
5,11,12,3,16,2475,DL,LAX,1,83,183,0,0,12
0,11,12,3,8,2475,DL,LAX,1,83,183,0,0,12
1,11,12,3,21,2475,DL,LAX,1,83,183,0,0,12
-7,11,19,3,6,2475,AA,LAX,8,-55,22,0,0,32
-2,11,19,3,11,2475,UA,LAX,8,-55,22,0,0,32
-3,11,19,3,6,2475,B6,LAX,8,-55,22,0,0,32
26,11,19,3,18,2475,DL,LAX,8,-55,22,0,0,32
-2,11,19,3,7,2475,B6,LAX,8,-55,22,0,0,32
-2,11,19,3,9,2475,B6,LAX,8,-55,22,0,0,32
0,11,19,3,15,2475,B6,LAX,8,-55,22,0,0,32
-5,11,19,3,8,2475,UA,LAX,8,-55,22,0,0,32
-3,11,19,3,21,2475,B6,LAX,8,-55,22,0,0,32
95,11,19,3,6,2475,UA,LAX,8,-55,22,0,0,32
7,11,19,3,15,2475,DL,LAX,8,-55,22,0,0,32
4,11,19,3,11,2475,DL,LAX,8,-55,22,0,0,32
-2,11,19,3,12,2475,AA,LAX,8,-55,22,0,0,32
-5,11,19,3,8,2475,AA,LAX,8,-55,22,0,0,32
-1,11,19,3,16,2475,AA,LAX,8,-55,22,0,0,32
12,11,19,3,17,2475,UA,LAX,8,-55,22,0,0,32
0,11,19,3,7,2475,DL,LAX,8,-55,22,0,0,32
23,11,19,3,17,2475,AA,LAX,8,-55,22,0,0,32
-2,11,19,3,20,2475,AA,LAX,8,-55,22,0,0,32
-7,11,19,3,18,2475,AA,LAX,8,-55,22,0,0,32
-5,11,19,3,16,2475,DL,LAX,8,-55,22,0,0,32
40,11,19,3,20,2475,AA,LAX,8,-55,22,0,0,32
-5,11,19,3,7,2475,AA,LAX,8,-55,22,0,0,32
1,11,19,3,21,2475,DL,LAX,8,-55,22,0,0,32
10,11,19,3,8,2475,DL,LAX,8,-55,22,0,0,32
-2,11,19,3,11,2475,AA,LAX,8,-55,22,0,0,32
-1,11,19,3,14,2475,AA,LAX,8,-55,22,0,0,32
60,11,19,3,19,2475,UA,LAX,8,-55,22,0,0,32
1,11,19,3,9,2475,AA,LAX,8,-55,22,0,0,32
-6,11,19,3,10,2475,AA,LAX,8,-55,22,0,0,32
0,11,19,3,14,2475,UA,LAX,8,-55,22,0,0,32
-7,11,19,3,9,2475,DL,LAX,8,-55,22,0,0,32
-1,11,19,3,13,2475,VX,LAX,8,-55,22,0,0,32
-3,11,19,3,7,2475,VX,LAX,8,-55,22,0,0,32
-5,11,19,3,9,2475,VX,LAX,8,-55,22,0,0,32
-7,11,19,3,20,2475,VX,LAX,8,-55,22,0,0,32
-4,11,19,3,16,2475,VX,LAX,8,-55,22,0,0,32
-7,11,26,3,9,2475,VX,LAX,1,11,106,315,5,39
5,11,26,3,7,2475,VX,LAX,1,11,106,315,5,39
144,11,26,3,20,2475,VX,LAX,1,11,106,315,5,39
44,11,26,3,16,2475,VX,LAX,1,11,106,315,5,39
-9,11,26,3,13,2475,VX,LAX,1,11,106,315,5,39
6,11,26,3,11,2475,VX,LAX,1,11,106,315,5,39
25,11,26,3,16,2475,AA,LAX,1,11,106,315,5,39
157,11,26,3,21,2475,B6,LAX,1,11,106,315,5,39
22,11,26,3,15,2475,DL,LAX,1,11,106,315,5,39
-5,11,26,3,10,2475,AA,LAX,1,11,106,315,5,39
0,11,26,3,9,2475,AA,LAX,1,11,106,315,5,39
-4,11,26,3,8,2475,AA,LAX,1,11,106,315,5,39
1,11,26,3,11,2475,AA,LAX,1,11,106,315,5,39
-2,11,26,3,18,2475,DL,LAX,1,11,106,315,5,39
-2,11,26,3,12,2475,AA,LAX,1,11,106,315,5,39
62,11,26,3,21,2475,DL,LAX,1,11,106,315,5,39
-5,11,26,3,14,2475,AA,LAX,1,11,106,315,5,39
-2,11,26,3,8,2475,DL,LAX,1,11,106,315,5,39
-8,11,26,3,6,2475,AA,LAX,1,11,106,315,5,39
19,11,26,3,16,2475,DL,LAX,1,11,106,315,5,39
18,11,26,3,17,2475,UA,LAX,1,11,106,315,5,39
96,11,26,3,19,2475,UA,LAX,1,11,106,315,5,39
0,11,26,3,18,2475,AA,LAX,1,11,106,315,5,39
-2,11,26,3,8,2475,UA,LAX,1,11,106,315,5,39
10,11,26,3,7,2475,DL,LAX,1,11,106,315,5,39
-1,11,26,3,7,2475,AA,LAX,1,11,106,315,5,39
-7,11,26,3,6,2475,UA,LAX,1,11,106,315,5,39
-4,11,26,3,17,2475,AA,LAX,1,11,106,315,5,39
-5,11,26,3,6,2475,B6,LAX,1,11,106,315,5,39
-5,11,26,3,7,2475,B6,LAX,1,11,106,315,5,39
-5,11,26,3,9,2475,B6,LAX,1,11,106,315,5,39
9,11,26,3,15,2475,B6,LAX,1,11,106,315,5,39
-1,11,26,3,20,2475,AA,LAX,1,11,106,315,5,39
-3,11,26,3,18,2475,B6,LAX,1,11,106,315,5,39
0,11,26,3,14,2475,UA,LAX,1,11,106,315,5,39
-1,11,26,3,11,2475,DL,LAX,1,11,106,315,5,39
16,11,26,3,9,2475,DL,LAX,1,11,106,315,5,39
-3,11,26,3,11,2475,UA,LAX,1,11,106,315,5,39
-5,12,3,3,8,2475,DL,LAX,6,50,78,15,0,34
22,12,3,3,15,2475,DL,LAX,6,50,78,15,0,34
-3,12,3,3,8,2475,AA,LAX,6,50,78,15,0,34
46,12,3,3,16,2475,AA,LAX,6,50,78,15,0,34
-4,12,3,3,17,2475,AA,LAX,6,50,78,15,0,34
-2,12,3,3,11,2475,UA,LAX,6,50,78,15,0,34
-3,12,3,3,14,2475,UA,LAX,6,50,78,15,0,34
26,12,3,3,21,2475,B6,LAX,6,50,78,15,0,34
0,12,3,3,18,2475,AA,LAX,6,50,78,15,0,34
-4,12,3,3,20,2475,AA,LAX,6,50,78,15,0,34
0,12,3,3,9,2475,AA,LAX,6,50,78,15,0,34
7,12,3,3,12,2475,AA,LAX,6,50,78,15,0,34
-4,12,3,3,10,2475,AA,LAX,6,50,78,15,0,34
-8,12,3,3,19,2475,AA,LAX,6,50,78,15,0,34
-3,12,3,3,14,2475,AA,LAX,6,50,78,15,0,34
-1,12,3,3,18,2475,B6,LAX,6,50,78,15,0,34
-4,12,3,3,11,2475,AA,LAX,6,50,78,15,0,34
0,12,3,3,15,2475,B6,LAX,6,50,78,15,0,34
-5,12,3,3,8,2475,B6,LAX,6,50,78,15,0,34
-6,12,3,3,6,2475,AA,LAX,6,50,78,15,0,34
-1,12,3,3,9,2475,B6,LAX,6,50,78,15,0,34
36,12,3,3,6,2475,UA,LAX,6,50,78,15,0,34
12,12,3,3,21,2475,DL,LAX,6,50,78,15,0,34
6,12,3,3,7,2475,DL,LAX,6,50,78,15,0,34
-1,12,3,3,11,2475,DL,LAX,6,50,78,15,0,34
2,12,3,3,9,2475,DL,LAX,6,50,78,15,0,34
-2,12,3,3,17,2475,DL,LAX,6,50,78,15,0,34
3,12,3,3,18,2475,DL,LAX,6,50,78,15,0,34
0,12,3,3,6,2475,B6,LAX,6,50,78,15,0,34
-3,12,3,3,8,2475,UA,LAX,6,50,78,15,0,34
-10,12,3,3,7,2475,AA,LAX,6,50,78,15,0,34
130,12,3,3,19,2475,UA,LAX,6,50,78,15,0,34
-1,12,3,3,17,2475,UA,LAX,6,50,78,15,0,34
1,12,3,3,7,2475,VX,LAX,6,50,78,15,0,34
-1,12,3,3,9,2475,VX,LAX,6,50,78,15,0,34
12,12,3,3,13,2475,VX,LAX,6,50,78,15,0,34
8,12,3,3,16,2475,VX,LAX,6,50,78,15,0,34
-1,12,3,3,20,2475,VX,LAX,6,50,78,15,0,34
0,12,10,3,14,2475,UA,LAX,13,0,44,20,25,37
-4,12,10,3,11,2475,UA,LAX,13,0,44,20,25,37
19,12,10,3,17,2475,UA,LAX,13,0,44,20,25,37
4,12,10,3,19,2475,UA,LAX,13,0,44,20,25,37
-1,12,10,3,8,2475,UA,LAX,13,0,44,20,25,37
0,12,10,3,6,2475,UA,LAX,13,0,44,20,25,37
34,12,10,3,20,2475,VX,LAX,13,0,44,20,25,37
41,12,10,3,16,2475,VX,LAX,13,0,44,20,25,37
-5,12,10,3,13,2475,VX,LAX,13,0,44,20,25,37
-1,12,10,3,9,2475,VX,LAX,13,0,44,20,25,37
-4,12,10,3,7,2475,VX,LAX,13,0,44,20,25,37
-6,12,10,3,6,2475,AA,LAX,13,0,44,20,25,37
43,12,10,3,19,2475,AA,LAX,13,0,44,20,25,37
-4,12,10,3,14,2475,AA,LAX,13,0,44,20,25,37
59,12,10,3,18,2475,AA,LAX,13,0,44,20,25,37
-6,12,10,3,9,2475,AA,LAX,13,0,44,20,25,37
84,12,10,3,17,2475,AA,LAX,13,0,44,20,25,37
-10,12,10,3,11,2475,AA,LAX,13,0,44,20,25,37
10,12,10,3,20,2475,AA,LAX,13,0,44,20,25,37
-7,12,10,3,10,2475,AA,LAX,13,0,44,20,25,37
74,12,10,3,16,2475,AA,LAX,13,0,44,20,25,37
-5,12,10,3,8,2475,AA,LAX,13,0,44,20,25,37
-1,12,10,3,18,2475,B6,LAX,13,0,44,20,25,37
19,12,10,3,15,2475,B6,LAX,13,0,44,20,25,37
-2,12,10,3,9,2475,B6,LAX,13,0,44,20,25,37
25,12,10,3,7,2475,AA,LAX,13,0,44,20,25,37
19,12,10,3,21,2475,B6,LAX,13,0,44,20,25,37
86,12,10,3,15,2475,DL,LAX,13,0,44,20,25,37
0,12,10,3,8,2475,DL,LAX,13,0,44,20,25,37
152,12,10,3,21,2475,DL,LAX,13,0,44,20,25,37
-5,12,10,3,7,2475,DL,LAX,13,0,44,20,25,37
-2,12,10,3,11,2475,DL,LAX,13,0,44,20,25,37
-3,12,10,3,9,2475,DL,LAX,13,0,44,20,25,37
15,12,10,3,17,2475,DL,LAX,13,0,44,20,25,37
44,12,10,3,18,2475,DL,LAX,13,0,44,20,25,37
-2,12,10,3,12,2475,AA,LAX,13,0,44,20,25,37
-5,12,10,3,8,2475,B6,LAX,13,0,44,20,25,37
11,12,10,3,6,2475,B6,LAX,13,0,44,20,25,37
-2,12,17,3,7,2475,AA,LAX,8,56,122,5,0,26
13,12,17,3,17,2475,DL,LAX,8,56,122,5,0,26
41,12,17,3,18,2475,DL,LAX,8,56,122,5,0,26
0,12,17,3,21,2475,B6,LAX,8,56,122,5,0,26
-3,12,17,3,19,2475,AA,LAX,8,56,122,5,0,26
-5,12,17,3,16,2475,AA,LAX,8,56,122,5,0,26
20,12,17,3,8,2475,DL,LAX,8,56,122,5,0,26
32,12,17,3,21,2475,DL,LAX,8,56,122,5,0,26
-4,12,17,3,18,2475,AA,LAX,8,56,122,5,0,26
82,12,17,3,20,2475,AA,LAX,8,56,122,5,0,26
-6,12,17,3,15,2475,B6,LAX,8,56,122,5,0,26
27,12,17,3,7,2475,DL,LAX,8,56,122,5,0,26
-4,12,17,3,17,2475,AA,LAX,8,56,122,5,0,26
-6,12,17,3,12,2475,AA,LAX,8,56,122,5,0,26
-6,12,17,3,9,2475,AA,LAX,8,56,122,5,0,26
-3,12,17,3,8,2475,AA,LAX,8,56,122,5,0,26
-3,12,17,3,18,2475,B6,LAX,8,56,122,5,0,26
-9,12,17,3,11,2475,AA,LAX,8,56,122,5,0,26
-6,12,17,3,10,2475,AA,LAX,8,56,122,5,0,26
-4,12,17,3,6,2475,AA,LAX,8,56,122,5,0,26
-2,12,17,3,8,2475,B6,LAX,8,56,122,5,0,26
-3,12,17,3,14,2475,AA,LAX,8,56,122,5,0,26
0,12,17,3,9,2475,B6,LAX,8,56,122,5,0,26
-1,12,17,3,11,2475,DL,LAX,8,56,122,5,0,26
-3,12,17,3,6,2475,B6,LAX,8,56,122,5,0,26
-1,12,17,3,9,2475,DL,LAX,8,56,122,5,0,26
10,12,17,3,15,2475,DL,LAX,8,56,122,5,0,26
0,12,17,3,9,2475,VX,LAX,8,56,122,5,0,26
-1,12,17,3,13,2475,VX,LAX,8,56,122,5,0,26
-2,12,17,3,16,2475,VX,LAX,8,56,122,5,0,26
10,12,17,3,20,2475,VX,LAX,8,56,122,5,0,26
83,12,17,3,7,2475,VX,LAX,8,56,122,5,0,26
0,12,17,3,11,2475,UA,LAX,8,56,122,5,0,26
-1,12,17,3,14,2475,UA,LAX,8,56,122,5,0,26
-5,12,17,3,6,2475,UA,LAX,8,56,122,5,0,26
-2,12,17,3,8,2475,UA,LAX,8,56,122,5,0,26
-3,12,17,3,19,2475,UA,LAX,8,56,122,5,0,26
12,12,17,3,17,2475,UA,LAX,8,56,122,5,0,26
-2,12,24,3,11,2475,UA,LAX,1,67,144,203,0,26
0,12,24,3,6,2475,UA,LAX,1,67,144,203,0,26
0,12,24,3,14,2475,UA,LAX,1,67,144,203,0,26
-4,12,24,3,8,2475,UA,LAX,1,67,144,203,0,26
52,12,24,3,16,2475,VX,LAX,1,67,144,203,0,26
2,12,24,3,7,2475,VX,LAX,1,67,144,203,0,26
-2,12,24,3,9,2475,VX,LAX,1,67,144,203,0,26
-1,12,24,3,11,2475,VX,LAX,1,67,144,203,0,26
-2,12,24,3,13,2475,VX,LAX,1,67,144,203,0,26
14,12,24,3,8,2475,DL,LAX,1,67,144,203,0,26
-10,12,24,3,6,2475,AA,LAX,1,67,144,203,0,26
-4,12,24,3,8,2475,B6,LAX,1,67,144,203,0,26
8,12,24,3,16,2475,AA,LAX,1,67,144,203,0,26
6,12,24,3,21,2475,B6,LAX,1,67,144,203,0,26
-7,12,24,3,10,2475,AA,LAX,1,67,144,203,0,26
-5,12,24,3,18,2475,DL,LAX,1,67,144,203,0,26
3,12,24,3,15,2475,DL,LAX,1,67,144,203,0,26
1,12,24,3,9,2475,DL,LAX,1,67,144,203,0,26
-2,12,24,3,8,2475,AA,LAX,1,67,144,203,0,26
9,12,24,3,16,2475,B6,LAX,1,67,144,203,0,26
-4,12,24,3,11,2475,DL,LAX,1,67,144,203,0,26
4,12,24,3,7,2475,DL,LAX,1,67,144,203,0,26
30,12,24,3,21,2475,DL,LAX,1,67,144,203,0,26
-4,12,24,3,17,2475,AA,LAX,1,67,144,203,0,26
-1,12,24,3,18,2475,B6,LAX,1,67,144,203,0,26
0,12,24,3,14,2475,AA,LAX,1,67,144,203,0,26
-1,12,24,3,6,2475,B6,LAX,1,67,144,203,0,26
3,12,24,3,11,2475,B6,LAX,1,67,144,203,0,26
-1,12,24,3,9,2475,B6,LAX,1,67,144,203,0,26
-6,12,24,3,7,2475,AA,LAX,1,67,144,203,0,26
-2,12,31,3,14,2475,AA,LAX,1,-27,0,0,0,25
-2,12,31,3,17,2475,AA,LAX,1,-27,0,0,0,25
1,12,31,3,11,2475,DL,LAX,1,-27,0,0,0,25
12,12,31,3,7,2475,DL,LAX,1,-27,0,0,0,25
0,12,31,3,8,2475,B6,LAX,1,-27,0,0,0,25
2,12,31,3,21,2475,DL,LAX,1,-27,0,0,0,25
-2,12,31,3,18,2475,B6,LAX,1,-27,0,0,0,25
-7,12,31,3,8,2475,DL,LAX,1,-27,0,0,0,25
-2,12,31,3,21,2475,B6,LAX,1,-27,0,0,0,25
54,12,31,3,16,2475,B6,LAX,1,-27,0,0,0,25
12,12,31,3,11,2475,B6,LAX,1,-27,0,0,0,25
0,12,31,3,9,2475,B6,LAX,1,-27,0,0,0,25
-8,12,31,3,10,2475,AA,LAX,1,-27,0,0,0,25
-1,12,31,3,17,2475,UA,LAX,1,-27,0,0,0,25
-10,12,31,3,8,2475,AA,LAX,1,-27,0,0,0,25
-5,12,31,3,6,2475,B6,LAX,1,-27,0,0,0,25
-1,12,31,3,7,2475,AA,LAX,1,-27,0,0,0,25
-5,12,31,3,16,2475,AA,LAX,1,-27,0,0,0,25
-6,12,31,3,6,2475,AA,LAX,1,-27,0,0,0,25
4,12,31,3,8,2475,UA,LAX,1,-27,0,0,0,25
1,12,31,3,18,2475,DL,LAX,1,-27,0,0,0,25
0,12,31,3,15,2475,DL,LAX,1,-27,0,0,0,25
5,12,31,3,9,2475,DL,LAX,1,-27,0,0,0,25
17,12,31,3,16,2475,VX,LAX,1,-27,0,0,0,25
-4,12,31,3,13,2475,VX,LAX,1,-27,0,0,0,25
11,12,31,3,11,2475,VX,LAX,1,-27,0,0,0,25
5,12,31,3,9,2475,VX,LAX,1,-27,0,0,0,25
-2,12,31,3,7,2475,VX,LAX,1,-27,0,0,0,25
-5,12,31,3,11,2475,UA,LAX,1,-27,0,0,0,25
-4,12,31,3,14,2475,UA,LAX,1,-27,0,0,0,25
