21,1,7,2,16,2475,AA,LAX,6,-155,-71,0,0,59
10,1,7,2,9,2475,AA,LAX,6,-155,-71,0,0,59
91,1,7,2,7,2475,AA,LAX,6,-155,-71,0,0,59
3,1,7,2,15,2475,AA,LAX,6,-155,-71,0,0,59
50,1,7,2,10,2475,AA,LAX,6,-155,-71,0,0,59
-1,1,7,2,13,2475,AA,LAX,6,-155,-71,0,0,59
52,1,7,2,21,2475,AA,LAX,6,-155,-71,0,0,59
43,1,7,2,19,2475,AA,LAX,6,-155,-71,0,0,59
1,1,7,2,12,2475,AA,LAX,6,-155,-71,0,0,59
19,1,7,2,13,2475,VX,LAX,6,-155,-71,0,0,59
31,1,7,2,9,2475,VX,LAX,6,-155,-71,0,0,59
4,1,7,2,7,2475,VX,LAX,6,-155,-71,0,0,59
74,1,7,2,14,2475,UA,LAX,6,-155,-71,0,0,59
-4,1,7,2,12,2475,DL,LAX,6,-155,-71,0,0,59
20,1,7,2,17,2475,UA,LAX,6,-155,-71,0,0,59
4,1,7,2,6,2475,UA,LAX,6,-155,-71,0,0,59
-3,1,7,2,20,2475,UA,LAX,6,-155,-71,0,0,59
47,1,7,2,11,2475,UA,LAX,6,-155,-71,0,0,59
18,1,7,2,18,2475,DL,LAX,6,-155,-71,0,0,59
119,1,7,2,20,2475,DL,LAX,6,-155,-71,0,0,59
95,1,7,2,7,2475,DL,LAX,6,-155,-71,0,0,59
15,1,7,2,16,2475,DL,LAX,6,-155,-71,0,0,59
3,1,7,2,8,2475,UA,LAX,6,-155,-71,0,0,59
18,1,7,2,16,2475,B6,LAX,6,-155,-71,0,0,59
83,1,7,2,20,2475,B6,LAX,6,-155,-71,0,0,59
16,1,7,2,15,2475,DL,LAX,6,-155,-71,0,0,59
103,1,7,2,9,2475,DL,LAX,6,-155,-71,0,0,59
19,1,7,2,20,2475,VX,LAX,6,-155,-71,0,0,59
25,1,7,2,16,2475,VX,LAX,6,-155,-71,0,0,59
-1,1,14,2,9,2475,DL,LAX,7,67,111,97,0,22
0,1,14,2,15,2475,DL,LAX,7,67,111,97,0,22
-1,1,14,2,9,2475,B6,LAX,7,67,111,97,0,22
-4,1,14,2,16,2475,B6,LAX,7,67,111,97,0,22
-8,1,14,2,20,2475,B6,LAX,7,67,111,97,0,22
-3,1,14,2,6,2475,B6,LAX,7,67,111,97,0,22
11,1,14,2,6,2475,UA,LAX,7,67,111,97,0,22
2,1,14,2,20,2475,UA,LAX,7,67,111,97,0,22
-8,1,14,2,11,2475,UA,LAX,7,67,111,97,0,22
-1,1,14,2,14,2475,UA,LAX,7,67,111,97,0,22
-9,1,14,2,8,2475,UA,LAX,7,67,111,97,0,22
-1,1,14,2,17,2475,UA,LAX,7,67,111,97,0,22
-1,1,14,2,16,2475,DL,LAX,7,67,111,97,0,22
12,1,14,2,7,2475,DL,LAX,7,67,111,97,0,22
0,1,14,2,20,2475,DL,LAX,7,67,111,97,0,22
-6,1,14,2,18,2475,DL,LAX,7,67,111,97,0,22
-5,1,14,2,12,2475,DL,LAX,7,67,111,97,0,22
-2,1,14,2,13,2475,AA,LAX,7,67,111,97,0,22
-5,1,14,2,7,2475,AA,LAX,7,67,111,97,0,22
6,1,14,2,21,2475,AA,LAX,7,67,111,97,0,22
-5,1,14,2,15,2475,AA,LAX,7,67,111,97,0,22
-2,1,14,2,10,2475,AA,LAX,7,67,111,97,0,22
2,1,14,2,16,2475,AA,LAX,7,67,111,97,0,22
26,1,14,2,19,2475,AA,LAX,7,67,111,97,0,22
-3,1,14,2,12,2475,AA,LAX,7,67,111,97,0,22
-7,1,14,2,9,2475,AA,LAX,7,67,111,97,0,22
-7,1,14,2,9,2475,VX,LAX,7,67,111,97,0,22
-8,1,14,2,7,2475,VX,LAX,7,67,111,97,0,22
-9,1,14,2,13,2475,VX,LAX,7,67,111,97,0,22
15,1,14,2,16,2475,VX,LAX,7,67,111,97,0,22
8,1,14,2,20,2475,VX,LAX,7,67,111,97,0,22
7,1,21,2,13,2475,VX,LAX,0,-116,-5,117,279,47
314,1,21,2,15,2475,DL,LAX,0,-116,-5,117,279,47
-2,1,21,2,9,2475,DL,LAX,0,-116,-5,117,279,47
-5,1,21,2,12,2475,DL,LAX,0,-116,-5,117,279,47
90,1,21,2,20,2475,DL,LAX,0,-116,-5,117,279,47
-2,1,21,2,6,2475,B6,LAX,0,-116,-5,117,279,47
44,1,21,2,16,2475,DL,LAX,0,-116,-5,117,279,47
-2,1,21,2,9,2475,B6,LAX,0,-116,-5,117,279,47
-2,1,21,2,7,2475,VX,LAX,0,-116,-5,117,279,47
-1,1,21,2,9,2475,VX,LAX,0,-116,-5,117,279,47
1,1,21,2,12,2475,AA,LAX,0,-116,-5,117,279,47
244,1,21,2,14,2475,UA,LAX,0,-116,-5,117,279,47
-6,1,21,2,6,2475,UA,LAX,0,-116,-5,117,279,47
-2,1,21,2,10,2475,AA,LAX,0,-116,-5,117,279,47
250,1,21,2,15,2475,AA,LAX,0,-116,-5,117,279,47
34,1,21,2,11,2475,UA,LAX,0,-116,-5,117,279,47
-6,1,21,2,8,2475,UA,LAX,0,-116,-5,117,279,47
-2,1,21,2,9,2475,AA,LAX,0,-116,-5,117,279,47
-3,1,21,2,7,2475,AA,LAX,0,-116,-5,117,279,47
-4,1,28,2,13,2475,AA,LAX,7,-110,-60,0,0,27
-12,1,28,2,20,2475,UA,LAX,7,-110,-60,0,0,27
-10,1,28,2,6,2475,UA,LAX,7,-110,-60,0,0,27
-1,1,28,2,17,2475,UA,LAX,7,-110,-60,0,0,27
-6,1,28,2,7,2475,AA,LAX,7,-110,-60,0,0,27
-17,1,28,2,8,2475,UA,LAX,7,-110,-60,0,0,27
-5,1,28,2,19,2475,AA,LAX,7,-110,-60,0,0,27
-3,1,28,2,21,2475,AA,LAX,7,-110,-60,0,0,27
-1,1,28,2,10,2475,AA,LAX,7,-110,-60,0,0,27
-4,1,28,2,12,2475,AA,LAX,7,-110,-60,0,0,27
3,1,28,2,9,2475,AA,LAX,7,-110,-60,0,0,27
111,1,28,2,15,2475,AA,LAX,7,-110,-60,0,0,27
70,1,28,2,16,2475,AA,LAX,7,-110,-60,0,0,27
-3,1,28,2,14,2475,UA,LAX,7,-110,-60,0,0,27
-8,1,28,2,11,2475,UA,LAX,7,-110,-60,0,0,27
0,1,28,2,15,2475,DL,LAX,7,-110,-60,0,0,27
-3,1,28,2,9,2475,DL,LAX,7,-110,-60,0,0,27
-5,1,28,2,12,2475,DL,LAX,7,-110,-60,0,0,27
0,1,28,2,18,2475,DL,LAX,7,-110,-60,0,0,27
0,1,28,2,20,2475,DL,LAX,7,-110,-60,0,0,27
50,1,28,2,7,2475,DL,LAX,7,-110,-60,0,0,27
0,1,28,2,16,2475,DL,LAX,7,-110,-60,0,0,27
-2,1,28,2,20,2475,B6,LAX,7,-110,-60,0,0,27
0,1,28,2,16,2475,B6,LAX,7,-110,-60,0,0,27
-2,1,28,2,6,2475,B6,LAX,7,-110,-60,0,0,27
-5,1,28,2,9,2475,B6,LAX,7,-110,-60,0,0,27
-3,1,28,2,9,2475,VX,LAX,7,-110,-60,0,0,27
0,1,28,2,13,2475,VX,LAX,7,-110,-60,0,0,27
11,1,28,2,16,2475,VX,LAX,7,-110,-60,0,0,27
1,1,28,2,20,2475,VX,LAX,7,-110,-60,0,0,27
-1,1,28,2,7,2475,VX,LAX,7,-110,-60,0,0,27
9,2,5,3,7,2475,DL,LAX,13,-16,11,363,102,32
35,2,5,3,15,2475,DL,LAX,13,-16,11,363,102,32
120,2,5,3,9,2475,B6,LAX,13,-16,11,363,102,32
-2,2,5,3,16,2475,DL,LAX,13,-16,11,363,102,32
-2,2,5,3,16,2475,B6,LAX,13,-16,11,363,102,32
9,2,5,3,21,2475,AA,LAX,13,-16,11,363,102,32
34,2,5,3,18,2475,DL,LAX,13,-16,11,363,102,32
122,2,5,3,16,2475,AA,LAX,13,-16,11,363,102,32
-1,2,5,3,19,2475,AA,LAX,13,-16,11,363,102,32
34,2,5,3,20,2475,DL,LAX,13,-16,11,363,102,32
-1,2,5,3,20,2475,B6,LAX,13,-16,11,363,102,32
0,2,5,3,20,2475,UA,LAX,13,-16,11,363,102,32
29,2,5,3,16,2475,VX,LAX,13,-16,11,363,102,32
11,2,5,3,20,2475,VX,LAX,13,-16,11,363,102,32
-4,2,5,3,17,2475,UA,LAX,13,-16,11,363,102,32
20,2,12,3,16,2475,VX,LAX,6,-105,-38,0,0,26
7,2,12,3,7,2475,VX,LAX,6,-105,-38,0,0,26
5,2,12,3,9,2475,VX,LAX,6,-105,-38,0,0,26
19,2,12,3,20,2475,VX,LAX,6,-105,-38,0,0,26
8,2,12,3,13,2475,VX,LAX,6,-105,-38,0,0,26
1,2,12,3,11,2475,UA,LAX,6,-105,-38,0,0,26
6,2,12,3,20,2475,UA,LAX,6,-105,-38,0,0,26
1,2,12,3,6,2475,UA,LAX,6,-105,-38,0,0,26
-4,2,12,3,14,2475,UA,LAX,6,-105,-38,0,0,26
95,2,12,3,8,2475,UA,LAX,6,-105,-38,0,0,26
3,2,12,3,17,2475,UA,LAX,6,-105,-38,0,0,26
-3,2,12,3,6,2475,B6,LAX,6,-105,-38,0,0,26
78,2,12,3,8,2475,AA,LAX,6,-105,-38,0,0,26
4,2,12,3,18,2475,DL,LAX,6,-105,-38,0,0,26
3,2,12,3,16,2475,DL,LAX,6,-105,-38,0,0,26
-4,2,12,3,9,2475,B6,LAX,6,-105,-38,0,0,26
-7,2,12,3,6,2475,AA,LAX,6,-105,-38,0,0,26
110,2,12,3,7,2475,DL,LAX,6,-105,-38,0,0,26
34,2,12,3,20,2475,DL,LAX,6,-105,-38,0,0,26
59,2,12,3,16,2475,B6,LAX,6,-105,-38,0,0,26
-4,2,12,3,10,2475,AA,LAX,6,-105,-38,0,0,26
-4,2,12,3,13,2475,AA,LAX,6,-105,-38,0,0,26
-1,2,12,3,20,2475,B6,LAX,6,-105,-38,0,0,26
0,2,12,3,12,2475,DL,LAX,6,-105,-38,0,0,26
15,2,12,3,9,2475,DL,LAX,6,-105,-38,0,0,26
10,2,12,3,21,2475,AA,LAX,6,-105,-38,0,0,26
35,2,12,3,15,2475,DL,LAX,6,-105,-38,0,0,26
11,2,12,3,16,2475,AA,LAX,6,-105,-38,0,0,26
-4,2,12,3,9,2475,AA,LAX,6,-105,-38,0,0,26
61,2,12,3,19,2475,AA,LAX,6,-105,-38,0,0,26
-10,2,12,3,12,2475,AA,LAX,6,-105,-38,0,0,26
-9,2,12,3,15,2475,AA,LAX,6,-105,-38,0,0,26
0,2,19,3,16,2475,AA,LAX,1,11,72,66,0,23
5,2,19,3,18,2475,DL,LAX,1,11,72,66,0,23
-5,2,19,3,8,2475,AA,LAX,1,11,72,66,0,23
-4,2,19,3,15,2475,AA,LAX,1,11,72,66,0,23
-2,2,19,3,20,2475,DL,LAX,1,11,72,66,0,23
-7,2,19,3,12,2475,DL,LAX,1,11,72,66,0,23
7,2,19,3,9,2475,DL,LAX,1,11,72,66,0,23
8,2,19,3,15,2475,DL,LAX,1,11,72,66,0,23
-5,2,19,3,9,2475,AA,LAX,1,11,72,66,0,23
0,2,19,3,20,2475,B6,LAX,1,11,72,66,0,23
-5,2,19,3,19,2475,AA,LAX,1,11,72,66,0,23
-6,2,19,3,12,2475,AA,LAX,1,11,72,66,0,23
1,2,19,3,16,2475,B6,LAX,1,11,72,66,0,23
-1,2,19,3,21,2475,AA,LAX,1,11,72,66,0,23
0,2,19,3,6,2475,B6,LAX,1,11,72,66,0,23
2,2,19,3,10,2475,AA,LAX,1,11,72,66,0,23
-2,2,19,3,13,2475,AA,LAX,1,11,72,66,0,23
54,2,19,3,12,2475,B6,LAX,1,11,72,66,0,23
-4,2,19,3,6,2475,AA,LAX,1,11,72,66,0,23
-5,2,19,3,16,2475,DL,LAX,1,11,72,66,0,23
16,2,19,3,7,2475,DL,LAX,1,11,72,66,0,23
-2,2,19,3,20,2475,VX,LAX,1,11,72,66,0,23
-1,2,19,3,13,2475,VX,LAX,1,11,72,66,0,23
-5,2,19,3,7,2475,VX,LAX,1,11,72,66,0,23
-4,2,19,3,9,2475,VX,LAX,1,11,72,66,0,23
-4,2,19,3,16,2475,VX,LAX,1,11,72,66,0,23
18,2,19,3,8,2475,UA,LAX,1,11,72,66,0,23
-1,2,19,3,14,2475,UA,LAX,1,11,72,66,0,23
20,2,19,3,11,2475,UA,LAX,1,11,72,66,0,23
-8,2,19,3,20,2475,UA,LAX,1,11,72,66,0,23
29,2,19,3,17,2475,UA,LAX,1,11,72,66,0,23
6,2,19,3,6,2475,UA,LAX,1,11,72,66,0,23
104,2,26,3,17,2475,UA,LAX,8,-66,-5,8,5,24
-4,2,26,3,8,2475,UA,LAX,8,-66,-5,8,5,24
0,2,26,3,14,2475,UA,LAX,8,-66,-5,8,5,24
-3,2,26,3,11,2475,UA,LAX,8,-66,-5,8,5,24
40,2,26,3,20,2475,UA,LAX,8,-66,-5,8,5,24
-2,2,26,3,6,2475,UA,LAX,8,-66,-5,8,5,24
6,2,26,3,16,2475,B6,LAX,8,-66,-5,8,5,24
44,2,26,3,20,2475,DL,LAX,8,-66,-5,8,5,24
-4,2,26,3,20,2475,B6,LAX,8,-66,-5,8,5,24
-7,2,26,3,6,2475,AA,LAX,8,-66,-5,8,5,24
1,2,26,3,12,2475,DL,LAX,8,-66,-5,8,5,24
26,2,26,3,15,2475,DL,LAX,8,-66,-5,8,5,24
21,2,26,3,9,2475,DL,LAX,8,-66,-5,8,5,24
74,2,26,3,13,2475,AA,LAX,8,-66,-5,8,5,24
-4,2,26,3,21,2475,AA,LAX,8,-66,-5,8,5,24
-6,2,26,3,16,2475,AA,LAX,8,-66,-5,8,5,24
0,2,26,3,15,2475,AA,LAX,8,-66,-5,8,5,24
36,2,26,3,12,2475,B6,LAX,8,-66,-5,8,5,24
-7,2,26,3,8,2475,AA,LAX,8,-66,-5,8,5,24
-4,2,26,3,9,2475,AA,LAX,8,-66,-5,8,5,24
-5,2,26,3,6,2475,B6,LAX,8,-66,-5,8,5,24
-4,2,26,3,19,2475,AA,LAX,8,-66,-5,8,5,24
-1,2,26,3,16,2475,DL,LAX,8,-66,-5,8,5,24
-5,2,26,3,10,2475,AA,LAX,8,-66,-5,8,5,24
0,2,26,3,7,2475,DL,LAX,8,-66,-5,8,5,24
42,2,26,3,18,2475,DL,LAX,8,-66,-5,8,5,24
-2,2,26,3,12,2475,AA,LAX,8,-66,-5,8,5,24
-2,2,26,3,9,2475,VX,LAX,8,-66,-5,8,5,24
-7,2,26,3,13,2475,VX,LAX,8,-66,-5,8,5,24
-5,2,26,3,20,2475,VX,LAX,8,-66,-5,8,5,24
-2,2,26,3,16,2475,VX,LAX,8,-66,-5,8,5,24
-7,2,26,3,7,2475,VX,LAX,8,-66,-5,8,5,24
-5,3,3,1,20,2475,B6,LAX,13,-82,0,10,3,30
25,3,3,1,20,2475,DL,LAX,13,-82,0,10,3,30
15,3,3,1,15,2475,AA,LAX,13,-82,0,10,3,30
-5,3,3,1,18,2475,DL,LAX,13,-82,0,10,3,30
8,3,3,1,7,2475,DL,LAX,13,-82,0,10,3,30
-3,3,3,1,16,2475,DL,LAX,13,-82,0,10,3,30
36,3,3,1,16,2475,AA,LAX,13,-82,0,10,3,30
6,3,3,1,19,2475,AA,LAX,13,-82,0,10,3,30
24,3,3,1,21,2475,AA,LAX,13,-82,0,10,3,30
-4,3,3,1,12,2475,AA,LAX,13,-82,0,10,3,30
-4,3,3,1,11,2475,B6,LAX,13,-82,0,10,3,30
-4,3,3,1,16,2475,B6,LAX,13,-82,0,10,3,30
35,3,3,1,15,2475,DL,LAX,13,-82,0,10,3,30
196,3,3,1,9,2475,DL,LAX,13,-82,0,10,3,30
-2,3,3,1,12,2475,DL,LAX,13,-82,0,10,3,30
-1,3,3,1,11,2475,UA,LAX,13,-82,0,10,3,30
9,3,3,1,20,2475,VX,LAX,13,-82,0,10,3,30
14,3,3,1,16,2475,VX,LAX,13,-82,0,10,3,30
-8,3,3,1,20,2475,UA,LAX,13,-82,0,10,3,30
1,3,3,1,14,2475,UA,LAX,13,-82,0,10,3,30
-3,3,3,1,8,2475,UA,LAX,13,-82,0,10,3,30
-5,3,3,1,17,2475,UA,LAX,13,-82,0,10,3,30
-2,3,3,1,13,2475,VX,LAX,13,-82,0,10,3,30
-3,3,10,1,6,2475,AA,LAX,20,22,106,0,0,24
-3,3,10,1,13,2475,AA,LAX,20,22,106,0,0,24
8,3,10,1,16,2475,AA,LAX,20,22,106,0,0,24
5,3,10,1,6,2475,B6,LAX,20,22,106,0,0,24
3,3,10,1,11,2475,B6,LAX,20,22,106,0,0,24
-7,3,10,1,16,2475,B6,LAX,20,22,106,0,0,24
12,3,10,1,20,2475,B6,LAX,20,22,106,0,0,24
-6,3,10,1,12,2475,AA,LAX,20,22,106,0,0,24
0,3,10,1,19,2475,AA,LAX,20,22,106,0,0,24
-5,3,10,1,9,2475,AA,LAX,20,22,106,0,0,24
2,3,10,1,15,2475,AA,LAX,20,22,106,0,0,24
6,3,10,1,10,2475,AA,LAX,20,22,106,0,0,24
1,3,10,1,15,2475,DL,LAX,20,22,106,0,0,24
2,3,10,1,9,2475,DL,LAX,20,22,106,0,0,24
-4,3,10,1,12,2475,DL,LAX,20,22,106,0,0,24
25,3,10,1,20,2475,DL,LAX,20,22,106,0,0,24
11,3,10,1,18,2475,DL,LAX,20,22,106,0,0,24
-1,3,10,1,7,2475,DL,LAX,20,22,106,0,0,24
-3,3,10,1,16,2475,DL,LAX,20,22,106,0,0,24
2,3,10,1,8,2475,AA,LAX,20,22,106,0,0,24
-6,3,10,1,21,2475,AA,LAX,20,22,106,0,0,24
3,3,10,1,20,2475,UA,LAX,20,22,106,0,0,24
-3,3,10,1,7,2475,VX,LAX,20,22,106,0,0,24
-11,3,10,1,6,2475,UA,LAX,20,22,106,0,0,24
8,3,10,1,17,2475,UA,LAX,20,22,106,0,0,24
3,3,10,1,14,2475,UA,LAX,20,22,106,0,0,24
-3,3,10,1,11,2475,UA,LAX,20,22,106,0,0,24
-4,3,10,1,8,2475,UA,LAX,20,22,106,0,0,24
-3,3,10,1,13,2475,VX,LAX,20,22,106,0,0,24
-5,3,10,1,9,2475,VX,LAX,20,22,106,0,0,24
5,3,10,1,16,2475,VX,LAX,20,22,106,0,0,24
-6,3,10,1,20,2475,VX,LAX,20,22,106,0,0,24
0,3,17,1,14,2475,UA,LAX,27,-49,17,0,0,36
17,3,17,1,20,2475,UA,LAX,27,-49,17,0,0,36
53,3,17,1,17,2475,UA,LAX,27,-49,17,0,0,36
-8,3,17,1,6,2475,UA,LAX,27,-49,17,0,0,36
-3,3,17,1,8,2475,UA,LAX,27,-49,17,0,0,36
-9,3,17,1,11,2475,UA,LAX,27,-49,17,0,0,36
0,3,17,1,16,2475,VX,LAX,27,-49,17,0,0,36
1,3,17,1,20,2475,VX,LAX,27,-49,17,0,0,36
4,3,17,1,7,2475,VX,LAX,27,-49,17,0,0,36
79,3,17,1,9,2475,VX,LAX,27,-49,17,0,0,36
0,3,17,1,13,2475,VX,LAX,27,-49,17,0,0,36
-7,3,17,1,21,2475,AA,LAX,27,-49,17,0,0,36
-3,3,17,1,15,2475,AA,LAX,27,-49,17,0,0,36
-5,3,17,1,9,2475,AA,LAX,27,-49,17,0,0,36
-1,3,17,1,15,2475,DL,LAX,27,-49,17,0,0,36
33,3,17,1,9,2475,DL,LAX,27,-49,17,0,0,36
-2,3,17,1,16,2475,AA,LAX,27,-49,17,0,0,36
61,3,17,1,12,2475,DL,LAX,27,-49,17,0,0,36
-4,3,17,1,20,2475,DL,LAX,27,-49,17,0,0,36
-4,3,17,1,18,2475,DL,LAX,27,-49,17,0,0,36
-5,3,17,1,7,2475,DL,LAX,27,-49,17,0,0,36
-1,3,17,1,20,2475,B6,LAX,27,-49,17,0,0,36
0,3,17,1,16,2475,DL,LAX,27,-49,17,0,0,36
-5,3,17,1,16,2475,B6,LAX,27,-49,17,0,0,36
-4,3,17,1,19,2475,AA,LAX,27,-49,17,0,0,36
-4,3,17,1,11,2475,B6,LAX,27,-49,17,0,0,36
-3,3,17,1,6,2475,B6,LAX,27,-49,17,0,0,36
13,3,17,1,6,2475,AA,LAX,27,-49,17,0,0,36
-10,3,17,1,10,2475,AA,LAX,27,-49,17,0,0,36
1,3,17,1,12,2475,AA,LAX,27,-49,17,0,0,36
-7,3,17,1,8,2475,AA,LAX,27,-49,17,0,0,36
-1,3,17,1,13,2475,AA,LAX,27,-49,17,0,0,36
-3,3,24,1,16,2475,DL,LAX,34,-60,17,0,0,30
-3,3,24,1,7,2475,DL,LAX,34,-60,17,0,0,30
-1,3,24,1,18,2475,DL,LAX,34,-60,17,0,0,30
10,3,24,1,20,2475,DL,LAX,34,-60,17,0,0,30
-6,3,24,1,12,2475,DL,LAX,34,-60,17,0,0,30
-8,3,24,1,9,2475,DL,LAX,34,-60,17,0,0,30
1,3,24,1,15,2475,DL,LAX,34,-60,17,0,0,30
-5,3,24,1,20,2475,B6,LAX,34,-60,17,0,0,30
-2,3,24,1,16,2475,B6,LAX,34,-60,17,0,0,30
-5,3,24,1,11,2475,B6,LAX,34,-60,17,0,0,30
0,3,24,1,6,2475,B6,LAX,34,-60,17,0,0,30
-2,3,24,1,13,2475,AA,LAX,34,-60,17,0,0,30
85,3,24,1,21,2475,AA,LAX,34,-60,17,0,0,30
-5,3,24,1,16,2475,AA,LAX,34,-60,17,0,0,30
-2,3,24,1,15,2475,AA,LAX,34,-60,17,0,0,30
6,3,24,1,8,2475,AA,LAX,34,-60,17,0,0,30
19,3,24,1,19,2475,AA,LAX,34,-60,17,0,0,30
8,3,24,1,10,2475,AA,LAX,34,-60,17,0,0,30
-3,3,24,1,6,2475,AA,LAX,34,-60,17,0,0,30
-3,3,24,1,12,2475,AA,LAX,34,-60,17,0,0,30
-5,3,24,1,9,2475,AA,LAX,34,-60,17,0,0,30
-1,3,24,1,7,2475,VX,LAX,34,-60,17,0,0,30
0,3,24,1,20,2475,VX,LAX,34,-60,17,0,0,30
0,3,24,1,16,2475,VX,LAX,34,-60,17,0,0,30
-1,3,24,1,13,2475,VX,LAX,34,-60,17,0,0,30
-2,3,24,1,9,2475,VX,LAX,34,-60,17,0,0,30
-2,3,24,1,11,2475,UA,LAX,34,-60,17,0,0,30
2,3,24,1,8,2475,UA,LAX,34,-60,17,0,0,30
169,3,24,1,6,2475,UA,LAX,34,-60,17,0,0,30
-2,3,24,1,17,2475,UA,LAX,34,-60,17,0,0,30
-2,3,24,1,20,2475,UA,LAX,34,-60,17,0,0,30
-1,3,24,1,14,2475,UA,LAX,34,-60,17,0,0,30
-5,3,31,1,17,2475,UA,LAX,41,22,133,41,0,37
-8,3,31,1,6,2475,UA,LAX,41,22,133,41,0,37
-4,3,31,1,8,2475,UA,LAX,41,22,133,41,0,37
-8,3,31,1,11,2475,UA,LAX,41,22,133,41,0,37
-2,3,31,1,14,2475,UA,LAX,41,22,133,41,0,37
16,3,31,1,20,2475,UA,LAX,41,22,133,41,0,37
5,3,31,1,7,2475,VX,LAX,41,22,133,41,0,37
13,3,31,1,20,2475,DL,LAX,41,22,133,41,0,37
-2,3,31,1,16,2475,DL,LAX,41,22,133,41,0,37
-1,3,31,1,20,2475,VX,LAX,41,22,133,41,0,37
6,3,31,1,16,2475,VX,LAX,41,22,133,41,0,37
-2,3,31,1,13,2475,VX,LAX,41,22,133,41,0,37
-4,3,31,1,12,2475,DL,LAX,41,22,133,41,0,37
-5,3,31,1,18,2475,DL,LAX,41,22,133,41,0,37
30,3,31,1,15,2475,DL,LAX,41,22,133,41,0,37
-4,3,31,1,7,2475,DL,LAX,41,22,133,41,0,37
1,3,31,1,9,2475,VX,LAX,41,22,133,41,0,37
86,3,31,1,8,2475,AA,LAX,41,22,133,41,0,37
-2,3,31,1,21,2475,AA,LAX,41,22,133,41,0,37
5,3,31,1,9,2475,AA,LAX,41,22,133,41,0,37
2,3,31,1,11,2475,B6,LAX,41,22,133,41,0,37
52,3,31,1,16,2475,B6,LAX,41,22,133,41,0,37
2,3,31,1,13,2475,AA,LAX,41,22,133,41,0,37
-4,3,31,1,16,2475,AA,LAX,41,22,133,41,0,37
131,3,31,1,20,2475,B6,LAX,41,22,133,41,0,37
-1,3,31,1,12,2475,AA,LAX,41,22,133,41,0,37
-5,3,31,1,19,2475,AA,LAX,41,22,133,41,0,37
-3,3,31,1,6,2475,B6,LAX,41,22,133,41,0,37
24,3,31,1,15,2475,AA,LAX,41,22,133,41,0,37
-6,3,31,1,6,2475,AA,LAX,41,22,133,41,0,37
-5,3,31,1,10,2475,AA,LAX,41,22,133,41,0,37
8,4,1,2,18,2475,DL,LAX,42,39,156,0,0,21
-16,4,1,2,8,2475,DL,LAX,42,39,156,0,0,21
-3,4,1,2,15,2475,DL,LAX,42,39,156,0,0,21
-9,4,1,2,21,2475,DL,LAX,42,39,156,0,0,21
-5,4,1,2,7,2475,DL,LAX,42,39,156,0,0,21
-6,4,1,2,12,2475,DL,LAX,42,39,156,0,0,21
-3,4,1,2,9,2475,DL,LAX,42,39,156,0,0,21
-11,4,1,2,8,2475,DL,LAX,42,39,156,0,0,21
-1,4,1,2,17,2475,DL,LAX,42,39,156,0,0,21
5,4,1,2,11,2475,B6,LAX,42,39,156,0,0,21
-2,4,1,2,6,2475,AA,LAX,42,39,156,0,0,21
-3,4,1,2,6,2475,B6,LAX,42,39,156,0,0,21
-6,4,1,2,9,2475,AA,LAX,42,39,156,0,0,21
-6,4,1,2,20,2475,VX,LAX,42,39,156,0,0,21
-5,4,1,2,16,2475,B6,LAX,42,39,156,0,0,21
-6,4,1,2,10,2475,AA,LAX,42,39,156,0,0,21
-2,4,1,2,9,2475,VX,LAX,42,39,156,0,0,21
-6,4,1,2,16,2475,AA,LAX,42,39,156,0,0,21
-7,4,1,2,6,2475,AA,LAX,42,39,156,0,0,21
-4,4,1,2,19,2475,AA,LAX,42,39,156,0,0,21
-3,4,1,2,13,2475,VX,LAX,42,39,156,0,0,21
-7,4,1,2,13,2475,AA,LAX,42,39,156,0,0,21
-3,4,1,2,21,2475,AA,LAX,42,39,156,0,0,21
-7,4,1,2,20,2475,B6,LAX,42,39,156,0,0,21
-2,4,1,2,16,2475,VX,LAX,42,39,156,0,0,21
-5,4,1,2,7,2475,VX,LAX,42,39,156,0,0,21
18,4,1,2,17,2475,AA,LAX,42,39,156,0,0,21
4,4,1,2,8,2475,AA,LAX,42,39,156,0,0,21
-6,4,1,2,12,2475,AA,LAX,42,39,156,0,0,21
-10,4,1,2,6,2475,UA,LAX,42,39,156,0,0,21
-4,4,1,2,20,2475,UA,LAX,42,39,156,0,0,21
63,4,1,2,11,2475,UA,LAX,42,39,156,0,0,21
0,4,1,2,14,2475,UA,LAX,42,39,156,0,0,21
0,4,1,2,17,2475,UA,LAX,42,39,156,0,0,21
-5,4,1,2,8,2475,UA,LAX,42,39,156,0,0,21
12,4,8,2,6,2475,UA,LAX,44,78,178,86,0,31
7,4,8,2,14,2475,UA,LAX,44,78,178,86,0,31
-2,4,8,2,11,2475,UA,LAX,44,78,178,86,0,31
-5,4,8,2,8,2475,UA,LAX,44,78,178,86,0,31
99,4,8,2,17,2475,UA,LAX,44,78,178,86,0,31
6,4,8,2,20,2475,UA,LAX,44,78,178,86,0,31
-5,4,8,2,12,2475,AA,LAX,44,78,178,86,0,31
2,4,8,2,9,2475,VX,LAX,44,78,178,86,0,31
0,4,8,2,19,2475,AA,LAX,44,78,178,86,0,31
-6,4,8,2,13,2475,AA,LAX,44,78,178,86,0,31
-6,4,8,2,6,2475,AA,LAX,44,78,178,86,0,31
-4,4,8,2,13,2475,VX,LAX,44,78,178,86,0,31
0,4,8,2,16,2475,B6,LAX,44,78,178,86,0,31
-5,4,8,2,16,2475,VX,LAX,44,78,178,86,0,31
-2,4,8,2,8,2475,AA,LAX,44,78,178,86,0,31
-5,4,8,2,9,2475,AA,LAX,44,78,178,86,0,31
7,4,8,2,7,2475,VX,LAX,44,78,178,86,0,31
22,4,8,2,10,2475,AA,LAX,44,78,178,86,0,31
38,4,8,2,11,2475,B6,LAX,44,78,178,86,0,31
4,4,8,2,20,2475,VX,LAX,44,78,178,86,0,31
0,4,8,2,20,2475,B6,LAX,44,78,178,86,0,31
-3,4,8,2,6,2475,AA,LAX,44,78,178,86,0,31
-11,4,8,2,16,2475,AA,LAX,44,78,178,86,0,31
-4,4,8,2,21,2475,AA,LAX,44,78,178,86,0,31
-5,4,8,2,17,2475,AA,LAX,44,78,178,86,0,31
-6,4,8,2,6,2475,B6,LAX,44,78,178,86,0,31
-1,4,8,2,18,2475,DL,LAX,44,78,178,86,0,31
6,4,8,2,8,2475,DL,LAX,44,78,178,86,0,31
1,4,8,2,15,2475,DL,LAX,44,78,178,86,0,31
8,4,8,2,21,2475,DL,LAX,44,78,178,86,0,31
43,4,8,2,7,2475,DL,LAX,44,78,178,86,0,31
-5,4,8,2,12,2475,DL,LAX,44,78,178,86,0,31
1,4,8,2,9,2475,DL,LAX,44,78,178,86,0,31
-3,4,8,2,17,2475,DL,LAX,44,78,178,86,0,31
47,4,15,2,8,2475,DL,LAX,37,6,172,180,0,39
23,4,15,2,17,2475,DL,LAX,37,6,172,180,0,39
12,4,15,2,15,2475,DL,LAX,37,6,172,180,0,39
6,4,15,2,21,2475,DL,LAX,37,6,172,180,0,39
-3,4,15,2,7,2475,DL,LAX,37,6,172,180,0,39
0,4,15,2,9,2475,DL,LAX,37,6,172,180,0,39
140,4,15,2,18,2475,DL,LAX,37,6,172,180,0,39
-2,4,15,2,12,2475,DL,LAX,37,6,172,180,0,39
-4,4,15,2,6,2475,UA,LAX,37,6,172,180,0,39
29,4,15,2,17,2475,UA,LAX,37,6,172,180,0,39
0,4,15,2,8,2475,UA,LAX,37,6,172,180,0,39
0,4,15,2,11,2475,UA,LAX,37,6,172,180,0,39
11,4,15,2,14,2475,UA,LAX,37,6,172,180,0,39
121,4,15,2,20,2475,UA,LAX,37,6,172,180,0,39
7,4,15,2,9,2475,VX,LAX,37,6,172,180,0,39
0,4,15,2,7,2475,VX,LAX,37,6,172,180,0,39
354,4,15,2,16,2475,B6,LAX,37,6,172,180,0,39
-3,4,15,2,6,2475,B6,LAX,37,6,172,180,0,39
11,4,15,2,21,2475,AA,LAX,37,6,172,180,0,39
0,4,15,2,11,2475,B6,LAX,37,6,172,180,0,39
186,4,15,2,17,2475,AA,LAX,37,6,172,180,0,39
-8,4,15,2,6,2475,AA,LAX,37,6,172,180,0,39
-6,4,15,2,13,2475,AA,LAX,37,6,172,180,0,39
19,4,15,2,16,2475,AA,LAX,37,6,172,180,0,39
-4,4,15,2,8,2475,AA,LAX,37,6,172,180,0,39
23,4,15,2,20,2475,B6,LAX,37,6,172,180,0,39
-7,4,15,2,19,2475,AA,LAX,37,6,172,180,0,39
4,4,15,2,10,2475,AA,LAX,37,6,172,180,0,39
-6,4,15,2,6,2475,AA,LAX,37,6,172,180,0,39
-4,4,15,2,12,2475,AA,LAX,37,6,172,180,0,39
-5,4,15,2,9,2475,AA,LAX,37,6,172,180,0,39
21,4,15,2,20,2475,VX,LAX,37,6,172,180,0,39
53,4,15,2,16,2475,VX,LAX,37,6,172,180,0,39
5,4,15,2,13,2475,VX,LAX,37,6,172,180,0,39
-4,4,22,2,16,2475,VX,LAX,30,106,217,3,0,25
-7,4,22,2,16,2475,AA,LAX,30,106,217,3,0,25
-6,4,22,2,20,2475,VX,LAX,30,106,217,3,0,25
-10,4,22,2,10,2475,AA,LAX,30,106,217,3,0,25
1,4,22,2,16,2475,B6,LAX,30,106,217,3,0,25
-2,4,22,2,17,2475,AA,LAX,30,106,217,3,0,25
0,4,22,2,8,2475,AA,LAX,30,106,217,3,0,25
44,4,22,2,21,2475,AA,LAX,30,106,217,3,0,25
-3,4,22,2,13,2475,AA,LAX,30,106,217,3,0,25
-3,4,22,2,7,2475,VX,LAX,30,106,217,3,0,25
-7,4,22,2,9,2475,AA,LAX,30,106,217,3,0,25
-2,4,22,2,11,2475,B6,LAX,30,106,217,3,0,25
-4,4,22,2,6,2475,B6,LAX,30,106,217,3,0,25
2,4,22,2,6,2475,AA,LAX,30,106,217,3,0,25
11,4,22,2,20,2475,B6,LAX,30,106,217,3,0,25
-4,4,22,2,9,2475,VX,LAX,30,106,217,3,0,25
-2,4,22,2,13,2475,VX,LAX,30,106,217,3,0,25
-7,4,22,2,12,2475,AA,LAX,30,106,217,3,0,25
-8,4,22,2,19,2475,AA,LAX,30,106,217,3,0,25
-3,4,22,2,6,2475,AA,LAX,30,106,217,3,0,25
-4,4,22,2,14,2475,UA,LAX,30,106,217,3,0,25
-9,4,22,2,6,2475,UA,LAX,30,106,217,3,0,25
-7,4,22,2,20,2475,UA,LAX,30,106,217,3,0,25
1,4,22,2,11,2475,UA,LAX,30,106,217,3,0,25
-3,4,22,2,17,2475,UA,LAX,30,106,217,3,0,25
-6,4,22,2,8,2475,UA,LAX,30,106,217,3,0,25
-4,4,22,2,18,2475,DL,LAX,30,106,217,3,0,25
-1,4,22,2,12,2475,DL,LAX,30,106,217,3,0,25
-6,4,22,2,7,2475,DL,LAX,30,106,217,3,0,25
15,4,22,2,21,2475,DL,LAX,30,106,217,3,0,25
-4,4,22,2,15,2475,DL,LAX,30,106,217,3,0,25
-2,4,22,2,17,2475,DL,LAX,30,106,217,3,0,25
-3,4,22,2,8,2475,DL,LAX,30,106,217,3,0,25
-2,4,22,2,9,2475,DL,LAX,30,106,217,3,0,25
-9,4,29,2,6,2475,B6,LAX,23,61,111,8,0,40
7,4,29,2,11,2475,B6,LAX,23,61,111,8,0,40
-2,4,29,2,17,2475,DL,LAX,23,61,111,8,0,40
-1,4,29,2,9,2475,DL,LAX,23,61,111,8,0,40
-8,4,29,2,12,2475,DL,LAX,23,61,111,8,0,40
-6,4,29,2,7,2475,DL,LAX,23,61,111,8,0,40
53,4,29,2,21,2475,DL,LAX,23,61,111,8,0,40
0,4,29,2,15,2475,DL,LAX,23,61,111,8,0,40
25,4,29,2,8,2475,DL,LAX,23,61,111,8,0,40
-1,4,29,2,18,2475,DL,LAX,23,61,111,8,0,40
-4,4,29,2,6,2475,UA,LAX,23,61,111,8,0,40
-5,4,29,2,11,2475,UA,LAX,23,61,111,8,0,40
4,4,29,2,20,2475,UA,LAX,23,61,111,8,0,40
5,4,29,2,17,2475,UA,LAX,23,61,111,8,0,40
-6,4,29,2,8,2475,UA,LAX,23,61,111,8,0,40
-1,4,29,2,14,2475,UA,LAX,23,61,111,8,0,40
1,4,29,2,17,2475,AA,LAX,23,61,111,8,0,40
-15,4,29,2,7,2475,VX,LAX,23,61,111,8,0,40
-8,4,29,2,21,2475,AA,LAX,23,61,111,8,0,40
1,4,29,2,9,2475,VX,LAX,23,61,111,8,0,40
-5,4,29,2,6,2475,AA,LAX,23,61,111,8,0,40
-10,4,29,2,10,2475,AA,LAX,23,61,111,8,0,40
134,4,29,2,19,2475,AA,LAX,23,61,111,8,0,40
-9,4,29,2,20,2475,VX,LAX,23,61,111,8,0,40
-6,4,29,2,8,2475,AA,LAX,23,61,111,8,0,40
31,4,29,2,20,2475,B6,LAX,23,61,111,8,0,40
-8,4,29,2,9,2475,AA,LAX,23,61,111,8,0,40
-5,4,29,2,16,2475,AA,LAX,23,61,111,8,0,40
-3,4,29,2,12,2475,AA,LAX,23,61,111,8,0,40
-7,4,29,2,13,2475,AA,LAX,23,61,111,8,0,40
9,4,29,2,16,2475,VX,LAX,23,61,111,8,0,40
-7,4,29,2,6,2475,AA,LAX,23,61,111,8,0,40
-1,4,29,2,16,2475,B6,LAX,23,61,111,8,0,40
-8,4,29,2,13,2475,VX,LAX,23,61,111,8,0,40
-6,5,6,2,17,2475,UA,LAX,16,111,217,0,0,17
-10,5,6,2,6,2475,UA,LAX,16,111,217,0,0,17
-8,5,6,2,8,2475,UA,LAX,16,111,217,0,0,17
33,5,6,2,20,2475,UA,LAX,16,111,217,0,0,17
-4,5,6,2,11,2475,UA,LAX,16,111,217,0,0,17
-9,5,6,2,14,2475,UA,LAX,16,111,217,0,0,17
0,5,6,2,9,2475,VX,LAX,16,111,217,0,0,17
-11,5,6,2,13,2475,VX,LAX,16,111,217,0,0,17
-10,5,6,2,7,2475,VX,LAX,16,111,217,0,0,17
0,5,6,2,16,2475,VX,LAX,16,111,217,0,0,17
-7,5,6,2,20,2475,VX,LAX,16,111,217,0,0,17
-4,5,6,2,6,2475,AA,LAX,16,111,217,0,0,17
79,5,6,2,21,2475,DL,LAX,16,111,217,0,0,17
12,5,6,2,17,2475,AA,LAX,16,111,217,0,0,17
-4,5,6,2,17,2475,DL,LAX,16,111,217,0,0,17
-2,5,6,2,8,2475,DL,LAX,16,111,217,0,0,17
-4,5,6,2,10,2475,AA,LAX,16,111,217,0,0,17
-6,5,6,2,6,2475,AA,LAX,16,111,217,0,0,17
9,5,6,2,18,2475,DL,LAX,16,111,217,0,0,17
-4,5,6,2,17,2475,B6,LAX,16,111,217,0,0,17
-3,5,6,2,13,2475,AA,LAX,16,111,217,0,0,17
-5,5,6,2,6,2475,B6,LAX,16,111,217,0,0,17
0,5,6,2,20,2475,B6,LAX,16,111,217,0,0,17
-3,5,6,2,9,2475,B6,LAX,16,111,217,0,0,17
-5,5,6,2,7,2475,DL,LAX,16,111,217,0,0,17
-4,5,6,2,12,2475,AA,LAX,16,111,217,0,0,17
-3,5,6,2,9,2475,DL,LAX,16,111,217,0,0,17
23,5,6,2,16,2475,AA,LAX,16,111,217,0,0,17
-1,5,6,2,12,2475,DL,LAX,16,111,217,0,0,17
-7,5,6,2,8,2475,AA,LAX,16,111,217,0,0,17
-5,5,6,2,9,2475,AA,LAX,16,111,217,0,0,17
-4,5,6,2,15,2475,DL,LAX,16,111,217,0,0,17
-1,5,6,2,19,2475,AA,LAX,16,111,217,0,0,17
-4,5,6,2,21,2475,AA,LAX,16,111,217,0,0,17
-7,5,13,2,18,2475,AA,LAX,9,117,228,0,0,32
121,5,13,2,17,2475,B6,LAX,9,117,228,0,0,32
5,5,13,2,9,2475,B6,LAX,9,117,228,0,0,32
23,5,13,2,20,2475,B6,LAX,9,117,228,0,0,32
0,5,13,2,6,2475,B6,LAX,9,117,228,0,0,32
-6,5,13,2,9,2475,AA,LAX,9,117,228,0,0,32
-6,5,13,2,10,2475,AA,LAX,9,117,228,0,0,32
-5,5,13,2,7,2475,AA,LAX,9,117,228,0,0,32
23,5,13,2,16,2475,AA,LAX,9,117,228,0,0,32
-5,5,13,2,8,2475,AA,LAX,9,117,228,0,0,32
76,5,13,2,18,2475,DL,LAX,9,117,228,0,0,32
-3,5,13,2,8,2475,DL,LAX,9,117,228,0,0,32
18,5,13,2,21,2475,DL,LAX,9,117,228,0,0,32
1,5,13,2,15,2475,DL,LAX,9,117,228,0,0,32
-8,5,13,2,12,2475,DL,LAX,9,117,228,0,0,32
-4,5,13,2,9,2475,DL,LAX,9,117,228,0,0,32
-1,5,13,2,7,2475,DL,LAX,9,117,228,0,0,32
0,5,13,2,17,2475,DL,LAX,9,117,228,0,0,32
-9,5,13,2,15,2475,AA,LAX,9,117,228,0,0,32
-10,5,13,2,12,2475,AA,LAX,9,117,228,0,0,32
8,5,13,2,17,2475,AA,LAX,9,117,228,0,0,32
-6,5,13,2,13,2475,VX,LAX,9,117,228,0,0,32
0,5,13,2,16,2475,VX,LAX,9,117,228,0,0,32
-7,5,13,2,9,2475,VX,LAX,9,117,228,0,0,32
-4,5,13,2,7,2475,VX,LAX,9,117,228,0,0,32
108,5,13,2,20,2475,VX,LAX,9,117,228,0,0,32
-9,5,13,2,6,2475,UA,LAX,9,117,228,0,0,32
-5,5,13,2,14,2475,UA,LAX,9,117,228,0,0,32
65,5,13,2,17,2475,UA,LAX,9,117,228,0,0,32
69,5,13,2,20,2475,UA,LAX,9,117,228,0,0,32
-3,5,13,2,11,2475,UA,LAX,9,117,228,0,0,32
-10,5,13,2,8,2475,UA,LAX,9,117,228,0,0,32
-3,5,20,2,14,2475,UA,LAX,2,117,256,0,0,14
-4,5,20,2,8,2475,UA,LAX,2,117,256,0,0,14
-2,5,20,2,6,2475,UA,LAX,2,117,256,0,0,14
-4,5,20,2,11,2475,UA,LAX,2,117,256,0,0,14
-1,5,20,2,20,2475,UA,LAX,2,117,256,0,0,14
-1,5,20,2,17,2475,UA,LAX,2,117,256,0,0,14
-3,5,20,2,20,2475,VX,LAX,2,117,256,0,0,14
-3,5,20,2,16,2475,VX,LAX,2,117,256,0,0,14
7,5,20,2,13,2475,VX,LAX,2,117,256,0,0,14
1,5,20,2,11,2475,VX,LAX,2,117,256,0,0,14
-3,5,20,2,7,2475,VX,LAX,2,117,256,0,0,14
-2,5,20,2,9,2475,VX,LAX,2,117,256,0,0,14
-5,5,20,2,8,2475,DL,LAX,2,117,256,0,0,14
12,5,20,2,15,2475,DL,LAX,2,117,256,0,0,14
-7,5,20,2,10,2475,AA,LAX,2,117,256,0,0,14
-5,5,20,2,5,2475,AA,LAX,2,117,256,0,0,14
-8,5,20,2,8,2475,AA,LAX,2,117,256,0,0,14
-7,5,20,2,20,2475,AA,LAX,2,117,256,0,0,14
-4,5,20,2,16,2475,AA,LAX,2,117,256,0,0,14
-5,5,20,2,18,2475,AA,LAX,2,117,256,0,0,14
4,5,20,2,17,2475,DL,LAX,2,117,256,0,0,14
-6,5,20,2,6,2475,B6,LAX,2,117,256,0,0,14
0,5,20,2,7,2475,DL,LAX,2,117,256,0,0,14
-9,5,20,2,7,2475,AA,LAX,2,117,256,0,0,14
-6,5,20,2,9,2475,DL,LAX,2,117,256,0,0,14
7,5,20,2,17,2475,AA,LAX,2,117,256,0,0,14
-4,5,20,2,12,2475,DL,LAX,2,117,256,0,0,14
0,5,20,2,18,2475,DL,LAX,2,117,256,0,0,14
23,5,20,2,9,2475,B6,LAX,2,117,256,0,0,14
-2,5,20,2,21,2475,DL,LAX,2,117,256,0,0,14
-7,5,20,2,17,2475,B6,LAX,2,117,256,0,0,14
-3,5,20,2,20,2475,B6,LAX,2,117,256,0,0,14
16,5,20,2,15,2475,AA,LAX,2,117,256,0,0,14
-6,5,20,2,12,2475,AA,LAX,2,117,256,0,0,14
-6,5,27,2,18,2475,DL,LAX,1,178,300,0,0,19
-4,5,27,2,12,2475,DL,LAX,1,178,300,0,0,19
1,5,27,2,17,2475,DL,LAX,1,178,300,0,0,19
-6,5,27,2,7,2475,DL,LAX,1,178,300,0,0,19
-5,5,27,2,9,2475,DL,LAX,1,178,300,0,0,19
27,5,27,2,18,2475,AA,LAX,1,178,300,0,0,19
-7,5,27,2,8,2475,AA,LAX,1,178,300,0,0,19
-3,5,27,2,12,2475,AA,LAX,1,178,300,0,0,19
-7,5,27,2,9,2475,AA,LAX,1,178,300,0,0,19
25,5,27,2,9,2475,B6,LAX,1,178,300,0,0,19
-5,5,27,2,17,2475,B6,LAX,1,178,300,0,0,19
72,5,27,2,17,2475,AA,LAX,1,178,300,0,0,19
-7,5,27,2,6,2475,B6,LAX,1,178,300,0,0,19
4,5,27,2,20,2475,B6,LAX,1,178,300,0,0,19
-2,5,27,2,15,2475,AA,LAX,1,178,300,0,0,19
34,5,27,2,20,2475,AA,LAX,1,178,300,0,0,19
2,5,27,2,15,2475,DL,LAX,1,178,300,0,0,19
-3,5,27,2,16,2475,AA,LAX,1,178,300,0,0,19
-10,5,27,2,10,2475,AA,LAX,1,178,300,0,0,19
-8,5,27,2,7,2475,AA,LAX,1,178,300,0,0,19
-4,5,27,2,5,2475,AA,LAX,1,178,300,0,0,19
14,5,27,2,8,2475,DL,LAX,1,178,300,0,0,19
1,5,27,2,21,2475,DL,LAX,1,178,300,0,0,19
-6,5,27,2,6,2475,UA,LAX,1,178,300,0,0,19
21,5,27,2,20,2475,UA,LAX,1,178,300,0,0,19
-5,5,27,2,11,2475,UA,LAX,1,178,300,0,0,19
-5,5,27,2,11,2475,VX,LAX,1,178,300,0,0,19
-3,5,27,2,13,2475,VX,LAX,1,178,300,0,0,19
47,5,27,2,16,2475,VX,LAX,1,178,300,0,0,19
1,5,27,2,20,2475,VX,LAX,1,178,300,0,0,19
-4,5,27,2,7,2475,VX,LAX,1,178,300,0,0,19
-10,5,27,2,9,2475,VX,LAX,1,178,300,0,0,19
5,5,27,2,14,2475,UA,LAX,1,178,300,0,0,19
31,5,27,2,17,2475,UA,LAX,1,178,300,0,0,19
-5,5,27,2,8,2475,UA,LAX,1,178,300,0,0,19
-2,6,4,3,9,2475,AA,LAX,9,172,278,0,0,16
1,6,4,3,9,2475,B6,LAX,9,172,278,0,0,16
-4,6,4,3,20,2475,AA,LAX,9,172,278,0,0,16
-7,6,4,3,16,2475,AA,LAX,9,172,278,0,0,16
-4,6,4,3,8,2475,AA,LAX,9,172,278,0,0,16
2,6,4,3,5,2475,AA,LAX,9,172,278,0,0,16
-2,6,4,3,20,2475,B6,LAX,9,172,278,0,0,16
-6,6,4,3,11,2475,AA,LAX,9,172,278,0,0,16
-3,6,4,3,10,2475,AA,LAX,9,172,278,0,0,16
-1,6,4,3,17,2475,B6,LAX,9,172,278,0,0,16
-8,6,4,3,15,2475,AA,LAX,9,172,278,0,0,16
-16,6,4,3,12,2475,AA,LAX,9,172,278,0,0,16
-7,6,4,3,18,2475,AA,LAX,9,172,278,0,0,16
-4,6,4,3,7,2475,AA,LAX,9,172,278,0,0,16
-4,6,4,3,17,2475,AA,LAX,9,172,278,0,0,16
22,6,4,3,21,2475,DL,LAX,9,172,278,0,0,16
-2,6,4,3,18,2475,DL,LAX,9,172,278,0,0,16
-12,6,4,3,12,2475,DL,LAX,9,172,278,0,0,16
-5,6,4,3,9,2475,DL,LAX,9,172,278,0,0,16
-1,6,4,3,7,2475,DL,LAX,9,172,278,0,0,16
36,6,4,3,17,2475,DL,LAX,9,172,278,0,0,16
13,6,4,3,15,2475,DL,LAX,9,172,278,0,0,16
-6,6,4,3,20,2475,VX,LAX,9,172,278,0,0,16
-4,6,4,3,16,2475,VX,LAX,9,172,278,0,0,16
-4,6,4,3,13,2475,VX,LAX,9,172,278,0,0,16
-3,6,4,3,11,2475,VX,LAX,9,172,278,0,0,16
-8,6,4,3,9,2475,VX,LAX,9,172,278,0,0,16
-13,6,4,3,7,2475,VX,LAX,9,172,278,0,0,16
-8,6,4,3,11,2475,UA,LAX,9,172,278,0,0,16
78,6,4,3,20,2475,UA,LAX,9,172,278,0,0,16
-10,6,4,3,6,2475,UA,LAX,9,172,278,0,0,16
-6,6,4,3,8,2475,UA,LAX,9,172,278,0,0,16
13,6,4,3,17,2475,UA,LAX,9,172,278,0,0,16
-3,6,4,3,14,2475,UA,LAX,9,172,278,0,0,16
-3,6,11,3,6,2475,AA,LAX,16,161,211,5,0,32
1,6,11,3,18,2475,AA,LAX,16,161,211,5,0,32
30,6,11,3,17,2475,AA,LAX,16,161,211,5,0,32
-5,6,11,3,11,2475,AA,LAX,16,161,211,5,0,32
-8,6,11,3,7,2475,AA,LAX,16,161,211,5,0,32
37,6,11,3,9,2475,AA,LAX,16,161,211,5,0,32
46,6,11,3,10,2475,AA,LAX,16,161,211,5,0,32
15,6,11,3,19,2475,AA,LAX,16,161,211,5,0,32
-2,6,11,3,6,2475,B6,LAX,16,161,211,5,0,32
307,6,11,3,9,2475,B6,LAX,16,161,211,5,0,32
7,6,11,3,20,2475,AA,LAX,16,161,211,5,0,32
-7,6,11,3,12,2475,AA,LAX,16,161,211,5,0,32
-4,6,11,3,17,2475,B6,LAX,16,161,211,5,0,32
27,6,11,3,20,2475,B6,LAX,16,161,211,5,0,32
-9,6,11,3,8,2475,AA,LAX,16,161,211,5,0,32
-1,6,11,3,16,2475,AA,LAX,16,161,211,5,0,32
-3,6,11,3,15,2475,AA,LAX,16,161,211,5,0,32
33,6,11,3,17,2475,UA,LAX,16,161,211,5,0,32
-9,6,11,3,6,2475,UA,LAX,16,161,211,5,0,32
68,6,11,3,20,2475,UA,LAX,16,161,211,5,0,32
-4,6,11,3,11,2475,UA,LAX,16,161,211,5,0,32
-7,6,11,3,7,2475,VX,LAX,16,161,211,5,0,32
-8,6,11,3,9,2475,VX,LAX,16,161,211,5,0,32
-2,6,11,3,11,2475,VX,LAX,16,161,211,5,0,32
-5,6,11,3,13,2475,VX,LAX,16,161,211,5,0,32
27,6,11,3,16,2475,VX,LAX,16,161,211,5,0,32
94,6,11,3,20,2475,VX,LAX,16,161,211,5,0,32
-5,6,11,3,8,2475,UA,LAX,16,161,211,5,0,32
8,6,11,3,15,2475,DL,LAX,16,161,211,5,0,32
0,6,11,3,16,2475,DL,LAX,16,161,211,5,0,32
38,6,11,3,21,2475,DL,LAX,16,161,211,5,0,32
-2,6,11,3,7,2475,DL,LAX,16,161,211,5,0,32
93,6,11,3,12,2475,DL,LAX,16,161,211,5,0,32
-7,6,11,3,9,2475,DL,LAX,16,161,211,5,0,32
73,6,11,3,8,2475,DL,LAX,16,161,211,5,0,32
16,6,11,3,18,2475,DL,LAX,16,161,211,5,0,32
108,6,11,3,14,2475,UA,LAX,16,161,211,5,0,32
26,6,18,3,21,2475,DL,LAX,16,244,317,0,0,26
28,6,18,3,15,2475,DL,LAX,16,244,317,0,0,26
-3,6,18,3,7,2475,VX,LAX,16,244,317,0,0,26
-5,6,18,3,9,2475,VX,LAX,16,244,317,0,0,26
-1,6,18,3,11,2475,VX,LAX,16,244,317,0,0,26
-6,6,18,3,13,2475,VX,LAX,16,244,317,0,0,26
-1,6,18,3,16,2475,VX,LAX,16,244,317,0,0,26
-2,6,18,3,20,2475,VX,LAX,16,244,317,0,0,26
-3,6,18,3,16,2475,DL,LAX,16,244,317,0,0,26
6,6,18,3,18,2475,DL,LAX,16,244,317,0,0,26
-2,6,18,3,8,2475,DL,LAX,16,244,317,0,0,26
-3,6,18,3,9,2475,DL,LAX,16,244,317,0,0,26
-3,6,18,3,12,2475,DL,LAX,16,244,317,0,0,26
0,6,18,3,7,2475,DL,LAX,16,244,317,0,0,26
-4,6,18,3,6,2475,AA,LAX,16,244,317,0,0,26
-2,6,18,3,20,2475,B6,LAX,16,244,317,0,0,26
-7,6,18,3,7,2475,AA,LAX,16,244,317,0,0,26
-6,6,18,3,17,2475,B6,LAX,16,244,317,0,0,26
-7,6,18,3,8,2475,AA,LAX,16,244,317,0,0,26
-1,6,18,3,16,2475,AA,LAX,16,244,317,0,0,26
13,6,18,3,18,2475,AA,LAX,16,244,317,0,0,26
-1,6,18,3,17,2475,AA,LAX,16,244,317,0,0,26
-6,6,18,3,19,2475,AA,LAX,16,244,317,0,0,26
-7,6,18,3,9,2475,AA,LAX,16,244,317,0,0,26
3,6,18,3,20,2475,AA,LAX,16,244,317,0,0,26
-2,6,18,3,11,2475,AA,LAX,16,244,317,0,0,26
0,6,18,3,12,2475,AA,LAX,16,244,317,0,0,26
-3,6,18,3,6,2475,B6,LAX,16,244,317,0,0,26
-1,6,18,3,9,2475,B6,LAX,16,244,317,0,0,26
-6,6,18,3,15,2475,AA,LAX,16,244,317,0,0,26
12,6,18,3,10,2475,AA,LAX,16,244,317,0,0,26
64,6,18,3,14,2475,UA,LAX,16,244,317,0,0,26
152,6,18,3,8,2475,UA,LAX,16,244,317,0,0,26
-1,6,18,3,6,2475,UA,LAX,16,244,317,0,0,26
59,6,18,3,17,2475,UA,LAX,16,244,317,0,0,26
57,6,18,3,11,2475,UA,LAX,16,244,317,0,0,26
2,6,18,3,20,2475,UA,LAX,16,244,317,0,0,26
0,6,25,3,18,2475,DL,LAX,9,211,294,20,0,22
-6,6,25,3,9,2475,DL,LAX,9,211,294,20,0,22
-2,6,25,3,12,2475,DL,LAX,9,211,294,20,0,22
-4,6,25,3,7,2475,DL,LAX,9,211,294,20,0,22
217,6,25,3,21,2475,DL,LAX,9,211,294,20,0,22
-1,6,25,3,16,2475,DL,LAX,9,211,294,20,0,22
0,6,25,3,15,2475,DL,LAX,9,211,294,20,0,22
70,6,25,3,8,2475,DL,LAX,9,211,294,20,0,22
-1,6,25,3,7,2475,VX,LAX,9,211,294,20,0,22
-6,6,25,3,9,2475,VX,LAX,9,211,294,20,0,22
-5,6,25,3,11,2475,VX,LAX,9,211,294,20,0,22
-3,6,25,3,13,2475,VX,LAX,9,211,294,20,0,22
4,6,25,3,16,2475,VX,LAX,9,211,294,20,0,22
90,6,25,3,20,2475,VX,LAX,9,211,294,20,0,22
-8,6,25,3,11,2475,UA,LAX,9,211,294,20,0,22
13,6,25,3,17,2475,UA,LAX,9,211,294,20,0,22
-2,6,25,3,14,2475,UA,LAX,9,211,294,20,0,22
-4,6,25,3,6,2475,UA,LAX,9,211,294,20,0,22
-7,6,25,3,8,2475,UA,LAX,9,211,294,20,0,22
13,6,25,3,20,2475,UA,LAX,9,211,294,20,0,22
-6,6,25,3,12,2475,B6,LAX,9,211,294,20,0,22
125,6,25,3,20,2475,AA,LAX,9,211,294,20,0,22
116,6,25,3,19,2475,AA,LAX,9,211,294,20,0,22
-2,6,25,3,10,2475,AA,LAX,9,211,294,20,0,22
-8,6,25,3,12,2475,AA,LAX,9,211,294,20,0,22
97,6,25,3,17,2475,AA,LAX,9,211,294,20,0,22
-6,6,25,3,6,2475,AA,LAX,9,211,294,20,0,22
21,6,25,3,16,2475,AA,LAX,9,211,294,20,0,22
-4,6,25,3,9,2475,B6,LAX,9,211,294,20,0,22
-3,6,25,3,8,2475,AA,LAX,9,211,294,20,0,22
-6,6,25,3,9,2475,AA,LAX,9,211,294,20,0,22
-2,6,25,3,7,2475,AA,LAX,9,211,294,20,0,22
-8,6,25,3,6,2475,B6,LAX,9,211,294,20,0,22
-7,6,25,3,15,2475,AA,LAX,9,211,294,20,0,22
287,6,25,3,20,2475,B6,LAX,9,211,294,20,0,22
0,6,25,3,16,2475,B6,LAX,9,211,294,20,0,22
38,6,25,3,18,2475,AA,LAX,9,211,294,20,0,22
-9,6,25,3,11,2475,AA,LAX,9,211,294,20,0,22
-6,7,2,3,10,2475,AA,LAX,2,222,328,244,0,17
-1,7,2,3,6,2475,B6,LAX,2,222,328,244,0,17
-3,7,2,3,12,2475,B6,LAX,2,222,328,244,0,17
-5,7,2,3,6,2475,AA,LAX,2,222,328,244,0,17
38,7,2,3,20,2475,B6,LAX,2,222,328,244,0,17
431,7,2,3,16,2475,DL,LAX,2,222,328,244,0,17
34,7,2,3,8,2475,DL,LAX,2,222,328,244,0,17
20,7,2,3,8,2475,DL,LAX,2,222,328,244,0,17
50,7,2,3,21,2475,DL,LAX,2,222,328,244,0,17
24,7,2,3,17,2475,AA,LAX,2,222,328,244,0,17
49,7,2,3,15,2475,DL,LAX,2,222,328,244,0,17
-1,7,2,3,7,2475,DL,LAX,2,222,328,244,0,17
11,7,2,3,12,2475,DL,LAX,2,222,328,244,0,17
5,7,2,3,16,2475,AA,LAX,2,222,328,244,0,17
126,7,2,3,18,2475,AA,LAX,2,222,328,244,0,17
-2,7,2,3,15,2475,AA,LAX,2,222,328,244,0,17
-1,7,2,3,9,2475,DL,LAX,2,222,328,244,0,17
48,7,2,3,18,2475,DL,LAX,2,222,328,244,0,17
-9,7,2,3,11,2475,AA,LAX,2,222,328,244,0,17
176,7,2,3,20,2475,AA,LAX,2,222,328,244,0,17
-7,7,2,3,7,2475,AA,LAX,2,222,328,244,0,17
-5,7,2,3,9,2475,B6,LAX,2,222,328,244,0,17
9,7,2,3,19,2475,AA,LAX,2,222,328,244,0,17
-10,7,2,3,12,2475,AA,LAX,2,222,328,244,0,17
-7,7,2,3,8,2475,AA,LAX,2,222,328,244,0,17
-1,7,2,3,16,2475,B6,LAX,2,222,328,244,0,17
-6,7,2,3,9,2475,AA,LAX,2,222,328,244,0,17
-2,7,2,3,14,2475,UA,LAX,2,222,328,244,0,17
-4,7,2,3,7,2475,VX,LAX,2,222,328,244,0,17
-4,7,2,3,6,2475,UA,LAX,2,222,328,244,0,17
-2,7,2,3,8,2475,UA,LAX,2,222,328,244,0,17
256,7,2,3,20,2475,UA,LAX,2,222,328,244,0,17
1,7,2,3,17,2475,UA,LAX,2,222,328,244,0,17
-5,7,2,3,9,2475,VX,LAX,2,222,328,244,0,17
-3,7,2,3,11,2475,VX,LAX,2,222,328,244,0,17
7,7,2,3,13,2475,VX,LAX,2,222,328,244,0,17
0,7,2,3,16,2475,VX,LAX,2,222,328,244,0,17
219,7,2,3,20,2475,VX,LAX,2,222,328,244,0,17
-6,7,2,3,11,2475,UA,LAX,2,222,328,244,0,17
-4,7,9,3,13,2475,VX,LAX,5,217,311,23,0,19
5,7,9,3,16,2475,VX,LAX,5,217,311,23,0,19
77,7,9,3,20,2475,VX,LAX,5,217,311,23,0,19
-4,7,9,3,7,2475,VX,LAX,5,217,311,23,0,19
-2,7,9,3,9,2475,VX,LAX,5,217,311,23,0,19
59,7,9,3,11,2475,VX,LAX,5,217,311,23,0,19
-6,7,9,3,16,2475,AA,LAX,5,217,311,23,0,19
-2,7,9,3,6,2475,UA,LAX,5,217,311,23,0,19
-2,7,9,3,14,2475,UA,LAX,5,217,311,23,0,19
108,7,9,3,19,2475,AA,LAX,5,217,311,23,0,19
-11,7,9,3,9,2475,AA,LAX,5,217,311,23,0,19
0,7,9,3,16,2475,B6,LAX,5,217,311,23,0,19
0,7,9,3,11,2475,UA,LAX,5,217,311,23,0,19
-7,7,9,3,10,2475,AA,LAX,5,217,311,23,0,19
3,7,9,3,12,2475,B6,LAX,5,217,311,23,0,19
47,7,9,3,20,2475,B6,LAX,5,217,311,23,0,19
-6,7,9,3,12,2475,AA,LAX,5,217,311,23,0,19
-2,7,9,3,6,2475,B6,LAX,5,217,311,23,0,19
-3,7,9,3,17,2475,UA,LAX,5,217,311,23,0,19
56,7,9,3,20,2475,UA,LAX,5,217,311,23,0,19
70,7,9,3,20,2475,AA,LAX,5,217,311,23,0,19
22,7,9,3,9,2475,B6,LAX,5,217,311,23,0,19
-2,7,9,3,7,2475,AA,LAX,5,217,311,23,0,19
-4,7,9,3,11,2475,AA,LAX,5,217,311,23,0,19
18,7,9,3,17,2475,AA,LAX,5,217,311,23,0,19
2,7,9,3,16,2475,DL,LAX,5,217,311,23,0,19
-4,7,9,3,8,2475,UA,LAX,5,217,311,23,0,19
-6,7,9,3,6,2475,AA,LAX,5,217,311,23,0,19
10,7,9,3,8,2475,DL,LAX,5,217,311,23,0,19
53,7,9,3,21,2475,DL,LAX,5,217,311,23,0,19
7,7,9,3,15,2475,DL,LAX,5,217,311,23,0,19
-1,7,9,3,7,2475,DL,LAX,5,217,311,23,0,19
-3,7,9,3,12,2475,DL,LAX,5,217,311,23,0,19
0,7,9,3,9,2475,DL,LAX,5,217,311,23,0,19
7,7,9,3,18,2475,DL,LAX,5,217,311,23,0,19
45,7,9,3,18,2475,AA,LAX,5,217,311,23,0,19
2,7,9,3,8,2475,AA,LAX,5,217,311,23,0,19
-3,7,16,3,9,2475,VX,LAX,12,200,272,0,0,17
136,7,16,3,7,2475,VX,LAX,12,200,272,0,0,17
3,7,16,3,20,2475,VX,LAX,12,200,272,0,0,17
10,7,16,3,11,2475,VX,LAX,12,200,272,0,0,17
-1,7,16,3,13,2475,VX,LAX,12,200,272,0,0,17
0,7,16,3,16,2475,VX,LAX,12,200,272,0,0,17
15,7,16,3,6,2475,UA,LAX,12,200,272,0,0,17
-10,7,16,3,8,2475,UA,LAX,12,200,272,0,0,17
36,7,16,3,20,2475,UA,LAX,12,200,272,0,0,17
0,7,16,3,12,2475,DL,LAX,12,200,272,0,0,17
269,7,16,3,21,2475,DL,LAX,12,200,272,0,0,17
-2,7,16,3,16,2475,AA,LAX,12,200,272,0,0,17
-1,7,16,3,10,2475,AA,LAX,12,200,272,0,0,17
61,7,16,3,11,2475,AA,LAX,12,200,272,0,0,17
23,7,16,3,15,2475,DL,LAX,12,200,272,0,0,17
-2,7,16,3,9,2475,AA,LAX,12,200,272,0,0,17
4,7,16,3,20,2475,AA,LAX,12,200,272,0,0,17
89,7,16,3,17,2475,UA,LAX,12,200,272,0,0,17
10,7,16,3,9,2475,B6,LAX,12,200,272,0,0,17
-4,7,16,3,19,2475,AA,LAX,12,200,272,0,0,17
-5,7,16,3,15,2475,AA,LAX,12,200,272,0,0,17
87,7,16,3,11,2475,UA,LAX,12,200,272,0,0,17
2,7,16,3,7,2475,DL,LAX,12,200,272,0,0,17
1,7,16,3,18,2475,AA,LAX,12,200,272,0,0,17
-9,7,16,3,12,2475,AA,LAX,12,200,272,0,0,17
28,7,16,3,7,2475,AA,LAX,12,200,272,0,0,17
22,7,16,3,20,2475,B6,LAX,12,200,272,0,0,17
1,7,16,3,14,2475,UA,LAX,12,200,272,0,0,17
17,7,16,3,18,2475,DL,LAX,12,200,272,0,0,17
4,7,16,3,6,2475,B6,LAX,12,200,272,0,0,17
0,7,16,3,17,2475,AA,LAX,12,200,272,0,0,17
6,7,16,3,12,2475,B6,LAX,12,200,272,0,0,17
45,7,16,3,16,2475,DL,LAX,12,200,272,0,0,17
13,7,16,3,16,2475,B6,LAX,12,200,272,0,0,17
-4,7,16,3,8,2475,AA,LAX,12,200,272,0,0,17
0,7,16,3,8,2475,DL,LAX,12,200,272,0,0,17
16,7,16,3,6,2475,AA,LAX,12,200,272,0,0,17
11,7,16,3,9,2475,DL,LAX,12,200,272,0,0,17
-1,7,23,3,6,2475,B6,LAX,19,222,311,48,0,22
-3,7,23,3,9,2475,DL,LAX,19,222,311,48,0,22
-5,7,23,3,6,2475,AA,LAX,19,222,311,48,0,22
-1,7,23,3,18,2475,DL,LAX,19,222,311,48,0,22
-4,7,23,3,11,2475,AA,LAX,19,222,311,48,0,22
-2,7,23,3,16,2475,B6,LAX,19,222,311,48,0,22
-4,7,23,3,16,2475,DL,LAX,19,222,311,48,0,22
-8,7,23,3,9,2475,AA,LAX,19,222,311,48,0,22
-4,7,23,3,7,2475,AA,LAX,19,222,311,48,0,22
27,7,23,3,8,2475,DL,LAX,19,222,311,48,0,22
96,7,23,3,20,2475,B6,LAX,19,222,311,48,0,22
-6,7,23,3,10,2475,AA,LAX,19,222,311,48,0,22
1,7,23,3,17,2475,AA,LAX,19,222,311,48,0,22
111,7,23,3,9,2475,B6,LAX,19,222,311,48,0,22
-2,7,23,3,8,2475,AA,LAX,19,222,311,48,0,22
-5,7,23,3,15,2475,AA,LAX,19,222,311,48,0,22
11,7,23,3,18,2475,AA,LAX,19,222,311,48,0,22
-5,7,23,3,12,2475,B6,LAX,19,222,311,48,0,22
73,7,23,3,21,2475,DL,LAX,19,222,311,48,0,22
6,7,23,3,15,2475,DL,LAX,19,222,311,48,0,22
110,7,23,3,20,2475,AA,LAX,19,222,311,48,0,22
135,7,23,3,19,2475,AA,LAX,19,222,311,48,0,22
0,7,23,3,7,2475,DL,LAX,19,222,311,48,0,22
-1,7,23,3,12,2475,DL,LAX,19,222,311,48,0,22
-2,7,23,3,16,2475,AA,LAX,19,222,311,48,0,22
-7,7,23,3,12,2475,AA,LAX,19,222,311,48,0,22
-5,7,23,3,6,2475,UA,LAX,19,222,311,48,0,22
149,7,23,3,20,2475,UA,LAX,19,222,311,48,0,22
-10,7,23,3,11,2475,UA,LAX,19,222,311,48,0,22
28,7,23,3,14,2475,UA,LAX,19,222,311,48,0,22
0,7,23,3,17,2475,UA,LAX,19,222,311,48,0,22
-6,7,23,3,8,2475,UA,LAX,19,222,311,48,0,22
17,7,23,3,16,2475,VX,LAX,19,222,311,48,0,22
176,7,23,3,20,2475,VX,LAX,19,222,311,48,0,22
0,7,23,3,7,2475,VX,LAX,19,222,311,48,0,22
-5,7,23,3,9,2475,VX,LAX,19,222,311,48,0,22
-1,7,23,3,11,2475,VX,LAX,19,222,311,48,0,22
24,7,23,3,13,2475,VX,LAX,19,222,311,48,0,22
-4,7,30,3,20,2475,VX,LAX,26,172,267,0,0,13
13,7,30,3,16,2475,VX,LAX,26,172,267,0,0,13
-7,7,30,3,13,2475,VX,LAX,26,172,267,0,0,13
-3,7,30,3,11,2475,VX,LAX,26,172,267,0,0,13
-1,7,30,3,9,2475,VX,LAX,26,172,267,0,0,13
-5,7,30,3,7,2475,VX,LAX,26,172,267,0,0,13
0,7,30,3,8,2475,UA,LAX,26,172,267,0,0,13
-4,7,30,3,6,2475,UA,LAX,26,172,267,0,0,13
-4,7,30,3,11,2475,UA,LAX,26,172,267,0,0,13
-4,7,30,3,17,2475,UA,LAX,26,172,267,0,0,13
4,7,30,3,20,2475,UA,LAX,26,172,267,0,0,13
0,7,30,3,14,2475,UA,LAX,26,172,267,0,0,13
9,7,30,3,16,2475,DL,LAX,26,172,267,0,0,13
-5,7,30,3,12,2475,AA,LAX,26,172,267,0,0,13
-7,7,30,3,17,2475,AA,LAX,26,172,267,0,0,13
62,7,30,3,12,2475,B6,LAX,26,172,267,0,0,13
-8,7,30,3,7,2475,AA,LAX,26,172,267,0,0,13
-7,7,30,3,16,2475,B6,LAX,26,172,267,0,0,13
-3,7,30,3,6,2475,AA,LAX,26,172,267,0,0,13
0,7,30,3,16,2475,AA,LAX,26,172,267,0,0,13
-1,7,30,3,6,2475,B6,LAX,26,172,267,0,0,13
2,7,30,3,20,2475,B6,LAX,26,172,267,0,0,13
4,7,30,3,9,2475,B6,LAX,26,172,267,0,0,13
29,7,30,3,21,2475,DL,LAX,26,172,267,0,0,13
31,7,30,3,15,2475,DL,LAX,26,172,267,0,0,13
-2,7,30,3,7,2475,DL,LAX,26,172,267,0,0,13
-7,7,30,3,19,2475,AA,LAX,26,172,267,0,0,13
-4,7,30,3,12,2475,DL,LAX,26,172,267,0,0,13
-5,7,30,3,11,2475,AA,LAX,26,172,267,0,0,13
4,7,30,3,15,2475,AA,LAX,26,172,267,0,0,13
-3,7,30,3,8,2475,DL,LAX,26,172,267,0,0,13
-4,7,30,3,8,2475,AA,LAX,26,172,267,0,0,13
6,7,30,3,9,2475,DL,LAX,26,172,267,0,0,13
-8,7,30,3,18,2475,AA,LAX,26,172,267,0,0,13
11,7,30,3,18,2475,DL,LAX,26,172,267,0,0,13
45,7,30,3,10,2475,AA,LAX,26,172,267,0,0,13
54,7,30,3,9,2475,AA,LAX,26,172,267,0,0,13
235,7,30,3,20,2475,AA,LAX,26,172,267,0,0,13
4,8,7,4,16,2475,DL,LAX,25,189,283,0,0,19
-4,8,7,4,11,2475,UA,LAX,25,189,283,0,0,19
1,8,7,4,17,2475,UA,LAX,25,189,283,0,0,19
30,8,7,4,20,2475,UA,LAX,25,189,283,0,0,19
23,8,7,4,21,2475,DL,LAX,25,189,283,0,0,19
-4,8,7,4,15,2475,DL,LAX,25,189,283,0,0,19
7,8,7,4,7,2475,DL,LAX,25,189,283,0,0,19
2,8,7,4,8,2475,DL,LAX,25,189,283,0,0,19
-7,8,7,4,11,2475,VX,LAX,25,189,283,0,0,19
-5,8,7,4,13,2475,VX,LAX,25,189,283,0,0,19
0,8,7,4,16,2475,VX,LAX,25,189,283,0,0,19
2,8,7,4,18,2475,DL,LAX,25,189,283,0,0,19
-3,8,7,4,20,2475,VX,LAX,25,189,283,0,0,19
-1,8,7,4,8,2475,UA,LAX,25,189,283,0,0,19
-5,8,7,4,6,2475,UA,LAX,25,189,283,0,0,19
-3,8,7,4,9,2475,DL,LAX,25,189,283,0,0,19
-2,8,7,4,14,2475,UA,LAX,25,189,283,0,0,19
1,8,7,4,12,2475,DL,LAX,25,189,283,0,0,19
-2,8,7,4,7,2475,VX,LAX,25,189,283,0,0,19
-1,8,7,4,9,2475,VX,LAX,25,189,283,0,0,19
-6,8,7,4,17,2475,AA,LAX,25,189,283,0,0,19
-2,8,7,4,6,2475,B6,LAX,25,189,283,0,0,19
-9,8,7,4,11,2475,AA,LAX,25,189,283,0,0,19
-5,8,7,4,9,2475,B6,LAX,25,189,283,0,0,19
0,8,7,4,20,2475,AA,LAX,25,189,283,0,0,19
-4,8,7,4,18,2475,AA,LAX,25,189,283,0,0,19
-6,8,7,4,12,2475,B6,LAX,25,189,283,0,0,19
-7,8,7,4,10,2475,AA,LAX,25,189,283,0,0,19
-7,8,7,4,7,2475,AA,LAX,25,189,283,0,0,19
-5,8,7,4,16,2475,B6,LAX,25,189,283,0,0,19
-4,8,7,4,8,2475,AA,LAX,25,189,283,0,0,19
-10,8,7,4,12,2475,AA,LAX,25,189,283,0,0,19
-4,8,7,4,6,2475,AA,LAX,25,189,283,0,0,19
-6,8,7,4,9,2475,AA,LAX,25,189,283,0,0,19
28,8,7,4,16,2475,AA,LAX,25,189,283,0,0,19
-6,8,7,4,19,2475,AA,LAX,25,189,283,0,0,19
-3,8,7,4,20,2475,B6,LAX,25,189,283,0,0,19
-2,8,7,4,15,2475,AA,LAX,25,189,283,0,0,19
-3,8,14,4,6,2475,AA,LAX,18,172,250,0,0,21
3,8,14,4,9,2475,B6,LAX,18,172,250,0,0,21
0,8,14,4,16,2475,B6,LAX,18,172,250,0,0,21
15,8,14,4,6,2475,B6,LAX,18,172,250,0,0,21
-10,8,14,4,12,2475,AA,LAX,18,172,250,0,0,21
-6,8,14,4,10,2475,AA,LAX,18,172,250,0,0,21
-6,8,14,4,16,2475,AA,LAX,18,172,250,0,0,21
2,8,14,4,20,2475,AA,LAX,18,172,250,0,0,21
8,8,14,4,12,2475,B6,LAX,18,172,250,0,0,21
2,8,14,4,20,2475,B6,LAX,18,172,250,0,0,21
19,8,14,4,7,2475,AA,LAX,18,172,250,0,0,21
-2,8,14,4,17,2475,AA,LAX,18,172,250,0,0,21
-6,8,14,4,18,2475,AA,LAX,18,172,250,0,0,21
-2,8,14,4,11,2475,AA,LAX,18,172,250,0,0,21
78,8,14,4,19,2475,AA,LAX,18,172,250,0,0,21
-7,8,14,4,15,2475,AA,LAX,18,172,250,0,0,21
-5,8,14,4,8,2475,AA,LAX,18,172,250,0,0,21
-6,8,14,4,9,2475,AA,LAX,18,172,250,0,0,21
-1,8,14,4,11,2475,UA,LAX,18,172,250,0,0,21
-2,8,14,4,20,2475,VX,LAX,18,172,250,0,0,21
12,8,14,4,16,2475,VX,LAX,18,172,250,0,0,21
-5,8,14,4,13,2475,VX,LAX,18,172,250,0,0,21
3,8,14,4,11,2475,VX,LAX,18,172,250,0,0,21
-1,8,14,4,9,2475,VX,LAX,18,172,250,0,0,21
-8,8,14,4,7,2475,VX,LAX,18,172,250,0,0,21
14,8,14,4,14,2475,UA,LAX,18,172,250,0,0,21
-4,8,14,4,17,2475,UA,LAX,18,172,250,0,0,21
23,8,14,4,20,2475,UA,LAX,18,172,250,0,0,21
-7,8,14,4,8,2475,UA,LAX,18,172,250,0,0,21
-1,8,14,4,6,2475,UA,LAX,18,172,250,0,0,21
-4,8,14,4,16,2475,DL,LAX,18,172,250,0,0,21
-8,8,14,4,8,2475,DL,LAX,18,172,250,0,0,21
-1,8,14,4,21,2475,DL,LAX,18,172,250,0,0,21
15,8,14,4,15,2475,DL,LAX,18,172,250,0,0,21
11,8,14,4,7,2475,DL,LAX,18,172,250,0,0,21
-6,8,14,4,12,2475,DL,LAX,18,172,250,0,0,21
-3,8,14,4,9,2475,DL,LAX,18,172,250,0,0,21
3,8,14,4,18,2475,DL,LAX,18,172,250,0,0,21
-4,8,21,4,16,2475,DL,LAX,11,183,283,89,0,16
5,8,21,4,15,2475,DL,LAX,11,183,283,89,0,16
52,8,21,4,21,2475,DL,LAX,11,183,283,89,0,16
-9,8,21,4,8,2475,DL,LAX,11,183,283,89,0,16
-3,8,21,4,7,2475,VX,LAX,11,183,283,89,0,16
-3,8,21,4,9,2475,VX,LAX,11,183,283,89,0,16
-4,8,21,4,11,2475,VX,LAX,11,183,283,89,0,16
-5,8,21,4,13,2475,VX,LAX,11,183,283,89,0,16
2,8,21,4,16,2475,VX,LAX,11,183,283,89,0,16
15,8,21,4,20,2475,VX,LAX,11,183,283,89,0,16
0,8,21,4,18,2475,DL,LAX,11,183,283,89,0,16
-6,8,21,4,9,2475,DL,LAX,11,183,283,89,0,16
5,8,21,4,12,2475,DL,LAX,11,183,283,89,0,16
18,8,21,4,7,2475,DL,LAX,11,183,283,89,0,16
-3,8,21,4,11,2475,UA,LAX,11,183,283,89,0,16
1,8,21,4,14,2475,UA,LAX,11,183,283,89,0,16
5,8,21,4,6,2475,UA,LAX,11,183,283,89,0,16
-1,8,21,4,8,2475,UA,LAX,11,183,283,89,0,16
39,8,21,4,20,2475,UA,LAX,11,183,283,89,0,16
-1,8,21,4,17,2475,UA,LAX,11,183,283,89,0,16
1,8,21,4,16,2475,B6,LAX,11,183,283,89,0,16
-5,8,21,4,8,2475,AA,LAX,11,183,283,89,0,16
89,8,21,4,17,2475,AA,LAX,11,183,283,89,0,16
-7,8,21,4,12,2475,B6,LAX,11,183,283,89,0,16
9,8,21,4,20,2475,B6,LAX,11,183,283,89,0,16
-6,8,21,4,9,2475,AA,LAX,11,183,283,89,0,16
-4,8,21,4,7,2475,AA,LAX,11,183,283,89,0,16
0,8,21,4,6,2475,B6,LAX,11,183,283,89,0,16
-8,8,21,4,12,2475,AA,LAX,11,183,283,89,0,16
103,8,21,4,18,2475,AA,LAX,11,183,283,89,0,16
-7,8,21,4,9,2475,B6,LAX,11,183,283,89,0,16
-2,8,21,4,6,2475,AA,LAX,11,183,283,89,0,16
-4,8,21,4,14,2475,AA,LAX,11,183,283,89,0,16
-4,8,21,4,10,2475,AA,LAX,11,183,283,89,0,16
2,8,21,4,11,2475,AA,LAX,11,183,283,89,0,16
50,8,21,4,20,2475,AA,LAX,11,183,283,89,0,16
197,8,21,4,19,2475,AA,LAX,11,183,283,89,0,16
50,8,21,4,16,2475,AA,LAX,11,183,283,89,0,16
-5,8,28,4,18,2475,DL,LAX,4,189,278,0,0,24
13,8,28,4,16,2475,VX,LAX,4,189,278,0,0,24
-3,8,28,4,20,2475,VX,LAX,4,189,278,0,0,24
3,8,28,4,16,2475,DL,LAX,4,189,278,0,0,24
-10,8,28,4,7,2475,VX,LAX,4,189,278,0,0,24
-9,8,28,4,9,2475,VX,LAX,4,189,278,0,0,24
-9,8,28,4,11,2475,VX,LAX,4,189,278,0,0,24
-11,8,28,4,13,2475,VX,LAX,4,189,278,0,0,24
-7,8,28,4,21,2475,DL,LAX,4,189,278,0,0,24
-1,8,28,4,7,2475,DL,LAX,4,189,278,0,0,24
-2,8,28,4,12,2475,DL,LAX,4,189,278,0,0,24
-7,8,28,4,8,2475,DL,LAX,4,189,278,0,0,24
-1,8,28,4,15,2475,DL,LAX,4,189,278,0,0,24
-5,8,28,4,9,2475,DL,LAX,4,189,278,0,0,24
-4,8,28,4,9,2475,AA,LAX,4,189,278,0,0,24
-8,8,28,4,14,2475,AA,LAX,4,189,278,0,0,24
-3,8,28,4,16,2475,AA,LAX,4,189,278,0,0,24
-9,8,28,4,7,2475,AA,LAX,4,189,278,0,0,24
-1,8,28,4,12,2475,B6,LAX,4,189,278,0,0,24
-3,8,28,4,9,2475,B6,LAX,4,189,278,0,0,24
-5,8,28,4,10,2475,AA,LAX,4,189,278,0,0,24
5,8,28,4,12,2475,AA,LAX,4,189,278,0,0,24
-1,8,28,4,18,2475,AA,LAX,4,189,278,0,0,24
-2,8,28,4,6,2475,AA,LAX,4,189,278,0,0,24
8,8,28,4,16,2475,B6,LAX,4,189,278,0,0,24
9,8,28,4,19,2475,AA,LAX,4,189,278,0,0,24
8,8,28,4,11,2475,AA,LAX,4,189,278,0,0,24
4,8,28,4,20,2475,AA,LAX,4,189,278,0,0,24
-3,8,28,4,6,2475,B6,LAX,4,189,278,0,0,24
208,8,28,4,17,2475,AA,LAX,4,189,278,0,0,24
-1,8,28,4,20,2475,B6,LAX,4,189,278,0,0,24
-7,8,28,4,8,2475,AA,LAX,4,189,278,0,0,24
-4,8,28,4,8,2475,UA,LAX,4,189,278,0,0,24
-5,8,28,4,6,2475,UA,LAX,4,189,278,0,0,24
-5,8,28,4,14,2475,UA,LAX,4,189,278,0,0,24
-5,8,28,4,17,2475,UA,LAX,4,189,278,0,0,24
-2,8,28,4,11,2475,UA,LAX,4,189,278,0,0,24
-5,8,28,4,20,2475,UA,LAX,4,189,278,0,0,24
-6,9,5,5,17,2475,UA,LAX,4,222,306,0,0,13
6,9,5,5,14,2475,UA,LAX,4,222,306,0,0,13
-10,9,5,5,8,2475,UA,LAX,4,222,306,0,0,13
-3,9,5,5,20,2475,UA,LAX,4,222,306,0,0,13
-10,9,5,5,11,2475,UA,LAX,4,222,306,0,0,13
-3,9,5,5,6,2475,B6,LAX,4,222,306,0,0,13
-3,9,5,5,16,2475,B6,LAX,4,222,306,0,0,13
-2,9,5,5,7,2475,VX,LAX,4,222,306,0,0,13
16,9,5,5,21,2475,DL,LAX,4,222,306,0,0,13
-3,9,5,5,20,2475,B6,LAX,4,222,306,0,0,13
-2,9,5,5,16,2475,DL,LAX,4,222,306,0,0,13
-6,9,5,5,11,2475,B6,LAX,4,222,306,0,0,13
-3,9,5,5,7,2475,DL,LAX,4,222,306,0,0,13
-5,9,5,5,9,2475,B6,LAX,4,222,306,0,0,13
-4,9,5,5,19,2475,AA,LAX,4,222,306,0,0,13
-6,9,5,5,12,2475,DL,LAX,4,222,306,0,0,13
2,9,5,5,17,2475,AA,LAX,4,222,306,0,0,13
-3,9,5,5,15,2475,DL,LAX,4,222,306,0,0,13
-2,9,5,5,9,2475,DL,LAX,4,222,306,0,0,13
-6,9,5,5,6,2475,AA,LAX,4,222,306,0,0,13
-2,9,5,5,18,2475,DL,LAX,4,222,306,0,0,13
12,9,5,5,10,2475,AA,LAX,4,222,306,0,0,13
-3,9,5,5,16,2475,AA,LAX,4,222,306,0,0,13
-5,9,5,5,14,2475,AA,LAX,4,222,306,0,0,13
2,9,5,5,20,2475,AA,LAX,4,222,306,0,0,13
-2,9,5,5,8,2475,AA,LAX,4,222,306,0,0,13
-3,9,5,5,18,2475,AA,LAX,4,222,306,0,0,13
-8,9,5,5,11,2475,AA,LAX,4,222,306,0,0,13
-7,9,5,5,7,2475,AA,LAX,4,222,306,0,0,13
-7,9,5,5,12,2475,AA,LAX,4,222,306,0,0,13
-7,9,5,5,9,2475,AA,LAX,4,222,306,0,0,13
-3,9,5,5,20,2475,VX,LAX,4,222,306,0,0,13
-6,9,5,5,16,2475,VX,LAX,4,222,306,0,0,13
-11,9,5,5,13,2475,VX,LAX,4,222,306,0,0,13
-5,9,5,5,11,2475,VX,LAX,4,222,306,0,0,13
-6,9,5,5,9,2475,VX,LAX,4,222,306,0,0,13
-9,9,5,5,8,2475,DL,LAX,4,222,306,0,0,13
25,9,12,5,20,2475,UA,LAX,11,167,256,0,0,23
9,9,12,5,17,2475,UA,LAX,11,167,256,0,0,23
-6,9,12,5,11,2475,UA,LAX,11,167,256,0,0,23
4,9,12,5,14,2475,UA,LAX,11,167,256,0,0,23
1,9,12,5,6,2475,UA,LAX,11,167,256,0,0,23
-4,9,12,5,8,2475,UA,LAX,11,167,256,0,0,23
-3,9,12,5,16,2475,AA,LAX,11,167,256,0,0,23
-4,9,12,5,7,2475,AA,LAX,11,167,256,0,0,23
-3,9,12,5,16,2475,B6,LAX,11,167,256,0,0,23
-6,9,12,5,20,2475,B6,LAX,11,167,256,0,0,23
7,9,12,5,11,2475,VX,LAX,11,167,256,0,0,23
2,9,12,5,9,2475,B6,LAX,11,167,256,0,0,23
9,9,12,5,8,2475,AA,LAX,11,167,256,0,0,23
-4,9,12,5,17,2475,AA,LAX,11,167,256,0,0,23
-6,9,12,5,12,2475,AA,LAX,11,167,256,0,0,23
175,9,12,5,11,2475,AA,LAX,11,167,256,0,0,23
-8,9,12,5,7,2475,VX,LAX,11,167,256,0,0,23
-7,9,12,5,14,2475,AA,LAX,11,167,256,0,0,23
-12,9,12,5,9,2475,AA,LAX,11,167,256,0,0,23
-3,9,12,5,20,2475,AA,LAX,11,167,256,0,0,23
-9,9,12,5,9,2475,VX,LAX,11,167,256,0,0,23
-6,9,12,5,20,2475,VX,LAX,11,167,256,0,0,23
17,9,12,5,10,2475,AA,LAX,11,167,256,0,0,23
1,9,12,5,19,2475,AA,LAX,11,167,256,0,0,23
5,9,12,5,11,2475,B6,LAX,11,167,256,0,0,23
-3,9,12,5,6,2475,AA,LAX,11,167,256,0,0,23
-5,9,12,5,16,2475,VX,LAX,11,167,256,0,0,23
2,9,12,5,13,2475,VX,LAX,11,167,256,0,0,23
-2,9,12,5,18,2475,AA,LAX,11,167,256,0,0,23
-7,9,12,5,8,2475,DL,LAX,11,167,256,0,0,23
4,9,12,5,16,2475,DL,LAX,11,167,256,0,0,23
-1,9,12,5,21,2475,DL,LAX,11,167,256,0,0,23
-2,9,12,5,12,2475,DL,LAX,11,167,256,0,0,23
-5,9,12,5,6,2475,B6,LAX,11,167,256,0,0,23
-7,9,12,5,9,2475,DL,LAX,11,167,256,0,0,23
23,9,12,5,18,2475,DL,LAX,11,167,256,0,0,23
6,9,12,5,15,2475,DL,LAX,11,167,256,0,0,23
-7,9,12,5,7,2475,DL,LAX,11,167,256,0,0,23
-2,9,19,5,9,2475,DL,LAX,18,122,189,0,0,34
-1,9,19,5,15,2475,DL,LAX,18,122,189,0,0,34
-9,9,19,5,6,2475,B6,LAX,18,122,189,0,0,34
50,9,19,5,18,2475,DL,LAX,18,122,189,0,0,34
-2,9,19,5,8,2475,DL,LAX,18,122,189,0,0,34
36,9,19,5,21,2475,DL,LAX,18,122,189,0,0,34
-1,9,19,5,16,2475,DL,LAX,18,122,189,0,0,34
-3,9,19,5,7,2475,DL,LAX,18,122,189,0,0,34
-3,9,19,5,12,2475,DL,LAX,18,122,189,0,0,34
-5,9,19,5,9,2475,AA,LAX,18,122,189,0,0,34
1,9,19,5,20,2475,VX,LAX,18,122,189,0,0,34
-5,9,19,5,11,2475,VX,LAX,18,122,189,0,0,34
-7,9,19,5,13,2475,VX,LAX,18,122,189,0,0,34
-6,9,19,5,10,2475,AA,LAX,18,122,189,0,0,34
-1,9,19,5,16,2475,VX,LAX,18,122,189,0,0,34
2,9,19,5,16,2475,B6,LAX,18,122,189,0,0,34
-4,9,19,5,8,2475,AA,LAX,18,122,189,0,0,34
-3,9,19,5,11,2475,B6,LAX,18,122,189,0,0,34
-6,9,19,5,7,2475,AA,LAX,18,122,189,0,0,34
-1,9,19,5,20,2475,B6,LAX,18,122,189,0,0,34
-9,9,19,5,9,2475,B6,LAX,18,122,189,0,0,34
-5,9,19,5,18,2475,AA,LAX,18,122,189,0,0,34
-1,9,19,5,20,2475,AA,LAX,18,122,189,0,0,34
6,9,19,5,8,2475,B6,LAX,18,122,189,0,0,34
1,9,19,5,17,2475,AA,LAX,18,122,189,0,0,34
-6,9,19,5,6,2475,UA,LAX,18,122,189,0,0,34
-3,9,19,5,12,2475,AA,LAX,18,122,189,0,0,34
-2,9,19,5,8,2475,UA,LAX,18,122,189,0,0,34
-5,9,19,5,20,2475,UA,LAX,18,122,189,0,0,34
-4,9,19,5,14,2475,AA,LAX,18,122,189,0,0,34
-3,9,19,5,17,2475,UA,LAX,18,122,189,0,0,34
0,9,19,5,11,2475,UA,LAX,18,122,189,0,0,34
-2,9,19,5,14,2475,UA,LAX,18,122,189,0,0,34
-7,9,19,5,19,2475,AA,LAX,18,122,189,0,0,34
-3,9,19,5,11,2475,AA,LAX,18,122,189,0,0,34
-4,9,19,5,7,2475,VX,LAX,18,122,189,0,0,34
1,9,19,5,16,2475,AA,LAX,18,122,189,0,0,34
-9,9,19,5,6,2475,AA,LAX,18,122,189,0,0,34
-5,9,19,5,9,2475,VX,LAX,18,122,189,0,0,34
3,9,26,5,16,2475,VX,LAX,17,144,250,0,0,19
-8,9,26,5,9,2475,AA,LAX,17,144,250,0,0,19
8,9,26,5,8,2475,AA,LAX,17,144,250,0,0,19
-1,9,26,5,14,2475,AA,LAX,17,144,250,0,0,19
-10,9,26,5,8,2475,B6,LAX,17,144,250,0,0,19
13,9,26,5,16,2475,B6,LAX,17,144,250,0,0,19
4,9,26,5,16,2475,AA,LAX,17,144,250,0,0,19
-5,9,26,5,17,2475,AA,LAX,17,144,250,0,0,19
11,9,26,5,20,2475,VX,LAX,17,144,250,0,0,19
-3,9,26,5,11,2475,B6,LAX,17,144,250,0,0,19
-7,9,26,5,12,2475,AA,LAX,17,144,250,0,0,19
8,9,26,5,20,2475,AA,LAX,17,144,250,0,0,19
0,9,26,5,11,2475,VX,LAX,17,144,250,0,0,19
-6,9,26,5,9,2475,VX,LAX,17,144,250,0,0,19
-4,9,26,5,18,2475,AA,LAX,17,144,250,0,0,19
-4,9,26,5,11,2475,AA,LAX,17,144,250,0,0,19
0,9,26,5,9,2475,B6,LAX,17,144,250,0,0,19
-4,9,26,5,7,2475,AA,LAX,17,144,250,0,0,19
-6,9,26,5,13,2475,VX,LAX,17,144,250,0,0,19
-7,9,26,5,6,2475,AA,LAX,17,144,250,0,0,19
-3,9,26,5,7,2475,VX,LAX,17,144,250,0,0,19
-3,9,26,5,20,2475,B6,LAX,17,144,250,0,0,19
-4,9,26,5,10,2475,AA,LAX,17,144,250,0,0,19
0,9,26,5,19,2475,AA,LAX,17,144,250,0,0,19
-2,9,26,5,11,2475,UA,LAX,17,144,250,0,0,19
1,9,26,5,14,2475,UA,LAX,17,144,250,0,0,19
0,9,26,5,17,2475,UA,LAX,17,144,250,0,0,19
-3,9,26,5,8,2475,UA,LAX,17,144,250,0,0,19
-7,9,26,5,6,2475,UA,LAX,17,144,250,0,0,19
14,9,26,5,20,2475,UA,LAX,17,144,250,0,0,19
34,9,26,5,16,2475,DL,LAX,17,144,250,0,0,19
-3,9,26,5,9,2475,DL,LAX,17,144,250,0,0,19
-8,9,26,5,8,2475,DL,LAX,17,144,250,0,0,19
51,9,26,5,21,2475,DL,LAX,17,144,250,0,0,19
-7,9,26,5,7,2475,DL,LAX,17,144,250,0,0,19
-3,9,26,5,12,2475,DL,LAX,17,144,250,0,0,19
3,9,26,5,18,2475,DL,LAX,17,144,250,0,0,19
0,9,26,5,15,2475,DL,LAX,17,144,250,0,0,19
-7,9,26,5,6,2475,B6,LAX,17,144,250,0,0,19
-4,10,3,5,11,2475,AA,LAX,10,133,217,0,0,19
-7,10,3,5,19,2475,AA,LAX,10,133,217,0,0,19
-6,10,3,5,17,2475,UA,LAX,10,133,217,0,0,19
-2,10,3,5,11,2475,UA,LAX,10,133,217,0,0,19
1,10,3,5,12,2475,AA,LAX,10,133,217,0,0,19
0,10,3,5,17,2475,AA,LAX,10,133,217,0,0,19
-5,10,3,5,14,2475,AA,LAX,10,133,217,0,0,19
-6,10,3,5,8,2475,AA,LAX,10,133,217,0,0,19
2,10,3,5,7,2475,VX,LAX,10,133,217,0,0,19
3,10,3,5,9,2475,VX,LAX,10,133,217,0,0,19
-1,10,3,5,11,2475,VX,LAX,10,133,217,0,0,19
-2,10,3,5,13,2475,VX,LAX,10,133,217,0,0,19
3,10,3,5,16,2475,VX,LAX,10,133,217,0,0,19
62,10,3,5,20,2475,VX,LAX,10,133,217,0,0,19
-6,10,3,5,7,2475,AA,LAX,10,133,217,0,0,19
-2,10,3,5,14,2475,UA,LAX,10,133,217,0,0,19
-5,10,3,5,9,2475,AA,LAX,10,133,217,0,0,19
42,10,3,5,20,2475,UA,LAX,10,133,217,0,0,19
7,10,3,5,8,2475,UA,LAX,10,133,217,0,0,19
1,10,3,5,6,2475,UA,LAX,10,133,217,0,0,19
-5,10,3,5,18,2475,AA,LAX,10,133,217,0,0,19
15,10,3,5,20,2475,AA,LAX,10,133,217,0,0,19
-4,10,3,5,16,2475,AA,LAX,10,133,217,0,0,19
65,10,3,5,11,2475,B6,LAX,10,133,217,0,0,19
0,10,3,5,20,2475,B6,LAX,10,133,217,0,0,19
-6,10,3,5,9,2475,B6,LAX,10,133,217,0,0,19
-6,10,3,5,10,2475,AA,LAX,10,133,217,0,0,19
-8,10,3,5,8,2475,B6,LAX,10,133,217,0,0,19
-8,10,3,5,6,2475,B6,LAX,10,133,217,0,0,19
-6,10,3,5,9,2475,DL,LAX,10,133,217,0,0,19
5,10,3,5,15,2475,DL,LAX,10,133,217,0,0,19
-1,10,3,5,21,2475,DL,LAX,10,133,217,0,0,19
-3,10,3,5,7,2475,DL,LAX,10,133,217,0,0,19
0,10,3,5,12,2475,DL,LAX,10,133,217,0,0,19
-2,10,3,5,9,2475,DL,LAX,10,133,217,0,0,19
10,10,3,5,16,2475,DL,LAX,10,133,217,0,0,19
0,10,3,5,18,2475,DL,LAX,10,133,217,0,0,19
-5,10,3,5,6,2475,AA,LAX,10,133,217,0,0,19
0,10,3,5,16,2475,B6,LAX,10,133,217,0,0,19
-4,10,10,5,9,2475,DL,LAX,3,111,178,0,0,10
24,10,10,5,21,2475,B6,LAX,3,111,178,0,0,10
-6,10,10,5,10,2475,AA,LAX,3,111,178,0,0,10
29,10,10,5,16,2475,B6,LAX,3,111,178,0,0,10
40,10,10,5,16,2475,DL,LAX,3,111,178,0,0,10
8,10,10,5,18,2475,DL,LAX,3,111,178,0,0,10
-1,10,10,5,12,2475,DL,LAX,3,111,178,0,0,10
-1,10,10,5,7,2475,DL,LAX,3,111,178,0,0,10
30,10,10,5,15,2475,DL,LAX,3,111,178,0,0,10
-1,10,10,5,9,2475,DL,LAX,3,111,178,0,0,10
22,10,10,5,11,2475,B6,LAX,3,111,178,0,0,10
-9,10,10,5,6,2475,AA,LAX,3,111,178,0,0,10
-1,10,10,5,8,2475,B6,LAX,3,111,178,0,0,10
-5,10,10,5,6,2475,B6,LAX,3,111,178,0,0,10
-7,10,10,5,9,2475,B6,LAX,3,111,178,0,0,10
90,10,10,5,21,2475,DL,LAX,3,111,178,0,0,10
-6,10,10,5,18,2475,AA,LAX,3,111,178,0,0,10
-2,10,10,5,20,2475,UA,LAX,3,111,178,0,0,10
0,10,10,5,8,2475,UA,LAX,3,111,178,0,0,10
37,10,10,5,16,2475,AA,LAX,3,111,178,0,0,10
-3,10,10,5,7,2475,VX,LAX,3,111,178,0,0,10
-5,10,10,5,9,2475,AA,LAX,3,111,178,0,0,10
-2,10,10,5,6,2475,UA,LAX,3,111,178,0,0,10
-6,10,10,5,9,2475,VX,LAX,3,111,178,0,0,10
129,10,10,5,20,2475,VX,LAX,3,111,178,0,0,10
-12,10,10,5,11,2475,AA,LAX,3,111,178,0,0,10
-1,10,10,5,11,2475,VX,LAX,3,111,178,0,0,10
-8,10,10,5,7,2475,AA,LAX,3,111,178,0,0,10
-6,10,10,5,14,2475,AA,LAX,3,111,178,0,0,10
23,10,10,5,17,2475,AA,LAX,3,111,178,0,0,10
-8,10,10,5,13,2475,VX,LAX,3,111,178,0,0,10
198,10,10,5,20,2475,AA,LAX,3,111,178,0,0,10
23,10,10,5,16,2475,VX,LAX,3,111,178,0,0,10
-4,10,10,5,8,2475,AA,LAX,3,111,178,0,0,10
0,10,10,5,19,2475,AA,LAX,3,111,178,0,0,10
6,10,10,5,11,2475,UA,LAX,3,111,178,0,0,10
-6,10,10,5,12,2475,AA,LAX,3,111,178,0,0,10
35,10,10,5,17,2475,UA,LAX,3,111,178,0,0,10
19,10,10,5,14,2475,UA,LAX,3,111,178,0,0,10
-6,10,17,5,7,2475,VX,LAX,4,150,217,0,0,20
-6,10,17,5,20,2475,VX,LAX,4,150,217,0,0,20
-4,10,17,5,18,2475,AA,LAX,4,150,217,0,0,20
-7,10,17,5,11,2475,AA,LAX,4,150,217,0,0,20
-5,10,17,5,8,2475,AA,LAX,4,150,217,0,0,20
-7,10,17,5,20,2475,AA,LAX,4,150,217,0,0,20
-2,10,17,5,16,2475,AA,LAX,4,150,217,0,0,20
-5,10,17,5,19,2475,AA,LAX,4,150,217,0,0,20
-5,10,17,5,6,2475,UA,LAX,4,150,217,0,0,20
-6,10,17,5,9,2475,AA,LAX,4,150,217,0,0,20
-5,10,17,5,8,2475,UA,LAX,4,150,217,0,0,20
-3,10,17,5,17,2475,AA,LAX,4,150,217,0,0,20
-6,10,17,5,12,2475,AA,LAX,4,150,217,0,0,20
42,10,17,5,20,2475,UA,LAX,4,150,217,0,0,20
54,10,17,5,17,2475,UA,LAX,4,150,217,0,0,20
-4,10,17,5,11,2475,UA,LAX,4,150,217,0,0,20
-7,10,17,5,7,2475,AA,LAX,4,150,217,0,0,20
-4,10,17,5,14,2475,AA,LAX,4,150,217,0,0,20
-2,10,17,5,13,2475,VX,LAX,4,150,217,0,0,20
-3,10,17,5,11,2475,VX,LAX,4,150,217,0,0,20
-7,10,17,5,9,2475,VX,LAX,4,150,217,0,0,20
-3,10,17,5,16,2475,VX,LAX,4,150,217,0,0,20
-8,10,17,5,9,2475,DL,LAX,4,150,217,0,0,20
-6,10,17,5,6,2475,B6,LAX,4,150,217,0,0,20
-3,10,17,5,11,2475,B6,LAX,4,150,217,0,0,20
-1,10,17,5,16,2475,B6,LAX,4,150,217,0,0,20
-5,10,17,5,10,2475,AA,LAX,4,150,217,0,0,20
10,10,17,5,20,2475,B6,LAX,4,150,217,0,0,20
13,10,17,5,12,2475,DL,LAX,4,150,217,0,0,20
-5,10,17,5,7,2475,DL,LAX,4,150,217,0,0,20
-5,10,17,5,9,2475,B6,LAX,4,150,217,0,0,20
-7,10,17,5,6,2475,AA,LAX,4,150,217,0,0,20
-5,10,17,5,15,2475,DL,LAX,4,150,217,0,0,20
-3,10,17,5,8,2475,B6,LAX,4,150,217,0,0,20
0,10,17,5,9,2475,DL,LAX,4,150,217,0,0,20
49,10,17,5,21,2475,DL,LAX,4,150,217,0,0,20
1,10,17,5,18,2475,DL,LAX,4,150,217,0,0,20
0,10,17,5,16,2475,DL,LAX,4,150,217,0,0,20
3,10,24,5,6,2475,AA,LAX,11,106,172,0,0,20
-8,10,24,5,16,2475,B6,LAX,11,106,172,0,0,20
-1,10,24,5,11,2475,B6,LAX,11,106,172,0,0,20
-3,10,24,5,9,2475,DL,LAX,11,106,172,0,0,20
12,10,24,5,16,2475,DL,LAX,11,106,172,0,0,20
1,10,24,5,18,2475,DL,LAX,11,106,172,0,0,20
44,10,24,5,9,2475,DL,LAX,11,106,172,0,0,20
-1,10,24,5,9,2475,B6,LAX,11,106,172,0,0,20
29,10,24,5,6,2475,B6,LAX,11,106,172,0,0,20
-3,10,24,5,21,2475,B6,LAX,11,106,172,0,0,20
-4,10,24,5,8,2475,B6,LAX,11,106,172,0,0,20
0,10,24,5,15,2475,DL,LAX,11,106,172,0,0,20
20,10,24,5,21,2475,DL,LAX,11,106,172,0,0,20
-4,10,24,5,10,2475,AA,LAX,11,106,172,0,0,20
22,10,24,5,7,2475,DL,LAX,11,106,172,0,0,20
-3,10,24,5,12,2475,DL,LAX,11,106,172,0,0,20
-5,10,24,5,8,2475,UA,LAX,11,106,172,0,0,20
23,10,24,5,20,2475,UA,LAX,11,106,172,0,0,20
-3,10,24,5,17,2475,UA,LAX,11,106,172,0,0,20
-5,10,24,5,20,2475,AA,LAX,11,106,172,0,0,20
-4,10,24,5,17,2475,AA,LAX,11,106,172,0,0,20
4,10,24,5,16,2475,AA,LAX,11,106,172,0,0,20
3,10,24,5,11,2475,UA,LAX,11,106,172,0,0,20
-8,10,24,5,14,2475,UA,LAX,11,106,172,0,0,20
-7,10,24,5,14,2475,AA,LAX,11,106,172,0,0,20
-7,10,24,5,8,2475,AA,LAX,11,106,172,0,0,20
-2,10,24,5,18,2475,AA,LAX,11,106,172,0,0,20
-3,10,24,5,11,2475,AA,LAX,11,106,172,0,0,20
-8,10,24,5,7,2475,AA,LAX,11,106,172,0,0,20
-4,10,24,5,19,2475,AA,LAX,11,106,172,0,0,20
-4,10,24,5,12,2475,AA,LAX,11,106,172,0,0,20
-5,10,24,5,9,2475,AA,LAX,11,106,172,0,0,20
-5,10,24,5,20,2475,VX,LAX,11,106,172,0,0,20
-2,10,24,5,16,2475,VX,LAX,11,106,172,0,0,20
-6,10,24,5,13,2475,VX,LAX,11,106,172,0,0,20
0,10,24,5,11,2475,VX,LAX,11,106,172,0,0,20
-3,10,24,5,9,2475,VX,LAX,11,106,172,0,0,20
-4,10,24,5,7,2475,VX,LAX,11,106,172,0,0,20
-4,10,24,5,6,2475,UA,LAX,11,106,172,0,0,20
-7,10,31,5,19,2475,AA,LAX,11,72,128,13,0,29
128,10,31,5,17,2475,AA,LAX,11,72,128,13,0,29
-8,10,31,5,16,2475,AA,LAX,11,72,128,13,0,29
-7,10,31,5,14,2475,AA,LAX,11,72,128,13,0,29
-6,10,31,5,8,2475,AA,LAX,11,72,128,13,0,29
-6,10,31,5,11,2475,AA,LAX,11,72,128,13,0,29
0,10,31,5,7,2475,AA,LAX,11,72,128,13,0,29
-10,10,31,5,12,2475,AA,LAX,11,72,128,13,0,29
-3,10,31,5,9,2475,AA,LAX,11,72,128,13,0,29
-4,10,31,5,20,2475,VX,LAX,11,72,128,13,0,29
0,10,31,5,16,2475,VX,LAX,11,72,128,13,0,29
-1,10,31,5,13,2475,VX,LAX,11,72,128,13,0,29
-7,10,31,5,9,2475,VX,LAX,11,72,128,13,0,29
14,10,31,5,7,2475,VX,LAX,11,72,128,13,0,29
-6,10,31,5,11,2475,UA,LAX,11,72,128,13,0,29
0,10,31,5,17,2475,UA,LAX,11,72,128,13,0,29
85,10,31,5,8,2475,UA,LAX,11,72,128,13,0,29
0,10,31,5,6,2475,UA,LAX,11,72,128,13,0,29
-6,10,31,5,7,2475,B6,LAX,11,72,128,13,0,29
-5,10,31,5,6,2475,B6,LAX,11,72,128,13,0,29
-4,10,31,5,18,2475,DL,LAX,11,72,128,13,0,29
-4,10,31,5,16,2475,DL,LAX,11,72,128,13,0,29
0,10,31,5,9,2475,DL,LAX,11,72,128,13,0,29
-5,10,31,5,12,2475,DL,LAX,11,72,128,13,0,29
-3,10,31,5,7,2475,DL,LAX,11,72,128,13,0,29
4,10,31,5,21,2475,DL,LAX,11,72,128,13,0,29
-2,10,31,5,15,2475,DL,LAX,11,72,128,13,0,29
10,10,31,5,21,2475,B6,LAX,11,72,128,13,0,29
-2,10,31,5,15,2475,B6,LAX,11,72,128,13,0,29
-6,10,31,5,9,2475,B6,LAX,11,72,128,13,0,29
-3,10,31,5,9,2475,AA,LAX,11,72,128,13,0,29
-8,10,31,5,6,2475,AA,LAX,11,72,128,13,0,29
4,11,1,6,8,2475,DL,LAX,10,56,83,89,0,40
-4,11,1,6,7,2475,AA,LAX,10,56,83,89,0,40
-2,11,1,6,9,2475,B6,LAX,10,56,83,89,0,40
-3,11,1,6,7,2475,B6,LAX,10,56,83,89,0,40
-6,11,1,6,6,2475,B6,LAX,10,56,83,89,0,40
-4,11,1,6,11,2475,AA,LAX,10,56,83,89,0,40
0,11,1,6,21,2475,B6,LAX,10,56,83,89,0,40
76,11,1,6,12,2475,AA,LAX,10,56,83,89,0,40
-5,11,1,6,17,2475,AA,LAX,10,56,83,89,0,40
34,11,1,6,16,2475,AA,LAX,10,56,83,89,0,40
44,11,1,6,15,2475,B6,LAX,10,56,83,89,0,40
14,11,1,6,18,2475,DL,LAX,10,56,83,89,0,40
5,11,1,6,16,2475,DL,LAX,10,56,83,89,0,40
-1,11,1,6,9,2475,DL,LAX,10,56,83,89,0,40
43,11,1,6,12,2475,DL,LAX,10,56,83,89,0,40
-4,11,1,6,7,2475,DL,LAX,10,56,83,89,0,40
28,11,1,6,15,2475,DL,LAX,10,56,83,89,0,40
-3,11,1,6,9,2475,AA,LAX,10,56,83,89,0,40
3,11,1,6,18,2475,AA,LAX,10,56,83,89,0,40
-7,11,1,6,9,2475,AA,LAX,10,56,83,89,0,40
-4,11,1,6,19,2475,AA,LAX,10,56,83,89,0,40
108,11,1,6,14,2475,AA,LAX,10,56,83,89,0,40
41,11,1,6,8,2475,AA,LAX,10,56,83,89,0,40
9,11,1,6,20,2475,AA,LAX,10,56,83,89,0,40
-5,11,1,6,11,2475,UA,LAX,10,56,83,89,0,40
-2,11,1,6,8,2475,UA,LAX,10,56,83,89,0,40
-4,11,1,6,6,2475,UA,LAX,10,56,83,89,0,40
-5,11,1,6,7,2475,VX,LAX,10,56,83,89,0,40
-4,11,1,6,9,2475,VX,LAX,10,56,83,89,0,40
33,11,1,6,16,2475,VX,LAX,10,56,83,89,0,40
111,11,1,6,13,2475,VX,LAX,10,56,83,89,0,40
12,11,1,6,18,2475,UA,LAX,10,56,83,89,0,40
50,11,1,6,14,2475,UA,LAX,10,56,83,89,0,40
-7,11,8,6,20,2475,AA,LAX,3,22,89,0,0,27
81,11,8,6,11,2475,AA,LAX,3,22,89,0,0,27
-1,11,8,6,8,2475,DL,LAX,3,22,89,0,0,27
-1,11,8,6,14,2475,AA,LAX,3,22,89,0,0,27
-1,11,8,6,7,2475,AA,LAX,3,22,89,0,0,27
-4,11,8,6,16,2475,DL,LAX,3,22,89,0,0,27
-6,11,8,6,16,2475,AA,LAX,3,22,89,0,0,27
4,11,8,6,20,2475,AA,LAX,3,22,89,0,0,27
-5,11,8,6,11,2475,DL,LAX,3,22,89,0,0,27
9,11,8,6,21,2475,B6,LAX,3,22,89,0,0,27
-5,11,8,6,9,2475,AA,LAX,3,22,89,0,0,27
-8,11,8,6,8,2475,DL,LAX,3,22,89,0,0,27
-4,11,8,6,15,2475,DL,LAX,3,22,89,0,0,27
-8,11,8,6,10,2475,AA,LAX,3,22,89,0,0,27
2,11,8,6,18,2475,DL,LAX,3,22,89,0,0,27
-6,11,8,6,8,2475,AA,LAX,3,22,89,0,0,27
-4,11,8,6,15,2475,B6,LAX,3,22,89,0,0,27
-8,11,8,6,9,2475,B6,LAX,3,22,89,0,0,27
-1,11,8,6,7,2475,B6,LAX,3,22,89,0,0,27
-2,11,8,6,17,2475,AA,LAX,3,22,89,0,0,27
-4,11,8,6,6,2475,B6,LAX,3,22,89,0,0,27
-6,11,8,6,12,2475,AA,LAX,3,22,89,0,0,27
-5,11,8,6,7,2475,VX,LAX,3,22,89,0,0,27
-10,11,8,6,9,2475,VX,LAX,3,22,89,0,0,27
-2,11,8,6,13,2475,VX,LAX,3,22,89,0,0,27
-4,11,8,6,16,2475,VX,LAX,3,22,89,0,0,27
-6,11,8,6,18,2475,UA,LAX,3,22,89,0,0,27
-8,11,8,6,6,2475,UA,LAX,3,22,89,0,0,27
0,11,8,6,14,2475,UA,LAX,3,22,89,0,0,27
-6,11,8,6,11,2475,UA,LAX,3,22,89,0,0,27
-8,11,8,6,8,2475,UA,LAX,3,22,89,0,0,27
-5,11,15,6,20,2475,AA,LAX,4,6,56,0,0,16
-4,11,15,6,7,2475,AA,LAX,4,6,56,0,0,16
-9,11,15,6,10,2475,AA,LAX,4,6,56,0,0,16
0,11,15,6,11,2475,UA,LAX,4,6,56,0,0,16
-2,11,15,6,21,2475,B6,LAX,4,6,56,0,0,16
-7,11,15,6,11,2475,AA,LAX,4,6,56,0,0,16
4,11,15,6,17,2475,AA,LAX,4,6,56,0,0,16
8,11,15,6,20,2475,AA,LAX,4,6,56,0,0,16
-4,11,15,6,12,2475,AA,LAX,4,6,56,0,0,16
0,11,15,6,14,2475,UA,LAX,4,6,56,0,0,16
-7,11,15,6,8,2475,DL,LAX,4,6,56,0,0,16
-7,11,15,6,8,2475,AA,LAX,4,6,56,0,0,16
-4,11,15,6,14,2475,AA,LAX,4,6,56,0,0,16
-3,11,15,6,11,2475,DL,LAX,4,6,56,0,0,16
-1,11,15,6,16,2475,DL,LAX,4,6,56,0,0,16
-2,11,15,6,8,2475,DL,LAX,4,6,56,0,0,16
-6,11,15,6,15,2475,DL,LAX,4,6,56,0,0,16
0,11,15,6,6,2475,UA,LAX,4,6,56,0,0,16
-7,11,15,6,8,2475,UA,LAX,4,6,56,0,0,16
0,11,15,6,6,2475,B6,LAX,4,6,56,0,0,16
-7,11,15,6,7,2475,B6,LAX,4,6,56,0,0,16
-2,11,15,6,9,2475,B6,LAX,4,6,56,0,0,16
-2,11,15,6,18,2475,DL,LAX,4,6,56,0,0,16
-5,11,15,6,15,2475,B6,LAX,4,6,56,0,0,16
8,11,15,6,18,2475,UA,LAX,4,6,56,0,0,16
-3,11,15,6,16,2475,AA,LAX,4,6,56,0,0,16
2,11,15,6,9,2475,AA,LAX,4,6,56,0,0,16
-7,11,15,6,9,2475,VX,LAX,4,6,56,0,0,16
-6,11,15,6,7,2475,VX,LAX,4,6,56,0,0,16
0,11,15,6,16,2475,VX,LAX,4,6,56,0,0,16
-3,11,15,6,13,2475,VX,LAX,4,6,56,0,0,16
-2,11,22,6,16,2475,VX,LAX,5,-21,67,0,0,22
-3,11,22,6,20,2475,VX,LAX,5,-21,67,0,0,22
-8,11,22,6,7,2475,VX,LAX,5,-21,67,0,0,22
-5,11,22,6,9,2475,VX,LAX,5,-21,67,0,0,22
-9,11,22,6,13,2475,VX,LAX,5,-21,67,0,0,22
6,11,22,6,6,2475,UA,LAX,5,-21,67,0,0,22
2,11,22,6,16,2475,AA,LAX,5,-21,67,0,0,22
-6,11,22,6,20,2475,AA,LAX,5,-21,67,0,0,22
-3,11,22,6,14,2475,AA,LAX,5,-21,67,0,0,22
-2,11,22,6,18,2475,DL,LAX,5,-21,67,0,0,22
9,11,22,6,15,2475,DL,LAX,5,-21,67,0,0,22
0,11,22,6,8,2475,DL,LAX,5,-21,67,0,0,22
0,11,22,6,8,2475,AA,LAX,5,-21,67,0,0,22
1,11,22,6,11,2475,DL,LAX,5,-21,67,0,0,22
-8,11,22,6,8,2475,UA,LAX,5,-21,67,0,0,22
10,11,22,6,6,2475,B6,LAX,5,-21,67,0,0,22
-5,11,22,6,16,2475,DL,LAX,5,-21,67,0,0,22
-2,11,22,6,18,2475,UA,LAX,5,-21,67,0,0,22
0,11,22,6,9,2475,B6,LAX,5,-21,67,0,0,22
-4,11,22,6,8,2475,DL,LAX,5,-21,67,0,0,22
-3,11,22,6,7,2475,AA,LAX,5,-21,67,0,0,22
-10,11,22,6,12,2475,AA,LAX,5,-21,67,0,0,22
-5,11,22,6,9,2475,AA,LAX,5,-21,67,0,0,22
-5,11,22,6,17,2475,AA,LAX,5,-21,67,0,0,22
-7,11,22,6,11,2475,UA,LAX,5,-21,67,0,0,22
-5,11,22,6,14,2475,UA,LAX,5,-21,67,0,0,22
22,11,22,6,15,2475,B6,LAX,5,-21,67,0,0,22
22,11,22,6,20,2475,AA,LAX,5,-21,67,0,0,22
42,11,22,6,7,2475,B6,LAX,5,-21,67,0,0,22
21,11,22,6,21,2475,B6,LAX,5,-21,67,0,0,22
-8,11,22,6,10,2475,AA,LAX,5,-21,67,0,0,22
-3,11,22,6,11,2475,AA,LAX,5,-21,67,0,0,22
0,11,22,6,18,2475,B6,LAX,5,-21,67,0,0,22
-7,11,29,6,9,2475,VX,LAX,2,-27,72,0,0,16
-9,11,29,6,7,2475,VX,LAX,2,-27,72,0,0,16
7,11,29,6,20,2475,VX,LAX,2,-27,72,0,0,16
-2,11,29,6,16,2475,VX,LAX,2,-27,72,0,0,16
7,11,29,6,13,2475,VX,LAX,2,-27,72,0,0,16
-7,11,29,6,11,2475,VX,LAX,2,-27,72,0,0,16
-9,11,29,6,8,2475,UA,LAX,2,-27,72,0,0,16
-5,11,29,6,16,2475,DL,LAX,2,-27,72,0,0,16
-2,11,29,6,8,2475,DL,LAX,2,-27,72,0,0,16
2,11,29,6,21,2475,DL,LAX,2,-27,72,0,0,16
-1,11,29,6,7,2475,DL,LAX,2,-27,72,0,0,16
6,11,29,6,11,2475,DL,LAX,2,-27,72,0,0,16
3,11,29,6,8,2475,DL,LAX,2,-27,72,0,0,16
-3,11,29,6,15,2475,DL,LAX,2,-27,72,0,0,16
-4,11,29,6,18,2475,DL,LAX,2,-27,72,0,0,16
-6,11,29,6,14,2475,AA,LAX,2,-27,72,0,0,16
-6,11,29,6,21,2475,B6,LAX,2,-27,72,0,0,16
1,11,29,6,18,2475,B6,LAX,2,-27,72,0,0,16
-3,11,29,6,15,2475,B6,LAX,2,-27,72,0,0,16
-8,11,29,6,9,2475,B6,LAX,2,-27,72,0,0,16
1,11,29,6,7,2475,B6,LAX,2,-27,72,0,0,16
0,11,29,6,6,2475,B6,LAX,2,-27,72,0,0,16
-1,11,29,6,17,2475,AA,LAX,2,-27,72,0,0,16
-7,11,29,6,10,2475,AA,LAX,2,-27,72,0,0,16
-2,11,29,6,20,2475,AA,LAX,2,-27,72,0,0,16
-4,11,29,6,20,2475,AA,LAX,2,-27,72,0,0,16
0,11,29,6,16,2475,AA,LAX,2,-27,72,0,0,16
-4,11,29,6,6,2475,AA,LAX,2,-27,72,0,0,16
-2,11,29,6,8,2475,AA,LAX,2,-27,72,0,0,16
8,11,29,6,18,2475,AA,LAX,2,-27,72,0,0,16
-15,11,29,6,11,2475,AA,LAX,2,-27,72,0,0,16
-11,11,29,6,7,2475,AA,LAX,2,-27,72,0,0,16
-9,11,29,6,12,2475,AA,LAX,2,-27,72,0,0,16
-4,11,29,6,9,2475,AA,LAX,2,-27,72,0,0,16
-3,11,29,6,14,2475,UA,LAX,2,-27,72,0,0,16
-6,11,29,6,11,2475,UA,LAX,2,-27,72,0,0,16
3,11,29,6,17,2475,UA,LAX,2,-27,72,0,0,16
-12,11,29,6,19,2475,UA,LAX,2,-27,72,0,0,16
-2,12,6,6,18,2475,B6,LAX,9,39,100,310,0,18
-5,12,6,6,19,2475,AA,LAX,9,39,100,310,0,18
3,12,6,6,18,2475,DL,LAX,9,39,100,310,0,18
-1,12,6,6,9,2475,B6,LAX,9,39,100,310,0,18
17,12,6,6,17,2475,UA,LAX,9,39,100,310,0,18
-5,12,6,6,6,2475,B6,LAX,9,39,100,310,0,18
-2,12,6,6,8,2475,B6,LAX,9,39,100,310,0,18
11,12,6,6,6,2475,UA,LAX,9,39,100,310,0,18
-7,12,6,6,7,2475,AA,LAX,9,39,100,310,0,18
-4,12,6,6,12,2475,AA,LAX,9,39,100,310,0,18
-1,12,6,6,14,2475,UA,LAX,9,39,100,310,0,18
-5,12,6,6,11,2475,AA,LAX,9,39,100,310,0,18
4,12,6,6,15,2475,B6,LAX,9,39,100,310,0,18
-7,12,6,6,9,2475,AA,LAX,9,39,100,310,0,18
-4,12,6,6,10,2475,AA,LAX,9,39,100,310,0,18
-3,12,6,6,8,2475,AA,LAX,9,39,100,310,0,18
-3,12,6,6,16,2475,AA,LAX,9,39,100,310,0,18
1,12,6,6,20,2475,AA,LAX,9,39,100,310,0,18
11,12,6,6,17,2475,AA,LAX,9,39,100,310,0,18
-1,12,6,6,14,2475,AA,LAX,9,39,100,310,0,18
-2,12,6,6,15,2475,DL,LAX,9,39,100,310,0,18
-2,12,6,6,21,2475,B6,LAX,9,39,100,310,0,18
9,12,6,6,8,2475,DL,LAX,9,39,100,310,0,18
-2,12,6,6,11,2475,DL,LAX,9,39,100,310,0,18
-1,12,6,6,11,2475,UA,LAX,9,39,100,310,0,18
-4,12,6,6,8,2475,UA,LAX,9,39,100,310,0,18
20,12,6,6,13,2475,VX,LAX,9,39,100,310,0,18
-7,12,6,6,9,2475,VX,LAX,9,39,100,310,0,18
14,12,6,6,7,2475,VX,LAX,9,39,100,310,0,18
15,12,6,6,16,2475,VX,LAX,9,39,100,310,0,18
0,12,13,6,9,2475,VX,LAX,12,11,67,0,0,40
1,12,13,6,16,2475,VX,LAX,12,11,67,0,0,40
-3,12,13,6,13,2475,VX,LAX,12,11,67,0,0,40
-5,12,13,6,7,2475,VX,LAX,12,11,67,0,0,40
3,12,13,6,6,2475,UA,LAX,12,11,67,0,0,40
11,12,13,6,17,2475,UA,LAX,12,11,67,0,0,40
1,12,13,6,11,2475,UA,LAX,12,11,67,0,0,40
-1,12,13,6,14,2475,UA,LAX,12,11,67,0,0,40
-4,12,13,6,8,2475,UA,LAX,12,11,67,0,0,40
-4,12,13,6,14,2475,AA,LAX,12,11,67,0,0,40
-4,12,13,6,6,2475,B6,LAX,12,11,67,0,0,40
-10,12,13,6,12,2475,AA,LAX,12,11,67,0,0,40
-3,12,13,6,18,2475,DL,LAX,12,11,67,0,0,40
-3,12,13,6,15,2475,DL,LAX,12,11,67,0,0,40
-10,12,13,6,11,2475,AA,LAX,12,11,67,0,0,40
5,12,13,6,18,2475,B6,LAX,12,11,67,0,0,40
-6,12,13,6,8,2475,AA,LAX,12,11,67,0,0,40
-2,12,13,6,8,2475,DL,LAX,12,11,67,0,0,40
3,12,13,6,11,2475,DL,LAX,12,11,67,0,0,40
4,12,13,6,16,2475,AA,LAX,12,11,67,0,0,40
-1,12,13,6,20,2475,AA,LAX,12,11,67,0,0,40
-4,12,13,6,9,2475,B6,LAX,12,11,67,0,0,40
-6,12,13,6,9,2475,AA,LAX,12,11,67,0,0,40
-5,12,13,6,7,2475,AA,LAX,12,11,67,0,0,40
-3,12,13,6,10,2475,AA,LAX,12,11,67,0,0,40
0,12,13,6,15,2475,B6,LAX,12,11,67,0,0,40
20,12,13,6,17,2475,AA,LAX,12,11,67,0,0,40
-2,12,13,6,8,2475,B6,LAX,12,11,67,0,0,40
8,12,13,6,21,2475,B6,LAX,12,11,67,0,0,40
-6,12,13,6,19,2475,AA,LAX,12,11,67,0,0,40
-3,12,20,6,12,2475,AA,LAX,5,-10,6,0,0,22
0,12,20,6,9,2475,B6,LAX,5,-10,6,0,0,22
-5,12,20,6,19,2475,AA,LAX,5,-10,6,0,0,22
-4,12,20,6,16,2475,B6,LAX,5,-10,6,0,0,22
0,12,20,6,8,2475,AA,LAX,5,-10,6,0,0,22
-1,12,20,6,6,2475,B6,LAX,5,-10,6,0,0,22
-5,12,20,6,11,2475,AA,LAX,5,-10,6,0,0,22
-4,12,20,6,18,2475,B6,LAX,5,-10,6,0,0,22
14,12,20,6,21,2475,B6,LAX,5,-10,6,0,0,22
-1,12,20,6,8,2475,B6,LAX,5,-10,6,0,0,22
-5,12,20,6,7,2475,AA,LAX,5,-10,6,0,0,22
-4,12,20,6,11,2475,B6,LAX,5,-10,6,0,0,22
10,12,20,6,19,2475,DL,LAX,5,-10,6,0,0,22
-3,12,20,6,17,2475,DL,LAX,5,-10,6,0,0,22
-5,12,20,6,11,2475,DL,LAX,5,-10,6,0,0,22
3,12,20,6,8,2475,DL,LAX,5,-10,6,0,0,22
15,12,20,6,15,2475,DL,LAX,5,-10,6,0,0,22
-5,12,20,6,9,2475,AA,LAX,5,-10,6,0,0,22
13,12,20,6,16,2475,AA,LAX,5,-10,6,0,0,22
7,12,20,6,20,2475,AA,LAX,5,-10,6,0,0,22
-2,12,20,6,17,2475,AA,LAX,5,-10,6,0,0,22
-4,12,20,6,14,2475,AA,LAX,5,-10,6,0,0,22
-1,12,20,6,18,2475,AA,LAX,5,-10,6,0,0,22
-3,12,20,6,11,2475,VX,LAX,5,-10,6,0,0,22
-2,12,20,6,9,2475,VX,LAX,5,-10,6,0,0,22
12,12,20,6,7,2475,VX,LAX,5,-10,6,0,0,22
11,12,20,6,20,2475,VX,LAX,5,-10,6,0,0,22
0,12,20,6,16,2475,VX,LAX,5,-10,6,0,0,22
39,12,20,6,13,2475,VX,LAX,5,-10,6,0,0,22
-4,12,20,6,11,2475,UA,LAX,5,-10,6,0,0,22
-4,12,20,6,15,2475,UA,LAX,5,-10,6,0,0,22
-1,12,20,6,8,2475,UA,LAX,5,-10,6,0,0,22
0,12,20,6,6,2475,UA,LAX,5,-10,6,0,0,22
6,12,27,6,8,2475,UA,LAX,2,67,128,0,0,20
-3,12,27,6,6,2475,UA,LAX,2,67,128,0,0,20
-4,12,27,6,14,2475,UA,LAX,2,67,128,0,0,20
-9,12,27,6,11,2475,UA,LAX,2,67,128,0,0,20
-2,12,27,6,19,2475,DL,LAX,2,67,128,0,0,20
-4,12,27,6,12,2475,AA,LAX,2,67,128,0,0,20
-5,12,27,6,8,2475,B6,LAX,2,67,128,0,0,20
-3,12,27,6,8,2475,AA,LAX,2,67,128,0,0,20
-6,12,27,6,19,2475,AA,LAX,2,67,128,0,0,20
5,12,27,6,16,2475,AA,LAX,2,67,128,0,0,20
-5,12,27,6,11,2475,B6,LAX,2,67,128,0,0,20
4,12,27,6,20,2475,AA,LAX,2,67,128,0,0,20
-5,12,27,6,18,2475,AA,LAX,2,67,128,0,0,20
-1,12,27,6,7,2475,AA,LAX,2,67,128,0,0,20
-1,12,27,6,9,2475,AA,LAX,2,67,128,0,0,20
-4,12,27,6,11,2475,AA,LAX,2,67,128,0,0,20
-2,12,27,6,16,2475,B6,LAX,2,67,128,0,0,20
-5,12,27,6,21,2475,B6,LAX,2,67,128,0,0,20
1,12,27,6,6,2475,B6,LAX,2,67,128,0,0,20
-3,12,27,6,15,2475,DL,LAX,2,67,128,0,0,20
5,12,27,6,8,2475,DL,LAX,2,67,128,0,0,20
-4,12,27,6,17,2475,AA,LAX,2,67,128,0,0,20
-3,12,27,6,14,2475,AA,LAX,2,67,128,0,0,20
4,12,27,6,11,2475,DL,LAX,2,67,128,0,0,20
-4,12,27,6,18,2475,B6,LAX,2,67,128,0,0,20
0,12,27,6,17,2475,DL,LAX,2,67,128,0,0,20
-7,12,27,6,9,2475,B6,LAX,2,67,128,0,0,20
-3,12,27,6,9,2475,VX,LAX,2,67,128,0,0,20
14,12,27,6,20,2475,VX,LAX,2,67,128,0,0,20
-1,12,27,6,7,2475,VX,LAX,2,67,128,0,0,20
10,12,27,6,16,2475,VX,LAX,2,67,128,0,0,20
23,12,27,6,13,2475,VX,LAX,2,67,128,0,0,20
-7,12,27,6,11,2475,VX,LAX,2,67,128,0,0,20
