23,1,8,3,9,2475,AA,LAX,7,-127,-55,0,0,32,-210,-82,0,0,20
7,1,8,3,12,2475,AA,LAX,7,-127,-55,0,0,32,-210,-82,0,0,20
-6,1,8,3,10,2475,AA,LAX,7,-127,-55,0,0,32,-210,-82,0,0,20
7,1,8,3,21,2475,AA,LAX,7,-127,-55,0,0,32,-210,-82,0,0,20
2,1,8,3,13,2475,AA,LAX,7,-127,-55,0,0,32,-210,-82,0,0,20
-3,1,8,3,7,2475,AA,LAX,7,-127,-55,0,0,32,-210,-82,0,0,20
6,1,8,3,15,2475,AA,LAX,7,-127,-55,0,0,32,-210,-82,0,0,20
4,1,8,3,16,2475,AA,LAX,7,-127,-55,0,0,32,-210,-82,0,0,20
0,1,8,3,19,2475,AA,LAX,7,-127,-55,0,0,32,-210,-82,0,0,20
7,1,8,3,15,2475,DL,LAX,7,-127,-55,0,0,32,-210,-82,0,0,20
36,1,8,3,16,2475,B6,LAX,7,-127,-55,0,0,32,-210,-82,0,0,20
0,1,8,3,6,2475,UA,LAX,7,-127,-55,0,0,32,-210,-82,0,0,20
31,1,8,3,20,2475,UA,LAX,7,-127,-55,0,0,32,-210,-82,0,0,20
0,1,8,3,11,2475,UA,LAX,7,-127,-55,0,0,32,-210,-82,0,0,20
8,1,8,3,6,2475,B6,LAX,7,-127,-55,0,0,32,-210,-82,0,0,20
31,1,8,3,9,2475,B6,LAX,7,-127,-55,0,0,32,-210,-82,0,0,20
29,1,8,3,20,2475,B6,LAX,7,-127,-55,0,0,32,-210,-82,0,0,20
18,1,8,3,7,2475,VX,LAX,7,-127,-55,0,0,32,-210,-82,0,0,20
7,1,8,3,9,2475,VX,LAX,7,-127,-55,0,0,32,-210,-82,0,0,20
51,1,8,3,13,2475,VX,LAX,7,-127,-55,0,0,32,-210,-82,0,0,20
32,1,8,3,16,2475,VX,LAX,7,-127,-55,0,0,32,-210,-82,0,0,20
14,1,8,3,16,2475,DL,LAX,7,-127,-55,0,0,32,-210,-82,0,0,20
5,1,8,3,14,2475,UA,LAX,7,-127,-55,0,0,32,-210,-82,0,0,20
0,1,8,3,8,2475,UA,LAX,7,-127,-55,0,0,32,-210,-82,0,0,20
31,1,8,3,17,2475,UA,LAX,7,-127,-55,0,0,32,-210,-82,0,0,20
-2,1,8,3,7,2475,DL,LAX,7,-127,-55,0,0,32,-210,-82,0,0,20
0,1,8,3,20,2475,DL,LAX,7,-127,-55,0,0,32,-210,-82,0,0,20
75,1,8,3,18,2475,DL,LAX,7,-127,-55,0,0,32,-210,-82,0,0,20
18,1,8,3,12,2475,DL,LAX,7,-127,-55,0,0,32,-210,-82,0,0,20
48,1,8,3,9,2475,DL,LAX,7,-127,-55,0,0,32,-210,-82,0,0,20
7,1,8,3,20,2475,VX,LAX,7,-127,-55,0,0,32,-210,-82,0,0,20
3,1,13,1,14,2475,UA,LAX,8,28,106,0,0,23,-27,72,0,0,49
-4,1,13,1,15,2475,DL,LAX,8,28,106,0,0,23,-27,72,0,0,49
-3,1,13,1,20,2475,B6,LAX,8,28,106,0,0,23,-27,72,0,0,49
7,1,13,1,7,2475,DL,LAX,8,28,106,0,0,23,-27,72,0,0,49
0,1,13,1,16,2475,DL,LAX,8,28,106,0,0,23,-27,72,0,0,49
-6,1,13,1,20,2475,UA,LAX,8,28,106,0,0,23,-27,72,0,0,49
-1,1,13,1,11,2475,UA,LAX,8,28,106,0,0,23,-27,72,0,0,49
0,1,13,1,16,2475,B6,LAX,8,28,106,0,0,23,-27,72,0,0,49
5,1,13,1,20,2475,DL,LAX,8,28,106,0,0,23,-27,72,0,0,49
10,1,13,1,18,2475,DL,LAX,8,28,106,0,0,23,-27,72,0,0,49
-2,1,13,1,12,2475,DL,LAX,8,28,106,0,0,23,-27,72,0,0,49
-3,1,13,1,9,2475,DL,LAX,8,28,106,0,0,23,-27,72,0,0,49
6,1,13,1,9,2475,B6,LAX,8,28,106,0,0,23,-27,72,0,0,49
0,1,13,1,6,2475,B6,LAX,8,28,106,0,0,23,-27,72,0,0,49
-2,1,13,1,8,2475,UA,LAX,8,28,106,0,0,23,-27,72,0,0,49
-6,1,13,1,17,2475,UA,LAX,8,28,106,0,0,23,-27,72,0,0,49
-9,1,13,1,6,2475,UA,LAX,8,28,106,0,0,23,-27,72,0,0,49
0,1,13,1,19,2475,AA,LAX,8,28,106,0,0,23,-27,72,0,0,49
-1,1,13,1,12,2475,AA,LAX,8,28,106,0,0,23,-27,72,0,0,49
-5,1,13,1,9,2475,AA,LAX,8,28,106,0,0,23,-27,72,0,0,49
-3,1,13,1,16,2475,AA,LAX,8,28,106,0,0,23,-27,72,0,0,49
10,1,13,1,13,2475,AA,LAX,8,28,106,0,0,23,-27,72,0,0,49
4,1,13,1,7,2475,AA,LAX,8,28,106,0,0,23,-27,72,0,0,49
-2,1,13,1,21,2475,AA,LAX,8,28,106,0,0,23,-27,72,0,0,49
-4,1,13,1,10,2475,AA,LAX,8,28,106,0,0,23,-27,72,0,0,49
-6,1,13,1,15,2475,AA,LAX,8,28,106,0,0,23,-27,72,0,0,49
1,1,13,1,7,2475,VX,LAX,8,28,106,0,0,23,-27,72,0,0,49
-3,1,13,1,9,2475,VX,LAX,8,28,106,0,0,23,-27,72,0,0,49
-3,1,13,1,13,2475,VX,LAX,8,28,106,0,0,23,-27,72,0,0,49
10,1,13,1,16,2475,VX,LAX,8,28,106,0,0,23,-27,72,0,0,49
7,1,13,1,20,2475,VX,LAX,8,28,106,0,0,23,-27,72,0,0,49
81,2,9,7,20,2475,DL,LAX,9,-60,-5,25,30,16,-155,-71,0,0,42
-1,2,9,7,9,2475,B6,LAX,9,-60,-5,25,30,16,-155,-71,0,0,42
-1,2,9,7,16,2475,DL,LAX,9,-60,-5,25,30,16,-155,-71,0,0,42
-8,2,9,7,15,2475,AA,LAX,9,-60,-5,25,30,16,-155,-71,0,0,42
43,2,9,7,21,2475,AA,LAX,9,-60,-5,25,30,16,-155,-71,0,0,42
-7,2,9,7,16,2475,AA,LAX,9,-60,-5,25,30,16,-155,-71,0,0,42
11,2,9,7,19,2475,AA,LAX,9,-60,-5,25,30,16,-155,-71,0,0,42
3,2,9,7,13,2475,AA,LAX,9,-60,-5,25,30,16,-155,-71,0,0,42
-3,2,9,7,10,2475,AA,LAX,9,-60,-5,25,30,16,-155,-71,0,0,42
1,2,9,7,6,2475,B6,LAX,9,-60,-5,25,30,16,-155,-71,0,0,42
31,2,9,7,7,2475,DL,LAX,9,-60,-5,25,30,16,-155,-71,0,0,42
19,2,9,7,16,2475,B6,LAX,9,-60,-5,25,30,16,-155,-71,0,0,42
1,2,9,7,7,2475,AA,LAX,9,-60,-5,25,30,16,-155,-71,0,0,42
-10,2,9,7,12,2475,AA,LAX,9,-60,-5,25,30,16,-155,-71,0,0,42
-6,2,9,7,9,2475,AA,LAX,9,-60,-5,25,30,16,-155,-71,0,0,42
35,2,9,7,20,2475,B6,LAX,9,-60,-5,25,30,16,-155,-71,0,0,42
-3,2,9,7,15,2475,DL,LAX,9,-60,-5,25,30,16,-155,-71,0,0,42
-2,2,9,7,9,2475,DL,LAX,9,-60,-5,25,30,16,-155,-71,0,0,42
-4,2,9,7,12,2475,DL,LAX,9,-60,-5,25,30,16,-155,-71,0,0,42
0,2,9,7,18,2475,DL,LAX,9,-60,-5,25,30,16,-155,-71,0,0,42
85,2,9,7,20,2475,UA,LAX,9,-60,-5,25,30,16,-155,-71,0,0,42
-9,2,9,7,11,2475,UA,LAX,9,-60,-5,25,30,16,-155,-71,0,0,42
26,2,9,7,20,2475,VX,LAX,9,-60,-5,25,30,16,-155,-71,0,0,42
-7,2,9,7,16,2475,VX,LAX,9,-60,-5,25,30,16,-155,-71,0,0,42
6,2,9,7,13,2475,VX,LAX,9,-60,-5,25,30,16,-155,-71,0,0,42
7,2,9,7,9,2475,VX,LAX,9,-60,-5,25,30,16,-155,-71,0,0,42
8,2,9,7,8,2475,UA,LAX,9,-60,-5,25,30,16,-155,-71,0,0,42
-1,2,9,7,17,2475,UA,LAX,9,-60,-5,25,30,16,-155,-71,0,0,42
2,2,9,7,14,2475,UA,LAX,9,-60,-5,25,30,16,-155,-71,0,0,42
18,2,14,5,20,2475,UA,LAX,4,-5,44,76,76,47,-110,-55,0,0,44
-2,2,14,5,8,2475,UA,LAX,4,-5,44,76,76,47,-110,-55,0,0,44
0,2,14,5,11,2475,UA,LAX,4,-5,44,76,76,47,-110,-55,0,0,44
79,2,14,5,9,2475,VX,LAX,4,-5,44,76,76,47,-110,-55,0,0,44
20,2,14,5,16,2475,VX,LAX,4,-5,44,76,76,47,-110,-55,0,0,44
10,2,14,5,20,2475,VX,LAX,4,-5,44,76,76,47,-110,-55,0,0,44
0,2,14,5,8,2475,AA,LAX,4,-5,44,76,76,47,-110,-55,0,0,44
17,2,14,5,12,2475,DL,LAX,4,-5,44,76,76,47,-110,-55,0,0,44
8,2,14,5,6,2475,AA,LAX,4,-5,44,76,76,47,-110,-55,0,0,44
-4,2,14,5,6,2475,B6,LAX,4,-5,44,76,76,47,-110,-55,0,0,44
47,2,14,5,20,2475,DL,LAX,4,-5,44,76,76,47,-110,-55,0,0,44
-6,2,14,5,18,2475,DL,LAX,4,-5,44,76,76,47,-110,-55,0,0,44
11,2,14,5,16,2475,DL,LAX,4,-5,44,76,76,47,-110,-55,0,0,44
-3,2,14,5,15,2475,AA,LAX,4,-5,44,76,76,47,-110,-55,0,0,44
27,2,14,5,19,2475,AA,LAX,4,-5,44,76,76,47,-110,-55,0,0,44
1,2,14,5,21,2475,AA,LAX,4,-5,44,76,76,47,-110,-55,0,0,44
-1,2,14,5,12,2475,B6,LAX,4,-5,44,76,76,47,-110,-55,0,0,44
28,2,14,5,10,2475,AA,LAX,4,-5,44,76,76,47,-110,-55,0,0,44
109,2,14,5,9,2475,DL,LAX,4,-5,44,76,76,47,-110,-55,0,0,44
-1,2,14,5,16,2475,AA,LAX,4,-5,44,76,76,47,-110,-55,0,0,44
-5,2,14,5,12,2475,AA,LAX,4,-5,44,76,76,47,-110,-55,0,0,44
166,2,14,5,15,2475,DL,LAX,4,-5,44,76,76,47,-110,-55,0,0,44
11,2,14,5,9,2475,AA,LAX,4,-5,44,76,76,47,-110,-55,0,0,44
14,2,14,5,13,2475,AA,LAX,4,-5,44,76,76,47,-110,-55,0,0,44
-1,2,14,5,16,2475,B6,LAX,4,-5,44,76,76,47,-110,-55,0,0,44
85,2,14,5,17,2475,UA,LAX,4,-5,44,76,76,47,-110,-55,0,0,44
-7,3,15,6,11,2475,UA,LAX,25,56,144,0,0,40,-27,44,0,5,46
-1,3,15,6,17,2475,UA,LAX,25,56,144,0,0,40,-27,44,0,5,46
-1,3,15,6,14,2475,UA,LAX,25,56,144,0,0,40,-27,44,0,5,46
5,3,15,6,7,2475,VX,LAX,25,56,144,0,0,40,-27,44,0,5,46
-1,3,15,6,9,2475,VX,LAX,25,56,144,0,0,40,-27,44,0,5,46
0,3,15,6,13,2475,VX,LAX,25,56,144,0,0,40,-27,44,0,5,46
-1,3,15,6,16,2475,VX,LAX,25,56,144,0,0,40,-27,44,0,5,46
-2,3,15,6,6,2475,UA,LAX,25,56,144,0,0,40,-27,44,0,5,46
-3,3,15,6,8,2475,UA,LAX,25,56,144,0,0,40,-27,44,0,5,46
-3,3,15,6,15,2475,DL,LAX,25,56,144,0,0,40,-27,44,0,5,46
-2,3,15,6,18,2475,DL,LAX,25,56,144,0,0,40,-27,44,0,5,46
10,3,15,6,6,2475,B6,LAX,25,56,144,0,0,40,-27,44,0,5,46
1,3,15,6,6,2475,AA,LAX,25,56,144,0,0,40,-27,44,0,5,46
-3,3,15,6,10,2475,AA,LAX,25,56,144,0,0,40,-27,44,0,5,46
-4,3,15,6,12,2475,AA,LAX,25,56,144,0,0,40,-27,44,0,5,46
2,3,15,6,9,2475,DL,LAX,25,56,144,0,0,40,-27,44,0,5,46
4,3,15,6,12,2475,DL,LAX,25,56,144,0,0,40,-27,44,0,5,46
-5,3,15,6,20,2475,DL,LAX,25,56,144,0,0,40,-27,44,0,5,46
49,3,15,6,16,2475,B6,LAX,25,56,144,0,0,40,-27,44,0,5,46
-5,3,15,6,20,2475,B6,LAX,25,56,144,0,0,40,-27,44,0,5,46
2,3,15,6,19,2475,AA,LAX,25,56,144,0,0,40,-27,44,0,5,46
4,3,15,6,16,2475,AA,LAX,25,56,144,0,0,40,-27,44,0,5,46
-3,3,15,6,13,2475,AA,LAX,25,56,144,0,0,40,-27,44,0,5,46
-2,3,15,6,15,2475,AA,LAX,25,56,144,0,0,40,-27,44,0,5,46
-1,3,15,6,8,2475,AA,LAX,25,56,144,0,0,40,-27,44,0,5,46
0,3,15,6,7,2475,DL,LAX,25,56,144,0,0,40,-27,44,0,5,46
-5,3,15,6,9,2475,AA,LAX,25,56,144,0,0,40,-27,44,0,5,46
10,3,20,4,13,2475,AA,LAX,30,44,122,0,0,36,-10,83,10,18,34
15,3,20,4,10,2475,AA,LAX,30,44,122,0,0,36,-10,83,10,18,34
-3,3,20,4,15,2475,AA,LAX,30,44,122,0,0,36,-10,83,10,18,34
63,3,20,4,20,2475,B6,LAX,30,44,122,0,0,36,-10,83,10,18,34
-3,3,20,4,16,2475,B6,LAX,30,44,122,0,0,36,-10,83,10,18,34
-4,3,20,4,11,2475,B6,LAX,30,44,122,0,0,36,-10,83,10,18,34
-4,3,20,4,16,2475,DL,LAX,30,44,122,0,0,36,-10,83,10,18,34
-2,3,20,4,7,2475,DL,LAX,30,44,122,0,0,36,-10,83,10,18,34
0,3,20,4,18,2475,DL,LAX,30,44,122,0,0,36,-10,83,10,18,34
-2,3,20,4,6,2475,B6,LAX,30,44,122,0,0,36,-10,83,10,18,34
-2,3,20,4,16,2475,AA,LAX,30,44,122,0,0,36,-10,83,10,18,34
-3,3,20,4,8,2475,AA,LAX,30,44,122,0,0,36,-10,83,10,18,34
-5,3,20,4,6,2475,AA,LAX,30,44,122,0,0,36,-10,83,10,18,34
-6,3,20,4,21,2475,AA,LAX,30,44,122,0,0,36,-10,83,10,18,34
-3,3,20,4,20,2475,DL,LAX,30,44,122,0,0,36,-10,83,10,18,34
20,3,20,4,9,2475,AA,LAX,30,44,122,0,0,36,-10,83,10,18,34
-7,3,20,4,19,2475,AA,LAX,30,44,122,0,0,36,-10,83,10,18,34
-5,3,20,4,12,2475,AA,LAX,30,44,122,0,0,36,-10,83,10,18,34
-6,3,20,4,12,2475,DL,LAX,30,44,122,0,0,36,-10,83,10,18,34
-3,3,20,4,9,2475,DL,LAX,30,44,122,0,0,36,-10,83,10,18,34
8,3,20,4,15,2475,DL,LAX,30,44,122,0,0,36,-10,83,10,18,34
74,3,20,4,20,2475,VX,LAX,30,44,122,0,0,36,-10,83,10,18,34
-4,3,20,4,7,2475,VX,LAX,30,44,122,0,0,36,-10,83,10,18,34
-7,3,20,4,9,2475,VX,LAX,30,44,122,0,0,36,-10,83,10,18,34
1,3,20,4,13,2475,VX,LAX,30,44,122,0,0,36,-10,83,10,18,34
0,3,20,4,16,2475,VX,LAX,30,44,122,0,0,36,-10,83,10,18,34
-2,3,20,4,8,2475,UA,LAX,30,44,122,0,0,36,-10,83,10,18,34
-8,3,20,4,17,2475,UA,LAX,30,44,122,0,0,36,-10,83,10,18,34
-1,3,20,4,14,2475,UA,LAX,30,44,122,0,0,36,-10,83,10,18,34
-4,3,20,4,20,2475,UA,LAX,30,44,122,0,0,36,-10,83,10,18,34
-3,3,20,4,6,2475,UA,LAX,30,44,122,0,0,36,-10,83,10,18,34
-2,3,20,4,11,2475,UA,LAX,30,44,122,0,0,36,-10,83,10,18,34
-2,4,16,3,20,2475,UA,LAX,36,-5,94,13,0,34,-32,111,0,0,72
-1,4,16,3,14,2475,UA,LAX,36,-5,94,13,0,34,-32,111,0,0,72
-4,4,16,3,11,2475,UA,LAX,36,-5,94,13,0,34,-32,111,0,0,72
-2,4,16,3,17,2475,UA,LAX,36,-5,94,13,0,34,-32,111,0,0,72
4,4,16,3,8,2475,UA,LAX,36,-5,94,13,0,34,-32,111,0,0,72
-6,4,16,3,11,2475,B6,LAX,36,-5,94,13,0,34,-32,111,0,0,72
-1,4,16,3,7,2475,DL,LAX,36,-5,94,13,0,34,-32,111,0,0,72
14,4,16,3,9,2475,DL,LAX,36,-5,94,13,0,34,-32,111,0,0,72
-1,4,16,3,12,2475,DL,LAX,36,-5,94,13,0,34,-32,111,0,0,72
-3,4,16,3,17,2475,DL,LAX,36,-5,94,13,0,34,-32,111,0,0,72
0,4,16,3,18,2475,DL,LAX,36,-5,94,13,0,34,-32,111,0,0,72
1,4,16,3,8,2475,DL,LAX,36,-5,94,13,0,34,-32,111,0,0,72
-1,4,16,3,15,2475,DL,LAX,36,-5,94,13,0,34,-32,111,0,0,72
30,4,16,3,21,2475,DL,LAX,36,-5,94,13,0,34,-32,111,0,0,72
-4,4,16,3,9,2475,VX,LAX,36,-5,94,13,0,34,-32,111,0,0,72
-5,4,16,3,6,2475,AA,LAX,36,-5,94,13,0,34,-32,111,0,0,72
-7,4,16,3,10,2475,AA,LAX,36,-5,94,13,0,34,-32,111,0,0,72
-4,4,16,3,13,2475,VX,LAX,36,-5,94,13,0,34,-32,111,0,0,72
1,4,16,3,16,2475,VX,LAX,36,-5,94,13,0,34,-32,111,0,0,72
-4,4,16,3,20,2475,VX,LAX,36,-5,94,13,0,34,-32,111,0,0,72
5,4,16,3,16,2475,B6,LAX,36,-5,94,13,0,34,-32,111,0,0,72
-4,4,16,3,13,2475,AA,LAX,36,-5,94,13,0,34,-32,111,0,0,72
-5,4,16,3,19,2475,AA,LAX,36,-5,94,13,0,34,-32,111,0,0,72
-3,4,16,3,12,2475,AA,LAX,36,-5,94,13,0,34,-32,111,0,0,72
35,4,16,3,20,2475,B6,LAX,36,-5,94,13,0,34,-32,111,0,0,72
4,4,16,3,9,2475,AA,LAX,36,-5,94,13,0,34,-32,111,0,0,72
-5,4,16,3,21,2475,AA,LAX,36,-5,94,13,0,34,-32,111,0,0,72
1,4,16,3,7,2475,VX,LAX,36,-5,94,13,0,34,-32,111,0,0,72
-1,4,16,3,8,2475,AA,LAX,36,-5,94,13,0,34,-32,111,0,0,72
-1,4,16,3,17,2475,AA,LAX,36,-5,94,13,0,34,-32,111,0,0,72
-6,4,16,3,16,2475,AA,LAX,36,-5,94,13,0,34,-32,111,0,0,72
-4,4,16,3,6,2475,AA,LAX,36,-5,94,13,0,34,-32,111,0,0,72
5,4,16,3,6,2475,UA,LAX,36,-5,94,13,0,34,-32,111,0,0,72
49,4,21,1,20,2475,UA,LAX,31,50,194,0,0,19,144,233,0,0,40
-5,4,21,1,11,2475,UA,LAX,31,50,194,0,0,19,144,233,0,0,40
-2,4,21,1,17,2475,UA,LAX,31,50,194,0,0,19,144,233,0,0,40
0,4,21,1,6,2475,UA,LAX,31,50,194,0,0,19,144,233,0,0,40
-5,4,21,1,8,2475,UA,LAX,31,50,194,0,0,19,144,233,0,0,40
-7,4,21,1,7,2475,DL,LAX,31,50,194,0,0,19,144,233,0,0,40
-3,4,21,1,15,2475,DL,LAX,31,50,194,0,0,19,144,233,0,0,40
-4,4,21,1,18,2475,DL,LAX,31,50,194,0,0,19,144,233,0,0,40
6,4,21,1,21,2475,DL,LAX,31,50,194,0,0,19,144,233,0,0,40
-1,4,21,1,6,2475,B6,LAX,31,50,194,0,0,19,144,233,0,0,40
-2,4,21,1,8,2475,DL,LAX,31,50,194,0,0,19,144,233,0,0,40
-1,4,21,1,17,2475,DL,LAX,31,50,194,0,0,19,144,233,0,0,40
-5,4,21,1,9,2475,DL,LAX,31,50,194,0,0,19,144,233,0,0,40
-6,4,21,1,12,2475,DL,LAX,31,50,194,0,0,19,144,233,0,0,40
-6,4,21,1,17,2475,AA,LAX,31,50,194,0,0,19,144,233,0,0,40
-7,4,21,1,9,2475,AA,LAX,31,50,194,0,0,19,144,233,0,0,40
-3,4,21,1,6,2475,AA,LAX,31,50,194,0,0,19,144,233,0,0,40
-6,4,21,1,6,2475,AA,LAX,31,50,194,0,0,19,144,233,0,0,40
-11,4,21,1,8,2475,AA,LAX,31,50,194,0,0,19,144,233,0,0,40
-6,4,21,1,21,2475,AA,LAX,31,50,194,0,0,19,144,233,0,0,40
4,4,21,1,9,2475,VX,LAX,31,50,194,0,0,19,144,233,0,0,40
-9,4,21,1,10,2475,AA,LAX,31,50,194,0,0,19,144,233,0,0,40
-4,4,21,1,16,2475,B6,LAX,31,50,194,0,0,19,144,233,0,0,40
44,4,21,1,13,2475,AA,LAX,31,50,194,0,0,19,144,233,0,0,40
-1,4,21,1,13,2475,VX,LAX,31,50,194,0,0,19,144,233,0,0,40
-7,4,21,1,11,2475,B6,LAX,31,50,194,0,0,19,144,233,0,0,40
-1,4,21,1,14,2475,UA,LAX,31,50,194,0,0,19,144,233,0,0,40
-2,4,21,1,20,2475,B6,LAX,31,50,194,0,0,19,144,233,0,0,40
-11,4,21,1,16,2475,AA,LAX,31,50,194,0,0,19,144,233,0,0,40
0,4,21,1,19,2475,AA,LAX,31,50,194,0,0,19,144,233,0,0,40
2,4,21,1,20,2475,VX,LAX,31,50,194,0,0,19,144,233,0,0,40
6,4,21,1,16,2475,VX,LAX,31,50,194,0,0,19,144,233,0,0,40
-9,4,21,1,12,2475,AA,LAX,31,50,194,0,0,19,144,233,0,0,40
-3,4,21,1,7,2475,VX,LAX,31,50,194,0,0,19,144,233,0,0,40
-4,5,17,6,14,2475,UA,LAX,5,117,211,0,0,22,39,156,0,0,38
112,5,17,6,11,2475,UA,LAX,5,117,211,0,0,22,39,156,0,0,38
7,5,17,6,18,2475,UA,LAX,5,117,211,0,0,22,39,156,0,0,38
-5,5,17,6,8,2475,UA,LAX,5,117,211,0,0,22,39,156,0,0,38
-2,5,17,6,6,2475,UA,LAX,5,117,211,0,0,22,39,156,0,0,38
-3,5,17,6,11,2475,VX,LAX,5,117,211,0,0,22,39,156,0,0,38
-6,5,17,6,16,2475,VX,LAX,5,117,211,0,0,22,39,156,0,0,38
28,5,17,6,7,2475,VX,LAX,5,117,211,0,0,22,39,156,0,0,38
2,5,17,6,13,2475,VX,LAX,5,117,211,0,0,22,39,156,0,0,38
-3,5,17,6,9,2475,VX,LAX,5,117,211,0,0,22,39,156,0,0,38
84,5,17,6,9,2475,DL,LAX,5,117,211,0,0,22,39,156,0,0,38
-4,5,17,6,18,2475,AA,LAX,5,117,211,0,0,22,39,156,0,0,38
-2,5,17,6,15,2475,AA,LAX,5,117,211,0,0,22,39,156,0,0,38
-4,5,17,6,18,2475,DL,LAX,5,117,211,0,0,22,39,156,0,0,38
1,5,17,6,17,2475,DL,LAX,5,117,211,0,0,22,39,156,0,0,38
33,5,17,6,8,2475,AA,LAX,5,117,211,0,0,22,39,156,0,0,38
0,5,17,6,12,2475,DL,LAX,5,117,211,0,0,22,39,156,0,0,38
-6,5,17,6,12,2475,AA,LAX,5,117,211,0,0,22,39,156,0,0,38
-5,5,17,6,16,2475,AA,LAX,5,117,211,0,0,22,39,156,0,0,38
-6,5,17,6,10,2475,AA,LAX,5,117,211,0,0,22,39,156,0,0,38
-7,5,17,6,9,2475,B6,LAX,5,117,211,0,0,22,39,156,0,0,38
-3,5,17,6,17,2475,B6,LAX,5,117,211,0,0,22,39,156,0,0,38
0,5,17,6,17,2475,AA,LAX,5,117,211,0,0,22,39,156,0,0,38
-2,5,17,6,7,2475,AA,LAX,5,117,211,0,0,22,39,156,0,0,38
5,5,17,6,15,2475,DL,LAX,5,117,211,0,0,22,39,156,0,0,38
-3,5,17,6,5,2475,AA,LAX,5,117,211,0,0,22,39,156,0,0,38
-6,5,17,6,9,2475,AA,LAX,5,117,211,0,0,22,39,156,0,0,38
-4,5,17,6,8,2475,DL,LAX,5,117,211,0,0,22,39,156,0,0,38
6,5,17,6,20,2475,B6,LAX,5,117,211,0,0,22,39,156,0,0,38
-7,5,22,4,12,2475,AA,LAX,0,150,194,61,0,14,117,211,0,0,30
15,5,22,4,21,2475,DL,LAX,0,150,194,61,0,14,117,211,0,0,30
-2,5,22,4,8,2475,DL,LAX,0,150,194,61,0,14,117,211,0,0,30
8,5,22,4,15,2475,DL,LAX,0,150,194,61,0,14,117,211,0,0,30
-1,5,22,4,15,2475,AA,LAX,0,150,194,61,0,14,117,211,0,0,30
2,5,22,4,20,2475,AA,LAX,0,150,194,61,0,14,117,211,0,0,30
8,5,22,4,10,2475,AA,LAX,0,150,194,61,0,14,117,211,0,0,30
65,5,22,4,17,2475,AA,LAX,0,150,194,61,0,14,117,211,0,0,30
-2,5,22,4,18,2475,AA,LAX,0,150,194,61,0,14,117,211,0,0,30
-7,5,22,4,5,2475,AA,LAX,0,150,194,61,0,14,117,211,0,0,30
-2,5,22,4,17,2475,B6,LAX,0,150,194,61,0,14,117,211,0,0,30
-3,5,22,4,6,2475,B6,LAX,0,150,194,61,0,14,117,211,0,0,30
-4,5,22,4,8,2475,AA,LAX,0,150,194,61,0,14,117,211,0,0,30
109,5,22,4,9,2475,B6,LAX,0,150,194,61,0,14,117,211,0,0,30
160,5,22,4,20,2475,B6,LAX,0,150,194,61,0,14,117,211,0,0,30
17,5,22,4,9,2475,AA,LAX,0,150,194,61,0,14,117,211,0,0,30
0,5,22,4,17,2475,DL,LAX,0,150,194,61,0,14,117,211,0,0,30
-2,5,22,4,7,2475,DL,LAX,0,150,194,61,0,14,117,211,0,0,30
-2,5,22,4,7,2475,AA,LAX,0,150,194,61,0,14,117,211,0,0,30
-1,5,22,4,16,2475,AA,LAX,0,150,194,61,0,14,117,211,0,0,30
3,5,22,4,9,2475,DL,LAX,0,150,194,61,0,14,117,211,0,0,30
76,5,22,4,12,2475,DL,LAX,0,150,194,61,0,14,117,211,0,0,30
-4,5,22,4,18,2475,DL,LAX,0,150,194,61,0,14,117,211,0,0,30
-1,5,22,4,7,2475,VX,LAX,0,150,194,61,0,14,117,211,0,0,30
68,5,22,4,16,2475,VX,LAX,0,150,194,61,0,14,117,211,0,0,30
14,5,22,4,20,2475,VX,LAX,0,150,194,61,0,14,117,211,0,0,30
5,5,22,4,9,2475,VX,LAX,0,150,194,61,0,14,117,211,0,0,30
-9,5,22,4,13,2475,VX,LAX,0,150,194,61,0,14,117,211,0,0,30
-3,5,22,4,11,2475,VX,LAX,0,150,194,61,0,14,117,211,0,0,30
62,5,22,4,20,2475,UA,LAX,0,150,194,61,0,14,117,211,0,0,30
-9,5,22,4,6,2475,UA,LAX,0,150,194,61,0,14,117,211,0,0,30
-1,5,22,4,8,2475,UA,LAX,0,150,194,61,0,14,117,211,0,0,30
39,5,22,4,17,2475,UA,LAX,0,150,194,61,0,14,117,211,0,0,30
-4,5,22,4,14,2475,UA,LAX,0,150,194,61,0,14,117,211,0,0,30
25,5,22,4,11,2475,UA,LAX,0,150,194,61,0,14,117,211,0,0,30
-1,6,18,3,11,2475,VX,LAX,16,244,317,0,0,26,161,278,165,0,46
28,6,18,3,15,2475,DL,LAX,16,244,317,0,0,26,161,278,165,0,46
-3,6,18,3,16,2475,DL,LAX,16,244,317,0,0,26,161,278,165,0,46
26,6,18,3,21,2475,DL,LAX,16,244,317,0,0,26,161,278,165,0,46
-2,6,18,3,20,2475,VX,LAX,16,244,317,0,0,26,161,278,165,0,46
-5,6,18,3,9,2475,VX,LAX,16,244,317,0,0,26,161,278,165,0,46
-1,6,18,3,16,2475,VX,LAX,16,244,317,0,0,26,161,278,165,0,46
-6,6,18,3,13,2475,VX,LAX,16,244,317,0,0,26,161,278,165,0,46
0,6,18,3,7,2475,DL,LAX,16,244,317,0,0,26,161,278,165,0,46
-3,6,18,3,12,2475,DL,LAX,16,244,317,0,0,26,161,278,165,0,46
-3,6,18,3,9,2475,DL,LAX,16,244,317,0,0,26,161,278,165,0,46
-2,6,18,3,8,2475,DL,LAX,16,244,317,0,0,26,161,278,165,0,46
6,6,18,3,18,2475,DL,LAX,16,244,317,0,0,26,161,278,165,0,46
-3,6,18,3,7,2475,VX,LAX,16,244,317,0,0,26,161,278,165,0,46
-1,6,18,3,17,2475,AA,LAX,16,244,317,0,0,26,161,278,165,0,46
-6,6,18,3,15,2475,AA,LAX,16,244,317,0,0,26,161,278,165,0,46
-2,6,18,3,11,2475,AA,LAX,16,244,317,0,0,26,161,278,165,0,46
0,6,18,3,12,2475,AA,LAX,16,244,317,0,0,26,161,278,165,0,46
-2,6,18,3,20,2475,B6,LAX,16,244,317,0,0,26,161,278,165,0,46
12,6,18,3,10,2475,AA,LAX,16,244,317,0,0,26,161,278,165,0,46
-1,6,18,3,9,2475,B6,LAX,16,244,317,0,0,26,161,278,165,0,46
-4,6,18,3,6,2475,AA,LAX,16,244,317,0,0,26,161,278,165,0,46
-7,6,18,3,7,2475,AA,LAX,16,244,317,0,0,26,161,278,165,0,46
13,6,18,3,18,2475,AA,LAX,16,244,317,0,0,26,161,278,165,0,46
-1,6,18,3,16,2475,AA,LAX,16,244,317,0,0,26,161,278,165,0,46
-6,6,18,3,17,2475,B6,LAX,16,244,317,0,0,26,161,278,165,0,46
3,6,18,3,20,2475,AA,LAX,16,244,317,0,0,26,161,278,165,0,46
-7,6,18,3,8,2475,AA,LAX,16,244,317,0,0,26,161,278,165,0,46
-7,6,18,3,9,2475,AA,LAX,16,244,317,0,0,26,161,278,165,0,46
-3,6,18,3,6,2475,B6,LAX,16,244,317,0,0,26,161,278,165,0,46
-6,6,18,3,19,2475,AA,LAX,16,244,317,0,0,26,161,278,165,0,46
59,6,18,3,17,2475,UA,LAX,16,244,317,0,0,26,161,278,165,0,46
152,6,18,3,8,2475,UA,LAX,16,244,317,0,0,26,161,278,165,0,46
64,6,18,3,14,2475,UA,LAX,16,244,317,0,0,26,161,278,165,0,46
2,6,18,3,20,2475,UA,LAX,16,244,317,0,0,26,161,278,165,0,46
-1,6,18,3,6,2475,UA,LAX,16,244,317,0,0,26,161,278,165,0,46
57,6,18,3,11,2475,UA,LAX,16,244,317,0,0,26,161,278,165,0,46
15,6,23,1,17,2475,UA,LAX,11,183,272,0,0,12,189,272,13,0,25
-7,6,23,1,11,2475,UA,LAX,11,183,272,0,0,12,189,272,13,0,25
-1,6,23,1,14,2475,UA,LAX,11,183,272,0,0,12,189,272,13,0,25
2,6,23,1,8,2475,UA,LAX,11,183,272,0,0,12,189,272,13,0,25
-6,6,23,1,6,2475,UA,LAX,11,183,272,0,0,12,189,272,13,0,25
-4,6,23,1,20,2475,UA,LAX,11,183,272,0,0,12,189,272,13,0,25
-7,6,23,1,8,2475,AA,LAX,11,183,272,0,0,12,189,272,13,0,25
-7,6,23,1,6,2475,AA,LAX,11,183,272,0,0,12,189,272,13,0,25
82,6,23,1,18,2475,AA,LAX,11,183,272,0,0,12,189,272,13,0,25
-4,6,23,1,16,2475,AA,LAX,11,183,272,0,0,12,189,272,13,0,25
-4,6,23,1,6,2475,B6,LAX,11,183,272,0,0,12,189,272,13,0,25
-9,6,23,1,15,2475,AA,LAX,11,183,272,0,0,12,189,272,13,0,25
5,6,23,1,20,2475,AA,LAX,11,183,272,0,0,12,189,272,13,0,25
-9,6,23,1,11,2475,AA,LAX,11,183,272,0,0,12,189,272,13,0,25
40,6,23,1,19,2475,AA,LAX,11,183,272,0,0,12,189,272,13,0,25
-6,6,23,1,10,2475,AA,LAX,11,183,272,0,0,12,189,272,13,0,25
6,6,23,1,9,2475,AA,LAX,11,183,272,0,0,12,189,272,13,0,25
-7,6,23,1,7,2475,AA,LAX,11,183,272,0,0,12,189,272,13,0,25
2,6,23,1,20,2475,B6,LAX,11,183,272,0,0,12,189,272,13,0,25
-8,6,23,1,12,2475,AA,LAX,11,183,272,0,0,12,189,272,13,0,25
-4,6,23,1,16,2475,B6,LAX,11,183,272,0,0,12,189,272,13,0,25
-6,6,23,1,12,2475,B6,LAX,11,183,272,0,0,12,189,272,13,0,25
-1,6,23,1,9,2475,B6,LAX,11,183,272,0,0,12,189,272,13,0,25
4,6,23,1,17,2475,AA,LAX,11,183,272,0,0,12,189,272,13,0,25
8,6,23,1,21,2475,DL,LAX,11,183,272,0,0,12,189,272,13,0,25
1,6,23,1,7,2475,DL,LAX,11,183,272,0,0,12,189,272,13,0,25
-3,6,23,1,12,2475,DL,LAX,11,183,272,0,0,12,189,272,13,0,25
24,6,23,1,13,2475,VX,LAX,11,183,272,0,0,12,189,272,13,0,25
-5,6,23,1,9,2475,DL,LAX,11,183,272,0,0,12,189,272,13,0,25
-1,6,23,1,16,2475,VX,LAX,11,183,272,0,0,12,189,272,13,0,25
0,6,23,1,7,2475,VX,LAX,11,183,272,0,0,12,189,272,13,0,25
45,6,23,1,9,2475,VX,LAX,11,183,272,0,0,12,189,272,13,0,25
30,6,23,1,15,2475,DL,LAX,11,183,272,0,0,12,189,272,13,0,25
27,6,23,1,11,2475,VX,LAX,11,183,272,0,0,12,189,272,13,0,25
0,6,23,1,8,2475,DL,LAX,11,183,272,0,0,12,189,272,13,0,25
15,6,23,1,18,2475,DL,LAX,11,183,272,0,0,12,189,272,13,0,25
-5,6,23,1,20,2475,VX,LAX,11,183,272,0,0,12,189,272,13,0,25
5,6,23,1,16,2475,DL,LAX,11,183,272,0,0,12,189,272,13,0,25
-5,7,1,2,20,2475,AA,LAX,3,222,317,0,0,23,194,267,0,0,55
-1,7,1,2,9,2475,DL,LAX,3,222,317,0,0,23,194,267,0,0,55
18,7,1,2,17,2475,AA,LAX,3,222,317,0,0,23,194,267,0,0,55
-4,7,1,2,16,2475,AA,LAX,3,222,317,0,0,23,194,267,0,0,55
-1,7,1,2,19,2475,AA,LAX,3,222,317,0,0,23,194,267,0,0,55
4,7,1,2,12,2475,B6,LAX,3,222,317,0,0,23,194,267,0,0,55
18,7,1,2,6,2475,B6,LAX,3,222,317,0,0,23,194,267,0,0,55
-3,7,1,2,12,2475,DL,LAX,3,222,317,0,0,23,194,267,0,0,55
0,7,1,2,7,2475,DL,LAX,3,222,317,0,0,23,194,267,0,0,55
-5,7,1,2,6,2475,AA,LAX,3,222,317,0,0,23,194,267,0,0,55
-1,7,1,2,8,2475,AA,LAX,3,222,317,0,0,23,194,267,0,0,55
16,7,1,2,18,2475,AA,LAX,3,222,317,0,0,23,194,267,0,0,55
-6,7,1,2,12,2475,AA,LAX,3,222,317,0,0,23,194,267,0,0,55
6,7,1,2,15,2475,DL,LAX,3,222,317,0,0,23,194,267,0,0,55
-4,7,1,2,9,2475,AA,LAX,3,222,317,0,0,23,194,267,0,0,55
45,7,1,2,18,2475,DL,LAX,3,222,317,0,0,23,194,267,0,0,55
-11,7,1,2,10,2475,AA,LAX,3,222,317,0,0,23,194,267,0,0,55
-5,7,1,2,9,2475,B6,LAX,3,222,317,0,0,23,194,267,0,0,55
75,7,1,2,20,2475,B6,LAX,3,222,317,0,0,23,194,267,0,0,55
29,7,1,2,15,2475,AA,LAX,3,222,317,0,0,23,194,267,0,0,55
32,7,1,2,21,2475,DL,LAX,3,222,317,0,0,23,194,267,0,0,55
-9,7,1,2,11,2475,AA,LAX,3,222,317,0,0,23,194,267,0,0,55
-4,7,1,2,8,2475,DL,LAX,3,222,317,0,0,23,194,267,0,0,55
-8,7,1,2,7,2475,AA,LAX,3,222,317,0,0,23,194,267,0,0,55
10,7,1,2,16,2475,DL,LAX,3,222,317,0,0,23,194,267,0,0,55
24,7,1,2,16,2475,B6,LAX,3,222,317,0,0,23,194,267,0,0,55
-1,7,1,2,7,2475,VX,LAX,3,222,317,0,0,23,194,267,0,0,55
-6,7,1,2,8,2475,UA,LAX,3,222,317,0,0,23,194,267,0,0,55
-2,7,1,2,11,2475,UA,LAX,3,222,317,0,0,23,194,267,0,0,55
0,7,1,2,6,2475,UA,LAX,3,222,317,0,0,23,194,267,0,0,55
13,7,1,2,20,2475,UA,LAX,3,222,317,0,0,23,194,267,0,0,55
-2,7,1,2,20,2475,VX,LAX,3,222,317,0,0,23,194,267,0,0,55
1,7,1,2,14,2475,UA,LAX,3,222,317,0,0,23,194,267,0,0,55
-4,7,1,2,17,2475,UA,LAX,3,222,317,0,0,23,194,267,0,0,55
1,7,1,2,9,2475,VX,LAX,3,222,317,0,0,23,194,267,0,0,55
-2,7,1,2,11,2475,VX,LAX,3,222,317,0,0,23,194,267,0,0,55
-2,7,1,2,13,2475,VX,LAX,3,222,317,0,0,23,194,267,0,0,55
24,7,1,2,16,2475,VX,LAX,3,222,317,0,0,23,194,267,0,0,55
5,7,19,6,15,2475,DL,LAX,15,200,244,0,0,23,139,267,0,0,21
3,7,19,6,17,2475,AA,LAX,15,200,244,0,0,23,139,267,0,0,21
-8,7,19,6,7,2475,AA,LAX,15,200,244,0,0,23,139,267,0,0,21
-6,7,19,6,18,2475,AA,LAX,15,200,244,0,0,23,139,267,0,0,21
-3,7,19,6,16,2475,AA,LAX,15,200,244,0,0,23,139,267,0,0,21
-7,7,19,6,10,2475,AA,LAX,15,200,244,0,0,23,139,267,0,0,21
12,7,19,6,9,2475,AA,LAX,15,200,244,0,0,23,139,267,0,0,21
9,7,19,6,19,2475,AA,LAX,15,200,244,0,0,23,139,267,0,0,21
1,7,19,6,20,2475,B6,LAX,15,200,244,0,0,23,139,267,0,0,21
-11,7,19,6,12,2475,AA,LAX,15,200,244,0,0,23,139,267,0,0,21
-3,7,19,6,8,2475,DL,LAX,15,200,244,0,0,23,139,267,0,0,21
66,7,19,6,12,2475,B6,LAX,15,200,244,0,0,23,139,267,0,0,21
-7,7,19,6,11,2475,AA,LAX,15,200,244,0,0,23,139,267,0,0,21
28,7,19,6,18,2475,DL,LAX,15,200,244,0,0,23,139,267,0,0,21
-3,7,19,6,9,2475,DL,LAX,15,200,244,0,0,23,139,267,0,0,21
-3,7,19,6,15,2475,AA,LAX,15,200,244,0,0,23,139,267,0,0,21
21,7,19,6,12,2475,DL,LAX,15,200,244,0,0,23,139,267,0,0,21
-2,7,19,6,8,2475,AA,LAX,15,200,244,0,0,23,139,267,0,0,21
-8,7,19,6,20,2475,AA,LAX,15,200,244,0,0,23,139,267,0,0,21
-5,7,19,6,6,2475,B6,LAX,15,200,244,0,0,23,139,267,0,0,21
-2,7,19,6,16,2475,B6,LAX,15,200,244,0,0,23,139,267,0,0,21
-3,7,19,6,9,2475,B6,LAX,15,200,244,0,0,23,139,267,0,0,21
11,7,19,6,16,2475,VX,LAX,15,200,244,0,0,23,139,267,0,0,21
0,7,19,6,7,2475,VX,LAX,15,200,244,0,0,23,139,267,0,0,21
-1,7,19,6,9,2475,VX,LAX,15,200,244,0,0,23,139,267,0,0,21
-11,7,19,6,11,2475,VX,LAX,15,200,244,0,0,23,139,267,0,0,21
-6,7,19,6,13,2475,VX,LAX,15,200,244,0,0,23,139,267,0,0,21
-8,7,19,6,8,2475,UA,LAX,15,200,244,0,0,23,139,267,0,0,21
-3,7,19,6,18,2475,UA,LAX,15,200,244,0,0,23,139,267,0,0,21
-9,7,19,6,11,2475,UA,LAX,15,200,244,0,0,23,139,267,0,0,21
9,7,19,6,14,2475,UA,LAX,15,200,244,0,0,23,139,267,0,0,21
6,7,19,6,6,2475,UA,LAX,15,200,244,0,0,23,139,267,0,0,21
-6,7,24,4,20,2475,AA,LAX,20,211,267,0,0,22,139,239,0,0,39
-4,7,24,4,17,2475,AA,LAX,20,211,267,0,0,22,139,239,0,0,39
-6,7,24,4,9,2475,AA,LAX,20,211,267,0,0,22,139,239,0,0,39
9,7,24,4,16,2475,DL,LAX,20,211,267,0,0,22,139,239,0,0,39
-1,7,24,4,8,2475,DL,LAX,20,211,267,0,0,22,139,239,0,0,39
28,7,24,4,21,2475,DL,LAX,20,211,267,0,0,22,139,239,0,0,39
21,7,24,4,15,2475,DL,LAX,20,211,267,0,0,22,139,239,0,0,39
3,7,24,4,7,2475,DL,LAX,20,211,267,0,0,22,139,239,0,0,39
90,7,24,4,12,2475,DL,LAX,20,211,267,0,0,22,139,239,0,0,39
3,7,24,4,9,2475,DL,LAX,20,211,267,0,0,22,139,239,0,0,39
-5,7,24,4,18,2475,DL,LAX,20,211,267,0,0,22,139,239,0,0,39
-6,7,24,4,9,2475,B6,LAX,20,211,267,0,0,22,139,239,0,0,39
-6,7,24,4,12,2475,AA,LAX,20,211,267,0,0,22,139,239,0,0,39
-4,7,24,4,7,2475,AA,LAX,20,211,267,0,0,22,139,239,0,0,39
-5,7,24,4,11,2475,AA,LAX,20,211,267,0,0,22,139,239,0,0,39
14,7,24,4,20,2475,B6,LAX,20,211,267,0,0,22,139,239,0,0,39
-5,7,24,4,6,2475,B6,LAX,20,211,267,0,0,22,139,239,0,0,39
10,7,24,4,16,2475,B6,LAX,20,211,267,0,0,22,139,239,0,0,39
-2,7,24,4,18,2475,AA,LAX,20,211,267,0,0,22,139,239,0,0,39
-6,7,24,4,12,2475,B6,LAX,20,211,267,0,0,22,139,239,0,0,39
-3,7,24,4,16,2475,AA,LAX,20,211,267,0,0,22,139,239,0,0,39
-5,7,24,4,15,2475,AA,LAX,20,211,267,0,0,22,139,239,0,0,39
-5,7,24,4,8,2475,AA,LAX,20,211,267,0,0,22,139,239,0,0,39
-6,7,24,4,19,2475,AA,LAX,20,211,267,0,0,22,139,239,0,0,39
-6,7,24,4,6,2475,AA,LAX,20,211,267,0,0,22,139,239,0,0,39
0,7,24,4,10,2475,AA,LAX,20,211,267,0,0,22,139,239,0,0,39
-2,7,24,4,14,2475,UA,LAX,20,211,267,0,0,22,139,239,0,0,39
-4,7,24,4,11,2475,UA,LAX,20,211,267,0,0,22,139,239,0,0,39
-4,7,24,4,17,2475,UA,LAX,20,211,267,0,0,22,139,239,0,0,39
3,7,24,4,20,2475,UA,LAX,20,211,267,0,0,22,139,239,0,0,39
-6,7,24,4,8,2475,UA,LAX,20,211,267,0,0,22,139,239,0,0,39
3,7,24,4,6,2475,UA,LAX,20,211,267,0,0,22,139,239,0,0,39
-6,7,24,4,7,2475,VX,LAX,20,211,267,0,0,22,139,239,0,0,39
-1,7,24,4,16,2475,VX,LAX,20,211,267,0,0,22,139,239,0,0,39
-3,7,24,4,13,2475,VX,LAX,20,211,267,0,0,22,139,239,0,0,39
5,7,24,4,20,2475,VX,LAX,20,211,267,0,0,22,139,239,0,0,39
0,7,24,4,11,2475,VX,LAX,20,211,267,0,0,22,139,239,0,0,39
0,7,24,4,9,2475,VX,LAX,20,211,267,0,0,22,139,239,0,0,39
12,8,2,6,18,2475,UA,LAX,29,172,233,104,0,27,150,300,0,0,19
81,8,2,6,13,2475,VX,LAX,29,172,233,104,0,27,150,300,0,0,19
-4,8,2,6,14,2475,UA,LAX,29,172,233,104,0,27,150,300,0,0,19
6,8,2,6,11,2475,VX,LAX,29,172,233,104,0,27,150,300,0,0,19
0,8,2,6,9,2475,VX,LAX,29,172,233,104,0,27,150,300,0,0,19
0,8,2,6,7,2475,VX,LAX,29,172,233,104,0,27,150,300,0,0,19
2,8,2,6,6,2475,UA,LAX,29,172,233,104,0,27,150,300,0,0,19
-1,8,2,6,8,2475,UA,LAX,29,172,233,104,0,27,150,300,0,0,19
-1,8,2,6,16,2475,VX,LAX,29,172,233,104,0,27,150,300,0,0,19
-9,8,2,6,11,2475,UA,LAX,29,172,233,104,0,27,150,300,0,0,19
29,8,2,6,8,2475,DL,LAX,29,172,233,104,0,27,150,300,0,0,19
7,8,2,6,15,2475,DL,LAX,29,172,233,104,0,27,150,300,0,0,19
-4,8,2,6,12,2475,DL,LAX,29,172,233,104,0,27,150,300,0,0,19
-1,8,2,6,9,2475,DL,LAX,29,172,233,104,0,27,150,300,0,0,19
51,8,2,6,18,2475,DL,LAX,29,172,233,104,0,27,150,300,0,0,19
12,8,2,6,20,2475,B6,LAX,29,172,233,104,0,27,150,300,0,0,19
-5,8,2,6,16,2475,B6,LAX,29,172,233,104,0,27,150,300,0,0,19
17,8,2,6,12,2475,B6,LAX,29,172,233,104,0,27,150,300,0,0,19
-1,8,2,6,9,2475,B6,LAX,29,172,233,104,0,27,150,300,0,0,19
-2,8,2,6,6,2475,B6,LAX,29,172,233,104,0,27,150,300,0,0,19
0,8,2,6,19,2475,AA,LAX,29,172,233,104,0,27,150,300,0,0,19
-5,8,2,6,10,2475,AA,LAX,29,172,233,104,0,27,150,300,0,0,19
-1,8,2,6,18,2475,AA,LAX,29,172,233,104,0,27,150,300,0,0,19
2,8,2,6,11,2475,AA,LAX,29,172,233,104,0,27,150,300,0,0,19
-5,8,2,6,7,2475,AA,LAX,29,172,233,104,0,27,150,300,0,0,19
-1,8,2,6,12,2475,AA,LAX,29,172,233,104,0,27,150,300,0,0,19
-1,8,2,6,9,2475,AA,LAX,29,172,233,104,0,27,150,300,0,0,19
-8,8,2,6,16,2475,AA,LAX,29,172,233,104,0,27,150,300,0,0,19
-2,8,2,6,15,2475,AA,LAX,29,172,233,104,0,27,150,300,0,0,19
2,8,2,6,20,2475,AA,LAX,29,172,233,104,0,27,150,300,0,0,19
0,8,2,6,17,2475,AA,LAX,29,172,233,104,0,27,150,300,0,0,19
-5,8,2,6,8,2475,AA,LAX,29,172,233,104,0,27,150,300,0,0,19
-7,8,25,1,11,2475,AA,LAX,7,178,311,0,0,12,217,311,3,0,30
-4,8,25,1,20,2475,AA,LAX,7,178,311,0,0,12,217,311,3,0,30
-6,8,25,1,17,2475,AA,LAX,7,178,311,0,0,12,217,311,3,0,30
-8,8,25,1,14,2475,AA,LAX,7,178,311,0,0,12,217,311,3,0,30
-8,8,25,1,6,2475,AA,LAX,7,178,311,0,0,12,217,311,3,0,30
-4,8,25,1,6,2475,B6,LAX,7,178,311,0,0,12,217,311,3,0,30
-8,8,25,1,16,2475,AA,LAX,7,178,311,0,0,12,217,311,3,0,30
9,8,25,1,12,2475,B6,LAX,7,178,311,0,0,12,217,311,3,0,30
-5,8,25,1,8,2475,AA,LAX,7,178,311,0,0,12,217,311,3,0,30
-4,8,25,1,18,2475,AA,LAX,7,178,311,0,0,12,217,311,3,0,30
-8,8,25,1,9,2475,AA,LAX,7,178,311,0,0,12,217,311,3,0,30
0,8,25,1,9,2475,B6,LAX,7,178,311,0,0,12,217,311,3,0,30
-3,8,25,1,10,2475,AA,LAX,7,178,311,0,0,12,217,311,3,0,30
-4,8,25,1,16,2475,B6,LAX,7,178,311,0,0,12,217,311,3,0,30
-7,8,25,1,12,2475,AA,LAX,7,178,311,0,0,12,217,311,3,0,30
-1,8,25,1,20,2475,B6,LAX,7,178,311,0,0,12,217,311,3,0,30
-5,8,25,1,19,2475,AA,LAX,7,178,311,0,0,12,217,311,3,0,30
-3,8,25,1,7,2475,AA,LAX,7,178,311,0,0,12,217,311,3,0,30
-1,8,25,1,9,2475,DL,LAX,7,178,311,0,0,12,217,311,3,0,30
375,8,25,1,12,2475,DL,LAX,7,178,311,0,0,12,217,311,3,0,30
-3,8,25,1,7,2475,DL,LAX,7,178,311,0,0,12,217,311,3,0,30
-3,8,25,1,21,2475,DL,LAX,7,178,311,0,0,12,217,311,3,0,30
19,8,25,1,15,2475,DL,LAX,7,178,311,0,0,12,217,311,3,0,30
-9,8,25,1,8,2475,DL,LAX,7,178,311,0,0,12,217,311,3,0,30
-5,8,25,1,20,2475,VX,LAX,7,178,311,0,0,12,217,311,3,0,30
0,8,25,1,16,2475,VX,LAX,7,178,311,0,0,12,217,311,3,0,30
-8,8,25,1,13,2475,VX,LAX,7,178,311,0,0,12,217,311,3,0,30
-9,8,25,1,11,2475,VX,LAX,7,178,311,0,0,12,217,311,3,0,30
-8,8,25,1,9,2475,VX,LAX,7,178,311,0,0,12,217,311,3,0,30
29,8,25,1,16,2475,DL,LAX,7,178,311,0,0,12,217,311,3,0,30
-2,8,25,1,7,2475,VX,LAX,7,178,311,0,0,12,217,311,3,0,30
-8,8,25,1,18,2475,DL,LAX,7,178,311,0,0,12,217,311,3,0,30
-3,8,25,1,17,2475,UA,LAX,7,178,311,0,0,12,217,311,3,0,30
22,8,25,1,20,2475,UA,LAX,7,178,311,0,0,12,217,311,3,0,30
-1,8,25,1,8,2475,UA,LAX,7,178,311,0,0,12,217,311,3,0,30
-5,8,25,1,6,2475,UA,LAX,7,178,311,0,0,12,217,311,3,0,30
-4,8,25,1,14,2475,UA,LAX,7,178,311,0,0,12,217,311,3,0,30
-3,8,25,1,11,2475,UA,LAX,7,178,311,0,0,12,217,311,3,0,30
-4,8,30,6,8,2475,UA,LAX,2,183,267,0,0,10,211,283,69,0,52
-7,8,30,6,18,2475,UA,LAX,2,183,267,0,0,10,211,283,69,0,52
-2,8,30,6,6,2475,UA,LAX,2,183,267,0,0,10,211,283,69,0,52
-6,8,30,6,11,2475,UA,LAX,2,183,267,0,0,10,211,283,69,0,52
-10,8,30,6,9,2475,B6,LAX,2,183,267,0,0,10,211,283,69,0,52
-10,8,30,6,18,2475,AA,LAX,2,183,267,0,0,10,211,283,69,0,52
-10,8,30,6,11,2475,AA,LAX,2,183,267,0,0,10,211,283,69,0,52
-9,8,30,6,10,2475,AA,LAX,2,183,267,0,0,10,211,283,69,0,52
-9,8,30,6,7,2475,AA,LAX,2,183,267,0,0,10,211,283,69,0,52
-3,8,30,6,20,2475,B6,LAX,2,183,267,0,0,10,211,283,69,0,52
-3,8,30,6,12,2475,AA,LAX,2,183,267,0,0,10,211,283,69,0,52
-7,8,30,6,19,2475,AA,LAX,2,183,267,0,0,10,211,283,69,0,52
-5,8,30,6,16,2475,B6,LAX,2,183,267,0,0,10,211,283,69,0,52
-9,8,30,6,9,2475,AA,LAX,2,183,267,0,0,10,211,283,69,0,52
-5,8,30,6,12,2475,B6,LAX,2,183,267,0,0,10,211,283,69,0,52
-8,8,30,6,16,2475,AA,LAX,2,183,267,0,0,10,211,283,69,0,52
-6,8,30,6,6,2475,B6,LAX,2,183,267,0,0,10,211,283,69,0,52
-3,8,30,6,14,2475,AA,LAX,2,183,267,0,0,10,211,283,69,0,52
-4,8,30,6,20,2475,AA,LAX,2,183,267,0,0,10,211,283,69,0,52
-6,8,30,6,17,2475,AA,LAX,2,183,267,0,0,10,211,283,69,0,52
-3,8,30,6,7,2475,VX,LAX,2,183,267,0,0,10,211,283,69,0,52
-7,8,30,6,9,2475,VX,LAX,2,183,267,0,0,10,211,283,69,0,52
-9,8,30,6,11,2475,VX,LAX,2,183,267,0,0,10,211,283,69,0,52
-9,8,30,6,13,2475,VX,LAX,2,183,267,0,0,10,211,283,69,0,52
-4,8,30,6,16,2475,VX,LAX,2,183,267,0,0,10,211,283,69,0,52
-5,8,30,6,18,2475,DL,LAX,2,183,267,0,0,10,211,283,69,0,52
-2,8,30,6,9,2475,DL,LAX,2,183,267,0,0,10,211,283,69,0,52
-13,8,30,6,12,2475,DL,LAX,2,183,267,0,0,10,211,283,69,0,52
-2,8,30,6,15,2475,DL,LAX,2,183,267,0,0,10,211,283,69,0,52
25,8,30,6,8,2475,DL,LAX,2,183,267,0,0,10,211,283,69,0,52
-2,8,30,6,14,2475,UA,LAX,2,183,267,0,0,10,211,283,69,0,52
-1,9,3,3,6,2475,B6,LAX,2,222,300,0,0,15,161,283,0,0,30
-4,9,3,3,8,2475,UA,LAX,2,222,300,0,0,15,161,283,0,0,30
-5,9,3,3,14,2475,UA,LAX,2,222,300,0,0,15,161,283,0,0,30
-1,9,3,3,11,2475,UA,LAX,2,222,300,0,0,15,161,283,0,0,30
-4,9,3,3,17,2475,UA,LAX,2,222,300,0,0,15,161,283,0,0,30
0,9,3,3,20,2475,UA,LAX,2,222,300,0,0,15,161,283,0,0,30
-6,9,3,3,7,2475,AA,LAX,2,222,300,0,0,15,161,283,0,0,30
5,9,3,3,12,2475,AA,LAX,2,222,300,0,0,15,161,283,0,0,30
-4,9,3,3,15,2475,DL,LAX,2,222,300,0,0,15,161,283,0,0,30
-6,9,3,3,8,2475,DL,LAX,2,222,300,0,0,15,161,283,0,0,30
183,9,3,3,21,2475,DL,LAX,2,222,300,0,0,15,161,283,0,0,30
-2,9,3,3,16,2475,DL,LAX,2,222,300,0,0,15,161,283,0,0,30
-2,9,3,3,7,2475,DL,LAX,2,222,300,0,0,15,161,283,0,0,30
1,9,3,3,12,2475,DL,LAX,2,222,300,0,0,15,161,283,0,0,30
-3,9,3,3,9,2475,DL,LAX,2,222,300,0,0,15,161,283,0,0,30
-9,9,3,3,18,2475,DL,LAX,2,222,300,0,0,15,161,283,0,0,30
-8,9,3,3,19,2475,AA,LAX,2,222,300,0,0,15,161,283,0,0,30
0,9,3,3,16,2475,B6,LAX,2,222,300,0,0,15,161,283,0,0,30
-4,9,3,3,20,2475,B6,LAX,2,222,300,0,0,15,161,283,0,0,30
0,9,3,3,11,2475,B6,LAX,2,222,300,0,0,15,161,283,0,0,30
-4,9,3,3,7,2475,VX,LAX,2,222,300,0,0,15,161,283,0,0,30
-11,9,3,3,9,2475,VX,LAX,2,222,300,0,0,15,161,283,0,0,30
-5,9,3,3,11,2475,VX,LAX,2,222,300,0,0,15,161,283,0,0,30
-9,9,3,3,13,2475,VX,LAX,2,222,300,0,0,15,161,283,0,0,30
-3,9,3,3,16,2475,VX,LAX,2,222,300,0,0,15,161,283,0,0,30
-3,9,3,3,20,2475,VX,LAX,2,222,300,0,0,15,161,283,0,0,30
-6,9,3,3,9,2475,B6,LAX,2,222,300,0,0,15,161,283,0,0,30
9,9,3,3,17,2475,AA,LAX,2,222,300,0,0,15,161,283,0,0,30
-11,9,3,3,6,2475,AA,LAX,2,222,300,0,0,15,161,283,0,0,30
-5,9,3,3,10,2475,AA,LAX,2,222,300,0,0,15,161,283,0,0,30
2,9,3,3,16,2475,AA,LAX,2,222,300,0,0,15,161,283,0,0,30
-6,9,3,3,14,2475,AA,LAX,2,222,300,0,0,15,161,283,0,0,30
-4,9,3,3,20,2475,AA,LAX,2,222,300,0,0,15,161,283,0,0,30
-5,9,3,3,8,2475,AA,LAX,2,222,300,0,0,15,161,283,0,0,30
-11,9,3,3,9,2475,AA,LAX,2,222,300,0,0,15,161,283,0,0,30
-7,9,3,3,18,2475,AA,LAX,2,222,300,0,0,15,161,283,0,0,30
-7,9,3,3,11,2475,AA,LAX,2,222,300,0,0,15,161,283,0,0,30
-3,9,26,5,20,2475,B6,LAX,17,144,250,0,0,19,106,261,0,0,20
-6,9,26,5,13,2475,VX,LAX,17,144,250,0,0,19,106,261,0,0,20
4,9,26,5,16,2475,AA,LAX,17,144,250,0,0,19,106,261,0,0,20
3,9,26,5,16,2475,VX,LAX,17,144,250,0,0,19,106,261,0,0,20
11,9,26,5,20,2475,VX,LAX,17,144,250,0,0,19,106,261,0,0,20
8,9,26,5,8,2475,AA,LAX,17,144,250,0,0,19,106,261,0,0,20
-3,9,26,5,11,2475,B6,LAX,17,144,250,0,0,19,106,261,0,0,20
-4,9,26,5,7,2475,AA,LAX,17,144,250,0,0,19,106,261,0,0,20
-7,9,26,5,12,2475,AA,LAX,17,144,250,0,0,19,106,261,0,0,20
8,9,26,5,20,2475,AA,LAX,17,144,250,0,0,19,106,261,0,0,20
13,9,26,5,16,2475,B6,LAX,17,144,250,0,0,19,106,261,0,0,20
-7,9,26,5,6,2475,AA,LAX,17,144,250,0,0,19,106,261,0,0,20
-4,9,26,5,11,2475,AA,LAX,17,144,250,0,0,19,106,261,0,0,20
-10,9,26,5,8,2475,B6,LAX,17,144,250,0,0,19,106,261,0,0,20
-4,9,26,5,18,2475,AA,LAX,17,144,250,0,0,19,106,261,0,0,20
-3,9,26,5,7,2475,VX,LAX,17,144,250,0,0,19,106,261,0,0,20
0,9,26,5,19,2475,AA,LAX,17,144,250,0,0,19,106,261,0,0,20
-1,9,26,5,14,2475,AA,LAX,17,144,250,0,0,19,106,261,0,0,20
-5,9,26,5,17,2475,AA,LAX,17,144,250,0,0,19,106,261,0,0,20
-6,9,26,5,9,2475,VX,LAX,17,144,250,0,0,19,106,261,0,0,20
0,9,26,5,11,2475,VX,LAX,17,144,250,0,0,19,106,261,0,0,20
-4,9,26,5,10,2475,AA,LAX,17,144,250,0,0,19,106,261,0,0,20
0,9,26,5,9,2475,B6,LAX,17,144,250,0,0,19,106,261,0,0,20
-8,9,26,5,9,2475,AA,LAX,17,144,250,0,0,19,106,261,0,0,20
-3,9,26,5,8,2475,UA,LAX,17,144,250,0,0,19,106,261,0,0,20
1,9,26,5,14,2475,UA,LAX,17,144,250,0,0,19,106,261,0,0,20
-2,9,26,5,11,2475,UA,LAX,17,144,250,0,0,19,106,261,0,0,20
0,9,26,5,17,2475,UA,LAX,17,144,250,0,0,19,106,261,0,0,20
-7,9,26,5,6,2475,UA,LAX,17,144,250,0,0,19,106,261,0,0,20
14,9,26,5,20,2475,UA,LAX,17,144,250,0,0,19,106,261,0,0,20
-7,9,26,5,7,2475,DL,LAX,17,144,250,0,0,19,106,261,0,0,20
34,9,26,5,16,2475,DL,LAX,17,144,250,0,0,19,106,261,0,0,20
-3,9,26,5,9,2475,DL,LAX,17,144,250,0,0,19,106,261,0,0,20
3,9,26,5,18,2475,DL,LAX,17,144,250,0,0,19,106,261,0,0,20
-7,9,26,5,6,2475,B6,LAX,17,144,250,0,0,19,106,261,0,0,20
0,9,26,5,15,2475,DL,LAX,17,144,250,0,0,19,106,261,0,0,20
-8,9,26,5,8,2475,DL,LAX,17,144,250,0,0,19,106,261,0,0,20
51,9,26,5,21,2475,DL,LAX,17,144,250,0,0,19,106,261,0,0,20
-3,9,26,5,12,2475,DL,LAX,17,144,250,0,0,19,106,261,0,0,20
-3,10,17,5,16,2475,VX,LAX,4,150,217,0,0,20,89,167,0,0,59
-7,10,17,5,20,2475,AA,LAX,4,150,217,0,0,20,89,167,0,0,59
-4,10,17,5,11,2475,UA,LAX,4,150,217,0,0,20,89,167,0,0,59
54,10,17,5,17,2475,UA,LAX,4,150,217,0,0,20,89,167,0,0,59
42,10,17,5,20,2475,UA,LAX,4,150,217,0,0,20,89,167,0,0,59
-7,10,17,5,7,2475,AA,LAX,4,150,217,0,0,20,89,167,0,0,59
-2,10,17,5,13,2475,VX,LAX,4,150,217,0,0,20,89,167,0,0,59
-3,10,17,5,11,2475,VX,LAX,4,150,217,0,0,20,89,167,0,0,59
-4,10,17,5,18,2475,AA,LAX,4,150,217,0,0,20,89,167,0,0,59
-4,10,17,5,14,2475,AA,LAX,4,150,217,0,0,20,89,167,0,0,59
-7,10,17,5,9,2475,VX,LAX,4,150,217,0,0,20,89,167,0,0,59
-3,10,17,5,17,2475,AA,LAX,4,150,217,0,0,20,89,167,0,0,59
-6,10,17,5,12,2475,AA,LAX,4,150,217,0,0,20,89,167,0,0,59
-7,10,17,5,11,2475,AA,LAX,4,150,217,0,0,20,89,167,0,0,59
-6,10,17,5,7,2475,VX,LAX,4,150,217,0,0,20,89,167,0,0,59
-6,10,17,5,9,2475,AA,LAX,4,150,217,0,0,20,89,167,0,0,59
-2,10,17,5,16,2475,AA,LAX,4,150,217,0,0,20,89,167,0,0,59
-5,10,17,5,6,2475,UA,LAX,4,150,217,0,0,20,89,167,0,0,59
-5,10,17,5,8,2475,UA,LAX,4,150,217,0,0,20,89,167,0,0,59
-5,10,17,5,19,2475,AA,LAX,4,150,217,0,0,20,89,167,0,0,59
-5,10,17,5,8,2475,AA,LAX,4,150,217,0,0,20,89,167,0,0,59
-6,10,17,5,20,2475,VX,LAX,4,150,217,0,0,20,89,167,0,0,59
-7,10,17,5,6,2475,AA,LAX,4,150,217,0,0,20,89,167,0,0,59
-5,10,17,5,10,2475,AA,LAX,4,150,217,0,0,20,89,167,0,0,59
-5,10,17,5,9,2475,B6,LAX,4,150,217,0,0,20,89,167,0,0,59
-3,10,17,5,11,2475,B6,LAX,4,150,217,0,0,20,89,167,0,0,59
-1,10,17,5,16,2475,B6,LAX,4,150,217,0,0,20,89,167,0,0,59
10,10,17,5,20,2475,B6,LAX,4,150,217,0,0,20,89,167,0,0,59
-6,10,17,5,6,2475,B6,LAX,4,150,217,0,0,20,89,167,0,0,59
-3,10,17,5,8,2475,B6,LAX,4,150,217,0,0,20,89,167,0,0,59
0,10,17,5,9,2475,DL,LAX,4,150,217,0,0,20,89,167,0,0,59
-5,10,17,5,15,2475,DL,LAX,4,150,217,0,0,20,89,167,0,0,59
49,10,17,5,21,2475,DL,LAX,4,150,217,0,0,20,89,167,0,0,59
-5,10,17,5,7,2475,DL,LAX,4,150,217,0,0,20,89,167,0,0,59
13,10,17,5,12,2475,DL,LAX,4,150,217,0,0,20,89,167,0,0,59
-8,10,17,5,9,2475,DL,LAX,4,150,217,0,0,20,89,167,0,0,59
0,10,17,5,16,2475,DL,LAX,4,150,217,0,0,20,89,167,0,0,59
1,10,17,5,18,2475,DL,LAX,4,150,217,0,0,20,89,167,0,0,59
-3,10,22,3,16,2475,B6,LAX,9,100,144,384,0,42,17,133,0,0,22
55,10,22,3,21,2475,B6,LAX,9,100,144,384,0,42,17,133,0,0,22
59,10,22,3,6,2475,AA,LAX,9,100,144,384,0,42,17,133,0,0,22
-1,10,22,3,18,2475,DL,LAX,9,100,144,384,0,42,17,133,0,0,22
28,10,22,3,16,2475,DL,LAX,9,100,144,384,0,42,17,133,0,0,22
51,10,22,3,9,2475,DL,LAX,9,100,144,384,0,42,17,133,0,0,22
11,10,22,3,10,2475,AA,LAX,9,100,144,384,0,42,17,133,0,0,22
-1,10,22,3,12,2475,DL,LAX,9,100,144,384,0,42,17,133,0,0,22
75,10,22,3,7,2475,DL,LAX,9,100,144,384,0,42,17,133,0,0,22
100,10,22,3,21,2475,DL,LAX,9,100,144,384,0,42,17,133,0,0,22
11,10,22,3,15,2475,DL,LAX,9,100,144,384,0,42,17,133,0,0,22
-2,10,22,3,8,2475,DL,LAX,9,100,144,384,0,42,17,133,0,0,22
20,10,22,3,6,2475,B6,LAX,9,100,144,384,0,42,17,133,0,0,22
13,10,22,3,8,2475,B6,LAX,9,100,144,384,0,42,17,133,0,0,22
-3,10,22,3,9,2475,B6,LAX,9,100,144,384,0,42,17,133,0,0,22
12,10,22,3,11,2475,B6,LAX,9,100,144,384,0,42,17,133,0,0,22
7,10,22,3,9,2475,VX,LAX,9,100,144,384,0,42,17,133,0,0,22
48,10,22,3,16,2475,VX,LAX,9,100,144,384,0,42,17,133,0,0,22
35,10,22,3,20,2475,VX,LAX,9,100,144,384,0,42,17,133,0,0,22
51,10,22,3,20,2475,AA,LAX,9,100,144,384,0,42,17,133,0,0,22
3,10,22,3,11,2475,UA,LAX,9,100,144,384,0,42,17,133,0,0,22
17,10,22,3,17,2475,AA,LAX,9,100,144,384,0,42,17,133,0,0,22
-1,10,22,3,14,2475,UA,LAX,9,100,144,384,0,42,17,133,0,0,22
25,10,22,3,6,2475,UA,LAX,9,100,144,384,0,42,17,133,0,0,22
22,10,22,3,8,2475,UA,LAX,9,100,144,384,0,42,17,133,0,0,22
40,10,22,3,20,2475,UA,LAX,9,100,144,384,0,42,17,133,0,0,22
0,10,22,3,17,2475,UA,LAX,9,100,144,384,0,42,17,133,0,0,22
14,10,22,3,16,2475,AA,LAX,9,100,144,384,0,42,17,133,0,0,22
-2,10,22,3,14,2475,AA,LAX,9,100,144,384,0,42,17,133,0,0,22
2,10,22,3,8,2475,AA,LAX,9,100,144,384,0,42,17,133,0,0,22
-5,10,22,3,18,2475,AA,LAX,9,100,144,384,0,42,17,133,0,0,22
24,10,22,3,13,2475,VX,LAX,9,100,144,384,0,42,17,133,0,0,22
-4,10,22,3,11,2475,AA,LAX,9,100,144,384,0,42,17,133,0,0,22
14,10,22,3,7,2475,AA,LAX,9,100,144,384,0,42,17,133,0,0,22
-5,10,22,3,12,2475,AA,LAX,9,100,144,384,0,42,17,133,0,0,22
41,10,22,3,9,2475,AA,LAX,9,100,144,384,0,42,17,133,0,0,22
-1,10,22,3,19,2475,AA,LAX,9,100,144,384,0,42,17,133,0,0,22
7,10,22,3,7,2475,VX,LAX,9,100,144,384,0,42,17,133,0,0,22
-10,11,18,2,19,2475,UA,LAX,7,-43,72,0,0,45,-127,-71,0,0,75
0,11,18,2,8,2475,UA,LAX,7,-43,72,0,0,45,-127,-71,0,0,75
-7,11,18,2,6,2475,UA,LAX,7,-43,72,0,0,45,-127,-71,0,0,75
-2,11,18,2,20,2475,AA,LAX,7,-43,72,0,0,45,-127,-71,0,0,75
5,11,18,2,18,2475,DL,LAX,7,-43,72,0,0,45,-127,-71,0,0,75
-8,11,18,2,15,2475,DL,LAX,7,-43,72,0,0,45,-127,-71,0,0,75
-8,11,18,2,9,2475,DL,LAX,7,-43,72,0,0,45,-127,-71,0,0,75
-4,11,18,2,11,2475,DL,LAX,7,-43,72,0,0,45,-127,-71,0,0,75
-5,11,18,2,7,2475,DL,LAX,7,-43,72,0,0,45,-127,-71,0,0,75
-2,11,18,2,21,2475,DL,LAX,7,-43,72,0,0,45,-127,-71,0,0,75
-3,11,18,2,8,2475,DL,LAX,7,-43,72,0,0,45,-127,-71,0,0,75
-5,11,18,2,16,2475,DL,LAX,7,-43,72,0,0,45,-127,-71,0,0,75
-7,11,18,2,9,2475,AA,LAX,7,-43,72,0,0,45,-127,-71,0,0,75
-6,11,18,2,16,2475,AA,LAX,7,-43,72,0,0,45,-127,-71,0,0,75
-6,11,18,2,12,2475,AA,LAX,7,-43,72,0,0,45,-127,-71,0,0,75
-5,11,18,2,8,2475,AA,LAX,7,-43,72,0,0,45,-127,-71,0,0,75
-5,11,18,2,14,2475,AA,LAX,7,-43,72,0,0,45,-127,-71,0,0,75
-2,11,18,2,17,2475,AA,LAX,7,-43,72,0,0,45,-127,-71,0,0,75
-8,11,18,2,7,2475,AA,LAX,7,-43,72,0,0,45,-127,-71,0,0,75
-2,11,18,2,6,2475,AA,LAX,7,-43,72,0,0,45,-127,-71,0,0,75
-4,11,18,2,20,2475,AA,LAX,7,-43,72,0,0,45,-127,-71,0,0,75
-11,11,18,2,11,2475,AA,LAX,7,-43,72,0,0,45,-127,-71,0,0,75
-4,11,18,2,6,2475,B6,LAX,7,-43,72,0,0,45,-127,-71,0,0,75
-8,11,18,2,7,2475,B6,LAX,7,-43,72,0,0,45,-127,-71,0,0,75
-2,11,18,2,18,2475,AA,LAX,7,-43,72,0,0,45,-127,-71,0,0,75
-9,11,18,2,9,2475,B6,LAX,7,-43,72,0,0,45,-127,-71,0,0,75
2,11,18,2,15,2475,B6,LAX,7,-43,72,0,0,45,-127,-71,0,0,75
0,11,18,2,21,2475,B6,LAX,7,-43,72,0,0,45,-127,-71,0,0,75
-6,11,18,2,10,2475,AA,LAX,7,-43,72,0,0,45,-127,-71,0,0,75
-2,11,18,2,14,2475,UA,LAX,7,-43,72,0,0,45,-127,-71,0,0,75
-7,11,18,2,11,2475,UA,LAX,7,-43,72,0,0,45,-127,-71,0,0,75
2,11,18,2,17,2475,UA,LAX,7,-43,72,0,0,45,-127,-71,0,0,75
-9,11,18,2,9,2475,VX,LAX,7,-43,72,0,0,45,-127,-71,0,0,75
-6,11,18,2,7,2475,VX,LAX,7,-43,72,0,0,45,-127,-71,0,0,75
4,11,18,2,16,2475,VX,LAX,7,-43,72,0,0,45,-127,-71,0,0,75
-8,11,18,2,13,2475,VX,LAX,7,-43,72,0,0,45,-127,-71,0,0,75
10,11,18,2,20,2475,VX,LAX,7,-43,72,0,0,45,-127,-71,0,0,75
-3,11,23,7,13,2475,VX,LAX,4,61,139,0,0,17,89,111,160,0,47
-7,11,23,7,16,2475,VX,LAX,4,61,139,0,0,17,89,111,160,0,47
-3,11,23,7,20,2475,VX,LAX,4,61,139,0,0,17,89,111,160,0,47
-4,11,23,7,7,2475,VX,LAX,4,61,139,0,0,17,89,111,160,0,47
-7,11,23,7,9,2475,VX,LAX,4,61,139,0,0,17,89,111,160,0,47
10,11,23,7,18,2475,AA,LAX,4,61,139,0,0,17,89,111,160,0,47
-8,11,23,7,14,2475,UA,LAX,4,61,139,0,0,17,89,111,160,0,47
1,11,23,7,21,2475,DL,LAX,4,61,139,0,0,17,89,111,160,0,47
-7,11,23,7,6,2475,AA,LAX,4,61,139,0,0,17,89,111,160,0,47
-12,11,23,7,6,2475,B6,LAX,4,61,139,0,0,17,89,111,160,0,47
74,11,23,7,12,2475,AA,LAX,4,61,139,0,0,17,89,111,160,0,47
-4,11,23,7,11,2475,DL,LAX,4,61,139,0,0,17,89,111,160,0,47
-2,11,23,7,17,2475,UA,LAX,4,61,139,0,0,17,89,111,160,0,47
-1,11,23,7,7,2475,B6,LAX,4,61,139,0,0,17,89,111,160,0,47
-1,11,23,7,9,2475,B6,LAX,4,61,139,0,0,17,89,111,160,0,47
-7,11,23,7,8,2475,AA,LAX,4,61,139,0,0,17,89,111,160,0,47
-3,11,23,7,9,2475,DL,LAX,4,61,139,0,0,17,89,111,160,0,47
-1,11,23,7,15,2475,DL,LAX,4,61,139,0,0,17,89,111,160,0,47
-4,11,23,7,18,2475,DL,LAX,4,61,139,0,0,17,89,111,160,0,47
-5,11,23,7,20,2475,AA,LAX,4,61,139,0,0,17,89,111,160,0,47
24,11,23,7,17,2475,AA,LAX,4,61,139,0,0,17,89,111,160,0,47
-5,11,23,7,15,2475,B6,LAX,4,61,139,0,0,17,89,111,160,0,47
-4,11,23,7,18,2475,B6,LAX,4,61,139,0,0,17,89,111,160,0,47
0,11,23,7,16,2475,DL,LAX,4,61,139,0,0,17,89,111,160,0,47
-6,11,23,7,9,2475,AA,LAX,4,61,139,0,0,17,89,111,160,0,47
0,11,23,7,21,2475,B6,LAX,4,61,139,0,0,17,89,111,160,0,47
31,11,23,7,16,2475,AA,LAX,4,61,139,0,0,17,89,111,160,0,47
-5,11,23,7,20,2475,AA,LAX,4,61,139,0,0,17,89,111,160,0,47
43,11,23,7,10,2475,AA,LAX,4,61,139,0,0,17,89,111,160,0,47
11,11,23,7,11,2475,AA,LAX,4,61,139,0,0,17,89,111,160,0,47
-1,11,23,7,7,2475,AA,LAX,4,61,139,0,0,17,89,111,160,0,47
10,11,23,7,8,2475,DL,LAX,4,61,139,0,0,17,89,111,160,0,47
-7,11,23,7,11,2475,UA,LAX,4,61,139,0,0,17,89,111,160,0,47
-8,12,1,1,9,2475,AA,LAX,4,56,183,23,0,30,-77,-38,0,0,52
-1,12,1,1,17,2475,UA,LAX,4,56,183,23,0,30,-77,-38,0,0,52
3,12,1,1,19,2475,UA,LAX,4,56,183,23,0,30,-77,-38,0,0,52
-8,12,1,1,8,2475,UA,LAX,4,56,183,23,0,30,-77,-38,0,0,52
-6,12,1,1,6,2475,UA,LAX,4,56,183,23,0,30,-77,-38,0,0,52
-4,12,1,1,14,2475,UA,LAX,4,56,183,23,0,30,-77,-38,0,0,52
-4,12,1,1,11,2475,UA,LAX,4,56,183,23,0,30,-77,-38,0,0,52
1,12,1,1,20,2475,AA,LAX,4,56,183,23,0,30,-77,-38,0,0,52
-1,12,1,1,15,2475,B6,LAX,4,56,183,23,0,30,-77,-38,0,0,52
0,12,1,1,8,2475,B6,LAX,4,56,183,23,0,30,-77,-38,0,0,52
-4,12,1,1,21,2475,B6,LAX,4,56,183,23,0,30,-77,-38,0,0,52
-2,12,1,1,18,2475,B6,LAX,4,56,183,23,0,30,-77,-38,0,0,52
-2,12,1,1,6,2475,B6,LAX,4,56,183,23,0,30,-77,-38,0,0,52
-3,12,1,1,9,2475,B6,LAX,4,56,183,23,0,30,-77,-38,0,0,52
57,12,1,1,16,2475,DL,LAX,4,56,183,23,0,30,-77,-38,0,0,52
0,12,1,1,21,2475,DL,LAX,4,56,183,23,0,30,-77,-38,0,0,52
1,12,1,1,7,2475,DL,LAX,4,56,183,23,0,30,-77,-38,0,0,52
-4,12,1,1,11,2475,DL,LAX,4,56,183,23,0,30,-77,-38,0,0,52
-7,12,1,1,9,2475,DL,LAX,4,56,183,23,0,30,-77,-38,0,0,52
-2,12,1,1,15,2475,DL,LAX,4,56,183,23,0,30,-77,-38,0,0,52
-1,12,1,1,18,2475,DL,LAX,4,56,183,23,0,30,-77,-38,0,0,52
-3,12,1,1,6,2475,AA,LAX,4,56,183,23,0,30,-77,-38,0,0,52
-10,12,1,1,10,2475,AA,LAX,4,56,183,23,0,30,-77,-38,0,0,52
-3,12,1,1,20,2475,AA,LAX,4,56,183,23,0,30,-77,-38,0,0,52
-2,12,1,1,17,2475,AA,LAX,4,56,183,23,0,30,-77,-38,0,0,52
-6,12,1,1,16,2475,AA,LAX,4,56,183,23,0,30,-77,-38,0,0,52
-6,12,1,1,14,2475,AA,LAX,4,56,183,23,0,30,-77,-38,0,0,52
54,12,1,1,8,2475,AA,LAX,4,56,183,23,0,30,-77,-38,0,0,52
-4,12,1,1,18,2475,AA,LAX,4,56,183,23,0,30,-77,-38,0,0,52
-5,12,1,1,11,2475,AA,LAX,4,56,183,23,0,30,-77,-38,0,0,52
-4,12,1,1,7,2475,AA,LAX,4,56,183,23,0,30,-77,-38,0,0,52
-6,12,1,1,12,2475,AA,LAX,4,56,183,23,0,30,-77,-38,0,0,52
-10,12,1,1,13,2475,VX,LAX,4,56,183,23,0,30,-77,-38,0,0,52
-10,12,1,1,11,2475,VX,LAX,4,56,183,23,0,30,-77,-38,0,0,52
-7,12,1,1,9,2475,VX,LAX,4,56,183,23,0,30,-77,-38,0,0,52
-2,12,1,1,7,2475,VX,LAX,4,56,183,23,0,30,-77,-38,0,0,52
12,12,1,1,20,2475,VX,LAX,4,56,183,23,0,30,-77,-38,0,0,52
1,12,1,1,16,2475,VX,LAX,4,56,183,23,0,30,-77,-38,0,0,52
-5,12,19,5,16,2475,VX,LAX,6,-5,33,0,0,32,-27,0,0,0,22
1,12,19,5,9,2475,VX,LAX,6,-5,33,0,0,32,-27,0,0,0,22
0,12,19,5,7,2475,VX,LAX,6,-5,33,0,0,32,-27,0,0,0,22
1,12,19,5,6,2475,UA,LAX,6,-5,33,0,0,32,-27,0,0,0,22
-6,12,19,5,8,2475,UA,LAX,6,-5,33,0,0,32,-27,0,0,0,22
16,12,19,5,19,2475,UA,LAX,6,-5,33,0,0,32,-27,0,0,0,22
11,12,19,5,17,2475,UA,LAX,6,-5,33,0,0,32,-27,0,0,0,22
-7,12,19,5,11,2475,UA,LAX,6,-5,33,0,0,32,-27,0,0,0,22
-6,12,19,5,14,2475,UA,LAX,6,-5,33,0,0,32,-27,0,0,0,22
36,12,19,5,20,2475,VX,LAX,6,-5,33,0,0,32,-27,0,0,0,22
-3,12,19,5,13,2475,VX,LAX,6,-5,33,0,0,32,-27,0,0,0,22
-6,12,19,5,12,2475,AA,LAX,6,-5,33,0,0,32,-27,0,0,0,22
-4,12,19,5,9,2475,B6,LAX,6,-5,33,0,0,32,-27,0,0,0,22
-9,12,19,5,9,2475,AA,LAX,6,-5,33,0,0,32,-27,0,0,0,22
-4,12,19,5,7,2475,AA,LAX,6,-5,33,0,0,32,-27,0,0,0,22
-4,12,19,5,8,2475,AA,LAX,6,-5,33,0,0,32,-27,0,0,0,22
67,12,19,5,18,2475,AA,LAX,6,-5,33,0,0,32,-27,0,0,0,22
-6,12,19,5,11,2475,AA,LAX,6,-5,33,0,0,32,-27,0,0,0,22
-3,12,19,5,8,2475,DL,LAX,6,-5,33,0,0,32,-27,0,0,0,22
36,12,19,5,21,2475,DL,LAX,6,-5,33,0,0,32,-27,0,0,0,22
-1,12,19,5,11,2475,DL,LAX,6,-5,33,0,0,32,-27,0,0,0,22
-1,12,19,5,17,2475,AA,LAX,6,-5,33,0,0,32,-27,0,0,0,22
0,12,19,5,18,2475,DL,LAX,6,-5,33,0,0,32,-27,0,0,0,22
-4,12,19,5,17,2475,DL,LAX,6,-5,33,0,0,32,-27,0,0,0,22
31,12,19,5,21,2475,B6,LAX,6,-5,33,0,0,32,-27,0,0,0,22
10,12,19,5,8,2475,B6,LAX,6,-5,33,0,0,32,-27,0,0,0,22
-2,12,19,5,9,2475,DL,LAX,6,-5,33,0,0,32,-27,0,0,0,22
0,12,19,5,11,2475,B6,LAX,6,-5,33,0,0,32,-27,0,0,0,22
2,12,19,5,15,2475,DL,LAX,6,-5,33,0,0,32,-27,0,0,0,22
-1,12,19,5,16,2475,AA,LAX,6,-5,33,0,0,32,-27,0,0,0,22
0,12,19,5,18,2475,B6,LAX,6,-5,33,0,0,32,-27,0,0,0,22
3,12,19,5,20,2475,AA,LAX,6,-5,33,0,0,32,-27,0,0,0,22
0,12,19,5,7,2475,DL,LAX,6,-5,33,0,0,32,-27,0,0,0,22
-2,12,19,5,6,2475,B6,LAX,6,-5,33,0,0,32,-27,0,0,0,22
-3,12,19,5,10,2475,AA,LAX,6,-5,33,0,0,32,-27,0,0,0,22
-2,12,19,5,6,2475,AA,LAX,6,-5,33,0,0,32,-27,0,0,0,22
-4,12,19,5,16,2475,B6,LAX,6,-5,33,0,0,32,-27,0,0,0,22
0,12,19,5,19,2475,AA,LAX,6,-5,33,0,0,32,-27,0,0,0,22
-2,12,24,3,11,2475,UA,LAX,1,67,144,203,0,26,22,44,0,0,36
0,12,24,3,14,2475,UA,LAX,1,67,144,203,0,26,22,44,0,0,36
0,12,24,3,6,2475,UA,LAX,1,67,144,203,0,26,22,44,0,0,36
-4,12,24,3,8,2475,UA,LAX,1,67,144,203,0,26,22,44,0,0,36
3,12,24,3,11,2475,B6,LAX,1,67,144,203,0,26,22,44,0,0,36
-7,12,24,3,10,2475,AA,LAX,1,67,144,203,0,26,22,44,0,0,36
9,12,24,3,16,2475,B6,LAX,1,67,144,203,0,26,22,44,0,0,36
-4,12,24,3,17,2475,AA,LAX,1,67,144,203,0,26,22,44,0,0,36
-5,12,24,3,18,2475,DL,LAX,1,67,144,203,0,26,22,44,0,0,36
-10,12,24,3,6,2475,AA,LAX,1,67,144,203,0,26,22,44,0,0,36
3,12,24,3,15,2475,DL,LAX,1,67,144,203,0,26,22,44,0,0,36
-6,12,24,3,7,2475,AA,LAX,1,67,144,203,0,26,22,44,0,0,36
-2,12,24,3,8,2475,AA,LAX,1,67,144,203,0,26,22,44,0,0,36
8,12,24,3,16,2475,AA,LAX,1,67,144,203,0,26,22,44,0,0,36
-4,12,24,3,8,2475,B6,LAX,1,67,144,203,0,26,22,44,0,0,36
1,12,24,3,9,2475,DL,LAX,1,67,144,203,0,26,22,44,0,0,36
0,12,24,3,14,2475,AA,LAX,1,67,144,203,0,26,22,44,0,0,36
-1,12,24,3,6,2475,B6,LAX,1,67,144,203,0,26,22,44,0,0,36
-4,12,24,3,11,2475,DL,LAX,1,67,144,203,0,26,22,44,0,0,36
-1,12,24,3,9,2475,B6,LAX,1,67,144,203,0,26,22,44,0,0,36
4,12,24,3,7,2475,DL,LAX,1,67,144,203,0,26,22,44,0,0,36
6,12,24,3,21,2475,B6,LAX,1,67,144,203,0,26,22,44,0,0,36
-1,12,24,3,18,2475,B6,LAX,1,67,144,203,0,26,22,44,0,0,36
30,12,24,3,21,2475,DL,LAX,1,67,144,203,0,26,22,44,0,0,36
14,12,24,3,8,2475,DL,LAX,1,67,144,203,0,26,22,44,0,0,36
-2,12,24,3,13,2475,VX,LAX,1,67,144,203,0,26,22,44,0,0,36
-1,12,24,3,11,2475,VX,LAX,1,67,144,203,0,26,22,44,0,0,36
-2,12,24,3,9,2475,VX,LAX,1,67,144,203,0,26,22,44,0,0,36
2,12,24,3,7,2475,VX,LAX,1,67,144,203,0,26,22,44,0,0,36
52,12,24,3,16,2475,VX,LAX,1,67,144,203,0,26,22,44,0,0,36
