25,1,17,5,16,2475,AA,LAX,4,6,67,0,0,16,-110,-66,10,28,55
10,1,17,5,6,2475,UA,LAX,4,6,67,0,0,16,-110,-66,10,28,55
34,1,17,5,21,2475,AA,LAX,4,6,67,0,0,16,-110,-66,10,28,55
18,1,17,5,7,2475,AA,LAX,4,6,67,0,0,16,-110,-66,10,28,55
4,1,17,5,15,2475,AA,LAX,4,6,67,0,0,16,-110,-66,10,28,55
26,1,17,5,12,2475,AA,LAX,4,6,67,0,0,16,-110,-66,10,28,55
-2,1,17,5,8,2475,UA,LAX,4,6,67,0,0,16,-110,-66,10,28,55
7,1,17,5,19,2475,AA,LAX,4,6,67,0,0,16,-110,-66,10,28,55
-5,1,17,5,9,2475,AA,LAX,4,6,67,0,0,16,-110,-66,10,28,55
-6,1,17,5,13,2475,AA,LAX,4,6,67,0,0,16,-110,-66,10,28,55
4,1,17,5,17,2475,UA,LAX,4,6,67,0,0,16,-110,-66,10,28,55
16,1,17,5,16,2475,VX,LAX,4,6,67,0,0,16,-110,-66,10,28,55
-3,1,17,5,9,2475,VX,LAX,4,6,67,0,0,16,-110,-66,10,28,55
21,1,17,5,20,2475,VX,LAX,4,6,67,0,0,16,-110,-66,10,28,55
-3,1,17,5,13,2475,VX,LAX,4,6,67,0,0,16,-110,-66,10,28,55
1,1,17,5,7,2475,VX,LAX,4,6,67,0,0,16,-110,-66,10,28,55
-1,1,17,5,16,2475,DL,LAX,4,6,67,0,0,16,-110,-66,10,28,55
24,1,17,5,20,2475,UA,LAX,4,6,67,0,0,16,-110,-66,10,28,55
138,1,17,5,14,2475,UA,LAX,4,6,67,0,0,16,-110,-66,10,28,55
4,1,17,5,11,2475,UA,LAX,4,6,67,0,0,16,-110,-66,10,28,55
-2,1,17,5,9,2475,DL,LAX,4,6,67,0,0,16,-110,-66,10,28,55
-2,1,17,5,20,2475,DL,LAX,4,6,67,0,0,16,-110,-66,10,28,55
-3,1,17,5,18,2475,DL,LAX,4,6,67,0,0,16,-110,-66,10,28,55
-8,1,17,5,12,2475,DL,LAX,4,6,67,0,0,16,-110,-66,10,28,55
-4,1,17,5,9,2475,DL,LAX,4,6,67,0,0,16,-110,-66,10,28,55
-8,1,17,5,15,2475,DL,LAX,4,6,67,0,0,16,-110,-66,10,28,55
13,1,17,5,6,2475,B6,LAX,4,6,67,0,0,16,-110,-66,10,28,55
4,1,17,5,9,2475,B6,LAX,4,6,67,0,0,16,-110,-66,10,28,55
-2,1,17,5,20,2475,B6,LAX,4,6,67,0,0,16,-110,-66,10,28,55
7,1,17,5,16,2475,B6,LAX,4,6,67,0,0,16,-110,-66,10,28,55
5,1,22,3,21,2475,AA,LAX,1,-149,-82,5,13,39,-177,-93,0,15,55
23,1,22,3,16,2475,AA,LAX,1,-149,-82,5,13,39,-177,-93,0,15,55
-1,1,22,3,15,2475,AA,LAX,1,-149,-82,5,13,39,-177,-93,0,15,55
-1,1,22,3,13,2475,AA,LAX,1,-149,-82,5,13,39,-177,-93,0,15,55
22,1,22,3,12,2475,AA,LAX,1,-149,-82,5,13,39,-177,-93,0,15,55
1,1,22,3,19,2475,AA,LAX,1,-149,-82,5,13,39,-177,-93,0,15,55
65,1,22,3,20,2475,DL,LAX,1,-149,-82,5,13,39,-177,-93,0,15,55
43,1,22,3,18,2475,DL,LAX,1,-149,-82,5,13,39,-177,-93,0,15,55
312,1,22,3,9,2475,DL,LAX,1,-149,-82,5,13,39,-177,-93,0,15,55
29,1,22,3,15,2475,DL,LAX,1,-149,-82,5,13,39,-177,-93,0,15,55
9,1,22,3,17,2475,UA,LAX,1,-149,-82,5,13,39,-177,-93,0,15,55
120,1,22,3,8,2475,UA,LAX,1,-149,-82,5,13,39,-177,-93,0,15,55
17,1,22,3,14,2475,UA,LAX,1,-149,-82,5,13,39,-177,-93,0,15,55
0,1,22,3,16,2475,VX,LAX,1,-149,-82,5,13,39,-177,-93,0,15,55
1,1,22,3,20,2475,VX,LAX,1,-149,-82,5,13,39,-177,-93,0,15,55
29,1,22,3,16,2475,B6,LAX,1,-149,-82,5,13,39,-177,-93,0,15,55
2,1,22,3,20,2475,B6,LAX,1,-149,-82,5,13,39,-177,-93,0,15,55
-5,1,22,3,20,2475,UA,LAX,1,-149,-82,5,13,39,-177,-93,0,15,55
78,1,22,3,9,2475,VX,LAX,1,-149,-82,5,13,39,-177,-93,0,15,55
21,1,22,3,16,2475,DL,LAX,1,-149,-82,5,13,39,-177,-93,0,15,55
1,1,22,3,7,2475,DL,LAX,1,-149,-82,5,13,39,-177,-93,0,15,55
0,2,18,2,8,2475,UA,LAX,0,-32,39,41,38,23,-88,78,0,0,55
37,2,18,2,11,2475,UA,LAX,0,-32,39,41,38,23,-88,78,0,0,55
-5,2,18,2,17,2475,UA,LAX,0,-32,39,41,38,23,-88,78,0,0,55
8,2,18,2,14,2475,UA,LAX,0,-32,39,41,38,23,-88,78,0,0,55
-5,2,18,2,6,2475,UA,LAX,0,-32,39,41,38,23,-88,78,0,0,55
26,2,18,2,20,2475,UA,LAX,0,-32,39,41,38,23,-88,78,0,0,55
76,2,18,2,20,2475,DL,LAX,0,-32,39,41,38,23,-88,78,0,0,55
1,2,18,2,18,2475,DL,LAX,0,-32,39,41,38,23,-88,78,0,0,55
35,2,18,2,16,2475,AA,LAX,0,-32,39,41,38,23,-88,78,0,0,55
16,2,18,2,7,2475,DL,LAX,0,-32,39,41,38,23,-88,78,0,0,55
-2,2,18,2,16,2475,DL,LAX,0,-32,39,41,38,23,-88,78,0,0,55
13,2,18,2,15,2475,DL,LAX,0,-32,39,41,38,23,-88,78,0,0,55
-5,2,18,2,9,2475,AA,LAX,0,-32,39,41,38,23,-88,78,0,0,55
4,2,18,2,12,2475,B6,LAX,0,-32,39,41,38,23,-88,78,0,0,55
37,2,18,2,19,2475,AA,LAX,0,-32,39,41,38,23,-88,78,0,0,55
1,2,18,2,12,2475,AA,LAX,0,-32,39,41,38,23,-88,78,0,0,55
-3,2,18,2,21,2475,AA,LAX,0,-32,39,41,38,23,-88,78,0,0,55
50,2,18,2,16,2475,B6,LAX,0,-32,39,41,38,23,-88,78,0,0,55
73,2,18,2,9,2475,DL,LAX,0,-32,39,41,38,23,-88,78,0,0,55
15,2,18,2,8,2475,AA,LAX,0,-32,39,41,38,23,-88,78,0,0,55
-4,2,18,2,10,2475,AA,LAX,0,-32,39,41,38,23,-88,78,0,0,55
-4,2,18,2,6,2475,B6,LAX,0,-32,39,41,38,23,-88,78,0,0,55
159,2,18,2,13,2475,AA,LAX,0,-32,39,41,38,23,-88,78,0,0,55
-1,2,18,2,20,2475,B6,LAX,0,-32,39,41,38,23,-88,78,0,0,55
-3,2,18,2,6,2475,AA,LAX,0,-32,39,41,38,23,-88,78,0,0,55
-4,2,18,2,12,2475,DL,LAX,0,-32,39,41,38,23,-88,78,0,0,55
32,2,18,2,15,2475,AA,LAX,0,-32,39,41,38,23,-88,78,0,0,55
129,2,18,2,16,2475,VX,LAX,0,-32,39,41,38,23,-88,78,0,0,55
-2,2,18,2,13,2475,VX,LAX,0,-32,39,41,38,23,-88,78,0,0,55
10,2,18,2,9,2475,VX,LAX,0,-32,39,41,38,23,-88,78,0,0,55
10,2,18,2,7,2475,VX,LAX,0,-32,39,41,38,23,-88,78,0,0,55
15,2,18,2,20,2475,VX,LAX,0,-32,39,41,38,23,-88,78,0,0,55
0,2,23,7,16,2475,VX,LAX,5,61,122,0,0,24,-93,-21,0,0,57
15,2,23,7,13,2475,VX,LAX,5,61,122,0,0,24,-93,-21,0,0,57
-4,2,23,7,9,2475,VX,LAX,5,61,122,0,0,24,-93,-21,0,0,57
2,2,23,7,20,2475,VX,LAX,5,61,122,0,0,24,-93,-21,0,0,57
-1,2,23,7,6,2475,B6,LAX,5,61,122,0,0,24,-93,-21,0,0,57
0,2,23,7,12,2475,B6,LAX,5,61,122,0,0,24,-93,-21,0,0,57
-1,2,23,7,20,2475,B6,LAX,5,61,122,0,0,24,-93,-21,0,0,57
-7,2,23,7,7,2475,DL,LAX,5,61,122,0,0,24,-93,-21,0,0,57
2,2,23,7,16,2475,B6,LAX,5,61,122,0,0,24,-93,-21,0,0,57
-1,2,23,7,13,2475,AA,LAX,5,61,122,0,0,24,-93,-21,0,0,57
-3,2,23,7,16,2475,DL,LAX,5,61,122,0,0,24,-93,-21,0,0,57
3,2,23,7,21,2475,AA,LAX,5,61,122,0,0,24,-93,-21,0,0,57
-8,2,23,7,16,2475,AA,LAX,5,61,122,0,0,24,-93,-21,0,0,57
0,2,23,7,15,2475,AA,LAX,5,61,122,0,0,24,-93,-21,0,0,57
-6,2,23,7,8,2475,AA,LAX,5,61,122,0,0,24,-93,-21,0,0,57
-7,2,23,7,19,2475,AA,LAX,5,61,122,0,0,24,-93,-21,0,0,57
-10,2,23,7,10,2475,AA,LAX,5,61,122,0,0,24,-93,-21,0,0,57
-6,2,23,7,6,2475,AA,LAX,5,61,122,0,0,24,-93,-21,0,0,57
1,2,23,7,12,2475,AA,LAX,5,61,122,0,0,24,-93,-21,0,0,57
-6,2,23,7,9,2475,AA,LAX,5,61,122,0,0,24,-93,-21,0,0,57
-1,2,23,7,15,2475,DL,LAX,5,61,122,0,0,24,-93,-21,0,0,57
-3,2,23,7,9,2475,DL,LAX,5,61,122,0,0,24,-93,-21,0,0,57
-7,2,23,7,12,2475,DL,LAX,5,61,122,0,0,24,-93,-21,0,0,57
4,2,23,7,20,2475,DL,LAX,5,61,122,0,0,24,-93,-21,0,0,57
-1,2,23,7,18,2475,DL,LAX,5,61,122,0,0,24,-93,-21,0,0,57
-4,2,23,7,14,2475,UA,LAX,5,61,122,0,0,24,-93,-21,0,0,57
-6,2,23,7,11,2475,UA,LAX,5,61,122,0,0,24,-93,-21,0,0,57
7,2,23,7,20,2475,UA,LAX,5,61,122,0,0,24,-93,-21,0,0,57
-2,2,23,7,17,2475,UA,LAX,5,61,122,0,0,24,-93,-21,0,0,57
0,2,23,7,8,2475,UA,LAX,5,61,122,0,0,24,-93,-21,0,0,57
-3,3,1,6,6,2475,AA,LAX,11,-66,28,0,0,20,-116,-5,74,94,42
-3,3,1,6,15,2475,DL,LAX,11,-66,28,0,0,20,-116,-5,74,94,42
7,3,1,6,9,2475,DL,LAX,11,-66,28,0,0,20,-116,-5,74,94,42
-1,3,1,6,12,2475,DL,LAX,11,-66,28,0,0,20,-116,-5,74,94,42
-7,3,1,6,18,2475,DL,LAX,11,-66,28,0,0,20,-116,-5,74,94,42
19,3,1,6,20,2475,B6,LAX,11,-66,28,0,0,20,-116,-5,74,94,42
-4,3,1,6,16,2475,B6,LAX,11,-66,28,0,0,20,-116,-5,74,94,42
-3,3,1,6,6,2475,B6,LAX,11,-66,28,0,0,20,-116,-5,74,94,42
-4,3,1,6,13,2475,AA,LAX,11,-66,28,0,0,20,-116,-5,74,94,42
-11,3,1,6,9,2475,AA,LAX,11,-66,28,0,0,20,-116,-5,74,94,42
-1,3,1,6,16,2475,AA,LAX,11,-66,28,0,0,20,-116,-5,74,94,42
1,3,1,6,15,2475,AA,LAX,11,-66,28,0,0,20,-116,-5,74,94,42
10,3,1,6,8,2475,AA,LAX,11,-66,28,0,0,20,-116,-5,74,94,42
-3,3,1,6,12,2475,AA,LAX,11,-66,28,0,0,20,-116,-5,74,94,42
50,3,1,6,19,2475,AA,LAX,11,-66,28,0,0,20,-116,-5,74,94,42
47,3,1,6,10,2475,AA,LAX,11,-66,28,0,0,20,-116,-5,74,94,42
-2,3,1,6,9,2475,VX,LAX,11,-66,28,0,0,20,-116,-5,74,94,42
224,3,1,6,13,2475,VX,LAX,11,-66,28,0,0,20,-116,-5,74,94,42
14,3,1,6,16,2475,VX,LAX,11,-66,28,0,0,20,-116,-5,74,94,42
-3,3,1,6,14,2475,UA,LAX,11,-66,28,0,0,20,-116,-5,74,94,42
-6,3,1,6,11,2475,UA,LAX,11,-66,28,0,0,20,-116,-5,74,94,42
-4,3,1,6,6,2475,UA,LAX,11,-66,28,0,0,20,-116,-5,74,94,42
-3,3,1,6,8,2475,UA,LAX,11,-66,28,0,0,20,-116,-5,74,94,42
-3,3,1,6,17,2475,UA,LAX,11,-66,28,0,0,20,-116,-5,74,94,42
1,3,1,6,7,2475,VX,LAX,11,-66,28,0,0,20,-116,-5,74,94,42
1,3,19,3,12,2475,AA,LAX,29,0,78,234,0,32,11,78,48,0,57
2,3,19,3,16,2475,AA,LAX,29,0,78,234,0,32,11,78,48,0,57
21,3,19,3,21,2475,AA,LAX,29,0,78,234,0,32,11,78,48,0,57
-9,3,19,3,19,2475,AA,LAX,29,0,78,234,0,32,11,78,48,0,57
8,3,19,3,7,2475,DL,LAX,29,0,78,234,0,32,11,78,48,0,57
-9,3,19,3,10,2475,AA,LAX,29,0,78,234,0,32,11,78,48,0,57
-5,3,19,3,18,2475,DL,LAX,29,0,78,234,0,32,11,78,48,0,57
1,3,19,3,20,2475,DL,LAX,29,0,78,234,0,32,11,78,48,0,57
130,3,19,3,16,2475,B6,LAX,29,0,78,234,0,32,11,78,48,0,57
-1,3,19,3,15,2475,DL,LAX,29,0,78,234,0,32,11,78,48,0,57
3,3,19,3,20,2475,B6,LAX,29,0,78,234,0,32,11,78,48,0,57
-2,3,19,3,15,2475,AA,LAX,29,0,78,234,0,32,11,78,48,0,57
-4,3,19,3,12,2475,DL,LAX,29,0,78,234,0,32,11,78,48,0,57
-4,3,19,3,11,2475,B6,LAX,29,0,78,234,0,32,11,78,48,0,57
-6,3,19,3,8,2475,AA,LAX,29,0,78,234,0,32,11,78,48,0,57
-3,3,19,3,16,2475,DL,LAX,29,0,78,234,0,32,11,78,48,0,57
36,3,19,3,9,2475,DL,LAX,29,0,78,234,0,32,11,78,48,0,57
-7,3,19,3,9,2475,AA,LAX,29,0,78,234,0,32,11,78,48,0,57
-3,3,19,3,13,2475,AA,LAX,29,0,78,234,0,32,11,78,48,0,57
-3,3,19,3,6,2475,B6,LAX,29,0,78,234,0,32,11,78,48,0,57
2,3,19,3,6,2475,AA,LAX,29,0,78,234,0,32,11,78,48,0,57
-6,3,19,3,20,2475,VX,LAX,29,0,78,234,0,32,11,78,48,0,57
-4,3,19,3,9,2475,VX,LAX,29,0,78,234,0,32,11,78,48,0,57
-1,3,19,3,13,2475,VX,LAX,29,0,78,234,0,32,11,78,48,0,57
-1,3,19,3,16,2475,VX,LAX,29,0,78,234,0,32,11,78,48,0,57
-4,3,19,3,7,2475,VX,LAX,29,0,78,234,0,32,11,78,48,0,57
77,3,19,3,20,2475,UA,LAX,29,0,78,234,0,32,11,78,48,0,57
16,3,19,3,17,2475,UA,LAX,29,0,78,234,0,32,11,78,48,0,57
8,3,19,3,11,2475,UA,LAX,29,0,78,234,0,32,11,78,48,0,57
-4,3,19,3,8,2475,UA,LAX,29,0,78,234,0,32,11,78,48,0,57
0,3,19,3,6,2475,UA,LAX,29,0,78,234,0,32,11,78,48,0,57
-3,3,19,3,14,2475,UA,LAX,29,0,78,234,0,32,11,78,48,0,57
169,3,24,1,6,2475,UA,LAX,34,-60,17,0,0,30,-66,22,0,0,33
-2,3,24,1,11,2475,UA,LAX,34,-60,17,0,0,30,-66,22,0,0,33
2,3,24,1,8,2475,UA,LAX,34,-60,17,0,0,30,-66,22,0,0,33
-1,3,24,1,14,2475,UA,LAX,34,-60,17,0,0,30,-66,22,0,0,33
-2,3,24,1,20,2475,UA,LAX,34,-60,17,0,0,30,-66,22,0,0,33
-2,3,24,1,17,2475,UA,LAX,34,-60,17,0,0,30,-66,22,0,0,33
-1,3,24,1,7,2475,VX,LAX,34,-60,17,0,0,30,-66,22,0,0,33
0,3,24,1,20,2475,VX,LAX,34,-60,17,0,0,30,-66,22,0,0,33
0,3,24,1,16,2475,VX,LAX,34,-60,17,0,0,30,-66,22,0,0,33
-1,3,24,1,13,2475,VX,LAX,34,-60,17,0,0,30,-66,22,0,0,33
-2,3,24,1,9,2475,VX,LAX,34,-60,17,0,0,30,-66,22,0,0,33
85,3,24,1,21,2475,AA,LAX,34,-60,17,0,0,30,-66,22,0,0,33
-3,3,24,1,6,2475,AA,LAX,34,-60,17,0,0,30,-66,22,0,0,33
-8,3,24,1,9,2475,DL,LAX,34,-60,17,0,0,30,-66,22,0,0,33
8,3,24,1,10,2475,AA,LAX,34,-60,17,0,0,30,-66,22,0,0,33
6,3,24,1,8,2475,AA,LAX,34,-60,17,0,0,30,-66,22,0,0,33
1,3,24,1,15,2475,DL,LAX,34,-60,17,0,0,30,-66,22,0,0,33
-3,3,24,1,7,2475,DL,LAX,34,-60,17,0,0,30,-66,22,0,0,33
-5,3,24,1,20,2475,B6,LAX,34,-60,17,0,0,30,-66,22,0,0,33
-5,3,24,1,16,2475,AA,LAX,34,-60,17,0,0,30,-66,22,0,0,33
-2,3,24,1,15,2475,AA,LAX,34,-60,17,0,0,30,-66,22,0,0,33
-6,3,24,1,12,2475,DL,LAX,34,-60,17,0,0,30,-66,22,0,0,33
-3,3,24,1,16,2475,DL,LAX,34,-60,17,0,0,30,-66,22,0,0,33
-3,3,24,1,12,2475,AA,LAX,34,-60,17,0,0,30,-66,22,0,0,33
10,3,24,1,20,2475,DL,LAX,34,-60,17,0,0,30,-66,22,0,0,33
-2,3,24,1,13,2475,AA,LAX,34,-60,17,0,0,30,-66,22,0,0,33
-5,3,24,1,11,2475,B6,LAX,34,-60,17,0,0,30,-66,22,0,0,33
-2,3,24,1,16,2475,B6,LAX,34,-60,17,0,0,30,-66,22,0,0,33
0,3,24,1,6,2475,B6,LAX,34,-60,17,0,0,30,-66,22,0,0,33
-1,3,24,1,18,2475,DL,LAX,34,-60,17,0,0,30,-66,22,0,0,33
-5,3,24,1,9,2475,AA,LAX,34,-60,17,0,0,30,-66,22,0,0,33
19,3,24,1,19,2475,AA,LAX,34,-60,17,0,0,30,-66,22,0,0,33
-1,4,2,3,15,2475,DL,LAX,43,56,122,0,0,9,11,72,0,0,46
-3,4,2,3,7,2475,DL,LAX,43,56,122,0,0,9,11,72,0,0,46
-4,4,2,3,19,2475,AA,LAX,43,56,122,0,0,9,11,72,0,0,46
-10,4,2,3,12,2475,DL,LAX,43,56,122,0,0,9,11,72,0,0,46
-1,4,2,3,9,2475,DL,LAX,43,56,122,0,0,9,11,72,0,0,46
-4,4,2,3,17,2475,DL,LAX,43,56,122,0,0,9,11,72,0,0,46
-3,4,2,3,6,2475,AA,LAX,43,56,122,0,0,9,11,72,0,0,46
-7,4,2,3,12,2475,AA,LAX,43,56,122,0,0,9,11,72,0,0,46
-5,4,2,3,6,2475,B6,LAX,43,56,122,0,0,9,11,72,0,0,46
-7,4,2,3,16,2475,AA,LAX,43,56,122,0,0,9,11,72,0,0,46
-6,4,2,3,8,2475,AA,LAX,43,56,122,0,0,9,11,72,0,0,46
-1,4,2,3,21,2475,DL,LAX,43,56,122,0,0,9,11,72,0,0,46
-7,4,2,3,10,2475,AA,LAX,43,56,122,0,0,9,11,72,0,0,46
-5,4,2,3,13,2475,AA,LAX,43,56,122,0,0,9,11,72,0,0,46
8,4,2,3,11,2475,B6,LAX,43,56,122,0,0,9,11,72,0,0,46
-7,4,2,3,20,2475,VX,LAX,43,56,122,0,0,9,11,72,0,0,46
-7,4,2,3,9,2475,AA,LAX,43,56,122,0,0,9,11,72,0,0,46
0,4,2,3,16,2475,VX,LAX,43,56,122,0,0,9,11,72,0,0,46
-1,4,2,3,13,2475,VX,LAX,43,56,122,0,0,9,11,72,0,0,46
-4,4,2,3,6,2475,AA,LAX,43,56,122,0,0,9,11,72,0,0,46
-2,4,2,3,9,2475,VX,LAX,43,56,122,0,0,9,11,72,0,0,46
-5,4,2,3,7,2475,VX,LAX,43,56,122,0,0,9,11,72,0,0,46
-3,4,2,3,17,2475,AA,LAX,43,56,122,0,0,9,11,72,0,0,46
216,4,2,3,21,2475,AA,LAX,43,56,122,0,0,9,11,72,0,0,46
-1,4,2,3,18,2475,DL,LAX,43,56,122,0,0,9,11,72,0,0,46
-13,4,2,3,8,2475,DL,LAX,43,56,122,0,0,9,11,72,0,0,46
106,4,2,3,6,2475,UA,LAX,43,56,122,0,0,9,11,72,0,0,46
10,4,2,3,20,2475,UA,LAX,43,56,122,0,0,9,11,72,0,0,46
-2,4,2,3,14,2475,UA,LAX,43,56,122,0,0,9,11,72,0,0,46
-4,4,2,3,11,2475,UA,LAX,43,56,122,0,0,9,11,72,0,0,46
1,4,2,3,17,2475,UA,LAX,43,56,122,0,0,9,11,72,0,0,46
-1,4,2,3,8,2475,UA,LAX,43,56,122,0,0,9,11,72,0,0,46
-4,4,2,3,20,2475,B6,LAX,43,56,122,0,0,9,11,72,0,0,46
-3,4,2,3,16,2475,B6,LAX,43,56,122,0,0,9,11,72,0,0,46
5,4,25,5,20,2475,UA,LAX,27,67,172,5,0,22,72,211,56,0,57
-1,4,25,5,14,2475,UA,LAX,27,67,172,5,0,22,72,211,56,0,57
-6,4,25,5,11,2475,UA,LAX,27,67,172,5,0,22,72,211,56,0,57
2,4,25,5,17,2475,UA,LAX,27,67,172,5,0,22,72,211,56,0,57
-3,4,25,5,8,2475,UA,LAX,27,67,172,5,0,22,72,211,56,0,57
-5,4,25,5,6,2475,UA,LAX,27,67,172,5,0,22,72,211,56,0,57
-6,4,25,5,12,2475,DL,LAX,27,67,172,5,0,22,72,211,56,0,57
-5,4,25,5,7,2475,DL,LAX,27,67,172,5,0,22,72,211,56,0,57
1,4,25,5,21,2475,DL,LAX,27,67,172,5,0,22,72,211,56,0,57
7,4,25,5,15,2475,DL,LAX,27,67,172,5,0,22,72,211,56,0,57
-3,4,25,5,8,2475,DL,LAX,27,67,172,5,0,22,72,211,56,0,57
54,4,25,5,18,2475,DL,LAX,27,67,172,5,0,22,72,211,56,0,57
-4,4,25,5,6,2475,B6,LAX,27,67,172,5,0,22,72,211,56,0,57
-2,4,25,5,17,2475,DL,LAX,27,67,172,5,0,22,72,211,56,0,57
-4,4,25,5,9,2475,DL,LAX,27,67,172,5,0,22,72,211,56,0,57
-9,4,25,5,8,2475,AA,LAX,27,67,172,5,0,22,72,211,56,0,57
8,4,25,5,10,2475,AA,LAX,27,67,172,5,0,22,72,211,56,0,57
33,4,25,5,12,2475,AA,LAX,27,67,172,5,0,22,72,211,56,0,57
-3,4,25,5,17,2475,AA,LAX,27,67,172,5,0,22,72,211,56,0,57
-3,4,25,5,13,2475,AA,LAX,27,67,172,5,0,22,72,211,56,0,57
-1,4,25,5,11,2475,B6,LAX,27,67,172,5,0,22,72,211,56,0,57
-2,4,25,5,9,2475,VX,LAX,27,67,172,5,0,22,72,211,56,0,57
-2,4,25,5,13,2475,VX,LAX,27,67,172,5,0,22,72,211,56,0,57
37,4,25,5,16,2475,VX,LAX,27,67,172,5,0,22,72,211,56,0,57
-4,4,25,5,19,2475,AA,LAX,27,67,172,5,0,22,72,211,56,0,57
16,4,25,5,16,2475,B6,LAX,27,67,172,5,0,22,72,211,56,0,57
-8,4,25,5,20,2475,VX,LAX,27,67,172,5,0,22,72,211,56,0,57
4,4,25,5,20,2475,B6,LAX,27,67,172,5,0,22,72,211,56,0,57
-3,4,25,5,16,2475,AA,LAX,27,67,172,5,0,22,72,211,56,0,57
-9,4,25,5,6,2475,AA,LAX,27,67,172,5,0,22,72,211,56,0,57
-4,4,25,5,9,2475,AA,LAX,27,67,172,5,0,22,72,211,56,0,57
4,4,25,5,7,2475,VX,LAX,27,67,172,5,0,22,72,211,56,0,57
-4,4,25,5,6,2475,AA,LAX,27,67,172,5,0,22,72,211,56,0,57
-4,4,25,5,21,2475,AA,LAX,27,67,172,5,0,22,72,211,56,0,57
-5,4,30,3,8,2475,UA,LAX,22,50,111,1262,0,37,61,117,3,0,47
-6,4,30,3,6,2475,UA,LAX,22,50,111,1262,0,37,61,117,3,0,47
5,4,30,3,20,2475,UA,LAX,22,50,111,1262,0,37,61,117,3,0,47
-4,4,30,3,11,2475,UA,LAX,22,50,111,1262,0,37,61,117,3,0,47
73,4,30,3,17,2475,UA,LAX,22,50,111,1262,0,37,61,117,3,0,47
0,4,30,3,14,2475,UA,LAX,22,50,111,1262,0,37,61,117,3,0,47
-7,4,30,3,8,2475,AA,LAX,22,50,111,1262,0,37,61,117,3,0,47
-4,4,30,3,16,2475,AA,LAX,22,50,111,1262,0,37,61,117,3,0,47
46,4,30,3,19,2475,AA,LAX,22,50,111,1262,0,37,61,117,3,0,47
-7,4,30,3,10,2475,AA,LAX,22,50,111,1262,0,37,61,117,3,0,47
7,4,30,3,13,2475,AA,LAX,22,50,111,1262,0,37,61,117,3,0,47
-7,4,30,3,6,2475,AA,LAX,22,50,111,1262,0,37,61,117,3,0,47
-7,4,30,3,6,2475,AA,LAX,22,50,111,1262,0,37,61,117,3,0,47
-3,4,30,3,12,2475,AA,LAX,22,50,111,1262,0,37,61,117,3,0,47
-5,4,30,3,17,2475,AA,LAX,22,50,111,1262,0,37,61,117,3,0,47
-3,4,30,3,9,2475,AA,LAX,22,50,111,1262,0,37,61,117,3,0,47
44,4,30,3,21,2475,AA,LAX,22,50,111,1262,0,37,61,117,3,0,47
154,4,30,3,16,2475,B6,LAX,22,50,111,1262,0,37,61,117,3,0,47
-3,4,30,3,11,2475,B6,LAX,22,50,111,1262,0,37,61,117,3,0,47
0,4,30,3,20,2475,B6,LAX,22,50,111,1262,0,37,61,117,3,0,47
172,4,30,3,20,2475,VX,LAX,22,50,111,1262,0,37,61,117,3,0,47
327,4,30,3,16,2475,VX,LAX,22,50,111,1262,0,37,61,117,3,0,47
3,4,30,3,13,2475,VX,LAX,22,50,111,1262,0,37,61,117,3,0,47
7,4,30,3,9,2475,VX,LAX,22,50,111,1262,0,37,61,117,3,0,47
-7,4,30,3,7,2475,VX,LAX,22,50,111,1262,0,37,61,117,3,0,47
42,4,30,3,18,2475,DL,LAX,22,50,111,1262,0,37,61,117,3,0,47
8,4,30,3,8,2475,DL,LAX,22,50,111,1262,0,37,61,117,3,0,47
36,4,30,3,15,2475,DL,LAX,22,50,111,1262,0,37,61,117,3,0,47
74,4,30,3,21,2475,DL,LAX,22,50,111,1262,0,37,61,117,3,0,47
23,4,30,3,7,2475,DL,LAX,22,50,111,1262,0,37,61,117,3,0,47
0,4,30,3,12,2475,DL,LAX,22,50,111,1262,0,37,61,117,3,0,47
1,4,30,3,9,2475,DL,LAX,22,50,111,1262,0,37,61,117,3,0,47
12,4,30,3,17,2475,DL,LAX,22,50,111,1262,0,37,61,117,3,0,47
-4,4,30,3,6,2475,B6,LAX,22,50,111,1262,0,37,61,117,3,0,47
-10,5,3,6,7,2475,VX,LAX,19,122,217,20,0,15,78,194,0,0,66
-5,5,3,6,9,2475,VX,LAX,19,122,217,20,0,15,78,194,0,0,66
-3,5,3,6,16,2475,VX,LAX,19,122,217,20,0,15,78,194,0,0,66
-1,5,3,6,13,2475,VX,LAX,19,122,217,20,0,15,78,194,0,0,66
0,5,3,6,17,2475,DL,LAX,19,122,217,20,0,15,78,194,0,0,66
-1,5,3,6,13,2475,AA,LAX,19,122,217,20,0,15,78,194,0,0,66
-3,5,3,6,17,2475,B6,LAX,19,122,217,20,0,15,78,194,0,0,66
-2,5,3,6,9,2475,B6,LAX,19,122,217,20,0,15,78,194,0,0,66
6,5,3,6,20,2475,B6,LAX,19,122,217,20,0,15,78,194,0,0,66
-5,5,3,6,8,2475,AA,LAX,19,122,217,20,0,15,78,194,0,0,66
46,5,3,6,19,2475,AA,LAX,19,122,217,20,0,15,78,194,0,0,66
-7,5,3,6,6,2475,AA,LAX,19,122,217,20,0,15,78,194,0,0,66
-9,5,3,6,17,2475,AA,LAX,19,122,217,20,0,15,78,194,0,0,66
-6,5,3,6,9,2475,AA,LAX,19,122,217,20,0,15,78,194,0,0,66
-1,5,3,6,18,2475,DL,LAX,19,122,217,20,0,15,78,194,0,0,66
-8,5,3,6,16,2475,AA,LAX,19,122,217,20,0,15,78,194,0,0,66
-10,5,3,6,10,2475,AA,LAX,19,122,217,20,0,15,78,194,0,0,66
40,5,3,6,8,2475,DL,LAX,19,122,217,20,0,15,78,194,0,0,66
-4,5,3,6,6,2475,AA,LAX,19,122,217,20,0,15,78,194,0,0,66
-4,5,3,6,15,2475,DL,LAX,19,122,217,20,0,15,78,194,0,0,66
14,5,3,6,12,2475,AA,LAX,19,122,217,20,0,15,78,194,0,0,66
-6,5,3,6,12,2475,DL,LAX,19,122,217,20,0,15,78,194,0,0,66
-2,5,3,6,9,2475,DL,LAX,19,122,217,20,0,15,78,194,0,0,66
-2,5,3,6,18,2475,UA,LAX,19,122,217,20,0,15,78,194,0,0,66
-1,5,3,6,6,2475,UA,LAX,19,122,217,20,0,15,78,194,0,0,66
-4,5,3,6,8,2475,UA,LAX,19,122,217,20,0,15,78,194,0,0,66
-2,5,3,6,14,2475,UA,LAX,19,122,217,20,0,15,78,194,0,0,66
-8,5,3,6,11,2475,UA,LAX,19,122,217,20,0,15,78,194,0,0,66
8,5,26,1,18,2475,AA,LAX,0,189,300,0,0,22,161,306,0,0,34
-3,5,26,1,15,2475,DL,LAX,0,189,300,0,0,22,161,306,0,0,34
3,5,26,1,8,2475,DL,LAX,0,189,300,0,0,22,161,306,0,0,34
-2,5,26,1,21,2475,DL,LAX,0,189,300,0,0,22,161,306,0,0,34
44,5,26,1,18,2475,DL,LAX,0,189,300,0,0,22,161,306,0,0,34
-10,5,26,1,12,2475,DL,LAX,0,189,300,0,0,22,161,306,0,0,34
-6,5,26,1,9,2475,DL,LAX,0,189,300,0,0,22,161,306,0,0,34
17,5,26,1,7,2475,DL,LAX,0,189,300,0,0,22,161,306,0,0,34
9,5,26,1,17,2475,DL,LAX,0,189,300,0,0,22,161,306,0,0,34
-4,5,26,1,17,2475,B6,LAX,0,189,300,0,0,22,161,306,0,0,34
-5,5,26,1,9,2475,B6,LAX,0,189,300,0,0,22,161,306,0,0,34
-2,5,26,1,6,2475,B6,LAX,0,189,300,0,0,22,161,306,0,0,34
-4,5,26,1,20,2475,B6,LAX,0,189,300,0,0,22,161,306,0,0,34
-9,5,26,1,8,2475,AA,LAX,0,189,300,0,0,22,161,306,0,0,34
-2,5,26,1,10,2475,AA,LAX,0,189,300,0,0,22,161,306,0,0,34
-2,5,26,1,7,2475,AA,LAX,0,189,300,0,0,22,161,306,0,0,34
-10,5,26,1,12,2475,AA,LAX,0,189,300,0,0,22,161,306,0,0,34
-11,5,26,1,9,2475,AA,LAX,0,189,300,0,0,22,161,306,0,0,34
-3,5,26,1,17,2475,AA,LAX,0,189,300,0,0,22,161,306,0,0,34
-3,5,26,1,15,2475,AA,LAX,0,189,300,0,0,22,161,306,0,0,34
-1,5,26,1,20,2475,AA,LAX,0,189,300,0,0,22,161,306,0,0,34
-8,5,26,1,16,2475,AA,LAX,0,189,300,0,0,22,161,306,0,0,34
-9,5,26,1,5,2475,AA,LAX,0,189,300,0,0,22,161,306,0,0,34
30,5,26,1,17,2475,UA,LAX,0,189,300,0,0,22,161,306,0,0,34
2,5,26,1,11,2475,UA,LAX,0,189,300,0,0,22,161,306,0,0,34
-9,5,26,1,8,2475,UA,LAX,0,189,300,0,0,22,161,306,0,0,34
-4,5,26,1,14,2475,UA,LAX,0,189,300,0,0,22,161,306,0,0,34
8,5,26,1,20,2475,UA,LAX,0,189,300,0,0,22,161,306,0,0,34
-11,5,26,1,9,2475,VX,LAX,0,189,300,0,0,22,161,306,0,0,34
-5,5,26,1,7,2475,VX,LAX,0,189,300,0,0,22,161,306,0,0,34
-2,5,26,1,20,2475,VX,LAX,0,189,300,0,0,22,161,306,0,0,34
-5,5,26,1,16,2475,VX,LAX,0,189,300,0,0,22,161,306,0,0,34
-8,5,26,1,13,2475,VX,LAX,0,189,300,0,0,22,161,306,0,0,34
-7,5,26,1,11,2475,VX,LAX,0,189,300,0,0,22,161,306,0,0,34
11,5,31,6,13,2475,VX,LAX,5,139,228,13,0,26,122,311,0,0,36
-3,5,31,6,16,2475,VX,LAX,5,139,228,13,0,26,122,311,0,0,36
0,5,31,6,11,2475,VX,LAX,5,139,228,13,0,26,122,311,0,0,36
-4,5,31,6,9,2475,VX,LAX,5,139,228,13,0,26,122,311,0,0,36
-7,5,31,6,7,2475,VX,LAX,5,139,228,13,0,26,122,311,0,0,36
0,5,31,6,14,2475,UA,LAX,5,139,228,13,0,26,122,311,0,0,36
-6,5,31,6,11,2475,UA,LAX,5,139,228,13,0,26,122,311,0,0,36
-5,5,31,6,6,2475,UA,LAX,5,139,228,13,0,26,122,311,0,0,36
-3,5,31,6,18,2475,UA,LAX,5,139,228,13,0,26,122,311,0,0,36
-7,5,31,6,8,2475,UA,LAX,5,139,228,13,0,26,122,311,0,0,36
-5,5,31,6,17,2475,B6,LAX,5,139,228,13,0,26,122,311,0,0,36
-4,5,31,6,9,2475,B6,LAX,5,139,228,13,0,26,122,311,0,0,36
31,5,31,6,9,2475,DL,LAX,5,139,228,13,0,26,122,311,0,0,36
-3,5,31,6,15,2475,AA,LAX,5,139,228,13,0,26,122,311,0,0,36
16,5,31,6,5,2475,AA,LAX,5,139,228,13,0,26,122,311,0,0,36
52,5,31,6,17,2475,DL,LAX,5,139,228,13,0,26,122,311,0,0,36
-5,5,31,6,18,2475,AA,LAX,5,139,228,13,0,26,122,311,0,0,36
2,5,31,6,17,2475,AA,LAX,5,139,228,13,0,26,122,311,0,0,36
1,5,31,6,12,2475,AA,LAX,5,139,228,13,0,26,122,311,0,0,36
-6,5,31,6,20,2475,B6,LAX,5,139,228,13,0,26,122,311,0,0,36
0,5,31,6,8,2475,DL,LAX,5,139,228,13,0,26,122,311,0,0,36
-4,5,31,6,18,2475,DL,LAX,5,139,228,13,0,26,122,311,0,0,36
-7,5,31,6,16,2475,AA,LAX,5,139,228,13,0,26,122,311,0,0,36
-7,5,31,6,10,2475,AA,LAX,5,139,228,13,0,26,122,311,0,0,36
-4,5,31,6,7,2475,AA,LAX,5,139,228,13,0,26,122,311,0,0,36
-3,5,31,6,8,2475,AA,LAX,5,139,228,13,0,26,122,311,0,0,36
-1,5,31,6,15,2475,DL,LAX,5,139,228,13,0,26,122,311,0,0,36
-4,5,31,6,9,2475,AA,LAX,5,139,228,13,0,26,122,311,0,0,36
-4,5,31,6,12,2475,DL,LAX,5,139,228,13,0,26,122,311,0,0,36
-3,6,4,3,11,2475,VX,LAX,9,172,278,0,0,16,128,211,48,0,42
-8,6,4,3,9,2475,VX,LAX,9,172,278,0,0,16,128,211,48,0,42
-13,6,4,3,7,2475,VX,LAX,9,172,278,0,0,16,128,211,48,0,42
36,6,4,3,17,2475,DL,LAX,9,172,278,0,0,16,128,211,48,0,42
-3,6,4,3,14,2475,UA,LAX,9,172,278,0,0,16,128,211,48,0,42
13,6,4,3,17,2475,UA,LAX,9,172,278,0,0,16,128,211,48,0,42
-6,6,4,3,8,2475,UA,LAX,9,172,278,0,0,16,128,211,48,0,42
-10,6,4,3,6,2475,UA,LAX,9,172,278,0,0,16,128,211,48,0,42
78,6,4,3,20,2475,UA,LAX,9,172,278,0,0,16,128,211,48,0,42
-8,6,4,3,11,2475,UA,LAX,9,172,278,0,0,16,128,211,48,0,42
13,6,4,3,15,2475,DL,LAX,9,172,278,0,0,16,128,211,48,0,42
22,6,4,3,21,2475,DL,LAX,9,172,278,0,0,16,128,211,48,0,42
-2,6,4,3,18,2475,DL,LAX,9,172,278,0,0,16,128,211,48,0,42
-12,6,4,3,12,2475,DL,LAX,9,172,278,0,0,16,128,211,48,0,42
-5,6,4,3,9,2475,DL,LAX,9,172,278,0,0,16,128,211,48,0,42
-1,6,4,3,7,2475,DL,LAX,9,172,278,0,0,16,128,211,48,0,42
-6,6,4,3,20,2475,VX,LAX,9,172,278,0,0,16,128,211,48,0,42
-4,6,4,3,16,2475,VX,LAX,9,172,278,0,0,16,128,211,48,0,42
-4,6,4,3,13,2475,VX,LAX,9,172,278,0,0,16,128,211,48,0,42
-8,6,4,3,15,2475,AA,LAX,9,172,278,0,0,16,128,211,48,0,42
-4,6,4,3,17,2475,AA,LAX,9,172,278,0,0,16,128,211,48,0,42
-2,6,4,3,9,2475,AA,LAX,9,172,278,0,0,16,128,211,48,0,42
-7,6,4,3,18,2475,AA,LAX,9,172,278,0,0,16,128,211,48,0,42
-4,6,4,3,7,2475,AA,LAX,9,172,278,0,0,16,128,211,48,0,42
-16,6,4,3,12,2475,AA,LAX,9,172,278,0,0,16,128,211,48,0,42
-4,6,4,3,20,2475,AA,LAX,9,172,278,0,0,16,128,211,48,0,42
-4,6,4,3,8,2475,AA,LAX,9,172,278,0,0,16,128,211,48,0,42
2,6,4,3,5,2475,AA,LAX,9,172,278,0,0,16,128,211,48,0,42
1,6,4,3,9,2475,B6,LAX,9,172,278,0,0,16,128,211,48,0,42
-6,6,4,3,11,2475,AA,LAX,9,172,278,0,0,16,128,211,48,0,42
-2,6,4,3,20,2475,B6,LAX,9,172,278,0,0,16,128,211,48,0,42
-1,6,4,3,17,2475,B6,LAX,9,172,278,0,0,16,128,211,48,0,42
-7,6,4,3,16,2475,AA,LAX,9,172,278,0,0,16,128,211,48,0,42
-3,6,4,3,10,2475,AA,LAX,9,172,278,0,0,16,128,211,48,0,42
0,6,27,5,9,2475,DL,LAX,7,194,283,0,0,13,150,311,0,0,44
14,6,27,5,7,2475,DL,LAX,7,194,283,0,0,13,150,311,0,0,44
58,6,27,5,21,2475,DL,LAX,7,194,283,0,0,13,150,311,0,0,44
-1,6,27,5,16,2475,DL,LAX,7,194,283,0,0,13,150,311,0,0,44
17,6,27,5,15,2475,DL,LAX,7,194,283,0,0,13,150,311,0,0,44
-8,6,27,5,7,2475,VX,LAX,7,194,283,0,0,13,150,311,0,0,44
-2,6,27,5,12,2475,DL,LAX,7,194,283,0,0,13,150,311,0,0,44
-1,6,27,5,9,2475,VX,LAX,7,194,283,0,0,13,150,311,0,0,44
-6,6,27,5,11,2475,VX,LAX,7,194,283,0,0,13,150,311,0,0,44
2,6,27,5,13,2475,VX,LAX,7,194,283,0,0,13,150,311,0,0,44
-1,6,27,5,16,2475,VX,LAX,7,194,283,0,0,13,150,311,0,0,44
47,6,27,5,20,2475,VX,LAX,7,194,283,0,0,13,150,311,0,0,44
9,6,27,5,18,2475,DL,LAX,7,194,283,0,0,13,150,311,0,0,44
0,6,27,5,8,2475,DL,LAX,7,194,283,0,0,13,150,311,0,0,44
-9,6,27,5,9,2475,AA,LAX,7,194,283,0,0,13,150,311,0,0,44
-8,6,27,5,8,2475,AA,LAX,7,194,283,0,0,13,150,311,0,0,44
-8,6,27,5,10,2475,AA,LAX,7,194,283,0,0,13,150,311,0,0,44
-3,6,27,5,20,2475,AA,LAX,7,194,283,0,0,13,150,311,0,0,44
24,6,27,5,19,2475,AA,LAX,7,194,283,0,0,13,150,311,0,0,44
-4,6,27,5,7,2475,AA,LAX,7,194,283,0,0,13,150,311,0,0,44
9,6,27,5,18,2475,AA,LAX,7,194,283,0,0,13,150,311,0,0,44
18,6,27,5,20,2475,B6,LAX,7,194,283,0,0,13,150,311,0,0,44
-3,6,27,5,16,2475,B6,LAX,7,194,283,0,0,13,150,311,0,0,44
-8,6,27,5,12,2475,AA,LAX,7,194,283,0,0,13,150,311,0,0,44
10,6,27,5,12,2475,B6,LAX,7,194,283,0,0,13,150,311,0,0,44
-6,6,27,5,9,2475,B6,LAX,7,194,283,0,0,13,150,311,0,0,44
-4,6,27,5,6,2475,B6,LAX,7,194,283,0,0,13,150,311,0,0,44
-3,6,27,5,11,2475,AA,LAX,7,194,283,0,0,13,150,311,0,0,44
-4,6,27,5,17,2475,AA,LAX,7,194,283,0,0,13,150,311,0,0,44
-8,6,27,5,6,2475,AA,LAX,7,194,283,0,0,13,150,311,0,0,44
25,6,27,5,16,2475,AA,LAX,7,194,283,0,0,13,150,311,0,0,44
-1,6,27,5,15,2475,AA,LAX,7,194,283,0,0,13,150,311,0,0,44
8,6,27,5,20,2475,UA,LAX,7,194,283,0,0,13,150,311,0,0,44
-3,6,27,5,8,2475,UA,LAX,7,194,283,0,0,13,150,311,0,0,44
1,6,27,5,17,2475,UA,LAX,7,194,283,0,0,13,150,311,0,0,44
-2,6,27,5,14,2475,UA,LAX,7,194,283,0,0,13,150,311,0,0,44
-4,6,27,5,11,2475,UA,LAX,7,194,283,0,0,13,150,311,0,0,44
-5,6,27,5,6,2475,UA,LAX,7,194,283,0,0,13,150,311,0,0,44
-1,7,5,6,9,2475,AA,LAX,1,172,272,0,0,30,156,250,0,0,37
43,7,5,6,6,2475,B6,LAX,1,172,272,0,0,30,156,250,0,0,37
-7,7,5,6,20,2475,AA,LAX,1,172,272,0,0,30,156,250,0,0,37
-8,7,5,6,8,2475,UA,LAX,1,172,272,0,0,30,156,250,0,0,37
27,7,5,6,17,2475,UA,LAX,1,172,272,0,0,30,156,250,0,0,37
0,7,5,6,11,2475,UA,LAX,1,172,272,0,0,30,156,250,0,0,37
-4,7,5,6,14,2475,UA,LAX,1,172,272,0,0,30,156,250,0,0,37
-4,7,5,6,19,2475,AA,LAX,1,172,272,0,0,30,156,250,0,0,37
7,7,5,6,15,2475,DL,LAX,1,172,272,0,0,30,156,250,0,0,37
-3,7,5,6,12,2475,DL,LAX,1,172,272,0,0,30,156,250,0,0,37
-4,7,5,6,9,2475,DL,LAX,1,172,272,0,0,30,156,250,0,0,37
-1,7,5,6,8,2475,DL,LAX,1,172,272,0,0,30,156,250,0,0,37
4,7,5,6,16,2475,DL,LAX,1,172,272,0,0,30,156,250,0,0,37
18,7,5,6,18,2475,DL,LAX,1,172,272,0,0,30,156,250,0,0,37
-2,7,5,6,17,2475,AA,LAX,1,172,272,0,0,30,156,250,0,0,37
-4,7,5,6,11,2475,AA,LAX,1,172,272,0,0,30,156,250,0,0,37
-6,7,5,6,7,2475,AA,LAX,1,172,272,0,0,30,156,250,0,0,37
-8,7,5,6,12,2475,AA,LAX,1,172,272,0,0,30,156,250,0,0,37
6,7,5,6,15,2475,AA,LAX,1,172,272,0,0,30,156,250,0,0,37
-7,7,5,6,16,2475,AA,LAX,1,172,272,0,0,30,156,250,0,0,37
-8,7,5,6,10,2475,AA,LAX,1,172,272,0,0,30,156,250,0,0,37
30,7,5,6,20,2475,B6,LAX,1,172,272,0,0,30,156,250,0,0,37
-4,7,5,6,12,2475,B6,LAX,1,172,272,0,0,30,156,250,0,0,37
-2,7,5,6,8,2475,AA,LAX,1,172,272,0,0,30,156,250,0,0,37
-2,7,5,6,9,2475,B6,LAX,1,172,272,0,0,30,156,250,0,0,37
-4,7,5,6,16,2475,B6,LAX,1,172,272,0,0,30,156,250,0,0,37
-5,7,5,6,18,2475,AA,LAX,1,172,272,0,0,30,156,250,0,0,37
-4,7,5,6,6,2475,UA,LAX,1,172,272,0,0,30,156,250,0,0,37
14,7,5,6,16,2475,VX,LAX,1,172,272,0,0,30,156,250,0,0,37
-6,7,5,6,13,2475,VX,LAX,1,172,272,0,0,30,156,250,0,0,37
-1,7,5,6,11,2475,VX,LAX,1,172,272,0,0,30,156,250,0,0,37
-4,7,5,6,9,2475,VX,LAX,1,172,272,0,0,30,156,250,0,0,37
24,7,5,6,7,2475,VX,LAX,1,172,272,0,0,30,156,250,0,0,37
-5,7,10,4,9,2475,VX,LAX,6,222,283,0,0,13,156,261,0,0,20
-7,7,10,4,11,2475,VX,LAX,6,222,283,0,0,13,156,261,0,0,20
-6,7,10,4,13,2475,VX,LAX,6,222,283,0,0,13,156,261,0,0,20
10,7,10,4,16,2475,VX,LAX,6,222,283,0,0,13,156,261,0,0,20
-3,7,10,4,20,2475,VX,LAX,6,222,283,0,0,13,156,261,0,0,20
23,7,10,4,7,2475,VX,LAX,6,222,283,0,0,13,156,261,0,0,20
0,7,10,4,20,2475,B6,LAX,6,222,283,0,0,13,156,261,0,0,20
-4,7,10,4,14,2475,UA,LAX,6,222,283,0,0,13,156,261,0,0,20
-2,7,10,4,11,2475,UA,LAX,6,222,283,0,0,13,156,261,0,0,20
97,7,10,4,20,2475,UA,LAX,6,222,283,0,0,13,156,261,0,0,20
-4,7,10,4,8,2475,UA,LAX,6,222,283,0,0,13,156,261,0,0,20
0,7,10,4,6,2475,UA,LAX,6,222,283,0,0,13,156,261,0,0,20
-1,7,10,4,16,2475,DL,LAX,6,222,283,0,0,13,156,261,0,0,20
7,7,10,4,8,2475,DL,LAX,6,222,283,0,0,13,156,261,0,0,20
109,7,10,4,21,2475,DL,LAX,6,222,283,0,0,13,156,261,0,0,20
0,7,10,4,15,2475,DL,LAX,6,222,283,0,0,13,156,261,0,0,20
-1,7,10,4,7,2475,DL,LAX,6,222,283,0,0,13,156,261,0,0,20
-3,7,10,4,12,2475,DL,LAX,6,222,283,0,0,13,156,261,0,0,20
0,7,10,4,9,2475,DL,LAX,6,222,283,0,0,13,156,261,0,0,20
13,7,10,4,18,2475,DL,LAX,6,222,283,0,0,13,156,261,0,0,20
-3,7,10,4,9,2475,B6,LAX,6,222,283,0,0,13,156,261,0,0,20
10,7,10,4,6,2475,B6,LAX,6,222,283,0,0,13,156,261,0,0,20
0,7,10,4,16,2475,B6,LAX,6,222,283,0,0,13,156,261,0,0,20
-1,7,10,4,12,2475,B6,LAX,6,222,283,0,0,13,156,261,0,0,20
-4,7,10,4,8,2475,AA,LAX,6,222,283,0,0,13,156,261,0,0,20
-4,7,10,4,19,2475,AA,LAX,6,222,283,0,0,13,156,261,0,0,20
-10,7,10,4,10,2475,AA,LAX,6,222,283,0,0,13,156,261,0,0,20
54,7,10,4,20,2475,AA,LAX,6,222,283,0,0,13,156,261,0,0,20
170,7,10,4,17,2475,AA,LAX,6,222,283,0,0,13,156,261,0,0,20
-3,7,10,4,6,2475,AA,LAX,6,222,283,0,0,13,156,261,0,0,20
-2,7,10,4,15,2475,AA,LAX,6,222,283,0,0,13,156,261,0,0,20
1,7,10,4,16,2475,AA,LAX,6,222,283,0,0,13,156,261,0,0,20
14,7,10,4,18,2475,AA,LAX,6,222,283,0,0,13,156,261,0,0,20
-6,7,10,4,11,2475,AA,LAX,6,222,283,0,0,13,156,261,0,0,20
-7,7,10,4,7,2475,AA,LAX,6,222,283,0,0,13,156,261,0,0,20
-9,7,10,4,12,2475,AA,LAX,6,222,283,0,0,13,156,261,0,0,20
0,7,10,4,9,2475,AA,LAX,6,222,283,0,0,13,156,261,0,0,20
7,7,28,1,17,2475,UA,LAX,24,200,278,48,0,33,150,228,0,0,50
-9,7,28,1,8,2475,UA,LAX,24,200,278,48,0,33,150,228,0,0,50
216,7,28,1,20,2475,UA,LAX,24,200,278,48,0,33,150,228,0,0,50
-5,7,28,1,11,2475,UA,LAX,24,200,278,48,0,33,150,228,0,0,50
-3,7,28,1,14,2475,UA,LAX,24,200,278,48,0,33,150,228,0,0,50
-5,7,28,1,6,2475,UA,LAX,24,200,278,48,0,33,150,228,0,0,50
22,7,28,1,16,2475,DL,LAX,24,200,278,48,0,33,150,228,0,0,50
-3,7,28,1,18,2475,DL,LAX,24,200,278,48,0,33,150,228,0,0,50
-2,7,28,1,19,2475,AA,LAX,24,200,278,48,0,33,150,228,0,0,50
-5,7,28,1,7,2475,AA,LAX,24,200,278,48,0,33,150,228,0,0,50
2,7,28,1,8,2475,DL,LAX,24,200,278,48,0,33,150,228,0,0,50
14,7,28,1,21,2475,DL,LAX,24,200,278,48,0,33,150,228,0,0,50
-2,7,28,1,17,2475,AA,LAX,24,200,278,48,0,33,150,228,0,0,50
-7,7,28,1,9,2475,DL,LAX,24,200,278,48,0,33,150,228,0,0,50
-3,7,28,1,12,2475,DL,LAX,24,200,278,48,0,33,150,228,0,0,50
-6,7,28,1,12,2475,AA,LAX,24,200,278,48,0,33,150,228,0,0,50
-3,7,28,1,7,2475,DL,LAX,24,200,278,48,0,33,150,228,0,0,50
-6,7,28,1,15,2475,DL,LAX,24,200,278,48,0,33,150,228,0,0,50
-5,7,28,1,9,2475,B6,LAX,24,200,278,48,0,33,150,228,0,0,50
-2,7,28,1,16,2475,B6,LAX,24,200,278,48,0,33,150,228,0,0,50
-7,7,28,1,10,2475,AA,LAX,24,200,278,48,0,33,150,228,0,0,50
65,7,28,1,20,2475,B6,LAX,24,200,278,48,0,33,150,228,0,0,50
-4,7,28,1,9,2475,AA,LAX,24,200,278,48,0,33,150,228,0,0,50
7,7,28,1,6,2475,B6,LAX,24,200,278,48,0,33,150,228,0,0,50
10,7,28,1,12,2475,B6,LAX,24,200,278,48,0,33,150,228,0,0,50
-4,7,28,1,18,2475,AA,LAX,24,200,278,48,0,33,150,228,0,0,50
0,7,28,1,6,2475,AA,LAX,24,200,278,48,0,33,150,228,0,0,50
-7,7,28,1,15,2475,AA,LAX,24,200,278,48,0,33,150,228,0,0,50
25,7,28,1,8,2475,AA,LAX,24,200,278,48,0,33,150,228,0,0,50
11,7,28,1,11,2475,AA,LAX,24,200,278,48,0,33,150,228,0,0,50
-5,7,28,1,16,2475,AA,LAX,24,200,278,48,0,33,150,228,0,0,50
-2,7,28,1,20,2475,AA,LAX,24,200,278,48,0,33,150,228,0,0,50
-2,7,28,1,9,2475,VX,LAX,24,200,278,48,0,33,150,228,0,0,50
-2,7,28,1,11,2475,VX,LAX,24,200,278,48,0,33,150,228,0,0,50
-4,7,28,1,13,2475,VX,LAX,24,200,278,48,0,33,150,228,0,0,50
32,7,28,1,16,2475,VX,LAX,24,200,278,48,0,33,150,228,0,0,50
-1,7,28,1,20,2475,VX,LAX,24,200,278,48,0,33,150,228,0,0,50
-3,7,28,1,7,2475,VX,LAX,24,200,278,48,0,33,150,228,0,0,50
-6,8,6,3,11,2475,VX,LAX,26,211,283,0,0,13,167,267,0,0,28
0,8,6,3,13,2475,VX,LAX,26,211,283,0,0,13,167,267,0,0,28
-3,8,6,3,16,2475,VX,LAX,26,211,283,0,0,13,167,267,0,0,28
-1,8,6,3,18,2475,DL,LAX,26,211,283,0,0,13,167,267,0,0,28
-1,8,6,3,9,2475,DL,LAX,26,211,283,0,0,13,167,267,0,0,28
-2,8,6,3,12,2475,DL,LAX,26,211,283,0,0,13,167,267,0,0,28
9,8,6,3,7,2475,DL,LAX,26,211,283,0,0,13,167,267,0,0,28
14,8,6,3,15,2475,DL,LAX,26,211,283,0,0,13,167,267,0,0,28
45,8,6,3,21,2475,DL,LAX,26,211,283,0,0,13,167,267,0,0,28
10,8,6,3,8,2475,DL,LAX,26,211,283,0,0,13,167,267,0,0,28
-4,8,6,3,16,2475,DL,LAX,26,211,283,0,0,13,167,267,0,0,28
-7,8,6,3,6,2475,UA,LAX,26,211,283,0,0,13,167,267,0,0,28
-8,8,6,3,8,2475,UA,LAX,26,211,283,0,0,13,167,267,0,0,28
189,8,6,3,20,2475,UA,LAX,26,211,283,0,0,13,167,267,0,0,28
20,8,6,3,17,2475,UA,LAX,26,211,283,0,0,13,167,267,0,0,28
0,8,6,3,11,2475,UA,LAX,26,211,283,0,0,13,167,267,0,0,28
37,8,6,3,14,2475,UA,LAX,26,211,283,0,0,13,167,267,0,0,28
26,8,6,3,20,2475,VX,LAX,26,211,283,0,0,13,167,267,0,0,28
-3,8,6,3,7,2475,VX,LAX,26,211,283,0,0,13,167,267,0,0,28
-7,8,6,3,9,2475,VX,LAX,26,211,283,0,0,13,167,267,0,0,28
-8,8,6,3,12,2475,B6,LAX,26,211,283,0,0,13,167,267,0,0,28
15,8,6,3,17,2475,AA,LAX,26,211,283,0,0,13,167,267,0,0,28
4,8,6,3,9,2475,B6,LAX,26,211,283,0,0,13,167,267,0,0,28
-4,8,6,3,16,2475,AA,LAX,26,211,283,0,0,13,167,267,0,0,28
0,8,6,3,6,2475,AA,LAX,26,211,283,0,0,13,167,267,0,0,28
2,8,6,3,9,2475,AA,LAX,26,211,283,0,0,13,167,267,0,0,28
45,8,6,3,20,2475,AA,LAX,26,211,283,0,0,13,167,267,0,0,28
-3,8,6,3,8,2475,AA,LAX,26,211,283,0,0,13,167,267,0,0,28
36,8,6,3,15,2475,AA,LAX,26,211,283,0,0,13,167,267,0,0,28
-5,8,6,3,12,2475,AA,LAX,26,211,283,0,0,13,167,267,0,0,28
-4,8,6,3,16,2475,B6,LAX,26,211,283,0,0,13,167,267,0,0,28
-1,8,6,3,6,2475,B6,LAX,26,211,283,0,0,13,167,267,0,0,28
-5,8,6,3,7,2475,AA,LAX,26,211,283,0,0,13,167,267,0,0,28
0,8,6,3,20,2475,B6,LAX,26,211,283,0,0,13,167,267,0,0,28
10,8,6,3,18,2475,AA,LAX,26,211,283,0,0,13,167,267,0,0,28
-4,8,6,3,11,2475,AA,LAX,26,211,283,0,0,13,167,267,0,0,28
-5,8,6,3,19,2475,AA,LAX,26,211,283,0,0,13,167,267,0,0,28
-2,8,6,3,10,2475,AA,LAX,26,211,283,0,0,13,167,267,0,0,28
2,8,11,1,13,2475,VX,LAX,21,217,306,0,0,14,194,278,216,0,30
14,8,11,1,16,2475,VX,LAX,21,217,306,0,0,14,194,278,216,0,30
5,8,11,1,20,2475,VX,LAX,21,217,306,0,0,14,194,278,216,0,30
-3,8,11,1,9,2475,DL,LAX,21,217,306,0,0,14,194,278,216,0,30
-5,8,11,1,14,2475,UA,LAX,21,217,306,0,0,14,194,278,216,0,30
64,8,11,1,20,2475,UA,LAX,21,217,306,0,0,14,194,278,216,0,30
-3,8,11,1,8,2475,UA,LAX,21,217,306,0,0,14,194,278,216,0,30
-6,8,11,1,6,2475,UA,LAX,21,217,306,0,0,14,194,278,216,0,30
-3,8,11,1,17,2475,UA,LAX,21,217,306,0,0,14,194,278,216,0,30
5,8,11,1,21,2475,DL,LAX,21,217,306,0,0,14,194,278,216,0,30
0,8,11,1,8,2475,DL,LAX,21,217,306,0,0,14,194,278,216,0,30
-5,8,11,1,16,2475,DL,LAX,21,217,306,0,0,14,194,278,216,0,30
-2,8,11,1,18,2475,DL,LAX,21,217,306,0,0,14,194,278,216,0,30
-4,8,11,1,11,2475,UA,LAX,21,217,306,0,0,14,194,278,216,0,30
-3,8,11,1,12,2475,DL,LAX,21,217,306,0,0,14,194,278,216,0,30
-1,8,11,1,7,2475,DL,LAX,21,217,306,0,0,14,194,278,216,0,30
7,8,11,1,15,2475,DL,LAX,21,217,306,0,0,14,194,278,216,0,30
-7,8,11,1,7,2475,VX,LAX,21,217,306,0,0,14,194,278,216,0,30
0,8,11,1,9,2475,VX,LAX,21,217,306,0,0,14,194,278,216,0,30
-6,8,11,1,11,2475,VX,LAX,21,217,306,0,0,14,194,278,216,0,30
-5,8,11,1,15,2475,AA,LAX,21,217,306,0,0,14,194,278,216,0,30
9,8,11,1,18,2475,AA,LAX,21,217,306,0,0,14,194,278,216,0,30
-1,8,11,1,11,2475,AA,LAX,21,217,306,0,0,14,194,278,216,0,30
-5,8,11,1,19,2475,AA,LAX,21,217,306,0,0,14,194,278,216,0,30
-3,8,11,1,7,2475,AA,LAX,21,217,306,0,0,14,194,278,216,0,30
-5,8,11,1,12,2475,AA,LAX,21,217,306,0,0,14,194,278,216,0,30
-7,8,11,1,6,2475,B6,LAX,21,217,306,0,0,14,194,278,216,0,30
1,8,11,1,9,2475,AA,LAX,21,217,306,0,0,14,194,278,216,0,30
8,8,11,1,16,2475,AA,LAX,21,217,306,0,0,14,194,278,216,0,30
-7,8,11,1,9,2475,B6,LAX,21,217,306,0,0,14,194,278,216,0,30
39,8,11,1,20,2475,AA,LAX,21,217,306,0,0,14,194,278,216,0,30
-2,8,11,1,17,2475,AA,LAX,21,217,306,0,0,14,194,278,216,0,30
40,8,11,1,12,2475,B6,LAX,21,217,306,0,0,14,194,278,216,0,30
-6,8,11,1,6,2475,AA,LAX,21,217,306,0,0,14,194,278,216,0,30
-4,8,11,1,8,2475,AA,LAX,21,217,306,0,0,14,194,278,216,0,30
65,8,11,1,16,2475,B6,LAX,21,217,306,0,0,14,194,278,216,0,30
10,8,11,1,20,2475,B6,LAX,21,217,306,0,0,14,194,278,216,0,30
-3,8,11,1,10,2475,AA,LAX,21,217,306,0,0,14,194,278,216,0,30
-5,8,29,5,8,2475,UA,LAX,3,161,267,0,0,15,217,300,20,0,50
-10,8,29,5,6,2475,UA,LAX,3,161,267,0,0,15,217,300,20,0,50
21,8,29,5,20,2475,UA,LAX,3,161,267,0,0,15,217,300,20,0,50
-8,8,29,5,20,2475,VX,LAX,3,161,267,0,0,15,217,300,20,0,50
-1,8,29,5,8,2475,DL,LAX,3,161,267,0,0,15,217,300,20,0,50
-2,8,29,5,16,2475,DL,LAX,3,161,267,0,0,15,217,300,20,0,50
-9,8,29,5,12,2475,DL,LAX,3,161,267,0,0,15,217,300,20,0,50
-2,8,29,5,7,2475,DL,LAX,3,161,267,0,0,15,217,300,20,0,50
-8,8,29,5,16,2475,VX,LAX,3,161,267,0,0,15,217,300,20,0,50
-8,8,29,5,13,2475,VX,LAX,3,161,267,0,0,15,217,300,20,0,50
-7,8,29,5,11,2475,VX,LAX,3,161,267,0,0,15,217,300,20,0,50
-5,8,29,5,9,2475,VX,LAX,3,161,267,0,0,15,217,300,20,0,50
-7,8,29,5,7,2475,VX,LAX,3,161,267,0,0,15,217,300,20,0,50
-6,8,29,5,9,2475,DL,LAX,3,161,267,0,0,15,217,300,20,0,50
38,8,29,5,18,2475,DL,LAX,3,161,267,0,0,15,217,300,20,0,50
13,8,29,5,21,2475,DL,LAX,3,161,267,0,0,15,217,300,20,0,50
16,8,29,5,15,2475,DL,LAX,3,161,267,0,0,15,217,300,20,0,50
-3,8,29,5,14,2475,UA,LAX,3,161,267,0,0,15,217,300,20,0,50
-4,8,29,5,11,2475,UA,LAX,3,161,267,0,0,15,217,300,20,0,50
-6,8,29,5,17,2475,UA,LAX,3,161,267,0,0,15,217,300,20,0,50
-9,8,29,5,12,2475,AA,LAX,3,161,267,0,0,15,217,300,20,0,50
-8,8,29,5,9,2475,AA,LAX,3,161,267,0,0,15,217,300,20,0,50
-2,8,29,5,18,2475,AA,LAX,3,161,267,0,0,15,217,300,20,0,50
-8,8,29,5,9,2475,B6,LAX,3,161,267,0,0,15,217,300,20,0,50
-3,8,29,5,7,2475,AA,LAX,3,161,267,0,0,15,217,300,20,0,50
-2,8,29,5,20,2475,B6,LAX,3,161,267,0,0,15,217,300,20,0,50
-5,8,29,5,8,2475,AA,LAX,3,161,267,0,0,15,217,300,20,0,50
18,8,29,5,10,2475,AA,LAX,3,161,267,0,0,15,217,300,20,0,50
248,8,29,5,14,2475,AA,LAX,3,161,267,0,0,15,217,300,20,0,50
-8,8,29,5,6,2475,AA,LAX,3,161,267,0,0,15,217,300,20,0,50
-5,8,29,5,17,2475,AA,LAX,3,161,267,0,0,15,217,300,20,0,50
-9,8,29,5,11,2475,AA,LAX,3,161,267,0,0,15,217,300,20,0,50
-4,8,29,5,16,2475,AA,LAX,3,161,267,0,0,15,217,300,20,0,50
36,8,29,5,20,2475,AA,LAX,3,161,267,0,0,15,217,300,20,0,50
-1,8,29,5,6,2475,B6,LAX,3,161,267,0,0,15,217,300,20,0,50
-3,8,29,5,16,2475,B6,LAX,3,161,267,0,0,15,217,300,20,0,50
-6,8,29,5,19,2475,AA,LAX,3,161,267,0,0,15,217,300,20,0,50
-7,8,29,5,12,2475,B6,LAX,3,161,267,0,0,15,217,300,20,0,50
-7,9,7,7,6,2475,B6,LAX,6,183,272,0,0,21,122,267,0,0,19
14,9,7,7,15,2475,DL,LAX,6,183,272,0,0,21,122,267,0,0,19
-5,9,7,7,8,2475,DL,LAX,6,183,272,0,0,21,122,267,0,0,19
16,9,7,7,21,2475,DL,LAX,6,183,272,0,0,21,122,267,0,0,19
17,9,7,7,16,2475,DL,LAX,6,183,272,0,0,21,122,267,0,0,19
-2,9,7,7,7,2475,DL,LAX,6,183,272,0,0,21,122,267,0,0,19
-5,9,7,7,12,2475,DL,LAX,6,183,272,0,0,21,122,267,0,0,19
-7,9,7,7,9,2475,DL,LAX,6,183,272,0,0,21,122,267,0,0,19
8,9,7,7,18,2475,DL,LAX,6,183,272,0,0,21,122,267,0,0,19
32,9,7,7,19,2475,AA,LAX,6,183,272,0,0,21,122,267,0,0,19
-3,9,7,7,16,2475,B6,LAX,6,183,272,0,0,21,122,267,0,0,19
-5,9,7,7,20,2475,B6,LAX,6,183,272,0,0,21,122,267,0,0,19
-4,9,7,7,11,2475,B6,LAX,6,183,272,0,0,21,122,267,0,0,19
-7,9,7,7,9,2475,B6,LAX,6,183,272,0,0,21,122,267,0,0,19
-7,9,7,7,17,2475,AA,LAX,6,183,272,0,0,21,122,267,0,0,19
-2,9,7,7,6,2475,AA,LAX,6,183,272,0,0,21,122,267,0,0,19
-5,9,7,7,10,2475,AA,LAX,6,183,272,0,0,21,122,267,0,0,19
16,9,7,7,16,2475,AA,LAX,6,183,272,0,0,21,122,267,0,0,19
-4,9,7,7,14,2475,AA,LAX,6,183,272,0,0,21,122,267,0,0,19
-4,9,7,7,8,2475,AA,LAX,6,183,272,0,0,21,122,267,0,0,19
148,9,7,7,18,2475,AA,LAX,6,183,272,0,0,21,122,267,0,0,19
-4,9,7,7,11,2475,AA,LAX,6,183,272,0,0,21,122,267,0,0,19
-5,9,7,7,7,2475,AA,LAX,6,183,272,0,0,21,122,267,0,0,19
-10,9,7,7,12,2475,AA,LAX,6,183,272,0,0,21,122,267,0,0,19
-4,9,7,7,9,2475,AA,LAX,6,183,272,0,0,21,122,267,0,0,19
-1,9,7,7,14,2475,UA,LAX,6,183,272,0,0,21,122,267,0,0,19
0,9,7,7,11,2475,UA,LAX,6,183,272,0,0,21,122,267,0,0,19
2,9,7,7,17,2475,UA,LAX,6,183,272,0,0,21,122,267,0,0,19
-5,9,7,7,20,2475,UA,LAX,6,183,272,0,0,21,122,267,0,0,19
-7,9,7,7,8,2475,UA,LAX,6,183,272,0,0,21,122,267,0,0,19
-2,9,7,7,20,2475,VX,LAX,6,183,272,0,0,21,122,267,0,0,19
-10,9,7,7,16,2475,VX,LAX,6,183,272,0,0,21,122,267,0,0,19
-1,9,7,7,13,2475,VX,LAX,6,183,272,0,0,21,122,267,0,0,19
-1,9,7,7,11,2475,VX,LAX,6,183,272,0,0,21,122,267,0,0,19
-7,9,7,7,9,2475,VX,LAX,6,183,272,0,0,21,122,267,0,0,19
48,9,7,7,20,2475,AA,LAX,6,183,272,0,0,21,122,267,0,0,19
1,9,12,5,6,2475,UA,LAX,11,167,256,0,0,23,67,128,33,0,56
4,9,12,5,14,2475,UA,LAX,11,167,256,0,0,23,67,128,33,0,56
-6,9,12,5,11,2475,UA,LAX,11,167,256,0,0,23,67,128,33,0,56
9,9,12,5,17,2475,UA,LAX,11,167,256,0,0,23,67,128,33,0,56
25,9,12,5,20,2475,UA,LAX,11,167,256,0,0,23,67,128,33,0,56
-4,9,12,5,8,2475,UA,LAX,11,167,256,0,0,23,67,128,33,0,56
-3,9,12,5,16,2475,B6,LAX,11,167,256,0,0,23,67,128,33,0,56
-4,9,12,5,17,2475,AA,LAX,11,167,256,0,0,23,67,128,33,0,56
2,9,12,5,13,2475,VX,LAX,11,167,256,0,0,23,67,128,33,0,56
-5,9,12,5,16,2475,VX,LAX,11,167,256,0,0,23,67,128,33,0,56
-2,9,12,5,18,2475,AA,LAX,11,167,256,0,0,23,67,128,33,0,56
-6,9,12,5,12,2475,AA,LAX,11,167,256,0,0,23,67,128,33,0,56
-3,9,12,5,6,2475,AA,LAX,11,167,256,0,0,23,67,128,33,0,56
-12,9,12,5,9,2475,AA,LAX,11,167,256,0,0,23,67,128,33,0,56
-4,9,12,5,7,2475,AA,LAX,11,167,256,0,0,23,67,128,33,0,56
17,9,12,5,10,2475,AA,LAX,11,167,256,0,0,23,67,128,33,0,56
-6,9,12,5,20,2475,B6,LAX,11,167,256,0,0,23,67,128,33,0,56
175,9,12,5,11,2475,AA,LAX,11,167,256,0,0,23,67,128,33,0,56
-3,9,12,5,16,2475,AA,LAX,11,167,256,0,0,23,67,128,33,0,56
9,9,12,5,8,2475,AA,LAX,11,167,256,0,0,23,67,128,33,0,56
-8,9,12,5,7,2475,VX,LAX,11,167,256,0,0,23,67,128,33,0,56
5,9,12,5,11,2475,B6,LAX,11,167,256,0,0,23,67,128,33,0,56
-7,9,12,5,14,2475,AA,LAX,11,167,256,0,0,23,67,128,33,0,56
7,9,12,5,11,2475,VX,LAX,11,167,256,0,0,23,67,128,33,0,56
-6,9,12,5,20,2475,VX,LAX,11,167,256,0,0,23,67,128,33,0,56
1,9,12,5,19,2475,AA,LAX,11,167,256,0,0,23,67,128,33,0,56
-9,9,12,5,9,2475,VX,LAX,11,167,256,0,0,23,67,128,33,0,56
-3,9,12,5,20,2475,AA,LAX,11,167,256,0,0,23,67,128,33,0,56
2,9,12,5,9,2475,B6,LAX,11,167,256,0,0,23,67,128,33,0,56
-7,9,12,5,8,2475,DL,LAX,11,167,256,0,0,23,67,128,33,0,56
6,9,12,5,15,2475,DL,LAX,11,167,256,0,0,23,67,128,33,0,56
-5,9,12,5,6,2475,B6,LAX,11,167,256,0,0,23,67,128,33,0,56
23,9,12,5,18,2475,DL,LAX,11,167,256,0,0,23,67,128,33,0,56
-7,9,12,5,9,2475,DL,LAX,11,167,256,0,0,23,67,128,33,0,56
-2,9,12,5,12,2475,DL,LAX,11,167,256,0,0,23,67,128,33,0,56
-7,9,12,5,7,2475,DL,LAX,11,167,256,0,0,23,67,128,33,0,56
4,9,12,5,16,2475,DL,LAX,11,167,256,0,0,23,67,128,33,0,56
-1,9,12,5,21,2475,DL,LAX,11,167,256,0,0,23,67,128,33,0,56
0,10,3,5,17,2475,AA,LAX,10,133,217,0,0,19,61,183,173,0,73
-5,10,3,5,9,2475,AA,LAX,10,133,217,0,0,19,61,183,173,0,73
-7,10,3,5,19,2475,AA,LAX,10,133,217,0,0,19,61,183,173,0,73
-6,10,3,5,7,2475,AA,LAX,10,133,217,0,0,19,61,183,173,0,73
2,10,3,5,7,2475,VX,LAX,10,133,217,0,0,19,61,183,173,0,73
15,10,3,5,20,2475,AA,LAX,10,133,217,0,0,19,61,183,173,0,73
-5,10,3,5,18,2475,AA,LAX,10,133,217,0,0,19,61,183,173,0,73
-5,10,3,5,14,2475,AA,LAX,10,133,217,0,0,19,61,183,173,0,73
-1,10,3,5,11,2475,VX,LAX,10,133,217,0,0,19,61,183,173,0,73
-2,10,3,5,14,2475,UA,LAX,10,133,217,0,0,19,61,183,173,0,73
-4,10,3,5,16,2475,AA,LAX,10,133,217,0,0,19,61,183,173,0,73
3,10,3,5,9,2475,VX,LAX,10,133,217,0,0,19,61,183,173,0,73
42,10,3,5,20,2475,UA,LAX,10,133,217,0,0,19,61,183,173,0,73
-2,10,3,5,13,2475,VX,LAX,10,133,217,0,0,19,61,183,173,0,73
-6,10,3,5,17,2475,UA,LAX,10,133,217,0,0,19,61,183,173,0,73
1,10,3,5,6,2475,UA,LAX,10,133,217,0,0,19,61,183,173,0,73
-2,10,3,5,11,2475,UA,LAX,10,133,217,0,0,19,61,183,173,0,73
1,10,3,5,12,2475,AA,LAX,10,133,217,0,0,19,61,183,173,0,73
7,10,3,5,8,2475,UA,LAX,10,133,217,0,0,19,61,183,173,0,73
-4,10,3,5,11,2475,AA,LAX,10,133,217,0,0,19,61,183,173,0,73
3,10,3,5,16,2475,VX,LAX,10,133,217,0,0,19,61,183,173,0,73
-6,10,3,5,8,2475,AA,LAX,10,133,217,0,0,19,61,183,173,0,73
62,10,3,5,20,2475,VX,LAX,10,133,217,0,0,19,61,183,173,0,73
0,10,3,5,18,2475,DL,LAX,10,133,217,0,0,19,61,183,173,0,73
10,10,3,5,16,2475,DL,LAX,10,133,217,0,0,19,61,183,173,0,73
-2,10,3,5,9,2475,DL,LAX,10,133,217,0,0,19,61,183,173,0,73
0,10,3,5,12,2475,DL,LAX,10,133,217,0,0,19,61,183,173,0,73
-6,10,3,5,9,2475,DL,LAX,10,133,217,0,0,19,61,183,173,0,73
5,10,3,5,15,2475,DL,LAX,10,133,217,0,0,19,61,183,173,0,73
-1,10,3,5,21,2475,DL,LAX,10,133,217,0,0,19,61,183,173,0,73
-3,10,3,5,7,2475,DL,LAX,10,133,217,0,0,19,61,183,173,0,73
0,10,3,5,20,2475,B6,LAX,10,133,217,0,0,19,61,183,173,0,73
-5,10,3,5,6,2475,AA,LAX,10,133,217,0,0,19,61,183,173,0,73
0,10,3,5,16,2475,B6,LAX,10,133,217,0,0,19,61,183,173,0,73
65,10,3,5,11,2475,B6,LAX,10,133,217,0,0,19,61,183,173,0,73
-6,10,3,5,9,2475,B6,LAX,10,133,217,0,0,19,61,183,173,0,73
-8,10,3,5,8,2475,B6,LAX,10,133,217,0,0,19,61,183,173,0,73
-8,10,3,5,6,2475,B6,LAX,10,133,217,0,0,19,61,183,173,0,73
-6,10,3,5,10,2475,AA,LAX,10,133,217,0,0,19,61,183,173,0,73
-3,10,26,7,6,2475,AA,LAX,13,117,172,0,0,35,56,178,0,0,26
13,10,26,7,21,2475,B6,LAX,13,117,172,0,0,35,56,178,0,0,26
-3,10,26,7,15,2475,B6,LAX,13,117,172,0,0,35,56,178,0,0,26
0,10,26,7,9,2475,B6,LAX,13,117,172,0,0,35,56,178,0,0,26
15,10,26,7,18,2475,DL,LAX,13,117,172,0,0,35,56,178,0,0,26
-6,10,26,7,7,2475,B6,LAX,13,117,172,0,0,35,56,178,0,0,26
5,10,26,7,9,2475,AA,LAX,13,117,172,0,0,35,56,178,0,0,26
-6,10,26,7,6,2475,B6,LAX,13,117,172,0,0,35,56,178,0,0,26
3,10,26,7,16,2475,DL,LAX,13,117,172,0,0,35,56,178,0,0,26
-6,10,26,7,9,2475,DL,LAX,13,117,172,0,0,35,56,178,0,0,26
-4,10,26,7,12,2475,DL,LAX,13,117,172,0,0,35,56,178,0,0,26
-5,10,26,7,7,2475,DL,LAX,13,117,172,0,0,35,56,178,0,0,26
7,10,26,7,21,2475,DL,LAX,13,117,172,0,0,35,56,178,0,0,26
0,10,26,7,15,2475,DL,LAX,13,117,172,0,0,35,56,178,0,0,26
-7,10,26,7,8,2475,DL,LAX,13,117,172,0,0,35,56,178,0,0,26
4,10,26,7,16,2475,VX,LAX,13,117,172,0,0,35,56,178,0,0,26
5,10,26,7,11,2475,VX,LAX,13,117,172,0,0,35,56,178,0,0,26
-3,10,26,7,9,2475,VX,LAX,13,117,172,0,0,35,56,178,0,0,26
8,10,26,7,14,2475,AA,LAX,13,117,172,0,0,35,56,178,0,0,26
-7,10,26,7,19,2475,AA,LAX,13,117,172,0,0,35,56,178,0,0,26
-6,10,26,7,17,2475,AA,LAX,13,117,172,0,0,35,56,178,0,0,26
-8,10,26,7,11,2475,AA,LAX,13,117,172,0,0,35,56,178,0,0,26
-3,10,26,7,9,2475,AA,LAX,13,117,172,0,0,35,56,178,0,0,26
16,10,26,7,8,2475,AA,LAX,13,117,172,0,0,35,56,178,0,0,26
-2,10,26,7,18,2475,AA,LAX,13,117,172,0,0,35,56,178,0,0,26
-2,10,26,7,12,2475,AA,LAX,13,117,172,0,0,35,56,178,0,0,26
-4,10,26,7,11,2475,UA,LAX,13,117,172,0,0,35,56,178,0,0,26
2,10,26,7,17,2475,UA,LAX,13,117,172,0,0,35,56,178,0,0,26
-5,10,26,7,16,2475,AA,LAX,13,117,172,0,0,35,56,178,0,0,26
-5,10,26,7,14,2475,UA,LAX,13,117,172,0,0,35,56,178,0,0,26
39,10,26,7,20,2475,AA,LAX,13,117,172,0,0,35,56,178,0,0,26
1,10,26,7,19,2475,UA,LAX,13,117,172,0,0,35,56,178,0,0,26
-6,10,26,7,8,2475,UA,LAX,13,117,172,0,0,35,56,178,0,0,26
-4,10,26,7,13,2475,VX,LAX,13,117,172,0,0,35,56,178,0,0,26
-5,10,26,7,7,2475,AA,LAX,13,117,172,0,0,35,56,178,0,0,26
0,10,26,7,20,2475,VX,LAX,13,117,172,0,0,35,56,178,0,0,26
-4,10,31,5,18,2475,DL,LAX,11,72,128,13,0,29,6,83,8,3,102
0,10,31,5,9,2475,DL,LAX,11,72,128,13,0,29,6,83,8,3,102
-5,10,31,5,12,2475,DL,LAX,11,72,128,13,0,29,6,83,8,3,102
-3,10,31,5,7,2475,DL,LAX,11,72,128,13,0,29,6,83,8,3,102
4,10,31,5,21,2475,DL,LAX,11,72,128,13,0,29,6,83,8,3,102
-5,10,31,5,6,2475,B6,LAX,11,72,128,13,0,29,6,83,8,3,102
-2,10,31,5,15,2475,DL,LAX,11,72,128,13,0,29,6,83,8,3,102
-4,10,31,5,16,2475,DL,LAX,11,72,128,13,0,29,6,83,8,3,102
10,10,31,5,21,2475,B6,LAX,11,72,128,13,0,29,6,83,8,3,102
-2,10,31,5,15,2475,B6,LAX,11,72,128,13,0,29,6,83,8,3,102
-6,10,31,5,9,2475,B6,LAX,11,72,128,13,0,29,6,83,8,3,102
-6,10,31,5,7,2475,B6,LAX,11,72,128,13,0,29,6,83,8,3,102
-8,10,31,5,6,2475,AA,LAX,11,72,128,13,0,29,6,83,8,3,102
-3,10,31,5,9,2475,AA,LAX,11,72,128,13,0,29,6,83,8,3,102
-7,10,31,5,19,2475,AA,LAX,11,72,128,13,0,29,6,83,8,3,102
128,10,31,5,17,2475,AA,LAX,11,72,128,13,0,29,6,83,8,3,102
-8,10,31,5,16,2475,AA,LAX,11,72,128,13,0,29,6,83,8,3,102
-7,10,31,5,14,2475,AA,LAX,11,72,128,13,0,29,6,83,8,3,102
-6,10,31,5,8,2475,AA,LAX,11,72,128,13,0,29,6,83,8,3,102
-6,10,31,5,11,2475,AA,LAX,11,72,128,13,0,29,6,83,8,3,102
0,10,31,5,7,2475,AA,LAX,11,72,128,13,0,29,6,83,8,3,102
-10,10,31,5,12,2475,AA,LAX,11,72,128,13,0,29,6,83,8,3,102
-3,10,31,5,9,2475,AA,LAX,11,72,128,13,0,29,6,83,8,3,102
-4,10,31,5,20,2475,VX,LAX,11,72,128,13,0,29,6,83,8,3,102
0,10,31,5,16,2475,VX,LAX,11,72,128,13,0,29,6,83,8,3,102
-1,10,31,5,13,2475,VX,LAX,11,72,128,13,0,29,6,83,8,3,102
-7,10,31,5,9,2475,VX,LAX,11,72,128,13,0,29,6,83,8,3,102
14,10,31,5,7,2475,VX,LAX,11,72,128,13,0,29,6,83,8,3,102
-6,10,31,5,11,2475,UA,LAX,11,72,128,13,0,29,6,83,8,3,102
0,10,31,5,17,2475,UA,LAX,11,72,128,13,0,29,6,83,8,3,102
85,10,31,5,8,2475,UA,LAX,11,72,128,13,0,29,6,83,8,3,102
0,10,31,5,6,2475,UA,LAX,11,72,128,13,0,29,6,83,8,3,102
-2,11,4,2,9,2475,AA,LAX,7,117,200,0,0,21,67,156,0,0,69
-8,11,4,2,6,2475,AA,LAX,7,117,200,0,0,21,67,156,0,0,69
-6,11,4,2,8,2475,AA,LAX,7,117,200,0,0,21,67,156,0,0,69
0,11,4,2,21,2475,DL,LAX,7,117,200,0,0,21,67,156,0,0,69
-1,11,4,2,7,2475,DL,LAX,7,117,200,0,0,21,67,156,0,0,69
-5,11,4,2,19,2475,AA,LAX,7,117,200,0,0,21,67,156,0,0,69
-9,11,4,2,6,2475,B6,LAX,7,117,200,0,0,21,67,156,0,0,69
-8,11,4,2,7,2475,B6,LAX,7,117,200,0,0,21,67,156,0,0,69
-4,11,4,2,9,2475,B6,LAX,7,117,200,0,0,21,67,156,0,0,69
3,11,4,2,15,2475,B6,LAX,7,117,200,0,0,21,67,156,0,0,69
0,11,4,2,21,2475,B6,LAX,7,117,200,0,0,21,67,156,0,0,69
-11,11,4,2,11,2475,AA,LAX,7,117,200,0,0,21,67,156,0,0,69
-6,11,4,2,9,2475,AA,LAX,7,117,200,0,0,21,67,156,0,0,69
-6,11,4,2,16,2475,DL,LAX,7,117,200,0,0,21,67,156,0,0,69
1,11,4,2,11,2475,DL,LAX,7,117,200,0,0,21,67,156,0,0,69
-2,11,4,2,8,2475,DL,LAX,7,117,200,0,0,21,67,156,0,0,69
-7,11,4,2,20,2475,AA,LAX,7,117,200,0,0,21,67,156,0,0,69
-4,11,4,2,9,2475,DL,LAX,7,117,200,0,0,21,67,156,0,0,69
-4,11,4,2,15,2475,DL,LAX,7,117,200,0,0,21,67,156,0,0,69
13,11,4,2,18,2475,DL,LAX,7,117,200,0,0,21,67,156,0,0,69
-9,11,4,2,12,2475,AA,LAX,7,117,200,0,0,21,67,156,0,0,69
-4,11,4,2,14,2475,AA,LAX,7,117,200,0,0,21,67,156,0,0,69
-7,11,4,2,7,2475,AA,LAX,7,117,200,0,0,21,67,156,0,0,69
1,11,4,2,16,2475,AA,LAX,7,117,200,0,0,21,67,156,0,0,69
-8,11,4,2,17,2475,AA,LAX,7,117,200,0,0,21,67,156,0,0,69
-6,11,4,2,18,2475,AA,LAX,7,117,200,0,0,21,67,156,0,0,69
-6,11,4,2,8,2475,UA,LAX,7,117,200,0,0,21,67,156,0,0,69
-5,11,4,2,19,2475,UA,LAX,7,117,200,0,0,21,67,156,0,0,69
-6,11,4,2,17,2475,UA,LAX,7,117,200,0,0,21,67,156,0,0,69
-8,11,4,2,6,2475,UA,LAX,7,117,200,0,0,21,67,156,0,0,69
-9,11,4,2,11,2475,UA,LAX,7,117,200,0,0,21,67,156,0,0,69
-4,11,4,2,14,2475,UA,LAX,7,117,200,0,0,21,67,156,0,0,69
-7,11,4,2,7,2475,VX,LAX,7,117,200,0,0,21,67,156,0,0,69
-9,11,4,2,9,2475,VX,LAX,7,117,200,0,0,21,67,156,0,0,69
-2,11,4,2,16,2475,VX,LAX,7,117,200,0,0,21,67,156,0,0,69
-6,11,4,2,13,2475,VX,LAX,7,117,200,0,0,21,67,156,0,0,69
-3,11,4,2,20,2475,VX,LAX,7,117,200,0,0,21,67,156,0,0,69
16,11,27,4,11,2475,VX,LAX,0,11,33,5,0,23,-93,-27,0,0,44
-1,11,27,4,7,2475,VX,LAX,0,11,33,5,0,23,-93,-27,0,0,44
-4,11,27,4,9,2475,VX,LAX,0,11,33,5,0,23,-93,-27,0,0,44
0,11,27,4,16,2475,VX,LAX,0,11,33,5,0,23,-93,-27,0,0,44
-5,11,27,4,13,2475,VX,LAX,0,11,33,5,0,23,-93,-27,0,0,44
-3,11,27,4,7,2475,AA,LAX,0,11,33,5,0,23,-93,-27,0,0,44
-8,11,27,4,11,2475,AA,LAX,0,11,33,5,0,23,-93,-27,0,0,44
40,11,27,4,6,2475,B6,LAX,0,11,33,5,0,23,-93,-27,0,0,44
-1,11,27,4,11,2475,DL,LAX,0,11,33,5,0,23,-93,-27,0,0,44
-2,11,27,4,18,2475,B6,LAX,0,11,33,5,0,23,-93,-27,0,0,44
-7,11,27,4,12,2475,AA,LAX,0,11,33,5,0,23,-93,-27,0,0,44
1,11,27,4,15,2475,DL,LAX,0,11,33,5,0,23,-93,-27,0,0,44
-8,11,27,4,8,2475,UA,LAX,0,11,33,5,0,23,-93,-27,0,0,44
-6,11,27,4,7,2475,B6,LAX,0,11,33,5,0,23,-93,-27,0,0,44
-7,11,27,4,16,2475,DL,LAX,0,11,33,5,0,23,-93,-27,0,0,44
-7,11,27,4,6,2475,AA,LAX,0,11,33,5,0,23,-93,-27,0,0,44
-5,11,27,4,8,2475,AA,LAX,0,11,33,5,0,23,-93,-27,0,0,44
-8,11,27,4,8,2475,DL,LAX,0,11,33,5,0,23,-93,-27,0,0,44
3,11,27,4,21,2475,DL,LAX,0,11,33,5,0,23,-93,-27,0,0,44
-4,11,27,4,9,2475,DL,LAX,0,11,33,5,0,23,-93,-27,0,0,44
-6,11,27,4,6,2475,UA,LAX,0,11,33,5,0,23,-93,-27,0,0,44
-3,11,27,4,10,2475,AA,LAX,0,11,33,5,0,23,-93,-27,0,0,44
-1,11,27,4,18,2475,DL,LAX,0,11,33,5,0,23,-93,-27,0,0,44
2,11,27,4,14,2475,AA,LAX,0,11,33,5,0,23,-93,-27,0,0,44
44,11,27,4,9,2475,B6,LAX,0,11,33,5,0,23,-93,-27,0,0,44
-5,11,27,4,17,2475,AA,LAX,0,11,33,5,0,23,-93,-27,0,0,44
-4,11,27,4,16,2475,AA,LAX,0,11,33,5,0,23,-93,-27,0,0,44
-4,11,27,4,14,2475,UA,LAX,0,11,33,5,0,23,-93,-27,0,0,44
-6,11,27,4,9,2475,AA,LAX,0,11,33,5,0,23,-93,-27,0,0,44
2,12,5,5,9,2475,VX,LAX,8,11,67,130,0,27,0,44,0,0,21
4,12,5,5,13,2475,VX,LAX,8,11,67,130,0,27,0,44,0,0,21
-4,12,5,5,16,2475,VX,LAX,8,11,67,130,0,27,0,44,0,0,21
-1,12,5,5,20,2475,VX,LAX,8,11,67,130,0,27,0,44,0,0,21
-6,12,5,5,7,2475,VX,LAX,8,11,67,130,0,27,0,44,0,0,21
132,12,5,5,17,2475,UA,LAX,8,11,67,130,0,27,0,44,0,0,21
-2,12,5,5,15,2475,B6,LAX,8,11,67,130,0,27,0,44,0,0,21
-1,12,5,5,9,2475,B6,LAX,8,11,67,130,0,27,0,44,0,0,21
1,12,5,5,16,2475,AA,LAX,8,11,67,130,0,27,0,44,0,0,21
240,12,5,5,18,2475,B6,LAX,8,11,67,130,0,27,0,44,0,0,21
-5,12,5,5,11,2475,UA,LAX,8,11,67,130,0,27,0,44,0,0,21
-12,12,5,5,14,2475,UA,LAX,8,11,67,130,0,27,0,44,0,0,21
-9,12,5,5,12,2475,AA,LAX,8,11,67,130,0,27,0,44,0,0,21
-8,12,5,5,9,2475,AA,LAX,8,11,67,130,0,27,0,44,0,0,21
31,12,5,5,19,2475,UA,LAX,8,11,67,130,0,27,0,44,0,0,21
4,12,5,5,19,2475,AA,LAX,8,11,67,130,0,27,0,44,0,0,21
-2,12,5,5,8,2475,UA,LAX,8,11,67,130,0,27,0,44,0,0,21
7,12,5,5,6,2475,UA,LAX,8,11,67,130,0,27,0,44,0,0,21
1,12,5,5,21,2475,DL,LAX,8,11,67,130,0,27,0,44,0,0,21
-10,12,5,5,11,2475,AA,LAX,8,11,67,130,0,27,0,44,0,0,21
0,12,5,5,15,2475,DL,LAX,8,11,67,130,0,27,0,44,0,0,21
20,12,5,5,14,2475,AA,LAX,8,11,67,130,0,27,0,44,0,0,21
-5,12,5,5,8,2475,AA,LAX,8,11,67,130,0,27,0,44,0,0,21
9,12,5,5,7,2475,DL,LAX,8,11,67,130,0,27,0,44,0,0,21
-5,12,5,5,7,2475,AA,LAX,8,11,67,130,0,27,0,44,0,0,21
-2,12,5,5,11,2475,DL,LAX,8,11,67,130,0,27,0,44,0,0,21
-2,12,5,5,9,2475,DL,LAX,8,11,67,130,0,27,0,44,0,0,21
58,12,5,5,8,2475,DL,LAX,8,11,67,130,0,27,0,44,0,0,21
-1,12,5,5,17,2475,DL,LAX,8,11,67,130,0,27,0,44,0,0,21
-3,12,5,5,18,2475,DL,LAX,8,11,67,130,0,27,0,44,0,0,21
-4,12,5,5,6,2475,AA,LAX,8,11,67,130,0,27,0,44,0,0,21
0,12,5,5,17,2475,AA,LAX,8,11,67,130,0,27,0,44,0,0,21
-6,12,5,5,20,2475,AA,LAX,8,11,67,130,0,27,0,44,0,0,21
-6,12,5,5,18,2475,AA,LAX,8,11,67,130,0,27,0,44,0,0,21
0,12,5,5,8,2475,B6,LAX,8,11,67,130,0,27,0,44,0,0,21
-5,12,5,5,6,2475,B6,LAX,8,11,67,130,0,27,0,44,0,0,21
16,12,5,5,21,2475,B6,LAX,8,11,67,130,0,27,0,44,0,0,21
-4,12,5,5,10,2475,AA,LAX,8,11,67,130,0,27,0,44,0,0,21
43,12,10,3,19,2475,AA,LAX,13,0,44,20,25,37,-21,6,0,0,50
-2,12,10,3,11,2475,DL,LAX,13,0,44,20,25,37,-21,6,0,0,50
25,12,10,3,7,2475,AA,LAX,13,0,44,20,25,37,-21,6,0,0,50
-3,12,10,3,9,2475,DL,LAX,13,0,44,20,25,37,-21,6,0,0,50
15,12,10,3,17,2475,DL,LAX,13,0,44,20,25,37,-21,6,0,0,50
44,12,10,3,18,2475,DL,LAX,13,0,44,20,25,37,-21,6,0,0,50
-5,12,10,3,8,2475,AA,LAX,13,0,44,20,25,37,-21,6,0,0,50
19,12,10,3,15,2475,B6,LAX,13,0,44,20,25,37,-21,6,0,0,50
-2,12,10,3,9,2475,B6,LAX,13,0,44,20,25,37,-21,6,0,0,50
74,12,10,3,16,2475,AA,LAX,13,0,44,20,25,37,-21,6,0,0,50
19,12,10,3,21,2475,B6,LAX,13,0,44,20,25,37,-21,6,0,0,50
-7,12,10,3,10,2475,AA,LAX,13,0,44,20,25,37,-21,6,0,0,50
59,12,10,3,18,2475,AA,LAX,13,0,44,20,25,37,-21,6,0,0,50
-6,12,10,3,9,2475,AA,LAX,13,0,44,20,25,37,-21,6,0,0,50
-1,12,10,3,18,2475,B6,LAX,13,0,44,20,25,37,-21,6,0,0,50
-5,12,10,3,8,2475,B6,LAX,13,0,44,20,25,37,-21,6,0,0,50
10,12,10,3,20,2475,AA,LAX,13,0,44,20,25,37,-21,6,0,0,50
-10,12,10,3,11,2475,AA,LAX,13,0,44,20,25,37,-21,6,0,0,50
11,12,10,3,6,2475,B6,LAX,13,0,44,20,25,37,-21,6,0,0,50
86,12,10,3,15,2475,DL,LAX,13,0,44,20,25,37,-21,6,0,0,50
84,12,10,3,17,2475,AA,LAX,13,0,44,20,25,37,-21,6,0,0,50
0,12,10,3,8,2475,DL,LAX,13,0,44,20,25,37,-21,6,0,0,50
152,12,10,3,21,2475,DL,LAX,13,0,44,20,25,37,-21,6,0,0,50
-2,12,10,3,12,2475,AA,LAX,13,0,44,20,25,37,-21,6,0,0,50
-4,12,10,3,14,2475,AA,LAX,13,0,44,20,25,37,-21,6,0,0,50
-6,12,10,3,6,2475,AA,LAX,13,0,44,20,25,37,-21,6,0,0,50
-5,12,10,3,7,2475,DL,LAX,13,0,44,20,25,37,-21,6,0,0,50
-1,12,10,3,9,2475,VX,LAX,13,0,44,20,25,37,-21,6,0,0,50
-5,12,10,3,13,2475,VX,LAX,13,0,44,20,25,37,-21,6,0,0,50
41,12,10,3,16,2475,VX,LAX,13,0,44,20,25,37,-21,6,0,0,50
34,12,10,3,20,2475,VX,LAX,13,0,44,20,25,37,-21,6,0,0,50
-4,12,10,3,7,2475,VX,LAX,13,0,44,20,25,37,-21,6,0,0,50
0,12,10,3,6,2475,UA,LAX,13,0,44,20,25,37,-21,6,0,0,50
0,12,10,3,14,2475,UA,LAX,13,0,44,20,25,37,-21,6,0,0,50
-4,12,10,3,11,2475,UA,LAX,13,0,44,20,25,37,-21,6,0,0,50
19,12,10,3,17,2475,UA,LAX,13,0,44,20,25,37,-21,6,0,0,50
4,12,10,3,19,2475,UA,LAX,13,0,44,20,25,37,-21,6,0,0,50
-1,12,10,3,8,2475,UA,LAX,13,0,44,20,25,37,-21,6,0,0,50
-2,12,28,7,19,2475,UA,LAX,3,61,122,25,0,26,-55,17,0,0,34
-8,12,28,7,8,2475,UA,LAX,3,61,122,25,0,26,-55,17,0,0,34
-13,12,28,7,11,2475,UA,LAX,3,61,122,25,0,26,-55,17,0,0,34
-12,12,28,7,14,2475,UA,LAX,3,61,122,25,0,26,-55,17,0,0,34
-5,12,28,7,17,2475,UA,LAX,3,61,122,25,0,26,-55,17,0,0,34
2,12,28,7,9,2475,DL,LAX,3,61,122,25,0,26,-55,17,0,0,34
-1,12,28,7,15,2475,DL,LAX,3,61,122,25,0,26,-55,17,0,0,34
2,12,28,7,17,2475,DL,LAX,3,61,122,25,0,26,-55,17,0,0,34
-8,12,28,7,12,2475,AA,LAX,3,61,122,25,0,26,-55,17,0,0,34
1,12,28,7,16,2475,AA,LAX,3,61,122,25,0,26,-55,17,0,0,34
-1,12,28,7,8,2475,B6,LAX,3,61,122,25,0,26,-55,17,0,0,34
-7,12,28,7,9,2475,AA,LAX,3,61,122,25,0,26,-55,17,0,0,34
51,12,28,7,21,2475,DL,LAX,3,61,122,25,0,26,-55,17,0,0,34
1,12,28,7,11,2475,B6,LAX,3,61,122,25,0,26,-55,17,0,0,34
-5,12,28,7,18,2475,DL,LAX,3,61,122,25,0,26,-55,17,0,0,34
-7,12,28,7,11,2475,AA,LAX,3,61,122,25,0,26,-55,17,0,0,34
-4,12,28,7,7,2475,AA,LAX,3,61,122,25,0,26,-55,17,0,0,34
2,12,28,7,11,2475,DL,LAX,3,61,122,25,0,26,-55,17,0,0,34
-3,12,28,7,16,2475,B6,LAX,3,61,122,25,0,26,-55,17,0,0,34
-3,12,28,7,18,2475,B6,LAX,3,61,122,25,0,26,-55,17,0,0,34
0,12,28,7,21,2475,B6,LAX,3,61,122,25,0,26,-55,17,0,0,34
-7,12,28,7,8,2475,AA,LAX,3,61,122,25,0,26,-55,17,0,0,34
-2,12,28,7,6,2475,B6,LAX,3,61,122,25,0,26,-55,17,0,0,34
-6,12,28,7,9,2475,B6,LAX,3,61,122,25,0,26,-55,17,0,0,34
-6,12,28,7,18,2475,AA,LAX,3,61,122,25,0,26,-55,17,0,0,34
0,12,28,7,17,2475,AA,LAX,3,61,122,25,0,26,-55,17,0,0,34
9,12,28,7,19,2475,AA,LAX,3,61,122,25,0,26,-55,17,0,0,34
2,12,28,7,20,2475,AA,LAX,3,61,122,25,0,26,-55,17,0,0,34
44,12,28,7,6,2475,AA,LAX,3,61,122,25,0,26,-55,17,0,0,34
-3,12,28,7,8,2475,DL,LAX,3,61,122,25,0,26,-55,17,0,0,34
-2,12,28,7,7,2475,VX,LAX,3,61,122,25,0,26,-55,17,0,0,34
-15,12,28,7,20,2475,VX,LAX,3,61,122,25,0,26,-55,17,0,0,34
-1,12,28,7,16,2475,VX,LAX,3,61,122,25,0,26,-55,17,0,0,34
14,12,28,7,13,2475,VX,LAX,3,61,122,25,0,26,-55,17,0,0,34
-2,12,28,7,11,2475,VX,LAX,3,61,122,25,0,26,-55,17,0,0,34
16,12,28,7,9,2475,VX,LAX,3,61,122,25,0,26,-55,17,0,0,34
