0,1,15,3,7,2475,DL,LAX,6,39,83,0,0,13,-93,-55,0,3,53
24,1,15,3,16,2475,AA,LAX,6,39,83,0,0,13,-93,-55,0,3,53
18,1,15,3,15,2475,AA,LAX,6,39,83,0,0,13,-93,-55,0,3,53
34,1,15,3,21,2475,AA,LAX,6,39,83,0,0,13,-93,-55,0,3,53
0,1,15,3,13,2475,AA,LAX,6,39,83,0,0,13,-93,-55,0,3,53
-1,1,15,3,7,2475,AA,LAX,6,39,83,0,0,13,-93,-55,0,3,53
4,1,15,3,19,2475,AA,LAX,6,39,83,0,0,13,-93,-55,0,3,53
-5,1,15,3,12,2475,AA,LAX,6,39,83,0,0,13,-93,-55,0,3,53
-9,1,15,3,9,2475,AA,LAX,6,39,83,0,0,13,-93,-55,0,3,53
-2,1,15,3,16,2475,DL,LAX,6,39,83,0,0,13,-93,-55,0,3,53
-1,1,15,3,9,2475,DL,LAX,6,39,83,0,0,13,-93,-55,0,3,53
-5,1,15,3,12,2475,DL,LAX,6,39,83,0,0,13,-93,-55,0,3,53
4,1,15,3,18,2475,DL,LAX,6,39,83,0,0,13,-93,-55,0,3,53
22,1,15,3,9,2475,B6,LAX,6,39,83,0,0,13,-93,-55,0,3,53
169,1,15,3,20,2475,B6,LAX,6,39,83,0,0,13,-93,-55,0,3,53
-2,1,15,3,20,2475,DL,LAX,6,39,83,0,0,13,-93,-55,0,3,53
0,1,15,3,6,2475,B6,LAX,6,39,83,0,0,13,-93,-55,0,3,53
43,1,15,3,16,2475,B6,LAX,6,39,83,0,0,13,-93,-55,0,3,53
13,1,15,3,8,2475,UA,LAX,6,39,83,0,0,13,-93,-55,0,3,53
48,1,15,3,17,2475,UA,LAX,6,39,83,0,0,13,-93,-55,0,3,53
-10,1,15,3,6,2475,UA,LAX,6,39,83,0,0,13,-93,-55,0,3,53
21,1,15,3,20,2475,UA,LAX,6,39,83,0,0,13,-93,-55,0,3,53
70,1,15,3,14,2475,UA,LAX,6,39,83,0,0,13,-93,-55,0,3,53
-6,1,15,3,11,2475,UA,LAX,6,39,83,0,0,13,-93,-55,0,3,53
0,1,15,3,15,2475,DL,LAX,6,39,83,0,0,13,-93,-55,0,3,53
0,1,15,3,20,2475,VX,LAX,6,39,83,0,0,13,-93,-55,0,3,53
1,1,15,3,9,2475,VX,LAX,6,39,83,0,0,13,-93,-55,0,3,53
-4,1,15,3,13,2475,VX,LAX,6,39,83,0,0,13,-93,-55,0,3,53
-4,1,15,3,7,2475,VX,LAX,6,39,83,0,0,13,-93,-55,0,3,53
17,1,15,3,16,2475,VX,LAX,6,39,83,0,0,13,-93,-55,0,3,53
-5,1,20,1,16,2475,DL,LAX,1,-5,78,0,0,33,-105,17,46,86,52
-2,1,20,1,20,2475,VX,LAX,1,-5,78,0,0,33,-105,17,46,86,52
-4,1,20,1,16,2475,VX,LAX,1,-5,78,0,0,33,-105,17,46,86,52
-3,1,20,1,13,2475,VX,LAX,1,-5,78,0,0,33,-105,17,46,86,52
0,1,20,1,9,2475,VX,LAX,1,-5,78,0,0,33,-105,17,46,86,52
-1,1,20,1,7,2475,VX,LAX,1,-5,78,0,0,33,-105,17,46,86,52
-7,1,20,1,16,2475,B6,LAX,1,-5,78,0,0,33,-105,17,46,86,52
-3,1,20,1,6,2475,B6,LAX,1,-5,78,0,0,33,-105,17,46,86,52
32,1,20,1,9,2475,B6,LAX,1,-5,78,0,0,33,-105,17,46,86,52
0,1,20,1,20,2475,B6,LAX,1,-5,78,0,0,33,-105,17,46,86,52
0,1,20,1,7,2475,DL,LAX,1,-5,78,0,0,33,-105,17,46,86,52
1,1,20,1,20,2475,DL,LAX,1,-5,78,0,0,33,-105,17,46,86,52
19,1,20,1,18,2475,DL,LAX,1,-5,78,0,0,33,-105,17,46,86,52
-6,1,20,1,12,2475,DL,LAX,1,-5,78,0,0,33,-105,17,46,86,52
-5,1,20,1,9,2475,DL,LAX,1,-5,78,0,0,33,-105,17,46,86,52
15,1,20,1,15,2475,DL,LAX,1,-5,78,0,0,33,-105,17,46,86,52
-8,1,20,1,15,2475,AA,LAX,1,-5,78,0,0,33,-105,17,46,86,52
-5,1,20,1,9,2475,AA,LAX,1,-5,78,0,0,33,-105,17,46,86,52
24,1,20,1,8,2475,UA,LAX,1,-5,78,0,0,33,-105,17,46,86,52
-3,1,20,1,17,2475,UA,LAX,1,-5,78,0,0,33,-105,17,46,86,52
-11,1,20,1,6,2475,UA,LAX,1,-5,78,0,0,33,-105,17,46,86,52
28,1,20,1,16,2475,AA,LAX,1,-5,78,0,0,33,-105,17,46,86,52
-1,1,20,1,12,2475,AA,LAX,1,-5,78,0,0,33,-105,17,46,86,52
-5,1,20,1,14,2475,UA,LAX,1,-5,78,0,0,33,-105,17,46,86,52
-4,1,20,1,7,2475,AA,LAX,1,-5,78,0,0,33,-105,17,46,86,52
-6,1,20,1,21,2475,AA,LAX,1,-5,78,0,0,33,-105,17,46,86,52
37,1,20,1,20,2475,UA,LAX,1,-5,78,0,0,33,-105,17,46,86,52
-7,1,20,1,11,2475,UA,LAX,1,-5,78,0,0,33,-105,17,46,86,52
0,1,20,1,19,2475,AA,LAX,1,-5,78,0,0,33,-105,17,46,86,52
26,1,20,1,13,2475,AA,LAX,1,-5,78,0,0,33,-105,17,46,86,52
17,2,16,7,10,2475,AA,LAX,2,-60,-10,0,0,40,-82,-16,0,0,47
168,2,16,7,12,2475,B6,LAX,2,-60,-10,0,0,40,-82,-16,0,0,47
9,2,16,7,8,2475,AA,LAX,2,-60,-10,0,0,40,-82,-16,0,0,47
30,2,16,7,8,2475,UA,LAX,2,-60,-10,0,0,40,-82,-16,0,0,47
-3,2,16,7,14,2475,UA,LAX,2,-60,-10,0,0,40,-82,-16,0,0,47
2,2,16,7,6,2475,AA,LAX,2,-60,-10,0,0,40,-82,-16,0,0,47
-2,2,16,7,6,2475,B6,LAX,2,-60,-10,0,0,40,-82,-16,0,0,47
-2,2,16,7,13,2475,AA,LAX,2,-60,-10,0,0,40,-82,-16,0,0,47
-6,2,16,7,20,2475,UA,LAX,2,-60,-10,0,0,40,-82,-16,0,0,47
15,2,16,7,7,2475,DL,LAX,2,-60,-10,0,0,40,-82,-16,0,0,47
9,2,16,7,18,2475,DL,LAX,2,-60,-10,0,0,40,-82,-16,0,0,47
12,2,16,7,12,2475,DL,LAX,2,-60,-10,0,0,40,-82,-16,0,0,47
93,2,16,7,9,2475,DL,LAX,2,-60,-10,0,0,40,-82,-16,0,0,47
0,2,16,7,15,2475,DL,LAX,2,-60,-10,0,0,40,-82,-16,0,0,47
-2,2,16,7,16,2475,AA,LAX,2,-60,-10,0,0,40,-82,-16,0,0,47
-7,2,16,7,15,2475,AA,LAX,2,-60,-10,0,0,40,-82,-16,0,0,47
51,2,16,7,20,2475,B6,LAX,2,-60,-10,0,0,40,-82,-16,0,0,47
-3,2,16,7,9,2475,AA,LAX,2,-60,-10,0,0,40,-82,-16,0,0,47
0,2,16,7,11,2475,UA,LAX,2,-60,-10,0,0,40,-82,-16,0,0,47
4,2,16,7,19,2475,AA,LAX,2,-60,-10,0,0,40,-82,-16,0,0,47
-4,2,16,7,17,2475,UA,LAX,2,-60,-10,0,0,40,-82,-16,0,0,47
22,2,16,7,12,2475,AA,LAX,2,-60,-10,0,0,40,-82,-16,0,0,47
33,2,16,7,21,2475,AA,LAX,2,-60,-10,0,0,40,-82,-16,0,0,47
72,2,16,7,16,2475,B6,LAX,2,-60,-10,0,0,40,-82,-16,0,0,47
34,2,16,7,16,2475,VX,LAX,2,-60,-10,0,0,40,-82,-16,0,0,47
28,2,16,7,13,2475,VX,LAX,2,-60,-10,0,0,40,-82,-16,0,0,47
5,2,16,7,9,2475,VX,LAX,2,-60,-10,0,0,40,-82,-16,0,0,47
9,2,16,7,20,2475,VX,LAX,2,-60,-10,0,0,40,-82,-16,0,0,47
15,2,21,5,16,2475,VX,LAX,3,22,94,23,0,33,-32,28,0,8,104
-3,2,21,5,9,2475,VX,LAX,3,22,94,23,0,33,-32,28,0,8,104
-6,2,21,5,7,2475,VX,LAX,3,22,94,23,0,33,-32,28,0,8,104
8,2,21,5,13,2475,VX,LAX,3,22,94,23,0,33,-32,28,0,8,104
153,2,21,5,20,2475,VX,LAX,3,22,94,23,0,33,-32,28,0,8,104
310,2,21,5,15,2475,AA,LAX,3,22,94,23,0,33,-32,28,0,8,104
79,2,21,5,20,2475,DL,LAX,3,22,94,23,0,33,-32,28,0,8,104
-2,2,21,5,12,2475,DL,LAX,3,22,94,23,0,33,-32,28,0,8,104
-2,2,21,5,9,2475,DL,LAX,3,22,94,23,0,33,-32,28,0,8,104
337,2,21,5,15,2475,DL,LAX,3,22,94,23,0,33,-32,28,0,8,104
1,2,21,5,12,2475,B6,LAX,3,22,94,23,0,33,-32,28,0,8,104
-9,2,21,5,6,2475,B6,LAX,3,22,94,23,0,33,-32,28,0,8,104
-5,2,21,5,9,2475,AA,LAX,3,22,94,23,0,33,-32,28,0,8,104
14,2,21,5,20,2475,B6,LAX,3,22,94,23,0,33,-32,28,0,8,104
-11,2,21,5,12,2475,AA,LAX,3,22,94,23,0,33,-32,28,0,8,104
17,2,21,5,16,2475,B6,LAX,3,22,94,23,0,33,-32,28,0,8,104
1,2,21,5,13,2475,AA,LAX,3,22,94,23,0,33,-32,28,0,8,104
0,2,21,5,6,2475,AA,LAX,3,22,94,23,0,33,-32,28,0,8,104
66,2,21,5,16,2475,DL,LAX,3,22,94,23,0,33,-32,28,0,8,104
34,2,21,5,10,2475,AA,LAX,3,22,94,23,0,33,-32,28,0,8,104
84,2,21,5,18,2475,DL,LAX,3,22,94,23,0,33,-32,28,0,8,104
161,2,21,5,21,2475,AA,LAX,3,22,94,23,0,33,-32,28,0,8,104
12,2,21,5,19,2475,AA,LAX,3,22,94,23,0,33,-32,28,0,8,104
127,2,21,5,16,2475,AA,LAX,3,22,94,23,0,33,-32,28,0,8,104
-2,2,21,5,8,2475,AA,LAX,3,22,94,23,0,33,-32,28,0,8,104
74,2,21,5,20,2475,UA,LAX,3,22,94,23,0,33,-32,28,0,8,104
11,2,21,5,17,2475,UA,LAX,3,22,94,23,0,33,-32,28,0,8,104
-5,2,21,5,11,2475,UA,LAX,3,22,94,23,0,33,-32,28,0,8,104
-5,2,21,5,6,2475,UA,LAX,3,22,94,23,0,33,-32,28,0,8,104
-3,2,21,5,8,2475,UA,LAX,3,22,94,23,0,33,-32,28,0,8,104
25,2,21,5,14,2475,UA,LAX,3,22,94,23,0,33,-32,28,0,8,104
-4,3,17,1,20,2475,DL,LAX,27,-49,17,0,0,36,-66,44,0,0,37
-4,3,17,1,18,2475,DL,LAX,27,-49,17,0,0,36,-66,44,0,0,37
-4,3,17,1,19,2475,AA,LAX,27,-49,17,0,0,36,-66,44,0,0,37
-3,3,17,1,15,2475,AA,LAX,27,-49,17,0,0,36,-66,44,0,0,37
-5,3,17,1,7,2475,DL,LAX,27,-49,17,0,0,36,-66,44,0,0,37
-10,3,17,1,10,2475,AA,LAX,27,-49,17,0,0,36,-66,44,0,0,37
0,3,17,1,16,2475,DL,LAX,27,-49,17,0,0,36,-66,44,0,0,37
-5,3,17,1,9,2475,AA,LAX,27,-49,17,0,0,36,-66,44,0,0,37
-1,3,17,1,20,2475,B6,LAX,27,-49,17,0,0,36,-66,44,0,0,37
-5,3,17,1,16,2475,B6,LAX,27,-49,17,0,0,36,-66,44,0,0,37
-4,3,17,1,11,2475,B6,LAX,27,-49,17,0,0,36,-66,44,0,0,37
-1,3,17,1,15,2475,DL,LAX,27,-49,17,0,0,36,-66,44,0,0,37
-3,3,17,1,6,2475,B6,LAX,27,-49,17,0,0,36,-66,44,0,0,37
13,3,17,1,6,2475,AA,LAX,27,-49,17,0,0,36,-66,44,0,0,37
-2,3,17,1,16,2475,AA,LAX,27,-49,17,0,0,36,-66,44,0,0,37
-7,3,17,1,8,2475,AA,LAX,27,-49,17,0,0,36,-66,44,0,0,37
-7,3,17,1,21,2475,AA,LAX,27,-49,17,0,0,36,-66,44,0,0,37
33,3,17,1,9,2475,DL,LAX,27,-49,17,0,0,36,-66,44,0,0,37
61,3,17,1,12,2475,DL,LAX,27,-49,17,0,0,36,-66,44,0,0,37
-1,3,17,1,13,2475,AA,LAX,27,-49,17,0,0,36,-66,44,0,0,37
1,3,17,1,12,2475,AA,LAX,27,-49,17,0,0,36,-66,44,0,0,37
0,3,17,1,13,2475,VX,LAX,27,-49,17,0,0,36,-66,44,0,0,37
79,3,17,1,9,2475,VX,LAX,27,-49,17,0,0,36,-66,44,0,0,37
4,3,17,1,7,2475,VX,LAX,27,-49,17,0,0,36,-66,44,0,0,37
1,3,17,1,20,2475,VX,LAX,27,-49,17,0,0,36,-66,44,0,0,37
0,3,17,1,16,2475,VX,LAX,27,-49,17,0,0,36,-66,44,0,0,37
-3,3,17,1,8,2475,UA,LAX,27,-49,17,0,0,36,-66,44,0,0,37
-8,3,17,1,6,2475,UA,LAX,27,-49,17,0,0,36,-66,44,0,0,37
53,3,17,1,17,2475,UA,LAX,27,-49,17,0,0,36,-66,44,0,0,37
0,3,17,1,14,2475,UA,LAX,27,-49,17,0,0,36,-66,44,0,0,37
17,3,17,1,20,2475,UA,LAX,27,-49,17,0,0,36,-66,44,0,0,37
-9,3,17,1,11,2475,UA,LAX,27,-49,17,0,0,36,-66,44,0,0,37
-7,3,22,6,14,2475,UA,LAX,32,50,172,0,0,31,-32,50,0,0,60
0,3,22,6,8,2475,UA,LAX,32,50,172,0,0,31,-32,50,0,0,60
-2,3,22,6,17,2475,UA,LAX,32,50,172,0,0,31,-32,50,0,0,60
-3,3,22,6,6,2475,UA,LAX,32,50,172,0,0,31,-32,50,0,0,60
-10,3,22,6,11,2475,UA,LAX,32,50,172,0,0,31,-32,50,0,0,60
-1,3,22,6,7,2475,VX,LAX,32,50,172,0,0,31,-32,50,0,0,60
-6,3,22,6,9,2475,VX,LAX,32,50,172,0,0,31,-32,50,0,0,60
-8,3,22,6,13,2475,VX,LAX,32,50,172,0,0,31,-32,50,0,0,60
-5,3,22,6,16,2475,VX,LAX,32,50,172,0,0,31,-32,50,0,0,60
-4,3,22,6,6,2475,AA,LAX,32,50,172,0,0,31,-32,50,0,0,60
-7,3,22,6,12,2475,AA,LAX,32,50,172,0,0,31,-32,50,0,0,60
-2,3,22,6,12,2475,DL,LAX,32,50,172,0,0,31,-32,50,0,0,60
-2,3,22,6,10,2475,AA,LAX,32,50,172,0,0,31,-32,50,0,0,60
-4,3,22,6,13,2475,AA,LAX,32,50,172,0,0,31,-32,50,0,0,60
-7,3,22,6,9,2475,DL,LAX,32,50,172,0,0,31,-32,50,0,0,60
-1,3,22,6,15,2475,DL,LAX,32,50,172,0,0,31,-32,50,0,0,60
-9,3,22,6,19,2475,AA,LAX,32,50,172,0,0,31,-32,50,0,0,60
-10,3,22,6,9,2475,AA,LAX,32,50,172,0,0,31,-32,50,0,0,60
13,3,22,6,16,2475,B6,LAX,32,50,172,0,0,31,-32,50,0,0,60
-2,3,22,6,20,2475,B6,LAX,32,50,172,0,0,31,-32,50,0,0,60
-4,3,22,6,8,2475,AA,LAX,32,50,172,0,0,31,-32,50,0,0,60
-5,3,22,6,16,2475,AA,LAX,32,50,172,0,0,31,-32,50,0,0,60
216,3,22,6,15,2475,AA,LAX,32,50,172,0,0,31,-32,50,0,0,60
4,3,22,6,6,2475,B6,LAX,32,50,172,0,0,31,-32,50,0,0,60
-6,3,22,6,7,2475,DL,LAX,32,50,172,0,0,31,-32,50,0,0,60
-2,3,22,6,18,2475,DL,LAX,32,50,172,0,0,31,-32,50,0,0,60
17,3,22,6,20,2475,DL,LAX,32,50,172,0,0,31,-32,50,0,0,60
3,4,18,5,21,2475,DL,LAX,34,17,94,0,0,24,33,106,0,0,35
6,4,18,5,7,2475,DL,LAX,34,17,94,0,0,24,33,106,0,0,35
-10,4,18,5,12,2475,DL,LAX,34,17,94,0,0,24,33,106,0,0,35
-2,4,18,5,9,2475,DL,LAX,34,17,94,0,0,24,33,106,0,0,35
-1,4,18,5,17,2475,DL,LAX,34,17,94,0,0,24,33,106,0,0,35
-3,4,18,5,18,2475,DL,LAX,34,17,94,0,0,24,33,106,0,0,35
0,4,18,5,15,2475,DL,LAX,34,17,94,0,0,24,33,106,0,0,35
-1,4,18,5,7,2475,VX,LAX,34,17,94,0,0,24,33,106,0,0,35
0,4,18,5,6,2475,B6,LAX,34,17,94,0,0,24,33,106,0,0,35
-5,4,18,5,20,2475,B6,LAX,34,17,94,0,0,24,33,106,0,0,35
32,4,18,5,11,2475,B6,LAX,34,17,94,0,0,24,33,106,0,0,35
-5,4,18,5,16,2475,B6,LAX,34,17,94,0,0,24,33,106,0,0,35
0,4,18,5,21,2475,AA,LAX,34,17,94,0,0,24,33,106,0,0,35
-4,4,18,5,17,2475,AA,LAX,34,17,94,0,0,24,33,106,0,0,35
-6,4,18,5,6,2475,AA,LAX,34,17,94,0,0,24,33,106,0,0,35
-3,4,18,5,13,2475,AA,LAX,34,17,94,0,0,24,33,106,0,0,35
-4,4,18,5,16,2475,AA,LAX,34,17,94,0,0,24,33,106,0,0,35
-8,4,18,5,8,2475,AA,LAX,34,17,94,0,0,24,33,106,0,0,35
-4,4,18,5,19,2475,AA,LAX,34,17,94,0,0,24,33,106,0,0,35
-8,4,18,5,10,2475,AA,LAX,34,17,94,0,0,24,33,106,0,0,35
-2,4,18,5,6,2475,AA,LAX,34,17,94,0,0,24,33,106,0,0,35
-8,4,18,5,12,2475,AA,LAX,34,17,94,0,0,24,33,106,0,0,35
-5,4,18,5,9,2475,AA,LAX,34,17,94,0,0,24,33,106,0,0,35
-10,4,18,5,20,2475,VX,LAX,34,17,94,0,0,24,33,106,0,0,35
-2,4,18,5,16,2475,VX,LAX,34,17,94,0,0,24,33,106,0,0,35
1,4,18,5,13,2475,VX,LAX,34,17,94,0,0,24,33,106,0,0,35
-7,4,18,5,9,2475,VX,LAX,34,17,94,0,0,24,33,106,0,0,35
-8,4,18,5,17,2475,UA,LAX,34,17,94,0,0,24,33,106,0,0,35
-3,4,18,5,8,2475,UA,LAX,34,17,94,0,0,24,33,106,0,0,35
0,4,18,5,11,2475,UA,LAX,34,17,94,0,0,24,33,106,0,0,35
-3,4,18,5,14,2475,UA,LAX,34,17,94,0,0,24,33,106,0,0,35
-5,4,18,5,6,2475,UA,LAX,34,17,94,0,0,24,33,106,0,0,35
51,4,18,5,20,2475,UA,LAX,34,17,94,0,0,24,33,106,0,0,35
-5,4,23,3,6,2475,UA,LAX,29,67,161,0,0,42,6,106,5,0,39
-3,4,23,3,8,2475,UA,LAX,29,67,161,0,0,42,6,106,5,0,39
-4,4,23,3,11,2475,UA,LAX,29,67,161,0,0,42,6,106,5,0,39
8,4,23,3,20,2475,UA,LAX,29,67,161,0,0,42,6,106,5,0,39
-7,4,23,3,14,2475,UA,LAX,29,67,161,0,0,42,6,106,5,0,39
-2,4,23,3,17,2475,UA,LAX,29,67,161,0,0,42,6,106,5,0,39
-4,4,23,3,9,2475,DL,LAX,29,67,161,0,0,42,6,106,5,0,39
-1,4,23,3,7,2475,DL,LAX,29,67,161,0,0,42,6,106,5,0,39
1,4,23,3,21,2475,DL,LAX,29,67,161,0,0,42,6,106,5,0,39
-7,4,23,3,15,2475,DL,LAX,29,67,161,0,0,42,6,106,5,0,39
0,4,23,3,8,2475,DL,LAX,29,67,161,0,0,42,6,106,5,0,39
5,4,23,3,18,2475,DL,LAX,29,67,161,0,0,42,6,106,5,0,39
-1,4,23,3,6,2475,B6,LAX,29,67,161,0,0,42,6,106,5,0,39
0,4,23,3,12,2475,DL,LAX,29,67,161,0,0,42,6,106,5,0,39
0,4,23,3,17,2475,DL,LAX,29,67,161,0,0,42,6,106,5,0,39
8,4,23,3,10,2475,AA,LAX,29,67,161,0,0,42,6,106,5,0,39
-10,4,23,3,13,2475,AA,LAX,29,67,161,0,0,42,6,106,5,0,39
-11,4,23,3,8,2475,AA,LAX,29,67,161,0,0,42,6,106,5,0,39
-1,4,23,3,21,2475,AA,LAX,29,67,161,0,0,42,6,106,5,0,39
-7,4,23,3,6,2475,AA,LAX,29,67,161,0,0,42,6,106,5,0,39
-2,4,23,3,7,2475,VX,LAX,29,67,161,0,0,42,6,106,5,0,39
9,4,23,3,9,2475,VX,LAX,29,67,161,0,0,42,6,106,5,0,39
7,4,23,3,13,2475,VX,LAX,29,67,161,0,0,42,6,106,5,0,39
10,4,23,3,11,2475,B6,LAX,29,67,161,0,0,42,6,106,5,0,39
-8,4,23,3,12,2475,AA,LAX,29,67,161,0,0,42,6,106,5,0,39
-6,4,23,3,6,2475,AA,LAX,29,67,161,0,0,42,6,106,5,0,39
-5,4,23,3,16,2475,VX,LAX,29,67,161,0,0,42,6,106,5,0,39
1,4,23,3,20,2475,VX,LAX,29,67,161,0,0,42,6,106,5,0,39
-5,4,23,3,17,2475,AA,LAX,29,67,161,0,0,42,6,106,5,0,39
-1,4,23,3,20,2475,B6,LAX,29,67,161,0,0,42,6,106,5,0,39
-1,4,23,3,9,2475,AA,LAX,29,67,161,0,0,42,6,106,5,0,39
-8,4,23,3,16,2475,B6,LAX,29,67,161,0,0,42,6,106,5,0,39
-4,4,23,3,19,2475,AA,LAX,29,67,161,0,0,42,6,106,5,0,39
-7,4,23,3,16,2475,AA,LAX,29,67,161,0,0,42,6,106,5,0,39
2,5,1,4,14,2475,UA,LAX,21,106,256,30,0,20,56,94,23,0,60
-2,5,1,4,8,2475,UA,LAX,21,106,256,30,0,20,56,94,23,0,60
-10,5,1,4,6,2475,UA,LAX,21,106,256,30,0,20,56,94,23,0,60
1,5,1,4,20,2475,UA,LAX,21,106,256,30,0,20,56,94,23,0,60
-1,5,1,4,11,2475,UA,LAX,21,106,256,30,0,20,56,94,23,0,60
-1,5,1,4,17,2475,UA,LAX,21,106,256,30,0,20,56,94,23,0,60
-1,5,1,4,13,2475,VX,LAX,21,106,256,30,0,20,56,94,23,0,60
13,5,1,4,16,2475,VX,LAX,21,106,256,30,0,20,56,94,23,0,60
-1,5,1,4,20,2475,VX,LAX,21,106,256,30,0,20,56,94,23,0,60
68,5,1,4,9,2475,VX,LAX,21,106,256,30,0,20,56,94,23,0,60
0,5,1,4,7,2475,VX,LAX,21,106,256,30,0,20,56,94,23,0,60
44,5,1,4,9,2475,DL,LAX,21,106,256,30,0,20,56,94,23,0,60
-4,5,1,4,16,2475,AA,LAX,21,106,256,30,0,20,56,94,23,0,60
13,5,1,4,12,2475,AA,LAX,21,106,256,30,0,20,56,94,23,0,60
-5,5,1,4,9,2475,AA,LAX,21,106,256,30,0,20,56,94,23,0,60
-1,5,1,4,16,2475,B6,LAX,21,106,256,30,0,20,56,94,23,0,60
7,5,1,4,21,2475,DL,LAX,21,106,256,30,0,20,56,94,23,0,60
11,5,1,4,7,2475,DL,LAX,21,106,256,30,0,20,56,94,23,0,60
28,5,1,4,12,2475,DL,LAX,21,106,256,30,0,20,56,94,23,0,60
0,5,1,4,13,2475,AA,LAX,21,106,256,30,0,20,56,94,23,0,60
-2,5,1,4,10,2475,AA,LAX,21,106,256,30,0,20,56,94,23,0,60
-5,5,1,4,20,2475,B6,LAX,21,106,256,30,0,20,56,94,23,0,60
0,5,1,4,15,2475,DL,LAX,21,106,256,30,0,20,56,94,23,0,60
-2,5,1,4,8,2475,DL,LAX,21,106,256,30,0,20,56,94,23,0,60
4,5,1,4,18,2475,DL,LAX,21,106,256,30,0,20,56,94,23,0,60
20,5,1,4,6,2475,AA,LAX,21,106,256,30,0,20,56,94,23,0,60
-1,5,1,4,6,2475,B6,LAX,21,106,256,30,0,20,56,94,23,0,60
2,5,1,4,9,2475,B6,LAX,21,106,256,30,0,20,56,94,23,0,60
32,5,1,4,19,2475,AA,LAX,21,106,256,30,0,20,56,94,23,0,60
-1,5,1,4,21,2475,AA,LAX,21,106,256,30,0,20,56,94,23,0,60
-1,5,1,4,17,2475,AA,LAX,21,106,256,30,0,20,56,94,23,0,60
4,5,1,4,17,2475,DL,LAX,21,106,256,30,0,20,56,94,23,0,60
6,5,1,4,8,2475,AA,LAX,21,106,256,30,0,20,56,94,23,0,60
-4,5,1,4,6,2475,AA,LAX,21,106,256,30,0,20,56,94,23,0,60
-5,5,19,1,6,2475,B6,LAX,3,94,222,0,0,21,72,206,0,0,60
19,5,19,1,20,2475,B6,LAX,3,94,222,0,0,21,72,206,0,0,60
0,5,19,1,9,2475,B6,LAX,3,94,222,0,0,21,72,206,0,0,60
-6,5,19,1,7,2475,AA,LAX,3,94,222,0,0,21,72,206,0,0,60
-1,5,19,1,17,2475,B6,LAX,3,94,222,0,0,21,72,206,0,0,60
-5,5,19,1,8,2475,AA,LAX,3,94,222,0,0,21,72,206,0,0,60
0,5,19,1,9,2475,DL,LAX,3,94,222,0,0,21,72,206,0,0,60
2,5,19,1,7,2475,DL,LAX,3,94,222,0,0,21,72,206,0,0,60
-9,5,19,1,15,2475,AA,LAX,3,94,222,0,0,21,72,206,0,0,60
0,5,19,1,10,2475,AA,LAX,3,94,222,0,0,21,72,206,0,0,60
-6,5,19,1,18,2475,AA,LAX,3,94,222,0,0,21,72,206,0,0,60
7,5,19,1,20,2475,AA,LAX,3,94,222,0,0,21,72,206,0,0,60
-5,5,19,1,12,2475,AA,LAX,3,94,222,0,0,21,72,206,0,0,60
9,5,19,1,17,2475,DL,LAX,3,94,222,0,0,21,72,206,0,0,60
-1,5,19,1,16,2475,AA,LAX,3,94,222,0,0,21,72,206,0,0,60
-7,5,19,1,15,2475,DL,LAX,3,94,222,0,0,21,72,206,0,0,60
-10,5,19,1,9,2475,AA,LAX,3,94,222,0,0,21,72,206,0,0,60
47,5,19,1,8,2475,DL,LAX,3,94,222,0,0,21,72,206,0,0,60
-2,5,19,1,21,2475,DL,LAX,3,94,222,0,0,21,72,206,0,0,60
-5,5,19,1,18,2475,DL,LAX,3,94,222,0,0,21,72,206,0,0,60
1,5,19,1,12,2475,DL,LAX,3,94,222,0,0,21,72,206,0,0,60
-5,5,19,1,5,2475,AA,LAX,3,94,222,0,0,21,72,206,0,0,60
-7,5,19,1,17,2475,AA,LAX,3,94,222,0,0,21,72,206,0,0,60
-2,5,19,1,13,2475,VX,LAX,3,94,222,0,0,21,72,206,0,0,60
4,5,19,1,11,2475,VX,LAX,3,94,222,0,0,21,72,206,0,0,60
2,5,19,1,20,2475,VX,LAX,3,94,222,0,0,21,72,206,0,0,60
1,5,19,1,7,2475,VX,LAX,3,94,222,0,0,21,72,206,0,0,60
-7,5,19,1,16,2475,VX,LAX,3,94,222,0,0,21,72,206,0,0,60
-3,5,19,1,9,2475,VX,LAX,3,94,222,0,0,21,72,206,0,0,60
-6,5,19,1,6,2475,UA,LAX,3,94,222,0,0,21,72,206,0,0,60
-2,5,19,1,14,2475,UA,LAX,3,94,222,0,0,21,72,206,0,0,60
12,5,19,1,17,2475,UA,LAX,3,94,222,0,0,21,72,206,0,0,60
-4,5,19,1,8,2475,UA,LAX,3,94,222,0,0,21,72,206,0,0,60
-4,5,19,1,20,2475,UA,LAX,3,94,222,0,0,21,72,206,0,0,60
-8,5,19,1,11,2475,UA,LAX,3,94,222,0,0,21,72,206,0,0,60
-3,5,24,6,6,2475,UA,LAX,2,139,211,102,0,16,83,233,0,0,23
12,5,24,6,18,2475,UA,LAX,2,139,211,102,0,16,83,233,0,0,23
123,5,24,6,14,2475,UA,LAX,2,139,211,102,0,16,83,233,0,0,23
-7,5,24,6,8,2475,UA,LAX,2,139,211,102,0,16,83,233,0,0,23
7,5,24,6,11,2475,UA,LAX,2,139,211,102,0,16,83,233,0,0,23
-9,5,24,6,9,2475,VX,LAX,2,139,211,102,0,16,83,233,0,0,23
-1,5,24,6,7,2475,VX,LAX,2,139,211,102,0,16,83,233,0,0,23
-5,5,24,6,11,2475,VX,LAX,2,139,211,102,0,16,83,233,0,0,23
-9,5,24,6,13,2475,VX,LAX,2,139,211,102,0,16,83,233,0,0,23
-2,5,24,6,16,2475,VX,LAX,2,139,211,102,0,16,83,233,0,0,23
8,5,24,6,15,2475,DL,LAX,2,139,211,102,0,16,83,233,0,0,23
7,5,24,6,9,2475,B6,LAX,2,139,211,102,0,16,83,233,0,0,23
-8,5,24,6,9,2475,AA,LAX,2,139,211,102,0,16,83,233,0,0,23
0,5,24,6,8,2475,DL,LAX,2,139,211,102,0,16,83,233,0,0,23
13,5,24,6,18,2475,DL,LAX,2,139,211,102,0,16,83,233,0,0,23
-2,5,24,6,20,2475,B6,LAX,2,139,211,102,0,16,83,233,0,0,23
-6,5,24,6,10,2475,AA,LAX,2,139,211,102,0,16,83,233,0,0,23
1,5,24,6,17,2475,B6,LAX,2,139,211,102,0,16,83,233,0,0,23
0,5,24,6,12,2475,DL,LAX,2,139,211,102,0,16,83,233,0,0,23
-7,5,24,6,5,2475,AA,LAX,2,139,211,102,0,16,83,233,0,0,23
40,5,24,6,8,2475,AA,LAX,2,139,211,102,0,16,83,233,0,0,23
-3,5,24,6,17,2475,AA,LAX,2,139,211,102,0,16,83,233,0,0,23
-3,5,24,6,9,2475,DL,LAX,2,139,211,102,0,16,83,233,0,0,23
-4,5,24,6,15,2475,AA,LAX,2,139,211,102,0,16,83,233,0,0,23
40,5,24,6,17,2475,DL,LAX,2,139,211,102,0,16,83,233,0,0,23
23,5,24,6,18,2475,AA,LAX,2,139,211,102,0,16,83,233,0,0,23
8,5,24,6,12,2475,AA,LAX,2,139,211,102,0,16,83,233,0,0,23
-11,5,24,6,7,2475,AA,LAX,2,139,211,102,0,16,83,233,0,0,23
0,5,24,6,16,2475,AA,LAX,2,139,211,102,0,16,83,233,0,0,23
22,6,2,1,21,2475,DL,LAX,7,150,267,0,0,20,200,283,36,0,65
-9,6,2,1,7,2475,VX,LAX,7,150,267,0,0,20,200,283,36,0,65
-6,6,2,1,9,2475,VX,LAX,7,150,267,0,0,20,200,283,36,0,65
-1,6,2,1,11,2475,VX,LAX,7,150,267,0,0,20,200,283,36,0,65
-8,6,2,1,11,2475,UA,LAX,7,150,267,0,0,20,200,283,36,0,65
14,6,2,1,17,2475,UA,LAX,7,150,267,0,0,20,200,283,36,0,65
-1,6,2,1,8,2475,UA,LAX,7,150,267,0,0,20,200,283,36,0,65
-10,6,2,1,6,2475,UA,LAX,7,150,267,0,0,20,200,283,36,0,65
187,6,2,1,20,2475,UA,LAX,7,150,267,0,0,20,200,283,36,0,65
-2,6,2,1,13,2475,VX,LAX,7,150,267,0,0,20,200,283,36,0,65
-2,6,2,1,16,2475,VX,LAX,7,150,267,0,0,20,200,283,36,0,65
6,6,2,1,20,2475,VX,LAX,7,150,267,0,0,20,200,283,36,0,65
-1,6,2,1,17,2475,DL,LAX,7,150,267,0,0,20,200,283,36,0,65
7,6,2,1,8,2475,DL,LAX,7,150,267,0,0,20,200,283,36,0,65
-2,6,2,1,15,2475,DL,LAX,7,150,267,0,0,20,200,283,36,0,65
12,6,2,1,7,2475,DL,LAX,7,150,267,0,0,20,200,283,36,0,65
-5,6,2,1,9,2475,DL,LAX,7,150,267,0,0,20,200,283,36,0,65
-2,6,2,1,12,2475,DL,LAX,7,150,267,0,0,20,200,283,36,0,65
-1,6,2,1,18,2475,DL,LAX,7,150,267,0,0,20,200,283,36,0,65
2,6,2,1,20,2475,B6,LAX,7,150,267,0,0,20,200,283,36,0,65
4,6,2,1,17,2475,B6,LAX,7,150,267,0,0,20,200,283,36,0,65
3,6,2,1,9,2475,B6,LAX,7,150,267,0,0,20,200,283,36,0,65
-4,6,2,1,6,2475,B6,LAX,7,150,267,0,0,20,200,283,36,0,65
7,6,2,1,14,2475,UA,LAX,7,150,267,0,0,20,200,283,36,0,65
-7,6,2,1,11,2475,AA,LAX,7,150,267,0,0,20,200,283,36,0,65
-7,6,2,1,10,2475,AA,LAX,7,150,267,0,0,20,200,283,36,0,65
-4,6,2,1,17,2475,AA,LAX,7,150,267,0,0,20,200,283,36,0,65
-4,6,2,1,7,2475,AA,LAX,7,150,267,0,0,20,200,283,36,0,65
-7,6,2,1,9,2475,AA,LAX,7,150,267,0,0,20,200,283,36,0,65
0,6,2,1,20,2475,AA,LAX,7,150,267,0,0,20,200,283,36,0,65
-5,6,2,1,5,2475,AA,LAX,7,150,267,0,0,20,200,283,36,0,65
-7,6,2,1,8,2475,AA,LAX,7,150,267,0,0,20,200,283,36,0,65
2,6,2,1,15,2475,AA,LAX,7,150,267,0,0,20,200,283,36,0,65
-6,6,2,1,16,2475,AA,LAX,7,150,267,0,0,20,200,283,36,0,65
5,6,2,1,18,2475,AA,LAX,7,150,267,0,0,20,200,283,36,0,65
-9,6,2,1,12,2475,AA,LAX,7,150,267,0,0,20,200,283,36,0,65
21,6,25,3,16,2475,AA,LAX,9,211,294,20,0,22,150,267,0,0,33
0,6,25,3,16,2475,B6,LAX,9,211,294,20,0,22,150,267,0,0,33
-6,6,25,3,12,2475,B6,LAX,9,211,294,20,0,22,150,267,0,0,33
-8,6,25,3,12,2475,AA,LAX,9,211,294,20,0,22,150,267,0,0,33
-6,6,25,3,6,2475,AA,LAX,9,211,294,20,0,22,150,267,0,0,33
38,6,25,3,18,2475,AA,LAX,9,211,294,20,0,22,150,267,0,0,33
116,6,25,3,19,2475,AA,LAX,9,211,294,20,0,22,150,267,0,0,33
-4,6,25,3,9,2475,B6,LAX,9,211,294,20,0,22,150,267,0,0,33
-9,6,25,3,11,2475,AA,LAX,9,211,294,20,0,22,150,267,0,0,33
-6,6,25,3,9,2475,AA,LAX,9,211,294,20,0,22,150,267,0,0,33
-7,6,25,3,15,2475,AA,LAX,9,211,294,20,0,22,150,267,0,0,33
-3,6,25,3,8,2475,AA,LAX,9,211,294,20,0,22,150,267,0,0,33
287,6,25,3,20,2475,B6,LAX,9,211,294,20,0,22,150,267,0,0,33
-2,6,25,3,10,2475,AA,LAX,9,211,294,20,0,22,150,267,0,0,33
125,6,25,3,20,2475,AA,LAX,9,211,294,20,0,22,150,267,0,0,33
-2,6,25,3,7,2475,AA,LAX,9,211,294,20,0,22,150,267,0,0,33
97,6,25,3,17,2475,AA,LAX,9,211,294,20,0,22,150,267,0,0,33
-8,6,25,3,6,2475,B6,LAX,9,211,294,20,0,22,150,267,0,0,33
-2,6,25,3,14,2475,UA,LAX,9,211,294,20,0,22,150,267,0,0,33
13,6,25,3,17,2475,UA,LAX,9,211,294,20,0,22,150,267,0,0,33
-7,6,25,3,8,2475,UA,LAX,9,211,294,20,0,22,150,267,0,0,33
-4,6,25,3,6,2475,UA,LAX,9,211,294,20,0,22,150,267,0,0,33
13,6,25,3,20,2475,UA,LAX,9,211,294,20,0,22,150,267,0,0,33
-8,6,25,3,11,2475,UA,LAX,9,211,294,20,0,22,150,267,0,0,33
70,6,25,3,8,2475,DL,LAX,9,211,294,20,0,22,150,267,0,0,33
4,6,25,3,16,2475,VX,LAX,9,211,294,20,0,22,150,267,0,0,33
-3,6,25,3,13,2475,VX,LAX,9,211,294,20,0,22,150,267,0,0,33
-5,6,25,3,11,2475,VX,LAX,9,211,294,20,0,22,150,267,0,0,33
-6,6,25,3,9,2475,VX,LAX,9,211,294,20,0,22,150,267,0,0,33
-1,6,25,3,7,2475,VX,LAX,9,211,294,20,0,22,150,267,0,0,33
0,6,25,3,18,2475,DL,LAX,9,211,294,20,0,22,150,267,0,0,33
90,6,25,3,20,2475,VX,LAX,9,211,294,20,0,22,150,267,0,0,33
-1,6,25,3,16,2475,DL,LAX,9,211,294,20,0,22,150,267,0,0,33
0,6,25,3,15,2475,DL,LAX,9,211,294,20,0,22,150,267,0,0,33
217,6,25,3,21,2475,DL,LAX,9,211,294,20,0,22,150,267,0,0,33
-4,6,25,3,7,2475,DL,LAX,9,211,294,20,0,22,150,267,0,0,33
-2,6,25,3,12,2475,DL,LAX,9,211,294,20,0,22,150,267,0,0,33
-6,6,25,3,9,2475,DL,LAX,9,211,294,20,0,22,150,267,0,0,33
-7,6,30,1,11,2475,UA,LAX,4,206,289,0,0,12,194,306,660,0,56
-7,6,30,1,6,2475,UA,LAX,4,206,289,0,0,12,194,306,660,0,56
6,6,30,1,17,2475,UA,LAX,4,206,289,0,0,12,194,306,660,0,56
-7,6,30,1,14,2475,UA,LAX,4,206,289,0,0,12,194,306,660,0,56
0,6,30,1,8,2475,UA,LAX,4,206,289,0,0,12,194,306,660,0,56
-3,6,30,1,13,2475,VX,LAX,4,206,289,0,0,12,194,306,660,0,56
15,6,30,1,16,2475,VX,LAX,4,206,289,0,0,12,194,306,660,0,56
2,6,30,1,8,2475,DL,LAX,4,206,289,0,0,12,194,306,660,0,56
-1,6,30,1,18,2475,DL,LAX,4,206,289,0,0,12,194,306,660,0,56
-5,6,30,1,20,2475,VX,LAX,4,206,289,0,0,12,194,306,660,0,56
0,6,30,1,15,2475,DL,LAX,4,206,289,0,0,12,194,306,660,0,56
21,6,30,1,16,2475,DL,LAX,4,206,289,0,0,12,194,306,660,0,56
99,6,30,1,21,2475,DL,LAX,4,206,289,0,0,12,194,306,660,0,56
-4,6,30,1,12,2475,DL,LAX,4,206,289,0,0,12,194,306,660,0,56
1,6,30,1,9,2475,DL,LAX,4,206,289,0,0,12,194,306,660,0,56
-7,6,30,1,11,2475,VX,LAX,4,206,289,0,0,12,194,306,660,0,56
1,6,30,1,9,2475,VX,LAX,4,206,289,0,0,12,194,306,660,0,56
-2,6,30,1,7,2475,VX,LAX,4,206,289,0,0,12,194,306,660,0,56
27,6,30,1,20,2475,UA,LAX,4,206,289,0,0,12,194,306,660,0,56
-6,6,30,1,6,2475,B6,LAX,4,206,289,0,0,12,194,306,660,0,56
-4,6,30,1,10,2475,AA,LAX,4,206,289,0,0,12,194,306,660,0,56
-12,6,30,1,11,2475,AA,LAX,4,206,289,0,0,12,194,306,660,0,56
-9,6,30,1,7,2475,AA,LAX,4,206,289,0,0,12,194,306,660,0,56
-5,6,30,1,6,2475,AA,LAX,4,206,289,0,0,12,194,306,660,0,56
-2,6,30,1,15,2475,AA,LAX,4,206,289,0,0,12,194,306,660,0,56
1,6,30,1,9,2475,AA,LAX,4,206,289,0,0,12,194,306,660,0,56
-6,6,30,1,8,2475,AA,LAX,4,206,289,0,0,12,194,306,660,0,56
19,6,30,1,9,2475,B6,LAX,4,206,289,0,0,12,194,306,660,0,56
-2,6,30,1,17,2475,AA,LAX,4,206,289,0,0,12,194,306,660,0,56
-6,6,30,1,12,2475,AA,LAX,4,206,289,0,0,12,194,306,660,0,56
-6,6,30,1,18,2475,AA,LAX,4,206,289,0,0,12,194,306,660,0,56
1,6,30,1,19,2475,AA,LAX,4,206,289,0,0,12,194,306,660,0,56
-5,6,30,1,16,2475,B6,LAX,4,206,289,0,0,12,194,306,660,0,56
29,6,30,1,12,2475,B6,LAX,4,206,289,0,0,12,194,306,660,0,56
2,6,30,1,20,2475,AA,LAX,4,206,289,0,0,12,194,306,660,0,56
-4,6,30,1,16,2475,AA,LAX,4,206,289,0,0,12,194,306,660,0,56
11,6,30,1,20,2475,B6,LAX,4,206,289,0,0,12,194,306,660,0,56
-5,7,3,4,9,2475,VX,LAX,1,206,306,452,0,13,133,244,18,0,30
-6,7,3,4,7,2475,VX,LAX,1,206,306,452,0,13,133,244,18,0,30
155,7,3,4,11,2475,UA,LAX,1,206,306,452,0,13,133,244,18,0,30
17,7,3,4,14,2475,UA,LAX,1,206,306,452,0,13,133,244,18,0,30
0,7,3,4,8,2475,UA,LAX,1,206,306,452,0,13,133,244,18,0,30
238,7,3,4,20,2475,UA,LAX,1,206,306,452,0,13,133,244,18,0,30
151,7,3,4,17,2475,UA,LAX,1,206,306,452,0,13,133,244,18,0,30
270,7,3,4,6,2475,UA,LAX,1,206,306,452,0,13,133,244,18,0,30
8,7,3,4,16,2475,VX,LAX,1,206,306,452,0,13,133,244,18,0,30
-7,7,3,4,13,2475,VX,LAX,1,206,306,452,0,13,133,244,18,0,30
-2,7,3,4,11,2475,VX,LAX,1,206,306,452,0,13,133,244,18,0,30
4,7,3,4,9,2475,DL,LAX,1,206,306,452,0,13,133,244,18,0,30
174,7,3,4,12,2475,DL,LAX,1,206,306,452,0,13,133,244,18,0,30
-2,7,3,4,7,2475,DL,LAX,1,206,306,452,0,13,133,244,18,0,30
204,7,3,4,20,2475,AA,LAX,1,206,306,452,0,13,133,244,18,0,30
-2,7,3,4,9,2475,B6,LAX,1,206,306,452,0,13,133,244,18,0,30
0,7,3,4,15,2475,DL,LAX,1,206,306,452,0,13,133,244,18,0,30
0,7,3,4,12,2475,AA,LAX,1,206,306,452,0,13,133,244,18,0,30
-3,7,3,4,11,2475,AA,LAX,1,206,306,452,0,13,133,244,18,0,30
312,7,3,4,21,2475,DL,LAX,1,206,306,452,0,13,133,244,18,0,30
0,7,3,4,6,2475,B6,LAX,1,206,306,452,0,13,133,244,18,0,30
50,7,3,4,8,2475,DL,LAX,1,206,306,452,0,13,133,244,18,0,30
-6,7,3,4,8,2475,AA,LAX,1,206,306,452,0,13,133,244,18,0,30
-9,7,3,4,7,2475,AA,LAX,1,206,306,452,0,13,133,244,18,0,30
453,7,3,4,16,2475,B6,LAX,1,206,306,452,0,13,133,244,18,0,30
10,7,3,4,17,2475,AA,LAX,1,206,306,452,0,13,133,244,18,0,30
26,7,3,4,15,2475,AA,LAX,1,206,306,452,0,13,133,244,18,0,30
-7,7,3,4,6,2475,AA,LAX,1,206,306,452,0,13,133,244,18,0,30
-1,7,3,4,9,2475,AA,LAX,1,206,306,452,0,13,133,244,18,0,30
3,7,3,4,12,2475,B6,LAX,1,206,306,452,0,13,133,244,18,0,30
45,7,3,4,16,2475,DL,LAX,1,206,306,452,0,13,133,244,18,0,30
269,7,3,4,19,2475,AA,LAX,1,206,306,452,0,13,133,244,18,0,30
325,7,3,4,18,2475,AA,LAX,1,206,306,452,0,13,133,244,18,0,30
-8,7,3,4,10,2475,AA,LAX,1,206,306,452,0,13,133,244,18,0,30
-4,7,3,4,16,2475,AA,LAX,1,206,306,452,0,13,133,244,18,0,30
9,7,3,4,18,2475,DL,LAX,1,206,306,452,0,13,133,244,18,0,30
10,7,26,6,11,2475,AA,LAX,22,206,272,0,0,19,200,289,0,0,25
1,7,26,6,12,2475,DL,LAX,22,206,272,0,0,19,200,289,0,0,25
-7,7,26,6,18,2475,AA,LAX,22,206,272,0,0,19,200,289,0,0,25
-2,7,26,6,9,2475,DL,LAX,22,206,272,0,0,19,200,289,0,0,25
31,7,26,6,18,2475,DL,LAX,22,206,272,0,0,19,200,289,0,0,25
-1,7,26,6,9,2475,B6,LAX,22,206,272,0,0,19,200,289,0,0,25
6,7,26,6,16,2475,AA,LAX,22,206,272,0,0,19,200,289,0,0,25
33,7,26,6,20,2475,B6,LAX,22,206,272,0,0,19,200,289,0,0,25
-3,7,26,6,12,2475,B6,LAX,22,206,272,0,0,19,200,289,0,0,25
20,7,26,6,16,2475,B6,LAX,22,206,272,0,0,19,200,289,0,0,25
-6,7,26,6,6,2475,B6,LAX,22,206,272,0,0,19,200,289,0,0,25
-7,7,26,6,10,2475,AA,LAX,22,206,272,0,0,19,200,289,0,0,25
-4,7,26,6,12,2475,AA,LAX,22,206,272,0,0,19,200,289,0,0,25
4,7,26,6,19,2475,AA,LAX,22,206,272,0,0,19,200,289,0,0,25
-7,7,26,6,9,2475,AA,LAX,22,206,272,0,0,19,200,289,0,0,25
1,7,26,6,17,2475,AA,LAX,22,206,272,0,0,19,200,289,0,0,25
-1,7,26,6,8,2475,DL,LAX,22,206,272,0,0,19,200,289,0,0,25
-4,7,26,6,7,2475,AA,LAX,22,206,272,0,0,19,200,289,0,0,25
-5,7,26,6,15,2475,AA,LAX,22,206,272,0,0,19,200,289,0,0,25
62,7,26,6,15,2475,DL,LAX,22,206,272,0,0,19,200,289,0,0,25
-2,7,26,6,8,2475,AA,LAX,22,206,272,0,0,19,200,289,0,0,25
0,7,26,6,20,2475,AA,LAX,22,206,272,0,0,19,200,289,0,0,25
61,7,26,6,11,2475,VX,LAX,22,206,272,0,0,19,200,289,0,0,25
17,7,26,6,13,2475,VX,LAX,22,206,272,0,0,19,200,289,0,0,25
0,7,26,6,16,2475,VX,LAX,22,206,272,0,0,19,200,289,0,0,25
-7,7,26,6,7,2475,VX,LAX,22,206,272,0,0,19,200,289,0,0,25
-1,7,26,6,9,2475,VX,LAX,22,206,272,0,0,19,200,289,0,0,25
-6,7,26,6,8,2475,UA,LAX,22,206,272,0,0,19,200,289,0,0,25
-1,7,26,6,14,2475,UA,LAX,22,206,272,0,0,19,200,289,0,0,25
33,7,26,6,11,2475,UA,LAX,22,206,272,0,0,19,200,289,0,0,25
15,7,26,6,18,2475,UA,LAX,22,206,272,0,0,19,200,289,0,0,25
-6,7,26,6,6,2475,UA,LAX,22,206,272,0,0,19,200,289,0,0,25
-4,7,31,4,20,2475,B6,LAX,27,200,278,0,0,15,150,289,0,0,38
32,7,31,4,16,2475,AA,LAX,27,200,278,0,0,15,150,289,0,0,38
-9,7,31,4,7,2475,AA,LAX,27,200,278,0,0,15,150,289,0,0,38
-1,7,31,4,12,2475,AA,LAX,27,200,278,0,0,15,150,289,0,0,38
-7,7,31,4,8,2475,AA,LAX,27,200,278,0,0,15,150,289,0,0,38
62,7,31,4,15,2475,AA,LAX,27,200,278,0,0,15,150,289,0,0,38
11,7,31,4,20,2475,AA,LAX,27,200,278,0,0,15,150,289,0,0,38
-6,7,31,4,9,2475,AA,LAX,27,200,278,0,0,15,150,289,0,0,38
1,7,31,4,19,2475,AA,LAX,27,200,278,0,0,15,150,289,0,0,38
-2,7,31,4,11,2475,AA,LAX,27,200,278,0,0,15,150,289,0,0,38
31,7,31,4,18,2475,DL,LAX,27,200,278,0,0,15,150,289,0,0,38
-3,7,31,4,9,2475,DL,LAX,27,200,278,0,0,15,150,289,0,0,38
-3,7,31,4,12,2475,DL,LAX,27,200,278,0,0,15,150,289,0,0,38
3,7,31,4,7,2475,DL,LAX,27,200,278,0,0,15,150,289,0,0,38
8,7,31,4,15,2475,DL,LAX,27,200,278,0,0,15,150,289,0,0,38
8,7,31,4,21,2475,DL,LAX,27,200,278,0,0,15,150,289,0,0,38
-2,7,31,4,12,2475,B6,LAX,27,200,278,0,0,15,150,289,0,0,38
-3,7,31,4,6,2475,AA,LAX,27,200,278,0,0,15,150,289,0,0,38
12,7,31,4,8,2475,DL,LAX,27,200,278,0,0,15,150,289,0,0,38
107,7,31,4,10,2475,AA,LAX,27,200,278,0,0,15,150,289,0,0,38
-2,7,31,4,16,2475,DL,LAX,27,200,278,0,0,15,150,289,0,0,38
1,7,31,4,16,2475,B6,LAX,27,200,278,0,0,15,150,289,0,0,38
-2,7,31,4,17,2475,AA,LAX,27,200,278,0,0,15,150,289,0,0,38
-4,7,31,4,9,2475,B6,LAX,27,200,278,0,0,15,150,289,0,0,38
-2,7,31,4,6,2475,B6,LAX,27,200,278,0,0,15,150,289,0,0,38
-3,7,31,4,14,2475,UA,LAX,27,200,278,0,0,15,150,289,0,0,38
-5,7,31,4,20,2475,UA,LAX,27,200,278,0,0,15,150,289,0,0,38
-4,7,31,4,6,2475,UA,LAX,27,200,278,0,0,15,150,289,0,0,38
-2,7,31,4,11,2475,UA,LAX,27,200,278,0,0,15,150,289,0,0,38
0,7,31,4,17,2475,UA,LAX,27,200,278,0,0,15,150,289,0,0,38
5,7,31,4,8,2475,UA,LAX,27,200,278,0,0,15,150,289,0,0,38
-2,7,31,4,16,2475,VX,LAX,27,200,278,0,0,15,150,289,0,0,38
-6,7,31,4,13,2475,VX,LAX,27,200,278,0,0,15,150,289,0,0,38
-5,7,31,4,11,2475,VX,LAX,27,200,278,0,0,15,150,289,0,0,38
-9,7,31,4,9,2475,VX,LAX,27,200,278,0,0,15,150,289,0,0,38
0,7,31,4,7,2475,VX,LAX,27,200,278,0,0,15,150,289,0,0,38
3,7,31,4,20,2475,VX,LAX,27,200,278,0,0,15,150,289,0,0,38
-8,8,4,1,8,2475,AA,LAX,28,211,289,0,0,15,194,306,701,0,34
1,8,4,1,6,2475,B6,LAX,28,211,289,0,0,15,194,306,701,0,34
-6,8,4,1,11,2475,AA,LAX,28,211,289,0,0,15,194,306,701,0,34
49,8,4,1,10,2475,AA,LAX,28,211,289,0,0,15,194,306,701,0,34
83,8,4,1,9,2475,B6,LAX,28,211,289,0,0,15,194,306,701,0,34
-2,8,4,1,16,2475,B6,LAX,28,211,289,0,0,15,194,306,701,0,34
-4,8,4,1,7,2475,AA,LAX,28,211,289,0,0,15,194,306,701,0,34
-5,8,4,1,20,2475,B6,LAX,28,211,289,0,0,15,194,306,701,0,34
-1,8,4,1,6,2475,AA,LAX,28,211,289,0,0,15,194,306,701,0,34
-10,8,4,1,17,2475,AA,LAX,28,211,289,0,0,15,194,306,701,0,34
-2,8,4,1,20,2475,AA,LAX,28,211,289,0,0,15,194,306,701,0,34
-4,8,4,1,12,2475,B6,LAX,28,211,289,0,0,15,194,306,701,0,34
53,8,4,1,16,2475,AA,LAX,28,211,289,0,0,15,194,306,701,0,34
-9,8,4,1,12,2475,AA,LAX,28,211,289,0,0,15,194,306,701,0,34
-4,8,4,1,19,2475,AA,LAX,28,211,289,0,0,15,194,306,701,0,34
-1,8,4,1,15,2475,AA,LAX,28,211,289,0,0,15,194,306,701,0,34
-4,8,4,1,18,2475,AA,LAX,28,211,289,0,0,15,194,306,701,0,34
-6,8,4,1,9,2475,AA,LAX,28,211,289,0,0,15,194,306,701,0,34
-4,8,4,1,18,2475,DL,LAX,28,211,289,0,0,15,194,306,701,0,34
-8,8,4,1,20,2475,VX,LAX,28,211,289,0,0,15,194,306,701,0,34
-1,8,4,1,16,2475,VX,LAX,28,211,289,0,0,15,194,306,701,0,34
-3,8,4,1,13,2475,VX,LAX,28,211,289,0,0,15,194,306,701,0,34
-8,8,4,1,11,2475,VX,LAX,28,211,289,0,0,15,194,306,701,0,34
-9,8,4,1,9,2475,VX,LAX,28,211,289,0,0,15,194,306,701,0,34
-5,8,4,1,7,2475,VX,LAX,28,211,289,0,0,15,194,306,701,0,34
2,8,4,1,14,2475,UA,LAX,28,211,289,0,0,15,194,306,701,0,34
0,8,4,1,11,2475,UA,LAX,28,211,289,0,0,15,194,306,701,0,34
-2,8,4,1,17,2475,UA,LAX,28,211,289,0,0,15,194,306,701,0,34
0,8,4,1,20,2475,UA,LAX,28,211,289,0,0,15,194,306,701,0,34
5,8,4,1,8,2475,UA,LAX,28,211,289,0,0,15,194,306,701,0,34
-2,8,4,1,6,2475,UA,LAX,28,211,289,0,0,15,194,306,701,0,34
-4,8,4,1,16,2475,DL,LAX,28,211,289,0,0,15,194,306,701,0,34
3,8,4,1,8,2475,DL,LAX,28,211,289,0,0,15,194,306,701,0,34
-4,8,4,1,21,2475,DL,LAX,28,211,289,0,0,15,194,306,701,0,34
1,8,4,1,15,2475,DL,LAX,28,211,289,0,0,15,194,306,701,0,34
9,8,4,1,7,2475,DL,LAX,28,211,289,0,0,15,194,306,701,0,34
-5,8,4,1,12,2475,DL,LAX,28,211,289,0,0,15,194,306,701,0,34
-3,8,4,1,9,2475,DL,LAX,28,211,289,0,0,15,194,306,701,0,34
-4,8,27,3,7,2475,DL,LAX,5,211,322,0,0,15,194,278,0,0,31
-6,8,27,3,16,2475,VX,LAX,5,211,322,0,0,15,194,278,0,0,31
-10,8,27,3,9,2475,VX,LAX,5,211,322,0,0,15,194,278,0,0,31
-8,8,27,3,20,2475,VX,LAX,5,211,322,0,0,15,194,278,0,0,31
-4,8,27,3,11,2475,VX,LAX,5,211,322,0,0,15,194,278,0,0,31
-3,8,27,3,13,2475,VX,LAX,5,211,322,0,0,15,194,278,0,0,31
37,8,27,3,18,2475,DL,LAX,5,211,322,0,0,15,194,278,0,0,31
-6,8,27,3,9,2475,DL,LAX,5,211,322,0,0,15,194,278,0,0,31
-3,8,27,3,12,2475,DL,LAX,5,211,322,0,0,15,194,278,0,0,31
2,8,27,3,7,2475,VX,LAX,5,211,322,0,0,15,194,278,0,0,31
-6,8,27,3,16,2475,DL,LAX,5,211,322,0,0,15,194,278,0,0,31
24,8,27,3,8,2475,DL,LAX,5,211,322,0,0,15,194,278,0,0,31
50,8,27,3,15,2475,DL,LAX,5,211,322,0,0,15,194,278,0,0,31
21,8,27,3,21,2475,DL,LAX,5,211,322,0,0,15,194,278,0,0,31
6,8,27,3,20,2475,UA,LAX,5,211,322,0,0,15,194,278,0,0,31
-2,8,27,3,17,2475,UA,LAX,5,211,322,0,0,15,194,278,0,0,31
-4,8,27,3,11,2475,UA,LAX,5,211,322,0,0,15,194,278,0,0,31
-6,8,27,3,14,2475,UA,LAX,5,211,322,0,0,15,194,278,0,0,31
-2,8,27,3,6,2475,UA,LAX,5,211,322,0,0,15,194,278,0,0,31
-8,8,27,3,8,2475,UA,LAX,5,211,322,0,0,15,194,278,0,0,31
-11,8,27,3,12,2475,AA,LAX,5,211,322,0,0,15,194,278,0,0,31
-5,8,27,3,20,2475,B6,LAX,5,211,322,0,0,15,194,278,0,0,31
-12,8,27,3,10,2475,AA,LAX,5,211,322,0,0,15,194,278,0,0,31
-6,8,27,3,19,2475,AA,LAX,5,211,322,0,0,15,194,278,0,0,31
-4,8,27,3,6,2475,AA,LAX,5,211,322,0,0,15,194,278,0,0,31
-6,8,27,3,17,2475,AA,LAX,5,211,322,0,0,15,194,278,0,0,31
-5,8,27,3,16,2475,B6,LAX,5,211,322,0,0,15,194,278,0,0,31
17,8,27,3,7,2475,AA,LAX,5,211,322,0,0,15,194,278,0,0,31
-13,8,27,3,11,2475,AA,LAX,5,211,322,0,0,15,194,278,0,0,31
-8,8,27,3,9,2475,AA,LAX,5,211,322,0,0,15,194,278,0,0,31
8,8,27,3,20,2475,AA,LAX,5,211,322,0,0,15,194,278,0,0,31
-2,8,27,3,8,2475,AA,LAX,5,211,322,0,0,15,194,278,0,0,31
-6,8,27,3,16,2475,AA,LAX,5,211,322,0,0,15,194,278,0,0,31
-9,8,27,3,6,2475,B6,LAX,5,211,322,0,0,15,194,278,0,0,31
-8,8,27,3,9,2475,B6,LAX,5,211,322,0,0,15,194,278,0,0,31
2,8,27,3,18,2475,AA,LAX,5,211,322,0,0,15,194,278,0,0,31
-9,8,27,3,14,2475,AA,LAX,5,211,322,0,0,15,194,278,0,0,31
-1,8,27,3,12,2475,B6,LAX,5,211,322,0,0,15,194,278,0,0,31
-2,9,5,5,8,2475,AA,LAX,4,222,306,0,0,13,178,311,127,0,49
-3,9,5,5,16,2475,AA,LAX,4,222,306,0,0,13,178,311,127,0,49
-7,9,5,5,12,2475,AA,LAX,4,222,306,0,0,13,178,311,127,0,49
-2,9,5,5,18,2475,DL,LAX,4,222,306,0,0,13,178,311,127,0,49
-5,9,5,5,11,2475,VX,LAX,4,222,306,0,0,13,178,311,127,0,49
-2,9,5,5,16,2475,DL,LAX,4,222,306,0,0,13,178,311,127,0,49
-5,9,5,5,9,2475,B6,LAX,4,222,306,0,0,13,178,311,127,0,49
-6,9,5,5,6,2475,AA,LAX,4,222,306,0,0,13,178,311,127,0,49
2,9,5,5,20,2475,AA,LAX,4,222,306,0,0,13,178,311,127,0,49
-6,9,5,5,9,2475,VX,LAX,4,222,306,0,0,13,178,311,127,0,49
-7,9,5,5,9,2475,AA,LAX,4,222,306,0,0,13,178,311,127,0,49
-6,9,5,5,11,2475,B6,LAX,4,222,306,0,0,13,178,311,127,0,49
-2,9,5,5,9,2475,DL,LAX,4,222,306,0,0,13,178,311,127,0,49
-11,9,5,5,13,2475,VX,LAX,4,222,306,0,0,13,178,311,127,0,49
12,9,5,5,10,2475,AA,LAX,4,222,306,0,0,13,178,311,127,0,49
-5,9,5,5,14,2475,AA,LAX,4,222,306,0,0,13,178,311,127,0,49
-3,9,5,5,7,2475,DL,LAX,4,222,306,0,0,13,178,311,127,0,49
-3,9,5,5,18,2475,AA,LAX,4,222,306,0,0,13,178,311,127,0,49
-3,9,5,5,16,2475,B6,LAX,4,222,306,0,0,13,178,311,127,0,49
-9,9,5,5,8,2475,DL,LAX,4,222,306,0,0,13,178,311,127,0,49
-3,9,5,5,15,2475,DL,LAX,4,222,306,0,0,13,178,311,127,0,49
2,9,5,5,17,2475,AA,LAX,4,222,306,0,0,13,178,311,127,0,49
-8,9,5,5,11,2475,AA,LAX,4,222,306,0,0,13,178,311,127,0,49
-6,9,5,5,16,2475,VX,LAX,4,222,306,0,0,13,178,311,127,0,49
-6,9,5,5,12,2475,DL,LAX,4,222,306,0,0,13,178,311,127,0,49
-4,9,5,5,19,2475,AA,LAX,4,222,306,0,0,13,178,311,127,0,49
-3,9,5,5,20,2475,B6,LAX,4,222,306,0,0,13,178,311,127,0,49
-7,9,5,5,7,2475,AA,LAX,4,222,306,0,0,13,178,311,127,0,49
16,9,5,5,21,2475,DL,LAX,4,222,306,0,0,13,178,311,127,0,49
-3,9,5,5,20,2475,VX,LAX,4,222,306,0,0,13,178,311,127,0,49
-2,9,5,5,7,2475,VX,LAX,4,222,306,0,0,13,178,311,127,0,49
6,9,5,5,14,2475,UA,LAX,4,222,306,0,0,13,178,311,127,0,49
-3,9,5,5,20,2475,UA,LAX,4,222,306,0,0,13,178,311,127,0,49
-6,9,5,5,17,2475,UA,LAX,4,222,306,0,0,13,178,311,127,0,49
-10,9,5,5,8,2475,UA,LAX,4,222,306,0,0,13,178,311,127,0,49
-10,9,5,5,11,2475,UA,LAX,4,222,306,0,0,13,178,311,127,0,49
-3,9,5,5,6,2475,B6,LAX,4,222,306,0,0,13,178,311,127,0,49
-6,9,10,3,6,2475,B6,LAX,9,172,267,0,0,26,133,267,333,0,71
-6,9,10,3,18,2475,DL,LAX,9,172,267,0,0,26,133,267,333,0,71
-1,9,10,3,9,2475,DL,LAX,9,172,267,0,0,26,133,267,333,0,71
-1,9,10,3,12,2475,DL,LAX,9,172,267,0,0,26,133,267,333,0,71
-3,9,10,3,7,2475,DL,LAX,9,172,267,0,0,26,133,267,333,0,71
-5,9,10,3,16,2475,DL,LAX,9,172,267,0,0,26,133,267,333,0,71
10,9,10,3,21,2475,DL,LAX,9,172,267,0,0,26,133,267,333,0,71
-3,9,10,3,8,2475,DL,LAX,9,172,267,0,0,26,133,267,333,0,71
-4,9,10,3,15,2475,DL,LAX,9,172,267,0,0,26,133,267,333,0,71
-7,9,10,3,9,2475,B6,LAX,9,172,267,0,0,26,133,267,333,0,71
-8,9,10,3,16,2475,AA,LAX,9,172,267,0,0,26,133,267,333,0,71
0,9,10,3,16,2475,B6,LAX,9,172,267,0,0,26,133,267,333,0,71
-6,9,10,3,18,2475,AA,LAX,9,172,267,0,0,26,133,267,333,0,71
-5,9,10,3,12,2475,AA,LAX,9,172,267,0,0,26,133,267,333,0,71
-2,9,10,3,14,2475,AA,LAX,9,172,267,0,0,26,133,267,333,0,71
-3,9,10,3,6,2475,AA,LAX,9,172,267,0,0,26,133,267,333,0,71
-3,9,10,3,11,2475,AA,LAX,9,172,267,0,0,26,133,267,333,0,71
-4,9,10,3,7,2475,VX,LAX,9,172,267,0,0,26,133,267,333,0,71
10,9,10,3,20,2475,B6,LAX,9,172,267,0,0,26,133,267,333,0,71
-4,9,10,3,9,2475,VX,LAX,9,172,267,0,0,26,133,267,333,0,71
-2,9,10,3,9,2475,AA,LAX,9,172,267,0,0,26,133,267,333,0,71
-3,9,10,3,11,2475,B6,LAX,9,172,267,0,0,26,133,267,333,0,71
-11,9,10,3,7,2475,AA,LAX,9,172,267,0,0,26,133,267,333,0,71
-4,9,10,3,10,2475,AA,LAX,9,172,267,0,0,26,133,267,333,0,71
0,9,10,3,13,2475,VX,LAX,9,172,267,0,0,26,133,267,333,0,71
-5,9,10,3,19,2475,AA,LAX,9,172,267,0,0,26,133,267,333,0,71
-3,9,10,3,17,2475,AA,LAX,9,172,267,0,0,26,133,267,333,0,71
-6,9,10,3,20,2475,AA,LAX,9,172,267,0,0,26,133,267,333,0,71
0,9,10,3,16,2475,VX,LAX,9,172,267,0,0,26,133,267,333,0,71
1,9,10,3,20,2475,VX,LAX,9,172,267,0,0,26,133,267,333,0,71
-5,9,10,3,8,2475,AA,LAX,9,172,267,0,0,26,133,267,333,0,71
-1,9,10,3,11,2475,UA,LAX,9,172,267,0,0,26,133,267,333,0,71
18,9,10,3,20,2475,UA,LAX,9,172,267,0,0,26,133,267,333,0,71
0,9,10,3,17,2475,UA,LAX,9,172,267,0,0,26,133,267,333,0,71
-7,9,10,3,8,2475,UA,LAX,9,172,267,0,0,26,133,267,333,0,71
-5,9,10,3,6,2475,UA,LAX,9,172,267,0,0,26,133,267,333,0,71
-2,9,10,3,14,2475,UA,LAX,9,172,267,0,0,26,133,267,333,0,71
25,9,28,7,20,2475,UA,LAX,15,178,289,0,0,8,117,256,0,0,14
19,9,28,7,8,2475,UA,LAX,15,178,289,0,0,8,117,256,0,0,14
-2,9,28,7,14,2475,UA,LAX,15,178,289,0,0,8,117,256,0,0,14
-2,9,28,7,11,2475,UA,LAX,15,178,289,0,0,8,117,256,0,0,14
-2,9,28,7,17,2475,UA,LAX,15,178,289,0,0,8,117,256,0,0,14
-3,9,28,7,15,2475,DL,LAX,15,178,289,0,0,8,117,256,0,0,14
-5,9,28,7,8,2475,DL,LAX,15,178,289,0,0,8,117,256,0,0,14
30,9,28,7,21,2475,DL,LAX,15,178,289,0,0,8,117,256,0,0,14
5,9,28,7,7,2475,DL,LAX,15,178,289,0,0,8,117,256,0,0,14
0,9,28,7,12,2475,DL,LAX,15,178,289,0,0,8,117,256,0,0,14
-2,9,28,7,9,2475,DL,LAX,15,178,289,0,0,8,117,256,0,0,14
-1,9,28,7,18,2475,DL,LAX,15,178,289,0,0,8,117,256,0,0,14
6,9,28,7,6,2475,B6,LAX,15,178,289,0,0,8,117,256,0,0,14
-2,9,28,7,16,2475,DL,LAX,15,178,289,0,0,8,117,256,0,0,14
6,9,28,7,20,2475,VX,LAX,15,178,289,0,0,8,117,256,0,0,14
0,9,28,7,16,2475,VX,LAX,15,178,289,0,0,8,117,256,0,0,14
-2,9,28,7,13,2475,VX,LAX,15,178,289,0,0,8,117,256,0,0,14
2,9,28,7,12,2475,AA,LAX,15,178,289,0,0,8,117,256,0,0,14
-7,9,28,7,11,2475,B6,LAX,15,178,289,0,0,8,117,256,0,0,14
1,9,28,7,17,2475,AA,LAX,15,178,289,0,0,8,117,256,0,0,14
2,9,28,7,11,2475,VX,LAX,15,178,289,0,0,8,117,256,0,0,14
-8,9,28,7,9,2475,VX,LAX,15,178,289,0,0,8,117,256,0,0,14
-5,9,28,7,8,2475,AA,LAX,15,178,289,0,0,8,117,256,0,0,14
14,9,28,7,19,2475,AA,LAX,15,178,289,0,0,8,117,256,0,0,14
9,9,28,7,9,2475,AA,LAX,15,178,289,0,0,8,117,256,0,0,14
-6,9,28,7,9,2475,B6,LAX,15,178,289,0,0,8,117,256,0,0,14
5,9,28,7,20,2475,B6,LAX,15,178,289,0,0,8,117,256,0,0,14
-5,9,28,7,14,2475,AA,LAX,15,178,289,0,0,8,117,256,0,0,14
2,9,28,7,18,2475,AA,LAX,15,178,289,0,0,8,117,256,0,0,14
-4,9,28,7,8,2475,B6,LAX,15,178,289,0,0,8,117,256,0,0,14
-8,9,28,7,10,2475,AA,LAX,15,178,289,0,0,8,117,256,0,0,14
-7,9,28,7,16,2475,B6,LAX,15,178,289,0,0,8,117,256,0,0,14
-8,9,28,7,11,2475,AA,LAX,15,178,289,0,0,8,117,256,0,0,14
6,9,28,7,6,2475,AA,LAX,15,178,289,0,0,8,117,256,0,0,14
-6,9,28,7,7,2475,AA,LAX,15,178,289,0,0,8,117,256,0,0,14
-4,9,28,7,16,2475,AA,LAX,15,178,289,0,0,8,117,256,0,0,14
31,9,28,7,20,2475,AA,LAX,15,178,289,0,0,8,117,256,0,0,14
-6,10,1,3,6,2475,UA,LAX,12,161,183,5,0,27,94,211,0,0,47
-4,10,1,3,8,2475,AA,LAX,12,161,183,5,0,27,94,211,0,0,47
9,10,1,3,17,2475,AA,LAX,12,161,183,5,0,27,94,211,0,0,47
-2,10,1,3,7,2475,VX,LAX,12,161,183,5,0,27,94,211,0,0,47
-5,10,1,3,9,2475,VX,LAX,12,161,183,5,0,27,94,211,0,0,47
2,10,1,3,13,2475,VX,LAX,12,161,183,5,0,27,94,211,0,0,47
6,10,1,3,20,2475,VX,LAX,12,161,183,5,0,27,94,211,0,0,47
-3,10,1,3,18,2475,AA,LAX,12,161,183,5,0,27,94,211,0,0,47
-2,10,1,3,20,2475,AA,LAX,12,161,183,5,0,27,94,211,0,0,47
-5,10,1,3,7,2475,AA,LAX,12,161,183,5,0,27,94,211,0,0,47
-5,10,1,3,11,2475,AA,LAX,12,161,183,5,0,27,94,211,0,0,47
-11,10,1,3,12,2475,AA,LAX,12,161,183,5,0,27,94,211,0,0,47
-1,10,1,3,14,2475,UA,LAX,12,161,183,5,0,27,94,211,0,0,47
-6,10,1,3,9,2475,AA,LAX,12,161,183,5,0,27,94,211,0,0,47
0,10,1,3,11,2475,UA,LAX,12,161,183,5,0,27,94,211,0,0,47
29,10,1,3,16,2475,VX,LAX,12,161,183,5,0,27,94,211,0,0,47
-5,10,1,3,14,2475,AA,LAX,12,161,183,5,0,27,94,211,0,0,47
-7,10,1,3,19,2475,AA,LAX,12,161,183,5,0,27,94,211,0,0,47
1,10,1,3,17,2475,UA,LAX,12,161,183,5,0,27,94,211,0,0,47
3,10,1,3,20,2475,UA,LAX,12,161,183,5,0,27,94,211,0,0,47
7,10,1,3,16,2475,AA,LAX,12,161,183,5,0,27,94,211,0,0,47
32,10,1,3,8,2475,UA,LAX,12,161,183,5,0,27,94,211,0,0,47
18,10,1,3,7,2475,DL,LAX,12,161,183,5,0,27,94,211,0,0,47
-3,10,1,3,8,2475,DL,LAX,12,161,183,5,0,27,94,211,0,0,47
-3,10,1,3,12,2475,DL,LAX,12,161,183,5,0,27,94,211,0,0,47
-4,10,1,3,6,2475,AA,LAX,12,161,183,5,0,27,94,211,0,0,47
-1,10,1,3,8,2475,DL,LAX,12,161,183,5,0,27,94,211,0,0,47
-6,10,1,3,10,2475,AA,LAX,12,161,183,5,0,27,94,211,0,0,47
0,10,1,3,18,2475,DL,LAX,12,161,183,5,0,27,94,211,0,0,47
-3,10,1,3,20,2475,B6,LAX,12,161,183,5,0,27,94,211,0,0,47
0,10,1,3,16,2475,B6,LAX,12,161,183,5,0,27,94,211,0,0,47
-5,10,1,3,11,2475,B6,LAX,12,161,183,5,0,27,94,211,0,0,47
-4,10,1,3,9,2475,B6,LAX,12,161,183,5,0,27,94,211,0,0,47
3,10,1,3,8,2475,B6,LAX,12,161,183,5,0,27,94,211,0,0,47
-7,10,1,3,6,2475,B6,LAX,12,161,183,5,0,27,94,211,0,0,47
6,10,1,3,16,2475,DL,LAX,12,161,183,5,0,27,94,211,0,0,47
-2,10,1,3,9,2475,DL,LAX,12,161,183,5,0,27,94,211,0,0,47
18,10,1,3,15,2475,DL,LAX,12,161,183,5,0,27,94,211,0,0,47
86,10,1,3,21,2475,DL,LAX,12,161,183,5,0,27,94,211,0,0,47
-7,10,19,7,8,2475,B6,LAX,6,67,133,0,0,34,6,122,0,0,37
2,10,19,7,21,2475,B6,LAX,6,67,133,0,0,34,6,122,0,0,37
10,10,19,7,16,2475,B6,LAX,6,67,133,0,0,34,6,122,0,0,37
-2,10,19,7,11,2475,B6,LAX,6,67,133,0,0,34,6,122,0,0,37
-5,10,19,7,9,2475,B6,LAX,6,67,133,0,0,34,6,122,0,0,37
-4,10,19,7,6,2475,B6,LAX,6,67,133,0,0,34,6,122,0,0,37
5,10,19,7,8,2475,DL,LAX,6,67,133,0,0,34,6,122,0,0,37
4,10,19,7,15,2475,DL,LAX,6,67,133,0,0,34,6,122,0,0,37
39,10,19,7,21,2475,DL,LAX,6,67,133,0,0,34,6,122,0,0,37
24,10,19,7,7,2475,DL,LAX,6,67,133,0,0,34,6,122,0,0,37
0,10,19,7,12,2475,DL,LAX,6,67,133,0,0,34,6,122,0,0,37
-4,10,19,7,9,2475,DL,LAX,6,67,133,0,0,34,6,122,0,0,37
331,10,19,7,16,2475,DL,LAX,6,67,133,0,0,34,6,122,0,0,37
-3,10,19,7,18,2475,DL,LAX,6,67,133,0,0,34,6,122,0,0,37
-6,10,19,7,6,2475,AA,LAX,6,67,133,0,0,34,6,122,0,0,37
-9,10,19,7,10,2475,AA,LAX,6,67,133,0,0,34,6,122,0,0,37
-6,10,19,7,8,2475,UA,LAX,6,67,133,0,0,34,6,122,0,0,37
16,10,19,7,20,2475,UA,LAX,6,67,133,0,0,34,6,122,0,0,37
-5,10,19,7,9,2475,AA,LAX,6,67,133,0,0,34,6,122,0,0,37
33,10,19,7,16,2475,VX,LAX,6,67,133,0,0,34,6,122,0,0,37
-1,10,19,7,13,2475,VX,LAX,6,67,133,0,0,34,6,122,0,0,37
-1,10,19,7,11,2475,VX,LAX,6,67,133,0,0,34,6,122,0,0,37
-3,10,19,7,9,2475,VX,LAX,6,67,133,0,0,34,6,122,0,0,37
-3,10,19,7,8,2475,AA,LAX,6,67,133,0,0,34,6,122,0,0,37
30,10,19,7,20,2475,VX,LAX,6,67,133,0,0,34,6,122,0,0,37
12,10,19,7,11,2475,AA,LAX,6,67,133,0,0,34,6,122,0,0,37
-6,10,19,7,7,2475,AA,LAX,6,67,133,0,0,34,6,122,0,0,37
39,10,19,7,20,2475,AA,LAX,6,67,133,0,0,34,6,122,0,0,37
-2,10,19,7,11,2475,UA,LAX,6,67,133,0,0,34,6,122,0,0,37
0,10,19,7,17,2475,UA,LAX,6,67,133,0,0,34,6,122,0,0,37
-2,10,19,7,17,2475,AA,LAX,6,67,133,0,0,34,6,122,0,0,37
170,10,19,7,19,2475,AA,LAX,6,67,133,0,0,34,6,122,0,0,37
-4,10,19,7,14,2475,AA,LAX,6,67,133,0,0,34,6,122,0,0,37
0,10,19,7,12,2475,AA,LAX,6,67,133,0,0,34,6,122,0,0,37
304,10,19,7,18,2475,AA,LAX,6,67,133,0,0,34,6,122,0,0,37
-5,10,19,7,16,2475,AA,LAX,6,67,133,0,0,34,6,122,0,0,37
-9,10,19,7,14,2475,UA,LAX,6,67,133,0,0,34,6,122,0,0,37
23,10,24,5,20,2475,UA,LAX,11,106,172,0,0,20,111,194,0,0,26
-2,10,24,5,18,2475,AA,LAX,11,106,172,0,0,20,111,194,0,0,26
-7,10,24,5,8,2475,AA,LAX,11,106,172,0,0,20,111,194,0,0,26
-8,10,24,5,7,2475,AA,LAX,11,106,172,0,0,20,111,194,0,0,26
-4,10,24,5,19,2475,AA,LAX,11,106,172,0,0,20,111,194,0,0,26
-4,10,24,5,12,2475,AA,LAX,11,106,172,0,0,20,111,194,0,0,26
-7,10,24,5,14,2475,AA,LAX,11,106,172,0,0,20,111,194,0,0,26
-5,10,24,5,9,2475,AA,LAX,11,106,172,0,0,20,111,194,0,0,26
-4,10,24,5,6,2475,UA,LAX,11,106,172,0,0,20,111,194,0,0,26
4,10,24,5,16,2475,AA,LAX,11,106,172,0,0,20,111,194,0,0,26
-5,10,24,5,8,2475,UA,LAX,11,106,172,0,0,20,111,194,0,0,26
-3,10,24,5,17,2475,UA,LAX,11,106,172,0,0,20,111,194,0,0,26
-4,10,24,5,17,2475,AA,LAX,11,106,172,0,0,20,111,194,0,0,26
-8,10,24,5,14,2475,UA,LAX,11,106,172,0,0,20,111,194,0,0,26
3,10,24,5,11,2475,UA,LAX,11,106,172,0,0,20,111,194,0,0,26
-5,10,24,5,20,2475,AA,LAX,11,106,172,0,0,20,111,194,0,0,26
-5,10,24,5,20,2475,VX,LAX,11,106,172,0,0,20,111,194,0,0,26
-2,10,24,5,16,2475,VX,LAX,11,106,172,0,0,20,111,194,0,0,26
-6,10,24,5,13,2475,VX,LAX,11,106,172,0,0,20,111,194,0,0,26
0,10,24,5,11,2475,VX,LAX,11,106,172,0,0,20,111,194,0,0,26
-3,10,24,5,9,2475,VX,LAX,11,106,172,0,0,20,111,194,0,0,26
-4,10,24,5,7,2475,VX,LAX,11,106,172,0,0,20,111,194,0,0,26
-3,10,24,5,11,2475,AA,LAX,11,106,172,0,0,20,111,194,0,0,26
-4,10,24,5,10,2475,AA,LAX,11,106,172,0,0,20,111,194,0,0,26
44,10,24,5,9,2475,DL,LAX,11,106,172,0,0,20,111,194,0,0,26
1,10,24,5,18,2475,DL,LAX,11,106,172,0,0,20,111,194,0,0,26
12,10,24,5,16,2475,DL,LAX,11,106,172,0,0,20,111,194,0,0,26
-3,10,24,5,9,2475,DL,LAX,11,106,172,0,0,20,111,194,0,0,26
-3,10,24,5,12,2475,DL,LAX,11,106,172,0,0,20,111,194,0,0,26
22,10,24,5,7,2475,DL,LAX,11,106,172,0,0,20,111,194,0,0,26
29,10,24,5,6,2475,B6,LAX,11,106,172,0,0,20,111,194,0,0,26
-4,10,24,5,8,2475,B6,LAX,11,106,172,0,0,20,111,194,0,0,26
-1,10,24,5,9,2475,B6,LAX,11,106,172,0,0,20,111,194,0,0,26
-1,10,24,5,11,2475,B6,LAX,11,106,172,0,0,20,111,194,0,0,26
-8,10,24,5,16,2475,B6,LAX,11,106,172,0,0,20,111,194,0,0,26
20,10,24,5,21,2475,DL,LAX,11,106,172,0,0,20,111,194,0,0,26
0,10,24,5,15,2475,DL,LAX,11,106,172,0,0,20,111,194,0,0,26
-3,10,24,5,21,2475,B6,LAX,11,106,172,0,0,20,111,194,0,0,26
3,10,24,5,6,2475,AA,LAX,11,106,172,0,0,20,111,194,0,0,26
-6,11,2,7,19,2475,UA,LAX,9,50,89,0,0,48,-38,106,0,0,44
-6,11,2,7,8,2475,UA,LAX,9,50,89,0,0,48,-38,106,0,0,44
-8,11,2,7,11,2475,UA,LAX,9,50,89,0,0,48,-38,106,0,0,44
-4,11,2,7,14,2475,UA,LAX,9,50,89,0,0,48,-38,106,0,0,44
4,11,2,7,17,2475,UA,LAX,9,50,89,0,0,48,-38,106,0,0,44
-7,11,2,7,9,2475,AA,LAX,9,50,89,0,0,48,-38,106,0,0,44
-3,11,2,7,18,2475,AA,LAX,9,50,89,0,0,48,-38,106,0,0,44
-1,11,2,7,18,2475,DL,LAX,9,50,89,0,0,48,-38,106,0,0,44
1,11,2,7,15,2475,DL,LAX,9,50,89,0,0,48,-38,106,0,0,44
5,11,2,7,9,2475,DL,LAX,9,50,89,0,0,48,-38,106,0,0,44
-1,11,2,7,11,2475,DL,LAX,9,50,89,0,0,48,-38,106,0,0,44
-3,11,2,7,7,2475,DL,LAX,9,50,89,0,0,48,-38,106,0,0,44
35,11,2,7,21,2475,DL,LAX,9,50,89,0,0,48,-38,106,0,0,44
-1,11,2,7,8,2475,DL,LAX,9,50,89,0,0,48,-38,106,0,0,44
1,11,2,7,16,2475,DL,LAX,9,50,89,0,0,48,-38,106,0,0,44
-4,11,2,7,11,2475,AA,LAX,9,50,89,0,0,48,-38,106,0,0,44
1,11,2,7,14,2475,AA,LAX,9,50,89,0,0,48,-38,106,0,0,44
-8,11,2,7,7,2475,AA,LAX,9,50,89,0,0,48,-38,106,0,0,44
-5,11,2,7,16,2475,AA,LAX,9,50,89,0,0,48,-38,106,0,0,44
-4,11,2,7,12,2475,AA,LAX,9,50,89,0,0,48,-38,106,0,0,44
-7,11,2,7,8,2475,AA,LAX,9,50,89,0,0,48,-38,106,0,0,44
1,11,2,7,9,2475,AA,LAX,9,50,89,0,0,48,-38,106,0,0,44
-10,11,2,7,6,2475,AA,LAX,9,50,89,0,0,48,-38,106,0,0,44
9,11,2,7,20,2475,AA,LAX,9,50,89,0,0,48,-38,106,0,0,44
-3,11,2,7,19,2475,AA,LAX,9,50,89,0,0,48,-38,106,0,0,44
21,11,2,7,17,2475,AA,LAX,9,50,89,0,0,48,-38,106,0,0,44
62,11,2,7,18,2475,B6,LAX,9,50,89,0,0,48,-38,106,0,0,44
5,11,2,7,21,2475,B6,LAX,9,50,89,0,0,48,-38,106,0,0,44
15,11,2,7,15,2475,B6,LAX,9,50,89,0,0,48,-38,106,0,0,44
-2,11,2,7,9,2475,B6,LAX,9,50,89,0,0,48,-38,106,0,0,44
-5,11,2,7,7,2475,B6,LAX,9,50,89,0,0,48,-38,106,0,0,44
-3,11,2,7,6,2475,B6,LAX,9,50,89,0,0,48,-38,106,0,0,44
0,11,2,7,9,2475,VX,LAX,9,50,89,0,0,48,-38,106,0,0,44
5,11,2,7,7,2475,VX,LAX,9,50,89,0,0,48,-38,106,0,0,44
-3,11,2,7,20,2475,VX,LAX,9,50,89,0,0,48,-38,106,0,0,44
0,11,2,7,16,2475,VX,LAX,9,50,89,0,0,48,-38,106,0,0,44
-6,11,2,7,13,2475,VX,LAX,9,50,89,0,0,48,-38,106,0,0,44
-3,11,25,2,7,2475,DL,LAX,2,106,200,0,0,23,-77,-32,3,5,46
6,11,25,2,21,2475,DL,LAX,2,106,200,0,0,23,-77,-32,3,5,46
25,11,25,2,18,2475,DL,LAX,2,106,200,0,0,23,-77,-32,3,5,46
-3,11,25,2,15,2475,DL,LAX,2,106,200,0,0,23,-77,-32,3,5,46
-4,11,25,2,9,2475,DL,LAX,2,106,200,0,0,23,-77,-32,3,5,46
-7,11,25,2,11,2475,DL,LAX,2,106,200,0,0,23,-77,-32,3,5,46
-3,11,25,2,9,2475,B6,LAX,2,106,200,0,0,23,-77,-32,3,5,46
18,11,25,2,15,2475,B6,LAX,2,106,200,0,0,23,-77,-32,3,5,46
-6,11,25,2,18,2475,B6,LAX,2,106,200,0,0,23,-77,-32,3,5,46
6,11,25,2,21,2475,B6,LAX,2,106,200,0,0,23,-77,-32,3,5,46
-3,11,25,2,18,2475,AA,LAX,2,106,200,0,0,23,-77,-32,3,5,46
-6,11,25,2,8,2475,AA,LAX,2,106,200,0,0,23,-77,-32,3,5,46
-10,11,25,2,11,2475,AA,LAX,2,106,200,0,0,23,-77,-32,3,5,46
-5,11,25,2,7,2475,AA,LAX,2,106,200,0,0,23,-77,-32,3,5,46
-8,11,25,2,12,2475,AA,LAX,2,106,200,0,0,23,-77,-32,3,5,46
-5,11,25,2,6,2475,AA,LAX,2,106,200,0,0,23,-77,-32,3,5,46
27,11,25,2,14,2475,AA,LAX,2,106,200,0,0,23,-77,-32,3,5,46
-11,11,25,2,9,2475,AA,LAX,2,106,200,0,0,23,-77,-32,3,5,46
20,11,25,2,16,2475,AA,LAX,2,106,200,0,0,23,-77,-32,3,5,46
-3,11,25,2,14,2475,UA,LAX,2,106,200,0,0,23,-77,-32,3,5,46
-4,11,25,2,11,2475,UA,LAX,2,106,200,0,0,23,-77,-32,3,5,46
160,11,25,2,17,2475,UA,LAX,2,106,200,0,0,23,-77,-32,3,5,46
15,11,25,2,19,2475,UA,LAX,2,106,200,0,0,23,-77,-32,3,5,46
-2,11,25,2,8,2475,UA,LAX,2,106,200,0,0,23,-77,-32,3,5,46
-2,11,25,2,6,2475,UA,LAX,2,106,200,0,0,23,-77,-32,3,5,46
35,11,25,2,20,2475,AA,LAX,2,106,200,0,0,23,-77,-32,3,5,46
-5,11,25,2,10,2475,AA,LAX,2,106,200,0,0,23,-77,-32,3,5,46
-4,11,25,2,20,2475,AA,LAX,2,106,200,0,0,23,-77,-32,3,5,46
-3,11,25,2,17,2475,AA,LAX,2,106,200,0,0,23,-77,-32,3,5,46
19,11,25,2,8,2475,DL,LAX,2,106,200,0,0,23,-77,-32,3,5,46
0,11,25,2,16,2475,DL,LAX,2,106,200,0,0,23,-77,-32,3,5,46
-1,11,25,2,6,2475,B6,LAX,2,106,200,0,0,23,-77,-32,3,5,46
13,11,25,2,7,2475,B6,LAX,2,106,200,0,0,23,-77,-32,3,5,46
3,11,25,2,20,2475,VX,LAX,2,106,200,0,0,23,-77,-32,3,5,46
1,11,25,2,16,2475,VX,LAX,2,106,200,0,0,23,-77,-32,3,5,46
-5,11,25,2,13,2475,VX,LAX,2,106,200,0,0,23,-77,-32,3,5,46
1,11,25,2,11,2475,VX,LAX,2,106,200,0,0,23,-77,-32,3,5,46
-4,11,25,2,9,2475,VX,LAX,2,106,200,0,0,23,-77,-32,3,5,46
-3,11,25,2,7,2475,VX,LAX,2,106,200,0,0,23,-77,-32,3,5,46
-6,11,30,7,16,2475,DL,LAX,3,72,128,0,0,19,-43,100,0,0,51
15,11,30,7,8,2475,DL,LAX,3,72,128,0,0,19,-43,100,0,0,51
-3,11,30,7,21,2475,DL,LAX,3,72,128,0,0,19,-43,100,0,0,51
-4,11,30,7,7,2475,DL,LAX,3,72,128,0,0,19,-43,100,0,0,51
-1,11,30,7,11,2475,DL,LAX,3,72,128,0,0,19,-43,100,0,0,51
-4,11,30,7,9,2475,DL,LAX,3,72,128,0,0,19,-43,100,0,0,51
-1,11,30,7,15,2475,DL,LAX,3,72,128,0,0,19,-43,100,0,0,51
8,11,30,7,18,2475,DL,LAX,3,72,128,0,0,19,-43,100,0,0,51
-5,11,30,7,14,2475,AA,LAX,3,72,128,0,0,19,-43,100,0,0,51
21,11,30,7,6,2475,B6,LAX,3,72,128,0,0,19,-43,100,0,0,51
16,11,30,7,15,2475,B6,LAX,3,72,128,0,0,19,-43,100,0,0,51
-5,11,30,7,21,2475,B6,LAX,3,72,128,0,0,19,-43,100,0,0,51
11,11,30,7,18,2475,B6,LAX,3,72,128,0,0,19,-43,100,0,0,51
-3,11,30,7,9,2475,B6,LAX,3,72,128,0,0,19,-43,100,0,0,51
-2,11,30,7,7,2475,B6,LAX,3,72,128,0,0,19,-43,100,0,0,51
78,11,30,7,17,2475,AA,LAX,3,72,128,0,0,19,-43,100,0,0,51
-5,11,30,7,10,2475,AA,LAX,3,72,128,0,0,19,-43,100,0,0,51
-3,11,30,7,20,2475,AA,LAX,3,72,128,0,0,19,-43,100,0,0,51
20,11,30,7,20,2475,AA,LAX,3,72,128,0,0,19,-43,100,0,0,51
-8,11,30,7,16,2475,AA,LAX,3,72,128,0,0,19,-43,100,0,0,51
-2,11,30,7,6,2475,AA,LAX,3,72,128,0,0,19,-43,100,0,0,51
-6,11,30,7,8,2475,AA,LAX,3,72,128,0,0,19,-43,100,0,0,51
5,11,30,7,18,2475,AA,LAX,3,72,128,0,0,19,-43,100,0,0,51
-7,11,30,7,11,2475,AA,LAX,3,72,128,0,0,19,-43,100,0,0,51
-11,11,30,7,7,2475,AA,LAX,3,72,128,0,0,19,-43,100,0,0,51
-10,11,30,7,12,2475,AA,LAX,3,72,128,0,0,19,-43,100,0,0,51
-8,11,30,7,9,2475,AA,LAX,3,72,128,0,0,19,-43,100,0,0,51
-1,11,30,7,8,2475,UA,LAX,3,72,128,0,0,19,-43,100,0,0,51
-5,11,30,7,6,2475,UA,LAX,3,72,128,0,0,19,-43,100,0,0,51
18,11,30,7,20,2475,VX,LAX,3,72,128,0,0,19,-43,100,0,0,51
-5,11,30,7,16,2475,VX,LAX,3,72,128,0,0,19,-43,100,0,0,51
-1,11,30,7,13,2475,VX,LAX,3,72,128,0,0,19,-43,100,0,0,51
23,11,30,7,11,2475,VX,LAX,3,72,128,0,0,19,-43,100,0,0,51
-3,11,30,7,9,2475,VX,LAX,3,72,128,0,0,19,-43,100,0,0,51
-1,11,30,7,7,2475,VX,LAX,3,72,128,0,0,19,-43,100,0,0,51
-6,11,30,7,14,2475,UA,LAX,3,72,128,0,0,19,-43,100,0,0,51
-9,11,30,7,11,2475,UA,LAX,3,72,128,0,0,19,-43,100,0,0,51
-3,11,30,7,17,2475,UA,LAX,3,72,128,0,0,19,-43,100,0,0,51
5,11,30,7,19,2475,UA,LAX,3,72,128,0,0,19,-43,100,0,0,51
-2,12,3,3,11,2475,UA,LAX,6,50,78,15,0,34,-43,28,0,0,47
0,12,3,3,15,2475,B6,LAX,6,50,78,15,0,34,-43,28,0,0,47
0,12,3,3,18,2475,AA,LAX,6,50,78,15,0,34,-43,28,0,0,47
-3,12,3,3,8,2475,AA,LAX,6,50,78,15,0,34,-43,28,0,0,47
-4,12,3,3,11,2475,AA,LAX,6,50,78,15,0,34,-43,28,0,0,47
0,12,3,3,9,2475,AA,LAX,6,50,78,15,0,34,-43,28,0,0,47
-3,12,3,3,14,2475,AA,LAX,6,50,78,15,0,34,-43,28,0,0,47
-8,12,3,3,19,2475,AA,LAX,6,50,78,15,0,34,-43,28,0,0,47
46,12,3,3,16,2475,AA,LAX,6,50,78,15,0,34,-43,28,0,0,47
-4,12,3,3,17,2475,AA,LAX,6,50,78,15,0,34,-43,28,0,0,47
-10,12,3,3,7,2475,AA,LAX,6,50,78,15,0,34,-43,28,0,0,47
-4,12,3,3,20,2475,AA,LAX,6,50,78,15,0,34,-43,28,0,0,47
0,12,3,3,6,2475,B6,LAX,6,50,78,15,0,34,-43,28,0,0,47
22,12,3,3,15,2475,DL,LAX,6,50,78,15,0,34,-43,28,0,0,47
-5,12,3,3,8,2475,DL,LAX,6,50,78,15,0,34,-43,28,0,0,47
12,12,3,3,21,2475,DL,LAX,6,50,78,15,0,34,-43,28,0,0,47
-3,12,3,3,14,2475,UA,LAX,6,50,78,15,0,34,-43,28,0,0,47
-4,12,3,3,10,2475,AA,LAX,6,50,78,15,0,34,-43,28,0,0,47
6,12,3,3,7,2475,DL,LAX,6,50,78,15,0,34,-43,28,0,0,47
26,12,3,3,21,2475,B6,LAX,6,50,78,15,0,34,-43,28,0,0,47
-1,12,3,3,11,2475,DL,LAX,6,50,78,15,0,34,-43,28,0,0,47
2,12,3,3,9,2475,DL,LAX,6,50,78,15,0,34,-43,28,0,0,47
7,12,3,3,12,2475,AA,LAX,6,50,78,15,0,34,-43,28,0,0,47
-2,12,3,3,17,2475,DL,LAX,6,50,78,15,0,34,-43,28,0,0,47
-1,12,3,3,18,2475,B6,LAX,6,50,78,15,0,34,-43,28,0,0,47
36,12,3,3,6,2475,UA,LAX,6,50,78,15,0,34,-43,28,0,0,47
3,12,3,3,18,2475,DL,LAX,6,50,78,15,0,34,-43,28,0,0,47
-5,12,3,3,8,2475,B6,LAX,6,50,78,15,0,34,-43,28,0,0,47
-6,12,3,3,6,2475,AA,LAX,6,50,78,15,0,34,-43,28,0,0,47
-3,12,3,3,8,2475,UA,LAX,6,50,78,15,0,34,-43,28,0,0,47
-1,12,3,3,9,2475,B6,LAX,6,50,78,15,0,34,-43,28,0,0,47
130,12,3,3,19,2475,UA,LAX,6,50,78,15,0,34,-43,28,0,0,47
-1,12,3,3,17,2475,UA,LAX,6,50,78,15,0,34,-43,28,0,0,47
1,12,3,3,7,2475,VX,LAX,6,50,78,15,0,34,-43,28,0,0,47
-1,12,3,3,9,2475,VX,LAX,6,50,78,15,0,34,-43,28,0,0,47
12,12,3,3,13,2475,VX,LAX,6,50,78,15,0,34,-43,28,0,0,47
8,12,3,3,16,2475,VX,LAX,6,50,78,15,0,34,-43,28,0,0,47
-1,12,3,3,20,2475,VX,LAX,6,50,78,15,0,34,-43,28,0,0,47
26,12,26,5,18,2475,B6,LAX,1,44,100,0,0,26,22,100,0,0,46
-6,12,26,5,11,2475,B6,LAX,1,44,100,0,0,26,22,100,0,0,46
-3,12,26,5,7,2475,DL,LAX,1,44,100,0,0,26,22,100,0,0,46
1,12,26,5,17,2475,DL,LAX,1,44,100,0,0,26,22,100,0,0,46
-3,12,26,5,9,2475,DL,LAX,1,44,100,0,0,26,22,100,0,0,46
47,12,26,5,11,2475,DL,LAX,1,44,100,0,0,26,22,100,0,0,46
1,12,26,5,21,2475,B6,LAX,1,44,100,0,0,26,22,100,0,0,46
-3,12,26,5,6,2475,B6,LAX,1,44,100,0,0,26,22,100,0,0,46
3,12,26,5,17,2475,AA,LAX,1,44,100,0,0,26,22,100,0,0,46
33,12,26,5,12,2475,AA,LAX,1,44,100,0,0,26,22,100,0,0,46
-5,12,26,5,6,2475,AA,LAX,1,44,100,0,0,26,22,100,0,0,46
-6,12,26,5,8,2475,B6,LAX,1,44,100,0,0,26,22,100,0,0,46
-2,12,26,5,18,2475,AA,LAX,1,44,100,0,0,26,22,100,0,0,46
-1,12,26,5,8,2475,AA,LAX,1,44,100,0,0,26,22,100,0,0,46
-3,12,26,5,7,2475,AA,LAX,1,44,100,0,0,26,22,100,0,0,46
-2,12,26,5,9,2475,B6,LAX,1,44,100,0,0,26,22,100,0,0,46
107,12,26,5,16,2475,AA,LAX,1,44,100,0,0,26,22,100,0,0,46
-2,12,26,5,14,2475,AA,LAX,1,44,100,0,0,26,22,100,0,0,46
82,12,26,5,11,2475,AA,LAX,1,44,100,0,0,26,22,100,0,0,46
-5,12,26,5,18,2475,DL,LAX,1,44,100,0,0,26,22,100,0,0,46
-7,12,26,5,16,2475,B6,LAX,1,44,100,0,0,26,22,100,0,0,46
2,12,26,5,9,2475,AA,LAX,1,44,100,0,0,26,22,100,0,0,46
-7,12,26,5,15,2475,DL,LAX,1,44,100,0,0,26,22,100,0,0,46
-7,12,26,5,8,2475,DL,LAX,1,44,100,0,0,26,22,100,0,0,46
8,12,26,5,21,2475,DL,LAX,1,44,100,0,0,26,22,100,0,0,46
-9,12,26,5,8,2475,UA,LAX,1,44,100,0,0,26,22,100,0,0,46
-5,12,26,5,6,2475,UA,LAX,1,44,100,0,0,26,22,100,0,0,46
0,12,26,5,17,2475,UA,LAX,1,44,100,0,0,26,22,100,0,0,46
0,12,26,5,11,2475,UA,LAX,1,44,100,0,0,26,22,100,0,0,46
-5,12,26,5,14,2475,UA,LAX,1,44,100,0,0,26,22,100,0,0,46
4,12,26,5,19,2475,UA,LAX,1,44,100,0,0,26,22,100,0,0,46
0,12,26,5,13,2475,VX,LAX,1,44,100,0,0,26,22,100,0,0,46
-8,12,26,5,11,2475,VX,LAX,1,44,100,0,0,26,22,100,0,0,46
-6,12,26,5,9,2475,VX,LAX,1,44,100,0,0,26,22,100,0,0,46
-5,12,26,5,7,2475,VX,LAX,1,44,100,0,0,26,22,100,0,0,46
-6,12,26,5,20,2475,VX,LAX,1,44,100,0,0,26,22,100,0,0,46
-5,12,26,5,16,2475,VX,LAX,1,44,100,0,0,26,22,100,0,0,46
1,12,31,3,11,2475,DL,LAX,1,-27,0,0,0,25,-155,-77,0,0,62
12,12,31,3,11,2475,B6,LAX,1,-27,0,0,0,25,-155,-77,0,0,62
-2,12,31,3,17,2475,AA,LAX,1,-27,0,0,0,25,-155,-77,0,0,62
-2,12,31,3,21,2475,B6,LAX,1,-27,0,0,0,25,-155,-77,0,0,62
-8,12,31,3,10,2475,AA,LAX,1,-27,0,0,0,25,-155,-77,0,0,62
-5,12,31,3,6,2475,B6,LAX,1,-27,0,0,0,25,-155,-77,0,0,62
-7,12,31,3,8,2475,DL,LAX,1,-27,0,0,0,25,-155,-77,0,0,62
2,12,31,3,21,2475,DL,LAX,1,-27,0,0,0,25,-155,-77,0,0,62
12,12,31,3,7,2475,DL,LAX,1,-27,0,0,0,25,-155,-77,0,0,62
0,12,31,3,8,2475,B6,LAX,1,-27,0,0,0,25,-155,-77,0,0,62
54,12,31,3,16,2475,B6,LAX,1,-27,0,0,0,25,-155,-77,0,0,62
-2,12,31,3,14,2475,AA,LAX,1,-27,0,0,0,25,-155,-77,0,0,62
5,12,31,3,9,2475,DL,LAX,1,-27,0,0,0,25,-155,-77,0,0,62
0,12,31,3,15,2475,DL,LAX,1,-27,0,0,0,25,-155,-77,0,0,62
1,12,31,3,18,2475,DL,LAX,1,-27,0,0,0,25,-155,-77,0,0,62
-10,12,31,3,8,2475,AA,LAX,1,-27,0,0,0,25,-155,-77,0,0,62
-5,12,31,3,16,2475,AA,LAX,1,-27,0,0,0,25,-155,-77,0,0,62
4,12,31,3,8,2475,UA,LAX,1,-27,0,0,0,25,-155,-77,0,0,62
-6,12,31,3,6,2475,AA,LAX,1,-27,0,0,0,25,-155,-77,0,0,62
-1,12,31,3,7,2475,AA,LAX,1,-27,0,0,0,25,-155,-77,0,0,62
-1,12,31,3,17,2475,UA,LAX,1,-27,0,0,0,25,-155,-77,0,0,62
0,12,31,3,9,2475,B6,LAX,1,-27,0,0,0,25,-155,-77,0,0,62
-2,12,31,3,18,2475,B6,LAX,1,-27,0,0,0,25,-155,-77,0,0,62
17,12,31,3,16,2475,VX,LAX,1,-27,0,0,0,25,-155,-77,0,0,62
-4,12,31,3,13,2475,VX,LAX,1,-27,0,0,0,25,-155,-77,0,0,62
11,12,31,3,11,2475,VX,LAX,1,-27,0,0,0,25,-155,-77,0,0,62
5,12,31,3,9,2475,VX,LAX,1,-27,0,0,0,25,-155,-77,0,0,62
-2,12,31,3,7,2475,VX,LAX,1,-27,0,0,0,25,-155,-77,0,0,62
-5,12,31,3,11,2475,UA,LAX,1,-27,0,0,0,25,-155,-77,0,0,62
-4,12,31,3,14,2475,UA,LAX,1,-27,0,0,0,25,-155,-77,0,0,62
