-3,1,1,3,15,2475,AA,LAX,0,-43,6,0,0,25,-121,-55,64,53,51
14,1,1,3,9,2475,AA,LAX,0,-43,6,0,0,25,-121,-55,64,53,51
2,1,1,3,19,2475,AA,LAX,0,-43,6,0,0,25,-121,-55,64,53,51
142,1,1,3,16,2475,AA,LAX,0,-43,6,0,0,25,-121,-55,64,53,51
2,1,1,3,13,2475,AA,LAX,0,-43,6,0,0,25,-121,-55,64,53,51
-2,1,1,3,21,2475,AA,LAX,0,-43,6,0,0,25,-121,-55,64,53,51
-3,1,1,3,12,2475,AA,LAX,0,-43,6,0,0,25,-121,-55,64,53,51
-4,1,1,3,9,2475,B6,LAX,0,-43,6,0,0,25,-121,-55,64,53,51
-6,1,1,3,6,2475,UA,LAX,0,-43,6,0,0,25,-121,-55,64,53,51
-5,1,1,3,8,2475,UA,LAX,0,-43,6,0,0,25,-121,-55,64,53,51
8,1,1,3,17,2475,UA,LAX,0,-43,6,0,0,25,-121,-55,64,53,51
73,1,1,3,11,2475,UA,LAX,0,-43,6,0,0,25,-121,-55,64,53,51
0,1,1,3,14,2475,UA,LAX,0,-43,6,0,0,25,-121,-55,64,53,51
-4,1,1,3,7,2475,B6,LAX,0,-43,6,0,0,25,-121,-55,64,53,51
7,1,1,3,20,2475,B6,LAX,0,-43,6,0,0,25,-121,-55,64,53,51
113,1,1,3,7,2475,VX,LAX,0,-43,6,0,0,25,-121,-55,64,53,51
-4,1,1,3,9,2475,VX,LAX,0,-43,6,0,0,25,-121,-55,64,53,51
-1,1,1,3,13,2475,VX,LAX,0,-43,6,0,0,25,-121,-55,64,53,51
5,1,1,3,16,2475,VX,LAX,0,-43,6,0,0,25,-121,-55,64,53,51
15,1,1,3,20,2475,VX,LAX,0,-43,6,0,0,25,-121,-55,64,53,51
7,1,1,3,17,2475,DL,LAX,0,-43,6,0,0,25,-121,-55,64,53,51
49,1,1,3,7,2475,DL,LAX,0,-43,6,0,0,25,-121,-55,64,53,51
8,1,1,3,20,2475,DL,LAX,0,-43,6,0,0,25,-121,-55,64,53,51
5,1,1,3,18,2475,DL,LAX,0,-43,6,0,0,25,-121,-55,64,53,51
19,1,1,3,9,2475,DL,LAX,0,-43,6,0,0,25,-121,-55,64,53,51
1,1,1,3,15,2475,DL,LAX,0,-43,6,0,0,25,-121,-55,64,53,51
110,1,1,3,22,2475,B6,LAX,0,-43,6,0,0,25,-121,-55,64,53,51
3,1,1,3,11,2475,B6,LAX,0,-43,6,0,0,25,-121,-55,64,53,51
3,1,1,3,16,2475,B6,LAX,0,-43,6,0,0,25,-121,-55,64,53,51
-2,1,19,7,7,2475,DL,LAX,2,-43,33,0,0,33,-121,28,0,0,63
204,1,19,7,16,2475,DL,LAX,2,-43,33,0,0,33,-121,28,0,0,63
-8,1,19,7,13,2475,VX,LAX,2,-43,33,0,0,33,-121,28,0,0,63
-5,1,19,7,16,2475,VX,LAX,2,-43,33,0,0,33,-121,28,0,0,63
-8,1,19,7,9,2475,VX,LAX,2,-43,33,0,0,33,-121,28,0,0,63
5,1,19,7,15,2475,DL,LAX,2,-43,33,0,0,33,-121,28,0,0,63
-3,1,19,7,9,2475,DL,LAX,2,-43,33,0,0,33,-121,28,0,0,63
-4,1,19,7,12,2475,DL,LAX,2,-43,33,0,0,33,-121,28,0,0,63
1,1,19,7,16,2475,B6,LAX,2,-43,33,0,0,33,-121,28,0,0,63
-3,1,19,7,20,2475,B6,LAX,2,-43,33,0,0,33,-121,28,0,0,63
-2,1,19,7,20,2475,VX,LAX,2,-43,33,0,0,33,-121,28,0,0,63
-1,1,19,7,6,2475,B6,LAX,2,-43,33,0,0,33,-121,28,0,0,63
-3,1,19,7,9,2475,B6,LAX,2,-43,33,0,0,33,-121,28,0,0,63
38,1,19,7,18,2475,DL,LAX,2,-43,33,0,0,33,-121,28,0,0,63
11,1,19,7,20,2475,DL,LAX,2,-43,33,0,0,33,-121,28,0,0,63
0,1,19,7,17,2475,UA,LAX,2,-43,33,0,0,33,-121,28,0,0,63
-4,1,19,7,21,2475,AA,LAX,2,-43,33,0,0,33,-121,28,0,0,63
-2,1,19,7,8,2475,UA,LAX,2,-43,33,0,0,33,-121,28,0,0,63
-2,1,19,7,9,2475,AA,LAX,2,-43,33,0,0,33,-121,28,0,0,63
16,1,19,7,20,2475,UA,LAX,2,-43,33,0,0,33,-121,28,0,0,63
-1,1,19,7,11,2475,UA,LAX,2,-43,33,0,0,33,-121,28,0,0,63
-3,1,19,7,12,2475,AA,LAX,2,-43,33,0,0,33,-121,28,0,0,63
0,1,19,7,19,2475,AA,LAX,2,-43,33,0,0,33,-121,28,0,0,63
115,1,19,7,15,2475,AA,LAX,2,-43,33,0,0,33,-121,28,0,0,63
-10,1,19,7,13,2475,AA,LAX,2,-43,33,0,0,33,-121,28,0,0,63
-7,1,19,7,10,2475,AA,LAX,2,-43,33,0,0,33,-121,28,0,0,63
29,1,19,7,16,2475,AA,LAX,2,-43,33,0,0,33,-121,28,0,0,63
8,1,19,7,7,2475,AA,LAX,2,-43,33,0,0,33,-121,28,0,0,63
-1,1,19,7,14,2475,UA,LAX,2,-43,33,0,0,33,-121,28,0,0,63
12,1,24,5,19,2475,AA,LAX,3,-121,-66,0,0,36,-210,-21,5,10,90
-7,1,24,5,7,2475,AA,LAX,3,-121,-66,0,0,36,-210,-21,5,10,90
4,1,24,5,10,2475,AA,LAX,3,-121,-66,0,0,36,-210,-21,5,10,90
1,1,24,5,13,2475,AA,LAX,3,-121,-66,0,0,36,-210,-21,5,10,90
8,1,24,5,12,2475,AA,LAX,3,-121,-66,0,0,36,-210,-21,5,10,90
-2,1,24,5,16,2475,AA,LAX,3,-121,-66,0,0,36,-210,-21,5,10,90
-4,1,24,5,9,2475,AA,LAX,3,-121,-66,0,0,36,-210,-21,5,10,90
4,1,24,5,21,2475,AA,LAX,3,-121,-66,0,0,36,-210,-21,5,10,90
-6,1,24,5,8,2475,UA,LAX,3,-121,-66,0,0,36,-210,-21,5,10,90
20,1,24,5,17,2475,UA,LAX,3,-121,-66,0,0,36,-210,-21,5,10,90
1,1,24,5,6,2475,UA,LAX,3,-121,-66,0,0,36,-210,-21,5,10,90
39,1,24,5,20,2475,UA,LAX,3,-121,-66,0,0,36,-210,-21,5,10,90
-3,1,24,5,11,2475,UA,LAX,3,-121,-66,0,0,36,-210,-21,5,10,90
-3,1,24,5,15,2475,AA,LAX,3,-121,-66,0,0,36,-210,-21,5,10,90
-2,1,24,5,12,2475,DL,LAX,3,-121,-66,0,0,36,-210,-21,5,10,90
9,1,24,5,18,2475,DL,LAX,3,-121,-66,0,0,36,-210,-21,5,10,90
21,1,24,5,20,2475,DL,LAX,3,-121,-66,0,0,36,-210,-21,5,10,90
1,1,24,5,9,2475,DL,LAX,3,-121,-66,0,0,36,-210,-21,5,10,90
-2,1,24,5,16,2475,DL,LAX,3,-121,-66,0,0,36,-210,-21,5,10,90
4,1,24,5,16,2475,B6,LAX,3,-121,-66,0,0,36,-210,-21,5,10,90
41,1,24,5,20,2475,B6,LAX,3,-121,-66,0,0,36,-210,-21,5,10,90
8,1,24,5,9,2475,B6,LAX,3,-121,-66,0,0,36,-210,-21,5,10,90
57,1,24,5,7,2475,VX,LAX,3,-121,-66,0,0,36,-210,-21,5,10,90
3,1,24,5,9,2475,VX,LAX,3,-121,-66,0,0,36,-210,-21,5,10,90
-3,1,24,5,13,2475,VX,LAX,3,-121,-66,0,0,36,-210,-21,5,10,90
0,1,24,5,16,2475,VX,LAX,3,-121,-66,0,0,36,-210,-21,5,10,90
0,1,24,5,6,2475,B6,LAX,3,-121,-66,0,0,36,-210,-21,5,10,90
13,1,24,5,20,2475,VX,LAX,3,-121,-66,0,0,36,-210,-21,5,10,90
-1,1,24,5,14,2475,UA,LAX,3,-121,-66,0,0,36,-210,-21,5,10,90
24,1,24,5,15,2475,DL,LAX,3,-121,-66,0,0,36,-210,-21,5,10,90
-2,1,24,5,9,2475,DL,LAX,3,-121,-66,0,0,36,-210,-21,5,10,90
-9,2,2,7,20,2475,UA,LAX,12,39,133,0,0,14,-182,-60,0,0,35
3,2,2,7,17,2475,UA,LAX,12,39,133,0,0,14,-182,-60,0,0,35
-3,2,2,7,16,2475,VX,LAX,12,39,133,0,0,14,-182,-60,0,0,35
3,2,2,7,13,2475,VX,LAX,12,39,133,0,0,14,-182,-60,0,0,35
0,2,2,7,9,2475,VX,LAX,12,39,133,0,0,14,-182,-60,0,0,35
14,2,2,7,8,2475,UA,LAX,12,39,133,0,0,14,-182,-60,0,0,35
-1,2,2,7,14,2475,UA,LAX,12,39,133,0,0,14,-182,-60,0,0,35
62,2,2,7,11,2475,UA,LAX,12,39,133,0,0,14,-182,-60,0,0,35
-2,2,2,7,20,2475,VX,LAX,12,39,133,0,0,14,-182,-60,0,0,35
-6,2,2,7,6,2475,B6,LAX,12,39,133,0,0,14,-182,-60,0,0,35
-2,2,2,7,9,2475,DL,LAX,12,39,133,0,0,14,-182,-60,0,0,35
0,2,2,7,9,2475,AA,LAX,12,39,133,0,0,14,-182,-60,0,0,35
-2,2,2,7,9,2475,B6,LAX,12,39,133,0,0,14,-182,-60,0,0,35
2,2,2,7,7,2475,DL,LAX,12,39,133,0,0,14,-182,-60,0,0,35
1,2,2,7,20,2475,DL,LAX,12,39,133,0,0,14,-182,-60,0,0,35
5,2,2,7,18,2475,DL,LAX,12,39,133,0,0,14,-182,-60,0,0,35
-3,2,2,7,12,2475,DL,LAX,12,39,133,0,0,14,-182,-60,0,0,35
-4,2,2,7,7,2475,AA,LAX,12,39,133,0,0,14,-182,-60,0,0,35
4,2,2,7,15,2475,AA,LAX,12,39,133,0,0,14,-182,-60,0,0,35
135,2,2,7,21,2475,AA,LAX,12,39,133,0,0,14,-182,-60,0,0,35
-4,2,2,7,16,2475,AA,LAX,12,39,133,0,0,14,-182,-60,0,0,35
-3,2,2,7,13,2475,AA,LAX,12,39,133,0,0,14,-182,-60,0,0,35
-9,2,2,7,19,2475,AA,LAX,12,39,133,0,0,14,-182,-60,0,0,35
5,2,2,7,15,2475,DL,LAX,12,39,133,0,0,14,-182,-60,0,0,35
2,2,2,7,10,2475,AA,LAX,12,39,133,0,0,14,-182,-60,0,0,35
-2,2,2,7,16,2475,B6,LAX,12,39,133,0,0,14,-182,-60,0,0,35
-2,2,2,7,20,2475,B6,LAX,12,39,133,0,0,14,-182,-60,0,0,35
-8,2,2,7,12,2475,AA,LAX,12,39,133,0,0,14,-182,-60,0,0,35
9,2,25,2,7,2475,DL,LAX,7,-43,6,0,0,31,-143,-55,0,0,58
-2,2,25,2,20,2475,DL,LAX,7,-43,6,0,0,31,-143,-55,0,0,58
15,2,25,2,6,2475,AA,LAX,7,-43,6,0,0,31,-143,-55,0,0,58
-8,2,25,2,9,2475,DL,LAX,7,-43,6,0,0,31,-143,-55,0,0,58
-5,2,25,2,15,2475,DL,LAX,7,-43,6,0,0,31,-143,-55,0,0,58
-4,2,25,2,10,2475,AA,LAX,7,-43,6,0,0,31,-143,-55,0,0,58
-4,2,25,2,12,2475,AA,LAX,7,-43,6,0,0,31,-143,-55,0,0,58
2,2,25,2,15,2475,AA,LAX,7,-43,6,0,0,31,-143,-55,0,0,58
-3,2,25,2,12,2475,B6,LAX,7,-43,6,0,0,31,-143,-55,0,0,58
3,2,25,2,16,2475,B6,LAX,7,-43,6,0,0,31,-143,-55,0,0,58
-5,2,25,2,13,2475,AA,LAX,7,-43,6,0,0,31,-143,-55,0,0,58
24,2,25,2,21,2475,AA,LAX,7,-43,6,0,0,31,-143,-55,0,0,58
-3,2,25,2,8,2475,AA,LAX,7,-43,6,0,0,31,-143,-55,0,0,58
-2,2,25,2,18,2475,DL,LAX,7,-43,6,0,0,31,-143,-55,0,0,58
-4,2,25,2,16,2475,AA,LAX,7,-43,6,0,0,31,-143,-55,0,0,58
-5,2,25,2,12,2475,DL,LAX,7,-43,6,0,0,31,-143,-55,0,0,58
-6,2,25,2,6,2475,B6,LAX,7,-43,6,0,0,31,-143,-55,0,0,58
-1,2,25,2,20,2475,B6,LAX,7,-43,6,0,0,31,-143,-55,0,0,58
-8,2,25,2,9,2475,AA,LAX,7,-43,6,0,0,31,-143,-55,0,0,58
-9,2,25,2,19,2475,AA,LAX,7,-43,6,0,0,31,-143,-55,0,0,58
-3,2,25,2,16,2475,DL,LAX,7,-43,6,0,0,31,-143,-55,0,0,58
-7,2,25,2,9,2475,VX,LAX,7,-43,6,0,0,31,-143,-55,0,0,58
-5,2,25,2,7,2475,VX,LAX,7,-43,6,0,0,31,-143,-55,0,0,58
-6,2,25,2,20,2475,VX,LAX,7,-43,6,0,0,31,-143,-55,0,0,58
-5,2,25,2,16,2475,VX,LAX,7,-43,6,0,0,31,-143,-55,0,0,58
-7,2,25,2,13,2475,VX,LAX,7,-43,6,0,0,31,-143,-55,0,0,58
9,2,25,2,6,2475,UA,LAX,7,-43,6,0,0,31,-143,-55,0,0,58
-4,2,25,2,17,2475,UA,LAX,7,-43,6,0,0,31,-143,-55,0,0,58
-4,2,25,2,20,2475,UA,LAX,7,-43,6,0,0,31,-143,-55,0,0,58
-4,2,25,2,8,2475,UA,LAX,7,-43,6,0,0,31,-143,-55,0,0,58
53,2,25,2,14,2475,UA,LAX,7,-43,6,0,0,31,-143,-55,0,0,58
-5,2,25,2,11,2475,UA,LAX,7,-43,6,0,0,31,-143,-55,0,0,58
-5,3,3,1,20,2475,B6,LAX,13,-82,0,10,3,30,-188,-71,0,0,22
-4,3,3,1,16,2475,B6,LAX,13,-82,0,10,3,30,-188,-71,0,0,22
-4,3,3,1,11,2475,B6,LAX,13,-82,0,10,3,30,-188,-71,0,0,22
-4,3,3,1,12,2475,AA,LAX,13,-82,0,10,3,30,-188,-71,0,0,22
6,3,3,1,19,2475,AA,LAX,13,-82,0,10,3,30,-188,-71,0,0,22
196,3,3,1,9,2475,DL,LAX,13,-82,0,10,3,30,-188,-71,0,0,22
-2,3,3,1,12,2475,DL,LAX,13,-82,0,10,3,30,-188,-71,0,0,22
25,3,3,1,20,2475,DL,LAX,13,-82,0,10,3,30,-188,-71,0,0,22
-5,3,3,1,18,2475,DL,LAX,13,-82,0,10,3,30,-188,-71,0,0,22
8,3,3,1,7,2475,DL,LAX,13,-82,0,10,3,30,-188,-71,0,0,22
-3,3,3,1,16,2475,DL,LAX,13,-82,0,10,3,30,-188,-71,0,0,22
24,3,3,1,21,2475,AA,LAX,13,-82,0,10,3,30,-188,-71,0,0,22
36,3,3,1,16,2475,AA,LAX,13,-82,0,10,3,30,-188,-71,0,0,22
15,3,3,1,15,2475,AA,LAX,13,-82,0,10,3,30,-188,-71,0,0,22
35,3,3,1,15,2475,DL,LAX,13,-82,0,10,3,30,-188,-71,0,0,22
-8,3,3,1,20,2475,UA,LAX,13,-82,0,10,3,30,-188,-71,0,0,22
1,3,3,1,14,2475,UA,LAX,13,-82,0,10,3,30,-188,-71,0,0,22
-1,3,3,1,11,2475,UA,LAX,13,-82,0,10,3,30,-188,-71,0,0,22
9,3,3,1,20,2475,VX,LAX,13,-82,0,10,3,30,-188,-71,0,0,22
14,3,3,1,16,2475,VX,LAX,13,-82,0,10,3,30,-188,-71,0,0,22
-2,3,3,1,13,2475,VX,LAX,13,-82,0,10,3,30,-188,-71,0,0,22
-3,3,3,1,8,2475,UA,LAX,13,-82,0,10,3,30,-188,-71,0,0,22
-5,3,3,1,17,2475,UA,LAX,13,-82,0,10,3,30,-188,-71,0,0,22
0,3,26,3,7,2475,VX,LAX,36,-43,22,0,0,53,-93,39,0,0,47
-3,3,26,3,16,2475,DL,LAX,36,-43,22,0,0,53,-93,39,0,0,47
-3,3,26,3,9,2475,VX,LAX,36,-43,22,0,0,53,-93,39,0,0,47
0,3,26,3,13,2475,VX,LAX,36,-43,22,0,0,53,-93,39,0,0,47
9,3,26,3,16,2475,VX,LAX,36,-43,22,0,0,53,-93,39,0,0,47
-6,3,26,3,20,2475,VX,LAX,36,-43,22,0,0,53,-93,39,0,0,47
4,3,26,3,18,2475,DL,LAX,36,-43,22,0,0,53,-93,39,0,0,47
21,3,26,3,7,2475,DL,LAX,36,-43,22,0,0,53,-93,39,0,0,47
-4,3,26,3,20,2475,DL,LAX,36,-43,22,0,0,53,-93,39,0,0,47
-5,3,26,3,12,2475,DL,LAX,36,-43,22,0,0,53,-93,39,0,0,47
23,3,26,3,9,2475,DL,LAX,36,-43,22,0,0,53,-93,39,0,0,47
106,3,26,3,15,2475,DL,LAX,36,-43,22,0,0,53,-93,39,0,0,47
-6,3,26,3,11,2475,B6,LAX,36,-43,22,0,0,53,-93,39,0,0,47
-3,3,26,3,6,2475,B6,LAX,36,-43,22,0,0,53,-93,39,0,0,47
-6,3,26,3,13,2475,AA,LAX,36,-43,22,0,0,53,-93,39,0,0,47
12,3,26,3,21,2475,AA,LAX,36,-43,22,0,0,53,-93,39,0,0,47
-6,3,26,3,16,2475,AA,LAX,36,-43,22,0,0,53,-93,39,0,0,47
-3,3,26,3,15,2475,AA,LAX,36,-43,22,0,0,53,-93,39,0,0,47
45,3,26,3,8,2475,AA,LAX,36,-43,22,0,0,53,-93,39,0,0,47
-3,3,26,3,19,2475,AA,LAX,36,-43,22,0,0,53,-93,39,0,0,47
-4,3,26,3,10,2475,AA,LAX,36,-43,22,0,0,53,-93,39,0,0,47
-7,3,26,3,6,2475,AA,LAX,36,-43,22,0,0,53,-93,39,0,0,47
-8,3,26,3,12,2475,AA,LAX,36,-43,22,0,0,53,-93,39,0,0,47
-3,3,26,3,9,2475,AA,LAX,36,-43,22,0,0,53,-93,39,0,0,47
9,3,26,3,20,2475,B6,LAX,36,-43,22,0,0,53,-93,39,0,0,47
-2,3,26,3,16,2475,B6,LAX,36,-43,22,0,0,53,-93,39,0,0,47
6,3,26,3,17,2475,UA,LAX,36,-43,22,0,0,53,-93,39,0,0,47
-7,3,26,3,6,2475,UA,LAX,36,-43,22,0,0,53,-93,39,0,0,47
7,3,26,3,8,2475,UA,LAX,36,-43,22,0,0,53,-93,39,0,0,47
-7,3,26,3,11,2475,UA,LAX,36,-43,22,0,0,53,-93,39,0,0,47
-4,3,26,3,14,2475,UA,LAX,36,-43,22,0,0,53,-93,39,0,0,47
-1,3,26,3,20,2475,UA,LAX,36,-43,22,0,0,53,-93,39,0,0,47
-5,3,31,1,17,2475,UA,LAX,41,22,133,41,0,37,50,200,0,0,77
-8,3,31,1,6,2475,UA,LAX,41,22,133,41,0,37,50,200,0,0,77
-4,3,31,1,8,2475,UA,LAX,41,22,133,41,0,37,50,200,0,0,77
-8,3,31,1,11,2475,UA,LAX,41,22,133,41,0,37,50,200,0,0,77
-2,3,31,1,14,2475,UA,LAX,41,22,133,41,0,37,50,200,0,0,77
16,3,31,1,20,2475,UA,LAX,41,22,133,41,0,37,50,200,0,0,77
-4,3,31,1,16,2475,AA,LAX,41,22,133,41,0,37,50,200,0,0,77
86,3,31,1,8,2475,AA,LAX,41,22,133,41,0,37,50,200,0,0,77
-5,3,31,1,19,2475,AA,LAX,41,22,133,41,0,37,50,200,0,0,77
2,3,31,1,11,2475,B6,LAX,41,22,133,41,0,37,50,200,0,0,77
-6,3,31,1,6,2475,AA,LAX,41,22,133,41,0,37,50,200,0,0,77
52,3,31,1,16,2475,B6,LAX,41,22,133,41,0,37,50,200,0,0,77
24,3,31,1,15,2475,AA,LAX,41,22,133,41,0,37,50,200,0,0,77
-3,3,31,1,6,2475,B6,LAX,41,22,133,41,0,37,50,200,0,0,77
2,3,31,1,13,2475,AA,LAX,41,22,133,41,0,37,50,200,0,0,77
-2,3,31,1,21,2475,AA,LAX,41,22,133,41,0,37,50,200,0,0,77
131,3,31,1,20,2475,B6,LAX,41,22,133,41,0,37,50,200,0,0,77
-1,3,31,1,12,2475,AA,LAX,41,22,133,41,0,37,50,200,0,0,77
-5,3,31,1,10,2475,AA,LAX,41,22,133,41,0,37,50,200,0,0,77
5,3,31,1,9,2475,AA,LAX,41,22,133,41,0,37,50,200,0,0,77
5,3,31,1,7,2475,VX,LAX,41,22,133,41,0,37,50,200,0,0,77
-4,3,31,1,12,2475,DL,LAX,41,22,133,41,0,37,50,200,0,0,77
-4,3,31,1,7,2475,DL,LAX,41,22,133,41,0,37,50,200,0,0,77
30,3,31,1,15,2475,DL,LAX,41,22,133,41,0,37,50,200,0,0,77
1,3,31,1,9,2475,VX,LAX,41,22,133,41,0,37,50,200,0,0,77
-2,3,31,1,13,2475,VX,LAX,41,22,133,41,0,37,50,200,0,0,77
6,3,31,1,16,2475,VX,LAX,41,22,133,41,0,37,50,200,0,0,77
-5,3,31,1,18,2475,DL,LAX,41,22,133,41,0,37,50,200,0,0,77
13,3,31,1,20,2475,DL,LAX,41,22,133,41,0,37,50,200,0,0,77
-2,3,31,1,16,2475,DL,LAX,41,22,133,41,0,37,50,200,0,0,77
-1,3,31,1,20,2475,VX,LAX,41,22,133,41,0,37,50,200,0,0,77
32,4,4,5,20,2475,UA,LAX,45,44,83,53,0,38,11,89,0,0,74
-1,4,4,5,17,2475,UA,LAX,45,44,83,53,0,38,11,89,0,0,74
9,4,4,5,6,2475,UA,LAX,45,44,83,53,0,38,11,89,0,0,74
26,4,4,5,8,2475,UA,LAX,45,44,83,53,0,38,11,89,0,0,74
-5,4,4,5,14,2475,UA,LAX,45,44,83,53,0,38,11,89,0,0,74
-1,4,4,5,11,2475,UA,LAX,45,44,83,53,0,38,11,89,0,0,74
2,4,4,5,20,2475,B6,LAX,45,44,83,53,0,38,11,89,0,0,74
-6,4,4,5,6,2475,B6,LAX,45,44,83,53,0,38,11,89,0,0,74
-6,4,4,5,6,2475,AA,LAX,45,44,83,53,0,38,11,89,0,0,74
10,4,4,5,21,2475,AA,LAX,45,44,83,53,0,38,11,89,0,0,74
-2,4,4,5,13,2475,AA,LAX,45,44,83,53,0,38,11,89,0,0,74
1,4,4,5,15,2475,DL,LAX,45,44,83,53,0,38,11,89,0,0,74
-2,4,4,5,12,2475,AA,LAX,45,44,83,53,0,38,11,89,0,0,74
-3,4,4,5,9,2475,AA,LAX,45,44,83,53,0,38,11,89,0,0,74
138,4,4,5,17,2475,DL,LAX,45,44,83,53,0,38,11,89,0,0,74
-1,4,4,5,8,2475,DL,LAX,45,44,83,53,0,38,11,89,0,0,74
32,4,4,5,17,2475,AA,LAX,45,44,83,53,0,38,11,89,0,0,74
43,4,4,5,16,2475,AA,LAX,45,44,83,53,0,38,11,89,0,0,74
-2,4,4,5,8,2475,AA,LAX,45,44,83,53,0,38,11,89,0,0,74
0,4,4,5,7,2475,VX,LAX,45,44,83,53,0,38,11,89,0,0,74
-7,4,4,5,9,2475,VX,LAX,45,44,83,53,0,38,11,89,0,0,74
-7,4,4,5,13,2475,VX,LAX,45,44,83,53,0,38,11,89,0,0,74
15,4,4,5,16,2475,VX,LAX,45,44,83,53,0,38,11,89,0,0,74
38,4,4,5,20,2475,VX,LAX,45,44,83,53,0,38,11,89,0,0,74
-5,4,4,5,10,2475,AA,LAX,45,44,83,53,0,38,11,89,0,0,74
0,4,4,5,12,2475,DL,LAX,45,44,83,53,0,38,11,89,0,0,74
0,4,4,5,9,2475,DL,LAX,45,44,83,53,0,38,11,89,0,0,74
0,4,4,5,7,2475,DL,LAX,45,44,83,53,0,38,11,89,0,0,74
7,4,4,5,18,2475,DL,LAX,45,44,83,53,0,38,11,89,0,0,74
0,4,4,5,19,2475,AA,LAX,45,44,83,53,0,38,11,89,0,0,74
-3,4,4,5,11,2475,B6,LAX,45,44,83,53,0,38,11,89,0,0,74
10,4,4,5,21,2475,DL,LAX,45,44,83,53,0,38,11,89,0,0,74
-2,4,4,5,16,2475,B6,LAX,45,44,83,53,0,38,11,89,0,0,74
-4,4,4,5,6,2475,AA,LAX,45,44,83,53,0,38,11,89,0,0,74
13,4,27,7,18,2475,DL,LAX,25,83,150,0,0,26,56,156,8,0,74
0,4,27,7,8,2475,DL,LAX,25,83,150,0,0,26,56,156,8,0,74
-5,4,27,7,12,2475,DL,LAX,25,83,150,0,0,26,56,156,8,0,74
12,4,27,7,9,2475,DL,LAX,25,83,150,0,0,26,56,156,8,0,74
1,4,27,7,17,2475,DL,LAX,25,83,150,0,0,26,56,156,8,0,74
-2,4,27,7,15,2475,DL,LAX,25,83,150,0,0,26,56,156,8,0,74
-5,4,27,7,6,2475,B6,LAX,25,83,150,0,0,26,56,156,8,0,74
23,4,27,7,21,2475,DL,LAX,25,83,150,0,0,26,56,156,8,0,74
-2,4,27,7,7,2475,DL,LAX,25,83,150,0,0,26,56,156,8,0,74
-3,4,27,7,6,2475,AA,LAX,25,83,150,0,0,26,56,156,8,0,74
0,4,27,7,6,2475,AA,LAX,25,83,150,0,0,26,56,156,8,0,74
-7,4,27,7,10,2475,AA,LAX,25,83,150,0,0,26,56,156,8,0,74
9,4,27,7,20,2475,B6,LAX,25,83,150,0,0,26,56,156,8,0,74
134,4,27,7,16,2475,AA,LAX,25,83,150,0,0,26,56,156,8,0,74
-7,4,27,7,16,2475,B6,LAX,25,83,150,0,0,26,56,156,8,0,74
0,4,27,7,12,2475,AA,LAX,25,83,150,0,0,26,56,156,8,0,74
9,4,27,7,20,2475,VX,LAX,25,83,150,0,0,26,56,156,8,0,74
6,4,27,7,16,2475,VX,LAX,25,83,150,0,0,26,56,156,8,0,74
-1,4,27,7,13,2475,VX,LAX,25,83,150,0,0,26,56,156,8,0,74
3,4,27,7,9,2475,VX,LAX,25,83,150,0,0,26,56,156,8,0,74
1,4,27,7,7,2475,VX,LAX,25,83,150,0,0,26,56,156,8,0,74
0,4,27,7,11,2475,B6,LAX,25,83,150,0,0,26,56,156,8,0,74
-4,4,27,7,13,2475,AA,LAX,25,83,150,0,0,26,56,156,8,0,74
14,4,27,7,17,2475,AA,LAX,25,83,150,0,0,26,56,156,8,0,74
77,4,27,7,19,2475,AA,LAX,25,83,150,0,0,26,56,156,8,0,74
-5,4,27,7,8,2475,AA,LAX,25,83,150,0,0,26,56,156,8,0,74
-6,4,27,7,21,2475,AA,LAX,25,83,150,0,0,26,56,156,8,0,74
-10,4,27,7,9,2475,AA,LAX,25,83,150,0,0,26,56,156,8,0,74
3,4,27,7,14,2475,UA,LAX,25,83,150,0,0,26,56,156,8,0,74
-3,4,27,7,11,2475,UA,LAX,25,83,150,0,0,26,56,156,8,0,74
7,4,27,7,8,2475,UA,LAX,25,83,150,0,0,26,56,156,8,0,74
10,4,27,7,20,2475,UA,LAX,25,83,150,0,0,26,56,156,8,0,74
7,4,27,7,17,2475,UA,LAX,25,83,150,0,0,26,56,156,8,0,74
-8,5,5,1,12,2475,AA,LAX,17,100,211,0,0,33,61,128,13,0,59
-7,5,5,1,6,2475,AA,LAX,17,100,211,0,0,33,61,128,13,0,59
-8,5,5,1,10,2475,AA,LAX,17,100,211,0,0,33,61,128,13,0,59
-10,5,5,1,9,2475,AA,LAX,17,100,211,0,0,33,61,128,13,0,59
18,5,5,1,19,2475,AA,LAX,17,100,211,0,0,33,61,128,13,0,59
-5,5,5,1,21,2475,AA,LAX,17,100,211,0,0,33,61,128,13,0,59
-10,5,5,1,8,2475,AA,LAX,17,100,211,0,0,33,61,128,13,0,59
-6,5,5,1,17,2475,AA,LAX,17,100,211,0,0,33,61,128,13,0,59
4,5,5,1,6,2475,B6,LAX,17,100,211,0,0,33,61,128,13,0,59
16,5,5,1,13,2475,AA,LAX,17,100,211,0,0,33,61,128,13,0,59
30,5,5,1,17,2475,B6,LAX,17,100,211,0,0,33,61,128,13,0,59
-3,5,5,1,20,2475,B6,LAX,17,100,211,0,0,33,61,128,13,0,59
-3,5,5,1,9,2475,B6,LAX,17,100,211,0,0,33,61,128,13,0,59
-4,5,5,1,16,2475,AA,LAX,17,100,211,0,0,33,61,128,13,0,59
33,5,5,1,17,2475,DL,LAX,17,100,211,0,0,33,61,128,13,0,59
-2,5,5,1,7,2475,DL,LAX,17,100,211,0,0,33,61,128,13,0,59
-8,5,5,1,9,2475,DL,LAX,17,100,211,0,0,33,61,128,13,0,59
-2,5,5,1,12,2475,DL,LAX,17,100,211,0,0,33,61,128,13,0,59
2,5,5,1,15,2475,DL,LAX,17,100,211,0,0,33,61,128,13,0,59
15,5,5,1,21,2475,DL,LAX,17,100,211,0,0,33,61,128,13,0,59
64,5,5,1,8,2475,DL,LAX,17,100,211,0,0,33,61,128,13,0,59
10,5,5,1,18,2475,DL,LAX,17,100,211,0,0,33,61,128,13,0,59
-5,5,5,1,6,2475,AA,LAX,17,100,211,0,0,33,61,128,13,0,59
2,5,5,1,17,2475,UA,LAX,17,100,211,0,0,33,61,128,13,0,59
-8,5,5,1,6,2475,UA,LAX,17,100,211,0,0,33,61,128,13,0,59
1,5,5,1,20,2475,UA,LAX,17,100,211,0,0,33,61,128,13,0,59
-5,5,5,1,14,2475,UA,LAX,17,100,211,0,0,33,61,128,13,0,59
-6,5,5,1,9,2475,VX,LAX,17,100,211,0,0,33,61,128,13,0,59
2,5,5,1,20,2475,VX,LAX,17,100,211,0,0,33,61,128,13,0,59
-1,5,5,1,16,2475,VX,LAX,17,100,211,0,0,33,61,128,13,0,59
-6,5,5,1,13,2475,VX,LAX,17,100,211,0,0,33,61,128,13,0,59
-9,5,5,1,11,2475,UA,LAX,17,100,211,0,0,33,61,128,13,0,59
22,5,5,1,8,2475,UA,LAX,17,100,211,0,0,33,61,128,13,0,59
0,5,5,1,7,2475,VX,LAX,17,100,211,0,0,33,61,128,13,0,59
-3,5,10,6,7,2475,VX,LAX,12,139,283,94,0,20,83,250,0,0,31
43,5,10,6,13,2475,VX,LAX,12,139,283,94,0,20,83,250,0,0,31
-8,5,10,6,9,2475,VX,LAX,12,139,283,94,0,20,83,250,0,0,31
-1,5,10,6,16,2475,VX,LAX,12,139,283,94,0,20,83,250,0,0,31
161,5,10,6,18,2475,UA,LAX,12,139,283,94,0,20,83,250,0,0,31
-9,5,10,6,8,2475,UA,LAX,12,139,283,94,0,20,83,250,0,0,31
-6,5,10,6,6,2475,UA,LAX,12,139,283,94,0,20,83,250,0,0,31
-6,5,10,6,14,2475,UA,LAX,12,139,283,94,0,20,83,250,0,0,31
-8,5,10,6,11,2475,UA,LAX,12,139,283,94,0,20,83,250,0,0,31
-7,5,10,6,5,2475,AA,LAX,12,139,283,94,0,20,83,250,0,0,31
0,5,10,6,17,2475,AA,LAX,12,139,283,94,0,20,83,250,0,0,31
-2,5,10,6,20,2475,B6,LAX,12,139,283,94,0,20,83,250,0,0,31
0,5,10,6,15,2475,AA,LAX,12,139,283,94,0,20,83,250,0,0,31
-3,5,10,6,12,2475,AA,LAX,12,139,283,94,0,20,83,250,0,0,31
0,5,10,6,10,2475,AA,LAX,12,139,283,94,0,20,83,250,0,0,31
-6,5,10,6,7,2475,AA,LAX,12,139,283,94,0,20,83,250,0,0,31
2,5,10,6,9,2475,B6,LAX,12,139,283,94,0,20,83,250,0,0,31
61,5,10,6,17,2475,B6,LAX,12,139,283,94,0,20,83,250,0,0,31
-3,5,10,6,17,2475,DL,LAX,12,139,283,94,0,20,83,250,0,0,31
12,5,10,6,18,2475,AA,LAX,12,139,283,94,0,20,83,250,0,0,31
2,5,10,6,8,2475,AA,LAX,12,139,283,94,0,20,83,250,0,0,31
1,5,10,6,9,2475,AA,LAX,12,139,283,94,0,20,83,250,0,0,31
-3,5,10,6,8,2475,DL,LAX,12,139,283,94,0,20,83,250,0,0,31
-1,5,10,6,15,2475,DL,LAX,12,139,283,94,0,20,83,250,0,0,31
13,5,10,6,12,2475,DL,LAX,12,139,283,94,0,20,83,250,0,0,31
-5,5,10,6,9,2475,DL,LAX,12,139,283,94,0,20,83,250,0,0,31
42,5,10,6,18,2475,DL,LAX,12,139,283,94,0,20,83,250,0,0,31
57,5,10,6,16,2475,AA,LAX,12,139,283,94,0,20,83,250,0,0,31
-4,5,28,3,7,2475,VX,LAX,2,122,178,0,0,34,133,217,8,0,42
-2,5,28,3,9,2475,VX,LAX,2,122,178,0,0,34,133,217,8,0,42
-5,5,28,3,11,2475,VX,LAX,2,122,178,0,0,34,133,217,8,0,42
-2,5,28,3,13,2475,VX,LAX,2,122,178,0,0,34,133,217,8,0,42
-1,5,28,3,16,2475,VX,LAX,2,122,178,0,0,34,133,217,8,0,42
68,5,28,3,20,2475,VX,LAX,2,122,178,0,0,34,133,217,8,0,42
-5,5,28,3,14,2475,UA,LAX,2,122,178,0,0,34,133,217,8,0,42
-5,5,28,3,11,2475,UA,LAX,2,122,178,0,0,34,133,217,8,0,42
11,5,28,3,20,2475,UA,LAX,2,122,178,0,0,34,133,217,8,0,42
-8,5,28,3,6,2475,UA,LAX,2,122,178,0,0,34,133,217,8,0,42
-5,5,28,3,8,2475,UA,LAX,2,122,178,0,0,34,133,217,8,0,42
2,5,28,3,17,2475,UA,LAX,2,122,178,0,0,34,133,217,8,0,42
2,5,28,3,12,2475,DL,LAX,2,122,178,0,0,34,133,217,8,0,42
-1,5,28,3,10,2475,AA,LAX,2,122,178,0,0,34,133,217,8,0,42
1,5,28,3,7,2475,AA,LAX,2,122,178,0,0,34,133,217,8,0,42
-6,5,28,3,8,2475,AA,LAX,2,122,178,0,0,34,133,217,8,0,42
27,5,28,3,17,2475,B6,LAX,2,122,178,0,0,34,133,217,8,0,42
5,5,28,3,9,2475,B6,LAX,2,122,178,0,0,34,133,217,8,0,42
6,5,28,3,6,2475,B6,LAX,2,122,178,0,0,34,133,217,8,0,42
-6,5,28,3,20,2475,AA,LAX,2,122,178,0,0,34,133,217,8,0,42
31,5,28,3,20,2475,B6,LAX,2,122,178,0,0,34,133,217,8,0,42
-6,5,28,3,15,2475,AA,LAX,2,122,178,0,0,34,133,217,8,0,42
-2,5,28,3,15,2475,DL,LAX,2,122,178,0,0,34,133,217,8,0,42
-3,5,28,3,8,2475,DL,LAX,2,122,178,0,0,34,133,217,8,0,42
-8,5,28,3,12,2475,AA,LAX,2,122,178,0,0,34,133,217,8,0,42
34,5,28,3,21,2475,DL,LAX,2,122,178,0,0,34,133,217,8,0,42
19,5,28,3,18,2475,DL,LAX,2,122,178,0,0,34,133,217,8,0,42
10,5,28,3,16,2475,AA,LAX,2,122,178,0,0,34,133,217,8,0,42
7,5,28,3,18,2475,AA,LAX,2,122,178,0,0,34,133,217,8,0,42
-6,5,28,3,9,2475,DL,LAX,2,122,178,0,0,34,133,217,8,0,42
-3,5,28,3,7,2475,DL,LAX,2,122,178,0,0,34,133,217,8,0,42
-4,5,28,3,17,2475,AA,LAX,2,122,178,0,0,34,133,217,8,0,42
-1,5,28,3,17,2475,DL,LAX,2,122,178,0,0,34,133,217,8,0,42
4,5,28,3,9,2475,AA,LAX,2,122,178,0,0,34,133,217,8,0,42
-5,5,28,3,5,2475,AA,LAX,2,122,178,0,0,34,133,217,8,0,42
-5,6,6,5,6,2475,B6,LAX,11,161,244,0,0,20,94,272,0,0,22
-3,6,6,5,10,2475,AA,LAX,11,161,244,0,0,20,94,272,0,0,22
1,6,6,5,18,2475,AA,LAX,11,161,244,0,0,20,94,272,0,0,22
-3,6,6,5,11,2475,AA,LAX,11,161,244,0,0,20,94,272,0,0,22
-5,6,6,5,8,2475,AA,LAX,11,161,244,0,0,20,94,272,0,0,22
-8,6,6,5,5,2475,AA,LAX,11,161,244,0,0,20,94,272,0,0,22
-10,6,6,5,12,2475,AA,LAX,11,161,244,0,0,20,94,272,0,0,22
-6,6,6,5,9,2475,AA,LAX,11,161,244,0,0,20,94,272,0,0,22
-3,6,6,5,16,2475,AA,LAX,11,161,244,0,0,20,94,272,0,0,22
-6,6,6,5,17,2475,AA,LAX,11,161,244,0,0,20,94,272,0,0,22
2,6,6,5,20,2475,B6,LAX,11,161,244,0,0,20,94,272,0,0,22
-2,6,6,5,15,2475,AA,LAX,11,161,244,0,0,20,94,272,0,0,22
-1,6,6,5,7,2475,AA,LAX,11,161,244,0,0,20,94,272,0,0,22
0,6,6,5,20,2475,AA,LAX,11,161,244,0,0,20,94,272,0,0,22
-5,6,6,5,17,2475,B6,LAX,11,161,244,0,0,20,94,272,0,0,22
-4,6,6,5,9,2475,B6,LAX,11,161,244,0,0,20,94,272,0,0,22
-2,6,6,5,11,2475,VX,LAX,11,161,244,0,0,20,94,272,0,0,22
-5,6,6,5,13,2475,VX,LAX,11,161,244,0,0,20,94,272,0,0,22
-5,6,6,5,16,2475,VX,LAX,11,161,244,0,0,20,94,272,0,0,22
21,6,6,5,20,2475,VX,LAX,11,161,244,0,0,20,94,272,0,0,22
-9,6,6,5,9,2475,DL,LAX,11,161,244,0,0,20,94,272,0,0,22
-10,6,6,5,8,2475,DL,LAX,11,161,244,0,0,20,94,272,0,0,22
24,6,6,5,18,2475,DL,LAX,11,161,244,0,0,20,94,272,0,0,22
-3,6,6,5,11,2475,UA,LAX,11,161,244,0,0,20,94,272,0,0,22
96,6,6,5,15,2475,DL,LAX,11,161,244,0,0,20,94,272,0,0,22
12,6,6,5,16,2475,DL,LAX,11,161,244,0,0,20,94,272,0,0,22
-3,6,6,5,21,2475,DL,LAX,11,161,244,0,0,20,94,272,0,0,22
-2,6,6,5,7,2475,DL,LAX,11,161,244,0,0,20,94,272,0,0,22
-6,6,6,5,20,2475,UA,LAX,11,161,244,0,0,20,94,272,0,0,22
31,6,6,5,6,2475,UA,LAX,11,161,244,0,0,20,94,272,0,0,22
-13,6,6,5,8,2475,UA,LAX,11,161,244,0,0,20,94,272,0,0,22
2,6,6,5,17,2475,UA,LAX,11,161,244,0,0,20,94,272,0,0,22
-2,6,6,5,14,2475,UA,LAX,11,161,244,0,0,20,94,272,0,0,22
13,6,6,5,12,2475,DL,LAX,11,161,244,0,0,20,94,272,0,0,22
-6,6,6,5,7,2475,VX,LAX,11,161,244,0,0,20,94,272,0,0,22
-6,6,6,5,9,2475,VX,LAX,11,161,244,0,0,20,94,272,0,0,22
68,6,11,3,20,2475,UA,LAX,16,161,211,5,0,32,139,194,132,0,33
-7,6,11,3,7,2475,VX,LAX,16,161,211,5,0,32,139,194,132,0,33
-8,6,11,3,9,2475,VX,LAX,16,161,211,5,0,32,139,194,132,0,33
-2,6,11,3,11,2475,VX,LAX,16,161,211,5,0,32,139,194,132,0,33
-5,6,11,3,13,2475,VX,LAX,16,161,211,5,0,32,139,194,132,0,33
27,6,11,3,16,2475,VX,LAX,16,161,211,5,0,32,139,194,132,0,33
94,6,11,3,20,2475,VX,LAX,16,161,211,5,0,32,139,194,132,0,33
33,6,11,3,17,2475,UA,LAX,16,161,211,5,0,32,139,194,132,0,33
108,6,11,3,14,2475,UA,LAX,16,161,211,5,0,32,139,194,132,0,33
-9,6,11,3,6,2475,UA,LAX,16,161,211,5,0,32,139,194,132,0,33
0,6,11,3,16,2475,DL,LAX,16,161,211,5,0,32,139,194,132,0,33
8,6,11,3,15,2475,DL,LAX,16,161,211,5,0,32,139,194,132,0,33
93,6,11,3,12,2475,DL,LAX,16,161,211,5,0,32,139,194,132,0,33
-7,6,11,3,9,2475,DL,LAX,16,161,211,5,0,32,139,194,132,0,33
-5,6,11,3,8,2475,UA,LAX,16,161,211,5,0,32,139,194,132,0,33
73,6,11,3,8,2475,DL,LAX,16,161,211,5,0,32,139,194,132,0,33
16,6,11,3,18,2475,DL,LAX,16,161,211,5,0,32,139,194,132,0,33
38,6,11,3,21,2475,DL,LAX,16,161,211,5,0,32,139,194,132,0,33
-2,6,11,3,7,2475,DL,LAX,16,161,211,5,0,32,139,194,132,0,33
-4,6,11,3,11,2475,UA,LAX,16,161,211,5,0,32,139,194,132,0,33
-2,6,11,3,6,2475,B6,LAX,16,161,211,5,0,32,139,194,132,0,33
-9,6,11,3,8,2475,AA,LAX,16,161,211,5,0,32,139,194,132,0,33
-3,6,11,3,6,2475,AA,LAX,16,161,211,5,0,32,139,194,132,0,33
30,6,11,3,17,2475,AA,LAX,16,161,211,5,0,32,139,194,132,0,33
-7,6,11,3,12,2475,AA,LAX,16,161,211,5,0,32,139,194,132,0,33
-3,6,11,3,15,2475,AA,LAX,16,161,211,5,0,32,139,194,132,0,33
-1,6,11,3,16,2475,AA,LAX,16,161,211,5,0,32,139,194,132,0,33
27,6,11,3,20,2475,B6,LAX,16,161,211,5,0,32,139,194,132,0,33
-4,6,11,3,17,2475,B6,LAX,16,161,211,5,0,32,139,194,132,0,33
307,6,11,3,9,2475,B6,LAX,16,161,211,5,0,32,139,194,132,0,33
-8,6,11,3,7,2475,AA,LAX,16,161,211,5,0,32,139,194,132,0,33
7,6,11,3,20,2475,AA,LAX,16,161,211,5,0,32,139,194,132,0,33
1,6,11,3,18,2475,AA,LAX,16,161,211,5,0,32,139,194,132,0,33
46,6,11,3,10,2475,AA,LAX,16,161,211,5,0,32,139,194,132,0,33
-5,6,11,3,11,2475,AA,LAX,16,161,211,5,0,32,139,194,132,0,33
15,6,11,3,19,2475,AA,LAX,16,161,211,5,0,32,139,194,132,0,33
37,6,11,3,9,2475,AA,LAX,16,161,211,5,0,32,139,194,132,0,33
21,6,29,7,18,2475,DL,LAX,5,200,283,0,0,12,206,294,18,0,58
11,6,29,7,8,2475,DL,LAX,5,200,283,0,0,12,206,294,18,0,58
5,6,29,7,9,2475,DL,LAX,5,200,283,0,0,12,206,294,18,0,58
-7,6,29,7,12,2475,DL,LAX,5,200,283,0,0,12,206,294,18,0,58
-1,6,29,7,7,2475,DL,LAX,5,200,283,0,0,12,206,294,18,0,58
29,6,29,7,21,2475,DL,LAX,5,200,283,0,0,12,206,294,18,0,58
31,6,29,7,16,2475,DL,LAX,5,200,283,0,0,12,206,294,18,0,58
23,6,29,7,15,2475,DL,LAX,5,200,283,0,0,12,206,294,18,0,58
11,6,29,7,14,2475,UA,LAX,5,200,283,0,0,12,206,294,18,0,58
7,6,29,7,7,2475,VX,LAX,5,200,283,0,0,12,206,294,18,0,58
-5,6,29,7,9,2475,VX,LAX,5,200,283,0,0,12,206,294,18,0,58
-1,6,29,7,11,2475,VX,LAX,5,200,283,0,0,12,206,294,18,0,58
-3,6,29,7,13,2475,VX,LAX,5,200,283,0,0,12,206,294,18,0,58
39,6,29,7,16,2475,VX,LAX,5,200,283,0,0,12,206,294,18,0,58
-2,6,29,7,20,2475,VX,LAX,5,200,283,0,0,12,206,294,18,0,58
1,6,29,7,17,2475,UA,LAX,5,200,283,0,0,12,206,294,18,0,58
-4,6,29,7,20,2475,UA,LAX,5,200,283,0,0,12,206,294,18,0,58
-10,6,29,7,11,2475,UA,LAX,5,200,283,0,0,12,206,294,18,0,58
-4,6,29,7,8,2475,UA,LAX,5,200,283,0,0,12,206,294,18,0,58
8,6,29,7,16,2475,B6,LAX,5,200,283,0,0,12,206,294,18,0,58
-7,6,29,7,12,2475,B6,LAX,5,200,283,0,0,12,206,294,18,0,58
-3,6,29,7,9,2475,B6,LAX,5,200,283,0,0,12,206,294,18,0,58
-5,6,29,7,6,2475,B6,LAX,5,200,283,0,0,12,206,294,18,0,58
0,6,29,7,20,2475,B6,LAX,5,200,283,0,0,12,206,294,18,0,58
-1,6,29,7,19,2475,AA,LAX,5,200,283,0,0,12,206,294,18,0,58
120,6,29,7,20,2475,AA,LAX,5,200,283,0,0,12,206,294,18,0,58
-1,6,29,7,17,2475,AA,LAX,5,200,283,0,0,12,206,294,18,0,58
-6,6,29,7,10,2475,AA,LAX,5,200,283,0,0,12,206,294,18,0,58
-4,6,29,7,6,2475,AA,LAX,5,200,283,0,0,12,206,294,18,0,58
-6,6,29,7,16,2475,AA,LAX,5,200,283,0,0,12,206,294,18,0,58
1,6,29,7,8,2475,AA,LAX,5,200,283,0,0,12,206,294,18,0,58
-9,6,29,7,15,2475,AA,LAX,5,200,283,0,0,12,206,294,18,0,58
-4,6,29,7,18,2475,AA,LAX,5,200,283,0,0,12,206,294,18,0,58
-8,6,29,7,11,2475,AA,LAX,5,200,283,0,0,12,206,294,18,0,58
-8,6,29,7,7,2475,AA,LAX,5,200,283,0,0,12,206,294,18,0,58
-10,6,29,7,12,2475,AA,LAX,5,200,283,0,0,12,206,294,18,0,58
-10,6,29,7,9,2475,AA,LAX,5,200,283,0,0,12,206,294,18,0,58
-2,7,7,1,13,2475,VX,LAX,3,222,322,10,0,26,217,311,160,0,38
-5,7,7,1,11,2475,VX,LAX,3,222,322,10,0,26,217,311,160,0,38
-2,7,7,1,9,2475,VX,LAX,3,222,322,10,0,26,217,311,160,0,38
46,7,7,1,7,2475,VX,LAX,3,222,322,10,0,26,217,311,160,0,38
3,7,7,1,20,2475,VX,LAX,3,222,322,10,0,26,217,311,160,0,38
13,7,7,1,16,2475,VX,LAX,3,222,322,10,0,26,217,311,160,0,38
-4,7,7,1,6,2475,AA,LAX,3,222,322,10,0,26,217,311,160,0,38
0,7,7,1,14,2475,UA,LAX,3,222,322,10,0,26,217,311,160,0,38
-5,7,7,1,9,2475,B6,LAX,3,222,322,10,0,26,217,311,160,0,38
2,7,7,1,10,2475,AA,LAX,3,222,322,10,0,26,217,311,160,0,38
-4,7,7,1,12,2475,AA,LAX,3,222,322,10,0,26,217,311,160,0,38
-3,7,7,1,8,2475,UA,LAX,3,222,322,10,0,26,217,311,160,0,38
24,7,7,1,20,2475,UA,LAX,3,222,322,10,0,26,217,311,160,0,38
-4,7,7,1,17,2475,UA,LAX,3,222,322,10,0,26,217,311,160,0,38
12,7,7,1,18,2475,AA,LAX,3,222,322,10,0,26,217,311,160,0,38
2,7,7,1,11,2475,AA,LAX,3,222,322,10,0,26,217,311,160,0,38
-8,7,7,1,8,2475,AA,LAX,3,222,322,10,0,26,217,311,160,0,38
-1,7,7,1,7,2475,AA,LAX,3,222,322,10,0,26,217,311,160,0,38
0,7,7,1,20,2475,AA,LAX,3,222,322,10,0,26,217,311,160,0,38
-7,7,7,1,16,2475,AA,LAX,3,222,322,10,0,26,217,311,160,0,38
-5,7,7,1,15,2475,DL,LAX,3,222,322,10,0,26,217,311,160,0,38
138,7,7,1,21,2475,DL,LAX,3,222,322,10,0,26,217,311,160,0,38
1,7,7,1,8,2475,DL,LAX,3,222,322,10,0,26,217,311,160,0,38
9,7,7,1,16,2475,DL,LAX,3,222,322,10,0,26,217,311,160,0,38
-2,7,7,1,6,2475,B6,LAX,3,222,322,10,0,26,217,311,160,0,38
-1,7,7,1,19,2475,AA,LAX,3,222,322,10,0,26,217,311,160,0,38
-4,7,7,1,16,2475,B6,LAX,3,222,322,10,0,26,217,311,160,0,38
-2,7,7,1,18,2475,DL,LAX,3,222,322,10,0,26,217,311,160,0,38
-1,7,7,1,9,2475,DL,LAX,3,222,322,10,0,26,217,311,160,0,38
25,7,7,1,20,2475,B6,LAX,3,222,322,10,0,26,217,311,160,0,38
-7,7,7,1,11,2475,UA,LAX,3,222,322,10,0,26,217,311,160,0,38
-4,7,7,1,12,2475,DL,LAX,3,222,322,10,0,26,217,311,160,0,38
-1,7,7,1,15,2475,AA,LAX,3,222,322,10,0,26,217,311,160,0,38
12,7,7,1,12,2475,B6,LAX,3,222,322,10,0,26,217,311,160,0,38
-2,7,7,1,7,2475,DL,LAX,3,222,322,10,0,26,217,311,160,0,38
-4,7,7,1,9,2475,AA,LAX,3,222,322,10,0,26,217,311,160,0,38
0,7,7,1,6,2475,UA,LAX,3,222,322,10,0,26,217,311,160,0,38
-8,7,7,1,17,2475,AA,LAX,3,222,322,10,0,26,217,311,160,0,38
-4,7,12,6,17,2475,AA,LAX,8,217,294,0,0,15,211,267,119,0,47
-4,7,12,6,9,2475,B6,LAX,8,217,294,0,0,15,211,267,119,0,47
0,7,12,6,7,2475,AA,LAX,8,217,294,0,0,15,211,267,119,0,47
-3,7,12,6,8,2475,UA,LAX,8,217,294,0,0,15,211,267,119,0,47
0,7,12,6,12,2475,AA,LAX,8,217,294,0,0,15,211,267,119,0,47
-5,7,12,6,18,2475,AA,LAX,8,217,294,0,0,15,211,267,119,0,47
-2,7,12,6,16,2475,AA,LAX,8,217,294,0,0,15,211,267,119,0,47
-5,7,12,6,16,2475,B6,LAX,8,217,294,0,0,15,211,267,119,0,47
-8,7,12,6,9,2475,AA,LAX,8,217,294,0,0,15,211,267,119,0,47
0,7,12,6,11,2475,UA,LAX,8,217,294,0,0,15,211,267,119,0,47
12,7,12,6,18,2475,DL,LAX,8,217,294,0,0,15,211,267,119,0,47
-4,7,12,6,9,2475,DL,LAX,8,217,294,0,0,15,211,267,119,0,47
-3,7,12,6,6,2475,B6,LAX,8,217,294,0,0,15,211,267,119,0,47
-3,7,12,6,12,2475,DL,LAX,8,217,294,0,0,15,211,267,119,0,47
75,7,12,6,18,2475,UA,LAX,8,217,294,0,0,15,211,267,119,0,47
4,7,12,6,10,2475,AA,LAX,8,217,294,0,0,15,211,267,119,0,47
-3,7,12,6,19,2475,AA,LAX,8,217,294,0,0,15,211,267,119,0,47
-2,7,12,6,15,2475,DL,LAX,8,217,294,0,0,15,211,267,119,0,47
-7,7,12,6,15,2475,AA,LAX,8,217,294,0,0,15,211,267,119,0,47
-1,7,12,6,8,2475,DL,LAX,8,217,294,0,0,15,211,267,119,0,47
-1,7,12,6,14,2475,UA,LAX,8,217,294,0,0,15,211,267,119,0,47
60,7,12,6,20,2475,AA,LAX,8,217,294,0,0,15,211,267,119,0,47
0,7,12,6,20,2475,B6,LAX,8,217,294,0,0,15,211,267,119,0,47
-3,7,12,6,11,2475,AA,LAX,8,217,294,0,0,15,211,267,119,0,47
63,7,12,6,12,2475,B6,LAX,8,217,294,0,0,15,211,267,119,0,47
-6,7,12,6,8,2475,AA,LAX,8,217,294,0,0,15,211,267,119,0,47
-1,7,12,6,6,2475,UA,LAX,8,217,294,0,0,15,211,267,119,0,47
-3,7,12,6,16,2475,VX,LAX,8,217,294,0,0,15,211,267,119,0,47
44,7,12,6,13,2475,VX,LAX,8,217,294,0,0,15,211,267,119,0,47
-2,7,12,6,11,2475,VX,LAX,8,217,294,0,0,15,211,267,119,0,47
-9,7,12,6,9,2475,VX,LAX,8,217,294,0,0,15,211,267,119,0,47
12,7,12,6,7,2475,VX,LAX,8,217,294,0,0,15,211,267,119,0,47
-2,8,8,5,8,2475,UA,LAX,24,183,283,0,0,14,189,278,0,0,48
-1,8,8,5,14,2475,UA,LAX,24,183,283,0,0,14,189,278,0,0,48
99,8,8,5,6,2475,UA,LAX,24,183,283,0,0,14,189,278,0,0,48
-2,8,8,5,16,2475,DL,LAX,24,183,283,0,0,14,189,278,0,0,48
-6,8,8,5,8,2475,DL,LAX,24,183,283,0,0,14,189,278,0,0,48
51,8,8,5,21,2475,DL,LAX,24,183,283,0,0,14,189,278,0,0,48
-1,8,8,5,15,2475,DL,LAX,24,183,283,0,0,14,189,278,0,0,48
-2,8,8,5,7,2475,DL,LAX,24,183,283,0,0,14,189,278,0,0,48
46,8,8,5,12,2475,DL,LAX,24,183,283,0,0,14,189,278,0,0,48
-5,8,8,5,9,2475,DL,LAX,24,183,283,0,0,14,189,278,0,0,48
21,8,8,5,18,2475,DL,LAX,24,183,283,0,0,14,189,278,0,0,48
-4,8,8,5,7,2475,VX,LAX,24,183,283,0,0,14,189,278,0,0,48
-3,8,8,5,9,2475,VX,LAX,24,183,283,0,0,14,189,278,0,0,48
-3,8,8,5,11,2475,VX,LAX,24,183,283,0,0,14,189,278,0,0,48
-1,8,8,5,13,2475,VX,LAX,24,183,283,0,0,14,189,278,0,0,48
0,8,8,5,16,2475,VX,LAX,24,183,283,0,0,14,189,278,0,0,48
1,8,8,5,20,2475,VX,LAX,24,183,283,0,0,14,189,278,0,0,48
-3,8,8,5,11,2475,UA,LAX,24,183,283,0,0,14,189,278,0,0,48
-4,8,8,5,17,2475,UA,LAX,24,183,283,0,0,14,189,278,0,0,48
-1,8,8,5,20,2475,UA,LAX,24,183,283,0,0,14,189,278,0,0,48
-4,8,8,5,6,2475,B6,LAX,24,183,283,0,0,14,189,278,0,0,48
12,8,8,5,15,2475,AA,LAX,24,183,283,0,0,14,189,278,0,0,48
3,8,8,5,12,2475,B6,LAX,24,183,283,0,0,14,189,278,0,0,48
46,8,8,5,17,2475,AA,LAX,24,183,283,0,0,14,189,278,0,0,48
-4,8,8,5,9,2475,B6,LAX,24,183,283,0,0,14,189,278,0,0,48
1,8,8,5,16,2475,AA,LAX,24,183,283,0,0,14,189,278,0,0,48
-5,8,8,5,6,2475,AA,LAX,24,183,283,0,0,14,189,278,0,0,48
-3,8,8,5,9,2475,AA,LAX,24,183,283,0,0,14,189,278,0,0,48
-1,8,8,5,8,2475,AA,LAX,24,183,283,0,0,14,189,278,0,0,48
-9,8,8,5,12,2475,AA,LAX,24,183,283,0,0,14,189,278,0,0,48
-2,8,8,5,16,2475,B6,LAX,24,183,283,0,0,14,189,278,0,0,48
-3,8,8,5,7,2475,AA,LAX,24,183,283,0,0,14,189,278,0,0,48
-5,8,8,5,20,2475,B6,LAX,24,183,283,0,0,14,189,278,0,0,48
-6,8,8,5,11,2475,AA,LAX,24,183,283,0,0,14,189,278,0,0,48
-4,8,8,5,19,2475,AA,LAX,24,183,283,0,0,14,189,278,0,0,48
6,8,8,5,18,2475,AA,LAX,24,183,283,0,0,14,189,278,0,0,48
-11,8,8,5,10,2475,AA,LAX,24,183,283,0,0,14,189,278,0,0,48
7,8,8,5,20,2475,AA,LAX,24,183,283,0,0,14,189,278,0,0,48
131,8,13,3,16,2475,AA,LAX,19,200,278,135,0,25,139,278,0,0,42
-6,8,13,3,9,2475,AA,LAX,19,200,278,135,0,25,139,278,0,0,42
106,8,13,3,6,2475,B6,LAX,19,200,278,135,0,25,139,278,0,0,42
-5,8,13,3,12,2475,B6,LAX,19,200,278,135,0,25,139,278,0,0,42
-9,8,13,3,12,2475,AA,LAX,19,200,278,135,0,25,139,278,0,0,42
-3,8,13,3,18,2475,AA,LAX,19,200,278,135,0,25,139,278,0,0,42
-4,8,13,3,15,2475,AA,LAX,19,200,278,135,0,25,139,278,0,0,42
-4,8,13,3,9,2475,B6,LAX,19,200,278,135,0,25,139,278,0,0,42
-7,8,13,3,7,2475,AA,LAX,19,200,278,135,0,25,139,278,0,0,42
15,8,13,3,8,2475,AA,LAX,19,200,278,135,0,25,139,278,0,0,42
4,8,13,3,17,2475,AA,LAX,19,200,278,135,0,25,139,278,0,0,42
-2,8,13,3,20,2475,AA,LAX,19,200,278,135,0,25,139,278,0,0,42
88,8,13,3,20,2475,B6,LAX,19,200,278,135,0,25,139,278,0,0,42
-5,8,13,3,11,2475,AA,LAX,19,200,278,135,0,25,139,278,0,0,42
-2,8,13,3,19,2475,AA,LAX,19,200,278,135,0,25,139,278,0,0,42
2,8,13,3,10,2475,AA,LAX,19,200,278,135,0,25,139,278,0,0,42
-2,8,13,3,6,2475,AA,LAX,19,200,278,135,0,25,139,278,0,0,42
4,8,13,3,16,2475,B6,LAX,19,200,278,135,0,25,139,278,0,0,42
16,8,13,3,16,2475,VX,LAX,19,200,278,135,0,25,139,278,0,0,42
-2,8,13,3,13,2475,VX,LAX,19,200,278,135,0,25,139,278,0,0,42
2,8,13,3,11,2475,VX,LAX,19,200,278,135,0,25,139,278,0,0,42
-5,8,13,3,9,2475,VX,LAX,19,200,278,135,0,25,139,278,0,0,42
-1,8,13,3,7,2475,VX,LAX,19,200,278,135,0,25,139,278,0,0,42
-1,8,13,3,8,2475,UA,LAX,19,200,278,135,0,25,139,278,0,0,42
60,8,13,3,14,2475,UA,LAX,19,200,278,135,0,25,139,278,0,0,42
-4,8,13,3,17,2475,UA,LAX,19,200,278,135,0,25,139,278,0,0,42
-2,8,13,3,11,2475,UA,LAX,19,200,278,135,0,25,139,278,0,0,42
-4,8,13,3,20,2475,UA,LAX,19,200,278,135,0,25,139,278,0,0,42
145,8,13,3,6,2475,UA,LAX,19,200,278,135,0,25,139,278,0,0,42
-3,8,13,3,20,2475,VX,LAX,19,200,278,135,0,25,139,278,0,0,42
15,8,13,3,16,2475,DL,LAX,19,200,278,135,0,25,139,278,0,0,42
-8,8,13,3,8,2475,DL,LAX,19,200,278,135,0,25,139,278,0,0,42
106,8,13,3,21,2475,DL,LAX,19,200,278,135,0,25,139,278,0,0,42
0,8,13,3,15,2475,DL,LAX,19,200,278,135,0,25,139,278,0,0,42
8,8,13,3,7,2475,DL,LAX,19,200,278,135,0,25,139,278,0,0,42
-1,8,13,3,12,2475,DL,LAX,19,200,278,135,0,25,139,278,0,0,42
-1,8,13,3,9,2475,DL,LAX,19,200,278,135,0,25,139,278,0,0,42
-2,8,13,3,18,2475,DL,LAX,19,200,278,135,0,25,139,278,0,0,42
-4,9,9,2,6,2475,B6,LAX,8,172,228,0,0,35,172,261,3,0,34
-4,9,9,2,18,2475,DL,LAX,8,172,228,0,0,35,172,261,3,0,34
63,9,9,2,9,2475,DL,LAX,8,172,228,0,0,35,172,261,3,0,34
-2,9,9,2,12,2475,DL,LAX,8,172,228,0,0,35,172,261,3,0,34
-5,9,9,2,7,2475,DL,LAX,8,172,228,0,0,35,172,261,3,0,34
-3,9,9,2,16,2475,DL,LAX,8,172,228,0,0,35,172,261,3,0,34
44,9,9,2,21,2475,DL,LAX,8,172,228,0,0,35,172,261,3,0,34
-1,9,9,2,8,2475,DL,LAX,8,172,228,0,0,35,172,261,3,0,34
-4,9,9,2,15,2475,DL,LAX,8,172,228,0,0,35,172,261,3,0,34
-6,9,9,2,20,2475,B6,LAX,8,172,228,0,0,35,172,261,3,0,34
-3,9,9,2,16,2475,AA,LAX,8,172,228,0,0,35,172,261,3,0,34
-11,9,9,2,7,2475,AA,LAX,8,172,228,0,0,35,172,261,3,0,34
-1,9,9,2,16,2475,B6,LAX,8,172,228,0,0,35,172,261,3,0,34
2,9,9,2,11,2475,AA,LAX,8,172,228,0,0,35,172,261,3,0,34
-9,9,9,2,8,2475,AA,LAX,8,172,228,0,0,35,172,261,3,0,34
-5,9,9,2,10,2475,AA,LAX,8,172,228,0,0,35,172,261,3,0,34
-7,9,9,2,12,2475,AA,LAX,8,172,228,0,0,35,172,261,3,0,34
-1,9,9,2,20,2475,AA,LAX,8,172,228,0,0,35,172,261,3,0,34
0,9,9,2,20,2475,VX,LAX,8,172,228,0,0,35,172,261,3,0,34
-2,9,9,2,6,2475,AA,LAX,8,172,228,0,0,35,172,261,3,0,34
-4,9,9,2,16,2475,VX,LAX,8,172,228,0,0,35,172,261,3,0,34
-4,9,9,2,18,2475,AA,LAX,8,172,228,0,0,35,172,261,3,0,34
-4,9,9,2,17,2475,AA,LAX,8,172,228,0,0,35,172,261,3,0,34
-2,9,9,2,7,2475,VX,LAX,8,172,228,0,0,35,172,261,3,0,34
-5,9,9,2,19,2475,AA,LAX,8,172,228,0,0,35,172,261,3,0,34
-1,9,9,2,9,2475,VX,LAX,8,172,228,0,0,35,172,261,3,0,34
-6,9,9,2,9,2475,B6,LAX,8,172,228,0,0,35,172,261,3,0,34
-4,9,9,2,14,2475,AA,LAX,8,172,228,0,0,35,172,261,3,0,34
-4,9,9,2,13,2475,VX,LAX,8,172,228,0,0,35,172,261,3,0,34
-9,9,9,2,11,2475,B6,LAX,8,172,228,0,0,35,172,261,3,0,34
-2,9,9,2,9,2475,AA,LAX,8,172,228,0,0,35,172,261,3,0,34
-4,9,9,2,14,2475,UA,LAX,8,172,228,0,0,35,172,261,3,0,34
-7,9,9,2,20,2475,UA,LAX,8,172,228,0,0,35,172,261,3,0,34
-6,9,9,2,8,2475,UA,LAX,8,172,228,0,0,35,172,261,3,0,34
-8,9,9,2,6,2475,UA,LAX,8,172,228,0,0,35,172,261,3,0,34
-6,9,9,2,11,2475,UA,LAX,8,172,228,0,0,35,172,261,3,0,34
4,9,9,2,17,2475,UA,LAX,8,172,228,0,0,35,172,261,3,0,34
-2,9,14,7,8,2475,DL,LAX,13,117,217,0,0,14,56,183,0,0,22
-2,9,14,7,21,2475,DL,LAX,13,117,217,0,0,14,56,183,0,0,22
-6,9,14,7,16,2475,DL,LAX,13,117,217,0,0,14,56,183,0,0,22
19,9,14,7,7,2475,DL,LAX,13,117,217,0,0,14,56,183,0,0,22
-3,9,14,7,8,2475,UA,LAX,13,117,217,0,0,14,56,183,0,0,22
34,9,14,7,20,2475,UA,LAX,13,117,217,0,0,14,56,183,0,0,22
-3,9,14,7,17,2475,UA,LAX,13,117,217,0,0,14,56,183,0,0,22
-4,9,14,7,11,2475,UA,LAX,13,117,217,0,0,14,56,183,0,0,22
-6,9,14,7,14,2475,UA,LAX,13,117,217,0,0,14,56,183,0,0,22
36,9,14,7,12,2475,DL,LAX,13,117,217,0,0,14,56,183,0,0,22
-3,9,14,7,9,2475,DL,LAX,13,117,217,0,0,14,56,183,0,0,22
6,9,14,7,15,2475,DL,LAX,13,117,217,0,0,14,56,183,0,0,22
-4,9,14,7,16,2475,AA,LAX,13,117,217,0,0,14,56,183,0,0,22
2,9,14,7,20,2475,AA,LAX,13,117,217,0,0,14,56,183,0,0,22
0,9,14,7,9,2475,B6,LAX,13,117,217,0,0,14,56,183,0,0,22
-8,9,14,7,10,2475,AA,LAX,13,117,217,0,0,14,56,183,0,0,22
-3,9,14,7,19,2475,AA,LAX,13,117,217,0,0,14,56,183,0,0,22
6,9,14,7,18,2475,AA,LAX,13,117,217,0,0,14,56,183,0,0,22
-5,9,14,7,6,2475,AA,LAX,13,117,217,0,0,14,56,183,0,0,22
0,9,14,7,16,2475,B6,LAX,13,117,217,0,0,14,56,183,0,0,22
-7,9,14,7,17,2475,AA,LAX,13,117,217,0,0,14,56,183,0,0,22
-6,9,14,7,12,2475,AA,LAX,13,117,217,0,0,14,56,183,0,0,22
-1,9,14,7,11,2475,B6,LAX,13,117,217,0,0,14,56,183,0,0,22
19,9,14,7,8,2475,AA,LAX,13,117,217,0,0,14,56,183,0,0,22
4,9,14,7,14,2475,AA,LAX,13,117,217,0,0,14,56,183,0,0,22
-10,9,14,7,11,2475,AA,LAX,13,117,217,0,0,14,56,183,0,0,22
10,9,14,7,20,2475,B6,LAX,13,117,217,0,0,14,56,183,0,0,22
35,9,14,7,20,2475,VX,LAX,13,117,217,0,0,14,56,183,0,0,22
-1,9,14,7,16,2475,VX,LAX,13,117,217,0,0,14,56,183,0,0,22
-6,9,14,7,9,2475,AA,LAX,13,117,217,0,0,14,56,183,0,0,22
9,9,14,7,13,2475,VX,LAX,13,117,217,0,0,14,56,183,0,0,22
-1,9,14,7,11,2475,VX,LAX,13,117,217,0,0,14,56,183,0,0,22
-6,9,14,7,7,2475,AA,LAX,13,117,217,0,0,14,56,183,0,0,22
-4,9,14,7,9,2475,VX,LAX,13,117,217,0,0,14,56,183,0,0,22
15,9,14,7,18,2475,DL,LAX,13,117,217,0,0,14,56,183,0,0,22
-3,9,14,7,6,2475,B6,LAX,13,117,217,0,0,14,56,183,0,0,22
-3,10,5,7,16,2475,VX,LAX,8,78,161,0,0,25,28,128,3,0,40
-3,10,5,7,9,2475,AA,LAX,8,78,161,0,0,25,28,128,3,0,40
31,10,5,7,12,2475,AA,LAX,8,78,161,0,0,25,28,128,3,0,40
-3,10,5,7,17,2475,UA,LAX,8,78,161,0,0,25,28,128,3,0,40
24,10,5,7,20,2475,UA,LAX,8,78,161,0,0,25,28,128,3,0,40
-1,10,5,7,8,2475,UA,LAX,8,78,161,0,0,25,28,128,3,0,40
-4,10,5,7,7,2475,AA,LAX,8,78,161,0,0,25,28,128,3,0,40
-4,10,5,7,14,2475,UA,LAX,8,78,161,0,0,25,28,128,3,0,40
-5,10,5,7,11,2475,UA,LAX,8,78,161,0,0,25,28,128,3,0,40
-11,10,5,7,11,2475,AA,LAX,8,78,161,0,0,25,28,128,3,0,40
9,10,5,7,20,2475,VX,LAX,8,78,161,0,0,25,28,128,3,0,40
3,10,5,7,18,2475,AA,LAX,8,78,161,0,0,25,28,128,3,0,40
-6,10,5,7,8,2475,AA,LAX,8,78,161,0,0,25,28,128,3,0,40
-5,10,5,7,14,2475,AA,LAX,8,78,161,0,0,25,28,128,3,0,40
22,10,5,7,16,2475,AA,LAX,8,78,161,0,0,25,28,128,3,0,40
-1,10,5,7,17,2475,AA,LAX,8,78,161,0,0,25,28,128,3,0,40
48,10,5,7,20,2475,AA,LAX,8,78,161,0,0,25,28,128,3,0,40
-9,10,5,7,19,2475,AA,LAX,8,78,161,0,0,25,28,128,3,0,40
-1,10,5,7,9,2475,VX,LAX,8,78,161,0,0,25,28,128,3,0,40
-5,10,5,7,11,2475,VX,LAX,8,78,161,0,0,25,28,128,3,0,40
13,10,5,7,13,2475,VX,LAX,8,78,161,0,0,25,28,128,3,0,40
42,10,5,7,7,2475,DL,LAX,8,78,161,0,0,25,28,128,3,0,40
63,10,5,7,21,2475,DL,LAX,8,78,161,0,0,25,28,128,3,0,40
13,10,5,7,15,2475,DL,LAX,8,78,161,0,0,25,28,128,3,0,40
0,10,5,7,8,2475,DL,LAX,8,78,161,0,0,25,28,128,3,0,40
-11,10,5,7,10,2475,AA,LAX,8,78,161,0,0,25,28,128,3,0,40
2,10,5,7,21,2475,B6,LAX,8,78,161,0,0,25,28,128,3,0,40
13,10,5,7,16,2475,B6,LAX,8,78,161,0,0,25,28,128,3,0,40
-3,10,5,7,11,2475,B6,LAX,8,78,161,0,0,25,28,128,3,0,40
-8,10,5,7,9,2475,B6,LAX,8,78,161,0,0,25,28,128,3,0,40
-3,10,5,7,8,2475,B6,LAX,8,78,161,0,0,25,28,128,3,0,40
-10,10,5,7,6,2475,B6,LAX,8,78,161,0,0,25,28,128,3,0,40
-4,10,5,7,6,2475,AA,LAX,8,78,161,0,0,25,28,128,3,0,40
1,10,5,7,18,2475,DL,LAX,8,78,161,0,0,25,28,128,3,0,40
-6,10,5,7,16,2475,DL,LAX,8,78,161,0,0,25,28,128,3,0,40
-2,10,5,7,9,2475,DL,LAX,8,78,161,0,0,25,28,128,3,0,40
9,10,5,7,12,2475,DL,LAX,8,78,161,0,0,25,28,128,3,0,40
90,10,10,5,21,2475,DL,LAX,3,111,178,0,0,10,39,144,0,0,37
-1,10,10,5,9,2475,DL,LAX,3,111,178,0,0,10,39,144,0,0,37
30,10,10,5,15,2475,DL,LAX,3,111,178,0,0,10,39,144,0,0,37
-1,10,10,5,7,2475,DL,LAX,3,111,178,0,0,10,39,144,0,0,37
-1,10,10,5,12,2475,DL,LAX,3,111,178,0,0,10,39,144,0,0,37
-4,10,10,5,9,2475,DL,LAX,3,111,178,0,0,10,39,144,0,0,37
40,10,10,5,16,2475,DL,LAX,3,111,178,0,0,10,39,144,0,0,37
8,10,10,5,18,2475,DL,LAX,3,111,178,0,0,10,39,144,0,0,37
24,10,10,5,21,2475,B6,LAX,3,111,178,0,0,10,39,144,0,0,37
29,10,10,5,16,2475,B6,LAX,3,111,178,0,0,10,39,144,0,0,37
22,10,10,5,11,2475,B6,LAX,3,111,178,0,0,10,39,144,0,0,37
-7,10,10,5,9,2475,B6,LAX,3,111,178,0,0,10,39,144,0,0,37
-1,10,10,5,8,2475,B6,LAX,3,111,178,0,0,10,39,144,0,0,37
-5,10,10,5,6,2475,B6,LAX,3,111,178,0,0,10,39,144,0,0,37
-6,10,10,5,10,2475,AA,LAX,3,111,178,0,0,10,39,144,0,0,37
-9,10,10,5,6,2475,AA,LAX,3,111,178,0,0,10,39,144,0,0,37
19,10,10,5,14,2475,UA,LAX,3,111,178,0,0,10,39,144,0,0,37
-8,10,10,5,7,2475,AA,LAX,3,111,178,0,0,10,39,144,0,0,37
-6,10,10,5,12,2475,AA,LAX,3,111,178,0,0,10,39,144,0,0,37
129,10,10,5,20,2475,VX,LAX,3,111,178,0,0,10,39,144,0,0,37
0,10,10,5,19,2475,AA,LAX,3,111,178,0,0,10,39,144,0,0,37
23,10,10,5,16,2475,VX,LAX,3,111,178,0,0,10,39,144,0,0,37
-5,10,10,5,9,2475,AA,LAX,3,111,178,0,0,10,39,144,0,0,37
-8,10,10,5,13,2475,VX,LAX,3,111,178,0,0,10,39,144,0,0,37
-1,10,10,5,11,2475,VX,LAX,3,111,178,0,0,10,39,144,0,0,37
-6,10,10,5,9,2475,VX,LAX,3,111,178,0,0,10,39,144,0,0,37
-3,10,10,5,7,2475,VX,LAX,3,111,178,0,0,10,39,144,0,0,37
-12,10,10,5,11,2475,AA,LAX,3,111,178,0,0,10,39,144,0,0,37
198,10,10,5,20,2475,AA,LAX,3,111,178,0,0,10,39,144,0,0,37
23,10,10,5,17,2475,AA,LAX,3,111,178,0,0,10,39,144,0,0,37
37,10,10,5,16,2475,AA,LAX,3,111,178,0,0,10,39,144,0,0,37
-6,10,10,5,14,2475,AA,LAX,3,111,178,0,0,10,39,144,0,0,37
-4,10,10,5,8,2475,AA,LAX,3,111,178,0,0,10,39,144,0,0,37
-6,10,10,5,18,2475,AA,LAX,3,111,178,0,0,10,39,144,0,0,37
-2,10,10,5,6,2475,UA,LAX,3,111,178,0,0,10,39,144,0,0,37
0,10,10,5,8,2475,UA,LAX,3,111,178,0,0,10,39,144,0,0,37
-2,10,10,5,20,2475,UA,LAX,3,111,178,0,0,10,39,144,0,0,37
35,10,10,5,17,2475,UA,LAX,3,111,178,0,0,10,39,144,0,0,37
6,10,10,5,11,2475,UA,LAX,3,111,178,0,0,10,39,144,0,0,37
-8,10,28,2,8,2475,UA,LAX,14,117,222,0,0,13,72,200,0,0,70
-9,10,28,2,12,2475,AA,LAX,14,117,222,0,0,13,72,200,0,0,70
-1,10,28,2,7,2475,AA,LAX,14,117,222,0,0,13,72,200,0,0,70
-3,10,28,2,19,2475,AA,LAX,14,117,222,0,0,13,72,200,0,0,70
-10,10,28,2,11,2475,AA,LAX,14,117,222,0,0,13,72,200,0,0,70
-4,10,28,2,18,2475,AA,LAX,14,117,222,0,0,13,72,200,0,0,70
-3,10,28,2,6,2475,UA,LAX,14,117,222,0,0,13,72,200,0,0,70
-4,10,28,2,8,2475,AA,LAX,14,117,222,0,0,13,72,200,0,0,70
0,10,28,2,20,2475,VX,LAX,14,117,222,0,0,13,72,200,0,0,70
-3,10,28,2,16,2475,VX,LAX,14,117,222,0,0,13,72,200,0,0,70
-3,10,28,2,14,2475,AA,LAX,14,117,222,0,0,13,72,200,0,0,70
4,10,28,2,13,2475,VX,LAX,14,117,222,0,0,13,72,200,0,0,70
0,10,28,2,9,2475,VX,LAX,14,117,222,0,0,13,72,200,0,0,70
-2,10,28,2,16,2475,AA,LAX,14,117,222,0,0,13,72,200,0,0,70
36,10,28,2,7,2475,VX,LAX,14,117,222,0,0,13,72,200,0,0,70
-4,10,28,2,17,2475,AA,LAX,14,117,222,0,0,13,72,200,0,0,70
38,10,28,2,20,2475,AA,LAX,14,117,222,0,0,13,72,200,0,0,70
-2,10,28,2,14,2475,UA,LAX,14,117,222,0,0,13,72,200,0,0,70
-7,10,28,2,11,2475,UA,LAX,14,117,222,0,0,13,72,200,0,0,70
-2,10,28,2,17,2475,UA,LAX,14,117,222,0,0,13,72,200,0,0,70
-9,10,28,2,9,2475,AA,LAX,14,117,222,0,0,13,72,200,0,0,70
-5,10,28,2,19,2475,UA,LAX,14,117,222,0,0,13,72,200,0,0,70
1,10,28,2,21,2475,B6,LAX,14,117,222,0,0,13,72,200,0,0,70
-11,10,28,2,9,2475,B6,LAX,14,117,222,0,0,13,72,200,0,0,70
-1,10,28,2,16,2475,DL,LAX,14,117,222,0,0,13,72,200,0,0,70
-5,10,28,2,9,2475,DL,LAX,14,117,222,0,0,13,72,200,0,0,70
-6,10,28,2,8,2475,DL,LAX,14,117,222,0,0,13,72,200,0,0,70
5,10,28,2,15,2475,DL,LAX,14,117,222,0,0,13,72,200,0,0,70
5,10,28,2,21,2475,DL,LAX,14,117,222,0,0,13,72,200,0,0,70
-3,10,28,2,7,2475,DL,LAX,14,117,222,0,0,13,72,200,0,0,70
-3,10,28,2,12,2475,DL,LAX,14,117,222,0,0,13,72,200,0,0,70
-9,10,28,2,7,2475,B6,LAX,14,117,222,0,0,13,72,200,0,0,70
-5,10,28,2,6,2475,AA,LAX,14,117,222,0,0,13,72,200,0,0,70
0,10,28,2,15,2475,B6,LAX,14,117,222,0,0,13,72,200,0,0,70
-13,10,28,2,6,2475,B6,LAX,14,117,222,0,0,13,72,200,0,0,70
14,10,28,2,18,2475,DL,LAX,14,117,222,0,0,13,72,200,0,0,70
-6,10,28,2,9,2475,AA,LAX,14,117,222,0,0,13,72,200,0,0,70
-7,11,6,4,7,2475,B6,LAX,5,89,139,94,0,14,33,106,0,0,76
-3,11,6,4,6,2475,B6,LAX,5,89,139,94,0,14,33,106,0,0,76
47,11,6,4,20,2475,AA,LAX,5,89,139,94,0,14,33,106,0,0,76
-4,11,6,4,12,2475,AA,LAX,5,89,139,94,0,14,33,106,0,0,76
3,11,6,4,7,2475,DL,LAX,5,89,139,94,0,14,33,106,0,0,76
-5,11,6,4,10,2475,AA,LAX,5,89,139,94,0,14,33,106,0,0,76
39,11,6,4,14,2475,AA,LAX,5,89,139,94,0,14,33,106,0,0,76
-1,11,6,4,11,2475,AA,LAX,5,89,139,94,0,14,33,106,0,0,76
35,11,6,4,17,2475,AA,LAX,5,89,139,94,0,14,33,106,0,0,76
-3,11,6,4,9,2475,AA,LAX,5,89,139,94,0,14,33,106,0,0,76
0,11,6,4,18,2475,AA,LAX,5,89,139,94,0,14,33,106,0,0,76
3,11,6,4,7,2475,AA,LAX,5,89,139,94,0,14,33,106,0,0,76
-3,11,6,4,9,2475,DL,LAX,5,89,139,94,0,14,33,106,0,0,76
-3,11,6,4,16,2475,DL,LAX,5,89,139,94,0,14,33,106,0,0,76
11,11,6,4,15,2475,DL,LAX,5,89,139,94,0,14,33,106,0,0,76
0,11,6,4,21,2475,DL,LAX,5,89,139,94,0,14,33,106,0,0,76
5,11,6,4,8,2475,AA,LAX,5,89,139,94,0,14,33,106,0,0,76
-1,11,6,4,18,2475,B6,LAX,5,89,139,94,0,14,33,106,0,0,76
1,11,6,4,18,2475,DL,LAX,5,89,139,94,0,14,33,106,0,0,76
10,11,6,4,16,2475,AA,LAX,5,89,139,94,0,14,33,106,0,0,76
4,11,6,4,20,2475,AA,LAX,5,89,139,94,0,14,33,106,0,0,76
-7,11,6,4,6,2475,AA,LAX,5,89,139,94,0,14,33,106,0,0,76
7,11,6,4,15,2475,B6,LAX,5,89,139,94,0,14,33,106,0,0,76
40,11,6,4,21,2475,B6,LAX,5,89,139,94,0,14,33,106,0,0,76
13,11,6,4,8,2475,DL,LAX,5,89,139,94,0,14,33,106,0,0,76
-4,11,6,4,11,2475,DL,LAX,5,89,139,94,0,14,33,106,0,0,76
-2,11,6,4,9,2475,B6,LAX,5,89,139,94,0,14,33,106,0,0,76
0,11,6,4,16,2475,VX,LAX,5,89,139,94,0,14,33,106,0,0,76
-4,11,6,4,9,2475,VX,LAX,5,89,139,94,0,14,33,106,0,0,76
-2,11,6,4,7,2475,VX,LAX,5,89,139,94,0,14,33,106,0,0,76
1,11,6,4,13,2475,VX,LAX,5,89,139,94,0,14,33,106,0,0,76
3,11,6,4,20,2475,VX,LAX,5,89,139,94,0,14,33,106,0,0,76
-7,11,6,4,6,2475,UA,LAX,5,89,139,94,0,14,33,106,0,0,76
-7,11,6,4,8,2475,UA,LAX,5,89,139,94,0,14,33,106,0,0,76
-3,11,6,4,19,2475,UA,LAX,5,89,139,94,0,14,33,106,0,0,76
12,11,6,4,17,2475,UA,LAX,5,89,139,94,0,14,33,106,0,0,76
-2,11,6,4,11,2475,UA,LAX,5,89,139,94,0,14,33,106,0,0,76
-3,11,6,4,14,2475,UA,LAX,5,89,139,94,0,14,33,106,0,0,76
12,11,11,2,15,2475,DL,LAX,0,94,178,0,0,15,-5,144,53,0,68
16,11,11,2,18,2475,DL,LAX,0,94,178,0,0,15,-5,144,53,0,68
0,11,11,2,9,2475,AA,LAX,0,94,178,0,0,15,-5,144,53,0,68
-2,11,11,2,20,2475,AA,LAX,0,94,178,0,0,15,-5,144,53,0,68
-4,11,11,2,11,2475,UA,LAX,0,94,178,0,0,15,-5,144,53,0,68
-3,11,11,2,17,2475,UA,LAX,0,94,178,0,0,15,-5,144,53,0,68
7,11,11,2,20,2475,AA,LAX,0,94,178,0,0,15,-5,144,53,0,68
-4,11,11,2,16,2475,AA,LAX,0,94,178,0,0,15,-5,144,53,0,68
-3,11,11,2,6,2475,B6,LAX,0,94,178,0,0,15,-5,144,53,0,68
-3,11,11,2,7,2475,B6,LAX,0,94,178,0,0,15,-5,144,53,0,68
-4,11,11,2,9,2475,B6,LAX,0,94,178,0,0,15,-5,144,53,0,68
12,11,11,2,15,2475,B6,LAX,0,94,178,0,0,15,-5,144,53,0,68
-9,11,11,2,6,2475,AA,LAX,0,94,178,0,0,15,-5,144,53,0,68
-7,11,11,2,21,2475,B6,LAX,0,94,178,0,0,15,-5,144,53,0,68
-4,11,11,2,8,2475,AA,LAX,0,94,178,0,0,15,-5,144,53,0,68
-5,11,11,2,18,2475,AA,LAX,0,94,178,0,0,15,-5,144,53,0,68
27,11,11,2,17,2475,AA,LAX,0,94,178,0,0,15,-5,144,53,0,68
-7,11,11,2,11,2475,AA,LAX,0,94,178,0,0,15,-5,144,53,0,68
-3,11,11,2,7,2475,AA,LAX,0,94,178,0,0,15,-5,144,53,0,68
-4,11,11,2,10,2475,AA,LAX,0,94,178,0,0,15,-5,144,53,0,68
-2,11,11,2,14,2475,AA,LAX,0,94,178,0,0,15,-5,144,53,0,68
-1,11,11,2,16,2475,DL,LAX,0,94,178,0,0,15,-5,144,53,0,68
-6,11,11,2,8,2475,DL,LAX,0,94,178,0,0,15,-5,144,53,0,68
-5,11,11,2,21,2475,DL,LAX,0,94,178,0,0,15,-5,144,53,0,68
-7,11,11,2,7,2475,DL,LAX,0,94,178,0,0,15,-5,144,53,0,68
-3,11,11,2,12,2475,AA,LAX,0,94,178,0,0,15,-5,144,53,0,68
-6,11,11,2,11,2475,DL,LAX,0,94,178,0,0,15,-5,144,53,0,68
6,11,11,2,9,2475,DL,LAX,0,94,178,0,0,15,-5,144,53,0,68
-5,11,11,2,8,2475,UA,LAX,0,94,178,0,0,15,-5,144,53,0,68
-4,11,11,2,16,2475,VX,LAX,0,94,178,0,0,15,-5,144,53,0,68
-4,11,11,2,13,2475,VX,LAX,0,94,178,0,0,15,-5,144,53,0,68
10,11,11,2,9,2475,VX,LAX,0,94,178,0,0,15,-5,144,53,0,68
0,11,11,2,7,2475,VX,LAX,0,94,178,0,0,15,-5,144,53,0,68
-4,11,11,2,19,2475,UA,LAX,0,94,178,0,0,15,-5,144,53,0,68
-6,11,11,2,20,2475,VX,LAX,0,94,178,0,0,15,-5,144,53,0,68
-7,11,11,2,6,2475,UA,LAX,0,94,178,0,0,15,-5,144,53,0,68
-2,11,11,2,14,2475,UA,LAX,0,94,178,0,0,15,-5,144,53,0,68
-2,11,29,6,16,2475,VX,LAX,2,-27,72,0,0,16,-16,106,0,0,59
7,11,29,6,20,2475,VX,LAX,2,-27,72,0,0,16,-16,106,0,0,59
7,11,29,6,13,2475,VX,LAX,2,-27,72,0,0,16,-16,106,0,0,59
-7,11,29,6,11,2475,VX,LAX,2,-27,72,0,0,16,-16,106,0,0,59
-7,11,29,6,9,2475,VX,LAX,2,-27,72,0,0,16,-16,106,0,0,59
-9,11,29,6,7,2475,VX,LAX,2,-27,72,0,0,16,-16,106,0,0,59
-3,11,29,6,15,2475,B6,LAX,2,-27,72,0,0,16,-16,106,0,0,59
-9,11,29,6,8,2475,UA,LAX,2,-27,72,0,0,16,-16,106,0,0,59
-4,11,29,6,9,2475,AA,LAX,2,-27,72,0,0,16,-16,106,0,0,59
0,11,29,6,16,2475,AA,LAX,2,-27,72,0,0,16,-16,106,0,0,59
-8,11,29,6,9,2475,B6,LAX,2,-27,72,0,0,16,-16,106,0,0,59
1,11,29,6,7,2475,B6,LAX,2,-27,72,0,0,16,-16,106,0,0,59
0,11,29,6,6,2475,B6,LAX,2,-27,72,0,0,16,-16,106,0,0,59
-6,11,29,6,14,2475,AA,LAX,2,-27,72,0,0,16,-16,106,0,0,59
8,11,29,6,18,2475,AA,LAX,2,-27,72,0,0,16,-16,106,0,0,59
-2,11,29,6,8,2475,AA,LAX,2,-27,72,0,0,16,-16,106,0,0,59
-2,11,29,6,20,2475,AA,LAX,2,-27,72,0,0,16,-16,106,0,0,59
-3,11,29,6,14,2475,UA,LAX,2,-27,72,0,0,16,-16,106,0,0,59
-4,11,29,6,20,2475,AA,LAX,2,-27,72,0,0,16,-16,106,0,0,59
-7,11,29,6,10,2475,AA,LAX,2,-27,72,0,0,16,-16,106,0,0,59
-4,11,29,6,6,2475,AA,LAX,2,-27,72,0,0,16,-16,106,0,0,59
-4,11,29,6,18,2475,DL,LAX,2,-27,72,0,0,16,-16,106,0,0,59
-1,11,29,6,17,2475,AA,LAX,2,-27,72,0,0,16,-16,106,0,0,59
-3,11,29,6,15,2475,DL,LAX,2,-27,72,0,0,16,-16,106,0,0,59
3,11,29,6,8,2475,DL,LAX,2,-27,72,0,0,16,-16,106,0,0,59
6,11,29,6,11,2475,DL,LAX,2,-27,72,0,0,16,-16,106,0,0,59
-1,11,29,6,7,2475,DL,LAX,2,-27,72,0,0,16,-16,106,0,0,59
2,11,29,6,21,2475,DL,LAX,2,-27,72,0,0,16,-16,106,0,0,59
-2,11,29,6,8,2475,DL,LAX,2,-27,72,0,0,16,-16,106,0,0,59
-5,11,29,6,16,2475,DL,LAX,2,-27,72,0,0,16,-16,106,0,0,59
-11,11,29,6,7,2475,AA,LAX,2,-27,72,0,0,16,-16,106,0,0,59
3,11,29,6,17,2475,UA,LAX,2,-27,72,0,0,16,-16,106,0,0,59
-12,11,29,6,19,2475,UA,LAX,2,-27,72,0,0,16,-16,106,0,0,59
-9,11,29,6,12,2475,AA,LAX,2,-27,72,0,0,16,-16,106,0,0,59
-6,11,29,6,21,2475,B6,LAX,2,-27,72,0,0,16,-16,106,0,0,59
-15,11,29,6,11,2475,AA,LAX,2,-27,72,0,0,16,-16,106,0,0,59
-6,11,29,6,11,2475,UA,LAX,2,-27,72,0,0,16,-16,106,0,0,59
1,11,29,6,18,2475,B6,LAX,2,-27,72,0,0,16,-16,106,0,0,59
-1,12,7,7,11,2475,UA,LAX,10,-10,56,10,0,53,-32,22,0,0,44
-9,12,7,7,14,2475,UA,LAX,10,-10,56,10,0,53,-32,22,0,0,44
-9,12,7,7,17,2475,UA,LAX,10,-10,56,10,0,53,-32,22,0,0,44
51,12,7,7,19,2475,UA,LAX,10,-10,56,10,0,53,-32,22,0,0,44
-1,12,7,7,8,2475,UA,LAX,10,-10,56,10,0,53,-32,22,0,0,44
3,12,7,7,20,2475,VX,LAX,10,-10,56,10,0,53,-32,22,0,0,44
4,12,7,7,16,2475,VX,LAX,10,-10,56,10,0,53,-32,22,0,0,44
0,12,7,7,13,2475,VX,LAX,10,-10,56,10,0,53,-32,22,0,0,44
26,12,7,7,9,2475,VX,LAX,10,-10,56,10,0,53,-32,22,0,0,44
-4,12,7,7,7,2475,VX,LAX,10,-10,56,10,0,53,-32,22,0,0,44
-4,12,7,7,21,2475,DL,LAX,10,-10,56,10,0,53,-32,22,0,0,44
-1,12,7,7,9,2475,B6,LAX,10,-10,56,10,0,53,-32,22,0,0,44
1,12,7,7,15,2475,DL,LAX,10,-10,56,10,0,53,-32,22,0,0,44
-4,12,7,7,18,2475,AA,LAX,10,-10,56,10,0,53,-32,22,0,0,44
-3,12,7,7,11,2475,DL,LAX,10,-10,56,10,0,53,-32,22,0,0,44
-2,12,7,7,6,2475,AA,LAX,10,-10,56,10,0,53,-32,22,0,0,44
-10,12,7,7,12,2475,AA,LAX,10,-10,56,10,0,53,-32,22,0,0,44
-3,12,7,7,6,2475,B6,LAX,10,-10,56,10,0,53,-32,22,0,0,44
-7,12,7,7,9,2475,DL,LAX,10,-10,56,10,0,53,-32,22,0,0,44
163,12,7,7,16,2475,AA,LAX,10,-10,56,10,0,53,-32,22,0,0,44
46,12,7,7,17,2475,DL,LAX,10,-10,56,10,0,53,-32,22,0,0,44
-8,12,7,7,10,2475,AA,LAX,10,-10,56,10,0,53,-32,22,0,0,44
-1,12,7,7,21,2475,B6,LAX,10,-10,56,10,0,53,-32,22,0,0,44
5,12,7,7,15,2475,B6,LAX,10,-10,56,10,0,53,-32,22,0,0,44
-1,12,7,7,18,2475,DL,LAX,10,-10,56,10,0,53,-32,22,0,0,44
-4,12,7,7,20,2475,AA,LAX,10,-10,56,10,0,53,-32,22,0,0,44
61,12,7,7,18,2475,B6,LAX,10,-10,56,10,0,53,-32,22,0,0,44
-2,12,7,7,17,2475,AA,LAX,10,-10,56,10,0,53,-32,22,0,0,44
-6,12,7,7,9,2475,AA,LAX,10,-10,56,10,0,53,-32,22,0,0,44
-2,12,7,7,7,2475,AA,LAX,10,-10,56,10,0,53,-32,22,0,0,44
-6,12,7,7,14,2475,AA,LAX,10,-10,56,10,0,53,-32,22,0,0,44
-6,12,7,7,19,2475,AA,LAX,10,-10,56,10,0,53,-32,22,0,0,44
-6,12,7,7,8,2475,AA,LAX,10,-10,56,10,0,53,-32,22,0,0,44
-10,12,7,7,11,2475,AA,LAX,10,-10,56,10,0,53,-32,22,0,0,44
-1,12,7,7,8,2475,B6,LAX,10,-10,56,10,0,53,-32,22,0,0,44
2,12,7,7,8,2475,DL,LAX,10,-10,56,10,0,53,-32,22,0,0,44
2,12,12,5,13,2475,VX,LAX,13,0,33,0,0,36,-49,28,0,0,42
-6,12,12,5,9,2475,VX,LAX,13,0,33,0,0,36,-49,28,0,0,42
-1,12,12,5,7,2475,VX,LAX,13,0,33,0,0,36,-49,28,0,0,42
27,12,12,5,20,2475,VX,LAX,13,0,33,0,0,36,-49,28,0,0,42
74,12,12,5,16,2475,VX,LAX,13,0,33,0,0,36,-49,28,0,0,42
0,12,12,5,8,2475,UA,LAX,13,0,33,0,0,36,-49,28,0,0,42
-1,12,12,5,6,2475,UA,LAX,13,0,33,0,0,36,-49,28,0,0,42
-4,12,12,5,7,2475,AA,LAX,13,0,33,0,0,36,-49,28,0,0,42
-5,12,12,5,6,2475,AA,LAX,13,0,33,0,0,36,-49,28,0,0,42
-3,12,12,5,19,2475,AA,LAX,13,0,33,0,0,36,-49,28,0,0,42
-2,12,12,5,14,2475,AA,LAX,13,0,33,0,0,36,-49,28,0,0,42
0,12,12,5,9,2475,B6,LAX,13,0,33,0,0,36,-49,28,0,0,42
24,12,12,5,21,2475,DL,LAX,13,0,33,0,0,36,-49,28,0,0,42
1,12,12,5,19,2475,UA,LAX,13,0,33,0,0,36,-49,28,0,0,42
37,12,12,5,17,2475,UA,LAX,13,0,33,0,0,36,-49,28,0,0,42
-6,12,12,5,11,2475,UA,LAX,13,0,33,0,0,36,-49,28,0,0,42
-10,12,12,5,14,2475,UA,LAX,13,0,33,0,0,36,-49,28,0,0,42
3,12,12,5,17,2475,AA,LAX,13,0,33,0,0,36,-49,28,0,0,42
-3,12,12,5,6,2475,B6,LAX,13,0,33,0,0,36,-49,28,0,0,42
-2,12,12,5,18,2475,DL,LAX,13,0,33,0,0,36,-49,28,0,0,42
-3,12,12,5,11,2475,DL,LAX,13,0,33,0,0,36,-49,28,0,0,42
0,12,12,5,17,2475,DL,LAX,13,0,33,0,0,36,-49,28,0,0,42
-1,12,12,5,8,2475,B6,LAX,13,0,33,0,0,36,-49,28,0,0,42
2,12,12,5,18,2475,AA,LAX,13,0,33,0,0,36,-49,28,0,0,42
16,12,12,5,20,2475,AA,LAX,13,0,33,0,0,36,-49,28,0,0,42
-1,12,12,5,9,2475,DL,LAX,13,0,33,0,0,36,-49,28,0,0,42
0,12,12,5,21,2475,B6,LAX,13,0,33,0,0,36,-49,28,0,0,42
-3,12,12,5,9,2475,AA,LAX,13,0,33,0,0,36,-49,28,0,0,42
-7,12,12,5,12,2475,AA,LAX,13,0,33,0,0,36,-49,28,0,0,42
-2,12,12,5,7,2475,DL,LAX,13,0,33,0,0,36,-49,28,0,0,42
-5,12,12,5,10,2475,AA,LAX,13,0,33,0,0,36,-49,28,0,0,42
67,12,12,5,15,2475,B6,LAX,13,0,33,0,0,36,-49,28,0,0,42
45,12,12,5,16,2475,AA,LAX,13,0,33,0,0,36,-49,28,0,0,42
-2,12,12,5,11,2475,AA,LAX,13,0,33,0,0,36,-49,28,0,0,42
3,12,12,5,18,2475,B6,LAX,13,0,33,0,0,36,-49,28,0,0,42
-1,12,12,5,15,2475,DL,LAX,13,0,33,0,0,36,-49,28,0,0,42
-6,12,12,5,8,2475,AA,LAX,13,0,33,0,0,36,-49,28,0,0,42
0,12,12,5,8,2475,DL,LAX,13,0,33,0,0,36,-49,28,0,0,42
