46,1,16,4,16,2475,AA,LAX,5,22,56,0,0,18,-71,11,3,8,73
-9,1,16,4,12,2475,AA,LAX,5,22,56,0,0,18,-71,11,3,8,73
-4,1,16,4,9,2475,AA,LAX,5,22,56,0,0,18,-71,11,3,8,73
-3,1,16,4,13,2475,AA,LAX,5,22,56,0,0,18,-71,11,3,8,73
-4,1,16,4,21,2475,AA,LAX,5,22,56,0,0,18,-71,11,3,8,73
18,1,16,4,15,2475,AA,LAX,5,22,56,0,0,18,-71,11,3,8,73
4,1,16,4,7,2475,AA,LAX,5,22,56,0,0,18,-71,11,3,8,73
4,1,16,4,19,2475,AA,LAX,5,22,56,0,0,18,-71,11,3,8,73
0,1,16,4,20,2475,B6,LAX,5,22,56,0,0,18,-71,11,3,8,73
-3,1,16,4,9,2475,B6,LAX,5,22,56,0,0,18,-71,11,3,8,73
4,1,16,4,11,2475,UA,LAX,5,22,56,0,0,18,-71,11,3,8,73
-2,1,16,4,16,2475,B6,LAX,5,22,56,0,0,18,-71,11,3,8,73
0,1,16,4,6,2475,B6,LAX,5,22,56,0,0,18,-71,11,3,8,73
-10,1,16,4,20,2475,UA,LAX,5,22,56,0,0,18,-71,11,3,8,73
-2,1,16,4,6,2475,UA,LAX,5,22,56,0,0,18,-71,11,3,8,73
21,1,16,4,14,2475,UA,LAX,5,22,56,0,0,18,-71,11,3,8,73
-5,1,16,4,8,2475,UA,LAX,5,22,56,0,0,18,-71,11,3,8,73
20,1,16,4,17,2475,UA,LAX,5,22,56,0,0,18,-71,11,3,8,73
27,1,16,4,7,2475,DL,LAX,5,22,56,0,0,18,-71,11,3,8,73
14,1,16,4,20,2475,DL,LAX,5,22,56,0,0,18,-71,11,3,8,73
0,1,16,4,18,2475,DL,LAX,5,22,56,0,0,18,-71,11,3,8,73
-1,1,16,4,16,2475,DL,LAX,5,22,56,0,0,18,-71,11,3,8,73
2,1,16,4,12,2475,DL,LAX,5,22,56,0,0,18,-71,11,3,8,73
-1,1,16,4,9,2475,DL,LAX,5,22,56,0,0,18,-71,11,3,8,73
-2,1,16,4,15,2475,DL,LAX,5,22,56,0,0,18,-71,11,3,8,73
4,1,16,4,7,2475,VX,LAX,5,22,56,0,0,18,-71,11,3,8,73
-1,1,16,4,13,2475,VX,LAX,5,22,56,0,0,18,-71,11,3,8,73
11,1,16,4,16,2475,VX,LAX,5,22,56,0,0,18,-71,11,3,8,73
-4,1,16,4,9,2475,VX,LAX,5,22,56,0,0,18,-71,11,3,8,73
2,1,16,4,20,2475,VX,LAX,5,22,56,0,0,18,-71,11,3,8,73
44,1,21,2,16,2475,DL,LAX,0,-116,-5,117,279,47,-177,-105,18,64,63
-2,1,21,2,9,2475,B6,LAX,0,-116,-5,117,279,47,-177,-105,18,64,63
-2,1,21,2,7,2475,VX,LAX,0,-116,-5,117,279,47,-177,-105,18,64,63
-2,1,21,2,6,2475,B6,LAX,0,-116,-5,117,279,47,-177,-105,18,64,63
90,1,21,2,20,2475,DL,LAX,0,-116,-5,117,279,47,-177,-105,18,64,63
-5,1,21,2,12,2475,DL,LAX,0,-116,-5,117,279,47,-177,-105,18,64,63
7,1,21,2,13,2475,VX,LAX,0,-116,-5,117,279,47,-177,-105,18,64,63
-2,1,21,2,9,2475,DL,LAX,0,-116,-5,117,279,47,-177,-105,18,64,63
314,1,21,2,15,2475,DL,LAX,0,-116,-5,117,279,47,-177,-105,18,64,63
-1,1,21,2,9,2475,VX,LAX,0,-116,-5,117,279,47,-177,-105,18,64,63
244,1,21,2,14,2475,UA,LAX,0,-116,-5,117,279,47,-177,-105,18,64,63
-3,1,21,2,7,2475,AA,LAX,0,-116,-5,117,279,47,-177,-105,18,64,63
250,1,21,2,15,2475,AA,LAX,0,-116,-5,117,279,47,-177,-105,18,64,63
-2,1,21,2,10,2475,AA,LAX,0,-116,-5,117,279,47,-177,-105,18,64,63
34,1,21,2,11,2475,UA,LAX,0,-116,-5,117,279,47,-177,-105,18,64,63
1,1,21,2,12,2475,AA,LAX,0,-116,-5,117,279,47,-177,-105,18,64,63
-2,1,21,2,9,2475,AA,LAX,0,-116,-5,117,279,47,-177,-105,18,64,63
-6,1,21,2,6,2475,UA,LAX,0,-116,-5,117,279,47,-177,-105,18,64,63
-6,1,21,2,8,2475,UA,LAX,0,-116,-5,117,279,47,-177,-105,18,64,63
7,2,17,1,20,2475,UA,LAX,1,-77,0,0,0,24,-49,-21,89,127,65
-2,2,17,1,14,2475,UA,LAX,1,-77,0,0,0,24,-49,-21,89,127,65
-5,2,17,1,8,2475,UA,LAX,1,-77,0,0,0,24,-49,-21,89,127,65
-3,2,17,1,17,2475,UA,LAX,1,-77,0,0,0,24,-49,-21,89,127,65
5,2,17,1,6,2475,UA,LAX,1,-77,0,0,0,24,-49,-21,89,127,65
18,2,17,1,19,2475,AA,LAX,1,-77,0,0,0,24,-49,-21,89,127,65
-1,2,17,1,15,2475,DL,LAX,1,-77,0,0,0,24,-49,-21,89,127,65
-4,2,17,1,9,2475,DL,LAX,1,-77,0,0,0,24,-49,-21,89,127,65
-7,2,17,1,12,2475,DL,LAX,1,-77,0,0,0,24,-49,-21,89,127,65
34,2,17,1,20,2475,DL,LAX,1,-77,0,0,0,24,-49,-21,89,127,65
3,2,17,1,10,2475,AA,LAX,1,-77,0,0,0,24,-49,-21,89,127,65
18,2,17,1,9,2475,AA,LAX,1,-77,0,0,0,24,-49,-21,89,127,65
-1,2,17,1,18,2475,DL,LAX,1,-77,0,0,0,24,-49,-21,89,127,65
-2,2,17,1,16,2475,DL,LAX,1,-77,0,0,0,24,-49,-21,89,127,65
41,2,17,1,7,2475,DL,LAX,1,-77,0,0,0,24,-49,-21,89,127,65
-3,2,17,1,12,2475,B6,LAX,1,-77,0,0,0,24,-49,-21,89,127,65
-3,2,17,1,16,2475,AA,LAX,1,-77,0,0,0,24,-49,-21,89,127,65
-3,2,17,1,13,2475,AA,LAX,1,-77,0,0,0,24,-49,-21,89,127,65
0,2,17,1,16,2475,B6,LAX,1,-77,0,0,0,24,-49,-21,89,127,65
4,2,17,1,8,2475,AA,LAX,1,-77,0,0,0,24,-49,-21,89,127,65
-4,2,17,1,15,2475,AA,LAX,1,-77,0,0,0,24,-49,-21,89,127,65
-7,2,17,1,6,2475,B6,LAX,1,-77,0,0,0,24,-49,-21,89,127,65
37,2,17,1,21,2475,AA,LAX,1,-77,0,0,0,24,-49,-21,89,127,65
23,2,17,1,6,2475,AA,LAX,1,-77,0,0,0,24,-49,-21,89,127,65
-3,2,17,1,12,2475,AA,LAX,1,-77,0,0,0,24,-49,-21,89,127,65
-1,2,17,1,11,2475,UA,LAX,1,-77,0,0,0,24,-49,-21,89,127,65
-1,2,17,1,20,2475,B6,LAX,1,-77,0,0,0,24,-49,-21,89,127,65
0,2,17,1,16,2475,VX,LAX,1,-77,0,0,0,24,-49,-21,89,127,65
5,2,17,1,13,2475,VX,LAX,1,-77,0,0,0,24,-49,-21,89,127,65
8,2,17,1,9,2475,VX,LAX,1,-77,0,0,0,24,-49,-21,89,127,65
28,2,17,1,7,2475,VX,LAX,1,-77,0,0,0,24,-49,-21,89,127,65
-1,2,17,1,20,2475,VX,LAX,1,-77,0,0,0,24,-49,-21,89,127,65
-10,2,22,6,9,2475,VX,LAX,4,44,122,0,0,32,-60,17,0,0,52
-3,2,22,6,7,2475,VX,LAX,4,44,122,0,0,32,-60,17,0,0,52
2,2,22,6,16,2475,VX,LAX,4,44,122,0,0,32,-60,17,0,0,52
1,2,22,6,13,2475,VX,LAX,4,44,122,0,0,32,-60,17,0,0,52
-4,2,22,6,15,2475,AA,LAX,4,44,122,0,0,32,-60,17,0,0,52
0,2,22,6,12,2475,AA,LAX,4,44,122,0,0,32,-60,17,0,0,52
-6,2,22,6,16,2475,B6,LAX,4,44,122,0,0,32,-60,17,0,0,52
-4,2,22,6,8,2475,AA,LAX,4,44,122,0,0,32,-60,17,0,0,52
-2,2,22,6,10,2475,AA,LAX,4,44,122,0,0,32,-60,17,0,0,52
0,2,22,6,7,2475,DL,LAX,4,44,122,0,0,32,-60,17,0,0,52
-5,2,22,6,20,2475,DL,LAX,4,44,122,0,0,32,-60,17,0,0,52
-3,2,22,6,18,2475,DL,LAX,4,44,122,0,0,32,-60,17,0,0,52
1,2,22,6,12,2475,DL,LAX,4,44,122,0,0,32,-60,17,0,0,52
1,2,22,6,9,2475,DL,LAX,4,44,122,0,0,32,-60,17,0,0,52
-3,2,22,6,15,2475,DL,LAX,4,44,122,0,0,32,-60,17,0,0,52
-7,2,22,6,20,2475,B6,LAX,4,44,122,0,0,32,-60,17,0,0,52
-5,2,22,6,6,2475,B6,LAX,4,44,122,0,0,32,-60,17,0,0,52
-5,2,22,6,9,2475,AA,LAX,4,44,122,0,0,32,-60,17,0,0,52
-4,2,22,6,19,2475,AA,LAX,4,44,122,0,0,32,-60,17,0,0,52
-7,2,22,6,16,2475,AA,LAX,4,44,122,0,0,32,-60,17,0,0,52
-4,2,22,6,13,2475,AA,LAX,4,44,122,0,0,32,-60,17,0,0,52
-2,2,22,6,6,2475,AA,LAX,4,44,122,0,0,32,-60,17,0,0,52
1,2,22,6,17,2475,UA,LAX,4,44,122,0,0,32,-60,17,0,0,52
0,2,22,6,6,2475,UA,LAX,4,44,122,0,0,32,-60,17,0,0,52
-3,2,22,6,14,2475,UA,LAX,4,44,122,0,0,32,-60,17,0,0,52
2,2,22,6,11,2475,UA,LAX,4,44,122,0,0,32,-60,17,0,0,52
-1,2,22,6,8,2475,UA,LAX,4,44,122,0,0,32,-60,17,0,0,52
-10,3,18,2,10,2475,AA,LAX,28,-21,61,0,0,31,-27,111,0,0,51
6,3,18,2,11,2475,B6,LAX,28,-21,61,0,0,31,-27,111,0,0,51
-6,3,18,2,19,2475,AA,LAX,28,-21,61,0,0,31,-27,111,0,0,51
-4,3,18,2,15,2475,DL,LAX,28,-21,61,0,0,31,-27,111,0,0,51
-4,3,18,2,16,2475,AA,LAX,28,-21,61,0,0,31,-27,111,0,0,51
8,3,18,2,15,2475,AA,LAX,28,-21,61,0,0,31,-27,111,0,0,51
-6,3,18,2,20,2475,B6,LAX,28,-21,61,0,0,31,-27,111,0,0,51
-3,3,18,2,7,2475,DL,LAX,28,-21,61,0,0,31,-27,111,0,0,51
-1,3,18,2,20,2475,DL,LAX,28,-21,61,0,0,31,-27,111,0,0,51
-5,3,18,2,18,2475,DL,LAX,28,-21,61,0,0,31,-27,111,0,0,51
-9,3,18,2,13,2475,AA,LAX,28,-21,61,0,0,31,-27,111,0,0,51
-6,3,18,2,8,2475,AA,LAX,28,-21,61,0,0,31,-27,111,0,0,51
24,3,18,2,21,2475,AA,LAX,28,-21,61,0,0,31,-27,111,0,0,51
-2,3,18,2,16,2475,B6,LAX,28,-21,61,0,0,31,-27,111,0,0,51
-3,3,18,2,12,2475,AA,LAX,28,-21,61,0,0,31,-27,111,0,0,51
-4,3,18,2,6,2475,B6,LAX,28,-21,61,0,0,31,-27,111,0,0,51
26,3,18,2,16,2475,DL,LAX,28,-21,61,0,0,31,-27,111,0,0,51
31,3,18,2,9,2475,DL,LAX,28,-21,61,0,0,31,-27,111,0,0,51
2,3,18,2,12,2475,DL,LAX,28,-21,61,0,0,31,-27,111,0,0,51
-3,3,18,2,6,2475,AA,LAX,28,-21,61,0,0,31,-27,111,0,0,51
-7,3,18,2,9,2475,AA,LAX,28,-21,61,0,0,31,-27,111,0,0,51
5,3,18,2,17,2475,UA,LAX,28,-21,61,0,0,31,-27,111,0,0,51
-9,3,18,2,20,2475,UA,LAX,28,-21,61,0,0,31,-27,111,0,0,51
-6,3,18,2,20,2475,VX,LAX,28,-21,61,0,0,31,-27,111,0,0,51
-5,3,18,2,16,2475,VX,LAX,28,-21,61,0,0,31,-27,111,0,0,51
-1,3,18,2,13,2475,VX,LAX,28,-21,61,0,0,31,-27,111,0,0,51
-1,3,18,2,9,2475,VX,LAX,28,-21,61,0,0,31,-27,111,0,0,51
-9,3,18,2,7,2475,VX,LAX,28,-21,61,0,0,31,-27,111,0,0,51
0,3,18,2,14,2475,UA,LAX,28,-21,61,0,0,31,-27,111,0,0,51
4,3,18,2,11,2475,UA,LAX,28,-21,61,0,0,31,-27,111,0,0,51
-6,3,18,2,6,2475,UA,LAX,28,-21,61,0,0,31,-27,111,0,0,51
6,3,18,2,8,2475,UA,LAX,28,-21,61,0,0,31,-27,111,0,0,51
-11,3,23,7,15,2475,DL,LAX,33,-27,56,0,0,33,-71,0,0,0,44
58,3,23,7,21,2475,AA,LAX,33,-27,56,0,0,33,-71,0,0,0,44
11,3,23,7,6,2475,AA,LAX,33,-27,56,0,0,33,-71,0,0,0,44
23,3,23,7,20,2475,DL,LAX,33,-27,56,0,0,33,-71,0,0,0,44
-4,3,23,7,13,2475,AA,LAX,33,-27,56,0,0,33,-71,0,0,0,44
5,3,23,7,16,2475,DL,LAX,33,-27,56,0,0,33,-71,0,0,0,44
9,3,23,7,12,2475,AA,LAX,33,-27,56,0,0,33,-71,0,0,0,44
-7,3,23,7,15,2475,AA,LAX,33,-27,56,0,0,33,-71,0,0,0,44
-4,3,23,7,16,2475,AA,LAX,33,-27,56,0,0,33,-71,0,0,0,44
4,3,23,7,8,2475,AA,LAX,33,-27,56,0,0,33,-71,0,0,0,44
0,3,23,7,16,2475,B6,LAX,33,-27,56,0,0,33,-71,0,0,0,44
-1,3,23,7,7,2475,DL,LAX,33,-27,56,0,0,33,-71,0,0,0,44
-4,3,23,7,10,2475,AA,LAX,33,-27,56,0,0,33,-71,0,0,0,44
-4,3,23,7,6,2475,B6,LAX,33,-27,56,0,0,33,-71,0,0,0,44
16,3,23,7,21,2475,B6,LAX,33,-27,56,0,0,33,-71,0,0,0,44
-1,3,23,7,11,2475,B6,LAX,33,-27,56,0,0,33,-71,0,0,0,44
0,3,23,7,9,2475,AA,LAX,33,-27,56,0,0,33,-71,0,0,0,44
-1,3,23,7,18,2475,DL,LAX,33,-27,56,0,0,33,-71,0,0,0,44
-7,3,23,7,19,2475,AA,LAX,33,-27,56,0,0,33,-71,0,0,0,44
12,3,23,7,9,2475,DL,LAX,33,-27,56,0,0,33,-71,0,0,0,44
-4,3,23,7,12,2475,DL,LAX,33,-27,56,0,0,33,-71,0,0,0,44
-7,3,23,7,20,2475,VX,LAX,33,-27,56,0,0,33,-71,0,0,0,44
-1,3,23,7,9,2475,VX,LAX,33,-27,56,0,0,33,-71,0,0,0,44
-3,3,23,7,7,2475,VX,LAX,33,-27,56,0,0,33,-71,0,0,0,44
-2,3,23,7,13,2475,VX,LAX,33,-27,56,0,0,33,-71,0,0,0,44
0,3,23,7,16,2475,VX,LAX,33,-27,56,0,0,33,-71,0,0,0,44
-4,3,23,7,11,2475,UA,LAX,33,-27,56,0,0,33,-71,0,0,0,44
6,3,23,7,14,2475,UA,LAX,33,-27,56,0,0,33,-71,0,0,0,44
-2,3,23,7,20,2475,UA,LAX,33,-27,56,0,0,33,-71,0,0,0,44
-1,3,23,7,17,2475,UA,LAX,33,-27,56,0,0,33,-71,0,0,0,44
-3,3,23,7,8,2475,UA,LAX,33,-27,56,0,0,33,-71,0,0,0,44
-16,4,1,2,8,2475,DL,LAX,42,39,156,0,0,21,0,139,0,0,84
8,4,1,2,18,2475,DL,LAX,42,39,156,0,0,21,0,139,0,0,84
-11,4,1,2,8,2475,DL,LAX,42,39,156,0,0,21,0,139,0,0,84
5,4,1,2,11,2475,B6,LAX,42,39,156,0,0,21,0,139,0,0,84
-1,4,1,2,17,2475,DL,LAX,42,39,156,0,0,21,0,139,0,0,84
-6,4,1,2,12,2475,DL,LAX,42,39,156,0,0,21,0,139,0,0,84
-5,4,1,2,7,2475,DL,LAX,42,39,156,0,0,21,0,139,0,0,84
-9,4,1,2,21,2475,DL,LAX,42,39,156,0,0,21,0,139,0,0,84
-3,4,1,2,9,2475,DL,LAX,42,39,156,0,0,21,0,139,0,0,84
-3,4,1,2,15,2475,DL,LAX,42,39,156,0,0,21,0,139,0,0,84
-2,4,1,2,9,2475,VX,LAX,42,39,156,0,0,21,0,139,0,0,84
-3,4,1,2,6,2475,B6,LAX,42,39,156,0,0,21,0,139,0,0,84
-7,4,1,2,6,2475,AA,LAX,42,39,156,0,0,21,0,139,0,0,84
-3,4,1,2,21,2475,AA,LAX,42,39,156,0,0,21,0,139,0,0,84
-4,4,1,2,19,2475,AA,LAX,42,39,156,0,0,21,0,139,0,0,84
-6,4,1,2,12,2475,AA,LAX,42,39,156,0,0,21,0,139,0,0,84
18,4,1,2,17,2475,AA,LAX,42,39,156,0,0,21,0,139,0,0,84
-6,4,1,2,9,2475,AA,LAX,42,39,156,0,0,21,0,139,0,0,84
-6,4,1,2,16,2475,AA,LAX,42,39,156,0,0,21,0,139,0,0,84
-7,4,1,2,13,2475,AA,LAX,42,39,156,0,0,21,0,139,0,0,84
-5,4,1,2,7,2475,VX,LAX,42,39,156,0,0,21,0,139,0,0,84
-6,4,1,2,10,2475,AA,LAX,42,39,156,0,0,21,0,139,0,0,84
-3,4,1,2,13,2475,VX,LAX,42,39,156,0,0,21,0,139,0,0,84
-2,4,1,2,16,2475,VX,LAX,42,39,156,0,0,21,0,139,0,0,84
-6,4,1,2,20,2475,VX,LAX,42,39,156,0,0,21,0,139,0,0,84
4,4,1,2,8,2475,AA,LAX,42,39,156,0,0,21,0,139,0,0,84
-5,4,1,2,16,2475,B6,LAX,42,39,156,0,0,21,0,139,0,0,84
-7,4,1,2,20,2475,B6,LAX,42,39,156,0,0,21,0,139,0,0,84
-2,4,1,2,6,2475,AA,LAX,42,39,156,0,0,21,0,139,0,0,84
0,4,1,2,14,2475,UA,LAX,42,39,156,0,0,21,0,139,0,0,84
-5,4,1,2,8,2475,UA,LAX,42,39,156,0,0,21,0,139,0,0,84
-10,4,1,2,6,2475,UA,LAX,42,39,156,0,0,21,0,139,0,0,84
0,4,1,2,17,2475,UA,LAX,42,39,156,0,0,21,0,139,0,0,84
-4,4,1,2,20,2475,UA,LAX,42,39,156,0,0,21,0,139,0,0,84
63,4,1,2,11,2475,UA,LAX,42,39,156,0,0,21,0,139,0,0,84
-9,4,19,6,8,2475,UA,LAX,33,50,200,0,0,25,28,189,0,0,41
58,4,19,6,6,2475,UA,LAX,33,50,200,0,0,25,28,189,0,0,41
-6,4,19,6,11,2475,UA,LAX,33,50,200,0,0,25,28,189,0,0,41
0,4,19,6,14,2475,UA,LAX,33,50,200,0,0,25,28,189,0,0,41
-5,4,19,6,18,2475,UA,LAX,33,50,200,0,0,25,28,189,0,0,41
-2,4,19,6,9,2475,DL,LAX,33,50,200,0,0,25,28,189,0,0,41
-6,4,19,6,6,2475,B6,LAX,33,50,200,0,0,25,28,189,0,0,41
-1,4,19,6,17,2475,DL,LAX,33,50,200,0,0,25,28,189,0,0,41
-9,4,19,6,18,2475,DL,LAX,33,50,200,0,0,25,28,189,0,0,41
0,4,19,6,8,2475,DL,LAX,33,50,200,0,0,25,28,189,0,0,41
-1,4,19,6,15,2475,DL,LAX,33,50,200,0,0,25,28,189,0,0,41
-2,4,19,6,12,2475,DL,LAX,33,50,200,0,0,25,28,189,0,0,41
-3,4,19,6,16,2475,AA,LAX,33,50,200,0,0,25,28,189,0,0,41
-6,4,19,6,7,2475,VX,LAX,33,50,200,0,0,25,28,189,0,0,41
-5,4,19,6,12,2475,AA,LAX,33,50,200,0,0,25,28,189,0,0,41
-8,4,19,6,17,2475,AA,LAX,33,50,200,0,0,25,28,189,0,0,41
-8,4,19,6,8,2475,AA,LAX,33,50,200,0,0,25,28,189,0,0,41
-2,4,19,6,19,2475,AA,LAX,33,50,200,0,0,25,28,189,0,0,41
-1,4,19,6,16,2475,VX,LAX,33,50,200,0,0,25,28,189,0,0,41
-7,4,19,6,13,2475,AA,LAX,33,50,200,0,0,25,28,189,0,0,41
-4,4,19,6,10,2475,AA,LAX,33,50,200,0,0,25,28,189,0,0,41
-2,4,19,6,13,2475,VX,LAX,33,50,200,0,0,25,28,189,0,0,41
-4,4,19,6,16,2475,B6,LAX,33,50,200,0,0,25,28,189,0,0,41
-5,4,19,6,6,2475,AA,LAX,33,50,200,0,0,25,28,189,0,0,41
25,4,19,6,20,2475,B6,LAX,33,50,200,0,0,25,28,189,0,0,41
-2,4,19,6,6,2475,AA,LAX,33,50,200,0,0,25,28,189,0,0,41
-5,4,19,6,9,2475,VX,LAX,33,50,200,0,0,25,28,189,0,0,41
4,4,19,6,9,2475,AA,LAX,33,50,200,0,0,25,28,189,0,0,41
-14,4,24,4,8,2475,UA,LAX,28,56,167,0,0,38,39,178,15,0,67
-1,4,24,4,17,2475,UA,LAX,28,56,167,0,0,38,39,178,15,0,67
-3,4,24,4,11,2475,UA,LAX,28,56,167,0,0,38,39,178,15,0,67
0,4,24,4,14,2475,UA,LAX,28,56,167,0,0,38,39,178,15,0,67
5,4,24,4,20,2475,UA,LAX,28,56,167,0,0,38,39,178,15,0,67
-8,4,24,4,6,2475,UA,LAX,28,56,167,0,0,38,39,178,15,0,67
-7,4,24,4,6,2475,B6,LAX,28,56,167,0,0,38,39,178,15,0,67
13,4,24,4,20,2475,B6,LAX,28,56,167,0,0,38,39,178,15,0,67
-4,4,24,4,8,2475,DL,LAX,28,56,167,0,0,38,39,178,15,0,67
7,4,24,4,15,2475,DL,LAX,28,56,167,0,0,38,39,178,15,0,67
50,4,24,4,21,2475,DL,LAX,28,56,167,0,0,38,39,178,15,0,67
15,4,24,4,7,2475,DL,LAX,28,56,167,0,0,38,39,178,15,0,67
5,4,24,4,12,2475,DL,LAX,28,56,167,0,0,38,39,178,15,0,67
-7,4,24,4,9,2475,DL,LAX,28,56,167,0,0,38,39,178,15,0,67
-4,4,24,4,17,2475,DL,LAX,28,56,167,0,0,38,39,178,15,0,67
56,4,24,4,18,2475,DL,LAX,28,56,167,0,0,38,39,178,15,0,67
-4,4,24,4,8,2475,AA,LAX,28,56,167,0,0,38,39,178,15,0,67
-6,4,24,4,13,2475,AA,LAX,28,56,167,0,0,38,39,178,15,0,67
-2,4,24,4,9,2475,VX,LAX,28,56,167,0,0,38,39,178,15,0,67
-8,4,24,4,16,2475,B6,LAX,28,56,167,0,0,38,39,178,15,0,67
78,4,24,4,20,2475,VX,LAX,28,56,167,0,0,38,39,178,15,0,67
-3,4,24,4,7,2475,VX,LAX,28,56,167,0,0,38,39,178,15,0,67
3,4,24,4,11,2475,B6,LAX,28,56,167,0,0,38,39,178,15,0,67
-8,4,24,4,12,2475,AA,LAX,28,56,167,0,0,38,39,178,15,0,67
-4,4,24,4,17,2475,AA,LAX,28,56,167,0,0,38,39,178,15,0,67
-2,4,24,4,6,2475,AA,LAX,28,56,167,0,0,38,39,178,15,0,67
-3,4,24,4,10,2475,AA,LAX,28,56,167,0,0,38,39,178,15,0,67
0,4,24,4,16,2475,VX,LAX,28,56,167,0,0,38,39,178,15,0,67
3,4,24,4,21,2475,AA,LAX,28,56,167,0,0,38,39,178,15,0,67
-7,4,24,4,13,2475,VX,LAX,28,56,167,0,0,38,39,178,15,0,67
-2,4,24,4,9,2475,AA,LAX,28,56,167,0,0,38,39,178,15,0,67
-9,4,24,4,6,2475,AA,LAX,28,56,167,0,0,38,39,178,15,0,67
-7,4,24,4,16,2475,AA,LAX,28,56,167,0,0,38,39,178,15,0,67
-3,4,24,4,19,2475,AA,LAX,28,56,167,0,0,38,39,178,15,0,67
-8,5,2,5,9,2475,VX,LAX,20,133,211,0,0,20,78,117,0,0,51
-3,5,2,5,20,2475,VX,LAX,20,133,211,0,0,20,78,117,0,0,51
-3,5,2,5,7,2475,VX,LAX,20,133,211,0,0,20,78,117,0,0,51
-6,5,2,5,13,2475,VX,LAX,20,133,211,0,0,20,78,117,0,0,51
-1,5,2,5,16,2475,VX,LAX,20,133,211,0,0,20,78,117,0,0,51
-6,5,2,5,12,2475,AA,LAX,20,133,211,0,0,20,78,117,0,0,51
-1,5,2,5,6,2475,AA,LAX,20,133,211,0,0,20,78,117,0,0,51
-8,5,2,5,16,2475,AA,LAX,20,133,211,0,0,20,78,117,0,0,51
-5,5,2,5,18,2475,DL,LAX,20,133,211,0,0,20,78,117,0,0,51
-5,5,2,5,8,2475,DL,LAX,20,133,211,0,0,20,78,117,0,0,51
-1,5,2,5,21,2475,DL,LAX,20,133,211,0,0,20,78,117,0,0,51
1,5,2,5,15,2475,DL,LAX,20,133,211,0,0,20,78,117,0,0,51
-6,5,2,5,12,2475,DL,LAX,20,133,211,0,0,20,78,117,0,0,51
-3,5,2,5,9,2475,DL,LAX,20,133,211,0,0,20,78,117,0,0,51
-2,5,2,5,7,2475,DL,LAX,20,133,211,0,0,20,78,117,0,0,51
159,5,2,5,17,2475,DL,LAX,20,133,211,0,0,20,78,117,0,0,51
1,5,2,5,13,2475,AA,LAX,20,133,211,0,0,20,78,117,0,0,51
5,5,2,5,6,2475,B6,LAX,20,133,211,0,0,20,78,117,0,0,51
4,5,2,5,17,2475,B6,LAX,20,133,211,0,0,20,78,117,0,0,51
-8,5,2,5,20,2475,B6,LAX,20,133,211,0,0,20,78,117,0,0,51
-2,5,2,5,17,2475,AA,LAX,20,133,211,0,0,20,78,117,0,0,51
5,5,2,5,8,2475,AA,LAX,20,133,211,0,0,20,78,117,0,0,51
3,5,2,5,21,2475,AA,LAX,20,133,211,0,0,20,78,117,0,0,51
159,5,2,5,19,2475,AA,LAX,20,133,211,0,0,20,78,117,0,0,51
3,5,2,5,9,2475,B6,LAX,20,133,211,0,0,20,78,117,0,0,51
-9,5,2,5,9,2475,AA,LAX,20,133,211,0,0,20,78,117,0,0,51
-8,5,2,5,10,2475,AA,LAX,20,133,211,0,0,20,78,117,0,0,51
-5,5,2,5,6,2475,AA,LAX,20,133,211,0,0,20,78,117,0,0,51
7,5,2,5,17,2475,UA,LAX,20,133,211,0,0,20,78,117,0,0,51
9,5,2,5,20,2475,UA,LAX,20,133,211,0,0,20,78,117,0,0,51
-3,5,2,5,14,2475,UA,LAX,20,133,211,0,0,20,78,117,0,0,51
-1,5,2,5,11,2475,UA,LAX,20,133,211,0,0,20,78,117,0,0,51
-10,5,2,5,8,2475,UA,LAX,20,133,211,0,0,20,78,117,0,0,51
-5,5,2,5,6,2475,UA,LAX,20,133,211,0,0,20,78,117,0,0,51
12,5,25,7,17,2475,UA,LAX,1,128,267,0,0,9,100,283,0,0,22
-5,5,25,7,11,2475,UA,LAX,1,128,267,0,0,9,100,283,0,0,22
-5,5,25,7,8,2475,UA,LAX,1,128,267,0,0,9,100,283,0,0,22
3,5,25,7,14,2475,UA,LAX,1,128,267,0,0,9,100,283,0,0,22
-3,5,25,7,18,2475,AA,LAX,1,128,267,0,0,9,100,283,0,0,22
-4,5,25,7,15,2475,DL,LAX,1,128,267,0,0,9,100,283,0,0,22
-2,5,25,7,17,2475,AA,LAX,1,128,267,0,0,9,100,283,0,0,22
-4,5,25,7,15,2475,AA,LAX,1,128,267,0,0,9,100,283,0,0,22
-1,5,25,7,8,2475,DL,LAX,1,128,267,0,0,9,100,283,0,0,22
-4,5,25,7,16,2475,AA,LAX,1,128,267,0,0,9,100,283,0,0,22
0,5,25,7,18,2475,DL,LAX,1,128,267,0,0,9,100,283,0,0,22
-4,5,25,7,9,2475,DL,LAX,1,128,267,0,0,9,100,283,0,0,22
-1,5,25,7,7,2475,DL,LAX,1,128,267,0,0,9,100,283,0,0,22
-3,5,25,7,7,2475,AA,LAX,1,128,267,0,0,9,100,283,0,0,22
-3,5,25,7,17,2475,DL,LAX,1,128,267,0,0,9,100,283,0,0,22
-6,5,25,7,12,2475,AA,LAX,1,128,267,0,0,9,100,283,0,0,22
3,5,25,7,17,2475,B6,LAX,1,128,267,0,0,9,100,283,0,0,22
2,5,25,7,9,2475,B6,LAX,1,128,267,0,0,9,100,283,0,0,22
-6,5,25,7,20,2475,B6,LAX,1,128,267,0,0,9,100,283,0,0,22
-3,5,25,7,6,2475,B6,LAX,1,128,267,0,0,9,100,283,0,0,22
47,5,25,7,21,2475,DL,LAX,1,128,267,0,0,9,100,283,0,0,22
-7,5,25,7,9,2475,AA,LAX,1,128,267,0,0,9,100,283,0,0,22
-4,5,25,7,20,2475,AA,LAX,1,128,267,0,0,9,100,283,0,0,22
-6,5,25,7,13,2475,VX,LAX,1,128,267,0,0,9,100,283,0,0,22
-1,5,25,7,16,2475,VX,LAX,1,128,267,0,0,9,100,283,0,0,22
4,5,25,7,20,2475,VX,LAX,1,128,267,0,0,9,100,283,0,0,22
-5,5,25,7,9,2475,VX,LAX,1,128,267,0,0,9,100,283,0,0,22
-6,5,25,7,11,2475,VX,LAX,1,128,267,0,0,9,100,283,0,0,22
-8,5,30,5,9,2475,VX,LAX,4,128,239,0,0,11,117,261,0,0,31
-3,5,30,5,13,2475,VX,LAX,4,128,239,0,0,11,117,261,0,0,31
-7,5,30,5,11,2475,VX,LAX,4,128,239,0,0,11,117,261,0,0,31
0,5,30,5,7,2475,VX,LAX,4,128,239,0,0,11,117,261,0,0,31
-9,5,30,5,20,2475,VX,LAX,4,128,239,0,0,11,117,261,0,0,31
-7,5,30,5,16,2475,VX,LAX,4,128,239,0,0,11,117,261,0,0,31
-6,5,30,5,8,2475,AA,LAX,4,128,239,0,0,11,117,261,0,0,31
-6,5,30,5,15,2475,AA,LAX,4,128,239,0,0,11,117,261,0,0,31
5,5,30,5,15,2475,DL,LAX,4,128,239,0,0,11,117,261,0,0,31
-2,5,30,5,9,2475,AA,LAX,4,128,239,0,0,11,117,261,0,0,31
-9,5,30,5,10,2475,AA,LAX,4,128,239,0,0,11,117,261,0,0,31
17,5,30,5,20,2475,AA,LAX,4,128,239,0,0,11,117,261,0,0,31
5,5,30,5,6,2475,B6,LAX,4,128,239,0,0,11,117,261,0,0,31
-4,5,30,5,17,2475,B6,LAX,4,128,239,0,0,11,117,261,0,0,31
66,5,30,5,20,2475,B6,LAX,4,128,239,0,0,11,117,261,0,0,31
-2,5,30,5,9,2475,B6,LAX,4,128,239,0,0,11,117,261,0,0,31
-6,5,30,5,16,2475,AA,LAX,4,128,239,0,0,11,117,261,0,0,31
-4,5,30,5,12,2475,AA,LAX,4,128,239,0,0,11,117,261,0,0,31
0,5,30,5,5,2475,AA,LAX,4,128,239,0,0,11,117,261,0,0,31
-7,5,30,5,7,2475,AA,LAX,4,128,239,0,0,11,117,261,0,0,31
-3,5,30,5,17,2475,DL,LAX,4,128,239,0,0,11,117,261,0,0,31
-1,5,30,5,7,2475,DL,LAX,4,128,239,0,0,11,117,261,0,0,31
-6,5,30,5,9,2475,DL,LAX,4,128,239,0,0,11,117,261,0,0,31
0,5,30,5,12,2475,DL,LAX,4,128,239,0,0,11,117,261,0,0,31
7,5,30,5,18,2475,DL,LAX,4,128,239,0,0,11,117,261,0,0,31
13,5,30,5,21,2475,DL,LAX,4,128,239,0,0,11,117,261,0,0,31
-1,5,30,5,8,2475,DL,LAX,4,128,239,0,0,11,117,261,0,0,31
4,5,30,5,17,2475,AA,LAX,4,128,239,0,0,11,117,261,0,0,31
4,5,30,5,18,2475,AA,LAX,4,128,239,0,0,11,117,261,0,0,31
97,5,30,5,6,2475,UA,LAX,4,128,239,0,0,11,117,261,0,0,31
9,5,30,5,17,2475,UA,LAX,4,128,239,0,0,11,117,261,0,0,31
-6,5,30,5,8,2475,UA,LAX,4,128,239,0,0,11,117,261,0,0,31
-2,5,30,5,14,2475,UA,LAX,4,128,239,0,0,11,117,261,0,0,31
-6,5,30,5,11,2475,UA,LAX,4,128,239,0,0,11,117,261,0,0,31
12,5,30,5,20,2475,UA,LAX,4,128,239,0,0,11,117,261,0,0,31
-6,6,3,2,11,2475,UA,LAX,8,183,306,30,0,18,189,272,0,0,44
-12,6,3,2,16,2475,VX,LAX,8,183,306,30,0,18,189,272,0,0,44
-2,6,3,2,13,2475,VX,LAX,8,183,306,30,0,18,189,272,0,0,44
-1,6,3,2,11,2475,VX,LAX,8,183,306,30,0,18,189,272,0,0,44
-7,6,3,2,9,2475,DL,LAX,8,183,306,30,0,18,189,272,0,0,44
5,6,3,2,12,2475,DL,LAX,8,183,306,30,0,18,189,272,0,0,44
-8,6,3,2,18,2475,DL,LAX,8,183,306,30,0,18,189,272,0,0,44
-2,6,3,2,7,2475,DL,LAX,8,183,306,30,0,18,189,272,0,0,44
5,6,3,2,14,2475,UA,LAX,8,183,306,30,0,18,189,272,0,0,44
3,6,3,2,9,2475,VX,LAX,8,183,306,30,0,18,189,272,0,0,44
-3,6,3,2,21,2475,DL,LAX,8,183,306,30,0,18,189,272,0,0,44
29,6,3,2,8,2475,DL,LAX,8,183,306,30,0,18,189,272,0,0,44
17,6,3,2,15,2475,DL,LAX,8,183,306,30,0,18,189,272,0,0,44
15,6,3,2,17,2475,UA,LAX,8,183,306,30,0,18,189,272,0,0,44
29,6,3,2,20,2475,UA,LAX,8,183,306,30,0,18,189,272,0,0,44
-4,6,3,2,6,2475,UA,LAX,8,183,306,30,0,18,189,272,0,0,44
-9,6,3,2,7,2475,VX,LAX,8,183,306,30,0,18,189,272,0,0,44
64,6,3,2,20,2475,VX,LAX,8,183,306,30,0,18,189,272,0,0,44
50,6,3,2,17,2475,DL,LAX,8,183,306,30,0,18,189,272,0,0,44
-7,6,3,2,8,2475,UA,LAX,8,183,306,30,0,18,189,272,0,0,44
9,6,3,2,20,2475,AA,LAX,8,183,306,30,0,18,189,272,0,0,44
-4,6,3,2,7,2475,AA,LAX,8,183,306,30,0,18,189,272,0,0,44
-9,6,3,2,10,2475,AA,LAX,8,183,306,30,0,18,189,272,0,0,44
-6,6,3,2,16,2475,AA,LAX,8,183,306,30,0,18,189,272,0,0,44
75,6,3,2,20,2475,B6,LAX,8,183,306,30,0,18,189,272,0,0,44
18,6,3,2,17,2475,B6,LAX,8,183,306,30,0,18,189,272,0,0,44
-5,6,3,2,12,2475,AA,LAX,8,183,306,30,0,18,189,272,0,0,44
8,6,3,2,9,2475,B6,LAX,8,183,306,30,0,18,189,272,0,0,44
75,6,3,2,18,2475,AA,LAX,8,183,306,30,0,18,189,272,0,0,44
1,6,3,2,9,2475,AA,LAX,8,183,306,30,0,18,189,272,0,0,44
-6,6,3,2,17,2475,AA,LAX,8,183,306,30,0,18,189,272,0,0,44
-5,6,3,2,6,2475,B6,LAX,8,183,306,30,0,18,189,272,0,0,44
-5,6,3,2,5,2475,AA,LAX,8,183,306,30,0,18,189,272,0,0,44
-3,6,3,2,15,2475,AA,LAX,8,183,306,30,0,18,189,272,0,0,44
-7,6,3,2,11,2475,AA,LAX,8,183,306,30,0,18,189,272,0,0,44
-5,6,3,2,8,2475,AA,LAX,8,183,306,30,0,18,189,272,0,0,44
0,6,26,4,16,2475,DL,LAX,8,211,294,18,0,21,150,256,0,0,30
13,6,26,4,8,2475,DL,LAX,8,211,294,18,0,21,150,256,0,0,30
-4,6,26,4,9,2475,DL,LAX,8,211,294,18,0,21,150,256,0,0,30
-2,6,26,4,7,2475,VX,LAX,8,211,294,18,0,21,150,256,0,0,30
-7,6,26,4,12,2475,DL,LAX,8,211,294,18,0,21,150,256,0,0,30
0,6,26,4,7,2475,DL,LAX,8,211,294,18,0,21,150,256,0,0,30
140,6,26,4,21,2475,DL,LAX,8,211,294,18,0,21,150,256,0,0,30
-3,6,26,4,20,2475,VX,LAX,8,211,294,18,0,21,150,256,0,0,30
-1,6,26,4,16,2475,VX,LAX,8,211,294,18,0,21,150,256,0,0,30
1,6,26,4,13,2475,VX,LAX,8,211,294,18,0,21,150,256,0,0,30
-2,6,26,4,11,2475,VX,LAX,8,211,294,18,0,21,150,256,0,0,30
-2,6,26,4,9,2475,VX,LAX,8,211,294,18,0,21,150,256,0,0,30
15,6,26,4,15,2475,DL,LAX,8,211,294,18,0,21,150,256,0,0,30
7,6,26,4,18,2475,DL,LAX,8,211,294,18,0,21,150,256,0,0,30
-6,6,26,4,6,2475,AA,LAX,8,211,294,18,0,21,150,256,0,0,30
11,6,26,4,16,2475,AA,LAX,8,211,294,18,0,21,150,256,0,0,30
2,6,26,4,8,2475,AA,LAX,8,211,294,18,0,21,150,256,0,0,30
-8,6,26,4,10,2475,AA,LAX,8,211,294,18,0,21,150,256,0,0,30
-1,6,26,4,15,2475,AA,LAX,8,211,294,18,0,21,150,256,0,0,30
-3,6,26,4,17,2475,AA,LAX,8,211,294,18,0,21,150,256,0,0,30
-4,6,26,4,18,2475,AA,LAX,8,211,294,18,0,21,150,256,0,0,30
3,6,26,4,20,2475,AA,LAX,8,211,294,18,0,21,150,256,0,0,30
51,6,26,4,11,2475,AA,LAX,8,211,294,18,0,21,150,256,0,0,30
16,6,26,4,19,2475,AA,LAX,8,211,294,18,0,21,150,256,0,0,30
-1,6,26,4,7,2475,AA,LAX,8,211,294,18,0,21,150,256,0,0,30
-6,6,26,4,12,2475,AA,LAX,8,211,294,18,0,21,150,256,0,0,30
17,6,26,4,9,2475,AA,LAX,8,211,294,18,0,21,150,256,0,0,30
-5,6,26,4,6,2475,B6,LAX,8,211,294,18,0,21,150,256,0,0,30
-5,6,26,4,9,2475,B6,LAX,8,211,294,18,0,21,150,256,0,0,30
5,6,26,4,12,2475,B6,LAX,8,211,294,18,0,21,150,256,0,0,30
4,6,26,4,16,2475,B6,LAX,8,211,294,18,0,21,150,256,0,0,30
22,6,26,4,20,2475,B6,LAX,8,211,294,18,0,21,150,256,0,0,30
7,6,26,4,14,2475,UA,LAX,8,211,294,18,0,21,150,256,0,0,30
6,6,26,4,17,2475,UA,LAX,8,211,294,18,0,21,150,256,0,0,30
4,6,26,4,8,2475,UA,LAX,8,211,294,18,0,21,150,256,0,0,30
-3,6,26,4,6,2475,UA,LAX,8,211,294,18,0,21,150,256,0,0,30
53,6,26,4,20,2475,UA,LAX,8,211,294,18,0,21,150,256,0,0,30
0,6,26,4,11,2475,UA,LAX,8,211,294,18,0,21,150,256,0,0,30
17,7,4,5,13,2475,VX,LAX,0,183,233,36,0,24,144,261,0,0,32
7,7,4,5,16,2475,VX,LAX,0,183,233,36,0,24,144,261,0,0,32
-9,7,4,5,20,2475,VX,LAX,0,183,233,36,0,24,144,261,0,0,32
3,7,4,5,7,2475,VX,LAX,0,183,233,36,0,24,144,261,0,0,32
112,7,4,5,9,2475,VX,LAX,0,183,233,36,0,24,144,261,0,0,32
193,7,4,5,11,2475,VX,LAX,0,183,233,36,0,24,144,261,0,0,32
-2,7,4,5,11,2475,UA,LAX,0,183,233,36,0,24,144,261,0,0,32
-2,7,4,5,6,2475,B6,LAX,0,183,233,36,0,24,144,261,0,0,32
36,7,4,5,18,2475,DL,LAX,0,183,233,36,0,24,144,261,0,0,32
0,7,4,5,15,2475,AA,LAX,0,183,233,36,0,24,144,261,0,0,32
-4,7,4,5,9,2475,B6,LAX,0,183,233,36,0,24,144,261,0,0,32
-1,7,4,5,19,2475,AA,LAX,0,183,233,36,0,24,144,261,0,0,32
-1,7,4,5,7,2475,DL,LAX,0,183,233,36,0,24,144,261,0,0,32
13,7,4,5,21,2475,DL,LAX,0,183,233,36,0,24,144,261,0,0,32
-3,7,4,5,8,2475,DL,LAX,0,183,233,36,0,24,144,261,0,0,32
-1,7,4,5,8,2475,UA,LAX,0,183,233,36,0,24,144,261,0,0,32
123,7,4,5,16,2475,DL,LAX,0,183,233,36,0,24,144,261,0,0,32
-6,7,4,5,12,2475,AA,LAX,0,183,233,36,0,24,144,261,0,0,32
-1,7,4,5,6,2475,UA,LAX,0,183,233,36,0,24,144,261,0,0,32
60,7,4,5,12,2475,B6,LAX,0,183,233,36,0,24,144,261,0,0,32
-1,7,4,5,8,2475,AA,LAX,0,183,233,36,0,24,144,261,0,0,32
-5,7,4,5,17,2475,UA,LAX,0,183,233,36,0,24,144,261,0,0,32
9,7,4,5,16,2475,B6,LAX,0,183,233,36,0,24,144,261,0,0,32
-1,7,4,5,12,2475,DL,LAX,0,183,233,36,0,24,144,261,0,0,32
66,7,4,5,10,2475,AA,LAX,0,183,233,36,0,24,144,261,0,0,32
33,7,4,5,20,2475,B6,LAX,0,183,233,36,0,24,144,261,0,0,32
-4,7,4,5,16,2475,AA,LAX,0,183,233,36,0,24,144,261,0,0,32
15,7,27,7,20,2475,UA,LAX,23,217,294,5,0,15,183,306,5,0,67
-2,7,27,7,11,2475,UA,LAX,23,217,294,5,0,15,183,306,5,0,67
-1,7,27,7,14,2475,UA,LAX,23,217,294,5,0,15,183,306,5,0,67
-5,7,27,7,8,2475,UA,LAX,23,217,294,5,0,15,183,306,5,0,67
24,7,27,7,17,2475,UA,LAX,23,217,294,5,0,15,183,306,5,0,67
-4,7,27,7,9,2475,B6,LAX,23,217,294,5,0,15,183,306,5,0,67
-4,7,27,7,9,2475,AA,LAX,23,217,294,5,0,15,183,306,5,0,67
-5,7,27,7,19,2475,AA,LAX,23,217,294,5,0,15,183,306,5,0,67
4,7,27,7,20,2475,AA,LAX,23,217,294,5,0,15,183,306,5,0,67
21,7,27,7,11,2475,AA,LAX,23,217,294,5,0,15,183,306,5,0,67
50,7,27,7,17,2475,AA,LAX,23,217,294,5,0,15,183,306,5,0,67
53,7,27,7,12,2475,B6,LAX,23,217,294,5,0,15,183,306,5,0,67
-8,7,27,7,7,2475,AA,LAX,23,217,294,5,0,15,183,306,5,0,67
83,7,27,7,20,2475,B6,LAX,23,217,294,5,0,15,183,306,5,0,67
-8,7,27,7,12,2475,AA,LAX,23,217,294,5,0,15,183,306,5,0,67
-2,7,27,7,6,2475,AA,LAX,23,217,294,5,0,15,183,306,5,0,67
49,7,27,7,16,2475,AA,LAX,23,217,294,5,0,15,183,306,5,0,67
-8,7,27,7,10,2475,AA,LAX,23,217,294,5,0,15,183,306,5,0,67
57,7,27,7,16,2475,B6,LAX,23,217,294,5,0,15,183,306,5,0,67
110,7,27,7,18,2475,AA,LAX,23,217,294,5,0,15,183,306,5,0,67
-5,7,27,7,8,2475,AA,LAX,23,217,294,5,0,15,183,306,5,0,67
33,7,27,7,15,2475,AA,LAX,23,217,294,5,0,15,183,306,5,0,67
-5,7,27,7,6,2475,B6,LAX,23,217,294,5,0,15,183,306,5,0,67
8,7,27,7,16,2475,DL,LAX,23,217,294,5,0,15,183,306,5,0,67
14,7,27,7,8,2475,DL,LAX,23,217,294,5,0,15,183,306,5,0,67
134,7,27,7,21,2475,DL,LAX,23,217,294,5,0,15,183,306,5,0,67
30,7,27,7,15,2475,DL,LAX,23,217,294,5,0,15,183,306,5,0,67
63,7,27,7,7,2475,DL,LAX,23,217,294,5,0,15,183,306,5,0,67
-1,7,27,7,12,2475,DL,LAX,23,217,294,5,0,15,183,306,5,0,67
-3,7,27,7,9,2475,DL,LAX,23,217,294,5,0,15,183,306,5,0,67
46,7,27,7,18,2475,DL,LAX,23,217,294,5,0,15,183,306,5,0,67
31,7,27,7,20,2475,VX,LAX,23,217,294,5,0,15,183,306,5,0,67
47,7,27,7,16,2475,VX,LAX,23,217,294,5,0,15,183,306,5,0,67
3,7,27,7,13,2475,VX,LAX,23,217,294,5,0,15,183,306,5,0,67
-1,7,27,7,11,2475,VX,LAX,23,217,294,5,0,15,183,306,5,0,67
6,7,27,7,9,2475,VX,LAX,23,217,294,5,0,15,183,306,5,0,67
25,7,27,7,7,2475,VX,LAX,23,217,294,5,0,15,183,306,5,0,67
-4,8,5,2,9,2475,DL,LAX,27,217,322,0,0,11,178,267,0,0,28
13,8,5,2,14,2475,UA,LAX,27,217,322,0,0,11,178,267,0,0,28
-6,8,5,2,11,2475,UA,LAX,27,217,322,0,0,11,178,267,0,0,28
-1,8,5,2,17,2475,UA,LAX,27,217,322,0,0,11,178,267,0,0,28
7,8,5,2,20,2475,UA,LAX,27,217,322,0,0,11,178,267,0,0,28
-2,8,5,2,8,2475,UA,LAX,27,217,322,0,0,11,178,267,0,0,28
2,8,5,2,6,2475,UA,LAX,27,217,322,0,0,11,178,267,0,0,28
-2,8,5,2,15,2475,DL,LAX,27,217,322,0,0,11,178,267,0,0,28
174,8,5,2,21,2475,DL,LAX,27,217,322,0,0,11,178,267,0,0,28
0,8,5,2,8,2475,DL,LAX,27,217,322,0,0,11,178,267,0,0,28
-1,8,5,2,16,2475,DL,LAX,27,217,322,0,0,11,178,267,0,0,28
3,8,5,2,20,2475,VX,LAX,27,217,322,0,0,11,178,267,0,0,28
3,8,5,2,16,2475,VX,LAX,27,217,322,0,0,11,178,267,0,0,28
0,8,5,2,13,2475,VX,LAX,27,217,322,0,0,11,178,267,0,0,28
-1,8,5,2,11,2475,VX,LAX,27,217,322,0,0,11,178,267,0,0,28
-7,8,5,2,9,2475,VX,LAX,27,217,322,0,0,11,178,267,0,0,28
-2,8,5,2,7,2475,VX,LAX,27,217,322,0,0,11,178,267,0,0,28
8,8,5,2,7,2475,DL,LAX,27,217,322,0,0,11,178,267,0,0,28
-7,8,5,2,12,2475,DL,LAX,27,217,322,0,0,11,178,267,0,0,28
2,8,5,2,18,2475,DL,LAX,27,217,322,0,0,11,178,267,0,0,28
-8,8,5,2,6,2475,AA,LAX,27,217,322,0,0,11,178,267,0,0,28
15,8,5,2,9,2475,B6,LAX,27,217,322,0,0,11,178,267,0,0,28
-1,8,5,2,12,2475,B6,LAX,27,217,322,0,0,11,178,267,0,0,28
-3,8,5,2,12,2475,AA,LAX,27,217,322,0,0,11,178,267,0,0,28
-9,8,5,2,20,2475,AA,LAX,27,217,322,0,0,11,178,267,0,0,28
-5,8,5,2,20,2475,B6,LAX,27,217,322,0,0,11,178,267,0,0,28
7,8,5,2,18,2475,AA,LAX,27,217,322,0,0,11,178,267,0,0,28
-7,8,5,2,10,2475,AA,LAX,27,217,322,0,0,11,178,267,0,0,28
-5,8,5,2,7,2475,AA,LAX,27,217,322,0,0,11,178,267,0,0,28
27,8,5,2,6,2475,B6,LAX,27,217,322,0,0,11,178,267,0,0,28
-3,8,5,2,16,2475,B6,LAX,27,217,322,0,0,11,178,267,0,0,28
-3,8,5,2,11,2475,AA,LAX,27,217,322,0,0,11,178,267,0,0,28
-9,8,5,2,8,2475,AA,LAX,27,217,322,0,0,11,178,267,0,0,28
6,8,5,2,15,2475,AA,LAX,27,217,322,0,0,11,178,267,0,0,28
9,8,5,2,17,2475,AA,LAX,27,217,322,0,0,11,178,267,0,0,28
-6,8,5,2,16,2475,AA,LAX,27,217,322,0,0,11,178,267,0,0,28
-8,8,5,2,9,2475,AA,LAX,27,217,322,0,0,11,178,267,0,0,28
5,8,5,2,19,2475,AA,LAX,27,217,322,0,0,11,178,267,0,0,28
-3,8,10,7,11,2475,AA,LAX,22,200,311,0,0,13,206,272,0,0,38
-8,8,10,7,9,2475,AA,LAX,22,200,311,0,0,13,206,272,0,0,38
-4,8,10,7,17,2475,AA,LAX,22,200,311,0,0,13,206,272,0,0,38
-5,8,10,7,9,2475,B6,LAX,22,200,311,0,0,13,206,272,0,0,38
-6,8,10,7,7,2475,AA,LAX,22,200,311,0,0,13,206,272,0,0,38
-3,8,10,7,16,2475,B6,LAX,22,200,311,0,0,13,206,272,0,0,38
22,8,10,7,20,2475,B6,LAX,22,200,311,0,0,13,206,272,0,0,38
-3,8,10,7,12,2475,AA,LAX,22,200,311,0,0,13,206,272,0,0,38
-7,8,10,7,10,2475,AA,LAX,22,200,311,0,0,13,206,272,0,0,38
-6,8,10,7,16,2475,AA,LAX,22,200,311,0,0,13,206,272,0,0,38
9,8,10,7,15,2475,AA,LAX,22,200,311,0,0,13,206,272,0,0,38
-7,8,10,7,6,2475,AA,LAX,22,200,311,0,0,13,206,272,0,0,38
7,8,10,7,19,2475,AA,LAX,22,200,311,0,0,13,206,272,0,0,38
-8,8,10,7,8,2475,AA,LAX,22,200,311,0,0,13,206,272,0,0,38
6,8,10,7,20,2475,AA,LAX,22,200,311,0,0,13,206,272,0,0,38
41,8,10,7,6,2475,B6,LAX,22,200,311,0,0,13,206,272,0,0,38
3,8,10,7,18,2475,AA,LAX,22,200,311,0,0,13,206,272,0,0,38
-2,8,10,7,12,2475,B6,LAX,22,200,311,0,0,13,206,272,0,0,38
47,8,10,7,21,2475,DL,LAX,22,200,311,0,0,13,206,272,0,0,38
-5,8,10,7,8,2475,UA,LAX,22,200,311,0,0,13,206,272,0,0,38
27,8,10,7,20,2475,UA,LAX,22,200,311,0,0,13,206,272,0,0,38
-2,8,10,7,17,2475,UA,LAX,22,200,311,0,0,13,206,272,0,0,38
-12,8,10,7,11,2475,UA,LAX,22,200,311,0,0,13,206,272,0,0,38
-7,8,10,7,14,2475,UA,LAX,22,200,311,0,0,13,206,272,0,0,38
3,8,10,7,16,2475,DL,LAX,22,200,311,0,0,13,206,272,0,0,38
-1,8,10,7,8,2475,DL,LAX,22,200,311,0,0,13,206,272,0,0,38
-2,8,10,7,7,2475,VX,LAX,22,200,311,0,0,13,206,272,0,0,38
-8,8,10,7,9,2475,VX,LAX,22,200,311,0,0,13,206,272,0,0,38
-7,8,10,7,11,2475,VX,LAX,22,200,311,0,0,13,206,272,0,0,38
-5,8,10,7,13,2475,VX,LAX,22,200,311,0,0,13,206,272,0,0,38
0,8,10,7,16,2475,VX,LAX,22,200,311,0,0,13,206,272,0,0,38
-3,8,10,7,20,2475,VX,LAX,22,200,311,0,0,13,206,272,0,0,38
41,8,10,7,15,2475,DL,LAX,22,200,311,0,0,13,206,272,0,0,38
35,8,10,7,7,2475,DL,LAX,22,200,311,0,0,13,206,272,0,0,38
74,8,10,7,12,2475,DL,LAX,22,200,311,0,0,13,206,272,0,0,38
-3,8,10,7,9,2475,DL,LAX,22,200,311,0,0,13,206,272,0,0,38
20,8,10,7,18,2475,DL,LAX,22,200,311,0,0,13,206,272,0,0,38
-5,8,28,4,17,2475,UA,LAX,4,189,278,0,0,24,194,250,0,0,38
-5,8,28,4,20,2475,UA,LAX,4,189,278,0,0,24,194,250,0,0,38
-4,8,28,4,8,2475,UA,LAX,4,189,278,0,0,24,194,250,0,0,38
-5,8,28,4,6,2475,UA,LAX,4,189,278,0,0,24,194,250,0,0,38
-5,8,28,4,14,2475,UA,LAX,4,189,278,0,0,24,194,250,0,0,38
-2,8,28,4,11,2475,UA,LAX,4,189,278,0,0,24,194,250,0,0,38
8,8,28,4,11,2475,AA,LAX,4,189,278,0,0,24,194,250,0,0,38
-9,8,28,4,7,2475,AA,LAX,4,189,278,0,0,24,194,250,0,0,38
-1,8,28,4,18,2475,AA,LAX,4,189,278,0,0,24,194,250,0,0,38
-1,8,28,4,20,2475,B6,LAX,4,189,278,0,0,24,194,250,0,0,38
-5,8,28,4,10,2475,AA,LAX,4,189,278,0,0,24,194,250,0,0,38
5,8,28,4,12,2475,AA,LAX,4,189,278,0,0,24,194,250,0,0,38
9,8,28,4,19,2475,AA,LAX,4,189,278,0,0,24,194,250,0,0,38
208,8,28,4,17,2475,AA,LAX,4,189,278,0,0,24,194,250,0,0,38
8,8,28,4,16,2475,B6,LAX,4,189,278,0,0,24,194,250,0,0,38
4,8,28,4,20,2475,AA,LAX,4,189,278,0,0,24,194,250,0,0,38
-4,8,28,4,9,2475,AA,LAX,4,189,278,0,0,24,194,250,0,0,38
-1,8,28,4,12,2475,B6,LAX,4,189,278,0,0,24,194,250,0,0,38
-7,8,28,4,8,2475,AA,LAX,4,189,278,0,0,24,194,250,0,0,38
-3,8,28,4,16,2475,AA,LAX,4,189,278,0,0,24,194,250,0,0,38
-3,8,28,4,6,2475,B6,LAX,4,189,278,0,0,24,194,250,0,0,38
-3,8,28,4,9,2475,B6,LAX,4,189,278,0,0,24,194,250,0,0,38
-2,8,28,4,6,2475,AA,LAX,4,189,278,0,0,24,194,250,0,0,38
-8,8,28,4,14,2475,AA,LAX,4,189,278,0,0,24,194,250,0,0,38
-10,8,28,4,7,2475,VX,LAX,4,189,278,0,0,24,194,250,0,0,38
-9,8,28,4,9,2475,VX,LAX,4,189,278,0,0,24,194,250,0,0,38
-5,8,28,4,18,2475,DL,LAX,4,189,278,0,0,24,194,250,0,0,38
-5,8,28,4,9,2475,DL,LAX,4,189,278,0,0,24,194,250,0,0,38
-2,8,28,4,12,2475,DL,LAX,4,189,278,0,0,24,194,250,0,0,38
-1,8,28,4,7,2475,DL,LAX,4,189,278,0,0,24,194,250,0,0,38
3,8,28,4,16,2475,DL,LAX,4,189,278,0,0,24,194,250,0,0,38
-7,8,28,4,21,2475,DL,LAX,4,189,278,0,0,24,194,250,0,0,38
-1,8,28,4,15,2475,DL,LAX,4,189,278,0,0,24,194,250,0,0,38
-7,8,28,4,8,2475,DL,LAX,4,189,278,0,0,24,194,250,0,0,38
-11,8,28,4,13,2475,VX,LAX,4,189,278,0,0,24,194,250,0,0,38
13,8,28,4,16,2475,VX,LAX,4,189,278,0,0,24,194,250,0,0,38
-9,8,28,4,11,2475,VX,LAX,4,189,278,0,0,24,194,250,0,0,38
-3,8,28,4,20,2475,VX,LAX,4,189,278,0,0,24,194,250,0,0,38
-4,9,6,6,11,2475,UA,LAX,5,194,328,28,0,21,156,239,0,0,38
17,9,6,6,18,2475,UA,LAX,5,194,328,28,0,21,156,239,0,0,38
-6,9,6,6,8,2475,UA,LAX,5,194,328,28,0,21,156,239,0,0,38
-3,9,6,6,14,2475,UA,LAX,5,194,328,28,0,21,156,239,0,0,38
-5,9,6,6,6,2475,UA,LAX,5,194,328,28,0,21,156,239,0,0,38
23,9,6,6,12,2475,AA,LAX,5,194,328,28,0,21,156,239,0,0,38
-8,9,6,6,11,2475,B6,LAX,5,194,328,28,0,21,156,239,0,0,38
-5,9,6,6,10,2475,AA,LAX,5,194,328,28,0,21,156,239,0,0,38
-1,9,6,6,16,2475,VX,LAX,5,194,328,28,0,21,156,239,0,0,38
14,9,6,6,18,2475,DL,LAX,5,194,328,28,0,21,156,239,0,0,38
-4,9,6,6,9,2475,AA,LAX,5,194,328,28,0,21,156,239,0,0,38
-2,9,6,6,12,2475,DL,LAX,5,194,328,28,0,21,156,239,0,0,38
-6,9,6,6,8,2475,DL,LAX,5,194,328,28,0,21,156,239,0,0,38
-5,9,6,6,14,2475,AA,LAX,5,194,328,28,0,21,156,239,0,0,38
14,9,6,6,20,2475,B6,LAX,5,194,328,28,0,21,156,239,0,0,38
-3,9,6,6,13,2475,VX,LAX,5,194,328,28,0,21,156,239,0,0,38
17,9,6,6,20,2475,AA,LAX,5,194,328,28,0,21,156,239,0,0,38
48,9,6,6,18,2475,AA,LAX,5,194,328,28,0,21,156,239,0,0,38
-3,9,6,6,17,2475,AA,LAX,5,194,328,28,0,21,156,239,0,0,38
-13,9,6,6,9,2475,DL,LAX,5,194,328,28,0,21,156,239,0,0,38
27,9,6,6,11,2475,AA,LAX,5,194,328,28,0,21,156,239,0,0,38
-8,9,6,6,15,2475,DL,LAX,5,194,328,28,0,21,156,239,0,0,38
-3,9,6,6,9,2475,B6,LAX,5,194,328,28,0,21,156,239,0,0,38
-6,9,6,6,8,2475,AA,LAX,5,194,328,28,0,21,156,239,0,0,38
-4,9,6,6,16,2475,AA,LAX,5,194,328,28,0,21,156,239,0,0,38
14,9,6,6,19,2475,AA,LAX,5,194,328,28,0,21,156,239,0,0,38
-6,9,6,6,11,2475,VX,LAX,5,194,328,28,0,21,156,239,0,0,38
-4,9,6,6,9,2475,VX,LAX,5,194,328,28,0,21,156,239,0,0,38
-5,9,6,6,7,2475,VX,LAX,5,194,328,28,0,21,156,239,0,0,38
-2,9,6,6,16,2475,DL,LAX,5,194,328,28,0,21,156,239,0,0,38
-8,9,6,6,6,2475,B6,LAX,5,194,328,28,0,21,156,239,0,0,38
0,9,11,4,11,2475,UA,LAX,10,206,283,0,0,21,100,133,0,0,46
-3,9,11,4,17,2475,UA,LAX,10,206,283,0,0,21,100,133,0,0,46
6,9,11,4,20,2475,UA,LAX,10,206,283,0,0,21,100,133,0,0,46
-10,9,11,4,8,2475,UA,LAX,10,206,283,0,0,21,100,133,0,0,46
-2,9,11,4,14,2475,UA,LAX,10,206,283,0,0,21,100,133,0,0,46
1,9,11,4,21,2475,DL,LAX,10,206,283,0,0,21,100,133,0,0,46
-4,9,11,4,8,2475,DL,LAX,10,206,283,0,0,21,100,133,0,0,46
19,9,11,4,15,2475,DL,LAX,10,206,283,0,0,21,100,133,0,0,46
-7,9,11,4,6,2475,B6,LAX,10,206,283,0,0,21,100,133,0,0,46
-4,9,11,4,18,2475,DL,LAX,10,206,283,0,0,21,100,133,0,0,46
-11,9,11,4,9,2475,DL,LAX,10,206,283,0,0,21,100,133,0,0,46
0,9,11,4,12,2475,DL,LAX,10,206,283,0,0,21,100,133,0,0,46
10,9,11,4,7,2475,DL,LAX,10,206,283,0,0,21,100,133,0,0,46
1,9,11,4,16,2475,DL,LAX,10,206,283,0,0,21,100,133,0,0,46
-8,9,11,4,7,2475,VX,LAX,10,206,283,0,0,21,100,133,0,0,46
20,9,11,4,10,2475,AA,LAX,10,206,283,0,0,21,100,133,0,0,46
-5,9,11,4,14,2475,AA,LAX,10,206,283,0,0,21,100,133,0,0,46
6,9,11,4,18,2475,AA,LAX,10,206,283,0,0,21,100,133,0,0,46
-7,9,11,4,12,2475,AA,LAX,10,206,283,0,0,21,100,133,0,0,46
3,9,11,4,20,2475,AA,LAX,10,206,283,0,0,21,100,133,0,0,46
-5,9,11,4,11,2475,B6,LAX,10,206,283,0,0,21,100,133,0,0,46
3,9,11,4,17,2475,AA,LAX,10,206,283,0,0,21,100,133,0,0,46
-9,9,11,4,16,2475,VX,LAX,10,206,283,0,0,21,100,133,0,0,46
-10,9,11,4,13,2475,VX,LAX,10,206,283,0,0,21,100,133,0,0,46
-7,9,11,4,11,2475,VX,LAX,10,206,283,0,0,21,100,133,0,0,46
-5,9,11,4,20,2475,VX,LAX,10,206,283,0,0,21,100,133,0,0,46
-6,9,11,4,9,2475,VX,LAX,10,206,283,0,0,21,100,133,0,0,46
-6,9,11,4,8,2475,AA,LAX,10,206,283,0,0,21,100,133,0,0,46
-10,9,11,4,9,2475,B6,LAX,10,206,283,0,0,21,100,133,0,0,46
-4,9,11,4,19,2475,AA,LAX,10,206,283,0,0,21,100,133,0,0,46
-9,9,11,4,9,2475,AA,LAX,10,206,283,0,0,21,100,133,0,0,46
-4,9,11,4,20,2475,B6,LAX,10,206,283,0,0,21,100,133,0,0,46
0,9,11,4,11,2475,AA,LAX,10,206,283,0,0,21,100,133,0,0,46
-5,9,11,4,7,2475,AA,LAX,10,206,283,0,0,21,100,133,0,0,46
-7,9,11,4,6,2475,AA,LAX,10,206,283,0,0,21,100,133,0,0,46
-5,9,11,4,16,2475,AA,LAX,10,206,283,0,0,21,100,133,0,0,46
-5,9,11,4,16,2475,B6,LAX,10,206,283,0,0,21,100,133,0,0,46
13,9,29,1,20,2475,UA,LAX,14,194,261,0,0,3,117,283,3,0,40
-2,9,29,1,14,2475,UA,LAX,14,194,261,0,0,3,117,283,3,0,40
-3,9,29,1,11,2475,UA,LAX,14,194,261,0,0,3,117,283,3,0,40
-3,9,29,1,17,2475,UA,LAX,14,194,261,0,0,3,117,283,3,0,40
-3,9,29,1,8,2475,UA,LAX,14,194,261,0,0,3,117,283,3,0,40
-4,9,29,1,6,2475,UA,LAX,14,194,261,0,0,3,117,283,3,0,40
4,9,29,1,18,2475,AA,LAX,14,194,261,0,0,3,117,283,3,0,40
48,9,29,1,20,2475,AA,LAX,14,194,261,0,0,3,117,283,3,0,40
-9,9,29,1,12,2475,AA,LAX,14,194,261,0,0,3,117,283,3,0,40
0,9,29,1,16,2475,B6,LAX,14,194,261,0,0,3,117,283,3,0,40
-7,9,29,1,11,2475,AA,LAX,14,194,261,0,0,3,117,283,3,0,40
4,9,29,1,10,2475,AA,LAX,14,194,261,0,0,3,117,283,3,0,40
-4,9,29,1,20,2475,B6,LAX,14,194,261,0,0,3,117,283,3,0,40
-1,9,29,1,9,2475,B6,LAX,14,194,261,0,0,3,117,283,3,0,40
11,9,29,1,9,2475,AA,LAX,14,194,261,0,0,3,117,283,3,0,40
-5,9,29,1,8,2475,AA,LAX,14,194,261,0,0,3,117,283,3,0,40
-4,9,29,1,19,2475,AA,LAX,14,194,261,0,0,3,117,283,3,0,40
13,9,29,1,17,2475,AA,LAX,14,194,261,0,0,3,117,283,3,0,40
12,9,29,1,16,2475,VX,LAX,14,194,261,0,0,3,117,283,3,0,40
-1,9,29,1,6,2475,AA,LAX,14,194,261,0,0,3,117,283,3,0,40
59,9,29,1,11,2475,VX,LAX,14,194,261,0,0,3,117,283,3,0,40
-10,9,29,1,11,2475,B6,LAX,14,194,261,0,0,3,117,283,3,0,40
-6,9,29,1,7,2475,AA,LAX,14,194,261,0,0,3,117,283,3,0,40
1,9,29,1,9,2475,VX,LAX,14,194,261,0,0,3,117,283,3,0,40
6,9,29,1,7,2475,VX,LAX,14,194,261,0,0,3,117,283,3,0,40
-2,9,29,1,16,2475,AA,LAX,14,194,261,0,0,3,117,283,3,0,40
5,9,29,1,13,2475,VX,LAX,14,194,261,0,0,3,117,283,3,0,40
-7,9,29,1,8,2475,B6,LAX,14,194,261,0,0,3,117,283,3,0,40
-7,9,29,1,14,2475,AA,LAX,14,194,261,0,0,3,117,283,3,0,40
6,9,29,1,20,2475,VX,LAX,14,194,261,0,0,3,117,283,3,0,40
6,9,29,1,18,2475,DL,LAX,14,194,261,0,0,3,117,283,3,0,40
-2,9,29,1,9,2475,DL,LAX,14,194,261,0,0,3,117,283,3,0,40
-4,9,29,1,12,2475,DL,LAX,14,194,261,0,0,3,117,283,3,0,40
-2,9,29,1,7,2475,DL,LAX,14,194,261,0,0,3,117,283,3,0,40
-5,9,29,1,16,2475,DL,LAX,14,194,261,0,0,3,117,283,3,0,40
553,9,29,1,21,2475,DL,LAX,14,194,261,0,0,3,117,283,3,0,40
-6,9,29,1,8,2475,DL,LAX,14,194,261,0,0,3,117,283,3,0,40
1,9,29,1,15,2475,DL,LAX,14,194,261,0,0,3,117,283,3,0,40
-7,9,29,1,6,2475,B6,LAX,14,194,261,0,0,3,117,283,3,0,40
-5,10,2,4,8,2475,B6,LAX,11,161,211,0,0,21,172,222,81,0,35
-8,10,2,4,6,2475,B6,LAX,11,161,211,0,0,21,172,222,81,0,35
-2,10,2,4,20,2475,B6,LAX,11,161,211,0,0,21,172,222,81,0,35
90,10,2,4,18,2475,DL,LAX,11,161,211,0,0,21,172,222,81,0,35
29,10,2,4,16,2475,DL,LAX,11,161,211,0,0,21,172,222,81,0,35
0,10,2,4,9,2475,DL,LAX,11,161,211,0,0,21,172,222,81,0,35
-2,10,2,4,12,2475,DL,LAX,11,161,211,0,0,21,172,222,81,0,35
-1,10,2,4,7,2475,DL,LAX,11,161,211,0,0,21,172,222,81,0,35
65,10,2,4,21,2475,DL,LAX,11,161,211,0,0,21,172,222,81,0,35
86,10,2,4,15,2475,DL,LAX,11,161,211,0,0,21,172,222,81,0,35
-2,10,2,4,8,2475,DL,LAX,11,161,211,0,0,21,172,222,81,0,35
383,10,2,4,16,2475,B6,LAX,11,161,211,0,0,21,172,222,81,0,35
-4,10,2,4,11,2475,B6,LAX,11,161,211,0,0,21,172,222,81,0,35
-5,10,2,4,6,2475,AA,LAX,11,161,211,0,0,21,172,222,81,0,35
-9,10,2,4,9,2475,B6,LAX,11,161,211,0,0,21,172,222,81,0,35
44,10,2,4,10,2475,AA,LAX,11,161,211,0,0,21,172,222,81,0,35
17,10,2,4,16,2475,AA,LAX,11,161,211,0,0,21,172,222,81,0,35
35,10,2,4,14,2475,UA,LAX,11,161,211,0,0,21,172,222,81,0,35
-6,10,2,4,9,2475,AA,LAX,11,161,211,0,0,21,172,222,81,0,35
55,10,2,4,17,2475,AA,LAX,11,161,211,0,0,21,172,222,81,0,35
14,10,2,4,16,2475,VX,LAX,11,161,211,0,0,21,172,222,81,0,35
-5,10,2,4,7,2475,AA,LAX,11,161,211,0,0,21,172,222,81,0,35
74,10,2,4,20,2475,AA,LAX,11,161,211,0,0,21,172,222,81,0,35
0,10,2,4,14,2475,AA,LAX,11,161,211,0,0,21,172,222,81,0,35
-2,10,2,4,7,2475,VX,LAX,11,161,211,0,0,21,172,222,81,0,35
233,10,2,4,13,2475,VX,LAX,11,161,211,0,0,21,172,222,81,0,35
848,10,2,4,18,2475,AA,LAX,11,161,211,0,0,21,172,222,81,0,35
-4,10,2,4,9,2475,VX,LAX,11,161,211,0,0,21,172,222,81,0,35
-3,10,2,4,11,2475,VX,LAX,11,161,211,0,0,21,172,222,81,0,35
-8,10,2,4,11,2475,AA,LAX,11,161,211,0,0,21,172,222,81,0,35
14,10,2,4,19,2475,AA,LAX,11,161,211,0,0,21,172,222,81,0,35
188,10,2,4,20,2475,VX,LAX,11,161,211,0,0,21,172,222,81,0,35
16,10,2,4,20,2475,UA,LAX,11,161,211,0,0,21,172,222,81,0,35
-5,10,2,4,8,2475,UA,LAX,11,161,211,0,0,21,172,222,81,0,35
-2,10,2,4,6,2475,UA,LAX,11,161,211,0,0,21,172,222,81,0,35
-7,10,2,4,12,2475,AA,LAX,11,161,211,0,0,21,172,222,81,0,35
4,10,2,4,17,2475,UA,LAX,11,161,211,0,0,21,172,222,81,0,35
-5,10,2,4,11,2475,UA,LAX,11,161,211,0,0,21,172,222,81,0,35
-4,10,2,4,8,2475,AA,LAX,11,161,211,0,0,21,172,222,81,0,35
-4,10,25,6,9,2475,VX,LAX,12,100,194,3,0,26,94,222,0,0,49
0,10,25,6,13,2475,VX,LAX,12,100,194,3,0,26,94,222,0,0,49
3,10,25,6,16,2475,VX,LAX,12,100,194,3,0,26,94,222,0,0,49
-7,10,25,6,7,2475,AA,LAX,12,100,194,3,0,26,94,222,0,0,49
-1,10,25,6,14,2475,UA,LAX,12,100,194,3,0,26,94,222,0,0,49
-2,10,25,6,20,2475,AA,LAX,12,100,194,3,0,26,94,222,0,0,49
-5,10,25,6,14,2475,AA,LAX,12,100,194,3,0,26,94,222,0,0,49
-4,10,25,6,11,2475,UA,LAX,12,100,194,3,0,26,94,222,0,0,49
-3,10,25,6,16,2475,AA,LAX,12,100,194,3,0,26,94,222,0,0,49
-6,10,25,6,19,2475,AA,LAX,12,100,194,3,0,26,94,222,0,0,49
5,10,25,6,11,2475,AA,LAX,12,100,194,3,0,26,94,222,0,0,49
-7,10,25,6,8,2475,AA,LAX,12,100,194,3,0,26,94,222,0,0,49
-2,10,25,6,17,2475,AA,LAX,12,100,194,3,0,26,94,222,0,0,49
-5,10,25,6,9,2475,AA,LAX,12,100,194,3,0,26,94,222,0,0,49
-7,10,25,6,18,2475,AA,LAX,12,100,194,3,0,26,94,222,0,0,49
-3,10,25,6,7,2475,VX,LAX,12,100,194,3,0,26,94,222,0,0,49
-4,10,25,6,12,2475,AA,LAX,12,100,194,3,0,26,94,222,0,0,49
-7,10,25,6,18,2475,UA,LAX,12,100,194,3,0,26,94,222,0,0,49
-6,10,25,6,8,2475,UA,LAX,12,100,194,3,0,26,94,222,0,0,49
-4,10,25,6,6,2475,UA,LAX,12,100,194,3,0,26,94,222,0,0,49
-5,10,25,6,11,2475,B6,LAX,12,100,194,3,0,26,94,222,0,0,49
-5,10,25,6,8,2475,B6,LAX,12,100,194,3,0,26,94,222,0,0,49
-1,10,25,6,18,2475,DL,LAX,12,100,194,3,0,26,94,222,0,0,49
-5,10,25,6,7,2475,DL,LAX,12,100,194,3,0,26,94,222,0,0,49
6,10,25,6,15,2475,DL,LAX,12,100,194,3,0,26,94,222,0,0,49
-7,10,25,6,8,2475,DL,LAX,12,100,194,3,0,26,94,222,0,0,49
3,10,25,6,16,2475,DL,LAX,12,100,194,3,0,26,94,222,0,0,49
-8,10,25,6,10,2475,AA,LAX,12,100,194,3,0,26,94,222,0,0,49
-5,10,25,6,6,2475,B6,LAX,12,100,194,3,0,26,94,222,0,0,49
-4,10,25,6,9,2475,B6,LAX,12,100,194,3,0,26,94,222,0,0,49
-3,10,25,6,21,2475,B6,LAX,12,100,194,3,0,26,94,222,0,0,49
-6,10,25,6,16,2475,B6,LAX,12,100,194,3,0,26,94,222,0,0,49
-7,10,30,4,9,2475,DL,LAX,12,83,150,0,0,16,0,106,0,0,25
-2,10,30,4,7,2475,B6,LAX,12,83,150,0,0,16,0,106,0,0,25
-6,10,30,4,6,2475,B6,LAX,12,83,150,0,0,16,0,106,0,0,25
-4,10,30,4,12,2475,DL,LAX,12,83,150,0,0,16,0,106,0,0,25
-6,10,30,4,9,2475,AA,LAX,12,83,150,0,0,16,0,106,0,0,25
-10,10,30,4,6,2475,AA,LAX,12,83,150,0,0,16,0,106,0,0,25
-9,10,30,4,8,2475,DL,LAX,12,83,150,0,0,16,0,106,0,0,25
-9,10,30,4,9,2475,B6,LAX,12,83,150,0,0,16,0,106,0,0,25
-3,10,30,4,15,2475,B6,LAX,12,83,150,0,0,16,0,106,0,0,25
-5,10,30,4,15,2475,DL,LAX,12,83,150,0,0,16,0,106,0,0,25
34,10,30,4,7,2475,DL,LAX,12,83,150,0,0,16,0,106,0,0,25
0,10,30,4,21,2475,B6,LAX,12,83,150,0,0,16,0,106,0,0,25
11,10,30,4,18,2475,DL,LAX,12,83,150,0,0,16,0,106,0,0,25
33,10,30,4,21,2475,DL,LAX,12,83,150,0,0,16,0,106,0,0,25
15,10,30,4,16,2475,DL,LAX,12,83,150,0,0,16,0,106,0,0,25
-3,10,30,4,16,2475,VX,LAX,12,83,150,0,0,16,0,106,0,0,25
-2,10,30,4,9,2475,VX,LAX,12,83,150,0,0,16,0,106,0,0,25
-2,10,30,4,7,2475,VX,LAX,12,83,150,0,0,16,0,106,0,0,25
-6,10,30,4,12,2475,AA,LAX,12,83,150,0,0,16,0,106,0,0,25
-2,10,30,4,17,2475,AA,LAX,12,83,150,0,0,16,0,106,0,0,25
-4,10,30,4,19,2475,AA,LAX,12,83,150,0,0,16,0,106,0,0,25
-8,10,30,4,11,2475,UA,LAX,12,83,150,0,0,16,0,106,0,0,25
-2,10,30,4,8,2475,UA,LAX,12,83,150,0,0,16,0,106,0,0,25
-6,10,30,4,8,2475,AA,LAX,12,83,150,0,0,16,0,106,0,0,25
-3,10,30,4,9,2475,AA,LAX,12,83,150,0,0,16,0,106,0,0,25
-4,10,30,4,13,2475,VX,LAX,12,83,150,0,0,16,0,106,0,0,25
-9,10,30,4,11,2475,AA,LAX,12,83,150,0,0,16,0,106,0,0,25
-4,10,30,4,17,2475,UA,LAX,12,83,150,0,0,16,0,106,0,0,25
-7,10,30,4,7,2475,AA,LAX,12,83,150,0,0,16,0,106,0,0,25
-5,10,30,4,20,2475,AA,LAX,12,83,150,0,0,16,0,106,0,0,25
-4,10,30,4,18,2475,AA,LAX,12,83,150,0,0,16,0,106,0,0,25
0,10,30,4,19,2475,UA,LAX,12,83,150,0,0,16,0,106,0,0,25
-6,10,30,4,6,2475,UA,LAX,12,83,150,0,0,16,0,106,0,0,25
-4,10,30,4,16,2475,AA,LAX,12,83,150,0,0,16,0,106,0,0,25
-1,10,30,4,14,2475,UA,LAX,12,83,150,0,0,16,0,106,0,0,25
-7,10,30,4,14,2475,AA,LAX,12,83,150,0,0,16,0,106,0,0,25
-2,10,30,4,20,2475,VX,LAX,12,83,150,0,0,16,0,106,0,0,25
-2,11,3,1,13,2475,VX,LAX,8,39,161,0,0,26,61,167,0,0,68
-3,11,3,1,9,2475,VX,LAX,8,39,161,0,0,26,61,167,0,0,68
-6,11,3,1,7,2475,VX,LAX,8,39,161,0,0,26,61,167,0,0,68
1,11,3,1,20,2475,VX,LAX,8,39,161,0,0,26,61,167,0,0,68
0,11,3,1,16,2475,VX,LAX,8,39,161,0,0,26,61,167,0,0,68
-10,11,3,1,9,2475,AA,LAX,8,39,161,0,0,26,61,167,0,0,68
-1,11,3,1,8,2475,AA,LAX,8,39,161,0,0,26,61,167,0,0,68
0,11,3,1,18,2475,DL,LAX,8,39,161,0,0,26,61,167,0,0,68
-4,11,3,1,20,2475,AA,LAX,8,39,161,0,0,26,61,167,0,0,68
-1,11,3,1,19,2475,AA,LAX,8,39,161,0,0,26,61,167,0,0,68
0,11,3,1,15,2475,B6,LAX,8,39,161,0,0,26,61,167,0,0,68
-1,11,3,1,21,2475,B6,LAX,8,39,161,0,0,26,61,167,0,0,68
3,11,3,1,11,2475,AA,LAX,8,39,161,0,0,26,61,167,0,0,68
-6,11,3,1,16,2475,DL,LAX,8,39,161,0,0,26,61,167,0,0,68
-5,11,3,1,6,2475,B6,LAX,8,39,161,0,0,26,61,167,0,0,68
-3,11,3,1,9,2475,B6,LAX,8,39,161,0,0,26,61,167,0,0,68
0,11,3,1,6,2475,AA,LAX,8,39,161,0,0,26,61,167,0,0,68
-4,11,3,1,7,2475,B6,LAX,8,39,161,0,0,26,61,167,0,0,68
0,11,3,1,8,2475,DL,LAX,8,39,161,0,0,26,61,167,0,0,68
11,11,3,1,18,2475,AA,LAX,8,39,161,0,0,26,61,167,0,0,68
-2,11,3,1,21,2475,DL,LAX,8,39,161,0,0,26,61,167,0,0,68
-9,11,3,1,7,2475,AA,LAX,8,39,161,0,0,26,61,167,0,0,68
-9,11,3,1,7,2475,DL,LAX,8,39,161,0,0,26,61,167,0,0,68
-6,11,3,1,9,2475,DL,LAX,8,39,161,0,0,26,61,167,0,0,68
0,11,3,1,11,2475,DL,LAX,8,39,161,0,0,26,61,167,0,0,68
-6,11,3,1,14,2475,AA,LAX,8,39,161,0,0,26,61,167,0,0,68
-4,11,3,1,16,2475,AA,LAX,8,39,161,0,0,26,61,167,0,0,68
-3,11,3,1,9,2475,AA,LAX,8,39,161,0,0,26,61,167,0,0,68
-4,11,3,1,12,2475,AA,LAX,8,39,161,0,0,26,61,167,0,0,68
0,11,3,1,17,2475,AA,LAX,8,39,161,0,0,26,61,167,0,0,68
-2,11,3,1,15,2475,DL,LAX,8,39,161,0,0,26,61,167,0,0,68
-2,11,3,1,19,2475,UA,LAX,8,39,161,0,0,26,61,167,0,0,68
0,11,3,1,8,2475,UA,LAX,8,39,161,0,0,26,61,167,0,0,68
13,11,3,1,14,2475,UA,LAX,8,39,161,0,0,26,61,167,0,0,68
-4,11,3,1,6,2475,UA,LAX,8,39,161,0,0,26,61,167,0,0,68
-8,11,3,1,11,2475,UA,LAX,8,39,161,0,0,26,61,167,0,0,68
4,11,3,1,17,2475,UA,LAX,8,39,161,0,0,26,61,167,0,0,68
5,11,26,3,7,2475,VX,LAX,1,11,106,315,5,39,-82,-16,0,0,23
144,11,26,3,20,2475,VX,LAX,1,11,106,315,5,39,-82,-16,0,0,23
44,11,26,3,16,2475,VX,LAX,1,11,106,315,5,39,-82,-16,0,0,23
-9,11,26,3,13,2475,VX,LAX,1,11,106,315,5,39,-82,-16,0,0,23
6,11,26,3,11,2475,VX,LAX,1,11,106,315,5,39,-82,-16,0,0,23
-7,11,26,3,9,2475,VX,LAX,1,11,106,315,5,39,-82,-16,0,0,23
19,11,26,3,16,2475,DL,LAX,1,11,106,315,5,39,-82,-16,0,0,23
96,11,26,3,19,2475,UA,LAX,1,11,106,315,5,39,-82,-16,0,0,23
18,11,26,3,17,2475,UA,LAX,1,11,106,315,5,39,-82,-16,0,0,23
-2,11,26,3,8,2475,DL,LAX,1,11,106,315,5,39,-82,-16,0,0,23
-5,11,26,3,9,2475,B6,LAX,1,11,106,315,5,39,-82,-16,0,0,23
25,11,26,3,16,2475,AA,LAX,1,11,106,315,5,39,-82,-16,0,0,23
-3,11,26,3,11,2475,UA,LAX,1,11,106,315,5,39,-82,-16,0,0,23
-2,11,26,3,12,2475,AA,LAX,1,11,106,315,5,39,-82,-16,0,0,23
-5,11,26,3,6,2475,B6,LAX,1,11,106,315,5,39,-82,-16,0,0,23
-5,11,26,3,7,2475,B6,LAX,1,11,106,315,5,39,-82,-16,0,0,23
-1,11,26,3,7,2475,AA,LAX,1,11,106,315,5,39,-82,-16,0,0,23
-4,11,26,3,17,2475,AA,LAX,1,11,106,315,5,39,-82,-16,0,0,23
-1,11,26,3,11,2475,DL,LAX,1,11,106,315,5,39,-82,-16,0,0,23
16,11,26,3,9,2475,DL,LAX,1,11,106,315,5,39,-82,-16,0,0,23
0,11,26,3,9,2475,AA,LAX,1,11,106,315,5,39,-82,-16,0,0,23
-1,11,26,3,20,2475,AA,LAX,1,11,106,315,5,39,-82,-16,0,0,23
0,11,26,3,18,2475,AA,LAX,1,11,106,315,5,39,-82,-16,0,0,23
-5,11,26,3,14,2475,AA,LAX,1,11,106,315,5,39,-82,-16,0,0,23
-5,11,26,3,10,2475,AA,LAX,1,11,106,315,5,39,-82,-16,0,0,23
0,11,26,3,14,2475,UA,LAX,1,11,106,315,5,39,-82,-16,0,0,23
-8,11,26,3,6,2475,AA,LAX,1,11,106,315,5,39,-82,-16,0,0,23
-4,11,26,3,8,2475,AA,LAX,1,11,106,315,5,39,-82,-16,0,0,23
22,11,26,3,15,2475,DL,LAX,1,11,106,315,5,39,-82,-16,0,0,23
1,11,26,3,11,2475,AA,LAX,1,11,106,315,5,39,-82,-16,0,0,23
-7,11,26,3,6,2475,UA,LAX,1,11,106,315,5,39,-82,-16,0,0,23
10,11,26,3,7,2475,DL,LAX,1,11,106,315,5,39,-82,-16,0,0,23
-2,11,26,3,18,2475,DL,LAX,1,11,106,315,5,39,-82,-16,0,0,23
-2,11,26,3,8,2475,UA,LAX,1,11,106,315,5,39,-82,-16,0,0,23
157,11,26,3,21,2475,B6,LAX,1,11,106,315,5,39,-82,-16,0,0,23
62,11,26,3,21,2475,DL,LAX,1,11,106,315,5,39,-82,-16,0,0,23
-3,11,26,3,18,2475,B6,LAX,1,11,106,315,5,39,-82,-16,0,0,23
9,11,26,3,15,2475,B6,LAX,1,11,106,315,5,39,-82,-16,0,0,23
7,12,4,4,19,2475,UA,LAX,7,28,72,0,0,26,-49,17,0,0,34
4,12,4,4,15,2475,B6,LAX,7,28,72,0,0,26,-49,17,0,0,34
-1,12,4,4,14,2475,UA,LAX,7,28,72,0,0,26,-49,17,0,0,34
-4,12,4,4,20,2475,AA,LAX,7,28,72,0,0,26,-49,17,0,0,34
-4,12,4,4,19,2475,AA,LAX,7,28,72,0,0,26,-49,17,0,0,34
-2,12,4,4,14,2475,AA,LAX,7,28,72,0,0,26,-49,17,0,0,34
-1,12,4,4,18,2475,DL,LAX,7,28,72,0,0,26,-49,17,0,0,34
-1,12,4,4,16,2475,AA,LAX,7,28,72,0,0,26,-49,17,0,0,34
-4,12,4,4,12,2475,AA,LAX,7,28,72,0,0,26,-49,17,0,0,34
-1,12,4,4,9,2475,B6,LAX,7,28,72,0,0,26,-49,17,0,0,34
-6,12,4,4,11,2475,UA,LAX,7,28,72,0,0,26,-49,17,0,0,34
-5,12,4,4,7,2475,DL,LAX,7,28,72,0,0,26,-49,17,0,0,34
-2,12,4,4,6,2475,AA,LAX,7,28,72,0,0,26,-49,17,0,0,34
-6,12,4,4,8,2475,AA,LAX,7,28,72,0,0,26,-49,17,0,0,34
-5,12,4,4,17,2475,DL,LAX,7,28,72,0,0,26,-49,17,0,0,34
-6,12,4,4,6,2475,UA,LAX,7,28,72,0,0,26,-49,17,0,0,34
-2,12,4,4,9,2475,AA,LAX,7,28,72,0,0,26,-49,17,0,0,34
-2,12,4,4,8,2475,UA,LAX,7,28,72,0,0,26,-49,17,0,0,34
-2,12,4,4,17,2475,UA,LAX,7,28,72,0,0,26,-49,17,0,0,34
-2,12,4,4,7,2475,AA,LAX,7,28,72,0,0,26,-49,17,0,0,34
-3,12,4,4,15,2475,DL,LAX,7,28,72,0,0,26,-49,17,0,0,34
-6,12,4,4,11,2475,AA,LAX,7,28,72,0,0,26,-49,17,0,0,34
12,12,4,4,21,2475,DL,LAX,7,28,72,0,0,26,-49,17,0,0,34
-4,12,4,4,9,2475,DL,LAX,7,28,72,0,0,26,-49,17,0,0,34
6,12,4,4,17,2475,AA,LAX,7,28,72,0,0,26,-49,17,0,0,34
-2,12,4,4,8,2475,DL,LAX,7,28,72,0,0,26,-49,17,0,0,34
10,12,4,4,21,2475,B6,LAX,7,28,72,0,0,26,-49,17,0,0,34
2,12,4,4,8,2475,B6,LAX,7,28,72,0,0,26,-49,17,0,0,34
-7,12,4,4,10,2475,AA,LAX,7,28,72,0,0,26,-49,17,0,0,34
-2,12,4,4,18,2475,AA,LAX,7,28,72,0,0,26,-49,17,0,0,34
-3,12,4,4,6,2475,B6,LAX,7,28,72,0,0,26,-49,17,0,0,34
3,12,4,4,18,2475,B6,LAX,7,28,72,0,0,26,-49,17,0,0,34
-4,12,4,4,11,2475,DL,LAX,7,28,72,0,0,26,-49,17,0,0,34
-1,12,4,4,7,2475,VX,LAX,7,28,72,0,0,26,-49,17,0,0,34
-6,12,4,4,9,2475,VX,LAX,7,28,72,0,0,26,-49,17,0,0,34
-4,12,4,4,13,2475,VX,LAX,7,28,72,0,0,26,-49,17,0,0,34
1,12,4,4,16,2475,VX,LAX,7,28,72,0,0,26,-49,17,0,0,34
-5,12,4,4,20,2475,VX,LAX,7,28,72,0,0,26,-49,17,0,0,34
14,12,27,6,20,2475,VX,LAX,2,67,128,0,0,20,-5,94,0,0,68
-1,12,27,6,7,2475,VX,LAX,2,67,128,0,0,20,-5,94,0,0,68
-3,12,27,6,9,2475,VX,LAX,2,67,128,0,0,20,-5,94,0,0,68
-7,12,27,6,11,2475,VX,LAX,2,67,128,0,0,20,-5,94,0,0,68
23,12,27,6,13,2475,VX,LAX,2,67,128,0,0,20,-5,94,0,0,68
10,12,27,6,16,2475,VX,LAX,2,67,128,0,0,20,-5,94,0,0,68
-3,12,27,6,6,2475,UA,LAX,2,67,128,0,0,20,-5,94,0,0,68
-4,12,27,6,14,2475,UA,LAX,2,67,128,0,0,20,-5,94,0,0,68
-9,12,27,6,11,2475,UA,LAX,2,67,128,0,0,20,-5,94,0,0,68
6,12,27,6,8,2475,UA,LAX,2,67,128,0,0,20,-5,94,0,0,68
-4,12,27,6,11,2475,AA,LAX,2,67,128,0,0,20,-5,94,0,0,68
-1,12,27,6,7,2475,AA,LAX,2,67,128,0,0,20,-5,94,0,0,68
-1,12,27,6,9,2475,AA,LAX,2,67,128,0,0,20,-5,94,0,0,68
-7,12,27,6,9,2475,B6,LAX,2,67,128,0,0,20,-5,94,0,0,68
-5,12,27,6,8,2475,B6,LAX,2,67,128,0,0,20,-5,94,0,0,68
-2,12,27,6,16,2475,B6,LAX,2,67,128,0,0,20,-5,94,0,0,68
-5,12,27,6,21,2475,B6,LAX,2,67,128,0,0,20,-5,94,0,0,68
-4,12,27,6,18,2475,B6,LAX,2,67,128,0,0,20,-5,94,0,0,68
-5,12,27,6,11,2475,B6,LAX,2,67,128,0,0,20,-5,94,0,0,68
1,12,27,6,6,2475,B6,LAX,2,67,128,0,0,20,-5,94,0,0,68
-2,12,27,6,19,2475,DL,LAX,2,67,128,0,0,20,-5,94,0,0,68
0,12,27,6,17,2475,DL,LAX,2,67,128,0,0,20,-5,94,0,0,68
4,12,27,6,11,2475,DL,LAX,2,67,128,0,0,20,-5,94,0,0,68
5,12,27,6,8,2475,DL,LAX,2,67,128,0,0,20,-5,94,0,0,68
-3,12,27,6,15,2475,DL,LAX,2,67,128,0,0,20,-5,94,0,0,68
5,12,27,6,16,2475,AA,LAX,2,67,128,0,0,20,-5,94,0,0,68
-4,12,27,6,12,2475,AA,LAX,2,67,128,0,0,20,-5,94,0,0,68
4,12,27,6,20,2475,AA,LAX,2,67,128,0,0,20,-5,94,0,0,68
-4,12,27,6,17,2475,AA,LAX,2,67,128,0,0,20,-5,94,0,0,68
-3,12,27,6,14,2475,AA,LAX,2,67,128,0,0,20,-5,94,0,0,68
-3,12,27,6,8,2475,AA,LAX,2,67,128,0,0,20,-5,94,0,0,68
-6,12,27,6,19,2475,AA,LAX,2,67,128,0,0,20,-5,94,0,0,68
-5,12,27,6,18,2475,AA,LAX,2,67,128,0,0,20,-5,94,0,0,68
