-4,10,19,3,17,2475,DL,LAX,11,156,167,284,0,49,150,183,0,0,25
-3,10,19,3,6,2475,B6,LAX,11,156,167,284,0,49,150,183,0,0,25
-2,10,19,3,12,2475,DL,LAX,11,156,167,284,0,49,150,183,0,0,25
12,10,19,3,16,2475,AA,LAX,11,156,167,284,0,49,150,183,0,0,25
90,10,19,3,21,2475,AA,LAX,11,156,167,284,0,49,150,183,0,0,25
-3,10,19,3,7,2475,AA,LAX,11,156,167,284,0,49,150,183,0,0,25
0,10,19,3,15,2475,AA,LAX,11,156,167,284,0,49,150,183,0,0,25
-5,10,19,3,9,2475,DL,LAX,11,156,167,284,0,49,150,183,0,0,25
-1,10,19,3,9,2475,B6,LAX,11,156,167,284,0,49,150,183,0,0,25
-2,10,19,3,13,2475,AA,LAX,11,156,167,284,0,49,150,183,0,0,25
-3,10,19,3,21,2475,DL,LAX,11,156,167,284,0,49,150,183,0,0,25
-3,10,19,3,10,2475,AA,LAX,11,156,167,284,0,49,150,183,0,0,25
-4,10,19,3,7,2475,AA,LAX,11,156,167,284,0,49,150,183,0,0,25
-1,10,19,3,19,2475,DL,LAX,11,156,167,284,0,49,150,183,0,0,25
114,10,19,3,19,2475,AA,LAX,11,156,167,284,0,49,150,183,0,0,25
41,10,19,3,15,2475,DL,LAX,11,156,167,284,0,49,150,183,0,0,25
-2,10,19,3,12,2475,AA,LAX,11,156,167,284,0,49,150,183,0,0,25
58,10,19,3,20,2475,B6,LAX,11,156,167,284,0,49,150,183,0,0,25
-3,10,19,3,16,2475,B6,LAX,11,156,167,284,0,49,150,183,0,0,25
-4,10,19,3,11,2475,B6,LAX,11,156,167,284,0,49,150,183,0,0,25
0,10,19,3,7,2475,DL,LAX,11,156,167,284,0,49,150,183,0,0,25
2,10,19,3,9,2475,AA,LAX,11,156,167,284,0,49,150,183,0,0,25
-1,10,19,3,8,2475,UA,LAX,11,156,167,284,0,49,150,183,0,0,25
53,10,19,3,15,2475,UA,LAX,11,156,167,284,0,49,150,183,0,0,25
-3,10,19,3,11,2475,UA,LAX,11,156,167,284,0,49,150,183,0,0,25
99,10,19,3,17,2475,UA,LAX,11,156,167,284,0,49,150,183,0,0,25
89,10,19,3,20,2475,UA,LAX,11,156,167,284,0,49,150,183,0,0,25
0,10,19,3,6,2475,UA,LAX,11,156,167,284,0,49,150,183,0,0,25
-1,10,26,3,8,2475,UA,LAX,16,106,167,0,0,13,144,189,0,0,30
3,10,26,3,20,2475,UA,LAX,16,106,167,0,0,13,144,189,0,0,30
-3,10,26,3,17,2475,UA,LAX,16,106,167,0,0,13,144,189,0,0,30
-6,10,26,3,15,2475,UA,LAX,16,106,167,0,0,13,144,189,0,0,30
-4,10,26,3,11,2475,UA,LAX,16,106,167,0,0,13,144,189,0,0,30
-1,10,26,3,6,2475,UA,LAX,16,106,167,0,0,13,144,189,0,0,30
-5,10,26,3,10,2475,AA,LAX,16,106,167,0,0,13,144,189,0,0,30
-6,10,26,3,13,2475,AA,LAX,16,106,167,0,0,13,144,189,0,0,30
-10,10,26,3,12,2475,AA,LAX,16,106,167,0,0,13,144,189,0,0,30
-3,10,26,3,7,2475,AA,LAX,16,106,167,0,0,13,144,189,0,0,30
-5,10,26,3,9,2475,B6,LAX,16,106,167,0,0,13,144,189,0,0,30
-10,10,26,3,7,2475,AA,LAX,16,106,167,0,0,13,144,189,0,0,30
-7,10,26,3,6,2475,B6,LAX,16,106,167,0,0,13,144,189,0,0,30
-2,10,26,3,11,2475,B6,LAX,16,106,167,0,0,13,144,189,0,0,30
-2,10,26,3,16,2475,B6,LAX,16,106,167,0,0,13,144,189,0,0,30
-3,10,26,3,20,2475,B6,LAX,16,106,167,0,0,13,144,189,0,0,30
-4,10,26,3,21,2475,AA,LAX,16,106,167,0,0,13,144,189,0,0,30
-9,10,26,3,9,2475,AA,LAX,16,106,167,0,0,13,144,189,0,0,30
1,10,26,3,16,2475,AA,LAX,16,106,167,0,0,13,144,189,0,0,30
-5,10,26,3,19,2475,DL,LAX,16,106,167,0,0,13,144,189,0,0,30
0,10,26,3,21,2475,DL,LAX,16,106,167,0,0,13,144,189,0,0,30
-4,10,26,3,15,2475,DL,LAX,16,106,167,0,0,13,144,189,0,0,30
-6,10,26,3,19,2475,AA,LAX,16,106,167,0,0,13,144,189,0,0,30
-13,10,26,3,12,2475,DL,LAX,16,106,167,0,0,13,144,189,0,0,30
-4,10,26,3,7,2475,DL,LAX,16,106,167,0,0,13,144,189,0,0,30
-10,10,26,3,9,2475,DL,LAX,16,106,167,0,0,13,144,189,0,0,30
-6,10,26,3,17,2475,DL,LAX,16,106,167,0,0,13,144,189,0,0,30
-1,10,26,3,15,2475,AA,LAX,16,106,167,0,0,13,144,189,0,0,30
-3,11,3,4,20,2475,B6,LAX,8,78,150,0,0,26,139,189,0,0,29
-5,11,3,4,9,2475,B6,LAX,8,78,150,0,0,26,139,189,0,0,29
-6,11,3,4,19,2475,DL,LAX,8,78,150,0,0,26,139,189,0,0,29
33,11,3,4,21,2475,DL,LAX,8,78,150,0,0,26,139,189,0,0,29
-1,11,3,4,17,2475,DL,LAX,8,78,150,0,0,26,139,189,0,0,29
-4,11,3,4,15,2475,DL,LAX,8,78,150,0,0,26,139,189,0,0,29
-1,11,3,4,12,2475,DL,LAX,8,78,150,0,0,26,139,189,0,0,29
0,11,3,4,7,2475,DL,LAX,8,78,150,0,0,26,139,189,0,0,29
-4,11,3,4,9,2475,DL,LAX,8,78,150,0,0,26,139,189,0,0,29
-6,11,3,4,7,2475,B6,LAX,8,78,150,0,0,26,139,189,0,0,29
-5,11,3,4,11,2475,B6,LAX,8,78,150,0,0,26,139,189,0,0,29
-8,11,3,4,16,2475,B6,LAX,8,78,150,0,0,26,139,189,0,0,29
-1,11,3,4,17,2475,UA,LAX,8,78,150,0,0,26,139,189,0,0,29
0,11,3,4,6,2475,UA,LAX,8,78,150,0,0,26,139,189,0,0,29
-1,11,3,4,15,2475,UA,LAX,8,78,150,0,0,26,139,189,0,0,29
-5,11,3,4,20,2475,UA,LAX,8,78,150,0,0,26,139,189,0,0,29
-2,11,3,4,11,2475,UA,LAX,8,78,150,0,0,26,139,189,0,0,29
-2,11,3,4,8,2475,UA,LAX,8,78,150,0,0,26,139,189,0,0,29
-4,11,3,4,16,2475,AA,LAX,8,78,150,0,0,26,139,189,0,0,29
-4,11,3,4,15,2475,AA,LAX,8,78,150,0,0,26,139,189,0,0,29
-2,11,3,4,19,2475,AA,LAX,8,78,150,0,0,26,139,189,0,0,29
-4,11,3,4,12,2475,AA,LAX,8,78,150,0,0,26,139,189,0,0,29
-2,11,3,4,9,2475,AA,LAX,8,78,150,0,0,26,139,189,0,0,29
-6,11,3,4,10,2475,AA,LAX,8,78,150,0,0,26,139,189,0,0,29
-6,11,3,4,21,2475,AA,LAX,8,78,150,0,0,26,139,189,0,0,29
-7,11,3,4,7,2475,AA,LAX,8,78,150,0,0,26,139,189,0,0,29
0,11,3,4,13,2475,AA,LAX,8,78,150,0,0,26,139,189,0,0,29
-7,11,10,4,9,2475,AA,LAX,1,83,194,5,0,15,150,244,0,0,26
1,11,10,4,15,2475,AA,LAX,1,83,194,5,0,15,150,244,0,0,26
-1,11,10,4,21,2475,AA,LAX,1,83,194,5,0,15,150,244,0,0,26
0,11,10,4,13,2475,AA,LAX,1,83,194,5,0,15,150,244,0,0,26
-4,11,10,4,10,2475,AA,LAX,1,83,194,5,0,15,150,244,0,0,26
-8,11,10,4,12,2475,AA,LAX,1,83,194,5,0,15,150,244,0,0,26
-3,11,10,4,19,2475,AA,LAX,1,83,194,5,0,15,150,244,0,0,26
-3,11,10,4,16,2475,AA,LAX,1,83,194,5,0,15,150,244,0,0,26
-2,11,10,4,7,2475,AA,LAX,1,83,194,5,0,15,150,244,0,0,26
-5,11,10,4,17,2475,UA,LAX,1,83,194,5,0,15,150,244,0,0,26
17,11,10,4,6,2475,UA,LAX,1,83,194,5,0,15,150,244,0,0,26
16,11,10,4,15,2475,UA,LAX,1,83,194,5,0,15,150,244,0,0,26
-2,11,10,4,8,2475,UA,LAX,1,83,194,5,0,15,150,244,0,0,26
0,11,10,4,20,2475,UA,LAX,1,83,194,5,0,15,150,244,0,0,26
-5,11,10,4,11,2475,UA,LAX,1,83,194,5,0,15,150,244,0,0,26
0,11,10,4,16,2475,B6,LAX,1,83,194,5,0,15,150,244,0,0,26
4,11,10,4,19,2475,DL,LAX,1,83,194,5,0,15,150,244,0,0,26
-1,11,10,4,21,2475,DL,LAX,1,83,194,5,0,15,150,244,0,0,26
4,11,10,4,15,2475,DL,LAX,1,83,194,5,0,15,150,244,0,0,26
-1,11,10,4,12,2475,DL,LAX,1,83,194,5,0,15,150,244,0,0,26
-4,11,10,4,9,2475,DL,LAX,1,83,194,5,0,15,150,244,0,0,26
-1,11,10,4,7,2475,DL,LAX,1,83,194,5,0,15,150,244,0,0,26
1,11,10,4,17,2475,DL,LAX,1,83,194,5,0,15,150,244,0,0,26
21,11,10,4,9,2475,B6,LAX,1,83,194,5,0,15,150,244,0,0,26
-5,11,10,4,11,2475,B6,LAX,1,83,194,5,0,15,150,244,0,0,26
1,11,10,4,7,2475,DL,LAX,1,83,194,5,0,15,150,244,0,0,26
18,11,10,4,20,2475,B6,LAX,1,83,194,5,0,15,150,244,0,0,26
-4,11,10,4,7,2475,B6,LAX,1,83,194,5,0,15,150,244,0,0,26
-6,12,8,4,19,2475,AA,LAX,16,22,72,41,0,41,61,189,0,0,18
-7,12,8,4,12,2475,DL,LAX,16,22,72,41,0,41,61,189,0,0,18
15,12,8,4,15,2475,DL,LAX,16,22,72,41,0,41,61,189,0,0,18
17,12,8,4,21,2475,DL,LAX,16,22,72,41,0,41,61,189,0,0,18
-4,12,8,4,19,2475,DL,LAX,16,22,72,41,0,41,61,189,0,0,18
-1,12,8,4,7,2475,DL,LAX,16,22,72,41,0,41,61,189,0,0,18
-4,12,8,4,16,2475,AA,LAX,16,22,72,41,0,41,61,189,0,0,18
13,12,8,4,16,2475,B6,LAX,16,22,72,41,0,41,61,189,0,0,18
-6,12,8,4,20,2475,B6,LAX,16,22,72,41,0,41,61,189,0,0,18
2,12,8,4,7,2475,AA,LAX,16,22,72,41,0,41,61,189,0,0,18
-3,12,8,4,9,2475,B6,LAX,16,22,72,41,0,41,61,189,0,0,18
-5,12,8,4,10,2475,AA,LAX,16,22,72,41,0,41,61,189,0,0,18
-4,12,8,4,21,2475,AA,LAX,16,22,72,41,0,41,61,189,0,0,18
-3,12,8,4,15,2475,AA,LAX,16,22,72,41,0,41,61,189,0,0,18
-3,12,8,4,7,2475,B6,LAX,16,22,72,41,0,41,61,189,0,0,18
-6,12,8,4,12,2475,AA,LAX,16,22,72,41,0,41,61,189,0,0,18
-10,12,8,4,9,2475,AA,LAX,16,22,72,41,0,41,61,189,0,0,18
-8,12,8,4,11,2475,B6,LAX,16,22,72,41,0,41,61,189,0,0,18
-5,12,8,4,17,2475,DL,LAX,16,22,72,41,0,41,61,189,0,0,18
33,12,8,4,9,2475,DL,LAX,16,22,72,41,0,41,61,189,0,0,18
-5,12,8,4,7,2475,DL,LAX,16,22,72,41,0,41,61,189,0,0,18
0,12,8,4,6,2475,UA,LAX,16,22,72,41,0,41,61,189,0,0,18
-2,12,8,4,8,2475,UA,LAX,16,22,72,41,0,41,61,189,0,0,18
-2,12,8,4,15,2475,UA,LAX,16,22,72,41,0,41,61,189,0,0,18
0,12,8,4,17,2475,UA,LAX,16,22,72,41,0,41,61,189,0,0,18
12,12,8,4,20,2475,UA,LAX,16,22,72,41,0,41,61,189,0,0,18
-4,12,8,4,11,2475,UA,LAX,16,22,72,41,0,41,61,189,0,0,18
71,12,22,4,19,2475,AA,LAX,3,89,144,15,0,24,78,200,0,0,22
1,12,22,4,15,2475,AA,LAX,3,89,144,15,0,24,78,200,0,0,22
-2,12,22,4,10,2475,AA,LAX,3,89,144,15,0,24,78,200,0,0,22
-8,12,22,4,16,2475,AA,LAX,3,89,144,15,0,24,78,200,0,0,22
-1,12,22,4,7,2475,B6,LAX,3,89,144,15,0,24,78,200,0,0,22
-3,12,22,4,13,2475,AA,LAX,3,89,144,15,0,24,78,200,0,0,22
10,12,22,4,11,2475,B6,LAX,3,89,144,15,0,24,78,200,0,0,22
-9,12,22,4,16,2475,B6,LAX,3,89,144,15,0,24,78,200,0,0,22
-2,12,22,4,9,2475,AA,LAX,3,89,144,15,0,24,78,200,0,0,22
-1,12,22,4,7,2475,AA,LAX,3,89,144,15,0,24,78,200,0,0,22
58,12,22,4,20,2475,B6,LAX,3,89,144,15,0,24,78,200,0,0,22
-2,12,22,4,6,2475,AA,LAX,3,89,144,15,0,24,78,200,0,0,22
0,12,22,4,19,2475,DL,LAX,3,89,144,15,0,24,78,200,0,0,22
-4,12,22,4,12,2475,AA,LAX,3,89,144,15,0,24,78,200,0,0,22
-3,12,22,4,21,2475,DL,LAX,3,89,144,15,0,24,78,200,0,0,22
-2,12,22,4,15,2475,DL,LAX,3,89,144,15,0,24,78,200,0,0,22
-3,12,22,4,12,2475,DL,LAX,3,89,144,15,0,24,78,200,0,0,22
-5,12,22,4,7,2475,DL,LAX,3,89,144,15,0,24,78,200,0,0,22
9,12,22,4,9,2475,DL,LAX,3,89,144,15,0,24,78,200,0,0,22
-3,12,22,4,17,2475,DL,LAX,3,89,144,15,0,24,78,200,0,0,22
-1,12,22,4,7,2475,DL,LAX,3,89,144,15,0,24,78,200,0,0,22
-2,12,22,4,8,2475,UA,LAX,3,89,144,15,0,24,78,200,0,0,22
-2,12,22,4,15,2475,UA,LAX,3,89,144,15,0,24,78,200,0,0,22
-3,12,22,4,6,2475,UA,LAX,3,89,144,15,0,24,78,200,0,0,22
-6,12,22,4,11,2475,UA,LAX,3,89,144,15,0,24,78,200,0,0,22
-1,12,22,4,17,2475,UA,LAX,3,89,144,15,0,24,78,200,0,0,22
