106,10,27,4,20,2475,B6,LAX,15,33,161,160,0,29,111,222,0,0,20
7,10,27,4,21,2475,AA,LAX,15,33,161,160,0,29,111,222,0,0,20
0,10,27,4,13,2475,AA,LAX,15,33,161,160,0,29,111,222,0,0,20
1,10,27,4,19,2475,DL,LAX,15,33,161,160,0,29,111,222,0,0,20
-8,10,27,4,7,2475,AA,LAX,15,33,161,160,0,29,111,222,0,0,20
-1,10,27,4,21,2475,DL,LAX,15,33,161,160,0,29,111,222,0,0,20
-4,10,27,4,15,2475,DL,LAX,15,33,161,160,0,29,111,222,0,0,20
-8,10,27,4,9,2475,AA,LAX,15,33,161,160,0,29,111,222,0,0,20
-6,10,27,4,12,2475,DL,LAX,15,33,161,160,0,29,111,222,0,0,20
-3,10,27,4,7,2475,DL,LAX,15,33,161,160,0,29,111,222,0,0,20
-1,10,27,4,16,2475,AA,LAX,15,33,161,160,0,29,111,222,0,0,20
-2,10,27,4,9,2475,DL,LAX,15,33,161,160,0,29,111,222,0,0,20
-1,10,27,4,17,2475,DL,LAX,15,33,161,160,0,29,111,222,0,0,20
-7,10,27,4,12,2475,AA,LAX,15,33,161,160,0,29,111,222,0,0,20
-4,10,27,4,7,2475,AA,LAX,15,33,161,160,0,29,111,222,0,0,20
30,10,27,4,19,2475,AA,LAX,15,33,161,160,0,29,111,222,0,0,20
1,10,27,4,15,2475,AA,LAX,15,33,161,160,0,29,111,222,0,0,20
-8,10,27,4,10,2475,AA,LAX,15,33,161,160,0,29,111,222,0,0,20
-4,10,27,4,9,2475,B6,LAX,15,33,161,160,0,29,111,222,0,0,20
-4,10,27,4,6,2475,B6,LAX,15,33,161,160,0,29,111,222,0,0,20
-5,10,27,4,11,2475,B6,LAX,15,33,161,160,0,29,111,222,0,0,20
-4,10,27,4,16,2475,B6,LAX,15,33,161,160,0,29,111,222,0,0,20
23,10,27,4,15,2475,UA,LAX,15,33,161,160,0,29,111,222,0,0,20
0,10,27,4,6,2475,UA,LAX,15,33,161,160,0,29,111,222,0,0,20
-2,10,27,4,20,2475,UA,LAX,15,33,161,160,0,29,111,222,0,0,20
-4,10,27,4,11,2475,UA,LAX,15,33,161,160,0,29,111,222,0,0,20
-1,10,27,4,17,2475,UA,LAX,15,33,161,160,0,29,111,222,0,0,20
0,10,27,4,8,2475,UA,LAX,15,33,161,160,0,29,111,222,0,0,20
-5,11,4,5,9,2475,B6,LAX,7,50,117,0,0,37,117,161,36,0,50
-4,11,4,5,19,2475,DL,LAX,7,50,117,0,0,37,117,161,36,0,50
-5,11,4,5,11,2475,B6,LAX,7,50,117,0,0,37,117,161,36,0,50
-3,11,4,5,16,2475,B6,LAX,7,50,117,0,0,37,117,161,36,0,50
-5,11,4,5,21,2475,DL,LAX,7,50,117,0,0,37,117,161,36,0,50
-4,11,4,5,17,2475,DL,LAX,7,50,117,0,0,37,117,161,36,0,50
-3,11,4,5,15,2475,DL,LAX,7,50,117,0,0,37,117,161,36,0,50
-3,11,4,5,7,2475,DL,LAX,7,50,117,0,0,37,117,161,36,0,50
-3,11,4,5,9,2475,DL,LAX,7,50,117,0,0,37,117,161,36,0,50
-7,11,4,5,20,2475,B6,LAX,7,50,117,0,0,37,117,161,36,0,50
-2,11,4,5,12,2475,DL,LAX,7,50,117,0,0,37,117,161,36,0,50
-4,11,4,5,7,2475,B6,LAX,7,50,117,0,0,37,117,161,36,0,50
-1,11,4,5,11,2475,UA,LAX,7,50,117,0,0,37,117,161,36,0,50
-2,11,4,5,15,2475,UA,LAX,7,50,117,0,0,37,117,161,36,0,50
-3,11,4,5,20,2475,UA,LAX,7,50,117,0,0,37,117,161,36,0,50
-2,11,4,5,17,2475,UA,LAX,7,50,117,0,0,37,117,161,36,0,50
-5,11,4,5,6,2475,UA,LAX,7,50,117,0,0,37,117,161,36,0,50
-6,11,4,5,8,2475,UA,LAX,7,50,117,0,0,37,117,161,36,0,50
-1,11,4,5,15,2475,AA,LAX,7,50,117,0,0,37,117,161,36,0,50
-7,11,4,5,10,2475,AA,LAX,7,50,117,0,0,37,117,161,36,0,50
-12,11,4,5,12,2475,AA,LAX,7,50,117,0,0,37,117,161,36,0,50
-7,11,4,5,21,2475,AA,LAX,7,50,117,0,0,37,117,161,36,0,50
-1,11,4,5,7,2475,AA,LAX,7,50,117,0,0,37,117,161,36,0,50
-6,11,4,5,19,2475,AA,LAX,7,50,117,0,0,37,117,161,36,0,50
38,11,4,5,13,2475,AA,LAX,7,50,117,0,0,37,117,161,36,0,50
-1,11,4,5,16,2475,AA,LAX,7,50,117,0,0,37,117,161,36,0,50
-3,11,4,5,9,2475,AA,LAX,7,50,117,0,0,37,117,161,36,0,50
-3,11,11,5,11,2475,B6,LAX,0,50,89,5,0,37,150,217,0,0,26
-6,11,11,5,7,2475,B6,LAX,0,50,89,5,0,37,150,217,0,0,26
-5,11,11,5,12,2475,DL,LAX,0,50,89,5,0,37,150,217,0,0,26
87,11,11,5,15,2475,DL,LAX,0,50,89,5,0,37,150,217,0,0,26
32,11,11,5,21,2475,DL,LAX,0,50,89,5,0,37,150,217,0,0,26
-4,11,11,5,19,2475,DL,LAX,0,50,89,5,0,37,150,217,0,0,26
-6,11,11,5,9,2475,DL,LAX,0,50,89,5,0,37,150,217,0,0,26
84,11,11,5,17,2475,DL,LAX,0,50,89,5,0,37,150,217,0,0,26
-6,11,11,5,9,2475,B6,LAX,0,50,89,5,0,37,150,217,0,0,26
-6,11,11,5,20,2475,B6,LAX,0,50,89,5,0,37,150,217,0,0,26
-2,11,11,5,16,2475,B6,LAX,0,50,89,5,0,37,150,217,0,0,26
-5,11,11,5,9,2475,AA,LAX,0,50,89,5,0,37,150,217,0,0,26
114,11,11,5,19,2475,AA,LAX,0,50,89,5,0,37,150,217,0,0,26
-5,11,11,5,12,2475,AA,LAX,0,50,89,5,0,37,150,217,0,0,26
-3,11,11,5,13,2475,AA,LAX,0,50,89,5,0,37,150,217,0,0,26
-2,11,11,5,21,2475,AA,LAX,0,50,89,5,0,37,150,217,0,0,26
-1,11,11,5,16,2475,AA,LAX,0,50,89,5,0,37,150,217,0,0,26
-7,11,11,5,15,2475,AA,LAX,0,50,89,5,0,37,150,217,0,0,26
-6,11,11,5,7,2475,AA,LAX,0,50,89,5,0,37,150,217,0,0,26
1,11,11,5,10,2475,AA,LAX,0,50,89,5,0,37,150,217,0,0,26
-2,11,11,5,8,2475,UA,LAX,0,50,89,5,0,37,150,217,0,0,26
-1,11,11,5,17,2475,UA,LAX,0,50,89,5,0,37,150,217,0,0,26
-3,11,11,5,11,2475,UA,LAX,0,50,89,5,0,37,150,217,0,0,26
-6,11,11,5,15,2475,UA,LAX,0,50,89,5,0,37,150,217,0,0,26
0,11,11,5,20,2475,UA,LAX,0,50,89,5,0,37,150,217,0,0,26
-4,11,11,5,6,2475,UA,LAX,0,50,89,5,0,37,150,217,0,0,26
-2,12,9,5,21,2475,DL,LAX,16,22,111,0,0,23,67,189,0,0,16
68,12,9,5,15,2475,DL,LAX,16,22,111,0,0,23,67,189,0,0,16
-7,12,9,5,12,2475,DL,LAX,16,22,111,0,0,23,67,189,0,0,16
-1,12,9,5,9,2475,AA,LAX,16,22,111,0,0,23,67,189,0,0,16
-3,12,9,5,7,2475,AA,LAX,16,22,111,0,0,23,67,189,0,0,16
-5,12,9,5,9,2475,DL,LAX,16,22,111,0,0,23,67,189,0,0,16
0,12,9,5,17,2475,DL,LAX,16,22,111,0,0,23,67,189,0,0,16
-1,12,9,5,19,2475,AA,LAX,16,22,111,0,0,23,67,189,0,0,16
2,12,9,5,16,2475,AA,LAX,16,22,111,0,0,23,67,189,0,0,16
-5,12,9,5,7,2475,B6,LAX,16,22,111,0,0,23,67,189,0,0,16
-4,12,9,5,11,2475,B6,LAX,16,22,111,0,0,23,67,189,0,0,16
4,12,9,5,16,2475,B6,LAX,16,22,111,0,0,23,67,189,0,0,16
26,12,9,5,20,2475,B6,LAX,16,22,111,0,0,23,67,189,0,0,16
-5,12,9,5,10,2475,AA,LAX,16,22,111,0,0,23,67,189,0,0,16
-6,12,9,5,9,2475,B6,LAX,16,22,111,0,0,23,67,189,0,0,16
-5,12,9,5,21,2475,AA,LAX,16,22,111,0,0,23,67,189,0,0,16
-10,12,9,5,12,2475,AA,LAX,16,22,111,0,0,23,67,189,0,0,16
-5,12,9,5,19,2475,DL,LAX,16,22,111,0,0,23,67,189,0,0,16
-3,12,9,5,15,2475,AA,LAX,16,22,111,0,0,23,67,189,0,0,16
-3,12,9,5,17,2475,UA,LAX,16,22,111,0,0,23,67,189,0,0,16
-5,12,9,5,11,2475,UA,LAX,16,22,111,0,0,23,67,189,0,0,16
1,12,9,5,8,2475,UA,LAX,16,22,111,0,0,23,67,189,0,0,16
-5,12,9,5,15,2475,UA,LAX,16,22,111,0,0,23,67,189,0,0,16
-2,12,9,5,20,2475,UA,LAX,16,22,111,0,0,23,67,189,0,0,16
1,12,9,5,6,2475,UA,LAX,16,22,111,0,0,23,67,189,0,0,16
9,12,16,5,15,2475,UA,LAX,9,50,150,0,0,34,56,189,0,0,17
-5,12,16,5,11,2475,UA,LAX,9,50,150,0,0,34,56,189,0,0,17
-2,12,16,5,8,2475,UA,LAX,9,50,150,0,0,34,56,189,0,0,17
18,12,16,5,17,2475,UA,LAX,9,50,150,0,0,34,56,189,0,0,17
0,12,16,5,6,2475,UA,LAX,9,50,150,0,0,34,56,189,0,0,17
-3,12,16,5,9,2475,DL,LAX,9,50,150,0,0,34,56,189,0,0,17
-5,12,16,5,20,2475,B6,LAX,9,50,150,0,0,34,56,189,0,0,17
-6,12,16,5,6,2475,AA,LAX,9,50,150,0,0,34,56,189,0,0,17
-3,12,16,5,17,2475,DL,LAX,9,50,150,0,0,34,56,189,0,0,17
-5,12,16,5,13,2475,AA,LAX,9,50,150,0,0,34,56,189,0,0,17
2,12,16,5,7,2475,B6,LAX,9,50,150,0,0,34,56,189,0,0,17
-2,12,16,5,12,2475,AA,LAX,9,50,150,0,0,34,56,189,0,0,17
-4,12,16,5,10,2475,AA,LAX,9,50,150,0,0,34,56,189,0,0,17
-1,12,16,5,11,2475,B6,LAX,9,50,150,0,0,34,56,189,0,0,17
8,12,16,5,16,2475,AA,LAX,9,50,150,0,0,34,56,189,0,0,17
1,12,16,5,19,2475,AA,LAX,9,50,150,0,0,34,56,189,0,0,17
-6,12,16,5,9,2475,AA,LAX,9,50,150,0,0,34,56,189,0,0,17
-4,12,16,5,7,2475,AA,LAX,9,50,150,0,0,34,56,189,0,0,17
-4,12,16,5,19,2475,DL,LAX,9,50,150,0,0,34,56,189,0,0,17
3,12,16,5,21,2475,DL,LAX,9,50,150,0,0,34,56,189,0,0,17
2,12,16,5,15,2475,AA,LAX,9,50,150,0,0,34,56,189,0,0,17
-6,12,16,5,15,2475,DL,LAX,9,50,150,0,0,34,56,189,0,0,17
-6,12,16,5,12,2475,DL,LAX,9,50,150,0,0,34,56,189,0,0,17
-3,12,16,5,16,2475,B6,LAX,9,50,150,0,0,34,56,189,0,0,17
2,12,23,5,6,2475,UA,LAX,2,17,94,191,0,30,44,194,0,0,14
0,12,23,5,11,2475,UA,LAX,2,17,94,191,0,30,44,194,0,0,14
5,12,23,5,17,2475,UA,LAX,2,17,94,191,0,30,44,194,0,0,14
-4,12,23,5,15,2475,UA,LAX,2,17,94,191,0,30,44,194,0,0,14
-5,12,23,5,8,2475,UA,LAX,2,17,94,191,0,30,44,194,0,0,14
-2,12,23,5,9,2475,AA,LAX,2,17,94,191,0,30,44,194,0,0,14
-2,12,23,5,15,2475,DL,LAX,2,17,94,191,0,30,44,194,0,0,14
-5,12,23,5,12,2475,DL,LAX,2,17,94,191,0,30,44,194,0,0,14
-3,12,23,5,19,2475,DL,LAX,2,17,94,191,0,30,44,194,0,0,14
-5,12,23,5,10,2475,AA,LAX,2,17,94,191,0,30,44,194,0,0,14
-3,12,23,5,15,2475,AA,LAX,2,17,94,191,0,30,44,194,0,0,14
-4,12,23,5,12,2475,AA,LAX,2,17,94,191,0,30,44,194,0,0,14
-5,12,23,5,6,2475,AA,LAX,2,17,94,191,0,30,44,194,0,0,14
-3,12,23,5,7,2475,B6,LAX,2,17,94,191,0,30,44,194,0,0,14
8,12,23,5,20,2475,B6,LAX,2,17,94,191,0,30,44,194,0,0,14
16,12,23,5,16,2475,B6,LAX,2,17,94,191,0,30,44,194,0,0,14
-10,12,23,5,17,2475,DL,LAX,2,17,94,191,0,30,44,194,0,0,14
-2,12,23,5,9,2475,DL,LAX,2,17,94,191,0,30,44,194,0,0,14
-8,12,23,5,13,2475,AA,LAX,2,17,94,191,0,30,44,194,0,0,14
-5,12,23,5,11,2475,B6,LAX,2,17,94,191,0,30,44,194,0,0,14
6,12,23,5,19,2475,AA,LAX,2,17,94,191,0,30,44,194,0,0,14
-7,12,23,5,7,2475,AA,LAX,2,17,94,191,0,30,44,194,0,0,14
-6,12,23,5,16,2475,AA,LAX,2,17,94,191,0,30,44,194,0,0,14
1,12,23,5,21,2475,DL,LAX,2,17,94,191,0,30,44,194,0,0,14
