10,10,17,1,16,2475,AA,LAX,9,139,183,0,0,35,150,222,0,0,24
44,10,17,1,21,2475,AA,LAX,9,139,183,0,0,35,150,222,0,0,24
-6,10,17,1,7,2475,AA,LAX,9,139,183,0,0,35,150,222,0,0,24
-4,10,17,1,21,2475,DL,LAX,9,139,183,0,0,35,150,222,0,0,24
23,10,17,1,7,2475,AA,LAX,9,139,183,0,0,35,150,222,0,0,24
-10,10,17,1,12,2475,AA,LAX,9,139,183,0,0,35,150,222,0,0,24
-3,10,17,1,12,2475,DL,LAX,9,139,183,0,0,35,150,222,0,0,24
0,10,17,1,20,2475,B6,LAX,9,139,183,0,0,35,150,222,0,0,24
1,10,17,1,19,2475,AA,LAX,9,139,183,0,0,35,150,222,0,0,24
-2,10,17,1,17,2475,DL,LAX,9,139,183,0,0,35,150,222,0,0,24
-5,10,17,1,15,2475,AA,LAX,9,139,183,0,0,35,150,222,0,0,24
-6,10,17,1,10,2475,AA,LAX,9,139,183,0,0,35,150,222,0,0,24
-5,10,17,1,15,2475,DL,LAX,9,139,183,0,0,35,150,222,0,0,24
52,10,17,1,19,2475,DL,LAX,9,139,183,0,0,35,150,222,0,0,24
-8,10,17,1,9,2475,B6,LAX,9,139,183,0,0,35,150,222,0,0,24
-1,10,17,1,6,2475,B6,LAX,9,139,183,0,0,35,150,222,0,0,24
0,10,17,1,7,2475,DL,LAX,9,139,183,0,0,35,150,222,0,0,24
-5,10,17,1,9,2475,AA,LAX,9,139,183,0,0,35,150,222,0,0,24
3,10,17,1,9,2475,DL,LAX,9,139,183,0,0,35,150,222,0,0,24
-4,10,17,1,11,2475,B6,LAX,9,139,183,0,0,35,150,222,0,0,24
4,10,17,1,16,2475,B6,LAX,9,139,183,0,0,35,150,222,0,0,24
4,10,17,1,13,2475,AA,LAX,9,139,183,0,0,35,150,222,0,0,24
-4,10,17,1,11,2475,UA,LAX,9,139,183,0,0,35,150,222,0,0,24
19,10,17,1,8,2475,UA,LAX,9,139,183,0,0,35,150,222,0,0,24
2,10,17,1,15,2475,UA,LAX,9,139,183,0,0,35,150,222,0,0,24
37,10,17,1,20,2475,UA,LAX,9,139,183,0,0,35,150,222,0,0,24
-2,10,17,1,6,2475,UA,LAX,9,139,183,0,0,35,150,222,0,0,24
10,10,17,1,17,2475,UA,LAX,9,139,183,0,0,35,150,222,0,0,24
-4,10,24,1,11,2475,UA,LAX,16,100,161,0,0,17,150,178,0,0,29
-2,10,24,1,15,2475,UA,LAX,16,100,161,0,0,17,150,178,0,0,29
-4,10,24,1,20,2475,UA,LAX,16,100,161,0,0,17,150,178,0,0,29
3,10,24,1,17,2475,UA,LAX,16,100,161,0,0,17,150,178,0,0,29
-2,10,24,1,6,2475,UA,LAX,16,100,161,0,0,17,150,178,0,0,29
-4,10,24,1,8,2475,UA,LAX,16,100,161,0,0,17,150,178,0,0,29
-6,10,24,1,9,2475,AA,LAX,16,100,161,0,0,17,150,178,0,0,29
-4,10,24,1,12,2475,AA,LAX,16,100,161,0,0,17,150,178,0,0,29
-1,10,24,1,17,2475,DL,LAX,16,100,161,0,0,17,150,178,0,0,29
-4,10,24,1,9,2475,DL,LAX,16,100,161,0,0,17,150,178,0,0,29
1,10,24,1,7,2475,DL,LAX,16,100,161,0,0,17,150,178,0,0,29
-5,10,24,1,12,2475,DL,LAX,16,100,161,0,0,17,150,178,0,0,29
6,10,24,1,15,2475,DL,LAX,16,100,161,0,0,17,150,178,0,0,29
0,10,24,1,21,2475,DL,LAX,16,100,161,0,0,17,150,178,0,0,29
101,10,24,1,19,2475,DL,LAX,16,100,161,0,0,17,150,178,0,0,29
-9,10,24,1,10,2475,AA,LAX,16,100,161,0,0,17,150,178,0,0,29
2,10,24,1,15,2475,AA,LAX,16,100,161,0,0,17,150,178,0,0,29
91,10,24,1,19,2475,AA,LAX,16,100,161,0,0,17,150,178,0,0,29
-3,10,24,1,16,2475,AA,LAX,16,100,161,0,0,17,150,178,0,0,29
-1,10,24,1,13,2475,AA,LAX,16,100,161,0,0,17,150,178,0,0,29
51,10,24,1,21,2475,AA,LAX,16,100,161,0,0,17,150,178,0,0,29
-2,10,24,1,7,2475,AA,LAX,16,100,161,0,0,17,150,178,0,0,29
-4,10,24,1,7,2475,AA,LAX,16,100,161,0,0,17,150,178,0,0,29
-1,10,24,1,20,2475,B6,LAX,16,100,161,0,0,17,150,178,0,0,29
14,10,24,1,16,2475,B6,LAX,16,100,161,0,0,17,150,178,0,0,29
104,10,24,1,11,2475,B6,LAX,16,100,161,0,0,17,150,178,0,0,29
85,10,24,1,6,2475,B6,LAX,16,100,161,0,0,17,150,178,0,0,29
48,10,24,1,9,2475,B6,LAX,16,100,161,0,0,17,150,178,0,0,29
10,10,31,1,15,2475,DL,LAX,11,28,117,0,0,9,111,167,0,0,23
-2,10,31,1,17,2475,DL,LAX,11,28,117,0,0,9,111,167,0,0,23
-6,10,31,1,21,2475,DL,LAX,11,28,117,0,0,9,111,167,0,0,23
-11,10,31,1,10,2475,AA,LAX,11,28,117,0,0,9,111,167,0,0,23
-4,10,31,1,13,2475,AA,LAX,11,28,117,0,0,9,111,167,0,0,23
-1,10,31,1,15,2475,AA,LAX,11,28,117,0,0,9,111,167,0,0,23
-2,10,31,1,19,2475,AA,LAX,11,28,117,0,0,9,111,167,0,0,23
28,10,31,1,16,2475,AA,LAX,11,28,117,0,0,9,111,167,0,0,23
-3,10,31,1,9,2475,AA,LAX,11,28,117,0,0,9,111,167,0,0,23
4,10,31,1,9,2475,B6,LAX,11,28,117,0,0,9,111,167,0,0,23
18,10,31,1,20,2475,B6,LAX,11,28,117,0,0,9,111,167,0,0,23
-2,10,31,1,16,2475,B6,LAX,11,28,117,0,0,9,111,167,0,0,23
0,10,31,1,11,2475,B6,LAX,11,28,117,0,0,9,111,167,0,0,23
-4,10,31,1,7,2475,B6,LAX,11,28,117,0,0,9,111,167,0,0,23
-9,10,31,1,21,2475,AA,LAX,11,28,117,0,0,9,111,167,0,0,23
-5,10,31,1,7,2475,AA,LAX,11,28,117,0,0,9,111,167,0,0,23
-6,10,31,1,7,2475,AA,LAX,11,28,117,0,0,9,111,167,0,0,23
-7,10,31,1,12,2475,AA,LAX,11,28,117,0,0,9,111,167,0,0,23
-3,10,31,1,9,2475,DL,LAX,11,28,117,0,0,9,111,167,0,0,23
-5,10,31,1,7,2475,DL,LAX,11,28,117,0,0,9,111,167,0,0,23
-4,10,31,1,12,2475,DL,LAX,11,28,117,0,0,9,111,167,0,0,23
-4,10,31,1,17,2475,UA,LAX,11,28,117,0,0,9,111,167,0,0,23
-2,10,31,1,8,2475,UA,LAX,11,28,117,0,0,9,111,167,0,0,23
-1,10,31,1,20,2475,UA,LAX,11,28,117,0,0,9,111,167,0,0,23
-6,10,31,1,15,2475,UA,LAX,11,28,117,0,0,9,111,167,0,0,23
7,10,31,1,6,2475,UA,LAX,11,28,117,0,0,9,111,167,0,0,23
-1,10,31,1,11,2475,UA,LAX,11,28,117,0,0,9,111,167,0,0,23
-4,11,1,2,7,2475,B6,LAX,10,72,128,0,0,27,128,194,0,0,13
-2,11,1,2,19,2475,DL,LAX,10,72,128,0,0,27,128,194,0,0,13
-3,11,1,2,21,2475,DL,LAX,10,72,128,0,0,27,128,194,0,0,13
-6,11,1,2,17,2475,DL,LAX,10,72,128,0,0,27,128,194,0,0,13
-5,11,1,2,15,2475,DL,LAX,10,72,128,0,0,27,128,194,0,0,13
-1,11,1,2,12,2475,DL,LAX,10,72,128,0,0,27,128,194,0,0,13
1,11,1,2,7,2475,DL,LAX,10,72,128,0,0,27,128,194,0,0,13
-2,11,1,2,9,2475,DL,LAX,10,72,128,0,0,27,128,194,0,0,13
4,11,1,2,9,2475,B6,LAX,10,72,128,0,0,27,128,194,0,0,13
-5,11,1,2,20,2475,B6,LAX,10,72,128,0,0,27,128,194,0,0,13
0,11,1,2,16,2475,B6,LAX,10,72,128,0,0,27,128,194,0,0,13
-4,11,1,2,11,2475,B6,LAX,10,72,128,0,0,27,128,194,0,0,13
27,11,1,2,17,2475,UA,LAX,10,72,128,0,0,27,128,194,0,0,13
-8,11,1,2,20,2475,UA,LAX,10,72,128,0,0,27,128,194,0,0,13
-2,11,1,2,8,2475,UA,LAX,10,72,128,0,0,27,128,194,0,0,13
-7,11,1,2,6,2475,UA,LAX,10,72,128,0,0,27,128,194,0,0,13
-1,11,1,2,15,2475,UA,LAX,10,72,128,0,0,27,128,194,0,0,13
-4,11,1,2,11,2475,UA,LAX,10,72,128,0,0,27,128,194,0,0,13
-3,11,1,2,7,2475,AA,LAX,10,72,128,0,0,27,128,194,0,0,13
-1,11,1,2,16,2475,AA,LAX,10,72,128,0,0,27,128,194,0,0,13
7,11,1,2,10,2475,AA,LAX,10,72,128,0,0,27,128,194,0,0,13
-5,11,1,2,21,2475,AA,LAX,10,72,128,0,0,27,128,194,0,0,13
-3,11,1,2,13,2475,AA,LAX,10,72,128,0,0,27,128,194,0,0,13
-3,11,1,2,15,2475,AA,LAX,10,72,128,0,0,27,128,194,0,0,13
-7,11,1,2,12,2475,AA,LAX,10,72,128,0,0,27,128,194,0,0,13
-3,11,1,2,9,2475,AA,LAX,10,72,128,0,0,27,128,194,0,0,13
0,11,1,2,19,2475,AA,LAX,10,72,128,0,0,27,128,194,0,0,13
-7,12,6,2,11,2475,B6,LAX,14,133,167,51,0,18,50,156,0,0,18
8,12,6,2,16,2475,B6,LAX,14,133,167,51,0,18,50,156,0,0,18
-8,12,6,2,20,2475,B6,LAX,14,133,167,51,0,18,50,156,0,0,18
-2,12,6,2,9,2475,B6,LAX,14,133,167,51,0,18,50,156,0,0,18
39,12,6,2,9,2475,AA,LAX,14,133,167,51,0,18,50,156,0,0,18
-7,12,6,2,12,2475,AA,LAX,14,133,167,51,0,18,50,156,0,0,18
-9,12,6,2,10,2475,AA,LAX,14,133,167,51,0,18,50,156,0,0,18
27,12,6,2,19,2475,AA,LAX,14,133,167,51,0,18,50,156,0,0,18
-4,12,6,2,7,2475,AA,LAX,14,133,167,51,0,18,50,156,0,0,18
4,12,6,2,15,2475,AA,LAX,14,133,167,51,0,18,50,156,0,0,18
1,12,6,2,16,2475,AA,LAX,14,133,167,51,0,18,50,156,0,0,18
-4,12,6,2,19,2475,DL,LAX,14,133,167,51,0,18,50,156,0,0,18
-3,12,6,2,21,2475,DL,LAX,14,133,167,51,0,18,50,156,0,0,18
4,12,6,2,15,2475,DL,LAX,14,133,167,51,0,18,50,156,0,0,18
0,12,6,2,12,2475,DL,LAX,14,133,167,51,0,18,50,156,0,0,18
-7,12,6,2,9,2475,DL,LAX,14,133,167,51,0,18,50,156,0,0,18
3,12,6,2,17,2475,DL,LAX,14,133,167,51,0,18,50,156,0,0,18
-4,12,6,2,7,2475,DL,LAX,14,133,167,51,0,18,50,156,0,0,18
25,12,6,2,21,2475,AA,LAX,14,133,167,51,0,18,50,156,0,0,18
-5,12,6,2,7,2475,B6,LAX,14,133,167,51,0,18,50,156,0,0,18
88,12,6,2,17,2475,UA,LAX,14,133,167,51,0,18,50,156,0,0,18
46,12,6,2,20,2475,UA,LAX,14,133,167,51,0,18,50,156,0,0,18
93,12,6,2,15,2475,UA,LAX,14,133,167,51,0,18,50,156,0,0,18
0,12,6,2,11,2475,UA,LAX,14,133,167,51,0,18,50,156,0,0,18
-1,12,6,2,8,2475,UA,LAX,14,133,167,51,0,18,50,156,0,0,18
-1,12,6,2,6,2475,UA,LAX,14,133,167,51,0,18,50,156,0,0,18
-8,12,13,2,20,2475,UA,LAX,12,0,83,0,0,20,94,167,0,0,31
4,12,13,2,6,2475,UA,LAX,12,0,83,0,0,20,94,167,0,0,31
-9,12,13,2,11,2475,UA,LAX,12,0,83,0,0,20,94,167,0,0,31
1,12,13,2,15,2475,UA,LAX,12,0,83,0,0,20,94,167,0,0,31
-7,12,13,2,17,2475,UA,LAX,12,0,83,0,0,20,94,167,0,0,31
-8,12,13,2,8,2475,UA,LAX,12,0,83,0,0,20,94,167,0,0,31
4,12,13,2,9,2475,B6,LAX,12,0,83,0,0,20,94,167,0,0,31
5,12,13,2,16,2475,B6,LAX,12,0,83,0,0,20,94,167,0,0,31
-11,12,13,2,11,2475,B6,LAX,12,0,83,0,0,20,94,167,0,0,31
-9,12,13,2,7,2475,B6,LAX,12,0,83,0,0,20,94,167,0,0,31
-7,12,13,2,21,2475,AA,LAX,12,0,83,0,0,20,94,167,0,0,31
-7,12,13,2,16,2475,AA,LAX,12,0,83,0,0,20,94,167,0,0,31
-4,12,13,2,15,2475,AA,LAX,12,0,83,0,0,20,94,167,0,0,31
-5,12,13,2,7,2475,DL,LAX,12,0,83,0,0,20,94,167,0,0,31
18,12,13,2,17,2475,DL,LAX,12,0,83,0,0,20,94,167,0,0,31
-3,12,13,2,9,2475,DL,LAX,12,0,83,0,0,20,94,167,0,0,31
-1,12,13,2,12,2475,DL,LAX,12,0,83,0,0,20,94,167,0,0,31
6,12,13,2,15,2475,DL,LAX,12,0,83,0,0,20,94,167,0,0,31
5,12,13,2,21,2475,DL,LAX,12,0,83,0,0,20,94,167,0,0,31
-2,12,13,2,19,2475,DL,LAX,12,0,83,0,0,20,94,167,0,0,31
-5,12,13,2,20,2475,B6,LAX,12,0,83,0,0,20,94,167,0,0,31
-3,12,13,2,7,2475,AA,LAX,12,0,83,0,0,20,94,167,0,0,31
4,12,13,2,19,2475,AA,LAX,12,0,83,0,0,20,94,167,0,0,31
-7,12,13,2,10,2475,AA,LAX,12,0,83,0,0,20,94,167,0,0,31
-7,12,13,2,12,2475,AA,LAX,12,0,83,0,0,20,94,167,0,0,31
-6,12,13,2,9,2475,AA,LAX,12,0,83,0,0,20,94,167,0,0,31
-2,12,20,2,8,2475,UA,LAX,5,50,89,3,0,22,89,178,0,0,9
2,12,20,2,17,2475,UA,LAX,5,50,89,3,0,22,89,178,0,0,9
-1,12,20,2,6,2475,UA,LAX,5,50,89,3,0,22,89,178,0,0,9
-5,12,20,2,15,2475,UA,LAX,5,50,89,3,0,22,89,178,0,0,9
-2,12,20,2,11,2475,UA,LAX,5,50,89,3,0,22,89,178,0,0,9
-1,12,20,2,7,2475,B6,LAX,5,50,89,3,0,22,89,178,0,0,9
5,12,20,2,16,2475,B6,LAX,5,50,89,3,0,22,89,178,0,0,9
-1,12,20,2,20,2475,B6,LAX,5,50,89,3,0,22,89,178,0,0,9
-4,12,20,2,6,2475,AA,LAX,5,50,89,3,0,22,89,178,0,0,9
63,12,20,2,16,2475,AA,LAX,5,50,89,3,0,22,89,178,0,0,9
-7,12,20,2,15,2475,AA,LAX,5,50,89,3,0,22,89,178,0,0,9
-6,12,20,2,13,2475,AA,LAX,5,50,89,3,0,22,89,178,0,0,9
-1,12,20,2,11,2475,B6,LAX,5,50,89,3,0,22,89,178,0,0,9
5,12,20,2,7,2475,AA,LAX,5,50,89,3,0,22,89,178,0,0,9
14,12,20,2,19,2475,AA,LAX,5,50,89,3,0,22,89,178,0,0,9
-3,12,20,2,7,2475,DL,LAX,5,50,89,3,0,22,89,178,0,0,9
-2,12,20,2,17,2475,DL,LAX,5,50,89,3,0,22,89,178,0,0,9
-5,12,20,2,9,2475,DL,LAX,5,50,89,3,0,22,89,178,0,0,9
-3,12,20,2,12,2475,DL,LAX,5,50,89,3,0,22,89,178,0,0,9
-4,12,20,2,15,2475,DL,LAX,5,50,89,3,0,22,89,178,0,0,9
-6,12,20,2,21,2475,DL,LAX,5,50,89,3,0,22,89,178,0,0,9
-1,12,20,2,19,2475,DL,LAX,5,50,89,3,0,22,89,178,0,0,9
-2,12,20,2,10,2475,AA,LAX,5,50,89,3,0,22,89,178,0,0,9
-8,12,20,2,12,2475,AA,LAX,5,50,89,3,0,22,89,178,0,0,9
-4,12,20,2,9,2475,AA,LAX,5,50,89,3,0,22,89,178,0,0,9
