24,10,7,5,8,2475,UA,LAX,1,89,189,0,0,9,117,206,0,0,28
0,10,7,5,20,2475,UA,LAX,1,89,189,0,0,9,117,206,0,0,28
-5,10,7,5,11,2475,UA,LAX,1,89,189,0,0,9,117,206,0,0,28
-2,10,7,5,17,2475,UA,LAX,1,89,189,0,0,9,117,206,0,0,28
-5,10,7,5,15,2475,UA,LAX,1,89,189,0,0,9,117,206,0,0,28
-2,10,7,5,6,2475,UA,LAX,1,89,189,0,0,9,117,206,0,0,28
1,10,7,5,20,2475,B6,LAX,1,89,189,0,0,9,117,206,0,0,28
-7,10,7,5,9,2475,DL,LAX,1,89,189,0,0,9,117,206,0,0,28
-1,10,7,5,15,2475,AA,LAX,1,89,189,0,0,9,117,206,0,0,28
-2,10,7,5,7,2475,AA,LAX,1,89,189,0,0,9,117,206,0,0,28
-8,10,7,5,9,2475,AA,LAX,1,89,189,0,0,9,117,206,0,0,28
-3,10,7,5,17,2475,DL,LAX,1,89,189,0,0,9,117,206,0,0,28
-6,10,7,5,9,2475,B6,LAX,1,89,189,0,0,9,117,206,0,0,28
-2,10,7,5,19,2475,AA,LAX,1,89,189,0,0,9,117,206,0,0,28
-8,10,7,5,12,2475,AA,LAX,1,89,189,0,0,9,117,206,0,0,28
-4,10,7,5,7,2475,DL,LAX,1,89,189,0,0,9,117,206,0,0,28
-2,10,7,5,13,2475,AA,LAX,1,89,189,0,0,9,117,206,0,0,28
0,10,7,5,7,2475,AA,LAX,1,89,189,0,0,9,117,206,0,0,28
-3,10,7,5,6,2475,B6,LAX,1,89,189,0,0,9,117,206,0,0,28
-4,10,7,5,12,2475,DL,LAX,1,89,189,0,0,9,117,206,0,0,28
-5,10,7,5,19,2475,DL,LAX,1,89,189,0,0,9,117,206,0,0,28
-5,10,7,5,21,2475,AA,LAX,1,89,189,0,0,9,117,206,0,0,28
2,10,7,5,21,2475,DL,LAX,1,89,189,0,0,9,117,206,0,0,28
-2,10,7,5,16,2475,AA,LAX,1,89,189,0,0,9,117,206,0,0,28
-5,10,7,5,15,2475,DL,LAX,1,89,189,0,0,9,117,206,0,0,28
-5,10,7,5,10,2475,AA,LAX,1,89,189,0,0,9,117,206,0,0,28
-2,10,7,5,11,2475,B6,LAX,1,89,189,0,0,9,117,206,0,0,28
-2,10,7,5,16,2475,B6,LAX,1,89,189,0,0,9,117,206,0,0,28
-6,10,14,5,9,2475,AA,LAX,6,139,211,259,0,26,167,272,0,0,22
-3,10,14,5,7,2475,DL,LAX,6,139,211,259,0,26,167,272,0,0,22
-2,10,14,5,9,2475,DL,LAX,6,139,211,259,0,26,167,272,0,0,22
-2,10,14,5,9,2475,B6,LAX,6,139,211,259,0,26,167,272,0,0,22
183,10,14,5,12,2475,AA,LAX,6,139,211,259,0,26,167,272,0,0,22
-1,10,14,5,6,2475,B6,LAX,6,139,211,259,0,26,167,272,0,0,22
-7,10,14,5,7,2475,AA,LAX,6,139,211,259,0,26,167,272,0,0,22
-3,10,14,5,11,2475,B6,LAX,6,139,211,259,0,26,167,272,0,0,22
52,10,14,5,15,2475,AA,LAX,6,139,211,259,0,26,167,272,0,0,22
2,10,14,5,16,2475,B6,LAX,6,139,211,259,0,26,167,272,0,0,22
-2,10,14,5,20,2475,B6,LAX,6,139,211,259,0,26,167,272,0,0,22
16,10,14,5,21,2475,AA,LAX,6,139,211,259,0,26,167,272,0,0,22
17,10,14,5,19,2475,AA,LAX,6,139,211,259,0,26,167,272,0,0,22
-1,10,14,5,21,2475,DL,LAX,6,139,211,259,0,26,167,272,0,0,22
-6,10,14,5,15,2475,DL,LAX,6,139,211,259,0,26,167,272,0,0,22
-1,10,14,5,12,2475,DL,LAX,6,139,211,259,0,26,167,272,0,0,22
28,10,14,5,16,2475,AA,LAX,6,139,211,259,0,26,167,272,0,0,22
28,10,14,5,7,2475,AA,LAX,6,139,211,259,0,26,167,272,0,0,22
-1,10,14,5,19,2475,DL,LAX,6,139,211,259,0,26,167,272,0,0,22
-7,10,14,5,10,2475,AA,LAX,6,139,211,259,0,26,167,272,0,0,22
-2,10,14,5,13,2475,AA,LAX,6,139,211,259,0,26,167,272,0,0,22
-4,10,14,5,17,2475,DL,LAX,6,139,211,259,0,26,167,272,0,0,22
-6,10,14,5,8,2475,UA,LAX,6,139,211,259,0,26,167,272,0,0,22
51,10,14,5,17,2475,UA,LAX,6,139,211,259,0,26,167,272,0,0,22
52,10,14,5,20,2475,UA,LAX,6,139,211,259,0,26,167,272,0,0,22
-5,10,14,5,6,2475,UA,LAX,6,139,211,259,0,26,167,272,0,0,22
36,10,14,5,15,2475,UA,LAX,6,139,211,259,0,26,167,272,0,0,22
-5,10,14,5,11,2475,UA,LAX,6,139,211,259,0,26,167,272,0,0,22
-4,10,21,5,20,2475,UA,LAX,13,100,133,0,0,30,156,189,0,0,32
67,10,21,5,15,2475,UA,LAX,13,100,133,0,0,30,156,189,0,0,32
-5,10,21,5,8,2475,UA,LAX,13,100,133,0,0,30,156,189,0,0,32
-1,10,21,5,17,2475,UA,LAX,13,100,133,0,0,30,156,189,0,0,32
2,10,21,5,6,2475,UA,LAX,13,100,133,0,0,30,156,189,0,0,32
-3,10,21,5,11,2475,UA,LAX,13,100,133,0,0,30,156,189,0,0,32
-7,10,21,5,12,2475,AA,LAX,13,100,133,0,0,30,156,189,0,0,32
0,10,21,5,10,2475,AA,LAX,13,100,133,0,0,30,156,189,0,0,32
-5,10,21,5,21,2475,AA,LAX,13,100,133,0,0,30,156,189,0,0,32
0,10,21,5,9,2475,B6,LAX,13,100,133,0,0,30,156,189,0,0,32
0,10,21,5,6,2475,B6,LAX,13,100,133,0,0,30,156,189,0,0,32
-3,10,21,5,11,2475,B6,LAX,13,100,133,0,0,30,156,189,0,0,32
15,10,21,5,16,2475,B6,LAX,13,100,133,0,0,30,156,189,0,0,32
5,10,21,5,20,2475,B6,LAX,13,100,133,0,0,30,156,189,0,0,32
-4,10,21,5,16,2475,AA,LAX,13,100,133,0,0,30,156,189,0,0,32
-7,10,21,5,9,2475,AA,LAX,13,100,133,0,0,30,156,189,0,0,32
8,10,21,5,15,2475,AA,LAX,13,100,133,0,0,30,156,189,0,0,32
-4,10,21,5,19,2475,DL,LAX,13,100,133,0,0,30,156,189,0,0,32
-1,10,21,5,21,2475,DL,LAX,13,100,133,0,0,30,156,189,0,0,32
0,10,21,5,15,2475,DL,LAX,13,100,133,0,0,30,156,189,0,0,32
-5,10,21,5,12,2475,DL,LAX,13,100,133,0,0,30,156,189,0,0,32
-5,10,21,5,7,2475,DL,LAX,13,100,133,0,0,30,156,189,0,0,32
-5,10,21,5,9,2475,DL,LAX,13,100,133,0,0,30,156,189,0,0,32
-1,10,21,5,17,2475,DL,LAX,13,100,133,0,0,30,156,189,0,0,32
-8,10,21,5,19,2475,AA,LAX,13,100,133,0,0,30,156,189,0,0,32
-6,10,21,5,13,2475,AA,LAX,13,100,133,0,0,30,156,189,0,0,32
-1,10,21,5,7,2475,AA,LAX,13,100,133,0,0,30,156,189,0,0,32
-6,10,21,5,7,2475,AA,LAX,13,100,133,0,0,30,156,189,0,0,32
0,11,19,6,6,2475,UA,LAX,3,33,106,0,0,30,111,156,0,0,27
-4,11,19,6,17,2475,UA,LAX,3,33,106,0,0,30,111,156,0,0,27
0,11,19,6,15,2475,UA,LAX,3,33,106,0,0,30,111,156,0,0,27
-4,11,19,6,11,2475,UA,LAX,3,33,106,0,0,30,111,156,0,0,27
-3,11,19,6,8,2475,UA,LAX,3,33,106,0,0,30,111,156,0,0,27
62,11,19,6,21,2475,AA,LAX,3,33,106,0,0,30,111,156,0,0,27
-4,11,19,6,16,2475,AA,LAX,3,33,106,0,0,30,111,156,0,0,27
-4,11,19,6,7,2475,AA,LAX,3,33,106,0,0,30,111,156,0,0,27
-7,11,19,6,19,2475,AA,LAX,3,33,106,0,0,30,111,156,0,0,27
297,11,19,6,15,2475,AA,LAX,3,33,106,0,0,30,111,156,0,0,27
12,11,19,6,9,2475,AA,LAX,3,33,106,0,0,30,111,156,0,0,27
80,11,19,6,13,2475,AA,LAX,3,33,106,0,0,30,111,156,0,0,27
-9,11,19,6,12,2475,AA,LAX,3,33,106,0,0,30,111,156,0,0,27
-8,11,19,6,16,2475,B6,LAX,3,33,106,0,0,30,111,156,0,0,27
-6,11,19,6,20,2475,B6,LAX,3,33,106,0,0,30,111,156,0,0,27
-5,11,19,6,12,2475,DL,LAX,3,33,106,0,0,30,111,156,0,0,27
-8,11,19,6,11,2475,B6,LAX,3,33,106,0,0,30,111,156,0,0,27
-2,11,19,6,17,2475,DL,LAX,3,33,106,0,0,30,111,156,0,0,27
-6,11,19,6,9,2475,DL,LAX,3,33,106,0,0,30,111,156,0,0,27
-4,11,19,6,15,2475,DL,LAX,3,33,106,0,0,30,111,156,0,0,27
-1,11,19,6,19,2475,DL,LAX,3,33,106,0,0,30,111,156,0,0,27
-1,11,19,6,9,2475,B6,LAX,3,33,106,0,0,30,111,156,0,0,27
-4,11,26,6,7,2475,AA,LAX,4,100,183,0,0,14,100,228,0,0,13
-9,11,26,6,12,2475,AA,LAX,4,100,183,0,0,14,100,228,0,0,13
17,11,26,6,9,2475,AA,LAX,4,100,183,0,0,14,100,228,0,0,13
-3,11,26,6,16,2475,AA,LAX,4,100,183,0,0,14,100,228,0,0,13
-2,11,26,6,21,2475,AA,LAX,4,100,183,0,0,14,100,228,0,0,13
-10,11,26,6,13,2475,AA,LAX,4,100,183,0,0,14,100,228,0,0,13
-7,11,26,6,19,2475,AA,LAX,4,100,183,0,0,14,100,228,0,0,13
-9,11,26,6,15,2475,AA,LAX,4,100,183,0,0,14,100,228,0,0,13
-5,11,26,6,15,2475,UA,LAX,4,100,183,0,0,14,100,228,0,0,13
-4,11,26,6,17,2475,UA,LAX,4,100,183,0,0,14,100,228,0,0,13
0,11,26,6,8,2475,UA,LAX,4,100,183,0,0,14,100,228,0,0,13
-1,11,26,6,11,2475,UA,LAX,4,100,183,0,0,14,100,228,0,0,13
29,11,26,6,12,2475,DL,LAX,4,100,183,0,0,14,100,228,0,0,13
-7,11,26,6,15,2475,DL,LAX,4,100,183,0,0,14,100,228,0,0,13
-5,11,26,6,19,2475,DL,LAX,4,100,183,0,0,14,100,228,0,0,13
6,11,26,6,11,2475,B6,LAX,4,100,183,0,0,14,100,228,0,0,13
34,11,26,6,16,2475,B6,LAX,4,100,183,0,0,14,100,228,0,0,13
6,11,26,6,20,2475,B6,LAX,4,100,183,0,0,14,100,228,0,0,13
-3,11,26,6,9,2475,B6,LAX,4,100,183,0,0,14,100,228,0,0,13
-5,11,26,6,17,2475,DL,LAX,4,100,183,0,0,14,100,228,0,0,13
-4,11,26,6,9,2475,DL,LAX,4,100,183,0,0,14,100,228,0,0,13
-4,12,3,6,8,2475,UA,LAX,11,28,83,0,0,19,94,172,0,0,23
-1,12,3,6,15,2475,UA,LAX,11,28,83,0,0,19,94,172,0,0,23
-5,12,3,6,11,2475,UA,LAX,11,28,83,0,0,19,94,172,0,0,23
-5,12,3,6,17,2475,UA,LAX,11,28,83,0,0,19,94,172,0,0,23
18,12,3,6,6,2475,UA,LAX,11,28,83,0,0,19,94,172,0,0,23
-7,12,3,6,12,2475,AA,LAX,11,28,83,0,0,19,94,172,0,0,23
-6,12,3,6,21,2475,AA,LAX,11,28,83,0,0,19,94,172,0,0,23
-1,12,3,6,7,2475,AA,LAX,11,28,83,0,0,19,94,172,0,0,23
-4,12,3,6,9,2475,B6,LAX,11,28,83,0,0,19,94,172,0,0,23
-2,12,3,6,15,2475,AA,LAX,11,28,83,0,0,19,94,172,0,0,23
-7,12,3,6,17,2475,DL,LAX,11,28,83,0,0,19,94,172,0,0,23
-4,12,3,6,9,2475,DL,LAX,11,28,83,0,0,19,94,172,0,0,23
-5,12,3,6,9,2475,AA,LAX,11,28,83,0,0,19,94,172,0,0,23
-5,12,3,6,12,2475,DL,LAX,11,28,83,0,0,19,94,172,0,0,23
-5,12,3,6,15,2475,DL,LAX,11,28,83,0,0,19,94,172,0,0,23
-1,12,3,6,19,2475,DL,LAX,11,28,83,0,0,19,94,172,0,0,23
11,12,3,6,16,2475,AA,LAX,11,28,83,0,0,19,94,172,0,0,23
-7,12,3,6,16,2475,B6,LAX,11,28,83,0,0,19,94,172,0,0,23
-3,12,3,6,20,2475,B6,LAX,11,28,83,0,0,19,94,172,0,0,23
-3,12,3,6,19,2475,AA,LAX,11,28,83,0,0,19,94,172,0,0,23
5,12,3,6,11,2475,B6,LAX,11,28,83,0,0,19,94,172,0,0,23
3,12,10,6,9,2475,DL,LAX,15,0,78,0,0,28,89,183,0,0,23
-4,12,10,6,12,2475,DL,LAX,15,0,78,0,0,28,89,183,0,0,23
-6,12,10,6,15,2475,DL,LAX,15,0,78,0,0,28,89,183,0,0,23
10,12,10,6,19,2475,DL,LAX,15,0,78,0,0,28,89,183,0,0,23
6,12,10,6,16,2475,B6,LAX,15,0,78,0,0,28,89,183,0,0,23
34,12,10,6,16,2475,AA,LAX,15,0,78,0,0,28,89,183,0,0,23
-8,12,10,6,20,2475,B6,LAX,15,0,78,0,0,28,89,183,0,0,23
-2,12,10,6,7,2475,AA,LAX,15,0,78,0,0,28,89,183,0,0,23
-5,12,10,6,9,2475,AA,LAX,15,0,78,0,0,28,89,183,0,0,23
-7,12,10,6,12,2475,AA,LAX,15,0,78,0,0,28,89,183,0,0,23
42,12,10,6,19,2475,AA,LAX,15,0,78,0,0,28,89,183,0,0,23
-1,12,10,6,9,2475,B6,LAX,15,0,78,0,0,28,89,183,0,0,23
1,12,10,6,21,2475,AA,LAX,15,0,78,0,0,28,89,183,0,0,23
-2,12,10,6,11,2475,B6,LAX,15,0,78,0,0,28,89,183,0,0,23
-2,12,10,6,15,2475,AA,LAX,15,0,78,0,0,28,89,183,0,0,23
-5,12,10,6,17,2475,DL,LAX,15,0,78,0,0,28,89,183,0,0,23
-4,12,10,6,17,2475,UA,LAX,15,0,78,0,0,28,89,183,0,0,23
-4,12,10,6,11,2475,UA,LAX,15,0,78,0,0,28,89,183,0,0,23
38,12,10,6,15,2475,UA,LAX,15,0,78,0,0,28,89,183,0,0,23
-2,12,10,6,6,2475,UA,LAX,15,0,78,0,0,28,89,183,0,0,23
0,12,10,6,8,2475,UA,LAX,15,0,78,0,0,28,89,183,0,0,23
