-3,10,3,1,11,2475,UA,LAX,5,89,144,13,0,11,167,217,0,0,43
-2,10,3,1,15,2475,UA,LAX,5,89,144,13,0,11,167,217,0,0,43
14,10,3,1,20,2475,UA,LAX,5,89,144,13,0,11,167,217,0,0,43
-6,10,3,1,6,2475,UA,LAX,5,89,144,13,0,11,167,217,0,0,43
-9,10,3,1,8,2475,UA,LAX,5,89,144,13,0,11,167,217,0,0,43
0,10,3,1,17,2475,UA,LAX,5,89,144,13,0,11,167,217,0,0,43
-7,10,3,1,11,2475,B6,LAX,5,89,144,13,0,11,167,217,0,0,43
-8,10,3,1,7,2475,AA,LAX,5,89,144,13,0,11,167,217,0,0,43
-6,10,3,1,9,2475,AA,LAX,5,89,144,13,0,11,167,217,0,0,43
-2,10,3,1,17,2475,DL,LAX,5,89,144,13,0,11,167,217,0,0,43
-5,10,3,1,9,2475,DL,LAX,5,89,144,13,0,11,167,217,0,0,43
-7,10,3,1,6,2475,B6,LAX,5,89,144,13,0,11,167,217,0,0,43
-2,10,3,1,7,2475,DL,LAX,5,89,144,13,0,11,167,217,0,0,43
-4,10,3,1,12,2475,DL,LAX,5,89,144,13,0,11,167,217,0,0,43
1,10,3,1,15,2475,DL,LAX,5,89,144,13,0,11,167,217,0,0,43
17,10,3,1,21,2475,DL,LAX,5,89,144,13,0,11,167,217,0,0,43
-5,10,3,1,19,2475,DL,LAX,5,89,144,13,0,11,167,217,0,0,43
11,10,3,1,9,2475,B6,LAX,5,89,144,13,0,11,167,217,0,0,43
5,10,3,1,19,2475,AA,LAX,5,89,144,13,0,11,167,217,0,0,43
1,10,3,1,13,2475,AA,LAX,5,89,144,13,0,11,167,217,0,0,43
-4,10,3,1,7,2475,AA,LAX,5,89,144,13,0,11,167,217,0,0,43
46,10,3,1,10,2475,AA,LAX,5,89,144,13,0,11,167,217,0,0,43
-5,10,3,1,21,2475,AA,LAX,5,89,144,13,0,11,167,217,0,0,43
-8,10,3,1,12,2475,AA,LAX,5,89,144,13,0,11,167,217,0,0,43
0,10,3,1,15,2475,AA,LAX,5,89,144,13,0,11,167,217,0,0,43
21,10,3,1,16,2475,AA,LAX,5,89,144,13,0,11,167,217,0,0,43
41,10,3,1,20,2475,B6,LAX,5,89,144,13,0,11,167,217,0,0,43
-6,10,3,1,16,2475,B6,LAX,5,89,144,13,0,11,167,217,0,0,43
-5,10,10,1,12,2475,DL,LAX,2,161,272,0,0,7,139,222,0,0,21
-3,10,10,1,7,2475,DL,LAX,2,161,272,0,0,7,139,222,0,0,21
-2,10,10,1,9,2475,DL,LAX,2,161,272,0,0,7,139,222,0,0,21
-6,10,10,1,9,2475,AA,LAX,2,161,272,0,0,7,139,222,0,0,21
-4,10,10,1,7,2475,AA,LAX,2,161,272,0,0,7,139,222,0,0,21
-4,10,10,1,17,2475,DL,LAX,2,161,272,0,0,7,139,222,0,0,21
82,10,10,1,12,2475,AA,LAX,2,161,272,0,0,7,139,222,0,0,21
-1,10,10,1,16,2475,B6,LAX,2,161,272,0,0,7,139,222,0,0,21
-4,10,10,1,21,2475,AA,LAX,2,161,272,0,0,7,139,222,0,0,21
48,10,10,1,11,2475,B6,LAX,2,161,272,0,0,7,139,222,0,0,21
-4,10,10,1,20,2475,B6,LAX,2,161,272,0,0,7,139,222,0,0,21
-4,10,10,1,6,2475,B6,LAX,2,161,272,0,0,7,139,222,0,0,21
-4,10,10,1,10,2475,AA,LAX,2,161,272,0,0,7,139,222,0,0,21
-6,10,10,1,16,2475,AA,LAX,2,161,272,0,0,7,139,222,0,0,21
-4,10,10,1,7,2475,AA,LAX,2,161,272,0,0,7,139,222,0,0,21
-7,10,10,1,19,2475,AA,LAX,2,161,272,0,0,7,139,222,0,0,21
2,10,10,1,19,2475,DL,LAX,2,161,272,0,0,7,139,222,0,0,21
-9,10,10,1,21,2475,DL,LAX,2,161,272,0,0,7,139,222,0,0,21
104,10,10,1,15,2475,AA,LAX,2,161,272,0,0,7,139,222,0,0,21
27,10,10,1,13,2475,AA,LAX,2,161,272,0,0,7,139,222,0,0,21
-6,10,10,1,15,2475,DL,LAX,2,161,272,0,0,7,139,222,0,0,21
-1,10,10,1,9,2475,B6,LAX,2,161,272,0,0,7,139,222,0,0,21
-6,10,10,1,6,2475,UA,LAX,2,161,272,0,0,7,139,222,0,0,21
-4,10,10,1,11,2475,UA,LAX,2,161,272,0,0,7,139,222,0,0,21
-5,10,10,1,15,2475,UA,LAX,2,161,272,0,0,7,139,222,0,0,21
-5,10,10,1,8,2475,UA,LAX,2,161,272,0,0,7,139,222,0,0,21
0,10,10,1,20,2475,UA,LAX,2,161,272,0,0,7,139,222,0,0,21
-4,10,10,1,17,2475,UA,LAX,2,161,272,0,0,7,139,222,0,0,21
-1,11,8,2,15,2475,UA,LAX,3,117,200,0,0,10,83,200,0,0,27
-6,11,8,2,11,2475,UA,LAX,3,117,200,0,0,10,83,200,0,0,27
-1,11,8,2,17,2475,UA,LAX,3,117,200,0,0,10,83,200,0,0,27
0,11,8,2,6,2475,UA,LAX,3,117,200,0,0,10,83,200,0,0,27
-2,11,8,2,20,2475,UA,LAX,3,117,200,0,0,10,83,200,0,0,27
-6,11,8,2,8,2475,UA,LAX,3,117,200,0,0,10,83,200,0,0,27
-6,11,8,2,21,2475,DL,LAX,3,117,200,0,0,10,83,200,0,0,27
-4,11,8,2,15,2475,DL,LAX,3,117,200,0,0,10,83,200,0,0,27
1,11,8,2,12,2475,DL,LAX,3,117,200,0,0,10,83,200,0,0,27
-2,11,8,2,9,2475,DL,LAX,3,117,200,0,0,10,83,200,0,0,27
-7,11,8,2,17,2475,DL,LAX,3,117,200,0,0,10,83,200,0,0,27
-1,11,8,2,7,2475,DL,LAX,3,117,200,0,0,10,83,200,0,0,27
-6,11,8,2,9,2475,B6,LAX,3,117,200,0,0,10,83,200,0,0,27
-4,11,8,2,20,2475,B6,LAX,3,117,200,0,0,10,83,200,0,0,27
-3,11,8,2,16,2475,B6,LAX,3,117,200,0,0,10,83,200,0,0,27
-6,11,8,2,11,2475,B6,LAX,3,117,200,0,0,10,83,200,0,0,27
-5,11,8,2,7,2475,B6,LAX,3,117,200,0,0,10,83,200,0,0,27
-3,11,8,2,19,2475,DL,LAX,3,117,200,0,0,10,83,200,0,0,27
-5,11,8,2,12,2475,AA,LAX,3,117,200,0,0,10,83,200,0,0,27
-9,11,8,2,13,2475,AA,LAX,3,117,200,0,0,10,83,200,0,0,27
-4,11,8,2,9,2475,AA,LAX,3,117,200,0,0,10,83,200,0,0,27
-7,11,8,2,21,2475,AA,LAX,3,117,200,0,0,10,83,200,0,0,27
-3,11,8,2,15,2475,AA,LAX,3,117,200,0,0,10,83,200,0,0,27
-5,11,8,2,7,2475,AA,LAX,3,117,200,0,0,10,83,200,0,0,27
-9,11,8,2,10,2475,AA,LAX,3,117,200,0,0,10,83,200,0,0,27
-8,11,8,2,19,2475,AA,LAX,3,117,200,0,0,10,83,200,0,0,27
0,11,8,2,16,2475,AA,LAX,3,117,200,0,0,10,83,200,0,0,27
-2,11,15,2,7,2475,AA,LAX,4,144,183,0,0,23,133,178,0,0,28
-10,11,15,2,10,2475,AA,LAX,4,144,183,0,0,23,133,178,0,0,28
-4,11,15,2,21,2475,AA,LAX,4,144,183,0,0,23,133,178,0,0,28
-4,11,15,2,13,2475,AA,LAX,4,144,183,0,0,23,133,178,0,0,28
-10,11,15,2,12,2475,AA,LAX,4,144,183,0,0,23,133,178,0,0,28
-7,11,15,2,9,2475,AA,LAX,4,144,183,0,0,23,133,178,0,0,28
-7,11,15,2,15,2475,AA,LAX,4,144,183,0,0,23,133,178,0,0,28
-6,11,15,2,16,2475,AA,LAX,4,144,183,0,0,23,133,178,0,0,28
-6,11,15,2,19,2475,AA,LAX,4,144,183,0,0,23,133,178,0,0,28
-5,11,15,2,7,2475,B6,LAX,4,144,183,0,0,23,133,178,0,0,28
-6,11,15,2,16,2475,B6,LAX,4,144,183,0,0,23,133,178,0,0,28
-8,11,15,2,20,2475,B6,LAX,4,144,183,0,0,23,133,178,0,0,28
-8,11,15,2,9,2475,B6,LAX,4,144,183,0,0,23,133,178,0,0,28
-7,11,15,2,11,2475,B6,LAX,4,144,183,0,0,23,133,178,0,0,28
124,11,15,2,19,2475,DL,LAX,4,144,183,0,0,23,133,178,0,0,28
-4,11,15,2,21,2475,DL,LAX,4,144,183,0,0,23,133,178,0,0,28
-7,11,15,2,15,2475,DL,LAX,4,144,183,0,0,23,133,178,0,0,28
-7,11,15,2,12,2475,DL,LAX,4,144,183,0,0,23,133,178,0,0,28
-2,11,15,2,9,2475,DL,LAX,4,144,183,0,0,23,133,178,0,0,28
-6,11,15,2,17,2475,DL,LAX,4,144,183,0,0,23,133,178,0,0,28
-6,11,15,2,7,2475,DL,LAX,4,144,183,0,0,23,133,178,0,0,28
-4,11,15,2,6,2475,UA,LAX,4,144,183,0,0,23,133,178,0,0,28
-4,11,15,2,17,2475,UA,LAX,4,144,183,0,0,23,133,178,0,0,28
-4,11,15,2,8,2475,UA,LAX,4,144,183,0,0,23,133,178,0,0,28
-4,11,15,2,15,2475,UA,LAX,4,144,183,0,0,23,133,178,0,0,28
-10,11,15,2,11,2475,UA,LAX,4,144,183,0,0,23,133,178,0,0,28
-3,11,15,2,20,2475,UA,LAX,4,144,183,0,0,23,133,178,0,0,28
0,11,22,2,15,2475,UA,LAX,0,61,100,295,0,34,72,183,0,0,19
-5,11,22,2,11,2475,UA,LAX,0,61,100,295,0,34,72,183,0,0,19
13,11,22,2,20,2475,UA,LAX,0,61,100,295,0,34,72,183,0,0,19
-3,11,22,2,8,2475,UA,LAX,0,61,100,295,0,34,72,183,0,0,19
2,11,22,2,17,2475,UA,LAX,0,61,100,295,0,34,72,183,0,0,19
-5,11,22,2,15,2475,AA,LAX,0,61,100,295,0,34,72,183,0,0,19
-7,11,22,2,9,2475,AA,LAX,0,61,100,295,0,34,72,183,0,0,19
-4,11,22,2,21,2475,AA,LAX,0,61,100,295,0,34,72,183,0,0,19
-4,11,22,2,19,2475,AA,LAX,0,61,100,295,0,34,72,183,0,0,19
-2,11,22,2,13,2475,AA,LAX,0,61,100,295,0,34,72,183,0,0,19
-6,11,22,2,10,2475,AA,LAX,0,61,100,295,0,34,72,183,0,0,19
-13,11,22,2,12,2475,AA,LAX,0,61,100,295,0,34,72,183,0,0,19
-6,11,22,2,7,2475,AA,LAX,0,61,100,295,0,34,72,183,0,0,19
13,11,22,2,16,2475,AA,LAX,0,61,100,295,0,34,72,183,0,0,19
-8,11,22,2,11,2475,B6,LAX,0,61,100,295,0,34,72,183,0,0,19
4,11,22,2,16,2475,B6,LAX,0,61,100,295,0,34,72,183,0,0,19
3,11,22,2,20,2475,B6,LAX,0,61,100,295,0,34,72,183,0,0,19
-1,11,22,2,9,2475,B6,LAX,0,61,100,295,0,34,72,183,0,0,19
-2,11,22,2,19,2475,DL,LAX,0,61,100,295,0,34,72,183,0,0,19
35,11,22,2,21,2475,DL,LAX,0,61,100,295,0,34,72,183,0,0,19
-1,11,22,2,15,2475,DL,LAX,0,61,100,295,0,34,72,183,0,0,19
-5,11,22,2,12,2475,DL,LAX,0,61,100,295,0,34,72,183,0,0,19
-6,11,22,2,9,2475,DL,LAX,0,61,100,295,0,34,72,183,0,0,19
-4,11,22,2,17,2475,DL,LAX,0,61,100,295,0,34,72,183,0,0,19
-6,11,22,2,7,2475,DL,LAX,0,61,100,295,0,34,72,183,0,0,19
-4,11,22,2,7,2475,B6,LAX,0,61,100,295,0,34,72,183,0,0,19
26,12,27,2,17,2475,UA,LAX,2,33,139,259,0,36,67,194,0,0,17
-3,12,27,2,8,2475,UA,LAX,2,33,139,259,0,36,67,194,0,0,17
-1,12,27,2,15,2475,UA,LAX,2,33,139,259,0,36,67,194,0,0,17
-2,12,27,2,6,2475,UA,LAX,2,33,139,259,0,36,67,194,0,0,17
-4,12,27,2,11,2475,UA,LAX,2,33,139,259,0,36,67,194,0,0,17
-4,12,27,2,15,2475,DL,LAX,2,33,139,259,0,36,67,194,0,0,17
1,12,27,2,19,2475,AA,LAX,2,33,139,259,0,36,67,194,0,0,17
-1,12,27,2,7,2475,AA,LAX,2,33,139,259,0,36,67,194,0,0,17
-1,12,27,2,9,2475,AA,LAX,2,33,139,259,0,36,67,194,0,0,17
-7,12,27,2,12,2475,DL,LAX,2,33,139,259,0,36,67,194,0,0,17
-5,12,27,2,13,2475,AA,LAX,2,33,139,259,0,36,67,194,0,0,17
-6,12,27,2,6,2475,AA,LAX,2,33,139,259,0,36,67,194,0,0,17
-5,12,27,2,15,2475,AA,LAX,2,33,139,259,0,36,67,194,0,0,17
-6,12,27,2,19,2475,DL,LAX,2,33,139,259,0,36,67,194,0,0,17
98,12,27,2,21,2475,DL,LAX,2,33,139,259,0,36,67,194,0,0,17
32,12,27,2,16,2475,AA,LAX,2,33,139,259,0,36,67,194,0,0,17
-11,12,27,2,7,2475,DL,LAX,2,33,139,259,0,36,67,194,0,0,17
-5,12,27,2,17,2475,DL,LAX,2,33,139,259,0,36,67,194,0,0,17
-8,12,27,2,9,2475,DL,LAX,2,33,139,259,0,36,67,194,0,0,17
-6,12,27,2,10,2475,AA,LAX,2,33,139,259,0,36,67,194,0,0,17
-4,12,27,2,12,2475,AA,LAX,2,33,139,259,0,36,67,194,0,0,17
168,12,27,2,20,2475,B6,LAX,2,33,139,259,0,36,67,194,0,0,17
29,12,27,2,16,2475,B6,LAX,2,33,139,259,0,36,67,194,0,0,17
-2,12,27,2,11,2475,B6,LAX,2,33,139,259,0,36,67,194,0,0,17
-3,12,27,2,7,2475,B6,LAX,2,33,139,259,0,36,67,194,0,0,17
