-6,10,5,3,11,2475,UA,LAX,3,117,217,0,0,33,139,178,155,0,51
-6,10,5,3,20,2475,UA,LAX,3,117,217,0,0,33,139,178,155,0,51
-5,10,5,3,6,2475,UA,LAX,3,117,217,0,0,33,139,178,155,0,51
-2,10,5,3,8,2475,UA,LAX,3,117,217,0,0,33,139,178,155,0,51
-3,10,5,3,15,2475,UA,LAX,3,117,217,0,0,33,139,178,155,0,51
2,10,5,3,17,2475,UA,LAX,3,117,217,0,0,33,139,178,155,0,51
-5,10,5,3,7,2475,DL,LAX,3,117,217,0,0,33,139,178,155,0,51
66,10,5,3,21,2475,AA,LAX,3,117,217,0,0,33,139,178,155,0,51
121,10,5,3,16,2475,AA,LAX,3,117,217,0,0,33,139,178,155,0,51
-9,10,5,3,9,2475,AA,LAX,3,117,217,0,0,33,139,178,155,0,51
-1,10,5,3,12,2475,DL,LAX,3,117,217,0,0,33,139,178,155,0,51
-7,10,5,3,20,2475,B6,LAX,3,117,217,0,0,33,139,178,155,0,51
-5,10,5,3,7,2475,AA,LAX,3,117,217,0,0,33,139,178,155,0,51
-4,10,5,3,12,2475,AA,LAX,3,117,217,0,0,33,139,178,155,0,51
-5,10,5,3,15,2475,DL,LAX,3,117,217,0,0,33,139,178,155,0,51
-1,10,5,3,21,2475,DL,LAX,3,117,217,0,0,33,139,178,155,0,51
-6,10,5,3,6,2475,B6,LAX,3,117,217,0,0,33,139,178,155,0,51
-3,10,5,3,19,2475,DL,LAX,3,117,217,0,0,33,139,178,155,0,51
-2,10,5,3,17,2475,DL,LAX,3,117,217,0,0,33,139,178,155,0,51
-5,10,5,3,9,2475,B6,LAX,3,117,217,0,0,33,139,178,155,0,51
1,10,5,3,13,2475,AA,LAX,3,117,217,0,0,33,139,178,155,0,51
21,10,5,3,19,2475,AA,LAX,3,117,217,0,0,33,139,178,155,0,51
-2,10,5,3,7,2475,AA,LAX,3,117,217,0,0,33,139,178,155,0,51
58,10,5,3,15,2475,AA,LAX,3,117,217,0,0,33,139,178,155,0,51
-2,10,5,3,16,2475,B6,LAX,3,117,217,0,0,33,139,178,155,0,51
-3,10,5,3,9,2475,DL,LAX,3,117,217,0,0,33,139,178,155,0,51
-1,10,5,3,11,2475,B6,LAX,3,117,217,0,0,33,139,178,155,0,51
-3,10,5,3,10,2475,AA,LAX,3,117,217,0,0,33,139,178,155,0,51
-10,10,12,3,7,2475,AA,LAX,4,144,172,114,0,45,178,300,0,0,20
-3,10,12,3,17,2475,DL,LAX,4,144,172,114,0,45,178,300,0,0,20
-1,10,12,3,20,2475,B6,LAX,4,144,172,114,0,45,178,300,0,0,20
-2,10,12,3,21,2475,AA,LAX,4,144,172,114,0,45,178,300,0,0,20
-5,10,12,3,16,2475,B6,LAX,4,144,172,114,0,45,178,300,0,0,20
0,10,12,3,19,2475,AA,LAX,4,144,172,114,0,45,178,300,0,0,20
-6,10,12,3,11,2475,B6,LAX,4,144,172,114,0,45,178,300,0,0,20
-2,10,12,3,6,2475,B6,LAX,4,144,172,114,0,45,178,300,0,0,20
4,10,12,3,9,2475,DL,LAX,4,144,172,114,0,45,178,300,0,0,20
-3,10,12,3,9,2475,AA,LAX,4,144,172,114,0,45,178,300,0,0,20
-1,10,12,3,15,2475,AA,LAX,4,144,172,114,0,45,178,300,0,0,20
-6,10,12,3,13,2475,AA,LAX,4,144,172,114,0,45,178,300,0,0,20
3,10,12,3,16,2475,AA,LAX,4,144,172,114,0,45,178,300,0,0,20
-4,10,12,3,12,2475,DL,LAX,4,144,172,114,0,45,178,300,0,0,20
-1,10,12,3,21,2475,DL,LAX,4,144,172,114,0,45,178,300,0,0,20
1,10,12,3,19,2475,DL,LAX,4,144,172,114,0,45,178,300,0,0,20
-2,10,12,3,7,2475,DL,LAX,4,144,172,114,0,45,178,300,0,0,20
-6,10,12,3,10,2475,AA,LAX,4,144,172,114,0,45,178,300,0,0,20
-6,10,12,3,7,2475,AA,LAX,4,144,172,114,0,45,178,300,0,0,20
-7,10,12,3,9,2475,B6,LAX,4,144,172,114,0,45,178,300,0,0,20
-7,10,12,3,12,2475,AA,LAX,4,144,172,114,0,45,178,300,0,0,20
-2,10,12,3,6,2475,UA,LAX,4,144,172,114,0,45,178,300,0,0,20
-3,10,12,3,11,2475,UA,LAX,4,144,172,114,0,45,178,300,0,0,20
-2,10,12,3,17,2475,UA,LAX,4,144,172,114,0,45,178,300,0,0,20
-2,10,12,3,8,2475,UA,LAX,4,144,172,114,0,45,178,300,0,0,20
-1,10,12,3,20,2475,UA,LAX,4,144,172,114,0,45,178,300,0,0,20
-3,10,12,3,15,2475,UA,LAX,4,144,172,114,0,45,178,300,0,0,20
1,11,17,4,6,2475,UA,LAX,5,44,117,18,0,30,117,194,0,0,13
-5,11,17,4,20,2475,UA,LAX,5,44,117,18,0,30,117,194,0,0,13
-3,11,17,4,17,2475,UA,LAX,5,44,117,18,0,30,117,194,0,0,13
-6,11,17,4,11,2475,UA,LAX,5,44,117,18,0,30,117,194,0,0,13
-2,11,17,4,8,2475,UA,LAX,5,44,117,18,0,30,117,194,0,0,13
4,11,17,4,15,2475,UA,LAX,5,44,117,18,0,30,117,194,0,0,13
-5,11,17,4,15,2475,DL,LAX,5,44,117,18,0,30,117,194,0,0,13
-3,11,17,4,21,2475,DL,LAX,5,44,117,18,0,30,117,194,0,0,13
-5,11,17,4,19,2475,DL,LAX,5,44,117,18,0,30,117,194,0,0,13
-5,11,17,4,7,2475,DL,LAX,5,44,117,18,0,30,117,194,0,0,13
0,11,17,4,17,2475,DL,LAX,5,44,117,18,0,30,117,194,0,0,13
-5,11,17,4,7,2475,B6,LAX,5,44,117,18,0,30,117,194,0,0,13
1,11,17,4,11,2475,B6,LAX,5,44,117,18,0,30,117,194,0,0,13
-2,11,17,4,16,2475,B6,LAX,5,44,117,18,0,30,117,194,0,0,13
7,11,17,4,20,2475,B6,LAX,5,44,117,18,0,30,117,194,0,0,13
-4,11,17,4,9,2475,B6,LAX,5,44,117,18,0,30,117,194,0,0,13
-3,11,17,4,9,2475,DL,LAX,5,44,117,18,0,30,117,194,0,0,13
-4,11,17,4,7,2475,DL,LAX,5,44,117,18,0,30,117,194,0,0,13
-5,11,17,4,12,2475,DL,LAX,5,44,117,18,0,30,117,194,0,0,13
-2,11,17,4,13,2475,AA,LAX,5,44,117,18,0,30,117,194,0,0,13
9,11,17,4,16,2475,AA,LAX,5,44,117,18,0,30,117,194,0,0,13
-2,11,17,4,7,2475,AA,LAX,5,44,117,18,0,30,117,194,0,0,13
-7,11,17,4,10,2475,AA,LAX,5,44,117,18,0,30,117,194,0,0,13
0,11,17,4,15,2475,AA,LAX,5,44,117,18,0,30,117,194,0,0,13
0,11,17,4,9,2475,AA,LAX,5,44,117,18,0,30,117,194,0,0,13
-1,11,17,4,12,2475,AA,LAX,5,44,117,18,0,30,117,194,0,0,13
44,11,17,4,19,2475,AA,LAX,5,44,117,18,0,30,117,194,0,0,13
-5,11,17,4,21,2475,AA,LAX,5,44,117,18,0,30,117,194,0,0,13
-1,12,1,4,19,2475,DL,LAX,9,28,100,0,0,34,111,194,0,0,47
-6,12,1,4,12,2475,AA,LAX,9,28,100,0,0,34,111,194,0,0,47
-4,12,1,4,9,2475,B6,LAX,9,28,100,0,0,34,111,194,0,0,47
-5,12,1,4,10,2475,AA,LAX,9,28,100,0,0,34,111,194,0,0,47
-4,12,1,4,19,2475,AA,LAX,9,28,100,0,0,34,111,194,0,0,47
15,12,1,4,20,2475,B6,LAX,9,28,100,0,0,34,111,194,0,0,47
6,12,1,4,16,2475,B6,LAX,9,28,100,0,0,34,111,194,0,0,47
15,12,1,4,11,2475,B6,LAX,9,28,100,0,0,34,111,194,0,0,47
2,12,1,4,7,2475,AA,LAX,9,28,100,0,0,34,111,194,0,0,47
-1,12,1,4,7,2475,B6,LAX,9,28,100,0,0,34,111,194,0,0,47
-4,12,1,4,13,2475,AA,LAX,9,28,100,0,0,34,111,194,0,0,47
-4,12,1,4,15,2475,AA,LAX,9,28,100,0,0,34,111,194,0,0,47
-6,12,1,4,9,2475,AA,LAX,9,28,100,0,0,34,111,194,0,0,47
-4,12,1,4,16,2475,AA,LAX,9,28,100,0,0,34,111,194,0,0,47
-1,12,1,4,7,2475,DL,LAX,9,28,100,0,0,34,111,194,0,0,47
-1,12,1,4,17,2475,DL,LAX,9,28,100,0,0,34,111,194,0,0,47
-7,12,1,4,21,2475,AA,LAX,9,28,100,0,0,34,111,194,0,0,47
-4,12,1,4,9,2475,DL,LAX,9,28,100,0,0,34,111,194,0,0,47
-4,12,1,4,7,2475,DL,LAX,9,28,100,0,0,34,111,194,0,0,47
-3,12,1,4,12,2475,DL,LAX,9,28,100,0,0,34,111,194,0,0,47
5,12,1,4,15,2475,DL,LAX,9,28,100,0,0,34,111,194,0,0,47
-5,12,1,4,21,2475,DL,LAX,9,28,100,0,0,34,111,194,0,0,47
0,12,1,4,11,2475,UA,LAX,9,28,100,0,0,34,111,194,0,0,47
-2,12,1,4,6,2475,UA,LAX,9,28,100,0,0,34,111,194,0,0,47
53,12,1,4,15,2475,UA,LAX,9,28,100,0,0,34,111,194,0,0,47
-1,12,1,4,20,2475,UA,LAX,9,28,100,0,0,34,111,194,0,0,47
-7,12,1,4,8,2475,UA,LAX,9,28,100,0,0,34,111,194,0,0,47
26,12,29,4,15,2475,UA,LAX,3,-44,33,0,0,31,94,206,0,0,15
-6,12,29,4,11,2475,UA,LAX,3,-44,33,0,0,31,94,206,0,0,15
22,12,29,4,17,2475,UA,LAX,3,-44,33,0,0,31,94,206,0,0,15
2,12,29,4,8,2475,UA,LAX,3,-44,33,0,0,31,94,206,0,0,15
0,12,29,4,6,2475,UA,LAX,3,-44,33,0,0,31,94,206,0,0,15
-10,12,29,4,6,2475,AA,LAX,3,-44,33,0,0,31,94,206,0,0,15
-4,12,29,4,15,2475,AA,LAX,3,-44,33,0,0,31,94,206,0,0,15
-7,12,29,4,7,2475,DL,LAX,3,-44,33,0,0,31,94,206,0,0,15
-3,12,29,4,17,2475,DL,LAX,3,-44,33,0,0,31,94,206,0,0,15
4,12,29,4,19,2475,AA,LAX,3,-44,33,0,0,31,94,206,0,0,15
1,12,29,4,15,2475,DL,LAX,3,-44,33,0,0,31,94,206,0,0,15
-6,12,29,4,12,2475,AA,LAX,3,-44,33,0,0,31,94,206,0,0,15
-7,12,29,4,7,2475,AA,LAX,3,-44,33,0,0,31,94,206,0,0,15
-4,12,29,4,21,2475,DL,LAX,3,-44,33,0,0,31,94,206,0,0,15
-4,12,29,4,13,2475,AA,LAX,3,-44,33,0,0,31,94,206,0,0,15
-4,12,29,4,19,2475,DL,LAX,3,-44,33,0,0,31,94,206,0,0,15
-5,12,29,4,12,2475,DL,LAX,3,-44,33,0,0,31,94,206,0,0,15
-6,12,29,4,7,2475,DL,LAX,3,-44,33,0,0,31,94,206,0,0,15
-4,12,29,4,16,2475,AA,LAX,3,-44,33,0,0,31,94,206,0,0,15
-8,12,29,4,9,2475,AA,LAX,3,-44,33,0,0,31,94,206,0,0,15
-6,12,29,4,9,2475,DL,LAX,3,-44,33,0,0,31,94,206,0,0,15
-4,12,29,4,10,2475,AA,LAX,3,-44,33,0,0,31,94,206,0,0,15
21,12,29,4,7,2475,B6,LAX,3,-44,33,0,0,31,94,206,0,0,15
-2,12,29,4,11,2475,B6,LAX,3,-44,33,0,0,31,94,206,0,0,15
7,12,29,4,16,2475,B6,LAX,3,-44,33,0,0,31,94,206,0,0,15
-4,12,29,4,20,2475,B6,LAX,3,-44,33,0,0,31,94,206,0,0,15
