-5,10,18,2,17,2475,DL,LAX,10,122,200,3,0,16,150,172,0,0,29
-3,10,18,2,9,2475,DL,LAX,10,122,200,3,0,16,150,172,0,0,29
-6,10,18,2,7,2475,DL,LAX,10,122,200,3,0,16,150,172,0,0,29
-7,10,18,2,12,2475,DL,LAX,10,122,200,3,0,16,150,172,0,0,29
-2,10,18,2,15,2475,DL,LAX,10,122,200,3,0,16,150,172,0,0,29
-3,10,18,2,21,2475,DL,LAX,10,122,200,3,0,16,150,172,0,0,29
-3,10,18,2,19,2475,DL,LAX,10,122,200,3,0,16,150,172,0,0,29
-2,10,18,2,20,2475,B6,LAX,10,122,200,3,0,16,150,172,0,0,29
-6,10,18,2,16,2475,B6,LAX,10,122,200,3,0,16,150,172,0,0,29
-6,10,18,2,11,2475,B6,LAX,10,122,200,3,0,16,150,172,0,0,29
-7,10,18,2,6,2475,B6,LAX,10,122,200,3,0,16,150,172,0,0,29
-2,10,18,2,9,2475,B6,LAX,10,122,200,3,0,16,150,172,0,0,29
-4,10,18,2,7,2475,AA,LAX,10,122,200,3,0,16,150,172,0,0,29
-2,10,18,2,10,2475,AA,LAX,10,122,200,3,0,16,150,172,0,0,29
-7,10,18,2,7,2475,AA,LAX,10,122,200,3,0,16,150,172,0,0,29
-4,10,18,2,12,2475,AA,LAX,10,122,200,3,0,16,150,172,0,0,29
27,10,18,2,21,2475,AA,LAX,10,122,200,3,0,16,150,172,0,0,29
-3,10,18,2,16,2475,AA,LAX,10,122,200,3,0,16,150,172,0,0,29
-9,10,18,2,9,2475,AA,LAX,10,122,200,3,0,16,150,172,0,0,29
3,10,18,2,15,2475,AA,LAX,10,122,200,3,0,16,150,172,0,0,29
1,10,18,2,13,2475,AA,LAX,10,122,200,3,0,16,150,172,0,0,29
73,10,18,2,19,2475,AA,LAX,10,122,200,3,0,16,150,172,0,0,29
47,10,18,2,20,2475,UA,LAX,10,122,200,3,0,16,150,172,0,0,29
-2,10,18,2,8,2475,UA,LAX,10,122,200,3,0,16,150,172,0,0,29
0,10,18,2,11,2475,UA,LAX,10,122,200,3,0,16,150,172,0,0,29
2,10,18,2,6,2475,UA,LAX,10,122,200,3,0,16,150,172,0,0,29
-1,10,18,2,15,2475,UA,LAX,10,122,200,3,0,16,150,172,0,0,29
27,10,25,2,15,2475,UA,LAX,17,100,167,0,0,29,156,178,0,0,24
-5,10,25,2,17,2475,UA,LAX,17,100,167,0,0,29,156,178,0,0,24
-3,10,25,2,20,2475,UA,LAX,17,100,167,0,0,29,156,178,0,0,24
-1,10,25,2,6,2475,UA,LAX,17,100,167,0,0,29,156,178,0,0,24
-6,10,25,2,8,2475,UA,LAX,17,100,167,0,0,29,156,178,0,0,24
-4,10,25,2,11,2475,UA,LAX,17,100,167,0,0,29,156,178,0,0,24
-4,10,25,2,21,2475,DL,LAX,17,100,167,0,0,29,156,178,0,0,24
-7,10,25,2,21,2475,AA,LAX,17,100,167,0,0,29,156,178,0,0,24
-4,10,25,2,20,2475,B6,LAX,17,100,167,0,0,29,156,178,0,0,24
-2,10,25,2,15,2475,AA,LAX,17,100,167,0,0,29,156,178,0,0,24
-3,10,25,2,7,2475,DL,LAX,17,100,167,0,0,29,156,178,0,0,24
11,10,25,2,16,2475,B6,LAX,17,100,167,0,0,29,156,178,0,0,24
-6,10,25,2,11,2475,B6,LAX,17,100,167,0,0,29,156,178,0,0,24
-3,10,25,2,9,2475,DL,LAX,17,100,167,0,0,29,156,178,0,0,24
-5,10,25,2,17,2475,DL,LAX,17,100,167,0,0,29,156,178,0,0,24
-9,10,25,2,10,2475,AA,LAX,17,100,167,0,0,29,156,178,0,0,24
-7,10,25,2,7,2475,AA,LAX,17,100,167,0,0,29,156,178,0,0,24
1,10,25,2,6,2475,B6,LAX,17,100,167,0,0,29,156,178,0,0,24
-3,10,25,2,13,2475,AA,LAX,17,100,167,0,0,29,156,178,0,0,24
-6,10,25,2,9,2475,B6,LAX,17,100,167,0,0,29,156,178,0,0,24
-2,10,25,2,9,2475,AA,LAX,17,100,167,0,0,29,156,178,0,0,24
-2,10,25,2,7,2475,AA,LAX,17,100,167,0,0,29,156,178,0,0,24
1,10,25,2,16,2475,AA,LAX,17,100,167,0,0,29,156,178,0,0,24
-3,10,25,2,12,2475,AA,LAX,17,100,167,0,0,29,156,178,0,0,24
-5,10,25,2,19,2475,AA,LAX,17,100,167,0,0,29,156,178,0,0,24
-4,10,25,2,12,2475,DL,LAX,17,100,167,0,0,29,156,178,0,0,24
-5,10,25,2,15,2475,DL,LAX,17,100,167,0,0,29,156,178,0,0,24
-3,10,25,2,19,2475,DL,LAX,17,100,167,0,0,29,156,178,0,0,24
3,11,2,3,6,2475,UA,LAX,9,56,139,0,0,9,117,289,0,0,23
0,11,2,3,20,2475,UA,LAX,9,56,139,0,0,9,117,289,0,0,23
-4,11,2,3,11,2475,UA,LAX,9,56,139,0,0,9,117,289,0,0,23
-5,11,2,3,15,2475,UA,LAX,9,56,139,0,0,9,117,289,0,0,23
-5,11,2,3,8,2475,UA,LAX,9,56,139,0,0,9,117,289,0,0,23
-5,11,2,3,17,2475,UA,LAX,9,56,139,0,0,9,117,289,0,0,23
14,11,2,3,13,2475,AA,LAX,9,56,139,0,0,9,117,289,0,0,23
-5,11,2,3,9,2475,AA,LAX,9,56,139,0,0,9,117,289,0,0,23
-2,11,2,3,10,2475,AA,LAX,9,56,139,0,0,9,117,289,0,0,23
-3,11,2,3,19,2475,AA,LAX,9,56,139,0,0,9,117,289,0,0,23
2,11,2,3,16,2475,AA,LAX,9,56,139,0,0,9,117,289,0,0,23
-4,11,2,3,12,2475,AA,LAX,9,56,139,0,0,9,117,289,0,0,23
1,11,2,3,15,2475,AA,LAX,9,56,139,0,0,9,117,289,0,0,23
-2,11,2,3,7,2475,AA,LAX,9,56,139,0,0,9,117,289,0,0,23
18,11,2,3,21,2475,AA,LAX,9,56,139,0,0,9,117,289,0,0,23
-3,11,2,3,21,2475,DL,LAX,9,56,139,0,0,9,117,289,0,0,23
0,11,2,3,19,2475,DL,LAX,9,56,139,0,0,9,117,289,0,0,23
-4,11,2,3,7,2475,B6,LAX,9,56,139,0,0,9,117,289,0,0,23
-1,11,2,3,11,2475,B6,LAX,9,56,139,0,0,9,117,289,0,0,23
-6,11,2,3,16,2475,B6,LAX,9,56,139,0,0,9,117,289,0,0,23
-6,11,2,3,20,2475,B6,LAX,9,56,139,0,0,9,117,289,0,0,23
1,11,2,3,9,2475,B6,LAX,9,56,139,0,0,9,117,289,0,0,23
-4,11,2,3,9,2475,DL,LAX,9,56,139,0,0,9,117,289,0,0,23
-2,11,2,3,7,2475,DL,LAX,9,56,139,0,0,9,117,289,0,0,23
-6,11,2,3,12,2475,DL,LAX,9,56,139,0,0,9,117,289,0,0,23
-3,11,2,3,15,2475,DL,LAX,9,56,139,0,0,9,117,289,0,0,23
-3,11,2,3,17,2475,DL,LAX,9,56,139,0,0,9,117,289,0,0,23
-2,12,7,3,15,2475,UA,LAX,15,56,167,427,0,20,67,178,0,0,22
3,12,7,3,11,2475,UA,LAX,15,56,167,427,0,20,67,178,0,0,22
-2,12,7,3,20,2475,UA,LAX,15,56,167,427,0,20,67,178,0,0,22
22,12,7,3,6,2475,UA,LAX,15,56,167,427,0,20,67,178,0,0,22
18,12,7,3,17,2475,UA,LAX,15,56,167,427,0,20,67,178,0,0,22
-7,12,7,3,8,2475,UA,LAX,15,56,167,427,0,20,67,178,0,0,22
1,12,7,3,7,2475,AA,LAX,15,56,167,427,0,20,67,178,0,0,22
4,12,7,3,9,2475,DL,LAX,15,56,167,427,0,20,67,178,0,0,22
-5,12,7,3,16,2475,B6,LAX,15,56,167,427,0,20,67,178,0,0,22
-6,12,7,3,12,2475,DL,LAX,15,56,167,427,0,20,67,178,0,0,22
-2,12,7,3,15,2475,DL,LAX,15,56,167,427,0,20,67,178,0,0,22
-1,12,7,3,21,2475,DL,LAX,15,56,167,427,0,20,67,178,0,0,22
137,12,7,3,19,2475,AA,LAX,15,56,167,427,0,20,67,178,0,0,22
-6,12,7,3,20,2475,B6,LAX,15,56,167,427,0,20,67,178,0,0,22
25,12,7,3,16,2475,AA,LAX,15,56,167,427,0,20,67,178,0,0,22
-3,12,7,3,19,2475,DL,LAX,15,56,167,427,0,20,67,178,0,0,22
76,12,7,3,15,2475,AA,LAX,15,56,167,427,0,20,67,178,0,0,22
0,12,7,3,17,2475,DL,LAX,15,56,167,427,0,20,67,178,0,0,22
24,12,7,3,9,2475,B6,LAX,15,56,167,427,0,20,67,178,0,0,22
0,12,7,3,21,2475,AA,LAX,15,56,167,427,0,20,67,178,0,0,22
-1,12,7,3,10,2475,AA,LAX,15,56,167,427,0,20,67,178,0,0,22
-4,12,7,3,9,2475,AA,LAX,15,56,167,427,0,20,67,178,0,0,22
-9,12,7,3,12,2475,AA,LAX,15,56,167,427,0,20,67,178,0,0,22
-6,12,7,3,7,2475,B6,LAX,15,56,167,427,0,20,67,178,0,0,22
-6,12,7,3,11,2475,B6,LAX,15,56,167,427,0,20,67,178,0,0,22
-5,12,14,3,15,2475,DL,LAX,11,22,100,0,0,16,78,156,0,0,22
-6,12,14,3,21,2475,DL,LAX,11,22,100,0,0,16,78,156,0,0,22
9,12,14,3,9,2475,B6,LAX,11,22,100,0,0,16,78,156,0,0,22
-4,12,14,3,15,2475,AA,LAX,11,22,100,0,0,16,78,156,0,0,22
-1,12,14,3,7,2475,AA,LAX,11,22,100,0,0,16,78,156,0,0,22
-4,12,14,3,7,2475,B6,LAX,11,22,100,0,0,16,78,156,0,0,22
-6,12,14,3,12,2475,DL,LAX,11,22,100,0,0,16,78,156,0,0,22
-2,12,14,3,11,2475,B6,LAX,11,22,100,0,0,16,78,156,0,0,22
-4,12,14,3,10,2475,AA,LAX,11,22,100,0,0,16,78,156,0,0,22
8,12,14,3,20,2475,B6,LAX,11,22,100,0,0,16,78,156,0,0,22
-3,12,14,3,9,2475,AA,LAX,11,22,100,0,0,16,78,156,0,0,22
-1,12,14,3,19,2475,AA,LAX,11,22,100,0,0,16,78,156,0,0,22
-5,12,14,3,17,2475,DL,LAX,11,22,100,0,0,16,78,156,0,0,22
3,12,14,3,21,2475,AA,LAX,11,22,100,0,0,16,78,156,0,0,22
-1,12,14,3,9,2475,DL,LAX,11,22,100,0,0,16,78,156,0,0,22
25,12,14,3,16,2475,B6,LAX,11,22,100,0,0,16,78,156,0,0,22
-1,12,14,3,19,2475,DL,LAX,11,22,100,0,0,16,78,156,0,0,22
-2,12,14,3,12,2475,AA,LAX,11,22,100,0,0,16,78,156,0,0,22
-2,12,14,3,16,2475,AA,LAX,11,22,100,0,0,16,78,156,0,0,22
-1,12,14,3,17,2475,UA,LAX,11,22,100,0,0,16,78,156,0,0,22
-5,12,14,3,8,2475,UA,LAX,11,22,100,0,0,16,78,156,0,0,22
0,12,14,3,11,2475,UA,LAX,11,22,100,0,0,16,78,156,0,0,22
0,12,14,3,20,2475,UA,LAX,11,22,100,0,0,16,78,156,0,0,22
-6,12,14,3,15,2475,UA,LAX,11,22,100,0,0,16,78,156,0,0,22
-2,12,14,3,6,2475,UA,LAX,11,22,100,0,0,16,78,156,0,0,22
0,12,21,3,8,2475,UA,LAX,4,56,167,28,0,27,72,172,0,0,18
-4,12,21,3,6,2475,UA,LAX,4,56,167,28,0,27,72,172,0,0,18
-2,12,21,3,11,2475,UA,LAX,4,56,167,28,0,27,72,172,0,0,18
2,12,21,3,15,2475,UA,LAX,4,56,167,28,0,27,72,172,0,0,18
29,12,21,3,17,2475,UA,LAX,4,56,167,28,0,27,72,172,0,0,18
-2,12,21,3,16,2475,B6,LAX,4,56,167,28,0,27,72,172,0,0,18
-4,12,21,3,13,2475,AA,LAX,4,56,167,28,0,27,72,172,0,0,18
-4,12,21,3,7,2475,AA,LAX,4,56,167,28,0,27,72,172,0,0,18
-2,12,21,3,9,2475,AA,LAX,4,56,167,28,0,27,72,172,0,0,18
7,12,21,3,6,2475,AA,LAX,4,56,167,28,0,27,72,172,0,0,18
15,12,21,3,20,2475,B6,LAX,4,56,167,28,0,27,72,172,0,0,18
-5,12,21,3,12,2475,AA,LAX,4,56,167,28,0,27,72,172,0,0,18
7,12,21,3,19,2475,DL,LAX,4,56,167,28,0,27,72,172,0,0,18
19,12,21,3,21,2475,DL,LAX,4,56,167,28,0,27,72,172,0,0,18
-1,12,21,3,15,2475,DL,LAX,4,56,167,28,0,27,72,172,0,0,18
-5,12,21,3,12,2475,DL,LAX,4,56,167,28,0,27,72,172,0,0,18
-8,12,21,3,10,2475,AA,LAX,4,56,167,28,0,27,72,172,0,0,18
-5,12,21,3,9,2475,DL,LAX,4,56,167,28,0,27,72,172,0,0,18
-3,12,21,3,17,2475,DL,LAX,4,56,167,28,0,27,72,172,0,0,18
15,12,21,3,16,2475,AA,LAX,4,56,167,28,0,27,72,172,0,0,18
4,12,21,3,11,2475,B6,LAX,4,56,167,28,0,27,72,172,0,0,18
2,12,21,3,19,2475,AA,LAX,4,56,167,28,0,27,72,172,0,0,18
-1,12,21,3,15,2475,AA,LAX,4,56,167,28,0,27,72,172,0,0,18
-2,12,21,3,7,2475,B6,LAX,4,56,167,28,0,27,72,172,0,0,18
