62,10,4,2,15,2475,UA,LAX,4,94,172,0,0,21,156,206,5,0,37
34,10,4,2,20,2475,UA,LAX,4,94,172,0,0,21,156,206,5,0,37
-4,10,4,2,11,2475,UA,LAX,4,94,172,0,0,21,156,206,5,0,37
-7,10,4,2,8,2475,UA,LAX,4,94,172,0,0,21,156,206,5,0,37
25,10,4,2,17,2475,UA,LAX,4,94,172,0,0,21,156,206,5,0,37
2,10,4,2,6,2475,UA,LAX,4,94,172,0,0,21,156,206,5,0,37
-2,10,4,2,7,2475,DL,LAX,4,94,172,0,0,21,156,206,5,0,37
11,10,4,2,17,2475,DL,LAX,4,94,172,0,0,21,156,206,5,0,37
0,10,4,2,7,2475,AA,LAX,4,94,172,0,0,21,156,206,5,0,37
-2,10,4,2,16,2475,B6,LAX,4,94,172,0,0,21,156,206,5,0,37
-4,10,4,2,20,2475,B6,LAX,4,94,172,0,0,21,156,206,5,0,37
-9,10,4,2,10,2475,AA,LAX,4,94,172,0,0,21,156,206,5,0,37
-3,10,4,2,9,2475,B6,LAX,4,94,172,0,0,21,156,206,5,0,37
-3,10,4,2,9,2475,AA,LAX,4,94,172,0,0,21,156,206,5,0,37
-2,10,4,2,6,2475,B6,LAX,4,94,172,0,0,21,156,206,5,0,37
0,10,4,2,15,2475,AA,LAX,4,94,172,0,0,21,156,206,5,0,37
-7,10,4,2,7,2475,AA,LAX,4,94,172,0,0,21,156,206,5,0,37
-3,10,4,2,13,2475,AA,LAX,4,94,172,0,0,21,156,206,5,0,37
-5,10,4,2,9,2475,DL,LAX,4,94,172,0,0,21,156,206,5,0,37
-5,10,4,2,12,2475,AA,LAX,4,94,172,0,0,21,156,206,5,0,37
1,10,4,2,21,2475,AA,LAX,4,94,172,0,0,21,156,206,5,0,37
-4,10,4,2,19,2475,AA,LAX,4,94,172,0,0,21,156,206,5,0,37
-1,10,4,2,19,2475,DL,LAX,4,94,172,0,0,21,156,206,5,0,37
-5,10,4,2,11,2475,B6,LAX,4,94,172,0,0,21,156,206,5,0,37
-2,10,4,2,16,2475,AA,LAX,4,94,172,0,0,21,156,206,5,0,37
4,10,4,2,21,2475,DL,LAX,4,94,172,0,0,21,156,206,5,0,37
0,10,4,2,15,2475,DL,LAX,4,94,172,0,0,21,156,206,5,0,37
-2,10,4,2,12,2475,DL,LAX,4,94,172,0,0,21,156,206,5,0,37
-7,10,11,2,9,2475,AA,LAX,3,167,228,0,0,28,144,239,0,0,23
1,10,11,2,16,2475,AA,LAX,3,167,228,0,0,28,144,239,0,0,23
9,10,11,2,19,2475,AA,LAX,3,167,228,0,0,28,144,239,0,0,23
-6,10,11,2,9,2475,B6,LAX,3,167,228,0,0,28,144,239,0,0,23
-8,10,11,2,12,2475,AA,LAX,3,167,228,0,0,28,144,239,0,0,23
-7,10,11,2,6,2475,B6,LAX,3,167,228,0,0,28,144,239,0,0,23
-4,10,11,2,13,2475,AA,LAX,3,167,228,0,0,28,144,239,0,0,23
-4,10,11,2,11,2475,B6,LAX,3,167,228,0,0,28,144,239,0,0,23
-6,10,11,2,16,2475,B6,LAX,3,167,228,0,0,28,144,239,0,0,23
-1,10,11,2,20,2475,B6,LAX,3,167,228,0,0,28,144,239,0,0,23
-5,10,11,2,21,2475,AA,LAX,3,167,228,0,0,28,144,239,0,0,23
-1,10,11,2,19,2475,DL,LAX,3,167,228,0,0,28,144,239,0,0,23
-5,10,11,2,15,2475,DL,LAX,3,167,228,0,0,28,144,239,0,0,23
-4,10,11,2,12,2475,DL,LAX,3,167,228,0,0,28,144,239,0,0,23
-3,10,11,2,7,2475,DL,LAX,3,167,228,0,0,28,144,239,0,0,23
131,10,11,2,15,2475,AA,LAX,3,167,228,0,0,28,144,239,0,0,23
-4,10,11,2,9,2475,DL,LAX,3,167,228,0,0,28,144,239,0,0,23
36,10,11,2,17,2475,DL,LAX,3,167,228,0,0,28,144,239,0,0,23
-5,10,11,2,21,2475,DL,LAX,3,167,228,0,0,28,144,239,0,0,23
-4,10,11,2,7,2475,AA,LAX,3,167,228,0,0,28,144,239,0,0,23
-4,10,11,2,10,2475,AA,LAX,3,167,228,0,0,28,144,239,0,0,23
18,10,11,2,7,2475,AA,LAX,3,167,228,0,0,28,144,239,0,0,23
-2,10,11,2,20,2475,UA,LAX,3,167,228,0,0,28,144,239,0,0,23
12,10,11,2,8,2475,UA,LAX,3,167,228,0,0,28,144,239,0,0,23
-4,10,11,2,17,2475,UA,LAX,3,167,228,0,0,28,144,239,0,0,23
-2,10,11,2,15,2475,UA,LAX,3,167,228,0,0,28,144,239,0,0,23
5,10,11,2,6,2475,UA,LAX,3,167,228,0,0,28,144,239,0,0,23
-4,10,11,2,11,2475,UA,LAX,3,167,228,0,0,28,144,239,0,0,23
8,11,9,3,21,2475,DL,LAX,2,106,183,0,0,16,89,256,0,0,25
19,11,9,3,7,2475,B6,LAX,2,106,183,0,0,16,89,256,0,0,25
-2,11,9,3,11,2475,B6,LAX,2,106,183,0,0,16,89,256,0,0,25
14,11,9,3,16,2475,B6,LAX,2,106,183,0,0,16,89,256,0,0,25
-5,11,9,3,20,2475,B6,LAX,2,106,183,0,0,16,89,256,0,0,25
-6,11,9,3,9,2475,B6,LAX,2,106,183,0,0,16,89,256,0,0,25
-3,11,9,3,19,2475,DL,LAX,2,106,183,0,0,16,89,256,0,0,25
-2,11,9,3,17,2475,DL,LAX,2,106,183,0,0,16,89,256,0,0,25
54,11,9,3,9,2475,DL,LAX,2,106,183,0,0,16,89,256,0,0,25
-5,11,9,3,12,2475,DL,LAX,2,106,183,0,0,16,89,256,0,0,25
-3,11,9,3,15,2475,DL,LAX,2,106,183,0,0,16,89,256,0,0,25
-5,11,9,3,8,2475,UA,LAX,2,106,183,0,0,16,89,256,0,0,25
-3,11,9,3,17,2475,UA,LAX,2,106,183,0,0,16,89,256,0,0,25
0,11,9,3,15,2475,UA,LAX,2,106,183,0,0,16,89,256,0,0,25
0,11,9,3,20,2475,UA,LAX,2,106,183,0,0,16,89,256,0,0,25
-7,11,9,3,11,2475,UA,LAX,2,106,183,0,0,16,89,256,0,0,25
0,11,9,3,6,2475,UA,LAX,2,106,183,0,0,16,89,256,0,0,25
11,11,9,3,19,2475,AA,LAX,2,106,183,0,0,16,89,256,0,0,25
522,11,9,3,13,2475,AA,LAX,2,106,183,0,0,16,89,256,0,0,25
-1,11,9,3,12,2475,AA,LAX,2,106,183,0,0,16,89,256,0,0,25
3,11,9,3,21,2475,AA,LAX,2,106,183,0,0,16,89,256,0,0,25
-3,11,9,3,7,2475,AA,LAX,2,106,183,0,0,16,89,256,0,0,25
33,11,9,3,15,2475,AA,LAX,2,106,183,0,0,16,89,256,0,0,25
-7,11,9,3,10,2475,AA,LAX,2,106,183,0,0,16,89,256,0,0,25
-2,11,9,3,9,2475,AA,LAX,2,106,183,0,0,16,89,256,0,0,25
66,11,9,3,16,2475,AA,LAX,2,106,183,0,0,16,89,256,0,0,25
-1,11,16,3,19,2475,AA,LAX,5,117,150,185,0,15,128,167,0,0,25
6,11,16,3,21,2475,AA,LAX,5,117,150,185,0,15,128,167,0,0,25
-4,11,16,3,16,2475,AA,LAX,5,117,150,185,0,15,128,167,0,0,25
130,11,16,3,15,2475,AA,LAX,5,117,150,185,0,15,128,167,0,0,25
-10,11,16,3,9,2475,AA,LAX,5,117,150,185,0,15,128,167,0,0,25
-2,11,16,3,13,2475,AA,LAX,5,117,150,185,0,15,128,167,0,0,25
-2,11,16,3,12,2475,AA,LAX,5,117,150,185,0,15,128,167,0,0,25
-2,11,16,3,7,2475,AA,LAX,5,117,150,185,0,15,128,167,0,0,25
-2,11,16,3,10,2475,AA,LAX,5,117,150,185,0,15,128,167,0,0,25
-2,11,16,3,8,2475,UA,LAX,5,117,150,185,0,15,128,167,0,0,25
-1,11,16,3,17,2475,UA,LAX,5,117,150,185,0,15,128,167,0,0,25
2,11,16,3,15,2475,UA,LAX,5,117,150,185,0,15,128,167,0,0,25
-1,11,16,3,20,2475,UA,LAX,5,117,150,185,0,15,128,167,0,0,25
-10,11,16,3,6,2475,UA,LAX,5,117,150,185,0,15,128,167,0,0,25
-3,11,16,3,11,2475,UA,LAX,5,117,150,185,0,15,128,167,0,0,25
-3,11,16,3,17,2475,DL,LAX,5,117,150,185,0,15,128,167,0,0,25
-6,11,16,3,9,2475,DL,LAX,5,117,150,185,0,15,128,167,0,0,25
-2,11,16,3,12,2475,DL,LAX,5,117,150,185,0,15,128,167,0,0,25
-6,11,16,3,9,2475,B6,LAX,5,117,150,185,0,15,128,167,0,0,25
-2,11,16,3,20,2475,B6,LAX,5,117,150,185,0,15,128,167,0,0,25
-3,11,16,3,16,2475,B6,LAX,5,117,150,185,0,15,128,167,0,0,25
-5,11,16,3,15,2475,DL,LAX,5,117,150,185,0,15,128,167,0,0,25
-3,11,16,3,21,2475,DL,LAX,5,117,150,185,0,15,128,167,0,0,25
-4,11,16,3,19,2475,DL,LAX,5,117,150,185,0,15,128,167,0,0,25
-4,11,16,3,7,2475,B6,LAX,5,117,150,185,0,15,128,167,0,0,25
0,11,16,3,11,2475,B6,LAX,5,117,150,185,0,15,128,167,0,0,25
0,11,23,3,19,2475,DL,LAX,1,39,117,117,0,31,89,183,0,0,25
27,11,23,3,9,2475,B6,LAX,1,39,117,117,0,31,89,183,0,0,25
-4,11,23,3,20,2475,B6,LAX,1,39,117,117,0,31,89,183,0,0,25
-6,11,23,3,16,2475,B6,LAX,1,39,117,117,0,31,89,183,0,0,25
-8,11,23,3,11,2475,B6,LAX,1,39,117,117,0,31,89,183,0,0,25
-4,11,23,3,7,2475,B6,LAX,1,39,117,117,0,31,89,183,0,0,25
1,11,23,3,17,2475,DL,LAX,1,39,117,117,0,31,89,183,0,0,25
23,11,23,3,9,2475,DL,LAX,1,39,117,117,0,31,89,183,0,0,25
-6,11,23,3,12,2475,DL,LAX,1,39,117,117,0,31,89,183,0,0,25
-5,11,23,3,15,2475,DL,LAX,1,39,117,117,0,31,89,183,0,0,25
-4,11,23,3,21,2475,DL,LAX,1,39,117,117,0,31,89,183,0,0,25
-3,11,23,3,17,2475,UA,LAX,1,39,117,117,0,31,89,183,0,0,25
-3,11,23,3,15,2475,UA,LAX,1,39,117,117,0,31,89,183,0,0,25
-4,11,23,3,11,2475,UA,LAX,1,39,117,117,0,31,89,183,0,0,25
-1,11,23,3,6,2475,UA,LAX,1,39,117,117,0,31,89,183,0,0,25
-5,11,23,3,20,2475,UA,LAX,1,39,117,117,0,31,89,183,0,0,25
-1,11,23,3,8,2475,UA,LAX,1,39,117,117,0,31,89,183,0,0,25
-4,11,23,3,13,2475,AA,LAX,1,39,117,117,0,31,89,183,0,0,25
-7,11,23,3,12,2475,AA,LAX,1,39,117,117,0,31,89,183,0,0,25
-4,11,23,3,10,2475,AA,LAX,1,39,117,117,0,31,89,183,0,0,25
-5,11,23,3,7,2475,AA,LAX,1,39,117,117,0,31,89,183,0,0,25
-3,11,23,3,9,2475,AA,LAX,1,39,117,117,0,31,89,183,0,0,25
-2,11,23,3,16,2475,AA,LAX,1,39,117,117,0,31,89,183,0,0,25
6,11,23,3,19,2475,AA,LAX,1,39,117,117,0,31,89,183,0,0,25
-2,11,23,3,15,2475,AA,LAX,1,39,117,117,0,31,89,183,0,0,25
-5,11,23,3,21,2475,AA,LAX,1,39,117,117,0,31,89,183,0,0,25
-3,12,28,3,15,2475,UA,LAX,3,-6,100,0,0,52,78,228,0,0,17
-4,12,28,3,6,2475,UA,LAX,3,-6,100,0,0,52,78,228,0,0,17
26,12,28,3,17,2475,UA,LAX,3,-6,100,0,0,52,78,228,0,0,17
-6,12,28,3,8,2475,UA,LAX,3,-6,100,0,0,52,78,228,0,0,17
-7,12,28,3,11,2475,UA,LAX,3,-6,100,0,0,52,78,228,0,0,17
0,12,28,3,7,2475,AA,LAX,3,-6,100,0,0,52,78,228,0,0,17
-2,12,28,3,21,2475,DL,LAX,3,-6,100,0,0,52,78,228,0,0,17
-4,12,28,3,15,2475,DL,LAX,3,-6,100,0,0,52,78,228,0,0,17
-3,12,28,3,12,2475,DL,LAX,3,-6,100,0,0,52,78,228,0,0,17
-3,12,28,3,9,2475,DL,LAX,3,-6,100,0,0,52,78,228,0,0,17
-7,12,28,3,17,2475,DL,LAX,3,-6,100,0,0,52,78,228,0,0,17
-5,12,28,3,6,2475,AA,LAX,3,-6,100,0,0,52,78,228,0,0,17
-3,12,28,3,19,2475,DL,LAX,3,-6,100,0,0,52,78,228,0,0,17
-3,12,28,3,7,2475,B6,LAX,3,-6,100,0,0,52,78,228,0,0,17
1,12,28,3,19,2475,AA,LAX,3,-6,100,0,0,52,78,228,0,0,17
0,12,28,3,10,2475,AA,LAX,3,-6,100,0,0,52,78,228,0,0,17
-6,12,28,3,20,2475,B6,LAX,3,-6,100,0,0,52,78,228,0,0,17
3,12,28,3,15,2475,AA,LAX,3,-6,100,0,0,52,78,228,0,0,17
-6,12,28,3,9,2475,AA,LAX,3,-6,100,0,0,52,78,228,0,0,17
-5,12,28,3,12,2475,AA,LAX,3,-6,100,0,0,52,78,228,0,0,17
-8,12,28,3,16,2475,AA,LAX,3,-6,100,0,0,52,78,228,0,0,17
-4,12,28,3,16,2475,B6,LAX,3,-6,100,0,0,52,78,228,0,0,17
-8,12,28,3,13,2475,AA,LAX,3,-6,100,0,0,52,78,228,0,0,17
59,12,28,3,11,2475,B6,LAX,3,-6,100,0,0,52,78,228,0,0,17
