1,10,2,7,8,2475,UA,LAX,6,100,178,15,0,22,178,244,0,0,34
-2,10,2,7,15,2475,UA,LAX,6,100,178,15,0,22,178,244,0,0,34
0,10,2,7,11,2475,UA,LAX,6,100,178,15,0,22,178,244,0,0,34
1,10,2,7,17,2475,UA,LAX,6,100,178,15,0,22,178,244,0,0,34
10,10,2,7,20,2475,UA,LAX,6,100,178,15,0,22,178,244,0,0,34
-5,10,2,7,9,2475,AA,LAX,6,100,178,15,0,22,178,244,0,0,34
-6,10,2,7,12,2475,AA,LAX,6,100,178,15,0,22,178,244,0,0,34
-1,10,2,7,21,2475,AA,LAX,6,100,178,15,0,22,178,244,0,0,34
-4,10,2,7,13,2475,AA,LAX,6,100,178,15,0,22,178,244,0,0,34
10,10,2,7,15,2475,DL,LAX,6,100,178,15,0,22,178,244,0,0,34
2,10,2,7,10,2475,AA,LAX,6,100,178,15,0,22,178,244,0,0,34
9,10,2,7,16,2475,AA,LAX,6,100,178,15,0,22,178,244,0,0,34
16,10,2,7,7,2475,AA,LAX,6,100,178,15,0,22,178,244,0,0,34
-1,10,2,7,21,2475,DL,LAX,6,100,178,15,0,22,178,244,0,0,34
0,10,2,7,7,2475,AA,LAX,6,100,178,15,0,22,178,244,0,0,34
-3,10,2,7,19,2475,DL,LAX,6,100,178,15,0,22,178,244,0,0,34
5,10,2,7,20,2475,B6,LAX,6,100,178,15,0,22,178,244,0,0,34
0,10,2,7,16,2475,B6,LAX,6,100,178,15,0,22,178,244,0,0,34
-9,10,2,7,11,2475,B6,LAX,6,100,178,15,0,22,178,244,0,0,34
3,10,2,7,6,2475,B6,LAX,6,100,178,15,0,22,178,244,0,0,34
11,10,2,7,9,2475,B6,LAX,6,100,178,15,0,22,178,244,0,0,34
0,10,2,7,15,2475,AA,LAX,6,100,178,15,0,22,178,244,0,0,34
-4,10,2,7,12,2475,DL,LAX,6,100,178,15,0,22,178,244,0,0,34
4,10,2,7,17,2475,DL,LAX,6,100,178,15,0,22,178,244,0,0,34
-3,10,2,7,9,2475,DL,LAX,6,100,178,15,0,22,178,244,0,0,34
-4,10,2,7,19,2475,AA,LAX,6,100,178,15,0,22,178,244,0,0,34
-5,11,7,1,12,2475,DL,LAX,4,72,167,0,0,20,78,167,0,0,26
-2,11,7,1,7,2475,DL,LAX,4,72,167,0,0,20,78,167,0,0,26
-2,11,7,1,9,2475,B6,LAX,4,72,167,0,0,20,78,167,0,0,26
8,11,7,1,20,2475,B6,LAX,4,72,167,0,0,20,78,167,0,0,26
0,11,7,1,16,2475,B6,LAX,4,72,167,0,0,20,78,167,0,0,26
-4,11,7,1,11,2475,B6,LAX,4,72,167,0,0,20,78,167,0,0,26
6,11,7,1,7,2475,B6,LAX,4,72,167,0,0,20,78,167,0,0,26
-3,11,7,1,9,2475,DL,LAX,4,72,167,0,0,20,78,167,0,0,26
-1,11,7,1,17,2475,DL,LAX,4,72,167,0,0,20,78,167,0,0,26
0,11,7,1,7,2475,DL,LAX,4,72,167,0,0,20,78,167,0,0,26
12,11,7,1,19,2475,DL,LAX,4,72,167,0,0,20,78,167,0,0,26
-1,11,7,1,21,2475,DL,LAX,4,72,167,0,0,20,78,167,0,0,26
23,11,7,1,15,2475,DL,LAX,4,72,167,0,0,20,78,167,0,0,26
-7,11,7,1,6,2475,UA,LAX,4,72,167,0,0,20,78,167,0,0,26
-4,11,7,1,11,2475,UA,LAX,4,72,167,0,0,20,78,167,0,0,26
-7,11,7,1,15,2475,UA,LAX,4,72,167,0,0,20,78,167,0,0,26
-10,11,7,1,17,2475,UA,LAX,4,72,167,0,0,20,78,167,0,0,26
13,11,7,1,8,2475,UA,LAX,4,72,167,0,0,20,78,167,0,0,26
-1,11,7,1,20,2475,UA,LAX,4,72,167,0,0,20,78,167,0,0,26
34,11,7,1,16,2475,AA,LAX,4,72,167,0,0,20,78,167,0,0,26
-9,11,7,1,10,2475,AA,LAX,4,72,167,0,0,20,78,167,0,0,26
-6,11,7,1,7,2475,AA,LAX,4,72,167,0,0,20,78,167,0,0,26
-6,11,7,1,9,2475,AA,LAX,4,72,167,0,0,20,78,167,0,0,26
-5,11,7,1,15,2475,AA,LAX,4,72,167,0,0,20,78,167,0,0,26
-3,11,7,1,12,2475,AA,LAX,4,72,167,0,0,20,78,167,0,0,26
-4,11,7,1,19,2475,AA,LAX,4,72,167,0,0,20,78,167,0,0,26
-9,11,7,1,21,2475,AA,LAX,4,72,167,0,0,20,78,167,0,0,26
-4,11,7,1,13,2475,AA,LAX,4,72,167,0,0,20,78,167,0,0,26
-3,11,14,1,10,2475,AA,LAX,3,122,206,0,0,31,111,183,0,0,22
-5,11,14,1,7,2475,AA,LAX,3,122,206,0,0,31,111,183,0,0,22
-3,11,14,1,19,2475,AA,LAX,3,122,206,0,0,31,111,183,0,0,22
-6,11,14,1,16,2475,AA,LAX,3,122,206,0,0,31,111,183,0,0,22
-6,11,14,1,15,2475,AA,LAX,3,122,206,0,0,31,111,183,0,0,22
-8,11,14,1,21,2475,AA,LAX,3,122,206,0,0,31,111,183,0,0,22
-5,11,14,1,9,2475,AA,LAX,3,122,206,0,0,31,111,183,0,0,22
-2,11,14,1,12,2475,AA,LAX,3,122,206,0,0,31,111,183,0,0,22
0,11,14,1,13,2475,AA,LAX,3,122,206,0,0,31,111,183,0,0,22
-4,11,14,1,15,2475,UA,LAX,3,122,206,0,0,31,111,183,0,0,22
0,11,14,1,17,2475,UA,LAX,3,122,206,0,0,31,111,183,0,0,22
-6,11,14,1,6,2475,UA,LAX,3,122,206,0,0,31,111,183,0,0,22
-1,11,14,1,11,2475,UA,LAX,3,122,206,0,0,31,111,183,0,0,22
5,11,14,1,20,2475,UA,LAX,3,122,206,0,0,31,111,183,0,0,22
-4,11,14,1,8,2475,UA,LAX,3,122,206,0,0,31,111,183,0,0,22
-4,11,14,1,16,2475,B6,LAX,3,122,206,0,0,31,111,183,0,0,22
1,11,14,1,9,2475,B6,LAX,3,122,206,0,0,31,111,183,0,0,22
28,11,14,1,20,2475,B6,LAX,3,122,206,0,0,31,111,183,0,0,22
-3,11,14,1,19,2475,DL,LAX,3,122,206,0,0,31,111,183,0,0,22
-1,11,14,1,21,2475,DL,LAX,3,122,206,0,0,31,111,183,0,0,22
0,11,14,1,15,2475,DL,LAX,3,122,206,0,0,31,111,183,0,0,22
-6,11,14,1,12,2475,DL,LAX,3,122,206,0,0,31,111,183,0,0,22
3,11,14,1,7,2475,DL,LAX,3,122,206,0,0,31,111,183,0,0,22
-6,11,14,1,9,2475,DL,LAX,3,122,206,0,0,31,111,183,0,0,22
-3,11,14,1,17,2475,DL,LAX,3,122,206,0,0,31,111,183,0,0,22
-7,11,14,1,7,2475,DL,LAX,3,122,206,0,0,31,111,183,0,0,22
0,11,14,1,11,2475,B6,LAX,3,122,206,0,0,31,111,183,0,0,22
-6,11,14,1,7,2475,B6,LAX,3,122,206,0,0,31,111,183,0,0,22
-3,11,21,1,20,2475,B6,LAX,1,78,150,30,0,22,72,144,0,0,21
-6,11,21,1,9,2475,B6,LAX,1,78,150,30,0,22,72,144,0,0,21
44,11,21,1,19,2475,DL,LAX,1,78,150,30,0,22,72,144,0,0,21
-4,11,21,1,21,2475,DL,LAX,1,78,150,30,0,22,72,144,0,0,21
0,11,21,1,15,2475,DL,LAX,1,78,150,30,0,22,72,144,0,0,21
-1,11,21,1,12,2475,DL,LAX,1,78,150,30,0,22,72,144,0,0,21
-5,11,21,1,7,2475,DL,LAX,1,78,150,30,0,22,72,144,0,0,21
0,11,21,1,9,2475,DL,LAX,1,78,150,30,0,22,72,144,0,0,21
-6,11,21,1,17,2475,DL,LAX,1,78,150,30,0,22,72,144,0,0,21
-6,11,21,1,7,2475,DL,LAX,1,78,150,30,0,22,72,144,0,0,21
-2,11,21,1,7,2475,B6,LAX,1,78,150,30,0,22,72,144,0,0,21
-2,11,21,1,11,2475,B6,LAX,1,78,150,30,0,22,72,144,0,0,21
-5,11,21,1,16,2475,B6,LAX,1,78,150,30,0,22,72,144,0,0,21
34,11,21,1,9,2475,AA,LAX,1,78,150,30,0,22,72,144,0,0,21
-7,11,21,1,15,2475,AA,LAX,1,78,150,30,0,22,72,144,0,0,21
-7,11,21,1,12,2475,AA,LAX,1,78,150,30,0,22,72,144,0,0,21
-4,11,21,1,7,2475,AA,LAX,1,78,150,30,0,22,72,144,0,0,21
-2,11,21,1,16,2475,AA,LAX,1,78,150,30,0,22,72,144,0,0,21
-4,11,21,1,19,2475,AA,LAX,1,78,150,30,0,22,72,144,0,0,21
-2,11,21,1,21,2475,AA,LAX,1,78,150,30,0,22,72,144,0,0,21
-3,11,21,1,13,2475,AA,LAX,1,78,150,30,0,22,72,144,0,0,21
0,11,21,1,10,2475,AA,LAX,1,78,150,30,0,22,72,144,0,0,21
-8,11,21,1,11,2475,UA,LAX,1,78,150,30,0,22,72,144,0,0,21
-4,11,21,1,8,2475,UA,LAX,1,78,150,30,0,22,72,144,0,0,21
-1,11,21,1,17,2475,UA,LAX,1,78,150,30,0,22,72,144,0,0,21
-4,11,21,1,15,2475,UA,LAX,1,78,150,30,0,22,72,144,0,0,21
10,12,19,1,15,2475,AA,LAX,6,-22,83,0,0,34,94,150,0,0,23
-2,12,19,1,9,2475,AA,LAX,6,-22,83,0,0,34,94,150,0,0,23
-4,12,19,1,6,2475,AA,LAX,6,-22,83,0,0,34,94,150,0,0,23
52,12,19,1,13,2475,AA,LAX,6,-22,83,0,0,34,94,150,0,0,23
-3,12,19,1,7,2475,B6,LAX,6,-22,83,0,0,34,94,150,0,0,23
0,12,19,1,17,2475,DL,LAX,6,-22,83,0,0,34,94,150,0,0,23
-7,12,19,1,16,2475,B6,LAX,6,-22,83,0,0,34,94,150,0,0,23
6,12,19,1,21,2475,DL,LAX,6,-22,83,0,0,34,94,150,0,0,23
-3,12,19,1,9,2475,DL,LAX,6,-22,83,0,0,34,94,150,0,0,23
-2,12,19,1,7,2475,AA,LAX,6,-22,83,0,0,34,94,150,0,0,23
-3,12,19,1,7,2475,DL,LAX,6,-22,83,0,0,34,94,150,0,0,23
-4,12,19,1,12,2475,AA,LAX,6,-22,83,0,0,34,94,150,0,0,23
29,12,19,1,15,2475,DL,LAX,6,-22,83,0,0,34,94,150,0,0,23
-1,12,19,1,19,2475,DL,LAX,6,-22,83,0,0,34,94,150,0,0,23
-5,12,19,1,12,2475,DL,LAX,6,-22,83,0,0,34,94,150,0,0,23
-2,12,19,1,20,2475,B6,LAX,6,-22,83,0,0,34,94,150,0,0,23
-1,12,19,1,11,2475,B6,LAX,6,-22,83,0,0,34,94,150,0,0,23
0,12,19,1,16,2475,AA,LAX,6,-22,83,0,0,34,94,150,0,0,23
2,12,19,1,7,2475,DL,LAX,6,-22,83,0,0,34,94,150,0,0,23
-6,12,19,1,19,2475,AA,LAX,6,-22,83,0,0,34,94,150,0,0,23
-5,12,19,1,10,2475,AA,LAX,6,-22,83,0,0,34,94,150,0,0,23
-5,12,19,1,17,2475,UA,LAX,6,-22,83,0,0,34,94,150,0,0,23
-5,12,19,1,11,2475,UA,LAX,6,-22,83,0,0,34,94,150,0,0,23
-3,12,19,1,8,2475,UA,LAX,6,-22,83,0,0,34,94,150,0,0,23
-1,12,19,1,15,2475,UA,LAX,6,-22,83,0,0,34,94,150,0,0,23
-2,12,19,1,6,2475,UA,LAX,6,-22,83,0,0,34,94,150,0,0,23
-1,12,26,1,8,2475,UA,LAX,1,33,72,0,0,40,72,200,0,0,17
-5,12,26,1,17,2475,UA,LAX,1,33,72,0,0,40,72,200,0,0,17
-6,12,26,1,15,2475,UA,LAX,1,33,72,0,0,40,72,200,0,0,17
-2,12,26,1,11,2475,UA,LAX,1,33,72,0,0,40,72,200,0,0,17
-1,12,26,1,6,2475,UA,LAX,1,33,72,0,0,40,72,200,0,0,17
-4,12,26,1,12,2475,AA,LAX,1,33,72,0,0,40,72,200,0,0,17
-2,12,26,1,15,2475,AA,LAX,1,33,72,0,0,40,72,200,0,0,17
-1,12,26,1,6,2475,AA,LAX,1,33,72,0,0,40,72,200,0,0,17
-1,12,26,1,13,2475,AA,LAX,1,33,72,0,0,40,72,200,0,0,17
-8,12,26,1,7,2475,AA,LAX,1,33,72,0,0,40,72,200,0,0,17
-3,12,26,1,19,2475,AA,LAX,1,33,72,0,0,40,72,200,0,0,17
-4,12,26,1,7,2475,B6,LAX,1,33,72,0,0,40,72,200,0,0,17
-2,12,26,1,11,2475,B6,LAX,1,33,72,0,0,40,72,200,0,0,17
-1,12,26,1,16,2475,B6,LAX,1,33,72,0,0,40,72,200,0,0,17
-3,12,26,1,20,2475,B6,LAX,1,33,72,0,0,40,72,200,0,0,17
3,12,26,1,10,2475,AA,LAX,1,33,72,0,0,40,72,200,0,0,17
-7,12,26,1,9,2475,AA,LAX,1,33,72,0,0,40,72,200,0,0,17
-5,12,26,1,7,2475,DL,LAX,1,33,72,0,0,40,72,200,0,0,17
-1,12,26,1,17,2475,DL,LAX,1,33,72,0,0,40,72,200,0,0,17
-8,12,26,1,9,2475,DL,LAX,1,33,72,0,0,40,72,200,0,0,17
-4,12,26,1,7,2475,DL,LAX,1,33,72,0,0,40,72,200,0,0,17
-5,12,26,1,12,2475,DL,LAX,1,33,72,0,0,40,72,200,0,0,17
1,12,26,1,15,2475,DL,LAX,1,33,72,0,0,40,72,200,0,0,17
2,12,26,1,21,2475,DL,LAX,1,33,72,0,0,40,72,200,0,0,17
-4,12,26,1,19,2475,DL,LAX,1,33,72,0,0,40,72,200,0,0,17
-3,12,26,1,16,2475,AA,LAX,1,33,72,0,0,40,72,200,0,0,17
