17,1,6,1,9,2475,AA,LAX,5,-71,128,91,0,38,100,256,0,0,17
27,1,6,1,15,2475,AA,LAX,5,-71,128,91,0,38,100,256,0,0,17
-1,1,6,1,19,2475,AA,LAX,5,-71,128,91,0,38,100,256,0,0,17
0,1,6,1,21,2475,AA,LAX,5,-71,128,91,0,38,100,256,0,0,17
-2,1,6,1,13,2475,AA,LAX,5,-71,128,91,0,38,100,256,0,0,17
1,1,6,1,16,2475,AA,LAX,5,-71,128,91,0,38,100,256,0,0,17
29,1,6,1,12,2475,AA,LAX,5,-71,128,91,0,38,100,256,0,0,17
34,1,6,1,7,2475,AA,LAX,5,-71,128,91,0,38,100,256,0,0,17
44,1,6,1,17,2475,UA,LAX,5,-71,128,91,0,38,100,256,0,0,17
80,1,6,1,9,2475,B6,LAX,5,-71,128,91,0,38,100,256,0,0,17
97,1,6,1,11,2475,B6,LAX,5,-71,128,91,0,38,100,256,0,0,17
40,1,6,1,9,2475,VX,LAX,5,-71,128,91,0,38,100,256,0,0,17
29,1,6,1,7,2475,VX,LAX,5,-71,128,91,0,38,100,256,0,0,17
12,1,6,1,15,2475,DL,LAX,5,-71,128,91,0,38,100,256,0,0,17
-1,1,6,1,9,2475,DL,LAX,5,-71,128,91,0,38,100,256,0,0,17
0,1,6,1,12,2475,DL,LAX,5,-71,128,91,0,38,100,256,0,0,17
7,1,6,1,18,2475,DL,LAX,5,-71,128,91,0,38,100,256,0,0,17
28,1,6,1,20,2475,DL,LAX,5,-71,128,91,0,38,100,256,0,0,17
0,1,6,1,13,2475,VX,LAX,5,-71,128,91,0,38,100,256,0,0,17
29,1,6,1,16,2475,VX,LAX,5,-71,128,91,0,38,100,256,0,0,17
20,1,6,1,20,2475,VX,LAX,5,-71,128,91,0,38,100,256,0,0,17
16,1,6,1,11,2475,UA,LAX,5,-71,128,91,0,38,100,256,0,0,17
6,1,6,1,14,2475,UA,LAX,5,-71,128,91,0,38,100,256,0,0,17
12,1,6,1,20,2475,UA,LAX,5,-71,128,91,0,38,100,256,0,0,17
37,1,6,1,7,2475,DL,LAX,5,-71,128,91,0,38,100,256,0,0,17
60,1,6,1,16,2475,DL,LAX,5,-71,128,91,0,38,100,256,0,0,17
-1,1,6,1,6,2475,UA,LAX,5,-71,128,91,0,38,100,256,0,0,17
23,1,6,1,8,2475,UA,LAX,5,-71,128,91,0,38,100,256,0,0,17
-1,1,29,3,18,2475,DL,LAX,8,-99,-49,10,20,29,111,167,0,0,17
-1,1,29,3,20,2475,DL,LAX,8,-99,-49,10,20,29,111,167,0,0,17
5,1,29,3,7,2475,DL,LAX,8,-99,-49,10,20,29,111,167,0,0,17
-3,1,29,3,16,2475,DL,LAX,8,-99,-49,10,20,29,111,167,0,0,17
13,1,29,3,20,2475,VX,LAX,8,-99,-49,10,20,29,111,167,0,0,17
-2,1,29,3,16,2475,VX,LAX,8,-99,-49,10,20,29,111,167,0,0,17
-2,1,29,3,13,2475,VX,LAX,8,-99,-49,10,20,29,111,167,0,0,17
-8,1,29,3,9,2475,VX,LAX,8,-99,-49,10,20,29,111,167,0,0,17
-1,1,29,3,7,2475,VX,LAX,8,-99,-49,10,20,29,111,167,0,0,17
20,1,29,3,20,2475,B6,LAX,8,-99,-49,10,20,29,111,167,0,0,17
-7,1,29,3,16,2475,B6,LAX,8,-99,-49,10,20,29,111,167,0,0,17
14,1,29,3,9,2475,B6,LAX,8,-99,-49,10,20,29,111,167,0,0,17
-3,1,29,3,6,2475,B6,LAX,8,-99,-49,10,20,29,111,167,0,0,17
12,1,29,3,15,2475,DL,LAX,8,-99,-49,10,20,29,111,167,0,0,17
-1,1,29,3,9,2475,DL,LAX,8,-99,-49,10,20,29,111,167,0,0,17
-1,1,29,3,12,2475,DL,LAX,8,-99,-49,10,20,29,111,167,0,0,17
-2,1,29,3,10,2475,AA,LAX,8,-99,-49,10,20,29,111,167,0,0,17
-2,1,29,3,7,2475,AA,LAX,8,-99,-49,10,20,29,111,167,0,0,17
-3,1,29,3,14,2475,UA,LAX,8,-99,-49,10,20,29,111,167,0,0,17
2,1,29,3,13,2475,AA,LAX,8,-99,-49,10,20,29,111,167,0,0,17
-3,1,29,3,8,2475,UA,LAX,8,-99,-49,10,20,29,111,167,0,0,17
2,1,29,3,16,2475,AA,LAX,8,-99,-49,10,20,29,111,167,0,0,17
76,1,29,3,17,2475,UA,LAX,8,-99,-49,10,20,29,111,167,0,0,17
-2,1,29,3,19,2475,AA,LAX,8,-99,-49,10,20,29,111,167,0,0,17
-3,1,29,3,6,2475,UA,LAX,8,-99,-49,10,20,29,111,167,0,0,17
15,1,29,3,20,2475,UA,LAX,8,-99,-49,10,20,29,111,167,0,0,17
51,1,29,3,15,2475,AA,LAX,8,-99,-49,10,20,29,111,167,0,0,17
15,1,29,3,12,2475,AA,LAX,8,-99,-49,10,20,29,111,167,0,0,17
-3,1,29,3,11,2475,UA,LAX,8,-99,-49,10,20,29,111,167,0,0,17
4,1,29,3,9,2475,AA,LAX,8,-99,-49,10,20,29,111,167,0,0,17
1,1,29,3,21,2475,AA,LAX,8,-99,-49,10,20,29,111,167,0,0,17
20,2,7,5,20,2475,UA,LAX,11,-43,0,0,0,30,106,161,0,0,24
-6,2,7,5,8,2475,UA,LAX,11,-43,0,0,0,30,106,161,0,0,24
24,2,7,5,14,2475,UA,LAX,11,-43,0,0,0,30,106,161,0,0,24
4,2,7,5,11,2475,UA,LAX,11,-43,0,0,0,30,106,161,0,0,24
-8,2,7,5,6,2475,UA,LAX,11,-43,0,0,0,30,106,161,0,0,24
39,2,7,5,17,2475,UA,LAX,11,-43,0,0,0,30,106,161,0,0,24
-3,2,7,5,20,2475,VX,LAX,11,-43,0,0,0,30,106,161,0,0,24
-10,2,7,5,16,2475,VX,LAX,11,-43,0,0,0,30,106,161,0,0,24
10,2,7,5,13,2475,VX,LAX,11,-43,0,0,0,30,106,161,0,0,24
3,2,7,5,9,2475,VX,LAX,11,-43,0,0,0,30,106,161,0,0,24
4,2,7,5,7,2475,VX,LAX,11,-43,0,0,0,30,106,161,0,0,24
-5,2,7,5,10,2475,AA,LAX,11,-43,0,0,0,30,106,161,0,0,24
1,2,7,5,7,2475,AA,LAX,11,-43,0,0,0,30,106,161,0,0,24
-5,2,7,5,9,2475,B6,LAX,11,-43,0,0,0,30,106,161,0,0,24
1,2,7,5,15,2475,DL,LAX,11,-43,0,0,0,30,106,161,0,0,24
-3,2,7,5,12,2475,AA,LAX,11,-43,0,0,0,30,106,161,0,0,24
-3,2,7,5,9,2475,DL,LAX,11,-43,0,0,0,30,106,161,0,0,24
42,2,7,5,20,2475,B6,LAX,11,-43,0,0,0,30,106,161,0,0,24
5,2,7,5,9,2475,DL,LAX,11,-43,0,0,0,30,106,161,0,0,24
-2,2,7,5,12,2475,DL,LAX,11,-43,0,0,0,30,106,161,0,0,24
0,2,7,5,18,2475,DL,LAX,11,-43,0,0,0,30,106,161,0,0,24
8,2,7,5,20,2475,DL,LAX,11,-43,0,0,0,30,106,161,0,0,24
55,2,7,5,15,2475,AA,LAX,11,-43,0,0,0,30,106,161,0,0,24
-3,2,7,5,6,2475,B6,LAX,11,-43,0,0,0,30,106,161,0,0,24
1,2,7,5,16,2475,AA,LAX,11,-43,0,0,0,30,106,161,0,0,24
0,2,7,5,16,2475,B6,LAX,11,-43,0,0,0,30,106,161,0,0,24
164,2,7,5,21,2475,AA,LAX,11,-43,0,0,0,30,106,161,0,0,24
1,2,7,5,16,2475,DL,LAX,11,-43,0,0,0,30,106,161,0,0,24
5,2,7,5,9,2475,AA,LAX,11,-43,0,0,0,30,106,161,0,0,24
10,2,7,5,13,2475,AA,LAX,11,-43,0,0,0,30,106,161,0,0,24
-2,2,7,5,19,2475,AA,LAX,11,-43,0,0,0,30,106,161,0,0,24
-4,2,12,3,9,2475,AA,LAX,6,-105,-38,0,0,26,106,233,0,0,23
59,2,12,3,16,2475,B6,LAX,6,-105,-38,0,0,26,106,233,0,0,23
-10,2,12,3,12,2475,AA,LAX,6,-105,-38,0,0,26,106,233,0,0,23
-4,2,12,3,9,2475,B6,LAX,6,-105,-38,0,0,26,106,233,0,0,23
78,2,12,3,8,2475,AA,LAX,6,-105,-38,0,0,26,106,233,0,0,23
-3,2,12,3,6,2475,B6,LAX,6,-105,-38,0,0,26,106,233,0,0,23
61,2,12,3,19,2475,AA,LAX,6,-105,-38,0,0,26,106,233,0,0,23
-4,2,12,3,13,2475,AA,LAX,6,-105,-38,0,0,26,106,233,0,0,23
-9,2,12,3,15,2475,AA,LAX,6,-105,-38,0,0,26,106,233,0,0,23
-7,2,12,3,6,2475,AA,LAX,6,-105,-38,0,0,26,106,233,0,0,23
11,2,12,3,16,2475,AA,LAX,6,-105,-38,0,0,26,106,233,0,0,23
-4,2,12,3,10,2475,AA,LAX,6,-105,-38,0,0,26,106,233,0,0,23
3,2,12,3,16,2475,DL,LAX,6,-105,-38,0,0,26,106,233,0,0,23
110,2,12,3,7,2475,DL,LAX,6,-105,-38,0,0,26,106,233,0,0,23
34,2,12,3,20,2475,DL,LAX,6,-105,-38,0,0,26,106,233,0,0,23
4,2,12,3,18,2475,DL,LAX,6,-105,-38,0,0,26,106,233,0,0,23
0,2,12,3,12,2475,DL,LAX,6,-105,-38,0,0,26,106,233,0,0,23
15,2,12,3,9,2475,DL,LAX,6,-105,-38,0,0,26,106,233,0,0,23
35,2,12,3,15,2475,DL,LAX,6,-105,-38,0,0,26,106,233,0,0,23
-1,2,12,3,20,2475,B6,LAX,6,-105,-38,0,0,26,106,233,0,0,23
10,2,12,3,21,2475,AA,LAX,6,-105,-38,0,0,26,106,233,0,0,23
-4,2,12,3,14,2475,UA,LAX,6,-105,-38,0,0,26,106,233,0,0,23
95,2,12,3,8,2475,UA,LAX,6,-105,-38,0,0,26,106,233,0,0,23
6,2,12,3,20,2475,UA,LAX,6,-105,-38,0,0,26,106,233,0,0,23
1,2,12,3,11,2475,UA,LAX,6,-105,-38,0,0,26,106,233,0,0,23
7,2,12,3,7,2475,VX,LAX,6,-105,-38,0,0,26,106,233,0,0,23
5,2,12,3,9,2475,VX,LAX,6,-105,-38,0,0,26,106,233,0,0,23
19,2,12,3,20,2475,VX,LAX,6,-105,-38,0,0,26,106,233,0,0,23
20,2,12,3,16,2475,VX,LAX,6,-105,-38,0,0,26,106,233,0,0,23
8,2,12,3,13,2475,VX,LAX,6,-105,-38,0,0,26,106,233,0,0,23
3,2,12,3,17,2475,UA,LAX,6,-105,-38,0,0,26,106,233,0,0,23
1,2,12,3,6,2475,UA,LAX,6,-105,-38,0,0,26,106,233,0,0,23
-4,3,8,6,11,2475,UA,LAX,18,17,139,0,0,26,117,244,0,0,23
-7,3,8,6,14,2475,UA,LAX,18,17,139,0,0,26,117,244,0,0,23
-4,3,8,6,8,2475,UA,LAX,18,17,139,0,0,26,117,244,0,0,23
12,3,8,6,7,2475,VX,LAX,18,17,139,0,0,26,117,244,0,0,23
0,3,8,6,9,2475,VX,LAX,18,17,139,0,0,26,117,244,0,0,23
-4,3,8,6,13,2475,VX,LAX,18,17,139,0,0,26,117,244,0,0,23
12,3,8,6,16,2475,VX,LAX,18,17,139,0,0,26,117,244,0,0,23
3,3,8,6,17,2475,UA,LAX,18,17,139,0,0,26,117,244,0,0,23
-5,3,8,6,6,2475,UA,LAX,18,17,139,0,0,26,117,244,0,0,23
26,3,8,6,9,2475,DL,LAX,18,17,139,0,0,26,117,244,0,0,23
9,3,8,6,15,2475,DL,LAX,18,17,139,0,0,26,117,244,0,0,23
-4,3,8,6,12,2475,AA,LAX,18,17,139,0,0,26,117,244,0,0,23
-4,3,8,6,13,2475,AA,LAX,18,17,139,0,0,26,117,244,0,0,23
-1,3,8,6,6,2475,AA,LAX,18,17,139,0,0,26,117,244,0,0,23
14,3,8,6,10,2475,AA,LAX,18,17,139,0,0,26,117,244,0,0,23
-11,3,8,6,19,2475,AA,LAX,18,17,139,0,0,26,117,244,0,0,23
1,3,8,6,8,2475,AA,LAX,18,17,139,0,0,26,117,244,0,0,23
0,3,8,6,15,2475,AA,LAX,18,17,139,0,0,26,117,244,0,0,23
0,3,8,6,16,2475,AA,LAX,18,17,139,0,0,26,117,244,0,0,23
-5,3,8,6,9,2475,AA,LAX,18,17,139,0,0,26,117,244,0,0,23
31,3,8,6,20,2475,B6,LAX,18,17,139,0,0,26,117,244,0,0,23
-5,3,8,6,16,2475,B6,LAX,18,17,139,0,0,26,117,244,0,0,23
-3,3,8,6,6,2475,B6,LAX,18,17,139,0,0,26,117,244,0,0,23
-2,3,8,6,7,2475,DL,LAX,18,17,139,0,0,26,117,244,0,0,23
2,3,8,6,18,2475,DL,LAX,18,17,139,0,0,26,117,244,0,0,23
0,3,8,6,20,2475,DL,LAX,18,17,139,0,0,26,117,244,0,0,23
-9,3,8,6,12,2475,DL,LAX,18,17,139,0,0,26,117,244,0,0,23
139,3,13,4,20,2475,B6,LAX,23,-77,0,0,0,63,144,194,0,0,30
-5,3,13,4,9,2475,AA,LAX,23,-77,0,0,0,63,144,194,0,0,30
-1,3,13,4,12,2475,AA,LAX,23,-77,0,0,0,63,144,194,0,0,30
-5,3,13,4,6,2475,AA,LAX,23,-77,0,0,0,63,144,194,0,0,30
-5,3,13,4,10,2475,AA,LAX,23,-77,0,0,0,63,144,194,0,0,30
-6,3,13,4,19,2475,AA,LAX,23,-77,0,0,0,63,144,194,0,0,30
0,3,13,4,8,2475,AA,LAX,23,-77,0,0,0,63,144,194,0,0,30
-4,3,13,4,15,2475,AA,LAX,23,-77,0,0,0,63,144,194,0,0,30
-6,3,13,4,16,2475,DL,LAX,23,-77,0,0,0,63,144,194,0,0,30
-1,3,13,4,7,2475,DL,LAX,23,-77,0,0,0,63,144,194,0,0,30
-4,3,13,4,18,2475,DL,LAX,23,-77,0,0,0,63,144,194,0,0,30
32,3,13,4,20,2475,DL,LAX,23,-77,0,0,0,63,144,194,0,0,30
-2,3,13,4,12,2475,DL,LAX,23,-77,0,0,0,63,144,194,0,0,30
59,3,13,4,9,2475,DL,LAX,23,-77,0,0,0,63,144,194,0,0,30
-6,3,13,4,15,2475,DL,LAX,23,-77,0,0,0,63,144,194,0,0,30
-2,3,13,4,16,2475,AA,LAX,23,-77,0,0,0,63,144,194,0,0,30
25,3,13,4,21,2475,AA,LAX,23,-77,0,0,0,63,144,194,0,0,30
-2,3,13,4,13,2475,AA,LAX,23,-77,0,0,0,63,144,194,0,0,30
-5,3,13,4,6,2475,B6,LAX,23,-77,0,0,0,63,144,194,0,0,30
-4,3,13,4,11,2475,B6,LAX,23,-77,0,0,0,63,144,194,0,0,30
3,3,13,4,16,2475,B6,LAX,23,-77,0,0,0,63,144,194,0,0,30
5,3,13,4,8,2475,UA,LAX,23,-77,0,0,0,63,144,194,0,0,30
10,3,13,4,6,2475,UA,LAX,23,-77,0,0,0,63,144,194,0,0,30
6,3,13,4,17,2475,UA,LAX,23,-77,0,0,0,63,144,194,0,0,30
28,3,13,4,20,2475,UA,LAX,23,-77,0,0,0,63,144,194,0,0,30
-2,3,13,4,20,2475,VX,LAX,23,-77,0,0,0,63,144,194,0,0,30
14,3,13,4,16,2475,VX,LAX,23,-77,0,0,0,63,144,194,0,0,30
0,3,13,4,13,2475,VX,LAX,23,-77,0,0,0,63,144,194,0,0,30
2,3,13,4,9,2475,VX,LAX,23,-77,0,0,0,63,144,194,0,0,30
84,3,13,4,7,2475,VX,LAX,23,-77,0,0,0,63,144,194,0,0,30
-4,3,13,4,14,2475,UA,LAX,23,-77,0,0,0,63,144,194,0,0,30
-2,3,13,4,11,2475,UA,LAX,23,-77,0,0,0,63,144,194,0,0,30
-6,4,9,3,8,2475,UA,LAX,43,72,161,0,0,31,122,244,0,0,29
1,4,9,3,17,2475,UA,LAX,43,72,161,0,0,31,122,244,0,0,29
-2,4,9,3,20,2475,UA,LAX,43,72,161,0,0,31,122,244,0,0,29
-4,4,9,3,6,2475,UA,LAX,43,72,161,0,0,31,122,244,0,0,29
7,4,9,3,14,2475,UA,LAX,43,72,161,0,0,31,122,244,0,0,29
0,4,9,3,11,2475,UA,LAX,43,72,161,0,0,31,122,244,0,0,29
-2,4,9,3,9,2475,DL,LAX,43,72,161,0,0,31,122,244,0,0,29
-1,4,9,3,6,2475,B6,LAX,43,72,161,0,0,31,122,244,0,0,29
22,4,9,3,20,2475,B6,LAX,43,72,161,0,0,31,122,244,0,0,29
3,4,9,3,12,2475,DL,LAX,43,72,161,0,0,31,122,244,0,0,29
-4,4,9,3,7,2475,DL,LAX,43,72,161,0,0,31,122,244,0,0,29
16,4,9,3,21,2475,DL,LAX,43,72,161,0,0,31,122,244,0,0,29
-1,4,9,3,15,2475,DL,LAX,43,72,161,0,0,31,122,244,0,0,29
0,4,9,3,8,2475,DL,LAX,43,72,161,0,0,31,122,244,0,0,29
-2,4,9,3,18,2475,DL,LAX,43,72,161,0,0,31,122,244,0,0,29
19,4,9,3,17,2475,DL,LAX,43,72,161,0,0,31,122,244,0,0,29
0,4,9,3,7,2475,VX,LAX,43,72,161,0,0,31,122,244,0,0,29
-2,4,9,3,8,2475,AA,LAX,43,72,161,0,0,31,122,244,0,0,29
4,4,9,3,6,2475,AA,LAX,43,72,161,0,0,31,122,244,0,0,29
-4,4,9,3,20,2475,VX,LAX,43,72,161,0,0,31,122,244,0,0,29
-3,4,9,3,9,2475,AA,LAX,43,72,161,0,0,31,122,244,0,0,29
-5,4,9,3,12,2475,AA,LAX,43,72,161,0,0,31,122,244,0,0,29
-4,4,9,3,21,2475,AA,LAX,43,72,161,0,0,31,122,244,0,0,29
-2,4,9,3,13,2475,AA,LAX,43,72,161,0,0,31,122,244,0,0,29
-4,4,9,3,16,2475,B6,LAX,43,72,161,0,0,31,122,244,0,0,29
-4,4,9,3,13,2475,VX,LAX,43,72,161,0,0,31,122,244,0,0,29
-1,4,9,3,17,2475,AA,LAX,43,72,161,0,0,31,122,244,0,0,29
-2,4,9,3,16,2475,AA,LAX,43,72,161,0,0,31,122,244,0,0,29
3,4,9,3,16,2475,VX,LAX,43,72,161,0,0,31,122,244,0,0,29
0,4,9,3,9,2475,VX,LAX,43,72,161,0,0,31,122,244,0,0,29
-3,4,9,3,19,2475,AA,LAX,43,72,161,0,0,31,122,244,0,0,29
-4,4,9,3,10,2475,AA,LAX,43,72,161,0,0,31,122,244,0,0,29
3,4,9,3,11,2475,B6,LAX,43,72,161,0,0,31,122,244,0,0,29
-5,4,9,3,6,2475,AA,LAX,43,72,161,0,0,31,122,244,0,0,29
-8,4,14,1,12,2475,AA,LAX,38,150,239,0,0,33,133,200,0,0,31
-6,4,14,1,16,2475,AA,LAX,38,150,239,0,0,33,133,200,0,0,31
7,4,14,1,19,2475,AA,LAX,38,150,239,0,0,33,133,200,0,0,31
-6,4,14,1,11,2475,B6,LAX,38,150,239,0,0,33,133,200,0,0,31
-11,4,14,1,8,2475,AA,LAX,38,150,239,0,0,33,133,200,0,0,31
-8,4,14,1,10,2475,AA,LAX,38,150,239,0,0,33,133,200,0,0,31
-3,4,14,1,13,2475,AA,LAX,38,150,239,0,0,33,133,200,0,0,31
-7,4,14,1,6,2475,AA,LAX,38,150,239,0,0,33,133,200,0,0,31
-8,4,14,1,9,2475,AA,LAX,38,150,239,0,0,33,133,200,0,0,31
0,4,14,1,20,2475,B6,LAX,38,150,239,0,0,33,133,200,0,0,31
6,4,14,1,21,2475,AA,LAX,38,150,239,0,0,33,133,200,0,0,31
25,4,14,1,17,2475,AA,LAX,38,150,239,0,0,33,133,200,0,0,31
5,4,14,1,7,2475,VX,LAX,38,150,239,0,0,33,133,200,0,0,31
-2,4,14,1,9,2475,VX,LAX,38,150,239,0,0,33,133,200,0,0,31
-2,4,14,1,13,2475,VX,LAX,38,150,239,0,0,33,133,200,0,0,31
6,4,14,1,16,2475,VX,LAX,38,150,239,0,0,33,133,200,0,0,31
2,4,14,1,20,2475,VX,LAX,38,150,239,0,0,33,133,200,0,0,31
-10,4,14,1,6,2475,AA,LAX,38,150,239,0,0,33,133,200,0,0,31
-3,4,14,1,12,2475,DL,LAX,38,150,239,0,0,33,133,200,0,0,31
29,4,14,1,8,2475,DL,LAX,38,150,239,0,0,33,133,200,0,0,31
8,4,14,1,18,2475,DL,LAX,38,150,239,0,0,33,133,200,0,0,31
3,4,14,1,7,2475,DL,LAX,38,150,239,0,0,33,133,200,0,0,31
22,4,14,1,9,2475,DL,LAX,38,150,239,0,0,33,133,200,0,0,31
1,4,14,1,17,2475,DL,LAX,38,150,239,0,0,33,133,200,0,0,31
37,4,14,1,15,2475,DL,LAX,38,150,239,0,0,33,133,200,0,0,31
-5,4,14,1,16,2475,B6,LAX,38,150,239,0,0,33,133,200,0,0,31
-3,4,14,1,6,2475,B6,LAX,38,150,239,0,0,33,133,200,0,0,31
31,4,14,1,21,2475,DL,LAX,38,150,239,0,0,33,133,200,0,0,31
-3,4,14,1,6,2475,UA,LAX,38,150,239,0,0,33,133,200,0,0,31
-2,4,14,1,20,2475,UA,LAX,38,150,239,0,0,33,133,200,0,0,31
3,4,14,1,14,2475,UA,LAX,38,150,239,0,0,33,133,200,0,0,31
-7,4,14,1,11,2475,UA,LAX,38,150,239,0,0,33,133,200,0,0,31
-1,4,14,1,8,2475,UA,LAX,38,150,239,0,0,33,133,200,0,0,31
0,4,14,1,17,2475,UA,LAX,38,150,239,0,0,33,133,200,0,0,31
-7,5,15,4,8,2475,UA,LAX,7,144,217,38,0,24,211,361,0,0,34
-3,5,15,4,11,2475,UA,LAX,7,144,217,38,0,24,211,361,0,0,34
78,5,15,4,20,2475,UA,LAX,7,144,217,38,0,24,211,361,0,0,34
66,5,15,4,17,2475,UA,LAX,7,144,217,38,0,24,211,361,0,0,34
2,5,15,4,14,2475,UA,LAX,7,144,217,38,0,24,211,361,0,0,34
-7,5,15,4,6,2475,UA,LAX,7,144,217,38,0,24,211,361,0,0,34
-1,5,15,4,9,2475,VX,LAX,7,144,217,38,0,24,211,361,0,0,34
-7,5,15,4,7,2475,VX,LAX,7,144,217,38,0,24,211,361,0,0,34
118,5,15,4,20,2475,VX,LAX,7,144,217,38,0,24,211,361,0,0,34
13,5,15,4,16,2475,VX,LAX,7,144,217,38,0,24,211,361,0,0,34
4,5,15,4,13,2475,VX,LAX,7,144,217,38,0,24,211,361,0,0,34
-3,5,15,4,9,2475,B6,LAX,7,144,217,38,0,24,211,361,0,0,34
0,5,15,4,6,2475,B6,LAX,7,144,217,38,0,24,211,361,0,0,34
-4,5,15,4,17,2475,B6,LAX,7,144,217,38,0,24,211,361,0,0,34
-9,5,15,4,12,2475,AA,LAX,7,144,217,38,0,24,211,361,0,0,34
3,5,15,4,15,2475,DL,LAX,7,144,217,38,0,24,211,361,0,0,34
102,5,15,4,8,2475,DL,LAX,7,144,217,38,0,24,211,361,0,0,34
2,5,15,4,7,2475,DL,LAX,7,144,217,38,0,24,211,361,0,0,34
-3,5,15,4,17,2475,AA,LAX,7,144,217,38,0,24,211,361,0,0,34
38,5,15,4,18,2475,DL,LAX,7,144,217,38,0,24,211,361,0,0,34
10,5,15,4,21,2475,DL,LAX,7,144,217,38,0,24,211,361,0,0,34
4,5,15,4,18,2475,AA,LAX,7,144,217,38,0,24,211,361,0,0,34
-5,5,15,4,15,2475,AA,LAX,7,144,217,38,0,24,211,361,0,0,34
-6,5,15,4,8,2475,AA,LAX,7,144,217,38,0,24,211,361,0,0,34
-2,5,15,4,9,2475,AA,LAX,7,144,217,38,0,24,211,361,0,0,34
-1,5,15,4,9,2475,DL,LAX,7,144,217,38,0,24,211,361,0,0,34
13,5,15,4,7,2475,AA,LAX,7,144,217,38,0,24,211,361,0,0,34
3,5,15,4,12,2475,DL,LAX,7,144,217,38,0,24,211,361,0,0,34
115,5,15,4,16,2475,AA,LAX,7,144,217,38,0,24,211,361,0,0,34
-6,5,15,4,17,2475,DL,LAX,7,144,217,38,0,24,211,361,0,0,34
193,5,15,4,20,2475,B6,LAX,7,144,217,38,0,24,211,361,0,0,34
6,5,15,4,20,2475,AA,LAX,7,144,217,38,0,24,211,361,0,0,34
1,5,15,4,10,2475,AA,LAX,7,144,217,38,0,24,211,361,0,0,34
-9,5,15,4,5,2475,AA,LAX,7,144,217,38,0,24,211,361,0,0,34
-5,5,20,2,18,2475,AA,LAX,2,117,256,0,0,14,150,206,0,0,59
-6,5,20,2,6,2475,B6,LAX,2,117,256,0,0,14,150,206,0,0,59
-3,5,20,2,20,2475,B6,LAX,2,117,256,0,0,14,150,206,0,0,59
-7,5,20,2,17,2475,B6,LAX,2,117,256,0,0,14,150,206,0,0,59
-7,5,20,2,10,2475,AA,LAX,2,117,256,0,0,14,150,206,0,0,59
-7,5,20,2,20,2475,AA,LAX,2,117,256,0,0,14,150,206,0,0,59
-6,5,20,2,12,2475,AA,LAX,2,117,256,0,0,14,150,206,0,0,59
-4,5,20,2,16,2475,AA,LAX,2,117,256,0,0,14,150,206,0,0,59
12,5,20,2,15,2475,DL,LAX,2,117,256,0,0,14,150,206,0,0,59
-5,5,20,2,8,2475,DL,LAX,2,117,256,0,0,14,150,206,0,0,59
-2,5,20,2,21,2475,DL,LAX,2,117,256,0,0,14,150,206,0,0,59
0,5,20,2,18,2475,DL,LAX,2,117,256,0,0,14,150,206,0,0,59
-4,5,20,2,12,2475,DL,LAX,2,117,256,0,0,14,150,206,0,0,59
-6,5,20,2,9,2475,DL,LAX,2,117,256,0,0,14,150,206,0,0,59
0,5,20,2,7,2475,DL,LAX,2,117,256,0,0,14,150,206,0,0,59
4,5,20,2,17,2475,DL,LAX,2,117,256,0,0,14,150,206,0,0,59
-8,5,20,2,8,2475,AA,LAX,2,117,256,0,0,14,150,206,0,0,59
23,5,20,2,9,2475,B6,LAX,2,117,256,0,0,14,150,206,0,0,59
-5,5,20,2,5,2475,AA,LAX,2,117,256,0,0,14,150,206,0,0,59
16,5,20,2,15,2475,AA,LAX,2,117,256,0,0,14,150,206,0,0,59
-9,5,20,2,7,2475,AA,LAX,2,117,256,0,0,14,150,206,0,0,59
7,5,20,2,17,2475,AA,LAX,2,117,256,0,0,14,150,206,0,0,59
7,5,20,2,13,2475,VX,LAX,2,117,256,0,0,14,150,206,0,0,59
-3,5,20,2,7,2475,VX,LAX,2,117,256,0,0,14,150,206,0,0,59
-3,5,20,2,20,2475,VX,LAX,2,117,256,0,0,14,150,206,0,0,59
1,5,20,2,11,2475,VX,LAX,2,117,256,0,0,14,150,206,0,0,59
-3,5,20,2,16,2475,VX,LAX,2,117,256,0,0,14,150,206,0,0,59
-2,5,20,2,9,2475,VX,LAX,2,117,256,0,0,14,150,206,0,0,59
-4,5,20,2,11,2475,UA,LAX,2,117,256,0,0,14,150,206,0,0,59
-3,5,20,2,14,2475,UA,LAX,2,117,256,0,0,14,150,206,0,0,59
-1,5,20,2,17,2475,UA,LAX,2,117,256,0,0,14,150,206,0,0,59
-4,5,20,2,8,2475,UA,LAX,2,117,256,0,0,14,150,206,0,0,59
-2,5,20,2,6,2475,UA,LAX,2,117,256,0,0,14,150,206,0,0,59
-1,5,20,2,20,2475,UA,LAX,2,117,256,0,0,14,150,206,0,0,59
-11,6,16,1,8,2475,UA,LAX,18,172,272,0,0,13,167,217,0,0,40
22,6,16,1,11,2475,UA,LAX,18,172,272,0,0,13,167,217,0,0,40
4,6,16,1,20,2475,UA,LAX,18,172,272,0,0,13,167,217,0,0,40
-6,6,16,1,17,2475,UA,LAX,18,172,272,0,0,13,167,217,0,0,40
-4,6,16,1,6,2475,UA,LAX,18,172,272,0,0,13,167,217,0,0,40
-6,6,16,1,11,2475,AA,LAX,18,172,272,0,0,13,167,217,0,0,40
-4,6,16,1,17,2475,B6,LAX,18,172,272,0,0,13,167,217,0,0,40
-3,6,16,1,17,2475,AA,LAX,18,172,272,0,0,13,167,217,0,0,40
-7,6,16,1,15,2475,AA,LAX,18,172,272,0,0,13,167,217,0,0,40
-7,6,16,1,9,2475,AA,LAX,18,172,272,0,0,13,167,217,0,0,40
-5,6,16,1,8,2475,AA,LAX,18,172,272,0,0,13,167,217,0,0,40
-6,6,16,1,6,2475,AA,LAX,18,172,272,0,0,13,167,217,0,0,40
6,6,16,1,20,2475,B6,LAX,18,172,272,0,0,13,167,217,0,0,40
4,6,16,1,16,2475,AA,LAX,18,172,272,0,0,13,167,217,0,0,40
-3,6,16,1,7,2475,AA,LAX,18,172,272,0,0,13,167,217,0,0,40
-1,6,16,1,18,2475,AA,LAX,18,172,272,0,0,13,167,217,0,0,40
-6,6,16,1,10,2475,AA,LAX,18,172,272,0,0,13,167,217,0,0,40
-9,6,16,1,12,2475,AA,LAX,18,172,272,0,0,13,167,217,0,0,40
4,6,16,1,20,2475,AA,LAX,18,172,272,0,0,13,167,217,0,0,40
-5,6,16,1,19,2475,AA,LAX,18,172,272,0,0,13,167,217,0,0,40
0,6,16,1,6,2475,B6,LAX,18,172,272,0,0,13,167,217,0,0,40
-2,6,16,1,9,2475,B6,LAX,18,172,272,0,0,13,167,217,0,0,40
-5,6,16,1,20,2475,VX,LAX,18,172,272,0,0,13,167,217,0,0,40
-5,6,16,1,18,2475,DL,LAX,18,172,272,0,0,13,167,217,0,0,40
22,6,16,1,8,2475,DL,LAX,18,172,272,0,0,13,167,217,0,0,40
-1,6,16,1,9,2475,DL,LAX,18,172,272,0,0,13,167,217,0,0,40
6,6,16,1,12,2475,DL,LAX,18,172,272,0,0,13,167,217,0,0,40
1,6,16,1,7,2475,DL,LAX,18,172,272,0,0,13,167,217,0,0,40
15,6,16,1,21,2475,DL,LAX,18,172,272,0,0,13,167,217,0,0,40
1,6,16,1,16,2475,DL,LAX,18,172,272,0,0,13,167,217,0,0,40
2,6,16,1,15,2475,DL,LAX,18,172,272,0,0,13,167,217,0,0,40
10,6,16,1,14,2475,UA,LAX,18,172,272,0,0,13,167,217,0,0,40
-5,6,16,1,13,2475,VX,LAX,18,172,272,0,0,13,167,217,0,0,40
-3,6,16,1,11,2475,VX,LAX,18,172,272,0,0,13,167,217,0,0,40
-5,6,16,1,9,2475,VX,LAX,18,172,272,0,0,13,167,217,0,0,40
-1,6,16,1,7,2475,VX,LAX,18,172,272,0,0,13,167,217,0,0,40
0,6,16,1,16,2475,VX,LAX,18,172,272,0,0,13,167,217,0,0,40
27,6,21,6,18,2475,DL,LAX,13,167,256,0,0,22,178,239,0,0,30
3,6,21,6,16,2475,VX,LAX,13,167,256,0,0,22,178,239,0,0,30
-7,6,21,6,13,2475,VX,LAX,13,167,256,0,0,22,178,239,0,0,30
-7,6,21,6,11,2475,VX,LAX,13,167,256,0,0,22,178,239,0,0,30
-2,6,21,6,9,2475,VX,LAX,13,167,256,0,0,22,178,239,0,0,30
-4,6,21,6,7,2475,VX,LAX,13,167,256,0,0,22,178,239,0,0,30
-1,6,21,6,15,2475,DL,LAX,13,167,256,0,0,22,178,239,0,0,30
25,6,21,6,12,2475,DL,LAX,13,167,256,0,0,22,178,239,0,0,30
-2,6,21,6,9,2475,DL,LAX,13,167,256,0,0,22,178,239,0,0,30
39,6,21,6,8,2475,DL,LAX,13,167,256,0,0,22,178,239,0,0,30
96,6,21,6,18,2475,UA,LAX,13,167,256,0,0,22,178,239,0,0,30
0,6,21,6,6,2475,UA,LAX,13,167,256,0,0,22,178,239,0,0,30
-7,6,21,6,8,2475,UA,LAX,13,167,256,0,0,22,178,239,0,0,30
-6,6,21,6,11,2475,UA,LAX,13,167,256,0,0,22,178,239,0,0,30
-8,6,21,6,14,2475,UA,LAX,13,167,256,0,0,22,178,239,0,0,30
-5,6,21,6,9,2475,B6,LAX,13,167,256,0,0,22,178,239,0,0,30
-3,6,21,6,16,2475,B6,LAX,13,167,256,0,0,22,178,239,0,0,30
-6,6,21,6,20,2475,B6,LAX,13,167,256,0,0,22,178,239,0,0,30
-5,6,21,6,7,2475,AA,LAX,13,167,256,0,0,22,178,239,0,0,30
-6,6,21,6,16,2475,AA,LAX,13,167,256,0,0,22,178,239,0,0,30
-9,6,21,6,11,2475,AA,LAX,13,167,256,0,0,22,178,239,0,0,30
-8,6,21,6,8,2475,AA,LAX,13,167,256,0,0,22,178,239,0,0,30
-3,6,21,6,15,2475,AA,LAX,13,167,256,0,0,22,178,239,0,0,30
-5,6,21,6,12,2475,AA,LAX,13,167,256,0,0,22,178,239,0,0,30
8,6,21,6,12,2475,B6,LAX,13,167,256,0,0,22,178,239,0,0,30
-8,6,21,6,6,2475,B6,LAX,13,167,256,0,0,22,178,239,0,0,30
0,6,21,6,17,2475,AA,LAX,13,167,256,0,0,22,178,239,0,0,30
-4,6,21,6,9,2475,AA,LAX,13,167,256,0,0,22,178,239,0,0,30
-5,6,21,6,20,2475,AA,LAX,13,167,256,0,0,22,178,239,0,0,30
3,6,21,6,18,2475,AA,LAX,13,167,256,0,0,22,178,239,0,0,30
-6,6,21,6,10,2475,AA,LAX,13,167,256,0,0,22,178,239,0,0,30
-4,7,17,4,9,2475,VX,LAX,13,194,272,0,0,18,189,244,0,0,52
-1,7,17,4,11,2475,VX,LAX,13,194,272,0,0,18,189,244,0,0,52
-4,7,17,4,13,2475,VX,LAX,13,194,272,0,0,18,189,244,0,0,52
8,7,17,4,16,2475,VX,LAX,13,194,272,0,0,18,189,244,0,0,52
32,7,17,4,20,2475,VX,LAX,13,194,272,0,0,18,189,244,0,0,52
0,7,17,4,7,2475,VX,LAX,13,194,272,0,0,18,189,244,0,0,52
7,7,17,4,18,2475,AA,LAX,13,194,272,0,0,18,189,244,0,0,52
-2,7,17,4,6,2475,B6,LAX,13,194,272,0,0,18,189,244,0,0,52
-5,7,17,4,16,2475,B6,LAX,13,194,272,0,0,18,189,244,0,0,52
22,7,17,4,17,2475,AA,LAX,13,194,272,0,0,18,189,244,0,0,52
-7,7,17,4,10,2475,AA,LAX,13,194,272,0,0,18,189,244,0,0,52
-3,7,17,4,17,2475,UA,LAX,13,194,272,0,0,18,189,244,0,0,52
36,7,17,4,20,2475,UA,LAX,13,194,272,0,0,18,189,244,0,0,52
-8,7,17,4,8,2475,UA,LAX,13,194,272,0,0,18,189,244,0,0,52
7,7,17,4,6,2475,UA,LAX,13,194,272,0,0,18,189,244,0,0,52
7,7,17,4,9,2475,AA,LAX,13,194,272,0,0,18,189,244,0,0,52
-9,7,17,4,19,2475,AA,LAX,13,194,272,0,0,18,189,244,0,0,52
-2,7,17,4,6,2475,AA,LAX,13,194,272,0,0,18,189,244,0,0,52
-3,7,17,4,20,2475,AA,LAX,13,194,272,0,0,18,189,244,0,0,52
0,7,17,4,8,2475,AA,LAX,13,194,272,0,0,18,189,244,0,0,52
32,7,17,4,16,2475,DL,LAX,13,194,272,0,0,18,189,244,0,0,52
-1,7,17,4,8,2475,DL,LAX,13,194,272,0,0,18,189,244,0,0,52
41,7,17,4,21,2475,DL,LAX,13,194,272,0,0,18,189,244,0,0,52
39,7,17,4,15,2475,DL,LAX,13,194,272,0,0,18,189,244,0,0,52
-3,7,17,4,7,2475,DL,LAX,13,194,272,0,0,18,189,244,0,0,52
-2,7,17,4,12,2475,DL,LAX,13,194,272,0,0,18,189,244,0,0,52
58,7,17,4,9,2475,DL,LAX,13,194,272,0,0,18,189,244,0,0,52
33,7,17,4,18,2475,DL,LAX,13,194,272,0,0,18,189,244,0,0,52
-3,7,17,4,12,2475,AA,LAX,13,194,272,0,0,18,189,244,0,0,52
-6,7,17,4,15,2475,AA,LAX,13,194,272,0,0,18,189,244,0,0,52
1,7,17,4,7,2475,AA,LAX,13,194,272,0,0,18,189,244,0,0,52
9,7,17,4,16,2475,AA,LAX,13,194,272,0,0,18,189,244,0,0,52
-6,7,17,4,11,2475,AA,LAX,13,194,272,0,0,18,189,244,0,0,52
31,7,17,4,20,2475,B6,LAX,13,194,272,0,0,18,189,244,0,0,52
-1,7,17,4,12,2475,B6,LAX,13,194,272,0,0,18,189,244,0,0,52
-2,7,17,4,9,2475,B6,LAX,13,194,272,0,0,18,189,244,0,0,52
-7,7,17,4,14,2475,UA,LAX,13,194,272,0,0,18,189,244,0,0,52
-4,7,17,4,11,2475,UA,LAX,13,194,272,0,0,18,189,244,0,0,52
-2,7,22,2,17,2475,UA,LAX,18,217,300,0,0,17,189,250,0,0,40
-9,7,22,2,20,2475,UA,LAX,18,217,300,0,0,17,189,250,0,0,40
-6,7,22,2,8,2475,UA,LAX,18,217,300,0,0,17,189,250,0,0,40
4,7,22,2,6,2475,UA,LAX,18,217,300,0,0,17,189,250,0,0,40
-3,7,22,2,14,2475,UA,LAX,18,217,300,0,0,17,189,250,0,0,40
0,7,22,2,11,2475,UA,LAX,18,217,300,0,0,17,189,250,0,0,40
-5,7,22,2,19,2475,AA,LAX,18,217,300,0,0,17,189,250,0,0,40
-6,7,22,2,20,2475,AA,LAX,18,217,300,0,0,17,189,250,0,0,40
-3,7,22,2,12,2475,B6,LAX,18,217,300,0,0,17,189,250,0,0,40
47,7,22,2,8,2475,DL,LAX,18,217,300,0,0,17,189,250,0,0,40
-2,7,22,2,7,2475,AA,LAX,18,217,300,0,0,17,189,250,0,0,40
-1,7,22,2,18,2475,DL,LAX,18,217,300,0,0,17,189,250,0,0,40
-4,7,22,2,9,2475,DL,LAX,18,217,300,0,0,17,189,250,0,0,40
-3,7,22,2,12,2475,DL,LAX,18,217,300,0,0,17,189,250,0,0,40
-5,7,22,2,16,2475,AA,LAX,18,217,300,0,0,17,189,250,0,0,40
-7,7,22,2,10,2475,AA,LAX,18,217,300,0,0,17,189,250,0,0,40
0,7,22,2,17,2475,AA,LAX,18,217,300,0,0,17,189,250,0,0,40
-2,7,22,2,7,2475,DL,LAX,18,217,300,0,0,17,189,250,0,0,40
-6,7,22,2,12,2475,AA,LAX,18,217,300,0,0,17,189,250,0,0,40
-1,7,22,2,15,2475,DL,LAX,18,217,300,0,0,17,189,250,0,0,40
-12,7,22,2,11,2475,AA,LAX,18,217,300,0,0,17,189,250,0,0,40
4,7,22,2,21,2475,DL,LAX,18,217,300,0,0,17,189,250,0,0,40
-5,7,22,2,6,2475,AA,LAX,18,217,300,0,0,17,189,250,0,0,40
-1,7,22,2,15,2475,AA,LAX,18,217,300,0,0,17,189,250,0,0,40
1,7,22,2,16,2475,DL,LAX,18,217,300,0,0,17,189,250,0,0,40
0,7,22,2,20,2475,B6,LAX,18,217,300,0,0,17,189,250,0,0,40
11,7,22,2,6,2475,B6,LAX,18,217,300,0,0,17,189,250,0,0,40
1,7,22,2,9,2475,B6,LAX,18,217,300,0,0,17,189,250,0,0,40
-5,7,22,2,16,2475,B6,LAX,18,217,300,0,0,17,189,250,0,0,40
-6,7,22,2,18,2475,AA,LAX,18,217,300,0,0,17,189,250,0,0,40
-6,7,22,2,9,2475,AA,LAX,18,217,300,0,0,17,189,250,0,0,40
-6,7,22,2,8,2475,AA,LAX,18,217,300,0,0,17,189,250,0,0,40
12,7,22,2,20,2475,VX,LAX,18,217,300,0,0,17,189,250,0,0,40
-3,7,22,2,16,2475,VX,LAX,18,217,300,0,0,17,189,250,0,0,40
-3,7,22,2,13,2475,VX,LAX,18,217,300,0,0,17,189,250,0,0,40
-2,7,22,2,11,2475,VX,LAX,18,217,300,0,0,17,189,250,0,0,40
-9,7,22,2,9,2475,VX,LAX,18,217,300,0,0,17,189,250,0,0,40
-2,7,22,2,7,2475,VX,LAX,18,217,300,0,0,17,189,250,0,0,40
114,8,18,1,15,2475,DL,LAX,14,172,272,0,0,20,189,250,0,0,28
-6,8,18,1,14,2475,UA,LAX,14,172,272,0,0,20,189,250,0,0,28
141,8,18,1,11,2475,UA,LAX,14,172,272,0,0,20,189,250,0,0,28
-7,8,18,1,18,2475,DL,LAX,14,172,272,0,0,20,189,250,0,0,28
-3,8,18,1,16,2475,DL,LAX,14,172,272,0,0,20,189,250,0,0,28
0,8,18,1,8,2475,DL,LAX,14,172,272,0,0,20,189,250,0,0,28
12,8,18,1,21,2475,DL,LAX,14,172,272,0,0,20,189,250,0,0,28
-1,8,18,1,9,2475,DL,LAX,14,172,272,0,0,20,189,250,0,0,28
-1,8,18,1,7,2475,VX,LAX,14,172,272,0,0,20,189,250,0,0,28
-8,8,18,1,9,2475,VX,LAX,14,172,272,0,0,20,189,250,0,0,28
5,8,18,1,11,2475,VX,LAX,14,172,272,0,0,20,189,250,0,0,28
-4,8,18,1,13,2475,VX,LAX,14,172,272,0,0,20,189,250,0,0,28
-2,8,18,1,16,2475,VX,LAX,14,172,272,0,0,20,189,250,0,0,28
-5,8,18,1,20,2475,VX,LAX,14,172,272,0,0,20,189,250,0,0,28
8,8,18,1,12,2475,DL,LAX,14,172,272,0,0,20,189,250,0,0,28
-4,8,18,1,7,2475,DL,LAX,14,172,272,0,0,20,189,250,0,0,28
0,8,18,1,17,2475,UA,LAX,14,172,272,0,0,20,189,250,0,0,28
-7,8,18,1,8,2475,UA,LAX,14,172,272,0,0,20,189,250,0,0,28
0,8,18,1,6,2475,UA,LAX,14,172,272,0,0,20,189,250,0,0,28
11,8,18,1,20,2475,UA,LAX,14,172,272,0,0,20,189,250,0,0,28
-3,8,18,1,7,2475,AA,LAX,14,172,272,0,0,20,189,250,0,0,28
0,8,18,1,12,2475,B6,LAX,14,172,272,0,0,20,189,250,0,0,28
-5,8,18,1,16,2475,AA,LAX,14,172,272,0,0,20,189,250,0,0,28
26,8,18,1,20,2475,AA,LAX,14,172,272,0,0,20,189,250,0,0,28
-6,8,18,1,11,2475,AA,LAX,14,172,272,0,0,20,189,250,0,0,28
-6,8,18,1,9,2475,B6,LAX,14,172,272,0,0,20,189,250,0,0,28
-7,8,18,1,17,2475,AA,LAX,14,172,272,0,0,20,189,250,0,0,28
97,8,18,1,15,2475,AA,LAX,14,172,272,0,0,20,189,250,0,0,28
15,8,18,1,16,2475,B6,LAX,14,172,272,0,0,20,189,250,0,0,28
-5,8,18,1,19,2475,AA,LAX,14,172,272,0,0,20,189,250,0,0,28
-4,8,18,1,18,2475,AA,LAX,14,172,272,0,0,20,189,250,0,0,28
-1,8,18,1,10,2475,AA,LAX,14,172,272,0,0,20,189,250,0,0,28
-9,8,18,1,12,2475,AA,LAX,14,172,272,0,0,20,189,250,0,0,28
-1,8,18,1,9,2475,AA,LAX,14,172,272,0,0,20,189,250,0,0,28
37,8,18,1,20,2475,B6,LAX,14,172,272,0,0,20,189,250,0,0,28
-1,8,18,1,8,2475,AA,LAX,14,172,272,0,0,20,189,250,0,0,28
-4,8,18,1,6,2475,B6,LAX,14,172,272,0,0,20,189,250,0,0,28
-5,8,18,1,6,2475,AA,LAX,14,172,272,0,0,20,189,250,0,0,28
-4,8,23,6,7,2475,VX,LAX,9,194,250,3,0,21,189,244,0,0,33
-9,8,23,6,18,2475,DL,LAX,9,194,250,3,0,21,189,244,0,0,33
-3,8,23,6,9,2475,DL,LAX,9,194,250,3,0,21,189,244,0,0,33
28,8,23,6,12,2475,DL,LAX,9,194,250,3,0,21,189,244,0,0,33
-6,8,23,6,15,2475,DL,LAX,9,194,250,3,0,21,189,244,0,0,33
2,8,23,6,8,2475,UA,LAX,9,194,250,3,0,21,189,244,0,0,33
-3,8,23,6,6,2475,UA,LAX,9,194,250,3,0,21,189,244,0,0,33
-7,8,23,6,14,2475,UA,LAX,9,194,250,3,0,21,189,244,0,0,33
112,8,23,6,11,2475,UA,LAX,9,194,250,3,0,21,189,244,0,0,33
3,8,23,6,8,2475,DL,LAX,9,194,250,3,0,21,189,244,0,0,33
7,8,23,6,18,2475,UA,LAX,9,194,250,3,0,21,189,244,0,0,33
-3,8,23,6,16,2475,VX,LAX,9,194,250,3,0,21,189,244,0,0,33
44,8,23,6,13,2475,VX,LAX,9,194,250,3,0,21,189,244,0,0,33
70,8,23,6,11,2475,VX,LAX,9,194,250,3,0,21,189,244,0,0,33
-3,8,23,6,9,2475,VX,LAX,9,194,250,3,0,21,189,244,0,0,33
66,8,23,6,17,2475,AA,LAX,9,194,250,3,0,21,189,244,0,0,33
58,8,23,6,18,2475,AA,LAX,9,194,250,3,0,21,189,244,0,0,33
-1,8,23,6,20,2475,B6,LAX,9,194,250,3,0,21,189,244,0,0,33
-10,8,23,6,16,2475,B6,LAX,9,194,250,3,0,21,189,244,0,0,33
109,8,23,6,8,2475,AA,LAX,9,194,250,3,0,21,189,244,0,0,33
-5,8,23,6,12,2475,B6,LAX,9,194,250,3,0,21,189,244,0,0,33
-3,8,23,6,9,2475,B6,LAX,9,194,250,3,0,21,189,244,0,0,33
50,8,23,6,20,2475,AA,LAX,9,194,250,3,0,21,189,244,0,0,33
-7,8,23,6,14,2475,AA,LAX,9,194,250,3,0,21,189,244,0,0,33
-3,8,23,6,16,2475,AA,LAX,9,194,250,3,0,21,189,244,0,0,33
1,8,23,6,6,2475,B6,LAX,9,194,250,3,0,21,189,244,0,0,33
-10,8,23,6,9,2475,AA,LAX,9,194,250,3,0,21,189,244,0,0,33
71,8,23,6,12,2475,AA,LAX,9,194,250,3,0,21,189,244,0,0,33
45,8,23,6,19,2475,AA,LAX,9,194,250,3,0,21,189,244,0,0,33
-7,8,23,6,7,2475,AA,LAX,9,194,250,3,0,21,189,244,0,0,33
66,8,23,6,11,2475,AA,LAX,9,194,250,3,0,21,189,244,0,0,33
-3,8,23,6,10,2475,AA,LAX,9,194,250,3,0,21,189,244,0,0,33
-9,9,1,1,9,2475,AA,LAX,0,239,311,0,0,13,206,261,0,0,27
-4,9,1,1,11,2475,VX,LAX,0,239,311,0,0,13,206,261,0,0,27
-8,9,1,1,6,2475,AA,LAX,0,239,311,0,0,13,206,261,0,0,27
-7,9,1,1,12,2475,AA,LAX,0,239,311,0,0,13,206,261,0,0,27
-3,9,1,1,8,2475,AA,LAX,0,239,311,0,0,13,206,261,0,0,27
3,9,1,1,17,2475,AA,LAX,0,239,311,0,0,13,206,261,0,0,27
-9,9,1,1,7,2475,AA,LAX,0,239,311,0,0,13,206,261,0,0,27
19,9,1,1,16,2475,B6,LAX,0,239,311,0,0,13,206,261,0,0,27
-5,9,1,1,11,2475,AA,LAX,0,239,311,0,0,13,206,261,0,0,27
-2,9,1,1,12,2475,B6,LAX,0,239,311,0,0,13,206,261,0,0,27
-3,9,1,1,13,2475,VX,LAX,0,239,311,0,0,13,206,261,0,0,27
-4,9,1,1,10,2475,AA,LAX,0,239,311,0,0,13,206,261,0,0,27
-6,9,1,1,20,2475,B6,LAX,0,239,311,0,0,13,206,261,0,0,27
-5,9,1,1,20,2475,AA,LAX,0,239,311,0,0,13,206,261,0,0,27
27,9,1,1,9,2475,VX,LAX,0,239,311,0,0,13,206,261,0,0,27
-3,9,1,1,9,2475,B6,LAX,0,239,311,0,0,13,206,261,0,0,27
-7,9,1,1,16,2475,AA,LAX,0,239,311,0,0,13,206,261,0,0,27
-4,9,1,1,14,2475,AA,LAX,0,239,311,0,0,13,206,261,0,0,27
-5,9,1,1,18,2475,AA,LAX,0,239,311,0,0,13,206,261,0,0,27
-7,9,1,1,19,2475,AA,LAX,0,239,311,0,0,13,206,261,0,0,27
-6,9,1,1,20,2475,VX,LAX,0,239,311,0,0,13,206,261,0,0,27
0,9,1,1,16,2475,VX,LAX,0,239,311,0,0,13,206,261,0,0,27
3,9,1,1,9,2475,DL,LAX,0,239,311,0,0,13,206,261,0,0,27
16,9,1,1,7,2475,DL,LAX,0,239,311,0,0,13,206,261,0,0,27
-2,9,1,1,12,2475,DL,LAX,0,239,311,0,0,13,206,261,0,0,27
5,9,1,1,18,2475,DL,LAX,0,239,311,0,0,13,206,261,0,0,27
18,9,1,1,21,2475,DL,LAX,0,239,311,0,0,13,206,261,0,0,27
0,9,1,1,6,2475,B6,LAX,0,239,311,0,0,13,206,261,0,0,27
-2,9,1,1,16,2475,DL,LAX,0,239,311,0,0,13,206,261,0,0,27
-5,9,1,1,8,2475,DL,LAX,0,239,311,0,0,13,206,261,0,0,27
-1,9,1,1,15,2475,DL,LAX,0,239,311,0,0,13,206,261,0,0,27
29,9,1,1,14,2475,UA,LAX,0,239,311,0,0,13,206,261,0,0,27
-5,9,1,1,11,2475,UA,LAX,0,239,311,0,0,13,206,261,0,0,27
-6,9,1,1,17,2475,UA,LAX,0,239,311,0,0,13,206,261,0,0,27
0,9,1,1,20,2475,UA,LAX,0,239,311,0,0,13,206,261,0,0,27
-4,9,1,1,8,2475,UA,LAX,0,239,311,0,0,13,206,261,0,0,27
29,9,1,1,6,2475,UA,LAX,0,239,311,0,0,13,206,261,0,0,27
-2,9,19,5,14,2475,UA,LAX,18,122,189,0,0,34,194,250,0,0,34
-6,9,19,5,6,2475,UA,LAX,18,122,189,0,0,34,194,250,0,0,34
-5,9,19,5,9,2475,VX,LAX,18,122,189,0,0,34,194,250,0,0,34
-4,9,19,5,7,2475,VX,LAX,18,122,189,0,0,34,194,250,0,0,34
-5,9,19,5,18,2475,AA,LAX,18,122,189,0,0,34,194,250,0,0,34
-6,9,19,5,10,2475,AA,LAX,18,122,189,0,0,34,194,250,0,0,34
-3,9,19,5,11,2475,AA,LAX,18,122,189,0,0,34,194,250,0,0,34
-5,9,19,5,9,2475,AA,LAX,18,122,189,0,0,34,194,250,0,0,34
-7,9,19,5,19,2475,AA,LAX,18,122,189,0,0,34,194,250,0,0,34
1,9,19,5,16,2475,AA,LAX,18,122,189,0,0,34,194,250,0,0,34
1,9,19,5,20,2475,VX,LAX,18,122,189,0,0,34,194,250,0,0,34
-4,9,19,5,14,2475,AA,LAX,18,122,189,0,0,34,194,250,0,0,34
-1,9,19,5,20,2475,AA,LAX,18,122,189,0,0,34,194,250,0,0,34
-3,9,19,5,11,2475,B6,LAX,18,122,189,0,0,34,194,250,0,0,34
-9,9,19,5,9,2475,B6,LAX,18,122,189,0,0,34,194,250,0,0,34
-2,9,19,5,8,2475,UA,LAX,18,122,189,0,0,34,194,250,0,0,34
6,9,19,5,8,2475,B6,LAX,18,122,189,0,0,34,194,250,0,0,34
-1,9,19,5,16,2475,VX,LAX,18,122,189,0,0,34,194,250,0,0,34
-6,9,19,5,7,2475,AA,LAX,18,122,189,0,0,34,194,250,0,0,34
-3,9,19,5,12,2475,AA,LAX,18,122,189,0,0,34,194,250,0,0,34
-9,9,19,5,6,2475,AA,LAX,18,122,189,0,0,34,194,250,0,0,34
-5,9,19,5,11,2475,VX,LAX,18,122,189,0,0,34,194,250,0,0,34
-7,9,19,5,13,2475,VX,LAX,18,122,189,0,0,34,194,250,0,0,34
2,9,19,5,16,2475,B6,LAX,18,122,189,0,0,34,194,250,0,0,34
-4,9,19,5,8,2475,AA,LAX,18,122,189,0,0,34,194,250,0,0,34
-3,9,19,5,17,2475,UA,LAX,18,122,189,0,0,34,194,250,0,0,34
-1,9,19,5,20,2475,B6,LAX,18,122,189,0,0,34,194,250,0,0,34
1,9,19,5,17,2475,AA,LAX,18,122,189,0,0,34,194,250,0,0,34
-5,9,19,5,20,2475,UA,LAX,18,122,189,0,0,34,194,250,0,0,34
0,9,19,5,11,2475,UA,LAX,18,122,189,0,0,34,194,250,0,0,34
-2,9,19,5,9,2475,DL,LAX,18,122,189,0,0,34,194,250,0,0,34
50,9,19,5,18,2475,DL,LAX,18,122,189,0,0,34,194,250,0,0,34
-9,9,19,5,6,2475,B6,LAX,18,122,189,0,0,34,194,250,0,0,34
-1,9,19,5,15,2475,DL,LAX,18,122,189,0,0,34,194,250,0,0,34
-2,9,19,5,8,2475,DL,LAX,18,122,189,0,0,34,194,250,0,0,34
36,9,19,5,21,2475,DL,LAX,18,122,189,0,0,34,194,250,0,0,34
-1,9,19,5,16,2475,DL,LAX,18,122,189,0,0,34,194,250,0,0,34
-3,9,19,5,7,2475,DL,LAX,18,122,189,0,0,34,194,250,0,0,34
-3,9,19,5,12,2475,DL,LAX,18,122,189,0,0,34,194,250,0,0,34
-8,9,24,3,6,2475,B6,LAX,19,144,217,0,0,25,178,256,0,0,30
-1,9,24,3,9,2475,DL,LAX,19,144,217,0,0,25,178,256,0,0,30
-3,9,24,3,12,2475,DL,LAX,19,144,217,0,0,25,178,256,0,0,30
51,9,24,3,18,2475,DL,LAX,19,144,217,0,0,25,178,256,0,0,30
-8,9,24,3,7,2475,DL,LAX,19,144,217,0,0,25,178,256,0,0,30
-4,9,24,3,16,2475,DL,LAX,19,144,217,0,0,25,178,256,0,0,30
-7,9,24,3,21,2475,DL,LAX,19,144,217,0,0,25,178,256,0,0,30
-6,9,24,3,8,2475,DL,LAX,19,144,217,0,0,25,178,256,0,0,30
27,9,24,3,15,2475,DL,LAX,19,144,217,0,0,25,178,256,0,0,30
-4,9,24,3,8,2475,UA,LAX,19,144,217,0,0,25,178,256,0,0,30
4,9,24,3,20,2475,UA,LAX,19,144,217,0,0,25,178,256,0,0,30
0,9,24,3,14,2475,UA,LAX,19,144,217,0,0,25,178,256,0,0,30
-2,9,24,3,6,2475,UA,LAX,19,144,217,0,0,25,178,256,0,0,30
-6,9,24,3,11,2475,UA,LAX,19,144,217,0,0,25,178,256,0,0,30
2,9,24,3,17,2475,UA,LAX,19,144,217,0,0,25,178,256,0,0,30
27,9,24,3,20,2475,VX,LAX,19,144,217,0,0,25,178,256,0,0,30
-9,9,24,3,9,2475,AA,LAX,19,144,217,0,0,25,178,256,0,0,30
-10,9,24,3,12,2475,AA,LAX,19,144,217,0,0,25,178,256,0,0,30
-4,9,24,3,19,2475,AA,LAX,19,144,217,0,0,25,178,256,0,0,30
-7,9,24,3,10,2475,AA,LAX,19,144,217,0,0,25,178,256,0,0,30
-6,9,24,3,9,2475,VX,LAX,19,144,217,0,0,25,178,256,0,0,30
-9,9,24,3,9,2475,B6,LAX,19,144,217,0,0,25,178,256,0,0,30
36,9,24,3,17,2475,AA,LAX,19,144,217,0,0,25,178,256,0,0,30
-2,9,24,3,7,2475,VX,LAX,19,144,217,0,0,25,178,256,0,0,30
-9,9,24,3,11,2475,B6,LAX,19,144,217,0,0,25,178,256,0,0,30
18,9,24,3,16,2475,B6,LAX,19,144,217,0,0,25,178,256,0,0,30
-5,9,24,3,8,2475,B6,LAX,19,144,217,0,0,25,178,256,0,0,30
99,9,24,3,14,2475,AA,LAX,19,144,217,0,0,25,178,256,0,0,30
0,9,24,3,20,2475,AA,LAX,19,144,217,0,0,25,178,256,0,0,30
-4,9,24,3,13,2475,VX,LAX,19,144,217,0,0,25,178,256,0,0,30
-7,9,24,3,20,2475,B6,LAX,19,144,217,0,0,25,178,256,0,0,30
-7,9,24,3,6,2475,AA,LAX,19,144,217,0,0,25,178,256,0,0,30
10,9,24,3,16,2475,AA,LAX,19,144,217,0,0,25,178,256,0,0,30
23,9,24,3,16,2475,VX,LAX,19,144,217,0,0,25,178,256,0,0,30
37,9,24,3,7,2475,AA,LAX,19,144,217,0,0,25,178,256,0,0,30
-9,9,24,3,11,2475,AA,LAX,19,144,217,0,0,25,178,256,0,0,30
-3,9,24,3,18,2475,AA,LAX,19,144,217,0,0,25,178,256,0,0,30
-2,9,24,3,8,2475,AA,LAX,19,144,217,0,0,25,178,256,0,0,30
10,10,15,3,16,2475,DL,LAX,2,206,250,175,0,23,172,233,0,0,38
-4,10,15,3,7,2475,DL,LAX,2,206,250,175,0,23,172,233,0,0,38
-4,10,15,3,12,2475,DL,LAX,2,206,250,175,0,23,172,233,0,0,38
-5,10,15,3,9,2475,DL,LAX,2,206,250,175,0,23,172,233,0,0,38
-5,10,15,3,10,2475,AA,LAX,2,206,250,175,0,23,172,233,0,0,38
-2,10,15,3,20,2475,B6,LAX,2,206,250,175,0,23,172,233,0,0,38
-4,10,15,3,16,2475,B6,LAX,2,206,250,175,0,23,172,233,0,0,38
-10,10,15,3,8,2475,B6,LAX,2,206,250,175,0,23,172,233,0,0,38
-3,10,15,3,6,2475,B6,LAX,2,206,250,175,0,23,172,233,0,0,38
-1,10,15,3,11,2475,B6,LAX,2,206,250,175,0,23,172,233,0,0,38
-3,10,15,3,9,2475,B6,LAX,2,206,250,175,0,23,172,233,0,0,38
-7,10,15,3,6,2475,AA,LAX,2,206,250,175,0,23,172,233,0,0,38
-10,10,15,3,8,2475,DL,LAX,2,206,250,175,0,23,172,233,0,0,38
9,10,15,3,15,2475,DL,LAX,2,206,250,175,0,23,172,233,0,0,38
25,10,15,3,21,2475,DL,LAX,2,206,250,175,0,23,172,233,0,0,38
-1,10,15,3,18,2475,DL,LAX,2,206,250,175,0,23,172,233,0,0,38
-5,10,15,3,17,2475,AA,LAX,2,206,250,175,0,23,172,233,0,0,38
-9,10,15,3,7,2475,AA,LAX,2,206,250,175,0,23,172,233,0,0,38
-8,10,15,3,11,2475,UA,LAX,2,206,250,175,0,23,172,233,0,0,38
-5,10,15,3,12,2475,AA,LAX,2,206,250,175,0,23,172,233,0,0,38
-4,10,15,3,16,2475,AA,LAX,2,206,250,175,0,23,172,233,0,0,38
2,10,15,3,14,2475,UA,LAX,2,206,250,175,0,23,172,233,0,0,38
-4,10,15,3,20,2475,AA,LAX,2,206,250,175,0,23,172,233,0,0,38
-6,10,15,3,19,2475,AA,LAX,2,206,250,175,0,23,172,233,0,0,38
-5,10,15,3,7,2475,VX,LAX,2,206,250,175,0,23,172,233,0,0,38
-6,10,15,3,9,2475,VX,LAX,2,206,250,175,0,23,172,233,0,0,38
-10,10,15,3,11,2475,AA,LAX,2,206,250,175,0,23,172,233,0,0,38
-4,10,15,3,8,2475,AA,LAX,2,206,250,175,0,23,172,233,0,0,38
-6,10,15,3,8,2475,UA,LAX,2,206,250,175,0,23,172,233,0,0,38
-4,10,15,3,18,2475,AA,LAX,2,206,250,175,0,23,172,233,0,0,38
0,10,15,3,13,2475,VX,LAX,2,206,250,175,0,23,172,233,0,0,38
2,10,15,3,16,2475,VX,LAX,2,206,250,175,0,23,172,233,0,0,38
-3,10,15,3,20,2475,VX,LAX,2,206,250,175,0,23,172,233,0,0,38
-2,10,15,3,20,2475,UA,LAX,2,206,250,175,0,23,172,233,0,0,38
5,10,15,3,17,2475,UA,LAX,2,206,250,175,0,23,172,233,0,0,38
-2,10,15,3,6,2475,UA,LAX,2,206,250,175,0,23,172,233,0,0,38
-4,10,15,3,14,2475,AA,LAX,2,206,250,175,0,23,172,233,0,0,38
-11,10,15,3,9,2475,AA,LAX,2,206,250,175,0,23,172,233,0,0,38
-4,10,20,1,9,2475,VX,LAX,7,56,156,0,0,17,183,228,0,0,27
5,10,20,1,20,2475,AA,LAX,7,56,156,0,0,17,183,228,0,0,27
8,10,20,1,20,2475,VX,LAX,7,56,156,0,0,17,183,228,0,0,27
7,10,20,1,8,2475,AA,LAX,7,56,156,0,0,17,183,228,0,0,27
-2,10,20,1,11,2475,AA,LAX,7,56,156,0,0,17,183,228,0,0,27
-5,10,20,1,19,2475,AA,LAX,7,56,156,0,0,17,183,228,0,0,27
-7,10,20,1,9,2475,AA,LAX,7,56,156,0,0,17,183,228,0,0,27
0,10,20,1,17,2475,UA,LAX,7,56,156,0,0,17,183,228,0,0,27
-1,10,20,1,11,2475,UA,LAX,7,56,156,0,0,17,183,228,0,0,27
-3,10,20,1,6,2475,UA,LAX,7,56,156,0,0,17,183,228,0,0,27
-3,10,20,1,8,2475,UA,LAX,7,56,156,0,0,17,183,228,0,0,27
1,10,20,1,16,2475,VX,LAX,7,56,156,0,0,17,183,228,0,0,27
5,10,20,1,7,2475,VX,LAX,7,56,156,0,0,17,183,228,0,0,27
7,10,20,1,17,2475,AA,LAX,7,56,156,0,0,17,183,228,0,0,27
1,10,20,1,13,2475,VX,LAX,7,56,156,0,0,17,183,228,0,0,27
1,10,20,1,11,2475,VX,LAX,7,56,156,0,0,17,183,228,0,0,27
-2,10,20,1,12,2475,AA,LAX,7,56,156,0,0,17,183,228,0,0,27
-2,10,20,1,20,2475,UA,LAX,7,56,156,0,0,17,183,228,0,0,27
6,10,20,1,16,2475,AA,LAX,7,56,156,0,0,17,183,228,0,0,27
28,10,20,1,14,2475,AA,LAX,7,56,156,0,0,17,183,228,0,0,27
-4,10,20,1,14,2475,UA,LAX,7,56,156,0,0,17,183,228,0,0,27
-11,10,20,1,7,2475,AA,LAX,7,56,156,0,0,17,183,228,0,0,27
-2,10,20,1,18,2475,AA,LAX,7,56,156,0,0,17,183,228,0,0,27
-3,10,20,1,21,2475,B6,LAX,7,56,156,0,0,17,183,228,0,0,27
-9,10,20,1,10,2475,AA,LAX,7,56,156,0,0,17,183,228,0,0,27
0,10,20,1,18,2475,DL,LAX,7,56,156,0,0,17,183,228,0,0,27
-5,10,20,1,16,2475,DL,LAX,7,56,156,0,0,17,183,228,0,0,27
-6,10,20,1,9,2475,DL,LAX,7,56,156,0,0,17,183,228,0,0,27
18,10,20,1,12,2475,DL,LAX,7,56,156,0,0,17,183,228,0,0,27
-1,10,20,1,7,2475,DL,LAX,7,56,156,0,0,17,183,228,0,0,27
-4,10,20,1,21,2475,DL,LAX,7,56,156,0,0,17,183,228,0,0,27
-2,10,20,1,15,2475,DL,LAX,7,56,156,0,0,17,183,228,0,0,27
-9,10,20,1,8,2475,DL,LAX,7,56,156,0,0,17,183,228,0,0,27
-6,10,20,1,6,2475,AA,LAX,7,56,156,0,0,17,183,228,0,0,27
-9,10,20,1,6,2475,B6,LAX,7,56,156,0,0,17,183,228,0,0,27
-4,10,20,1,8,2475,B6,LAX,7,56,156,0,0,17,183,228,0,0,27
3,10,20,1,9,2475,B6,LAX,7,56,156,0,0,17,183,228,0,0,27
0,10,20,1,11,2475,B6,LAX,7,56,156,0,0,17,183,228,0,0,27
-5,10,20,1,16,2475,B6,LAX,7,56,156,0,0,17,183,228,0,0,27
-3,11,16,7,15,2475,B6,LAX,5,17,72,8,0,17,133,222,0,0,26
-7,11,16,7,6,2475,B6,LAX,5,17,72,8,0,17,133,222,0,0,26
-10,11,16,7,10,2475,AA,LAX,5,17,72,8,0,17,133,222,0,0,26
-5,11,16,7,7,2475,B6,LAX,5,17,72,8,0,17,133,222,0,0,26
-1,11,16,7,18,2475,AA,LAX,5,17,72,8,0,17,133,222,0,0,26
8,11,16,7,21,2475,B6,LAX,5,17,72,8,0,17,133,222,0,0,26
-1,11,16,7,9,2475,DL,LAX,5,17,72,8,0,17,133,222,0,0,26
0,11,16,7,15,2475,DL,LAX,5,17,72,8,0,17,133,222,0,0,26
27,11,16,7,18,2475,DL,LAX,5,17,72,8,0,17,133,222,0,0,26
-6,11,16,7,8,2475,DL,LAX,5,17,72,8,0,17,133,222,0,0,26
-4,11,16,7,21,2475,DL,LAX,5,17,72,8,0,17,133,222,0,0,26
-4,11,16,7,7,2475,DL,LAX,5,17,72,8,0,17,133,222,0,0,26
-2,11,16,7,14,2475,UA,LAX,5,17,72,8,0,17,133,222,0,0,26
-5,11,16,7,20,2475,AA,LAX,5,17,72,8,0,17,133,222,0,0,26
-6,11,16,7,11,2475,UA,LAX,5,17,72,8,0,17,133,222,0,0,26
12,11,16,7,17,2475,UA,LAX,5,17,72,8,0,17,133,222,0,0,26
-3,11,16,7,9,2475,AA,LAX,5,17,72,8,0,17,133,222,0,0,26
15,11,16,7,19,2475,UA,LAX,5,17,72,8,0,17,133,222,0,0,26
-1,11,16,7,8,2475,UA,LAX,5,17,72,8,0,17,133,222,0,0,26
-5,11,16,7,8,2475,AA,LAX,5,17,72,8,0,17,133,222,0,0,26
-8,11,16,7,18,2475,B6,LAX,5,17,72,8,0,17,133,222,0,0,26
-9,11,16,7,12,2475,AA,LAX,5,17,72,8,0,17,133,222,0,0,26
-8,11,16,7,16,2475,AA,LAX,5,17,72,8,0,17,133,222,0,0,26
-7,11,16,7,14,2475,AA,LAX,5,17,72,8,0,17,133,222,0,0,26
-5,11,16,7,16,2475,DL,LAX,5,17,72,8,0,17,133,222,0,0,26
-4,11,16,7,17,2475,AA,LAX,5,17,72,8,0,17,133,222,0,0,26
-2,11,16,7,7,2475,AA,LAX,5,17,72,8,0,17,133,222,0,0,26
-7,11,16,7,6,2475,AA,LAX,5,17,72,8,0,17,133,222,0,0,26
-4,11,16,7,11,2475,DL,LAX,5,17,72,8,0,17,133,222,0,0,26
-4,11,16,7,11,2475,AA,LAX,5,17,72,8,0,17,133,222,0,0,26
82,11,16,7,20,2475,AA,LAX,5,17,72,8,0,17,133,222,0,0,26
-2,11,16,7,9,2475,B6,LAX,5,17,72,8,0,17,133,222,0,0,26
-5,11,16,7,20,2475,VX,LAX,5,17,72,8,0,17,133,222,0,0,26
-6,11,16,7,7,2475,VX,LAX,5,17,72,8,0,17,133,222,0,0,26
0,11,16,7,9,2475,VX,LAX,5,17,72,8,0,17,133,222,0,0,26
-3,11,16,7,13,2475,VX,LAX,5,17,72,8,0,17,133,222,0,0,26
-4,11,16,7,16,2475,VX,LAX,5,17,72,8,0,17,133,222,0,0,26
-1,11,21,5,7,2475,VX,LAX,6,-21,28,0,0,34,139,206,0,0,34
2,11,21,5,9,2475,VX,LAX,6,-21,28,0,0,34,139,206,0,0,34
-1,11,21,5,13,2475,VX,LAX,6,-21,28,0,0,34,139,206,0,0,34
10,11,21,5,16,2475,VX,LAX,6,-21,28,0,0,34,139,206,0,0,34
-1,11,21,5,20,2475,VX,LAX,6,-21,28,0,0,34,139,206,0,0,34
-4,11,21,5,21,2475,DL,LAX,6,-21,28,0,0,34,139,206,0,0,34
-2,11,21,5,16,2475,DL,LAX,6,-21,28,0,0,34,139,206,0,0,34
-6,11,21,5,7,2475,AA,LAX,6,-21,28,0,0,34,139,206,0,0,34
-1,11,21,5,21,2475,B6,LAX,6,-21,28,0,0,34,139,206,0,0,34
-4,11,21,5,20,2475,AA,LAX,6,-21,28,0,0,34,139,206,0,0,34
11,11,21,5,17,2475,AA,LAX,6,-21,28,0,0,34,139,206,0,0,34
-5,11,21,5,7,2475,B6,LAX,6,-21,28,0,0,34,139,206,0,0,34
-2,11,21,5,18,2475,B6,LAX,6,-21,28,0,0,34,139,206,0,0,34
34,11,21,5,14,2475,AA,LAX,6,-21,28,0,0,34,139,206,0,0,34
-1,11,21,5,18,2475,DL,LAX,6,-21,28,0,0,34,139,206,0,0,34
7,11,21,5,6,2475,B6,LAX,6,-21,28,0,0,34,139,206,0,0,34
-1,11,21,5,19,2475,UA,LAX,6,-21,28,0,0,34,139,206,0,0,34
-8,11,21,5,11,2475,AA,LAX,6,-21,28,0,0,34,139,206,0,0,34
-3,11,21,5,8,2475,AA,LAX,6,-21,28,0,0,34,139,206,0,0,34
20,11,21,5,6,2475,AA,LAX,6,-21,28,0,0,34,139,206,0,0,34
-5,11,21,5,12,2475,AA,LAX,6,-21,28,0,0,34,139,206,0,0,34
-4,11,21,5,8,2475,UA,LAX,6,-21,28,0,0,34,139,206,0,0,34
-1,11,21,5,15,2475,DL,LAX,6,-21,28,0,0,34,139,206,0,0,34
-6,11,21,5,9,2475,DL,LAX,6,-21,28,0,0,34,139,206,0,0,34
58,11,21,5,15,2475,B6,LAX,6,-21,28,0,0,34,139,206,0,0,34
-2,11,21,5,10,2475,AA,LAX,6,-21,28,0,0,34,139,206,0,0,34
-6,11,21,5,9,2475,AA,LAX,6,-21,28,0,0,34,139,206,0,0,34
7,11,21,5,17,2475,UA,LAX,6,-21,28,0,0,34,139,206,0,0,34
3,11,21,5,6,2475,UA,LAX,6,-21,28,0,0,34,139,206,0,0,34
4,11,21,5,16,2475,AA,LAX,6,-21,28,0,0,34,139,206,0,0,34
0,11,21,5,20,2475,AA,LAX,6,-21,28,0,0,34,139,206,0,0,34
0,11,21,5,11,2475,UA,LAX,6,-21,28,0,0,34,139,206,0,0,34
2,11,21,5,14,2475,UA,LAX,6,-21,28,0,0,34,139,206,0,0,34
-2,11,21,5,11,2475,DL,LAX,6,-21,28,0,0,34,139,206,0,0,34
-5,11,21,5,9,2475,B6,LAX,6,-21,28,0,0,34,139,206,0,0,34
2,11,21,5,18,2475,AA,LAX,6,-21,28,0,0,34,139,206,0,0,34
-5,11,21,5,7,2475,DL,LAX,6,-21,28,0,0,34,139,206,0,0,34
-2,12,17,3,16,2475,VX,LAX,8,56,122,5,0,26,111,161,46,0,23
-1,12,17,3,13,2475,VX,LAX,8,56,122,5,0,26,111,161,46,0,23
10,12,17,3,20,2475,VX,LAX,8,56,122,5,0,26,111,161,46,0,23
0,12,17,3,9,2475,VX,LAX,8,56,122,5,0,26,111,161,46,0,23
83,12,17,3,7,2475,VX,LAX,8,56,122,5,0,26,111,161,46,0,23
-3,12,17,3,8,2475,AA,LAX,8,56,122,5,0,26,111,161,46,0,23
-9,12,17,3,11,2475,AA,LAX,8,56,122,5,0,26,111,161,46,0,23
27,12,17,3,7,2475,DL,LAX,8,56,122,5,0,26,111,161,46,0,23
32,12,17,3,21,2475,DL,LAX,8,56,122,5,0,26,111,161,46,0,23
-3,12,17,3,19,2475,AA,LAX,8,56,122,5,0,26,111,161,46,0,23
20,12,17,3,8,2475,DL,LAX,8,56,122,5,0,26,111,161,46,0,23
-6,12,17,3,12,2475,AA,LAX,8,56,122,5,0,26,111,161,46,0,23
-3,12,17,3,6,2475,B6,LAX,8,56,122,5,0,26,111,161,46,0,23
-6,12,17,3,10,2475,AA,LAX,8,56,122,5,0,26,111,161,46,0,23
0,12,17,3,9,2475,B6,LAX,8,56,122,5,0,26,111,161,46,0,23
10,12,17,3,15,2475,DL,LAX,8,56,122,5,0,26,111,161,46,0,23
-6,12,17,3,9,2475,AA,LAX,8,56,122,5,0,26,111,161,46,0,23
82,12,17,3,20,2475,AA,LAX,8,56,122,5,0,26,111,161,46,0,23
0,12,17,3,21,2475,B6,LAX,8,56,122,5,0,26,111,161,46,0,23
-6,12,17,3,15,2475,B6,LAX,8,56,122,5,0,26,111,161,46,0,23
-4,12,17,3,18,2475,AA,LAX,8,56,122,5,0,26,111,161,46,0,23
-2,12,17,3,7,2475,AA,LAX,8,56,122,5,0,26,111,161,46,0,23
-4,12,17,3,17,2475,AA,LAX,8,56,122,5,0,26,111,161,46,0,23
-4,12,17,3,6,2475,AA,LAX,8,56,122,5,0,26,111,161,46,0,23
-1,12,17,3,9,2475,DL,LAX,8,56,122,5,0,26,111,161,46,0,23
-2,12,17,3,8,2475,B6,LAX,8,56,122,5,0,26,111,161,46,0,23
13,12,17,3,17,2475,DL,LAX,8,56,122,5,0,26,111,161,46,0,23
-1,12,17,3,11,2475,DL,LAX,8,56,122,5,0,26,111,161,46,0,23
-3,12,17,3,14,2475,AA,LAX,8,56,122,5,0,26,111,161,46,0,23
41,12,17,3,18,2475,DL,LAX,8,56,122,5,0,26,111,161,46,0,23
-3,12,17,3,18,2475,B6,LAX,8,56,122,5,0,26,111,161,46,0,23
-5,12,17,3,16,2475,AA,LAX,8,56,122,5,0,26,111,161,46,0,23
0,12,17,3,11,2475,UA,LAX,8,56,122,5,0,26,111,161,46,0,23
12,12,17,3,17,2475,UA,LAX,8,56,122,5,0,26,111,161,46,0,23
-3,12,17,3,19,2475,UA,LAX,8,56,122,5,0,26,111,161,46,0,23
-2,12,17,3,8,2475,UA,LAX,8,56,122,5,0,26,111,161,46,0,23
-1,12,17,3,14,2475,UA,LAX,8,56,122,5,0,26,111,161,46,0,23
-5,12,17,3,6,2475,UA,LAX,8,56,122,5,0,26,111,161,46,0,23
2,12,22,1,7,2475,VX,LAX,3,17,67,10,0,27,100,200,0,0,18
30,12,22,1,16,2475,VX,LAX,3,17,67,10,0,27,100,200,0,0,18
228,12,22,1,13,2475,VX,LAX,3,17,67,10,0,27,100,200,0,0,18
97,12,22,1,20,2475,VX,LAX,3,17,67,10,0,27,100,200,0,0,18
-5,12,22,1,11,2475,VX,LAX,3,17,67,10,0,27,100,200,0,0,18
-3,12,22,1,9,2475,VX,LAX,3,17,67,10,0,27,100,200,0,0,18
28,12,22,1,19,2475,UA,LAX,3,17,67,10,0,27,100,200,0,0,18
0,12,22,1,6,2475,UA,LAX,3,17,67,10,0,27,100,200,0,0,18
11,12,22,1,17,2475,UA,LAX,3,17,67,10,0,27,100,200,0,0,18
2,12,22,1,11,2475,UA,LAX,3,17,67,10,0,27,100,200,0,0,18
-3,12,22,1,14,2475,UA,LAX,3,17,67,10,0,27,100,200,0,0,18
1,12,22,1,8,2475,UA,LAX,3,17,67,10,0,27,100,200,0,0,18
5,12,22,1,21,2475,B6,LAX,3,17,67,10,0,27,100,200,0,0,18
0,12,22,1,7,2475,AA,LAX,3,17,67,10,0,27,100,200,0,0,18
21,12,22,1,11,2475,AA,LAX,3,17,67,10,0,27,100,200,0,0,18
15,12,22,1,18,2475,AA,LAX,3,17,67,10,0,27,100,200,0,0,18
-5,12,22,1,8,2475,AA,LAX,3,17,67,10,0,27,100,200,0,0,18
-2,12,22,1,14,2475,AA,LAX,3,17,67,10,0,27,100,200,0,0,18
-2,12,22,1,17,2475,AA,LAX,3,17,67,10,0,27,100,200,0,0,18
10,12,22,1,20,2475,AA,LAX,3,17,67,10,0,27,100,200,0,0,18
0,12,22,1,16,2475,AA,LAX,3,17,67,10,0,27,100,200,0,0,18
-5,12,22,1,6,2475,AA,LAX,3,17,67,10,0,27,100,200,0,0,18
-4,12,22,1,11,2475,B6,LAX,3,17,67,10,0,27,100,200,0,0,18
-2,12,22,1,18,2475,B6,LAX,3,17,67,10,0,27,100,200,0,0,18
0,12,22,1,6,2475,B6,LAX,3,17,67,10,0,27,100,200,0,0,18
8,12,22,1,16,2475,B6,LAX,3,17,67,10,0,27,100,200,0,0,18
5,12,22,1,9,2475,B6,LAX,3,17,67,10,0,27,100,200,0,0,18
-1,12,22,1,8,2475,B6,LAX,3,17,67,10,0,27,100,200,0,0,18
4,12,22,1,15,2475,DL,LAX,3,17,67,10,0,27,100,200,0,0,18
16,12,22,1,8,2475,DL,LAX,3,17,67,10,0,27,100,200,0,0,18
48,12,22,1,21,2475,DL,LAX,3,17,67,10,0,27,100,200,0,0,18
-1,12,22,1,7,2475,DL,LAX,3,17,67,10,0,27,100,200,0,0,18
-1,12,22,1,11,2475,DL,LAX,3,17,67,10,0,27,100,200,0,0,18
0,12,22,1,9,2475,DL,LAX,3,17,67,10,0,27,100,200,0,0,18
5,12,22,1,17,2475,DL,LAX,3,17,67,10,0,27,100,200,0,0,18
-1,12,22,1,18,2475,DL,LAX,3,17,67,10,0,27,100,200,0,0,18
5,12,22,1,19,2475,AA,LAX,3,17,67,10,0,27,100,200,0,0,18
-1,12,22,1,9,2475,AA,LAX,3,17,67,10,0,27,100,200,0,0,18
-5,12,22,1,12,2475,AA,LAX,3,17,67,10,0,27,100,200,0,0,18
