79,1,3,5,12,2475,AA,LAX,2,-127,-77,74,84,47,83,178,0,0,17
46,1,3,5,15,2475,AA,LAX,2,-127,-77,74,84,47,83,178,0,0,17
184,1,3,5,20,2475,VX,LAX,2,-127,-77,74,84,47,83,178,0,0,17
158,1,3,5,16,2475,VX,LAX,2,-127,-77,74,84,47,83,178,0,0,17
93,1,3,5,20,2475,B6,LAX,2,-127,-77,74,84,47,83,178,0,0,17
407,1,3,5,11,2475,B6,LAX,2,-127,-77,74,84,47,83,178,0,0,17
358,1,3,5,15,2475,DL,LAX,2,-127,-77,74,84,47,83,178,0,0,17
54,1,3,5,17,2475,UA,LAX,2,-127,-77,74,84,47,83,178,0,0,17
201,1,3,5,11,2475,UA,LAX,2,-127,-77,74,84,47,83,178,0,0,17
371,1,3,5,9,2475,DL,LAX,2,-127,-77,74,84,47,83,178,0,0,17
229,1,3,5,17,2475,DL,LAX,2,-127,-77,74,84,47,83,178,0,0,17
408,1,3,5,14,2475,UA,LAX,2,-127,-77,74,84,47,83,178,0,0,17
285,1,3,5,9,2475,VX,LAX,2,-127,-77,74,84,47,83,178,0,0,17
6,1,3,5,20,2475,UA,LAX,2,-127,-77,74,84,47,83,178,0,0,17
-5,1,31,5,9,2475,AA,LAX,10,-38,39,0,0,22,133,172,0,0,53
-2,1,31,5,15,2475,AA,LAX,10,-38,39,0,0,22,133,172,0,0,53
1,1,31,5,10,2475,AA,LAX,10,-38,39,0,0,22,133,172,0,0,53
11,1,31,5,16,2475,AA,LAX,10,-38,39,0,0,22,133,172,0,0,53
-4,1,31,5,7,2475,AA,LAX,10,-38,39,0,0,22,133,172,0,0,53
-6,1,31,5,13,2475,AA,LAX,10,-38,39,0,0,22,133,172,0,0,53
0,1,31,5,20,2475,UA,LAX,10,-38,39,0,0,22,133,172,0,0,53
-2,1,31,5,14,2475,UA,LAX,10,-38,39,0,0,22,133,172,0,0,53
-4,1,31,5,8,2475,UA,LAX,10,-38,39,0,0,22,133,172,0,0,53
13,1,31,5,21,2475,AA,LAX,10,-38,39,0,0,22,133,172,0,0,53
-4,1,31,5,17,2475,UA,LAX,10,-38,39,0,0,22,133,172,0,0,53
-1,1,31,5,6,2475,UA,LAX,10,-38,39,0,0,22,133,172,0,0,53
-9,1,31,5,12,2475,AA,LAX,10,-38,39,0,0,22,133,172,0,0,53
-1,1,31,5,19,2475,AA,LAX,10,-38,39,0,0,22,133,172,0,0,53
-6,1,31,5,11,2475,UA,LAX,10,-38,39,0,0,22,133,172,0,0,53
-2,1,31,5,20,2475,DL,LAX,10,-38,39,0,0,22,133,172,0,0,53
-2,1,31,5,9,2475,DL,LAX,10,-38,39,0,0,22,133,172,0,0,53
-2,1,31,5,16,2475,DL,LAX,10,-38,39,0,0,22,133,172,0,0,53
-8,1,31,5,7,2475,VX,LAX,10,-38,39,0,0,22,133,172,0,0,53
6,1,31,5,9,2475,VX,LAX,10,-38,39,0,0,22,133,172,0,0,53
-9,1,31,5,13,2475,VX,LAX,10,-38,39,0,0,22,133,172,0,0,53
-8,1,31,5,16,2475,VX,LAX,10,-38,39,0,0,22,133,172,0,0,53
-10,1,31,5,20,2475,VX,LAX,10,-38,39,0,0,22,133,172,0,0,53
24,1,31,5,16,2475,B6,LAX,10,-38,39,0,0,22,133,172,0,0,53
-3,1,31,5,9,2475,B6,LAX,10,-38,39,0,0,22,133,172,0,0,53
-7,1,31,5,20,2475,B6,LAX,10,-38,39,0,0,22,133,172,0,0,53
-7,1,31,5,6,2475,B6,LAX,10,-38,39,0,0,22,133,172,0,0,53
1,1,31,5,15,2475,DL,LAX,10,-38,39,0,0,22,133,172,0,0,53
-6,1,31,5,9,2475,DL,LAX,10,-38,39,0,0,22,133,172,0,0,53
-1,1,31,5,12,2475,DL,LAX,10,-38,39,0,0,22,133,172,0,0,53
-3,1,31,5,18,2475,DL,LAX,10,-38,39,0,0,22,133,172,0,0,53
2,2,4,2,16,2475,VX,LAX,14,-55,17,0,0,10,89,167,0,0,26
19,2,4,2,9,2475,VX,LAX,14,-55,17,0,0,10,89,167,0,0,26
45,2,4,2,7,2475,VX,LAX,14,-55,17,0,0,10,89,167,0,0,26
-1,2,4,2,11,2475,UA,LAX,14,-55,17,0,0,10,89,167,0,0,26
23,2,4,2,20,2475,UA,LAX,14,-55,17,0,0,10,89,167,0,0,26
14,2,4,2,13,2475,VX,LAX,14,-55,17,0,0,10,89,167,0,0,26
8,2,4,2,6,2475,UA,LAX,14,-55,17,0,0,10,89,167,0,0,26
1,2,4,2,17,2475,UA,LAX,14,-55,17,0,0,10,89,167,0,0,26
-2,2,4,2,8,2475,UA,LAX,14,-55,17,0,0,10,89,167,0,0,26
0,2,4,2,14,2475,UA,LAX,14,-55,17,0,0,10,89,167,0,0,26
4,2,4,2,20,2475,VX,LAX,14,-55,17,0,0,10,89,167,0,0,26
99,2,4,2,6,2475,B6,LAX,14,-55,17,0,0,10,89,167,0,0,26
142,2,4,2,16,2475,AA,LAX,14,-55,17,0,0,10,89,167,0,0,26
42,2,4,2,7,2475,AA,LAX,14,-55,17,0,0,10,89,167,0,0,26
21,2,4,2,21,2475,AA,LAX,14,-55,17,0,0,10,89,167,0,0,26
3,2,4,2,16,2475,DL,LAX,14,-55,17,0,0,10,89,167,0,0,26
10,2,4,2,20,2475,DL,LAX,14,-55,17,0,0,10,89,167,0,0,26
0,2,4,2,18,2475,DL,LAX,14,-55,17,0,0,10,89,167,0,0,26
2,2,4,2,12,2475,DL,LAX,14,-55,17,0,0,10,89,167,0,0,26
0,2,4,2,9,2475,DL,LAX,14,-55,17,0,0,10,89,167,0,0,26
-1,2,4,2,15,2475,DL,LAX,14,-55,17,0,0,10,89,167,0,0,26
1,2,4,2,19,2475,AA,LAX,14,-55,17,0,0,10,89,167,0,0,26
-4,2,4,2,13,2475,AA,LAX,14,-55,17,0,0,10,89,167,0,0,26
0,2,4,2,10,2475,AA,LAX,14,-55,17,0,0,10,89,167,0,0,26
89,2,4,2,9,2475,B6,LAX,14,-55,17,0,0,10,89,167,0,0,26
11,2,4,2,16,2475,B6,LAX,14,-55,17,0,0,10,89,167,0,0,26
13,2,4,2,12,2475,AA,LAX,14,-55,17,0,0,10,89,167,0,0,26
0,2,4,2,9,2475,AA,LAX,14,-55,17,0,0,10,89,167,0,0,26
23,2,4,2,20,2475,B6,LAX,14,-55,17,0,0,10,89,167,0,0,26
7,2,4,2,15,2475,AA,LAX,14,-55,17,0,0,10,89,167,0,0,26
-2,2,27,4,9,2475,VX,LAX,9,-99,11,0,0,38,139,194,239,0,31
12,2,27,4,13,2475,VX,LAX,9,-99,11,0,0,38,139,194,239,0,31
10,2,27,4,16,2475,VX,LAX,9,-99,11,0,0,38,139,194,239,0,31
9,2,27,4,20,2475,VX,LAX,9,-99,11,0,0,38,139,194,239,0,31
-8,2,27,4,7,2475,VX,LAX,9,-99,11,0,0,38,139,194,239,0,31
4,2,27,4,12,2475,B6,LAX,9,-99,11,0,0,38,139,194,239,0,31
12,2,27,4,7,2475,DL,LAX,9,-99,11,0,0,38,139,194,239,0,31
10,2,27,4,18,2475,DL,LAX,9,-99,11,0,0,38,139,194,239,0,31
34,2,27,4,20,2475,DL,LAX,9,-99,11,0,0,38,139,194,239,0,31
45,2,27,4,6,2475,B6,LAX,9,-99,11,0,0,38,139,194,239,0,31
-8,2,27,4,12,2475,DL,LAX,9,-99,11,0,0,38,139,194,239,0,31
-1,2,27,4,9,2475,DL,LAX,9,-99,11,0,0,38,139,194,239,0,31
-2,2,27,4,15,2475,DL,LAX,9,-99,11,0,0,38,139,194,239,0,31
0,2,27,4,20,2475,B6,LAX,9,-99,11,0,0,38,139,194,239,0,31
-4,2,27,4,9,2475,AA,LAX,9,-99,11,0,0,38,139,194,239,0,31
12,2,27,4,16,2475,B6,LAX,9,-99,11,0,0,38,139,194,239,0,31
0,2,27,4,12,2475,AA,LAX,9,-99,11,0,0,38,139,194,239,0,31
147,2,27,4,13,2475,AA,LAX,9,-99,11,0,0,38,139,194,239,0,31
1,2,27,4,6,2475,AA,LAX,9,-99,11,0,0,38,139,194,239,0,31
-6,2,27,4,10,2475,AA,LAX,9,-99,11,0,0,38,139,194,239,0,31
23,2,27,4,21,2475,AA,LAX,9,-99,11,0,0,38,139,194,239,0,31
-3,2,27,4,8,2475,AA,LAX,9,-99,11,0,0,38,139,194,239,0,31
-2,2,27,4,19,2475,AA,LAX,9,-99,11,0,0,38,139,194,239,0,31
-1,2,27,4,16,2475,AA,LAX,9,-99,11,0,0,38,139,194,239,0,31
-1,2,27,4,15,2475,AA,LAX,9,-99,11,0,0,38,139,194,239,0,31
-5,2,27,4,16,2475,DL,LAX,9,-99,11,0,0,38,139,194,239,0,31
1,2,27,4,11,2475,UA,LAX,9,-99,11,0,0,38,139,194,239,0,31
-2,2,27,4,20,2475,UA,LAX,9,-99,11,0,0,38,139,194,239,0,31
115,2,27,4,14,2475,UA,LAX,9,-99,11,0,0,38,139,194,239,0,31
-1,2,27,4,8,2475,UA,LAX,9,-99,11,0,0,38,139,194,239,0,31
2,2,27,4,17,2475,UA,LAX,9,-99,11,0,0,38,139,194,239,0,31
-4,3,5,3,9,2475,DL,LAX,15,-32,39,0,0,23,128,183,0,0,27
-4,3,5,3,8,2475,AA,LAX,15,-32,39,0,0,23,128,183,0,0,27
-9,3,5,3,9,2475,AA,LAX,15,-32,39,0,0,23,128,183,0,0,27
0,3,5,3,11,2475,B6,LAX,15,-32,39,0,0,23,128,183,0,0,27
-1,3,5,3,15,2475,AA,LAX,15,-32,39,0,0,23,128,183,0,0,27
2,3,5,3,16,2475,B6,LAX,15,-32,39,0,0,23,128,183,0,0,27
3,3,5,3,20,2475,B6,LAX,15,-32,39,0,0,23,128,183,0,0,27
-2,3,5,3,6,2475,AA,LAX,15,-32,39,0,0,23,128,183,0,0,27
-2,3,5,3,13,2475,AA,LAX,15,-32,39,0,0,23,128,183,0,0,27
-2,3,5,3,16,2475,DL,LAX,15,-32,39,0,0,23,128,183,0,0,27
1,3,5,3,7,2475,DL,LAX,15,-32,39,0,0,23,128,183,0,0,27
10,3,5,3,18,2475,DL,LAX,15,-32,39,0,0,23,128,183,0,0,27
2,3,5,3,21,2475,AA,LAX,15,-32,39,0,0,23,128,183,0,0,27
-8,3,5,3,19,2475,AA,LAX,15,-32,39,0,0,23,128,183,0,0,27
-6,3,5,3,10,2475,AA,LAX,15,-32,39,0,0,23,128,183,0,0,27
-2,3,5,3,16,2475,AA,LAX,15,-32,39,0,0,23,128,183,0,0,27
-2,3,5,3,15,2475,DL,LAX,15,-32,39,0,0,23,128,183,0,0,27
-5,3,5,3,6,2475,B6,LAX,15,-32,39,0,0,23,128,183,0,0,27
-3,3,5,3,20,2475,DL,LAX,15,-32,39,0,0,23,128,183,0,0,27
-2,3,5,3,12,2475,DL,LAX,15,-32,39,0,0,23,128,183,0,0,27
-8,3,5,3,12,2475,AA,LAX,15,-32,39,0,0,23,128,183,0,0,27
52,3,5,3,20,2475,UA,LAX,15,-32,39,0,0,23,128,183,0,0,27
-9,3,5,3,7,2475,VX,LAX,15,-32,39,0,0,23,128,183,0,0,27
-3,3,5,3,9,2475,VX,LAX,15,-32,39,0,0,23,128,183,0,0,27
-2,3,5,3,13,2475,VX,LAX,15,-32,39,0,0,23,128,183,0,0,27
2,3,5,3,16,2475,VX,LAX,15,-32,39,0,0,23,128,183,0,0,27
-9,3,5,3,20,2475,VX,LAX,15,-32,39,0,0,23,128,183,0,0,27
-10,3,5,3,11,2475,UA,LAX,15,-32,39,0,0,23,128,183,0,0,27
2,3,5,3,17,2475,UA,LAX,15,-32,39,0,0,23,128,183,0,0,27
-5,3,5,3,8,2475,UA,LAX,15,-32,39,0,0,23,128,183,0,0,27
15,3,5,3,14,2475,UA,LAX,15,-32,39,0,0,23,128,183,0,0,27
-7,3,5,3,6,2475,UA,LAX,15,-32,39,0,0,23,128,183,0,0,27
-5,3,10,1,9,2475,AA,LAX,20,22,106,0,0,24,144,239,0,0,23
5,3,10,1,6,2475,B6,LAX,20,22,106,0,0,24,144,239,0,0,23
2,3,10,1,8,2475,AA,LAX,20,22,106,0,0,24,144,239,0,0,23
3,3,10,1,11,2475,B6,LAX,20,22,106,0,0,24,144,239,0,0,23
11,3,10,1,18,2475,DL,LAX,20,22,106,0,0,24,144,239,0,0,23
-7,3,10,1,16,2475,B6,LAX,20,22,106,0,0,24,144,239,0,0,23
-3,3,10,1,16,2475,DL,LAX,20,22,106,0,0,24,144,239,0,0,23
12,3,10,1,20,2475,B6,LAX,20,22,106,0,0,24,144,239,0,0,23
2,3,10,1,15,2475,AA,LAX,20,22,106,0,0,24,144,239,0,0,23
8,3,10,1,16,2475,AA,LAX,20,22,106,0,0,24,144,239,0,0,23
-6,3,10,1,21,2475,AA,LAX,20,22,106,0,0,24,144,239,0,0,23
1,3,10,1,15,2475,DL,LAX,20,22,106,0,0,24,144,239,0,0,23
-1,3,10,1,7,2475,DL,LAX,20,22,106,0,0,24,144,239,0,0,23
-4,3,10,1,12,2475,DL,LAX,20,22,106,0,0,24,144,239,0,0,23
-3,3,10,1,6,2475,AA,LAX,20,22,106,0,0,24,144,239,0,0,23
2,3,10,1,9,2475,DL,LAX,20,22,106,0,0,24,144,239,0,0,23
6,3,10,1,10,2475,AA,LAX,20,22,106,0,0,24,144,239,0,0,23
-3,3,10,1,13,2475,AA,LAX,20,22,106,0,0,24,144,239,0,0,23
25,3,10,1,20,2475,DL,LAX,20,22,106,0,0,24,144,239,0,0,23
-6,3,10,1,12,2475,AA,LAX,20,22,106,0,0,24,144,239,0,0,23
0,3,10,1,19,2475,AA,LAX,20,22,106,0,0,24,144,239,0,0,23
-6,3,10,1,20,2475,VX,LAX,20,22,106,0,0,24,144,239,0,0,23
-3,3,10,1,7,2475,VX,LAX,20,22,106,0,0,24,144,239,0,0,23
-11,3,10,1,6,2475,UA,LAX,20,22,106,0,0,24,144,239,0,0,23
8,3,10,1,17,2475,UA,LAX,20,22,106,0,0,24,144,239,0,0,23
3,3,10,1,20,2475,UA,LAX,20,22,106,0,0,24,144,239,0,0,23
-3,3,10,1,11,2475,UA,LAX,20,22,106,0,0,24,144,239,0,0,23
5,3,10,1,16,2475,VX,LAX,20,22,106,0,0,24,144,239,0,0,23
-4,3,10,1,8,2475,UA,LAX,20,22,106,0,0,24,144,239,0,0,23
3,3,10,1,14,2475,UA,LAX,20,22,106,0,0,24,144,239,0,0,23
-5,3,10,1,9,2475,VX,LAX,20,22,106,0,0,24,144,239,0,0,23
-3,3,10,1,13,2475,VX,LAX,20,22,106,0,0,24,144,239,0,0,23
4,3,28,5,15,2475,DL,LAX,38,28,167,10,0,24,117,194,0,0,34
8,3,28,5,7,2475,VX,LAX,38,28,167,10,0,24,117,194,0,0,34
-4,3,28,5,9,2475,VX,LAX,38,28,167,10,0,24,117,194,0,0,34
-4,3,28,5,13,2475,VX,LAX,38,28,167,10,0,24,117,194,0,0,34
11,3,28,5,16,2475,VX,LAX,38,28,167,10,0,24,117,194,0,0,34
-7,3,28,5,20,2475,VX,LAX,38,28,167,10,0,24,117,194,0,0,34
-2,3,28,5,16,2475,DL,LAX,38,28,167,10,0,24,117,194,0,0,34
91,3,28,5,18,2475,DL,LAX,38,28,167,10,0,24,117,194,0,0,34
7,3,28,5,20,2475,DL,LAX,38,28,167,10,0,24,117,194,0,0,34
-7,3,28,5,12,2475,DL,LAX,38,28,167,10,0,24,117,194,0,0,34
-2,3,28,5,9,2475,DL,LAX,38,28,167,10,0,24,117,194,0,0,34
-5,3,28,5,21,2475,AA,LAX,38,28,167,10,0,24,117,194,0,0,34
-2,3,28,5,13,2475,AA,LAX,38,28,167,10,0,24,117,194,0,0,34
-1,3,28,5,6,2475,B6,LAX,38,28,167,10,0,24,117,194,0,0,34
69,3,28,5,20,2475,B6,LAX,38,28,167,10,0,24,117,194,0,0,34
-5,3,28,5,16,2475,B6,LAX,38,28,167,10,0,24,117,194,0,0,34
-5,3,28,5,15,2475,AA,LAX,38,28,167,10,0,24,117,194,0,0,34
-4,3,28,5,11,2475,B6,LAX,38,28,167,10,0,24,117,194,0,0,34
-1,3,28,5,16,2475,AA,LAX,38,28,167,10,0,24,117,194,0,0,34
15,3,28,5,19,2475,AA,LAX,38,28,167,10,0,24,117,194,0,0,34
-4,3,28,5,6,2475,AA,LAX,38,28,167,10,0,24,117,194,0,0,34
-7,3,28,5,8,2475,AA,LAX,38,28,167,10,0,24,117,194,0,0,34
-5,3,28,5,9,2475,AA,LAX,38,28,167,10,0,24,117,194,0,0,34
-3,3,28,5,10,2475,AA,LAX,38,28,167,10,0,24,117,194,0,0,34
-6,3,28,5,12,2475,AA,LAX,38,28,167,10,0,24,117,194,0,0,34
-4,3,28,5,11,2475,UA,LAX,38,28,167,10,0,24,117,194,0,0,34
-5,3,28,5,8,2475,UA,LAX,38,28,167,10,0,24,117,194,0,0,34
-2,3,28,5,17,2475,UA,LAX,38,28,167,10,0,24,117,194,0,0,34
0,3,28,5,20,2475,UA,LAX,38,28,167,10,0,24,117,194,0,0,34
9,3,28,5,14,2475,UA,LAX,38,28,167,10,0,24,117,194,0,0,34
6,3,28,5,6,2475,UA,LAX,38,28,167,10,0,24,117,194,0,0,34
-2,4,6,7,12,2475,DL,LAX,46,22,161,0,0,19,111,217,0,0,35
-3,4,6,7,7,2475,DL,LAX,46,22,161,0,0,19,111,217,0,0,35
80,4,6,7,21,2475,DL,LAX,46,22,161,0,0,19,111,217,0,0,35
-4,4,6,7,15,2475,DL,LAX,46,22,161,0,0,19,111,217,0,0,35
-3,4,6,7,8,2475,DL,LAX,46,22,161,0,0,19,111,217,0,0,35
-3,4,6,7,18,2475,DL,LAX,46,22,161,0,0,19,111,217,0,0,35
-8,4,6,7,16,2475,B6,LAX,46,22,161,0,0,19,111,217,0,0,35
16,4,6,7,6,2475,B6,LAX,46,22,161,0,0,19,111,217,0,0,35
10,4,6,7,20,2475,B6,LAX,46,22,161,0,0,19,111,217,0,0,35
3,4,6,7,17,2475,DL,LAX,46,22,161,0,0,19,111,217,0,0,35
-3,4,6,7,9,2475,DL,LAX,46,22,161,0,0,19,111,217,0,0,35
8,4,6,7,17,2475,UA,LAX,46,22,161,0,0,19,111,217,0,0,35
-3,4,6,7,20,2475,UA,LAX,46,22,161,0,0,19,111,217,0,0,35
-6,4,6,7,11,2475,UA,LAX,46,22,161,0,0,19,111,217,0,0,35
-1,4,6,7,8,2475,UA,LAX,46,22,161,0,0,19,111,217,0,0,35
0,4,6,7,14,2475,UA,LAX,46,22,161,0,0,19,111,217,0,0,35
-11,4,6,7,8,2475,AA,LAX,46,22,161,0,0,19,111,217,0,0,35
-5,4,6,7,21,2475,AA,LAX,46,22,161,0,0,19,111,217,0,0,35
-5,4,6,7,6,2475,AA,LAX,46,22,161,0,0,19,111,217,0,0,35
10,4,6,7,17,2475,AA,LAX,46,22,161,0,0,19,111,217,0,0,35
-5,4,6,7,13,2475,VX,LAX,46,22,161,0,0,19,111,217,0,0,35
23,4,6,7,13,2475,AA,LAX,46,22,161,0,0,19,111,217,0,0,35
-4,4,6,7,12,2475,AA,LAX,46,22,161,0,0,19,111,217,0,0,35
-3,4,6,7,6,2475,AA,LAX,46,22,161,0,0,19,111,217,0,0,35
34,4,6,7,19,2475,AA,LAX,46,22,161,0,0,19,111,217,0,0,35
-2,4,6,7,16,2475,VX,LAX,46,22,161,0,0,19,111,217,0,0,35
-9,4,6,7,10,2475,AA,LAX,46,22,161,0,0,19,111,217,0,0,35
-5,4,6,7,20,2475,VX,LAX,46,22,161,0,0,19,111,217,0,0,35
16,4,6,7,7,2475,VX,LAX,46,22,161,0,0,19,111,217,0,0,35
19,4,6,7,11,2475,B6,LAX,46,22,161,0,0,19,111,217,0,0,35
-5,4,6,7,16,2475,AA,LAX,46,22,161,0,0,19,111,217,0,0,35
-3,4,6,7,9,2475,VX,LAX,46,22,161,0,0,19,111,217,0,0,35
-5,4,6,7,9,2475,AA,LAX,46,22,161,0,0,19,111,217,0,0,35
-1,4,11,5,12,2475,DL,LAX,41,133,239,0,0,26,133,211,0,0,38
-2,4,11,5,9,2475,DL,LAX,41,133,239,0,0,26,133,211,0,0,38
-1,4,11,5,17,2475,DL,LAX,41,133,239,0,0,26,133,211,0,0,38
68,4,11,5,18,2475,DL,LAX,41,133,239,0,0,26,133,211,0,0,38
-6,4,11,5,6,2475,B6,LAX,41,133,239,0,0,26,133,211,0,0,38
-1,4,11,5,16,2475,B6,LAX,41,133,239,0,0,26,133,211,0,0,38
-3,4,11,5,8,2475,DL,LAX,41,133,239,0,0,26,133,211,0,0,38
0,4,11,5,15,2475,DL,LAX,41,133,239,0,0,26,133,211,0,0,38
7,4,11,5,21,2475,DL,LAX,41,133,239,0,0,26,133,211,0,0,38
-4,4,11,5,7,2475,DL,LAX,41,133,239,0,0,26,133,211,0,0,38
1,4,11,5,9,2475,VX,LAX,41,133,239,0,0,26,133,211,0,0,38
-2,4,11,5,7,2475,VX,LAX,41,133,239,0,0,26,133,211,0,0,38
-8,4,11,5,21,2475,AA,LAX,41,133,239,0,0,26,133,211,0,0,38
-2,4,11,5,11,2475,B6,LAX,41,133,239,0,0,26,133,211,0,0,38
-2,4,11,5,8,2475,AA,LAX,41,133,239,0,0,26,133,211,0,0,38
23,4,11,5,19,2475,AA,LAX,41,133,239,0,0,26,133,211,0,0,38
20,4,11,5,12,2475,AA,LAX,41,133,239,0,0,26,133,211,0,0,38
-8,4,11,5,13,2475,AA,LAX,41,133,239,0,0,26,133,211,0,0,38
-7,4,11,5,6,2475,AA,LAX,41,133,239,0,0,26,133,211,0,0,38
-4,4,11,5,6,2475,AA,LAX,41,133,239,0,0,26,133,211,0,0,38
-7,4,11,5,17,2475,AA,LAX,41,133,239,0,0,26,133,211,0,0,38
2,4,11,5,20,2475,B6,LAX,41,133,239,0,0,26,133,211,0,0,38
2,4,11,5,16,2475,AA,LAX,41,133,239,0,0,26,133,211,0,0,38
8,4,11,5,9,2475,AA,LAX,41,133,239,0,0,26,133,211,0,0,38
-9,4,11,5,20,2475,VX,LAX,41,133,239,0,0,26,133,211,0,0,38
4,4,11,5,16,2475,VX,LAX,41,133,239,0,0,26,133,211,0,0,38
-7,4,11,5,10,2475,AA,LAX,41,133,239,0,0,26,133,211,0,0,38
-4,4,11,5,13,2475,VX,LAX,41,133,239,0,0,26,133,211,0,0,38
-1,4,11,5,14,2475,UA,LAX,41,133,239,0,0,26,133,211,0,0,38
-3,4,11,5,11,2475,UA,LAX,41,133,239,0,0,26,133,211,0,0,38
17,4,11,5,20,2475,UA,LAX,41,133,239,0,0,26,133,211,0,0,38
-8,4,11,5,6,2475,UA,LAX,41,133,239,0,0,26,133,211,0,0,38
8,4,11,5,17,2475,UA,LAX,41,133,239,0,0,26,133,211,0,0,38
-3,4,11,5,8,2475,UA,LAX,41,133,239,0,0,26,133,211,0,0,38
-6,4,29,2,8,2475,UA,LAX,23,61,111,8,0,40,144,311,0,0,26
4,4,29,2,20,2475,UA,LAX,23,61,111,8,0,40,144,311,0,0,26
5,4,29,2,17,2475,UA,LAX,23,61,111,8,0,40,144,311,0,0,26
-1,4,29,2,14,2475,UA,LAX,23,61,111,8,0,40,144,311,0,0,26
-4,4,29,2,6,2475,UA,LAX,23,61,111,8,0,40,144,311,0,0,26
-5,4,29,2,11,2475,UA,LAX,23,61,111,8,0,40,144,311,0,0,26
-6,4,29,2,7,2475,DL,LAX,23,61,111,8,0,40,144,311,0,0,26
-8,4,29,2,12,2475,DL,LAX,23,61,111,8,0,40,144,311,0,0,26
-1,4,29,2,9,2475,DL,LAX,23,61,111,8,0,40,144,311,0,0,26
-2,4,29,2,17,2475,DL,LAX,23,61,111,8,0,40,144,311,0,0,26
7,4,29,2,11,2475,B6,LAX,23,61,111,8,0,40,144,311,0,0,26
-9,4,29,2,6,2475,B6,LAX,23,61,111,8,0,40,144,311,0,0,26
-1,4,29,2,18,2475,DL,LAX,23,61,111,8,0,40,144,311,0,0,26
25,4,29,2,8,2475,DL,LAX,23,61,111,8,0,40,144,311,0,0,26
0,4,29,2,15,2475,DL,LAX,23,61,111,8,0,40,144,311,0,0,26
53,4,29,2,21,2475,DL,LAX,23,61,111,8,0,40,144,311,0,0,26
1,4,29,2,9,2475,VX,LAX,23,61,111,8,0,40,144,311,0,0,26
-8,4,29,2,13,2475,VX,LAX,23,61,111,8,0,40,144,311,0,0,26
9,4,29,2,16,2475,VX,LAX,23,61,111,8,0,40,144,311,0,0,26
-9,4,29,2,20,2475,VX,LAX,23,61,111,8,0,40,144,311,0,0,26
-6,4,29,2,8,2475,AA,LAX,23,61,111,8,0,40,144,311,0,0,26
-1,4,29,2,16,2475,B6,LAX,23,61,111,8,0,40,144,311,0,0,26
-15,4,29,2,7,2475,VX,LAX,23,61,111,8,0,40,144,311,0,0,26
31,4,29,2,20,2475,B6,LAX,23,61,111,8,0,40,144,311,0,0,26
1,4,29,2,17,2475,AA,LAX,23,61,111,8,0,40,144,311,0,0,26
134,4,29,2,19,2475,AA,LAX,23,61,111,8,0,40,144,311,0,0,26
-5,4,29,2,6,2475,AA,LAX,23,61,111,8,0,40,144,311,0,0,26
-8,4,29,2,21,2475,AA,LAX,23,61,111,8,0,40,144,311,0,0,26
-5,4,29,2,16,2475,AA,LAX,23,61,111,8,0,40,144,311,0,0,26
-7,4,29,2,6,2475,AA,LAX,23,61,111,8,0,40,144,311,0,0,26
-8,4,29,2,9,2475,AA,LAX,23,61,111,8,0,40,144,311,0,0,26
-3,4,29,2,12,2475,AA,LAX,23,61,111,8,0,40,144,311,0,0,26
-7,4,29,2,13,2475,AA,LAX,23,61,111,8,0,40,144,311,0,0,26
-10,4,29,2,10,2475,AA,LAX,23,61,111,8,0,40,144,311,0,0,26
-2,5,7,3,14,2475,UA,LAX,15,100,206,0,0,18,128,189,0,0,45
-3,5,7,3,20,2475,UA,LAX,15,100,206,0,0,18,128,189,0,0,45
-8,5,7,3,6,2475,UA,LAX,15,100,206,0,0,18,128,189,0,0,45
-5,5,7,3,11,2475,UA,LAX,15,100,206,0,0,18,128,189,0,0,45
33,5,7,3,8,2475,UA,LAX,15,100,206,0,0,18,128,189,0,0,45
-2,5,7,3,12,2475,AA,LAX,15,100,206,0,0,18,128,189,0,0,45
6,5,7,3,20,2475,B6,LAX,15,100,206,0,0,18,128,189,0,0,45
-2,5,7,3,9,2475,B6,LAX,15,100,206,0,0,18,128,189,0,0,45
-9,5,7,3,21,2475,AA,LAX,15,100,206,0,0,18,128,189,0,0,45
-7,5,7,3,16,2475,AA,LAX,15,100,206,0,0,18,128,189,0,0,45
0,5,7,3,19,2475,AA,LAX,15,100,206,0,0,18,128,189,0,0,45
10,5,7,3,8,2475,AA,LAX,15,100,206,0,0,18,128,189,0,0,45
-4,5,7,3,17,2475,B6,LAX,15,100,206,0,0,18,128,189,0,0,45
-3,5,7,3,10,2475,AA,LAX,15,100,206,0,0,18,128,189,0,0,45
7,5,7,3,9,2475,AA,LAX,15,100,206,0,0,18,128,189,0,0,45
-5,5,7,3,6,2475,B6,LAX,15,100,206,0,0,18,128,189,0,0,45
-10,5,7,3,13,2475,AA,LAX,15,100,206,0,0,18,128,189,0,0,45
-6,5,7,3,6,2475,AA,LAX,15,100,206,0,0,18,128,189,0,0,45
-4,5,7,3,17,2475,AA,LAX,15,100,206,0,0,18,128,189,0,0,45
-3,5,7,3,8,2475,DL,LAX,15,100,206,0,0,18,128,189,0,0,45
-1,5,7,3,18,2475,DL,LAX,15,100,206,0,0,18,128,189,0,0,45
-7,5,7,3,6,2475,AA,LAX,15,100,206,0,0,18,128,189,0,0,45
25,5,7,3,21,2475,DL,LAX,15,100,206,0,0,18,128,189,0,0,45
0,5,7,3,15,2475,DL,LAX,15,100,206,0,0,18,128,189,0,0,45
11,5,7,3,12,2475,DL,LAX,15,100,206,0,0,18,128,189,0,0,45
-3,5,7,3,9,2475,DL,LAX,15,100,206,0,0,18,128,189,0,0,45
-2,5,7,3,7,2475,DL,LAX,15,100,206,0,0,18,128,189,0,0,45
12,5,7,3,17,2475,DL,LAX,15,100,206,0,0,18,128,189,0,0,45
-9,5,7,3,9,2475,VX,LAX,15,100,206,0,0,18,128,189,0,0,45
-4,5,7,3,20,2475,VX,LAX,15,100,206,0,0,18,128,189,0,0,45
-8,5,7,3,7,2475,VX,LAX,15,100,206,0,0,18,128,189,0,0,45
1,5,7,3,16,2475,VX,LAX,15,100,206,0,0,18,128,189,0,0,45
-5,5,7,3,13,2475,VX,LAX,15,100,206,0,0,18,128,189,0,0,45
-1,5,12,1,20,2475,VX,LAX,10,178,294,0,0,8,144,306,0,0,39
1,5,12,1,16,2475,VX,LAX,10,178,294,0,0,8,144,306,0,0,39
-4,5,12,1,13,2475,VX,LAX,10,178,294,0,0,8,144,306,0,0,39
-1,5,12,1,9,2475,VX,LAX,10,178,294,0,0,8,144,306,0,0,39
-1,5,12,1,7,2475,VX,LAX,10,178,294,0,0,8,144,306,0,0,39
-3,5,12,1,7,2475,AA,LAX,10,178,294,0,0,8,144,306,0,0,39
-3,5,12,1,9,2475,B6,LAX,10,178,294,0,0,8,144,306,0,0,39
-2,5,12,1,20,2475,AA,LAX,10,178,294,0,0,8,144,306,0,0,39
-8,5,12,1,12,2475,AA,LAX,10,178,294,0,0,8,144,306,0,0,39
-4,5,12,1,17,2475,B6,LAX,10,178,294,0,0,8,144,306,0,0,39
93,5,12,1,7,2475,DL,LAX,10,178,294,0,0,8,144,306,0,0,39
16,5,12,1,15,2475,AA,LAX,10,178,294,0,0,8,144,306,0,0,39
-2,5,12,1,17,2475,DL,LAX,10,178,294,0,0,8,144,306,0,0,39
-5,5,12,1,20,2475,B6,LAX,10,178,294,0,0,8,144,306,0,0,39
-2,5,12,1,5,2475,AA,LAX,10,178,294,0,0,8,144,306,0,0,39
-7,5,12,1,17,2475,AA,LAX,10,178,294,0,0,8,144,306,0,0,39
-9,5,12,1,10,2475,AA,LAX,10,178,294,0,0,8,144,306,0,0,39
-5,5,12,1,8,2475,AA,LAX,10,178,294,0,0,8,144,306,0,0,39
-1,5,12,1,18,2475,AA,LAX,10,178,294,0,0,8,144,306,0,0,39
11,5,12,1,16,2475,AA,LAX,10,178,294,0,0,8,144,306,0,0,39
-2,5,12,1,18,2475,DL,LAX,10,178,294,0,0,8,144,306,0,0,39
1,5,12,1,8,2475,DL,LAX,10,178,294,0,0,8,144,306,0,0,39
87,5,12,1,21,2475,DL,LAX,10,178,294,0,0,8,144,306,0,0,39
5,5,12,1,15,2475,DL,LAX,10,178,294,0,0,8,144,306,0,0,39
-1,5,12,1,6,2475,B6,LAX,10,178,294,0,0,8,144,306,0,0,39
3,5,12,1,9,2475,AA,LAX,10,178,294,0,0,8,144,306,0,0,39
-4,5,12,1,12,2475,DL,LAX,10,178,294,0,0,8,144,306,0,0,39
-4,5,12,1,9,2475,DL,LAX,10,178,294,0,0,8,144,306,0,0,39
-2,5,12,1,8,2475,UA,LAX,10,178,294,0,0,8,144,306,0,0,39
14,5,12,1,17,2475,UA,LAX,10,178,294,0,0,8,144,306,0,0,39
9,5,12,1,14,2475,UA,LAX,10,178,294,0,0,8,144,306,0,0,39
-6,5,12,1,6,2475,UA,LAX,10,178,294,0,0,8,144,306,0,0,39
-4,5,12,1,11,2475,UA,LAX,10,178,294,0,0,8,144,306,0,0,39
81,5,12,1,20,2475,UA,LAX,10,178,294,0,0,8,144,306,0,0,39
-3,6,8,7,15,2475,AA,LAX,13,189,300,0,0,13,156,222,0,0,34
-10,6,8,7,9,2475,AA,LAX,13,189,300,0,0,13,156,222,0,0,34
-2,6,8,7,20,2475,AA,LAX,13,189,300,0,0,13,156,222,0,0,34
72,6,8,7,12,2475,AA,LAX,13,189,300,0,0,13,156,222,0,0,34
-3,6,8,7,17,2475,AA,LAX,13,189,300,0,0,13,156,222,0,0,34
-2,6,8,7,6,2475,B6,LAX,13,189,300,0,0,13,156,222,0,0,34
-6,6,8,7,9,2475,B6,LAX,13,189,300,0,0,13,156,222,0,0,34
-4,6,8,7,10,2475,AA,LAX,13,189,300,0,0,13,156,222,0,0,34
-2,6,8,7,5,2475,AA,LAX,13,189,300,0,0,13,156,222,0,0,34
1,6,8,7,17,2475,B6,LAX,13,189,300,0,0,13,156,222,0,0,34
23,6,8,7,20,2475,B6,LAX,13,189,300,0,0,13,156,222,0,0,34
-6,6,8,7,7,2475,AA,LAX,13,189,300,0,0,13,156,222,0,0,34
36,6,8,7,16,2475,AA,LAX,13,189,300,0,0,13,156,222,0,0,34
26,6,8,7,11,2475,AA,LAX,13,189,300,0,0,13,156,222,0,0,34
-7,6,8,7,8,2475,AA,LAX,13,189,300,0,0,13,156,222,0,0,34
3,6,8,7,18,2475,AA,LAX,13,189,300,0,0,13,156,222,0,0,34
14,6,8,7,17,2475,UA,LAX,13,189,300,0,0,13,156,222,0,0,34
-3,6,8,7,8,2475,DL,LAX,13,189,300,0,0,13,156,222,0,0,34
16,6,8,7,9,2475,DL,LAX,13,189,300,0,0,13,156,222,0,0,34
-4,6,8,7,12,2475,DL,LAX,13,189,300,0,0,13,156,222,0,0,34
-4,6,8,7,7,2475,DL,LAX,13,189,300,0,0,13,156,222,0,0,34
80,6,8,7,21,2475,DL,LAX,13,189,300,0,0,13,156,222,0,0,34
-1,6,8,7,16,2475,DL,LAX,13,189,300,0,0,13,156,222,0,0,34
66,6,8,7,15,2475,DL,LAX,13,189,300,0,0,13,156,222,0,0,34
67,6,8,7,18,2475,DL,LAX,13,189,300,0,0,13,156,222,0,0,34
48,6,8,7,20,2475,UA,LAX,13,189,300,0,0,13,156,222,0,0,34
-4,6,8,7,11,2475,UA,LAX,13,189,300,0,0,13,156,222,0,0,34
6,6,8,7,14,2475,UA,LAX,13,189,300,0,0,13,156,222,0,0,34
-3,6,8,7,7,2475,VX,LAX,13,189,300,0,0,13,156,222,0,0,34
-2,6,8,7,9,2475,VX,LAX,13,189,300,0,0,13,156,222,0,0,34
-5,6,8,7,11,2475,VX,LAX,13,189,300,0,0,13,156,222,0,0,34
-5,6,8,7,13,2475,VX,LAX,13,189,300,0,0,13,156,222,0,0,34
2,6,8,7,16,2475,VX,LAX,13,189,300,0,0,13,156,222,0,0,34
85,6,8,7,20,2475,VX,LAX,13,189,300,0,0,13,156,222,0,0,34
-12,6,8,7,8,2475,UA,LAX,13,189,300,0,0,13,156,222,0,0,34
-5,6,13,5,13,2475,VX,LAX,18,183,261,325,0,16,167,211,0,0,34
34,6,13,5,17,2475,UA,LAX,18,183,261,325,0,16,167,211,0,0,34
12,6,13,5,14,2475,UA,LAX,18,183,261,325,0,16,167,211,0,0,34
64,6,13,5,16,2475,VX,LAX,18,183,261,325,0,16,167,211,0,0,34
48,6,13,5,20,2475,VX,LAX,18,183,261,325,0,16,167,211,0,0,34
-5,6,13,5,8,2475,UA,LAX,18,183,261,325,0,16,167,211,0,0,34
-2,6,13,5,7,2475,VX,LAX,18,183,261,325,0,16,167,211,0,0,34
-2,6,13,5,9,2475,VX,LAX,18,183,261,325,0,16,167,211,0,0,34
-5,6,13,5,11,2475,VX,LAX,18,183,261,325,0,16,167,211,0,0,34
22,6,13,5,18,2475,DL,LAX,18,183,261,325,0,16,167,211,0,0,34
-4,6,13,5,8,2475,DL,LAX,18,183,261,325,0,16,167,211,0,0,34
34,6,13,5,9,2475,DL,LAX,18,183,261,325,0,16,167,211,0,0,34
-4,6,13,5,12,2475,DL,LAX,18,183,261,325,0,16,167,211,0,0,34
0,6,13,5,7,2475,DL,LAX,18,183,261,325,0,16,167,211,0,0,34
56,6,13,5,21,2475,DL,LAX,18,183,261,325,0,16,167,211,0,0,34
0,6,13,5,16,2475,DL,LAX,18,183,261,325,0,16,167,211,0,0,34
11,6,13,5,15,2475,DL,LAX,18,183,261,325,0,16,167,211,0,0,34
-6,6,13,5,11,2475,UA,LAX,18,183,261,325,0,16,167,211,0,0,34
21,6,13,5,20,2475,UA,LAX,18,183,261,325,0,16,167,211,0,0,34
2,6,13,5,6,2475,UA,LAX,18,183,261,325,0,16,167,211,0,0,34
-1,6,13,5,18,2475,AA,LAX,18,183,261,325,0,16,167,211,0,0,34
-4,6,13,5,11,2475,AA,LAX,18,183,261,325,0,16,167,211,0,0,34
-7,6,13,5,6,2475,B6,LAX,18,183,261,325,0,16,167,211,0,0,34
18,6,13,5,9,2475,B6,LAX,18,183,261,325,0,16,167,211,0,0,34
28,6,13,5,17,2475,B6,LAX,18,183,261,325,0,16,167,211,0,0,34
108,6,13,5,20,2475,AA,LAX,18,183,261,325,0,16,167,211,0,0,34
-9,6,13,5,12,2475,AA,LAX,18,183,261,325,0,16,167,211,0,0,34
80,6,13,5,19,2475,AA,LAX,18,183,261,325,0,16,167,211,0,0,34
14,6,13,5,17,2475,AA,LAX,18,183,261,325,0,16,167,211,0,0,34
152,6,13,5,20,2475,B6,LAX,18,183,261,325,0,16,167,211,0,0,34
-12,6,13,5,6,2475,AA,LAX,18,183,261,325,0,16,167,211,0,0,34
-4,6,13,5,10,2475,AA,LAX,18,183,261,325,0,16,167,211,0,0,34
21,6,13,5,9,2475,AA,LAX,18,183,261,325,0,16,167,211,0,0,34
-11,6,13,5,7,2475,AA,LAX,18,183,261,325,0,16,167,211,0,0,34
-3,6,13,5,8,2475,AA,LAX,18,183,261,325,0,16,167,211,0,0,34
14,6,13,5,15,2475,AA,LAX,18,183,261,325,0,16,167,211,0,0,34
8,6,13,5,16,2475,AA,LAX,18,183,261,325,0,16,167,211,0,0,34
5,7,9,3,16,2475,VX,LAX,5,217,311,23,0,19,194,244,0,0,39
-4,7,9,3,13,2475,VX,LAX,5,217,311,23,0,19,194,244,0,0,39
59,7,9,3,11,2475,VX,LAX,5,217,311,23,0,19,194,244,0,0,39
-2,7,9,3,9,2475,VX,LAX,5,217,311,23,0,19,194,244,0,0,39
-4,7,9,3,7,2475,VX,LAX,5,217,311,23,0,19,194,244,0,0,39
77,7,9,3,20,2475,VX,LAX,5,217,311,23,0,19,194,244,0,0,39
10,7,9,3,8,2475,DL,LAX,5,217,311,23,0,19,194,244,0,0,39
-7,7,9,3,10,2475,AA,LAX,5,217,311,23,0,19,194,244,0,0,39
53,7,9,3,21,2475,DL,LAX,5,217,311,23,0,19,194,244,0,0,39
-6,7,9,3,16,2475,AA,LAX,5,217,311,23,0,19,194,244,0,0,39
7,7,9,3,15,2475,DL,LAX,5,217,311,23,0,19,194,244,0,0,39
-2,7,9,3,6,2475,B6,LAX,5,217,311,23,0,19,194,244,0,0,39
-1,7,9,3,7,2475,DL,LAX,5,217,311,23,0,19,194,244,0,0,39
-3,7,9,3,12,2475,DL,LAX,5,217,311,23,0,19,194,244,0,0,39
-2,7,9,3,6,2475,UA,LAX,5,217,311,23,0,19,194,244,0,0,39
-4,7,9,3,8,2475,UA,LAX,5,217,311,23,0,19,194,244,0,0,39
56,7,9,3,20,2475,UA,LAX,5,217,311,23,0,19,194,244,0,0,39
-3,7,9,3,17,2475,UA,LAX,5,217,311,23,0,19,194,244,0,0,39
0,7,9,3,11,2475,UA,LAX,5,217,311,23,0,19,194,244,0,0,39
-2,7,9,3,14,2475,UA,LAX,5,217,311,23,0,19,194,244,0,0,39
47,7,9,3,20,2475,B6,LAX,5,217,311,23,0,19,194,244,0,0,39
7,7,9,3,18,2475,DL,LAX,5,217,311,23,0,19,194,244,0,0,39
3,7,9,3,12,2475,B6,LAX,5,217,311,23,0,19,194,244,0,0,39
0,7,9,3,16,2475,B6,LAX,5,217,311,23,0,19,194,244,0,0,39
-4,7,9,3,11,2475,AA,LAX,5,217,311,23,0,19,194,244,0,0,39
-11,7,9,3,9,2475,AA,LAX,5,217,311,23,0,19,194,244,0,0,39
2,7,9,3,8,2475,AA,LAX,5,217,311,23,0,19,194,244,0,0,39
-6,7,9,3,6,2475,AA,LAX,5,217,311,23,0,19,194,244,0,0,39
18,7,9,3,17,2475,AA,LAX,5,217,311,23,0,19,194,244,0,0,39
70,7,9,3,20,2475,AA,LAX,5,217,311,23,0,19,194,244,0,0,39
108,7,9,3,19,2475,AA,LAX,5,217,311,23,0,19,194,244,0,0,39
45,7,9,3,18,2475,AA,LAX,5,217,311,23,0,19,194,244,0,0,39
-2,7,9,3,7,2475,AA,LAX,5,217,311,23,0,19,194,244,0,0,39
-6,7,9,3,12,2475,AA,LAX,5,217,311,23,0,19,194,244,0,0,39
2,7,9,3,16,2475,DL,LAX,5,217,311,23,0,19,194,244,0,0,39
22,7,9,3,9,2475,B6,LAX,5,217,311,23,0,19,194,244,0,0,39
0,7,9,3,9,2475,DL,LAX,5,217,311,23,0,19,194,244,0,0,39
-6,7,14,1,12,2475,DL,LAX,10,222,289,117,0,20,206,239,0,0,25
-5,7,14,1,9,2475,DL,LAX,10,222,289,117,0,20,206,239,0,0,25
17,7,14,1,18,2475,DL,LAX,10,222,289,117,0,20,206,239,0,0,25
-6,7,14,1,6,2475,UA,LAX,10,222,289,117,0,20,206,239,0,0,25
-4,7,14,1,9,2475,AA,LAX,10,222,289,117,0,20,206,239,0,0,25
-5,7,14,1,10,2475,AA,LAX,10,222,289,117,0,20,206,239,0,0,25
-2,7,14,1,7,2475,AA,LAX,10,222,289,117,0,20,206,239,0,0,25
-5,7,14,1,8,2475,UA,LAX,10,222,289,117,0,20,206,239,0,0,25
106,7,14,1,20,2475,UA,LAX,10,222,289,117,0,20,206,239,0,0,25
40,7,14,1,17,2475,UA,LAX,10,222,289,117,0,20,206,239,0,0,25
-4,7,14,1,11,2475,UA,LAX,10,222,289,117,0,20,206,239,0,0,25
-1,7,14,1,14,2475,UA,LAX,10,222,289,117,0,20,206,239,0,0,25
14,7,14,1,11,2475,AA,LAX,10,222,289,117,0,20,206,239,0,0,25
284,7,14,1,18,2475,AA,LAX,10,222,289,117,0,20,206,239,0,0,25
-2,7,14,1,9,2475,B6,LAX,10,222,289,117,0,20,206,239,0,0,25
-2,7,14,1,6,2475,B6,LAX,10,222,289,117,0,20,206,239,0,0,25
164,7,14,1,17,2475,AA,LAX,10,222,289,117,0,20,206,239,0,0,25
160,7,14,1,20,2475,AA,LAX,10,222,289,117,0,20,206,239,0,0,25
-7,7,14,1,16,2475,AA,LAX,10,222,289,117,0,20,206,239,0,0,25
-6,7,14,1,16,2475,B6,LAX,10,222,289,117,0,20,206,239,0,0,25
1,7,14,1,15,2475,AA,LAX,10,222,289,117,0,20,206,239,0,0,25
-3,7,14,1,12,2475,B6,LAX,10,222,289,117,0,20,206,239,0,0,25
169,7,14,1,20,2475,B6,LAX,10,222,289,117,0,20,206,239,0,0,25
-5,7,14,1,8,2475,AA,LAX,10,222,289,117,0,20,206,239,0,0,25
-10,7,14,1,6,2475,AA,LAX,10,222,289,117,0,20,206,239,0,0,25
235,7,14,1,19,2475,AA,LAX,10,222,289,117,0,20,206,239,0,0,25
1,7,14,1,8,2475,DL,LAX,10,222,289,117,0,20,206,239,0,0,25
147,7,14,1,21,2475,DL,LAX,10,222,289,117,0,20,206,239,0,0,25
-6,7,14,1,12,2475,AA,LAX,10,222,289,117,0,20,206,239,0,0,25
-3,7,14,1,15,2475,DL,LAX,10,222,289,117,0,20,206,239,0,0,25
8,7,14,1,7,2475,DL,LAX,10,222,289,117,0,20,206,239,0,0,25
195,7,14,1,20,2475,VX,LAX,10,222,289,117,0,20,206,239,0,0,25
260,7,14,1,16,2475,VX,LAX,10,222,289,117,0,20,206,239,0,0,25
-3,7,14,1,13,2475,VX,LAX,10,222,289,117,0,20,206,239,0,0,25
-3,7,14,1,11,2475,VX,LAX,10,222,289,117,0,20,206,239,0,0,25
-6,7,14,1,9,2475,VX,LAX,10,222,289,117,0,20,206,239,0,0,25
0,7,14,1,7,2475,VX,LAX,10,222,289,117,0,20,206,239,0,0,25
20,8,15,5,16,2475,VX,LAX,17,161,228,0,0,24,172,244,0,0,38
-2,8,15,5,20,2475,VX,LAX,17,161,228,0,0,24,172,244,0,0,38
18,8,15,5,16,2475,DL,LAX,17,161,228,0,0,24,172,244,0,0,38
-1,8,15,5,8,2475,DL,LAX,17,161,228,0,0,24,172,244,0,0,38
-4,8,15,5,6,2475,UA,LAX,17,161,228,0,0,24,172,244,0,0,38
1,8,15,5,7,2475,VX,LAX,17,161,228,0,0,24,172,244,0,0,38
-7,8,15,5,9,2475,VX,LAX,17,161,228,0,0,24,172,244,0,0,38
-1,8,15,5,11,2475,VX,LAX,17,161,228,0,0,24,172,244,0,0,38
3,8,15,5,21,2475,DL,LAX,17,161,228,0,0,24,172,244,0,0,38
-5,8,15,5,8,2475,UA,LAX,17,161,228,0,0,24,172,244,0,0,38
-3,8,15,5,20,2475,UA,LAX,17,161,228,0,0,24,172,244,0,0,38
-5,8,15,5,17,2475,UA,LAX,17,161,228,0,0,24,172,244,0,0,38
-6,8,15,5,11,2475,UA,LAX,17,161,228,0,0,24,172,244,0,0,38
-1,8,15,5,14,2475,UA,LAX,17,161,228,0,0,24,172,244,0,0,38
22,8,15,5,18,2475,DL,LAX,17,161,228,0,0,24,172,244,0,0,38
64,8,15,5,13,2475,VX,LAX,17,161,228,0,0,24,172,244,0,0,38
-2,8,15,5,15,2475,DL,LAX,17,161,228,0,0,24,172,244,0,0,38
-9,8,15,5,7,2475,DL,LAX,17,161,228,0,0,24,172,244,0,0,38
-4,8,15,5,12,2475,DL,LAX,17,161,228,0,0,24,172,244,0,0,38
-8,8,15,5,9,2475,DL,LAX,17,161,228,0,0,24,172,244,0,0,38
-3,8,15,5,7,2475,AA,LAX,17,161,228,0,0,24,172,244,0,0,38
7,8,15,5,16,2475,AA,LAX,17,161,228,0,0,24,172,244,0,0,38
-3,8,15,5,10,2475,AA,LAX,17,161,228,0,0,24,172,244,0,0,38
0,8,15,5,16,2475,B6,LAX,17,161,228,0,0,24,172,244,0,0,38
-9,8,15,5,12,2475,AA,LAX,17,161,228,0,0,24,172,244,0,0,38
-1,8,15,5,6,2475,AA,LAX,17,161,228,0,0,24,172,244,0,0,38
-1,8,15,5,12,2475,B6,LAX,17,161,228,0,0,24,172,244,0,0,38
0,8,15,5,20,2475,B6,LAX,17,161,228,0,0,24,172,244,0,0,38
-7,8,15,5,19,2475,AA,LAX,17,161,228,0,0,24,172,244,0,0,38
24,8,15,5,20,2475,AA,LAX,17,161,228,0,0,24,172,244,0,0,38
-2,8,15,5,11,2475,AA,LAX,17,161,228,0,0,24,172,244,0,0,38
-1,8,15,5,17,2475,AA,LAX,17,161,228,0,0,24,172,244,0,0,38
-5,8,15,5,15,2475,AA,LAX,17,161,228,0,0,24,172,244,0,0,38
3,8,15,5,18,2475,AA,LAX,17,161,228,0,0,24,172,244,0,0,38
-2,8,15,5,9,2475,B6,LAX,17,161,228,0,0,24,172,244,0,0,38
-3,8,15,5,6,2475,B6,LAX,17,161,228,0,0,24,172,244,0,0,38
-12,8,15,5,9,2475,AA,LAX,17,161,228,0,0,24,172,244,0,0,38
-4,8,15,5,8,2475,AA,LAX,17,161,228,0,0,24,172,244,0,0,38
-1,8,20,3,19,2475,AA,LAX,12,211,289,0,0,10,194,250,0,0,38
-3,8,20,3,20,2475,B6,LAX,12,211,289,0,0,10,194,250,0,0,38
-4,8,20,3,10,2475,AA,LAX,12,211,289,0,0,10,194,250,0,0,38
-4,8,20,3,6,2475,AA,LAX,12,211,289,0,0,10,194,250,0,0,38
15,8,20,3,9,2475,B6,LAX,12,211,289,0,0,10,194,250,0,0,38
-3,8,20,3,12,2475,B6,LAX,12,211,289,0,0,10,194,250,0,0,38
-5,8,20,3,9,2475,AA,LAX,12,211,289,0,0,10,194,250,0,0,38
22,8,20,3,16,2475,AA,LAX,12,211,289,0,0,10,194,250,0,0,38
-3,8,20,3,8,2475,AA,LAX,12,211,289,0,0,10,194,250,0,0,38
-2,8,20,3,6,2475,B6,LAX,12,211,289,0,0,10,194,250,0,0,38
-11,8,20,3,12,2475,AA,LAX,12,211,289,0,0,10,194,250,0,0,38
9,8,20,3,16,2475,B6,LAX,12,211,289,0,0,10,194,250,0,0,38
-3,8,20,3,11,2475,AA,LAX,12,211,289,0,0,10,194,250,0,0,38
6,8,20,3,18,2475,AA,LAX,12,211,289,0,0,10,194,250,0,0,38
39,8,20,3,17,2475,AA,LAX,12,211,289,0,0,10,194,250,0,0,38
-3,8,20,3,20,2475,AA,LAX,12,211,289,0,0,10,194,250,0,0,38
-8,8,20,3,14,2475,AA,LAX,12,211,289,0,0,10,194,250,0,0,38
-1,8,20,3,7,2475,AA,LAX,12,211,289,0,0,10,194,250,0,0,38
-3,8,20,3,7,2475,VX,LAX,12,211,289,0,0,10,194,250,0,0,38
6,8,20,3,16,2475,DL,LAX,12,211,289,0,0,10,194,250,0,0,38
-2,8,20,3,8,2475,DL,LAX,12,211,289,0,0,10,194,250,0,0,38
2,8,20,3,15,2475,DL,LAX,12,211,289,0,0,10,194,250,0,0,38
2,8,20,3,7,2475,DL,LAX,12,211,289,0,0,10,194,250,0,0,38
-2,8,20,3,12,2475,DL,LAX,12,211,289,0,0,10,194,250,0,0,38
-6,8,20,3,9,2475,DL,LAX,12,211,289,0,0,10,194,250,0,0,38
-5,8,20,3,18,2475,DL,LAX,12,211,289,0,0,10,194,250,0,0,38
-2,8,20,3,21,2475,DL,LAX,12,211,289,0,0,10,194,250,0,0,38
0,8,20,3,20,2475,VX,LAX,12,211,289,0,0,10,194,250,0,0,38
8,8,20,3,16,2475,VX,LAX,12,211,289,0,0,10,194,250,0,0,38
0,8,20,3,13,2475,VX,LAX,12,211,289,0,0,10,194,250,0,0,38
-3,8,20,3,11,2475,VX,LAX,12,211,289,0,0,10,194,250,0,0,38
-9,8,20,3,9,2475,VX,LAX,12,211,289,0,0,10,194,250,0,0,38
-10,8,20,3,11,2475,UA,LAX,12,211,289,0,0,10,194,250,0,0,38
2,8,20,3,20,2475,UA,LAX,12,211,289,0,0,10,194,250,0,0,38
18,8,20,3,17,2475,UA,LAX,12,211,289,0,0,10,194,250,0,0,38
-3,8,20,3,8,2475,UA,LAX,12,211,289,0,0,10,194,250,0,0,38
-2,8,20,3,6,2475,UA,LAX,12,211,289,0,0,10,194,250,0,0,38
-9,8,20,3,14,2475,UA,LAX,12,211,289,0,0,10,194,250,0,0,38
-4,9,16,2,20,2475,UA,LAX,15,144,211,94,0,10,233,322,0,0,25
-8,9,16,2,8,2475,UA,LAX,15,144,211,94,0,10,233,322,0,0,25
-1,9,16,2,14,2475,UA,LAX,15,144,211,94,0,10,233,322,0,0,25
-4,9,16,2,6,2475,UA,LAX,15,144,211,94,0,10,233,322,0,0,25
7,9,16,2,11,2475,UA,LAX,15,144,211,94,0,10,233,322,0,0,25
-4,9,16,2,17,2475,UA,LAX,15,144,211,94,0,10,233,322,0,0,25
-7,9,16,2,8,2475,AA,LAX,15,144,211,94,0,10,233,322,0,0,25
21,9,16,2,20,2475,AA,LAX,15,144,211,94,0,10,233,322,0,0,25
-4,9,16,2,7,2475,AA,LAX,15,144,211,94,0,10,233,322,0,0,25
-2,9,16,2,14,2475,AA,LAX,15,144,211,94,0,10,233,322,0,0,25
-3,9,16,2,16,2475,AA,LAX,15,144,211,94,0,10,233,322,0,0,25
-6,9,16,2,10,2475,AA,LAX,15,144,211,94,0,10,233,322,0,0,25
-4,9,16,2,18,2475,AA,LAX,15,144,211,94,0,10,233,322,0,0,25
-6,9,16,2,6,2475,AA,LAX,15,144,211,94,0,10,233,322,0,0,25
35,9,16,2,17,2475,AA,LAX,15,144,211,94,0,10,233,322,0,0,25
-9,9,16,2,8,2475,B6,LAX,15,144,211,94,0,10,233,322,0,0,25
-3,9,16,2,11,2475,AA,LAX,15,144,211,94,0,10,233,322,0,0,25
-1,9,16,2,20,2475,VX,LAX,15,144,211,94,0,10,233,322,0,0,25
0,9,16,2,16,2475,VX,LAX,15,144,211,94,0,10,233,322,0,0,25
-6,9,16,2,13,2475,VX,LAX,15,144,211,94,0,10,233,322,0,0,25
-7,9,16,2,9,2475,VX,LAX,15,144,211,94,0,10,233,322,0,0,25
-2,9,16,2,7,2475,VX,LAX,15,144,211,94,0,10,233,322,0,0,25
8,9,16,2,16,2475,B6,LAX,15,144,211,94,0,10,233,322,0,0,25
-9,9,16,2,9,2475,B6,LAX,15,144,211,94,0,10,233,322,0,0,25
0,9,16,2,11,2475,B6,LAX,15,144,211,94,0,10,233,322,0,0,25
-5,9,16,2,20,2475,B6,LAX,15,144,211,94,0,10,233,322,0,0,25
-5,9,16,2,12,2475,AA,LAX,15,144,211,94,0,10,233,322,0,0,25
-9,9,16,2,9,2475,AA,LAX,15,144,211,94,0,10,233,322,0,0,25
-9,9,16,2,19,2475,AA,LAX,15,144,211,94,0,10,233,322,0,0,25
-4,9,16,2,12,2475,DL,LAX,15,144,211,94,0,10,233,322,0,0,25
-9,9,16,2,6,2475,B6,LAX,15,144,211,94,0,10,233,322,0,0,25
-4,9,16,2,9,2475,DL,LAX,15,144,211,94,0,10,233,322,0,0,25
5,9,16,2,15,2475,DL,LAX,15,144,211,94,0,10,233,322,0,0,25
8,9,16,2,18,2475,DL,LAX,15,144,211,94,0,10,233,322,0,0,25
26,9,16,2,21,2475,DL,LAX,15,144,211,94,0,10,233,322,0,0,25
0,9,16,2,16,2475,DL,LAX,15,144,211,94,0,10,233,322,0,0,25
-3,9,16,2,7,2475,DL,LAX,15,144,211,94,0,10,233,322,0,0,25
-10,9,16,2,8,2475,DL,LAX,15,144,211,94,0,10,233,322,0,0,25
1,9,21,7,12,2475,DL,LAX,20,194,239,38,0,7,178,250,0,0,33
6,9,21,7,8,2475,DL,LAX,20,194,239,38,0,7,178,250,0,0,33
17,9,21,7,16,2475,DL,LAX,20,194,239,38,0,7,178,250,0,0,33
-16,9,21,7,6,2475,B6,LAX,20,194,239,38,0,7,178,250,0,0,33
-1,9,21,7,18,2475,DL,LAX,20,194,239,38,0,7,178,250,0,0,33
-2,9,21,7,9,2475,DL,LAX,20,194,239,38,0,7,178,250,0,0,33
0,9,21,7,7,2475,DL,LAX,20,194,239,38,0,7,178,250,0,0,33
44,9,21,7,21,2475,DL,LAX,20,194,239,38,0,7,178,250,0,0,33
-2,9,21,7,11,2475,UA,LAX,20,194,239,38,0,7,178,250,0,0,33
7,9,21,7,15,2475,DL,LAX,20,194,239,38,0,7,178,250,0,0,33
9,9,21,7,20,2475,UA,LAX,20,194,239,38,0,7,178,250,0,0,33
-4,9,21,7,14,2475,UA,LAX,20,194,239,38,0,7,178,250,0,0,33
9,9,21,7,8,2475,UA,LAX,20,194,239,38,0,7,178,250,0,0,33
6,9,21,7,17,2475,UA,LAX,20,194,239,38,0,7,178,250,0,0,33
2,9,21,7,11,2475,VX,LAX,20,194,239,38,0,7,178,250,0,0,33
-1,9,21,7,20,2475,AA,LAX,20,194,239,38,0,7,178,250,0,0,33
-2,9,21,7,13,2475,VX,LAX,20,194,239,38,0,7,178,250,0,0,33
7,9,21,7,16,2475,VX,LAX,20,194,239,38,0,7,178,250,0,0,33
-4,9,21,7,9,2475,AA,LAX,20,194,239,38,0,7,178,250,0,0,33
-8,9,21,7,7,2475,AA,LAX,20,194,239,38,0,7,178,250,0,0,33
-1,9,21,7,20,2475,VX,LAX,20,194,239,38,0,7,178,250,0,0,33
-5,9,21,7,20,2475,B6,LAX,20,194,239,38,0,7,178,250,0,0,33
-5,9,21,7,11,2475,B6,LAX,20,194,239,38,0,7,178,250,0,0,33
-4,9,21,7,9,2475,B6,LAX,20,194,239,38,0,7,178,250,0,0,33
4,9,21,7,8,2475,B6,LAX,20,194,239,38,0,7,178,250,0,0,33
-5,9,21,7,11,2475,AA,LAX,20,194,239,38,0,7,178,250,0,0,33
-7,9,21,7,6,2475,AA,LAX,20,194,239,38,0,7,178,250,0,0,33
-4,9,21,7,10,2475,AA,LAX,20,194,239,38,0,7,178,250,0,0,33
-2,9,21,7,17,2475,AA,LAX,20,194,239,38,0,7,178,250,0,0,33
-1,9,21,7,18,2475,AA,LAX,20,194,239,38,0,7,178,250,0,0,33
-5,9,21,7,8,2475,AA,LAX,20,194,239,38,0,7,178,250,0,0,33
-5,9,21,7,16,2475,AA,LAX,20,194,239,38,0,7,178,250,0,0,33
-4,9,21,7,14,2475,AA,LAX,20,194,239,38,0,7,178,250,0,0,33
-1,9,21,7,16,2475,B6,LAX,20,194,239,38,0,7,178,250,0,0,33
-4,9,21,7,19,2475,AA,LAX,20,194,239,38,0,7,178,250,0,0,33
-2,9,21,7,9,2475,VX,LAX,20,194,239,38,0,7,178,250,0,0,33
-4,9,21,7,12,2475,AA,LAX,20,194,239,38,0,7,178,250,0,0,33
-3,10,7,2,11,2475,B6,LAX,6,172,217,15,0,21,183,306,0,0,24
2,10,7,2,21,2475,B6,LAX,6,172,217,15,0,21,183,306,0,0,24
-9,10,7,2,6,2475,AA,LAX,6,172,217,15,0,21,183,306,0,0,24
-3,10,7,2,18,2475,DL,LAX,6,172,217,15,0,21,183,306,0,0,24
-1,10,7,2,16,2475,DL,LAX,6,172,217,15,0,21,183,306,0,0,24
-4,10,7,2,9,2475,DL,LAX,6,172,217,15,0,21,183,306,0,0,24
-1,10,7,2,12,2475,DL,LAX,6,172,217,15,0,21,183,306,0,0,24
0,10,7,2,7,2475,DL,LAX,6,172,217,15,0,21,183,306,0,0,24
10,10,7,2,21,2475,DL,LAX,6,172,217,15,0,21,183,306,0,0,24
11,10,7,2,15,2475,DL,LAX,6,172,217,15,0,21,183,306,0,0,24
-8,10,7,2,8,2475,DL,LAX,6,172,217,15,0,21,183,306,0,0,24
-9,10,7,2,10,2475,AA,LAX,6,172,217,15,0,21,183,306,0,0,24
-4,10,7,2,16,2475,B6,LAX,6,172,217,15,0,21,183,306,0,0,24
-7,10,7,2,6,2475,B6,LAX,6,172,217,15,0,21,183,306,0,0,24
-10,10,7,2,8,2475,B6,LAX,6,172,217,15,0,21,183,306,0,0,24
-3,10,7,2,9,2475,B6,LAX,6,172,217,15,0,21,183,306,0,0,24
-7,10,7,2,12,2475,AA,LAX,6,172,217,15,0,21,183,306,0,0,24
-1,10,7,2,14,2475,UA,LAX,6,172,217,15,0,21,183,306,0,0,24
-4,10,7,2,11,2475,UA,LAX,6,172,217,15,0,21,183,306,0,0,24
5,10,7,2,17,2475,UA,LAX,6,172,217,15,0,21,183,306,0,0,24
-7,10,7,2,7,2475,AA,LAX,6,172,217,15,0,21,183,306,0,0,24
7,10,7,2,6,2475,UA,LAX,6,172,217,15,0,21,183,306,0,0,24
-4,10,7,2,18,2475,AA,LAX,6,172,217,15,0,21,183,306,0,0,24
65,10,7,2,20,2475,AA,LAX,6,172,217,15,0,21,183,306,0,0,24
-9,10,7,2,11,2475,AA,LAX,6,172,217,15,0,21,183,306,0,0,24
-1,10,7,2,9,2475,VX,LAX,6,172,217,15,0,21,183,306,0,0,24
106,10,7,2,20,2475,UA,LAX,6,172,217,15,0,21,183,306,0,0,24
48,10,7,2,16,2475,AA,LAX,6,172,217,15,0,21,183,306,0,0,24
0,10,7,2,19,2475,AA,LAX,6,172,217,15,0,21,183,306,0,0,24
-1,10,7,2,7,2475,VX,LAX,6,172,217,15,0,21,183,306,0,0,24
35,10,7,2,14,2475,AA,LAX,6,172,217,15,0,21,183,306,0,0,24
-2,10,7,2,8,2475,UA,LAX,6,172,217,15,0,21,183,306,0,0,24
-7,10,7,2,9,2475,AA,LAX,6,172,217,15,0,21,183,306,0,0,24
7,10,7,2,16,2475,VX,LAX,6,172,217,15,0,21,183,306,0,0,24
-7,10,7,2,13,2475,VX,LAX,6,172,217,15,0,21,183,306,0,0,24
27,10,7,2,20,2475,VX,LAX,6,172,217,15,0,21,183,306,0,0,24
-3,10,7,2,8,2475,AA,LAX,6,172,217,15,0,21,183,306,0,0,24
13,10,7,2,17,2475,AA,LAX,6,172,217,15,0,21,183,306,0,0,24
-7,10,12,7,19,2475,AA,LAX,1,89,172,0,0,12,189,239,0,0,25
-9,10,12,7,16,2475,AA,LAX,1,89,172,0,0,12,189,239,0,0,25
-5,10,12,7,11,2475,VX,LAX,1,89,172,0,0,12,189,239,0,0,25
-7,10,12,7,20,2475,AA,LAX,1,89,172,0,0,12,189,239,0,0,25
-6,10,12,7,9,2475,AA,LAX,1,89,172,0,0,12,189,239,0,0,25
-2,10,12,7,9,2475,VX,LAX,1,89,172,0,0,12,189,239,0,0,25
-5,10,12,7,14,2475,AA,LAX,1,89,172,0,0,12,189,239,0,0,25
-5,10,12,7,8,2475,AA,LAX,1,89,172,0,0,12,189,239,0,0,25
-10,10,12,7,12,2475,AA,LAX,1,89,172,0,0,12,189,239,0,0,25
-8,10,12,7,7,2475,AA,LAX,1,89,172,0,0,12,189,239,0,0,25
-5,10,12,7,16,2475,VX,LAX,1,89,172,0,0,12,189,239,0,0,25
-2,10,12,7,11,2475,AA,LAX,1,89,172,0,0,12,189,239,0,0,25
-6,10,12,7,8,2475,UA,LAX,1,89,172,0,0,12,189,239,0,0,25
12,10,12,7,20,2475,UA,LAX,1,89,172,0,0,12,189,239,0,0,25
3,10,12,7,17,2475,UA,LAX,1,89,172,0,0,12,189,239,0,0,25
-5,10,12,7,11,2475,UA,LAX,1,89,172,0,0,12,189,239,0,0,25
-10,10,12,7,14,2475,UA,LAX,1,89,172,0,0,12,189,239,0,0,25
1,10,12,7,20,2475,VX,LAX,1,89,172,0,0,12,189,239,0,0,25
11,10,12,7,13,2475,VX,LAX,1,89,172,0,0,12,189,239,0,0,25
-4,10,12,7,17,2475,AA,LAX,1,89,172,0,0,12,189,239,0,0,25
2,10,12,7,18,2475,AA,LAX,1,89,172,0,0,12,189,239,0,0,25
6,10,12,7,16,2475,DL,LAX,1,89,172,0,0,12,189,239,0,0,25
14,10,12,7,21,2475,B6,LAX,1,89,172,0,0,12,189,239,0,0,25
-2,10,12,7,9,2475,DL,LAX,1,89,172,0,0,12,189,239,0,0,25
-4,10,12,7,12,2475,DL,LAX,1,89,172,0,0,12,189,239,0,0,25
-5,10,12,7,10,2475,AA,LAX,1,89,172,0,0,12,189,239,0,0,25
-1,10,12,7,16,2475,B6,LAX,1,89,172,0,0,12,189,239,0,0,25
9,10,12,7,11,2475,B6,LAX,1,89,172,0,0,12,189,239,0,0,25
-4,10,12,7,7,2475,DL,LAX,1,89,172,0,0,12,189,239,0,0,25
0,10,12,7,21,2475,DL,LAX,1,89,172,0,0,12,189,239,0,0,25
5,10,12,7,15,2475,DL,LAX,1,89,172,0,0,12,189,239,0,0,25
-6,10,12,7,6,2475,AA,LAX,1,89,172,0,0,12,189,239,0,0,25
1,10,12,7,9,2475,B6,LAX,1,89,172,0,0,12,189,239,0,0,25
-9,10,12,7,8,2475,B6,LAX,1,89,172,0,0,12,189,239,0,0,25
-3,10,12,7,6,2475,B6,LAX,1,89,172,0,0,12,189,239,0,0,25
1,10,12,7,8,2475,DL,LAX,1,89,172,0,0,12,189,239,0,0,25
4,10,12,7,18,2475,DL,LAX,1,89,172,0,0,12,189,239,0,0,25
-8,11,8,6,10,2475,AA,LAX,3,22,89,0,0,27,139,283,0,0,22
-5,11,8,6,9,2475,AA,LAX,3,22,89,0,0,27,139,283,0,0,22
-4,11,8,6,16,2475,DL,LAX,3,22,89,0,0,27,139,283,0,0,22
-1,11,8,6,8,2475,DL,LAX,3,22,89,0,0,27,139,283,0,0,22
-5,11,8,6,11,2475,DL,LAX,3,22,89,0,0,27,139,283,0,0,22
-8,11,8,6,8,2475,DL,LAX,3,22,89,0,0,27,139,283,0,0,22
-4,11,8,6,15,2475,DL,LAX,3,22,89,0,0,27,139,283,0,0,22
2,11,8,6,18,2475,DL,LAX,3,22,89,0,0,27,139,283,0,0,22
-6,11,8,6,12,2475,AA,LAX,3,22,89,0,0,27,139,283,0,0,22
-1,11,8,6,14,2475,AA,LAX,3,22,89,0,0,27,139,283,0,0,22
-1,11,8,6,7,2475,AA,LAX,3,22,89,0,0,27,139,283,0,0,22
81,11,8,6,11,2475,AA,LAX,3,22,89,0,0,27,139,283,0,0,22
-6,11,8,6,8,2475,AA,LAX,3,22,89,0,0,27,139,283,0,0,22
-6,11,8,6,16,2475,AA,LAX,3,22,89,0,0,27,139,283,0,0,22
9,11,8,6,21,2475,B6,LAX,3,22,89,0,0,27,139,283,0,0,22
-4,11,8,6,15,2475,B6,LAX,3,22,89,0,0,27,139,283,0,0,22
4,11,8,6,20,2475,AA,LAX,3,22,89,0,0,27,139,283,0,0,22
-8,11,8,6,9,2475,B6,LAX,3,22,89,0,0,27,139,283,0,0,22
-1,11,8,6,7,2475,B6,LAX,3,22,89,0,0,27,139,283,0,0,22
-4,11,8,6,6,2475,B6,LAX,3,22,89,0,0,27,139,283,0,0,22
-7,11,8,6,20,2475,AA,LAX,3,22,89,0,0,27,139,283,0,0,22
-2,11,8,6,17,2475,AA,LAX,3,22,89,0,0,27,139,283,0,0,22
-6,11,8,6,11,2475,UA,LAX,3,22,89,0,0,27,139,283,0,0,22
-6,11,8,6,18,2475,UA,LAX,3,22,89,0,0,27,139,283,0,0,22
-8,11,8,6,8,2475,UA,LAX,3,22,89,0,0,27,139,283,0,0,22
-8,11,8,6,6,2475,UA,LAX,3,22,89,0,0,27,139,283,0,0,22
0,11,8,6,14,2475,UA,LAX,3,22,89,0,0,27,139,283,0,0,22
-4,11,8,6,16,2475,VX,LAX,3,22,89,0,0,27,139,283,0,0,22
-2,11,8,6,13,2475,VX,LAX,3,22,89,0,0,27,139,283,0,0,22
-10,11,8,6,9,2475,VX,LAX,3,22,89,0,0,27,139,283,0,0,22
-5,11,8,6,7,2475,VX,LAX,3,22,89,0,0,27,139,283,0,0,22
-5,11,13,4,11,2475,UA,LAX,2,22,89,51,0,16,128,189,0,0,19
-1,11,13,4,9,2475,DL,LAX,2,22,89,51,0,16,128,189,0,0,19
-7,11,13,4,8,2475,AA,LAX,2,22,89,51,0,16,128,189,0,0,19
-1,11,13,4,15,2475,DL,LAX,2,22,89,51,0,16,128,189,0,0,19
-6,11,13,4,6,2475,AA,LAX,2,22,89,51,0,16,128,189,0,0,19
-11,11,13,4,21,2475,B6,LAX,2,22,89,51,0,16,128,189,0,0,19
132,11,13,4,14,2475,UA,LAX,2,22,89,51,0,16,128,189,0,0,19
7,11,13,4,18,2475,DL,LAX,2,22,89,51,0,16,128,189,0,0,19
-1,11,13,4,16,2475,AA,LAX,2,22,89,51,0,16,128,189,0,0,19
-2,11,13,4,15,2475,B6,LAX,2,22,89,51,0,16,128,189,0,0,19
-7,11,13,4,9,2475,B6,LAX,2,22,89,51,0,16,128,189,0,0,19
-5,11,13,4,7,2475,B6,LAX,2,22,89,51,0,16,128,189,0,0,19
7,11,13,4,14,2475,AA,LAX,2,22,89,51,0,16,128,189,0,0,19
-6,11,13,4,12,2475,AA,LAX,2,22,89,51,0,16,128,189,0,0,19
-5,11,13,4,9,2475,AA,LAX,2,22,89,51,0,16,128,189,0,0,19
2,11,13,4,6,2475,UA,LAX,2,22,89,51,0,16,128,189,0,0,19
-1,11,13,4,19,2475,UA,LAX,2,22,89,51,0,16,128,189,0,0,19
1,11,13,4,20,2475,AA,LAX,2,22,89,51,0,16,128,189,0,0,19
-8,11,13,4,10,2475,AA,LAX,2,22,89,51,0,16,128,189,0,0,19
-2,11,13,4,8,2475,UA,LAX,2,22,89,51,0,16,128,189,0,0,19
-5,11,13,4,16,2475,DL,LAX,2,22,89,51,0,16,128,189,0,0,19
-6,11,13,4,20,2475,AA,LAX,2,22,89,51,0,16,128,189,0,0,19
2,11,13,4,17,2475,UA,LAX,2,22,89,51,0,16,128,189,0,0,19
-2,11,13,4,8,2475,DL,LAX,2,22,89,51,0,16,128,189,0,0,19
-8,11,13,4,7,2475,AA,LAX,2,22,89,51,0,16,128,189,0,0,19
-2,11,13,4,17,2475,AA,LAX,2,22,89,51,0,16,128,189,0,0,19
-3,11,13,4,21,2475,DL,LAX,2,22,89,51,0,16,128,189,0,0,19
-4,11,13,4,11,2475,AA,LAX,2,22,89,51,0,16,128,189,0,0,19
-3,11,13,4,7,2475,DL,LAX,2,22,89,51,0,16,128,189,0,0,19
-3,11,13,4,18,2475,AA,LAX,2,22,89,51,0,16,128,189,0,0,19
5,11,13,4,6,2475,B6,LAX,2,22,89,51,0,16,128,189,0,0,19
-8,11,13,4,11,2475,DL,LAX,2,22,89,51,0,16,128,189,0,0,19
-1,11,13,4,18,2475,B6,LAX,2,22,89,51,0,16,128,189,0,0,19
-4,11,13,4,7,2475,VX,LAX,2,22,89,51,0,16,128,189,0,0,19
-8,11,13,4,9,2475,VX,LAX,2,22,89,51,0,16,128,189,0,0,19
-5,11,13,4,13,2475,VX,LAX,2,22,89,51,0,16,128,189,0,0,19
-6,11,13,4,16,2475,VX,LAX,2,22,89,51,0,16,128,189,0,0,19
3,11,13,4,20,2475,VX,LAX,2,22,89,51,0,16,128,189,0,0,19
26,12,9,2,21,2475,B6,LAX,12,22,56,645,0,46,128,222,0,0,15
189,12,9,2,21,2475,DL,LAX,12,22,56,645,0,46,128,222,0,0,15
10,12,9,2,7,2475,DL,LAX,12,22,56,645,0,46,128,222,0,0,15
0,12,9,2,11,2475,DL,LAX,12,22,56,645,0,46,128,222,0,0,15
20,12,9,2,9,2475,DL,LAX,12,22,56,645,0,46,128,222,0,0,15
16,12,9,2,14,2475,UA,LAX,12,22,56,645,0,46,128,222,0,0,15
-2,12,9,2,11,2475,UA,LAX,12,22,56,645,0,46,128,222,0,0,15
33,12,9,2,17,2475,UA,LAX,12,22,56,645,0,46,128,222,0,0,15
20,12,9,2,19,2475,UA,LAX,12,22,56,645,0,46,128,222,0,0,15
-2,12,9,2,8,2475,UA,LAX,12,22,56,645,0,46,128,222,0,0,15
0,12,9,2,6,2475,UA,LAX,12,22,56,645,0,46,128,222,0,0,15
-7,12,9,2,7,2475,AA,LAX,12,22,56,645,0,46,128,222,0,0,15
0,12,9,2,17,2475,DL,LAX,12,22,56,645,0,46,128,222,0,0,15
4,12,9,2,14,2475,AA,LAX,12,22,56,645,0,46,128,222,0,0,15
30,12,9,2,17,2475,AA,LAX,12,22,56,645,0,46,128,222,0,0,15
-6,12,9,2,9,2475,AA,LAX,12,22,56,645,0,46,128,222,0,0,15
3,12,9,2,20,2475,AA,LAX,12,22,56,645,0,46,128,222,0,0,15
-7,12,9,2,10,2475,AA,LAX,12,22,56,645,0,46,128,222,0,0,15
16,12,9,2,16,2475,AA,LAX,12,22,56,645,0,46,128,222,0,0,15
-7,12,9,2,6,2475,AA,LAX,12,22,56,645,0,46,128,222,0,0,15
6,12,9,2,8,2475,B6,LAX,12,22,56,645,0,46,128,222,0,0,15
-3,12,9,2,18,2475,B6,LAX,12,22,56,645,0,46,128,222,0,0,15
125,12,9,2,12,2475,AA,LAX,12,22,56,645,0,46,128,222,0,0,15
-4,12,9,2,18,2475,DL,LAX,12,22,56,645,0,46,128,222,0,0,15
-3,12,9,2,9,2475,B6,LAX,12,22,56,645,0,46,128,222,0,0,15
-4,12,9,2,6,2475,B6,LAX,12,22,56,645,0,46,128,222,0,0,15
35,12,9,2,15,2475,B6,LAX,12,22,56,645,0,46,128,222,0,0,15
-5,12,9,2,19,2475,AA,LAX,12,22,56,645,0,46,128,222,0,0,15
62,12,9,2,15,2475,DL,LAX,12,22,56,645,0,46,128,222,0,0,15
-7,12,9,2,11,2475,AA,LAX,12,22,56,645,0,46,128,222,0,0,15
-4,12,9,2,18,2475,AA,LAX,12,22,56,645,0,46,128,222,0,0,15
8,12,9,2,8,2475,AA,LAX,12,22,56,645,0,46,128,222,0,0,15
4,12,9,2,13,2475,VX,LAX,12,22,56,645,0,46,128,222,0,0,15
-6,12,9,2,9,2475,VX,LAX,12,22,56,645,0,46,128,222,0,0,15
-1,12,9,2,7,2475,VX,LAX,12,22,56,645,0,46,128,222,0,0,15
18,12,9,2,16,2475,VX,LAX,12,22,56,645,0,46,128,222,0,0,15
118,12,9,2,20,2475,VX,LAX,12,22,56,645,0,46,128,222,0,0,15
-3,12,14,7,18,2475,B6,LAX,11,33,78,0,0,27,89,172,0,0,21
-5,12,14,7,16,2475,AA,LAX,11,33,78,0,0,27,89,172,0,0,21
3,12,14,7,15,2475,B6,LAX,11,33,78,0,0,27,89,172,0,0,21
-3,12,14,7,15,2475,DL,LAX,11,33,78,0,0,27,89,172,0,0,21
-4,12,14,7,8,2475,DL,LAX,11,33,78,0,0,27,89,172,0,0,21
-5,12,14,7,18,2475,AA,LAX,11,33,78,0,0,27,89,172,0,0,21
-1,12,14,7,9,2475,B6,LAX,11,33,78,0,0,27,89,172,0,0,21
35,12,14,7,21,2475,DL,LAX,11,33,78,0,0,27,89,172,0,0,21
0,12,14,7,11,2475,DL,LAX,11,33,78,0,0,27,89,172,0,0,21
-2,12,14,7,9,2475,DL,LAX,11,33,78,0,0,27,89,172,0,0,21
-3,12,14,7,17,2475,DL,LAX,11,33,78,0,0,27,89,172,0,0,21
-2,12,14,7,18,2475,DL,LAX,11,33,78,0,0,27,89,172,0,0,21
-6,12,14,7,10,2475,AA,LAX,11,33,78,0,0,27,89,172,0,0,21
-3,12,14,7,20,2475,AA,LAX,11,33,78,0,0,27,89,172,0,0,21
-4,12,14,7,8,2475,AA,LAX,11,33,78,0,0,27,89,172,0,0,21
-6,12,14,7,17,2475,AA,LAX,11,33,78,0,0,27,89,172,0,0,21
-3,12,14,7,19,2475,AA,LAX,11,33,78,0,0,27,89,172,0,0,21
-4,12,14,7,14,2475,AA,LAX,11,33,78,0,0,27,89,172,0,0,21
-1,12,14,7,8,2475,B6,LAX,11,33,78,0,0,27,89,172,0,0,21
-4,12,14,7,12,2475,AA,LAX,11,33,78,0,0,27,89,172,0,0,21
-5,12,14,7,7,2475,AA,LAX,11,33,78,0,0,27,89,172,0,0,21
-6,12,14,7,9,2475,AA,LAX,11,33,78,0,0,27,89,172,0,0,21
33,12,14,7,21,2475,B6,LAX,11,33,78,0,0,27,89,172,0,0,21
-4,12,14,7,11,2475,AA,LAX,11,33,78,0,0,27,89,172,0,0,21
2,12,14,7,6,2475,B6,LAX,11,33,78,0,0,27,89,172,0,0,21
0,12,14,7,6,2475,AA,LAX,11,33,78,0,0,27,89,172,0,0,21
-6,12,14,7,9,2475,VX,LAX,11,33,78,0,0,27,89,172,0,0,21
0,12,14,7,7,2475,VX,LAX,11,33,78,0,0,27,89,172,0,0,21
3,12,14,7,20,2475,VX,LAX,11,33,78,0,0,27,89,172,0,0,21
12,12,14,7,16,2475,VX,LAX,11,33,78,0,0,27,89,172,0,0,21
-5,12,14,7,13,2475,VX,LAX,11,33,78,0,0,27,89,172,0,0,21
-3,12,14,7,14,2475,UA,LAX,11,33,78,0,0,27,89,172,0,0,21
21,12,14,7,11,2475,UA,LAX,11,33,78,0,0,27,89,172,0,0,21
11,12,14,7,17,2475,UA,LAX,11,33,78,0,0,27,89,172,0,0,21
0,12,14,7,19,2475,UA,LAX,11,33,78,0,0,27,89,172,0,0,21
-2,12,14,7,8,2475,UA,LAX,11,33,78,0,0,27,89,172,0,0,21
