0,1,15,3,7,2475,DL,LAX,6,39,83,0,0,13,111,283,0,0,16
24,1,15,3,16,2475,AA,LAX,6,39,83,0,0,13,111,283,0,0,16
18,1,15,3,15,2475,AA,LAX,6,39,83,0,0,13,111,283,0,0,16
34,1,15,3,21,2475,AA,LAX,6,39,83,0,0,13,111,283,0,0,16
0,1,15,3,13,2475,AA,LAX,6,39,83,0,0,13,111,283,0,0,16
-1,1,15,3,7,2475,AA,LAX,6,39,83,0,0,13,111,283,0,0,16
4,1,15,3,19,2475,AA,LAX,6,39,83,0,0,13,111,283,0,0,16
-5,1,15,3,12,2475,AA,LAX,6,39,83,0,0,13,111,283,0,0,16
-9,1,15,3,9,2475,AA,LAX,6,39,83,0,0,13,111,283,0,0,16
-2,1,15,3,16,2475,DL,LAX,6,39,83,0,0,13,111,283,0,0,16
-1,1,15,3,9,2475,DL,LAX,6,39,83,0,0,13,111,283,0,0,16
-5,1,15,3,12,2475,DL,LAX,6,39,83,0,0,13,111,283,0,0,16
4,1,15,3,18,2475,DL,LAX,6,39,83,0,0,13,111,283,0,0,16
22,1,15,3,9,2475,B6,LAX,6,39,83,0,0,13,111,283,0,0,16
169,1,15,3,20,2475,B6,LAX,6,39,83,0,0,13,111,283,0,0,16
-2,1,15,3,20,2475,DL,LAX,6,39,83,0,0,13,111,283,0,0,16
0,1,15,3,6,2475,B6,LAX,6,39,83,0,0,13,111,283,0,0,16
43,1,15,3,16,2475,B6,LAX,6,39,83,0,0,13,111,283,0,0,16
13,1,15,3,8,2475,UA,LAX,6,39,83,0,0,13,111,283,0,0,16
48,1,15,3,17,2475,UA,LAX,6,39,83,0,0,13,111,283,0,0,16
-10,1,15,3,6,2475,UA,LAX,6,39,83,0,0,13,111,283,0,0,16
21,1,15,3,20,2475,UA,LAX,6,39,83,0,0,13,111,283,0,0,16
70,1,15,3,14,2475,UA,LAX,6,39,83,0,0,13,111,283,0,0,16
-6,1,15,3,11,2475,UA,LAX,6,39,83,0,0,13,111,283,0,0,16
0,1,15,3,15,2475,DL,LAX,6,39,83,0,0,13,111,283,0,0,16
0,1,15,3,20,2475,VX,LAX,6,39,83,0,0,13,111,283,0,0,16
1,1,15,3,9,2475,VX,LAX,6,39,83,0,0,13,111,283,0,0,16
-4,1,15,3,13,2475,VX,LAX,6,39,83,0,0,13,111,283,0,0,16
-4,1,15,3,7,2475,VX,LAX,6,39,83,0,0,13,111,283,0,0,16
17,1,15,3,16,2475,VX,LAX,6,39,83,0,0,13,111,283,0,0,16
-5,1,20,1,16,2475,DL,LAX,1,-5,78,0,0,33,94,256,0,0,18
-2,1,20,1,20,2475,VX,LAX,1,-5,78,0,0,33,94,256,0,0,18
-4,1,20,1,16,2475,VX,LAX,1,-5,78,0,0,33,94,256,0,0,18
-3,1,20,1,13,2475,VX,LAX,1,-5,78,0,0,33,94,256,0,0,18
0,1,20,1,9,2475,VX,LAX,1,-5,78,0,0,33,94,256,0,0,18
-1,1,20,1,7,2475,VX,LAX,1,-5,78,0,0,33,94,256,0,0,18
-7,1,20,1,16,2475,B6,LAX,1,-5,78,0,0,33,94,256,0,0,18
-3,1,20,1,6,2475,B6,LAX,1,-5,78,0,0,33,94,256,0,0,18
32,1,20,1,9,2475,B6,LAX,1,-5,78,0,0,33,94,256,0,0,18
0,1,20,1,20,2475,B6,LAX,1,-5,78,0,0,33,94,256,0,0,18
0,1,20,1,7,2475,DL,LAX,1,-5,78,0,0,33,94,256,0,0,18
1,1,20,1,20,2475,DL,LAX,1,-5,78,0,0,33,94,256,0,0,18
19,1,20,1,18,2475,DL,LAX,1,-5,78,0,0,33,94,256,0,0,18
-6,1,20,1,12,2475,DL,LAX,1,-5,78,0,0,33,94,256,0,0,18
-5,1,20,1,9,2475,DL,LAX,1,-5,78,0,0,33,94,256,0,0,18
15,1,20,1,15,2475,DL,LAX,1,-5,78,0,0,33,94,256,0,0,18
-8,1,20,1,15,2475,AA,LAX,1,-5,78,0,0,33,94,256,0,0,18
-5,1,20,1,9,2475,AA,LAX,1,-5,78,0,0,33,94,256,0,0,18
24,1,20,1,8,2475,UA,LAX,1,-5,78,0,0,33,94,256,0,0,18
-3,1,20,1,17,2475,UA,LAX,1,-5,78,0,0,33,94,256,0,0,18
-11,1,20,1,6,2475,UA,LAX,1,-5,78,0,0,33,94,256,0,0,18
28,1,20,1,16,2475,AA,LAX,1,-5,78,0,0,33,94,256,0,0,18
-1,1,20,1,12,2475,AA,LAX,1,-5,78,0,0,33,94,256,0,0,18
-5,1,20,1,14,2475,UA,LAX,1,-5,78,0,0,33,94,256,0,0,18
-4,1,20,1,7,2475,AA,LAX,1,-5,78,0,0,33,94,256,0,0,18
-6,1,20,1,21,2475,AA,LAX,1,-5,78,0,0,33,94,256,0,0,18
37,1,20,1,20,2475,UA,LAX,1,-5,78,0,0,33,94,256,0,0,18
-7,1,20,1,11,2475,UA,LAX,1,-5,78,0,0,33,94,256,0,0,18
0,1,20,1,19,2475,AA,LAX,1,-5,78,0,0,33,94,256,0,0,18
26,1,20,1,13,2475,AA,LAX,1,-5,78,0,0,33,94,256,0,0,18
17,2,16,7,10,2475,AA,LAX,2,-60,-10,0,0,40,128,217,0,0,20
168,2,16,7,12,2475,B6,LAX,2,-60,-10,0,0,40,128,217,0,0,20
9,2,16,7,8,2475,AA,LAX,2,-60,-10,0,0,40,128,217,0,0,20
30,2,16,7,8,2475,UA,LAX,2,-60,-10,0,0,40,128,217,0,0,20
-3,2,16,7,14,2475,UA,LAX,2,-60,-10,0,0,40,128,217,0,0,20
2,2,16,7,6,2475,AA,LAX,2,-60,-10,0,0,40,128,217,0,0,20
-2,2,16,7,6,2475,B6,LAX,2,-60,-10,0,0,40,128,217,0,0,20
-2,2,16,7,13,2475,AA,LAX,2,-60,-10,0,0,40,128,217,0,0,20
-6,2,16,7,20,2475,UA,LAX,2,-60,-10,0,0,40,128,217,0,0,20
15,2,16,7,7,2475,DL,LAX,2,-60,-10,0,0,40,128,217,0,0,20
9,2,16,7,18,2475,DL,LAX,2,-60,-10,0,0,40,128,217,0,0,20
12,2,16,7,12,2475,DL,LAX,2,-60,-10,0,0,40,128,217,0,0,20
93,2,16,7,9,2475,DL,LAX,2,-60,-10,0,0,40,128,217,0,0,20
0,2,16,7,15,2475,DL,LAX,2,-60,-10,0,0,40,128,217,0,0,20
-2,2,16,7,16,2475,AA,LAX,2,-60,-10,0,0,40,128,217,0,0,20
-7,2,16,7,15,2475,AA,LAX,2,-60,-10,0,0,40,128,217,0,0,20
51,2,16,7,20,2475,B6,LAX,2,-60,-10,0,0,40,128,217,0,0,20
-3,2,16,7,9,2475,AA,LAX,2,-60,-10,0,0,40,128,217,0,0,20
0,2,16,7,11,2475,UA,LAX,2,-60,-10,0,0,40,128,217,0,0,20
4,2,16,7,19,2475,AA,LAX,2,-60,-10,0,0,40,128,217,0,0,20
-4,2,16,7,17,2475,UA,LAX,2,-60,-10,0,0,40,128,217,0,0,20
22,2,16,7,12,2475,AA,LAX,2,-60,-10,0,0,40,128,217,0,0,20
33,2,16,7,21,2475,AA,LAX,2,-60,-10,0,0,40,128,217,0,0,20
72,2,16,7,16,2475,B6,LAX,2,-60,-10,0,0,40,128,217,0,0,20
34,2,16,7,16,2475,VX,LAX,2,-60,-10,0,0,40,128,217,0,0,20
28,2,16,7,13,2475,VX,LAX,2,-60,-10,0,0,40,128,217,0,0,20
5,2,16,7,9,2475,VX,LAX,2,-60,-10,0,0,40,128,217,0,0,20
9,2,16,7,20,2475,VX,LAX,2,-60,-10,0,0,40,128,217,0,0,20
15,2,21,5,16,2475,VX,LAX,3,22,94,23,0,33,133,233,0,0,25
-3,2,21,5,9,2475,VX,LAX,3,22,94,23,0,33,133,233,0,0,25
-6,2,21,5,7,2475,VX,LAX,3,22,94,23,0,33,133,233,0,0,25
8,2,21,5,13,2475,VX,LAX,3,22,94,23,0,33,133,233,0,0,25
153,2,21,5,20,2475,VX,LAX,3,22,94,23,0,33,133,233,0,0,25
74,2,21,5,20,2475,UA,LAX,3,22,94,23,0,33,133,233,0,0,25
11,2,21,5,17,2475,UA,LAX,3,22,94,23,0,33,133,233,0,0,25
-5,2,21,5,11,2475,UA,LAX,3,22,94,23,0,33,133,233,0,0,25
-5,2,21,5,6,2475,UA,LAX,3,22,94,23,0,33,133,233,0,0,25
-3,2,21,5,8,2475,UA,LAX,3,22,94,23,0,33,133,233,0,0,25
25,2,21,5,14,2475,UA,LAX,3,22,94,23,0,33,133,233,0,0,25
310,2,21,5,15,2475,AA,LAX,3,22,94,23,0,33,133,233,0,0,25
79,2,21,5,20,2475,DL,LAX,3,22,94,23,0,33,133,233,0,0,25
-2,2,21,5,12,2475,DL,LAX,3,22,94,23,0,33,133,233,0,0,25
-2,2,21,5,9,2475,DL,LAX,3,22,94,23,0,33,133,233,0,0,25
337,2,21,5,15,2475,DL,LAX,3,22,94,23,0,33,133,233,0,0,25
1,2,21,5,12,2475,B6,LAX,3,22,94,23,0,33,133,233,0,0,25
-9,2,21,5,6,2475,B6,LAX,3,22,94,23,0,33,133,233,0,0,25
-5,2,21,5,9,2475,AA,LAX,3,22,94,23,0,33,133,233,0,0,25
14,2,21,5,20,2475,B6,LAX,3,22,94,23,0,33,133,233,0,0,25
-11,2,21,5,12,2475,AA,LAX,3,22,94,23,0,33,133,233,0,0,25
17,2,21,5,16,2475,B6,LAX,3,22,94,23,0,33,133,233,0,0,25
1,2,21,5,13,2475,AA,LAX,3,22,94,23,0,33,133,233,0,0,25
0,2,21,5,6,2475,AA,LAX,3,22,94,23,0,33,133,233,0,0,25
66,2,21,5,16,2475,DL,LAX,3,22,94,23,0,33,133,233,0,0,25
34,2,21,5,10,2475,AA,LAX,3,22,94,23,0,33,133,233,0,0,25
84,2,21,5,18,2475,DL,LAX,3,22,94,23,0,33,133,233,0,0,25
161,2,21,5,21,2475,AA,LAX,3,22,94,23,0,33,133,233,0,0,25
12,2,21,5,19,2475,AA,LAX,3,22,94,23,0,33,133,233,0,0,25
127,2,21,5,16,2475,AA,LAX,3,22,94,23,0,33,133,233,0,0,25
-2,2,21,5,8,2475,AA,LAX,3,22,94,23,0,33,133,233,0,0,25
0,3,17,1,13,2475,VX,LAX,27,-49,17,0,0,36,133,217,0,0,42
79,3,17,1,9,2475,VX,LAX,27,-49,17,0,0,36,133,217,0,0,42
4,3,17,1,7,2475,VX,LAX,27,-49,17,0,0,36,133,217,0,0,42
1,3,17,1,20,2475,VX,LAX,27,-49,17,0,0,36,133,217,0,0,42
0,3,17,1,16,2475,VX,LAX,27,-49,17,0,0,36,133,217,0,0,42
-3,3,17,1,8,2475,UA,LAX,27,-49,17,0,0,36,133,217,0,0,42
-8,3,17,1,6,2475,UA,LAX,27,-49,17,0,0,36,133,217,0,0,42
53,3,17,1,17,2475,UA,LAX,27,-49,17,0,0,36,133,217,0,0,42
0,3,17,1,14,2475,UA,LAX,27,-49,17,0,0,36,133,217,0,0,42
17,3,17,1,20,2475,UA,LAX,27,-49,17,0,0,36,133,217,0,0,42
-9,3,17,1,11,2475,UA,LAX,27,-49,17,0,0,36,133,217,0,0,42
-4,3,17,1,20,2475,DL,LAX,27,-49,17,0,0,36,133,217,0,0,42
-4,3,17,1,18,2475,DL,LAX,27,-49,17,0,0,36,133,217,0,0,42
-4,3,17,1,19,2475,AA,LAX,27,-49,17,0,0,36,133,217,0,0,42
-3,3,17,1,15,2475,AA,LAX,27,-49,17,0,0,36,133,217,0,0,42
-5,3,17,1,7,2475,DL,LAX,27,-49,17,0,0,36,133,217,0,0,42
-10,3,17,1,10,2475,AA,LAX,27,-49,17,0,0,36,133,217,0,0,42
0,3,17,1,16,2475,DL,LAX,27,-49,17,0,0,36,133,217,0,0,42
-5,3,17,1,9,2475,AA,LAX,27,-49,17,0,0,36,133,217,0,0,42
-1,3,17,1,20,2475,B6,LAX,27,-49,17,0,0,36,133,217,0,0,42
-5,3,17,1,16,2475,B6,LAX,27,-49,17,0,0,36,133,217,0,0,42
-4,3,17,1,11,2475,B6,LAX,27,-49,17,0,0,36,133,217,0,0,42
-1,3,17,1,15,2475,DL,LAX,27,-49,17,0,0,36,133,217,0,0,42
-3,3,17,1,6,2475,B6,LAX,27,-49,17,0,0,36,133,217,0,0,42
13,3,17,1,6,2475,AA,LAX,27,-49,17,0,0,36,133,217,0,0,42
-2,3,17,1,16,2475,AA,LAX,27,-49,17,0,0,36,133,217,0,0,42
-7,3,17,1,8,2475,AA,LAX,27,-49,17,0,0,36,133,217,0,0,42
-7,3,17,1,21,2475,AA,LAX,27,-49,17,0,0,36,133,217,0,0,42
33,3,17,1,9,2475,DL,LAX,27,-49,17,0,0,36,133,217,0,0,42
61,3,17,1,12,2475,DL,LAX,27,-49,17,0,0,36,133,217,0,0,42
-1,3,17,1,13,2475,AA,LAX,27,-49,17,0,0,36,133,217,0,0,42
1,3,17,1,12,2475,AA,LAX,27,-49,17,0,0,36,133,217,0,0,42
-4,3,22,6,6,2475,AA,LAX,32,50,172,0,0,31,144,183,0,0,33
-7,3,22,6,12,2475,AA,LAX,32,50,172,0,0,31,144,183,0,0,33
-2,3,22,6,12,2475,DL,LAX,32,50,172,0,0,31,144,183,0,0,33
-2,3,22,6,10,2475,AA,LAX,32,50,172,0,0,31,144,183,0,0,33
-4,3,22,6,13,2475,AA,LAX,32,50,172,0,0,31,144,183,0,0,33
-7,3,22,6,9,2475,DL,LAX,32,50,172,0,0,31,144,183,0,0,33
-1,3,22,6,15,2475,DL,LAX,32,50,172,0,0,31,144,183,0,0,33
-9,3,22,6,19,2475,AA,LAX,32,50,172,0,0,31,144,183,0,0,33
-10,3,22,6,9,2475,AA,LAX,32,50,172,0,0,31,144,183,0,0,33
13,3,22,6,16,2475,B6,LAX,32,50,172,0,0,31,144,183,0,0,33
-2,3,22,6,20,2475,B6,LAX,32,50,172,0,0,31,144,183,0,0,33
-4,3,22,6,8,2475,AA,LAX,32,50,172,0,0,31,144,183,0,0,33
-5,3,22,6,16,2475,AA,LAX,32,50,172,0,0,31,144,183,0,0,33
216,3,22,6,15,2475,AA,LAX,32,50,172,0,0,31,144,183,0,0,33
4,3,22,6,6,2475,B6,LAX,32,50,172,0,0,31,144,183,0,0,33
-6,3,22,6,7,2475,DL,LAX,32,50,172,0,0,31,144,183,0,0,33
-2,3,22,6,18,2475,DL,LAX,32,50,172,0,0,31,144,183,0,0,33
17,3,22,6,20,2475,DL,LAX,32,50,172,0,0,31,144,183,0,0,33
-1,3,22,6,7,2475,VX,LAX,32,50,172,0,0,31,144,183,0,0,33
-6,3,22,6,9,2475,VX,LAX,32,50,172,0,0,31,144,183,0,0,33
-8,3,22,6,13,2475,VX,LAX,32,50,172,0,0,31,144,183,0,0,33
-5,3,22,6,16,2475,VX,LAX,32,50,172,0,0,31,144,183,0,0,33
-7,3,22,6,14,2475,UA,LAX,32,50,172,0,0,31,144,183,0,0,33
0,3,22,6,8,2475,UA,LAX,32,50,172,0,0,31,144,183,0,0,33
-2,3,22,6,17,2475,UA,LAX,32,50,172,0,0,31,144,183,0,0,33
-3,3,22,6,6,2475,UA,LAX,32,50,172,0,0,31,144,183,0,0,33
-10,3,22,6,11,2475,UA,LAX,32,50,172,0,0,31,144,183,0,0,33
3,4,18,5,21,2475,DL,LAX,34,17,94,0,0,24,156,222,0,0,34
6,4,18,5,7,2475,DL,LAX,34,17,94,0,0,24,156,222,0,0,34
-10,4,18,5,12,2475,DL,LAX,34,17,94,0,0,24,156,222,0,0,34
-2,4,18,5,9,2475,DL,LAX,34,17,94,0,0,24,156,222,0,0,34
-1,4,18,5,17,2475,DL,LAX,34,17,94,0,0,24,156,222,0,0,34
-3,4,18,5,18,2475,DL,LAX,34,17,94,0,0,24,156,222,0,0,34
0,4,18,5,15,2475,DL,LAX,34,17,94,0,0,24,156,222,0,0,34
-1,4,18,5,7,2475,VX,LAX,34,17,94,0,0,24,156,222,0,0,34
0,4,18,5,6,2475,B6,LAX,34,17,94,0,0,24,156,222,0,0,34
-5,4,18,5,20,2475,B6,LAX,34,17,94,0,0,24,156,222,0,0,34
32,4,18,5,11,2475,B6,LAX,34,17,94,0,0,24,156,222,0,0,34
-5,4,18,5,16,2475,B6,LAX,34,17,94,0,0,24,156,222,0,0,34
0,4,18,5,21,2475,AA,LAX,34,17,94,0,0,24,156,222,0,0,34
-4,4,18,5,17,2475,AA,LAX,34,17,94,0,0,24,156,222,0,0,34
-6,4,18,5,6,2475,AA,LAX,34,17,94,0,0,24,156,222,0,0,34
-3,4,18,5,13,2475,AA,LAX,34,17,94,0,0,24,156,222,0,0,34
-4,4,18,5,16,2475,AA,LAX,34,17,94,0,0,24,156,222,0,0,34
-8,4,18,5,8,2475,AA,LAX,34,17,94,0,0,24,156,222,0,0,34
-4,4,18,5,19,2475,AA,LAX,34,17,94,0,0,24,156,222,0,0,34
-8,4,18,5,10,2475,AA,LAX,34,17,94,0,0,24,156,222,0,0,34
-2,4,18,5,6,2475,AA,LAX,34,17,94,0,0,24,156,222,0,0,34
-8,4,18,5,12,2475,AA,LAX,34,17,94,0,0,24,156,222,0,0,34
-5,4,18,5,9,2475,AA,LAX,34,17,94,0,0,24,156,222,0,0,34
-10,4,18,5,20,2475,VX,LAX,34,17,94,0,0,24,156,222,0,0,34
-2,4,18,5,16,2475,VX,LAX,34,17,94,0,0,24,156,222,0,0,34
1,4,18,5,13,2475,VX,LAX,34,17,94,0,0,24,156,222,0,0,34
-7,4,18,5,9,2475,VX,LAX,34,17,94,0,0,24,156,222,0,0,34
-8,4,18,5,17,2475,UA,LAX,34,17,94,0,0,24,156,222,0,0,34
-3,4,18,5,8,2475,UA,LAX,34,17,94,0,0,24,156,222,0,0,34
0,4,18,5,11,2475,UA,LAX,34,17,94,0,0,24,156,222,0,0,34
-3,4,18,5,14,2475,UA,LAX,34,17,94,0,0,24,156,222,0,0,34
-5,4,18,5,6,2475,UA,LAX,34,17,94,0,0,24,156,222,0,0,34
51,4,18,5,20,2475,UA,LAX,34,17,94,0,0,24,156,222,0,0,34
-5,4,23,3,6,2475,UA,LAX,29,67,161,0,0,42,133,206,0,0,34
-3,4,23,3,8,2475,UA,LAX,29,67,161,0,0,42,133,206,0,0,34
-4,4,23,3,11,2475,UA,LAX,29,67,161,0,0,42,133,206,0,0,34
8,4,23,3,20,2475,UA,LAX,29,67,161,0,0,42,133,206,0,0,34
-7,4,23,3,14,2475,UA,LAX,29,67,161,0,0,42,133,206,0,0,34
-2,4,23,3,17,2475,UA,LAX,29,67,161,0,0,42,133,206,0,0,34
-4,4,23,3,9,2475,DL,LAX,29,67,161,0,0,42,133,206,0,0,34
-1,4,23,3,7,2475,DL,LAX,29,67,161,0,0,42,133,206,0,0,34
1,4,23,3,21,2475,DL,LAX,29,67,161,0,0,42,133,206,0,0,34
-7,4,23,3,15,2475,DL,LAX,29,67,161,0,0,42,133,206,0,0,34
0,4,23,3,8,2475,DL,LAX,29,67,161,0,0,42,133,206,0,0,34
5,4,23,3,18,2475,DL,LAX,29,67,161,0,0,42,133,206,0,0,34
-1,4,23,3,6,2475,B6,LAX,29,67,161,0,0,42,133,206,0,0,34
0,4,23,3,12,2475,DL,LAX,29,67,161,0,0,42,133,206,0,0,34
0,4,23,3,17,2475,DL,LAX,29,67,161,0,0,42,133,206,0,0,34
8,4,23,3,10,2475,AA,LAX,29,67,161,0,0,42,133,206,0,0,34
-10,4,23,3,13,2475,AA,LAX,29,67,161,0,0,42,133,206,0,0,34
-11,4,23,3,8,2475,AA,LAX,29,67,161,0,0,42,133,206,0,0,34
-1,4,23,3,21,2475,AA,LAX,29,67,161,0,0,42,133,206,0,0,34
-7,4,23,3,6,2475,AA,LAX,29,67,161,0,0,42,133,206,0,0,34
-2,4,23,3,7,2475,VX,LAX,29,67,161,0,0,42,133,206,0,0,34
9,4,23,3,9,2475,VX,LAX,29,67,161,0,0,42,133,206,0,0,34
7,4,23,3,13,2475,VX,LAX,29,67,161,0,0,42,133,206,0,0,34
10,4,23,3,11,2475,B6,LAX,29,67,161,0,0,42,133,206,0,0,34
-8,4,23,3,12,2475,AA,LAX,29,67,161,0,0,42,133,206,0,0,34
-6,4,23,3,6,2475,AA,LAX,29,67,161,0,0,42,133,206,0,0,34
-5,4,23,3,16,2475,VX,LAX,29,67,161,0,0,42,133,206,0,0,34
1,4,23,3,20,2475,VX,LAX,29,67,161,0,0,42,133,206,0,0,34
-5,4,23,3,17,2475,AA,LAX,29,67,161,0,0,42,133,206,0,0,34
-1,4,23,3,20,2475,B6,LAX,29,67,161,0,0,42,133,206,0,0,34
-1,4,23,3,9,2475,AA,LAX,29,67,161,0,0,42,133,206,0,0,34
-8,4,23,3,16,2475,B6,LAX,29,67,161,0,0,42,133,206,0,0,34
-4,4,23,3,19,2475,AA,LAX,29,67,161,0,0,42,133,206,0,0,34
-7,4,23,3,16,2475,AA,LAX,29,67,161,0,0,42,133,206,0,0,34
2,5,1,4,14,2475,UA,LAX,21,106,256,30,0,20,178,317,0,0,31
-2,5,1,4,8,2475,UA,LAX,21,106,256,30,0,20,178,317,0,0,31
-10,5,1,4,6,2475,UA,LAX,21,106,256,30,0,20,178,317,0,0,31
1,5,1,4,20,2475,UA,LAX,21,106,256,30,0,20,178,317,0,0,31
-1,5,1,4,11,2475,UA,LAX,21,106,256,30,0,20,178,317,0,0,31
-1,5,1,4,17,2475,UA,LAX,21,106,256,30,0,20,178,317,0,0,31
-1,5,1,4,13,2475,VX,LAX,21,106,256,30,0,20,178,317,0,0,31
13,5,1,4,16,2475,VX,LAX,21,106,256,30,0,20,178,317,0,0,31
-1,5,1,4,20,2475,VX,LAX,21,106,256,30,0,20,178,317,0,0,31
68,5,1,4,9,2475,VX,LAX,21,106,256,30,0,20,178,317,0,0,31
0,5,1,4,7,2475,VX,LAX,21,106,256,30,0,20,178,317,0,0,31
44,5,1,4,9,2475,DL,LAX,21,106,256,30,0,20,178,317,0,0,31
-4,5,1,4,16,2475,AA,LAX,21,106,256,30,0,20,178,317,0,0,31
13,5,1,4,12,2475,AA,LAX,21,106,256,30,0,20,178,317,0,0,31
-5,5,1,4,9,2475,AA,LAX,21,106,256,30,0,20,178,317,0,0,31
-1,5,1,4,16,2475,B6,LAX,21,106,256,30,0,20,178,317,0,0,31
7,5,1,4,21,2475,DL,LAX,21,106,256,30,0,20,178,317,0,0,31
11,5,1,4,7,2475,DL,LAX,21,106,256,30,0,20,178,317,0,0,31
28,5,1,4,12,2475,DL,LAX,21,106,256,30,0,20,178,317,0,0,31
0,5,1,4,13,2475,AA,LAX,21,106,256,30,0,20,178,317,0,0,31
-2,5,1,4,10,2475,AA,LAX,21,106,256,30,0,20,178,317,0,0,31
-5,5,1,4,20,2475,B6,LAX,21,106,256,30,0,20,178,317,0,0,31
0,5,1,4,15,2475,DL,LAX,21,106,256,30,0,20,178,317,0,0,31
-2,5,1,4,8,2475,DL,LAX,21,106,256,30,0,20,178,317,0,0,31
4,5,1,4,18,2475,DL,LAX,21,106,256,30,0,20,178,317,0,0,31
20,5,1,4,6,2475,AA,LAX,21,106,256,30,0,20,178,317,0,0,31
-1,5,1,4,6,2475,B6,LAX,21,106,256,30,0,20,178,317,0,0,31
2,5,1,4,9,2475,B6,LAX,21,106,256,30,0,20,178,317,0,0,31
32,5,1,4,19,2475,AA,LAX,21,106,256,30,0,20,178,317,0,0,31
-1,5,1,4,21,2475,AA,LAX,21,106,256,30,0,20,178,317,0,0,31
-1,5,1,4,17,2475,AA,LAX,21,106,256,30,0,20,178,317,0,0,31
4,5,1,4,17,2475,DL,LAX,21,106,256,30,0,20,178,317,0,0,31
6,5,1,4,8,2475,AA,LAX,21,106,256,30,0,20,178,317,0,0,31
-4,5,1,4,6,2475,AA,LAX,21,106,256,30,0,20,178,317,0,0,31
-5,5,19,1,6,2475,B6,LAX,3,94,222,0,0,21,156,222,0,0,48
19,5,19,1,20,2475,B6,LAX,3,94,222,0,0,21,156,222,0,0,48
0,5,19,1,9,2475,B6,LAX,3,94,222,0,0,21,156,222,0,0,48
-6,5,19,1,7,2475,AA,LAX,3,94,222,0,0,21,156,222,0,0,48
-1,5,19,1,17,2475,B6,LAX,3,94,222,0,0,21,156,222,0,0,48
-5,5,19,1,8,2475,AA,LAX,3,94,222,0,0,21,156,222,0,0,48
0,5,19,1,9,2475,DL,LAX,3,94,222,0,0,21,156,222,0,0,48
2,5,19,1,7,2475,DL,LAX,3,94,222,0,0,21,156,222,0,0,48
-9,5,19,1,15,2475,AA,LAX,3,94,222,0,0,21,156,222,0,0,48
0,5,19,1,10,2475,AA,LAX,3,94,222,0,0,21,156,222,0,0,48
-6,5,19,1,18,2475,AA,LAX,3,94,222,0,0,21,156,222,0,0,48
7,5,19,1,20,2475,AA,LAX,3,94,222,0,0,21,156,222,0,0,48
-5,5,19,1,12,2475,AA,LAX,3,94,222,0,0,21,156,222,0,0,48
9,5,19,1,17,2475,DL,LAX,3,94,222,0,0,21,156,222,0,0,48
-1,5,19,1,16,2475,AA,LAX,3,94,222,0,0,21,156,222,0,0,48
-7,5,19,1,15,2475,DL,LAX,3,94,222,0,0,21,156,222,0,0,48
-10,5,19,1,9,2475,AA,LAX,3,94,222,0,0,21,156,222,0,0,48
47,5,19,1,8,2475,DL,LAX,3,94,222,0,0,21,156,222,0,0,48
-2,5,19,1,21,2475,DL,LAX,3,94,222,0,0,21,156,222,0,0,48
-5,5,19,1,18,2475,DL,LAX,3,94,222,0,0,21,156,222,0,0,48
1,5,19,1,12,2475,DL,LAX,3,94,222,0,0,21,156,222,0,0,48
-5,5,19,1,5,2475,AA,LAX,3,94,222,0,0,21,156,222,0,0,48
-7,5,19,1,17,2475,AA,LAX,3,94,222,0,0,21,156,222,0,0,48
-2,5,19,1,13,2475,VX,LAX,3,94,222,0,0,21,156,222,0,0,48
4,5,19,1,11,2475,VX,LAX,3,94,222,0,0,21,156,222,0,0,48
2,5,19,1,20,2475,VX,LAX,3,94,222,0,0,21,156,222,0,0,48
1,5,19,1,7,2475,VX,LAX,3,94,222,0,0,21,156,222,0,0,48
-7,5,19,1,16,2475,VX,LAX,3,94,222,0,0,21,156,222,0,0,48
-3,5,19,1,9,2475,VX,LAX,3,94,222,0,0,21,156,222,0,0,48
-6,5,19,1,6,2475,UA,LAX,3,94,222,0,0,21,156,222,0,0,48
-2,5,19,1,14,2475,UA,LAX,3,94,222,0,0,21,156,222,0,0,48
12,5,19,1,17,2475,UA,LAX,3,94,222,0,0,21,156,222,0,0,48
-4,5,19,1,8,2475,UA,LAX,3,94,222,0,0,21,156,222,0,0,48
-4,5,19,1,20,2475,UA,LAX,3,94,222,0,0,21,156,222,0,0,48
-8,5,19,1,11,2475,UA,LAX,3,94,222,0,0,21,156,222,0,0,48
-3,5,24,6,6,2475,UA,LAX,2,139,211,102,0,16,172,206,0,0,24
12,5,24,6,18,2475,UA,LAX,2,139,211,102,0,16,172,206,0,0,24
123,5,24,6,14,2475,UA,LAX,2,139,211,102,0,16,172,206,0,0,24
-7,5,24,6,8,2475,UA,LAX,2,139,211,102,0,16,172,206,0,0,24
7,5,24,6,11,2475,UA,LAX,2,139,211,102,0,16,172,206,0,0,24
-9,5,24,6,9,2475,VX,LAX,2,139,211,102,0,16,172,206,0,0,24
-1,5,24,6,7,2475,VX,LAX,2,139,211,102,0,16,172,206,0,0,24
-5,5,24,6,11,2475,VX,LAX,2,139,211,102,0,16,172,206,0,0,24
-9,5,24,6,13,2475,VX,LAX,2,139,211,102,0,16,172,206,0,0,24
-2,5,24,6,16,2475,VX,LAX,2,139,211,102,0,16,172,206,0,0,24
8,5,24,6,15,2475,DL,LAX,2,139,211,102,0,16,172,206,0,0,24
7,5,24,6,9,2475,B6,LAX,2,139,211,102,0,16,172,206,0,0,24
-8,5,24,6,9,2475,AA,LAX,2,139,211,102,0,16,172,206,0,0,24
0,5,24,6,8,2475,DL,LAX,2,139,211,102,0,16,172,206,0,0,24
13,5,24,6,18,2475,DL,LAX,2,139,211,102,0,16,172,206,0,0,24
-2,5,24,6,20,2475,B6,LAX,2,139,211,102,0,16,172,206,0,0,24
-6,5,24,6,10,2475,AA,LAX,2,139,211,102,0,16,172,206,0,0,24
1,5,24,6,17,2475,B6,LAX,2,139,211,102,0,16,172,206,0,0,24
0,5,24,6,12,2475,DL,LAX,2,139,211,102,0,16,172,206,0,0,24
-7,5,24,6,5,2475,AA,LAX,2,139,211,102,0,16,172,206,0,0,24
40,5,24,6,8,2475,AA,LAX,2,139,211,102,0,16,172,206,0,0,24
-3,5,24,6,17,2475,AA,LAX,2,139,211,102,0,16,172,206,0,0,24
-3,5,24,6,9,2475,DL,LAX,2,139,211,102,0,16,172,206,0,0,24
-4,5,24,6,15,2475,AA,LAX,2,139,211,102,0,16,172,206,0,0,24
40,5,24,6,17,2475,DL,LAX,2,139,211,102,0,16,172,206,0,0,24
23,5,24,6,18,2475,AA,LAX,2,139,211,102,0,16,172,206,0,0,24
8,5,24,6,12,2475,AA,LAX,2,139,211,102,0,16,172,206,0,0,24
-11,5,24,6,7,2475,AA,LAX,2,139,211,102,0,16,172,206,0,0,24
0,5,24,6,16,2475,AA,LAX,2,139,211,102,0,16,172,206,0,0,24
22,6,2,1,21,2475,DL,LAX,7,150,267,0,0,20,156,206,0,0,41
-9,6,2,1,7,2475,VX,LAX,7,150,267,0,0,20,156,206,0,0,41
-6,6,2,1,9,2475,VX,LAX,7,150,267,0,0,20,156,206,0,0,41
-1,6,2,1,11,2475,VX,LAX,7,150,267,0,0,20,156,206,0,0,41
-8,6,2,1,11,2475,UA,LAX,7,150,267,0,0,20,156,206,0,0,41
14,6,2,1,17,2475,UA,LAX,7,150,267,0,0,20,156,206,0,0,41
-1,6,2,1,8,2475,UA,LAX,7,150,267,0,0,20,156,206,0,0,41
-10,6,2,1,6,2475,UA,LAX,7,150,267,0,0,20,156,206,0,0,41
187,6,2,1,20,2475,UA,LAX,7,150,267,0,0,20,156,206,0,0,41
-2,6,2,1,13,2475,VX,LAX,7,150,267,0,0,20,156,206,0,0,41
-2,6,2,1,16,2475,VX,LAX,7,150,267,0,0,20,156,206,0,0,41
6,6,2,1,20,2475,VX,LAX,7,150,267,0,0,20,156,206,0,0,41
-1,6,2,1,17,2475,DL,LAX,7,150,267,0,0,20,156,206,0,0,41
7,6,2,1,8,2475,DL,LAX,7,150,267,0,0,20,156,206,0,0,41
-2,6,2,1,15,2475,DL,LAX,7,150,267,0,0,20,156,206,0,0,41
12,6,2,1,7,2475,DL,LAX,7,150,267,0,0,20,156,206,0,0,41
-5,6,2,1,9,2475,DL,LAX,7,150,267,0,0,20,156,206,0,0,41
-2,6,2,1,12,2475,DL,LAX,7,150,267,0,0,20,156,206,0,0,41
-1,6,2,1,18,2475,DL,LAX,7,150,267,0,0,20,156,206,0,0,41
2,6,2,1,20,2475,B6,LAX,7,150,267,0,0,20,156,206,0,0,41
4,6,2,1,17,2475,B6,LAX,7,150,267,0,0,20,156,206,0,0,41
3,6,2,1,9,2475,B6,LAX,7,150,267,0,0,20,156,206,0,0,41
-4,6,2,1,6,2475,B6,LAX,7,150,267,0,0,20,156,206,0,0,41
7,6,2,1,14,2475,UA,LAX,7,150,267,0,0,20,156,206,0,0,41
-7,6,2,1,11,2475,AA,LAX,7,150,267,0,0,20,156,206,0,0,41
-7,6,2,1,10,2475,AA,LAX,7,150,267,0,0,20,156,206,0,0,41
-4,6,2,1,17,2475,AA,LAX,7,150,267,0,0,20,156,206,0,0,41
-4,6,2,1,7,2475,AA,LAX,7,150,267,0,0,20,156,206,0,0,41
-7,6,2,1,9,2475,AA,LAX,7,150,267,0,0,20,156,206,0,0,41
0,6,2,1,20,2475,AA,LAX,7,150,267,0,0,20,156,206,0,0,41
-5,6,2,1,5,2475,AA,LAX,7,150,267,0,0,20,156,206,0,0,41
-7,6,2,1,8,2475,AA,LAX,7,150,267,0,0,20,156,206,0,0,41
2,6,2,1,15,2475,AA,LAX,7,150,267,0,0,20,156,206,0,0,41
-6,6,2,1,16,2475,AA,LAX,7,150,267,0,0,20,156,206,0,0,41
5,6,2,1,18,2475,AA,LAX,7,150,267,0,0,20,156,206,0,0,41
-9,6,2,1,12,2475,AA,LAX,7,150,267,0,0,20,156,206,0,0,41
21,6,25,3,16,2475,AA,LAX,9,211,294,20,0,22,183,228,0,0,23
0,6,25,3,16,2475,B6,LAX,9,211,294,20,0,22,183,228,0,0,23
-6,6,25,3,12,2475,B6,LAX,9,211,294,20,0,22,183,228,0,0,23
-8,6,25,3,12,2475,AA,LAX,9,211,294,20,0,22,183,228,0,0,23
-6,6,25,3,6,2475,AA,LAX,9,211,294,20,0,22,183,228,0,0,23
38,6,25,3,18,2475,AA,LAX,9,211,294,20,0,22,183,228,0,0,23
116,6,25,3,19,2475,AA,LAX,9,211,294,20,0,22,183,228,0,0,23
-4,6,25,3,9,2475,B6,LAX,9,211,294,20,0,22,183,228,0,0,23
-9,6,25,3,11,2475,AA,LAX,9,211,294,20,0,22,183,228,0,0,23
-6,6,25,3,9,2475,AA,LAX,9,211,294,20,0,22,183,228,0,0,23
-7,6,25,3,15,2475,AA,LAX,9,211,294,20,0,22,183,228,0,0,23
-3,6,25,3,8,2475,AA,LAX,9,211,294,20,0,22,183,228,0,0,23
287,6,25,3,20,2475,B6,LAX,9,211,294,20,0,22,183,228,0,0,23
-2,6,25,3,10,2475,AA,LAX,9,211,294,20,0,22,183,228,0,0,23
125,6,25,3,20,2475,AA,LAX,9,211,294,20,0,22,183,228,0,0,23
-2,6,25,3,7,2475,AA,LAX,9,211,294,20,0,22,183,228,0,0,23
97,6,25,3,17,2475,AA,LAX,9,211,294,20,0,22,183,228,0,0,23
-8,6,25,3,6,2475,B6,LAX,9,211,294,20,0,22,183,228,0,0,23
70,6,25,3,8,2475,DL,LAX,9,211,294,20,0,22,183,228,0,0,23
4,6,25,3,16,2475,VX,LAX,9,211,294,20,0,22,183,228,0,0,23
-3,6,25,3,13,2475,VX,LAX,9,211,294,20,0,22,183,228,0,0,23
-5,6,25,3,11,2475,VX,LAX,9,211,294,20,0,22,183,228,0,0,23
-6,6,25,3,9,2475,VX,LAX,9,211,294,20,0,22,183,228,0,0,23
-1,6,25,3,7,2475,VX,LAX,9,211,294,20,0,22,183,228,0,0,23
0,6,25,3,18,2475,DL,LAX,9,211,294,20,0,22,183,228,0,0,23
90,6,25,3,20,2475,VX,LAX,9,211,294,20,0,22,183,228,0,0,23
-1,6,25,3,16,2475,DL,LAX,9,211,294,20,0,22,183,228,0,0,23
0,6,25,3,15,2475,DL,LAX,9,211,294,20,0,22,183,228,0,0,23
217,6,25,3,21,2475,DL,LAX,9,211,294,20,0,22,183,228,0,0,23
-4,6,25,3,7,2475,DL,LAX,9,211,294,20,0,22,183,228,0,0,23
-2,6,25,3,12,2475,DL,LAX,9,211,294,20,0,22,183,228,0,0,23
-6,6,25,3,9,2475,DL,LAX,9,211,294,20,0,22,183,228,0,0,23
-2,6,25,3,14,2475,UA,LAX,9,211,294,20,0,22,183,228,0,0,23
13,6,25,3,17,2475,UA,LAX,9,211,294,20,0,22,183,228,0,0,23
-7,6,25,3,8,2475,UA,LAX,9,211,294,20,0,22,183,228,0,0,23
-4,6,25,3,6,2475,UA,LAX,9,211,294,20,0,22,183,228,0,0,23
13,6,25,3,20,2475,UA,LAX,9,211,294,20,0,22,183,228,0,0,23
-8,6,25,3,11,2475,UA,LAX,9,211,294,20,0,22,183,228,0,0,23
-3,6,30,1,13,2475,VX,LAX,4,206,289,0,0,12,189,239,0,0,34
15,6,30,1,16,2475,VX,LAX,4,206,289,0,0,12,189,239,0,0,34
2,6,30,1,8,2475,DL,LAX,4,206,289,0,0,12,189,239,0,0,34
-1,6,30,1,18,2475,DL,LAX,4,206,289,0,0,12,189,239,0,0,34
-5,6,30,1,20,2475,VX,LAX,4,206,289,0,0,12,189,239,0,0,34
0,6,30,1,15,2475,DL,LAX,4,206,289,0,0,12,189,239,0,0,34
21,6,30,1,16,2475,DL,LAX,4,206,289,0,0,12,189,239,0,0,34
99,6,30,1,21,2475,DL,LAX,4,206,289,0,0,12,189,239,0,0,34
-4,6,30,1,12,2475,DL,LAX,4,206,289,0,0,12,189,239,0,0,34
1,6,30,1,9,2475,DL,LAX,4,206,289,0,0,12,189,239,0,0,34
-7,6,30,1,11,2475,VX,LAX,4,206,289,0,0,12,189,239,0,0,34
1,6,30,1,9,2475,VX,LAX,4,206,289,0,0,12,189,239,0,0,34
-2,6,30,1,7,2475,VX,LAX,4,206,289,0,0,12,189,239,0,0,34
27,6,30,1,20,2475,UA,LAX,4,206,289,0,0,12,189,239,0,0,34
-6,6,30,1,6,2475,B6,LAX,4,206,289,0,0,12,189,239,0,0,34
-4,6,30,1,10,2475,AA,LAX,4,206,289,0,0,12,189,239,0,0,34
-12,6,30,1,11,2475,AA,LAX,4,206,289,0,0,12,189,239,0,0,34
-9,6,30,1,7,2475,AA,LAX,4,206,289,0,0,12,189,239,0,0,34
-5,6,30,1,6,2475,AA,LAX,4,206,289,0,0,12,189,239,0,0,34
-2,6,30,1,15,2475,AA,LAX,4,206,289,0,0,12,189,239,0,0,34
1,6,30,1,9,2475,AA,LAX,4,206,289,0,0,12,189,239,0,0,34
-6,6,30,1,8,2475,AA,LAX,4,206,289,0,0,12,189,239,0,0,34
19,6,30,1,9,2475,B6,LAX,4,206,289,0,0,12,189,239,0,0,34
-2,6,30,1,17,2475,AA,LAX,4,206,289,0,0,12,189,239,0,0,34
-6,6,30,1,12,2475,AA,LAX,4,206,289,0,0,12,189,239,0,0,34
-6,6,30,1,18,2475,AA,LAX,4,206,289,0,0,12,189,239,0,0,34
1,6,30,1,19,2475,AA,LAX,4,206,289,0,0,12,189,239,0,0,34
-5,6,30,1,16,2475,B6,LAX,4,206,289,0,0,12,189,239,0,0,34
29,6,30,1,12,2475,B6,LAX,4,206,289,0,0,12,189,239,0,0,34
2,6,30,1,20,2475,AA,LAX,4,206,289,0,0,12,189,239,0,0,34
-4,6,30,1,16,2475,AA,LAX,4,206,289,0,0,12,189,239,0,0,34
11,6,30,1,20,2475,B6,LAX,4,206,289,0,0,12,189,239,0,0,34
-7,6,30,1,11,2475,UA,LAX,4,206,289,0,0,12,189,239,0,0,34
-7,6,30,1,6,2475,UA,LAX,4,206,289,0,0,12,189,239,0,0,34
6,6,30,1,17,2475,UA,LAX,4,206,289,0,0,12,189,239,0,0,34
-7,6,30,1,14,2475,UA,LAX,4,206,289,0,0,12,189,239,0,0,34
0,6,30,1,8,2475,UA,LAX,4,206,289,0,0,12,189,239,0,0,34
4,7,3,4,9,2475,DL,LAX,1,206,306,452,0,13,189,244,0,0,30
174,7,3,4,12,2475,DL,LAX,1,206,306,452,0,13,189,244,0,0,30
-2,7,3,4,7,2475,DL,LAX,1,206,306,452,0,13,189,244,0,0,30
204,7,3,4,20,2475,AA,LAX,1,206,306,452,0,13,189,244,0,0,30
-2,7,3,4,9,2475,B6,LAX,1,206,306,452,0,13,189,244,0,0,30
0,7,3,4,15,2475,DL,LAX,1,206,306,452,0,13,189,244,0,0,30
0,7,3,4,12,2475,AA,LAX,1,206,306,452,0,13,189,244,0,0,30
-3,7,3,4,11,2475,AA,LAX,1,206,306,452,0,13,189,244,0,0,30
312,7,3,4,21,2475,DL,LAX,1,206,306,452,0,13,189,244,0,0,30
0,7,3,4,6,2475,B6,LAX,1,206,306,452,0,13,189,244,0,0,30
50,7,3,4,8,2475,DL,LAX,1,206,306,452,0,13,189,244,0,0,30
-6,7,3,4,8,2475,AA,LAX,1,206,306,452,0,13,189,244,0,0,30
-9,7,3,4,7,2475,AA,LAX,1,206,306,452,0,13,189,244,0,0,30
453,7,3,4,16,2475,B6,LAX,1,206,306,452,0,13,189,244,0,0,30
10,7,3,4,17,2475,AA,LAX,1,206,306,452,0,13,189,244,0,0,30
26,7,3,4,15,2475,AA,LAX,1,206,306,452,0,13,189,244,0,0,30
-7,7,3,4,6,2475,AA,LAX,1,206,306,452,0,13,189,244,0,0,30
-1,7,3,4,9,2475,AA,LAX,1,206,306,452,0,13,189,244,0,0,30
3,7,3,4,12,2475,B6,LAX,1,206,306,452,0,13,189,244,0,0,30
45,7,3,4,16,2475,DL,LAX,1,206,306,452,0,13,189,244,0,0,30
269,7,3,4,19,2475,AA,LAX,1,206,306,452,0,13,189,244,0,0,30
325,7,3,4,18,2475,AA,LAX,1,206,306,452,0,13,189,244,0,0,30
-8,7,3,4,10,2475,AA,LAX,1,206,306,452,0,13,189,244,0,0,30
-4,7,3,4,16,2475,AA,LAX,1,206,306,452,0,13,189,244,0,0,30
9,7,3,4,18,2475,DL,LAX,1,206,306,452,0,13,189,244,0,0,30
-5,7,3,4,9,2475,VX,LAX,1,206,306,452,0,13,189,244,0,0,30
-6,7,3,4,7,2475,VX,LAX,1,206,306,452,0,13,189,244,0,0,30
155,7,3,4,11,2475,UA,LAX,1,206,306,452,0,13,189,244,0,0,30
17,7,3,4,14,2475,UA,LAX,1,206,306,452,0,13,189,244,0,0,30
0,7,3,4,8,2475,UA,LAX,1,206,306,452,0,13,189,244,0,0,30
238,7,3,4,20,2475,UA,LAX,1,206,306,452,0,13,189,244,0,0,30
151,7,3,4,17,2475,UA,LAX,1,206,306,452,0,13,189,244,0,0,30
270,7,3,4,6,2475,UA,LAX,1,206,306,452,0,13,189,244,0,0,30
8,7,3,4,16,2475,VX,LAX,1,206,306,452,0,13,189,244,0,0,30
-7,7,3,4,13,2475,VX,LAX,1,206,306,452,0,13,189,244,0,0,30
-2,7,3,4,11,2475,VX,LAX,1,206,306,452,0,13,189,244,0,0,30
-6,7,26,6,8,2475,UA,LAX,22,206,272,0,0,19,183,244,0,0,34
-1,7,26,6,14,2475,UA,LAX,22,206,272,0,0,19,183,244,0,0,34
33,7,26,6,11,2475,UA,LAX,22,206,272,0,0,19,183,244,0,0,34
15,7,26,6,18,2475,UA,LAX,22,206,272,0,0,19,183,244,0,0,34
-6,7,26,6,6,2475,UA,LAX,22,206,272,0,0,19,183,244,0,0,34
61,7,26,6,11,2475,VX,LAX,22,206,272,0,0,19,183,244,0,0,34
17,7,26,6,13,2475,VX,LAX,22,206,272,0,0,19,183,244,0,0,34
0,7,26,6,16,2475,VX,LAX,22,206,272,0,0,19,183,244,0,0,34
-7,7,26,6,7,2475,VX,LAX,22,206,272,0,0,19,183,244,0,0,34
-1,7,26,6,9,2475,VX,LAX,22,206,272,0,0,19,183,244,0,0,34
10,7,26,6,11,2475,AA,LAX,22,206,272,0,0,19,183,244,0,0,34
1,7,26,6,12,2475,DL,LAX,22,206,272,0,0,19,183,244,0,0,34
-7,7,26,6,18,2475,AA,LAX,22,206,272,0,0,19,183,244,0,0,34
-2,7,26,6,9,2475,DL,LAX,22,206,272,0,0,19,183,244,0,0,34
31,7,26,6,18,2475,DL,LAX,22,206,272,0,0,19,183,244,0,0,34
-1,7,26,6,9,2475,B6,LAX,22,206,272,0,0,19,183,244,0,0,34
6,7,26,6,16,2475,AA,LAX,22,206,272,0,0,19,183,244,0,0,34
33,7,26,6,20,2475,B6,LAX,22,206,272,0,0,19,183,244,0,0,34
-3,7,26,6,12,2475,B6,LAX,22,206,272,0,0,19,183,244,0,0,34
20,7,26,6,16,2475,B6,LAX,22,206,272,0,0,19,183,244,0,0,34
-6,7,26,6,6,2475,B6,LAX,22,206,272,0,0,19,183,244,0,0,34
-7,7,26,6,10,2475,AA,LAX,22,206,272,0,0,19,183,244,0,0,34
-4,7,26,6,12,2475,AA,LAX,22,206,272,0,0,19,183,244,0,0,34
4,7,26,6,19,2475,AA,LAX,22,206,272,0,0,19,183,244,0,0,34
-7,7,26,6,9,2475,AA,LAX,22,206,272,0,0,19,183,244,0,0,34
1,7,26,6,17,2475,AA,LAX,22,206,272,0,0,19,183,244,0,0,34
-1,7,26,6,8,2475,DL,LAX,22,206,272,0,0,19,183,244,0,0,34
-4,7,26,6,7,2475,AA,LAX,22,206,272,0,0,19,183,244,0,0,34
-5,7,26,6,15,2475,AA,LAX,22,206,272,0,0,19,183,244,0,0,34
62,7,26,6,15,2475,DL,LAX,22,206,272,0,0,19,183,244,0,0,34
-2,7,26,6,8,2475,AA,LAX,22,206,272,0,0,19,183,244,0,0,34
0,7,26,6,20,2475,AA,LAX,22,206,272,0,0,19,183,244,0,0,34
-4,7,31,4,20,2475,B6,LAX,27,200,278,0,0,15,194,250,0,0,34
32,7,31,4,16,2475,AA,LAX,27,200,278,0,0,15,194,250,0,0,34
-9,7,31,4,7,2475,AA,LAX,27,200,278,0,0,15,194,250,0,0,34
-1,7,31,4,12,2475,AA,LAX,27,200,278,0,0,15,194,250,0,0,34
-7,7,31,4,8,2475,AA,LAX,27,200,278,0,0,15,194,250,0,0,34
62,7,31,4,15,2475,AA,LAX,27,200,278,0,0,15,194,250,0,0,34
11,7,31,4,20,2475,AA,LAX,27,200,278,0,0,15,194,250,0,0,34
-6,7,31,4,9,2475,AA,LAX,27,200,278,0,0,15,194,250,0,0,34
1,7,31,4,19,2475,AA,LAX,27,200,278,0,0,15,194,250,0,0,34
-2,7,31,4,11,2475,AA,LAX,27,200,278,0,0,15,194,250,0,0,34
31,7,31,4,18,2475,DL,LAX,27,200,278,0,0,15,194,250,0,0,34
-3,7,31,4,9,2475,DL,LAX,27,200,278,0,0,15,194,250,0,0,34
-3,7,31,4,12,2475,DL,LAX,27,200,278,0,0,15,194,250,0,0,34
3,7,31,4,7,2475,DL,LAX,27,200,278,0,0,15,194,250,0,0,34
8,7,31,4,15,2475,DL,LAX,27,200,278,0,0,15,194,250,0,0,34
8,7,31,4,21,2475,DL,LAX,27,200,278,0,0,15,194,250,0,0,34
-2,7,31,4,12,2475,B6,LAX,27,200,278,0,0,15,194,250,0,0,34
-3,7,31,4,6,2475,AA,LAX,27,200,278,0,0,15,194,250,0,0,34
12,7,31,4,8,2475,DL,LAX,27,200,278,0,0,15,194,250,0,0,34
107,7,31,4,10,2475,AA,LAX,27,200,278,0,0,15,194,250,0,0,34
-2,7,31,4,16,2475,DL,LAX,27,200,278,0,0,15,194,250,0,0,34
1,7,31,4,16,2475,B6,LAX,27,200,278,0,0,15,194,250,0,0,34
-2,7,31,4,17,2475,AA,LAX,27,200,278,0,0,15,194,250,0,0,34
-4,7,31,4,9,2475,B6,LAX,27,200,278,0,0,15,194,250,0,0,34
-2,7,31,4,6,2475,B6,LAX,27,200,278,0,0,15,194,250,0,0,34
-3,7,31,4,14,2475,UA,LAX,27,200,278,0,0,15,194,250,0,0,34
-5,7,31,4,20,2475,UA,LAX,27,200,278,0,0,15,194,250,0,0,34
-4,7,31,4,6,2475,UA,LAX,27,200,278,0,0,15,194,250,0,0,34
-2,7,31,4,11,2475,UA,LAX,27,200,278,0,0,15,194,250,0,0,34
0,7,31,4,17,2475,UA,LAX,27,200,278,0,0,15,194,250,0,0,34
5,7,31,4,8,2475,UA,LAX,27,200,278,0,0,15,194,250,0,0,34
-2,7,31,4,16,2475,VX,LAX,27,200,278,0,0,15,194,250,0,0,34
-6,7,31,4,13,2475,VX,LAX,27,200,278,0,0,15,194,250,0,0,34
-5,7,31,4,11,2475,VX,LAX,27,200,278,0,0,15,194,250,0,0,34
-9,7,31,4,9,2475,VX,LAX,27,200,278,0,0,15,194,250,0,0,34
0,7,31,4,7,2475,VX,LAX,27,200,278,0,0,15,194,250,0,0,34
3,7,31,4,20,2475,VX,LAX,27,200,278,0,0,15,194,250,0,0,34
-4,8,4,1,18,2475,DL,LAX,28,211,289,0,0,15,178,261,0,0,38
-8,8,4,1,20,2475,VX,LAX,28,211,289,0,0,15,178,261,0,0,38
-1,8,4,1,16,2475,VX,LAX,28,211,289,0,0,15,178,261,0,0,38
-3,8,4,1,13,2475,VX,LAX,28,211,289,0,0,15,178,261,0,0,38
-8,8,4,1,11,2475,VX,LAX,28,211,289,0,0,15,178,261,0,0,38
-9,8,4,1,9,2475,VX,LAX,28,211,289,0,0,15,178,261,0,0,38
-5,8,4,1,7,2475,VX,LAX,28,211,289,0,0,15,178,261,0,0,38
2,8,4,1,14,2475,UA,LAX,28,211,289,0,0,15,178,261,0,0,38
0,8,4,1,11,2475,UA,LAX,28,211,289,0,0,15,178,261,0,0,38
-2,8,4,1,17,2475,UA,LAX,28,211,289,0,0,15,178,261,0,0,38
0,8,4,1,20,2475,UA,LAX,28,211,289,0,0,15,178,261,0,0,38
5,8,4,1,8,2475,UA,LAX,28,211,289,0,0,15,178,261,0,0,38
-2,8,4,1,6,2475,UA,LAX,28,211,289,0,0,15,178,261,0,0,38
-4,8,4,1,16,2475,DL,LAX,28,211,289,0,0,15,178,261,0,0,38
3,8,4,1,8,2475,DL,LAX,28,211,289,0,0,15,178,261,0,0,38
-4,8,4,1,21,2475,DL,LAX,28,211,289,0,0,15,178,261,0,0,38
1,8,4,1,15,2475,DL,LAX,28,211,289,0,0,15,178,261,0,0,38
9,8,4,1,7,2475,DL,LAX,28,211,289,0,0,15,178,261,0,0,38
-5,8,4,1,12,2475,DL,LAX,28,211,289,0,0,15,178,261,0,0,38
-3,8,4,1,9,2475,DL,LAX,28,211,289,0,0,15,178,261,0,0,38
-8,8,4,1,8,2475,AA,LAX,28,211,289,0,0,15,178,261,0,0,38
1,8,4,1,6,2475,B6,LAX,28,211,289,0,0,15,178,261,0,0,38
-6,8,4,1,11,2475,AA,LAX,28,211,289,0,0,15,178,261,0,0,38
49,8,4,1,10,2475,AA,LAX,28,211,289,0,0,15,178,261,0,0,38
83,8,4,1,9,2475,B6,LAX,28,211,289,0,0,15,178,261,0,0,38
-2,8,4,1,16,2475,B6,LAX,28,211,289,0,0,15,178,261,0,0,38
-4,8,4,1,7,2475,AA,LAX,28,211,289,0,0,15,178,261,0,0,38
-5,8,4,1,20,2475,B6,LAX,28,211,289,0,0,15,178,261,0,0,38
-1,8,4,1,6,2475,AA,LAX,28,211,289,0,0,15,178,261,0,0,38
-10,8,4,1,17,2475,AA,LAX,28,211,289,0,0,15,178,261,0,0,38
-2,8,4,1,20,2475,AA,LAX,28,211,289,0,0,15,178,261,0,0,38
-4,8,4,1,12,2475,B6,LAX,28,211,289,0,0,15,178,261,0,0,38
53,8,4,1,16,2475,AA,LAX,28,211,289,0,0,15,178,261,0,0,38
-9,8,4,1,12,2475,AA,LAX,28,211,289,0,0,15,178,261,0,0,38
-4,8,4,1,19,2475,AA,LAX,28,211,289,0,0,15,178,261,0,0,38
-1,8,4,1,15,2475,AA,LAX,28,211,289,0,0,15,178,261,0,0,38
-4,8,4,1,18,2475,AA,LAX,28,211,289,0,0,15,178,261,0,0,38
-6,8,4,1,9,2475,AA,LAX,28,211,289,0,0,15,178,261,0,0,38
-11,8,27,3,12,2475,AA,LAX,5,211,322,0,0,15,194,283,0,0,31
-5,8,27,3,20,2475,B6,LAX,5,211,322,0,0,15,194,283,0,0,31
-12,8,27,3,10,2475,AA,LAX,5,211,322,0,0,15,194,283,0,0,31
-6,8,27,3,19,2475,AA,LAX,5,211,322,0,0,15,194,283,0,0,31
-4,8,27,3,6,2475,AA,LAX,5,211,322,0,0,15,194,283,0,0,31
-6,8,27,3,17,2475,AA,LAX,5,211,322,0,0,15,194,283,0,0,31
-5,8,27,3,16,2475,B6,LAX,5,211,322,0,0,15,194,283,0,0,31
17,8,27,3,7,2475,AA,LAX,5,211,322,0,0,15,194,283,0,0,31
-13,8,27,3,11,2475,AA,LAX,5,211,322,0,0,15,194,283,0,0,31
-8,8,27,3,9,2475,AA,LAX,5,211,322,0,0,15,194,283,0,0,31
8,8,27,3,20,2475,AA,LAX,5,211,322,0,0,15,194,283,0,0,31
-2,8,27,3,8,2475,AA,LAX,5,211,322,0,0,15,194,283,0,0,31
-6,8,27,3,16,2475,AA,LAX,5,211,322,0,0,15,194,283,0,0,31
-9,8,27,3,6,2475,B6,LAX,5,211,322,0,0,15,194,283,0,0,31
-8,8,27,3,9,2475,B6,LAX,5,211,322,0,0,15,194,283,0,0,31
2,8,27,3,18,2475,AA,LAX,5,211,322,0,0,15,194,283,0,0,31
-9,8,27,3,14,2475,AA,LAX,5,211,322,0,0,15,194,283,0,0,31
-1,8,27,3,12,2475,B6,LAX,5,211,322,0,0,15,194,283,0,0,31
6,8,27,3,20,2475,UA,LAX,5,211,322,0,0,15,194,283,0,0,31
-2,8,27,3,17,2475,UA,LAX,5,211,322,0,0,15,194,283,0,0,31
-4,8,27,3,11,2475,UA,LAX,5,211,322,0,0,15,194,283,0,0,31
-6,8,27,3,14,2475,UA,LAX,5,211,322,0,0,15,194,283,0,0,31
-2,8,27,3,6,2475,UA,LAX,5,211,322,0,0,15,194,283,0,0,31
-8,8,27,3,8,2475,UA,LAX,5,211,322,0,0,15,194,283,0,0,31
-4,8,27,3,7,2475,DL,LAX,5,211,322,0,0,15,194,283,0,0,31
-6,8,27,3,16,2475,VX,LAX,5,211,322,0,0,15,194,283,0,0,31
-10,8,27,3,9,2475,VX,LAX,5,211,322,0,0,15,194,283,0,0,31
-8,8,27,3,20,2475,VX,LAX,5,211,322,0,0,15,194,283,0,0,31
-4,8,27,3,11,2475,VX,LAX,5,211,322,0,0,15,194,283,0,0,31
-3,8,27,3,13,2475,VX,LAX,5,211,322,0,0,15,194,283,0,0,31
37,8,27,3,18,2475,DL,LAX,5,211,322,0,0,15,194,283,0,0,31
-6,8,27,3,9,2475,DL,LAX,5,211,322,0,0,15,194,283,0,0,31
-3,8,27,3,12,2475,DL,LAX,5,211,322,0,0,15,194,283,0,0,31
2,8,27,3,7,2475,VX,LAX,5,211,322,0,0,15,194,283,0,0,31
-6,8,27,3,16,2475,DL,LAX,5,211,322,0,0,15,194,283,0,0,31
24,8,27,3,8,2475,DL,LAX,5,211,322,0,0,15,194,283,0,0,31
50,8,27,3,15,2475,DL,LAX,5,211,322,0,0,15,194,283,0,0,31
21,8,27,3,21,2475,DL,LAX,5,211,322,0,0,15,194,283,0,0,31
-2,9,5,5,8,2475,AA,LAX,4,222,306,0,0,13,194,239,0,0,39
-3,9,5,5,16,2475,AA,LAX,4,222,306,0,0,13,194,239,0,0,39
-7,9,5,5,12,2475,AA,LAX,4,222,306,0,0,13,194,239,0,0,39
-2,9,5,5,18,2475,DL,LAX,4,222,306,0,0,13,194,239,0,0,39
-5,9,5,5,11,2475,VX,LAX,4,222,306,0,0,13,194,239,0,0,39
-2,9,5,5,16,2475,DL,LAX,4,222,306,0,0,13,194,239,0,0,39
-5,9,5,5,9,2475,B6,LAX,4,222,306,0,0,13,194,239,0,0,39
-6,9,5,5,6,2475,AA,LAX,4,222,306,0,0,13,194,239,0,0,39
2,9,5,5,20,2475,AA,LAX,4,222,306,0,0,13,194,239,0,0,39
-6,9,5,5,9,2475,VX,LAX,4,222,306,0,0,13,194,239,0,0,39
-7,9,5,5,9,2475,AA,LAX,4,222,306,0,0,13,194,239,0,0,39
-6,9,5,5,11,2475,B6,LAX,4,222,306,0,0,13,194,239,0,0,39
-2,9,5,5,9,2475,DL,LAX,4,222,306,0,0,13,194,239,0,0,39
-11,9,5,5,13,2475,VX,LAX,4,222,306,0,0,13,194,239,0,0,39
12,9,5,5,10,2475,AA,LAX,4,222,306,0,0,13,194,239,0,0,39
-5,9,5,5,14,2475,AA,LAX,4,222,306,0,0,13,194,239,0,0,39
-3,9,5,5,7,2475,DL,LAX,4,222,306,0,0,13,194,239,0,0,39
-3,9,5,5,18,2475,AA,LAX,4,222,306,0,0,13,194,239,0,0,39
-3,9,5,5,16,2475,B6,LAX,4,222,306,0,0,13,194,239,0,0,39
-9,9,5,5,8,2475,DL,LAX,4,222,306,0,0,13,194,239,0,0,39
-3,9,5,5,15,2475,DL,LAX,4,222,306,0,0,13,194,239,0,0,39
2,9,5,5,17,2475,AA,LAX,4,222,306,0,0,13,194,239,0,0,39
-8,9,5,5,11,2475,AA,LAX,4,222,306,0,0,13,194,239,0,0,39
-6,9,5,5,16,2475,VX,LAX,4,222,306,0,0,13,194,239,0,0,39
-6,9,5,5,12,2475,DL,LAX,4,222,306,0,0,13,194,239,0,0,39
-4,9,5,5,19,2475,AA,LAX,4,222,306,0,0,13,194,239,0,0,39
-3,9,5,5,20,2475,B6,LAX,4,222,306,0,0,13,194,239,0,0,39
-7,9,5,5,7,2475,AA,LAX,4,222,306,0,0,13,194,239,0,0,39
16,9,5,5,21,2475,DL,LAX,4,222,306,0,0,13,194,239,0,0,39
-3,9,5,5,20,2475,VX,LAX,4,222,306,0,0,13,194,239,0,0,39
-2,9,5,5,7,2475,VX,LAX,4,222,306,0,0,13,194,239,0,0,39
-3,9,5,5,6,2475,B6,LAX,4,222,306,0,0,13,194,239,0,0,39
6,9,5,5,14,2475,UA,LAX,4,222,306,0,0,13,194,239,0,0,39
-3,9,5,5,20,2475,UA,LAX,4,222,306,0,0,13,194,239,0,0,39
-6,9,5,5,17,2475,UA,LAX,4,222,306,0,0,13,194,239,0,0,39
-10,9,5,5,8,2475,UA,LAX,4,222,306,0,0,13,194,239,0,0,39
-10,9,5,5,11,2475,UA,LAX,4,222,306,0,0,13,194,239,0,0,39
-7,9,10,3,9,2475,B6,LAX,9,172,267,0,0,26,189,256,0,0,28
-8,9,10,3,16,2475,AA,LAX,9,172,267,0,0,26,189,256,0,0,28
0,9,10,3,16,2475,B6,LAX,9,172,267,0,0,26,189,256,0,0,28
-6,9,10,3,18,2475,AA,LAX,9,172,267,0,0,26,189,256,0,0,28
-5,9,10,3,12,2475,AA,LAX,9,172,267,0,0,26,189,256,0,0,28
-2,9,10,3,14,2475,AA,LAX,9,172,267,0,0,26,189,256,0,0,28
-3,9,10,3,6,2475,AA,LAX,9,172,267,0,0,26,189,256,0,0,28
-3,9,10,3,11,2475,AA,LAX,9,172,267,0,0,26,189,256,0,0,28
-4,9,10,3,7,2475,VX,LAX,9,172,267,0,0,26,189,256,0,0,28
10,9,10,3,20,2475,B6,LAX,9,172,267,0,0,26,189,256,0,0,28
-4,9,10,3,9,2475,VX,LAX,9,172,267,0,0,26,189,256,0,0,28
-2,9,10,3,9,2475,AA,LAX,9,172,267,0,0,26,189,256,0,0,28
-3,9,10,3,11,2475,B6,LAX,9,172,267,0,0,26,189,256,0,0,28
-11,9,10,3,7,2475,AA,LAX,9,172,267,0,0,26,189,256,0,0,28
-4,9,10,3,10,2475,AA,LAX,9,172,267,0,0,26,189,256,0,0,28
0,9,10,3,13,2475,VX,LAX,9,172,267,0,0,26,189,256,0,0,28
-5,9,10,3,19,2475,AA,LAX,9,172,267,0,0,26,189,256,0,0,28
-3,9,10,3,17,2475,AA,LAX,9,172,267,0,0,26,189,256,0,0,28
-6,9,10,3,20,2475,AA,LAX,9,172,267,0,0,26,189,256,0,0,28
0,9,10,3,16,2475,VX,LAX,9,172,267,0,0,26,189,256,0,0,28
1,9,10,3,20,2475,VX,LAX,9,172,267,0,0,26,189,256,0,0,28
-5,9,10,3,8,2475,AA,LAX,9,172,267,0,0,26,189,256,0,0,28
-6,9,10,3,6,2475,B6,LAX,9,172,267,0,0,26,189,256,0,0,28
-6,9,10,3,18,2475,DL,LAX,9,172,267,0,0,26,189,256,0,0,28
-1,9,10,3,9,2475,DL,LAX,9,172,267,0,0,26,189,256,0,0,28
-1,9,10,3,12,2475,DL,LAX,9,172,267,0,0,26,189,256,0,0,28
-3,9,10,3,7,2475,DL,LAX,9,172,267,0,0,26,189,256,0,0,28
-5,9,10,3,16,2475,DL,LAX,9,172,267,0,0,26,189,256,0,0,28
10,9,10,3,21,2475,DL,LAX,9,172,267,0,0,26,189,256,0,0,28
-3,9,10,3,8,2475,DL,LAX,9,172,267,0,0,26,189,256,0,0,28
-4,9,10,3,15,2475,DL,LAX,9,172,267,0,0,26,189,256,0,0,28
-1,9,10,3,11,2475,UA,LAX,9,172,267,0,0,26,189,256,0,0,28
18,9,10,3,20,2475,UA,LAX,9,172,267,0,0,26,189,256,0,0,28
0,9,10,3,17,2475,UA,LAX,9,172,267,0,0,26,189,256,0,0,28
-7,9,10,3,8,2475,UA,LAX,9,172,267,0,0,26,189,256,0,0,28
-5,9,10,3,6,2475,UA,LAX,9,172,267,0,0,26,189,256,0,0,28
-2,9,10,3,14,2475,UA,LAX,9,172,267,0,0,26,189,256,0,0,28
25,9,28,7,20,2475,UA,LAX,15,178,289,0,0,8,172,244,0,0,34
19,9,28,7,8,2475,UA,LAX,15,178,289,0,0,8,172,244,0,0,34
-2,9,28,7,14,2475,UA,LAX,15,178,289,0,0,8,172,244,0,0,34
-2,9,28,7,11,2475,UA,LAX,15,178,289,0,0,8,172,244,0,0,34
-2,9,28,7,17,2475,UA,LAX,15,178,289,0,0,8,172,244,0,0,34
-3,9,28,7,15,2475,DL,LAX,15,178,289,0,0,8,172,244,0,0,34
-5,9,28,7,8,2475,DL,LAX,15,178,289,0,0,8,172,244,0,0,34
30,9,28,7,21,2475,DL,LAX,15,178,289,0,0,8,172,244,0,0,34
5,9,28,7,7,2475,DL,LAX,15,178,289,0,0,8,172,244,0,0,34
0,9,28,7,12,2475,DL,LAX,15,178,289,0,0,8,172,244,0,0,34
-2,9,28,7,9,2475,DL,LAX,15,178,289,0,0,8,172,244,0,0,34
-1,9,28,7,18,2475,DL,LAX,15,178,289,0,0,8,172,244,0,0,34
6,9,28,7,6,2475,B6,LAX,15,178,289,0,0,8,172,244,0,0,34
-2,9,28,7,16,2475,DL,LAX,15,178,289,0,0,8,172,244,0,0,34
6,9,28,7,20,2475,VX,LAX,15,178,289,0,0,8,172,244,0,0,34
0,9,28,7,16,2475,VX,LAX,15,178,289,0,0,8,172,244,0,0,34
-2,9,28,7,13,2475,VX,LAX,15,178,289,0,0,8,172,244,0,0,34
2,9,28,7,12,2475,AA,LAX,15,178,289,0,0,8,172,244,0,0,34
-7,9,28,7,11,2475,B6,LAX,15,178,289,0,0,8,172,244,0,0,34
1,9,28,7,17,2475,AA,LAX,15,178,289,0,0,8,172,244,0,0,34
2,9,28,7,11,2475,VX,LAX,15,178,289,0,0,8,172,244,0,0,34
-8,9,28,7,9,2475,VX,LAX,15,178,289,0,0,8,172,244,0,0,34
-5,9,28,7,8,2475,AA,LAX,15,178,289,0,0,8,172,244,0,0,34
14,9,28,7,19,2475,AA,LAX,15,178,289,0,0,8,172,244,0,0,34
9,9,28,7,9,2475,AA,LAX,15,178,289,0,0,8,172,244,0,0,34
-6,9,28,7,9,2475,B6,LAX,15,178,289,0,0,8,172,244,0,0,34
5,9,28,7,20,2475,B6,LAX,15,178,289,0,0,8,172,244,0,0,34
-5,9,28,7,14,2475,AA,LAX,15,178,289,0,0,8,172,244,0,0,34
2,9,28,7,18,2475,AA,LAX,15,178,289,0,0,8,172,244,0,0,34
-4,9,28,7,8,2475,B6,LAX,15,178,289,0,0,8,172,244,0,0,34
-8,9,28,7,10,2475,AA,LAX,15,178,289,0,0,8,172,244,0,0,34
-7,9,28,7,16,2475,B6,LAX,15,178,289,0,0,8,172,244,0,0,34
-8,9,28,7,11,2475,AA,LAX,15,178,289,0,0,8,172,244,0,0,34
6,9,28,7,6,2475,AA,LAX,15,178,289,0,0,8,172,244,0,0,34
-6,9,28,7,7,2475,AA,LAX,15,178,289,0,0,8,172,244,0,0,34
-4,9,28,7,16,2475,AA,LAX,15,178,289,0,0,8,172,244,0,0,34
31,9,28,7,20,2475,AA,LAX,15,178,289,0,0,8,172,244,0,0,34
18,10,1,3,7,2475,DL,LAX,12,161,183,5,0,27,172,239,0,0,26
-3,10,1,3,8,2475,DL,LAX,12,161,183,5,0,27,172,239,0,0,26
-3,10,1,3,12,2475,DL,LAX,12,161,183,5,0,27,172,239,0,0,26
-4,10,1,3,6,2475,AA,LAX,12,161,183,5,0,27,172,239,0,0,26
-1,10,1,3,8,2475,DL,LAX,12,161,183,5,0,27,172,239,0,0,26
-6,10,1,3,10,2475,AA,LAX,12,161,183,5,0,27,172,239,0,0,26
0,10,1,3,18,2475,DL,LAX,12,161,183,5,0,27,172,239,0,0,26
-3,10,1,3,20,2475,B6,LAX,12,161,183,5,0,27,172,239,0,0,26
0,10,1,3,16,2475,B6,LAX,12,161,183,5,0,27,172,239,0,0,26
-5,10,1,3,11,2475,B6,LAX,12,161,183,5,0,27,172,239,0,0,26
-4,10,1,3,9,2475,B6,LAX,12,161,183,5,0,27,172,239,0,0,26
3,10,1,3,8,2475,B6,LAX,12,161,183,5,0,27,172,239,0,0,26
-7,10,1,3,6,2475,B6,LAX,12,161,183,5,0,27,172,239,0,0,26
6,10,1,3,16,2475,DL,LAX,12,161,183,5,0,27,172,239,0,0,26
-2,10,1,3,9,2475,DL,LAX,12,161,183,5,0,27,172,239,0,0,26
18,10,1,3,15,2475,DL,LAX,12,161,183,5,0,27,172,239,0,0,26
86,10,1,3,21,2475,DL,LAX,12,161,183,5,0,27,172,239,0,0,26
-6,10,1,3,6,2475,UA,LAX,12,161,183,5,0,27,172,239,0,0,26
-4,10,1,3,8,2475,AA,LAX,12,161,183,5,0,27,172,239,0,0,26
9,10,1,3,17,2475,AA,LAX,12,161,183,5,0,27,172,239,0,0,26
-2,10,1,3,7,2475,VX,LAX,12,161,183,5,0,27,172,239,0,0,26
-5,10,1,3,9,2475,VX,LAX,12,161,183,5,0,27,172,239,0,0,26
2,10,1,3,13,2475,VX,LAX,12,161,183,5,0,27,172,239,0,0,26
6,10,1,3,20,2475,VX,LAX,12,161,183,5,0,27,172,239,0,0,26
-3,10,1,3,18,2475,AA,LAX,12,161,183,5,0,27,172,239,0,0,26
-2,10,1,3,20,2475,AA,LAX,12,161,183,5,0,27,172,239,0,0,26
-5,10,1,3,7,2475,AA,LAX,12,161,183,5,0,27,172,239,0,0,26
-5,10,1,3,11,2475,AA,LAX,12,161,183,5,0,27,172,239,0,0,26
-11,10,1,3,12,2475,AA,LAX,12,161,183,5,0,27,172,239,0,0,26
-1,10,1,3,14,2475,UA,LAX,12,161,183,5,0,27,172,239,0,0,26
-6,10,1,3,9,2475,AA,LAX,12,161,183,5,0,27,172,239,0,0,26
0,10,1,3,11,2475,UA,LAX,12,161,183,5,0,27,172,239,0,0,26
29,10,1,3,16,2475,VX,LAX,12,161,183,5,0,27,172,239,0,0,26
-5,10,1,3,14,2475,AA,LAX,12,161,183,5,0,27,172,239,0,0,26
-7,10,1,3,19,2475,AA,LAX,12,161,183,5,0,27,172,239,0,0,26
1,10,1,3,17,2475,UA,LAX,12,161,183,5,0,27,172,239,0,0,26
3,10,1,3,20,2475,UA,LAX,12,161,183,5,0,27,172,239,0,0,26
7,10,1,3,16,2475,AA,LAX,12,161,183,5,0,27,172,239,0,0,26
32,10,1,3,8,2475,UA,LAX,12,161,183,5,0,27,172,239,0,0,26
-7,10,19,7,8,2475,B6,LAX,6,67,133,0,0,34,156,228,0,0,32
2,10,19,7,21,2475,B6,LAX,6,67,133,0,0,34,156,228,0,0,32
10,10,19,7,16,2475,B6,LAX,6,67,133,0,0,34,156,228,0,0,32
-2,10,19,7,11,2475,B6,LAX,6,67,133,0,0,34,156,228,0,0,32
-5,10,19,7,9,2475,B6,LAX,6,67,133,0,0,34,156,228,0,0,32
-4,10,19,7,6,2475,B6,LAX,6,67,133,0,0,34,156,228,0,0,32
5,10,19,7,8,2475,DL,LAX,6,67,133,0,0,34,156,228,0,0,32
4,10,19,7,15,2475,DL,LAX,6,67,133,0,0,34,156,228,0,0,32
39,10,19,7,21,2475,DL,LAX,6,67,133,0,0,34,156,228,0,0,32
24,10,19,7,7,2475,DL,LAX,6,67,133,0,0,34,156,228,0,0,32
0,10,19,7,12,2475,DL,LAX,6,67,133,0,0,34,156,228,0,0,32
-4,10,19,7,9,2475,DL,LAX,6,67,133,0,0,34,156,228,0,0,32
331,10,19,7,16,2475,DL,LAX,6,67,133,0,0,34,156,228,0,0,32
-3,10,19,7,18,2475,DL,LAX,6,67,133,0,0,34,156,228,0,0,32
-6,10,19,7,6,2475,AA,LAX,6,67,133,0,0,34,156,228,0,0,32
-9,10,19,7,10,2475,AA,LAX,6,67,133,0,0,34,156,228,0,0,32
-6,10,19,7,8,2475,UA,LAX,6,67,133,0,0,34,156,228,0,0,32
16,10,19,7,20,2475,UA,LAX,6,67,133,0,0,34,156,228,0,0,32
-5,10,19,7,9,2475,AA,LAX,6,67,133,0,0,34,156,228,0,0,32
33,10,19,7,16,2475,VX,LAX,6,67,133,0,0,34,156,228,0,0,32
-1,10,19,7,13,2475,VX,LAX,6,67,133,0,0,34,156,228,0,0,32
-1,10,19,7,11,2475,VX,LAX,6,67,133,0,0,34,156,228,0,0,32
-3,10,19,7,9,2475,VX,LAX,6,67,133,0,0,34,156,228,0,0,32
-3,10,19,7,8,2475,AA,LAX,6,67,133,0,0,34,156,228,0,0,32
30,10,19,7,20,2475,VX,LAX,6,67,133,0,0,34,156,228,0,0,32
12,10,19,7,11,2475,AA,LAX,6,67,133,0,0,34,156,228,0,0,32
-6,10,19,7,7,2475,AA,LAX,6,67,133,0,0,34,156,228,0,0,32
39,10,19,7,20,2475,AA,LAX,6,67,133,0,0,34,156,228,0,0,32
-2,10,19,7,11,2475,UA,LAX,6,67,133,0,0,34,156,228,0,0,32
0,10,19,7,17,2475,UA,LAX,6,67,133,0,0,34,156,228,0,0,32
-2,10,19,7,17,2475,AA,LAX,6,67,133,0,0,34,156,228,0,0,32
170,10,19,7,19,2475,AA,LAX,6,67,133,0,0,34,156,228,0,0,32
-4,10,19,7,14,2475,AA,LAX,6,67,133,0,0,34,156,228,0,0,32
0,10,19,7,12,2475,AA,LAX,6,67,133,0,0,34,156,228,0,0,32
304,10,19,7,18,2475,AA,LAX,6,67,133,0,0,34,156,228,0,0,32
-5,10,19,7,16,2475,AA,LAX,6,67,133,0,0,34,156,228,0,0,32
-9,10,19,7,14,2475,UA,LAX,6,67,133,0,0,34,156,228,0,0,32
23,10,24,5,20,2475,UA,LAX,11,106,172,0,0,20,156,267,0,0,22
-2,10,24,5,18,2475,AA,LAX,11,106,172,0,0,20,156,267,0,0,22
-7,10,24,5,8,2475,AA,LAX,11,106,172,0,0,20,156,267,0,0,22
-8,10,24,5,7,2475,AA,LAX,11,106,172,0,0,20,156,267,0,0,22
-4,10,24,5,19,2475,AA,LAX,11,106,172,0,0,20,156,267,0,0,22
-4,10,24,5,12,2475,AA,LAX,11,106,172,0,0,20,156,267,0,0,22
-7,10,24,5,14,2475,AA,LAX,11,106,172,0,0,20,156,267,0,0,22
-5,10,24,5,9,2475,AA,LAX,11,106,172,0,0,20,156,267,0,0,22
-4,10,24,5,6,2475,UA,LAX,11,106,172,0,0,20,156,267,0,0,22
4,10,24,5,16,2475,AA,LAX,11,106,172,0,0,20,156,267,0,0,22
-5,10,24,5,8,2475,UA,LAX,11,106,172,0,0,20,156,267,0,0,22
-3,10,24,5,17,2475,UA,LAX,11,106,172,0,0,20,156,267,0,0,22
-4,10,24,5,17,2475,AA,LAX,11,106,172,0,0,20,156,267,0,0,22
-8,10,24,5,14,2475,UA,LAX,11,106,172,0,0,20,156,267,0,0,22
3,10,24,5,11,2475,UA,LAX,11,106,172,0,0,20,156,267,0,0,22
-5,10,24,5,20,2475,AA,LAX,11,106,172,0,0,20,156,267,0,0,22
-5,10,24,5,20,2475,VX,LAX,11,106,172,0,0,20,156,267,0,0,22
-2,10,24,5,16,2475,VX,LAX,11,106,172,0,0,20,156,267,0,0,22
-6,10,24,5,13,2475,VX,LAX,11,106,172,0,0,20,156,267,0,0,22
0,10,24,5,11,2475,VX,LAX,11,106,172,0,0,20,156,267,0,0,22
-3,10,24,5,9,2475,VX,LAX,11,106,172,0,0,20,156,267,0,0,22
-4,10,24,5,7,2475,VX,LAX,11,106,172,0,0,20,156,267,0,0,22
-3,10,24,5,11,2475,AA,LAX,11,106,172,0,0,20,156,267,0,0,22
-4,10,24,5,10,2475,AA,LAX,11,106,172,0,0,20,156,267,0,0,22
44,10,24,5,9,2475,DL,LAX,11,106,172,0,0,20,156,267,0,0,22
1,10,24,5,18,2475,DL,LAX,11,106,172,0,0,20,156,267,0,0,22
12,10,24,5,16,2475,DL,LAX,11,106,172,0,0,20,156,267,0,0,22
-3,10,24,5,9,2475,DL,LAX,11,106,172,0,0,20,156,267,0,0,22
-3,10,24,5,12,2475,DL,LAX,11,106,172,0,0,20,156,267,0,0,22
22,10,24,5,7,2475,DL,LAX,11,106,172,0,0,20,156,267,0,0,22
29,10,24,5,6,2475,B6,LAX,11,106,172,0,0,20,156,267,0,0,22
-4,10,24,5,8,2475,B6,LAX,11,106,172,0,0,20,156,267,0,0,22
-1,10,24,5,9,2475,B6,LAX,11,106,172,0,0,20,156,267,0,0,22
-1,10,24,5,11,2475,B6,LAX,11,106,172,0,0,20,156,267,0,0,22
-8,10,24,5,16,2475,B6,LAX,11,106,172,0,0,20,156,267,0,0,22
20,10,24,5,21,2475,DL,LAX,11,106,172,0,0,20,156,267,0,0,22
0,10,24,5,15,2475,DL,LAX,11,106,172,0,0,20,156,267,0,0,22
-3,10,24,5,21,2475,B6,LAX,11,106,172,0,0,20,156,267,0,0,22
3,10,24,5,6,2475,AA,LAX,11,106,172,0,0,20,156,267,0,0,22
0,11,2,7,9,2475,VX,LAX,9,50,89,0,0,48,106,194,0,0,29
5,11,2,7,7,2475,VX,LAX,9,50,89,0,0,48,106,194,0,0,29
-3,11,2,7,20,2475,VX,LAX,9,50,89,0,0,48,106,194,0,0,29
0,11,2,7,16,2475,VX,LAX,9,50,89,0,0,48,106,194,0,0,29
-6,11,2,7,13,2475,VX,LAX,9,50,89,0,0,48,106,194,0,0,29
-6,11,2,7,19,2475,UA,LAX,9,50,89,0,0,48,106,194,0,0,29
-6,11,2,7,8,2475,UA,LAX,9,50,89,0,0,48,106,194,0,0,29
-8,11,2,7,11,2475,UA,LAX,9,50,89,0,0,48,106,194,0,0,29
-4,11,2,7,14,2475,UA,LAX,9,50,89,0,0,48,106,194,0,0,29
4,11,2,7,17,2475,UA,LAX,9,50,89,0,0,48,106,194,0,0,29
-7,11,2,7,9,2475,AA,LAX,9,50,89,0,0,48,106,194,0,0,29
-3,11,2,7,18,2475,AA,LAX,9,50,89,0,0,48,106,194,0,0,29
-1,11,2,7,18,2475,DL,LAX,9,50,89,0,0,48,106,194,0,0,29
1,11,2,7,15,2475,DL,LAX,9,50,89,0,0,48,106,194,0,0,29
5,11,2,7,9,2475,DL,LAX,9,50,89,0,0,48,106,194,0,0,29
-1,11,2,7,11,2475,DL,LAX,9,50,89,0,0,48,106,194,0,0,29
-3,11,2,7,7,2475,DL,LAX,9,50,89,0,0,48,106,194,0,0,29
35,11,2,7,21,2475,DL,LAX,9,50,89,0,0,48,106,194,0,0,29
-1,11,2,7,8,2475,DL,LAX,9,50,89,0,0,48,106,194,0,0,29
1,11,2,7,16,2475,DL,LAX,9,50,89,0,0,48,106,194,0,0,29
-4,11,2,7,11,2475,AA,LAX,9,50,89,0,0,48,106,194,0,0,29
1,11,2,7,14,2475,AA,LAX,9,50,89,0,0,48,106,194,0,0,29
-8,11,2,7,7,2475,AA,LAX,9,50,89,0,0,48,106,194,0,0,29
-5,11,2,7,16,2475,AA,LAX,9,50,89,0,0,48,106,194,0,0,29
-4,11,2,7,12,2475,AA,LAX,9,50,89,0,0,48,106,194,0,0,29
-7,11,2,7,8,2475,AA,LAX,9,50,89,0,0,48,106,194,0,0,29
1,11,2,7,9,2475,AA,LAX,9,50,89,0,0,48,106,194,0,0,29
-10,11,2,7,6,2475,AA,LAX,9,50,89,0,0,48,106,194,0,0,29
9,11,2,7,20,2475,AA,LAX,9,50,89,0,0,48,106,194,0,0,29
-3,11,2,7,19,2475,AA,LAX,9,50,89,0,0,48,106,194,0,0,29
21,11,2,7,17,2475,AA,LAX,9,50,89,0,0,48,106,194,0,0,29
62,11,2,7,18,2475,B6,LAX,9,50,89,0,0,48,106,194,0,0,29
5,11,2,7,21,2475,B6,LAX,9,50,89,0,0,48,106,194,0,0,29
15,11,2,7,15,2475,B6,LAX,9,50,89,0,0,48,106,194,0,0,29
-2,11,2,7,9,2475,B6,LAX,9,50,89,0,0,48,106,194,0,0,29
-5,11,2,7,7,2475,B6,LAX,9,50,89,0,0,48,106,194,0,0,29
-3,11,2,7,6,2475,B6,LAX,9,50,89,0,0,48,106,194,0,0,29
-3,11,25,2,7,2475,DL,LAX,2,106,200,0,0,23,128,256,0,0,22
6,11,25,2,21,2475,DL,LAX,2,106,200,0,0,23,128,256,0,0,22
25,11,25,2,18,2475,DL,LAX,2,106,200,0,0,23,128,256,0,0,22
-3,11,25,2,15,2475,DL,LAX,2,106,200,0,0,23,128,256,0,0,22
-4,11,25,2,9,2475,DL,LAX,2,106,200,0,0,23,128,256,0,0,22
-7,11,25,2,11,2475,DL,LAX,2,106,200,0,0,23,128,256,0,0,22
-3,11,25,2,9,2475,B6,LAX,2,106,200,0,0,23,128,256,0,0,22
18,11,25,2,15,2475,B6,LAX,2,106,200,0,0,23,128,256,0,0,22
-6,11,25,2,18,2475,B6,LAX,2,106,200,0,0,23,128,256,0,0,22
6,11,25,2,21,2475,B6,LAX,2,106,200,0,0,23,128,256,0,0,22
-3,11,25,2,18,2475,AA,LAX,2,106,200,0,0,23,128,256,0,0,22
-6,11,25,2,8,2475,AA,LAX,2,106,200,0,0,23,128,256,0,0,22
-10,11,25,2,11,2475,AA,LAX,2,106,200,0,0,23,128,256,0,0,22
-5,11,25,2,7,2475,AA,LAX,2,106,200,0,0,23,128,256,0,0,22
-8,11,25,2,12,2475,AA,LAX,2,106,200,0,0,23,128,256,0,0,22
-5,11,25,2,6,2475,AA,LAX,2,106,200,0,0,23,128,256,0,0,22
27,11,25,2,14,2475,AA,LAX,2,106,200,0,0,23,128,256,0,0,22
-11,11,25,2,9,2475,AA,LAX,2,106,200,0,0,23,128,256,0,0,22
20,11,25,2,16,2475,AA,LAX,2,106,200,0,0,23,128,256,0,0,22
-3,11,25,2,14,2475,UA,LAX,2,106,200,0,0,23,128,256,0,0,22
-4,11,25,2,11,2475,UA,LAX,2,106,200,0,0,23,128,256,0,0,22
160,11,25,2,17,2475,UA,LAX,2,106,200,0,0,23,128,256,0,0,22
15,11,25,2,19,2475,UA,LAX,2,106,200,0,0,23,128,256,0,0,22
-2,11,25,2,8,2475,UA,LAX,2,106,200,0,0,23,128,256,0,0,22
-2,11,25,2,6,2475,UA,LAX,2,106,200,0,0,23,128,256,0,0,22
35,11,25,2,20,2475,AA,LAX,2,106,200,0,0,23,128,256,0,0,22
-5,11,25,2,10,2475,AA,LAX,2,106,200,0,0,23,128,256,0,0,22
-4,11,25,2,20,2475,AA,LAX,2,106,200,0,0,23,128,256,0,0,22
-3,11,25,2,17,2475,AA,LAX,2,106,200,0,0,23,128,256,0,0,22
19,11,25,2,8,2475,DL,LAX,2,106,200,0,0,23,128,256,0,0,22
0,11,25,2,16,2475,DL,LAX,2,106,200,0,0,23,128,256,0,0,22
-1,11,25,2,6,2475,B6,LAX,2,106,200,0,0,23,128,256,0,0,22
13,11,25,2,7,2475,B6,LAX,2,106,200,0,0,23,128,256,0,0,22
3,11,25,2,20,2475,VX,LAX,2,106,200,0,0,23,128,256,0,0,22
1,11,25,2,16,2475,VX,LAX,2,106,200,0,0,23,128,256,0,0,22
-5,11,25,2,13,2475,VX,LAX,2,106,200,0,0,23,128,256,0,0,22
1,11,25,2,11,2475,VX,LAX,2,106,200,0,0,23,128,256,0,0,22
-4,11,25,2,9,2475,VX,LAX,2,106,200,0,0,23,128,256,0,0,22
-3,11,25,2,7,2475,VX,LAX,2,106,200,0,0,23,128,256,0,0,22
-1,11,30,7,8,2475,UA,LAX,3,72,128,0,0,19,150,189,56,0,30
-5,11,30,7,6,2475,UA,LAX,3,72,128,0,0,19,150,189,56,0,30
18,11,30,7,20,2475,VX,LAX,3,72,128,0,0,19,150,189,56,0,30
-5,11,30,7,16,2475,VX,LAX,3,72,128,0,0,19,150,189,56,0,30
-1,11,30,7,13,2475,VX,LAX,3,72,128,0,0,19,150,189,56,0,30
23,11,30,7,11,2475,VX,LAX,3,72,128,0,0,19,150,189,56,0,30
-3,11,30,7,9,2475,VX,LAX,3,72,128,0,0,19,150,189,56,0,30
-1,11,30,7,7,2475,VX,LAX,3,72,128,0,0,19,150,189,56,0,30
-6,11,30,7,14,2475,UA,LAX,3,72,128,0,0,19,150,189,56,0,30
-9,11,30,7,11,2475,UA,LAX,3,72,128,0,0,19,150,189,56,0,30
-3,11,30,7,17,2475,UA,LAX,3,72,128,0,0,19,150,189,56,0,30
5,11,30,7,19,2475,UA,LAX,3,72,128,0,0,19,150,189,56,0,30
-6,11,30,7,16,2475,DL,LAX,3,72,128,0,0,19,150,189,56,0,30
15,11,30,7,8,2475,DL,LAX,3,72,128,0,0,19,150,189,56,0,30
-3,11,30,7,21,2475,DL,LAX,3,72,128,0,0,19,150,189,56,0,30
-4,11,30,7,7,2475,DL,LAX,3,72,128,0,0,19,150,189,56,0,30
-1,11,30,7,11,2475,DL,LAX,3,72,128,0,0,19,150,189,56,0,30
-4,11,30,7,9,2475,DL,LAX,3,72,128,0,0,19,150,189,56,0,30
-1,11,30,7,15,2475,DL,LAX,3,72,128,0,0,19,150,189,56,0,30
8,11,30,7,18,2475,DL,LAX,3,72,128,0,0,19,150,189,56,0,30
-5,11,30,7,14,2475,AA,LAX,3,72,128,0,0,19,150,189,56,0,30
21,11,30,7,6,2475,B6,LAX,3,72,128,0,0,19,150,189,56,0,30
16,11,30,7,15,2475,B6,LAX,3,72,128,0,0,19,150,189,56,0,30
-5,11,30,7,21,2475,B6,LAX,3,72,128,0,0,19,150,189,56,0,30
11,11,30,7,18,2475,B6,LAX,3,72,128,0,0,19,150,189,56,0,30
-3,11,30,7,9,2475,B6,LAX,3,72,128,0,0,19,150,189,56,0,30
-2,11,30,7,7,2475,B6,LAX,3,72,128,0,0,19,150,189,56,0,30
78,11,30,7,17,2475,AA,LAX,3,72,128,0,0,19,150,189,56,0,30
-5,11,30,7,10,2475,AA,LAX,3,72,128,0,0,19,150,189,56,0,30
-3,11,30,7,20,2475,AA,LAX,3,72,128,0,0,19,150,189,56,0,30
20,11,30,7,20,2475,AA,LAX,3,72,128,0,0,19,150,189,56,0,30
-8,11,30,7,16,2475,AA,LAX,3,72,128,0,0,19,150,189,56,0,30
-2,11,30,7,6,2475,AA,LAX,3,72,128,0,0,19,150,189,56,0,30
-6,11,30,7,8,2475,AA,LAX,3,72,128,0,0,19,150,189,56,0,30
5,11,30,7,18,2475,AA,LAX,3,72,128,0,0,19,150,189,56,0,30
-7,11,30,7,11,2475,AA,LAX,3,72,128,0,0,19,150,189,56,0,30
-11,11,30,7,7,2475,AA,LAX,3,72,128,0,0,19,150,189,56,0,30
-10,11,30,7,12,2475,AA,LAX,3,72,128,0,0,19,150,189,56,0,30
-8,11,30,7,9,2475,AA,LAX,3,72,128,0,0,19,150,189,56,0,30
-2,12,3,3,11,2475,UA,LAX,6,50,78,15,0,34,144,178,53,0,26
0,12,3,3,15,2475,B6,LAX,6,50,78,15,0,34,144,178,53,0,26
0,12,3,3,18,2475,AA,LAX,6,50,78,15,0,34,144,178,53,0,26
-3,12,3,3,8,2475,AA,LAX,6,50,78,15,0,34,144,178,53,0,26
-4,12,3,3,11,2475,AA,LAX,6,50,78,15,0,34,144,178,53,0,26
0,12,3,3,9,2475,AA,LAX,6,50,78,15,0,34,144,178,53,0,26
-3,12,3,3,14,2475,AA,LAX,6,50,78,15,0,34,144,178,53,0,26
-8,12,3,3,19,2475,AA,LAX,6,50,78,15,0,34,144,178,53,0,26
46,12,3,3,16,2475,AA,LAX,6,50,78,15,0,34,144,178,53,0,26
-4,12,3,3,17,2475,AA,LAX,6,50,78,15,0,34,144,178,53,0,26
-10,12,3,3,7,2475,AA,LAX,6,50,78,15,0,34,144,178,53,0,26
-4,12,3,3,20,2475,AA,LAX,6,50,78,15,0,34,144,178,53,0,26
0,12,3,3,6,2475,B6,LAX,6,50,78,15,0,34,144,178,53,0,26
22,12,3,3,15,2475,DL,LAX,6,50,78,15,0,34,144,178,53,0,26
-5,12,3,3,8,2475,DL,LAX,6,50,78,15,0,34,144,178,53,0,26
12,12,3,3,21,2475,DL,LAX,6,50,78,15,0,34,144,178,53,0,26
-3,12,3,3,14,2475,UA,LAX,6,50,78,15,0,34,144,178,53,0,26
-4,12,3,3,10,2475,AA,LAX,6,50,78,15,0,34,144,178,53,0,26
6,12,3,3,7,2475,DL,LAX,6,50,78,15,0,34,144,178,53,0,26
26,12,3,3,21,2475,B6,LAX,6,50,78,15,0,34,144,178,53,0,26
-1,12,3,3,11,2475,DL,LAX,6,50,78,15,0,34,144,178,53,0,26
2,12,3,3,9,2475,DL,LAX,6,50,78,15,0,34,144,178,53,0,26
7,12,3,3,12,2475,AA,LAX,6,50,78,15,0,34,144,178,53,0,26
-2,12,3,3,17,2475,DL,LAX,6,50,78,15,0,34,144,178,53,0,26
-1,12,3,3,18,2475,B6,LAX,6,50,78,15,0,34,144,178,53,0,26
36,12,3,3,6,2475,UA,LAX,6,50,78,15,0,34,144,178,53,0,26
3,12,3,3,18,2475,DL,LAX,6,50,78,15,0,34,144,178,53,0,26
-5,12,3,3,8,2475,B6,LAX,6,50,78,15,0,34,144,178,53,0,26
-6,12,3,3,6,2475,AA,LAX,6,50,78,15,0,34,144,178,53,0,26
-3,12,3,3,8,2475,UA,LAX,6,50,78,15,0,34,144,178,53,0,26
-1,12,3,3,9,2475,B6,LAX,6,50,78,15,0,34,144,178,53,0,26
130,12,3,3,19,2475,UA,LAX,6,50,78,15,0,34,144,178,53,0,26
-1,12,3,3,17,2475,UA,LAX,6,50,78,15,0,34,144,178,53,0,26
1,12,3,3,7,2475,VX,LAX,6,50,78,15,0,34,144,178,53,0,26
-1,12,3,3,9,2475,VX,LAX,6,50,78,15,0,34,144,178,53,0,26
12,12,3,3,13,2475,VX,LAX,6,50,78,15,0,34,144,178,53,0,26
8,12,3,3,16,2475,VX,LAX,6,50,78,15,0,34,144,178,53,0,26
-1,12,3,3,20,2475,VX,LAX,6,50,78,15,0,34,144,178,53,0,26
0,12,26,5,13,2475,VX,LAX,1,44,100,0,0,26,67,167,0,0,23
-8,12,26,5,11,2475,VX,LAX,1,44,100,0,0,26,67,167,0,0,23
-6,12,26,5,9,2475,VX,LAX,1,44,100,0,0,26,67,167,0,0,23
-5,12,26,5,7,2475,VX,LAX,1,44,100,0,0,26,67,167,0,0,23
-6,12,26,5,20,2475,VX,LAX,1,44,100,0,0,26,67,167,0,0,23
-5,12,26,5,16,2475,VX,LAX,1,44,100,0,0,26,67,167,0,0,23
-9,12,26,5,8,2475,UA,LAX,1,44,100,0,0,26,67,167,0,0,23
-5,12,26,5,6,2475,UA,LAX,1,44,100,0,0,26,67,167,0,0,23
0,12,26,5,17,2475,UA,LAX,1,44,100,0,0,26,67,167,0,0,23
0,12,26,5,11,2475,UA,LAX,1,44,100,0,0,26,67,167,0,0,23
-5,12,26,5,14,2475,UA,LAX,1,44,100,0,0,26,67,167,0,0,23
4,12,26,5,19,2475,UA,LAX,1,44,100,0,0,26,67,167,0,0,23
26,12,26,5,18,2475,B6,LAX,1,44,100,0,0,26,67,167,0,0,23
-6,12,26,5,11,2475,B6,LAX,1,44,100,0,0,26,67,167,0,0,23
-3,12,26,5,7,2475,DL,LAX,1,44,100,0,0,26,67,167,0,0,23
1,12,26,5,17,2475,DL,LAX,1,44,100,0,0,26,67,167,0,0,23
-3,12,26,5,9,2475,DL,LAX,1,44,100,0,0,26,67,167,0,0,23
47,12,26,5,11,2475,DL,LAX,1,44,100,0,0,26,67,167,0,0,23
1,12,26,5,21,2475,B6,LAX,1,44,100,0,0,26,67,167,0,0,23
-3,12,26,5,6,2475,B6,LAX,1,44,100,0,0,26,67,167,0,0,23
3,12,26,5,17,2475,AA,LAX,1,44,100,0,0,26,67,167,0,0,23
33,12,26,5,12,2475,AA,LAX,1,44,100,0,0,26,67,167,0,0,23
-5,12,26,5,6,2475,AA,LAX,1,44,100,0,0,26,67,167,0,0,23
-6,12,26,5,8,2475,B6,LAX,1,44,100,0,0,26,67,167,0,0,23
-2,12,26,5,18,2475,AA,LAX,1,44,100,0,0,26,67,167,0,0,23
-1,12,26,5,8,2475,AA,LAX,1,44,100,0,0,26,67,167,0,0,23
-3,12,26,5,7,2475,AA,LAX,1,44,100,0,0,26,67,167,0,0,23
-2,12,26,5,9,2475,B6,LAX,1,44,100,0,0,26,67,167,0,0,23
107,12,26,5,16,2475,AA,LAX,1,44,100,0,0,26,67,167,0,0,23
-2,12,26,5,14,2475,AA,LAX,1,44,100,0,0,26,67,167,0,0,23
82,12,26,5,11,2475,AA,LAX,1,44,100,0,0,26,67,167,0,0,23
-5,12,26,5,18,2475,DL,LAX,1,44,100,0,0,26,67,167,0,0,23
-7,12,26,5,16,2475,B6,LAX,1,44,100,0,0,26,67,167,0,0,23
2,12,26,5,9,2475,AA,LAX,1,44,100,0,0,26,67,167,0,0,23
-7,12,26,5,15,2475,DL,LAX,1,44,100,0,0,26,67,167,0,0,23
-7,12,26,5,8,2475,DL,LAX,1,44,100,0,0,26,67,167,0,0,23
8,12,26,5,21,2475,DL,LAX,1,44,100,0,0,26,67,167,0,0,23
1,12,31,3,11,2475,DL,LAX,1,-27,0,0,0,25,56,139,0,0,27
12,12,31,3,11,2475,B6,LAX,1,-27,0,0,0,25,56,139,0,0,27
-2,12,31,3,17,2475,AA,LAX,1,-27,0,0,0,25,56,139,0,0,27
-2,12,31,3,21,2475,B6,LAX,1,-27,0,0,0,25,56,139,0,0,27
-8,12,31,3,10,2475,AA,LAX,1,-27,0,0,0,25,56,139,0,0,27
-5,12,31,3,6,2475,B6,LAX,1,-27,0,0,0,25,56,139,0,0,27
-7,12,31,3,8,2475,DL,LAX,1,-27,0,0,0,25,56,139,0,0,27
2,12,31,3,21,2475,DL,LAX,1,-27,0,0,0,25,56,139,0,0,27
12,12,31,3,7,2475,DL,LAX,1,-27,0,0,0,25,56,139,0,0,27
0,12,31,3,8,2475,B6,LAX,1,-27,0,0,0,25,56,139,0,0,27
54,12,31,3,16,2475,B6,LAX,1,-27,0,0,0,25,56,139,0,0,27
-2,12,31,3,14,2475,AA,LAX,1,-27,0,0,0,25,56,139,0,0,27
5,12,31,3,9,2475,DL,LAX,1,-27,0,0,0,25,56,139,0,0,27
0,12,31,3,15,2475,DL,LAX,1,-27,0,0,0,25,56,139,0,0,27
1,12,31,3,18,2475,DL,LAX,1,-27,0,0,0,25,56,139,0,0,27
-10,12,31,3,8,2475,AA,LAX,1,-27,0,0,0,25,56,139,0,0,27
-5,12,31,3,16,2475,AA,LAX,1,-27,0,0,0,25,56,139,0,0,27
4,12,31,3,8,2475,UA,LAX,1,-27,0,0,0,25,56,139,0,0,27
-6,12,31,3,6,2475,AA,LAX,1,-27,0,0,0,25,56,139,0,0,27
-1,12,31,3,7,2475,AA,LAX,1,-27,0,0,0,25,56,139,0,0,27
-1,12,31,3,17,2475,UA,LAX,1,-27,0,0,0,25,56,139,0,0,27
0,12,31,3,9,2475,B6,LAX,1,-27,0,0,0,25,56,139,0,0,27
-2,12,31,3,18,2475,B6,LAX,1,-27,0,0,0,25,56,139,0,0,27
17,12,31,3,16,2475,VX,LAX,1,-27,0,0,0,25,56,139,0,0,27
-4,12,31,3,13,2475,VX,LAX,1,-27,0,0,0,25,56,139,0,0,27
11,12,31,3,11,2475,VX,LAX,1,-27,0,0,0,25,56,139,0,0,27
5,12,31,3,9,2475,VX,LAX,1,-27,0,0,0,25,56,139,0,0,27
-2,12,31,3,7,2475,VX,LAX,1,-27,0,0,0,25,56,139,0,0,27
-5,12,31,3,11,2475,UA,LAX,1,-27,0,0,0,25,56,139,0,0,27
-4,12,31,3,14,2475,UA,LAX,1,-27,0,0,0,25,56,139,0,0,27
