4,1,2,4,16,2475,AA,LAX,1,-77,6,84,79,55,100,256,0,0,22
-8,1,2,4,13,2475,AA,LAX,1,-77,6,84,79,55,100,256,0,0,22
33,1,2,4,15,2475,AA,LAX,1,-77,6,84,79,55,100,256,0,0,22
-3,1,2,4,9,2475,AA,LAX,1,-77,6,84,79,55,100,256,0,0,22
8,1,2,4,7,2475,AA,LAX,1,-77,6,84,79,55,100,256,0,0,22
-3,1,2,4,12,2475,AA,LAX,1,-77,6,84,79,55,100,256,0,0,22
109,1,2,4,19,2475,AA,LAX,1,-77,6,84,79,55,100,256,0,0,22
150,1,2,4,21,2475,AA,LAX,1,-77,6,84,79,55,100,256,0,0,22
41,1,2,4,11,2475,B6,LAX,1,-77,6,84,79,55,100,256,0,0,22
2,1,2,4,7,2475,B6,LAX,1,-77,6,84,79,55,100,256,0,0,22
78,1,2,4,22,2475,B6,LAX,1,-77,6,84,79,55,100,256,0,0,22
10,1,2,4,9,2475,B6,LAX,1,-77,6,84,79,55,100,256,0,0,22
-2,1,2,4,16,2475,B6,LAX,1,-77,6,84,79,55,100,256,0,0,22
5,1,2,4,12,2475,DL,LAX,1,-77,6,84,79,55,100,256,0,0,22
14,1,2,4,18,2475,DL,LAX,1,-77,6,84,79,55,100,256,0,0,22
47,1,2,4,20,2475,DL,LAX,1,-77,6,84,79,55,100,256,0,0,22
385,1,2,4,7,2475,DL,LAX,1,-77,6,84,79,55,100,256,0,0,22
13,1,2,4,17,2475,DL,LAX,1,-77,6,84,79,55,100,256,0,0,22
4,1,2,4,14,2475,UA,LAX,1,-77,6,84,79,55,100,256,0,0,22
-1,1,2,4,7,2475,VX,LAX,1,-77,6,84,79,55,100,256,0,0,22
-2,1,2,4,9,2475,VX,LAX,1,-77,6,84,79,55,100,256,0,0,22
1,1,2,4,9,2475,DL,LAX,1,-77,6,84,79,55,100,256,0,0,22
10,1,2,4,20,2475,VX,LAX,1,-77,6,84,79,55,100,256,0,0,22
19,1,2,4,15,2475,DL,LAX,1,-77,6,84,79,55,100,256,0,0,22
18,1,2,4,11,2475,UA,LAX,1,-77,6,84,79,55,100,256,0,0,22
4,1,2,4,13,2475,VX,LAX,1,-77,6,84,79,55,100,256,0,0,22
51,1,2,4,16,2475,VX,LAX,1,-77,6,84,79,55,100,256,0,0,22
31,1,2,4,17,2475,UA,LAX,1,-77,6,84,79,55,100,256,0,0,22
12,1,2,4,8,2475,UA,LAX,1,-77,6,84,79,55,100,256,0,0,22
147,1,2,4,20,2475,UA,LAX,1,-77,6,84,79,55,100,256,0,0,22
-5,1,25,6,15,2475,DL,LAX,4,-71,-21,10,25,34,144,239,0,0,22
200,1,25,6,7,2475,VX,LAX,4,-71,-21,10,25,34,144,239,0,0,22
70,1,25,6,16,2475,VX,LAX,4,-71,-21,10,25,34,144,239,0,0,22
-2,1,25,6,13,2475,VX,LAX,4,-71,-21,10,25,34,144,239,0,0,22
16,1,25,6,9,2475,VX,LAX,4,-71,-21,10,25,34,144,239,0,0,22
-1,1,25,6,18,2475,DL,LAX,4,-71,-21,10,25,34,144,239,0,0,22
-1,1,25,6,20,2475,B6,LAX,4,-71,-21,10,25,34,144,239,0,0,22
111,1,25,6,20,2475,DL,LAX,4,-71,-21,10,25,34,144,239,0,0,22
7,1,25,6,16,2475,B6,LAX,4,-71,-21,10,25,34,144,239,0,0,22
-2,1,25,6,12,2475,DL,LAX,4,-71,-21,10,25,34,144,239,0,0,22
33,1,25,6,21,2475,AA,LAX,4,-71,-21,10,25,34,144,239,0,0,22
-4,1,25,6,9,2475,AA,LAX,4,-71,-21,10,25,34,144,239,0,0,22
43,1,25,6,16,2475,AA,LAX,4,-71,-21,10,25,34,144,239,0,0,22
-5,1,25,6,12,2475,AA,LAX,4,-71,-21,10,25,34,144,239,0,0,22
-7,1,25,6,14,2475,UA,LAX,4,-71,-21,10,25,34,144,239,0,0,22
-1,1,25,6,11,2475,UA,LAX,4,-71,-21,10,25,34,144,239,0,0,22
6,1,25,6,17,2475,UA,LAX,4,-71,-21,10,25,34,144,239,0,0,22
-2,1,25,6,8,2475,UA,LAX,4,-71,-21,10,25,34,144,239,0,0,22
13,1,25,6,6,2475,UA,LAX,4,-71,-21,10,25,34,144,239,0,0,22
-7,1,25,6,13,2475,AA,LAX,4,-71,-21,10,25,34,144,239,0,0,22
12,1,25,6,10,2475,AA,LAX,4,-71,-21,10,25,34,144,239,0,0,22
58,1,25,6,19,2475,AA,LAX,4,-71,-21,10,25,34,144,239,0,0,22
3,1,25,6,15,2475,AA,LAX,4,-71,-21,10,25,34,144,239,0,0,22
-7,1,30,4,6,2475,UA,LAX,9,-88,-10,0,0,17,139,167,0,0,32
0,1,30,4,11,2475,UA,LAX,9,-88,-10,0,0,17,139,167,0,0,32
7,1,30,4,9,2475,AA,LAX,9,-88,-10,0,0,17,139,167,0,0,32
-6,1,30,4,19,2475,AA,LAX,9,-88,-10,0,0,17,139,167,0,0,32
-5,1,30,4,16,2475,AA,LAX,9,-88,-10,0,0,17,139,167,0,0,32
-4,1,30,4,10,2475,AA,LAX,9,-88,-10,0,0,17,139,167,0,0,32
-6,1,30,4,21,2475,AA,LAX,9,-88,-10,0,0,17,139,167,0,0,32
4,1,30,4,15,2475,AA,LAX,9,-88,-10,0,0,17,139,167,0,0,32
-6,1,30,4,20,2475,UA,LAX,9,-88,-10,0,0,17,139,167,0,0,32
16,1,30,4,7,2475,AA,LAX,9,-88,-10,0,0,17,139,167,0,0,32
-2,1,30,4,14,2475,UA,LAX,9,-88,-10,0,0,17,139,167,0,0,32
-5,1,30,4,8,2475,UA,LAX,9,-88,-10,0,0,17,139,167,0,0,32
1,1,30,4,17,2475,UA,LAX,9,-88,-10,0,0,17,139,167,0,0,32
-4,1,30,4,13,2475,AA,LAX,9,-88,-10,0,0,17,139,167,0,0,32
27,1,30,4,12,2475,AA,LAX,9,-88,-10,0,0,17,139,167,0,0,32
-2,1,30,4,9,2475,VX,LAX,9,-88,-10,0,0,17,139,167,0,0,32
-3,1,30,4,6,2475,B6,LAX,9,-88,-10,0,0,17,139,167,0,0,32
-4,1,30,4,16,2475,B6,LAX,9,-88,-10,0,0,17,139,167,0,0,32
11,1,30,4,20,2475,B6,LAX,9,-88,-10,0,0,17,139,167,0,0,32
2,1,30,4,9,2475,B6,LAX,9,-88,-10,0,0,17,139,167,0,0,32
-4,1,30,4,7,2475,VX,LAX,9,-88,-10,0,0,17,139,167,0,0,32
-3,1,30,4,16,2475,DL,LAX,9,-88,-10,0,0,17,139,167,0,0,32
-1,1,30,4,7,2475,DL,LAX,9,-88,-10,0,0,17,139,167,0,0,32
3,1,30,4,20,2475,DL,LAX,9,-88,-10,0,0,17,139,167,0,0,32
36,1,30,4,15,2475,DL,LAX,9,-88,-10,0,0,17,139,167,0,0,32
1,1,30,4,9,2475,DL,LAX,9,-88,-10,0,0,17,139,167,0,0,32
-4,1,30,4,12,2475,DL,LAX,9,-88,-10,0,0,17,139,167,0,0,32
27,1,30,4,18,2475,DL,LAX,9,-88,-10,0,0,17,139,167,0,0,32
-5,1,30,4,20,2475,VX,LAX,9,-88,-10,0,0,17,139,167,0,0,32
-9,1,30,4,16,2475,VX,LAX,9,-88,-10,0,0,17,139,167,0,0,32
-4,1,30,4,13,2475,VX,LAX,9,-88,-10,0,0,17,139,167,0,0,32
0,2,26,3,15,2475,AA,LAX,8,-66,-5,8,5,24,139,189,15,0,31
-4,2,26,3,9,2475,AA,LAX,8,-66,-5,8,5,24,139,189,15,0,31
-4,2,26,3,20,2475,B6,LAX,8,-66,-5,8,5,24,139,189,15,0,31
-6,2,26,3,16,2475,AA,LAX,8,-66,-5,8,5,24,139,189,15,0,31
-4,2,26,3,21,2475,AA,LAX,8,-66,-5,8,5,24,139,189,15,0,31
-5,2,26,3,6,2475,B6,LAX,8,-66,-5,8,5,24,139,189,15,0,31
-4,2,26,3,19,2475,AA,LAX,8,-66,-5,8,5,24,139,189,15,0,31
26,2,26,3,15,2475,DL,LAX,8,-66,-5,8,5,24,139,189,15,0,31
21,2,26,3,9,2475,DL,LAX,8,-66,-5,8,5,24,139,189,15,0,31
1,2,26,3,12,2475,DL,LAX,8,-66,-5,8,5,24,139,189,15,0,31
44,2,26,3,20,2475,DL,LAX,8,-66,-5,8,5,24,139,189,15,0,31
42,2,26,3,18,2475,DL,LAX,8,-66,-5,8,5,24,139,189,15,0,31
0,2,26,3,7,2475,DL,LAX,8,-66,-5,8,5,24,139,189,15,0,31
-7,2,26,3,6,2475,AA,LAX,8,-66,-5,8,5,24,139,189,15,0,31
-7,2,26,3,8,2475,AA,LAX,8,-66,-5,8,5,24,139,189,15,0,31
74,2,26,3,13,2475,AA,LAX,8,-66,-5,8,5,24,139,189,15,0,31
6,2,26,3,16,2475,B6,LAX,8,-66,-5,8,5,24,139,189,15,0,31
36,2,26,3,12,2475,B6,LAX,8,-66,-5,8,5,24,139,189,15,0,31
-5,2,26,3,10,2475,AA,LAX,8,-66,-5,8,5,24,139,189,15,0,31
-2,2,26,3,12,2475,AA,LAX,8,-66,-5,8,5,24,139,189,15,0,31
-1,2,26,3,16,2475,DL,LAX,8,-66,-5,8,5,24,139,189,15,0,31
-7,2,26,3,7,2475,VX,LAX,8,-66,-5,8,5,24,139,189,15,0,31
-2,2,26,3,9,2475,VX,LAX,8,-66,-5,8,5,24,139,189,15,0,31
-7,2,26,3,13,2475,VX,LAX,8,-66,-5,8,5,24,139,189,15,0,31
-2,2,26,3,16,2475,VX,LAX,8,-66,-5,8,5,24,139,189,15,0,31
-5,2,26,3,20,2475,VX,LAX,8,-66,-5,8,5,24,139,189,15,0,31
104,2,26,3,17,2475,UA,LAX,8,-66,-5,8,5,24,139,189,15,0,31
-4,2,26,3,8,2475,UA,LAX,8,-66,-5,8,5,24,139,189,15,0,31
40,2,26,3,20,2475,UA,LAX,8,-66,-5,8,5,24,139,189,15,0,31
-2,2,26,3,6,2475,UA,LAX,8,-66,-5,8,5,24,139,189,15,0,31
0,2,26,3,14,2475,UA,LAX,8,-66,-5,8,5,24,139,189,15,0,31
-3,2,26,3,11,2475,UA,LAX,8,-66,-5,8,5,24,139,189,15,0,31
-6,3,4,2,7,2475,VX,LAX,14,-105,-16,0,0,21,122,183,0,0,26
26,3,4,2,14,2475,UA,LAX,14,-105,-16,0,0,21,122,183,0,0,26
-1,3,4,2,9,2475,VX,LAX,14,-105,-16,0,0,21,122,183,0,0,26
-3,3,4,2,13,2475,VX,LAX,14,-105,-16,0,0,21,122,183,0,0,26
-3,3,4,2,16,2475,VX,LAX,14,-105,-16,0,0,21,122,183,0,0,26
-8,3,4,2,20,2475,VX,LAX,14,-105,-16,0,0,21,122,183,0,0,26
-2,3,4,2,11,2475,UA,LAX,14,-105,-16,0,0,21,122,183,0,0,26
-4,3,4,2,17,2475,UA,LAX,14,-105,-16,0,0,21,122,183,0,0,26
5,3,4,2,6,2475,UA,LAX,14,-105,-16,0,0,21,122,183,0,0,26
-6,3,4,2,20,2475,UA,LAX,14,-105,-16,0,0,21,122,183,0,0,26
-9,3,4,2,8,2475,UA,LAX,14,-105,-16,0,0,21,122,183,0,0,26
-3,3,4,2,6,2475,AA,LAX,14,-105,-16,0,0,21,122,183,0,0,26
7,3,4,2,10,2475,AA,LAX,14,-105,-16,0,0,21,122,183,0,0,26
-10,3,4,2,12,2475,AA,LAX,14,-105,-16,0,0,21,122,183,0,0,26
-5,3,4,2,19,2475,AA,LAX,14,-105,-16,0,0,21,122,183,0,0,26
-4,3,4,2,8,2475,AA,LAX,14,-105,-16,0,0,21,122,183,0,0,26
-2,3,4,2,15,2475,AA,LAX,14,-105,-16,0,0,21,122,183,0,0,26
24,3,4,2,16,2475,AA,LAX,14,-105,-16,0,0,21,122,183,0,0,26
-6,3,4,2,9,2475,AA,LAX,14,-105,-16,0,0,21,122,183,0,0,26
0,3,4,2,21,2475,AA,LAX,14,-105,-16,0,0,21,122,183,0,0,26
-7,3,4,2,13,2475,AA,LAX,14,-105,-16,0,0,21,122,183,0,0,26
-2,3,4,2,16,2475,DL,LAX,14,-105,-16,0,0,21,122,183,0,0,26
0,3,4,2,7,2475,DL,LAX,14,-105,-16,0,0,21,122,183,0,0,26
-2,3,4,2,18,2475,DL,LAX,14,-105,-16,0,0,21,122,183,0,0,26
29,3,4,2,20,2475,DL,LAX,14,-105,-16,0,0,21,122,183,0,0,26
-5,3,4,2,12,2475,DL,LAX,14,-105,-16,0,0,21,122,183,0,0,26
14,3,4,2,9,2475,DL,LAX,14,-105,-16,0,0,21,122,183,0,0,26
-2,3,4,2,15,2475,DL,LAX,14,-105,-16,0,0,21,122,183,0,0,26
0,3,4,2,6,2475,B6,LAX,14,-105,-16,0,0,21,122,183,0,0,26
0,3,4,2,11,2475,B6,LAX,14,-105,-16,0,0,21,122,183,0,0,26
12,3,4,2,16,2475,B6,LAX,14,-105,-16,0,0,21,122,183,0,0,26
36,3,4,2,20,2475,B6,LAX,14,-105,-16,0,0,21,122,183,0,0,26
-2,3,27,4,8,2475,UA,LAX,37,-55,67,0,0,30,117,183,0,0,39
-1,3,27,4,6,2475,UA,LAX,37,-55,67,0,0,30,117,183,0,0,39
0,3,27,4,17,2475,UA,LAX,37,-55,67,0,0,30,117,183,0,0,39
-2,3,27,4,11,2475,UA,LAX,37,-55,67,0,0,30,117,183,0,0,39
25,3,27,4,20,2475,UA,LAX,37,-55,67,0,0,30,117,183,0,0,39
0,3,27,4,14,2475,UA,LAX,37,-55,67,0,0,30,117,183,0,0,39
-3,3,27,4,16,2475,DL,LAX,37,-55,67,0,0,30,117,183,0,0,39
-5,3,27,4,15,2475,DL,LAX,37,-55,67,0,0,30,117,183,0,0,39
8,3,27,4,9,2475,DL,LAX,37,-55,67,0,0,30,117,183,0,0,39
-4,3,27,4,12,2475,DL,LAX,37,-55,67,0,0,30,117,183,0,0,39
1,3,27,4,20,2475,DL,LAX,37,-55,67,0,0,30,117,183,0,0,39
-3,3,27,4,18,2475,DL,LAX,37,-55,67,0,0,30,117,183,0,0,39
-3,3,27,4,7,2475,DL,LAX,37,-55,67,0,0,30,117,183,0,0,39
-6,3,27,4,20,2475,VX,LAX,37,-55,67,0,0,30,117,183,0,0,39
113,3,27,4,16,2475,VX,LAX,37,-55,67,0,0,30,117,183,0,0,39
-7,3,27,4,13,2475,VX,LAX,37,-55,67,0,0,30,117,183,0,0,39
0,3,27,4,9,2475,VX,LAX,37,-55,67,0,0,30,117,183,0,0,39
-4,3,27,4,7,2475,VX,LAX,37,-55,67,0,0,30,117,183,0,0,39
-5,3,27,4,21,2475,AA,LAX,37,-55,67,0,0,30,117,183,0,0,39
-5,3,27,4,15,2475,AA,LAX,37,-55,67,0,0,30,117,183,0,0,39
-2,3,27,4,6,2475,AA,LAX,37,-55,67,0,0,30,117,183,0,0,39
-8,3,27,4,8,2475,AA,LAX,37,-55,67,0,0,30,117,183,0,0,39
-5,3,27,4,9,2475,AA,LAX,37,-55,67,0,0,30,117,183,0,0,39
-7,3,27,4,19,2475,AA,LAX,37,-55,67,0,0,30,117,183,0,0,39
-3,3,27,4,16,2475,AA,LAX,37,-55,67,0,0,30,117,183,0,0,39
-6,3,27,4,12,2475,AA,LAX,37,-55,67,0,0,30,117,183,0,0,39
-6,3,27,4,10,2475,AA,LAX,37,-55,67,0,0,30,117,183,0,0,39
-3,3,27,4,13,2475,AA,LAX,37,-55,67,0,0,30,117,183,0,0,39
5,3,27,4,20,2475,B6,LAX,37,-55,67,0,0,30,117,183,0,0,39
-2,3,27,4,6,2475,B6,LAX,37,-55,67,0,0,30,117,183,0,0,39
-3,3,27,4,11,2475,B6,LAX,37,-55,67,0,0,30,117,183,0,0,39
65,3,27,4,16,2475,B6,LAX,37,-55,67,0,0,30,117,183,0,0,39
-4,4,5,6,17,2475,DL,LAX,46,44,122,0,0,38,111,183,0,0,37
-10,4,5,6,6,2475,B6,LAX,46,44,122,0,0,38,111,183,0,0,37
0,4,5,6,18,2475,DL,LAX,46,44,122,0,0,38,111,183,0,0,37
3,4,5,6,8,2475,DL,LAX,46,44,122,0,0,38,111,183,0,0,37
-5,4,5,6,15,2475,DL,LAX,46,44,122,0,0,38,111,183,0,0,37
-4,4,5,6,9,2475,DL,LAX,46,44,122,0,0,38,111,183,0,0,37
0,4,5,6,9,2475,VX,LAX,46,44,122,0,0,38,111,183,0,0,37
-4,4,5,6,7,2475,VX,LAX,46,44,122,0,0,38,111,183,0,0,37
-3,4,5,6,16,2475,B6,LAX,46,44,122,0,0,38,111,183,0,0,37
62,4,5,6,6,2475,AA,LAX,46,44,122,0,0,38,111,183,0,0,37
-1,4,5,6,13,2475,AA,LAX,46,44,122,0,0,38,111,183,0,0,37
22,4,5,6,17,2475,AA,LAX,46,44,122,0,0,38,111,183,0,0,37
47,4,5,6,16,2475,AA,LAX,46,44,122,0,0,38,111,183,0,0,37
-6,4,5,6,9,2475,AA,LAX,46,44,122,0,0,38,111,183,0,0,37
-3,4,5,6,8,2475,AA,LAX,46,44,122,0,0,38,111,183,0,0,37
16,4,5,6,10,2475,AA,LAX,46,44,122,0,0,38,111,183,0,0,37
-3,4,5,6,20,2475,B6,LAX,46,44,122,0,0,38,111,183,0,0,37
-3,4,5,6,16,2475,VX,LAX,46,44,122,0,0,38,111,183,0,0,37
-1,4,5,6,12,2475,AA,LAX,46,44,122,0,0,38,111,183,0,0,37
1,4,5,6,6,2475,AA,LAX,46,44,122,0,0,38,111,183,0,0,37
-2,4,5,6,13,2475,VX,LAX,46,44,122,0,0,38,111,183,0,0,37
1,4,5,6,14,2475,UA,LAX,46,44,122,0,0,38,111,183,0,0,37
0,4,5,6,6,2475,UA,LAX,46,44,122,0,0,38,111,183,0,0,37
-6,4,5,6,8,2475,UA,LAX,46,44,122,0,0,38,111,183,0,0,37
-2,4,5,6,18,2475,UA,LAX,46,44,122,0,0,38,111,183,0,0,37
-5,4,5,6,11,2475,UA,LAX,46,44,122,0,0,38,111,183,0,0,37
-8,4,10,4,20,2475,UA,LAX,42,56,144,0,0,31,117,183,0,0,28
-7,4,10,4,6,2475,UA,LAX,42,56,144,0,0,31,117,183,0,0,28
-6,4,10,4,20,2475,VX,LAX,42,56,144,0,0,31,117,183,0,0,28
-8,4,10,4,9,2475,AA,LAX,42,56,144,0,0,31,117,183,0,0,28
-6,4,10,4,13,2475,VX,LAX,42,56,144,0,0,31,117,183,0,0,28
-1,4,10,4,7,2475,VX,LAX,42,56,144,0,0,31,117,183,0,0,28
13,4,10,4,13,2475,AA,LAX,42,56,144,0,0,31,117,183,0,0,28
0,4,10,4,6,2475,AA,LAX,42,56,144,0,0,31,117,183,0,0,28
4,4,10,4,9,2475,VX,LAX,42,56,144,0,0,31,117,183,0,0,28
24,4,10,4,10,2475,AA,LAX,42,56,144,0,0,31,117,183,0,0,28
-3,4,10,4,8,2475,AA,LAX,42,56,144,0,0,31,117,183,0,0,28
26,4,10,4,20,2475,B6,LAX,42,56,144,0,0,31,117,183,0,0,28
3,4,10,4,21,2475,AA,LAX,42,56,144,0,0,31,117,183,0,0,28
-2,4,10,4,11,2475,B6,LAX,42,56,144,0,0,31,117,183,0,0,28
-6,4,10,4,11,2475,UA,LAX,42,56,144,0,0,31,117,183,0,0,28
-4,4,10,4,8,2475,UA,LAX,42,56,144,0,0,31,117,183,0,0,28
13,4,10,4,17,2475,UA,LAX,42,56,144,0,0,31,117,183,0,0,28
-5,4,10,4,16,2475,B6,LAX,42,56,144,0,0,31,117,183,0,0,28
-9,4,10,4,12,2475,AA,LAX,42,56,144,0,0,31,117,183,0,0,28
14,4,10,4,19,2475,AA,LAX,42,56,144,0,0,31,117,183,0,0,28
0,4,10,4,14,2475,UA,LAX,42,56,144,0,0,31,117,183,0,0,28
-1,4,10,4,6,2475,AA,LAX,42,56,144,0,0,31,117,183,0,0,28
0,4,10,4,16,2475,VX,LAX,42,56,144,0,0,31,117,183,0,0,28
-8,4,10,4,16,2475,AA,LAX,42,56,144,0,0,31,117,183,0,0,28
-4,4,10,4,17,2475,AA,LAX,42,56,144,0,0,31,117,183,0,0,28
-5,4,10,4,15,2475,DL,LAX,42,56,144,0,0,31,117,183,0,0,28
-1,4,10,4,9,2475,DL,LAX,42,56,144,0,0,31,117,183,0,0,28
5,4,10,4,12,2475,DL,LAX,42,56,144,0,0,31,117,183,0,0,28
26,4,10,4,17,2475,DL,LAX,42,56,144,0,0,31,117,183,0,0,28
34,4,10,4,18,2475,DL,LAX,42,56,144,0,0,31,117,183,0,0,28
25,4,10,4,21,2475,DL,LAX,42,56,144,0,0,31,117,183,0,0,28
-5,4,10,4,6,2475,B6,LAX,42,56,144,0,0,31,117,183,0,0,28
7,4,10,4,7,2475,DL,LAX,42,56,144,0,0,31,117,183,0,0,28
10,4,10,4,8,2475,DL,LAX,42,56,144,0,0,31,117,183,0,0,28
0,4,28,1,6,2475,B6,LAX,24,72,194,0,0,19,128,239,0,0,29
4,4,28,1,18,2475,DL,LAX,24,72,194,0,0,19,128,239,0,0,29
10,4,28,1,17,2475,DL,LAX,24,72,194,0,0,19,128,239,0,0,29
-5,4,28,1,9,2475,DL,LAX,24,72,194,0,0,19,128,239,0,0,29
1,4,28,1,12,2475,DL,LAX,24,72,194,0,0,19,128,239,0,0,29
3,4,28,1,7,2475,DL,LAX,24,72,194,0,0,19,128,239,0,0,29
11,4,28,1,21,2475,DL,LAX,24,72,194,0,0,19,128,239,0,0,29
79,4,28,1,15,2475,DL,LAX,24,72,194,0,0,19,128,239,0,0,29
-6,4,28,1,8,2475,DL,LAX,24,72,194,0,0,19,128,239,0,0,29
-7,4,28,1,17,2475,AA,LAX,24,72,194,0,0,19,128,239,0,0,29
-5,4,28,1,9,2475,AA,LAX,24,72,194,0,0,19,128,239,0,0,29
1,4,28,1,6,2475,AA,LAX,24,72,194,0,0,19,128,239,0,0,29
23,4,28,1,21,2475,AA,LAX,24,72,194,0,0,19,128,239,0,0,29
10,4,28,1,6,2475,AA,LAX,24,72,194,0,0,19,128,239,0,0,29
37,4,28,1,16,2475,B6,LAX,24,72,194,0,0,19,128,239,0,0,29
8,4,28,1,20,2475,B6,LAX,24,72,194,0,0,19,128,239,0,0,29
-6,4,28,1,11,2475,B6,LAX,24,72,194,0,0,19,128,239,0,0,29
6,4,28,1,20,2475,VX,LAX,24,72,194,0,0,19,128,239,0,0,29
11,4,28,1,16,2475,VX,LAX,24,72,194,0,0,19,128,239,0,0,29
-4,4,28,1,13,2475,VX,LAX,24,72,194,0,0,19,128,239,0,0,29
-5,4,28,1,9,2475,VX,LAX,24,72,194,0,0,19,128,239,0,0,29
1,4,28,1,7,2475,VX,LAX,24,72,194,0,0,19,128,239,0,0,29
-9,4,28,1,8,2475,AA,LAX,24,72,194,0,0,19,128,239,0,0,29
-3,4,28,1,10,2475,AA,LAX,24,72,194,0,0,19,128,239,0,0,29
-7,4,28,1,13,2475,AA,LAX,24,72,194,0,0,19,128,239,0,0,29
0,4,28,1,19,2475,AA,LAX,24,72,194,0,0,19,128,239,0,0,29
-1,4,28,1,16,2475,AA,LAX,24,72,194,0,0,19,128,239,0,0,29
-7,4,28,1,12,2475,AA,LAX,24,72,194,0,0,19,128,239,0,0,29
-10,4,28,1,6,2475,UA,LAX,24,72,194,0,0,19,128,239,0,0,29
30,4,28,1,8,2475,UA,LAX,24,72,194,0,0,19,128,239,0,0,29
-2,4,28,1,14,2475,UA,LAX,24,72,194,0,0,19,128,239,0,0,29
-2,4,28,1,20,2475,UA,LAX,24,72,194,0,0,19,128,239,0,0,29
-7,4,28,1,11,2475,UA,LAX,24,72,194,0,0,19,128,239,0,0,29
-2,4,28,1,17,2475,UA,LAX,24,72,194,0,0,19,128,239,0,0,29
23,5,6,2,16,2475,AA,LAX,16,111,217,0,0,17,122,189,0,0,67
-5,5,6,2,6,2475,B6,LAX,16,111,217,0,0,17,122,189,0,0,67
-4,5,6,2,21,2475,AA,LAX,16,111,217,0,0,17,122,189,0,0,67
-4,5,6,2,17,2475,DL,LAX,16,111,217,0,0,17,122,189,0,0,67
-5,5,6,2,7,2475,DL,LAX,16,111,217,0,0,17,122,189,0,0,67
-3,5,6,2,9,2475,DL,LAX,16,111,217,0,0,17,122,189,0,0,67
-1,5,6,2,12,2475,DL,LAX,16,111,217,0,0,17,122,189,0,0,67
-4,5,6,2,15,2475,DL,LAX,16,111,217,0,0,17,122,189,0,0,67
-5,5,6,2,9,2475,AA,LAX,16,111,217,0,0,17,122,189,0,0,67
-6,5,6,2,6,2475,AA,LAX,16,111,217,0,0,17,122,189,0,0,67
-4,5,6,2,10,2475,AA,LAX,16,111,217,0,0,17,122,189,0,0,67
79,5,6,2,21,2475,DL,LAX,16,111,217,0,0,17,122,189,0,0,67
-2,5,6,2,8,2475,DL,LAX,16,111,217,0,0,17,122,189,0,0,67
-3,5,6,2,13,2475,AA,LAX,16,111,217,0,0,17,122,189,0,0,67
-3,5,6,2,9,2475,B6,LAX,16,111,217,0,0,17,122,189,0,0,67
9,5,6,2,18,2475,DL,LAX,16,111,217,0,0,17,122,189,0,0,67
0,5,6,2,20,2475,B6,LAX,16,111,217,0,0,17,122,189,0,0,67
-7,5,6,2,8,2475,AA,LAX,16,111,217,0,0,17,122,189,0,0,67
-4,5,6,2,12,2475,AA,LAX,16,111,217,0,0,17,122,189,0,0,67
-1,5,6,2,19,2475,AA,LAX,16,111,217,0,0,17,122,189,0,0,67
12,5,6,2,17,2475,AA,LAX,16,111,217,0,0,17,122,189,0,0,67
-4,5,6,2,6,2475,AA,LAX,16,111,217,0,0,17,122,189,0,0,67
-4,5,6,2,17,2475,B6,LAX,16,111,217,0,0,17,122,189,0,0,67
-6,5,6,2,17,2475,UA,LAX,16,111,217,0,0,17,122,189,0,0,67
-10,5,6,2,6,2475,UA,LAX,16,111,217,0,0,17,122,189,0,0,67
-8,5,6,2,8,2475,UA,LAX,16,111,217,0,0,17,122,189,0,0,67
33,5,6,2,20,2475,UA,LAX,16,111,217,0,0,17,122,189,0,0,67
-4,5,6,2,11,2475,UA,LAX,16,111,217,0,0,17,122,189,0,0,67
-9,5,6,2,14,2475,UA,LAX,16,111,217,0,0,17,122,189,0,0,67
-10,5,6,2,7,2475,VX,LAX,16,111,217,0,0,17,122,189,0,0,67
0,5,6,2,9,2475,VX,LAX,16,111,217,0,0,17,122,189,0,0,67
-11,5,6,2,13,2475,VX,LAX,16,111,217,0,0,17,122,189,0,0,67
0,5,6,2,16,2475,VX,LAX,16,111,217,0,0,17,122,189,0,0,67
-7,5,6,2,20,2475,VX,LAX,16,111,217,0,0,17,122,189,0,0,67
0,5,11,7,17,2475,B6,LAX,11,156,278,8,0,14,167,306,0,0,59
2,5,11,7,15,2475,AA,LAX,11,156,278,8,0,14,167,306,0,0,59
2,5,11,7,17,2475,AA,LAX,11,156,278,8,0,14,167,306,0,0,59
33,5,11,7,8,2475,AA,LAX,11,156,278,8,0,14,167,306,0,0,59
5,5,11,7,18,2475,AA,LAX,11,156,278,8,0,14,167,306,0,0,59
-2,5,11,7,16,2475,AA,LAX,11,156,278,8,0,14,167,306,0,0,59
-6,5,11,7,20,2475,AA,LAX,11,156,278,8,0,14,167,306,0,0,59
-7,5,11,7,12,2475,AA,LAX,11,156,278,8,0,14,167,306,0,0,59
-8,5,11,7,5,2475,AA,LAX,11,156,278,8,0,14,167,306,0,0,59
3,5,11,7,17,2475,DL,LAX,11,156,278,8,0,14,167,306,0,0,59
9,5,11,7,7,2475,DL,LAX,11,156,278,8,0,14,167,306,0,0,59
-6,5,11,7,9,2475,DL,LAX,11,156,278,8,0,14,167,306,0,0,59
4,5,11,7,12,2475,DL,LAX,11,156,278,8,0,14,167,306,0,0,59
-1,5,11,7,15,2475,DL,LAX,11,156,278,8,0,14,167,306,0,0,59
-1,5,11,7,21,2475,DL,LAX,11,156,278,8,0,14,167,306,0,0,59
11,5,11,7,8,2475,DL,LAX,11,156,278,8,0,14,167,306,0,0,59
-4,5,11,7,18,2475,DL,LAX,11,156,278,8,0,14,167,306,0,0,59
56,5,11,7,10,2475,AA,LAX,11,156,278,8,0,14,167,306,0,0,59
20,5,11,7,9,2475,AA,LAX,11,156,278,8,0,14,167,306,0,0,59
-8,5,11,7,7,2475,AA,LAX,11,156,278,8,0,14,167,306,0,0,59
7,5,11,7,9,2475,B6,LAX,11,156,278,8,0,14,167,306,0,0,59
-4,5,11,7,20,2475,B6,LAX,11,156,278,8,0,14,167,306,0,0,59
-3,5,11,7,6,2475,B6,LAX,11,156,278,8,0,14,167,306,0,0,59
-6,5,11,7,7,2475,VX,LAX,11,156,278,8,0,14,167,306,0,0,59
-1,5,11,7,20,2475,VX,LAX,11,156,278,8,0,14,167,306,0,0,59
-4,5,11,7,16,2475,VX,LAX,11,156,278,8,0,14,167,306,0,0,59
-4,5,11,7,13,2475,VX,LAX,11,156,278,8,0,14,167,306,0,0,59
18,5,11,7,9,2475,VX,LAX,11,156,278,8,0,14,167,306,0,0,59
-7,5,11,7,20,2475,UA,LAX,11,156,278,8,0,14,167,306,0,0,59
3,5,11,7,14,2475,UA,LAX,11,156,278,8,0,14,167,306,0,0,59
-13,5,11,7,11,2475,UA,LAX,11,156,278,8,0,14,167,306,0,0,59
12,5,11,7,17,2475,UA,LAX,11,156,278,8,0,14,167,306,0,0,59
-7,5,11,7,8,2475,UA,LAX,11,156,278,8,0,14,167,306,0,0,59
-9,5,29,4,8,2475,UA,LAX,3,106,189,0,0,19,178,233,0,0,38
-9,5,29,4,6,2475,UA,LAX,3,106,189,0,0,19,178,233,0,0,38
16,5,29,4,20,2475,UA,LAX,3,106,189,0,0,19,178,233,0,0,38
0,5,29,4,14,2475,UA,LAX,3,106,189,0,0,19,178,233,0,0,38
-9,5,29,4,11,2475,UA,LAX,3,106,189,0,0,19,178,233,0,0,38
12,5,29,4,17,2475,UA,LAX,3,106,189,0,0,19,178,233,0,0,38
11,5,29,4,16,2475,VX,LAX,3,106,189,0,0,19,178,233,0,0,38
4,5,29,4,20,2475,VX,LAX,3,106,189,0,0,19,178,233,0,0,38
-7,5,29,4,9,2475,VX,LAX,3,106,189,0,0,19,178,233,0,0,38
1,5,29,4,11,2475,VX,LAX,3,106,189,0,0,19,178,233,0,0,38
-7,5,29,4,7,2475,VX,LAX,3,106,189,0,0,19,178,233,0,0,38
-4,5,29,4,13,2475,VX,LAX,3,106,189,0,0,19,178,233,0,0,38
12,5,29,4,12,2475,AA,LAX,3,106,189,0,0,19,178,233,0,0,38
-4,5,29,4,9,2475,DL,LAX,3,106,189,0,0,19,178,233,0,0,38
3,5,29,4,7,2475,DL,LAX,3,106,189,0,0,19,178,233,0,0,38
-3,5,29,4,17,2475,B6,LAX,3,106,189,0,0,19,178,233,0,0,38
30,5,29,4,17,2475,DL,LAX,3,106,189,0,0,19,178,233,0,0,38
12,5,29,4,10,2475,AA,LAX,3,106,189,0,0,19,178,233,0,0,38
-8,5,29,4,9,2475,AA,LAX,3,106,189,0,0,19,178,233,0,0,38
-7,5,29,4,20,2475,AA,LAX,3,106,189,0,0,19,178,233,0,0,38
-3,5,29,4,8,2475,AA,LAX,3,106,189,0,0,19,178,233,0,0,38
8,5,29,4,9,2475,B6,LAX,3,106,189,0,0,19,178,233,0,0,38
-6,5,29,4,7,2475,AA,LAX,3,106,189,0,0,19,178,233,0,0,38
23,5,29,4,20,2475,B6,LAX,3,106,189,0,0,19,178,233,0,0,38
-3,5,29,4,15,2475,DL,LAX,3,106,189,0,0,19,178,233,0,0,38
6,5,29,4,8,2475,DL,LAX,3,106,189,0,0,19,178,233,0,0,38
7,5,29,4,21,2475,DL,LAX,3,106,189,0,0,19,178,233,0,0,38
-3,5,29,4,5,2475,AA,LAX,3,106,189,0,0,19,178,233,0,0,38
-1,5,29,4,15,2475,AA,LAX,3,106,189,0,0,19,178,233,0,0,38
-5,5,29,4,18,2475,DL,LAX,3,106,189,0,0,19,178,233,0,0,38
0,5,29,4,17,2475,AA,LAX,3,106,189,0,0,19,178,233,0,0,38
-2,5,29,4,12,2475,DL,LAX,3,106,189,0,0,19,178,233,0,0,38
-6,5,29,4,18,2475,AA,LAX,3,106,189,0,0,19,178,233,0,0,38
-1,5,29,4,16,2475,AA,LAX,3,106,189,0,0,19,178,233,0,0,38
-3,6,7,6,16,2475,VX,LAX,12,156,278,0,0,13,161,211,0,0,33
0,6,7,6,13,2475,VX,LAX,12,156,278,0,0,13,161,211,0,0,33
-5,6,7,6,11,2475,VX,LAX,12,156,278,0,0,13,161,211,0,0,33
-7,6,7,6,9,2475,VX,LAX,12,156,278,0,0,13,161,211,0,0,33
-4,6,7,6,7,2475,VX,LAX,12,156,278,0,0,13,161,211,0,0,33
-10,6,7,6,8,2475,UA,LAX,12,156,278,0,0,13,161,211,0,0,33
-5,6,7,6,14,2475,UA,LAX,12,156,278,0,0,13,161,211,0,0,33
-7,6,7,6,11,2475,UA,LAX,12,156,278,0,0,13,161,211,0,0,33
-4,6,7,6,18,2475,UA,LAX,12,156,278,0,0,13,161,211,0,0,33
-7,6,7,6,6,2475,UA,LAX,12,156,278,0,0,13,161,211,0,0,33
2,6,7,6,15,2475,DL,LAX,12,156,278,0,0,13,161,211,0,0,33
-5,6,7,6,12,2475,DL,LAX,12,156,278,0,0,13,161,211,0,0,33
-5,6,7,6,9,2475,DL,LAX,12,156,278,0,0,13,161,211,0,0,33
-1,6,7,6,8,2475,DL,LAX,12,156,278,0,0,13,161,211,0,0,33
-1,6,7,6,18,2475,DL,LAX,12,156,278,0,0,13,161,211,0,0,33
-9,6,7,6,9,2475,AA,LAX,12,156,278,0,0,13,161,211,0,0,33
-6,6,7,6,12,2475,AA,LAX,12,156,278,0,0,13,161,211,0,0,33
-11,6,7,6,7,2475,AA,LAX,12,156,278,0,0,13,161,211,0,0,33
3,6,7,6,11,2475,AA,LAX,12,156,278,0,0,13,161,211,0,0,33
-9,6,7,6,18,2475,AA,LAX,12,156,278,0,0,13,161,211,0,0,33
-8,6,7,6,15,2475,AA,LAX,12,156,278,0,0,13,161,211,0,0,33
-2,6,7,6,8,2475,AA,LAX,12,156,278,0,0,13,161,211,0,0,33
3,6,7,6,16,2475,AA,LAX,12,156,278,0,0,13,161,211,0,0,33
-10,6,7,6,5,2475,AA,LAX,12,156,278,0,0,13,161,211,0,0,33
-3,6,7,6,10,2475,AA,LAX,12,156,278,0,0,13,161,211,0,0,33
-6,6,7,6,17,2475,AA,LAX,12,156,278,0,0,13,161,211,0,0,33
-2,6,7,6,6,2475,B6,LAX,12,156,278,0,0,13,161,211,0,0,33
7,6,7,6,9,2475,B6,LAX,12,156,278,0,0,13,161,211,0,0,33
-7,6,7,6,17,2475,B6,LAX,12,156,278,0,0,13,161,211,0,0,33
59,6,7,6,20,2475,B6,LAX,12,156,278,0,0,13,161,211,0,0,33
56,6,12,4,17,2475,UA,LAX,17,156,228,18,0,25,167,217,0,0,39
98,6,12,4,20,2475,VX,LAX,17,156,228,18,0,25,167,217,0,0,39
-1,6,12,4,16,2475,VX,LAX,17,156,228,18,0,25,167,217,0,0,39
-1,6,12,4,13,2475,VX,LAX,17,156,228,18,0,25,167,217,0,0,39
4,6,12,4,11,2475,VX,LAX,17,156,228,18,0,25,167,217,0,0,39
0,6,12,4,9,2475,VX,LAX,17,156,228,18,0,25,167,217,0,0,39
1,6,12,4,7,2475,VX,LAX,17,156,228,18,0,25,167,217,0,0,39
1,6,12,4,14,2475,UA,LAX,17,156,228,18,0,25,167,217,0,0,39
5,6,12,4,8,2475,UA,LAX,17,156,228,18,0,25,167,217,0,0,39
-7,6,12,4,6,2475,UA,LAX,17,156,228,18,0,25,167,217,0,0,39
34,6,12,4,20,2475,UA,LAX,17,156,228,18,0,25,167,217,0,0,39
-1,6,12,4,11,2475,UA,LAX,17,156,228,18,0,25,167,217,0,0,39
-7,6,12,4,15,2475,DL,LAX,17,156,228,18,0,25,167,217,0,0,39
7,6,12,4,16,2475,DL,LAX,17,156,228,18,0,25,167,217,0,0,39
48,6,12,4,21,2475,DL,LAX,17,156,228,18,0,25,167,217,0,0,39
-1,6,12,4,7,2475,DL,LAX,17,156,228,18,0,25,167,217,0,0,39
-4,6,12,4,12,2475,DL,LAX,17,156,228,18,0,25,167,217,0,0,39
-2,6,12,4,9,2475,DL,LAX,17,156,228,18,0,25,167,217,0,0,39
-7,6,12,4,8,2475,DL,LAX,17,156,228,18,0,25,167,217,0,0,39
-2,6,12,4,18,2475,DL,LAX,17,156,228,18,0,25,167,217,0,0,39
2,6,12,4,17,2475,AA,LAX,17,156,228,18,0,25,167,217,0,0,39
-8,6,12,4,19,2475,AA,LAX,17,156,228,18,0,25,167,217,0,0,39
-4,6,12,4,12,2475,AA,LAX,17,156,228,18,0,25,167,217,0,0,39
8,6,12,4,20,2475,AA,LAX,17,156,228,18,0,25,167,217,0,0,39
-1,6,12,4,9,2475,AA,LAX,17,156,228,18,0,25,167,217,0,0,39
-4,6,12,4,8,2475,AA,LAX,17,156,228,18,0,25,167,217,0,0,39
-4,6,12,4,20,2475,B6,LAX,17,156,228,18,0,25,167,217,0,0,39
5,6,12,4,18,2475,AA,LAX,17,156,228,18,0,25,167,217,0,0,39
41,6,12,4,7,2475,AA,LAX,17,156,228,18,0,25,167,217,0,0,39
-6,6,12,4,16,2475,AA,LAX,17,156,228,18,0,25,167,217,0,0,39
-3,6,12,4,17,2475,B6,LAX,17,156,228,18,0,25,167,217,0,0,39
-8,6,12,4,15,2475,AA,LAX,17,156,228,18,0,25,167,217,0,0,39
-3,6,12,4,9,2475,B6,LAX,17,156,228,18,0,25,167,217,0,0,39
-5,6,12,4,6,2475,AA,LAX,17,156,228,18,0,25,167,217,0,0,39
-5,6,12,4,11,2475,AA,LAX,17,156,228,18,0,25,167,217,0,0,39
-8,6,12,4,6,2475,B6,LAX,17,156,228,18,0,25,167,217,0,0,39
-4,6,12,4,10,2475,AA,LAX,17,156,228,18,0,25,167,217,0,0,39
0,7,8,2,7,2475,VX,LAX,4,217,328,99,0,21,194,244,0,0,34
-8,7,8,2,9,2475,VX,LAX,4,217,328,99,0,21,194,244,0,0,34
-1,7,8,2,11,2475,VX,LAX,4,217,328,99,0,21,194,244,0,0,34
8,7,8,2,13,2475,VX,LAX,4,217,328,99,0,21,194,244,0,0,34
-2,7,8,2,16,2475,VX,LAX,4,217,328,99,0,21,194,244,0,0,34
139,7,8,2,20,2475,VX,LAX,4,217,328,99,0,21,194,244,0,0,34
4,7,8,2,8,2475,DL,LAX,4,217,328,99,0,21,194,244,0,0,34
87,7,8,2,20,2475,UA,LAX,4,217,328,99,0,21,194,244,0,0,34
88,7,8,2,16,2475,AA,LAX,4,217,328,99,0,21,194,244,0,0,34
0,7,8,2,9,2475,B6,LAX,4,217,328,99,0,21,194,244,0,0,34
-7,7,8,2,9,2475,AA,LAX,4,217,328,99,0,21,194,244,0,0,34
-6,7,8,2,7,2475,AA,LAX,4,217,328,99,0,21,194,244,0,0,34
100,7,8,2,17,2475,UA,LAX,4,217,328,99,0,21,194,244,0,0,34
2,7,8,2,10,2475,AA,LAX,4,217,328,99,0,21,194,244,0,0,34
-6,7,8,2,6,2475,AA,LAX,4,217,328,99,0,21,194,244,0,0,34
147,7,8,2,18,2475,AA,LAX,4,217,328,99,0,21,194,244,0,0,34
-1,7,8,2,8,2475,AA,LAX,4,217,328,99,0,21,194,244,0,0,34
76,7,8,2,20,2475,AA,LAX,4,217,328,99,0,21,194,244,0,0,34
105,7,8,2,19,2475,AA,LAX,4,217,328,99,0,21,194,244,0,0,34
-2,7,8,2,18,2475,DL,LAX,4,217,328,99,0,21,194,244,0,0,34
-2,7,8,2,9,2475,DL,LAX,4,217,328,99,0,21,194,244,0,0,34
-3,7,8,2,12,2475,DL,LAX,4,217,328,99,0,21,194,244,0,0,34
-7,7,8,2,7,2475,DL,LAX,4,217,328,99,0,21,194,244,0,0,34
8,7,8,2,15,2475,DL,LAX,4,217,328,99,0,21,194,244,0,0,34
67,7,8,2,21,2475,DL,LAX,4,217,328,99,0,21,194,244,0,0,34
16,7,8,2,16,2475,DL,LAX,4,217,328,99,0,21,194,244,0,0,34
-6,7,8,2,11,2475,AA,LAX,4,217,328,99,0,21,194,244,0,0,34
-2,7,8,2,12,2475,AA,LAX,4,217,328,99,0,21,194,244,0,0,34
-1,7,8,2,11,2475,UA,LAX,4,217,328,99,0,21,194,244,0,0,34
5,7,8,2,14,2475,UA,LAX,4,217,328,99,0,21,194,244,0,0,34
-1,7,8,2,15,2475,AA,LAX,4,217,328,99,0,21,194,244,0,0,34
-3,7,8,2,16,2475,B6,LAX,4,217,328,99,0,21,194,244,0,0,34
4,7,8,2,6,2475,UA,LAX,4,217,328,99,0,21,194,244,0,0,34
18,7,8,2,12,2475,B6,LAX,4,217,328,99,0,21,194,244,0,0,34
-7,7,8,2,8,2475,UA,LAX,4,217,328,99,0,21,194,244,0,0,34
-8,7,8,2,17,2475,AA,LAX,4,217,328,99,0,21,194,244,0,0,34
153,7,8,2,20,2475,B6,LAX,4,217,328,99,0,21,194,244,0,0,34
-4,7,8,2,6,2475,B6,LAX,4,217,328,99,0,21,194,244,0,0,34
-4,7,13,7,7,2475,VX,LAX,9,222,283,8,0,23,194,250,0,0,32
-1,7,13,7,9,2475,VX,LAX,9,222,283,8,0,23,194,250,0,0,32
-2,7,13,7,11,2475,VX,LAX,9,222,283,8,0,23,194,250,0,0,32
7,7,13,7,13,2475,VX,LAX,9,222,283,8,0,23,194,250,0,0,32
1,7,13,7,16,2475,VX,LAX,9,222,283,8,0,23,194,250,0,0,32
57,7,13,7,20,2475,VX,LAX,9,222,283,8,0,23,194,250,0,0,32
116,7,13,7,20,2475,AA,LAX,9,222,283,8,0,23,194,250,0,0,32
-1,7,13,7,17,2475,AA,LAX,9,222,283,8,0,23,194,250,0,0,32
-6,7,13,7,10,2475,AA,LAX,9,222,283,8,0,23,194,250,0,0,32
41,7,13,7,19,2475,AA,LAX,9,222,283,8,0,23,194,250,0,0,32
-7,7,13,7,6,2475,AA,LAX,9,222,283,8,0,23,194,250,0,0,32
-4,7,13,7,8,2475,AA,LAX,9,222,283,8,0,23,194,250,0,0,32
-3,7,13,7,12,2475,B6,LAX,9,222,283,8,0,23,194,250,0,0,32
-3,7,13,7,15,2475,AA,LAX,9,222,283,8,0,23,194,250,0,0,32
11,7,13,7,20,2475,B6,LAX,9,222,283,8,0,23,194,250,0,0,32
-1,7,13,7,16,2475,B6,LAX,9,222,283,8,0,23,194,250,0,0,32
-4,7,13,7,6,2475,B6,LAX,9,222,283,8,0,23,194,250,0,0,32
-1,7,13,7,16,2475,AA,LAX,9,222,283,8,0,23,194,250,0,0,32
-6,7,13,7,9,2475,B6,LAX,9,222,283,8,0,23,194,250,0,0,32
60,7,13,7,18,2475,AA,LAX,9,222,283,8,0,23,194,250,0,0,32
-6,7,13,7,11,2475,AA,LAX,9,222,283,8,0,23,194,250,0,0,32
-7,7,13,7,7,2475,AA,LAX,9,222,283,8,0,23,194,250,0,0,32
23,7,13,7,18,2475,DL,LAX,9,222,283,8,0,23,194,250,0,0,32
2,7,13,7,9,2475,DL,LAX,9,222,283,8,0,23,194,250,0,0,32
35,7,13,7,12,2475,DL,LAX,9,222,283,8,0,23,194,250,0,0,32
-2,7,13,7,7,2475,DL,LAX,9,222,283,8,0,23,194,250,0,0,32
7,7,13,7,15,2475,DL,LAX,9,222,283,8,0,23,194,250,0,0,32
10,7,13,7,21,2475,DL,LAX,9,222,283,8,0,23,194,250,0,0,32
38,7,13,7,8,2475,DL,LAX,9,222,283,8,0,23,194,250,0,0,32
1,7,13,7,16,2475,DL,LAX,9,222,283,8,0,23,194,250,0,0,32
-5,7,13,7,12,2475,AA,LAX,9,222,283,8,0,23,194,250,0,0,32
-3,7,13,7,9,2475,AA,LAX,9,222,283,8,0,23,194,250,0,0,32
-3,7,13,7,11,2475,UA,LAX,9,222,283,8,0,23,194,250,0,0,32
-1,7,13,7,14,2475,UA,LAX,9,222,283,8,0,23,194,250,0,0,32
-7,7,13,7,8,2475,UA,LAX,9,222,283,8,0,23,194,250,0,0,32
-5,7,13,7,20,2475,UA,LAX,9,222,283,8,0,23,194,250,0,0,32
-3,7,13,7,17,2475,UA,LAX,9,222,283,8,0,23,194,250,0,0,32
-9,8,9,6,9,2475,B6,LAX,23,189,306,0,0,13,194,239,0,0,33
-9,8,9,6,17,2475,AA,LAX,23,189,306,0,0,13,194,239,0,0,33
-8,8,9,6,11,2475,AA,LAX,23,189,306,0,0,13,194,239,0,0,33
11,8,9,6,10,2475,AA,LAX,23,189,306,0,0,13,194,239,0,0,33
10,8,9,6,12,2475,B6,LAX,23,189,306,0,0,13,194,239,0,0,33
-1,8,9,6,16,2475,B6,LAX,23,189,306,0,0,13,194,239,0,0,33
-4,8,9,6,12,2475,AA,LAX,23,189,306,0,0,13,194,239,0,0,33
-3,8,9,6,6,2475,B6,LAX,23,189,306,0,0,13,194,239,0,0,33
37,8,9,6,9,2475,AA,LAX,23,189,306,0,0,13,194,239,0,0,33
3,8,9,6,19,2475,AA,LAX,23,189,306,0,0,13,194,239,0,0,33
-6,8,9,6,7,2475,AA,LAX,23,189,306,0,0,13,194,239,0,0,33
3,8,9,6,20,2475,AA,LAX,23,189,306,0,0,13,194,239,0,0,33
-2,8,9,6,20,2475,B6,LAX,23,189,306,0,0,13,194,239,0,0,33
127,8,9,6,18,2475,AA,LAX,23,189,306,0,0,13,194,239,0,0,33
21,8,9,6,16,2475,AA,LAX,23,189,306,0,0,13,194,239,0,0,33
-8,8,9,6,8,2475,AA,LAX,23,189,306,0,0,13,194,239,0,0,33
-6,8,9,6,15,2475,AA,LAX,23,189,306,0,0,13,194,239,0,0,33
15,8,9,6,16,2475,VX,LAX,23,189,306,0,0,13,194,239,0,0,33
-3,8,9,6,15,2475,DL,LAX,23,189,306,0,0,13,194,239,0,0,33
2,8,9,6,6,2475,UA,LAX,23,189,306,0,0,13,194,239,0,0,33
-1,8,9,6,8,2475,UA,LAX,23,189,306,0,0,13,194,239,0,0,33
-6,8,9,6,8,2475,DL,LAX,23,189,306,0,0,13,194,239,0,0,33
-5,8,9,6,11,2475,UA,LAX,23,189,306,0,0,13,194,239,0,0,33
-1,8,9,6,14,2475,UA,LAX,23,189,306,0,0,13,194,239,0,0,33
-5,8,9,6,18,2475,UA,LAX,23,189,306,0,0,13,194,239,0,0,33
37,8,9,6,18,2475,DL,LAX,23,189,306,0,0,13,194,239,0,0,33
-4,8,9,6,9,2475,DL,LAX,23,189,306,0,0,13,194,239,0,0,33
-5,8,9,6,12,2475,DL,LAX,23,189,306,0,0,13,194,239,0,0,33
-3,8,9,6,7,2475,VX,LAX,23,189,306,0,0,13,194,239,0,0,33
-3,8,9,6,9,2475,VX,LAX,23,189,306,0,0,13,194,239,0,0,33
-6,8,9,6,11,2475,VX,LAX,23,189,306,0,0,13,194,239,0,0,33
-4,8,9,6,13,2475,VX,LAX,23,189,306,0,0,13,194,239,0,0,33
-3,8,14,4,6,2475,AA,LAX,18,172,250,0,0,21,183,244,0,0,34
15,8,14,4,6,2475,B6,LAX,18,172,250,0,0,21,183,244,0,0,34
0,8,14,4,16,2475,B6,LAX,18,172,250,0,0,21,183,244,0,0,34
2,8,14,4,20,2475,AA,LAX,18,172,250,0,0,21,183,244,0,0,34
2,8,14,4,20,2475,B6,LAX,18,172,250,0,0,21,183,244,0,0,34
-5,8,14,4,8,2475,AA,LAX,18,172,250,0,0,21,183,244,0,0,34
-6,8,14,4,9,2475,AA,LAX,18,172,250,0,0,21,183,244,0,0,34
-2,8,14,4,17,2475,AA,LAX,18,172,250,0,0,21,183,244,0,0,34
19,8,14,4,7,2475,AA,LAX,18,172,250,0,0,21,183,244,0,0,34
-6,8,14,4,10,2475,AA,LAX,18,172,250,0,0,21,183,244,0,0,34
-7,8,14,4,15,2475,AA,LAX,18,172,250,0,0,21,183,244,0,0,34
-6,8,14,4,18,2475,AA,LAX,18,172,250,0,0,21,183,244,0,0,34
8,8,14,4,12,2475,B6,LAX,18,172,250,0,0,21,183,244,0,0,34
-10,8,14,4,12,2475,AA,LAX,18,172,250,0,0,21,183,244,0,0,34
-2,8,14,4,11,2475,AA,LAX,18,172,250,0,0,21,183,244,0,0,34
3,8,14,4,9,2475,B6,LAX,18,172,250,0,0,21,183,244,0,0,34
-6,8,14,4,16,2475,AA,LAX,18,172,250,0,0,21,183,244,0,0,34
78,8,14,4,19,2475,AA,LAX,18,172,250,0,0,21,183,244,0,0,34
11,8,14,4,7,2475,DL,LAX,18,172,250,0,0,21,183,244,0,0,34
-6,8,14,4,12,2475,DL,LAX,18,172,250,0,0,21,183,244,0,0,34
-3,8,14,4,9,2475,DL,LAX,18,172,250,0,0,21,183,244,0,0,34
3,8,14,4,18,2475,DL,LAX,18,172,250,0,0,21,183,244,0,0,34
-2,8,14,4,20,2475,VX,LAX,18,172,250,0,0,21,183,244,0,0,34
12,8,14,4,16,2475,VX,LAX,18,172,250,0,0,21,183,244,0,0,34
-5,8,14,4,13,2475,VX,LAX,18,172,250,0,0,21,183,244,0,0,34
3,8,14,4,11,2475,VX,LAX,18,172,250,0,0,21,183,244,0,0,34
-1,8,14,4,9,2475,VX,LAX,18,172,250,0,0,21,183,244,0,0,34
-1,8,14,4,11,2475,UA,LAX,18,172,250,0,0,21,183,244,0,0,34
-8,8,14,4,7,2475,VX,LAX,18,172,250,0,0,21,183,244,0,0,34
-1,8,14,4,6,2475,UA,LAX,18,172,250,0,0,21,183,244,0,0,34
-7,8,14,4,8,2475,UA,LAX,18,172,250,0,0,21,183,244,0,0,34
23,8,14,4,20,2475,UA,LAX,18,172,250,0,0,21,183,244,0,0,34
-4,8,14,4,17,2475,UA,LAX,18,172,250,0,0,21,183,244,0,0,34
14,8,14,4,14,2475,UA,LAX,18,172,250,0,0,21,183,244,0,0,34
-4,8,14,4,16,2475,DL,LAX,18,172,250,0,0,21,183,244,0,0,34
-8,8,14,4,8,2475,DL,LAX,18,172,250,0,0,21,183,244,0,0,34
-1,8,14,4,21,2475,DL,LAX,18,172,250,0,0,21,183,244,0,0,34
15,8,14,4,15,2475,DL,LAX,18,172,250,0,0,21,183,244,0,0,34
-1,9,15,1,16,2475,AA,LAX,14,128,217,0,0,13,222,300,0,0,31
-7,9,15,1,9,2475,AA,LAX,14,128,217,0,0,13,222,300,0,0,31
-9,9,15,1,7,2475,AA,LAX,14,128,217,0,0,13,222,300,0,0,31
-1,9,15,1,11,2475,B6,LAX,14,128,217,0,0,13,222,300,0,0,31
-8,9,15,1,11,2475,AA,LAX,14,128,217,0,0,13,222,300,0,0,31
-3,9,15,1,19,2475,AA,LAX,14,128,217,0,0,13,222,300,0,0,31
-7,9,15,1,8,2475,AA,LAX,14,128,217,0,0,13,222,300,0,0,31
-13,9,15,1,12,2475,AA,LAX,14,128,217,0,0,13,222,300,0,0,31
35,9,15,1,17,2475,AA,LAX,14,128,217,0,0,13,222,300,0,0,31
-5,9,15,1,10,2475,AA,LAX,14,128,217,0,0,13,222,300,0,0,31
-3,9,15,1,20,2475,AA,LAX,14,128,217,0,0,13,222,300,0,0,31
13,9,15,1,9,2475,B6,LAX,14,128,217,0,0,13,222,300,0,0,31
-5,9,15,1,20,2475,B6,LAX,14,128,217,0,0,13,222,300,0,0,31
-6,9,15,1,18,2475,AA,LAX,14,128,217,0,0,13,222,300,0,0,31
4,9,15,1,14,2475,AA,LAX,14,128,217,0,0,13,222,300,0,0,31
26,9,15,1,16,2475,B6,LAX,14,128,217,0,0,13,222,300,0,0,31
2,9,15,1,20,2475,VX,LAX,14,128,217,0,0,13,222,300,0,0,31
-8,9,15,1,6,2475,AA,LAX,14,128,217,0,0,13,222,300,0,0,31
13,9,15,1,16,2475,VX,LAX,14,128,217,0,0,13,222,300,0,0,31
-7,9,15,1,13,2475,VX,LAX,14,128,217,0,0,13,222,300,0,0,31
-2,9,15,1,11,2475,VX,LAX,14,128,217,0,0,13,222,300,0,0,31
-2,9,15,1,9,2475,VX,LAX,14,128,217,0,0,13,222,300,0,0,31
-4,9,15,1,7,2475,VX,LAX,14,128,217,0,0,13,222,300,0,0,31
5,9,15,1,15,2475,DL,LAX,14,128,217,0,0,13,222,300,0,0,31
-6,9,15,1,6,2475,B6,LAX,14,128,217,0,0,13,222,300,0,0,31
-2,9,15,1,12,2475,DL,LAX,14,128,217,0,0,13,222,300,0,0,31
-4,9,15,1,9,2475,DL,LAX,14,128,217,0,0,13,222,300,0,0,31
-5,9,15,1,18,2475,DL,LAX,14,128,217,0,0,13,222,300,0,0,31
0,9,15,1,7,2475,DL,LAX,14,128,217,0,0,13,222,300,0,0,31
-6,9,15,1,16,2475,DL,LAX,14,128,217,0,0,13,222,300,0,0,31
4,9,15,1,21,2475,DL,LAX,14,128,217,0,0,13,222,300,0,0,31
-5,9,15,1,8,2475,DL,LAX,14,128,217,0,0,13,222,300,0,0,31
-2,9,15,1,14,2475,UA,LAX,14,128,217,0,0,13,222,300,0,0,31
-2,9,15,1,17,2475,UA,LAX,14,128,217,0,0,13,222,300,0,0,31
0,9,15,1,20,2475,UA,LAX,14,128,217,0,0,13,222,300,0,0,31
-6,9,15,1,8,2475,UA,LAX,14,128,217,0,0,13,222,300,0,0,31
-7,9,15,1,6,2475,UA,LAX,14,128,217,0,0,13,222,300,0,0,31
-3,9,15,1,11,2475,UA,LAX,14,128,217,0,0,13,222,300,0,0,31
-5,9,20,6,16,2475,VX,LAX,19,139,239,0,0,13,189,244,0,0,28
-3,9,20,6,13,2475,VX,LAX,19,139,239,0,0,13,189,244,0,0,28
20,9,20,6,19,2475,AA,LAX,19,139,239,0,0,13,189,244,0,0,28
-6,9,20,6,9,2475,VX,LAX,19,139,239,0,0,13,189,244,0,0,28
0,9,20,6,8,2475,B6,LAX,19,139,239,0,0,13,189,244,0,0,28
-7,9,20,6,11,2475,AA,LAX,19,139,239,0,0,13,189,244,0,0,28
0,9,20,6,7,2475,AA,LAX,19,139,239,0,0,13,189,244,0,0,28
-8,9,20,6,9,2475,AA,LAX,19,139,239,0,0,13,189,244,0,0,28
-4,9,20,6,7,2475,VX,LAX,19,139,239,0,0,13,189,244,0,0,28
0,9,20,6,16,2475,AA,LAX,19,139,239,0,0,13,189,244,0,0,28
-4,9,20,6,8,2475,AA,LAX,19,139,239,0,0,13,189,244,0,0,28
1,9,20,6,17,2475,AA,LAX,19,139,239,0,0,13,189,244,0,0,28
-3,9,20,6,14,2475,AA,LAX,19,139,239,0,0,13,189,244,0,0,28
49,9,20,6,18,2475,AA,LAX,19,139,239,0,0,13,189,244,0,0,28
-7,9,20,6,10,2475,AA,LAX,19,139,239,0,0,13,189,244,0,0,28
-7,9,20,6,9,2475,B6,LAX,19,139,239,0,0,13,189,244,0,0,28
-5,9,20,6,12,2475,AA,LAX,19,139,239,0,0,13,189,244,0,0,28
13,9,20,6,20,2475,B6,LAX,19,139,239,0,0,13,189,244,0,0,28
109,9,20,6,20,2475,AA,LAX,19,139,239,0,0,13,189,244,0,0,28
2,9,20,6,11,2475,B6,LAX,19,139,239,0,0,13,189,244,0,0,28
-2,9,20,6,16,2475,B6,LAX,19,139,239,0,0,13,189,244,0,0,28
-3,9,20,6,11,2475,UA,LAX,19,139,239,0,0,13,189,244,0,0,28
-4,9,20,6,14,2475,UA,LAX,19,139,239,0,0,13,189,244,0,0,28
-2,9,20,6,8,2475,UA,LAX,19,139,239,0,0,13,189,244,0,0,28
-7,9,20,6,6,2475,UA,LAX,19,139,239,0,0,13,189,244,0,0,28
-6,9,20,6,18,2475,UA,LAX,19,139,239,0,0,13,189,244,0,0,28
-3,9,20,6,16,2475,DL,LAX,19,139,239,0,0,13,189,244,0,0,28
-3,9,20,6,8,2475,DL,LAX,19,139,239,0,0,13,189,244,0,0,28
-6,9,20,6,15,2475,DL,LAX,19,139,239,0,0,13,189,244,0,0,28
-1,9,20,6,12,2475,DL,LAX,19,139,239,0,0,13,189,244,0,0,28
16,9,20,6,18,2475,DL,LAX,19,139,239,0,0,13,189,244,0,0,28
-5,9,20,6,9,2475,DL,LAX,19,139,239,0,0,13,189,244,0,0,28
-5,9,20,6,6,2475,B6,LAX,19,139,239,0,0,13,189,244,0,0,28
0,10,6,1,8,2475,UA,LAX,7,100,206,0,0,17,178,300,0,0,22
-10,10,6,1,11,2475,AA,LAX,7,100,206,0,0,17,178,300,0,0,22
6,10,6,1,7,2475,VX,LAX,7,100,206,0,0,17,178,300,0,0,22
0,10,6,1,14,2475,UA,LAX,7,100,206,0,0,17,178,300,0,0,22
-3,10,6,1,6,2475,UA,LAX,7,100,206,0,0,17,178,300,0,0,22
-4,10,6,1,8,2475,AA,LAX,7,100,206,0,0,17,178,300,0,0,22
172,10,6,1,9,2475,VX,LAX,7,100,206,0,0,17,178,300,0,0,22
-6,10,6,1,17,2475,UA,LAX,7,100,206,0,0,17,178,300,0,0,22
10,10,6,1,11,2475,VX,LAX,7,100,206,0,0,17,178,300,0,0,22
114,10,6,1,13,2475,VX,LAX,7,100,206,0,0,17,178,300,0,0,22
-4,10,6,1,17,2475,AA,LAX,7,100,206,0,0,17,178,300,0,0,22
0,10,6,1,9,2475,AA,LAX,7,100,206,0,0,17,178,300,0,0,22
18,10,6,1,16,2475,AA,LAX,7,100,206,0,0,17,178,300,0,0,22
2,10,6,1,16,2475,VX,LAX,7,100,206,0,0,17,178,300,0,0,22
76,10,6,1,20,2475,AA,LAX,7,100,206,0,0,17,178,300,0,0,22
-7,10,6,1,14,2475,AA,LAX,7,100,206,0,0,17,178,300,0,0,22
0,10,6,1,20,2475,VX,LAX,7,100,206,0,0,17,178,300,0,0,22
-8,10,6,1,11,2475,UA,LAX,7,100,206,0,0,17,178,300,0,0,22
-3,10,6,1,18,2475,AA,LAX,7,100,206,0,0,17,178,300,0,0,22
-3,10,6,1,7,2475,AA,LAX,7,100,206,0,0,17,178,300,0,0,22
-1,10,6,1,20,2475,UA,LAX,7,100,206,0,0,17,178,300,0,0,22
-5,10,6,1,19,2475,AA,LAX,7,100,206,0,0,17,178,300,0,0,22
-2,10,6,1,12,2475,AA,LAX,7,100,206,0,0,17,178,300,0,0,22
-1,10,6,1,21,2475,DL,LAX,7,100,206,0,0,17,178,300,0,0,22
-4,10,6,1,12,2475,DL,LAX,7,100,206,0,0,17,178,300,0,0,22
0,10,6,1,9,2475,DL,LAX,7,100,206,0,0,17,178,300,0,0,22
0,10,6,1,16,2475,DL,LAX,7,100,206,0,0,17,178,300,0,0,22
-8,10,6,1,6,2475,B6,LAX,7,100,206,0,0,17,178,300,0,0,22
2,10,6,1,8,2475,B6,LAX,7,100,206,0,0,17,178,300,0,0,22
-5,10,6,1,18,2475,DL,LAX,7,100,206,0,0,17,178,300,0,0,22
-1,10,6,1,9,2475,B6,LAX,7,100,206,0,0,17,178,300,0,0,22
-5,10,6,1,10,2475,AA,LAX,7,100,206,0,0,17,178,300,0,0,22
-1,10,6,1,11,2475,B6,LAX,7,100,206,0,0,17,178,300,0,0,22
2,10,6,1,16,2475,B6,LAX,7,100,206,0,0,17,178,300,0,0,22
15,10,6,1,21,2475,B6,LAX,7,100,206,0,0,17,178,300,0,0,22
1,10,6,1,7,2475,DL,LAX,7,100,206,0,0,17,178,300,0,0,22
4,10,6,1,8,2475,DL,LAX,7,100,206,0,0,17,178,300,0,0,22
-6,10,6,1,6,2475,AA,LAX,7,100,206,0,0,17,178,300,0,0,22
-1,10,6,1,15,2475,DL,LAX,7,100,206,0,0,17,178,300,0,0,22
0,10,11,6,16,2475,DL,LAX,2,100,156,84,0,20,183,233,0,0,25
-3,10,11,6,6,2475,B6,LAX,2,100,156,84,0,20,183,233,0,0,25
-4,10,11,6,15,2475,DL,LAX,2,100,156,84,0,20,183,233,0,0,25
-7,10,11,6,10,2475,AA,LAX,2,100,156,84,0,20,183,233,0,0,25
-1,10,11,6,12,2475,DL,LAX,2,100,156,84,0,20,183,233,0,0,25
5,10,11,6,8,2475,DL,LAX,2,100,156,84,0,20,183,233,0,0,25
-3,10,11,6,21,2475,B6,LAX,2,100,156,84,0,20,183,233,0,0,25
8,10,11,6,16,2475,B6,LAX,2,100,156,84,0,20,183,233,0,0,25
0,10,11,6,11,2475,B6,LAX,2,100,156,84,0,20,183,233,0,0,25
-2,10,11,6,9,2475,B6,LAX,2,100,156,84,0,20,183,233,0,0,25
2,10,11,6,8,2475,B6,LAX,2,100,156,84,0,20,183,233,0,0,25
-4,10,11,6,18,2475,DL,LAX,2,100,156,84,0,20,183,233,0,0,25
-2,10,11,6,7,2475,DL,LAX,2,100,156,84,0,20,183,233,0,0,25
-3,10,11,6,9,2475,VX,LAX,2,100,156,84,0,20,183,233,0,0,25
-7,10,11,6,9,2475,AA,LAX,2,100,156,84,0,20,183,233,0,0,25
9,10,11,6,16,2475,VX,LAX,2,100,156,84,0,20,183,233,0,0,25
2,10,11,6,8,2475,AA,LAX,2,100,156,84,0,20,183,233,0,0,25
-5,10,11,6,20,2475,AA,LAX,2,100,156,84,0,20,183,233,0,0,25
-6,10,11,6,16,2475,AA,LAX,2,100,156,84,0,20,183,233,0,0,25
-5,10,11,6,12,2475,AA,LAX,2,100,156,84,0,20,183,233,0,0,25
29,10,11,6,13,2475,VX,LAX,2,100,156,84,0,20,183,233,0,0,25
-2,10,11,6,7,2475,VX,LAX,2,100,156,84,0,20,183,233,0,0,25
-5,10,11,6,17,2475,AA,LAX,2,100,156,84,0,20,183,233,0,0,25
-6,10,11,6,7,2475,AA,LAX,2,100,156,84,0,20,183,233,0,0,25
4,10,11,6,19,2475,AA,LAX,2,100,156,84,0,20,183,233,0,0,25
-1,10,11,6,6,2475,UA,LAX,2,100,156,84,0,20,183,233,0,0,25
-3,10,11,6,8,2475,UA,LAX,2,100,156,84,0,20,183,233,0,0,25
-4,10,11,6,18,2475,UA,LAX,2,100,156,84,0,20,183,233,0,0,25
-1,10,11,6,11,2475,UA,LAX,2,100,156,84,0,20,183,233,0,0,25
-2,10,11,6,14,2475,UA,LAX,2,100,156,84,0,20,183,233,0,0,25
-6,10,11,6,11,2475,AA,LAX,2,100,156,84,0,20,183,233,0,0,25
-9,10,11,6,14,2475,AA,LAX,2,100,156,84,0,20,183,233,0,0,25
-2,10,11,6,18,2475,AA,LAX,2,100,156,84,0,20,183,233,0,0,25
157,10,29,3,19,2475,AA,LAX,13,106,222,0,0,22,172,244,0,0,10
-3,10,29,3,20,2475,VX,LAX,13,106,222,0,0,22,172,244,0,0,10
-3,10,29,3,11,2475,AA,LAX,13,106,222,0,0,22,172,244,0,0,10
-4,10,29,3,16,2475,VX,LAX,13,106,222,0,0,22,172,244,0,0,10
0,10,29,3,14,2475,UA,LAX,13,106,222,0,0,22,172,244,0,0,10
-5,10,29,3,13,2475,VX,LAX,13,106,222,0,0,22,172,244,0,0,10
-1,10,29,3,18,2475,AA,LAX,13,106,222,0,0,22,172,244,0,0,10
-1,10,29,3,9,2475,VX,LAX,13,106,222,0,0,22,172,244,0,0,10
-7,10,29,3,11,2475,UA,LAX,13,106,222,0,0,22,172,244,0,0,10
-7,10,29,3,7,2475,VX,LAX,13,106,222,0,0,22,172,244,0,0,10
-6,10,29,3,8,2475,AA,LAX,13,106,222,0,0,22,172,244,0,0,10
-5,10,29,3,17,2475,UA,LAX,13,106,222,0,0,22,172,244,0,0,10
39,10,29,3,14,2475,AA,LAX,13,106,222,0,0,22,172,244,0,0,10
-3,10,29,3,19,2475,UA,LAX,13,106,222,0,0,22,172,244,0,0,10
-9,10,29,3,12,2475,AA,LAX,13,106,222,0,0,22,172,244,0,0,10
-4,10,29,3,16,2475,AA,LAX,13,106,222,0,0,22,172,244,0,0,10
-6,10,29,3,9,2475,AA,LAX,13,106,222,0,0,22,172,244,0,0,10
-4,10,29,3,8,2475,UA,LAX,13,106,222,0,0,22,172,244,0,0,10
-6,10,29,3,17,2475,AA,LAX,13,106,222,0,0,22,172,244,0,0,10
-7,10,29,3,6,2475,UA,LAX,13,106,222,0,0,22,172,244,0,0,10
8,10,29,3,20,2475,AA,LAX,13,106,222,0,0,22,172,244,0,0,10
-5,10,29,3,7,2475,AA,LAX,13,106,222,0,0,22,172,244,0,0,10
-4,10,29,3,9,2475,B6,LAX,13,106,222,0,0,22,172,244,0,0,10
8,10,29,3,7,2475,DL,LAX,13,106,222,0,0,22,172,244,0,0,10
-3,10,29,3,12,2475,DL,LAX,13,106,222,0,0,22,172,244,0,0,10
-6,10,29,3,9,2475,DL,LAX,13,106,222,0,0,22,172,244,0,0,10
-1,10,29,3,16,2475,DL,LAX,13,106,222,0,0,22,172,244,0,0,10
-2,10,29,3,18,2475,DL,LAX,13,106,222,0,0,22,172,244,0,0,10
-5,10,29,3,8,2475,DL,LAX,13,106,222,0,0,22,172,244,0,0,10
-4,10,29,3,6,2475,B6,LAX,13,106,222,0,0,22,172,244,0,0,10
-2,10,29,3,7,2475,B6,LAX,13,106,222,0,0,22,172,244,0,0,10
3,10,29,3,15,2475,B6,LAX,13,106,222,0,0,22,172,244,0,0,10
0,10,29,3,21,2475,B6,LAX,13,106,222,0,0,22,172,244,0,0,10
-5,10,29,3,9,2475,AA,LAX,13,106,222,0,0,22,172,244,0,0,10
-11,10,29,3,6,2475,AA,LAX,13,106,222,0,0,22,172,244,0,0,10
31,10,29,3,15,2475,DL,LAX,13,106,222,0,0,22,172,244,0,0,10
50,10,29,3,21,2475,DL,LAX,13,106,222,0,0,22,172,244,0,0,10
-1,11,7,5,16,2475,VX,LAX,4,44,117,0,0,33,161,300,0,0,27
-8,11,7,5,13,2475,VX,LAX,4,44,117,0,0,33,161,300,0,0,27
-2,11,7,5,9,2475,VX,LAX,4,44,117,0,0,33,161,300,0,0,27
-3,11,7,5,7,2475,VX,LAX,4,44,117,0,0,33,161,300,0,0,27
-1,11,7,5,20,2475,VX,LAX,4,44,117,0,0,33,161,300,0,0,27
1,11,7,5,10,2475,AA,LAX,4,44,117,0,0,33,161,300,0,0,27
-4,11,7,5,17,2475,AA,LAX,4,44,117,0,0,33,161,300,0,0,27
-7,11,7,5,20,2475,AA,LAX,4,44,117,0,0,33,161,300,0,0,27
46,11,7,5,20,2475,AA,LAX,4,44,117,0,0,33,161,300,0,0,27
-1,11,7,5,16,2475,AA,LAX,4,44,117,0,0,33,161,300,0,0,27
5,11,7,5,6,2475,B6,LAX,4,44,117,0,0,33,161,300,0,0,27
-3,11,7,5,7,2475,B6,LAX,4,44,117,0,0,33,161,300,0,0,27
-6,11,7,5,9,2475,B6,LAX,4,44,117,0,0,33,161,300,0,0,27
-3,11,7,5,15,2475,B6,LAX,4,44,117,0,0,33,161,300,0,0,27
0,11,7,5,18,2475,B6,LAX,4,44,117,0,0,33,161,300,0,0,27
-4,11,7,5,21,2475,B6,LAX,4,44,117,0,0,33,161,300,0,0,27
-8,11,7,5,6,2475,AA,LAX,4,44,117,0,0,33,161,300,0,0,27
-2,11,7,5,8,2475,AA,LAX,4,44,117,0,0,33,161,300,0,0,27
-4,11,7,5,18,2475,AA,LAX,4,44,117,0,0,33,161,300,0,0,27
-5,11,7,5,11,2475,AA,LAX,4,44,117,0,0,33,161,300,0,0,27
-4,11,7,5,7,2475,AA,LAX,4,44,117,0,0,33,161,300,0,0,27
-4,11,7,5,14,2475,AA,LAX,4,44,117,0,0,33,161,300,0,0,27
-8,11,7,5,12,2475,AA,LAX,4,44,117,0,0,33,161,300,0,0,27
8,11,7,5,18,2475,DL,LAX,4,44,117,0,0,33,161,300,0,0,27
12,11,7,5,15,2475,DL,LAX,4,44,117,0,0,33,161,300,0,0,27
10,11,7,5,9,2475,DL,LAX,4,44,117,0,0,33,161,300,0,0,27
-6,11,7,5,11,2475,DL,LAX,4,44,117,0,0,33,161,300,0,0,27
29,11,7,5,7,2475,DL,LAX,4,44,117,0,0,33,161,300,0,0,27
-1,11,7,5,9,2475,AA,LAX,4,44,117,0,0,33,161,300,0,0,27
-1,11,7,5,21,2475,DL,LAX,4,44,117,0,0,33,161,300,0,0,27
-6,11,7,5,16,2475,DL,LAX,4,44,117,0,0,33,161,300,0,0,27
-4,11,7,5,19,2475,UA,LAX,4,44,117,0,0,33,161,300,0,0,27
-13,11,7,5,14,2475,UA,LAX,4,44,117,0,0,33,161,300,0,0,27
89,11,7,5,11,2475,UA,LAX,4,44,117,0,0,33,161,300,0,0,27
-9,11,7,5,8,2475,UA,LAX,4,44,117,0,0,33,161,300,0,0,27
-1,11,7,5,6,2475,UA,LAX,4,44,117,0,0,33,161,300,0,0,27
1,11,7,5,17,2475,UA,LAX,4,44,117,0,0,33,161,300,0,0,27
-8,11,12,3,19,2475,UA,LAX,1,83,183,0,0,12,150,194,0,0,35
-7,11,12,3,20,2475,VX,LAX,1,83,183,0,0,12,150,194,0,0,35
-3,11,12,3,16,2475,VX,LAX,1,83,183,0,0,12,150,194,0,0,35
-7,11,12,3,13,2475,VX,LAX,1,83,183,0,0,12,150,194,0,0,35
-11,11,12,3,6,2475,UA,LAX,1,83,183,0,0,12,150,194,0,0,35
-7,11,12,3,7,2475,VX,LAX,1,83,183,0,0,12,150,194,0,0,35
-8,11,12,3,8,2475,UA,LAX,1,83,183,0,0,12,150,194,0,0,35
0,11,12,3,9,2475,VX,LAX,1,83,183,0,0,12,150,194,0,0,35
-2,11,12,3,14,2475,UA,LAX,1,83,183,0,0,12,150,194,0,0,35
-4,11,12,3,11,2475,UA,LAX,1,83,183,0,0,12,150,194,0,0,35
0,11,12,3,17,2475,UA,LAX,1,83,183,0,0,12,150,194,0,0,35
0,11,12,3,8,2475,DL,LAX,1,83,183,0,0,12,150,194,0,0,35
5,11,12,3,16,2475,DL,LAX,1,83,183,0,0,12,150,194,0,0,35
1,11,12,3,16,2475,AA,LAX,1,83,183,0,0,12,150,194,0,0,35
-7,11,12,3,6,2475,AA,LAX,1,83,183,0,0,12,150,194,0,0,35
-7,11,12,3,8,2475,AA,LAX,1,83,183,0,0,12,150,194,0,0,35
-5,11,12,3,15,2475,B6,LAX,1,83,183,0,0,12,150,194,0,0,35
0,11,12,3,18,2475,AA,LAX,1,83,183,0,0,12,150,194,0,0,35
-7,11,12,3,11,2475,AA,LAX,1,83,183,0,0,12,150,194,0,0,35
-3,11,12,3,7,2475,AA,LAX,1,83,183,0,0,12,150,194,0,0,35
-4,11,12,3,10,2475,AA,LAX,1,83,183,0,0,12,150,194,0,0,35
-6,11,12,3,20,2475,AA,LAX,1,83,183,0,0,12,150,194,0,0,35
20,11,12,3,20,2475,AA,LAX,1,83,183,0,0,12,150,194,0,0,35
-6,11,12,3,6,2475,B6,LAX,1,83,183,0,0,12,150,194,0,0,35
-3,11,12,3,17,2475,AA,LAX,1,83,183,0,0,12,150,194,0,0,35
-4,11,12,3,9,2475,AA,LAX,1,83,183,0,0,12,150,194,0,0,35
-6,11,12,3,7,2475,B6,LAX,1,83,183,0,0,12,150,194,0,0,35
0,11,12,3,12,2475,AA,LAX,1,83,183,0,0,12,150,194,0,0,35
1,11,12,3,9,2475,B6,LAX,1,83,183,0,0,12,150,194,0,0,35
0,11,12,3,21,2475,B6,LAX,1,83,183,0,0,12,150,194,0,0,35
35,11,12,3,14,2475,AA,LAX,1,83,183,0,0,12,150,194,0,0,35
-2,11,12,3,18,2475,DL,LAX,1,83,183,0,0,12,150,194,0,0,35
-3,11,12,3,15,2475,DL,LAX,1,83,183,0,0,12,150,194,0,0,35
-4,11,12,3,9,2475,DL,LAX,1,83,183,0,0,12,150,194,0,0,35
4,11,12,3,11,2475,DL,LAX,1,83,183,0,0,12,150,194,0,0,35
4,11,12,3,7,2475,DL,LAX,1,83,183,0,0,12,150,194,0,0,35
1,11,12,3,21,2475,DL,LAX,1,83,183,0,0,12,150,194,0,0,35
-1,12,8,1,7,2475,VX,LAX,11,-43,28,0,0,51,133,239,0,0,19
-5,12,8,1,13,2475,VX,LAX,11,-43,28,0,0,51,133,239,0,0,19
-5,12,8,1,16,2475,VX,LAX,11,-43,28,0,0,51,133,239,0,0,19
-5,12,8,1,9,2475,VX,LAX,11,-43,28,0,0,51,133,239,0,0,19
-4,12,8,1,20,2475,VX,LAX,11,-43,28,0,0,51,133,239,0,0,19
0,12,8,1,15,2475,DL,LAX,11,-43,28,0,0,51,133,239,0,0,19
-1,12,8,1,21,2475,DL,LAX,11,-43,28,0,0,51,133,239,0,0,19
23,12,8,1,7,2475,DL,LAX,11,-43,28,0,0,51,133,239,0,0,19
0,12,8,1,11,2475,DL,LAX,11,-43,28,0,0,51,133,239,0,0,19
-2,12,8,1,9,2475,DL,LAX,11,-43,28,0,0,51,133,239,0,0,19
-2,12,8,1,17,2475,DL,LAX,11,-43,28,0,0,51,133,239,0,0,19
-4,12,8,1,18,2475,DL,LAX,11,-43,28,0,0,51,133,239,0,0,19
-8,12,8,1,19,2475,AA,LAX,11,-43,28,0,0,51,133,239,0,0,19
9,12,8,1,18,2475,B6,LAX,11,-43,28,0,0,51,133,239,0,0,19
-1,12,8,1,15,2475,B6,LAX,11,-43,28,0,0,51,133,239,0,0,19
16,12,8,1,8,2475,B6,LAX,11,-43,28,0,0,51,133,239,0,0,19
0,12,8,1,21,2475,B6,LAX,11,-43,28,0,0,51,133,239,0,0,19
-4,12,8,1,9,2475,B6,LAX,11,-43,28,0,0,51,133,239,0,0,19
18,12,8,1,6,2475,B6,LAX,11,-43,28,0,0,51,133,239,0,0,19
-8,12,8,1,6,2475,AA,LAX,11,-43,28,0,0,51,133,239,0,0,19
-2,12,8,1,16,2475,AA,LAX,11,-43,28,0,0,51,133,239,0,0,19
-4,12,8,1,10,2475,AA,LAX,11,-43,28,0,0,51,133,239,0,0,19
8,12,8,1,20,2475,AA,LAX,11,-43,28,0,0,51,133,239,0,0,19
-1,12,8,1,17,2475,AA,LAX,11,-43,28,0,0,51,133,239,0,0,19
-4,12,8,1,9,2475,AA,LAX,11,-43,28,0,0,51,133,239,0,0,19
-2,12,8,1,14,2475,AA,LAX,11,-43,28,0,0,51,133,239,0,0,19
-3,12,8,1,8,2475,AA,LAX,11,-43,28,0,0,51,133,239,0,0,19
43,12,8,1,18,2475,AA,LAX,11,-43,28,0,0,51,133,239,0,0,19
-5,12,8,1,11,2475,UA,LAX,11,-43,28,0,0,51,133,239,0,0,19
-1,12,8,1,14,2475,UA,LAX,11,-43,28,0,0,51,133,239,0,0,19
-3,12,8,1,11,2475,AA,LAX,11,-43,28,0,0,51,133,239,0,0,19
0,12,8,1,6,2475,UA,LAX,11,-43,28,0,0,51,133,239,0,0,19
-6,12,8,1,8,2475,UA,LAX,11,-43,28,0,0,51,133,239,0,0,19
12,12,8,1,19,2475,UA,LAX,11,-43,28,0,0,51,133,239,0,0,19
2,12,8,1,17,2475,UA,LAX,11,-43,28,0,0,51,133,239,0,0,19
-4,12,8,1,7,2475,AA,LAX,11,-43,28,0,0,51,133,239,0,0,19
-10,12,8,1,12,2475,AA,LAX,11,-43,28,0,0,51,133,239,0,0,19
-3,12,13,6,18,2475,DL,LAX,12,11,67,0,0,40,100,167,0,0,24
-5,12,13,6,7,2475,AA,LAX,12,11,67,0,0,40,100,167,0,0,24
0,12,13,6,15,2475,B6,LAX,12,11,67,0,0,40,100,167,0,0,24
-1,12,13,6,20,2475,AA,LAX,12,11,67,0,0,40,100,167,0,0,24
-2,12,13,6,8,2475,DL,LAX,12,11,67,0,0,40,100,167,0,0,24
-4,12,13,6,14,2475,AA,LAX,12,11,67,0,0,40,100,167,0,0,24
-3,12,13,6,10,2475,AA,LAX,12,11,67,0,0,40,100,167,0,0,24
-3,12,13,6,15,2475,DL,LAX,12,11,67,0,0,40,100,167,0,0,24
3,12,13,6,11,2475,DL,LAX,12,11,67,0,0,40,100,167,0,0,24
4,12,13,6,16,2475,AA,LAX,12,11,67,0,0,40,100,167,0,0,24
8,12,13,6,21,2475,B6,LAX,12,11,67,0,0,40,100,167,0,0,24
-10,12,13,6,11,2475,AA,LAX,12,11,67,0,0,40,100,167,0,0,24
5,12,13,6,18,2475,B6,LAX,12,11,67,0,0,40,100,167,0,0,24
20,12,13,6,17,2475,AA,LAX,12,11,67,0,0,40,100,167,0,0,24
-6,12,13,6,9,2475,AA,LAX,12,11,67,0,0,40,100,167,0,0,24
-2,12,13,6,8,2475,B6,LAX,12,11,67,0,0,40,100,167,0,0,24
-4,12,13,6,9,2475,B6,LAX,12,11,67,0,0,40,100,167,0,0,24
-10,12,13,6,12,2475,AA,LAX,12,11,67,0,0,40,100,167,0,0,24
-6,12,13,6,8,2475,AA,LAX,12,11,67,0,0,40,100,167,0,0,24
-4,12,13,6,6,2475,B6,LAX,12,11,67,0,0,40,100,167,0,0,24
-6,12,13,6,19,2475,AA,LAX,12,11,67,0,0,40,100,167,0,0,24
-5,12,13,6,7,2475,VX,LAX,12,11,67,0,0,40,100,167,0,0,24
0,12,13,6,9,2475,VX,LAX,12,11,67,0,0,40,100,167,0,0,24
-3,12,13,6,13,2475,VX,LAX,12,11,67,0,0,40,100,167,0,0,24
1,12,13,6,16,2475,VX,LAX,12,11,67,0,0,40,100,167,0,0,24
11,12,13,6,17,2475,UA,LAX,12,11,67,0,0,40,100,167,0,0,24
-4,12,13,6,8,2475,UA,LAX,12,11,67,0,0,40,100,167,0,0,24
-1,12,13,6,14,2475,UA,LAX,12,11,67,0,0,40,100,167,0,0,24
3,12,13,6,6,2475,UA,LAX,12,11,67,0,0,40,100,167,0,0,24
1,12,13,6,11,2475,UA,LAX,12,11,67,0,0,40,100,167,0,0,24
