-3,1,1,3,15,2475,AA,LAX,0,-43,6,0,0,25,78,178,0,0,16
14,1,1,3,9,2475,AA,LAX,0,-43,6,0,0,25,78,178,0,0,16
2,1,1,3,19,2475,AA,LAX,0,-43,6,0,0,25,78,178,0,0,16
142,1,1,3,16,2475,AA,LAX,0,-43,6,0,0,25,78,178,0,0,16
2,1,1,3,13,2475,AA,LAX,0,-43,6,0,0,25,78,178,0,0,16
-2,1,1,3,21,2475,AA,LAX,0,-43,6,0,0,25,78,178,0,0,16
-3,1,1,3,12,2475,AA,LAX,0,-43,6,0,0,25,78,178,0,0,16
-4,1,1,3,9,2475,B6,LAX,0,-43,6,0,0,25,78,178,0,0,16
-6,1,1,3,6,2475,UA,LAX,0,-43,6,0,0,25,78,178,0,0,16
-5,1,1,3,8,2475,UA,LAX,0,-43,6,0,0,25,78,178,0,0,16
8,1,1,3,17,2475,UA,LAX,0,-43,6,0,0,25,78,178,0,0,16
73,1,1,3,11,2475,UA,LAX,0,-43,6,0,0,25,78,178,0,0,16
0,1,1,3,14,2475,UA,LAX,0,-43,6,0,0,25,78,178,0,0,16
-4,1,1,3,7,2475,B6,LAX,0,-43,6,0,0,25,78,178,0,0,16
7,1,1,3,20,2475,B6,LAX,0,-43,6,0,0,25,78,178,0,0,16
113,1,1,3,7,2475,VX,LAX,0,-43,6,0,0,25,78,178,0,0,16
-4,1,1,3,9,2475,VX,LAX,0,-43,6,0,0,25,78,178,0,0,16
-1,1,1,3,13,2475,VX,LAX,0,-43,6,0,0,25,78,178,0,0,16
5,1,1,3,16,2475,VX,LAX,0,-43,6,0,0,25,78,178,0,0,16
15,1,1,3,20,2475,VX,LAX,0,-43,6,0,0,25,78,178,0,0,16
7,1,1,3,17,2475,DL,LAX,0,-43,6,0,0,25,78,178,0,0,16
49,1,1,3,7,2475,DL,LAX,0,-43,6,0,0,25,78,178,0,0,16
8,1,1,3,20,2475,DL,LAX,0,-43,6,0,0,25,78,178,0,0,16
5,1,1,3,18,2475,DL,LAX,0,-43,6,0,0,25,78,178,0,0,16
19,1,1,3,9,2475,DL,LAX,0,-43,6,0,0,25,78,178,0,0,16
1,1,1,3,15,2475,DL,LAX,0,-43,6,0,0,25,78,178,0,0,16
110,1,1,3,22,2475,B6,LAX,0,-43,6,0,0,25,78,178,0,0,16
3,1,1,3,11,2475,B6,LAX,0,-43,6,0,0,25,78,178,0,0,16
3,1,1,3,16,2475,B6,LAX,0,-43,6,0,0,25,78,178,0,0,16
-2,1,19,7,7,2475,DL,LAX,2,-43,33,0,0,33,94,244,0,0,14
204,1,19,7,16,2475,DL,LAX,2,-43,33,0,0,33,94,244,0,0,14
-8,1,19,7,13,2475,VX,LAX,2,-43,33,0,0,33,94,244,0,0,14
-5,1,19,7,16,2475,VX,LAX,2,-43,33,0,0,33,94,244,0,0,14
-8,1,19,7,9,2475,VX,LAX,2,-43,33,0,0,33,94,244,0,0,14
5,1,19,7,15,2475,DL,LAX,2,-43,33,0,0,33,94,244,0,0,14
-3,1,19,7,9,2475,DL,LAX,2,-43,33,0,0,33,94,244,0,0,14
-4,1,19,7,12,2475,DL,LAX,2,-43,33,0,0,33,94,244,0,0,14
1,1,19,7,16,2475,B6,LAX,2,-43,33,0,0,33,94,244,0,0,14
-3,1,19,7,20,2475,B6,LAX,2,-43,33,0,0,33,94,244,0,0,14
-2,1,19,7,20,2475,VX,LAX,2,-43,33,0,0,33,94,244,0,0,14
-1,1,19,7,6,2475,B6,LAX,2,-43,33,0,0,33,94,244,0,0,14
-3,1,19,7,9,2475,B6,LAX,2,-43,33,0,0,33,94,244,0,0,14
38,1,19,7,18,2475,DL,LAX,2,-43,33,0,0,33,94,244,0,0,14
11,1,19,7,20,2475,DL,LAX,2,-43,33,0,0,33,94,244,0,0,14
0,1,19,7,17,2475,UA,LAX,2,-43,33,0,0,33,94,244,0,0,14
-4,1,19,7,21,2475,AA,LAX,2,-43,33,0,0,33,94,244,0,0,14
-2,1,19,7,8,2475,UA,LAX,2,-43,33,0,0,33,94,244,0,0,14
-2,1,19,7,9,2475,AA,LAX,2,-43,33,0,0,33,94,244,0,0,14
16,1,19,7,20,2475,UA,LAX,2,-43,33,0,0,33,94,244,0,0,14
-1,1,19,7,11,2475,UA,LAX,2,-43,33,0,0,33,94,244,0,0,14
-3,1,19,7,12,2475,AA,LAX,2,-43,33,0,0,33,94,244,0,0,14
0,1,19,7,19,2475,AA,LAX,2,-43,33,0,0,33,94,244,0,0,14
115,1,19,7,15,2475,AA,LAX,2,-43,33,0,0,33,94,244,0,0,14
-10,1,19,7,13,2475,AA,LAX,2,-43,33,0,0,33,94,244,0,0,14
-7,1,19,7,10,2475,AA,LAX,2,-43,33,0,0,33,94,244,0,0,14
29,1,19,7,16,2475,AA,LAX,2,-43,33,0,0,33,94,244,0,0,14
8,1,19,7,7,2475,AA,LAX,2,-43,33,0,0,33,94,244,0,0,14
-1,1,19,7,14,2475,UA,LAX,2,-43,33,0,0,33,94,244,0,0,14
12,1,24,5,19,2475,AA,LAX,3,-121,-66,0,0,36,133,228,0,0,19
-7,1,24,5,7,2475,AA,LAX,3,-121,-66,0,0,36,133,228,0,0,19
4,1,24,5,10,2475,AA,LAX,3,-121,-66,0,0,36,133,228,0,0,19
1,1,24,5,13,2475,AA,LAX,3,-121,-66,0,0,36,133,228,0,0,19
8,1,24,5,12,2475,AA,LAX,3,-121,-66,0,0,36,133,228,0,0,19
-2,1,24,5,16,2475,AA,LAX,3,-121,-66,0,0,36,133,228,0,0,19
-4,1,24,5,9,2475,AA,LAX,3,-121,-66,0,0,36,133,228,0,0,19
4,1,24,5,21,2475,AA,LAX,3,-121,-66,0,0,36,133,228,0,0,19
-6,1,24,5,8,2475,UA,LAX,3,-121,-66,0,0,36,133,228,0,0,19
20,1,24,5,17,2475,UA,LAX,3,-121,-66,0,0,36,133,228,0,0,19
1,1,24,5,6,2475,UA,LAX,3,-121,-66,0,0,36,133,228,0,0,19
39,1,24,5,20,2475,UA,LAX,3,-121,-66,0,0,36,133,228,0,0,19
-3,1,24,5,11,2475,UA,LAX,3,-121,-66,0,0,36,133,228,0,0,19
-3,1,24,5,15,2475,AA,LAX,3,-121,-66,0,0,36,133,228,0,0,19
-2,1,24,5,12,2475,DL,LAX,3,-121,-66,0,0,36,133,228,0,0,19
9,1,24,5,18,2475,DL,LAX,3,-121,-66,0,0,36,133,228,0,0,19
21,1,24,5,20,2475,DL,LAX,3,-121,-66,0,0,36,133,228,0,0,19
1,1,24,5,9,2475,DL,LAX,3,-121,-66,0,0,36,133,228,0,0,19
-2,1,24,5,16,2475,DL,LAX,3,-121,-66,0,0,36,133,228,0,0,19
4,1,24,5,16,2475,B6,LAX,3,-121,-66,0,0,36,133,228,0,0,19
41,1,24,5,20,2475,B6,LAX,3,-121,-66,0,0,36,133,228,0,0,19
8,1,24,5,9,2475,B6,LAX,3,-121,-66,0,0,36,133,228,0,0,19
57,1,24,5,7,2475,VX,LAX,3,-121,-66,0,0,36,133,228,0,0,19
3,1,24,5,9,2475,VX,LAX,3,-121,-66,0,0,36,133,228,0,0,19
-3,1,24,5,13,2475,VX,LAX,3,-121,-66,0,0,36,133,228,0,0,19
0,1,24,5,16,2475,VX,LAX,3,-121,-66,0,0,36,133,228,0,0,19
0,1,24,5,6,2475,B6,LAX,3,-121,-66,0,0,36,133,228,0,0,19
13,1,24,5,20,2475,VX,LAX,3,-121,-66,0,0,36,133,228,0,0,19
-1,1,24,5,14,2475,UA,LAX,3,-121,-66,0,0,36,133,228,0,0,19
24,1,24,5,15,2475,DL,LAX,3,-121,-66,0,0,36,133,228,0,0,19
-2,1,24,5,9,2475,DL,LAX,3,-121,-66,0,0,36,133,228,0,0,19
9,2,25,2,7,2475,DL,LAX,7,-43,6,0,0,31,128,194,0,0,25
-2,2,25,2,20,2475,DL,LAX,7,-43,6,0,0,31,128,194,0,0,25
15,2,25,2,6,2475,AA,LAX,7,-43,6,0,0,31,128,194,0,0,25
-8,2,25,2,9,2475,DL,LAX,7,-43,6,0,0,31,128,194,0,0,25
-5,2,25,2,15,2475,DL,LAX,7,-43,6,0,0,31,128,194,0,0,25
-4,2,25,2,10,2475,AA,LAX,7,-43,6,0,0,31,128,194,0,0,25
-4,2,25,2,12,2475,AA,LAX,7,-43,6,0,0,31,128,194,0,0,25
2,2,25,2,15,2475,AA,LAX,7,-43,6,0,0,31,128,194,0,0,25
-3,2,25,2,12,2475,B6,LAX,7,-43,6,0,0,31,128,194,0,0,25
3,2,25,2,16,2475,B6,LAX,7,-43,6,0,0,31,128,194,0,0,25
-5,2,25,2,13,2475,AA,LAX,7,-43,6,0,0,31,128,194,0,0,25
24,2,25,2,21,2475,AA,LAX,7,-43,6,0,0,31,128,194,0,0,25
-3,2,25,2,8,2475,AA,LAX,7,-43,6,0,0,31,128,194,0,0,25
-2,2,25,2,18,2475,DL,LAX,7,-43,6,0,0,31,128,194,0,0,25
-4,2,25,2,16,2475,AA,LAX,7,-43,6,0,0,31,128,194,0,0,25
-5,2,25,2,12,2475,DL,LAX,7,-43,6,0,0,31,128,194,0,0,25
-6,2,25,2,6,2475,B6,LAX,7,-43,6,0,0,31,128,194,0,0,25
-1,2,25,2,20,2475,B6,LAX,7,-43,6,0,0,31,128,194,0,0,25
-8,2,25,2,9,2475,AA,LAX,7,-43,6,0,0,31,128,194,0,0,25
-9,2,25,2,19,2475,AA,LAX,7,-43,6,0,0,31,128,194,0,0,25
-3,2,25,2,16,2475,DL,LAX,7,-43,6,0,0,31,128,194,0,0,25
-7,2,25,2,9,2475,VX,LAX,7,-43,6,0,0,31,128,194,0,0,25
-5,2,25,2,7,2475,VX,LAX,7,-43,6,0,0,31,128,194,0,0,25
-6,2,25,2,20,2475,VX,LAX,7,-43,6,0,0,31,128,194,0,0,25
-5,2,25,2,16,2475,VX,LAX,7,-43,6,0,0,31,128,194,0,0,25
-7,2,25,2,13,2475,VX,LAX,7,-43,6,0,0,31,128,194,0,0,25
9,2,25,2,6,2475,UA,LAX,7,-43,6,0,0,31,128,194,0,0,25
-4,2,25,2,17,2475,UA,LAX,7,-43,6,0,0,31,128,194,0,0,25
-4,2,25,2,20,2475,UA,LAX,7,-43,6,0,0,31,128,194,0,0,25
-4,2,25,2,8,2475,UA,LAX,7,-43,6,0,0,31,128,194,0,0,25
53,2,25,2,14,2475,UA,LAX,7,-43,6,0,0,31,128,194,0,0,25
-5,2,25,2,11,2475,UA,LAX,7,-43,6,0,0,31,128,194,0,0,25
-5,3,3,1,20,2475,B6,LAX,13,-82,0,10,3,30,111,178,0,0,30
-4,3,3,1,16,2475,B6,LAX,13,-82,0,10,3,30,111,178,0,0,30
-4,3,3,1,11,2475,B6,LAX,13,-82,0,10,3,30,111,178,0,0,30
-4,3,3,1,12,2475,AA,LAX,13,-82,0,10,3,30,111,178,0,0,30
6,3,3,1,19,2475,AA,LAX,13,-82,0,10,3,30,111,178,0,0,30
196,3,3,1,9,2475,DL,LAX,13,-82,0,10,3,30,111,178,0,0,30
-2,3,3,1,12,2475,DL,LAX,13,-82,0,10,3,30,111,178,0,0,30
25,3,3,1,20,2475,DL,LAX,13,-82,0,10,3,30,111,178,0,0,30
-5,3,3,1,18,2475,DL,LAX,13,-82,0,10,3,30,111,178,0,0,30
8,3,3,1,7,2475,DL,LAX,13,-82,0,10,3,30,111,178,0,0,30
-3,3,3,1,16,2475,DL,LAX,13,-82,0,10,3,30,111,178,0,0,30
24,3,3,1,21,2475,AA,LAX,13,-82,0,10,3,30,111,178,0,0,30
36,3,3,1,16,2475,AA,LAX,13,-82,0,10,3,30,111,178,0,0,30
15,3,3,1,15,2475,AA,LAX,13,-82,0,10,3,30,111,178,0,0,30
35,3,3,1,15,2475,DL,LAX,13,-82,0,10,3,30,111,178,0,0,30
-8,3,3,1,20,2475,UA,LAX,13,-82,0,10,3,30,111,178,0,0,30
1,3,3,1,14,2475,UA,LAX,13,-82,0,10,3,30,111,178,0,0,30
-1,3,3,1,11,2475,UA,LAX,13,-82,0,10,3,30,111,178,0,0,30
9,3,3,1,20,2475,VX,LAX,13,-82,0,10,3,30,111,178,0,0,30
14,3,3,1,16,2475,VX,LAX,13,-82,0,10,3,30,111,178,0,0,30
-2,3,3,1,13,2475,VX,LAX,13,-82,0,10,3,30,111,178,0,0,30
-3,3,3,1,8,2475,UA,LAX,13,-82,0,10,3,30,111,178,0,0,30
-5,3,3,1,17,2475,UA,LAX,13,-82,0,10,3,30,111,178,0,0,30
0,3,26,3,7,2475,VX,LAX,36,-43,22,0,0,53,139,189,3,0,91
-3,3,26,3,16,2475,DL,LAX,36,-43,22,0,0,53,139,189,3,0,91
-3,3,26,3,9,2475,VX,LAX,36,-43,22,0,0,53,139,189,3,0,91
0,3,26,3,13,2475,VX,LAX,36,-43,22,0,0,53,139,189,3,0,91
9,3,26,3,16,2475,VX,LAX,36,-43,22,0,0,53,139,189,3,0,91
-6,3,26,3,20,2475,VX,LAX,36,-43,22,0,0,53,139,189,3,0,91
4,3,26,3,18,2475,DL,LAX,36,-43,22,0,0,53,139,189,3,0,91
21,3,26,3,7,2475,DL,LAX,36,-43,22,0,0,53,139,189,3,0,91
-4,3,26,3,20,2475,DL,LAX,36,-43,22,0,0,53,139,189,3,0,91
-5,3,26,3,12,2475,DL,LAX,36,-43,22,0,0,53,139,189,3,0,91
23,3,26,3,9,2475,DL,LAX,36,-43,22,0,0,53,139,189,3,0,91
106,3,26,3,15,2475,DL,LAX,36,-43,22,0,0,53,139,189,3,0,91
-6,3,26,3,11,2475,B6,LAX,36,-43,22,0,0,53,139,189,3,0,91
-3,3,26,3,6,2475,B6,LAX,36,-43,22,0,0,53,139,189,3,0,91
-6,3,26,3,13,2475,AA,LAX,36,-43,22,0,0,53,139,189,3,0,91
12,3,26,3,21,2475,AA,LAX,36,-43,22,0,0,53,139,189,3,0,91
-6,3,26,3,16,2475,AA,LAX,36,-43,22,0,0,53,139,189,3,0,91
-3,3,26,3,15,2475,AA,LAX,36,-43,22,0,0,53,139,189,3,0,91
45,3,26,3,8,2475,AA,LAX,36,-43,22,0,0,53,139,189,3,0,91
-3,3,26,3,19,2475,AA,LAX,36,-43,22,0,0,53,139,189,3,0,91
-4,3,26,3,10,2475,AA,LAX,36,-43,22,0,0,53,139,189,3,0,91
-7,3,26,3,6,2475,AA,LAX,36,-43,22,0,0,53,139,189,3,0,91
-8,3,26,3,12,2475,AA,LAX,36,-43,22,0,0,53,139,189,3,0,91
-3,3,26,3,9,2475,AA,LAX,36,-43,22,0,0,53,139,189,3,0,91
9,3,26,3,20,2475,B6,LAX,36,-43,22,0,0,53,139,189,3,0,91
-2,3,26,3,16,2475,B6,LAX,36,-43,22,0,0,53,139,189,3,0,91
6,3,26,3,17,2475,UA,LAX,36,-43,22,0,0,53,139,189,3,0,91
-7,3,26,3,6,2475,UA,LAX,36,-43,22,0,0,53,139,189,3,0,91
7,3,26,3,8,2475,UA,LAX,36,-43,22,0,0,53,139,189,3,0,91
-7,3,26,3,11,2475,UA,LAX,36,-43,22,0,0,53,139,189,3,0,91
-4,3,26,3,14,2475,UA,LAX,36,-43,22,0,0,53,139,189,3,0,91
-1,3,26,3,20,2475,UA,LAX,36,-43,22,0,0,53,139,189,3,0,91
-4,3,31,1,16,2475,AA,LAX,41,22,133,41,0,37,106,178,0,0,47
86,3,31,1,8,2475,AA,LAX,41,22,133,41,0,37,106,178,0,0,47
-5,3,31,1,19,2475,AA,LAX,41,22,133,41,0,37,106,178,0,0,47
2,3,31,1,11,2475,B6,LAX,41,22,133,41,0,37,106,178,0,0,47
-6,3,31,1,6,2475,AA,LAX,41,22,133,41,0,37,106,178,0,0,47
52,3,31,1,16,2475,B6,LAX,41,22,133,41,0,37,106,178,0,0,47
24,3,31,1,15,2475,AA,LAX,41,22,133,41,0,37,106,178,0,0,47
-3,3,31,1,6,2475,B6,LAX,41,22,133,41,0,37,106,178,0,0,47
2,3,31,1,13,2475,AA,LAX,41,22,133,41,0,37,106,178,0,0,47
-2,3,31,1,21,2475,AA,LAX,41,22,133,41,0,37,106,178,0,0,47
131,3,31,1,20,2475,B6,LAX,41,22,133,41,0,37,106,178,0,0,47
-1,3,31,1,12,2475,AA,LAX,41,22,133,41,0,37,106,178,0,0,47
-5,3,31,1,10,2475,AA,LAX,41,22,133,41,0,37,106,178,0,0,47
5,3,31,1,9,2475,AA,LAX,41,22,133,41,0,37,106,178,0,0,47
-5,3,31,1,17,2475,UA,LAX,41,22,133,41,0,37,106,178,0,0,47
-8,3,31,1,6,2475,UA,LAX,41,22,133,41,0,37,106,178,0,0,47
-4,3,31,1,8,2475,UA,LAX,41,22,133,41,0,37,106,178,0,0,47
-8,3,31,1,11,2475,UA,LAX,41,22,133,41,0,37,106,178,0,0,47
-2,3,31,1,14,2475,UA,LAX,41,22,133,41,0,37,106,178,0,0,47
16,3,31,1,20,2475,UA,LAX,41,22,133,41,0,37,106,178,0,0,47
5,3,31,1,7,2475,VX,LAX,41,22,133,41,0,37,106,178,0,0,47
-4,3,31,1,12,2475,DL,LAX,41,22,133,41,0,37,106,178,0,0,47
-4,3,31,1,7,2475,DL,LAX,41,22,133,41,0,37,106,178,0,0,47
30,3,31,1,15,2475,DL,LAX,41,22,133,41,0,37,106,178,0,0,47
1,3,31,1,9,2475,VX,LAX,41,22,133,41,0,37,106,178,0,0,47
-2,3,31,1,13,2475,VX,LAX,41,22,133,41,0,37,106,178,0,0,47
6,3,31,1,16,2475,VX,LAX,41,22,133,41,0,37,106,178,0,0,47
-5,3,31,1,18,2475,DL,LAX,41,22,133,41,0,37,106,178,0,0,47
13,3,31,1,20,2475,DL,LAX,41,22,133,41,0,37,106,178,0,0,47
-2,3,31,1,16,2475,DL,LAX,41,22,133,41,0,37,106,178,0,0,47
-1,3,31,1,20,2475,VX,LAX,41,22,133,41,0,37,106,178,0,0,47
32,4,4,5,20,2475,UA,LAX,45,44,83,53,0,38,117,167,0,0,35
-1,4,4,5,17,2475,UA,LAX,45,44,83,53,0,38,117,167,0,0,35
9,4,4,5,6,2475,UA,LAX,45,44,83,53,0,38,117,167,0,0,35
26,4,4,5,8,2475,UA,LAX,45,44,83,53,0,38,117,167,0,0,35
-5,4,4,5,14,2475,UA,LAX,45,44,83,53,0,38,117,167,0,0,35
-1,4,4,5,11,2475,UA,LAX,45,44,83,53,0,38,117,167,0,0,35
2,4,4,5,20,2475,B6,LAX,45,44,83,53,0,38,117,167,0,0,35
-6,4,4,5,6,2475,B6,LAX,45,44,83,53,0,38,117,167,0,0,35
-6,4,4,5,6,2475,AA,LAX,45,44,83,53,0,38,117,167,0,0,35
10,4,4,5,21,2475,AA,LAX,45,44,83,53,0,38,117,167,0,0,35
-2,4,4,5,13,2475,AA,LAX,45,44,83,53,0,38,117,167,0,0,35
1,4,4,5,15,2475,DL,LAX,45,44,83,53,0,38,117,167,0,0,35
-2,4,4,5,12,2475,AA,LAX,45,44,83,53,0,38,117,167,0,0,35
-3,4,4,5,9,2475,AA,LAX,45,44,83,53,0,38,117,167,0,0,35
138,4,4,5,17,2475,DL,LAX,45,44,83,53,0,38,117,167,0,0,35
-1,4,4,5,8,2475,DL,LAX,45,44,83,53,0,38,117,167,0,0,35
32,4,4,5,17,2475,AA,LAX,45,44,83,53,0,38,117,167,0,0,35
43,4,4,5,16,2475,AA,LAX,45,44,83,53,0,38,117,167,0,0,35
-2,4,4,5,8,2475,AA,LAX,45,44,83,53,0,38,117,167,0,0,35
0,4,4,5,7,2475,VX,LAX,45,44,83,53,0,38,117,167,0,0,35
-7,4,4,5,9,2475,VX,LAX,45,44,83,53,0,38,117,167,0,0,35
-7,4,4,5,13,2475,VX,LAX,45,44,83,53,0,38,117,167,0,0,35
15,4,4,5,16,2475,VX,LAX,45,44,83,53,0,38,117,167,0,0,35
38,4,4,5,20,2475,VX,LAX,45,44,83,53,0,38,117,167,0,0,35
-5,4,4,5,10,2475,AA,LAX,45,44,83,53,0,38,117,167,0,0,35
0,4,4,5,12,2475,DL,LAX,45,44,83,53,0,38,117,167,0,0,35
0,4,4,5,9,2475,DL,LAX,45,44,83,53,0,38,117,167,0,0,35
0,4,4,5,7,2475,DL,LAX,45,44,83,53,0,38,117,167,0,0,35
7,4,4,5,18,2475,DL,LAX,45,44,83,53,0,38,117,167,0,0,35
0,4,4,5,19,2475,AA,LAX,45,44,83,53,0,38,117,167,0,0,35
-3,4,4,5,11,2475,B6,LAX,45,44,83,53,0,38,117,167,0,0,35
10,4,4,5,21,2475,DL,LAX,45,44,83,53,0,38,117,167,0,0,35
-2,4,4,5,16,2475,B6,LAX,45,44,83,53,0,38,117,167,0,0,35
-4,4,4,5,6,2475,AA,LAX,45,44,83,53,0,38,117,167,0,0,35
-3,4,27,7,6,2475,AA,LAX,25,83,150,0,0,26,117,194,0,0,42
0,4,27,7,6,2475,AA,LAX,25,83,150,0,0,26,117,194,0,0,42
-7,4,27,7,10,2475,AA,LAX,25,83,150,0,0,26,117,194,0,0,42
9,4,27,7,20,2475,B6,LAX,25,83,150,0,0,26,117,194,0,0,42
134,4,27,7,16,2475,AA,LAX,25,83,150,0,0,26,117,194,0,0,42
-7,4,27,7,16,2475,B6,LAX,25,83,150,0,0,26,117,194,0,0,42
0,4,27,7,12,2475,AA,LAX,25,83,150,0,0,26,117,194,0,0,42
9,4,27,7,20,2475,VX,LAX,25,83,150,0,0,26,117,194,0,0,42
6,4,27,7,16,2475,VX,LAX,25,83,150,0,0,26,117,194,0,0,42
-1,4,27,7,13,2475,VX,LAX,25,83,150,0,0,26,117,194,0,0,42
3,4,27,7,9,2475,VX,LAX,25,83,150,0,0,26,117,194,0,0,42
1,4,27,7,7,2475,VX,LAX,25,83,150,0,0,26,117,194,0,0,42
0,4,27,7,11,2475,B6,LAX,25,83,150,0,0,26,117,194,0,0,42
-4,4,27,7,13,2475,AA,LAX,25,83,150,0,0,26,117,194,0,0,42
14,4,27,7,17,2475,AA,LAX,25,83,150,0,0,26,117,194,0,0,42
77,4,27,7,19,2475,AA,LAX,25,83,150,0,0,26,117,194,0,0,42
-5,4,27,7,8,2475,AA,LAX,25,83,150,0,0,26,117,194,0,0,42
-6,4,27,7,21,2475,AA,LAX,25,83,150,0,0,26,117,194,0,0,42
-10,4,27,7,9,2475,AA,LAX,25,83,150,0,0,26,117,194,0,0,42
13,4,27,7,18,2475,DL,LAX,25,83,150,0,0,26,117,194,0,0,42
0,4,27,7,8,2475,DL,LAX,25,83,150,0,0,26,117,194,0,0,42
-5,4,27,7,12,2475,DL,LAX,25,83,150,0,0,26,117,194,0,0,42
12,4,27,7,9,2475,DL,LAX,25,83,150,0,0,26,117,194,0,0,42
1,4,27,7,17,2475,DL,LAX,25,83,150,0,0,26,117,194,0,0,42
-2,4,27,7,15,2475,DL,LAX,25,83,150,0,0,26,117,194,0,0,42
-5,4,27,7,6,2475,B6,LAX,25,83,150,0,0,26,117,194,0,0,42
23,4,27,7,21,2475,DL,LAX,25,83,150,0,0,26,117,194,0,0,42
-2,4,27,7,7,2475,DL,LAX,25,83,150,0,0,26,117,194,0,0,42
3,4,27,7,14,2475,UA,LAX,25,83,150,0,0,26,117,194,0,0,42
-3,4,27,7,11,2475,UA,LAX,25,83,150,0,0,26,117,194,0,0,42
7,4,27,7,8,2475,UA,LAX,25,83,150,0,0,26,117,194,0,0,42
10,4,27,7,20,2475,UA,LAX,25,83,150,0,0,26,117,194,0,0,42
7,4,27,7,17,2475,UA,LAX,25,83,150,0,0,26,117,194,0,0,42
-8,5,5,1,12,2475,AA,LAX,17,100,211,0,0,33,144,211,0,0,47
-7,5,5,1,6,2475,AA,LAX,17,100,211,0,0,33,144,211,0,0,47
-8,5,5,1,10,2475,AA,LAX,17,100,211,0,0,33,144,211,0,0,47
-10,5,5,1,9,2475,AA,LAX,17,100,211,0,0,33,144,211,0,0,47
18,5,5,1,19,2475,AA,LAX,17,100,211,0,0,33,144,211,0,0,47
-5,5,5,1,21,2475,AA,LAX,17,100,211,0,0,33,144,211,0,0,47
-10,5,5,1,8,2475,AA,LAX,17,100,211,0,0,33,144,211,0,0,47
-6,5,5,1,17,2475,AA,LAX,17,100,211,0,0,33,144,211,0,0,47
4,5,5,1,6,2475,B6,LAX,17,100,211,0,0,33,144,211,0,0,47
16,5,5,1,13,2475,AA,LAX,17,100,211,0,0,33,144,211,0,0,47
30,5,5,1,17,2475,B6,LAX,17,100,211,0,0,33,144,211,0,0,47
-3,5,5,1,20,2475,B6,LAX,17,100,211,0,0,33,144,211,0,0,47
-3,5,5,1,9,2475,B6,LAX,17,100,211,0,0,33,144,211,0,0,47
-4,5,5,1,16,2475,AA,LAX,17,100,211,0,0,33,144,211,0,0,47
33,5,5,1,17,2475,DL,LAX,17,100,211,0,0,33,144,211,0,0,47
-2,5,5,1,7,2475,DL,LAX,17,100,211,0,0,33,144,211,0,0,47
-8,5,5,1,9,2475,DL,LAX,17,100,211,0,0,33,144,211,0,0,47
-2,5,5,1,12,2475,DL,LAX,17,100,211,0,0,33,144,211,0,0,47
2,5,5,1,15,2475,DL,LAX,17,100,211,0,0,33,144,211,0,0,47
15,5,5,1,21,2475,DL,LAX,17,100,211,0,0,33,144,211,0,0,47
64,5,5,1,8,2475,DL,LAX,17,100,211,0,0,33,144,211,0,0,47
10,5,5,1,18,2475,DL,LAX,17,100,211,0,0,33,144,211,0,0,47
-5,5,5,1,6,2475,AA,LAX,17,100,211,0,0,33,144,211,0,0,47
2,5,5,1,17,2475,UA,LAX,17,100,211,0,0,33,144,211,0,0,47
-8,5,5,1,6,2475,UA,LAX,17,100,211,0,0,33,144,211,0,0,47
1,5,5,1,20,2475,UA,LAX,17,100,211,0,0,33,144,211,0,0,47
-5,5,5,1,14,2475,UA,LAX,17,100,211,0,0,33,144,211,0,0,47
-6,5,5,1,9,2475,VX,LAX,17,100,211,0,0,33,144,211,0,0,47
2,5,5,1,20,2475,VX,LAX,17,100,211,0,0,33,144,211,0,0,47
-1,5,5,1,16,2475,VX,LAX,17,100,211,0,0,33,144,211,0,0,47
-6,5,5,1,13,2475,VX,LAX,17,100,211,0,0,33,144,211,0,0,47
-9,5,5,1,11,2475,UA,LAX,17,100,211,0,0,33,144,211,0,0,47
22,5,5,1,8,2475,UA,LAX,17,100,211,0,0,33,144,211,0,0,47
0,5,5,1,7,2475,VX,LAX,17,100,211,0,0,33,144,211,0,0,47
-3,5,10,6,7,2475,VX,LAX,12,139,283,94,0,20,139,211,0,0,32
43,5,10,6,13,2475,VX,LAX,12,139,283,94,0,20,139,211,0,0,32
-8,5,10,6,9,2475,VX,LAX,12,139,283,94,0,20,139,211,0,0,32
-1,5,10,6,16,2475,VX,LAX,12,139,283,94,0,20,139,211,0,0,32
161,5,10,6,18,2475,UA,LAX,12,139,283,94,0,20,139,211,0,0,32
-9,5,10,6,8,2475,UA,LAX,12,139,283,94,0,20,139,211,0,0,32
-6,5,10,6,6,2475,UA,LAX,12,139,283,94,0,20,139,211,0,0,32
-6,5,10,6,14,2475,UA,LAX,12,139,283,94,0,20,139,211,0,0,32
-8,5,10,6,11,2475,UA,LAX,12,139,283,94,0,20,139,211,0,0,32
-7,5,10,6,5,2475,AA,LAX,12,139,283,94,0,20,139,211,0,0,32
0,5,10,6,17,2475,AA,LAX,12,139,283,94,0,20,139,211,0,0,32
-2,5,10,6,20,2475,B6,LAX,12,139,283,94,0,20,139,211,0,0,32
0,5,10,6,15,2475,AA,LAX,12,139,283,94,0,20,139,211,0,0,32
-3,5,10,6,12,2475,AA,LAX,12,139,283,94,0,20,139,211,0,0,32
0,5,10,6,10,2475,AA,LAX,12,139,283,94,0,20,139,211,0,0,32
-6,5,10,6,7,2475,AA,LAX,12,139,283,94,0,20,139,211,0,0,32
2,5,10,6,9,2475,B6,LAX,12,139,283,94,0,20,139,211,0,0,32
61,5,10,6,17,2475,B6,LAX,12,139,283,94,0,20,139,211,0,0,32
-3,5,10,6,17,2475,DL,LAX,12,139,283,94,0,20,139,211,0,0,32
12,5,10,6,18,2475,AA,LAX,12,139,283,94,0,20,139,211,0,0,32
2,5,10,6,8,2475,AA,LAX,12,139,283,94,0,20,139,211,0,0,32
1,5,10,6,9,2475,AA,LAX,12,139,283,94,0,20,139,211,0,0,32
-3,5,10,6,8,2475,DL,LAX,12,139,283,94,0,20,139,211,0,0,32
-1,5,10,6,15,2475,DL,LAX,12,139,283,94,0,20,139,211,0,0,32
13,5,10,6,12,2475,DL,LAX,12,139,283,94,0,20,139,211,0,0,32
-5,5,10,6,9,2475,DL,LAX,12,139,283,94,0,20,139,211,0,0,32
42,5,10,6,18,2475,DL,LAX,12,139,283,94,0,20,139,211,0,0,32
57,5,10,6,16,2475,AA,LAX,12,139,283,94,0,20,139,211,0,0,32
2,5,28,3,12,2475,DL,LAX,2,122,178,0,0,34,183,228,0,0,28
-1,5,28,3,10,2475,AA,LAX,2,122,178,0,0,34,183,228,0,0,28
1,5,28,3,7,2475,AA,LAX,2,122,178,0,0,34,183,228,0,0,28
-6,5,28,3,8,2475,AA,LAX,2,122,178,0,0,34,183,228,0,0,28
27,5,28,3,17,2475,B6,LAX,2,122,178,0,0,34,183,228,0,0,28
5,5,28,3,9,2475,B6,LAX,2,122,178,0,0,34,183,228,0,0,28
6,5,28,3,6,2475,B6,LAX,2,122,178,0,0,34,183,228,0,0,28
-6,5,28,3,20,2475,AA,LAX,2,122,178,0,0,34,183,228,0,0,28
31,5,28,3,20,2475,B6,LAX,2,122,178,0,0,34,183,228,0,0,28
-6,5,28,3,15,2475,AA,LAX,2,122,178,0,0,34,183,228,0,0,28
-2,5,28,3,15,2475,DL,LAX,2,122,178,0,0,34,183,228,0,0,28
-3,5,28,3,8,2475,DL,LAX,2,122,178,0,0,34,183,228,0,0,28
-8,5,28,3,12,2475,AA,LAX,2,122,178,0,0,34,183,228,0,0,28
34,5,28,3,21,2475,DL,LAX,2,122,178,0,0,34,183,228,0,0,28
19,5,28,3,18,2475,DL,LAX,2,122,178,0,0,34,183,228,0,0,28
10,5,28,3,16,2475,AA,LAX,2,122,178,0,0,34,183,228,0,0,28
7,5,28,3,18,2475,AA,LAX,2,122,178,0,0,34,183,228,0,0,28
-6,5,28,3,9,2475,DL,LAX,2,122,178,0,0,34,183,228,0,0,28
-3,5,28,3,7,2475,DL,LAX,2,122,178,0,0,34,183,228,0,0,28
-4,5,28,3,17,2475,AA,LAX,2,122,178,0,0,34,183,228,0,0,28
-1,5,28,3,17,2475,DL,LAX,2,122,178,0,0,34,183,228,0,0,28
4,5,28,3,9,2475,AA,LAX,2,122,178,0,0,34,183,228,0,0,28
-5,5,28,3,5,2475,AA,LAX,2,122,178,0,0,34,183,228,0,0,28
-5,5,28,3,14,2475,UA,LAX,2,122,178,0,0,34,183,228,0,0,28
-5,5,28,3,11,2475,UA,LAX,2,122,178,0,0,34,183,228,0,0,28
11,5,28,3,20,2475,UA,LAX,2,122,178,0,0,34,183,228,0,0,28
-8,5,28,3,6,2475,UA,LAX,2,122,178,0,0,34,183,228,0,0,28
-5,5,28,3,8,2475,UA,LAX,2,122,178,0,0,34,183,228,0,0,28
2,5,28,3,17,2475,UA,LAX,2,122,178,0,0,34,183,228,0,0,28
-4,5,28,3,7,2475,VX,LAX,2,122,178,0,0,34,183,228,0,0,28
-2,5,28,3,9,2475,VX,LAX,2,122,178,0,0,34,183,228,0,0,28
-5,5,28,3,11,2475,VX,LAX,2,122,178,0,0,34,183,228,0,0,28
-2,5,28,3,13,2475,VX,LAX,2,122,178,0,0,34,183,228,0,0,28
-1,5,28,3,16,2475,VX,LAX,2,122,178,0,0,34,183,228,0,0,28
68,5,28,3,20,2475,VX,LAX,2,122,178,0,0,34,183,228,0,0,28
-5,6,6,5,6,2475,B6,LAX,11,161,244,0,0,20,161,211,0,0,39
-3,6,6,5,10,2475,AA,LAX,11,161,244,0,0,20,161,211,0,0,39
1,6,6,5,18,2475,AA,LAX,11,161,244,0,0,20,161,211,0,0,39
-3,6,6,5,11,2475,AA,LAX,11,161,244,0,0,20,161,211,0,0,39
-5,6,6,5,8,2475,AA,LAX,11,161,244,0,0,20,161,211,0,0,39
-8,6,6,5,5,2475,AA,LAX,11,161,244,0,0,20,161,211,0,0,39
-10,6,6,5,12,2475,AA,LAX,11,161,244,0,0,20,161,211,0,0,39
-6,6,6,5,9,2475,AA,LAX,11,161,244,0,0,20,161,211,0,0,39
-3,6,6,5,16,2475,AA,LAX,11,161,244,0,0,20,161,211,0,0,39
-6,6,6,5,17,2475,AA,LAX,11,161,244,0,0,20,161,211,0,0,39
2,6,6,5,20,2475,B6,LAX,11,161,244,0,0,20,161,211,0,0,39
-2,6,6,5,15,2475,AA,LAX,11,161,244,0,0,20,161,211,0,0,39
-1,6,6,5,7,2475,AA,LAX,11,161,244,0,0,20,161,211,0,0,39
0,6,6,5,20,2475,AA,LAX,11,161,244,0,0,20,161,211,0,0,39
-5,6,6,5,17,2475,B6,LAX,11,161,244,0,0,20,161,211,0,0,39
-4,6,6,5,9,2475,B6,LAX,11,161,244,0,0,20,161,211,0,0,39
-2,6,6,5,11,2475,VX,LAX,11,161,244,0,0,20,161,211,0,0,39
-5,6,6,5,13,2475,VX,LAX,11,161,244,0,0,20,161,211,0,0,39
-5,6,6,5,16,2475,VX,LAX,11,161,244,0,0,20,161,211,0,0,39
21,6,6,5,20,2475,VX,LAX,11,161,244,0,0,20,161,211,0,0,39
-9,6,6,5,9,2475,DL,LAX,11,161,244,0,0,20,161,211,0,0,39
-10,6,6,5,8,2475,DL,LAX,11,161,244,0,0,20,161,211,0,0,39
24,6,6,5,18,2475,DL,LAX,11,161,244,0,0,20,161,211,0,0,39
-3,6,6,5,11,2475,UA,LAX,11,161,244,0,0,20,161,211,0,0,39
96,6,6,5,15,2475,DL,LAX,11,161,244,0,0,20,161,211,0,0,39
12,6,6,5,16,2475,DL,LAX,11,161,244,0,0,20,161,211,0,0,39
-3,6,6,5,21,2475,DL,LAX,11,161,244,0,0,20,161,211,0,0,39
-2,6,6,5,7,2475,DL,LAX,11,161,244,0,0,20,161,211,0,0,39
-6,6,6,5,20,2475,UA,LAX,11,161,244,0,0,20,161,211,0,0,39
31,6,6,5,6,2475,UA,LAX,11,161,244,0,0,20,161,211,0,0,39
-13,6,6,5,8,2475,UA,LAX,11,161,244,0,0,20,161,211,0,0,39
2,6,6,5,17,2475,UA,LAX,11,161,244,0,0,20,161,211,0,0,39
-2,6,6,5,14,2475,UA,LAX,11,161,244,0,0,20,161,211,0,0,39
13,6,6,5,12,2475,DL,LAX,11,161,244,0,0,20,161,211,0,0,39
-6,6,6,5,7,2475,VX,LAX,11,161,244,0,0,20,161,211,0,0,39
-6,6,6,5,9,2475,VX,LAX,11,161,244,0,0,20,161,211,0,0,39
68,6,11,3,20,2475,UA,LAX,16,161,211,5,0,32,172,222,0,0,43
-7,6,11,3,7,2475,VX,LAX,16,161,211,5,0,32,172,222,0,0,43
-8,6,11,3,9,2475,VX,LAX,16,161,211,5,0,32,172,222,0,0,43
-2,6,11,3,11,2475,VX,LAX,16,161,211,5,0,32,172,222,0,0,43
-5,6,11,3,13,2475,VX,LAX,16,161,211,5,0,32,172,222,0,0,43
27,6,11,3,16,2475,VX,LAX,16,161,211,5,0,32,172,222,0,0,43
94,6,11,3,20,2475,VX,LAX,16,161,211,5,0,32,172,222,0,0,43
33,6,11,3,17,2475,UA,LAX,16,161,211,5,0,32,172,222,0,0,43
108,6,11,3,14,2475,UA,LAX,16,161,211,5,0,32,172,222,0,0,43
-9,6,11,3,6,2475,UA,LAX,16,161,211,5,0,32,172,222,0,0,43
0,6,11,3,16,2475,DL,LAX,16,161,211,5,0,32,172,222,0,0,43
8,6,11,3,15,2475,DL,LAX,16,161,211,5,0,32,172,222,0,0,43
93,6,11,3,12,2475,DL,LAX,16,161,211,5,0,32,172,222,0,0,43
-7,6,11,3,9,2475,DL,LAX,16,161,211,5,0,32,172,222,0,0,43
-5,6,11,3,8,2475,UA,LAX,16,161,211,5,0,32,172,222,0,0,43
73,6,11,3,8,2475,DL,LAX,16,161,211,5,0,32,172,222,0,0,43
16,6,11,3,18,2475,DL,LAX,16,161,211,5,0,32,172,222,0,0,43
38,6,11,3,21,2475,DL,LAX,16,161,211,5,0,32,172,222,0,0,43
-2,6,11,3,7,2475,DL,LAX,16,161,211,5,0,32,172,222,0,0,43
-4,6,11,3,11,2475,UA,LAX,16,161,211,5,0,32,172,222,0,0,43
-2,6,11,3,6,2475,B6,LAX,16,161,211,5,0,32,172,222,0,0,43
-9,6,11,3,8,2475,AA,LAX,16,161,211,5,0,32,172,222,0,0,43
-3,6,11,3,6,2475,AA,LAX,16,161,211,5,0,32,172,222,0,0,43
30,6,11,3,17,2475,AA,LAX,16,161,211,5,0,32,172,222,0,0,43
-7,6,11,3,12,2475,AA,LAX,16,161,211,5,0,32,172,222,0,0,43
-3,6,11,3,15,2475,AA,LAX,16,161,211,5,0,32,172,222,0,0,43
-1,6,11,3,16,2475,AA,LAX,16,161,211,5,0,32,172,222,0,0,43
27,6,11,3,20,2475,B6,LAX,16,161,211,5,0,32,172,222,0,0,43
-4,6,11,3,17,2475,B6,LAX,16,161,211,5,0,32,172,222,0,0,43
307,6,11,3,9,2475,B6,LAX,16,161,211,5,0,32,172,222,0,0,43
-8,6,11,3,7,2475,AA,LAX,16,161,211,5,0,32,172,222,0,0,43
7,6,11,3,20,2475,AA,LAX,16,161,211,5,0,32,172,222,0,0,43
1,6,11,3,18,2475,AA,LAX,16,161,211,5,0,32,172,222,0,0,43
46,6,11,3,10,2475,AA,LAX,16,161,211,5,0,32,172,222,0,0,43
-5,6,11,3,11,2475,AA,LAX,16,161,211,5,0,32,172,222,0,0,43
15,6,11,3,19,2475,AA,LAX,16,161,211,5,0,32,172,222,0,0,43
37,6,11,3,9,2475,AA,LAX,16,161,211,5,0,32,172,222,0,0,43
8,6,29,7,16,2475,B6,LAX,5,200,283,0,0,12,194,244,0,0,30
-7,6,29,7,12,2475,B6,LAX,5,200,283,0,0,12,194,244,0,0,30
-3,6,29,7,9,2475,B6,LAX,5,200,283,0,0,12,194,244,0,0,30
-5,6,29,7,6,2475,B6,LAX,5,200,283,0,0,12,194,244,0,0,30
0,6,29,7,20,2475,B6,LAX,5,200,283,0,0,12,194,244,0,0,30
-1,6,29,7,19,2475,AA,LAX,5,200,283,0,0,12,194,244,0,0,30
120,6,29,7,20,2475,AA,LAX,5,200,283,0,0,12,194,244,0,0,30
-1,6,29,7,17,2475,AA,LAX,5,200,283,0,0,12,194,244,0,0,30
-6,6,29,7,10,2475,AA,LAX,5,200,283,0,0,12,194,244,0,0,30
-4,6,29,7,6,2475,AA,LAX,5,200,283,0,0,12,194,244,0,0,30
-6,6,29,7,16,2475,AA,LAX,5,200,283,0,0,12,194,244,0,0,30
1,6,29,7,8,2475,AA,LAX,5,200,283,0,0,12,194,244,0,0,30
-9,6,29,7,15,2475,AA,LAX,5,200,283,0,0,12,194,244,0,0,30
-4,6,29,7,18,2475,AA,LAX,5,200,283,0,0,12,194,244,0,0,30
-8,6,29,7,11,2475,AA,LAX,5,200,283,0,0,12,194,244,0,0,30
-8,6,29,7,7,2475,AA,LAX,5,200,283,0,0,12,194,244,0,0,30
-10,6,29,7,12,2475,AA,LAX,5,200,283,0,0,12,194,244,0,0,30
-10,6,29,7,9,2475,AA,LAX,5,200,283,0,0,12,194,244,0,0,30
1,6,29,7,17,2475,UA,LAX,5,200,283,0,0,12,194,244,0,0,30
-4,6,29,7,20,2475,UA,LAX,5,200,283,0,0,12,194,244,0,0,30
-10,6,29,7,11,2475,UA,LAX,5,200,283,0,0,12,194,244,0,0,30
-4,6,29,7,8,2475,UA,LAX,5,200,283,0,0,12,194,244,0,0,30
21,6,29,7,18,2475,DL,LAX,5,200,283,0,0,12,194,244,0,0,30
11,6,29,7,8,2475,DL,LAX,5,200,283,0,0,12,194,244,0,0,30
5,6,29,7,9,2475,DL,LAX,5,200,283,0,0,12,194,244,0,0,30
-7,6,29,7,12,2475,DL,LAX,5,200,283,0,0,12,194,244,0,0,30
-1,6,29,7,7,2475,DL,LAX,5,200,283,0,0,12,194,244,0,0,30
29,6,29,7,21,2475,DL,LAX,5,200,283,0,0,12,194,244,0,0,30
31,6,29,7,16,2475,DL,LAX,5,200,283,0,0,12,194,244,0,0,30
23,6,29,7,15,2475,DL,LAX,5,200,283,0,0,12,194,244,0,0,30
11,6,29,7,14,2475,UA,LAX,5,200,283,0,0,12,194,244,0,0,30
7,6,29,7,7,2475,VX,LAX,5,200,283,0,0,12,194,244,0,0,30
-5,6,29,7,9,2475,VX,LAX,5,200,283,0,0,12,194,244,0,0,30
-1,6,29,7,11,2475,VX,LAX,5,200,283,0,0,12,194,244,0,0,30
-3,6,29,7,13,2475,VX,LAX,5,200,283,0,0,12,194,244,0,0,30
39,6,29,7,16,2475,VX,LAX,5,200,283,0,0,12,194,244,0,0,30
-2,6,29,7,20,2475,VX,LAX,5,200,283,0,0,12,194,244,0,0,30
-2,7,7,1,13,2475,VX,LAX,3,222,322,10,0,26,200,250,0,0,36
-5,7,7,1,11,2475,VX,LAX,3,222,322,10,0,26,200,250,0,0,36
-2,7,7,1,9,2475,VX,LAX,3,222,322,10,0,26,200,250,0,0,36
46,7,7,1,7,2475,VX,LAX,3,222,322,10,0,26,200,250,0,0,36
3,7,7,1,20,2475,VX,LAX,3,222,322,10,0,26,200,250,0,0,36
13,7,7,1,16,2475,VX,LAX,3,222,322,10,0,26,200,250,0,0,36
-4,7,7,1,6,2475,AA,LAX,3,222,322,10,0,26,200,250,0,0,36
0,7,7,1,14,2475,UA,LAX,3,222,322,10,0,26,200,250,0,0,36
-5,7,7,1,9,2475,B6,LAX,3,222,322,10,0,26,200,250,0,0,36
2,7,7,1,10,2475,AA,LAX,3,222,322,10,0,26,200,250,0,0,36
-4,7,7,1,12,2475,AA,LAX,3,222,322,10,0,26,200,250,0,0,36
-3,7,7,1,8,2475,UA,LAX,3,222,322,10,0,26,200,250,0,0,36
24,7,7,1,20,2475,UA,LAX,3,222,322,10,0,26,200,250,0,0,36
-4,7,7,1,17,2475,UA,LAX,3,222,322,10,0,26,200,250,0,0,36
12,7,7,1,18,2475,AA,LAX,3,222,322,10,0,26,200,250,0,0,36
2,7,7,1,11,2475,AA,LAX,3,222,322,10,0,26,200,250,0,0,36
-8,7,7,1,8,2475,AA,LAX,3,222,322,10,0,26,200,250,0,0,36
-1,7,7,1,7,2475,AA,LAX,3,222,322,10,0,26,200,250,0,0,36
0,7,7,1,20,2475,AA,LAX,3,222,322,10,0,26,200,250,0,0,36
-7,7,7,1,16,2475,AA,LAX,3,222,322,10,0,26,200,250,0,0,36
-5,7,7,1,15,2475,DL,LAX,3,222,322,10,0,26,200,250,0,0,36
138,7,7,1,21,2475,DL,LAX,3,222,322,10,0,26,200,250,0,0,36
1,7,7,1,8,2475,DL,LAX,3,222,322,10,0,26,200,250,0,0,36
9,7,7,1,16,2475,DL,LAX,3,222,322,10,0,26,200,250,0,0,36
-2,7,7,1,6,2475,B6,LAX,3,222,322,10,0,26,200,250,0,0,36
-1,7,7,1,19,2475,AA,LAX,3,222,322,10,0,26,200,250,0,0,36
-4,7,7,1,16,2475,B6,LAX,3,222,322,10,0,26,200,250,0,0,36
-2,7,7,1,18,2475,DL,LAX,3,222,322,10,0,26,200,250,0,0,36
-1,7,7,1,9,2475,DL,LAX,3,222,322,10,0,26,200,250,0,0,36
25,7,7,1,20,2475,B6,LAX,3,222,322,10,0,26,200,250,0,0,36
-7,7,7,1,11,2475,UA,LAX,3,222,322,10,0,26,200,250,0,0,36
-4,7,7,1,12,2475,DL,LAX,3,222,322,10,0,26,200,250,0,0,36
-1,7,7,1,15,2475,AA,LAX,3,222,322,10,0,26,200,250,0,0,36
12,7,7,1,12,2475,B6,LAX,3,222,322,10,0,26,200,250,0,0,36
-2,7,7,1,7,2475,DL,LAX,3,222,322,10,0,26,200,250,0,0,36
-4,7,7,1,9,2475,AA,LAX,3,222,322,10,0,26,200,250,0,0,36
0,7,7,1,6,2475,UA,LAX,3,222,322,10,0,26,200,250,0,0,36
-8,7,7,1,17,2475,AA,LAX,3,222,322,10,0,26,200,250,0,0,36
-3,7,12,6,16,2475,VX,LAX,8,217,294,0,0,15,189,239,0,0,34
44,7,12,6,13,2475,VX,LAX,8,217,294,0,0,15,189,239,0,0,34
-2,7,12,6,11,2475,VX,LAX,8,217,294,0,0,15,189,239,0,0,34
-9,7,12,6,9,2475,VX,LAX,8,217,294,0,0,15,189,239,0,0,34
12,7,12,6,7,2475,VX,LAX,8,217,294,0,0,15,189,239,0,0,34
-4,7,12,6,17,2475,AA,LAX,8,217,294,0,0,15,189,239,0,0,34
-4,7,12,6,9,2475,B6,LAX,8,217,294,0,0,15,189,239,0,0,34
0,7,12,6,7,2475,AA,LAX,8,217,294,0,0,15,189,239,0,0,34
-3,7,12,6,8,2475,UA,LAX,8,217,294,0,0,15,189,239,0,0,34
0,7,12,6,12,2475,AA,LAX,8,217,294,0,0,15,189,239,0,0,34
-5,7,12,6,18,2475,AA,LAX,8,217,294,0,0,15,189,239,0,0,34
-2,7,12,6,16,2475,AA,LAX,8,217,294,0,0,15,189,239,0,0,34
-5,7,12,6,16,2475,B6,LAX,8,217,294,0,0,15,189,239,0,0,34
-8,7,12,6,9,2475,AA,LAX,8,217,294,0,0,15,189,239,0,0,34
0,7,12,6,11,2475,UA,LAX,8,217,294,0,0,15,189,239,0,0,34
12,7,12,6,18,2475,DL,LAX,8,217,294,0,0,15,189,239,0,0,34
-4,7,12,6,9,2475,DL,LAX,8,217,294,0,0,15,189,239,0,0,34
-3,7,12,6,6,2475,B6,LAX,8,217,294,0,0,15,189,239,0,0,34
-3,7,12,6,12,2475,DL,LAX,8,217,294,0,0,15,189,239,0,0,34
75,7,12,6,18,2475,UA,LAX,8,217,294,0,0,15,189,239,0,0,34
4,7,12,6,10,2475,AA,LAX,8,217,294,0,0,15,189,239,0,0,34
-3,7,12,6,19,2475,AA,LAX,8,217,294,0,0,15,189,239,0,0,34
-2,7,12,6,15,2475,DL,LAX,8,217,294,0,0,15,189,239,0,0,34
-7,7,12,6,15,2475,AA,LAX,8,217,294,0,0,15,189,239,0,0,34
-1,7,12,6,8,2475,DL,LAX,8,217,294,0,0,15,189,239,0,0,34
-1,7,12,6,14,2475,UA,LAX,8,217,294,0,0,15,189,239,0,0,34
60,7,12,6,20,2475,AA,LAX,8,217,294,0,0,15,189,239,0,0,34
0,7,12,6,20,2475,B6,LAX,8,217,294,0,0,15,189,239,0,0,34
-3,7,12,6,11,2475,AA,LAX,8,217,294,0,0,15,189,239,0,0,34
63,7,12,6,12,2475,B6,LAX,8,217,294,0,0,15,189,239,0,0,34
-6,7,12,6,8,2475,AA,LAX,8,217,294,0,0,15,189,239,0,0,34
-1,7,12,6,6,2475,UA,LAX,8,217,294,0,0,15,189,239,0,0,34
-2,8,8,5,8,2475,UA,LAX,24,183,283,0,0,14,189,239,0,0,36
-1,8,8,5,14,2475,UA,LAX,24,183,283,0,0,14,189,239,0,0,36
99,8,8,5,6,2475,UA,LAX,24,183,283,0,0,14,189,239,0,0,36
-2,8,8,5,16,2475,DL,LAX,24,183,283,0,0,14,189,239,0,0,36
-6,8,8,5,8,2475,DL,LAX,24,183,283,0,0,14,189,239,0,0,36
51,8,8,5,21,2475,DL,LAX,24,183,283,0,0,14,189,239,0,0,36
-1,8,8,5,15,2475,DL,LAX,24,183,283,0,0,14,189,239,0,0,36
-2,8,8,5,7,2475,DL,LAX,24,183,283,0,0,14,189,239,0,0,36
46,8,8,5,12,2475,DL,LAX,24,183,283,0,0,14,189,239,0,0,36
-5,8,8,5,9,2475,DL,LAX,24,183,283,0,0,14,189,239,0,0,36
21,8,8,5,18,2475,DL,LAX,24,183,283,0,0,14,189,239,0,0,36
-4,8,8,5,7,2475,VX,LAX,24,183,283,0,0,14,189,239,0,0,36
-3,8,8,5,9,2475,VX,LAX,24,183,283,0,0,14,189,239,0,0,36
-3,8,8,5,11,2475,VX,LAX,24,183,283,0,0,14,189,239,0,0,36
-1,8,8,5,13,2475,VX,LAX,24,183,283,0,0,14,189,239,0,0,36
0,8,8,5,16,2475,VX,LAX,24,183,283,0,0,14,189,239,0,0,36
1,8,8,5,20,2475,VX,LAX,24,183,283,0,0,14,189,239,0,0,36
-3,8,8,5,11,2475,UA,LAX,24,183,283,0,0,14,189,239,0,0,36
-4,8,8,5,17,2475,UA,LAX,24,183,283,0,0,14,189,239,0,0,36
-1,8,8,5,20,2475,UA,LAX,24,183,283,0,0,14,189,239,0,0,36
-4,8,8,5,6,2475,B6,LAX,24,183,283,0,0,14,189,239,0,0,36
12,8,8,5,15,2475,AA,LAX,24,183,283,0,0,14,189,239,0,0,36
3,8,8,5,12,2475,B6,LAX,24,183,283,0,0,14,189,239,0,0,36
46,8,8,5,17,2475,AA,LAX,24,183,283,0,0,14,189,239,0,0,36
-4,8,8,5,9,2475,B6,LAX,24,183,283,0,0,14,189,239,0,0,36
1,8,8,5,16,2475,AA,LAX,24,183,283,0,0,14,189,239,0,0,36
-5,8,8,5,6,2475,AA,LAX,24,183,283,0,0,14,189,239,0,0,36
-3,8,8,5,9,2475,AA,LAX,24,183,283,0,0,14,189,239,0,0,36
-1,8,8,5,8,2475,AA,LAX,24,183,283,0,0,14,189,239,0,0,36
-9,8,8,5,12,2475,AA,LAX,24,183,283,0,0,14,189,239,0,0,36
-2,8,8,5,16,2475,B6,LAX,24,183,283,0,0,14,189,239,0,0,36
-3,8,8,5,7,2475,AA,LAX,24,183,283,0,0,14,189,239,0,0,36
-5,8,8,5,20,2475,B6,LAX,24,183,283,0,0,14,189,239,0,0,36
-6,8,8,5,11,2475,AA,LAX,24,183,283,0,0,14,189,239,0,0,36
-4,8,8,5,19,2475,AA,LAX,24,183,283,0,0,14,189,239,0,0,36
6,8,8,5,18,2475,AA,LAX,24,183,283,0,0,14,189,239,0,0,36
-11,8,8,5,10,2475,AA,LAX,24,183,283,0,0,14,189,239,0,0,36
7,8,8,5,20,2475,AA,LAX,24,183,283,0,0,14,189,239,0,0,36
131,8,13,3,16,2475,AA,LAX,19,200,278,135,0,25,189,233,0,0,38
-6,8,13,3,9,2475,AA,LAX,19,200,278,135,0,25,189,233,0,0,38
106,8,13,3,6,2475,B6,LAX,19,200,278,135,0,25,189,233,0,0,38
-5,8,13,3,12,2475,B6,LAX,19,200,278,135,0,25,189,233,0,0,38
-9,8,13,3,12,2475,AA,LAX,19,200,278,135,0,25,189,233,0,0,38
-3,8,13,3,18,2475,AA,LAX,19,200,278,135,0,25,189,233,0,0,38
-4,8,13,3,15,2475,AA,LAX,19,200,278,135,0,25,189,233,0,0,38
-4,8,13,3,9,2475,B6,LAX,19,200,278,135,0,25,189,233,0,0,38
-7,8,13,3,7,2475,AA,LAX,19,200,278,135,0,25,189,233,0,0,38
15,8,13,3,8,2475,AA,LAX,19,200,278,135,0,25,189,233,0,0,38
4,8,13,3,17,2475,AA,LAX,19,200,278,135,0,25,189,233,0,0,38
-2,8,13,3,20,2475,AA,LAX,19,200,278,135,0,25,189,233,0,0,38
88,8,13,3,20,2475,B6,LAX,19,200,278,135,0,25,189,233,0,0,38
-5,8,13,3,11,2475,AA,LAX,19,200,278,135,0,25,189,233,0,0,38
-2,8,13,3,19,2475,AA,LAX,19,200,278,135,0,25,189,233,0,0,38
2,8,13,3,10,2475,AA,LAX,19,200,278,135,0,25,189,233,0,0,38
-2,8,13,3,6,2475,AA,LAX,19,200,278,135,0,25,189,233,0,0,38
4,8,13,3,16,2475,B6,LAX,19,200,278,135,0,25,189,233,0,0,38
16,8,13,3,16,2475,VX,LAX,19,200,278,135,0,25,189,233,0,0,38
-2,8,13,3,13,2475,VX,LAX,19,200,278,135,0,25,189,233,0,0,38
2,8,13,3,11,2475,VX,LAX,19,200,278,135,0,25,189,233,0,0,38
-5,8,13,3,9,2475,VX,LAX,19,200,278,135,0,25,189,233,0,0,38
-1,8,13,3,7,2475,VX,LAX,19,200,278,135,0,25,189,233,0,0,38
-1,8,13,3,8,2475,UA,LAX,19,200,278,135,0,25,189,233,0,0,38
60,8,13,3,14,2475,UA,LAX,19,200,278,135,0,25,189,233,0,0,38
-4,8,13,3,17,2475,UA,LAX,19,200,278,135,0,25,189,233,0,0,38
-2,8,13,3,11,2475,UA,LAX,19,200,278,135,0,25,189,233,0,0,38
-4,8,13,3,20,2475,UA,LAX,19,200,278,135,0,25,189,233,0,0,38
145,8,13,3,6,2475,UA,LAX,19,200,278,135,0,25,189,233,0,0,38
-3,8,13,3,20,2475,VX,LAX,19,200,278,135,0,25,189,233,0,0,38
15,8,13,3,16,2475,DL,LAX,19,200,278,135,0,25,189,233,0,0,38
-8,8,13,3,8,2475,DL,LAX,19,200,278,135,0,25,189,233,0,0,38
106,8,13,3,21,2475,DL,LAX,19,200,278,135,0,25,189,233,0,0,38
0,8,13,3,15,2475,DL,LAX,19,200,278,135,0,25,189,233,0,0,38
8,8,13,3,7,2475,DL,LAX,19,200,278,135,0,25,189,233,0,0,38
-1,8,13,3,12,2475,DL,LAX,19,200,278,135,0,25,189,233,0,0,38
-1,8,13,3,9,2475,DL,LAX,19,200,278,135,0,25,189,233,0,0,38
-2,8,13,3,18,2475,DL,LAX,19,200,278,135,0,25,189,233,0,0,38
-6,9,9,2,20,2475,B6,LAX,8,172,228,0,0,35,206,283,0,0,28
-3,9,9,2,16,2475,AA,LAX,8,172,228,0,0,35,206,283,0,0,28
-11,9,9,2,7,2475,AA,LAX,8,172,228,0,0,35,206,283,0,0,28
-1,9,9,2,16,2475,B6,LAX,8,172,228,0,0,35,206,283,0,0,28
2,9,9,2,11,2475,AA,LAX,8,172,228,0,0,35,206,283,0,0,28
-9,9,9,2,8,2475,AA,LAX,8,172,228,0,0,35,206,283,0,0,28
-5,9,9,2,10,2475,AA,LAX,8,172,228,0,0,35,206,283,0,0,28
-7,9,9,2,12,2475,AA,LAX,8,172,228,0,0,35,206,283,0,0,28
-1,9,9,2,20,2475,AA,LAX,8,172,228,0,0,35,206,283,0,0,28
0,9,9,2,20,2475,VX,LAX,8,172,228,0,0,35,206,283,0,0,28
-2,9,9,2,6,2475,AA,LAX,8,172,228,0,0,35,206,283,0,0,28
-4,9,9,2,16,2475,VX,LAX,8,172,228,0,0,35,206,283,0,0,28
-4,9,9,2,18,2475,AA,LAX,8,172,228,0,0,35,206,283,0,0,28
-4,9,9,2,17,2475,AA,LAX,8,172,228,0,0,35,206,283,0,0,28
-2,9,9,2,7,2475,VX,LAX,8,172,228,0,0,35,206,283,0,0,28
-5,9,9,2,19,2475,AA,LAX,8,172,228,0,0,35,206,283,0,0,28
-1,9,9,2,9,2475,VX,LAX,8,172,228,0,0,35,206,283,0,0,28
-6,9,9,2,9,2475,B6,LAX,8,172,228,0,0,35,206,283,0,0,28
-4,9,9,2,14,2475,AA,LAX,8,172,228,0,0,35,206,283,0,0,28
-4,9,9,2,13,2475,VX,LAX,8,172,228,0,0,35,206,283,0,0,28
-9,9,9,2,11,2475,B6,LAX,8,172,228,0,0,35,206,283,0,0,28
-2,9,9,2,9,2475,AA,LAX,8,172,228,0,0,35,206,283,0,0,28
-4,9,9,2,6,2475,B6,LAX,8,172,228,0,0,35,206,283,0,0,28
-4,9,9,2,18,2475,DL,LAX,8,172,228,0,0,35,206,283,0,0,28
63,9,9,2,9,2475,DL,LAX,8,172,228,0,0,35,206,283,0,0,28
-2,9,9,2,12,2475,DL,LAX,8,172,228,0,0,35,206,283,0,0,28
-5,9,9,2,7,2475,DL,LAX,8,172,228,0,0,35,206,283,0,0,28
-3,9,9,2,16,2475,DL,LAX,8,172,228,0,0,35,206,283,0,0,28
44,9,9,2,21,2475,DL,LAX,8,172,228,0,0,35,206,283,0,0,28
-1,9,9,2,8,2475,DL,LAX,8,172,228,0,0,35,206,283,0,0,28
-4,9,9,2,15,2475,DL,LAX,8,172,228,0,0,35,206,283,0,0,28
-4,9,9,2,14,2475,UA,LAX,8,172,228,0,0,35,206,283,0,0,28
-7,9,9,2,20,2475,UA,LAX,8,172,228,0,0,35,206,283,0,0,28
-6,9,9,2,8,2475,UA,LAX,8,172,228,0,0,35,206,283,0,0,28
-8,9,9,2,6,2475,UA,LAX,8,172,228,0,0,35,206,283,0,0,28
-6,9,9,2,11,2475,UA,LAX,8,172,228,0,0,35,206,283,0,0,28
4,9,9,2,17,2475,UA,LAX,8,172,228,0,0,35,206,283,0,0,28
-2,9,14,7,8,2475,DL,LAX,13,117,217,0,0,14,217,294,0,0,27
-2,9,14,7,21,2475,DL,LAX,13,117,217,0,0,14,217,294,0,0,27
-6,9,14,7,16,2475,DL,LAX,13,117,217,0,0,14,217,294,0,0,27
19,9,14,7,7,2475,DL,LAX,13,117,217,0,0,14,217,294,0,0,27
-3,9,14,7,8,2475,UA,LAX,13,117,217,0,0,14,217,294,0,0,27
34,9,14,7,20,2475,UA,LAX,13,117,217,0,0,14,217,294,0,0,27
-3,9,14,7,17,2475,UA,LAX,13,117,217,0,0,14,217,294,0,0,27
-4,9,14,7,11,2475,UA,LAX,13,117,217,0,0,14,217,294,0,0,27
-6,9,14,7,14,2475,UA,LAX,13,117,217,0,0,14,217,294,0,0,27
36,9,14,7,12,2475,DL,LAX,13,117,217,0,0,14,217,294,0,0,27
-3,9,14,7,9,2475,DL,LAX,13,117,217,0,0,14,217,294,0,0,27
6,9,14,7,15,2475,DL,LAX,13,117,217,0,0,14,217,294,0,0,27
15,9,14,7,18,2475,DL,LAX,13,117,217,0,0,14,217,294,0,0,27
-3,9,14,7,6,2475,B6,LAX,13,117,217,0,0,14,217,294,0,0,27
-4,9,14,7,16,2475,AA,LAX,13,117,217,0,0,14,217,294,0,0,27
2,9,14,7,20,2475,AA,LAX,13,117,217,0,0,14,217,294,0,0,27
0,9,14,7,9,2475,B6,LAX,13,117,217,0,0,14,217,294,0,0,27
-8,9,14,7,10,2475,AA,LAX,13,117,217,0,0,14,217,294,0,0,27
-3,9,14,7,19,2475,AA,LAX,13,117,217,0,0,14,217,294,0,0,27
6,9,14,7,18,2475,AA,LAX,13,117,217,0,0,14,217,294,0,0,27
-5,9,14,7,6,2475,AA,LAX,13,117,217,0,0,14,217,294,0,0,27
0,9,14,7,16,2475,B6,LAX,13,117,217,0,0,14,217,294,0,0,27
-7,9,14,7,17,2475,AA,LAX,13,117,217,0,0,14,217,294,0,0,27
-6,9,14,7,12,2475,AA,LAX,13,117,217,0,0,14,217,294,0,0,27
-1,9,14,7,11,2475,B6,LAX,13,117,217,0,0,14,217,294,0,0,27
19,9,14,7,8,2475,AA,LAX,13,117,217,0,0,14,217,294,0,0,27
4,9,14,7,14,2475,AA,LAX,13,117,217,0,0,14,217,294,0,0,27
-10,9,14,7,11,2475,AA,LAX,13,117,217,0,0,14,217,294,0,0,27
10,9,14,7,20,2475,B6,LAX,13,117,217,0,0,14,217,294,0,0,27
35,9,14,7,20,2475,VX,LAX,13,117,217,0,0,14,217,294,0,0,27
-1,9,14,7,16,2475,VX,LAX,13,117,217,0,0,14,217,294,0,0,27
-6,9,14,7,9,2475,AA,LAX,13,117,217,0,0,14,217,294,0,0,27
9,9,14,7,13,2475,VX,LAX,13,117,217,0,0,14,217,294,0,0,27
-1,9,14,7,11,2475,VX,LAX,13,117,217,0,0,14,217,294,0,0,27
-6,9,14,7,7,2475,AA,LAX,13,117,217,0,0,14,217,294,0,0,27
-4,9,14,7,9,2475,VX,LAX,13,117,217,0,0,14,217,294,0,0,27
-3,10,5,7,16,2475,VX,LAX,8,78,161,0,0,25,172,294,0,0,23
-3,10,5,7,9,2475,AA,LAX,8,78,161,0,0,25,172,294,0,0,23
31,10,5,7,12,2475,AA,LAX,8,78,161,0,0,25,172,294,0,0,23
-3,10,5,7,17,2475,UA,LAX,8,78,161,0,0,25,172,294,0,0,23
24,10,5,7,20,2475,UA,LAX,8,78,161,0,0,25,172,294,0,0,23
-1,10,5,7,8,2475,UA,LAX,8,78,161,0,0,25,172,294,0,0,23
-4,10,5,7,7,2475,AA,LAX,8,78,161,0,0,25,172,294,0,0,23
-4,10,5,7,14,2475,UA,LAX,8,78,161,0,0,25,172,294,0,0,23
-5,10,5,7,11,2475,UA,LAX,8,78,161,0,0,25,172,294,0,0,23
-11,10,5,7,11,2475,AA,LAX,8,78,161,0,0,25,172,294,0,0,23
9,10,5,7,20,2475,VX,LAX,8,78,161,0,0,25,172,294,0,0,23
3,10,5,7,18,2475,AA,LAX,8,78,161,0,0,25,172,294,0,0,23
-6,10,5,7,8,2475,AA,LAX,8,78,161,0,0,25,172,294,0,0,23
-5,10,5,7,14,2475,AA,LAX,8,78,161,0,0,25,172,294,0,0,23
22,10,5,7,16,2475,AA,LAX,8,78,161,0,0,25,172,294,0,0,23
-1,10,5,7,17,2475,AA,LAX,8,78,161,0,0,25,172,294,0,0,23
48,10,5,7,20,2475,AA,LAX,8,78,161,0,0,25,172,294,0,0,23
-9,10,5,7,19,2475,AA,LAX,8,78,161,0,0,25,172,294,0,0,23
-1,10,5,7,9,2475,VX,LAX,8,78,161,0,0,25,172,294,0,0,23
-5,10,5,7,11,2475,VX,LAX,8,78,161,0,0,25,172,294,0,0,23
13,10,5,7,13,2475,VX,LAX,8,78,161,0,0,25,172,294,0,0,23
42,10,5,7,7,2475,DL,LAX,8,78,161,0,0,25,172,294,0,0,23
63,10,5,7,21,2475,DL,LAX,8,78,161,0,0,25,172,294,0,0,23
13,10,5,7,15,2475,DL,LAX,8,78,161,0,0,25,172,294,0,0,23
0,10,5,7,8,2475,DL,LAX,8,78,161,0,0,25,172,294,0,0,23
-11,10,5,7,10,2475,AA,LAX,8,78,161,0,0,25,172,294,0,0,23
2,10,5,7,21,2475,B6,LAX,8,78,161,0,0,25,172,294,0,0,23
13,10,5,7,16,2475,B6,LAX,8,78,161,0,0,25,172,294,0,0,23
-3,10,5,7,11,2475,B6,LAX,8,78,161,0,0,25,172,294,0,0,23
-8,10,5,7,9,2475,B6,LAX,8,78,161,0,0,25,172,294,0,0,23
-3,10,5,7,8,2475,B6,LAX,8,78,161,0,0,25,172,294,0,0,23
-10,10,5,7,6,2475,B6,LAX,8,78,161,0,0,25,172,294,0,0,23
-4,10,5,7,6,2475,AA,LAX,8,78,161,0,0,25,172,294,0,0,23
1,10,5,7,18,2475,DL,LAX,8,78,161,0,0,25,172,294,0,0,23
-6,10,5,7,16,2475,DL,LAX,8,78,161,0,0,25,172,294,0,0,23
-2,10,5,7,9,2475,DL,LAX,8,78,161,0,0,25,172,294,0,0,23
9,10,5,7,12,2475,DL,LAX,8,78,161,0,0,25,172,294,0,0,23
19,10,10,5,14,2475,UA,LAX,3,111,178,0,0,10,189,228,0,0,29
-8,10,10,5,7,2475,AA,LAX,3,111,178,0,0,10,189,228,0,0,29
-6,10,10,5,12,2475,AA,LAX,3,111,178,0,0,10,189,228,0,0,29
129,10,10,5,20,2475,VX,LAX,3,111,178,0,0,10,189,228,0,0,29
0,10,10,5,19,2475,AA,LAX,3,111,178,0,0,10,189,228,0,0,29
23,10,10,5,16,2475,VX,LAX,3,111,178,0,0,10,189,228,0,0,29
-5,10,10,5,9,2475,AA,LAX,3,111,178,0,0,10,189,228,0,0,29
-8,10,10,5,13,2475,VX,LAX,3,111,178,0,0,10,189,228,0,0,29
-1,10,10,5,11,2475,VX,LAX,3,111,178,0,0,10,189,228,0,0,29
-6,10,10,5,9,2475,VX,LAX,3,111,178,0,0,10,189,228,0,0,29
-3,10,10,5,7,2475,VX,LAX,3,111,178,0,0,10,189,228,0,0,29
-12,10,10,5,11,2475,AA,LAX,3,111,178,0,0,10,189,228,0,0,29
198,10,10,5,20,2475,AA,LAX,3,111,178,0,0,10,189,228,0,0,29
23,10,10,5,17,2475,AA,LAX,3,111,178,0,0,10,189,228,0,0,29
37,10,10,5,16,2475,AA,LAX,3,111,178,0,0,10,189,228,0,0,29
-6,10,10,5,14,2475,AA,LAX,3,111,178,0,0,10,189,228,0,0,29
-4,10,10,5,8,2475,AA,LAX,3,111,178,0,0,10,189,228,0,0,29
-6,10,10,5,18,2475,AA,LAX,3,111,178,0,0,10,189,228,0,0,29
-2,10,10,5,6,2475,UA,LAX,3,111,178,0,0,10,189,228,0,0,29
0,10,10,5,8,2475,UA,LAX,3,111,178,0,0,10,189,228,0,0,29
-2,10,10,5,20,2475,UA,LAX,3,111,178,0,0,10,189,228,0,0,29
35,10,10,5,17,2475,UA,LAX,3,111,178,0,0,10,189,228,0,0,29
6,10,10,5,11,2475,UA,LAX,3,111,178,0,0,10,189,228,0,0,29
90,10,10,5,21,2475,DL,LAX,3,111,178,0,0,10,189,228,0,0,29
-1,10,10,5,9,2475,DL,LAX,3,111,178,0,0,10,189,228,0,0,29
30,10,10,5,15,2475,DL,LAX,3,111,178,0,0,10,189,228,0,0,29
-1,10,10,5,7,2475,DL,LAX,3,111,178,0,0,10,189,228,0,0,29
-1,10,10,5,12,2475,DL,LAX,3,111,178,0,0,10,189,228,0,0,29
-4,10,10,5,9,2475,DL,LAX,3,111,178,0,0,10,189,228,0,0,29
40,10,10,5,16,2475,DL,LAX,3,111,178,0,0,10,189,228,0,0,29
8,10,10,5,18,2475,DL,LAX,3,111,178,0,0,10,189,228,0,0,29
24,10,10,5,21,2475,B6,LAX,3,111,178,0,0,10,189,228,0,0,29
29,10,10,5,16,2475,B6,LAX,3,111,178,0,0,10,189,228,0,0,29
22,10,10,5,11,2475,B6,LAX,3,111,178,0,0,10,189,228,0,0,29
-7,10,10,5,9,2475,B6,LAX,3,111,178,0,0,10,189,228,0,0,29
-1,10,10,5,8,2475,B6,LAX,3,111,178,0,0,10,189,228,0,0,29
-5,10,10,5,6,2475,B6,LAX,3,111,178,0,0,10,189,228,0,0,29
-6,10,10,5,10,2475,AA,LAX,3,111,178,0,0,10,189,228,0,0,29
-9,10,10,5,6,2475,AA,LAX,3,111,178,0,0,10,189,228,0,0,29
-8,10,28,2,8,2475,UA,LAX,14,117,222,0,0,13,150,228,0,0,22
-9,10,28,2,12,2475,AA,LAX,14,117,222,0,0,13,150,228,0,0,22
-1,10,28,2,7,2475,AA,LAX,14,117,222,0,0,13,150,228,0,0,22
-3,10,28,2,19,2475,AA,LAX,14,117,222,0,0,13,150,228,0,0,22
-10,10,28,2,11,2475,AA,LAX,14,117,222,0,0,13,150,228,0,0,22
-4,10,28,2,18,2475,AA,LAX,14,117,222,0,0,13,150,228,0,0,22
-3,10,28,2,6,2475,UA,LAX,14,117,222,0,0,13,150,228,0,0,22
-4,10,28,2,8,2475,AA,LAX,14,117,222,0,0,13,150,228,0,0,22
0,10,28,2,20,2475,VX,LAX,14,117,222,0,0,13,150,228,0,0,22
-3,10,28,2,16,2475,VX,LAX,14,117,222,0,0,13,150,228,0,0,22
-3,10,28,2,14,2475,AA,LAX,14,117,222,0,0,13,150,228,0,0,22
4,10,28,2,13,2475,VX,LAX,14,117,222,0,0,13,150,228,0,0,22
0,10,28,2,9,2475,VX,LAX,14,117,222,0,0,13,150,228,0,0,22
-2,10,28,2,16,2475,AA,LAX,14,117,222,0,0,13,150,228,0,0,22
36,10,28,2,7,2475,VX,LAX,14,117,222,0,0,13,150,228,0,0,22
-4,10,28,2,17,2475,AA,LAX,14,117,222,0,0,13,150,228,0,0,22
38,10,28,2,20,2475,AA,LAX,14,117,222,0,0,13,150,228,0,0,22
-2,10,28,2,14,2475,UA,LAX,14,117,222,0,0,13,150,228,0,0,22
-7,10,28,2,11,2475,UA,LAX,14,117,222,0,0,13,150,228,0,0,22
-2,10,28,2,17,2475,UA,LAX,14,117,222,0,0,13,150,228,0,0,22
-9,10,28,2,9,2475,AA,LAX,14,117,222,0,0,13,150,228,0,0,22
-5,10,28,2,19,2475,UA,LAX,14,117,222,0,0,13,150,228,0,0,22
1,10,28,2,21,2475,B6,LAX,14,117,222,0,0,13,150,228,0,0,22
-11,10,28,2,9,2475,B6,LAX,14,117,222,0,0,13,150,228,0,0,22
-1,10,28,2,16,2475,DL,LAX,14,117,222,0,0,13,150,228,0,0,22
-5,10,28,2,9,2475,DL,LAX,14,117,222,0,0,13,150,228,0,0,22
-6,10,28,2,8,2475,DL,LAX,14,117,222,0,0,13,150,228,0,0,22
5,10,28,2,15,2475,DL,LAX,14,117,222,0,0,13,150,228,0,0,22
5,10,28,2,21,2475,DL,LAX,14,117,222,0,0,13,150,228,0,0,22
-3,10,28,2,7,2475,DL,LAX,14,117,222,0,0,13,150,228,0,0,22
-3,10,28,2,12,2475,DL,LAX,14,117,222,0,0,13,150,228,0,0,22
-9,10,28,2,7,2475,B6,LAX,14,117,222,0,0,13,150,228,0,0,22
-5,10,28,2,6,2475,AA,LAX,14,117,222,0,0,13,150,228,0,0,22
0,10,28,2,15,2475,B6,LAX,14,117,222,0,0,13,150,228,0,0,22
-13,10,28,2,6,2475,B6,LAX,14,117,222,0,0,13,150,228,0,0,22
14,10,28,2,18,2475,DL,LAX,14,117,222,0,0,13,150,228,0,0,22
-6,10,28,2,9,2475,AA,LAX,14,117,222,0,0,13,150,228,0,0,22
-7,11,6,4,7,2475,B6,LAX,5,89,139,94,0,14,167,311,0,0,23
-3,11,6,4,6,2475,B6,LAX,5,89,139,94,0,14,167,311,0,0,23
47,11,6,4,20,2475,AA,LAX,5,89,139,94,0,14,167,311,0,0,23
-4,11,6,4,12,2475,AA,LAX,5,89,139,94,0,14,167,311,0,0,23
3,11,6,4,7,2475,DL,LAX,5,89,139,94,0,14,167,311,0,0,23
-5,11,6,4,10,2475,AA,LAX,5,89,139,94,0,14,167,311,0,0,23
39,11,6,4,14,2475,AA,LAX,5,89,139,94,0,14,167,311,0,0,23
-1,11,6,4,11,2475,AA,LAX,5,89,139,94,0,14,167,311,0,0,23
35,11,6,4,17,2475,AA,LAX,5,89,139,94,0,14,167,311,0,0,23
-3,11,6,4,9,2475,AA,LAX,5,89,139,94,0,14,167,311,0,0,23
0,11,6,4,18,2475,AA,LAX,5,89,139,94,0,14,167,311,0,0,23
3,11,6,4,7,2475,AA,LAX,5,89,139,94,0,14,167,311,0,0,23
-3,11,6,4,9,2475,DL,LAX,5,89,139,94,0,14,167,311,0,0,23
-3,11,6,4,16,2475,DL,LAX,5,89,139,94,0,14,167,311,0,0,23
11,11,6,4,15,2475,DL,LAX,5,89,139,94,0,14,167,311,0,0,23
0,11,6,4,21,2475,DL,LAX,5,89,139,94,0,14,167,311,0,0,23
5,11,6,4,8,2475,AA,LAX,5,89,139,94,0,14,167,311,0,0,23
-1,11,6,4,18,2475,B6,LAX,5,89,139,94,0,14,167,311,0,0,23
1,11,6,4,18,2475,DL,LAX,5,89,139,94,0,14,167,311,0,0,23
10,11,6,4,16,2475,AA,LAX,5,89,139,94,0,14,167,311,0,0,23
4,11,6,4,20,2475,AA,LAX,5,89,139,94,0,14,167,311,0,0,23
-7,11,6,4,6,2475,AA,LAX,5,89,139,94,0,14,167,311,0,0,23
7,11,6,4,15,2475,B6,LAX,5,89,139,94,0,14,167,311,0,0,23
40,11,6,4,21,2475,B6,LAX,5,89,139,94,0,14,167,311,0,0,23
13,11,6,4,8,2475,DL,LAX,5,89,139,94,0,14,167,311,0,0,23
-4,11,6,4,11,2475,DL,LAX,5,89,139,94,0,14,167,311,0,0,23
-2,11,6,4,9,2475,B6,LAX,5,89,139,94,0,14,167,311,0,0,23
-7,11,6,4,6,2475,UA,LAX,5,89,139,94,0,14,167,311,0,0,23
-7,11,6,4,8,2475,UA,LAX,5,89,139,94,0,14,167,311,0,0,23
-3,11,6,4,19,2475,UA,LAX,5,89,139,94,0,14,167,311,0,0,23
12,11,6,4,17,2475,UA,LAX,5,89,139,94,0,14,167,311,0,0,23
-2,11,6,4,11,2475,UA,LAX,5,89,139,94,0,14,167,311,0,0,23
-3,11,6,4,14,2475,UA,LAX,5,89,139,94,0,14,167,311,0,0,23
0,11,6,4,16,2475,VX,LAX,5,89,139,94,0,14,167,311,0,0,23
-4,11,6,4,9,2475,VX,LAX,5,89,139,94,0,14,167,311,0,0,23
-2,11,6,4,7,2475,VX,LAX,5,89,139,94,0,14,167,311,0,0,23
1,11,6,4,13,2475,VX,LAX,5,89,139,94,0,14,167,311,0,0,23
3,11,6,4,20,2475,VX,LAX,5,89,139,94,0,14,167,311,0,0,23
-5,11,11,2,8,2475,UA,LAX,0,94,178,0,0,15,167,189,0,0,34
-4,11,11,2,16,2475,VX,LAX,0,94,178,0,0,15,167,189,0,0,34
-4,11,11,2,13,2475,VX,LAX,0,94,178,0,0,15,167,189,0,0,34
10,11,11,2,9,2475,VX,LAX,0,94,178,0,0,15,167,189,0,0,34
0,11,11,2,7,2475,VX,LAX,0,94,178,0,0,15,167,189,0,0,34
-4,11,11,2,19,2475,UA,LAX,0,94,178,0,0,15,167,189,0,0,34
-6,11,11,2,20,2475,VX,LAX,0,94,178,0,0,15,167,189,0,0,34
-7,11,11,2,6,2475,UA,LAX,0,94,178,0,0,15,167,189,0,0,34
-2,11,11,2,14,2475,UA,LAX,0,94,178,0,0,15,167,189,0,0,34
12,11,11,2,15,2475,DL,LAX,0,94,178,0,0,15,167,189,0,0,34
16,11,11,2,18,2475,DL,LAX,0,94,178,0,0,15,167,189,0,0,34
0,11,11,2,9,2475,AA,LAX,0,94,178,0,0,15,167,189,0,0,34
-2,11,11,2,20,2475,AA,LAX,0,94,178,0,0,15,167,189,0,0,34
-4,11,11,2,11,2475,UA,LAX,0,94,178,0,0,15,167,189,0,0,34
-3,11,11,2,17,2475,UA,LAX,0,94,178,0,0,15,167,189,0,0,34
7,11,11,2,20,2475,AA,LAX,0,94,178,0,0,15,167,189,0,0,34
-4,11,11,2,16,2475,AA,LAX,0,94,178,0,0,15,167,189,0,0,34
-3,11,11,2,6,2475,B6,LAX,0,94,178,0,0,15,167,189,0,0,34
-3,11,11,2,7,2475,B6,LAX,0,94,178,0,0,15,167,189,0,0,34
-4,11,11,2,9,2475,B6,LAX,0,94,178,0,0,15,167,189,0,0,34
12,11,11,2,15,2475,B6,LAX,0,94,178,0,0,15,167,189,0,0,34
-9,11,11,2,6,2475,AA,LAX,0,94,178,0,0,15,167,189,0,0,34
-7,11,11,2,21,2475,B6,LAX,0,94,178,0,0,15,167,189,0,0,34
-4,11,11,2,8,2475,AA,LAX,0,94,178,0,0,15,167,189,0,0,34
-5,11,11,2,18,2475,AA,LAX,0,94,178,0,0,15,167,189,0,0,34
27,11,11,2,17,2475,AA,LAX,0,94,178,0,0,15,167,189,0,0,34
-7,11,11,2,11,2475,AA,LAX,0,94,178,0,0,15,167,189,0,0,34
-3,11,11,2,7,2475,AA,LAX,0,94,178,0,0,15,167,189,0,0,34
-4,11,11,2,10,2475,AA,LAX,0,94,178,0,0,15,167,189,0,0,34
-2,11,11,2,14,2475,AA,LAX,0,94,178,0,0,15,167,189,0,0,34
-1,11,11,2,16,2475,DL,LAX,0,94,178,0,0,15,167,189,0,0,34
-6,11,11,2,8,2475,DL,LAX,0,94,178,0,0,15,167,189,0,0,34
-5,11,11,2,21,2475,DL,LAX,0,94,178,0,0,15,167,189,0,0,34
-7,11,11,2,7,2475,DL,LAX,0,94,178,0,0,15,167,189,0,0,34
-3,11,11,2,12,2475,AA,LAX,0,94,178,0,0,15,167,189,0,0,34
-6,11,11,2,11,2475,DL,LAX,0,94,178,0,0,15,167,189,0,0,34
6,11,11,2,9,2475,DL,LAX,0,94,178,0,0,15,167,189,0,0,34
-2,11,29,6,16,2475,VX,LAX,2,-27,72,0,0,16,111,222,0,0,31
7,11,29,6,20,2475,VX,LAX,2,-27,72,0,0,16,111,222,0,0,31
7,11,29,6,13,2475,VX,LAX,2,-27,72,0,0,16,111,222,0,0,31
-7,11,29,6,11,2475,VX,LAX,2,-27,72,0,0,16,111,222,0,0,31
-7,11,29,6,9,2475,VX,LAX,2,-27,72,0,0,16,111,222,0,0,31
-9,11,29,6,7,2475,VX,LAX,2,-27,72,0,0,16,111,222,0,0,31
-3,11,29,6,15,2475,B6,LAX,2,-27,72,0,0,16,111,222,0,0,31
-9,11,29,6,8,2475,UA,LAX,2,-27,72,0,0,16,111,222,0,0,31
-4,11,29,6,9,2475,AA,LAX,2,-27,72,0,0,16,111,222,0,0,31
0,11,29,6,16,2475,AA,LAX,2,-27,72,0,0,16,111,222,0,0,31
-8,11,29,6,9,2475,B6,LAX,2,-27,72,0,0,16,111,222,0,0,31
1,11,29,6,7,2475,B6,LAX,2,-27,72,0,0,16,111,222,0,0,31
0,11,29,6,6,2475,B6,LAX,2,-27,72,0,0,16,111,222,0,0,31
-6,11,29,6,14,2475,AA,LAX,2,-27,72,0,0,16,111,222,0,0,31
8,11,29,6,18,2475,AA,LAX,2,-27,72,0,0,16,111,222,0,0,31
-2,11,29,6,8,2475,AA,LAX,2,-27,72,0,0,16,111,222,0,0,31
-2,11,29,6,20,2475,AA,LAX,2,-27,72,0,0,16,111,222,0,0,31
-3,11,29,6,14,2475,UA,LAX,2,-27,72,0,0,16,111,222,0,0,31
-4,11,29,6,20,2475,AA,LAX,2,-27,72,0,0,16,111,222,0,0,31
-7,11,29,6,10,2475,AA,LAX,2,-27,72,0,0,16,111,222,0,0,31
-4,11,29,6,6,2475,AA,LAX,2,-27,72,0,0,16,111,222,0,0,31
-4,11,29,6,18,2475,DL,LAX,2,-27,72,0,0,16,111,222,0,0,31
-1,11,29,6,17,2475,AA,LAX,2,-27,72,0,0,16,111,222,0,0,31
-3,11,29,6,15,2475,DL,LAX,2,-27,72,0,0,16,111,222,0,0,31
3,11,29,6,8,2475,DL,LAX,2,-27,72,0,0,16,111,222,0,0,31
6,11,29,6,11,2475,DL,LAX,2,-27,72,0,0,16,111,222,0,0,31
-1,11,29,6,7,2475,DL,LAX,2,-27,72,0,0,16,111,222,0,0,31
2,11,29,6,21,2475,DL,LAX,2,-27,72,0,0,16,111,222,0,0,31
-2,11,29,6,8,2475,DL,LAX,2,-27,72,0,0,16,111,222,0,0,31
-5,11,29,6,16,2475,DL,LAX,2,-27,72,0,0,16,111,222,0,0,31
-11,11,29,6,7,2475,AA,LAX,2,-27,72,0,0,16,111,222,0,0,31
3,11,29,6,17,2475,UA,LAX,2,-27,72,0,0,16,111,222,0,0,31
-12,11,29,6,19,2475,UA,LAX,2,-27,72,0,0,16,111,222,0,0,31
-9,11,29,6,12,2475,AA,LAX,2,-27,72,0,0,16,111,222,0,0,31
-6,11,29,6,21,2475,B6,LAX,2,-27,72,0,0,16,111,222,0,0,31
-15,11,29,6,11,2475,AA,LAX,2,-27,72,0,0,16,111,222,0,0,31
-6,11,29,6,11,2475,UA,LAX,2,-27,72,0,0,16,111,222,0,0,31
1,11,29,6,18,2475,B6,LAX,2,-27,72,0,0,16,111,222,0,0,31
-4,12,7,7,21,2475,DL,LAX,10,-10,56,10,0,53,122,222,0,0,20
-1,12,7,7,9,2475,B6,LAX,10,-10,56,10,0,53,122,222,0,0,20
1,12,7,7,15,2475,DL,LAX,10,-10,56,10,0,53,122,222,0,0,20
-4,12,7,7,18,2475,AA,LAX,10,-10,56,10,0,53,122,222,0,0,20
-3,12,7,7,11,2475,DL,LAX,10,-10,56,10,0,53,122,222,0,0,20
-2,12,7,7,6,2475,AA,LAX,10,-10,56,10,0,53,122,222,0,0,20
-10,12,7,7,12,2475,AA,LAX,10,-10,56,10,0,53,122,222,0,0,20
-3,12,7,7,6,2475,B6,LAX,10,-10,56,10,0,53,122,222,0,0,20
-7,12,7,7,9,2475,DL,LAX,10,-10,56,10,0,53,122,222,0,0,20
163,12,7,7,16,2475,AA,LAX,10,-10,56,10,0,53,122,222,0,0,20
46,12,7,7,17,2475,DL,LAX,10,-10,56,10,0,53,122,222,0,0,20
-8,12,7,7,10,2475,AA,LAX,10,-10,56,10,0,53,122,222,0,0,20
-1,12,7,7,21,2475,B6,LAX,10,-10,56,10,0,53,122,222,0,0,20
5,12,7,7,15,2475,B6,LAX,10,-10,56,10,0,53,122,222,0,0,20
-1,12,7,7,18,2475,DL,LAX,10,-10,56,10,0,53,122,222,0,0,20
-4,12,7,7,20,2475,AA,LAX,10,-10,56,10,0,53,122,222,0,0,20
61,12,7,7,18,2475,B6,LAX,10,-10,56,10,0,53,122,222,0,0,20
-2,12,7,7,17,2475,AA,LAX,10,-10,56,10,0,53,122,222,0,0,20
-6,12,7,7,9,2475,AA,LAX,10,-10,56,10,0,53,122,222,0,0,20
-2,12,7,7,7,2475,AA,LAX,10,-10,56,10,0,53,122,222,0,0,20
-6,12,7,7,14,2475,AA,LAX,10,-10,56,10,0,53,122,222,0,0,20
-6,12,7,7,19,2475,AA,LAX,10,-10,56,10,0,53,122,222,0,0,20
-6,12,7,7,8,2475,AA,LAX,10,-10,56,10,0,53,122,222,0,0,20
-10,12,7,7,11,2475,AA,LAX,10,-10,56,10,0,53,122,222,0,0,20
-1,12,7,7,8,2475,B6,LAX,10,-10,56,10,0,53,122,222,0,0,20
2,12,7,7,8,2475,DL,LAX,10,-10,56,10,0,53,122,222,0,0,20
-1,12,7,7,11,2475,UA,LAX,10,-10,56,10,0,53,122,222,0,0,20
-9,12,7,7,14,2475,UA,LAX,10,-10,56,10,0,53,122,222,0,0,20
-9,12,7,7,17,2475,UA,LAX,10,-10,56,10,0,53,122,222,0,0,20
51,12,7,7,19,2475,UA,LAX,10,-10,56,10,0,53,122,222,0,0,20
-1,12,7,7,8,2475,UA,LAX,10,-10,56,10,0,53,122,222,0,0,20
3,12,7,7,20,2475,VX,LAX,10,-10,56,10,0,53,122,222,0,0,20
4,12,7,7,16,2475,VX,LAX,10,-10,56,10,0,53,122,222,0,0,20
0,12,7,7,13,2475,VX,LAX,10,-10,56,10,0,53,122,222,0,0,20
26,12,7,7,9,2475,VX,LAX,10,-10,56,10,0,53,122,222,0,0,20
-4,12,7,7,7,2475,VX,LAX,10,-10,56,10,0,53,122,222,0,0,20
2,12,12,5,13,2475,VX,LAX,13,0,33,0,0,36,122,167,378,0,52
-6,12,12,5,9,2475,VX,LAX,13,0,33,0,0,36,122,167,378,0,52
-1,12,12,5,7,2475,VX,LAX,13,0,33,0,0,36,122,167,378,0,52
27,12,12,5,20,2475,VX,LAX,13,0,33,0,0,36,122,167,378,0,52
74,12,12,5,16,2475,VX,LAX,13,0,33,0,0,36,122,167,378,0,52
0,12,12,5,8,2475,UA,LAX,13,0,33,0,0,36,122,167,378,0,52
-1,12,12,5,6,2475,UA,LAX,13,0,33,0,0,36,122,167,378,0,52
-4,12,12,5,7,2475,AA,LAX,13,0,33,0,0,36,122,167,378,0,52
-5,12,12,5,6,2475,AA,LAX,13,0,33,0,0,36,122,167,378,0,52
-3,12,12,5,19,2475,AA,LAX,13,0,33,0,0,36,122,167,378,0,52
-2,12,12,5,14,2475,AA,LAX,13,0,33,0,0,36,122,167,378,0,52
0,12,12,5,9,2475,B6,LAX,13,0,33,0,0,36,122,167,378,0,52
24,12,12,5,21,2475,DL,LAX,13,0,33,0,0,36,122,167,378,0,52
1,12,12,5,19,2475,UA,LAX,13,0,33,0,0,36,122,167,378,0,52
37,12,12,5,17,2475,UA,LAX,13,0,33,0,0,36,122,167,378,0,52
-6,12,12,5,11,2475,UA,LAX,13,0,33,0,0,36,122,167,378,0,52
-10,12,12,5,14,2475,UA,LAX,13,0,33,0,0,36,122,167,378,0,52
3,12,12,5,17,2475,AA,LAX,13,0,33,0,0,36,122,167,378,0,52
-3,12,12,5,6,2475,B6,LAX,13,0,33,0,0,36,122,167,378,0,52
-2,12,12,5,18,2475,DL,LAX,13,0,33,0,0,36,122,167,378,0,52
-3,12,12,5,11,2475,DL,LAX,13,0,33,0,0,36,122,167,378,0,52
0,12,12,5,17,2475,DL,LAX,13,0,33,0,0,36,122,167,378,0,52
-1,12,12,5,8,2475,B6,LAX,13,0,33,0,0,36,122,167,378,0,52
2,12,12,5,18,2475,AA,LAX,13,0,33,0,0,36,122,167,378,0,52
16,12,12,5,20,2475,AA,LAX,13,0,33,0,0,36,122,167,378,0,52
-1,12,12,5,9,2475,DL,LAX,13,0,33,0,0,36,122,167,378,0,52
0,12,12,5,21,2475,B6,LAX,13,0,33,0,0,36,122,167,378,0,52
-3,12,12,5,9,2475,AA,LAX,13,0,33,0,0,36,122,167,378,0,52
-7,12,12,5,12,2475,AA,LAX,13,0,33,0,0,36,122,167,378,0,52
-2,12,12,5,7,2475,DL,LAX,13,0,33,0,0,36,122,167,378,0,52
-5,12,12,5,10,2475,AA,LAX,13,0,33,0,0,36,122,167,378,0,52
67,12,12,5,15,2475,B6,LAX,13,0,33,0,0,36,122,167,378,0,52
45,12,12,5,16,2475,AA,LAX,13,0,33,0,0,36,122,167,378,0,52
-2,12,12,5,11,2475,AA,LAX,13,0,33,0,0,36,122,167,378,0,52
3,12,12,5,18,2475,B6,LAX,13,0,33,0,0,36,122,167,378,0,52
-1,12,12,5,15,2475,DL,LAX,13,0,33,0,0,36,122,167,378,0,52
-6,12,12,5,8,2475,AA,LAX,13,0,33,0,0,36,122,167,378,0,52
0,12,12,5,8,2475,DL,LAX,13,0,33,0,0,36,122,167,378,0,52
