-5,1,9,4,7,2475,AA,LAX,8,-55,0,0,0,13,100,156,0,0,25
-1,1,9,4,9,2475,AA,LAX,8,-55,0,0,0,13,100,156,0,0,25
0,1,9,4,15,2475,AA,LAX,8,-55,0,0,0,13,100,156,0,0,25
-4,1,9,4,16,2475,AA,LAX,8,-55,0,0,0,13,100,156,0,0,25
0,1,9,4,12,2475,AA,LAX,8,-55,0,0,0,13,100,156,0,0,25
-1,1,9,4,19,2475,AA,LAX,8,-55,0,0,0,13,100,156,0,0,25
3,1,9,4,21,2475,AA,LAX,8,-55,0,0,0,13,100,156,0,0,25
24,1,9,4,10,2475,AA,LAX,8,-55,0,0,0,13,100,156,0,0,25
4,1,9,4,13,2475,AA,LAX,8,-55,0,0,0,13,100,156,0,0,25
-2,1,9,4,6,2475,UA,LAX,8,-55,0,0,0,13,100,156,0,0,25
9,1,9,4,20,2475,UA,LAX,8,-55,0,0,0,13,100,156,0,0,25
47,1,9,4,11,2475,UA,LAX,8,-55,0,0,0,13,100,156,0,0,25
-2,1,9,4,20,2475,VX,LAX,8,-55,0,0,0,13,100,156,0,0,25
0,1,9,4,16,2475,VX,LAX,8,-55,0,0,0,13,100,156,0,0,25
-1,1,9,4,13,2475,VX,LAX,8,-55,0,0,0,13,100,156,0,0,25
-6,1,9,4,9,2475,VX,LAX,8,-55,0,0,0,13,100,156,0,0,25
37,1,9,4,7,2475,VX,LAX,8,-55,0,0,0,13,100,156,0,0,25
5,1,9,4,14,2475,UA,LAX,8,-55,0,0,0,13,100,156,0,0,25
-5,1,9,4,8,2475,UA,LAX,8,-55,0,0,0,13,100,156,0,0,25
1,1,9,4,17,2475,UA,LAX,8,-55,0,0,0,13,100,156,0,0,25
5,1,9,4,16,2475,DL,LAX,8,-55,0,0,0,13,100,156,0,0,25
0,1,9,4,7,2475,DL,LAX,8,-55,0,0,0,13,100,156,0,0,25
36,1,9,4,20,2475,DL,LAX,8,-55,0,0,0,13,100,156,0,0,25
1,1,9,4,18,2475,DL,LAX,8,-55,0,0,0,13,100,156,0,0,25
0,1,9,4,12,2475,DL,LAX,8,-55,0,0,0,13,100,156,0,0,25
-1,1,9,4,9,2475,DL,LAX,8,-55,0,0,0,13,100,156,0,0,25
-1,1,9,4,15,2475,DL,LAX,8,-55,0,0,0,13,100,156,0,0,25
8,1,9,4,16,2475,B6,LAX,8,-55,0,0,0,13,100,156,0,0,25
3,1,9,4,6,2475,B6,LAX,8,-55,0,0,0,13,100,156,0,0,25
7,1,9,4,20,2475,B6,LAX,8,-55,0,0,0,13,100,156,0,0,25
3,1,9,4,9,2475,B6,LAX,8,-55,0,0,0,13,100,156,0,0,25
-3,1,14,2,6,2475,B6,LAX,7,67,111,97,0,22,100,261,0,0,16
2,1,14,2,20,2475,UA,LAX,7,67,111,97,0,22,100,261,0,0,16
-8,1,14,2,11,2475,UA,LAX,7,67,111,97,0,22,100,261,0,0,16
-4,1,14,2,16,2475,B6,LAX,7,67,111,97,0,22,100,261,0,0,16
11,1,14,2,6,2475,UA,LAX,7,67,111,97,0,22,100,261,0,0,16
-1,1,14,2,9,2475,B6,LAX,7,67,111,97,0,22,100,261,0,0,16
0,1,14,2,15,2475,DL,LAX,7,67,111,97,0,22,100,261,0,0,16
-1,1,14,2,9,2475,DL,LAX,7,67,111,97,0,22,100,261,0,0,16
-5,1,14,2,12,2475,DL,LAX,7,67,111,97,0,22,100,261,0,0,16
-6,1,14,2,18,2475,DL,LAX,7,67,111,97,0,22,100,261,0,0,16
0,1,14,2,20,2475,DL,LAX,7,67,111,97,0,22,100,261,0,0,16
12,1,14,2,7,2475,DL,LAX,7,67,111,97,0,22,100,261,0,0,16
-8,1,14,2,20,2475,B6,LAX,7,67,111,97,0,22,100,261,0,0,16
-1,1,14,2,16,2475,DL,LAX,7,67,111,97,0,22,100,261,0,0,16
-1,1,14,2,14,2475,UA,LAX,7,67,111,97,0,22,100,261,0,0,16
-9,1,14,2,8,2475,UA,LAX,7,67,111,97,0,22,100,261,0,0,16
-1,1,14,2,17,2475,UA,LAX,7,67,111,97,0,22,100,261,0,0,16
-5,1,14,2,15,2475,AA,LAX,7,67,111,97,0,22,100,261,0,0,16
2,1,14,2,16,2475,AA,LAX,7,67,111,97,0,22,100,261,0,0,16
-5,1,14,2,7,2475,AA,LAX,7,67,111,97,0,22,100,261,0,0,16
-3,1,14,2,12,2475,AA,LAX,7,67,111,97,0,22,100,261,0,0,16
-2,1,14,2,10,2475,AA,LAX,7,67,111,97,0,22,100,261,0,0,16
-2,1,14,2,13,2475,AA,LAX,7,67,111,97,0,22,100,261,0,0,16
-7,1,14,2,9,2475,AA,LAX,7,67,111,97,0,22,100,261,0,0,16
6,1,14,2,21,2475,AA,LAX,7,67,111,97,0,22,100,261,0,0,16
26,1,14,2,19,2475,AA,LAX,7,67,111,97,0,22,100,261,0,0,16
15,1,14,2,16,2475,VX,LAX,7,67,111,97,0,22,100,261,0,0,16
-8,1,14,2,7,2475,VX,LAX,7,67,111,97,0,22,100,261,0,0,16
8,1,14,2,20,2475,VX,LAX,7,67,111,97,0,22,100,261,0,0,16
-9,1,14,2,13,2475,VX,LAX,7,67,111,97,0,22,100,261,0,0,16
-7,1,14,2,9,2475,VX,LAX,7,67,111,97,0,22,100,261,0,0,16
13,2,15,6,11,2475,UA,LAX,3,-27,28,33,41,42,111,228,0,0,20
18,2,15,6,16,2475,VX,LAX,3,-27,28,33,41,42,111,228,0,0,20
14,2,15,6,13,2475,VX,LAX,3,-27,28,33,41,42,111,228,0,0,20
11,2,15,6,9,2475,VX,LAX,3,-27,28,33,41,42,111,228,0,0,20
3,2,15,6,7,2475,VX,LAX,3,-27,28,33,41,42,111,228,0,0,20
-8,2,15,6,14,2475,UA,LAX,3,-27,28,33,41,42,111,228,0,0,20
12,2,15,6,17,2475,UA,LAX,3,-27,28,33,41,42,111,228,0,0,20
17,2,15,6,8,2475,UA,LAX,3,-27,28,33,41,42,111,228,0,0,20
6,2,15,6,6,2475,UA,LAX,3,-27,28,33,41,42,111,228,0,0,20
139,2,15,6,7,2475,DL,LAX,3,-27,28,33,41,42,111,228,0,0,20
805,2,15,6,20,2475,DL,LAX,3,-27,28,33,41,42,111,228,0,0,20
0,2,15,6,18,2475,DL,LAX,3,-27,28,33,41,42,111,228,0,0,20
0,2,15,6,12,2475,DL,LAX,3,-27,28,33,41,42,111,228,0,0,20
0,2,15,6,9,2475,DL,LAX,3,-27,28,33,41,42,111,228,0,0,20
31,2,15,6,15,2475,DL,LAX,3,-27,28,33,41,42,111,228,0,0,20
14,2,15,6,16,2475,B6,LAX,3,-27,28,33,41,42,111,228,0,0,20
-6,2,15,6,6,2475,B6,LAX,3,-27,28,33,41,42,111,228,0,0,20
94,2,15,6,20,2475,B6,LAX,3,-27,28,33,41,42,111,228,0,0,20
-2,2,15,6,13,2475,AA,LAX,3,-27,28,33,41,42,111,228,0,0,20
17,2,15,6,16,2475,AA,LAX,3,-27,28,33,41,42,111,228,0,0,20
2,2,15,6,15,2475,AA,LAX,3,-27,28,33,41,42,111,228,0,0,20
8,2,15,6,8,2475,AA,LAX,3,-27,28,33,41,42,111,228,0,0,20
106,2,15,6,19,2475,AA,LAX,3,-27,28,33,41,42,111,228,0,0,20
-9,2,15,6,10,2475,AA,LAX,3,-27,28,33,41,42,111,228,0,0,20
-1,2,15,6,6,2475,AA,LAX,3,-27,28,33,41,42,111,228,0,0,20
2,2,15,6,12,2475,AA,LAX,3,-27,28,33,41,42,111,228,0,0,20
-8,2,15,6,9,2475,AA,LAX,3,-27,28,33,41,42,111,228,0,0,20
-6,2,20,4,8,2475,AA,LAX,2,28,106,8,0,22,100,256,0,0,26
7,2,20,4,6,2475,AA,LAX,2,28,106,8,0,22,100,256,0,0,26
-1,2,20,4,15,2475,DL,LAX,2,28,106,8,0,22,100,256,0,0,26
-3,2,20,4,9,2475,DL,LAX,2,28,106,8,0,22,100,256,0,0,26
-5,2,20,4,13,2475,AA,LAX,2,28,106,8,0,22,100,256,0,0,26
-1,2,20,4,12,2475,DL,LAX,2,28,106,8,0,22,100,256,0,0,26
18,2,20,4,19,2475,AA,LAX,2,28,106,8,0,22,100,256,0,0,26
-3,2,20,4,9,2475,AA,LAX,2,28,106,8,0,22,100,256,0,0,26
-3,2,20,4,15,2475,AA,LAX,2,28,106,8,0,22,100,256,0,0,26
-6,2,20,4,6,2475,B6,LAX,2,28,106,8,0,22,100,256,0,0,26
20,2,20,4,20,2475,DL,LAX,2,28,106,8,0,22,100,256,0,0,26
-4,2,20,4,18,2475,DL,LAX,2,28,106,8,0,22,100,256,0,0,26
-1,2,20,4,12,2475,B6,LAX,2,28,106,8,0,22,100,256,0,0,26
-8,2,20,4,16,2475,AA,LAX,2,28,106,8,0,22,100,256,0,0,26
-2,2,20,4,7,2475,DL,LAX,2,28,106,8,0,22,100,256,0,0,26
-5,2,20,4,12,2475,AA,LAX,2,28,106,8,0,22,100,256,0,0,26
3,2,20,4,21,2475,AA,LAX,2,28,106,8,0,22,100,256,0,0,26
-4,2,20,4,16,2475,DL,LAX,2,28,106,8,0,22,100,256,0,0,26
-2,2,20,4,10,2475,AA,LAX,2,28,106,8,0,22,100,256,0,0,26
-1,2,20,4,20,2475,B6,LAX,2,28,106,8,0,22,100,256,0,0,26
-1,2,20,4,16,2475,B6,LAX,2,28,106,8,0,22,100,256,0,0,26
-6,2,20,4,8,2475,UA,LAX,2,28,106,8,0,22,100,256,0,0,26
-1,2,20,4,11,2475,UA,LAX,2,28,106,8,0,22,100,256,0,0,26
-1,2,20,4,14,2475,UA,LAX,2,28,106,8,0,22,100,256,0,0,26
77,2,20,4,20,2475,UA,LAX,2,28,106,8,0,22,100,256,0,0,26
-9,2,20,4,6,2475,UA,LAX,2,28,106,8,0,22,100,256,0,0,26
-3,2,20,4,17,2475,UA,LAX,2,28,106,8,0,22,100,256,0,0,26
-3,2,20,4,20,2475,VX,LAX,2,28,106,8,0,22,100,256,0,0,26
-3,2,20,4,16,2475,VX,LAX,2,28,106,8,0,22,100,256,0,0,26
-6,2,20,4,13,2475,VX,LAX,2,28,106,8,0,22,100,256,0,0,26
-6,2,20,4,9,2475,VX,LAX,2,28,106,8,0,22,100,256,0,0,26
0,2,20,4,7,2475,VX,LAX,2,28,106,8,0,22,100,256,0,0,26
-1,3,16,7,20,2475,VX,LAX,26,-10,56,0,0,34,133,283,0,0,25
1,3,16,7,16,2475,VX,LAX,26,-10,56,0,0,34,133,283,0,0,25
-1,3,16,7,13,2475,VX,LAX,26,-10,56,0,0,34,133,283,0,0,25
-3,3,16,7,9,2475,VX,LAX,26,-10,56,0,0,34,133,283,0,0,25
-3,3,16,7,11,2475,UA,LAX,26,-10,56,0,0,34,133,283,0,0,25
6,3,16,7,14,2475,UA,LAX,26,-10,56,0,0,34,133,283,0,0,25
12,3,16,7,20,2475,UA,LAX,26,-10,56,0,0,34,133,283,0,0,25
48,3,16,7,17,2475,UA,LAX,26,-10,56,0,0,34,133,283,0,0,25
-2,3,16,7,8,2475,UA,LAX,26,-10,56,0,0,34,133,283,0,0,25
27,3,16,7,9,2475,DL,LAX,26,-10,56,0,0,34,133,283,0,0,25
21,3,16,7,10,2475,AA,LAX,26,-10,56,0,0,34,133,283,0,0,25
9,3,16,7,6,2475,AA,LAX,26,-10,56,0,0,34,133,283,0,0,25
4,3,16,7,16,2475,AA,LAX,26,-10,56,0,0,34,133,283,0,0,25
-2,3,16,7,19,2475,AA,LAX,26,-10,56,0,0,34,133,283,0,0,25
-7,3,16,7,8,2475,AA,LAX,26,-10,56,0,0,34,133,283,0,0,25
-8,3,16,7,21,2475,AA,LAX,26,-10,56,0,0,34,133,283,0,0,25
-7,3,16,7,13,2475,AA,LAX,26,-10,56,0,0,34,133,283,0,0,25
22,3,16,7,20,2475,DL,LAX,26,-10,56,0,0,34,133,283,0,0,25
-6,3,16,7,15,2475,DL,LAX,26,-10,56,0,0,34,133,283,0,0,25
-6,3,16,7,15,2475,AA,LAX,26,-10,56,0,0,34,133,283,0,0,25
-1,3,16,7,16,2475,DL,LAX,26,-10,56,0,0,34,133,283,0,0,25
-1,3,16,7,7,2475,DL,LAX,26,-10,56,0,0,34,133,283,0,0,25
-2,3,16,7,18,2475,DL,LAX,26,-10,56,0,0,34,133,283,0,0,25
-3,3,16,7,9,2475,AA,LAX,26,-10,56,0,0,34,133,283,0,0,25
-3,3,16,7,12,2475,AA,LAX,26,-10,56,0,0,34,133,283,0,0,25
-2,3,16,7,21,2475,B6,LAX,26,-10,56,0,0,34,133,283,0,0,25
37,3,16,7,16,2475,B6,LAX,26,-10,56,0,0,34,133,283,0,0,25
1,3,16,7,11,2475,B6,LAX,26,-10,56,0,0,34,133,283,0,0,25
-2,3,16,7,6,2475,B6,LAX,26,-10,56,0,0,34,133,283,0,0,25
-1,3,16,7,12,2475,DL,LAX,26,-10,56,0,0,34,133,283,0,0,25
16,3,21,5,15,2475,AA,LAX,31,39,106,0,0,34,139,189,0,0,31
0,3,21,5,15,2475,DL,LAX,31,39,106,0,0,34,139,189,0,0,31
-5,3,21,5,20,2475,B6,LAX,31,39,106,0,0,34,139,189,0,0,31
-6,3,21,5,16,2475,B6,LAX,31,39,106,0,0,34,139,189,0,0,31
9,3,21,5,11,2475,B6,LAX,31,39,106,0,0,34,139,189,0,0,31
8,3,21,5,6,2475,B6,LAX,31,39,106,0,0,34,139,189,0,0,31
-2,3,21,5,6,2475,AA,LAX,31,39,106,0,0,34,139,189,0,0,31
-6,3,21,5,16,2475,DL,LAX,31,39,106,0,0,34,139,189,0,0,31
-3,3,21,5,18,2475,DL,LAX,31,39,106,0,0,34,139,189,0,0,31
-3,3,21,5,10,2475,AA,LAX,31,39,106,0,0,34,139,189,0,0,31
-6,3,21,5,12,2475,AA,LAX,31,39,106,0,0,34,139,189,0,0,31
-1,3,21,5,20,2475,DL,LAX,31,39,106,0,0,34,139,189,0,0,31
-3,3,21,5,12,2475,DL,LAX,31,39,106,0,0,34,139,189,0,0,31
1,3,21,5,13,2475,AA,LAX,31,39,106,0,0,34,139,189,0,0,31
-6,3,21,5,19,2475,AA,LAX,31,39,106,0,0,34,139,189,0,0,31
-4,3,21,5,9,2475,AA,LAX,31,39,106,0,0,34,139,189,0,0,31
-6,3,21,5,9,2475,DL,LAX,31,39,106,0,0,34,139,189,0,0,31
2,3,21,5,21,2475,AA,LAX,31,39,106,0,0,34,139,189,0,0,31
-8,3,21,5,8,2475,AA,LAX,31,39,106,0,0,34,139,189,0,0,31
-4,3,21,5,16,2475,AA,LAX,31,39,106,0,0,34,139,189,0,0,31
-4,3,21,5,17,2475,UA,LAX,31,39,106,0,0,34,139,189,0,0,31
2,3,21,5,14,2475,UA,LAX,31,39,106,0,0,34,139,189,0,0,31
-6,3,21,5,11,2475,UA,LAX,31,39,106,0,0,34,139,189,0,0,31
-6,3,21,5,6,2475,UA,LAX,31,39,106,0,0,34,139,189,0,0,31
-9,3,21,5,8,2475,UA,LAX,31,39,106,0,0,34,139,189,0,0,31
-3,3,21,5,20,2475,UA,LAX,31,39,106,0,0,34,139,189,0,0,31
-2,3,21,5,13,2475,VX,LAX,31,39,106,0,0,34,139,189,0,0,31
-3,3,21,5,20,2475,VX,LAX,31,39,106,0,0,34,139,189,0,0,31
-1,3,21,5,16,2475,VX,LAX,31,39,106,0,0,34,139,189,0,0,31
-1,3,21,5,9,2475,VX,LAX,31,39,106,0,0,34,139,189,0,0,31
-6,3,21,5,7,2475,VX,LAX,31,39,106,0,0,34,139,189,0,0,31
21,4,17,4,21,2475,DL,LAX,35,22,89,0,0,35,144,206,0,0,33
-7,4,17,4,6,2475,B6,LAX,35,22,89,0,0,35,144,206,0,0,33
29,4,17,4,17,2475,DL,LAX,35,22,89,0,0,35,144,206,0,0,33
7,4,17,4,18,2475,DL,LAX,35,22,89,0,0,35,144,206,0,0,33
7,4,17,4,8,2475,DL,LAX,35,22,89,0,0,35,144,206,0,0,33
0,4,17,4,15,2475,DL,LAX,35,22,89,0,0,35,144,206,0,0,33
-3,4,17,4,11,2475,B6,LAX,35,22,89,0,0,35,144,206,0,0,33
0,4,17,4,7,2475,DL,LAX,35,22,89,0,0,35,144,206,0,0,33
-4,4,17,4,12,2475,DL,LAX,35,22,89,0,0,35,144,206,0,0,33
127,4,17,4,9,2475,DL,LAX,35,22,89,0,0,35,144,206,0,0,33
-4,4,17,4,21,2475,AA,LAX,35,22,89,0,0,35,144,206,0,0,33
-5,4,17,4,6,2475,AA,LAX,35,22,89,0,0,35,144,206,0,0,33
-6,4,17,4,16,2475,AA,LAX,35,22,89,0,0,35,144,206,0,0,33
-4,4,17,4,13,2475,AA,LAX,35,22,89,0,0,35,144,206,0,0,33
-6,4,17,4,6,2475,AA,LAX,35,22,89,0,0,35,144,206,0,0,33
-7,4,17,4,17,2475,AA,LAX,35,22,89,0,0,35,144,206,0,0,33
27,4,17,4,9,2475,AA,LAX,35,22,89,0,0,35,144,206,0,0,33
4,4,17,4,16,2475,B6,LAX,35,22,89,0,0,35,144,206,0,0,33
2,4,17,4,7,2475,VX,LAX,35,22,89,0,0,35,144,206,0,0,33
-1,4,17,4,9,2475,VX,LAX,35,22,89,0,0,35,144,206,0,0,33
-3,4,17,4,13,2475,VX,LAX,35,22,89,0,0,35,144,206,0,0,33
-3,4,17,4,16,2475,VX,LAX,35,22,89,0,0,35,144,206,0,0,33
-3,4,17,4,20,2475,VX,LAX,35,22,89,0,0,35,144,206,0,0,33
10,4,17,4,20,2475,B6,LAX,35,22,89,0,0,35,144,206,0,0,33
28,4,17,4,10,2475,AA,LAX,35,22,89,0,0,35,144,206,0,0,33
-8,4,17,4,8,2475,AA,LAX,35,22,89,0,0,35,144,206,0,0,33
13,4,17,4,19,2475,AA,LAX,35,22,89,0,0,35,144,206,0,0,33
2,4,17,4,12,2475,AA,LAX,35,22,89,0,0,35,144,206,0,0,33
0,4,17,4,14,2475,UA,LAX,35,22,89,0,0,35,144,206,0,0,33
-1,4,17,4,8,2475,UA,LAX,35,22,89,0,0,35,144,206,0,0,33
0,4,17,4,17,2475,UA,LAX,35,22,89,0,0,35,144,206,0,0,33
5,4,17,4,11,2475,UA,LAX,35,22,89,0,0,35,144,206,0,0,33
-9,4,17,4,6,2475,UA,LAX,35,22,89,0,0,35,144,206,0,0,33
-6,4,17,4,20,2475,UA,LAX,35,22,89,0,0,35,144,206,0,0,33
-3,4,22,2,17,2475,UA,LAX,30,106,217,3,0,25,139,194,0,0,40
-6,4,22,2,8,2475,UA,LAX,30,106,217,3,0,25,139,194,0,0,40
-7,4,22,2,20,2475,UA,LAX,30,106,217,3,0,25,139,194,0,0,40
-9,4,22,2,6,2475,UA,LAX,30,106,217,3,0,25,139,194,0,0,40
1,4,22,2,11,2475,UA,LAX,30,106,217,3,0,25,139,194,0,0,40
-4,4,22,2,14,2475,UA,LAX,30,106,217,3,0,25,139,194,0,0,40
-6,4,22,2,7,2475,DL,LAX,30,106,217,3,0,25,139,194,0,0,40
-1,4,22,2,12,2475,DL,LAX,30,106,217,3,0,25,139,194,0,0,40
-2,4,22,2,9,2475,DL,LAX,30,106,217,3,0,25,139,194,0,0,40
-2,4,22,2,17,2475,DL,LAX,30,106,217,3,0,25,139,194,0,0,40
-4,4,22,2,18,2475,DL,LAX,30,106,217,3,0,25,139,194,0,0,40
-3,4,22,2,8,2475,DL,LAX,30,106,217,3,0,25,139,194,0,0,40
-4,4,22,2,15,2475,DL,LAX,30,106,217,3,0,25,139,194,0,0,40
15,4,22,2,21,2475,DL,LAX,30,106,217,3,0,25,139,194,0,0,40
-3,4,22,2,6,2475,AA,LAX,30,106,217,3,0,25,139,194,0,0,40
1,4,22,2,16,2475,B6,LAX,30,106,217,3,0,25,139,194,0,0,40
2,4,22,2,6,2475,AA,LAX,30,106,217,3,0,25,139,194,0,0,40
-4,4,22,2,6,2475,B6,LAX,30,106,217,3,0,25,139,194,0,0,40
-3,4,22,2,13,2475,AA,LAX,30,106,217,3,0,25,139,194,0,0,40
-7,4,22,2,16,2475,AA,LAX,30,106,217,3,0,25,139,194,0,0,40
-7,4,22,2,9,2475,AA,LAX,30,106,217,3,0,25,139,194,0,0,40
-2,4,22,2,17,2475,AA,LAX,30,106,217,3,0,25,139,194,0,0,40
11,4,22,2,20,2475,B6,LAX,30,106,217,3,0,25,139,194,0,0,40
-4,4,22,2,16,2475,VX,LAX,30,106,217,3,0,25,139,194,0,0,40
-7,4,22,2,12,2475,AA,LAX,30,106,217,3,0,25,139,194,0,0,40
-8,4,22,2,19,2475,AA,LAX,30,106,217,3,0,25,139,194,0,0,40
-2,4,22,2,13,2475,VX,LAX,30,106,217,3,0,25,139,194,0,0,40
-4,4,22,2,9,2475,VX,LAX,30,106,217,3,0,25,139,194,0,0,40
44,4,22,2,21,2475,AA,LAX,30,106,217,3,0,25,139,194,0,0,40
0,4,22,2,8,2475,AA,LAX,30,106,217,3,0,25,139,194,0,0,40
-3,4,22,2,7,2475,VX,LAX,30,106,217,3,0,25,139,194,0,0,40
-10,4,22,2,10,2475,AA,LAX,30,106,217,3,0,25,139,194,0,0,40
-2,4,22,2,11,2475,B6,LAX,30,106,217,3,0,25,139,194,0,0,40
-6,4,22,2,20,2475,VX,LAX,30,106,217,3,0,25,139,194,0,0,40
24,5,18,7,11,2475,UA,LAX,4,106,194,0,0,26,172,217,0,0,30
-2,5,18,7,20,2475,UA,LAX,4,106,194,0,0,26,172,217,0,0,30
-9,5,18,7,8,2475,UA,LAX,4,106,194,0,0,26,172,217,0,0,30
18,5,18,7,17,2475,UA,LAX,4,106,194,0,0,26,172,217,0,0,30
-6,5,18,7,14,2475,UA,LAX,4,106,194,0,0,26,172,217,0,0,30
-7,5,18,7,6,2475,B6,LAX,4,106,194,0,0,26,172,217,0,0,30
9,5,18,7,17,2475,DL,LAX,4,106,194,0,0,26,172,217,0,0,30
2,5,18,7,7,2475,DL,LAX,4,106,194,0,0,26,172,217,0,0,30
0,5,18,7,9,2475,DL,LAX,4,106,194,0,0,26,172,217,0,0,30
-4,5,18,7,12,2475,DL,LAX,4,106,194,0,0,26,172,217,0,0,30
-1,5,18,7,5,2475,AA,LAX,4,106,194,0,0,26,172,217,0,0,30
-5,5,18,7,18,2475,AA,LAX,4,106,194,0,0,26,172,217,0,0,30
1,5,18,7,18,2475,DL,LAX,4,106,194,0,0,26,172,217,0,0,30
16,5,18,7,21,2475,DL,LAX,4,106,194,0,0,26,172,217,0,0,30
-8,5,18,7,8,2475,DL,LAX,4,106,194,0,0,26,172,217,0,0,30
-8,5,18,7,15,2475,DL,LAX,4,106,194,0,0,26,172,217,0,0,30
-6,5,18,7,8,2475,AA,LAX,4,106,194,0,0,26,172,217,0,0,30
-4,5,18,7,16,2475,AA,LAX,4,106,194,0,0,26,172,217,0,0,30
-6,5,18,7,12,2475,AA,LAX,4,106,194,0,0,26,172,217,0,0,30
-5,5,18,7,10,2475,AA,LAX,4,106,194,0,0,26,172,217,0,0,30
-1,5,18,7,20,2475,AA,LAX,4,106,194,0,0,26,172,217,0,0,30
-6,5,18,7,9,2475,AA,LAX,4,106,194,0,0,26,172,217,0,0,30
-8,5,18,7,15,2475,AA,LAX,4,106,194,0,0,26,172,217,0,0,30
70,5,18,7,17,2475,AA,LAX,4,106,194,0,0,26,172,217,0,0,30
-7,5,18,7,7,2475,AA,LAX,4,106,194,0,0,26,172,217,0,0,30
-8,5,18,7,9,2475,B6,LAX,4,106,194,0,0,26,172,217,0,0,30
48,5,18,7,20,2475,B6,LAX,4,106,194,0,0,26,172,217,0,0,30
0,5,18,7,17,2475,B6,LAX,4,106,194,0,0,26,172,217,0,0,30
-9,5,18,7,7,2475,VX,LAX,4,106,194,0,0,26,172,217,0,0,30
-1,5,18,7,13,2475,VX,LAX,4,106,194,0,0,26,172,217,0,0,30
-5,5,18,7,20,2475,VX,LAX,4,106,194,0,0,26,172,217,0,0,30
-2,5,18,7,16,2475,VX,LAX,4,106,194,0,0,26,172,217,0,0,30
-5,5,18,7,11,2475,VX,LAX,4,106,194,0,0,26,172,217,0,0,30
-9,5,18,7,9,2475,VX,LAX,4,106,194,0,0,26,172,217,0,0,30
-2,5,23,5,13,2475,VX,LAX,1,133,217,231,0,19,167,206,0,0,41
0,5,23,5,9,2475,VX,LAX,1,133,217,231,0,19,167,206,0,0,41
-5,5,23,5,7,2475,VX,LAX,1,133,217,231,0,19,167,206,0,0,41
-5,5,23,5,11,2475,VX,LAX,1,133,217,231,0,19,167,206,0,0,41
83,5,23,5,20,2475,VX,LAX,1,133,217,231,0,19,167,206,0,0,41
0,5,23,5,16,2475,VX,LAX,1,133,217,231,0,19,167,206,0,0,41
-3,5,23,5,18,2475,DL,LAX,1,133,217,231,0,19,167,206,0,0,41
66,5,23,5,21,2475,DL,LAX,1,133,217,231,0,19,167,206,0,0,41
-3,5,23,5,10,2475,AA,LAX,1,133,217,231,0,19,167,206,0,0,41
3,5,23,5,17,2475,DL,LAX,1,133,217,231,0,19,167,206,0,0,41
-3,5,23,5,15,2475,AA,LAX,1,133,217,231,0,19,167,206,0,0,41
-8,5,23,5,12,2475,AA,LAX,1,133,217,231,0,19,167,206,0,0,41
-3,5,23,5,17,2475,AA,LAX,1,133,217,231,0,19,167,206,0,0,41
21,5,23,5,8,2475,DL,LAX,1,133,217,231,0,19,167,206,0,0,41
0,5,23,5,15,2475,DL,LAX,1,133,217,231,0,19,167,206,0,0,41
-4,5,23,5,16,2475,AA,LAX,1,133,217,231,0,19,167,206,0,0,41
74,5,23,5,20,2475,B6,LAX,1,133,217,231,0,19,167,206,0,0,41
-1,5,23,5,6,2475,B6,LAX,1,133,217,231,0,19,167,206,0,0,41
-5,5,23,5,9,2475,B6,LAX,1,133,217,231,0,19,167,206,0,0,41
18,5,23,5,17,2475,B6,LAX,1,133,217,231,0,19,167,206,0,0,41
-9,5,23,5,7,2475,AA,LAX,1,133,217,231,0,19,167,206,0,0,41
4,5,23,5,18,2475,AA,LAX,1,133,217,231,0,19,167,206,0,0,41
8,5,23,5,9,2475,AA,LAX,1,133,217,231,0,19,167,206,0,0,41
-3,5,23,5,8,2475,AA,LAX,1,133,217,231,0,19,167,206,0,0,41
-1,5,23,5,5,2475,AA,LAX,1,133,217,231,0,19,167,206,0,0,41
-1,5,23,5,7,2475,DL,LAX,1,133,217,231,0,19,167,206,0,0,41
-3,5,23,5,9,2475,DL,LAX,1,133,217,231,0,19,167,206,0,0,41
70,5,23,5,20,2475,AA,LAX,1,133,217,231,0,19,167,206,0,0,41
-2,5,23,5,12,2475,DL,LAX,1,133,217,231,0,19,167,206,0,0,41
-5,5,23,5,8,2475,UA,LAX,1,133,217,231,0,19,167,206,0,0,41
178,5,23,5,20,2475,UA,LAX,1,133,217,231,0,19,167,206,0,0,41
-7,5,23,5,11,2475,UA,LAX,1,133,217,231,0,19,167,206,0,0,41
-2,5,23,5,6,2475,UA,LAX,1,133,217,231,0,19,167,206,0,0,41
-3,5,23,5,14,2475,UA,LAX,1,133,217,231,0,19,167,206,0,0,41
25,5,23,5,17,2475,UA,LAX,1,133,217,231,0,19,167,206,0,0,41
-2,6,1,7,9,2475,B6,LAX,6,128,250,0,0,16,161,222,0,0,34
15,6,1,7,20,2475,B6,LAX,6,128,250,0,0,16,161,222,0,0,34
-5,6,1,7,20,2475,VX,LAX,6,128,250,0,0,16,161,222,0,0,34
1,6,1,7,16,2475,VX,LAX,6,128,250,0,0,16,161,222,0,0,34
-1,6,1,7,13,2475,VX,LAX,6,128,250,0,0,16,161,222,0,0,34
2,6,1,7,9,2475,VX,LAX,6,128,250,0,0,16,161,222,0,0,34
-2,6,1,7,7,2475,VX,LAX,6,128,250,0,0,16,161,222,0,0,34
30,6,1,7,17,2475,B6,LAX,6,128,250,0,0,16,161,222,0,0,34
-6,6,1,7,11,2475,UA,LAX,6,128,250,0,0,16,161,222,0,0,34
27,6,1,7,20,2475,UA,LAX,6,128,250,0,0,16,161,222,0,0,34
-11,6,1,7,8,2475,UA,LAX,6,128,250,0,0,16,161,222,0,0,34
3,6,1,7,17,2475,UA,LAX,6,128,250,0,0,16,161,222,0,0,34
-9,6,1,7,14,2475,UA,LAX,6,128,250,0,0,16,161,222,0,0,34
-2,6,1,7,11,2475,VX,LAX,6,128,250,0,0,16,161,222,0,0,34
-6,6,1,7,6,2475,B6,LAX,6,128,250,0,0,16,161,222,0,0,34
-5,6,1,7,5,2475,AA,LAX,6,128,250,0,0,16,161,222,0,0,34
-6,6,1,7,10,2475,AA,LAX,6,128,250,0,0,16,161,222,0,0,34
-2,6,1,7,9,2475,DL,LAX,6,128,250,0,0,16,161,222,0,0,34
3,6,1,7,12,2475,DL,LAX,6,128,250,0,0,16,161,222,0,0,34
-4,6,1,7,18,2475,AA,LAX,6,128,250,0,0,16,161,222,0,0,34
2,6,1,7,20,2475,AA,LAX,6,128,250,0,0,16,161,222,0,0,34
18,6,1,7,7,2475,AA,LAX,6,128,250,0,0,16,161,222,0,0,34
0,6,1,7,18,2475,DL,LAX,6,128,250,0,0,16,161,222,0,0,34
-6,6,1,7,15,2475,AA,LAX,6,128,250,0,0,16,161,222,0,0,34
-4,6,1,7,7,2475,DL,LAX,6,128,250,0,0,16,161,222,0,0,34
-10,6,1,7,12,2475,AA,LAX,6,128,250,0,0,16,161,222,0,0,34
12,6,1,7,17,2475,DL,LAX,6,128,250,0,0,16,161,222,0,0,34
5,6,1,7,21,2475,DL,LAX,6,128,250,0,0,16,161,222,0,0,34
2,6,1,7,8,2475,AA,LAX,6,128,250,0,0,16,161,222,0,0,34
-5,6,1,7,17,2475,AA,LAX,6,128,250,0,0,16,161,222,0,0,34
-9,6,1,7,9,2475,AA,LAX,6,128,250,0,0,16,161,222,0,0,34
18,6,1,7,8,2475,DL,LAX,6,128,250,0,0,16,161,222,0,0,34
-5,6,1,7,16,2475,AA,LAX,6,128,250,0,0,16,161,222,0,0,34
-2,6,1,7,15,2475,DL,LAX,6,128,250,0,0,16,161,222,0,0,34
-5,6,19,4,11,2475,AA,LAX,15,200,250,38,0,17,167,222,0,0,37
-4,6,19,4,16,2475,AA,LAX,15,200,250,38,0,17,167,222,0,0,37
-2,6,19,4,10,2475,AA,LAX,15,200,250,38,0,17,167,222,0,0,37
-7,6,19,4,6,2475,AA,LAX,15,200,250,38,0,17,167,222,0,0,37
-1,6,19,4,8,2475,AA,LAX,15,200,250,38,0,17,167,222,0,0,37
-4,6,19,4,20,2475,B6,LAX,15,200,250,38,0,17,167,222,0,0,37
-4,6,19,4,16,2475,B6,LAX,15,200,250,38,0,17,167,222,0,0,37
-6,6,19,4,12,2475,B6,LAX,15,200,250,38,0,17,167,222,0,0,37
-8,6,19,4,9,2475,AA,LAX,15,200,250,38,0,17,167,222,0,0,37
-1,6,19,4,9,2475,B6,LAX,15,200,250,38,0,17,167,222,0,0,37
-1,6,19,4,6,2475,B6,LAX,15,200,250,38,0,17,167,222,0,0,37
-10,6,19,4,15,2475,AA,LAX,15,200,250,38,0,17,167,222,0,0,37
43,6,19,4,17,2475,AA,LAX,15,200,250,38,0,17,167,222,0,0,37
-5,6,19,4,12,2475,AA,LAX,15,200,250,38,0,17,167,222,0,0,37
-5,6,19,4,18,2475,AA,LAX,15,200,250,38,0,17,167,222,0,0,37
15,6,19,4,20,2475,AA,LAX,15,200,250,38,0,17,167,222,0,0,37
0,6,19,4,7,2475,AA,LAX,15,200,250,38,0,17,167,222,0,0,37
-3,6,19,4,19,2475,AA,LAX,15,200,250,38,0,17,167,222,0,0,37
-9,6,19,4,14,2475,UA,LAX,15,200,250,38,0,17,167,222,0,0,37
1,6,19,4,12,2475,DL,LAX,15,200,250,38,0,17,167,222,0,0,37
87,6,19,4,21,2475,DL,LAX,15,200,250,38,0,17,167,222,0,0,37
3,6,19,4,16,2475,DL,LAX,15,200,250,38,0,17,167,222,0,0,37
26,6,19,4,15,2475,DL,LAX,15,200,250,38,0,17,167,222,0,0,37
11,6,19,4,20,2475,VX,LAX,15,200,250,38,0,17,167,222,0,0,37
11,6,19,4,16,2475,VX,LAX,15,200,250,38,0,17,167,222,0,0,37
3,6,19,4,13,2475,VX,LAX,15,200,250,38,0,17,167,222,0,0,37
-5,6,19,4,11,2475,VX,LAX,15,200,250,38,0,17,167,222,0,0,37
-1,6,19,4,9,2475,VX,LAX,15,200,250,38,0,17,167,222,0,0,37
-2,6,19,4,7,2475,VX,LAX,15,200,250,38,0,17,167,222,0,0,37
5,6,19,4,17,2475,UA,LAX,15,200,250,38,0,17,167,222,0,0,37
-5,6,19,4,8,2475,UA,LAX,15,200,250,38,0,17,167,222,0,0,37
1,6,19,4,6,2475,UA,LAX,15,200,250,38,0,17,167,222,0,0,37
29,6,19,4,20,2475,UA,LAX,15,200,250,38,0,17,167,222,0,0,37
2,6,19,4,11,2475,UA,LAX,15,200,250,38,0,17,167,222,0,0,37
-5,6,19,4,7,2475,DL,LAX,15,200,250,38,0,17,167,222,0,0,37
7,6,19,4,18,2475,DL,LAX,15,200,250,38,0,17,167,222,0,0,37
1,6,19,4,8,2475,DL,LAX,15,200,250,38,0,17,167,222,0,0,37
27,6,19,4,9,2475,DL,LAX,15,200,250,38,0,17,167,222,0,0,37
-4,6,24,2,17,2475,UA,LAX,10,200,272,0,0,22,183,233,0,0,34
-6,6,24,2,6,2475,UA,LAX,10,200,272,0,0,22,183,233,0,0,34
-3,6,24,2,20,2475,UA,LAX,10,200,272,0,0,22,183,233,0,0,34
-6,6,24,2,11,2475,UA,LAX,10,200,272,0,0,22,183,233,0,0,34
-6,6,24,2,8,2475,UA,LAX,10,200,272,0,0,22,183,233,0,0,34
-3,6,24,2,18,2475,DL,LAX,10,200,272,0,0,22,183,233,0,0,34
-1,6,24,2,20,2475,VX,LAX,10,200,272,0,0,22,183,233,0,0,34
17,6,24,2,16,2475,VX,LAX,10,200,272,0,0,22,183,233,0,0,34
-1,6,24,2,13,2475,VX,LAX,10,200,272,0,0,22,183,233,0,0,34
39,6,24,2,15,2475,DL,LAX,10,200,272,0,0,22,183,233,0,0,34
10,6,24,2,16,2475,DL,LAX,10,200,272,0,0,22,183,233,0,0,34
-1,6,24,2,8,2475,DL,LAX,10,200,272,0,0,22,183,233,0,0,34
1,6,24,2,9,2475,DL,LAX,10,200,272,0,0,22,183,233,0,0,34
-3,6,24,2,12,2475,DL,LAX,10,200,272,0,0,22,183,233,0,0,34
15,6,24,2,7,2475,DL,LAX,10,200,272,0,0,22,183,233,0,0,34
57,6,24,2,21,2475,DL,LAX,10,200,272,0,0,22,183,233,0,0,34
-2,6,24,2,7,2475,VX,LAX,10,200,272,0,0,22,183,233,0,0,34
39,6,24,2,11,2475,VX,LAX,10,200,272,0,0,22,183,233,0,0,34
-7,6,24,2,9,2475,VX,LAX,10,200,272,0,0,22,183,233,0,0,34
-5,6,24,2,14,2475,UA,LAX,10,200,272,0,0,22,183,233,0,0,34
-6,6,24,2,15,2475,AA,LAX,10,200,272,0,0,22,183,233,0,0,34
-1,6,24,2,8,2475,AA,LAX,10,200,272,0,0,22,183,233,0,0,34
0,6,24,2,9,2475,AA,LAX,10,200,272,0,0,22,183,233,0,0,34
-6,6,24,2,16,2475,AA,LAX,10,200,272,0,0,22,183,233,0,0,34
-4,6,24,2,19,2475,AA,LAX,10,200,272,0,0,22,183,233,0,0,34
259,6,24,2,7,2475,AA,LAX,10,200,272,0,0,22,183,233,0,0,34
35,6,24,2,20,2475,B6,LAX,10,200,272,0,0,22,183,233,0,0,34
-3,6,24,2,16,2475,B6,LAX,10,200,272,0,0,22,183,233,0,0,34
-1,6,24,2,12,2475,B6,LAX,10,200,272,0,0,22,183,233,0,0,34
5,6,24,2,9,2475,B6,LAX,10,200,272,0,0,22,183,233,0,0,34
8,6,24,2,20,2475,AA,LAX,10,200,272,0,0,22,183,233,0,0,34
78,6,24,2,18,2475,AA,LAX,10,200,272,0,0,22,183,233,0,0,34
-11,6,24,2,6,2475,AA,LAX,10,200,272,0,0,22,183,233,0,0,34
-8,6,24,2,12,2475,AA,LAX,10,200,272,0,0,22,183,233,0,0,34
-7,6,24,2,11,2475,AA,LAX,10,200,272,0,0,22,183,233,0,0,34
-1,6,24,2,6,2475,B6,LAX,10,200,272,0,0,22,183,233,0,0,34
5,6,24,2,17,2475,AA,LAX,10,200,272,0,0,22,183,233,0,0,34
-3,6,24,2,10,2475,AA,LAX,10,200,272,0,0,22,183,233,0,0,34
5,7,2,3,16,2475,AA,LAX,2,222,328,244,0,17,183,239,0,0,34
-7,7,2,3,7,2475,AA,LAX,2,222,328,244,0,17,183,239,0,0,34
126,7,2,3,18,2475,AA,LAX,2,222,328,244,0,17,183,239,0,0,34
-5,7,2,3,6,2475,AA,LAX,2,222,328,244,0,17,183,239,0,0,34
-10,7,2,3,12,2475,AA,LAX,2,222,328,244,0,17,183,239,0,0,34
-7,7,2,3,8,2475,AA,LAX,2,222,328,244,0,17,183,239,0,0,34
176,7,2,3,20,2475,AA,LAX,2,222,328,244,0,17,183,239,0,0,34
-2,7,2,3,15,2475,AA,LAX,2,222,328,244,0,17,183,239,0,0,34
-5,7,2,3,9,2475,B6,LAX,2,222,328,244,0,17,183,239,0,0,34
-6,7,2,3,9,2475,AA,LAX,2,222,328,244,0,17,183,239,0,0,34
-1,7,2,3,16,2475,B6,LAX,2,222,328,244,0,17,183,239,0,0,34
-1,7,2,3,6,2475,B6,LAX,2,222,328,244,0,17,183,239,0,0,34
-3,7,2,3,12,2475,B6,LAX,2,222,328,244,0,17,183,239,0,0,34
-9,7,2,3,11,2475,AA,LAX,2,222,328,244,0,17,183,239,0,0,34
-6,7,2,3,10,2475,AA,LAX,2,222,328,244,0,17,183,239,0,0,34
24,7,2,3,17,2475,AA,LAX,2,222,328,244,0,17,183,239,0,0,34
431,7,2,3,16,2475,DL,LAX,2,222,328,244,0,17,183,239,0,0,34
34,7,2,3,8,2475,DL,LAX,2,222,328,244,0,17,183,239,0,0,34
20,7,2,3,8,2475,DL,LAX,2,222,328,244,0,17,183,239,0,0,34
50,7,2,3,21,2475,DL,LAX,2,222,328,244,0,17,183,239,0,0,34
49,7,2,3,15,2475,DL,LAX,2,222,328,244,0,17,183,239,0,0,34
-1,7,2,3,7,2475,DL,LAX,2,222,328,244,0,17,183,239,0,0,34
11,7,2,3,12,2475,DL,LAX,2,222,328,244,0,17,183,239,0,0,34
-1,7,2,3,9,2475,DL,LAX,2,222,328,244,0,17,183,239,0,0,34
48,7,2,3,18,2475,DL,LAX,2,222,328,244,0,17,183,239,0,0,34
38,7,2,3,20,2475,B6,LAX,2,222,328,244,0,17,183,239,0,0,34
9,7,2,3,19,2475,AA,LAX,2,222,328,244,0,17,183,239,0,0,34
-5,7,2,3,9,2475,VX,LAX,2,222,328,244,0,17,183,239,0,0,34
-3,7,2,3,11,2475,VX,LAX,2,222,328,244,0,17,183,239,0,0,34
7,7,2,3,13,2475,VX,LAX,2,222,328,244,0,17,183,239,0,0,34
-6,7,2,3,11,2475,UA,LAX,2,222,328,244,0,17,183,239,0,0,34
-2,7,2,3,14,2475,UA,LAX,2,222,328,244,0,17,183,239,0,0,34
0,7,2,3,16,2475,VX,LAX,2,222,328,244,0,17,183,239,0,0,34
219,7,2,3,20,2475,VX,LAX,2,222,328,244,0,17,183,239,0,0,34
-4,7,2,3,6,2475,UA,LAX,2,222,328,244,0,17,183,239,0,0,34
-2,7,2,3,8,2475,UA,LAX,2,222,328,244,0,17,183,239,0,0,34
256,7,2,3,20,2475,UA,LAX,2,222,328,244,0,17,183,239,0,0,34
1,7,2,3,17,2475,UA,LAX,2,222,328,244,0,17,183,239,0,0,34
-4,7,2,3,7,2475,VX,LAX,2,222,328,244,0,17,183,239,0,0,34
-1,7,25,5,11,2475,UA,LAX,21,189,278,0,0,19,194,289,0,0,36
-9,7,25,5,20,2475,UA,LAX,21,189,278,0,0,19,194,289,0,0,36
-6,7,25,5,17,2475,UA,LAX,21,189,278,0,0,19,194,289,0,0,36
-4,7,25,5,6,2475,UA,LAX,21,189,278,0,0,19,194,289,0,0,36
-3,7,25,5,8,2475,UA,LAX,21,189,278,0,0,19,194,289,0,0,36
-1,7,25,5,14,2475,UA,LAX,21,189,278,0,0,19,194,289,0,0,36
-3,7,25,5,9,2475,VX,LAX,21,189,278,0,0,19,194,289,0,0,36
-1,7,25,5,20,2475,VX,LAX,21,189,278,0,0,19,194,289,0,0,36
-1,7,25,5,16,2475,VX,LAX,21,189,278,0,0,19,194,289,0,0,36
-2,7,25,5,13,2475,VX,LAX,21,189,278,0,0,19,194,289,0,0,36
3,7,25,5,11,2475,VX,LAX,21,189,278,0,0,19,194,289,0,0,36
-1,7,25,5,7,2475,VX,LAX,21,189,278,0,0,19,194,289,0,0,36
1,7,25,5,16,2475,AA,LAX,21,189,278,0,0,19,194,289,0,0,36
-7,7,25,5,9,2475,B6,LAX,21,189,278,0,0,19,194,289,0,0,36
14,7,25,5,20,2475,B6,LAX,21,189,278,0,0,19,194,289,0,0,36
2,7,25,5,6,2475,B6,LAX,21,189,278,0,0,19,194,289,0,0,36
-5,7,25,5,20,2475,AA,LAX,21,189,278,0,0,19,194,289,0,0,36
-6,7,25,5,6,2475,AA,LAX,21,189,278,0,0,19,194,289,0,0,36
-4,7,25,5,9,2475,AA,LAX,21,189,278,0,0,19,194,289,0,0,36
-7,7,25,5,19,2475,AA,LAX,21,189,278,0,0,19,194,289,0,0,36
29,7,25,5,12,2475,B6,LAX,21,189,278,0,0,19,194,289,0,0,36
-2,7,25,5,16,2475,DL,LAX,21,189,278,0,0,19,194,289,0,0,36
-1,7,25,5,8,2475,DL,LAX,21,189,278,0,0,19,194,289,0,0,36
53,7,25,5,21,2475,DL,LAX,21,189,278,0,0,19,194,289,0,0,36
21,7,25,5,15,2475,DL,LAX,21,189,278,0,0,19,194,289,0,0,36
-1,7,25,5,18,2475,AA,LAX,21,189,278,0,0,19,194,289,0,0,36
-4,7,25,5,7,2475,DL,LAX,21,189,278,0,0,19,194,289,0,0,36
-1,7,25,5,12,2475,DL,LAX,21,189,278,0,0,19,194,289,0,0,36
-3,7,25,5,9,2475,DL,LAX,21,189,278,0,0,19,194,289,0,0,36
37,7,25,5,17,2475,AA,LAX,21,189,278,0,0,19,194,289,0,0,36
-4,7,25,5,11,2475,AA,LAX,21,189,278,0,0,19,194,289,0,0,36
-8,7,25,5,8,2475,AA,LAX,21,189,278,0,0,19,194,289,0,0,36
-1,7,25,5,15,2475,AA,LAX,21,189,278,0,0,19,194,289,0,0,36
32,7,25,5,18,2475,DL,LAX,21,189,278,0,0,19,194,289,0,0,36
-2,7,25,5,16,2475,B6,LAX,21,189,278,0,0,19,194,289,0,0,36
-7,7,25,5,12,2475,AA,LAX,21,189,278,0,0,19,194,289,0,0,36
-6,7,25,5,7,2475,AA,LAX,21,189,278,0,0,19,194,289,0,0,36
-1,7,30,3,6,2475,B6,LAX,26,172,267,0,0,13,200,278,0,0,30
-8,7,30,3,7,2475,AA,LAX,26,172,267,0,0,13,200,278,0,0,30
2,7,30,3,20,2475,B6,LAX,26,172,267,0,0,13,200,278,0,0,30
-8,7,30,3,18,2475,AA,LAX,26,172,267,0,0,13,200,278,0,0,30
-5,7,30,3,12,2475,AA,LAX,26,172,267,0,0,13,200,278,0,0,30
-7,7,30,3,17,2475,AA,LAX,26,172,267,0,0,13,200,278,0,0,30
-3,7,30,3,6,2475,AA,LAX,26,172,267,0,0,13,200,278,0,0,30
-2,7,30,3,7,2475,DL,LAX,26,172,267,0,0,13,200,278,0,0,30
-4,7,30,3,12,2475,DL,LAX,26,172,267,0,0,13,200,278,0,0,30
6,7,30,3,9,2475,DL,LAX,26,172,267,0,0,13,200,278,0,0,30
11,7,30,3,18,2475,DL,LAX,26,172,267,0,0,13,200,278,0,0,30
4,7,30,3,9,2475,B6,LAX,26,172,267,0,0,13,200,278,0,0,30
-4,7,30,3,8,2475,AA,LAX,26,172,267,0,0,13,200,278,0,0,30
-7,7,30,3,16,2475,B6,LAX,26,172,267,0,0,13,200,278,0,0,30
-7,7,30,3,19,2475,AA,LAX,26,172,267,0,0,13,200,278,0,0,30
54,7,30,3,9,2475,AA,LAX,26,172,267,0,0,13,200,278,0,0,30
31,7,30,3,15,2475,DL,LAX,26,172,267,0,0,13,200,278,0,0,30
62,7,30,3,12,2475,B6,LAX,26,172,267,0,0,13,200,278,0,0,30
-5,7,30,3,11,2475,AA,LAX,26,172,267,0,0,13,200,278,0,0,30
29,7,30,3,21,2475,DL,LAX,26,172,267,0,0,13,200,278,0,0,30
4,7,30,3,15,2475,AA,LAX,26,172,267,0,0,13,200,278,0,0,30
45,7,30,3,10,2475,AA,LAX,26,172,267,0,0,13,200,278,0,0,30
235,7,30,3,20,2475,AA,LAX,26,172,267,0,0,13,200,278,0,0,30
-3,7,30,3,8,2475,DL,LAX,26,172,267,0,0,13,200,278,0,0,30
0,7,30,3,16,2475,AA,LAX,26,172,267,0,0,13,200,278,0,0,30
9,7,30,3,16,2475,DL,LAX,26,172,267,0,0,13,200,278,0,0,30
-4,7,30,3,17,2475,UA,LAX,26,172,267,0,0,13,200,278,0,0,30
-4,7,30,3,6,2475,UA,LAX,26,172,267,0,0,13,200,278,0,0,30
0,7,30,3,8,2475,UA,LAX,26,172,267,0,0,13,200,278,0,0,30
-4,7,30,3,11,2475,UA,LAX,26,172,267,0,0,13,200,278,0,0,30
0,7,30,3,14,2475,UA,LAX,26,172,267,0,0,13,200,278,0,0,30
4,7,30,3,20,2475,UA,LAX,26,172,267,0,0,13,200,278,0,0,30
-5,7,30,3,7,2475,VX,LAX,26,172,267,0,0,13,200,278,0,0,30
-3,7,30,3,11,2475,VX,LAX,26,172,267,0,0,13,200,278,0,0,30
13,7,30,3,16,2475,VX,LAX,26,172,267,0,0,13,200,278,0,0,30
-7,7,30,3,13,2475,VX,LAX,26,172,267,0,0,13,200,278,0,0,30
-1,7,30,3,9,2475,VX,LAX,26,172,267,0,0,13,200,278,0,0,30
-4,7,30,3,20,2475,VX,LAX,26,172,267,0,0,13,200,278,0,0,30
-9,8,3,7,8,2475,UA,LAX,29,189,244,18,0,10,200,256,5,0,26
36,8,3,7,20,2475,UA,LAX,29,189,244,18,0,10,200,256,5,0,26
11,8,3,7,17,2475,UA,LAX,29,189,244,18,0,10,200,256,5,0,26
-5,8,3,7,11,2475,UA,LAX,29,189,244,18,0,10,200,256,5,0,26
-2,8,3,7,16,2475,VX,LAX,29,189,244,18,0,10,200,256,5,0,26
4,8,3,7,20,2475,VX,LAX,29,189,244,18,0,10,200,256,5,0,26
11,8,3,7,16,2475,DL,LAX,29,189,244,18,0,10,200,256,5,0,26
0,8,3,7,14,2475,UA,LAX,29,189,244,18,0,10,200,256,5,0,26
43,8,3,7,7,2475,DL,LAX,29,189,244,18,0,10,200,256,5,0,26
-1,8,3,7,15,2475,DL,LAX,29,189,244,18,0,10,200,256,5,0,26
-5,8,3,7,9,2475,DL,LAX,29,189,244,18,0,10,200,256,5,0,26
0,8,3,7,13,2475,VX,LAX,29,189,244,18,0,10,200,256,5,0,26
18,8,3,7,21,2475,DL,LAX,29,189,244,18,0,10,200,256,5,0,26
14,8,3,7,8,2475,DL,LAX,29,189,244,18,0,10,200,256,5,0,26
-4,8,3,7,12,2475,DL,LAX,29,189,244,18,0,10,200,256,5,0,26
1,8,3,7,11,2475,VX,LAX,29,189,244,18,0,10,200,256,5,0,26
-3,8,3,7,18,2475,DL,LAX,29,189,244,18,0,10,200,256,5,0,26
-1,8,3,7,9,2475,VX,LAX,29,189,244,18,0,10,200,256,5,0,26
4,8,3,7,7,2475,VX,LAX,29,189,244,18,0,10,200,256,5,0,26
-3,8,3,7,6,2475,B6,LAX,29,189,244,18,0,10,200,256,5,0,26
-4,8,3,7,19,2475,AA,LAX,29,189,244,18,0,10,200,256,5,0,26
0,8,3,7,17,2475,AA,LAX,29,189,244,18,0,10,200,256,5,0,26
-3,8,3,7,20,2475,AA,LAX,29,189,244,18,0,10,200,256,5,0,26
-4,8,3,7,15,2475,AA,LAX,29,189,244,18,0,10,200,256,5,0,26
-7,8,3,7,7,2475,AA,LAX,29,189,244,18,0,10,200,256,5,0,26
-3,8,3,7,10,2475,AA,LAX,29,189,244,18,0,10,200,256,5,0,26
-2,8,3,7,9,2475,B6,LAX,29,189,244,18,0,10,200,256,5,0,26
-5,8,3,7,9,2475,AA,LAX,29,189,244,18,0,10,200,256,5,0,26
199,8,3,7,16,2475,B6,LAX,29,189,244,18,0,10,200,256,5,0,26
17,8,3,7,18,2475,AA,LAX,29,189,244,18,0,10,200,256,5,0,26
53,8,3,7,12,2475,B6,LAX,29,189,244,18,0,10,200,256,5,0,26
1,8,3,7,20,2475,B6,LAX,29,189,244,18,0,10,200,256,5,0,26
-5,8,3,7,11,2475,AA,LAX,29,189,244,18,0,10,200,256,5,0,26
-2,8,3,7,8,2475,AA,LAX,29,189,244,18,0,10,200,256,5,0,26
-2,8,3,7,6,2475,AA,LAX,29,189,244,18,0,10,200,256,5,0,26
-4,8,3,7,16,2475,AA,LAX,29,189,244,18,0,10,200,256,5,0,26
4,8,3,7,12,2475,AA,LAX,29,189,244,18,0,10,200,256,5,0,26
-2,8,26,2,19,2475,AA,LAX,6,211,317,0,0,10,183,250,0,0,28
-4,8,26,2,6,2475,AA,LAX,6,211,317,0,0,10,183,250,0,0,28
-5,8,26,2,14,2475,AA,LAX,6,211,317,0,0,10,183,250,0,0,28
-2,8,26,2,6,2475,B6,LAX,6,211,317,0,0,10,183,250,0,0,28
54,8,26,2,16,2475,AA,LAX,6,211,317,0,0,10,183,250,0,0,28
-4,8,26,2,20,2475,AA,LAX,6,211,317,0,0,10,183,250,0,0,28
-10,8,26,2,8,2475,AA,LAX,6,211,317,0,0,10,183,250,0,0,28
11,8,26,2,9,2475,B6,LAX,6,211,317,0,0,10,183,250,0,0,28
-5,8,26,2,12,2475,B6,LAX,6,211,317,0,0,10,183,250,0,0,28
-2,8,26,2,17,2475,AA,LAX,6,211,317,0,0,10,183,250,0,0,28
13,8,26,2,18,2475,AA,LAX,6,211,317,0,0,10,183,250,0,0,28
-12,8,26,2,7,2475,AA,LAX,6,211,317,0,0,10,183,250,0,0,28
-8,8,26,2,10,2475,AA,LAX,6,211,317,0,0,10,183,250,0,0,28
13,8,26,2,16,2475,B6,LAX,6,211,317,0,0,10,183,250,0,0,28
-8,8,26,2,11,2475,AA,LAX,6,211,317,0,0,10,183,250,0,0,28
77,8,26,2,12,2475,AA,LAX,6,211,317,0,0,10,183,250,0,0,28
-7,8,26,2,20,2475,B6,LAX,6,211,317,0,0,10,183,250,0,0,28
-8,8,26,2,9,2475,AA,LAX,6,211,317,0,0,10,183,250,0,0,28
-1,8,26,2,6,2475,UA,LAX,6,211,317,0,0,10,183,250,0,0,28
-4,8,26,2,14,2475,UA,LAX,6,211,317,0,0,10,183,250,0,0,28
-1,8,26,2,11,2475,UA,LAX,6,211,317,0,0,10,183,250,0,0,28
2,8,26,2,17,2475,UA,LAX,6,211,317,0,0,10,183,250,0,0,28
-7,8,26,2,20,2475,UA,LAX,6,211,317,0,0,10,183,250,0,0,28
6,8,26,2,8,2475,UA,LAX,6,211,317,0,0,10,183,250,0,0,28
-2,8,26,2,11,2475,VX,LAX,6,211,317,0,0,10,183,250,0,0,28
-10,8,26,2,9,2475,VX,LAX,6,211,317,0,0,10,183,250,0,0,28
-2,8,26,2,7,2475,VX,LAX,6,211,317,0,0,10,183,250,0,0,28
-3,8,26,2,18,2475,DL,LAX,6,211,317,0,0,10,183,250,0,0,28
-6,8,26,2,9,2475,DL,LAX,6,211,317,0,0,10,183,250,0,0,28
79,8,26,2,12,2475,DL,LAX,6,211,317,0,0,10,183,250,0,0,28
9,8,26,2,7,2475,DL,LAX,6,211,317,0,0,10,183,250,0,0,28
-8,8,26,2,21,2475,DL,LAX,6,211,317,0,0,10,183,250,0,0,28
-2,8,26,2,15,2475,DL,LAX,6,211,317,0,0,10,183,250,0,0,28
0,8,26,2,8,2475,DL,LAX,6,211,317,0,0,10,183,250,0,0,28
-6,8,26,2,16,2475,DL,LAX,6,211,317,0,0,10,183,250,0,0,28
-7,8,26,2,20,2475,VX,LAX,6,211,317,0,0,10,183,250,0,0,28
9,8,26,2,16,2475,VX,LAX,6,211,317,0,0,10,183,250,0,0,28
-1,8,26,2,13,2475,VX,LAX,6,211,317,0,0,10,183,250,0,0,28
-2,8,31,7,21,2475,DL,LAX,1,228,322,157,0,15,200,261,0,0,32
0,8,31,7,7,2475,DL,LAX,1,228,322,157,0,15,200,261,0,0,32
-2,8,31,7,12,2475,DL,LAX,1,228,322,157,0,15,200,261,0,0,32
-9,8,31,7,9,2475,DL,LAX,1,228,322,157,0,15,200,261,0,0,32
3,8,31,7,18,2475,DL,LAX,1,228,322,157,0,15,200,261,0,0,32
-10,8,31,7,9,2475,VX,LAX,1,228,322,157,0,15,200,261,0,0,32
-1,8,31,7,11,2475,VX,LAX,1,228,322,157,0,15,200,261,0,0,32
-2,8,31,7,13,2475,VX,LAX,1,228,322,157,0,15,200,261,0,0,32
-2,8,31,7,16,2475,VX,LAX,1,228,322,157,0,15,200,261,0,0,32
-2,8,31,7,16,2475,DL,LAX,1,228,322,157,0,15,200,261,0,0,32
1,8,31,7,8,2475,DL,LAX,1,228,322,157,0,15,200,261,0,0,32
-2,8,31,7,15,2475,DL,LAX,1,228,322,157,0,15,200,261,0,0,32
5,8,31,7,20,2475,B6,LAX,1,228,322,157,0,15,200,261,0,0,32
-9,8,31,7,14,2475,AA,LAX,1,228,322,157,0,15,200,261,0,0,32
-6,8,31,7,7,2475,AA,LAX,1,228,322,157,0,15,200,261,0,0,32
-11,8,31,7,12,2475,AA,LAX,1,228,322,157,0,15,200,261,0,0,32
-1,8,31,7,20,2475,AA,LAX,1,228,322,157,0,15,200,261,0,0,32
-8,8,31,7,10,2475,AA,LAX,1,228,322,157,0,15,200,261,0,0,32
-9,8,31,7,16,2475,B6,LAX,1,228,322,157,0,15,200,261,0,0,32
0,8,31,7,17,2475,AA,LAX,1,228,322,157,0,15,200,261,0,0,32
-5,8,31,7,9,2475,AA,LAX,1,228,322,157,0,15,200,261,0,0,32
-3,8,31,7,11,2475,AA,LAX,1,228,322,157,0,15,200,261,0,0,32
-8,8,31,7,12,2475,B6,LAX,1,228,322,157,0,15,200,261,0,0,32
-3,8,31,7,9,2475,B6,LAX,1,228,322,157,0,15,200,261,0,0,32
-7,8,31,7,16,2475,AA,LAX,1,228,322,157,0,15,200,261,0,0,32
-6,8,31,7,6,2475,B6,LAX,1,228,322,157,0,15,200,261,0,0,32
-1,8,31,7,18,2475,AA,LAX,1,228,322,157,0,15,200,261,0,0,32
-3,8,31,7,11,2475,UA,LAX,1,228,322,157,0,15,200,261,0,0,32
19,8,31,7,8,2475,UA,LAX,1,228,322,157,0,15,200,261,0,0,32
2,8,31,7,17,2475,UA,LAX,1,228,322,157,0,15,200,261,0,0,32
-4,9,4,4,8,2475,UA,LAX,3,206,306,0,0,12,194,244,0,0,37
13,9,4,4,20,2475,UA,LAX,3,206,306,0,0,12,194,244,0,0,37
-3,9,4,4,11,2475,UA,LAX,3,206,306,0,0,12,194,244,0,0,37
-8,9,4,4,14,2475,UA,LAX,3,206,306,0,0,12,194,244,0,0,37
0,9,4,4,17,2475,UA,LAX,3,206,306,0,0,12,194,244,0,0,37
-1,9,4,4,20,2475,B6,LAX,3,206,306,0,0,12,194,244,0,0,37
-5,9,4,4,20,2475,AA,LAX,3,206,306,0,0,12,194,244,0,0,37
2,9,4,4,14,2475,AA,LAX,3,206,306,0,0,12,194,244,0,0,37
-4,9,4,4,12,2475,AA,LAX,3,206,306,0,0,12,194,244,0,0,37
-5,9,4,4,6,2475,AA,LAX,3,206,306,0,0,12,194,244,0,0,37
-2,9,4,4,15,2475,DL,LAX,3,206,306,0,0,12,194,244,0,0,37
-5,9,4,4,8,2475,DL,LAX,3,206,306,0,0,12,194,244,0,0,37
2,9,4,4,21,2475,DL,LAX,3,206,306,0,0,12,194,244,0,0,37
0,9,4,4,16,2475,DL,LAX,3,206,306,0,0,12,194,244,0,0,37
11,9,4,4,7,2475,DL,LAX,3,206,306,0,0,12,194,244,0,0,37
0,9,4,4,12,2475,DL,LAX,3,206,306,0,0,12,194,244,0,0,37
-6,9,4,4,7,2475,AA,LAX,3,206,306,0,0,12,194,244,0,0,37
-2,9,4,4,17,2475,AA,LAX,3,206,306,0,0,12,194,244,0,0,37
-5,9,4,4,11,2475,AA,LAX,3,206,306,0,0,12,194,244,0,0,37
-6,9,4,4,9,2475,DL,LAX,3,206,306,0,0,12,194,244,0,0,37
37,9,4,4,18,2475,DL,LAX,3,206,306,0,0,12,194,244,0,0,37
-8,9,4,4,9,2475,AA,LAX,3,206,306,0,0,12,194,244,0,0,37
-6,9,4,4,19,2475,AA,LAX,3,206,306,0,0,12,194,244,0,0,37
-7,9,4,4,20,2475,VX,LAX,3,206,306,0,0,12,194,244,0,0,37
-1,9,4,4,16,2475,VX,LAX,3,206,306,0,0,12,194,244,0,0,37
-10,9,4,4,13,2475,VX,LAX,3,206,306,0,0,12,194,244,0,0,37
-5,9,4,4,11,2475,VX,LAX,3,206,306,0,0,12,194,244,0,0,37
1,9,4,4,16,2475,AA,LAX,3,206,306,0,0,12,194,244,0,0,37
-7,9,4,4,9,2475,VX,LAX,3,206,306,0,0,12,194,244,0,0,37
-4,9,4,4,9,2475,B6,LAX,3,206,306,0,0,12,194,244,0,0,37
-13,9,4,4,7,2475,VX,LAX,3,206,306,0,0,12,194,244,0,0,37
-8,9,4,4,10,2475,AA,LAX,3,206,306,0,0,12,194,244,0,0,37
-7,9,4,4,8,2475,AA,LAX,3,206,306,0,0,12,194,244,0,0,37
-6,9,4,4,16,2475,B6,LAX,3,206,306,0,0,12,194,244,0,0,37
-6,9,4,4,11,2475,B6,LAX,3,206,306,0,0,12,194,244,0,0,37
-2,9,4,4,18,2475,AA,LAX,3,206,306,0,0,12,194,244,0,0,37
-4,9,4,4,6,2475,B6,LAX,3,206,306,0,0,12,194,244,0,0,37
-6,9,27,6,18,2475,DL,LAX,16,156,283,0,0,11,172,222,0,0,36
-1,9,27,6,12,2475,DL,LAX,16,156,283,0,0,11,172,222,0,0,36
-2,9,27,6,15,2475,DL,LAX,16,156,283,0,0,11,172,222,0,0,36
-7,9,27,6,8,2475,DL,LAX,16,156,283,0,0,11,172,222,0,0,36
-3,9,27,6,16,2475,DL,LAX,16,156,283,0,0,11,172,222,0,0,36
-9,9,27,6,6,2475,B6,LAX,16,156,283,0,0,11,172,222,0,0,36
-7,9,27,6,9,2475,DL,LAX,16,156,283,0,0,11,172,222,0,0,36
-4,9,27,6,11,2475,UA,LAX,16,156,283,0,0,11,172,222,0,0,36
-3,9,27,6,14,2475,UA,LAX,16,156,283,0,0,11,172,222,0,0,36
-3,9,27,6,18,2475,UA,LAX,16,156,283,0,0,11,172,222,0,0,36
-6,9,27,6,8,2475,UA,LAX,16,156,283,0,0,11,172,222,0,0,36
1,9,27,6,6,2475,UA,LAX,16,156,283,0,0,11,172,222,0,0,36
-8,9,27,6,19,2475,AA,LAX,16,156,283,0,0,11,172,222,0,0,36
-5,9,27,6,16,2475,AA,LAX,16,156,283,0,0,11,172,222,0,0,36
-8,9,27,6,8,2475,B6,LAX,16,156,283,0,0,11,172,222,0,0,36
-7,9,27,6,14,2475,AA,LAX,16,156,283,0,0,11,172,222,0,0,36
-5,9,27,6,9,2475,B6,LAX,16,156,283,0,0,11,172,222,0,0,36
-2,9,27,6,20,2475,AA,LAX,16,156,283,0,0,11,172,222,0,0,36
-3,9,27,6,11,2475,B6,LAX,16,156,283,0,0,11,172,222,0,0,36
19,9,27,6,17,2475,AA,LAX,16,156,283,0,0,11,172,222,0,0,36
-4,9,27,6,8,2475,AA,LAX,16,156,283,0,0,11,172,222,0,0,36
-2,9,27,6,16,2475,VX,LAX,16,156,283,0,0,11,172,222,0,0,36
-3,9,27,6,13,2475,VX,LAX,16,156,283,0,0,11,172,222,0,0,36
-5,9,27,6,9,2475,VX,LAX,16,156,283,0,0,11,172,222,0,0,36
-3,9,27,6,7,2475,VX,LAX,16,156,283,0,0,11,172,222,0,0,36
-5,9,27,6,20,2475,B6,LAX,16,156,283,0,0,11,172,222,0,0,36
-4,9,27,6,18,2475,AA,LAX,16,156,283,0,0,11,172,222,0,0,36
23,9,27,6,16,2475,B6,LAX,16,156,283,0,0,11,172,222,0,0,36
-1,9,27,6,11,2475,AA,LAX,16,156,283,0,0,11,172,222,0,0,36
-7,9,27,6,7,2475,AA,LAX,16,156,283,0,0,11,172,222,0,0,36
-5,9,27,6,12,2475,AA,LAX,16,156,283,0,0,11,172,222,0,0,36
-5,9,27,6,9,2475,AA,LAX,16,156,283,0,0,11,172,222,0,0,36
-8,9,27,6,10,2475,AA,LAX,16,156,283,0,0,11,172,222,0,0,36
-7,10,18,6,19,2475,AA,LAX,5,133,211,0,0,28,156,228,0,0,26
-3,10,18,6,9,2475,VX,LAX,5,133,211,0,0,28,156,228,0,0,26
-4,10,18,6,11,2475,AA,LAX,5,133,211,0,0,28,156,228,0,0,26
-8,10,18,6,14,2475,AA,LAX,5,133,211,0,0,28,156,228,0,0,26
-2,10,18,6,16,2475,AA,LAX,5,133,211,0,0,28,156,228,0,0,26
-1,10,18,6,6,2475,UA,LAX,5,133,211,0,0,28,156,228,0,0,26
-4,10,18,6,14,2475,UA,LAX,5,133,211,0,0,28,156,228,0,0,26
0,10,18,6,16,2475,VX,LAX,5,133,211,0,0,28,156,228,0,0,26
1,10,18,6,13,2475,VX,LAX,5,133,211,0,0,28,156,228,0,0,26
-5,10,18,6,9,2475,AA,LAX,5,133,211,0,0,28,156,228,0,0,26
-4,10,18,6,8,2475,UA,LAX,5,133,211,0,0,28,156,228,0,0,26
-10,10,18,6,12,2475,AA,LAX,5,133,211,0,0,28,156,228,0,0,26
-5,10,18,6,18,2475,UA,LAX,5,133,211,0,0,28,156,228,0,0,26
110,10,18,6,20,2475,AA,LAX,5,133,211,0,0,28,156,228,0,0,26
-4,10,18,6,7,2475,AA,LAX,5,133,211,0,0,28,156,228,0,0,26
5,10,18,6,7,2475,VX,LAX,5,133,211,0,0,28,156,228,0,0,26
1,10,18,6,18,2475,AA,LAX,5,133,211,0,0,28,156,228,0,0,26
-1,10,18,6,17,2475,AA,LAX,5,133,211,0,0,28,156,228,0,0,26
-2,10,18,6,11,2475,UA,LAX,5,133,211,0,0,28,156,228,0,0,26
-2,10,18,6,8,2475,AA,LAX,5,133,211,0,0,28,156,228,0,0,26
8,10,18,6,20,2475,B6,LAX,5,133,211,0,0,28,156,228,0,0,26
-6,10,18,6,10,2475,AA,LAX,5,133,211,0,0,28,156,228,0,0,26
-1,10,18,6,11,2475,B6,LAX,5,133,211,0,0,28,156,228,0,0,26
-5,10,18,6,9,2475,B6,LAX,5,133,211,0,0,28,156,228,0,0,26
-5,10,18,6,8,2475,B6,LAX,5,133,211,0,0,28,156,228,0,0,26
34,10,18,6,6,2475,B6,LAX,5,133,211,0,0,28,156,228,0,0,26
-2,10,18,6,8,2475,DL,LAX,5,133,211,0,0,28,156,228,0,0,26
-1,10,18,6,15,2475,DL,LAX,5,133,211,0,0,28,156,228,0,0,26
-3,10,18,6,12,2475,DL,LAX,5,133,211,0,0,28,156,228,0,0,26
-5,10,18,6,7,2475,DL,LAX,5,133,211,0,0,28,156,228,0,0,26
20,10,18,6,16,2475,DL,LAX,5,133,211,0,0,28,156,228,0,0,26
20,10,18,6,18,2475,DL,LAX,5,133,211,0,0,28,156,228,0,0,26
-1,10,18,6,16,2475,B6,LAX,5,133,211,0,0,28,156,228,0,0,26
-5,10,23,4,8,2475,AA,LAX,10,100,117,155,0,34,161,250,0,0,18
-4,10,23,4,11,2475,AA,LAX,10,100,117,155,0,34,161,250,0,0,18
64,10,23,4,16,2475,AA,LAX,10,100,117,155,0,34,161,250,0,0,18
-6,10,23,4,7,2475,VX,LAX,10,100,117,155,0,34,161,250,0,0,18
8,10,23,4,19,2475,AA,LAX,10,100,117,155,0,34,161,250,0,0,18
-4,10,23,4,9,2475,VX,LAX,10,100,117,155,0,34,161,250,0,0,18
-3,10,23,4,11,2475,VX,LAX,10,100,117,155,0,34,161,250,0,0,18
-5,10,23,4,13,2475,VX,LAX,10,100,117,155,0,34,161,250,0,0,18
-1,10,23,4,16,2475,VX,LAX,10,100,117,155,0,34,161,250,0,0,18
-5,10,23,4,20,2475,VX,LAX,10,100,117,155,0,34,161,250,0,0,18
-3,10,23,4,7,2475,AA,LAX,10,100,117,155,0,34,161,250,0,0,18
-4,10,23,4,11,2475,UA,LAX,10,100,117,155,0,34,161,250,0,0,18
-2,10,23,4,20,2475,AA,LAX,10,100,117,155,0,34,161,250,0,0,18
-6,10,23,4,18,2475,AA,LAX,10,100,117,155,0,34,161,250,0,0,18
-6,10,23,4,9,2475,AA,LAX,10,100,117,155,0,34,161,250,0,0,18
-3,10,23,4,6,2475,UA,LAX,10,100,117,155,0,34,161,250,0,0,18
1,10,23,4,8,2475,UA,LAX,10,100,117,155,0,34,161,250,0,0,18
-4,10,23,4,20,2475,UA,LAX,10,100,117,155,0,34,161,250,0,0,18
9,10,23,4,17,2475,UA,LAX,10,100,117,155,0,34,161,250,0,0,18
27,10,23,4,17,2475,AA,LAX,10,100,117,155,0,34,161,250,0,0,18
-10,10,23,4,12,2475,AA,LAX,10,100,117,155,0,34,161,250,0,0,18
-1,10,23,4,14,2475,UA,LAX,10,100,117,155,0,34,161,250,0,0,18
-8,10,23,4,14,2475,AA,LAX,10,100,117,155,0,34,161,250,0,0,18
19,10,23,4,21,2475,DL,LAX,10,100,117,155,0,34,161,250,0,0,18
-3,10,23,4,8,2475,DL,LAX,10,100,117,155,0,34,161,250,0,0,18
-4,10,23,4,16,2475,B6,LAX,10,100,117,155,0,34,161,250,0,0,18
14,10,23,4,21,2475,B6,LAX,10,100,117,155,0,34,161,250,0,0,18
-2,10,23,4,9,2475,B6,LAX,10,100,117,155,0,34,161,250,0,0,18
-2,10,23,4,11,2475,B6,LAX,10,100,117,155,0,34,161,250,0,0,18
-6,10,23,4,10,2475,AA,LAX,10,100,117,155,0,34,161,250,0,0,18
-10,10,23,4,8,2475,B6,LAX,10,100,117,155,0,34,161,250,0,0,18
9,10,23,4,15,2475,DL,LAX,10,100,117,155,0,34,161,250,0,0,18
-8,10,23,4,6,2475,AA,LAX,10,100,117,155,0,34,161,250,0,0,18
-2,10,23,4,7,2475,DL,LAX,10,100,117,155,0,34,161,250,0,0,18
-4,10,23,4,12,2475,DL,LAX,10,100,117,155,0,34,161,250,0,0,18
9,10,23,4,9,2475,DL,LAX,10,100,117,155,0,34,161,250,0,0,18
0,10,23,4,16,2475,DL,LAX,10,100,117,155,0,34,161,250,0,0,18
9,10,23,4,18,2475,DL,LAX,10,100,117,155,0,34,161,250,0,0,18
2,10,23,4,6,2475,B6,LAX,10,100,117,155,0,34,161,250,0,0,18
-3,11,1,6,9,2475,AA,LAX,10,56,83,89,0,40,133,183,51,0,43
-5,11,1,6,17,2475,AA,LAX,10,56,83,89,0,40,133,183,51,0,43
-7,11,1,6,9,2475,AA,LAX,10,56,83,89,0,40,133,183,51,0,43
76,11,1,6,12,2475,AA,LAX,10,56,83,89,0,40,133,183,51,0,43
-4,11,1,6,7,2475,AA,LAX,10,56,83,89,0,40,133,183,51,0,43
108,11,1,6,14,2475,AA,LAX,10,56,83,89,0,40,133,183,51,0,43
-4,11,1,6,11,2475,AA,LAX,10,56,83,89,0,40,133,183,51,0,43
3,11,1,6,18,2475,AA,LAX,10,56,83,89,0,40,133,183,51,0,43
4,11,1,6,8,2475,DL,LAX,10,56,83,89,0,40,133,183,51,0,43
28,11,1,6,15,2475,DL,LAX,10,56,83,89,0,40,133,183,51,0,43
-4,11,1,6,7,2475,DL,LAX,10,56,83,89,0,40,133,183,51,0,43
43,11,1,6,12,2475,DL,LAX,10,56,83,89,0,40,133,183,51,0,43
-1,11,1,6,9,2475,DL,LAX,10,56,83,89,0,40,133,183,51,0,43
5,11,1,6,16,2475,DL,LAX,10,56,83,89,0,40,133,183,51,0,43
14,11,1,6,18,2475,DL,LAX,10,56,83,89,0,40,133,183,51,0,43
44,11,1,6,15,2475,B6,LAX,10,56,83,89,0,40,133,183,51,0,43
41,11,1,6,8,2475,AA,LAX,10,56,83,89,0,40,133,183,51,0,43
34,11,1,6,16,2475,AA,LAX,10,56,83,89,0,40,133,183,51,0,43
9,11,1,6,20,2475,AA,LAX,10,56,83,89,0,40,133,183,51,0,43
-4,11,1,6,19,2475,AA,LAX,10,56,83,89,0,40,133,183,51,0,43
-2,11,1,6,9,2475,B6,LAX,10,56,83,89,0,40,133,183,51,0,43
-3,11,1,6,7,2475,B6,LAX,10,56,83,89,0,40,133,183,51,0,43
-6,11,1,6,6,2475,B6,LAX,10,56,83,89,0,40,133,183,51,0,43
0,11,1,6,21,2475,B6,LAX,10,56,83,89,0,40,133,183,51,0,43
33,11,1,6,16,2475,VX,LAX,10,56,83,89,0,40,133,183,51,0,43
111,11,1,6,13,2475,VX,LAX,10,56,83,89,0,40,133,183,51,0,43
-4,11,1,6,9,2475,VX,LAX,10,56,83,89,0,40,133,183,51,0,43
-2,11,1,6,8,2475,UA,LAX,10,56,83,89,0,40,133,183,51,0,43
12,11,1,6,18,2475,UA,LAX,10,56,83,89,0,40,133,183,51,0,43
-4,11,1,6,6,2475,UA,LAX,10,56,83,89,0,40,133,183,51,0,43
50,11,1,6,14,2475,UA,LAX,10,56,83,89,0,40,133,183,51,0,43
-5,11,1,6,7,2475,VX,LAX,10,56,83,89,0,40,133,183,51,0,43
-5,11,1,6,11,2475,UA,LAX,10,56,83,89,0,40,133,183,51,0,43
-5,11,19,3,16,2475,DL,LAX,8,-55,22,0,0,32,122,211,0,0,29
-2,11,19,3,11,2475,AA,LAX,8,-55,22,0,0,32,122,211,0,0,29
26,11,19,3,18,2475,DL,LAX,8,-55,22,0,0,32,122,211,0,0,29
0,11,19,3,14,2475,UA,LAX,8,-55,22,0,0,32,122,211,0,0,29
-6,11,19,3,10,2475,AA,LAX,8,-55,22,0,0,32,122,211,0,0,29
-5,11,19,3,7,2475,AA,LAX,8,-55,22,0,0,32,122,211,0,0,29
-7,11,19,3,18,2475,AA,LAX,8,-55,22,0,0,32,122,211,0,0,29
-7,11,19,3,6,2475,AA,LAX,8,-55,22,0,0,32,122,211,0,0,29
23,11,19,3,17,2475,AA,LAX,8,-55,22,0,0,32,122,211,0,0,29
-2,11,19,3,20,2475,AA,LAX,8,-55,22,0,0,32,122,211,0,0,29
7,11,19,3,15,2475,DL,LAX,8,-55,22,0,0,32,122,211,0,0,29
12,11,19,3,17,2475,UA,LAX,8,-55,22,0,0,32,122,211,0,0,29
-3,11,19,3,6,2475,B6,LAX,8,-55,22,0,0,32,122,211,0,0,29
-2,11,19,3,11,2475,UA,LAX,8,-55,22,0,0,32,122,211,0,0,29
-2,11,19,3,7,2475,B6,LAX,8,-55,22,0,0,32,122,211,0,0,29
-1,11,19,3,14,2475,AA,LAX,8,-55,22,0,0,32,122,211,0,0,29
-2,11,19,3,9,2475,B6,LAX,8,-55,22,0,0,32,122,211,0,0,29
0,11,19,3,15,2475,B6,LAX,8,-55,22,0,0,32,122,211,0,0,29
-2,11,19,3,12,2475,AA,LAX,8,-55,22,0,0,32,122,211,0,0,29
-3,11,19,3,21,2475,B6,LAX,8,-55,22,0,0,32,122,211,0,0,29
0,11,19,3,7,2475,DL,LAX,8,-55,22,0,0,32,122,211,0,0,29
-1,11,19,3,16,2475,AA,LAX,8,-55,22,0,0,32,122,211,0,0,29
-5,11,19,3,8,2475,AA,LAX,8,-55,22,0,0,32,122,211,0,0,29
1,11,19,3,21,2475,DL,LAX,8,-55,22,0,0,32,122,211,0,0,29
1,11,19,3,9,2475,AA,LAX,8,-55,22,0,0,32,122,211,0,0,29
4,11,19,3,11,2475,DL,LAX,8,-55,22,0,0,32,122,211,0,0,29
60,11,19,3,19,2475,UA,LAX,8,-55,22,0,0,32,122,211,0,0,29
95,11,19,3,6,2475,UA,LAX,8,-55,22,0,0,32,122,211,0,0,29
-7,11,19,3,9,2475,DL,LAX,8,-55,22,0,0,32,122,211,0,0,29
40,11,19,3,20,2475,AA,LAX,8,-55,22,0,0,32,122,211,0,0,29
-5,11,19,3,8,2475,UA,LAX,8,-55,22,0,0,32,122,211,0,0,29
10,11,19,3,8,2475,DL,LAX,8,-55,22,0,0,32,122,211,0,0,29
-3,11,19,3,7,2475,VX,LAX,8,-55,22,0,0,32,122,211,0,0,29
-7,11,19,3,20,2475,VX,LAX,8,-55,22,0,0,32,122,211,0,0,29
-4,11,19,3,16,2475,VX,LAX,8,-55,22,0,0,32,122,211,0,0,29
-1,11,19,3,13,2475,VX,LAX,8,-55,22,0,0,32,122,211,0,0,29
-5,11,19,3,9,2475,VX,LAX,8,-55,22,0,0,32,122,211,0,0,29
-3,11,24,1,9,2475,VX,LAX,3,117,206,178,0,24,133,261,0,0,20
-1,11,24,1,16,2475,VX,LAX,3,117,206,178,0,24,133,261,0,0,20
72,11,24,1,20,2475,VX,LAX,3,117,206,178,0,24,133,261,0,0,20
-1,11,24,1,7,2475,VX,LAX,3,117,206,178,0,24,133,261,0,0,20
-11,11,24,1,13,2475,VX,LAX,3,117,206,178,0,24,133,261,0,0,20
-3,11,24,1,11,2475,VX,LAX,3,117,206,178,0,24,133,261,0,0,20
17,11,24,1,21,2475,B6,LAX,3,117,206,178,0,24,133,261,0,0,20
-2,11,24,1,11,2475,UA,LAX,3,117,206,178,0,24,133,261,0,0,20
46,11,24,1,18,2475,AA,LAX,3,117,206,178,0,24,133,261,0,0,20
0,11,24,1,17,2475,UA,LAX,3,117,206,178,0,24,133,261,0,0,20
-2,11,24,1,20,2475,AA,LAX,3,117,206,178,0,24,133,261,0,0,20
44,11,24,1,15,2475,B6,LAX,3,117,206,178,0,24,133,261,0,0,20
2,11,24,1,10,2475,AA,LAX,3,117,206,178,0,24,133,261,0,0,20
-5,11,24,1,19,2475,UA,LAX,3,117,206,178,0,24,133,261,0,0,20
-2,11,24,1,9,2475,DL,LAX,3,117,206,178,0,24,133,261,0,0,20
11,11,24,1,17,2475,AA,LAX,3,117,206,178,0,24,133,261,0,0,20
14,11,24,1,11,2475,DL,LAX,3,117,206,178,0,24,133,261,0,0,20
-2,11,24,1,21,2475,DL,LAX,3,117,206,178,0,24,133,261,0,0,20
-7,11,24,1,11,2475,AA,LAX,3,117,206,178,0,24,133,261,0,0,20
-4,11,24,1,8,2475,DL,LAX,3,117,206,178,0,24,133,261,0,0,20
-5,11,24,1,6,2475,B6,LAX,3,117,206,178,0,24,133,261,0,0,20
-4,11,24,1,7,2475,AA,LAX,3,117,206,178,0,24,133,261,0,0,20
0,11,24,1,16,2475,DL,LAX,3,117,206,178,0,24,133,261,0,0,20
-2,11,24,1,7,2475,B6,LAX,3,117,206,178,0,24,133,261,0,0,20
-5,11,24,1,12,2475,AA,LAX,3,117,206,178,0,24,133,261,0,0,20
-5,11,24,1,6,2475,AA,LAX,3,117,206,178,0,24,133,261,0,0,20
11,11,24,1,9,2475,B6,LAX,3,117,206,178,0,24,133,261,0,0,20
0,11,24,1,18,2475,DL,LAX,3,117,206,178,0,24,133,261,0,0,20
1,11,24,1,14,2475,AA,LAX,3,117,206,178,0,24,133,261,0,0,20
-4,11,24,1,8,2475,AA,LAX,3,117,206,178,0,24,133,261,0,0,20
-2,11,24,1,8,2475,UA,LAX,3,117,206,178,0,24,133,261,0,0,20
-2,11,24,1,15,2475,DL,LAX,3,117,206,178,0,24,133,261,0,0,20
33,11,24,1,9,2475,AA,LAX,3,117,206,178,0,24,133,261,0,0,20
-5,11,24,1,16,2475,AA,LAX,3,117,206,178,0,24,133,261,0,0,20
34,11,24,1,18,2475,B6,LAX,3,117,206,178,0,24,133,261,0,0,20
-1,12,2,2,13,2475,VX,LAX,5,17,61,20,0,41,139,183,284,0,39
-3,12,2,2,9,2475,VX,LAX,5,17,61,20,0,41,139,183,284,0,39
12,12,2,2,7,2475,VX,LAX,5,17,61,20,0,41,139,183,284,0,39
66,12,2,2,20,2475,VX,LAX,5,17,61,20,0,41,139,183,284,0,39
-2,12,2,2,16,2475,VX,LAX,5,17,61,20,0,41,139,183,284,0,39
-3,12,2,2,8,2475,B6,LAX,5,17,61,20,0,41,139,183,284,0,39
-7,12,2,2,14,2475,UA,LAX,5,17,61,20,0,41,139,183,284,0,39
81,12,2,2,7,2475,AA,LAX,5,17,61,20,0,41,139,183,284,0,39
18,12,2,2,16,2475,AA,LAX,5,17,61,20,0,41,139,183,284,0,39
186,12,2,2,20,2475,AA,LAX,5,17,61,20,0,41,139,183,284,0,39
3,12,2,2,15,2475,DL,LAX,5,17,61,20,0,41,139,183,284,0,39
19,12,2,2,21,2475,DL,LAX,5,17,61,20,0,41,139,183,284,0,39
0,12,2,2,7,2475,DL,LAX,5,17,61,20,0,41,139,183,284,0,39
0,12,2,2,11,2475,DL,LAX,5,17,61,20,0,41,139,183,284,0,39
0,12,2,2,9,2475,DL,LAX,5,17,61,20,0,41,139,183,284,0,39
9,12,2,2,17,2475,DL,LAX,5,17,61,20,0,41,139,183,284,0,39
2,12,2,2,18,2475,DL,LAX,5,17,61,20,0,41,139,183,284,0,39
-1,12,2,2,8,2475,UA,LAX,5,17,61,20,0,41,139,183,284,0,39
-2,12,2,2,17,2475,AA,LAX,5,17,61,20,0,41,139,183,284,0,39
0,12,2,2,15,2475,B6,LAX,5,17,61,20,0,41,139,183,284,0,39
13,12,2,2,19,2475,UA,LAX,5,17,61,20,0,41,139,183,284,0,39
-2,12,2,2,9,2475,AA,LAX,5,17,61,20,0,41,139,183,284,0,39
5,12,2,2,8,2475,AA,LAX,5,17,61,20,0,41,139,183,284,0,39
-2,12,2,2,6,2475,UA,LAX,5,17,61,20,0,41,139,183,284,0,39
29,12,2,2,18,2475,AA,LAX,5,17,61,20,0,41,139,183,284,0,39
-3,12,2,2,10,2475,AA,LAX,5,17,61,20,0,41,139,183,284,0,39
-2,12,2,2,14,2475,AA,LAX,5,17,61,20,0,41,139,183,284,0,39
1,12,2,2,6,2475,AA,LAX,5,17,61,20,0,41,139,183,284,0,39
-3,12,2,2,11,2475,AA,LAX,5,17,61,20,0,41,139,183,284,0,39
21,12,2,2,17,2475,UA,LAX,5,17,61,20,0,41,139,183,284,0,39
3,12,2,2,6,2475,B6,LAX,5,17,61,20,0,41,139,183,284,0,39
39,12,2,2,21,2475,B6,LAX,5,17,61,20,0,41,139,183,284,0,39
72,12,2,2,19,2475,AA,LAX,5,17,61,20,0,41,139,183,284,0,39
-4,12,2,2,12,2475,AA,LAX,5,17,61,20,0,41,139,183,284,0,39
21,12,2,2,9,2475,B6,LAX,5,17,61,20,0,41,139,183,284,0,39
5,12,2,2,11,2475,UA,LAX,5,17,61,20,0,41,139,183,284,0,39
-4,12,2,2,18,2475,B6,LAX,5,17,61,20,0,41,139,183,284,0,39
11,12,25,4,11,2475,UA,LAX,0,67,167,23,0,43,111,178,0,0,61
-3,12,25,4,6,2475,UA,LAX,0,67,167,23,0,43,111,178,0,0,61
-6,12,25,4,14,2475,UA,LAX,0,67,167,23,0,43,111,178,0,0,61
-4,12,25,4,17,2475,UA,LAX,0,67,167,23,0,43,111,178,0,0,61
-7,12,25,4,7,2475,AA,LAX,0,67,167,23,0,43,111,178,0,0,61
-5,12,25,4,6,2475,AA,LAX,0,67,167,23,0,43,111,178,0,0,61
-1,12,25,4,11,2475,DL,LAX,0,67,167,23,0,43,111,178,0,0,61
-2,12,25,4,7,2475,DL,LAX,0,67,167,23,0,43,111,178,0,0,61
5,12,25,4,21,2475,DL,LAX,0,67,167,23,0,43,111,178,0,0,61
0,12,25,4,8,2475,DL,LAX,0,67,167,23,0,43,111,178,0,0,61
-4,12,25,4,21,2475,B6,LAX,0,67,167,23,0,43,111,178,0,0,61
9,12,25,4,8,2475,AA,LAX,0,67,167,23,0,43,111,178,0,0,61
58,12,25,4,16,2475,AA,LAX,0,67,167,23,0,43,111,178,0,0,61
-6,12,25,4,14,2475,AA,LAX,0,67,167,23,0,43,111,178,0,0,61
-4,12,25,4,6,2475,B6,LAX,0,67,167,23,0,43,111,178,0,0,61
15,12,25,4,18,2475,B6,LAX,0,67,167,23,0,43,111,178,0,0,61
7,12,25,4,16,2475,B6,LAX,0,67,167,23,0,43,111,178,0,0,61
-3,12,25,4,10,2475,AA,LAX,0,67,167,23,0,43,111,178,0,0,61
-1,12,25,4,11,2475,B6,LAX,0,67,167,23,0,43,111,178,0,0,61
-2,12,25,4,17,2475,AA,LAX,0,67,167,23,0,43,111,178,0,0,61
-9,12,25,4,9,2475,B6,LAX,0,67,167,23,0,43,111,178,0,0,61
0,12,25,4,18,2475,DL,LAX,0,67,167,23,0,43,111,178,0,0,61
2,12,25,4,15,2475,DL,LAX,0,67,167,23,0,43,111,178,0,0,61
39,12,25,4,9,2475,DL,LAX,0,67,167,23,0,43,111,178,0,0,61
-4,12,25,4,8,2475,B6,LAX,0,67,167,23,0,43,111,178,0,0,61
10,12,25,4,11,2475,VX,LAX,0,67,167,23,0,43,111,178,0,0,61
-3,12,25,4,13,2475,VX,LAX,0,67,167,23,0,43,111,178,0,0,61
-3,12,25,4,16,2475,VX,LAX,0,67,167,23,0,43,111,178,0,0,61
-4,12,25,4,9,2475,VX,LAX,0,67,167,23,0,43,111,178,0,0,61
