91,1,7,2,7,2475,AA,LAX,6,-155,-71,0,0,59,106,206,0,0,16
21,1,7,2,16,2475,AA,LAX,6,-155,-71,0,0,59,106,206,0,0,16
3,1,7,2,15,2475,AA,LAX,6,-155,-71,0,0,59,106,206,0,0,16
10,1,7,2,9,2475,AA,LAX,6,-155,-71,0,0,59,106,206,0,0,16
1,1,7,2,12,2475,AA,LAX,6,-155,-71,0,0,59,106,206,0,0,16
52,1,7,2,21,2475,AA,LAX,6,-155,-71,0,0,59,106,206,0,0,16
50,1,7,2,10,2475,AA,LAX,6,-155,-71,0,0,59,106,206,0,0,16
-1,1,7,2,13,2475,AA,LAX,6,-155,-71,0,0,59,106,206,0,0,16
43,1,7,2,19,2475,AA,LAX,6,-155,-71,0,0,59,106,206,0,0,16
95,1,7,2,7,2475,DL,LAX,6,-155,-71,0,0,59,106,206,0,0,16
18,1,7,2,18,2475,DL,LAX,6,-155,-71,0,0,59,106,206,0,0,16
74,1,7,2,14,2475,UA,LAX,6,-155,-71,0,0,59,106,206,0,0,16
3,1,7,2,8,2475,UA,LAX,6,-155,-71,0,0,59,106,206,0,0,16
-4,1,7,2,12,2475,DL,LAX,6,-155,-71,0,0,59,106,206,0,0,16
103,1,7,2,9,2475,DL,LAX,6,-155,-71,0,0,59,106,206,0,0,16
16,1,7,2,15,2475,DL,LAX,6,-155,-71,0,0,59,106,206,0,0,16
20,1,7,2,17,2475,UA,LAX,6,-155,-71,0,0,59,106,206,0,0,16
4,1,7,2,6,2475,UA,LAX,6,-155,-71,0,0,59,106,206,0,0,16
-3,1,7,2,20,2475,UA,LAX,6,-155,-71,0,0,59,106,206,0,0,16
47,1,7,2,11,2475,UA,LAX,6,-155,-71,0,0,59,106,206,0,0,16
119,1,7,2,20,2475,DL,LAX,6,-155,-71,0,0,59,106,206,0,0,16
18,1,7,2,16,2475,B6,LAX,6,-155,-71,0,0,59,106,206,0,0,16
83,1,7,2,20,2475,B6,LAX,6,-155,-71,0,0,59,106,206,0,0,16
4,1,7,2,7,2475,VX,LAX,6,-155,-71,0,0,59,106,206,0,0,16
31,1,7,2,9,2475,VX,LAX,6,-155,-71,0,0,59,106,206,0,0,16
19,1,7,2,13,2475,VX,LAX,6,-155,-71,0,0,59,106,206,0,0,16
25,1,7,2,16,2475,VX,LAX,6,-155,-71,0,0,59,106,206,0,0,16
19,1,7,2,20,2475,VX,LAX,6,-155,-71,0,0,59,106,206,0,0,16
15,1,7,2,16,2475,DL,LAX,6,-155,-71,0,0,59,106,206,0,0,16
7,1,12,7,16,2475,B6,LAX,9,33,122,13,0,37,106,206,0,0,21
8,1,12,7,20,2475,UA,LAX,9,33,122,13,0,37,106,206,0,0,21
-5,1,12,7,8,2475,UA,LAX,9,33,122,13,0,37,106,206,0,0,21
-2,1,12,7,14,2475,UA,LAX,9,33,122,13,0,37,106,206,0,0,21
7,1,12,7,17,2475,UA,LAX,9,33,122,13,0,37,106,206,0,0,21
-3,1,12,7,6,2475,B6,LAX,9,33,122,13,0,37,106,206,0,0,21
8,1,12,7,9,2475,B6,LAX,9,33,122,13,0,37,106,206,0,0,21
12,1,12,7,20,2475,B6,LAX,9,33,122,13,0,37,106,206,0,0,21
2,1,12,7,16,2475,DL,LAX,9,33,122,13,0,37,106,206,0,0,21
1,1,12,7,7,2475,DL,LAX,9,33,122,13,0,37,106,206,0,0,21
20,1,12,7,20,2475,DL,LAX,9,33,122,13,0,37,106,206,0,0,21
-1,1,12,7,18,2475,DL,LAX,9,33,122,13,0,37,106,206,0,0,21
-2,1,12,7,12,2475,DL,LAX,9,33,122,13,0,37,106,206,0,0,21
-1,1,12,7,9,2475,DL,LAX,9,33,122,13,0,37,106,206,0,0,21
4,1,12,7,15,2475,DL,LAX,9,33,122,13,0,37,106,206,0,0,21
6,1,12,7,11,2475,UA,LAX,9,33,122,13,0,37,106,206,0,0,21
-4,1,12,7,12,2475,AA,LAX,9,33,122,13,0,37,106,206,0,0,21
-1,1,12,7,21,2475,AA,LAX,9,33,122,13,0,37,106,206,0,0,21
-6,1,12,7,9,2475,AA,LAX,9,33,122,13,0,37,106,206,0,0,21
-4,1,12,7,13,2475,AA,LAX,9,33,122,13,0,37,106,206,0,0,21
133,1,12,7,19,2475,AA,LAX,9,33,122,13,0,37,106,206,0,0,21
-2,1,12,7,7,2475,AA,LAX,9,33,122,13,0,37,106,206,0,0,21
-4,1,12,7,16,2475,AA,LAX,9,33,122,13,0,37,106,206,0,0,21
-2,1,12,7,10,2475,AA,LAX,9,33,122,13,0,37,106,206,0,0,21
15,1,12,7,15,2475,AA,LAX,9,33,122,13,0,37,106,206,0,0,21
4,1,12,7,20,2475,VX,LAX,9,33,122,13,0,37,106,206,0,0,21
2,1,12,7,13,2475,VX,LAX,9,33,122,13,0,37,106,206,0,0,21
2,1,12,7,9,2475,VX,LAX,9,33,122,13,0,37,106,206,0,0,21
10,1,12,7,16,2475,VX,LAX,9,33,122,13,0,37,106,206,0,0,21
-3,2,8,6,15,2475,DL,LAX,10,-60,-16,0,0,22,117,167,0,0,37
-5,2,8,6,16,2475,AA,LAX,10,-60,-16,0,0,22,117,167,0,0,37
144,2,8,6,15,2475,AA,LAX,10,-60,-16,0,0,22,117,167,0,0,37
19,2,8,6,12,2475,AA,LAX,10,-60,-16,0,0,22,117,167,0,0,37
-1,2,8,6,9,2475,AA,LAX,10,-60,-16,0,0,22,117,167,0,0,37
-4,2,8,6,21,2475,AA,LAX,10,-60,-16,0,0,22,117,167,0,0,37
0,2,8,6,19,2475,AA,LAX,10,-60,-16,0,0,22,117,167,0,0,37
6,2,8,6,20,2475,B6,LAX,10,-60,-16,0,0,22,117,167,0,0,37
2,2,8,6,10,2475,AA,LAX,10,-60,-16,0,0,22,117,167,0,0,37
169,2,8,6,13,2475,AA,LAX,10,-60,-16,0,0,22,117,167,0,0,37
-4,2,8,6,16,2475,B6,LAX,10,-60,-16,0,0,22,117,167,0,0,37
12,2,8,6,20,2475,DL,LAX,10,-60,-16,0,0,22,117,167,0,0,37
-4,2,8,6,18,2475,DL,LAX,10,-60,-16,0,0,22,117,167,0,0,37
128,2,8,6,12,2475,DL,LAX,10,-60,-16,0,0,22,117,167,0,0,37
-5,2,8,6,8,2475,UA,LAX,10,-60,-16,0,0,22,117,167,0,0,37
-1,2,8,6,16,2475,VX,LAX,10,-60,-16,0,0,22,117,167,0,0,37
8,2,8,6,13,2475,VX,LAX,10,-60,-16,0,0,22,117,167,0,0,37
-3,2,8,6,9,2475,VX,LAX,10,-60,-16,0,0,22,117,167,0,0,37
1,2,8,6,7,2475,VX,LAX,10,-60,-16,0,0,22,117,167,0,0,37
0,2,8,6,6,2475,UA,LAX,10,-60,-16,0,0,22,117,167,0,0,37
-4,2,8,6,11,2475,UA,LAX,10,-60,-16,0,0,22,117,167,0,0,37
-6,2,8,6,14,2475,UA,LAX,10,-60,-16,0,0,22,117,167,0,0,37
-6,2,8,6,17,2475,UA,LAX,10,-60,-16,0,0,22,117,167,0,0,37
20,2,13,4,15,2475,AA,LAX,5,-43,22,452,241,56,117,222,0,0,21
13,2,13,4,6,2475,AA,LAX,5,-43,22,452,241,56,117,222,0,0,21
11,2,13,4,16,2475,AA,LAX,5,-43,22,452,241,56,117,222,0,0,21
31,2,13,4,12,2475,B6,LAX,5,-43,22,452,241,56,117,222,0,0,21
81,2,13,4,21,2475,AA,LAX,5,-43,22,452,241,56,117,222,0,0,21
13,2,13,4,16,2475,B6,LAX,5,-43,22,452,241,56,117,222,0,0,21
18,2,13,4,13,2475,AA,LAX,5,-43,22,452,241,56,117,222,0,0,21
85,2,13,4,19,2475,AA,LAX,5,-43,22,452,241,56,117,222,0,0,21
17,2,13,4,16,2475,DL,LAX,5,-43,22,452,241,56,117,222,0,0,21
68,2,13,4,17,2475,UA,LAX,5,-43,22,452,241,56,117,222,0,0,21
67,2,13,4,9,2475,DL,LAX,5,-43,22,452,241,56,117,222,0,0,21
128,2,13,4,15,2475,DL,LAX,5,-43,22,452,241,56,117,222,0,0,21
75,2,13,4,20,2475,DL,LAX,5,-43,22,452,241,56,117,222,0,0,21
60,2,13,4,7,2475,DL,LAX,5,-43,22,452,241,56,117,222,0,0,21
381,2,13,4,12,2475,DL,LAX,5,-43,22,452,241,56,117,222,0,0,21
-7,3,9,7,13,2475,VX,LAX,19,22,67,0,0,28,161,294,0,0,33
-3,3,9,7,9,2475,VX,LAX,19,22,67,0,0,28,161,294,0,0,33
9,3,9,7,11,2475,UA,LAX,19,22,67,0,0,28,161,294,0,0,33
0,3,9,7,8,2475,UA,LAX,19,22,67,0,0,28,161,294,0,0,33
20,3,9,7,17,2475,UA,LAX,19,22,67,0,0,28,161,294,0,0,33
43,3,9,7,20,2475,UA,LAX,19,22,67,0,0,28,161,294,0,0,33
8,3,9,7,14,2475,UA,LAX,19,22,67,0,0,28,161,294,0,0,33
1,3,9,7,20,2475,VX,LAX,19,22,67,0,0,28,161,294,0,0,33
5,3,9,7,16,2475,VX,LAX,19,22,67,0,0,28,161,294,0,0,33
-3,3,9,7,12,2475,DL,LAX,19,22,67,0,0,28,161,294,0,0,33
-2,3,9,7,20,2475,DL,LAX,19,22,67,0,0,28,161,294,0,0,33
57,3,9,7,18,2475,DL,LAX,19,22,67,0,0,28,161,294,0,0,33
-1,3,9,7,7,2475,DL,LAX,19,22,67,0,0,28,161,294,0,0,33
-1,3,9,7,16,2475,DL,LAX,19,22,67,0,0,28,161,294,0,0,33
14,3,9,7,21,2475,AA,LAX,19,22,67,0,0,28,161,294,0,0,33
11,3,9,7,16,2475,AA,LAX,19,22,67,0,0,28,161,294,0,0,33
-4,3,9,7,15,2475,AA,LAX,19,22,67,0,0,28,161,294,0,0,33
-4,3,9,7,8,2475,AA,LAX,19,22,67,0,0,28,161,294,0,0,33
7,3,9,7,19,2475,AA,LAX,19,22,67,0,0,28,161,294,0,0,33
-9,3,9,7,10,2475,AA,LAX,19,22,67,0,0,28,161,294,0,0,33
8,3,9,7,6,2475,AA,LAX,19,22,67,0,0,28,161,294,0,0,33
-10,3,9,7,12,2475,AA,LAX,19,22,67,0,0,28,161,294,0,0,33
6,3,9,7,6,2475,B6,LAX,19,22,67,0,0,28,161,294,0,0,33
-8,3,9,7,11,2475,B6,LAX,19,22,67,0,0,28,161,294,0,0,33
23,3,9,7,16,2475,B6,LAX,19,22,67,0,0,28,161,294,0,0,33
-3,3,9,7,20,2475,B6,LAX,19,22,67,0,0,28,161,294,0,0,33
-3,3,9,7,9,2475,AA,LAX,19,22,67,0,0,28,161,294,0,0,33
-8,3,9,7,13,2475,AA,LAX,19,22,67,0,0,28,161,294,0,0,33
46,3,9,7,15,2475,DL,LAX,19,22,67,0,0,28,161,294,0,0,33
4,3,9,7,9,2475,DL,LAX,19,22,67,0,0,28,161,294,0,0,33
-8,3,14,5,21,2475,AA,LAX,24,-55,78,0,0,25,117,189,0,0,23
7,3,14,5,16,2475,DL,LAX,24,-55,78,0,0,25,117,189,0,0,23
18,3,14,5,18,2475,DL,LAX,24,-55,78,0,0,25,117,189,0,0,23
1,3,14,5,20,2475,DL,LAX,24,-55,78,0,0,25,117,189,0,0,23
-2,3,14,5,12,2475,DL,LAX,24,-55,78,0,0,25,117,189,0,0,23
6,3,14,5,9,2475,DL,LAX,24,-55,78,0,0,25,117,189,0,0,23
-1,3,14,5,15,2475,DL,LAX,24,-55,78,0,0,25,117,189,0,0,23
5,3,14,5,20,2475,B6,LAX,24,-55,78,0,0,25,117,189,0,0,23
-7,3,14,5,16,2475,B6,LAX,24,-55,78,0,0,25,117,189,0,0,23
64,3,14,5,11,2475,B6,LAX,24,-55,78,0,0,25,117,189,0,0,23
0,3,14,5,6,2475,B6,LAX,24,-55,78,0,0,25,117,189,0,0,23
-2,3,14,5,13,2475,AA,LAX,24,-55,78,0,0,25,117,189,0,0,23
33,3,14,5,16,2475,AA,LAX,24,-55,78,0,0,25,117,189,0,0,23
102,3,14,5,15,2475,AA,LAX,24,-55,78,0,0,25,117,189,0,0,23
-4,3,14,5,8,2475,AA,LAX,24,-55,78,0,0,25,117,189,0,0,23
0,3,14,5,19,2475,AA,LAX,24,-55,78,0,0,25,117,189,0,0,23
-3,3,14,5,10,2475,AA,LAX,24,-55,78,0,0,25,117,189,0,0,23
-5,3,14,5,6,2475,AA,LAX,24,-55,78,0,0,25,117,189,0,0,23
-3,3,14,5,12,2475,AA,LAX,24,-55,78,0,0,25,117,189,0,0,23
25,3,14,5,9,2475,AA,LAX,24,-55,78,0,0,25,117,189,0,0,23
-2,3,14,5,6,2475,UA,LAX,24,-55,78,0,0,25,117,189,0,0,23
-3,3,14,5,11,2475,UA,LAX,24,-55,78,0,0,25,117,189,0,0,23
3,3,14,5,8,2475,UA,LAX,24,-55,78,0,0,25,117,189,0,0,23
27,3,14,5,16,2475,VX,LAX,24,-55,78,0,0,25,117,189,0,0,23
-3,3,14,5,20,2475,VX,LAX,24,-55,78,0,0,25,117,189,0,0,23
34,3,14,5,20,2475,UA,LAX,24,-55,78,0,0,25,117,189,0,0,23
0,3,14,5,14,2475,UA,LAX,24,-55,78,0,0,25,117,189,0,0,23
-2,3,14,5,17,2475,UA,LAX,24,-55,78,0,0,25,117,189,0,0,23
-2,3,14,5,7,2475,VX,LAX,24,-55,78,0,0,25,117,189,0,0,23
-5,3,14,5,9,2475,VX,LAX,24,-55,78,0,0,25,117,189,0,0,23
-4,3,14,5,13,2475,VX,LAX,24,-55,78,0,0,25,117,189,0,0,23
-3,4,15,2,7,2475,DL,LAX,37,6,172,180,0,39,133,167,0,0,30
6,4,15,2,21,2475,DL,LAX,37,6,172,180,0,39,133,167,0,0,30
12,4,15,2,15,2475,DL,LAX,37,6,172,180,0,39,133,167,0,0,30
47,4,15,2,8,2475,DL,LAX,37,6,172,180,0,39,133,167,0,0,30
140,4,15,2,18,2475,DL,LAX,37,6,172,180,0,39,133,167,0,0,30
23,4,15,2,17,2475,DL,LAX,37,6,172,180,0,39,133,167,0,0,30
0,4,15,2,9,2475,DL,LAX,37,6,172,180,0,39,133,167,0,0,30
-2,4,15,2,12,2475,DL,LAX,37,6,172,180,0,39,133,167,0,0,30
-7,4,15,2,19,2475,AA,LAX,37,6,172,180,0,39,133,167,0,0,30
11,4,15,2,21,2475,AA,LAX,37,6,172,180,0,39,133,167,0,0,30
7,4,15,2,9,2475,VX,LAX,37,6,172,180,0,39,133,167,0,0,30
-4,4,15,2,12,2475,AA,LAX,37,6,172,180,0,39,133,167,0,0,30
-5,4,15,2,9,2475,AA,LAX,37,6,172,180,0,39,133,167,0,0,30
21,4,15,2,20,2475,VX,LAX,37,6,172,180,0,39,133,167,0,0,30
53,4,15,2,16,2475,VX,LAX,37,6,172,180,0,39,133,167,0,0,30
5,4,15,2,13,2475,VX,LAX,37,6,172,180,0,39,133,167,0,0,30
0,4,15,2,7,2475,VX,LAX,37,6,172,180,0,39,133,167,0,0,30
19,4,15,2,16,2475,AA,LAX,37,6,172,180,0,39,133,167,0,0,30
23,4,15,2,20,2475,B6,LAX,37,6,172,180,0,39,133,167,0,0,30
-4,4,15,2,8,2475,AA,LAX,37,6,172,180,0,39,133,167,0,0,30
354,4,15,2,16,2475,B6,LAX,37,6,172,180,0,39,133,167,0,0,30
0,4,15,2,11,2475,B6,LAX,37,6,172,180,0,39,133,167,0,0,30
-6,4,15,2,6,2475,AA,LAX,37,6,172,180,0,39,133,167,0,0,30
-8,4,15,2,6,2475,AA,LAX,37,6,172,180,0,39,133,167,0,0,30
-6,4,15,2,13,2475,AA,LAX,37,6,172,180,0,39,133,167,0,0,30
-3,4,15,2,6,2475,B6,LAX,37,6,172,180,0,39,133,167,0,0,30
4,4,15,2,10,2475,AA,LAX,37,6,172,180,0,39,133,167,0,0,30
186,4,15,2,17,2475,AA,LAX,37,6,172,180,0,39,133,167,0,0,30
0,4,15,2,8,2475,UA,LAX,37,6,172,180,0,39,133,167,0,0,30
-4,4,15,2,6,2475,UA,LAX,37,6,172,180,0,39,133,167,0,0,30
121,4,15,2,20,2475,UA,LAX,37,6,172,180,0,39,133,167,0,0,30
29,4,15,2,17,2475,UA,LAX,37,6,172,180,0,39,133,167,0,0,30
11,4,15,2,14,2475,UA,LAX,37,6,172,180,0,39,133,167,0,0,30
0,4,15,2,11,2475,UA,LAX,37,6,172,180,0,39,133,167,0,0,30
0,4,20,7,20,2475,UA,LAX,32,72,156,0,0,28,139,206,0,0,27
-3,4,20,7,17,2475,UA,LAX,32,72,156,0,0,28,139,206,0,0,27
-6,4,20,7,11,2475,UA,LAX,32,72,156,0,0,28,139,206,0,0,27
-4,4,20,7,14,2475,UA,LAX,32,72,156,0,0,28,139,206,0,0,27
-5,4,20,7,8,2475,UA,LAX,32,72,156,0,0,28,139,206,0,0,27
-2,4,20,7,16,2475,AA,LAX,32,72,156,0,0,28,139,206,0,0,27
-2,4,20,7,16,2475,B6,LAX,32,72,156,0,0,28,139,206,0,0,27
-4,4,20,7,7,2475,VX,LAX,32,72,156,0,0,28,139,206,0,0,27
-1,4,20,7,9,2475,VX,LAX,32,72,156,0,0,28,139,206,0,0,27
0,4,20,7,20,2475,B6,LAX,32,72,156,0,0,28,139,206,0,0,27
14,4,20,7,11,2475,B6,LAX,32,72,156,0,0,28,139,206,0,0,27
-6,4,20,7,13,2475,VX,LAX,32,72,156,0,0,28,139,206,0,0,27
-2,4,20,7,16,2475,VX,LAX,32,72,156,0,0,28,139,206,0,0,27
-4,4,20,7,21,2475,AA,LAX,32,72,156,0,0,28,139,206,0,0,27
-6,4,20,7,20,2475,VX,LAX,32,72,156,0,0,28,139,206,0,0,27
32,4,20,7,9,2475,AA,LAX,32,72,156,0,0,28,139,206,0,0,27
-4,4,20,7,17,2475,AA,LAX,32,72,156,0,0,28,139,206,0,0,27
-9,4,20,7,12,2475,AA,LAX,32,72,156,0,0,28,139,206,0,0,27
-11,4,20,7,6,2475,AA,LAX,32,72,156,0,0,28,139,206,0,0,27
-5,4,20,7,6,2475,AA,LAX,32,72,156,0,0,28,139,206,0,0,27
99,4,20,7,10,2475,AA,LAX,32,72,156,0,0,28,139,206,0,0,27
-4,4,20,7,13,2475,AA,LAX,32,72,156,0,0,28,139,206,0,0,27
3,4,20,7,19,2475,AA,LAX,32,72,156,0,0,28,139,206,0,0,27
-7,4,20,7,8,2475,AA,LAX,32,72,156,0,0,28,139,206,0,0,27
-3,4,20,7,7,2475,DL,LAX,32,72,156,0,0,28,139,206,0,0,27
-5,4,20,7,12,2475,DL,LAX,32,72,156,0,0,28,139,206,0,0,27
-5,4,20,7,9,2475,DL,LAX,32,72,156,0,0,28,139,206,0,0,27
0,4,20,7,17,2475,DL,LAX,32,72,156,0,0,28,139,206,0,0,27
-3,4,20,7,6,2475,B6,LAX,32,72,156,0,0,28,139,206,0,0,27
32,4,20,7,18,2475,DL,LAX,32,72,156,0,0,28,139,206,0,0,27
-4,4,20,7,8,2475,DL,LAX,32,72,156,0,0,28,139,206,0,0,27
1,4,20,7,15,2475,DL,LAX,32,72,156,0,0,28,139,206,0,0,27
-1,4,20,7,21,2475,DL,LAX,32,72,156,0,0,28,139,206,0,0,27
159,5,16,5,18,2475,DL,LAX,6,144,200,391,0,29,194,328,0,0,27
259,5,16,5,17,2475,DL,LAX,6,144,200,391,0,29,194,328,0,0,27
-1,5,16,5,9,2475,DL,LAX,6,144,200,391,0,29,194,328,0,0,27
-6,5,16,5,7,2475,DL,LAX,6,144,200,391,0,29,194,328,0,0,27
31,5,16,5,12,2475,DL,LAX,6,144,200,391,0,29,194,328,0,0,27
27,5,16,5,15,2475,DL,LAX,6,144,200,391,0,29,194,328,0,0,27
114,5,16,5,21,2475,DL,LAX,6,144,200,391,0,29,194,328,0,0,27
28,5,16,5,8,2475,DL,LAX,6,144,200,391,0,29,194,328,0,0,27
-5,5,16,5,8,2475,AA,LAX,6,144,200,391,0,29,194,328,0,0,27
-4,5,16,5,17,2475,AA,LAX,6,144,200,391,0,29,194,328,0,0,27
2,5,16,5,10,2475,AA,LAX,6,144,200,391,0,29,194,328,0,0,27
3,5,16,5,20,2475,AA,LAX,6,144,200,391,0,29,194,328,0,0,27
-4,5,16,5,12,2475,AA,LAX,6,144,200,391,0,29,194,328,0,0,27
23,5,16,5,9,2475,AA,LAX,6,144,200,391,0,29,194,328,0,0,27
-2,5,16,5,6,2475,B6,LAX,6,144,200,391,0,29,194,328,0,0,27
-1,5,16,5,9,2475,B6,LAX,6,144,200,391,0,29,194,328,0,0,27
153,5,16,5,20,2475,B6,LAX,6,144,200,391,0,29,194,328,0,0,27
13,5,16,5,7,2475,AA,LAX,6,144,200,391,0,29,194,328,0,0,27
-2,5,16,5,15,2475,AA,LAX,6,144,200,391,0,29,194,328,0,0,27
-1,5,16,5,17,2475,B6,LAX,6,144,200,391,0,29,194,328,0,0,27
20,5,16,5,18,2475,AA,LAX,6,144,200,391,0,29,194,328,0,0,27
-8,5,16,5,5,2475,AA,LAX,6,144,200,391,0,29,194,328,0,0,27
5,5,16,5,16,2475,AA,LAX,6,144,200,391,0,29,194,328,0,0,27
12,5,16,5,16,2475,VX,LAX,6,144,200,391,0,29,194,328,0,0,27
97,5,16,5,20,2475,UA,LAX,6,144,200,391,0,29,194,328,0,0,27
109,5,16,5,20,2475,VX,LAX,6,144,200,391,0,29,194,328,0,0,27
1,5,16,5,7,2475,VX,LAX,6,144,200,391,0,29,194,328,0,0,27
-5,5,16,5,6,2475,UA,LAX,6,144,200,391,0,29,194,328,0,0,27
3,5,16,5,9,2475,VX,LAX,6,144,200,391,0,29,194,328,0,0,27
-3,5,16,5,11,2475,VX,LAX,6,144,200,391,0,29,194,328,0,0,27
-1,5,16,5,14,2475,UA,LAX,6,144,200,391,0,29,194,328,0,0,27
32,5,16,5,17,2475,UA,LAX,6,144,200,391,0,29,194,328,0,0,27
0,5,16,5,8,2475,UA,LAX,6,144,200,391,0,29,194,328,0,0,27
3,5,16,5,13,2475,VX,LAX,6,144,200,391,0,29,194,328,0,0,27
-2,5,21,3,7,2475,VX,LAX,1,172,233,0,0,11,139,211,0,0,41
3,5,21,3,13,2475,VX,LAX,1,172,233,0,0,11,139,211,0,0,41
29,5,21,3,16,2475,VX,LAX,1,172,233,0,0,11,139,211,0,0,41
-2,5,21,3,20,2475,VX,LAX,1,172,233,0,0,11,139,211,0,0,41
2,5,21,3,9,2475,VX,LAX,1,172,233,0,0,11,139,211,0,0,41
4,5,21,3,11,2475,VX,LAX,1,172,233,0,0,11,139,211,0,0,41
-7,5,21,3,17,2475,AA,LAX,1,172,233,0,0,11,139,211,0,0,41
8,5,21,3,18,2475,AA,LAX,1,172,233,0,0,11,139,211,0,0,41
-6,5,21,3,9,2475,AA,LAX,1,172,233,0,0,11,139,211,0,0,41
-7,5,21,3,7,2475,AA,LAX,1,172,233,0,0,11,139,211,0,0,41
10,5,21,3,15,2475,DL,LAX,1,172,233,0,0,11,139,211,0,0,41
1,5,21,3,8,2475,DL,LAX,1,172,233,0,0,11,139,211,0,0,41
7,5,21,3,21,2475,DL,LAX,1,172,233,0,0,11,139,211,0,0,41
5,5,21,3,18,2475,DL,LAX,1,172,233,0,0,11,139,211,0,0,41
8,5,21,3,12,2475,DL,LAX,1,172,233,0,0,11,139,211,0,0,41
-6,5,21,3,9,2475,DL,LAX,1,172,233,0,0,11,139,211,0,0,41
26,5,21,3,7,2475,DL,LAX,1,172,233,0,0,11,139,211,0,0,41
11,5,21,3,17,2475,DL,LAX,1,172,233,0,0,11,139,211,0,0,41
-1,5,21,3,5,2475,AA,LAX,1,172,233,0,0,11,139,211,0,0,41
-1,5,21,3,16,2475,AA,LAX,1,172,233,0,0,11,139,211,0,0,41
-1,5,21,3,12,2475,AA,LAX,1,172,233,0,0,11,139,211,0,0,41
-6,5,21,3,20,2475,AA,LAX,1,172,233,0,0,11,139,211,0,0,41
-4,5,21,3,10,2475,AA,LAX,1,172,233,0,0,11,139,211,0,0,41
-1,5,21,3,6,2475,B6,LAX,1,172,233,0,0,11,139,211,0,0,41
1,5,21,3,9,2475,B6,LAX,1,172,233,0,0,11,139,211,0,0,41
-1,5,21,3,17,2475,B6,LAX,1,172,233,0,0,11,139,211,0,0,41
-4,5,21,3,20,2475,B6,LAX,1,172,233,0,0,11,139,211,0,0,41
-3,5,21,3,15,2475,AA,LAX,1,172,233,0,0,11,139,211,0,0,41
-6,5,21,3,8,2475,AA,LAX,1,172,233,0,0,11,139,211,0,0,41
-11,5,21,3,11,2475,UA,LAX,1,172,233,0,0,11,139,211,0,0,41
2,5,21,3,14,2475,UA,LAX,1,172,233,0,0,11,139,211,0,0,41
18,5,21,3,17,2475,UA,LAX,1,172,233,0,0,11,139,211,0,0,41
-10,5,21,3,8,2475,UA,LAX,1,172,233,0,0,11,139,211,0,0,41
-6,5,21,3,6,2475,UA,LAX,1,172,233,0,0,11,139,211,0,0,41
19,5,21,3,20,2475,UA,LAX,1,172,233,0,0,11,139,211,0,0,41
-6,6,17,2,11,2475,VX,LAX,17,217,317,0,0,18,161,228,0,0,33
6,6,17,2,7,2475,VX,LAX,17,217,317,0,0,18,161,228,0,0,33
4,6,17,2,15,2475,DL,LAX,17,217,317,0,0,18,161,228,0,0,33
50,6,17,2,16,2475,DL,LAX,17,217,317,0,0,18,161,228,0,0,33
0,6,17,2,21,2475,DL,LAX,17,217,317,0,0,18,161,228,0,0,33
-5,6,17,2,7,2475,DL,LAX,17,217,317,0,0,18,161,228,0,0,33
4,6,17,2,12,2475,DL,LAX,17,217,317,0,0,18,161,228,0,0,33
0,6,17,2,9,2475,DL,LAX,17,217,317,0,0,18,161,228,0,0,33
-7,6,17,2,9,2475,VX,LAX,17,217,317,0,0,18,161,228,0,0,33
-4,6,17,2,18,2475,DL,LAX,17,217,317,0,0,18,161,228,0,0,33
16,6,17,2,8,2475,DL,LAX,17,217,317,0,0,18,161,228,0,0,33
-3,6,17,2,20,2475,VX,LAX,17,217,317,0,0,18,161,228,0,0,33
0,6,17,2,16,2475,VX,LAX,17,217,317,0,0,18,161,228,0,0,33
-1,6,17,2,13,2475,VX,LAX,17,217,317,0,0,18,161,228,0,0,33
7,6,17,2,8,2475,UA,LAX,17,217,317,0,0,18,161,228,0,0,33
-7,6,17,2,11,2475,UA,LAX,17,217,317,0,0,18,161,228,0,0,33
-3,6,17,2,6,2475,UA,LAX,17,217,317,0,0,18,161,228,0,0,33
108,6,17,2,14,2475,UA,LAX,17,217,317,0,0,18,161,228,0,0,33
55,6,17,2,20,2475,UA,LAX,17,217,317,0,0,18,161,228,0,0,33
27,6,17,2,17,2475,UA,LAX,17,217,317,0,0,18,161,228,0,0,33
-7,6,17,2,9,2475,B6,LAX,17,217,317,0,0,18,161,228,0,0,33
-6,6,17,2,8,2475,AA,LAX,17,217,317,0,0,18,161,228,0,0,33
-2,6,17,2,17,2475,B6,LAX,17,217,317,0,0,18,161,228,0,0,33
23,6,17,2,20,2475,B6,LAX,17,217,317,0,0,18,161,228,0,0,33
-6,6,17,2,11,2475,AA,LAX,17,217,317,0,0,18,161,228,0,0,33
-9,6,17,2,10,2475,AA,LAX,17,217,317,0,0,18,161,228,0,0,33
-5,6,17,2,17,2475,AA,LAX,17,217,317,0,0,18,161,228,0,0,33
36,6,17,2,9,2475,AA,LAX,17,217,317,0,0,18,161,228,0,0,33
-6,6,17,2,15,2475,AA,LAX,17,217,317,0,0,18,161,228,0,0,33
1,6,17,2,12,2475,AA,LAX,17,217,317,0,0,18,161,228,0,0,33
-5,6,17,2,19,2475,AA,LAX,17,217,317,0,0,18,161,228,0,0,33
-6,6,17,2,6,2475,AA,LAX,17,217,317,0,0,18,161,228,0,0,33
0,6,17,2,20,2475,AA,LAX,17,217,317,0,0,18,161,228,0,0,33
1,6,17,2,18,2475,AA,LAX,17,217,317,0,0,18,161,228,0,0,33
-5,6,17,2,7,2475,AA,LAX,17,217,317,0,0,18,161,228,0,0,33
-5,6,17,2,16,2475,AA,LAX,17,217,317,0,0,18,161,228,0,0,33
-3,6,17,2,6,2475,B6,LAX,17,217,317,0,0,18,161,228,0,0,33
-4,6,22,7,9,2475,AA,LAX,12,178,261,0,0,9,183,228,0,0,36
-6,6,22,7,12,2475,AA,LAX,12,178,261,0,0,9,183,228,0,0,36
3,6,22,7,6,2475,B6,LAX,12,178,261,0,0,9,183,228,0,0,36
0,6,22,7,9,2475,B6,LAX,12,178,261,0,0,9,183,228,0,0,36
-6,6,22,7,7,2475,AA,LAX,12,178,261,0,0,9,183,228,0,0,36
-1,6,22,7,12,2475,B6,LAX,12,178,261,0,0,9,183,228,0,0,36
8,6,22,7,16,2475,B6,LAX,12,178,261,0,0,9,183,228,0,0,36
4,6,22,7,20,2475,B6,LAX,12,178,261,0,0,9,183,228,0,0,36
-1,6,22,7,19,2475,AA,LAX,12,178,261,0,0,9,183,228,0,0,36
-4,6,22,7,11,2475,AA,LAX,12,178,261,0,0,9,183,228,0,0,36
-5,6,22,7,20,2475,AA,LAX,12,178,261,0,0,9,183,228,0,0,36
-6,6,22,7,16,2475,AA,LAX,12,178,261,0,0,9,183,228,0,0,36
-8,6,22,7,18,2475,AA,LAX,12,178,261,0,0,9,183,228,0,0,36
47,6,22,7,17,2475,AA,LAX,12,178,261,0,0,9,183,228,0,0,36
-2,6,22,7,6,2475,AA,LAX,12,178,261,0,0,9,183,228,0,0,36
-9,6,22,7,15,2475,AA,LAX,12,178,261,0,0,9,183,228,0,0,36
-4,6,22,7,8,2475,AA,LAX,12,178,261,0,0,9,183,228,0,0,36
1,6,22,7,10,2475,AA,LAX,12,178,261,0,0,9,183,228,0,0,36
-7,6,22,7,9,2475,VX,LAX,12,178,261,0,0,9,183,228,0,0,36
9,6,22,7,15,2475,DL,LAX,12,178,261,0,0,9,183,228,0,0,36
22,6,22,7,21,2475,DL,LAX,12,178,261,0,0,9,183,228,0,0,36
-3,6,22,7,7,2475,DL,LAX,12,178,261,0,0,9,183,228,0,0,36
-2,6,22,7,12,2475,DL,LAX,12,178,261,0,0,9,183,228,0,0,36
-5,6,22,7,9,2475,DL,LAX,12,178,261,0,0,9,183,228,0,0,36
-1,6,22,7,8,2475,DL,LAX,12,178,261,0,0,9,183,228,0,0,36
69,6,22,7,18,2475,DL,LAX,12,178,261,0,0,9,183,228,0,0,36
-6,6,22,7,7,2475,VX,LAX,12,178,261,0,0,9,183,228,0,0,36
5,6,22,7,20,2475,VX,LAX,12,178,261,0,0,9,183,228,0,0,36
-1,6,22,7,16,2475,VX,LAX,12,178,261,0,0,9,183,228,0,0,36
-5,6,22,7,13,2475,VX,LAX,12,178,261,0,0,9,183,228,0,0,36
-11,6,22,7,11,2475,VX,LAX,12,178,261,0,0,9,183,228,0,0,36
-5,6,22,7,16,2475,DL,LAX,12,178,261,0,0,9,183,228,0,0,36
-2,6,22,7,17,2475,UA,LAX,12,178,261,0,0,9,183,228,0,0,36
-2,6,22,7,8,2475,UA,LAX,12,178,261,0,0,9,183,228,0,0,36
46,6,22,7,20,2475,UA,LAX,12,178,261,0,0,9,183,228,0,0,36
-5,6,22,7,14,2475,UA,LAX,12,178,261,0,0,9,183,228,0,0,36
-1,6,22,7,11,2475,UA,LAX,12,178,261,0,0,9,183,228,0,0,36
11,7,18,5,17,2475,AA,LAX,14,178,272,0,0,18,189,239,0,0,41
-1,7,18,5,6,2475,B6,LAX,14,178,272,0,0,18,189,239,0,0,41
-6,7,18,5,20,2475,AA,LAX,14,178,272,0,0,18,189,239,0,0,41
-3,7,18,5,12,2475,B6,LAX,14,178,272,0,0,18,189,239,0,0,41
-5,7,18,5,19,2475,AA,LAX,14,178,272,0,0,18,189,239,0,0,41
-8,7,18,5,8,2475,AA,LAX,14,178,272,0,0,18,189,239,0,0,41
-8,7,18,5,9,2475,B6,LAX,14,178,272,0,0,18,189,239,0,0,41
-3,7,18,5,16,2475,B6,LAX,14,178,272,0,0,18,189,239,0,0,41
-2,7,18,5,9,2475,AA,LAX,14,178,272,0,0,18,189,239,0,0,41
0,7,18,5,20,2475,B6,LAX,14,178,272,0,0,18,189,239,0,0,41
29,7,18,5,18,2475,DL,LAX,14,178,272,0,0,18,189,239,0,0,41
-2,7,18,5,9,2475,DL,LAX,14,178,272,0,0,18,189,239,0,0,41
-11,7,18,5,10,2475,AA,LAX,14,178,272,0,0,18,189,239,0,0,41
6,7,18,5,18,2475,AA,LAX,14,178,272,0,0,18,189,239,0,0,41
-1,7,18,5,12,2475,AA,LAX,14,178,272,0,0,18,189,239,0,0,41
0,7,18,5,11,2475,UA,LAX,14,178,272,0,0,18,189,239,0,0,41
7,7,18,5,12,2475,DL,LAX,14,178,272,0,0,18,189,239,0,0,41
10,7,18,5,7,2475,DL,LAX,14,178,272,0,0,18,189,239,0,0,41
21,7,18,5,15,2475,DL,LAX,14,178,272,0,0,18,189,239,0,0,41
11,7,18,5,21,2475,DL,LAX,14,178,272,0,0,18,189,239,0,0,41
12,7,18,5,8,2475,DL,LAX,14,178,272,0,0,18,189,239,0,0,41
-4,7,18,5,16,2475,DL,LAX,14,178,272,0,0,18,189,239,0,0,41
-3,7,18,5,11,2475,AA,LAX,14,178,272,0,0,18,189,239,0,0,41
11,7,18,5,16,2475,AA,LAX,14,178,272,0,0,18,189,239,0,0,41
-6,7,18,5,15,2475,AA,LAX,14,178,272,0,0,18,189,239,0,0,41
0,7,18,5,14,2475,UA,LAX,14,178,272,0,0,18,189,239,0,0,41
-2,7,18,5,7,2475,AA,LAX,14,178,272,0,0,18,189,239,0,0,41
-3,7,18,5,6,2475,UA,LAX,14,178,272,0,0,18,189,239,0,0,41
-6,7,18,5,8,2475,UA,LAX,14,178,272,0,0,18,189,239,0,0,41
-3,7,18,5,20,2475,UA,LAX,14,178,272,0,0,18,189,239,0,0,41
3,7,18,5,17,2475,UA,LAX,14,178,272,0,0,18,189,239,0,0,41
-7,7,18,5,6,2475,AA,LAX,14,178,272,0,0,18,189,239,0,0,41
-4,7,18,5,7,2475,VX,LAX,14,178,272,0,0,18,189,239,0,0,41
-4,7,18,5,20,2475,VX,LAX,14,178,272,0,0,18,189,239,0,0,41
-1,7,18,5,16,2475,VX,LAX,14,178,272,0,0,18,189,239,0,0,41
10,7,18,5,13,2475,VX,LAX,14,178,272,0,0,18,189,239,0,0,41
-3,7,18,5,11,2475,VX,LAX,14,178,272,0,0,18,189,239,0,0,41
0,7,18,5,9,2475,VX,LAX,14,178,272,0,0,18,189,239,0,0,41
0,7,23,3,17,2475,UA,LAX,19,222,311,48,0,22,183,267,0,0,40
-6,7,23,3,8,2475,UA,LAX,19,222,311,48,0,22,183,267,0,0,40
149,7,23,3,20,2475,UA,LAX,19,222,311,48,0,22,183,267,0,0,40
-10,7,23,3,11,2475,UA,LAX,19,222,311,48,0,22,183,267,0,0,40
28,7,23,3,14,2475,UA,LAX,19,222,311,48,0,22,183,267,0,0,40
-5,7,23,3,6,2475,UA,LAX,19,222,311,48,0,22,183,267,0,0,40
0,7,23,3,7,2475,VX,LAX,19,222,311,48,0,22,183,267,0,0,40
176,7,23,3,20,2475,VX,LAX,19,222,311,48,0,22,183,267,0,0,40
17,7,23,3,16,2475,VX,LAX,19,222,311,48,0,22,183,267,0,0,40
24,7,23,3,13,2475,VX,LAX,19,222,311,48,0,22,183,267,0,0,40
-1,7,23,3,11,2475,VX,LAX,19,222,311,48,0,22,183,267,0,0,40
-5,7,23,3,9,2475,VX,LAX,19,222,311,48,0,22,183,267,0,0,40
-4,7,23,3,16,2475,DL,LAX,19,222,311,48,0,22,183,267,0,0,40
-5,7,23,3,15,2475,AA,LAX,19,222,311,48,0,22,183,267,0,0,40
-2,7,23,3,8,2475,AA,LAX,19,222,311,48,0,22,183,267,0,0,40
96,7,23,3,20,2475,B6,LAX,19,222,311,48,0,22,183,267,0,0,40
-2,7,23,3,16,2475,B6,LAX,19,222,311,48,0,22,183,267,0,0,40
1,7,23,3,17,2475,AA,LAX,19,222,311,48,0,22,183,267,0,0,40
135,7,23,3,19,2475,AA,LAX,19,222,311,48,0,22,183,267,0,0,40
-8,7,23,3,9,2475,AA,LAX,19,222,311,48,0,22,183,267,0,0,40
-5,7,23,3,6,2475,AA,LAX,19,222,311,48,0,22,183,267,0,0,40
-6,7,23,3,10,2475,AA,LAX,19,222,311,48,0,22,183,267,0,0,40
-7,7,23,3,12,2475,AA,LAX,19,222,311,48,0,22,183,267,0,0,40
-4,7,23,3,7,2475,AA,LAX,19,222,311,48,0,22,183,267,0,0,40
110,7,23,3,20,2475,AA,LAX,19,222,311,48,0,22,183,267,0,0,40
-2,7,23,3,16,2475,AA,LAX,19,222,311,48,0,22,183,267,0,0,40
-4,7,23,3,11,2475,AA,LAX,19,222,311,48,0,22,183,267,0,0,40
-5,7,23,3,12,2475,B6,LAX,19,222,311,48,0,22,183,267,0,0,40
111,7,23,3,9,2475,B6,LAX,19,222,311,48,0,22,183,267,0,0,40
11,7,23,3,18,2475,AA,LAX,19,222,311,48,0,22,183,267,0,0,40
-1,7,23,3,6,2475,B6,LAX,19,222,311,48,0,22,183,267,0,0,40
73,7,23,3,21,2475,DL,LAX,19,222,311,48,0,22,183,267,0,0,40
6,7,23,3,15,2475,DL,LAX,19,222,311,48,0,22,183,267,0,0,40
0,7,23,3,7,2475,DL,LAX,19,222,311,48,0,22,183,267,0,0,40
-1,7,23,3,12,2475,DL,LAX,19,222,311,48,0,22,183,267,0,0,40
-3,7,23,3,9,2475,DL,LAX,19,222,311,48,0,22,183,267,0,0,40
-1,7,23,3,18,2475,DL,LAX,19,222,311,48,0,22,183,267,0,0,40
27,7,23,3,8,2475,DL,LAX,19,222,311,48,0,22,183,267,0,0,40
-3,8,1,5,16,2475,VX,LAX,28,217,289,0,0,17,178,250,0,0,31
-5,8,1,5,20,2475,VX,LAX,28,217,289,0,0,17,178,250,0,0,31
10,8,1,5,17,2475,UA,LAX,28,217,289,0,0,17,178,250,0,0,31
159,8,1,5,20,2475,UA,LAX,28,217,289,0,0,17,178,250,0,0,31
-5,8,1,5,8,2475,UA,LAX,28,217,289,0,0,17,178,250,0,0,31
-9,8,1,5,6,2475,UA,LAX,28,217,289,0,0,17,178,250,0,0,31
-4,8,1,5,11,2475,UA,LAX,28,217,289,0,0,17,178,250,0,0,31
5,8,1,5,14,2475,UA,LAX,28,217,289,0,0,17,178,250,0,0,31
-2,8,1,5,7,2475,VX,LAX,28,217,289,0,0,17,178,250,0,0,31
-7,8,1,5,9,2475,VX,LAX,28,217,289,0,0,17,178,250,0,0,31
16,8,1,5,11,2475,VX,LAX,28,217,289,0,0,17,178,250,0,0,31
-4,8,1,5,13,2475,VX,LAX,28,217,289,0,0,17,178,250,0,0,31
1,8,1,5,21,2475,DL,LAX,28,217,289,0,0,17,178,250,0,0,31
14,8,1,5,17,2475,AA,LAX,28,217,289,0,0,17,178,250,0,0,31
88,8,1,5,16,2475,AA,LAX,28,217,289,0,0,17,178,250,0,0,31
3,8,1,5,15,2475,DL,LAX,28,217,289,0,0,17,178,250,0,0,31
-1,8,1,5,9,2475,B6,LAX,28,217,289,0,0,17,178,250,0,0,31
1,8,1,5,6,2475,AA,LAX,28,217,289,0,0,17,178,250,0,0,31
67,8,1,5,18,2475,AA,LAX,28,217,289,0,0,17,178,250,0,0,31
-5,8,1,5,9,2475,AA,LAX,28,217,289,0,0,17,178,250,0,0,31
0,8,1,5,16,2475,B6,LAX,28,217,289,0,0,17,178,250,0,0,31
10,8,1,5,8,2475,DL,LAX,28,217,289,0,0,17,178,250,0,0,31
-4,8,1,5,8,2475,AA,LAX,28,217,289,0,0,17,178,250,0,0,31
-3,8,1,5,10,2475,AA,LAX,28,217,289,0,0,17,178,250,0,0,31
-6,8,1,5,12,2475,AA,LAX,28,217,289,0,0,17,178,250,0,0,31
5,8,1,5,7,2475,DL,LAX,28,217,289,0,0,17,178,250,0,0,31
4,8,1,5,6,2475,B6,LAX,28,217,289,0,0,17,178,250,0,0,31
-3,8,1,5,7,2475,AA,LAX,28,217,289,0,0,17,178,250,0,0,31
5,8,1,5,20,2475,B6,LAX,28,217,289,0,0,17,178,250,0,0,31
0,8,1,5,16,2475,DL,LAX,28,217,289,0,0,17,178,250,0,0,31
-2,8,1,5,11,2475,AA,LAX,28,217,289,0,0,17,178,250,0,0,31
22,8,1,5,18,2475,DL,LAX,28,217,289,0,0,17,178,250,0,0,31
0,8,1,5,9,2475,DL,LAX,28,217,289,0,0,17,178,250,0,0,31
-2,8,1,5,12,2475,DL,LAX,28,217,289,0,0,17,178,250,0,0,31
29,8,1,5,20,2475,AA,LAX,28,217,289,0,0,17,178,250,0,0,31
2,8,1,5,19,2475,AA,LAX,28,217,289,0,0,17,178,250,0,0,31
170,8,1,5,15,2475,AA,LAX,28,217,289,0,0,17,178,250,0,0,31
-1,8,1,5,12,2475,B6,LAX,28,217,289,0,0,17,178,250,0,0,31
-6,8,19,2,8,2475,AA,LAX,13,172,283,0,0,17,200,256,0,0,35
1,8,19,2,19,2475,AA,LAX,13,172,283,0,0,17,200,256,0,0,35
1,8,19,2,20,2475,B6,LAX,13,172,283,0,0,17,200,256,0,0,35
-4,8,19,2,17,2475,AA,LAX,13,172,283,0,0,17,200,256,0,0,35
5,8,19,2,12,2475,B6,LAX,13,172,283,0,0,17,200,256,0,0,35
-8,8,19,2,6,2475,AA,LAX,13,172,283,0,0,17,200,256,0,0,35
-5,8,19,2,7,2475,AA,LAX,13,172,283,0,0,17,200,256,0,0,35
-5,8,19,2,20,2475,AA,LAX,13,172,283,0,0,17,200,256,0,0,35
-5,8,19,2,16,2475,AA,LAX,13,172,283,0,0,17,200,256,0,0,35
-1,8,19,2,11,2475,AA,LAX,13,172,283,0,0,17,200,256,0,0,35
-9,8,19,2,9,2475,AA,LAX,13,172,283,0,0,17,200,256,0,0,35
-2,8,19,2,12,2475,AA,LAX,13,172,283,0,0,17,200,256,0,0,35
102,8,19,2,6,2475,B6,LAX,13,172,283,0,0,17,200,256,0,0,35
-8,8,19,2,14,2475,AA,LAX,13,172,283,0,0,17,200,256,0,0,35
5,8,19,2,18,2475,AA,LAX,13,172,283,0,0,17,200,256,0,0,35
-9,8,19,2,10,2475,AA,LAX,13,172,283,0,0,17,200,256,0,0,35
-4,8,19,2,9,2475,B6,LAX,13,172,283,0,0,17,200,256,0,0,35
-5,8,19,2,16,2475,B6,LAX,13,172,283,0,0,17,200,256,0,0,35
0,8,19,2,6,2475,UA,LAX,13,172,283,0,0,17,200,256,0,0,35
13,8,19,2,20,2475,UA,LAX,13,172,283,0,0,17,200,256,0,0,35
0,8,19,2,7,2475,DL,LAX,13,172,283,0,0,17,200,256,0,0,35
12,8,19,2,21,2475,DL,LAX,13,172,283,0,0,17,200,256,0,0,35
-3,8,19,2,20,2475,VX,LAX,13,172,283,0,0,17,200,256,0,0,35
0,8,19,2,16,2475,VX,LAX,13,172,283,0,0,17,200,256,0,0,35
-2,8,19,2,13,2475,VX,LAX,13,172,283,0,0,17,200,256,0,0,35
-6,8,19,2,11,2475,VX,LAX,13,172,283,0,0,17,200,256,0,0,35
1,8,19,2,9,2475,VX,LAX,13,172,283,0,0,17,200,256,0,0,35
7,8,19,2,7,2475,VX,LAX,13,172,283,0,0,17,200,256,0,0,35
13,8,19,2,17,2475,UA,LAX,13,172,283,0,0,17,200,256,0,0,35
-3,8,19,2,11,2475,UA,LAX,13,172,283,0,0,17,200,256,0,0,35
-1,8,19,2,14,2475,UA,LAX,13,172,283,0,0,17,200,256,0,0,35
-3,8,19,2,8,2475,UA,LAX,13,172,283,0,0,17,200,256,0,0,35
-8,8,19,2,12,2475,DL,LAX,13,172,283,0,0,17,200,256,0,0,35
-4,8,19,2,9,2475,DL,LAX,13,172,283,0,0,17,200,256,0,0,35
-2,8,19,2,18,2475,DL,LAX,13,172,283,0,0,17,200,256,0,0,35
-1,8,19,2,15,2475,DL,LAX,13,172,283,0,0,17,200,256,0,0,35
3,8,19,2,8,2475,DL,LAX,13,172,283,0,0,17,200,256,0,0,35
1,8,19,2,16,2475,DL,LAX,13,172,283,0,0,17,200,256,0,0,35
9,8,24,7,20,2475,UA,LAX,8,178,267,0,0,14,189,244,0,0,34
-7,8,24,7,8,2475,UA,LAX,8,178,267,0,0,14,189,244,0,0,34
4,8,24,7,14,2475,UA,LAX,8,178,267,0,0,14,189,244,0,0,34
-2,8,24,7,17,2475,UA,LAX,8,178,267,0,0,14,189,244,0,0,34
-10,8,24,7,11,2475,UA,LAX,8,178,267,0,0,14,189,244,0,0,34
-3,8,24,7,9,2475,AA,LAX,8,178,267,0,0,14,189,244,0,0,34
1,8,24,7,16,2475,B6,LAX,8,178,267,0,0,14,189,244,0,0,34
-2,8,24,7,17,2475,AA,LAX,8,178,267,0,0,14,189,244,0,0,34
0,8,24,7,18,2475,AA,LAX,8,178,267,0,0,14,189,244,0,0,34
-6,8,24,7,12,2475,AA,LAX,8,178,267,0,0,14,189,244,0,0,34
-2,8,24,7,20,2475,AA,LAX,8,178,267,0,0,14,189,244,0,0,34
-4,8,24,7,19,2475,AA,LAX,8,178,267,0,0,14,189,244,0,0,34
0,8,24,7,9,2475,B6,LAX,8,178,267,0,0,14,189,244,0,0,34
-2,8,24,7,20,2475,B6,LAX,8,178,267,0,0,14,189,244,0,0,34
-6,8,24,7,6,2475,AA,LAX,8,178,267,0,0,14,189,244,0,0,34
-3,8,24,7,12,2475,B6,LAX,8,178,267,0,0,14,189,244,0,0,34
8,8,24,7,14,2475,AA,LAX,8,178,267,0,0,14,189,244,0,0,34
-6,8,24,7,11,2475,AA,LAX,8,178,267,0,0,14,189,244,0,0,34
-6,8,24,7,16,2475,AA,LAX,8,178,267,0,0,14,189,244,0,0,34
-6,8,24,7,6,2475,B6,LAX,8,178,267,0,0,14,189,244,0,0,34
-2,8,24,7,8,2475,AA,LAX,8,178,267,0,0,14,189,244,0,0,34
-5,8,24,7,7,2475,AA,LAX,8,178,267,0,0,14,189,244,0,0,34
-8,8,24,7,10,2475,AA,LAX,8,178,267,0,0,14,189,244,0,0,34
14,8,24,7,21,2475,DL,LAX,8,178,267,0,0,14,189,244,0,0,34
-6,8,24,7,15,2475,DL,LAX,8,178,267,0,0,14,189,244,0,0,34
72,8,24,7,8,2475,DL,LAX,8,178,267,0,0,14,189,244,0,0,34
-2,8,24,7,16,2475,DL,LAX,8,178,267,0,0,14,189,244,0,0,34
-5,8,24,7,18,2475,DL,LAX,8,178,267,0,0,14,189,244,0,0,34
143,8,24,7,9,2475,DL,LAX,8,178,267,0,0,14,189,244,0,0,34
11,8,24,7,7,2475,VX,LAX,8,178,267,0,0,14,189,244,0,0,34
72,8,24,7,12,2475,DL,LAX,8,178,267,0,0,14,189,244,0,0,34
-3,8,24,7,7,2475,DL,LAX,8,178,267,0,0,14,189,244,0,0,34
6,8,24,7,20,2475,VX,LAX,8,178,267,0,0,14,189,244,0,0,34
-3,8,24,7,13,2475,VX,LAX,8,178,267,0,0,14,189,244,0,0,34
0,8,24,7,11,2475,VX,LAX,8,178,267,0,0,14,189,244,0,0,34
-3,8,24,7,9,2475,VX,LAX,8,178,267,0,0,14,189,244,0,0,34
0,8,24,7,16,2475,VX,LAX,8,178,267,0,0,14,189,244,0,0,34
-6,9,2,2,6,2475,B6,LAX,1,250,333,0,0,24,200,261,0,0,37
3,9,2,2,6,2475,UA,LAX,1,250,333,0,0,24,200,261,0,0,37
-2,9,2,2,17,2475,UA,LAX,1,250,333,0,0,24,200,261,0,0,37
-7,9,2,2,11,2475,UA,LAX,1,250,333,0,0,24,200,261,0,0,37
33,9,2,2,14,2475,UA,LAX,1,250,333,0,0,24,200,261,0,0,37
4,9,2,2,20,2475,UA,LAX,1,250,333,0,0,24,200,261,0,0,37
-6,9,2,2,8,2475,UA,LAX,1,250,333,0,0,24,200,261,0,0,37
-4,9,2,2,12,2475,AA,LAX,1,250,333,0,0,24,200,261,0,0,37
-5,9,2,2,10,2475,AA,LAX,1,250,333,0,0,24,200,261,0,0,37
-7,9,2,2,13,2475,VX,LAX,1,250,333,0,0,24,200,261,0,0,37
-2,9,2,2,16,2475,VX,LAX,1,250,333,0,0,24,200,261,0,0,37
25,9,2,2,20,2475,VX,LAX,1,250,333,0,0,24,200,261,0,0,37
-7,9,2,2,11,2475,AA,LAX,1,250,333,0,0,24,200,261,0,0,37
-8,9,2,2,19,2475,AA,LAX,1,250,333,0,0,24,200,261,0,0,37
-3,9,2,2,15,2475,DL,LAX,1,250,333,0,0,24,200,261,0,0,37
-6,9,2,2,8,2475,DL,LAX,1,250,333,0,0,24,200,261,0,0,37
-3,9,2,2,21,2475,DL,LAX,1,250,333,0,0,24,200,261,0,0,37
-5,9,2,2,16,2475,DL,LAX,1,250,333,0,0,24,200,261,0,0,37
-2,9,2,2,7,2475,DL,LAX,1,250,333,0,0,24,200,261,0,0,37
0,9,2,2,12,2475,DL,LAX,1,250,333,0,0,24,200,261,0,0,37
-2,9,2,2,9,2475,DL,LAX,1,250,333,0,0,24,200,261,0,0,37
-8,9,2,2,18,2475,DL,LAX,1,250,333,0,0,24,200,261,0,0,37
74,9,2,2,18,2475,AA,LAX,1,250,333,0,0,24,200,261,0,0,37
2,9,2,2,9,2475,AA,LAX,1,250,333,0,0,24,200,261,0,0,37
-8,9,2,2,8,2475,AA,LAX,1,250,333,0,0,24,200,261,0,0,37
-6,9,2,2,16,2475,B6,LAX,1,250,333,0,0,24,200,261,0,0,37
35,9,2,2,20,2475,B6,LAX,1,250,333,0,0,24,200,261,0,0,37
-7,9,2,2,20,2475,AA,LAX,1,250,333,0,0,24,200,261,0,0,37
-3,9,2,2,14,2475,AA,LAX,1,250,333,0,0,24,200,261,0,0,37
-3,9,2,2,7,2475,AA,LAX,1,250,333,0,0,24,200,261,0,0,37
-5,9,2,2,12,2475,B6,LAX,1,250,333,0,0,24,200,261,0,0,37
-5,9,2,2,9,2475,B6,LAX,1,250,333,0,0,24,200,261,0,0,37
-5,9,2,2,16,2475,AA,LAX,1,250,333,0,0,24,200,261,0,0,37
-8,9,2,2,17,2475,AA,LAX,1,250,333,0,0,24,200,261,0,0,37
2,9,2,2,7,2475,VX,LAX,1,250,333,0,0,24,200,261,0,0,37
-6,9,2,2,9,2475,VX,LAX,1,250,333,0,0,24,200,261,0,0,37
8,9,2,2,11,2475,VX,LAX,1,250,333,0,0,24,200,261,0,0,37
100,9,2,2,6,2475,AA,LAX,1,250,333,0,0,24,200,261,0,0,37
-2,9,25,4,9,2475,B6,LAX,18,139,178,81,0,37,189,256,0,0,35
2,9,25,4,9,2475,VX,LAX,18,139,178,81,0,37,189,256,0,0,35
-1,9,25,4,11,2475,VX,LAX,18,139,178,81,0,37,189,256,0,0,35
-4,9,25,4,13,2475,VX,LAX,18,139,178,81,0,37,189,256,0,0,35
15,9,25,4,16,2475,VX,LAX,18,139,178,81,0,37,189,256,0,0,35
-2,9,25,4,20,2475,VX,LAX,18,139,178,81,0,37,189,256,0,0,35
0,9,25,4,20,2475,AA,LAX,18,139,178,81,0,37,189,256,0,0,35
-8,9,25,4,11,2475,B6,LAX,18,139,178,81,0,37,189,256,0,0,35
44,9,25,4,17,2475,AA,LAX,18,139,178,81,0,37,189,256,0,0,35
-4,9,25,4,8,2475,AA,LAX,18,139,178,81,0,37,189,256,0,0,35
7,9,25,4,20,2475,B6,LAX,18,139,178,81,0,37,189,256,0,0,35
-3,9,25,4,7,2475,VX,LAX,18,139,178,81,0,37,189,256,0,0,35
-8,9,25,4,6,2475,AA,LAX,18,139,178,81,0,37,189,256,0,0,35
37,9,25,4,18,2475,AA,LAX,18,139,178,81,0,37,189,256,0,0,35
50,9,25,4,16,2475,B6,LAX,18,139,178,81,0,37,189,256,0,0,35
-4,9,25,4,11,2475,AA,LAX,18,139,178,81,0,37,189,256,0,0,35
-7,9,25,4,12,2475,AA,LAX,18,139,178,81,0,37,189,256,0,0,35
0,9,25,4,9,2475,AA,LAX,18,139,178,81,0,37,189,256,0,0,35
-2,9,25,4,7,2475,AA,LAX,18,139,178,81,0,37,189,256,0,0,35
-5,9,25,4,19,2475,AA,LAX,18,139,178,81,0,37,189,256,0,0,35
-5,9,25,4,10,2475,AA,LAX,18,139,178,81,0,37,189,256,0,0,35
81,9,25,4,16,2475,AA,LAX,18,139,178,81,0,37,189,256,0,0,35
-6,9,25,4,8,2475,B6,LAX,18,139,178,81,0,37,189,256,0,0,35
-8,9,25,4,14,2475,AA,LAX,18,139,178,81,0,37,189,256,0,0,35
2,9,25,4,14,2475,UA,LAX,18,139,178,81,0,37,189,256,0,0,35
-6,9,25,4,11,2475,UA,LAX,18,139,178,81,0,37,189,256,0,0,35
35,9,25,4,17,2475,UA,LAX,18,139,178,81,0,37,189,256,0,0,35
-3,9,25,4,8,2475,UA,LAX,18,139,178,81,0,37,189,256,0,0,35
8,9,25,4,20,2475,UA,LAX,18,139,178,81,0,37,189,256,0,0,35
-3,9,25,4,6,2475,UA,LAX,18,139,178,81,0,37,189,256,0,0,35
2,9,25,4,12,2475,DL,LAX,18,139,178,81,0,37,189,256,0,0,35
-3,9,25,4,6,2475,B6,LAX,18,139,178,81,0,37,189,256,0,0,35
-6,9,25,4,18,2475,DL,LAX,18,139,178,81,0,37,189,256,0,0,35
-2,9,25,4,9,2475,DL,LAX,18,139,178,81,0,37,189,256,0,0,35
14,9,25,4,7,2475,DL,LAX,18,139,178,81,0,37,189,256,0,0,35
5,9,25,4,16,2475,DL,LAX,18,139,178,81,0,37,189,256,0,0,35
33,9,25,4,21,2475,DL,LAX,18,139,178,81,0,37,189,256,0,0,35
-3,9,25,4,8,2475,DL,LAX,18,139,178,81,0,37,189,256,0,0,35
0,9,25,4,15,2475,DL,LAX,18,139,178,81,0,37,189,256,0,0,35
-6,9,30,2,18,2475,DL,LAX,13,167,217,0,0,21,167,256,0,0,27
0,9,30,2,12,2475,DL,LAX,13,167,217,0,0,21,167,256,0,0,27
1,9,30,2,9,2475,DL,LAX,13,167,217,0,0,21,167,256,0,0,27
23,9,30,2,15,2475,DL,LAX,13,167,217,0,0,21,167,256,0,0,27
0,9,30,2,16,2475,DL,LAX,13,167,217,0,0,21,167,256,0,0,27
-4,9,30,2,7,2475,DL,LAX,13,167,217,0,0,21,167,256,0,0,27
-4,9,30,2,6,2475,B6,LAX,13,167,217,0,0,21,167,256,0,0,27
14,9,30,2,21,2475,DL,LAX,13,167,217,0,0,21,167,256,0,0,27
10,9,30,2,8,2475,UA,LAX,13,167,217,0,0,21,167,256,0,0,27
1,9,30,2,14,2475,UA,LAX,13,167,217,0,0,21,167,256,0,0,27
10,9,30,2,20,2475,UA,LAX,13,167,217,0,0,21,167,256,0,0,27
-5,9,30,2,6,2475,UA,LAX,13,167,217,0,0,21,167,256,0,0,27
-4,9,30,2,11,2475,UA,LAX,13,167,217,0,0,21,167,256,0,0,27
0,9,30,2,17,2475,UA,LAX,13,167,217,0,0,21,167,256,0,0,27
-2,9,30,2,9,2475,B6,LAX,13,167,217,0,0,21,167,256,0,0,27
-7,9,30,2,10,2475,AA,LAX,13,167,217,0,0,21,167,256,0,0,27
27,9,30,2,18,2475,AA,LAX,13,167,217,0,0,21,167,256,0,0,27
-3,9,30,2,7,2475,AA,LAX,13,167,217,0,0,21,167,256,0,0,27
12,9,30,2,14,2475,AA,LAX,13,167,217,0,0,21,167,256,0,0,27
-2,9,30,2,16,2475,B6,LAX,13,167,217,0,0,21,167,256,0,0,27
-7,9,30,2,20,2475,AA,LAX,13,167,217,0,0,21,167,256,0,0,27
110,9,30,2,11,2475,AA,LAX,13,167,217,0,0,21,167,256,0,0,27
-5,9,30,2,19,2475,AA,LAX,13,167,217,0,0,21,167,256,0,0,27
5,9,30,2,11,2475,B6,LAX,13,167,217,0,0,21,167,256,0,0,27
-2,9,30,2,17,2475,AA,LAX,13,167,217,0,0,21,167,256,0,0,27
-3,9,30,2,20,2475,VX,LAX,13,167,217,0,0,21,167,256,0,0,27
-4,9,30,2,8,2475,AA,LAX,13,167,217,0,0,21,167,256,0,0,27
13,9,30,2,8,2475,B6,LAX,13,167,217,0,0,21,167,256,0,0,27
-7,9,30,2,9,2475,AA,LAX,13,167,217,0,0,21,167,256,0,0,27
-5,9,30,2,20,2475,B6,LAX,13,167,217,0,0,21,167,256,0,0,27
0,9,30,2,7,2475,VX,LAX,13,167,217,0,0,21,167,256,0,0,27
-2,9,30,2,16,2475,AA,LAX,13,167,217,0,0,21,167,256,0,0,27
-5,9,30,2,9,2475,VX,LAX,13,167,217,0,0,21,167,256,0,0,27
-7,9,30,2,6,2475,AA,LAX,13,167,217,0,0,21,167,256,0,0,27
-8,9,30,2,13,2475,VX,LAX,13,167,217,0,0,21,167,256,0,0,27
24,9,30,2,16,2475,VX,LAX,13,167,217,0,0,21,167,256,0,0,27
-6,9,30,2,12,2475,AA,LAX,13,167,217,0,0,21,167,256,0,0,27
-8,10,16,4,6,2475,B6,LAX,3,161,217,282,0,18,161,228,0,0,30
17,10,16,4,15,2475,DL,LAX,3,161,217,282,0,18,161,228,0,0,30
53,10,16,4,21,2475,DL,LAX,3,161,217,282,0,18,161,228,0,0,30
20,10,16,4,7,2475,DL,LAX,3,161,217,282,0,18,161,228,0,0,30
-8,10,16,4,12,2475,DL,LAX,3,161,217,282,0,18,161,228,0,0,30
0,10,16,4,9,2475,DL,LAX,3,161,217,282,0,18,161,228,0,0,30
0,10,16,4,8,2475,DL,LAX,3,161,217,282,0,18,161,228,0,0,30
0,10,16,4,16,2475,DL,LAX,3,161,217,282,0,18,161,228,0,0,30
0,10,16,4,6,2475,AA,LAX,3,161,217,282,0,18,161,228,0,0,30
55,10,16,4,18,2475,DL,LAX,3,161,217,282,0,18,161,228,0,0,30
8,10,16,4,10,2475,AA,LAX,3,161,217,282,0,18,161,228,0,0,30
3,10,16,4,20,2475,B6,LAX,3,161,217,282,0,18,161,228,0,0,30
0,10,16,4,16,2475,B6,LAX,3,161,217,282,0,18,161,228,0,0,30
4,10,16,4,11,2475,B6,LAX,3,161,217,282,0,18,161,228,0,0,30
-3,10,16,4,9,2475,B6,LAX,3,161,217,282,0,18,161,228,0,0,30
-4,10,16,4,8,2475,B6,LAX,3,161,217,282,0,18,161,228,0,0,30
-4,10,16,4,9,2475,VX,LAX,3,161,217,282,0,18,161,228,0,0,30
-8,10,16,4,13,2475,VX,LAX,3,161,217,282,0,18,161,228,0,0,30
0,10,16,4,9,2475,AA,LAX,3,161,217,282,0,18,161,228,0,0,30
-3,10,16,4,14,2475,AA,LAX,3,161,217,282,0,18,161,228,0,0,30
3,10,16,4,11,2475,VX,LAX,3,161,217,282,0,18,161,228,0,0,30
34,10,16,4,17,2475,AA,LAX,3,161,217,282,0,18,161,228,0,0,30
59,10,16,4,11,2475,AA,LAX,3,161,217,282,0,18,161,228,0,0,30
2,10,16,4,6,2475,UA,LAX,3,161,217,282,0,18,161,228,0,0,30
-1,10,16,4,17,2475,UA,LAX,3,161,217,282,0,18,161,228,0,0,30
87,10,16,4,20,2475,UA,LAX,3,161,217,282,0,18,161,228,0,0,30
3,10,16,4,8,2475,UA,LAX,3,161,217,282,0,18,161,228,0,0,30
11,10,16,4,19,2475,AA,LAX,3,161,217,282,0,18,161,228,0,0,30
-5,10,16,4,8,2475,AA,LAX,3,161,217,282,0,18,161,228,0,0,30
-2,10,16,4,11,2475,UA,LAX,3,161,217,282,0,18,161,228,0,0,30
-8,10,16,4,20,2475,VX,LAX,3,161,217,282,0,18,161,228,0,0,30
-5,10,16,4,14,2475,UA,LAX,3,161,217,282,0,18,161,228,0,0,30
28,10,16,4,16,2475,VX,LAX,3,161,217,282,0,18,161,228,0,0,30
-7,10,16,4,12,2475,AA,LAX,3,161,217,282,0,18,161,228,0,0,30
3,10,16,4,20,2475,AA,LAX,3,161,217,282,0,18,161,228,0,0,30
-2,10,16,4,18,2475,AA,LAX,3,161,217,282,0,18,161,228,0,0,30
-4,10,16,4,16,2475,AA,LAX,3,161,217,282,0,18,161,228,0,0,30
-7,10,16,4,7,2475,AA,LAX,3,161,217,282,0,18,161,228,0,0,30
-4,10,16,4,7,2475,VX,LAX,3,161,217,282,0,18,161,228,0,0,30
-1,10,21,2,19,2475,AA,LAX,8,128,194,28,0,16,172,233,0,0,25
-4,10,21,2,13,2475,VX,LAX,8,128,194,28,0,16,172,233,0,0,25
1,10,21,2,18,2475,AA,LAX,8,128,194,28,0,16,172,233,0,0,25
2,10,21,2,17,2475,AA,LAX,8,128,194,28,0,16,172,233,0,0,25
7,10,21,2,16,2475,AA,LAX,8,128,194,28,0,16,172,233,0,0,25
-2,10,21,2,6,2475,UA,LAX,8,128,194,28,0,16,172,233,0,0,25
-4,10,21,2,8,2475,UA,LAX,8,128,194,28,0,16,172,233,0,0,25
-2,10,21,2,20,2475,UA,LAX,8,128,194,28,0,16,172,233,0,0,25
-7,10,21,2,9,2475,AA,LAX,8,128,194,28,0,16,172,233,0,0,25
28,10,21,2,17,2475,UA,LAX,8,128,194,28,0,16,172,233,0,0,25
-4,10,21,2,11,2475,UA,LAX,8,128,194,28,0,16,172,233,0,0,25
-5,10,21,2,14,2475,UA,LAX,8,128,194,28,0,16,172,233,0,0,25
-3,10,21,2,9,2475,VX,LAX,8,128,194,28,0,16,172,233,0,0,25
-1,10,21,2,14,2475,AA,LAX,8,128,194,28,0,16,172,233,0,0,25
-6,10,21,2,12,2475,AA,LAX,8,128,194,28,0,16,172,233,0,0,25
1,10,21,2,7,2475,AA,LAX,8,128,194,28,0,16,172,233,0,0,25
9,10,21,2,20,2475,AA,LAX,8,128,194,28,0,16,172,233,0,0,25
6,10,21,2,7,2475,VX,LAX,8,128,194,28,0,16,172,233,0,0,25
-2,10,21,2,8,2475,AA,LAX,8,128,194,28,0,16,172,233,0,0,25
-6,10,21,2,11,2475,AA,LAX,8,128,194,28,0,16,172,233,0,0,25
1,10,21,2,20,2475,VX,LAX,8,128,194,28,0,16,172,233,0,0,25
18,10,21,2,16,2475,VX,LAX,8,128,194,28,0,16,172,233,0,0,25
9,10,21,2,8,2475,DL,LAX,8,128,194,28,0,16,172,233,0,0,25
7,10,21,2,16,2475,B6,LAX,8,128,194,28,0,16,172,233,0,0,25
-7,10,21,2,9,2475,B6,LAX,8,128,194,28,0,16,172,233,0,0,25
-4,10,21,2,8,2475,B6,LAX,8,128,194,28,0,16,172,233,0,0,25
-6,10,21,2,10,2475,AA,LAX,8,128,194,28,0,16,172,233,0,0,25
-2,10,21,2,11,2475,B6,LAX,8,128,194,28,0,16,172,233,0,0,25
-3,10,21,2,6,2475,AA,LAX,8,128,194,28,0,16,172,233,0,0,25
-1,10,21,2,21,2475,B6,LAX,8,128,194,28,0,16,172,233,0,0,25
-1,10,21,2,6,2475,B6,LAX,8,128,194,28,0,16,172,233,0,0,25
16,10,21,2,18,2475,DL,LAX,8,128,194,28,0,16,172,233,0,0,25
48,10,21,2,16,2475,DL,LAX,8,128,194,28,0,16,172,233,0,0,25
0,10,21,2,9,2475,DL,LAX,8,128,194,28,0,16,172,233,0,0,25
-1,10,21,2,12,2475,DL,LAX,8,128,194,28,0,16,172,233,0,0,25
-3,10,21,2,7,2475,DL,LAX,8,128,194,28,0,16,172,233,0,0,25
3,10,21,2,21,2475,DL,LAX,8,128,194,28,0,16,172,233,0,0,25
-1,10,21,2,15,2475,DL,LAX,8,128,194,28,0,16,172,233,0,0,25
94,11,17,1,20,2475,VX,LAX,6,44,111,391,0,17,128,250,0,0,20
-5,11,17,1,11,2475,UA,LAX,6,44,111,391,0,17,128,250,0,0,20
42,11,17,1,17,2475,UA,LAX,6,44,111,391,0,17,128,250,0,0,20
42,11,17,1,19,2475,UA,LAX,6,44,111,391,0,17,128,250,0,0,20
-6,11,17,1,8,2475,UA,LAX,6,44,111,391,0,17,128,250,0,0,20
-4,11,17,1,6,2475,UA,LAX,6,44,111,391,0,17,128,250,0,0,20
-3,11,17,1,7,2475,VX,LAX,6,44,111,391,0,17,128,250,0,0,20
3,11,17,1,9,2475,VX,LAX,6,44,111,391,0,17,128,250,0,0,20
-4,11,17,1,13,2475,VX,LAX,6,44,111,391,0,17,128,250,0,0,20
24,11,17,1,16,2475,VX,LAX,6,44,111,391,0,17,128,250,0,0,20
-1,11,17,1,14,2475,UA,LAX,6,44,111,391,0,17,128,250,0,0,20
0,11,17,1,16,2475,DL,LAX,6,44,111,391,0,17,128,250,0,0,20
-4,11,17,1,6,2475,AA,LAX,6,44,111,391,0,17,128,250,0,0,20
-1,11,17,1,9,2475,AA,LAX,6,44,111,391,0,17,128,250,0,0,20
19,11,17,1,18,2475,DL,LAX,6,44,111,391,0,17,128,250,0,0,20
0,11,17,1,20,2475,AA,LAX,6,44,111,391,0,17,128,250,0,0,20
-5,11,17,1,7,2475,B6,LAX,6,44,111,391,0,17,128,250,0,0,20
13,11,17,1,16,2475,AA,LAX,6,44,111,391,0,17,128,250,0,0,20
-6,11,17,1,12,2475,AA,LAX,6,44,111,391,0,17,128,250,0,0,20
32,11,17,1,9,2475,DL,LAX,6,44,111,391,0,17,128,250,0,0,20
-3,11,17,1,11,2475,AA,LAX,6,44,111,391,0,17,128,250,0,0,20
3,11,17,1,8,2475,AA,LAX,6,44,111,391,0,17,128,250,0,0,20
4,11,17,1,11,2475,DL,LAX,6,44,111,391,0,17,128,250,0,0,20
0,11,17,1,7,2475,DL,LAX,6,44,111,391,0,17,128,250,0,0,20
1,11,17,1,14,2475,AA,LAX,6,44,111,391,0,17,128,250,0,0,20
7,11,17,1,15,2475,DL,LAX,6,44,111,391,0,17,128,250,0,0,20
-3,11,17,1,9,2475,B6,LAX,6,44,111,391,0,17,128,250,0,0,20
8,11,17,1,15,2475,B6,LAX,6,44,111,391,0,17,128,250,0,0,20
20,11,17,1,21,2475,B6,LAX,6,44,111,391,0,17,128,250,0,0,20
-3,11,17,1,6,2475,B6,LAX,6,44,111,391,0,17,128,250,0,0,20
-1,11,17,1,21,2475,DL,LAX,6,44,111,391,0,17,128,250,0,0,20
8,11,17,1,17,2475,AA,LAX,6,44,111,391,0,17,128,250,0,0,20
-7,11,17,1,10,2475,AA,LAX,6,44,111,391,0,17,128,250,0,0,20
3,11,17,1,18,2475,AA,LAX,6,44,111,391,0,17,128,250,0,0,20
-2,11,17,1,7,2475,AA,LAX,6,44,111,391,0,17,128,250,0,0,20
-1,11,17,1,8,2475,DL,LAX,6,44,111,391,0,17,128,250,0,0,20
-7,11,17,1,20,2475,AA,LAX,6,44,111,391,0,17,128,250,0,0,20
-2,11,22,6,16,2475,VX,LAX,5,-21,67,0,0,22,117,211,0,0,22
-3,11,22,6,20,2475,VX,LAX,5,-21,67,0,0,22,117,211,0,0,22
-8,11,22,6,7,2475,VX,LAX,5,-21,67,0,0,22,117,211,0,0,22
-5,11,22,6,9,2475,VX,LAX,5,-21,67,0,0,22,117,211,0,0,22
-9,11,22,6,13,2475,VX,LAX,5,-21,67,0,0,22,117,211,0,0,22
-2,11,22,6,18,2475,UA,LAX,5,-21,67,0,0,22,117,211,0,0,22
-8,11,22,6,8,2475,UA,LAX,5,-21,67,0,0,22,117,211,0,0,22
-5,11,22,6,17,2475,AA,LAX,5,-21,67,0,0,22,117,211,0,0,22
22,11,22,6,20,2475,AA,LAX,5,-21,67,0,0,22,117,211,0,0,22
0,11,22,6,8,2475,DL,LAX,5,-21,67,0,0,22,117,211,0,0,22
6,11,22,6,6,2475,UA,LAX,5,-21,67,0,0,22,117,211,0,0,22
-5,11,22,6,16,2475,DL,LAX,5,-21,67,0,0,22,117,211,0,0,22
9,11,22,6,15,2475,DL,LAX,5,-21,67,0,0,22,117,211,0,0,22
-3,11,22,6,7,2475,AA,LAX,5,-21,67,0,0,22,117,211,0,0,22
-6,11,22,6,20,2475,AA,LAX,5,-21,67,0,0,22,117,211,0,0,22
-5,11,22,6,9,2475,AA,LAX,5,-21,67,0,0,22,117,211,0,0,22
0,11,22,6,9,2475,B6,LAX,5,-21,67,0,0,22,117,211,0,0,22
-8,11,22,6,10,2475,AA,LAX,5,-21,67,0,0,22,117,211,0,0,22
-3,11,22,6,11,2475,AA,LAX,5,-21,67,0,0,22,117,211,0,0,22
10,11,22,6,6,2475,B6,LAX,5,-21,67,0,0,22,117,211,0,0,22
-2,11,22,6,18,2475,DL,LAX,5,-21,67,0,0,22,117,211,0,0,22
2,11,22,6,16,2475,AA,LAX,5,-21,67,0,0,22,117,211,0,0,22
-5,11,22,6,14,2475,UA,LAX,5,-21,67,0,0,22,117,211,0,0,22
-10,11,22,6,12,2475,AA,LAX,5,-21,67,0,0,22,117,211,0,0,22
-7,11,22,6,11,2475,UA,LAX,5,-21,67,0,0,22,117,211,0,0,22
0,11,22,6,18,2475,B6,LAX,5,-21,67,0,0,22,117,211,0,0,22
42,11,22,6,7,2475,B6,LAX,5,-21,67,0,0,22,117,211,0,0,22
0,11,22,6,8,2475,AA,LAX,5,-21,67,0,0,22,117,211,0,0,22
21,11,22,6,21,2475,B6,LAX,5,-21,67,0,0,22,117,211,0,0,22
-3,11,22,6,14,2475,AA,LAX,5,-21,67,0,0,22,117,211,0,0,22
-4,11,22,6,8,2475,DL,LAX,5,-21,67,0,0,22,117,211,0,0,22
1,11,22,6,11,2475,DL,LAX,5,-21,67,0,0,22,117,211,0,0,22
22,11,22,6,15,2475,B6,LAX,5,-21,67,0,0,22,117,211,0,0,22
-3,12,23,2,8,2475,UA,LAX,2,61,78,41,0,37,111,261,0,0,18
44,12,23,2,19,2475,UA,LAX,2,61,78,41,0,37,111,261,0,0,18
-3,12,23,2,6,2475,UA,LAX,2,61,78,41,0,37,111,261,0,0,18
11,12,23,2,17,2475,UA,LAX,2,61,78,41,0,37,111,261,0,0,18
2,12,23,2,11,2475,UA,LAX,2,61,78,41,0,37,111,261,0,0,18
-3,12,23,2,14,2475,UA,LAX,2,61,78,41,0,37,111,261,0,0,18
-3,12,23,2,6,2475,B6,LAX,2,61,78,41,0,37,111,261,0,0,18
0,12,23,2,18,2475,DL,LAX,2,61,78,41,0,37,111,261,0,0,18
11,12,23,2,17,2475,DL,LAX,2,61,78,41,0,37,111,261,0,0,18
6,12,23,2,9,2475,DL,LAX,2,61,78,41,0,37,111,261,0,0,18
-4,12,23,2,11,2475,DL,LAX,2,61,78,41,0,37,111,261,0,0,18
8,12,23,2,7,2475,DL,LAX,2,61,78,41,0,37,111,261,0,0,18
-1,12,23,2,8,2475,B6,LAX,2,61,78,41,0,37,111,261,0,0,18
10,12,23,2,21,2475,DL,LAX,2,61,78,41,0,37,111,261,0,0,18
17,12,23,2,8,2475,DL,LAX,2,61,78,41,0,37,111,261,0,0,18
272,12,23,2,15,2475,DL,LAX,2,61,78,41,0,37,111,261,0,0,18
-5,12,23,2,9,2475,B6,LAX,2,61,78,41,0,37,111,261,0,0,18
19,12,23,2,21,2475,B6,LAX,2,61,78,41,0,37,111,261,0,0,18
2,12,23,2,16,2475,B6,LAX,2,61,78,41,0,37,111,261,0,0,18
-4,12,23,2,6,2475,AA,LAX,2,61,78,41,0,37,111,261,0,0,18
0,12,23,2,16,2475,AA,LAX,2,61,78,41,0,37,111,261,0,0,18
-4,12,23,2,20,2475,AA,LAX,2,61,78,41,0,37,111,261,0,0,18
5,12,23,2,19,2475,AA,LAX,2,61,78,41,0,37,111,261,0,0,18
5,12,23,2,17,2475,AA,LAX,2,61,78,41,0,37,111,261,0,0,18
-1,12,23,2,7,2475,AA,LAX,2,61,78,41,0,37,111,261,0,0,18
-8,12,23,2,14,2475,AA,LAX,2,61,78,41,0,37,111,261,0,0,18
-6,12,23,2,9,2475,AA,LAX,2,61,78,41,0,37,111,261,0,0,18
-1,12,23,2,18,2475,B6,LAX,2,61,78,41,0,37,111,261,0,0,18
-3,12,23,2,11,2475,B6,LAX,2,61,78,41,0,37,111,261,0,0,18
-1,12,23,2,8,2475,AA,LAX,2,61,78,41,0,37,111,261,0,0,18
8,12,23,2,18,2475,AA,LAX,2,61,78,41,0,37,111,261,0,0,18
-8,12,23,2,11,2475,AA,LAX,2,61,78,41,0,37,111,261,0,0,18
-5,12,23,2,12,2475,AA,LAX,2,61,78,41,0,37,111,261,0,0,18
4,12,23,2,11,2475,VX,LAX,2,61,78,41,0,37,111,261,0,0,18
-3,12,23,2,7,2475,VX,LAX,2,61,78,41,0,37,111,261,0,0,18
24,12,23,2,20,2475,VX,LAX,2,61,78,41,0,37,111,261,0,0,18
22,12,23,2,16,2475,VX,LAX,2,61,78,41,0,37,111,261,0,0,18
-1,12,23,2,9,2475,VX,LAX,2,61,78,41,0,37,111,261,0,0,18
0,12,23,2,13,2475,VX,LAX,2,61,78,41,0,37,111,261,0,0,18
