46,1,16,4,16,2475,AA,LAX,5,22,56,0,0,18,122,289,0,0,11
-9,1,16,4,12,2475,AA,LAX,5,22,56,0,0,18,122,289,0,0,11
-4,1,16,4,9,2475,AA,LAX,5,22,56,0,0,18,122,289,0,0,11
-3,1,16,4,13,2475,AA,LAX,5,22,56,0,0,18,122,289,0,0,11
-4,1,16,4,21,2475,AA,LAX,5,22,56,0,0,18,122,289,0,0,11
18,1,16,4,15,2475,AA,LAX,5,22,56,0,0,18,122,289,0,0,11
4,1,16,4,7,2475,AA,LAX,5,22,56,0,0,18,122,289,0,0,11
4,1,16,4,19,2475,AA,LAX,5,22,56,0,0,18,122,289,0,0,11
4,1,16,4,7,2475,VX,LAX,5,22,56,0,0,18,122,289,0,0,11
-1,1,16,4,13,2475,VX,LAX,5,22,56,0,0,18,122,289,0,0,11
11,1,16,4,16,2475,VX,LAX,5,22,56,0,0,18,122,289,0,0,11
-4,1,16,4,9,2475,VX,LAX,5,22,56,0,0,18,122,289,0,0,11
2,1,16,4,20,2475,VX,LAX,5,22,56,0,0,18,122,289,0,0,11
0,1,16,4,20,2475,B6,LAX,5,22,56,0,0,18,122,289,0,0,11
-3,1,16,4,9,2475,B6,LAX,5,22,56,0,0,18,122,289,0,0,11
4,1,16,4,11,2475,UA,LAX,5,22,56,0,0,18,122,289,0,0,11
-2,1,16,4,16,2475,B6,LAX,5,22,56,0,0,18,122,289,0,0,11
0,1,16,4,6,2475,B6,LAX,5,22,56,0,0,18,122,289,0,0,11
-10,1,16,4,20,2475,UA,LAX,5,22,56,0,0,18,122,289,0,0,11
-2,1,16,4,6,2475,UA,LAX,5,22,56,0,0,18,122,289,0,0,11
21,1,16,4,14,2475,UA,LAX,5,22,56,0,0,18,122,289,0,0,11
-5,1,16,4,8,2475,UA,LAX,5,22,56,0,0,18,122,289,0,0,11
20,1,16,4,17,2475,UA,LAX,5,22,56,0,0,18,122,289,0,0,11
27,1,16,4,7,2475,DL,LAX,5,22,56,0,0,18,122,289,0,0,11
14,1,16,4,20,2475,DL,LAX,5,22,56,0,0,18,122,289,0,0,11
0,1,16,4,18,2475,DL,LAX,5,22,56,0,0,18,122,289,0,0,11
-1,1,16,4,16,2475,DL,LAX,5,22,56,0,0,18,122,289,0,0,11
2,1,16,4,12,2475,DL,LAX,5,22,56,0,0,18,122,289,0,0,11
-1,1,16,4,9,2475,DL,LAX,5,22,56,0,0,18,122,289,0,0,11
-2,1,16,4,15,2475,DL,LAX,5,22,56,0,0,18,122,289,0,0,11
244,1,21,2,14,2475,UA,LAX,0,-116,-5,117,279,47,106,244,0,0,20
-3,1,21,2,7,2475,AA,LAX,0,-116,-5,117,279,47,106,244,0,0,20
250,1,21,2,15,2475,AA,LAX,0,-116,-5,117,279,47,106,244,0,0,20
-2,1,21,2,10,2475,AA,LAX,0,-116,-5,117,279,47,106,244,0,0,20
34,1,21,2,11,2475,UA,LAX,0,-116,-5,117,279,47,106,244,0,0,20
1,1,21,2,12,2475,AA,LAX,0,-116,-5,117,279,47,106,244,0,0,20
-2,1,21,2,9,2475,AA,LAX,0,-116,-5,117,279,47,106,244,0,0,20
-6,1,21,2,6,2475,UA,LAX,0,-116,-5,117,279,47,106,244,0,0,20
-6,1,21,2,8,2475,UA,LAX,0,-116,-5,117,279,47,106,244,0,0,20
44,1,21,2,16,2475,DL,LAX,0,-116,-5,117,279,47,106,244,0,0,20
-2,1,21,2,9,2475,B6,LAX,0,-116,-5,117,279,47,106,244,0,0,20
-2,1,21,2,7,2475,VX,LAX,0,-116,-5,117,279,47,106,244,0,0,20
-2,1,21,2,6,2475,B6,LAX,0,-116,-5,117,279,47,106,244,0,0,20
90,1,21,2,20,2475,DL,LAX,0,-116,-5,117,279,47,106,244,0,0,20
-5,1,21,2,12,2475,DL,LAX,0,-116,-5,117,279,47,106,244,0,0,20
7,1,21,2,13,2475,VX,LAX,0,-116,-5,117,279,47,106,244,0,0,20
-2,1,21,2,9,2475,DL,LAX,0,-116,-5,117,279,47,106,244,0,0,20
314,1,21,2,15,2475,DL,LAX,0,-116,-5,117,279,47,106,244,0,0,20
-1,1,21,2,9,2475,VX,LAX,0,-116,-5,117,279,47,106,244,0,0,20
7,2,17,1,20,2475,UA,LAX,1,-77,0,0,0,24,111,172,0,0,23
-2,2,17,1,14,2475,UA,LAX,1,-77,0,0,0,24,111,172,0,0,23
-5,2,17,1,8,2475,UA,LAX,1,-77,0,0,0,24,111,172,0,0,23
-3,2,17,1,17,2475,UA,LAX,1,-77,0,0,0,24,111,172,0,0,23
5,2,17,1,6,2475,UA,LAX,1,-77,0,0,0,24,111,172,0,0,23
18,2,17,1,19,2475,AA,LAX,1,-77,0,0,0,24,111,172,0,0,23
-1,2,17,1,15,2475,DL,LAX,1,-77,0,0,0,24,111,172,0,0,23
-4,2,17,1,9,2475,DL,LAX,1,-77,0,0,0,24,111,172,0,0,23
-7,2,17,1,12,2475,DL,LAX,1,-77,0,0,0,24,111,172,0,0,23
34,2,17,1,20,2475,DL,LAX,1,-77,0,0,0,24,111,172,0,0,23
3,2,17,1,10,2475,AA,LAX,1,-77,0,0,0,24,111,172,0,0,23
18,2,17,1,9,2475,AA,LAX,1,-77,0,0,0,24,111,172,0,0,23
-1,2,17,1,18,2475,DL,LAX,1,-77,0,0,0,24,111,172,0,0,23
-2,2,17,1,16,2475,DL,LAX,1,-77,0,0,0,24,111,172,0,0,23
41,2,17,1,7,2475,DL,LAX,1,-77,0,0,0,24,111,172,0,0,23
-3,2,17,1,12,2475,B6,LAX,1,-77,0,0,0,24,111,172,0,0,23
-3,2,17,1,16,2475,AA,LAX,1,-77,0,0,0,24,111,172,0,0,23
-3,2,17,1,13,2475,AA,LAX,1,-77,0,0,0,24,111,172,0,0,23
0,2,17,1,16,2475,B6,LAX,1,-77,0,0,0,24,111,172,0,0,23
4,2,17,1,8,2475,AA,LAX,1,-77,0,0,0,24,111,172,0,0,23
-4,2,17,1,15,2475,AA,LAX,1,-77,0,0,0,24,111,172,0,0,23
-7,2,17,1,6,2475,B6,LAX,1,-77,0,0,0,24,111,172,0,0,23
37,2,17,1,21,2475,AA,LAX,1,-77,0,0,0,24,111,172,0,0,23
23,2,17,1,6,2475,AA,LAX,1,-77,0,0,0,24,111,172,0,0,23
-3,2,17,1,12,2475,AA,LAX,1,-77,0,0,0,24,111,172,0,0,23
-1,2,17,1,11,2475,UA,LAX,1,-77,0,0,0,24,111,172,0,0,23
-1,2,17,1,20,2475,B6,LAX,1,-77,0,0,0,24,111,172,0,0,23
0,2,17,1,16,2475,VX,LAX,1,-77,0,0,0,24,111,172,0,0,23
5,2,17,1,13,2475,VX,LAX,1,-77,0,0,0,24,111,172,0,0,23
8,2,17,1,9,2475,VX,LAX,1,-77,0,0,0,24,111,172,0,0,23
28,2,17,1,7,2475,VX,LAX,1,-77,0,0,0,24,111,172,0,0,23
-1,2,17,1,20,2475,VX,LAX,1,-77,0,0,0,24,111,172,0,0,23
-10,2,22,6,9,2475,VX,LAX,4,44,122,0,0,32,111,211,0,0,23
-3,2,22,6,7,2475,VX,LAX,4,44,122,0,0,32,111,211,0,0,23
2,2,22,6,16,2475,VX,LAX,4,44,122,0,0,32,111,211,0,0,23
1,2,22,6,13,2475,VX,LAX,4,44,122,0,0,32,111,211,0,0,23
-4,2,22,6,15,2475,AA,LAX,4,44,122,0,0,32,111,211,0,0,23
0,2,22,6,12,2475,AA,LAX,4,44,122,0,0,32,111,211,0,0,23
-6,2,22,6,16,2475,B6,LAX,4,44,122,0,0,32,111,211,0,0,23
-4,2,22,6,8,2475,AA,LAX,4,44,122,0,0,32,111,211,0,0,23
-2,2,22,6,10,2475,AA,LAX,4,44,122,0,0,32,111,211,0,0,23
0,2,22,6,7,2475,DL,LAX,4,44,122,0,0,32,111,211,0,0,23
-5,2,22,6,20,2475,DL,LAX,4,44,122,0,0,32,111,211,0,0,23
-3,2,22,6,18,2475,DL,LAX,4,44,122,0,0,32,111,211,0,0,23
1,2,22,6,12,2475,DL,LAX,4,44,122,0,0,32,111,211,0,0,23
1,2,22,6,9,2475,DL,LAX,4,44,122,0,0,32,111,211,0,0,23
-3,2,22,6,15,2475,DL,LAX,4,44,122,0,0,32,111,211,0,0,23
-7,2,22,6,20,2475,B6,LAX,4,44,122,0,0,32,111,211,0,0,23
-5,2,22,6,6,2475,B6,LAX,4,44,122,0,0,32,111,211,0,0,23
-5,2,22,6,9,2475,AA,LAX,4,44,122,0,0,32,111,211,0,0,23
-4,2,22,6,19,2475,AA,LAX,4,44,122,0,0,32,111,211,0,0,23
-7,2,22,6,16,2475,AA,LAX,4,44,122,0,0,32,111,211,0,0,23
-4,2,22,6,13,2475,AA,LAX,4,44,122,0,0,32,111,211,0,0,23
-2,2,22,6,6,2475,AA,LAX,4,44,122,0,0,32,111,211,0,0,23
1,2,22,6,17,2475,UA,LAX,4,44,122,0,0,32,111,211,0,0,23
0,2,22,6,6,2475,UA,LAX,4,44,122,0,0,32,111,211,0,0,23
-3,2,22,6,14,2475,UA,LAX,4,44,122,0,0,32,111,211,0,0,23
2,2,22,6,11,2475,UA,LAX,4,44,122,0,0,32,111,211,0,0,23
-1,2,22,6,8,2475,UA,LAX,4,44,122,0,0,32,111,211,0,0,23
5,3,18,2,17,2475,UA,LAX,28,-21,61,0,0,31,144,211,0,0,36
-9,3,18,2,20,2475,UA,LAX,28,-21,61,0,0,31,144,211,0,0,36
-6,3,18,2,20,2475,VX,LAX,28,-21,61,0,0,31,144,211,0,0,36
-5,3,18,2,16,2475,VX,LAX,28,-21,61,0,0,31,144,211,0,0,36
-1,3,18,2,13,2475,VX,LAX,28,-21,61,0,0,31,144,211,0,0,36
-1,3,18,2,9,2475,VX,LAX,28,-21,61,0,0,31,144,211,0,0,36
-9,3,18,2,7,2475,VX,LAX,28,-21,61,0,0,31,144,211,0,0,36
0,3,18,2,14,2475,UA,LAX,28,-21,61,0,0,31,144,211,0,0,36
4,3,18,2,11,2475,UA,LAX,28,-21,61,0,0,31,144,211,0,0,36
-6,3,18,2,6,2475,UA,LAX,28,-21,61,0,0,31,144,211,0,0,36
6,3,18,2,8,2475,UA,LAX,28,-21,61,0,0,31,144,211,0,0,36
-10,3,18,2,10,2475,AA,LAX,28,-21,61,0,0,31,144,211,0,0,36
6,3,18,2,11,2475,B6,LAX,28,-21,61,0,0,31,144,211,0,0,36
-6,3,18,2,19,2475,AA,LAX,28,-21,61,0,0,31,144,211,0,0,36
-4,3,18,2,15,2475,DL,LAX,28,-21,61,0,0,31,144,211,0,0,36
-4,3,18,2,16,2475,AA,LAX,28,-21,61,0,0,31,144,211,0,0,36
8,3,18,2,15,2475,AA,LAX,28,-21,61,0,0,31,144,211,0,0,36
-6,3,18,2,20,2475,B6,LAX,28,-21,61,0,0,31,144,211,0,0,36
-3,3,18,2,7,2475,DL,LAX,28,-21,61,0,0,31,144,211,0,0,36
-1,3,18,2,20,2475,DL,LAX,28,-21,61,0,0,31,144,211,0,0,36
-5,3,18,2,18,2475,DL,LAX,28,-21,61,0,0,31,144,211,0,0,36
-9,3,18,2,13,2475,AA,LAX,28,-21,61,0,0,31,144,211,0,0,36
-6,3,18,2,8,2475,AA,LAX,28,-21,61,0,0,31,144,211,0,0,36
24,3,18,2,21,2475,AA,LAX,28,-21,61,0,0,31,144,211,0,0,36
-2,3,18,2,16,2475,B6,LAX,28,-21,61,0,0,31,144,211,0,0,36
-3,3,18,2,12,2475,AA,LAX,28,-21,61,0,0,31,144,211,0,0,36
-4,3,18,2,6,2475,B6,LAX,28,-21,61,0,0,31,144,211,0,0,36
26,3,18,2,16,2475,DL,LAX,28,-21,61,0,0,31,144,211,0,0,36
31,3,18,2,9,2475,DL,LAX,28,-21,61,0,0,31,144,211,0,0,36
2,3,18,2,12,2475,DL,LAX,28,-21,61,0,0,31,144,211,0,0,36
-3,3,18,2,6,2475,AA,LAX,28,-21,61,0,0,31,144,211,0,0,36
-7,3,18,2,9,2475,AA,LAX,28,-21,61,0,0,31,144,211,0,0,36
-11,3,23,7,15,2475,DL,LAX,33,-27,56,0,0,33,128,183,0,0,28
58,3,23,7,21,2475,AA,LAX,33,-27,56,0,0,33,128,183,0,0,28
11,3,23,7,6,2475,AA,LAX,33,-27,56,0,0,33,128,183,0,0,28
23,3,23,7,20,2475,DL,LAX,33,-27,56,0,0,33,128,183,0,0,28
-4,3,23,7,13,2475,AA,LAX,33,-27,56,0,0,33,128,183,0,0,28
5,3,23,7,16,2475,DL,LAX,33,-27,56,0,0,33,128,183,0,0,28
9,3,23,7,12,2475,AA,LAX,33,-27,56,0,0,33,128,183,0,0,28
-7,3,23,7,15,2475,AA,LAX,33,-27,56,0,0,33,128,183,0,0,28
-4,3,23,7,16,2475,AA,LAX,33,-27,56,0,0,33,128,183,0,0,28
4,3,23,7,8,2475,AA,LAX,33,-27,56,0,0,33,128,183,0,0,28
0,3,23,7,16,2475,B6,LAX,33,-27,56,0,0,33,128,183,0,0,28
-1,3,23,7,7,2475,DL,LAX,33,-27,56,0,0,33,128,183,0,0,28
-4,3,23,7,10,2475,AA,LAX,33,-27,56,0,0,33,128,183,0,0,28
-4,3,23,7,6,2475,B6,LAX,33,-27,56,0,0,33,128,183,0,0,28
16,3,23,7,21,2475,B6,LAX,33,-27,56,0,0,33,128,183,0,0,28
-1,3,23,7,11,2475,B6,LAX,33,-27,56,0,0,33,128,183,0,0,28
0,3,23,7,9,2475,AA,LAX,33,-27,56,0,0,33,128,183,0,0,28
-1,3,23,7,18,2475,DL,LAX,33,-27,56,0,0,33,128,183,0,0,28
-7,3,23,7,19,2475,AA,LAX,33,-27,56,0,0,33,128,183,0,0,28
12,3,23,7,9,2475,DL,LAX,33,-27,56,0,0,33,128,183,0,0,28
-4,3,23,7,12,2475,DL,LAX,33,-27,56,0,0,33,128,183,0,0,28
-4,3,23,7,11,2475,UA,LAX,33,-27,56,0,0,33,128,183,0,0,28
6,3,23,7,14,2475,UA,LAX,33,-27,56,0,0,33,128,183,0,0,28
-2,3,23,7,20,2475,UA,LAX,33,-27,56,0,0,33,128,183,0,0,28
-1,3,23,7,17,2475,UA,LAX,33,-27,56,0,0,33,128,183,0,0,28
-3,3,23,7,8,2475,UA,LAX,33,-27,56,0,0,33,128,183,0,0,28
-7,3,23,7,20,2475,VX,LAX,33,-27,56,0,0,33,128,183,0,0,28
-1,3,23,7,9,2475,VX,LAX,33,-27,56,0,0,33,128,183,0,0,28
-3,3,23,7,7,2475,VX,LAX,33,-27,56,0,0,33,128,183,0,0,28
-2,3,23,7,13,2475,VX,LAX,33,-27,56,0,0,33,128,183,0,0,28
0,3,23,7,16,2475,VX,LAX,33,-27,56,0,0,33,128,183,0,0,28
-2,4,1,2,9,2475,VX,LAX,42,39,156,0,0,21,111,167,30,0,70
-3,4,1,2,6,2475,B6,LAX,42,39,156,0,0,21,111,167,30,0,70
-7,4,1,2,6,2475,AA,LAX,42,39,156,0,0,21,111,167,30,0,70
-3,4,1,2,21,2475,AA,LAX,42,39,156,0,0,21,111,167,30,0,70
-4,4,1,2,19,2475,AA,LAX,42,39,156,0,0,21,111,167,30,0,70
-6,4,1,2,12,2475,AA,LAX,42,39,156,0,0,21,111,167,30,0,70
18,4,1,2,17,2475,AA,LAX,42,39,156,0,0,21,111,167,30,0,70
-6,4,1,2,9,2475,AA,LAX,42,39,156,0,0,21,111,167,30,0,70
-6,4,1,2,16,2475,AA,LAX,42,39,156,0,0,21,111,167,30,0,70
-7,4,1,2,13,2475,AA,LAX,42,39,156,0,0,21,111,167,30,0,70
-5,4,1,2,7,2475,VX,LAX,42,39,156,0,0,21,111,167,30,0,70
-6,4,1,2,10,2475,AA,LAX,42,39,156,0,0,21,111,167,30,0,70
-3,4,1,2,13,2475,VX,LAX,42,39,156,0,0,21,111,167,30,0,70
-2,4,1,2,16,2475,VX,LAX,42,39,156,0,0,21,111,167,30,0,70
-6,4,1,2,20,2475,VX,LAX,42,39,156,0,0,21,111,167,30,0,70
4,4,1,2,8,2475,AA,LAX,42,39,156,0,0,21,111,167,30,0,70
-5,4,1,2,16,2475,B6,LAX,42,39,156,0,0,21,111,167,30,0,70
-7,4,1,2,20,2475,B6,LAX,42,39,156,0,0,21,111,167,30,0,70
-2,4,1,2,6,2475,AA,LAX,42,39,156,0,0,21,111,167,30,0,70
0,4,1,2,14,2475,UA,LAX,42,39,156,0,0,21,111,167,30,0,70
-5,4,1,2,8,2475,UA,LAX,42,39,156,0,0,21,111,167,30,0,70
-10,4,1,2,6,2475,UA,LAX,42,39,156,0,0,21,111,167,30,0,70
0,4,1,2,17,2475,UA,LAX,42,39,156,0,0,21,111,167,30,0,70
-4,4,1,2,20,2475,UA,LAX,42,39,156,0,0,21,111,167,30,0,70
63,4,1,2,11,2475,UA,LAX,42,39,156,0,0,21,111,167,30,0,70
-16,4,1,2,8,2475,DL,LAX,42,39,156,0,0,21,111,167,30,0,70
8,4,1,2,18,2475,DL,LAX,42,39,156,0,0,21,111,167,30,0,70
-11,4,1,2,8,2475,DL,LAX,42,39,156,0,0,21,111,167,30,0,70
5,4,1,2,11,2475,B6,LAX,42,39,156,0,0,21,111,167,30,0,70
-1,4,1,2,17,2475,DL,LAX,42,39,156,0,0,21,111,167,30,0,70
-6,4,1,2,12,2475,DL,LAX,42,39,156,0,0,21,111,167,30,0,70
-5,4,1,2,7,2475,DL,LAX,42,39,156,0,0,21,111,167,30,0,70
-9,4,1,2,21,2475,DL,LAX,42,39,156,0,0,21,111,167,30,0,70
-3,4,1,2,9,2475,DL,LAX,42,39,156,0,0,21,111,167,30,0,70
-3,4,1,2,15,2475,DL,LAX,42,39,156,0,0,21,111,167,30,0,70
-9,4,19,6,8,2475,UA,LAX,33,50,200,0,0,25,144,194,0,0,32
58,4,19,6,6,2475,UA,LAX,33,50,200,0,0,25,144,194,0,0,32
-6,4,19,6,11,2475,UA,LAX,33,50,200,0,0,25,144,194,0,0,32
0,4,19,6,14,2475,UA,LAX,33,50,200,0,0,25,144,194,0,0,32
-5,4,19,6,18,2475,UA,LAX,33,50,200,0,0,25,144,194,0,0,32
-2,4,19,6,9,2475,DL,LAX,33,50,200,0,0,25,144,194,0,0,32
-6,4,19,6,6,2475,B6,LAX,33,50,200,0,0,25,144,194,0,0,32
-1,4,19,6,17,2475,DL,LAX,33,50,200,0,0,25,144,194,0,0,32
-9,4,19,6,18,2475,DL,LAX,33,50,200,0,0,25,144,194,0,0,32
0,4,19,6,8,2475,DL,LAX,33,50,200,0,0,25,144,194,0,0,32
-1,4,19,6,15,2475,DL,LAX,33,50,200,0,0,25,144,194,0,0,32
-2,4,19,6,12,2475,DL,LAX,33,50,200,0,0,25,144,194,0,0,32
-3,4,19,6,16,2475,AA,LAX,33,50,200,0,0,25,144,194,0,0,32
-6,4,19,6,7,2475,VX,LAX,33,50,200,0,0,25,144,194,0,0,32
-5,4,19,6,12,2475,AA,LAX,33,50,200,0,0,25,144,194,0,0,32
-8,4,19,6,17,2475,AA,LAX,33,50,200,0,0,25,144,194,0,0,32
-8,4,19,6,8,2475,AA,LAX,33,50,200,0,0,25,144,194,0,0,32
-2,4,19,6,19,2475,AA,LAX,33,50,200,0,0,25,144,194,0,0,32
-1,4,19,6,16,2475,VX,LAX,33,50,200,0,0,25,144,194,0,0,32
-7,4,19,6,13,2475,AA,LAX,33,50,200,0,0,25,144,194,0,0,32
-4,4,19,6,10,2475,AA,LAX,33,50,200,0,0,25,144,194,0,0,32
-2,4,19,6,13,2475,VX,LAX,33,50,200,0,0,25,144,194,0,0,32
-4,4,19,6,16,2475,B6,LAX,33,50,200,0,0,25,144,194,0,0,32
-5,4,19,6,6,2475,AA,LAX,33,50,200,0,0,25,144,194,0,0,32
25,4,19,6,20,2475,B6,LAX,33,50,200,0,0,25,144,194,0,0,32
-2,4,19,6,6,2475,AA,LAX,33,50,200,0,0,25,144,194,0,0,32
-5,4,19,6,9,2475,VX,LAX,33,50,200,0,0,25,144,194,0,0,32
4,4,19,6,9,2475,AA,LAX,33,50,200,0,0,25,144,194,0,0,32
-7,4,24,4,6,2475,B6,LAX,28,56,167,0,0,38,133,228,0,0,31
13,4,24,4,20,2475,B6,LAX,28,56,167,0,0,38,133,228,0,0,31
-4,4,24,4,8,2475,DL,LAX,28,56,167,0,0,38,133,228,0,0,31
7,4,24,4,15,2475,DL,LAX,28,56,167,0,0,38,133,228,0,0,31
50,4,24,4,21,2475,DL,LAX,28,56,167,0,0,38,133,228,0,0,31
15,4,24,4,7,2475,DL,LAX,28,56,167,0,0,38,133,228,0,0,31
5,4,24,4,12,2475,DL,LAX,28,56,167,0,0,38,133,228,0,0,31
-7,4,24,4,9,2475,DL,LAX,28,56,167,0,0,38,133,228,0,0,31
-4,4,24,4,17,2475,DL,LAX,28,56,167,0,0,38,133,228,0,0,31
56,4,24,4,18,2475,DL,LAX,28,56,167,0,0,38,133,228,0,0,31
-4,4,24,4,8,2475,AA,LAX,28,56,167,0,0,38,133,228,0,0,31
-6,4,24,4,13,2475,AA,LAX,28,56,167,0,0,38,133,228,0,0,31
-2,4,24,4,9,2475,VX,LAX,28,56,167,0,0,38,133,228,0,0,31
-8,4,24,4,16,2475,B6,LAX,28,56,167,0,0,38,133,228,0,0,31
78,4,24,4,20,2475,VX,LAX,28,56,167,0,0,38,133,228,0,0,31
-3,4,24,4,7,2475,VX,LAX,28,56,167,0,0,38,133,228,0,0,31
3,4,24,4,11,2475,B6,LAX,28,56,167,0,0,38,133,228,0,0,31
-8,4,24,4,12,2475,AA,LAX,28,56,167,0,0,38,133,228,0,0,31
-4,4,24,4,17,2475,AA,LAX,28,56,167,0,0,38,133,228,0,0,31
-2,4,24,4,6,2475,AA,LAX,28,56,167,0,0,38,133,228,0,0,31
-3,4,24,4,10,2475,AA,LAX,28,56,167,0,0,38,133,228,0,0,31
0,4,24,4,16,2475,VX,LAX,28,56,167,0,0,38,133,228,0,0,31
3,4,24,4,21,2475,AA,LAX,28,56,167,0,0,38,133,228,0,0,31
-7,4,24,4,13,2475,VX,LAX,28,56,167,0,0,38,133,228,0,0,31
-2,4,24,4,9,2475,AA,LAX,28,56,167,0,0,38,133,228,0,0,31
-9,4,24,4,6,2475,AA,LAX,28,56,167,0,0,38,133,228,0,0,31
-7,4,24,4,16,2475,AA,LAX,28,56,167,0,0,38,133,228,0,0,31
-3,4,24,4,19,2475,AA,LAX,28,56,167,0,0,38,133,228,0,0,31
-14,4,24,4,8,2475,UA,LAX,28,56,167,0,0,38,133,228,0,0,31
-1,4,24,4,17,2475,UA,LAX,28,56,167,0,0,38,133,228,0,0,31
-3,4,24,4,11,2475,UA,LAX,28,56,167,0,0,38,133,228,0,0,31
0,4,24,4,14,2475,UA,LAX,28,56,167,0,0,38,133,228,0,0,31
5,4,24,4,20,2475,UA,LAX,28,56,167,0,0,38,133,228,0,0,31
-8,4,24,4,6,2475,UA,LAX,28,56,167,0,0,38,133,228,0,0,31
-8,5,2,5,9,2475,VX,LAX,20,133,211,0,0,20,178,322,0,0,32
-3,5,2,5,20,2475,VX,LAX,20,133,211,0,0,20,178,322,0,0,32
-3,5,2,5,7,2475,VX,LAX,20,133,211,0,0,20,178,322,0,0,32
-6,5,2,5,13,2475,VX,LAX,20,133,211,0,0,20,178,322,0,0,32
-1,5,2,5,16,2475,VX,LAX,20,133,211,0,0,20,178,322,0,0,32
-6,5,2,5,12,2475,AA,LAX,20,133,211,0,0,20,178,322,0,0,32
-1,5,2,5,6,2475,AA,LAX,20,133,211,0,0,20,178,322,0,0,32
-8,5,2,5,16,2475,AA,LAX,20,133,211,0,0,20,178,322,0,0,32
-5,5,2,5,18,2475,DL,LAX,20,133,211,0,0,20,178,322,0,0,32
-5,5,2,5,8,2475,DL,LAX,20,133,211,0,0,20,178,322,0,0,32
-1,5,2,5,21,2475,DL,LAX,20,133,211,0,0,20,178,322,0,0,32
1,5,2,5,15,2475,DL,LAX,20,133,211,0,0,20,178,322,0,0,32
-6,5,2,5,12,2475,DL,LAX,20,133,211,0,0,20,178,322,0,0,32
-3,5,2,5,9,2475,DL,LAX,20,133,211,0,0,20,178,322,0,0,32
-2,5,2,5,7,2475,DL,LAX,20,133,211,0,0,20,178,322,0,0,32
159,5,2,5,17,2475,DL,LAX,20,133,211,0,0,20,178,322,0,0,32
1,5,2,5,13,2475,AA,LAX,20,133,211,0,0,20,178,322,0,0,32
5,5,2,5,6,2475,B6,LAX,20,133,211,0,0,20,178,322,0,0,32
4,5,2,5,17,2475,B6,LAX,20,133,211,0,0,20,178,322,0,0,32
-8,5,2,5,20,2475,B6,LAX,20,133,211,0,0,20,178,322,0,0,32
-2,5,2,5,17,2475,AA,LAX,20,133,211,0,0,20,178,322,0,0,32
5,5,2,5,8,2475,AA,LAX,20,133,211,0,0,20,178,322,0,0,32
3,5,2,5,21,2475,AA,LAX,20,133,211,0,0,20,178,322,0,0,32
159,5,2,5,19,2475,AA,LAX,20,133,211,0,0,20,178,322,0,0,32
3,5,2,5,9,2475,B6,LAX,20,133,211,0,0,20,178,322,0,0,32
-9,5,2,5,9,2475,AA,LAX,20,133,211,0,0,20,178,322,0,0,32
-8,5,2,5,10,2475,AA,LAX,20,133,211,0,0,20,178,322,0,0,32
-5,5,2,5,6,2475,AA,LAX,20,133,211,0,0,20,178,322,0,0,32
7,5,2,5,17,2475,UA,LAX,20,133,211,0,0,20,178,322,0,0,32
9,5,2,5,20,2475,UA,LAX,20,133,211,0,0,20,178,322,0,0,32
-3,5,2,5,14,2475,UA,LAX,20,133,211,0,0,20,178,322,0,0,32
-1,5,2,5,11,2475,UA,LAX,20,133,211,0,0,20,178,322,0,0,32
-10,5,2,5,8,2475,UA,LAX,20,133,211,0,0,20,178,322,0,0,32
-5,5,2,5,6,2475,UA,LAX,20,133,211,0,0,20,178,322,0,0,32
12,5,25,7,17,2475,UA,LAX,1,128,267,0,0,9,172,222,0,0,38
-5,5,25,7,11,2475,UA,LAX,1,128,267,0,0,9,172,222,0,0,38
-5,5,25,7,8,2475,UA,LAX,1,128,267,0,0,9,172,222,0,0,38
3,5,25,7,14,2475,UA,LAX,1,128,267,0,0,9,172,222,0,0,38
-3,5,25,7,18,2475,AA,LAX,1,128,267,0,0,9,172,222,0,0,38
-4,5,25,7,15,2475,DL,LAX,1,128,267,0,0,9,172,222,0,0,38
-2,5,25,7,17,2475,AA,LAX,1,128,267,0,0,9,172,222,0,0,38
-4,5,25,7,15,2475,AA,LAX,1,128,267,0,0,9,172,222,0,0,38
-1,5,25,7,8,2475,DL,LAX,1,128,267,0,0,9,172,222,0,0,38
-4,5,25,7,16,2475,AA,LAX,1,128,267,0,0,9,172,222,0,0,38
0,5,25,7,18,2475,DL,LAX,1,128,267,0,0,9,172,222,0,0,38
-4,5,25,7,9,2475,DL,LAX,1,128,267,0,0,9,172,222,0,0,38
-1,5,25,7,7,2475,DL,LAX,1,128,267,0,0,9,172,222,0,0,38
-3,5,25,7,7,2475,AA,LAX,1,128,267,0,0,9,172,222,0,0,38
-3,5,25,7,17,2475,DL,LAX,1,128,267,0,0,9,172,222,0,0,38
-6,5,25,7,12,2475,AA,LAX,1,128,267,0,0,9,172,222,0,0,38
3,5,25,7,17,2475,B6,LAX,1,128,267,0,0,9,172,222,0,0,38
2,5,25,7,9,2475,B6,LAX,1,128,267,0,0,9,172,222,0,0,38
-6,5,25,7,20,2475,B6,LAX,1,128,267,0,0,9,172,222,0,0,38
-3,5,25,7,6,2475,B6,LAX,1,128,267,0,0,9,172,222,0,0,38
47,5,25,7,21,2475,DL,LAX,1,128,267,0,0,9,172,222,0,0,38
-7,5,25,7,9,2475,AA,LAX,1,128,267,0,0,9,172,222,0,0,38
-4,5,25,7,20,2475,AA,LAX,1,128,267,0,0,9,172,222,0,0,38
-6,5,25,7,13,2475,VX,LAX,1,128,267,0,0,9,172,222,0,0,38
-1,5,25,7,16,2475,VX,LAX,1,128,267,0,0,9,172,222,0,0,38
4,5,25,7,20,2475,VX,LAX,1,128,267,0,0,9,172,222,0,0,38
-5,5,25,7,9,2475,VX,LAX,1,128,267,0,0,9,172,222,0,0,38
-6,5,25,7,11,2475,VX,LAX,1,128,267,0,0,9,172,222,0,0,38
-8,5,30,5,9,2475,VX,LAX,4,128,239,0,0,11,167,233,0,0,31
-3,5,30,5,13,2475,VX,LAX,4,128,239,0,0,11,167,233,0,0,31
-7,5,30,5,11,2475,VX,LAX,4,128,239,0,0,11,167,233,0,0,31
0,5,30,5,7,2475,VX,LAX,4,128,239,0,0,11,167,233,0,0,31
-9,5,30,5,20,2475,VX,LAX,4,128,239,0,0,11,167,233,0,0,31
-7,5,30,5,16,2475,VX,LAX,4,128,239,0,0,11,167,233,0,0,31
-6,5,30,5,8,2475,AA,LAX,4,128,239,0,0,11,167,233,0,0,31
-6,5,30,5,15,2475,AA,LAX,4,128,239,0,0,11,167,233,0,0,31
5,5,30,5,15,2475,DL,LAX,4,128,239,0,0,11,167,233,0,0,31
-2,5,30,5,9,2475,AA,LAX,4,128,239,0,0,11,167,233,0,0,31
-9,5,30,5,10,2475,AA,LAX,4,128,239,0,0,11,167,233,0,0,31
17,5,30,5,20,2475,AA,LAX,4,128,239,0,0,11,167,233,0,0,31
5,5,30,5,6,2475,B6,LAX,4,128,239,0,0,11,167,233,0,0,31
-4,5,30,5,17,2475,B6,LAX,4,128,239,0,0,11,167,233,0,0,31
66,5,30,5,20,2475,B6,LAX,4,128,239,0,0,11,167,233,0,0,31
-2,5,30,5,9,2475,B6,LAX,4,128,239,0,0,11,167,233,0,0,31
-6,5,30,5,16,2475,AA,LAX,4,128,239,0,0,11,167,233,0,0,31
-4,5,30,5,12,2475,AA,LAX,4,128,239,0,0,11,167,233,0,0,31
0,5,30,5,5,2475,AA,LAX,4,128,239,0,0,11,167,233,0,0,31
-7,5,30,5,7,2475,AA,LAX,4,128,239,0,0,11,167,233,0,0,31
-3,5,30,5,17,2475,DL,LAX,4,128,239,0,0,11,167,233,0,0,31
-1,5,30,5,7,2475,DL,LAX,4,128,239,0,0,11,167,233,0,0,31
-6,5,30,5,9,2475,DL,LAX,4,128,239,0,0,11,167,233,0,0,31
0,5,30,5,12,2475,DL,LAX,4,128,239,0,0,11,167,233,0,0,31
7,5,30,5,18,2475,DL,LAX,4,128,239,0,0,11,167,233,0,0,31
13,5,30,5,21,2475,DL,LAX,4,128,239,0,0,11,167,233,0,0,31
-1,5,30,5,8,2475,DL,LAX,4,128,239,0,0,11,167,233,0,0,31
4,5,30,5,17,2475,AA,LAX,4,128,239,0,0,11,167,233,0,0,31
4,5,30,5,18,2475,AA,LAX,4,128,239,0,0,11,167,233,0,0,31
97,5,30,5,6,2475,UA,LAX,4,128,239,0,0,11,167,233,0,0,31
9,5,30,5,17,2475,UA,LAX,4,128,239,0,0,11,167,233,0,0,31
-6,5,30,5,8,2475,UA,LAX,4,128,239,0,0,11,167,233,0,0,31
-2,5,30,5,14,2475,UA,LAX,4,128,239,0,0,11,167,233,0,0,31
-6,5,30,5,11,2475,UA,LAX,4,128,239,0,0,11,167,233,0,0,31
12,5,30,5,20,2475,UA,LAX,4,128,239,0,0,11,167,233,0,0,31
9,6,3,2,20,2475,AA,LAX,8,183,306,30,0,18,150,228,0,0,36
-4,6,3,2,7,2475,AA,LAX,8,183,306,30,0,18,150,228,0,0,36
-9,6,3,2,10,2475,AA,LAX,8,183,306,30,0,18,150,228,0,0,36
-6,6,3,2,16,2475,AA,LAX,8,183,306,30,0,18,150,228,0,0,36
75,6,3,2,20,2475,B6,LAX,8,183,306,30,0,18,150,228,0,0,36
18,6,3,2,17,2475,B6,LAX,8,183,306,30,0,18,150,228,0,0,36
-5,6,3,2,12,2475,AA,LAX,8,183,306,30,0,18,150,228,0,0,36
8,6,3,2,9,2475,B6,LAX,8,183,306,30,0,18,150,228,0,0,36
75,6,3,2,18,2475,AA,LAX,8,183,306,30,0,18,150,228,0,0,36
1,6,3,2,9,2475,AA,LAX,8,183,306,30,0,18,150,228,0,0,36
-6,6,3,2,17,2475,AA,LAX,8,183,306,30,0,18,150,228,0,0,36
-5,6,3,2,6,2475,B6,LAX,8,183,306,30,0,18,150,228,0,0,36
-5,6,3,2,5,2475,AA,LAX,8,183,306,30,0,18,150,228,0,0,36
-3,6,3,2,15,2475,AA,LAX,8,183,306,30,0,18,150,228,0,0,36
-7,6,3,2,11,2475,AA,LAX,8,183,306,30,0,18,150,228,0,0,36
-5,6,3,2,8,2475,AA,LAX,8,183,306,30,0,18,150,228,0,0,36
-6,6,3,2,11,2475,UA,LAX,8,183,306,30,0,18,150,228,0,0,36
-12,6,3,2,16,2475,VX,LAX,8,183,306,30,0,18,150,228,0,0,36
-2,6,3,2,13,2475,VX,LAX,8,183,306,30,0,18,150,228,0,0,36
-1,6,3,2,11,2475,VX,LAX,8,183,306,30,0,18,150,228,0,0,36
-7,6,3,2,9,2475,DL,LAX,8,183,306,30,0,18,150,228,0,0,36
5,6,3,2,12,2475,DL,LAX,8,183,306,30,0,18,150,228,0,0,36
-8,6,3,2,18,2475,DL,LAX,8,183,306,30,0,18,150,228,0,0,36
-2,6,3,2,7,2475,DL,LAX,8,183,306,30,0,18,150,228,0,0,36
5,6,3,2,14,2475,UA,LAX,8,183,306,30,0,18,150,228,0,0,36
3,6,3,2,9,2475,VX,LAX,8,183,306,30,0,18,150,228,0,0,36
-3,6,3,2,21,2475,DL,LAX,8,183,306,30,0,18,150,228,0,0,36
29,6,3,2,8,2475,DL,LAX,8,183,306,30,0,18,150,228,0,0,36
17,6,3,2,15,2475,DL,LAX,8,183,306,30,0,18,150,228,0,0,36
15,6,3,2,17,2475,UA,LAX,8,183,306,30,0,18,150,228,0,0,36
29,6,3,2,20,2475,UA,LAX,8,183,306,30,0,18,150,228,0,0,36
-4,6,3,2,6,2475,UA,LAX,8,183,306,30,0,18,150,228,0,0,36
-9,6,3,2,7,2475,VX,LAX,8,183,306,30,0,18,150,228,0,0,36
64,6,3,2,20,2475,VX,LAX,8,183,306,30,0,18,150,228,0,0,36
50,6,3,2,17,2475,DL,LAX,8,183,306,30,0,18,150,228,0,0,36
-7,6,3,2,8,2475,UA,LAX,8,183,306,30,0,18,150,228,0,0,36
0,6,26,4,16,2475,DL,LAX,8,211,294,18,0,21,189,233,0,0,29
13,6,26,4,8,2475,DL,LAX,8,211,294,18,0,21,189,233,0,0,29
-4,6,26,4,9,2475,DL,LAX,8,211,294,18,0,21,189,233,0,0,29
-2,6,26,4,7,2475,VX,LAX,8,211,294,18,0,21,189,233,0,0,29
-7,6,26,4,12,2475,DL,LAX,8,211,294,18,0,21,189,233,0,0,29
0,6,26,4,7,2475,DL,LAX,8,211,294,18,0,21,189,233,0,0,29
140,6,26,4,21,2475,DL,LAX,8,211,294,18,0,21,189,233,0,0,29
-3,6,26,4,20,2475,VX,LAX,8,211,294,18,0,21,189,233,0,0,29
-1,6,26,4,16,2475,VX,LAX,8,211,294,18,0,21,189,233,0,0,29
1,6,26,4,13,2475,VX,LAX,8,211,294,18,0,21,189,233,0,0,29
-2,6,26,4,11,2475,VX,LAX,8,211,294,18,0,21,189,233,0,0,29
-2,6,26,4,9,2475,VX,LAX,8,211,294,18,0,21,189,233,0,0,29
15,6,26,4,15,2475,DL,LAX,8,211,294,18,0,21,189,233,0,0,29
7,6,26,4,18,2475,DL,LAX,8,211,294,18,0,21,189,233,0,0,29
-6,6,26,4,6,2475,AA,LAX,8,211,294,18,0,21,189,233,0,0,29
11,6,26,4,16,2475,AA,LAX,8,211,294,18,0,21,189,233,0,0,29
2,6,26,4,8,2475,AA,LAX,8,211,294,18,0,21,189,233,0,0,29
-8,6,26,4,10,2475,AA,LAX,8,211,294,18,0,21,189,233,0,0,29
-1,6,26,4,15,2475,AA,LAX,8,211,294,18,0,21,189,233,0,0,29
-3,6,26,4,17,2475,AA,LAX,8,211,294,18,0,21,189,233,0,0,29
-4,6,26,4,18,2475,AA,LAX,8,211,294,18,0,21,189,233,0,0,29
3,6,26,4,20,2475,AA,LAX,8,211,294,18,0,21,189,233,0,0,29
51,6,26,4,11,2475,AA,LAX,8,211,294,18,0,21,189,233,0,0,29
16,6,26,4,19,2475,AA,LAX,8,211,294,18,0,21,189,233,0,0,29
-1,6,26,4,7,2475,AA,LAX,8,211,294,18,0,21,189,233,0,0,29
-6,6,26,4,12,2475,AA,LAX,8,211,294,18,0,21,189,233,0,0,29
17,6,26,4,9,2475,AA,LAX,8,211,294,18,0,21,189,233,0,0,29
-5,6,26,4,6,2475,B6,LAX,8,211,294,18,0,21,189,233,0,0,29
-5,6,26,4,9,2475,B6,LAX,8,211,294,18,0,21,189,233,0,0,29
5,6,26,4,12,2475,B6,LAX,8,211,294,18,0,21,189,233,0,0,29
4,6,26,4,16,2475,B6,LAX,8,211,294,18,0,21,189,233,0,0,29
22,6,26,4,20,2475,B6,LAX,8,211,294,18,0,21,189,233,0,0,29
7,6,26,4,14,2475,UA,LAX,8,211,294,18,0,21,189,233,0,0,29
6,6,26,4,17,2475,UA,LAX,8,211,294,18,0,21,189,233,0,0,29
4,6,26,4,8,2475,UA,LAX,8,211,294,18,0,21,189,233,0,0,29
-3,6,26,4,6,2475,UA,LAX,8,211,294,18,0,21,189,233,0,0,29
53,6,26,4,20,2475,UA,LAX,8,211,294,18,0,21,189,233,0,0,29
0,6,26,4,11,2475,UA,LAX,8,211,294,18,0,21,189,233,0,0,29
-2,7,4,5,11,2475,UA,LAX,0,183,233,36,0,24,189,256,0,0,23
-2,7,4,5,6,2475,B6,LAX,0,183,233,36,0,24,189,256,0,0,23
36,7,4,5,18,2475,DL,LAX,0,183,233,36,0,24,189,256,0,0,23
0,7,4,5,15,2475,AA,LAX,0,183,233,36,0,24,189,256,0,0,23
-4,7,4,5,9,2475,B6,LAX,0,183,233,36,0,24,189,256,0,0,23
-1,7,4,5,19,2475,AA,LAX,0,183,233,36,0,24,189,256,0,0,23
-1,7,4,5,7,2475,DL,LAX,0,183,233,36,0,24,189,256,0,0,23
13,7,4,5,21,2475,DL,LAX,0,183,233,36,0,24,189,256,0,0,23
-3,7,4,5,8,2475,DL,LAX,0,183,233,36,0,24,189,256,0,0,23
-1,7,4,5,8,2475,UA,LAX,0,183,233,36,0,24,189,256,0,0,23
123,7,4,5,16,2475,DL,LAX,0,183,233,36,0,24,189,256,0,0,23
-6,7,4,5,12,2475,AA,LAX,0,183,233,36,0,24,189,256,0,0,23
-1,7,4,5,6,2475,UA,LAX,0,183,233,36,0,24,189,256,0,0,23
60,7,4,5,12,2475,B6,LAX,0,183,233,36,0,24,189,256,0,0,23
-1,7,4,5,8,2475,AA,LAX,0,183,233,36,0,24,189,256,0,0,23
-5,7,4,5,17,2475,UA,LAX,0,183,233,36,0,24,189,256,0,0,23
9,7,4,5,16,2475,B6,LAX,0,183,233,36,0,24,189,256,0,0,23
-1,7,4,5,12,2475,DL,LAX,0,183,233,36,0,24,189,256,0,0,23
66,7,4,5,10,2475,AA,LAX,0,183,233,36,0,24,189,256,0,0,23
33,7,4,5,20,2475,B6,LAX,0,183,233,36,0,24,189,256,0,0,23
-4,7,4,5,16,2475,AA,LAX,0,183,233,36,0,24,189,256,0,0,23
17,7,4,5,13,2475,VX,LAX,0,183,233,36,0,24,189,256,0,0,23
7,7,4,5,16,2475,VX,LAX,0,183,233,36,0,24,189,256,0,0,23
-9,7,4,5,20,2475,VX,LAX,0,183,233,36,0,24,189,256,0,0,23
3,7,4,5,7,2475,VX,LAX,0,183,233,36,0,24,189,256,0,0,23
112,7,4,5,9,2475,VX,LAX,0,183,233,36,0,24,189,256,0,0,23
193,7,4,5,11,2475,VX,LAX,0,183,233,36,0,24,189,256,0,0,23
15,7,27,7,20,2475,UA,LAX,23,217,294,5,0,15,189,244,36,0,38
-2,7,27,7,11,2475,UA,LAX,23,217,294,5,0,15,189,244,36,0,38
-1,7,27,7,14,2475,UA,LAX,23,217,294,5,0,15,189,244,36,0,38
-5,7,27,7,8,2475,UA,LAX,23,217,294,5,0,15,189,244,36,0,38
24,7,27,7,17,2475,UA,LAX,23,217,294,5,0,15,189,244,36,0,38
8,7,27,7,16,2475,DL,LAX,23,217,294,5,0,15,189,244,36,0,38
14,7,27,7,8,2475,DL,LAX,23,217,294,5,0,15,189,244,36,0,38
134,7,27,7,21,2475,DL,LAX,23,217,294,5,0,15,189,244,36,0,38
30,7,27,7,15,2475,DL,LAX,23,217,294,5,0,15,189,244,36,0,38
63,7,27,7,7,2475,DL,LAX,23,217,294,5,0,15,189,244,36,0,38
-1,7,27,7,12,2475,DL,LAX,23,217,294,5,0,15,189,244,36,0,38
-3,7,27,7,9,2475,DL,LAX,23,217,294,5,0,15,189,244,36,0,38
46,7,27,7,18,2475,DL,LAX,23,217,294,5,0,15,189,244,36,0,38
31,7,27,7,20,2475,VX,LAX,23,217,294,5,0,15,189,244,36,0,38
47,7,27,7,16,2475,VX,LAX,23,217,294,5,0,15,189,244,36,0,38
3,7,27,7,13,2475,VX,LAX,23,217,294,5,0,15,189,244,36,0,38
-1,7,27,7,11,2475,VX,LAX,23,217,294,5,0,15,189,244,36,0,38
6,7,27,7,9,2475,VX,LAX,23,217,294,5,0,15,189,244,36,0,38
25,7,27,7,7,2475,VX,LAX,23,217,294,5,0,15,189,244,36,0,38
-4,7,27,7,9,2475,B6,LAX,23,217,294,5,0,15,189,244,36,0,38
-4,7,27,7,9,2475,AA,LAX,23,217,294,5,0,15,189,244,36,0,38
-5,7,27,7,19,2475,AA,LAX,23,217,294,5,0,15,189,244,36,0,38
4,7,27,7,20,2475,AA,LAX,23,217,294,5,0,15,189,244,36,0,38
21,7,27,7,11,2475,AA,LAX,23,217,294,5,0,15,189,244,36,0,38
50,7,27,7,17,2475,AA,LAX,23,217,294,5,0,15,189,244,36,0,38
53,7,27,7,12,2475,B6,LAX,23,217,294,5,0,15,189,244,36,0,38
-8,7,27,7,7,2475,AA,LAX,23,217,294,5,0,15,189,244,36,0,38
83,7,27,7,20,2475,B6,LAX,23,217,294,5,0,15,189,244,36,0,38
-8,7,27,7,12,2475,AA,LAX,23,217,294,5,0,15,189,244,36,0,38
-2,7,27,7,6,2475,AA,LAX,23,217,294,5,0,15,189,244,36,0,38
49,7,27,7,16,2475,AA,LAX,23,217,294,5,0,15,189,244,36,0,38
-8,7,27,7,10,2475,AA,LAX,23,217,294,5,0,15,189,244,36,0,38
57,7,27,7,16,2475,B6,LAX,23,217,294,5,0,15,189,244,36,0,38
110,7,27,7,18,2475,AA,LAX,23,217,294,5,0,15,189,244,36,0,38
-5,7,27,7,8,2475,AA,LAX,23,217,294,5,0,15,189,244,36,0,38
33,7,27,7,15,2475,AA,LAX,23,217,294,5,0,15,189,244,36,0,38
-5,7,27,7,6,2475,B6,LAX,23,217,294,5,0,15,189,244,36,0,38
-4,8,5,2,9,2475,DL,LAX,27,217,322,0,0,11,167,233,0,0,43
13,8,5,2,14,2475,UA,LAX,27,217,322,0,0,11,167,233,0,0,43
-6,8,5,2,11,2475,UA,LAX,27,217,322,0,0,11,167,233,0,0,43
-1,8,5,2,17,2475,UA,LAX,27,217,322,0,0,11,167,233,0,0,43
7,8,5,2,20,2475,UA,LAX,27,217,322,0,0,11,167,233,0,0,43
-2,8,5,2,8,2475,UA,LAX,27,217,322,0,0,11,167,233,0,0,43
2,8,5,2,6,2475,UA,LAX,27,217,322,0,0,11,167,233,0,0,43
-2,8,5,2,15,2475,DL,LAX,27,217,322,0,0,11,167,233,0,0,43
174,8,5,2,21,2475,DL,LAX,27,217,322,0,0,11,167,233,0,0,43
0,8,5,2,8,2475,DL,LAX,27,217,322,0,0,11,167,233,0,0,43
-1,8,5,2,16,2475,DL,LAX,27,217,322,0,0,11,167,233,0,0,43
3,8,5,2,20,2475,VX,LAX,27,217,322,0,0,11,167,233,0,0,43
3,8,5,2,16,2475,VX,LAX,27,217,322,0,0,11,167,233,0,0,43
0,8,5,2,13,2475,VX,LAX,27,217,322,0,0,11,167,233,0,0,43
-1,8,5,2,11,2475,VX,LAX,27,217,322,0,0,11,167,233,0,0,43
-7,8,5,2,9,2475,VX,LAX,27,217,322,0,0,11,167,233,0,0,43
-2,8,5,2,7,2475,VX,LAX,27,217,322,0,0,11,167,233,0,0,43
8,8,5,2,7,2475,DL,LAX,27,217,322,0,0,11,167,233,0,0,43
-7,8,5,2,12,2475,DL,LAX,27,217,322,0,0,11,167,233,0,0,43
2,8,5,2,18,2475,DL,LAX,27,217,322,0,0,11,167,233,0,0,43
-8,8,5,2,6,2475,AA,LAX,27,217,322,0,0,11,167,233,0,0,43
15,8,5,2,9,2475,B6,LAX,27,217,322,0,0,11,167,233,0,0,43
-1,8,5,2,12,2475,B6,LAX,27,217,322,0,0,11,167,233,0,0,43
-3,8,5,2,12,2475,AA,LAX,27,217,322,0,0,11,167,233,0,0,43
-9,8,5,2,20,2475,AA,LAX,27,217,322,0,0,11,167,233,0,0,43
-5,8,5,2,20,2475,B6,LAX,27,217,322,0,0,11,167,233,0,0,43
7,8,5,2,18,2475,AA,LAX,27,217,322,0,0,11,167,233,0,0,43
-7,8,5,2,10,2475,AA,LAX,27,217,322,0,0,11,167,233,0,0,43
-5,8,5,2,7,2475,AA,LAX,27,217,322,0,0,11,167,233,0,0,43
27,8,5,2,6,2475,B6,LAX,27,217,322,0,0,11,167,233,0,0,43
-3,8,5,2,16,2475,B6,LAX,27,217,322,0,0,11,167,233,0,0,43
-3,8,5,2,11,2475,AA,LAX,27,217,322,0,0,11,167,233,0,0,43
-9,8,5,2,8,2475,AA,LAX,27,217,322,0,0,11,167,233,0,0,43
6,8,5,2,15,2475,AA,LAX,27,217,322,0,0,11,167,233,0,0,43
9,8,5,2,17,2475,AA,LAX,27,217,322,0,0,11,167,233,0,0,43
-6,8,5,2,16,2475,AA,LAX,27,217,322,0,0,11,167,233,0,0,43
-8,8,5,2,9,2475,AA,LAX,27,217,322,0,0,11,167,233,0,0,43
5,8,5,2,19,2475,AA,LAX,27,217,322,0,0,11,167,233,0,0,43
-3,8,10,7,11,2475,AA,LAX,22,200,311,0,0,13,189,244,0,0,35
-8,8,10,7,9,2475,AA,LAX,22,200,311,0,0,13,189,244,0,0,35
-4,8,10,7,17,2475,AA,LAX,22,200,311,0,0,13,189,244,0,0,35
-5,8,10,7,9,2475,B6,LAX,22,200,311,0,0,13,189,244,0,0,35
-6,8,10,7,7,2475,AA,LAX,22,200,311,0,0,13,189,244,0,0,35
-3,8,10,7,16,2475,B6,LAX,22,200,311,0,0,13,189,244,0,0,35
22,8,10,7,20,2475,B6,LAX,22,200,311,0,0,13,189,244,0,0,35
-3,8,10,7,12,2475,AA,LAX,22,200,311,0,0,13,189,244,0,0,35
-7,8,10,7,10,2475,AA,LAX,22,200,311,0,0,13,189,244,0,0,35
-6,8,10,7,16,2475,AA,LAX,22,200,311,0,0,13,189,244,0,0,35
9,8,10,7,15,2475,AA,LAX,22,200,311,0,0,13,189,244,0,0,35
-7,8,10,7,6,2475,AA,LAX,22,200,311,0,0,13,189,244,0,0,35
7,8,10,7,19,2475,AA,LAX,22,200,311,0,0,13,189,244,0,0,35
-8,8,10,7,8,2475,AA,LAX,22,200,311,0,0,13,189,244,0,0,35
6,8,10,7,20,2475,AA,LAX,22,200,311,0,0,13,189,244,0,0,35
41,8,10,7,6,2475,B6,LAX,22,200,311,0,0,13,189,244,0,0,35
3,8,10,7,18,2475,AA,LAX,22,200,311,0,0,13,189,244,0,0,35
-2,8,10,7,12,2475,B6,LAX,22,200,311,0,0,13,189,244,0,0,35
47,8,10,7,21,2475,DL,LAX,22,200,311,0,0,13,189,244,0,0,35
-5,8,10,7,8,2475,UA,LAX,22,200,311,0,0,13,189,244,0,0,35
27,8,10,7,20,2475,UA,LAX,22,200,311,0,0,13,189,244,0,0,35
-2,8,10,7,17,2475,UA,LAX,22,200,311,0,0,13,189,244,0,0,35
-12,8,10,7,11,2475,UA,LAX,22,200,311,0,0,13,189,244,0,0,35
-7,8,10,7,14,2475,UA,LAX,22,200,311,0,0,13,189,244,0,0,35
3,8,10,7,16,2475,DL,LAX,22,200,311,0,0,13,189,244,0,0,35
-1,8,10,7,8,2475,DL,LAX,22,200,311,0,0,13,189,244,0,0,35
-2,8,10,7,7,2475,VX,LAX,22,200,311,0,0,13,189,244,0,0,35
-8,8,10,7,9,2475,VX,LAX,22,200,311,0,0,13,189,244,0,0,35
-7,8,10,7,11,2475,VX,LAX,22,200,311,0,0,13,189,244,0,0,35
-5,8,10,7,13,2475,VX,LAX,22,200,311,0,0,13,189,244,0,0,35
0,8,10,7,16,2475,VX,LAX,22,200,311,0,0,13,189,244,0,0,35
-3,8,10,7,20,2475,VX,LAX,22,200,311,0,0,13,189,244,0,0,35
41,8,10,7,15,2475,DL,LAX,22,200,311,0,0,13,189,244,0,0,35
35,8,10,7,7,2475,DL,LAX,22,200,311,0,0,13,189,244,0,0,35
74,8,10,7,12,2475,DL,LAX,22,200,311,0,0,13,189,244,0,0,35
-3,8,10,7,9,2475,DL,LAX,22,200,311,0,0,13,189,244,0,0,35
20,8,10,7,18,2475,DL,LAX,22,200,311,0,0,13,189,244,0,0,35
-10,8,28,4,7,2475,VX,LAX,4,189,278,0,0,24,200,289,0,0,38
-9,8,28,4,9,2475,VX,LAX,4,189,278,0,0,24,200,289,0,0,38
-5,8,28,4,18,2475,DL,LAX,4,189,278,0,0,24,200,289,0,0,38
-5,8,28,4,9,2475,DL,LAX,4,189,278,0,0,24,200,289,0,0,38
-2,8,28,4,12,2475,DL,LAX,4,189,278,0,0,24,200,289,0,0,38
-1,8,28,4,7,2475,DL,LAX,4,189,278,0,0,24,200,289,0,0,38
3,8,28,4,16,2475,DL,LAX,4,189,278,0,0,24,200,289,0,0,38
-7,8,28,4,21,2475,DL,LAX,4,189,278,0,0,24,200,289,0,0,38
-1,8,28,4,15,2475,DL,LAX,4,189,278,0,0,24,200,289,0,0,38
-7,8,28,4,8,2475,DL,LAX,4,189,278,0,0,24,200,289,0,0,38
-11,8,28,4,13,2475,VX,LAX,4,189,278,0,0,24,200,289,0,0,38
13,8,28,4,16,2475,VX,LAX,4,189,278,0,0,24,200,289,0,0,38
-9,8,28,4,11,2475,VX,LAX,4,189,278,0,0,24,200,289,0,0,38
-3,8,28,4,20,2475,VX,LAX,4,189,278,0,0,24,200,289,0,0,38
8,8,28,4,11,2475,AA,LAX,4,189,278,0,0,24,200,289,0,0,38
-9,8,28,4,7,2475,AA,LAX,4,189,278,0,0,24,200,289,0,0,38
-1,8,28,4,18,2475,AA,LAX,4,189,278,0,0,24,200,289,0,0,38
-1,8,28,4,20,2475,B6,LAX,4,189,278,0,0,24,200,289,0,0,38
-5,8,28,4,10,2475,AA,LAX,4,189,278,0,0,24,200,289,0,0,38
5,8,28,4,12,2475,AA,LAX,4,189,278,0,0,24,200,289,0,0,38
9,8,28,4,19,2475,AA,LAX,4,189,278,0,0,24,200,289,0,0,38
208,8,28,4,17,2475,AA,LAX,4,189,278,0,0,24,200,289,0,0,38
8,8,28,4,16,2475,B6,LAX,4,189,278,0,0,24,200,289,0,0,38
4,8,28,4,20,2475,AA,LAX,4,189,278,0,0,24,200,289,0,0,38
-4,8,28,4,9,2475,AA,LAX,4,189,278,0,0,24,200,289,0,0,38
-1,8,28,4,12,2475,B6,LAX,4,189,278,0,0,24,200,289,0,0,38
-7,8,28,4,8,2475,AA,LAX,4,189,278,0,0,24,200,289,0,0,38
-3,8,28,4,16,2475,AA,LAX,4,189,278,0,0,24,200,289,0,0,38
-3,8,28,4,6,2475,B6,LAX,4,189,278,0,0,24,200,289,0,0,38
-3,8,28,4,9,2475,B6,LAX,4,189,278,0,0,24,200,289,0,0,38
-2,8,28,4,6,2475,AA,LAX,4,189,278,0,0,24,200,289,0,0,38
-8,8,28,4,14,2475,AA,LAX,4,189,278,0,0,24,200,289,0,0,38
-5,8,28,4,17,2475,UA,LAX,4,189,278,0,0,24,200,289,0,0,38
-5,8,28,4,20,2475,UA,LAX,4,189,278,0,0,24,200,289,0,0,38
-4,8,28,4,8,2475,UA,LAX,4,189,278,0,0,24,200,289,0,0,38
-5,8,28,4,6,2475,UA,LAX,4,189,278,0,0,24,200,289,0,0,38
-5,8,28,4,14,2475,UA,LAX,4,189,278,0,0,24,200,289,0,0,38
-2,8,28,4,11,2475,UA,LAX,4,189,278,0,0,24,200,289,0,0,38
-4,9,6,6,11,2475,UA,LAX,5,194,328,28,0,21,194,256,0,0,31
17,9,6,6,18,2475,UA,LAX,5,194,328,28,0,21,194,256,0,0,31
-6,9,6,6,8,2475,UA,LAX,5,194,328,28,0,21,194,256,0,0,31
-3,9,6,6,14,2475,UA,LAX,5,194,328,28,0,21,194,256,0,0,31
-5,9,6,6,6,2475,UA,LAX,5,194,328,28,0,21,194,256,0,0,31
23,9,6,6,12,2475,AA,LAX,5,194,328,28,0,21,194,256,0,0,31
-8,9,6,6,11,2475,B6,LAX,5,194,328,28,0,21,194,256,0,0,31
-5,9,6,6,10,2475,AA,LAX,5,194,328,28,0,21,194,256,0,0,31
-1,9,6,6,16,2475,VX,LAX,5,194,328,28,0,21,194,256,0,0,31
14,9,6,6,18,2475,DL,LAX,5,194,328,28,0,21,194,256,0,0,31
-4,9,6,6,9,2475,AA,LAX,5,194,328,28,0,21,194,256,0,0,31
-2,9,6,6,12,2475,DL,LAX,5,194,328,28,0,21,194,256,0,0,31
-6,9,6,6,8,2475,DL,LAX,5,194,328,28,0,21,194,256,0,0,31
-5,9,6,6,14,2475,AA,LAX,5,194,328,28,0,21,194,256,0,0,31
14,9,6,6,20,2475,B6,LAX,5,194,328,28,0,21,194,256,0,0,31
-3,9,6,6,13,2475,VX,LAX,5,194,328,28,0,21,194,256,0,0,31
17,9,6,6,20,2475,AA,LAX,5,194,328,28,0,21,194,256,0,0,31
48,9,6,6,18,2475,AA,LAX,5,194,328,28,0,21,194,256,0,0,31
-3,9,6,6,17,2475,AA,LAX,5,194,328,28,0,21,194,256,0,0,31
-13,9,6,6,9,2475,DL,LAX,5,194,328,28,0,21,194,256,0,0,31
27,9,6,6,11,2475,AA,LAX,5,194,328,28,0,21,194,256,0,0,31
-8,9,6,6,15,2475,DL,LAX,5,194,328,28,0,21,194,256,0,0,31
-3,9,6,6,9,2475,B6,LAX,5,194,328,28,0,21,194,256,0,0,31
-6,9,6,6,8,2475,AA,LAX,5,194,328,28,0,21,194,256,0,0,31
-4,9,6,6,16,2475,AA,LAX,5,194,328,28,0,21,194,256,0,0,31
14,9,6,6,19,2475,AA,LAX,5,194,328,28,0,21,194,256,0,0,31
-6,9,6,6,11,2475,VX,LAX,5,194,328,28,0,21,194,256,0,0,31
-4,9,6,6,9,2475,VX,LAX,5,194,328,28,0,21,194,256,0,0,31
-5,9,6,6,7,2475,VX,LAX,5,194,328,28,0,21,194,256,0,0,31
-2,9,6,6,16,2475,DL,LAX,5,194,328,28,0,21,194,256,0,0,31
-8,9,6,6,6,2475,B6,LAX,5,194,328,28,0,21,194,256,0,0,31
1,9,11,4,21,2475,DL,LAX,10,206,283,0,0,21,206,267,0,0,32
-4,9,11,4,8,2475,DL,LAX,10,206,283,0,0,21,206,267,0,0,32
19,9,11,4,15,2475,DL,LAX,10,206,283,0,0,21,206,267,0,0,32
-7,9,11,4,6,2475,B6,LAX,10,206,283,0,0,21,206,267,0,0,32
-4,9,11,4,18,2475,DL,LAX,10,206,283,0,0,21,206,267,0,0,32
-11,9,11,4,9,2475,DL,LAX,10,206,283,0,0,21,206,267,0,0,32
0,9,11,4,12,2475,DL,LAX,10,206,283,0,0,21,206,267,0,0,32
10,9,11,4,7,2475,DL,LAX,10,206,283,0,0,21,206,267,0,0,32
1,9,11,4,16,2475,DL,LAX,10,206,283,0,0,21,206,267,0,0,32
-8,9,11,4,7,2475,VX,LAX,10,206,283,0,0,21,206,267,0,0,32
20,9,11,4,10,2475,AA,LAX,10,206,283,0,0,21,206,267,0,0,32
-5,9,11,4,14,2475,AA,LAX,10,206,283,0,0,21,206,267,0,0,32
6,9,11,4,18,2475,AA,LAX,10,206,283,0,0,21,206,267,0,0,32
-7,9,11,4,12,2475,AA,LAX,10,206,283,0,0,21,206,267,0,0,32
3,9,11,4,20,2475,AA,LAX,10,206,283,0,0,21,206,267,0,0,32
-5,9,11,4,11,2475,B6,LAX,10,206,283,0,0,21,206,267,0,0,32
3,9,11,4,17,2475,AA,LAX,10,206,283,0,0,21,206,267,0,0,32
-9,9,11,4,16,2475,VX,LAX,10,206,283,0,0,21,206,267,0,0,32
-10,9,11,4,13,2475,VX,LAX,10,206,283,0,0,21,206,267,0,0,32
-7,9,11,4,11,2475,VX,LAX,10,206,283,0,0,21,206,267,0,0,32
-5,9,11,4,20,2475,VX,LAX,10,206,283,0,0,21,206,267,0,0,32
-6,9,11,4,9,2475,VX,LAX,10,206,283,0,0,21,206,267,0,0,32
-6,9,11,4,8,2475,AA,LAX,10,206,283,0,0,21,206,267,0,0,32
-10,9,11,4,9,2475,B6,LAX,10,206,283,0,0,21,206,267,0,0,32
-4,9,11,4,19,2475,AA,LAX,10,206,283,0,0,21,206,267,0,0,32
-9,9,11,4,9,2475,AA,LAX,10,206,283,0,0,21,206,267,0,0,32
-4,9,11,4,20,2475,B6,LAX,10,206,283,0,0,21,206,267,0,0,32
0,9,11,4,11,2475,AA,LAX,10,206,283,0,0,21,206,267,0,0,32
-5,9,11,4,7,2475,AA,LAX,10,206,283,0,0,21,206,267,0,0,32
-7,9,11,4,6,2475,AA,LAX,10,206,283,0,0,21,206,267,0,0,32
-5,9,11,4,16,2475,AA,LAX,10,206,283,0,0,21,206,267,0,0,32
-5,9,11,4,16,2475,B6,LAX,10,206,283,0,0,21,206,267,0,0,32
0,9,11,4,11,2475,UA,LAX,10,206,283,0,0,21,206,267,0,0,32
-3,9,11,4,17,2475,UA,LAX,10,206,283,0,0,21,206,267,0,0,32
6,9,11,4,20,2475,UA,LAX,10,206,283,0,0,21,206,267,0,0,32
-10,9,11,4,8,2475,UA,LAX,10,206,283,0,0,21,206,267,0,0,32
-2,9,11,4,14,2475,UA,LAX,10,206,283,0,0,21,206,267,0,0,32
13,9,29,1,20,2475,UA,LAX,14,194,261,0,0,3,167,228,0,0,28
-2,9,29,1,14,2475,UA,LAX,14,194,261,0,0,3,167,228,0,0,28
-3,9,29,1,11,2475,UA,LAX,14,194,261,0,0,3,167,228,0,0,28
-3,9,29,1,17,2475,UA,LAX,14,194,261,0,0,3,167,228,0,0,28
-3,9,29,1,8,2475,UA,LAX,14,194,261,0,0,3,167,228,0,0,28
-4,9,29,1,6,2475,UA,LAX,14,194,261,0,0,3,167,228,0,0,28
4,9,29,1,18,2475,AA,LAX,14,194,261,0,0,3,167,228,0,0,28
48,9,29,1,20,2475,AA,LAX,14,194,261,0,0,3,167,228,0,0,28
-9,9,29,1,12,2475,AA,LAX,14,194,261,0,0,3,167,228,0,0,28
0,9,29,1,16,2475,B6,LAX,14,194,261,0,0,3,167,228,0,0,28
-7,9,29,1,11,2475,AA,LAX,14,194,261,0,0,3,167,228,0,0,28
4,9,29,1,10,2475,AA,LAX,14,194,261,0,0,3,167,228,0,0,28
-4,9,29,1,20,2475,B6,LAX,14,194,261,0,0,3,167,228,0,0,28
-1,9,29,1,9,2475,B6,LAX,14,194,261,0,0,3,167,228,0,0,28
11,9,29,1,9,2475,AA,LAX,14,194,261,0,0,3,167,228,0,0,28
-5,9,29,1,8,2475,AA,LAX,14,194,261,0,0,3,167,228,0,0,28
-4,9,29,1,19,2475,AA,LAX,14,194,261,0,0,3,167,228,0,0,28
13,9,29,1,17,2475,AA,LAX,14,194,261,0,0,3,167,228,0,0,28
12,9,29,1,16,2475,VX,LAX,14,194,261,0,0,3,167,228,0,0,28
-1,9,29,1,6,2475,AA,LAX,14,194,261,0,0,3,167,228,0,0,28
59,9,29,1,11,2475,VX,LAX,14,194,261,0,0,3,167,228,0,0,28
-10,9,29,1,11,2475,B6,LAX,14,194,261,0,0,3,167,228,0,0,28
-6,9,29,1,7,2475,AA,LAX,14,194,261,0,0,3,167,228,0,0,28
1,9,29,1,9,2475,VX,LAX,14,194,261,0,0,3,167,228,0,0,28
6,9,29,1,7,2475,VX,LAX,14,194,261,0,0,3,167,228,0,0,28
-2,9,29,1,16,2475,AA,LAX,14,194,261,0,0,3,167,228,0,0,28
5,9,29,1,13,2475,VX,LAX,14,194,261,0,0,3,167,228,0,0,28
-7,9,29,1,8,2475,B6,LAX,14,194,261,0,0,3,167,228,0,0,28
-7,9,29,1,14,2475,AA,LAX,14,194,261,0,0,3,167,228,0,0,28
6,9,29,1,20,2475,VX,LAX,14,194,261,0,0,3,167,228,0,0,28
6,9,29,1,18,2475,DL,LAX,14,194,261,0,0,3,167,228,0,0,28
-2,9,29,1,9,2475,DL,LAX,14,194,261,0,0,3,167,228,0,0,28
-4,9,29,1,12,2475,DL,LAX,14,194,261,0,0,3,167,228,0,0,28
-2,9,29,1,7,2475,DL,LAX,14,194,261,0,0,3,167,228,0,0,28
-5,9,29,1,16,2475,DL,LAX,14,194,261,0,0,3,167,228,0,0,28
553,9,29,1,21,2475,DL,LAX,14,194,261,0,0,3,167,228,0,0,28
-6,9,29,1,8,2475,DL,LAX,14,194,261,0,0,3,167,228,0,0,28
1,9,29,1,15,2475,DL,LAX,14,194,261,0,0,3,167,228,0,0,28
-7,9,29,1,6,2475,B6,LAX,14,194,261,0,0,3,167,228,0,0,28
-5,10,2,4,8,2475,B6,LAX,11,161,211,0,0,21,172,344,0,0,26
-8,10,2,4,6,2475,B6,LAX,11,161,211,0,0,21,172,344,0,0,26
-2,10,2,4,20,2475,B6,LAX,11,161,211,0,0,21,172,344,0,0,26
90,10,2,4,18,2475,DL,LAX,11,161,211,0,0,21,172,344,0,0,26
29,10,2,4,16,2475,DL,LAX,11,161,211,0,0,21,172,344,0,0,26
0,10,2,4,9,2475,DL,LAX,11,161,211,0,0,21,172,344,0,0,26
-2,10,2,4,12,2475,DL,LAX,11,161,211,0,0,21,172,344,0,0,26
-1,10,2,4,7,2475,DL,LAX,11,161,211,0,0,21,172,344,0,0,26
65,10,2,4,21,2475,DL,LAX,11,161,211,0,0,21,172,344,0,0,26
86,10,2,4,15,2475,DL,LAX,11,161,211,0,0,21,172,344,0,0,26
-2,10,2,4,8,2475,DL,LAX,11,161,211,0,0,21,172,344,0,0,26
383,10,2,4,16,2475,B6,LAX,11,161,211,0,0,21,172,344,0,0,26
-4,10,2,4,11,2475,B6,LAX,11,161,211,0,0,21,172,344,0,0,26
-5,10,2,4,6,2475,AA,LAX,11,161,211,0,0,21,172,344,0,0,26
-9,10,2,4,9,2475,B6,LAX,11,161,211,0,0,21,172,344,0,0,26
44,10,2,4,10,2475,AA,LAX,11,161,211,0,0,21,172,344,0,0,26
17,10,2,4,16,2475,AA,LAX,11,161,211,0,0,21,172,344,0,0,26
35,10,2,4,14,2475,UA,LAX,11,161,211,0,0,21,172,344,0,0,26
-6,10,2,4,9,2475,AA,LAX,11,161,211,0,0,21,172,344,0,0,26
55,10,2,4,17,2475,AA,LAX,11,161,211,0,0,21,172,344,0,0,26
14,10,2,4,16,2475,VX,LAX,11,161,211,0,0,21,172,344,0,0,26
-5,10,2,4,7,2475,AA,LAX,11,161,211,0,0,21,172,344,0,0,26
74,10,2,4,20,2475,AA,LAX,11,161,211,0,0,21,172,344,0,0,26
0,10,2,4,14,2475,AA,LAX,11,161,211,0,0,21,172,344,0,0,26
-2,10,2,4,7,2475,VX,LAX,11,161,211,0,0,21,172,344,0,0,26
233,10,2,4,13,2475,VX,LAX,11,161,211,0,0,21,172,344,0,0,26
848,10,2,4,18,2475,AA,LAX,11,161,211,0,0,21,172,344,0,0,26
-4,10,2,4,9,2475,VX,LAX,11,161,211,0,0,21,172,344,0,0,26
-3,10,2,4,11,2475,VX,LAX,11,161,211,0,0,21,172,344,0,0,26
-8,10,2,4,11,2475,AA,LAX,11,161,211,0,0,21,172,344,0,0,26
14,10,2,4,19,2475,AA,LAX,11,161,211,0,0,21,172,344,0,0,26
188,10,2,4,20,2475,VX,LAX,11,161,211,0,0,21,172,344,0,0,26
16,10,2,4,20,2475,UA,LAX,11,161,211,0,0,21,172,344,0,0,26
-5,10,2,4,8,2475,UA,LAX,11,161,211,0,0,21,172,344,0,0,26
-2,10,2,4,6,2475,UA,LAX,11,161,211,0,0,21,172,344,0,0,26
-7,10,2,4,12,2475,AA,LAX,11,161,211,0,0,21,172,344,0,0,26
4,10,2,4,17,2475,UA,LAX,11,161,211,0,0,21,172,344,0,0,26
-5,10,2,4,11,2475,UA,LAX,11,161,211,0,0,21,172,344,0,0,26
-4,10,2,4,8,2475,AA,LAX,11,161,211,0,0,21,172,344,0,0,26
-4,10,25,6,9,2475,VX,LAX,12,100,194,3,0,26,172,233,0,0,36
0,10,25,6,13,2475,VX,LAX,12,100,194,3,0,26,172,233,0,0,36
3,10,25,6,16,2475,VX,LAX,12,100,194,3,0,26,172,233,0,0,36
-7,10,25,6,7,2475,AA,LAX,12,100,194,3,0,26,172,233,0,0,36
-1,10,25,6,14,2475,UA,LAX,12,100,194,3,0,26,172,233,0,0,36
-2,10,25,6,20,2475,AA,LAX,12,100,194,3,0,26,172,233,0,0,36
-5,10,25,6,14,2475,AA,LAX,12,100,194,3,0,26,172,233,0,0,36
-4,10,25,6,11,2475,UA,LAX,12,100,194,3,0,26,172,233,0,0,36
-3,10,25,6,16,2475,AA,LAX,12,100,194,3,0,26,172,233,0,0,36
-6,10,25,6,19,2475,AA,LAX,12,100,194,3,0,26,172,233,0,0,36
5,10,25,6,11,2475,AA,LAX,12,100,194,3,0,26,172,233,0,0,36
-7,10,25,6,8,2475,AA,LAX,12,100,194,3,0,26,172,233,0,0,36
-2,10,25,6,17,2475,AA,LAX,12,100,194,3,0,26,172,233,0,0,36
-5,10,25,6,9,2475,AA,LAX,12,100,194,3,0,26,172,233,0,0,36
-7,10,25,6,18,2475,AA,LAX,12,100,194,3,0,26,172,233,0,0,36
-3,10,25,6,7,2475,VX,LAX,12,100,194,3,0,26,172,233,0,0,36
-4,10,25,6,12,2475,AA,LAX,12,100,194,3,0,26,172,233,0,0,36
-7,10,25,6,18,2475,UA,LAX,12,100,194,3,0,26,172,233,0,0,36
-6,10,25,6,8,2475,UA,LAX,12,100,194,3,0,26,172,233,0,0,36
-4,10,25,6,6,2475,UA,LAX,12,100,194,3,0,26,172,233,0,0,36
-5,10,25,6,11,2475,B6,LAX,12,100,194,3,0,26,172,233,0,0,36
-5,10,25,6,8,2475,B6,LAX,12,100,194,3,0,26,172,233,0,0,36
-1,10,25,6,18,2475,DL,LAX,12,100,194,3,0,26,172,233,0,0,36
-5,10,25,6,7,2475,DL,LAX,12,100,194,3,0,26,172,233,0,0,36
6,10,25,6,15,2475,DL,LAX,12,100,194,3,0,26,172,233,0,0,36
-7,10,25,6,8,2475,DL,LAX,12,100,194,3,0,26,172,233,0,0,36
3,10,25,6,16,2475,DL,LAX,12,100,194,3,0,26,172,233,0,0,36
-8,10,25,6,10,2475,AA,LAX,12,100,194,3,0,26,172,233,0,0,36
-5,10,25,6,6,2475,B6,LAX,12,100,194,3,0,26,172,233,0,0,36
-4,10,25,6,9,2475,B6,LAX,12,100,194,3,0,26,172,233,0,0,36
-3,10,25,6,21,2475,B6,LAX,12,100,194,3,0,26,172,233,0,0,36
-6,10,25,6,16,2475,B6,LAX,12,100,194,3,0,26,172,233,0,0,36
-7,10,30,4,9,2475,DL,LAX,12,83,150,0,0,16,161,239,0,0,29
-2,10,30,4,7,2475,B6,LAX,12,83,150,0,0,16,161,239,0,0,29
-6,10,30,4,6,2475,B6,LAX,12,83,150,0,0,16,161,239,0,0,29
-4,10,30,4,12,2475,DL,LAX,12,83,150,0,0,16,161,239,0,0,29
-6,10,30,4,9,2475,AA,LAX,12,83,150,0,0,16,161,239,0,0,29
-10,10,30,4,6,2475,AA,LAX,12,83,150,0,0,16,161,239,0,0,29
-9,10,30,4,8,2475,DL,LAX,12,83,150,0,0,16,161,239,0,0,29
-9,10,30,4,9,2475,B6,LAX,12,83,150,0,0,16,161,239,0,0,29
-3,10,30,4,15,2475,B6,LAX,12,83,150,0,0,16,161,239,0,0,29
-5,10,30,4,15,2475,DL,LAX,12,83,150,0,0,16,161,239,0,0,29
34,10,30,4,7,2475,DL,LAX,12,83,150,0,0,16,161,239,0,0,29
0,10,30,4,21,2475,B6,LAX,12,83,150,0,0,16,161,239,0,0,29
11,10,30,4,18,2475,DL,LAX,12,83,150,0,0,16,161,239,0,0,29
33,10,30,4,21,2475,DL,LAX,12,83,150,0,0,16,161,239,0,0,29
15,10,30,4,16,2475,DL,LAX,12,83,150,0,0,16,161,239,0,0,29
-3,10,30,4,16,2475,VX,LAX,12,83,150,0,0,16,161,239,0,0,29
-2,10,30,4,9,2475,VX,LAX,12,83,150,0,0,16,161,239,0,0,29
-2,10,30,4,7,2475,VX,LAX,12,83,150,0,0,16,161,239,0,0,29
-6,10,30,4,12,2475,AA,LAX,12,83,150,0,0,16,161,239,0,0,29
-2,10,30,4,17,2475,AA,LAX,12,83,150,0,0,16,161,239,0,0,29
-4,10,30,4,19,2475,AA,LAX,12,83,150,0,0,16,161,239,0,0,29
-8,10,30,4,11,2475,UA,LAX,12,83,150,0,0,16,161,239,0,0,29
-2,10,30,4,8,2475,UA,LAX,12,83,150,0,0,16,161,239,0,0,29
-6,10,30,4,8,2475,AA,LAX,12,83,150,0,0,16,161,239,0,0,29
-3,10,30,4,9,2475,AA,LAX,12,83,150,0,0,16,161,239,0,0,29
-4,10,30,4,13,2475,VX,LAX,12,83,150,0,0,16,161,239,0,0,29
-9,10,30,4,11,2475,AA,LAX,12,83,150,0,0,16,161,239,0,0,29
-4,10,30,4,17,2475,UA,LAX,12,83,150,0,0,16,161,239,0,0,29
-7,10,30,4,7,2475,AA,LAX,12,83,150,0,0,16,161,239,0,0,29
-5,10,30,4,20,2475,AA,LAX,12,83,150,0,0,16,161,239,0,0,29
-4,10,30,4,18,2475,AA,LAX,12,83,150,0,0,16,161,239,0,0,29
0,10,30,4,19,2475,UA,LAX,12,83,150,0,0,16,161,239,0,0,29
-6,10,30,4,6,2475,UA,LAX,12,83,150,0,0,16,161,239,0,0,29
-4,10,30,4,16,2475,AA,LAX,12,83,150,0,0,16,161,239,0,0,29
-1,10,30,4,14,2475,UA,LAX,12,83,150,0,0,16,161,239,0,0,29
-7,10,30,4,14,2475,AA,LAX,12,83,150,0,0,16,161,239,0,0,29
-2,10,30,4,20,2475,VX,LAX,12,83,150,0,0,16,161,239,0,0,29
-2,11,3,1,19,2475,UA,LAX,8,39,161,0,0,26,111,233,0,0,27
0,11,3,1,8,2475,UA,LAX,8,39,161,0,0,26,111,233,0,0,27
13,11,3,1,14,2475,UA,LAX,8,39,161,0,0,26,111,233,0,0,27
-4,11,3,1,6,2475,UA,LAX,8,39,161,0,0,26,111,233,0,0,27
-8,11,3,1,11,2475,UA,LAX,8,39,161,0,0,26,111,233,0,0,27
4,11,3,1,17,2475,UA,LAX,8,39,161,0,0,26,111,233,0,0,27
-10,11,3,1,9,2475,AA,LAX,8,39,161,0,0,26,111,233,0,0,27
-1,11,3,1,8,2475,AA,LAX,8,39,161,0,0,26,111,233,0,0,27
0,11,3,1,18,2475,DL,LAX,8,39,161,0,0,26,111,233,0,0,27
-4,11,3,1,20,2475,AA,LAX,8,39,161,0,0,26,111,233,0,0,27
-1,11,3,1,19,2475,AA,LAX,8,39,161,0,0,26,111,233,0,0,27
0,11,3,1,15,2475,B6,LAX,8,39,161,0,0,26,111,233,0,0,27
-1,11,3,1,21,2475,B6,LAX,8,39,161,0,0,26,111,233,0,0,27
3,11,3,1,11,2475,AA,LAX,8,39,161,0,0,26,111,233,0,0,27
-6,11,3,1,16,2475,DL,LAX,8,39,161,0,0,26,111,233,0,0,27
-5,11,3,1,6,2475,B6,LAX,8,39,161,0,0,26,111,233,0,0,27
-3,11,3,1,9,2475,B6,LAX,8,39,161,0,0,26,111,233,0,0,27
0,11,3,1,6,2475,AA,LAX,8,39,161,0,0,26,111,233,0,0,27
-4,11,3,1,7,2475,B6,LAX,8,39,161,0,0,26,111,233,0,0,27
0,11,3,1,8,2475,DL,LAX,8,39,161,0,0,26,111,233,0,0,27
11,11,3,1,18,2475,AA,LAX,8,39,161,0,0,26,111,233,0,0,27
-2,11,3,1,21,2475,DL,LAX,8,39,161,0,0,26,111,233,0,0,27
-9,11,3,1,7,2475,AA,LAX,8,39,161,0,0,26,111,233,0,0,27
-9,11,3,1,7,2475,DL,LAX,8,39,161,0,0,26,111,233,0,0,27
-6,11,3,1,9,2475,DL,LAX,8,39,161,0,0,26,111,233,0,0,27
0,11,3,1,11,2475,DL,LAX,8,39,161,0,0,26,111,233,0,0,27
-6,11,3,1,14,2475,AA,LAX,8,39,161,0,0,26,111,233,0,0,27
-4,11,3,1,16,2475,AA,LAX,8,39,161,0,0,26,111,233,0,0,27
-3,11,3,1,9,2475,AA,LAX,8,39,161,0,0,26,111,233,0,0,27
-4,11,3,1,12,2475,AA,LAX,8,39,161,0,0,26,111,233,0,0,27
0,11,3,1,17,2475,AA,LAX,8,39,161,0,0,26,111,233,0,0,27
-2,11,3,1,15,2475,DL,LAX,8,39,161,0,0,26,111,233,0,0,27
-2,11,3,1,13,2475,VX,LAX,8,39,161,0,0,26,111,233,0,0,27
-3,11,3,1,9,2475,VX,LAX,8,39,161,0,0,26,111,233,0,0,27
-6,11,3,1,7,2475,VX,LAX,8,39,161,0,0,26,111,233,0,0,27
1,11,3,1,20,2475,VX,LAX,8,39,161,0,0,26,111,233,0,0,27
0,11,3,1,16,2475,VX,LAX,8,39,161,0,0,26,111,233,0,0,27
5,11,26,3,7,2475,VX,LAX,1,11,106,315,5,39,122,261,0,0,21
144,11,26,3,20,2475,VX,LAX,1,11,106,315,5,39,122,261,0,0,21
44,11,26,3,16,2475,VX,LAX,1,11,106,315,5,39,122,261,0,0,21
-9,11,26,3,13,2475,VX,LAX,1,11,106,315,5,39,122,261,0,0,21
6,11,26,3,11,2475,VX,LAX,1,11,106,315,5,39,122,261,0,0,21
-7,11,26,3,9,2475,VX,LAX,1,11,106,315,5,39,122,261,0,0,21
19,11,26,3,16,2475,DL,LAX,1,11,106,315,5,39,122,261,0,0,21
96,11,26,3,19,2475,UA,LAX,1,11,106,315,5,39,122,261,0,0,21
18,11,26,3,17,2475,UA,LAX,1,11,106,315,5,39,122,261,0,0,21
-2,11,26,3,8,2475,DL,LAX,1,11,106,315,5,39,122,261,0,0,21
-5,11,26,3,9,2475,B6,LAX,1,11,106,315,5,39,122,261,0,0,21
25,11,26,3,16,2475,AA,LAX,1,11,106,315,5,39,122,261,0,0,21
-3,11,26,3,11,2475,UA,LAX,1,11,106,315,5,39,122,261,0,0,21
-2,11,26,3,12,2475,AA,LAX,1,11,106,315,5,39,122,261,0,0,21
-5,11,26,3,6,2475,B6,LAX,1,11,106,315,5,39,122,261,0,0,21
-5,11,26,3,7,2475,B6,LAX,1,11,106,315,5,39,122,261,0,0,21
-1,11,26,3,7,2475,AA,LAX,1,11,106,315,5,39,122,261,0,0,21
-4,11,26,3,17,2475,AA,LAX,1,11,106,315,5,39,122,261,0,0,21
-1,11,26,3,11,2475,DL,LAX,1,11,106,315,5,39,122,261,0,0,21
16,11,26,3,9,2475,DL,LAX,1,11,106,315,5,39,122,261,0,0,21
0,11,26,3,9,2475,AA,LAX,1,11,106,315,5,39,122,261,0,0,21
-1,11,26,3,20,2475,AA,LAX,1,11,106,315,5,39,122,261,0,0,21
0,11,26,3,18,2475,AA,LAX,1,11,106,315,5,39,122,261,0,0,21
-5,11,26,3,14,2475,AA,LAX,1,11,106,315,5,39,122,261,0,0,21
-5,11,26,3,10,2475,AA,LAX,1,11,106,315,5,39,122,261,0,0,21
0,11,26,3,14,2475,UA,LAX,1,11,106,315,5,39,122,261,0,0,21
-8,11,26,3,6,2475,AA,LAX,1,11,106,315,5,39,122,261,0,0,21
-4,11,26,3,8,2475,AA,LAX,1,11,106,315,5,39,122,261,0,0,21
22,11,26,3,15,2475,DL,LAX,1,11,106,315,5,39,122,261,0,0,21
1,11,26,3,11,2475,AA,LAX,1,11,106,315,5,39,122,261,0,0,21
-7,11,26,3,6,2475,UA,LAX,1,11,106,315,5,39,122,261,0,0,21
10,11,26,3,7,2475,DL,LAX,1,11,106,315,5,39,122,261,0,0,21
-2,11,26,3,18,2475,DL,LAX,1,11,106,315,5,39,122,261,0,0,21
-2,11,26,3,8,2475,UA,LAX,1,11,106,315,5,39,122,261,0,0,21
157,11,26,3,21,2475,B6,LAX,1,11,106,315,5,39,122,261,0,0,21
62,11,26,3,21,2475,DL,LAX,1,11,106,315,5,39,122,261,0,0,21
-3,11,26,3,18,2475,B6,LAX,1,11,106,315,5,39,122,261,0,0,21
9,11,26,3,15,2475,B6,LAX,1,11,106,315,5,39,122,261,0,0,21
7,12,4,4,19,2475,UA,LAX,7,28,72,0,0,26,139,194,0,0,29
4,12,4,4,15,2475,B6,LAX,7,28,72,0,0,26,139,194,0,0,29
-1,12,4,4,14,2475,UA,LAX,7,28,72,0,0,26,139,194,0,0,29
-4,12,4,4,20,2475,AA,LAX,7,28,72,0,0,26,139,194,0,0,29
-4,12,4,4,19,2475,AA,LAX,7,28,72,0,0,26,139,194,0,0,29
-2,12,4,4,14,2475,AA,LAX,7,28,72,0,0,26,139,194,0,0,29
-1,12,4,4,18,2475,DL,LAX,7,28,72,0,0,26,139,194,0,0,29
-1,12,4,4,16,2475,AA,LAX,7,28,72,0,0,26,139,194,0,0,29
-4,12,4,4,12,2475,AA,LAX,7,28,72,0,0,26,139,194,0,0,29
-1,12,4,4,9,2475,B6,LAX,7,28,72,0,0,26,139,194,0,0,29
-6,12,4,4,11,2475,UA,LAX,7,28,72,0,0,26,139,194,0,0,29
-5,12,4,4,7,2475,DL,LAX,7,28,72,0,0,26,139,194,0,0,29
-2,12,4,4,6,2475,AA,LAX,7,28,72,0,0,26,139,194,0,0,29
-6,12,4,4,8,2475,AA,LAX,7,28,72,0,0,26,139,194,0,0,29
-5,12,4,4,17,2475,DL,LAX,7,28,72,0,0,26,139,194,0,0,29
-6,12,4,4,6,2475,UA,LAX,7,28,72,0,0,26,139,194,0,0,29
-2,12,4,4,9,2475,AA,LAX,7,28,72,0,0,26,139,194,0,0,29
-2,12,4,4,8,2475,UA,LAX,7,28,72,0,0,26,139,194,0,0,29
-2,12,4,4,17,2475,UA,LAX,7,28,72,0,0,26,139,194,0,0,29
-2,12,4,4,7,2475,AA,LAX,7,28,72,0,0,26,139,194,0,0,29
-3,12,4,4,15,2475,DL,LAX,7,28,72,0,0,26,139,194,0,0,29
-6,12,4,4,11,2475,AA,LAX,7,28,72,0,0,26,139,194,0,0,29
12,12,4,4,21,2475,DL,LAX,7,28,72,0,0,26,139,194,0,0,29
-4,12,4,4,9,2475,DL,LAX,7,28,72,0,0,26,139,194,0,0,29
6,12,4,4,17,2475,AA,LAX,7,28,72,0,0,26,139,194,0,0,29
-2,12,4,4,8,2475,DL,LAX,7,28,72,0,0,26,139,194,0,0,29
10,12,4,4,21,2475,B6,LAX,7,28,72,0,0,26,139,194,0,0,29
2,12,4,4,8,2475,B6,LAX,7,28,72,0,0,26,139,194,0,0,29
-7,12,4,4,10,2475,AA,LAX,7,28,72,0,0,26,139,194,0,0,29
-2,12,4,4,18,2475,AA,LAX,7,28,72,0,0,26,139,194,0,0,29
-3,12,4,4,6,2475,B6,LAX,7,28,72,0,0,26,139,194,0,0,29
3,12,4,4,18,2475,B6,LAX,7,28,72,0,0,26,139,194,0,0,29
-4,12,4,4,11,2475,DL,LAX,7,28,72,0,0,26,139,194,0,0,29
-1,12,4,4,7,2475,VX,LAX,7,28,72,0,0,26,139,194,0,0,29
-6,12,4,4,9,2475,VX,LAX,7,28,72,0,0,26,139,194,0,0,29
-4,12,4,4,13,2475,VX,LAX,7,28,72,0,0,26,139,194,0,0,29
1,12,4,4,16,2475,VX,LAX,7,28,72,0,0,26,139,194,0,0,29
-5,12,4,4,20,2475,VX,LAX,7,28,72,0,0,26,139,194,0,0,29
-4,12,27,6,11,2475,AA,LAX,2,67,128,0,0,20,44,150,0,0,23
-1,12,27,6,7,2475,AA,LAX,2,67,128,0,0,20,44,150,0,0,23
-1,12,27,6,9,2475,AA,LAX,2,67,128,0,0,20,44,150,0,0,23
-7,12,27,6,9,2475,B6,LAX,2,67,128,0,0,20,44,150,0,0,23
-5,12,27,6,8,2475,B6,LAX,2,67,128,0,0,20,44,150,0,0,23
-2,12,27,6,16,2475,B6,LAX,2,67,128,0,0,20,44,150,0,0,23
-5,12,27,6,21,2475,B6,LAX,2,67,128,0,0,20,44,150,0,0,23
-4,12,27,6,18,2475,B6,LAX,2,67,128,0,0,20,44,150,0,0,23
-5,12,27,6,11,2475,B6,LAX,2,67,128,0,0,20,44,150,0,0,23
1,12,27,6,6,2475,B6,LAX,2,67,128,0,0,20,44,150,0,0,23
-2,12,27,6,19,2475,DL,LAX,2,67,128,0,0,20,44,150,0,0,23
0,12,27,6,17,2475,DL,LAX,2,67,128,0,0,20,44,150,0,0,23
4,12,27,6,11,2475,DL,LAX,2,67,128,0,0,20,44,150,0,0,23
5,12,27,6,8,2475,DL,LAX,2,67,128,0,0,20,44,150,0,0,23
-3,12,27,6,15,2475,DL,LAX,2,67,128,0,0,20,44,150,0,0,23
5,12,27,6,16,2475,AA,LAX,2,67,128,0,0,20,44,150,0,0,23
-4,12,27,6,12,2475,AA,LAX,2,67,128,0,0,20,44,150,0,0,23
4,12,27,6,20,2475,AA,LAX,2,67,128,0,0,20,44,150,0,0,23
-4,12,27,6,17,2475,AA,LAX,2,67,128,0,0,20,44,150,0,0,23
-3,12,27,6,14,2475,AA,LAX,2,67,128,0,0,20,44,150,0,0,23
-3,12,27,6,8,2475,AA,LAX,2,67,128,0,0,20,44,150,0,0,23
-6,12,27,6,19,2475,AA,LAX,2,67,128,0,0,20,44,150,0,0,23
-5,12,27,6,18,2475,AA,LAX,2,67,128,0,0,20,44,150,0,0,23
-3,12,27,6,6,2475,UA,LAX,2,67,128,0,0,20,44,150,0,0,23
-4,12,27,6,14,2475,UA,LAX,2,67,128,0,0,20,44,150,0,0,23
-9,12,27,6,11,2475,UA,LAX,2,67,128,0,0,20,44,150,0,0,23
6,12,27,6,8,2475,UA,LAX,2,67,128,0,0,20,44,150,0,0,23
14,12,27,6,20,2475,VX,LAX,2,67,128,0,0,20,44,150,0,0,23
-1,12,27,6,7,2475,VX,LAX,2,67,128,0,0,20,44,150,0,0,23
-3,12,27,6,9,2475,VX,LAX,2,67,128,0,0,20,44,150,0,0,23
-7,12,27,6,11,2475,VX,LAX,2,67,128,0,0,20,44,150,0,0,23
23,12,27,6,13,2475,VX,LAX,2,67,128,0,0,20,44,150,0,0,23
10,12,27,6,16,2475,VX,LAX,2,67,128,0,0,20,44,150,0,0,23
