-3,12,31,1,15,2475,UA,LAX,1
-7,12,31,1,17,2475,UA,LAX,1
-4,12,31,1,8,2475,UA,LAX,1
-5,12,31,1,11,2475,UA,LAX,1
-5,12,29,6,15,2475,UA,LAX,3
-2,12,28,5,15,2475,UA,LAX,3
-5,12,28,5,17,2475,UA,LAX,3
-4,12,28,5,8,2475,UA,LAX,3
-2,12,28,5,11,2475,UA,LAX,3
-8,12,26,3,15,2475,UA,LAX,1
2,12,26,3,17,2475,UA,LAX,1
4,12,27,4,6,2475,UA,LAX,2
-4,12,27,4,15,2475,UA,LAX,2
-3,12,27,4,17,2475,UA,LAX,2
-10,12,27,4,8,2475,UA,LAX,2
-5,12,27,4,11,2475,UA,LAX,2
2,12,31,1,6,2475,UA,LAX,1
-3,12,29,6,11,2475,UA,LAX,3
-5,12,29,6,8,2475,UA,LAX,3
-1,12,29,6,6,2475,UA,LAX,3
23,12,28,5,6,2475,UA,LAX,3
-4,12,26,3,8,2475,UA,LAX,1
-4,12,26,3,11,2475,UA,LAX,1
4,12,25,2,5,2475,UA,LAX,0
3,12,25,2,15,2475,UA,LAX,0
-1,12,25,2,17,2475,UA,LAX,0
-4,12,25,2,11,2475,UA,LAX,0
-10,12,23,7,15,2475,UA,LAX,2
40,12,23,7,17,2475,UA,LAX,2
-4,12,23,7,11,2475,UA,LAX,2
4,12,23,7,6,2475,UA,LAX,2
12,12,24,1,6,2475,UA,LAX,1
-2,12,24,1,8,2475,UA,LAX,1
0,12,24,1,15,2475,UA,LAX,1
-5,12,24,1,11,2475,UA,LAX,1
-2,12,22,6,8,2475,UA,LAX,3
2,12,22,6,15,2475,UA,LAX,3
-2,12,22,6,11,2475,UA,LAX,3
6,12,22,6,6,2475,UA,LAX,3
8,12,26,3,6,2475,UA,LAX,1
1,12,21,5,6,2475,UA,LAX,4
-2,12,23,7,8,2475,UA,LAX,2
9,12,21,5,11,2475,UA,LAX,4
-3,12,20,4,6,2475,UA,LAX,5
-7,12,19,3,11,2475,UA,LAX,6
-3,12,20,4,15,2475,UA,LAX,5
4,12,20,4,17,2475,UA,LAX,5
1,12,20,4,8,2475,UA,LAX,5
3,12,20,4,11,2475,UA,LAX,5
-2,12,18,2,8,2475,UA,LAX,7
9,12,18,2,17,2475,UA,LAX,7
-5,12,18,2,11,2475,UA,LAX,7
24,12,18,2,20,2475,UA,LAX,7
-9,12,18,2,6,2475,UA,LAX,7
-6,12,21,5,15,2475,UA,LAX,4
0,12,21,5,17,2475,UA,LAX,4
18,12,21,5,8,2475,UA,LAX,4
31,12,19,3,5,2475,UA,LAX,6
-5,12,19,3,8,2475,UA,LAX,6
-5,12,19,3,15,2475,UA,LAX,6
2,12,19,3,17,2475,UA,LAX,6
2,12,18,2,15,2475,UA,LAX,7
29,12,17,1,15,2475,UA,LAX,8
30,12,17,1,8,2475,UA,LAX,8
-3,12,17,1,17,2475,UA,LAX,8
-6,12,17,1,11,2475,UA,LAX,8
-2,12,17,1,20,2475,UA,LAX,8
-3,12,17,1,6,2475,UA,LAX,8
-2,12,15,6,15,2475,UA,LAX,10
-4,12,16,7,11,2475,UA,LAX,9
62,12,16,7,20,2475,UA,LAX,9
-4,12,16,7,14,2475,UA,LAX,9
52,12,16,7,17,2475,UA,LAX,9
-9,12,16,7,8,2475,UA,LAX,9
-2,12,14,5,15,2475,UA,LAX,11
-11,12,14,5,8,2475,UA,LAX,11
-3,12,14,5,17,2475,UA,LAX,11
-3,12,14,5,11,2475,UA,LAX,11
1,12,14,5,20,2475,UA,LAX,11
-4,12,14,5,6,2475,UA,LAX,11
