5,7,31,2,8,2475,UA,LAX,27
34,7,31,2,17,2475,UA,LAX,27
-3,7,29,7,21,2475,UA,LAX,25
4,7,29,7,11,2475,UA,LAX,25
-2,7,29,7,15,2475,UA,LAX,25
16,7,30,1,8,2475,UA,LAX,26
5,7,30,1,17,2475,UA,LAX,26
0,7,30,1,21,2475,UA,LAX,26
-6,7,30,1,11,2475,UA,LAX,26
20,7,30,1,6,2475,UA,LAX,26
41,7,30,1,15,2475,UA,LAX,26
89,7,31,2,21,2475,UA,LAX,27
-3,7,31,2,11,2475,UA,LAX,27
-2,7,31,2,6,2475,UA,LAX,27
-6,7,31,2,15,2475,UA,LAX,27
-5,7,29,7,8,2475,UA,LAX,25
1,7,29,7,17,2475,UA,LAX,25
-6,7,27,5,11,2475,UA,LAX,23
37,7,27,5,6,2475,UA,LAX,23
7,7,27,5,15,2475,UA,LAX,23
-1,7,28,6,8,2475,UA,LAX,24
60,7,28,6,17,2475,UA,LAX,24
-8,7,28,6,11,2475,UA,LAX,24
-4,7,28,6,6,2475,UA,LAX,24
64,7,28,6,15,2475,UA,LAX,24
0,7,26,4,8,2475,UA,LAX,22
189,7,26,4,17,2475,UA,LAX,22
119,7,26,4,21,2475,UA,LAX,22
16,7,25,3,17,2475,UA,LAX,21
12,7,25,3,21,2475,UA,LAX,21
-3,7,25,3,11,2475,UA,LAX,21
-8,7,25,3,6,2475,UA,LAX,21
13,7,25,3,15,2475,UA,LAX,21
-7,7,25,3,8,2475,UA,LAX,21
-11,7,24,2,6,2475,UA,LAX,20
-8,7,24,2,15,2475,UA,LAX,20
-10,7,23,1,8,2475,UA,LAX,19
32,7,23,1,17,2475,UA,LAX,19
110,7,23,1,21,2475,UA,LAX,19
-4,7,23,1,11,2475,UA,LAX,19
-5,7,23,1,6,2475,UA,LAX,19
5,7,23,1,15,2475,UA,LAX,19
-6,7,26,4,11,2475,UA,LAX,22
-8,7,26,4,6,2475,UA,LAX,22
59,7,26,4,15,2475,UA,LAX,22
0,7,24,2,8,2475,UA,LAX,20
-2,7,24,2,17,2475,UA,LAX,20
-8,7,24,2,21,2475,UA,LAX,20
-6,7,24,2,11,2475,UA,LAX,20
77,7,20,5,21,2475,UA,LAX,16
33,7,20,5,11,2475,UA,LAX,16
8,7,20,5,6,2475,UA,LAX,16
17,7,20,5,15,2475,UA,LAX,16
0,7,22,7,8,2475,UA,LAX,18
-3,7,22,7,17,2475,UA,LAX,18
0,7,20,5,8,2475,UA,LAX,16
58,7,20,5,17,2475,UA,LAX,16
-1,7,19,4,8,2475,UA,LAX,15
61,7,19,4,17,2475,UA,LAX,15
53,7,19,4,21,2475,UA,LAX,15
0,7,19,4,11,2475,UA,LAX,15
2,7,19,4,6,2475,UA,LAX,15
-4,7,19,4,15,2475,UA,LAX,15
-8,7,18,3,8,2475,UA,LAX,14
297,7,18,3,17,2475,UA,LAX,14
178,7,18,3,21,2475,UA,LAX,14
-5,7,18,3,11,2475,UA,LAX,14
-3,7,18,3,6,2475,UA,LAX,14
63,7,18,3,15,2475,UA,LAX,14
6,7,21,6,8,2475,UA,LAX,17
32,7,21,6,17,2475,UA,LAX,17
-5,7,21,6,11,2475,UA,LAX,17
-3,7,21,6,6,2475,UA,LAX,17
2,7,21,6,15,2475,UA,LAX,17
-1,7,17,2,8,2475,UA,LAX,13
6,7,17,2,17,2475,UA,LAX,13
0,7,22,7,21,2475,UA,LAX,18
-3,7,22,7,11,2475,UA,LAX,18
-1,7,22,7,15,2475,UA,LAX,18
13,8,1,3,9,2475,AA,LAX,28
-8,8,2,4,9,2475,AA,LAX,29
-2,8,3,5,9,2475,AA,LAX,29
1,8,4,6,9,2475,AA,LAX,28
-9,8,5,7,9,2475,AA,LAX,27
-9,8,6,1,9,2475,AA,LAX,26
-5,8,7,2,9,2475,AA,LAX,25
-4,8,8,3,9,2475,AA,LAX,24
-7,8,9,4,9,2475,AA,LAX,23
-5,8,10,5,9,2475,AA,LAX,22
-8,8,11,6,9,2475,AA,LAX,21
-6,8,12,7,9,2475,AA,LAX,20
-7,8,13,1,9,2475,AA,LAX,19
-8,8,14,2,9,2475,AA,LAX,18
-7,8,15,3,9,2475,AA,LAX,17
2,8,16,4,9,2475,AA,LAX,16
-4,8,17,5,9,2475,AA,LAX,15
-5,8,18,6,9,2475,AA,LAX,14
-6,8,19,7,9,2475,AA,LAX,13
-7,8,20,1,9,2475,AA,LAX,12
-5,8,21,2,9,2475,AA,LAX,11
-4,8,22,3,9,2475,AA,LAX,10
-10,8,23,4,9,2475,AA,LAX,9
-5,8,24,5,9,2475,AA,LAX,8
-6,8,25,6,9,2475,AA,LAX,7
-5,8,26,7,9,2475,AA,LAX,6
-4,8,27,1,9,2475,AA,LAX,5
-6,8,28,2,9,2475,AA,LAX,4
-6,8,29,3,9,2475,AA,LAX,3
-2,8,30,4,9,2475,AA,LAX,2
-5,8,31,5,9,2475,AA,LAX,1
7,8,1,3,12,2475,AA,LAX,28
-8,8,2,4,12,2475,AA,LAX,29
-5,8,3,5,12,2475,AA,LAX,29
-6,8,4,6,12,2475,AA,LAX,28
-11,8,5,7,12,2475,AA,LAX,27
-4,8,6,1,12,2475,AA,LAX,26
-9,8,7,2,12,2475,AA,LAX,25
2,8,8,3,12,2475,AA,LAX,24
-5,8,9,4,12,2475,AA,LAX,23
95,8,10,5,12,2475,AA,LAX,22
-8,8,11,6,12,2475,AA,LAX,21
-7,8,12,7,12,2475,AA,LAX,20
-9,8,13,1,12,2475,AA,LAX,19
-7,8,14,2,12,2475,AA,LAX,18
-3,8,15,3,12,2475,AA,LAX,17
-3,8,16,4,12,2475,AA,LAX,16
13,8,17,5,12,2475,AA,LAX,15
6,8,18,6,12,2475,AA,LAX,14
-3,8,19,7,12,2475,AA,LAX,13
-7,8,20,1,12,2475,AA,LAX,12
-4,8,21,2,12,2475,AA,LAX,11
-5,8,22,3,12,2475,AA,LAX,10
-2,8,23,4,12,2475,AA,LAX,9
24,8,24,5,12,2475,AA,LAX,8
-5,8,25,6,12,2475,AA,LAX,7
-6,8,26,7,12,2475,AA,LAX,6
-8,8,27,1,12,2475,AA,LAX,5
12,8,28,2,12,2475,AA,LAX,4
-4,8,29,3,12,2475,AA,LAX,3
-9,8,30,4,12,2475,AA,LAX,2
-7,8,31,5,12,2475,AA,LAX,1
-5,8,1,3,10,2475,AA,LAX,28
-4,8,2,4,10,2475,AA,LAX,29
6,8,3,5,10,2475,AA,LAX,29
-10,8,4,6,10,2475,AA,LAX,28
-4,8,5,7,10,2475,AA,LAX,27
17,8,6,1,10,2475,AA,LAX,26
-12,8,7,2,10,2475,AA,LAX,25
0,8,8,3,10,2475,AA,LAX,24
-7,8,9,4,10,2475,AA,LAX,23
1,8,10,5,10,2475,AA,LAX,22
-6,8,11,6,10,2475,AA,LAX,21
-9,8,12,7,10,2475,AA,LAX,20
-8,8,13,1,10,2475,AA,LAX,19
-5,8,14,2,10,2475,AA,LAX,18
-6,8,15,3,10,2475,AA,LAX,17
27,8,16,4,10,2475,AA,LAX,16
-2,8,17,5,10,2475,AA,LAX,15
0,8,18,6,10,2475,AA,LAX,14
-7,8,19,7,10,2475,AA,LAX,13
-5,8,20,1,10,2475,AA,LAX,12
1,8,21,2,10,2475,AA,LAX,11
-2,8,22,3,10,2475,AA,LAX,10
-9,8,23,4,10,2475,AA,LAX,9
-1,8,24,5,10,2475,AA,LAX,8
-12,8,25,6,10,2475,AA,LAX,7
-7,8,26,7,10,2475,AA,LAX,6
6,8,27,1,10,2475,AA,LAX,5
-6,8,28,2,10,2475,AA,LAX,4
-3,8,29,3,10,2475,AA,LAX,3
-7,8,30,4,10,2475,AA,LAX,2
1,8,31,5,10,2475,AA,LAX,1
141,8,1,3,19,2475,AA,LAX,28
-7,8,2,4,19,2475,AA,LAX,29
18,8,3,5,19,2475,AA,LAX,29
-2,8,4,6,19,2475,AA,LAX,28
164,8,5,7,19,2475,AA,LAX,27
141,8,6,1,19,2475,AA,LAX,26
51,8,7,2,19,2475,AA,LAX,25
-4,8,8,3,19,2475,AA,LAX,24
16,8,9,4,19,2475,AA,LAX,23
165,8,10,5,19,2475,AA,LAX,22
2,8,11,6,19,2475,AA,LAX,21
0,8,12,7,19,2475,AA,LAX,20
-2,8,13,1,19,2475,AA,LAX,19
-2,8,14,2,19,2475,AA,LAX,18
178,8,15,3,19,2475,AA,LAX,17
-4,8,16,4,19,2475,AA,LAX,16
-6,8,17,5,19,2475,AA,LAX,15
-5,8,18,6,19,2475,AA,LAX,14
0,8,19,7,19,2475,AA,LAX,13
-7,8,20,1,19,2475,AA,LAX,12
-7,8,21,2,19,2475,AA,LAX,11
-6,8,22,3,19,2475,AA,LAX,10
-3,8,23,4,19,2475,AA,LAX,9
17,8,24,5,19,2475,AA,LAX,8
-7,8,25,6,19,2475,AA,LAX,7
-1,8,26,7,19,2475,AA,LAX,6
10,8,27,1,19,2475,AA,LAX,5
0,8,28,2,19,2475,AA,LAX,4
-5,8,29,3,19,2475,AA,LAX,3
-4,8,30,4,19,2475,AA,LAX,2
-1,8,31,5,19,2475,AA,LAX,1
-2,8,21,2,8,2475,AA,LAX,11
-1,8,22,3,8,2475,AA,LAX,10
-6,8,23,4,8,2475,AA,LAX,9
-6,8,24,5,8,2475,AA,LAX,8
-4,8,25,6,8,2475,AA,LAX,7
-4,8,26,7,8,2475,AA,LAX,6
-5,8,27,1,8,2475,AA,LAX,5
-5,8,28,2,8,2475,AA,LAX,4
-7,8,29,3,8,2475,AA,LAX,3
-6,8,30,4,8,2475,AA,LAX,2
-1,8,31,5,8,2475,AA,LAX,1
50,8,1,3,13,2475,AA,LAX,28
13,8,2,4,13,2475,AA,LAX,29
-1,8,3,5,13,2475,AA,LAX,29
-4,8,4,6,13,2475,AA,LAX,28
-6,8,5,7,13,2475,AA,LAX,27
-3,8,6,1,13,2475,AA,LAX,26
102,8,7,2,13,2475,AA,LAX,25
-6,8,8,3,13,2475,AA,LAX,24
4,8,9,4,13,2475,AA,LAX,23
22,8,10,5,13,2475,AA,LAX,22
0,8,11,6,13,2475,AA,LAX,21
-9,8,12,7,13,2475,AA,LAX,20
-1,8,13,1,13,2475,AA,LAX,19
-6,8,14,2,13,2475,AA,LAX,18
-5,8,15,3,13,2475,AA,LAX,17
-3,8,16,4,13,2475,AA,LAX,16
-7,8,17,5,13,2475,AA,LAX,15
-6,8,18,6,13,2475,AA,LAX,14
0,8,19,7,13,2475,AA,LAX,13
-7,8,20,1,13,2475,AA,LAX,12
-3,8,21,2,13,2475,AA,LAX,11
1,8,22,3,13,2475,AA,LAX,10
-2,8,23,4,13,2475,AA,LAX,9
-5,8,24,5,13,2475,AA,LAX,8
-7,8,25,6,13,2475,AA,LAX,7
-6,8,26,7,13,2475,AA,LAX,6
-6,8,27,1,13,2475,AA,LAX,5
72,8,28,2,13,2475,AA,LAX,4
-8,8,30,4,13,2475,AA,LAX,2
-4,8,31,5,13,2475,AA,LAX,1
-4,8,1,3,15,2475,AA,LAX,28
-2,8,2,4,15,2475,AA,LAX,29
1,8,3,5,15,2475,AA,LAX,29
19,8,4,6,15,2475,AA,LAX,28
314,8,5,7,15,2475,AA,LAX,27
-2,8,6,1,15,2475,AA,LAX,26
-4,8,7,2,15,2475,AA,LAX,25
-4,8,8,3,15,2475,AA,LAX,24
19,8,9,4,15,2475,AA,LAX,23
53,8,10,5,15,2475,AA,LAX,22
16,8,11,6,15,2475,AA,LAX,21
-8,8,12,7,15,2475,AA,LAX,20
-4,8,13,1,15,2475,AA,LAX,19
20,8,14,2,15,2475,AA,LAX,18
34,8,15,3,15,2475,AA,LAX,17
-6,8,16,4,15,2475,AA,LAX,16
61,8,17,5,15,2475,AA,LAX,15
-6,8,18,6,15,2475,AA,LAX,14
-5,8,19,7,15,2475,AA,LAX,13
45,8,20,1,15,2475,AA,LAX,12
9,8,21,2,15,2475,AA,LAX,11
0,8,22,3,15,2475,AA,LAX,10
-4,8,23,4,15,2475,AA,LAX,9
-6,8,24,5,15,2475,AA,LAX,8
-4,8,25,6,15,2475,AA,LAX,7
-1,8,26,7,15,2475,AA,LAX,6
96,8,27,1,15,2475,AA,LAX,5
-5,8,28,2,15,2475,AA,LAX,4
0,8,29,3,15,2475,AA,LAX,3
-6,8,30,4,15,2475,AA,LAX,2
-8,8,31,5,15,2475,AA,LAX,1
2,8,2,4,17,2475,AA,LAX,29
-5,8,3,5,17,2475,AA,LAX,29
-4,8,4,6,17,2475,AA,LAX,28
243,8,5,7,17,2475,AA,LAX,27
95,8,6,1,17,2475,AA,LAX,26
-5,8,7,2,17,2475,AA,LAX,25
-3,8,8,3,17,2475,AA,LAX,24
44,8,9,4,17,2475,AA,LAX,23
-2,8,10,5,17,2475,AA,LAX,22
-2,8,11,6,17,2475,AA,LAX,21
1,8,12,7,17,2475,AA,LAX,20
-5,8,13,1,17,2475,AA,LAX,19
-6,8,14,2,17,2475,AA,LAX,18
20,8,15,3,17,2475,AA,LAX,17
54,8,16,4,17,2475,AA,LAX,16
-4,8,17,5,17,2475,AA,LAX,15
-4,8,18,6,17,2475,AA,LAX,14
13,8,19,7,17,2475,AA,LAX,13
-4,8,20,1,17,2475,AA,LAX,12
-6,8,21,2,16,2475,AA,LAX,11
6,8,22,3,16,2475,AA,LAX,10
-5,8,23,4,16,2475,AA,LAX,9
55,8,24,5,16,2475,AA,LAX,8
-1,8,25,6,16,2475,AA,LAX,7
18,8,26,7,16,2475,AA,LAX,6
2,8,27,1,16,2475,AA,LAX,5
-2,8,28,2,16,2475,AA,LAX,4
62,8,29,3,16,2475,AA,LAX,3
-2,8,30,4,16,2475,AA,LAX,2
-2,8,31,5,16,2475,AA,LAX,1
182,8,1,3,20,2475,AA,LAX,28
8,8,2,4,20,2475,AA,LAX,29
-6,8,3,5,20,2475,AA,LAX,29
-4,8,4,6,20,2475,AA,LAX,28
58,8,5,7,20,2475,AA,LAX,27
62,8,6,1,20,2475,AA,LAX,26
-1,8,7,2,20,2475,AA,LAX,25
2,8,8,3,20,2475,AA,LAX,24
154,8,9,4,20,2475,AA,LAX,23
63,8,10,5,20,2475,AA,LAX,22
-2,8,11,6,20,2475,AA,LAX,21
-3,8,12,7,20,2475,AA,LAX,20
-3,8,13,1,20,2475,AA,LAX,19
1,8,14,2,20,2475,AA,LAX,18
130,8,15,3,20,2475,AA,LAX,17
-2,8,16,4,20,2475,AA,LAX,16
-3,8,17,5,20,2475,AA,LAX,15
-8,8,18,6,20,2475,AA,LAX,14
1,8,19,7,20,2475,AA,LAX,13
118,8,20,1,20,2475,AA,LAX,12
-3,8,21,2,20,2475,AA,LAX,11
-6,8,22,3,20,2475,AA,LAX,10
-5,8,23,4,20,2475,AA,LAX,9
-2,8,24,5,20,2475,AA,LAX,8
-5,8,26,7,20,2475,AA,LAX,6
-6,8,27,1,20,2475,AA,LAX,5
47,8,28,2,20,2475,AA,LAX,4
-8,8,29,3,20,2475,AA,LAX,3
30,8,30,4,20,2475,AA,LAX,2
-4,8,31,5,20,2475,AA,LAX,1
-6,8,1,3,6,2475,AA,LAX,28
-4,8,2,4,6,2475,AA,LAX,29
-3,8,3,5,6,2475,AA,LAX,29
-4,8,4,6,6,2475,AA,LAX,28
-2,8,5,7,6,2475,AA,LAX,27
-7,8,6,1,6,2475,AA,LAX,26
-6,8,7,2,6,2475,AA,LAX,25
-4,8,8,3,6,2475,AA,LAX,24
-3,8,9,4,6,2475,AA,LAX,23
-3,8,10,5,6,2475,AA,LAX,22
1,8,11,6,6,2475,AA,LAX,21
-2,8,12,7,6,2475,AA,LAX,20
-4,8,13,1,6,2475,AA,LAX,19
-6,8,14,2,6,2475,AA,LAX,18
-5,8,15,3,6,2475,AA,LAX,17
-3,8,16,4,6,2475,AA,LAX,16
-7,8,17,5,6,2475,AA,LAX,15
-3,8,18,6,6,2475,AA,LAX,14
-7,8,19,7,6,2475,AA,LAX,13
65,8,20,1,6,2475,AA,LAX,12
-9,8,21,2,6,2475,AA,LAX,11
-4,8,22,3,6,2475,AA,LAX,10
-3,8,23,4,6,2475,AA,LAX,9
-4,8,24,5,6,2475,AA,LAX,8
-5,8,25,6,6,2475,AA,LAX,7
-2,8,26,7,6,2475,AA,LAX,6
-11,8,27,1,6,2475,AA,LAX,5
-6,8,28,2,6,2475,AA,LAX,4
-5,8,29,3,6,2475,AA,LAX,3
-4,8,30,4,6,2475,AA,LAX,2
-3,8,31,5,6,2475,AA,LAX,1
166,8,5,7,22,2475,B6,LAX,27
-4,8,5,7,7,2475,B6,LAX,27
-1,8,5,7,12,2475,B6,LAX,27
-6,8,5,7,16,2475,B6,LAX,27
99,8,5,7,21,2475,B6,LAX,27
2,8,5,7,9,2475,B6,LAX,27
85,8,9,4,22,2475,B6,LAX,23
-3,8,9,4,7,2475,B6,LAX,23
0,8,9,4,12,2475,B6,LAX,23
128,8,9,4,16,2475,B6,LAX,23
64,8,9,4,21,2475,B6,LAX,23
59,8,9,4,9,2475,B6,LAX,23
-3,8,2,4,22,2475,B6,LAX,29
-6,8,2,4,7,2475,B6,LAX,29
1,8,2,4,12,2475,B6,LAX,29
1,8,2,4,16,2475,B6,LAX,29
2,8,2,4,21,2475,B6,LAX,29
15,8,2,4,9,2475,B6,LAX,29
-4,8,8,3,22,2475,B6,LAX,24
-6,8,8,3,7,2475,B6,LAX,24
-8,8,8,3,12,2475,B6,LAX,24
1,8,8,3,16,2475,B6,LAX,24
-3,8,8,3,21,2475,B6,LAX,24
0,8,8,3,9,2475,B6,LAX,24
49,8,6,1,22,2475,B6,LAX,26
-1,8,6,1,7,2475,B6,LAX,26
-5,8,6,1,12,2475,B6,LAX,26
-2,8,6,1,16,2475,B6,LAX,26
25,8,6,1,21,2475,B6,LAX,26
41,8,6,1,9,2475,B6,LAX,26
-6,8,7,2,22,2475,B6,LAX,25
6,8,7,2,7,2475,B6,LAX,25
-1,8,7,2,12,2475,B6,LAX,25
-1,8,7,2,16,2475,B6,LAX,25
69,8,7,2,21,2475,B6,LAX,25
-3,8,7,2,9,2475,B6,LAX,25
-5,8,12,7,22,2475,B6,LAX,20
-1,8,12,7,7,2475,B6,LAX,20
0,8,12,7,12,2475,B6,LAX,20
-1,8,12,7,16,2475,B6,LAX,20
7,8,12,7,21,2475,B6,LAX,20
-5,8,12,7,9,2475,B6,LAX,20
111,8,1,3,22,2475,B6,LAX,28
-2,8,1,3,7,2475,B6,LAX,28
68,8,1,3,12,2475,B6,LAX,28
19,8,1,3,16,2475,B6,LAX,28
33,8,1,3,21,2475,B6,LAX,28
1,8,1,3,9,2475,B6,LAX,28
-1,8,3,5,22,2475,B6,LAX,29
-4,8,3,5,7,2475,B6,LAX,29
2,8,3,5,12,2475,B6,LAX,29
14,8,3,5,16,2475,B6,LAX,29
-2,8,3,5,21,2475,B6,LAX,29
0,8,3,5,9,2475,B6,LAX,29
40,8,4,6,22,2475,B6,LAX,28
14,8,4,6,7,2475,B6,LAX,28
126,8,4,6,16,2475,B6,LAX,28
6,8,4,6,21,2475,B6,LAX,28
-5,8,4,6,9,2475,B6,LAX,28
240,8,10,5,22,2475,B6,LAX,22
-2,8,10,5,7,2475,B6,LAX,22
59,8,10,5,12,2475,B6,LAX,22
81,8,10,5,16,2475,B6,LAX,22
150,8,10,5,21,2475,B6,LAX,22
161,8,10,5,9,2475,B6,LAX,22
12,8,14,2,22,2475,B6,LAX,18
51,8,14,2,7,2475,B6,LAX,18
-6,8,14,2,12,2475,B6,LAX,18
16,8,14,2,16,2475,B6,LAX,18
4,8,14,2,21,2475,B6,LAX,18
15,8,14,2,9,2475,B6,LAX,18
99,8,11,6,22,2475,B6,LAX,21
12,8,11,6,7,2475,B6,LAX,21
101,8,11,6,16,2475,B6,LAX,21
1,8,11,6,21,2475,B6,LAX,21
91,8,11,6,9,2475,B6,LAX,21
61,8,15,3,22,2475,B6,LAX,17
-2,8,15,3,7,2475,B6,LAX,17
45,8,15,3,12,2475,B6,LAX,17
73,8,15,3,16,2475,B6,LAX,17
40,8,15,3,21,2475,B6,LAX,17
-5,8,15,3,9,2475,B6,LAX,17
0,8,13,1,22,2475,B6,LAX,19
-3,8,13,1,7,2475,B6,LAX,19
-5,8,13,1,12,2475,B6,LAX,19
-6,8,13,1,16,2475,B6,LAX,19
3,8,13,1,21,2475,B6,LAX,19
-4,8,13,1,9,2475,B6,LAX,19
15,8,18,6,22,2475,B6,LAX,14
0,8,18,6,7,2475,B6,LAX,14
-4,8,18,6,16,2475,B6,LAX,14
0,8,18,6,21,2475,B6,LAX,14
13,8,18,6,9,2475,B6,LAX,14
0,8,19,7,22,2475,B6,LAX,13
-1,8,19,7,7,2475,B6,LAX,13
-8,8,19,7,12,2475,B6,LAX,13
-3,8,19,7,16,2475,B6,LAX,13
19,8,19,7,21,2475,B6,LAX,13
-2,8,19,7,9,2475,B6,LAX,13
-4,8,24,5,7,2475,B6,LAX,8
0,8,24,5,12,2475,B6,LAX,8
-6,8,24,5,16,2475,B6,LAX,8
-1,8,24,5,21,2475,B6,LAX,8
-1,8,24,5,9,2475,B6,LAX,8
5,8,17,5,22,2475,B6,LAX,15
-1,8,17,5,7,2475,B6,LAX,15
46,8,17,5,12,2475,B6,LAX,15
-1,8,17,5,16,2475,B6,LAX,15
41,8,17,5,21,2475,B6,LAX,15
0,8,17,5,9,2475,B6,LAX,15
-4,8,23,4,7,2475,B6,LAX,9
-5,8,23,4,12,2475,B6,LAX,9
-1,8,23,4,16,2475,B6,LAX,9
10,8,23,4,21,2475,B6,LAX,9
-5,8,23,4,9,2475,B6,LAX,9
0,8,26,7,7,2475,B6,LAX,6
-3,8,26,7,12,2475,B6,LAX,6
-7,8,26,7,16,2475,B6,LAX,6
-2,8,26,7,21,2475,B6,LAX,6
4,8,26,7,9,2475,B6,LAX,6
-8,8,27,1,7,2475,B6,LAX,5
1,8,27,1,12,2475,B6,LAX,5
57,8,27,1,16,2475,B6,LAX,5
133,8,27,1,21,2475,B6,LAX,5
-3,8,27,1,9,2475,B6,LAX,5
-4,8,30,4,7,2475,B6,LAX,2
14,8,30,4,12,2475,B6,LAX,2
-1,8,30,4,16,2475,B6,LAX,2
-1,8,30,4,21,2475,B6,LAX,2
-5,8,30,4,9,2475,B6,LAX,2
-3,8,20,1,7,2475,B6,LAX,12
-13,8,20,1,12,2475,B6,LAX,12
-6,8,20,1,16,2475,B6,LAX,12
0,8,20,1,21,2475,B6,LAX,12
71,8,20,1,9,2475,B6,LAX,12
55,8,1,3,17,2475,DL,LAX,28
26,8,1,3,19,2475,DL,LAX,28
-3,8,1,3,9,2475,DL,LAX,28
29,8,1,3,15,2475,DL,LAX,28
-1,8,29,3,7,2475,B6,LAX,3
-6,8,29,3,12,2475,B6,LAX,3
-4,8,29,3,16,2475,B6,LAX,3
13,8,29,3,21,2475,B6,LAX,3
14,8,29,3,9,2475,B6,LAX,3
-3,8,31,5,7,2475,B6,LAX,1
-3,8,31,5,12,2475,B6,LAX,1
0,8,31,5,16,2475,B6,LAX,1
-2,8,31,5,21,2475,B6,LAX,1
-1,8,31,5,9,2475,B6,LAX,1
-3,8,1,3,21,2475,DL,LAX,28
-3,8,2,4,17,2475,DL,LAX,29
-2,8,2,4,19,2475,DL,LAX,29
-2,8,2,4,9,2475,DL,LAX,29
-3,8,2,4,15,2475,DL,LAX,29
-2,8,2,4,7,2475,DL,LAX,29
-3,8,2,4,11,2475,DL,LAX,29
-4,8,28,2,7,2475,B6,LAX,4
-2,8,28,2,12,2475,B6,LAX,4
-1,8,28,2,16,2475,B6,LAX,4
-8,8,28,2,21,2475,B6,LAX,4
-5,8,28,2,9,2475,B6,LAX,4
-6,8,2,4,13,2475,DL,LAX,29
54,8,16,4,22,2475,B6,LAX,16
111,8,16,4,7,2475,B6,LAX,16
37,8,16,4,12,2475,B6,LAX,16
61,8,16,4,16,2475,B6,LAX,16
18,8,16,4,21,2475,B6,LAX,16
54,8,16,4,9,2475,B6,LAX,16
-1,8,21,2,7,2475,B6,LAX,11
-12,8,21,2,12,2475,B6,LAX,11
-2,8,21,2,16,2475,B6,LAX,11
-3,8,21,2,21,2475,B6,LAX,11
-5,8,21,2,9,2475,B6,LAX,11
2,8,22,3,7,2475,B6,LAX,10
-2,8,22,3,12,2475,B6,LAX,10
-5,8,22,3,16,2475,B6,LAX,10
-3,8,22,3,21,2475,B6,LAX,10
13,8,22,3,9,2475,B6,LAX,10
8,8,3,5,11,2475,DL,LAX,29
-3,8,3,5,13,2475,DL,LAX,29
-3,8,3,5,21,2475,DL,LAX,29
11,8,4,6,17,2475,DL,LAX,28
-2,8,4,6,19,2475,DL,LAX,28
-3,8,4,6,9,2475,DL,LAX,28
-2,8,4,6,15,2475,DL,LAX,28
-4,8,4,6,11,2475,DL,LAX,28
-4,8,4,6,13,2475,DL,LAX,28
-3,8,5,7,7,2475,DL,LAX,27
0,8,5,7,11,2475,DL,LAX,27
-10,8,5,7,13,2475,DL,LAX,27
-3,8,1,3,7,2475,DL,LAX,28
7,8,1,3,11,2475,DL,LAX,28
20,8,1,3,13,2475,DL,LAX,28
31,8,2,4,21,2475,DL,LAX,29
30,8,3,5,17,2475,DL,LAX,29
2,8,3,5,19,2475,DL,LAX,29
-5,8,3,5,9,2475,DL,LAX,29
-5,8,3,5,15,2475,DL,LAX,29
-6,8,3,5,7,2475,DL,LAX,29
1,8,5,7,17,2475,DL,LAX,27
120,8,5,7,19,2475,DL,LAX,27
-5,8,5,7,9,2475,DL,LAX,27
2,8,5,7,15,2475,DL,LAX,27
-2,8,6,1,17,2475,DL,LAX,26
-6,8,6,1,19,2475,DL,LAX,26
-6,8,6,1,9,2475,DL,LAX,26
46,8,6,1,15,2475,DL,LAX,26
-2,8,6,1,7,2475,DL,LAX,26
-8,8,6,1,11,2475,DL,LAX,26
-1,8,6,1,13,2475,DL,LAX,26
233,8,5,7,21,2475,DL,LAX,27
2,8,7,2,21,2475,DL,LAX,25
54,8,8,3,17,2475,DL,LAX,24
30,8,8,3,19,2475,DL,LAX,24
-6,8,8,3,9,2475,DL,LAX,24
-5,8,8,3,15,2475,DL,LAX,24
8,8,6,1,21,2475,DL,LAX,26
23,8,7,2,17,2475,DL,LAX,25
40,8,7,2,19,2475,DL,LAX,25
-5,8,7,2,9,2475,DL,LAX,25
-1,8,7,2,15,2475,DL,LAX,25
-1,8,7,2,7,2475,DL,LAX,25
-6,8,7,2,11,2475,DL,LAX,25
9,8,7,2,13,2475,DL,LAX,25
-3,8,8,3,13,2475,DL,LAX,24
0,8,8,3,7,2475,DL,LAX,24
-4,8,8,3,11,2475,DL,LAX,24
53,8,8,3,21,2475,DL,LAX,24
25,8,9,4,17,2475,DL,LAX,23
17,8,9,4,19,2475,DL,LAX,23
-5,8,9,4,9,2475,DL,LAX,23
-2,8,9,4,15,2475,DL,LAX,23
31,8,10,5,19,2475,DL,LAX,22
-1,8,10,5,9,2475,DL,LAX,22
306,8,10,5,15,2475,DL,LAX,22
-3,8,9,4,7,2475,DL,LAX,23
-1,8,9,4,11,2475,DL,LAX,23
-5,8,9,4,13,2475,DL,LAX,23
-5,8,10,5,7,2475,DL,LAX,22
-5,8,10,5,11,2475,DL,LAX,22
62,8,10,5,13,2475,DL,LAX,22
109,8,10,5,21,2475,DL,LAX,22
1,8,11,6,17,2475,DL,LAX,21
1,8,11,6,19,2475,DL,LAX,21
-5,8,11,6,9,2475,DL,LAX,21
-4,8,11,6,15,2475,DL,LAX,21
-11,8,11,6,11,2475,DL,LAX,21
-7,8,11,6,13,2475,DL,LAX,21
110,8,9,4,21,2475,DL,LAX,23
72,8,10,5,17,2475,DL,LAX,22
-1,8,12,7,21,2475,DL,LAX,20
1,8,13,1,17,2475,DL,LAX,19
-4,8,13,1,19,2475,DL,LAX,19
-4,8,13,1,9,2475,DL,LAX,19
21,8,13,1,15,2475,DL,LAX,19
-3,8,13,1,7,2475,DL,LAX,19
-3,8,13,1,11,2475,DL,LAX,19
1,8,13,1,21,2475,DL,LAX,19
39,8,14,2,17,2475,DL,LAX,18
-2,8,14,2,19,2475,DL,LAX,18
-3,8,14,2,9,2475,DL,LAX,18
-5,8,14,2,15,2475,DL,LAX,18
16,8,14,2,7,2475,DL,LAX,18
-6,8,13,1,13,2475,DL,LAX,19
-5,8,15,3,7,2475,DL,LAX,17
-6,8,15,3,11,2475,DL,LAX,17
-2,8,15,3,13,2475,DL,LAX,17
-1,8,14,2,11,2475,DL,LAX,18
-2,8,14,2,13,2475,DL,LAX,18
-2,8,16,4,15,2475,DL,LAX,16
0,8,16,4,7,2475,DL,LAX,16
1,8,16,4,11,2475,DL,LAX,16
-3,8,16,4,13,2475,DL,LAX,16
-2,8,25,6,7,2475,B6,LAX,7
3,8,25,6,16,2475,B6,LAX,7
6,8,25,6,21,2475,B6,LAX,7
19,8,25,6,9,2475,B6,LAX,7
-2,8,16,4,21,2475,DL,LAX,16
-5,8,17,5,17,2475,DL,LAX,15
0,8,17,5,19,2475,DL,LAX,15
31,8,17,5,9,2475,DL,LAX,15
-6,8,17,5,15,2475,DL,LAX,15
0,8,17,5,7,2475,DL,LAX,15
-2,8,17,5,11,2475,DL,LAX,15
-4,8,17,5,13,2475,DL,LAX,15
1,8,19,7,17,2475,DL,LAX,13
-3,8,19,7,19,2475,DL,LAX,13
11,8,19,7,9,2475,DL,LAX,13
212,8,19,7,15,2475,DL,LAX,13
28,8,17,5,21,2475,DL,LAX,15
-2,8,18,6,17,2475,DL,LAX,14
-1,8,18,6,19,2475,DL,LAX,14
96,8,18,6,9,2475,DL,LAX,14
18,8,18,6,15,2475,DL,LAX,14
-7,8,18,6,11,2475,DL,LAX,14
29,8,18,6,13,2475,DL,LAX,14
3,8,14,2,21,2475,DL,LAX,18
48,8,15,3,17,2475,DL,LAX,17
135,8,15,3,19,2475,DL,LAX,17
-1,8,15,3,9,2475,DL,LAX,17
92,8,15,3,15,2475,DL,LAX,17
73,8,15,3,21,2475,DL,LAX,17
0,8,16,4,17,2475,DL,LAX,16
9,8,16,4,19,2475,DL,LAX,16
-8,8,16,4,9,2475,DL,LAX,16
0,8,19,7,21,2475,DL,LAX,13
12,8,20,1,17,2475,DL,LAX,12
-2,8,20,1,19,2475,DL,LAX,12
-3,8,20,1,9,2475,DL,LAX,12
-2,8,20,1,15,2475,DL,LAX,12
-4,8,20,1,7,2475,DL,LAX,12
-4,8,20,1,11,2475,DL,LAX,12
-4,8,19,7,7,2475,DL,LAX,13
5,8,19,7,11,2475,DL,LAX,13
-3,8,19,7,13,2475,DL,LAX,13
3,8,21,2,13,2475,DL,LAX,11
-3,8,23,4,7,2475,DL,LAX,9
-7,8,23,4,11,2475,DL,LAX,9
70,8,20,1,21,2475,DL,LAX,12
0,8,21,2,17,2475,DL,LAX,11
-4,8,21,2,19,2475,DL,LAX,11
-6,8,21,2,9,2475,DL,LAX,11
-2,8,21,2,15,2475,DL,LAX,11
9,8,21,2,7,2475,DL,LAX,11
0,8,21,2,11,2475,DL,LAX,11
10,8,22,3,21,2475,DL,LAX,10
4,8,23,4,17,2475,DL,LAX,9
0,8,23,4,19,2475,DL,LAX,9
-7,8,23,4,9,2475,DL,LAX,9
-5,8,22,3,13,2475,DL,LAX,10
82,8,21,2,21,2475,DL,LAX,11
-4,8,22,3,17,2475,DL,LAX,10
11,8,22,3,19,2475,DL,LAX,10
-7,8,22,3,9,2475,DL,LAX,10
-5,8,22,3,15,2475,DL,LAX,10
2,8,22,3,7,2475,DL,LAX,10
-4,8,22,3,11,2475,DL,LAX,10
-1,8,24,5,15,2475,DL,LAX,8
-5,8,24,5,7,2475,DL,LAX,8
0,8,24,5,11,2475,DL,LAX,8
6,8,23,4,13,2475,DL,LAX,9
-6,8,24,5,21,2475,DL,LAX,8
-6,8,25,6,17,2475,DL,LAX,7
-8,8,25,6,19,2475,DL,LAX,7
-6,8,25,6,9,2475,DL,LAX,7
-4,8,25,6,15,2475,DL,LAX,7
-1,8,25,6,11,2475,DL,LAX,7
-3,8,25,6,13,2475,DL,LAX,7
-2,8,23,4,15,2475,DL,LAX,9
-2,8,26,7,19,2475,DL,LAX,6
-1,8,26,7,9,2475,DL,LAX,6
100,8,26,7,15,2475,DL,LAX,6
-3,8,26,7,7,2475,DL,LAX,6
-3,8,26,7,11,2475,DL,LAX,6
-2,8,23,4,21,2475,DL,LAX,9
-2,8,24,5,17,2475,DL,LAX,8
-3,8,24,5,19,2475,DL,LAX,8
14,8,24,5,9,2475,DL,LAX,8
0,8,26,7,17,2475,DL,LAX,6
0,8,26,7,21,2475,DL,LAX,6
1,8,27,1,17,2475,DL,LAX,5
-2,8,27,1,19,2475,DL,LAX,5
-1,8,27,1,9,2475,DL,LAX,5
2,8,27,1,15,2475,DL,LAX,5
16,8,27,1,7,2475,DL,LAX,5
-6,8,27,1,11,2475,DL,LAX,5
-6,8,27,1,13,2475,DL,LAX,5
-1,8,28,2,21,2475,DL,LAX,4
-3,8,29,3,17,2475,DL,LAX,3
-6,8,29,3,19,2475,DL,LAX,3
0,8,29,3,9,2475,DL,LAX,3
-6,8,29,3,15,2475,DL,LAX,3
-4,8,24,5,13,2475,DL,LAX,8
1,8,29,3,13,2475,DL,LAX,3
-1,8,30,4,13,2475,DL,LAX,2
-2,8,31,5,7,2475,DL,LAX,1
-5,8,31,5,11,2475,DL,LAX,1
-1,8,31,5,13,2475,DL,LAX,1
-1,8,29,3,7,2475,DL,LAX,3
-3,8,29,3,11,2475,DL,LAX,3
0,8,29,3,21,2475,DL,LAX,3
3,8,30,4,17,2475,DL,LAX,2
-3,8,30,4,19,2475,DL,LAX,2
-5,8,30,4,9,2475,DL,LAX,2
-5,8,30,4,15,2475,DL,LAX,2
-6,8,30,4,7,2475,DL,LAX,2
-2,8,30,4,11,2475,DL,LAX,2
70,8,30,4,21,2475,DL,LAX,2
3,8,31,5,17,2475,DL,LAX,1
0,8,31,5,19,2475,DL,LAX,1
-3,8,31,5,9,2475,DL,LAX,1
26,8,31,5,21,2475,DL,LAX,1
-3,8,31,5,15,2475,DL,LAX,1
