32,11,28,3,15,2475,UA,LAX,1
18,11,28,3,8,2475,UA,LAX,1
2,11,30,5,15,2475,UA,LAX,3
16,11,30,5,17,2475,UA,LAX,3
11,11,28,3,20,2475,UA,LAX,1
5,11,28,3,6,2475,UA,LAX,1
11,11,30,5,8,2475,UA,LAX,3
-2,11,30,5,11,2475,UA,LAX,3
-5,11,30,5,20,2475,UA,LAX,3
0,11,30,5,6,2475,UA,LAX,3
10,11,29,4,15,2475,UA,LAX,2
-10,11,27,2,8,2475,UA,LAX,0
1,11,27,2,17,2475,UA,LAX,0
8,11,27,2,11,2475,UA,LAX,0
-1,11,27,2,20,2475,UA,LAX,0
-8,11,27,2,6,2475,UA,LAX,0
30,11,26,1,15,2475,UA,LAX,1
34,11,26,1,17,2475,UA,LAX,1
84,11,25,7,11,2475,UA,LAX,2
17,11,25,7,20,2475,UA,LAX,2
-4,11,25,7,6,2475,UA,LAX,2
119,11,25,7,17,2475,UA,LAX,2
-5,11,22,4,6,2475,UA,LAX,5
9,11,28,3,17,2475,UA,LAX,1
5,11,28,3,11,2475,UA,LAX,1
-4,11,23,5,15,2475,UA,LAX,4
-7,11,23,5,8,2475,UA,LAX,4
3,11,23,5,17,2475,UA,LAX,4
-1,11,21,3,8,2475,UA,LAX,6
-3,11,21,3,11,2475,UA,LAX,6
-2,11,21,3,20,2475,UA,LAX,6
-4,11,21,3,6,2475,UA,LAX,6
31,11,21,3,15,2475,UA,LAX,6
13,11,21,3,17,2475,UA,LAX,6
16,11,20,2,15,2475,UA,LAX,7
-4,11,20,2,8,2475,UA,LAX,7
10,11,20,2,17,2475,UA,LAX,7
-4,11,20,2,11,2475,UA,LAX,7
-2,11,20,2,20,2475,UA,LAX,7
0,11,20,2,6,2475,UA,LAX,7
74,11,22,4,15,2475,UA,LAX,5
-1,11,22,4,8,2475,UA,LAX,5
-8,11,19,1,8,2475,UA,LAX,8
-2,11,19,1,17,2475,UA,LAX,8
-3,11,26,1,8,2475,UA,LAX,1
8,11,26,1,11,2475,UA,LAX,1
6,11,26,1,20,2475,UA,LAX,1
0,11,26,1,6,2475,UA,LAX,1
-3,11,24,6,20,2475,UA,LAX,3
-1,11,24,6,6,2475,UA,LAX,3
-8,11,24,6,8,2475,UA,LAX,3
15,11,24,6,17,2475,UA,LAX,3
-1,11,24,6,11,2475,UA,LAX,3
-4,11,18,7,15,2475,UA,LAX,7
-8,11,18,7,11,2475,UA,LAX,7
10,11,18,7,17,2475,UA,LAX,7
15,11,16,5,15,2475,UA,LAX,5
-6,11,16,5,8,2475,UA,LAX,5
-2,11,16,5,17,2475,UA,LAX,5
-3,11,16,5,11,2475,UA,LAX,5
-10,11,16,5,20,2475,UA,LAX,5
-3,11,16,5,6,2475,UA,LAX,5
5,11,14,3,15,2475,UA,LAX,3
-6,11,14,3,8,2475,UA,LAX,3
-2,11,14,3,17,2475,UA,LAX,3
-1,11,14,3,11,2475,UA,LAX,3
-3,11,14,3,20,2475,UA,LAX,3
-2,11,14,3,6,2475,UA,LAX,3
0,11,15,4,15,2475,UA,LAX,4
-1,11,15,4,8,2475,UA,LAX,4
-8,12,1,6,9,2475,AA,LAX,4
-7,12,2,7,9,2475,AA,LAX,5
-4,12,3,1,9,2475,AA,LAX,6
66,12,4,2,9,2475,AA,LAX,7
0,12,5,3,9,2475,AA,LAX,8
6,12,6,4,9,2475,AA,LAX,9
-1,12,7,5,9,2475,AA,LAX,10
-8,12,8,6,9,2475,AA,LAX,11
-5,12,9,7,9,2475,AA,LAX,12
-1,12,10,1,9,2475,AA,LAX,13
-6,12,11,2,9,2475,AA,LAX,14
-2,12,12,3,9,2475,AA,LAX,13
44,12,13,4,9,2475,AA,LAX,12
-4,12,14,5,9,2475,AA,LAX,11
-2,12,15,6,9,2475,AA,LAX,10
25,12,16,7,9,2475,AA,LAX,9
1,12,17,1,9,2475,AA,LAX,8
6,12,18,2,9,2475,AA,LAX,7
-1,12,19,3,9,2475,AA,LAX,6
36,12,20,4,9,2475,AA,LAX,5
103,12,21,5,9,2475,AA,LAX,4
-7,12,22,6,9,2475,AA,LAX,3
2,12,23,7,9,2475,AA,LAX,2
1,12,24,1,9,2475,AA,LAX,1
0,12,25,2,9,2475,AA,LAX,0
-3,12,26,3,9,2475,AA,LAX,1
-6,12,28,5,9,2475,AA,LAX,3
-7,12,29,6,9,2475,AA,LAX,3
2,12,30,7,9,2475,AA,LAX,2
-1,12,31,1,9,2475,AA,LAX,1
-5,12,1,6,12,2475,AA,LAX,4
-4,12,2,7,12,2475,AA,LAX,5
-1,12,3,1,12,2475,AA,LAX,6
-7,12,4,2,12,2475,AA,LAX,7
-9,12,5,3,12,2475,AA,LAX,8
-2,12,6,4,12,2475,AA,LAX,9
-8,12,7,5,12,2475,AA,LAX,10
-8,12,8,6,12,2475,AA,LAX,11
-5,12,9,7,12,2475,AA,LAX,12
-8,12,10,1,12,2475,AA,LAX,13
9,12,11,2,12,2475,AA,LAX,14
-5,12,12,3,12,2475,AA,LAX,13
-6,12,13,4,12,2475,AA,LAX,12
-3,12,14,5,12,2475,AA,LAX,11
6,12,15,6,12,2475,AA,LAX,10
-2,12,16,7,12,2475,AA,LAX,9
7,12,17,1,12,2475,AA,LAX,8
-3,12,18,2,12,2475,AA,LAX,7
-5,12,19,3,12,2475,AA,LAX,6
19,12,20,4,12,2475,AA,LAX,5
-3,12,21,5,12,2475,AA,LAX,4
-5,12,22,6,12,2475,AA,LAX,3
2,12,23,7,12,2475,AA,LAX,2
-9,12,24,1,12,2475,AA,LAX,1
16,12,25,2,12,2475,AA,LAX,0
-2,12,26,3,12,2475,AA,LAX,1
-11,12,27,4,12,2475,AA,LAX,2
12,12,28,5,12,2475,AA,LAX,3
13,12,29,6,12,2475,AA,LAX,3
-4,12,30,7,12,2475,AA,LAX,2
-3,12,31,1,12,2475,AA,LAX,1
-2,12,1,6,10,2475,AA,LAX,4
12,12,2,7,10,2475,AA,LAX,5
0,12,3,1,10,2475,AA,LAX,6
-6,12,4,2,10,2475,AA,LAX,7
-3,12,5,3,10,2475,AA,LAX,8
-6,12,6,4,10,2475,AA,LAX,9
-6,12,7,5,10,2475,AA,LAX,10
-4,12,8,6,10,2475,AA,LAX,11
-7,12,9,7,10,2475,AA,LAX,12
-4,12,10,1,10,2475,AA,LAX,13
-4,12,11,2,10,2475,AA,LAX,14
3,12,12,3,10,2475,AA,LAX,13
-3,12,13,4,10,2475,AA,LAX,12
2,12,14,5,10,2475,AA,LAX,11
-3,12,15,6,10,2475,AA,LAX,10
-3,12,16,7,10,2475,AA,LAX,9
-4,12,17,1,10,2475,AA,LAX,8
-3,12,18,2,10,2475,AA,LAX,7
15,12,19,3,10,2475,AA,LAX,6
-2,12,20,4,10,2475,AA,LAX,5
-4,12,21,5,10,2475,AA,LAX,4
5,12,22,6,10,2475,AA,LAX,3
-4,12,23,7,10,2475,AA,LAX,2
1,12,24,1,10,2475,AA,LAX,1
-2,12,25,2,10,2475,AA,LAX,0
-5,12,26,3,10,2475,AA,LAX,1
-3,12,27,4,10,2475,AA,LAX,2
15,12,28,5,10,2475,AA,LAX,3
-4,12,29,6,10,2475,AA,LAX,3
-7,12,30,7,10,2475,AA,LAX,2
-2,12,31,1,10,2475,AA,LAX,1
2,12,1,6,19,2475,AA,LAX,4
-5,12,2,7,19,2475,AA,LAX,5
25,12,3,1,19,2475,AA,LAX,6
160,12,4,2,19,2475,AA,LAX,7
-5,12,5,3,19,2475,AA,LAX,8
19,12,6,4,19,2475,AA,LAX,9
25,12,7,5,19,2475,AA,LAX,10
3,12,8,6,19,2475,AA,LAX,11
-3,12,9,7,19,2475,AA,LAX,12
43,12,10,1,19,2475,AA,LAX,13
101,12,11,2,19,2475,AA,LAX,14
12,12,12,3,19,2475,AA,LAX,13
-6,12,13,4,19,2475,AA,LAX,12
38,12,14,5,19,2475,AA,LAX,11
34,12,15,6,19,2475,AA,LAX,10
18,12,16,7,19,2475,AA,LAX,9
-2,12,17,1,19,2475,AA,LAX,8
16,12,18,2,19,2475,AA,LAX,7
-1,12,19,3,19,2475,AA,LAX,6
12,12,20,4,19,2475,AA,LAX,5
-1,12,21,5,19,2475,AA,LAX,4
-1,12,22,6,19,2475,AA,LAX,3
269,12,23,7,19,2475,AA,LAX,2
-3,12,24,1,19,2475,AA,LAX,1
6,12,25,2,19,2475,AA,LAX,0
29,12,26,3,19,2475,AA,LAX,1
30,12,27,4,19,2475,AA,LAX,2
4,12,28,5,19,2475,AA,LAX,3
10,12,29,6,19,2475,AA,LAX,3
19,12,30,7,19,2475,AA,LAX,2
-3,12,31,1,19,2475,AA,LAX,1
0,12,2,7,7,2475,AA,LAX,5
-6,12,3,1,7,2475,AA,LAX,6
2,12,4,2,7,2475,AA,LAX,7
4,12,5,3,7,2475,AA,LAX,8
18,12,6,4,7,2475,AA,LAX,9
-6,12,7,5,7,2475,AA,LAX,10
3,12,9,7,7,2475,AA,LAX,12
-3,12,10,1,7,2475,AA,LAX,13
0,12,11,2,7,2475,AA,LAX,14
1,12,12,3,7,2475,AA,LAX,13
-2,12,13,4,7,2475,AA,LAX,12
-5,12,14,5,7,2475,AA,LAX,11
1,12,16,7,7,2475,AA,LAX,9
-2,12,17,1,7,2475,AA,LAX,8
-3,12,18,2,7,2475,AA,LAX,7
5,12,19,3,7,2475,AA,LAX,6
-2,12,20,4,7,2475,AA,LAX,5
2,12,21,5,7,2475,AA,LAX,4
-8,12,23,7,7,2475,AA,LAX,2
0,12,24,1,7,2475,AA,LAX,1
-3,12,25,2,7,2475,AA,LAX,0
-2,12,26,3,7,2475,AA,LAX,1
0,12,28,5,7,2475,AA,LAX,3
-7,12,30,7,7,2475,AA,LAX,2
-3,12,31,1,7,2475,AA,LAX,1
-6,12,1,6,13,2475,AA,LAX,4
-6,12,2,7,13,2475,AA,LAX,5
-7,12,3,1,13,2475,AA,LAX,6
160,12,4,2,13,2475,AA,LAX,7
-9,12,5,3,13,2475,AA,LAX,8
4,12,6,4,13,2475,AA,LAX,9
-4,12,7,5,13,2475,AA,LAX,10
-8,12,8,6,13,2475,AA,LAX,11
-8,12,9,7,13,2475,AA,LAX,12
66,12,11,2,13,2475,AA,LAX,14
-1,12,12,3,13,2475,AA,LAX,13
-5,12,13,4,13,2475,AA,LAX,12
5,12,14,5,13,2475,AA,LAX,11
-5,12,15,6,13,2475,AA,LAX,10
-5,12,16,7,13,2475,AA,LAX,9
-1,12,17,1,13,2475,AA,LAX,8
49,12,18,2,13,2475,AA,LAX,7
-3,12,19,3,13,2475,AA,LAX,6
-5,12,20,4,13,2475,AA,LAX,5
-3,12,21,5,13,2475,AA,LAX,4
-1,12,22,6,13,2475,AA,LAX,3
51,12,23,7,13,2475,AA,LAX,2
-5,12,24,1,13,2475,AA,LAX,1
-7,12,25,2,13,2475,AA,LAX,0
-1,12,26,3,13,2475,AA,LAX,1
-6,12,27,4,13,2475,AA,LAX,2
-3,12,28,5,13,2475,AA,LAX,3
-5,12,29,6,13,2475,AA,LAX,3
-4,12,30,7,13,2475,AA,LAX,2
-4,12,31,1,13,2475,AA,LAX,1
-8,12,1,6,15,2475,AA,LAX,4
-3,12,2,7,15,2475,AA,LAX,5
91,12,3,1,15,2475,AA,LAX,6
57,12,4,2,15,2475,AA,LAX,7
-1,12,5,3,15,2475,AA,LAX,8
126,12,6,4,15,2475,AA,LAX,9
3,12,7,5,15,2475,AA,LAX,10
30,12,8,6,15,2475,AA,LAX,11
40,12,9,7,15,2475,AA,LAX,12
61,12,10,1,15,2475,AA,LAX,13
0,12,11,2,15,2475,AA,LAX,14
15,12,12,3,15,2475,AA,LAX,13
18,12,13,4,15,2475,AA,LAX,12
1,12,14,5,15,2475,AA,LAX,11
39,12,15,6,15,2475,AA,LAX,10
-6,12,16,7,15,2475,AA,LAX,9
7,12,17,1,15,2475,AA,LAX,8
2,12,18,2,15,2475,AA,LAX,7
-2,12,19,3,15,2475,AA,LAX,6
0,12,20,4,15,2475,AA,LAX,5
-4,12,21,5,15,2475,AA,LAX,4
41,12,22,6,15,2475,AA,LAX,3
-2,12,23,7,15,2475,AA,LAX,2
29,12,24,1,15,2475,AA,LAX,1
-5,12,25,2,15,2475,AA,LAX,0
3,12,26,3,15,2475,AA,LAX,1
221,12,27,4,15,2475,AA,LAX,2
-3,12,28,5,15,2475,AA,LAX,3
-3,12,29,6,15,2475,AA,LAX,3
-1,12,30,7,15,2475,AA,LAX,2
0,12,31,1,15,2475,AA,LAX,1
35,12,1,6,16,2475,AA,LAX,4
-3,12,2,7,16,2475,AA,LAX,5
4,12,3,1,16,2475,AA,LAX,6
90,12,4,2,16,2475,AA,LAX,7
12,12,5,3,16,2475,AA,LAX,8
42,12,6,4,16,2475,AA,LAX,9
35,12,7,5,16,2475,AA,LAX,10
-3,12,8,6,16,2475,AA,LAX,11
0,12,9,7,16,2475,AA,LAX,12
50,12,10,1,16,2475,AA,LAX,13
-1,12,11,2,16,2475,AA,LAX,14
0,12,12,3,16,2475,AA,LAX,13
124,12,13,4,16,2475,AA,LAX,12
-3,12,14,5,16,2475,AA,LAX,11
-4,12,15,6,16,2475,AA,LAX,10
-4,12,16,7,16,2475,AA,LAX,9
0,12,17,1,16,2475,AA,LAX,8
-2,12,18,2,16,2475,AA,LAX,7
2,12,19,3,16,2475,AA,LAX,6
7,12,20,4,16,2475,AA,LAX,5
2,12,21,5,16,2475,AA,LAX,4
16,12,22,6,16,2475,AA,LAX,3
-2,12,23,7,16,2475,AA,LAX,2
232,12,24,1,16,2475,AA,LAX,1
11,12,25,2,16,2475,AA,LAX,0
7,12,26,3,16,2475,AA,LAX,1
-3,12,27,4,16,2475,AA,LAX,2
6,12,28,5,16,2475,AA,LAX,3
-4,12,29,6,16,2475,AA,LAX,3
67,12,30,7,16,2475,AA,LAX,2
12,12,31,1,16,2475,AA,LAX,1
26,12,1,6,21,2475,AA,LAX,4
53,12,2,7,21,2475,AA,LAX,5
57,12,3,1,21,2475,AA,LAX,6
-1,12,4,2,21,2475,AA,LAX,7
34,12,5,3,21,2475,AA,LAX,8
-1,12,6,4,21,2475,AA,LAX,9
-6,12,7,5,21,2475,AA,LAX,10
-5,12,8,6,21,2475,AA,LAX,11
49,12,9,7,21,2475,AA,LAX,12
28,12,10,1,21,2475,AA,LAX,13
-2,12,11,2,21,2475,AA,LAX,14
9,12,12,3,21,2475,AA,LAX,13
0,12,13,4,21,2475,AA,LAX,12
19,12,14,5,21,2475,AA,LAX,11
-6,12,15,6,21,2475,AA,LAX,10
10,12,16,7,21,2475,AA,LAX,9
-1,12,17,1,21,2475,AA,LAX,8
-3,12,18,2,21,2475,AA,LAX,7
6,12,19,3,21,2475,AA,LAX,6
8,12,20,4,21,2475,AA,LAX,5
19,12,21,5,21,2475,AA,LAX,4
-3,12,22,6,21,2475,AA,LAX,3
134,12,23,7,21,2475,AA,LAX,2
116,12,24,1,21,2475,AA,LAX,1
-7,12,25,2,21,2475,AA,LAX,0
112,12,26,3,21,2475,AA,LAX,1
60,12,27,4,21,2475,AA,LAX,2
0,12,28,5,21,2475,AA,LAX,3
0,12,29,6,21,2475,AA,LAX,3
27,12,30,7,21,2475,AA,LAX,2
-8,12,31,1,21,2475,AA,LAX,1
-3,12,1,6,12,2475,B6,LAX,4
-1,12,1,6,16,2475,B6,LAX,4
-9,12,1,6,20,2475,B6,LAX,4
0,12,1,6,9,2475,B6,LAX,4
-1,12,3,1,7,2475,B6,LAX,6
-2,12,3,1,12,2475,B6,LAX,6
3,12,3,1,16,2475,B6,LAX,6
3,12,3,1,20,2475,B6,LAX,6
9,12,3,1,9,2475,B6,LAX,6
-6,12,4,2,7,2475,B6,LAX,7
-2,12,4,2,12,2475,B6,LAX,7
-3,12,4,2,16,2475,B6,LAX,7
-6,12,4,2,20,2475,B6,LAX,7
5,12,4,2,9,2475,B6,LAX,7
-7,12,5,3,7,2475,B6,LAX,8
9,12,5,3,12,2475,B6,LAX,8
0,12,5,3,16,2475,B6,LAX,8
-2,12,5,3,20,2475,B6,LAX,8
-7,12,5,3,9,2475,B6,LAX,8
-5,12,2,7,7,2475,B6,LAX,5
-3,12,2,7,12,2475,B6,LAX,5
-3,12,2,7,16,2475,B6,LAX,5
1,12,2,7,20,2475,B6,LAX,5
-2,12,2,7,9,2475,B6,LAX,5
-1,12,6,4,7,2475,B6,LAX,9
-1,12,6,4,12,2475,B6,LAX,9
0,12,6,4,16,2475,B6,LAX,9
-1,12,6,4,20,2475,B6,LAX,9
5,12,6,4,9,2475,B6,LAX,9
-2,12,7,5,7,2475,B6,LAX,10
7,12,7,5,12,2475,B6,LAX,10
-5,12,7,5,16,2475,B6,LAX,10
-6,12,7,5,20,2475,B6,LAX,10
-5,12,7,5,9,2475,B6,LAX,10
-7,12,8,6,12,2475,B6,LAX,11
7,12,8,6,16,2475,B6,LAX,11
-1,12,8,6,20,2475,B6,LAX,11
-3,12,8,6,9,2475,B6,LAX,11
-1,12,9,7,7,2475,B6,LAX,12
-6,12,9,7,12,2475,B6,LAX,12
1,12,9,7,16,2475,B6,LAX,12
6,12,9,7,20,2475,B6,LAX,12
-2,12,9,7,9,2475,B6,LAX,12
1,12,15,6,12,2475,B6,LAX,10
27,12,15,6,16,2475,B6,LAX,10
-2,12,15,6,20,2475,B6,LAX,10
27,12,15,6,9,2475,B6,LAX,10
-3,12,10,1,7,2475,B6,LAX,13
-1,12,10,1,12,2475,B6,LAX,13
0,12,10,1,16,2475,B6,LAX,13
66,12,10,1,20,2475,B6,LAX,13
19,12,10,1,9,2475,B6,LAX,13
-2,12,16,7,7,2475,B6,LAX,9
44,12,16,7,12,2475,B6,LAX,9
89,12,16,7,16,2475,B6,LAX,9
4,12,16,7,20,2475,B6,LAX,9
13,12,16,7,9,2475,B6,LAX,9
-3,12,11,2,7,2475,B6,LAX,14
-1,12,11,2,12,2475,B6,LAX,14
-3,12,11,2,16,2475,B6,LAX,14
-5,12,11,2,20,2475,B6,LAX,14
-1,12,11,2,9,2475,B6,LAX,14
0,12,12,3,7,2475,B6,LAX,13
-5,12,12,3,12,2475,B6,LAX,13
8,12,12,3,16,2475,B6,LAX,13
38,12,12,3,20,2475,B6,LAX,13
13,12,12,3,9,2475,B6,LAX,13
4,12,18,2,7,2475,B6,LAX,7
-6,12,18,2,12,2475,B6,LAX,7
24,12,18,2,16,2475,B6,LAX,7
42,12,18,2,20,2475,B6,LAX,7
-2,12,18,2,9,2475,B6,LAX,7
-7,12,13,4,7,2475,B6,LAX,12
-2,12,13,4,12,2475,B6,LAX,12
-5,12,13,4,16,2475,B6,LAX,12
-2,12,13,4,20,2475,B6,LAX,12
18,12,13,4,9,2475,B6,LAX,12
2,12,14,5,7,2475,B6,LAX,11
-3,12,14,5,12,2475,B6,LAX,11
-6,12,14,5,16,2475,B6,LAX,11
-1,12,14,5,20,2475,B6,LAX,11
21,12,14,5,9,2475,B6,LAX,11
4,12,21,5,7,2475,B6,LAX,4
-4,12,21,5,12,2475,B6,LAX,4
146,12,21,5,16,2475,B6,LAX,4
-4,12,21,5,20,2475,B6,LAX,4
31,12,21,5,9,2475,B6,LAX,4
1,12,19,3,7,2475,B6,LAX,6
33,12,19,3,12,2475,B6,LAX,6
10,12,19,3,16,2475,B6,LAX,6
51,12,19,3,20,2475,B6,LAX,6
-4,12,19,3,9,2475,B6,LAX,6
-2,12,20,4,7,2475,B6,LAX,5
15,12,20,4,12,2475,B6,LAX,5
17,12,20,4,16,2475,B6,LAX,5
19,12,20,4,20,2475,B6,LAX,5
-3,12,20,4,9,2475,B6,LAX,5
9,12,22,6,12,2475,B6,LAX,3
1,12,22,6,16,2475,B6,LAX,3
-1,12,22,6,20,2475,B6,LAX,3
-1,12,22,6,9,2475,B6,LAX,3
-1,12,23,7,7,2475,B6,LAX,2
28,12,23,7,12,2475,B6,LAX,2
-1,12,23,7,16,2475,B6,LAX,2
1,12,23,7,20,2475,B6,LAX,2
89,12,23,7,9,2475,B6,LAX,2
53,12,28,5,7,2475,B6,LAX,3
-2,12,28,5,12,2475,B6,LAX,3
18,12,28,5,16,2475,B6,LAX,3
32,12,28,5,20,2475,B6,LAX,3
48,12,28,5,9,2475,B6,LAX,3
0,12,25,2,7,2475,B6,LAX,0
-2,12,25,2,12,2475,B6,LAX,0
-4,12,25,2,16,2475,B6,LAX,0
-4,12,25,2,20,2475,B6,LAX,0
-7,12,25,2,9,2475,B6,LAX,0
4,12,26,3,7,2475,B6,LAX,1
-6,12,26,3,12,2475,B6,LAX,1
-3,12,26,3,16,2475,B6,LAX,1
48,12,26,3,20,2475,B6,LAX,1
-6,12,26,3,9,2475,B6,LAX,1
56,12,24,1,7,2475,B6,LAX,1
1,12,24,1,12,2475,B6,LAX,1
-5,12,24,1,16,2475,B6,LAX,1
38,12,24,1,20,2475,B6,LAX,1
-2,12,24,1,9,2475,B6,LAX,1
-3,12,31,1,7,2475,B6,LAX,1
0,12,31,1,12,2475,B6,LAX,1
1,12,31,1,16,2475,B6,LAX,1
2,12,31,1,20,2475,B6,LAX,1
4,12,31,1,9,2475,B6,LAX,1
12,12,1,6,19,2475,DL,LAX,4
0,12,1,6,9,2475,DL,LAX,4
-6,12,1,6,12,2475,DL,LAX,4
0,12,29,6,12,2475,B6,LAX,3
-10,12,29,6,16,2475,B6,LAX,3
129,12,29,6,20,2475,B6,LAX,3
4,12,29,6,9,2475,B6,LAX,3
1,12,30,7,7,2475,B6,LAX,2
-1,12,30,7,12,2475,B6,LAX,2
7,12,30,7,16,2475,B6,LAX,2
164,12,30,7,20,2475,B6,LAX,2
0,12,30,7,9,2475,B6,LAX,2
-3,12,1,6,17,2475,DL,LAX,4
-6,12,1,6,15,2475,DL,LAX,4
77,12,2,7,19,2475,DL,LAX,5
-5,12,2,7,9,2475,DL,LAX,5
9,12,2,7,7,2475,DL,LAX,5
-3,12,2,7,12,2475,DL,LAX,5
5,12,3,1,17,2475,DL,LAX,6
-3,12,3,1,15,2475,DL,LAX,6
-4,12,3,1,21,2475,DL,LAX,6
-3,12,4,2,19,2475,DL,LAX,7
-2,12,4,2,9,2475,DL,LAX,7
-4,12,4,2,7,2475,DL,LAX,7
-1,12,4,2,12,2475,DL,LAX,7
-1,12,17,1,7,2475,B6,LAX,8
-3,12,17,1,12,2475,B6,LAX,8
17,12,17,1,16,2475,B6,LAX,8
1,12,17,1,20,2475,B6,LAX,8
19,12,17,1,9,2475,B6,LAX,8
147,12,27,4,7,2475,B6,LAX,2
-1,12,27,4,12,2475,B6,LAX,2
31,12,27,4,16,2475,B6,LAX,2
49,12,27,4,20,2475,B6,LAX,2
18,12,27,4,9,2475,B6,LAX,2
-3,12,4,2,15,2475,DL,LAX,7
104,12,4,2,21,2475,DL,LAX,7
39,12,2,7,17,2475,DL,LAX,5
32,12,2,7,15,2475,DL,LAX,5
27,12,2,7,21,2475,DL,LAX,5
-7,12,3,1,19,2475,DL,LAX,6
-5,12,3,1,9,2475,DL,LAX,6
-2,12,3,1,7,2475,DL,LAX,6
0,12,3,1,12,2475,DL,LAX,6
-5,12,5,3,19,2475,DL,LAX,8
-4,12,5,3,9,2475,DL,LAX,8
-6,12,5,3,7,2475,DL,LAX,8
-4,12,5,3,12,2475,DL,LAX,8
-1,12,5,3,15,2475,DL,LAX,8
-6,12,5,3,21,2475,DL,LAX,8
-5,12,6,4,19,2475,DL,LAX,9
25,12,6,4,9,2475,DL,LAX,9
-3,12,6,4,7,2475,DL,LAX,9
0,12,6,4,12,2475,DL,LAX,9
-1,12,5,3,17,2475,DL,LAX,8
0,12,6,4,15,2475,DL,LAX,9
-1,12,6,4,21,2475,DL,LAX,9
-4,12,7,5,19,2475,DL,LAX,10
-1,12,7,5,9,2475,DL,LAX,10
28,12,6,4,17,2475,DL,LAX,9
0,12,7,5,17,2475,DL,LAX,10
-2,12,9,7,12,2475,DL,LAX,12
3,12,7,5,15,2475,DL,LAX,10
-3,12,7,5,21,2475,DL,LAX,10
-5,12,8,6,19,2475,DL,LAX,11
-3,12,8,6,9,2475,DL,LAX,11
-2,12,8,6,12,2475,DL,LAX,11
-3,12,7,5,7,2475,DL,LAX,10
-2,12,7,5,12,2475,DL,LAX,10
-4,12,8,6,17,2475,DL,LAX,11
-7,12,8,6,15,2475,DL,LAX,11
-3,12,9,7,19,2475,DL,LAX,12
6,12,9,7,9,2475,DL,LAX,12
0,12,9,7,17,2475,DL,LAX,12
-2,12,9,7,15,2475,DL,LAX,12
-3,12,9,7,21,2475,DL,LAX,12
-4,12,10,1,19,2475,DL,LAX,13
-5,12,10,1,9,2475,DL,LAX,13
-1,12,10,1,7,2475,DL,LAX,13
-6,12,10,1,12,2475,DL,LAX,13
-5,12,10,1,17,2475,DL,LAX,13
10,12,10,1,15,2475,DL,LAX,13
-1,12,10,1,21,2475,DL,LAX,13
-4,12,11,2,19,2475,DL,LAX,14
-5,12,11,2,9,2475,DL,LAX,14
-5,12,11,2,7,2475,DL,LAX,14
-6,12,11,2,12,2475,DL,LAX,14
-3,12,13,4,17,2475,DL,LAX,12
-3,12,13,4,15,2475,DL,LAX,12
-1,12,13,4,21,2475,DL,LAX,12
7,12,14,5,19,2475,DL,LAX,11
-4,12,14,5,9,2475,DL,LAX,11
-1,12,11,2,17,2475,DL,LAX,14
-3,12,11,2,15,2475,DL,LAX,14
-7,12,11,2,21,2475,DL,LAX,14
-3,12,12,3,19,2475,DL,LAX,13
-5,12,12,3,9,2475,DL,LAX,13
-5,12,12,3,7,2475,DL,LAX,13
-4,12,12,3,12,2475,DL,LAX,13
-3,12,9,7,7,2475,DL,LAX,12
-5,12,16,7,19,2475,DL,LAX,9
5,12,16,7,9,2475,DL,LAX,9
2,12,16,7,17,2475,DL,LAX,9
-2,12,16,7,7,2475,DL,LAX,9
-2,12,16,7,12,2475,DL,LAX,9
-2,12,14,5,7,2475,DL,LAX,11
-2,12,14,5,12,2475,DL,LAX,11
-4,12,15,6,15,2475,DL,LAX,10
-2,12,16,7,15,2475,DL,LAX,9
0,12,14,5,17,2475,DL,LAX,11
-1,12,14,5,15,2475,DL,LAX,11
0,12,14,5,21,2475,DL,LAX,11
13,12,15,6,19,2475,DL,LAX,10
8,12,15,6,9,2475,DL,LAX,10
3,12,15,6,17,2475,DL,LAX,10
-2,12,15,6,12,2475,DL,LAX,10
-2,12,17,1,19,2475,DL,LAX,8
-3,12,17,1,9,2475,DL,LAX,8
2,12,17,1,17,2475,DL,LAX,8
-2,12,17,1,7,2475,DL,LAX,8
-4,12,17,1,12,2475,DL,LAX,8
45,12,16,7,21,2475,DL,LAX,9
-1,12,18,2,19,2475,DL,LAX,7
4,12,18,2,9,2475,DL,LAX,7
29,12,18,2,17,2475,DL,LAX,7
-7,12,18,2,7,2475,DL,LAX,7
-5,12,18,2,12,2475,DL,LAX,7
3,12,17,1,21,2475,DL,LAX,8
13,12,17,1,15,2475,DL,LAX,8
-5,12,18,2,21,2475,DL,LAX,7
15,12,19,3,19,2475,DL,LAX,6
-3,12,19,3,9,2475,DL,LAX,6
36,12,20,4,17,2475,DL,LAX,5
-3,12,20,4,7,2475,DL,LAX,5
-3,12,18,2,15,2475,DL,LAX,7
7,12,19,3,17,2475,DL,LAX,6
-3,12,19,3,7,2475,DL,LAX,6
-6,12,19,3,12,2475,DL,LAX,6
0,12,19,3,15,2475,DL,LAX,6
0,12,19,3,21,2475,DL,LAX,6
-1,12,20,4,19,2475,DL,LAX,5
3,12,20,4,9,2475,DL,LAX,5
1,12,21,5,17,2475,DL,LAX,4
0,12,21,5,7,2475,DL,LAX,4
-2,12,21,5,12,2475,DL,LAX,4
2,12,20,4,12,2475,DL,LAX,5
5,12,20,4,15,2475,DL,LAX,5
-1,12,21,5,10,2475,DL,LAX,4
23,12,22,6,19,2475,DL,LAX,3
10,12,22,6,9,2475,DL,LAX,3
3,12,22,6,17,2475,DL,LAX,3
-4,12,22,6,12,2475,DL,LAX,3
0,12,22,6,15,2475,DL,LAX,3
44,12,20,4,21,2475,DL,LAX,5
0,12,21,5,19,2475,DL,LAX,4
-4,12,21,5,9,2475,DL,LAX,4
1,12,23,7,19,2475,DL,LAX,2
0,12,23,7,9,2475,DL,LAX,2
16,12,23,7,17,2475,DL,LAX,2
-8,12,23,7,12,2475,DL,LAX,2
8,12,25,2,12,2475,DL,LAX,0
-5,12,24,1,19,2475,DL,LAX,1
-3,12,24,1,9,2475,DL,LAX,1
11,12,24,1,17,2475,DL,LAX,1
-2,12,24,1,12,2475,DL,LAX,1
59,12,26,3,19,2475,DL,LAX,1
2,12,26,3,9,2475,DL,LAX,1
23,12,26,3,17,2475,DL,LAX,1
-3,12,26,3,7,2475,DL,LAX,1
11,12,21,5,21,2475,DL,LAX,4
-3,12,24,1,15,2475,DL,LAX,1
-5,12,25,2,19,2475,DL,LAX,0
-1,12,25,2,9,2475,DL,LAX,0
-2,12,25,2,17,2475,DL,LAX,0
22,12,26,3,15,2475,DL,LAX,1
-1,12,25,2,15,2475,DL,LAX,0
34,12,26,3,21,2475,DL,LAX,1
12,12,27,4,19,2475,DL,LAX,2
-2,12,27,4,9,2475,DL,LAX,2
0,12,27,4,17,2475,DL,LAX,2
3,12,27,4,7,2475,DL,LAX,2
-8,12,27,4,12,2475,DL,LAX,2
17,12,23,7,15,2475,DL,LAX,2
1,12,26,3,12,2475,DL,LAX,1
5,12,27,4,15,2475,DL,LAX,2
5,12,27,4,21,2475,DL,LAX,2
3,12,28,5,19,2475,DL,LAX,3
-3,12,28,5,9,2475,DL,LAX,3
2,12,28,5,17,2475,DL,LAX,3
-3,12,28,5,7,2475,DL,LAX,3
-4,12,28,5,12,2475,DL,LAX,3
-3,12,29,6,15,2475,DL,LAX,3
27,12,28,5,15,2475,DL,LAX,3
-3,12,30,7,17,2475,DL,LAX,2
-5,12,30,7,12,2475,DL,LAX,2
-4,12,30,7,7,2475,DL,LAX,2
5,12,30,7,15,2475,DL,LAX,2
4,12,28,5,21,2475,DL,LAX,3
42,12,29,6,19,2475,DL,LAX,3
1,12,29,6,9,2475,DL,LAX,3
-5,12,29,6,17,2475,DL,LAX,3
-3,12,29,6,12,2475,DL,LAX,3
120,12,31,1,19,2475,DL,LAX,1
-2,12,31,1,9,2475,DL,LAX,1
-2,12,31,1,17,2475,DL,LAX,1
5,12,30,7,19,2475,DL,LAX,2
0,12,30,7,9,2475,DL,LAX,2
3,12,31,1,15,2475,DL,LAX,1
-7,12,31,1,12,2475,DL,LAX,1
-3,12,4,2,17,2475,DL,LAX,7
-2,12,12,3,17,2475,DL,LAX,13
-3,12,12,3,15,2475,DL,LAX,13
-4,12,12,3,21,2475,DL,LAX,13
-2,12,13,4,19,2475,DL,LAX,12
-2,12,13,4,9,2475,DL,LAX,12
-5,12,13,4,7,2475,DL,LAX,12
-1,12,13,4,12,2475,DL,LAX,12
-5,12,30,7,8,2475,UA,LAX,2
-6,12,30,7,15,2475,UA,LAX,2
8,12,30,7,17,2475,UA,LAX,2
-10,12,30,7,11,2475,UA,LAX,2
11,12,30,7,6,2475,UA,LAX,2
-9,12,15,6,8,2475,UA,LAX,10
-2,12,15,6,15,2475,UA,LAX,10
-4,12,15,6,11,2475,UA,LAX,10
-3,12,15,6,6,2475,UA,LAX,10
-2,12,13,4,11,2475,UA,LAX,12
-4,12,13,4,20,2475,UA,LAX,12
1,12,13,4,6,2475,UA,LAX,12
-4,12,13,4,8,2475,UA,LAX,12
-4,12,12,3,8,2475,UA,LAX,13
-6,12,12,3,17,2475,UA,LAX,13
-4,12,12,3,11,2475,UA,LAX,13
-6,12,12,3,20,2475,UA,LAX,13
0,12,12,3,6,2475,UA,LAX,13
-6,12,10,1,11,2475,UA,LAX,13
136,12,10,1,20,2475,UA,LAX,13
-6,12,10,1,6,2475,UA,LAX,13
11,12,13,4,15,2475,UA,LAX,12
-6,12,13,4,17,2475,UA,LAX,12
0,12,10,1,15,2475,UA,LAX,13
32,12,9,7,17,2475,UA,LAX,12
-2,12,12,3,15,2475,UA,LAX,13
-1,12,9,7,8,2475,UA,LAX,12
3,12,9,7,11,2475,UA,LAX,12
-4,12,9,7,20,2475,UA,LAX,12
-3,12,9,7,14,2475,UA,LAX,12
-9,12,8,6,15,2475,UA,LAX,11
-8,12,8,6,8,2475,UA,LAX,11
-2,12,8,6,15,2475,UA,LAX,11
0,12,8,6,11,2475,UA,LAX,11
-3,12,8,6,6,2475,UA,LAX,11
-5,12,7,5,11,2475,UA,LAX,10
-2,12,7,5,20,2475,UA,LAX,10
-4,12,7,5,6,2475,UA,LAX,10
