-5,6,1,5,9,2475,AA,LAX,6
-6,6,2,6,9,2475,AA,LAX,7
-9,6,3,7,9,2475,AA,LAX,8
-10,6,4,1,9,2475,AA,LAX,9
-11,6,5,2,9,2475,AA,LAX,10
-3,6,6,3,9,2475,AA,LAX,11
-8,6,7,4,9,2475,AA,LAX,12
-11,6,8,5,9,2475,AA,LAX,13
13,6,9,6,9,2475,AA,LAX,14
-7,6,10,7,9,2475,AA,LAX,15
-6,6,11,1,9,2475,AA,LAX,16
-5,6,12,2,9,2475,AA,LAX,17
-5,6,13,3,9,2475,AA,LAX,18
-6,6,14,4,9,2475,AA,LAX,19
-7,6,15,5,9,2475,AA,LAX,19
-6,6,16,6,9,2475,AA,LAX,18
-7,6,17,7,9,2475,AA,LAX,17
0,6,18,1,9,2475,AA,LAX,16
-7,6,19,2,9,2475,AA,LAX,15
-8,6,20,3,9,2475,AA,LAX,14
-5,6,21,4,9,2475,AA,LAX,13
0,6,22,5,9,2475,AA,LAX,12
-9,6,23,6,9,2475,AA,LAX,11
3,6,24,7,9,2475,AA,LAX,10
54,6,25,1,9,2475,AA,LAX,9
-7,6,26,2,9,2475,AA,LAX,8
-5,6,27,3,9,2475,AA,LAX,7
-8,6,28,4,9,2475,AA,LAX,6
-8,6,29,5,9,2475,AA,LAX,5
0,6,30,6,9,2475,AA,LAX,4
71,6,1,5,12,2475,AA,LAX,6
-7,6,2,6,12,2475,AA,LAX,7
-6,6,3,7,12,2475,AA,LAX,8
-9,6,4,1,12,2475,AA,LAX,9
-8,6,5,2,12,2475,AA,LAX,10
-10,6,6,3,12,2475,AA,LAX,11
-7,6,7,4,12,2475,AA,LAX,12
-4,6,8,5,12,2475,AA,LAX,13
-13,6,9,6,12,2475,AA,LAX,14
-6,6,10,7,12,2475,AA,LAX,15
-5,6,11,1,12,2475,AA,LAX,16
-9,6,12,2,12,2475,AA,LAX,17
-7,6,13,3,12,2475,AA,LAX,18
-9,6,14,4,12,2475,AA,LAX,19
-3,6,15,5,12,2475,AA,LAX,19
-4,6,16,6,12,2475,AA,LAX,18
-4,6,17,7,12,2475,AA,LAX,17
-10,6,18,1,12,2475,AA,LAX,16
-9,6,19,2,12,2475,AA,LAX,15
-6,6,20,3,12,2475,AA,LAX,14
-6,6,21,4,12,2475,AA,LAX,13
-7,6,22,5,12,2475,AA,LAX,12
1,6,23,6,12,2475,AA,LAX,11
5,6,24,7,12,2475,AA,LAX,10
58,6,25,1,12,2475,AA,LAX,9
2,6,26,2,12,2475,AA,LAX,8
-8,6,27,3,12,2475,AA,LAX,7
-4,6,28,4,12,2475,AA,LAX,6
54,6,29,5,12,2475,AA,LAX,5
-8,6,30,6,12,2475,AA,LAX,4
-6,6,1,5,10,2475,AA,LAX,6
-1,6,3,7,10,2475,AA,LAX,8
-5,6,4,1,10,2475,AA,LAX,9
-7,6,5,2,10,2475,AA,LAX,10
-9,6,6,3,10,2475,AA,LAX,11
-2,6,7,4,10,2475,AA,LAX,12
-6,6,8,5,10,2475,AA,LAX,13
-5,6,10,7,10,2475,AA,LAX,15
-8,6,11,1,10,2475,AA,LAX,16
-5,6,12,2,10,2475,AA,LAX,17
-2,6,13,3,10,2475,AA,LAX,18
-1,6,14,4,10,2475,AA,LAX,19
-2,6,15,5,10,2475,AA,LAX,19
-7,6,16,6,10,2475,AA,LAX,18
-8,6,17,7,10,2475,AA,LAX,17
-6,6,18,1,10,2475,AA,LAX,16
-9,6,19,2,10,2475,AA,LAX,15
-4,6,20,3,10,2475,AA,LAX,14
-10,6,21,4,10,2475,AA,LAX,13
1,6,22,5,10,2475,AA,LAX,12
-7,6,23,6,10,2475,AA,LAX,11
-4,6,24,7,10,2475,AA,LAX,10
4,6,25,1,10,2475,AA,LAX,9
-6,6,26,2,10,2475,AA,LAX,8
0,6,27,3,10,2475,AA,LAX,7
-8,6,28,4,10,2475,AA,LAX,6
-7,6,29,5,10,2475,AA,LAX,5
-9,6,30,6,10,2475,AA,LAX,4
-5,6,1,5,19,2475,AA,LAX,6
-5,6,2,6,19,2475,AA,LAX,7
14,6,3,7,19,2475,AA,LAX,8
2,6,4,1,19,2475,AA,LAX,9
6,6,5,2,19,2475,AA,LAX,10
-6,6,6,3,19,2475,AA,LAX,11
-4,6,7,4,19,2475,AA,LAX,12
-4,6,8,5,19,2475,AA,LAX,13
0,6,9,6,19,2475,AA,LAX,14
95,6,10,7,19,2475,AA,LAX,15
3,6,11,1,19,2475,AA,LAX,16
7,6,12,2,19,2475,AA,LAX,17
47,6,14,4,19,2475,AA,LAX,19
-8,6,15,5,19,2475,AA,LAX,19
-6,6,16,6,19,2475,AA,LAX,18
-4,6,17,7,19,2475,AA,LAX,17
-7,6,18,1,19,2475,AA,LAX,16
-4,6,19,2,19,2475,AA,LAX,15
0,6,20,3,19,2475,AA,LAX,14
-3,6,21,4,19,2475,AA,LAX,13
266,6,22,5,19,2475,AA,LAX,12
35,6,23,6,19,2475,AA,LAX,11
-5,6,24,7,19,2475,AA,LAX,10
209,6,25,1,19,2475,AA,LAX,9
-5,6,26,2,19,2475,AA,LAX,8
-3,6,27,3,19,2475,AA,LAX,7
-1,6,28,4,19,2475,AA,LAX,6
-2,6,29,5,19,2475,AA,LAX,5
-1,6,30,6,19,2475,AA,LAX,4
-2,6,1,5,7,2475,AA,LAX,6
-7,6,2,6,7,2475,AA,LAX,7
-7,6,3,7,7,2475,AA,LAX,8
-9,6,4,1,7,2475,AA,LAX,9
-4,6,5,2,7,2475,AA,LAX,10
-8,6,6,3,7,2475,AA,LAX,11
-6,6,7,4,7,2475,AA,LAX,12
-7,6,8,5,7,2475,AA,LAX,13
-4,6,9,6,7,2475,AA,LAX,14
-9,6,10,7,7,2475,AA,LAX,15
-5,6,11,1,7,2475,AA,LAX,16
-8,6,12,2,7,2475,AA,LAX,17
-2,6,13,3,7,2475,AA,LAX,18
-3,6,14,4,8,2475,AA,LAX,19
-2,6,15,5,8,2475,AA,LAX,19
-5,6,16,6,8,2475,AA,LAX,18
-2,6,17,7,8,2475,AA,LAX,17
-3,6,18,1,8,2475,AA,LAX,16
-7,6,19,2,8,2475,AA,LAX,15
0,6,20,3,8,2475,AA,LAX,14
-3,6,21,4,8,2475,AA,LAX,13
-1,6,22,5,8,2475,AA,LAX,12
59,6,23,6,8,2475,AA,LAX,11
-6,6,24,7,8,2475,AA,LAX,10
-5,6,25,1,8,2475,AA,LAX,9
-2,6,26,2,8,2475,AA,LAX,8
-3,6,27,3,8,2475,AA,LAX,7
-5,6,28,4,8,2475,AA,LAX,6
-1,6,29,5,8,2475,AA,LAX,5
-6,6,30,6,8,2475,AA,LAX,4
37,6,1,5,13,2475,AA,LAX,6
13,6,2,6,13,2475,AA,LAX,7
1,6,3,7,13,2475,AA,LAX,8
-7,6,4,1,13,2475,AA,LAX,9
-5,6,5,2,13,2475,AA,LAX,10
-8,6,6,3,13,2475,AA,LAX,11
-1,6,7,4,13,2475,AA,LAX,12
2,6,8,5,13,2475,AA,LAX,13
18,6,9,6,13,2475,AA,LAX,14
-4,6,10,7,13,2475,AA,LAX,15
-5,6,11,1,13,2475,AA,LAX,16
-4,6,12,2,13,2475,AA,LAX,17
-6,6,13,3,13,2475,AA,LAX,18
-4,6,14,4,13,2475,AA,LAX,19
-7,6,15,5,13,2475,AA,LAX,19
-4,6,16,6,13,2475,AA,LAX,18
-6,6,17,7,13,2475,AA,LAX,17
-4,6,18,1,13,2475,AA,LAX,16
-8,6,19,2,13,2475,AA,LAX,15
-5,6,20,3,13,2475,AA,LAX,14
-1,6,21,4,13,2475,AA,LAX,13
111,6,22,5,13,2475,AA,LAX,12
105,6,23,6,13,2475,AA,LAX,11
176,6,24,7,13,2475,AA,LAX,10
2,6,25,1,13,2475,AA,LAX,9
2,6,26,2,13,2475,AA,LAX,8
-4,6,27,3,13,2475,AA,LAX,7
0,6,28,4,13,2475,AA,LAX,6
-2,6,29,5,13,2475,AA,LAX,5
31,6,30,6,13,2475,AA,LAX,4
19,6,1,5,15,2475,AA,LAX,6
-9,6,2,6,15,2475,AA,LAX,7
-1,6,3,7,15,2475,AA,LAX,8
-6,6,4,1,15,2475,AA,LAX,9
-5,6,5,2,15,2475,AA,LAX,10
-6,6,6,3,15,2475,AA,LAX,11
-4,6,7,4,15,2475,AA,LAX,12
1,6,8,5,15,2475,AA,LAX,13
34,6,9,6,15,2475,AA,LAX,14
-6,6,10,7,15,2475,AA,LAX,15
-4,6,11,1,15,2475,AA,LAX,16
-8,6,12,2,15,2475,AA,LAX,17
-2,6,13,3,15,2475,AA,LAX,18
-2,6,14,4,15,2475,AA,LAX,19
58,6,15,5,15,2475,AA,LAX,19
-6,6,16,6,15,2475,AA,LAX,18
-6,6,17,7,15,2475,AA,LAX,17
-1,6,18,1,15,2475,AA,LAX,16
-5,6,19,2,15,2475,AA,LAX,15
27,6,20,3,15,2475,AA,LAX,14
-4,6,21,4,15,2475,AA,LAX,13
376,6,22,5,15,2475,AA,LAX,12
13,6,23,6,15,2475,AA,LAX,11
-3,6,24,7,15,2475,AA,LAX,10
46,6,25,1,15,2475,AA,LAX,9
8,6,26,2,15,2475,AA,LAX,8
38,6,27,3,15,2475,AA,LAX,7
46,6,28,4,15,2475,AA,LAX,6
-1,6,29,5,15,2475,AA,LAX,5
-4,6,30,6,15,2475,AA,LAX,4
-5,6,1,5,16,2475,AA,LAX,6
2,6,2,6,16,2475,AA,LAX,7
-4,6,3,7,16,2475,AA,LAX,8
-4,6,4,1,16,2475,AA,LAX,9
-4,6,5,2,16,2475,AA,LAX,10
23,6,6,3,16,2475,AA,LAX,11
-5,6,7,4,16,2475,AA,LAX,12
-4,6,8,5,16,2475,AA,LAX,13
-5,6,9,6,16,2475,AA,LAX,14
163,6,10,7,16,2475,AA,LAX,15
-4,6,11,1,16,2475,AA,LAX,16
-1,6,12,2,16,2475,AA,LAX,17
38,6,13,3,16,2475,AA,LAX,18
-4,6,14,4,17,2475,AA,LAX,19
12,6,15,5,17,2475,AA,LAX,19
0,6,16,6,17,2475,AA,LAX,18
-6,6,17,7,17,2475,AA,LAX,17
-6,6,18,1,17,2475,AA,LAX,16
-5,6,19,2,17,2475,AA,LAX,15
17,6,20,3,17,2475,AA,LAX,14
-7,6,21,4,17,2475,AA,LAX,13
177,6,22,5,17,2475,AA,LAX,12
-4,6,23,6,17,2475,AA,LAX,11
79,6,24,7,17,2475,AA,LAX,10
14,6,25,1,17,2475,AA,LAX,9
35,6,26,2,17,2475,AA,LAX,8
7,6,27,3,17,2475,AA,LAX,7
10,6,28,4,17,2475,AA,LAX,6
-6,6,29,5,17,2475,AA,LAX,5
0,6,30,6,17,2475,AA,LAX,4
-1,6,1,5,21,2475,AA,LAX,6
-3,6,2,6,21,2475,AA,LAX,7
4,6,3,7,21,2475,AA,LAX,8
1,6,4,1,21,2475,AA,LAX,9
-5,6,5,2,21,2475,AA,LAX,10
-5,6,6,3,21,2475,AA,LAX,11
46,6,7,4,21,2475,AA,LAX,12
-4,6,8,5,21,2475,AA,LAX,13
-6,6,9,6,21,2475,AA,LAX,14
-4,6,10,7,21,2475,AA,LAX,15
-7,6,11,1,21,2475,AA,LAX,16
0,6,12,2,21,2475,AA,LAX,17
1,6,13,3,21,2475,AA,LAX,18
-3,6,14,4,20,2475,AA,LAX,19
1,6,15,5,20,2475,AA,LAX,19
-6,6,16,6,20,2475,AA,LAX,18
-6,6,17,7,20,2475,AA,LAX,17
-7,6,18,1,20,2475,AA,LAX,16
49,6,19,2,20,2475,AA,LAX,15
25,6,20,3,20,2475,AA,LAX,14
58,6,21,4,20,2475,AA,LAX,13
168,6,22,5,20,2475,AA,LAX,12
-3,6,23,6,20,2475,AA,LAX,11
3,6,24,7,20,2475,AA,LAX,10
148,6,25,1,20,2475,AA,LAX,9
10,6,26,2,20,2475,AA,LAX,8
-6,6,27,3,20,2475,AA,LAX,7
-3,6,28,4,20,2475,AA,LAX,6
-3,6,29,5,20,2475,AA,LAX,5
45,6,30,6,20,2475,AA,LAX,4
-8,6,1,5,6,2475,AA,LAX,6
-5,6,2,6,6,2475,AA,LAX,7
-5,6,4,1,6,2475,AA,LAX,9
-8,6,5,2,6,2475,AA,LAX,10
-3,6,6,3,6,2475,AA,LAX,11
4,6,7,4,6,2475,AA,LAX,12
-5,6,8,5,6,2475,AA,LAX,13
-6,6,9,6,6,2475,AA,LAX,14
19,6,11,1,6,2475,AA,LAX,16
-3,6,12,2,6,2475,AA,LAX,17
-2,6,13,3,6,2475,AA,LAX,18
-6,6,14,4,6,2475,AA,LAX,19
-7,6,1,5,7,2475,B6,LAX,6
-1,6,1,5,16,2475,B6,LAX,6
4,6,1,5,20,2475,B6,LAX,6
-1,6,1,5,9,2475,B6,LAX,6
-1,6,3,7,7,2475,B6,LAX,8
-2,6,3,7,16,2475,B6,LAX,8
43,6,3,7,20,2475,B6,LAX,8
16,6,3,7,9,2475,B6,LAX,8
-3,6,4,1,7,2475,B6,LAX,9
-5,6,4,1,16,2475,B6,LAX,9
43,6,4,1,20,2475,B6,LAX,9
123,6,4,1,9,2475,B6,LAX,9
-4,6,5,2,7,2475,B6,LAX,10
-1,6,5,2,16,2475,B6,LAX,10
-5,6,5,2,20,2475,B6,LAX,10
-4,6,5,2,9,2475,B6,LAX,10
-5,6,6,3,7,2475,B6,LAX,11
-3,6,6,3,16,2475,B6,LAX,11
-3,6,6,3,20,2475,B6,LAX,11
4,6,6,3,9,2475,B6,LAX,11
-8,6,7,4,7,2475,B6,LAX,12
-3,6,7,4,16,2475,B6,LAX,12
45,6,7,4,20,2475,B6,LAX,12
28,6,7,4,9,2475,B6,LAX,12
-3,6,13,3,7,2475,B6,LAX,18
20,6,13,3,16,2475,B6,LAX,18
22,6,13,3,20,2475,B6,LAX,18
-6,6,13,3,9,2475,B6,LAX,18
-3,6,11,1,7,2475,B6,LAX,16
-5,6,11,1,16,2475,B6,LAX,16
5,6,11,1,20,2475,B6,LAX,16
1,6,11,1,9,2475,B6,LAX,16
-3,6,12,2,7,2475,B6,LAX,17
1,6,12,2,16,2475,B6,LAX,17
-3,6,12,2,20,2475,B6,LAX,17
9,6,12,2,9,2475,B6,LAX,17
-2,6,14,4,7,2475,B6,LAX,19
9,6,14,4,16,2475,B6,LAX,19
5,6,14,4,20,2475,B6,LAX,19
-6,6,14,4,9,2475,B6,LAX,19
-4,6,15,5,7,2475,B6,LAX,19
7,6,15,5,16,2475,B6,LAX,19
71,6,15,5,20,2475,B6,LAX,19
-4,6,15,5,9,2475,B6,LAX,19
3,6,16,6,7,2475,B6,LAX,18
-4,6,16,6,16,2475,B6,LAX,18
-4,6,16,6,20,2475,B6,LAX,18
-9,6,20,3,7,2475,B6,LAX,14
-4,6,20,3,11,2475,B6,LAX,14
-7,6,20,3,16,2475,B6,LAX,14
3,6,20,3,20,2475,B6,LAX,14
-3,6,20,3,9,2475,B6,LAX,14
13,6,21,4,22,2475,B6,LAX,13
-1,6,21,4,7,2475,B6,LAX,13
7,6,21,4,12,2475,B6,LAX,13
-4,6,21,4,16,2475,B6,LAX,13
-6,6,21,4,21,2475,B6,LAX,13
-1,6,21,4,9,2475,B6,LAX,13
115,6,23,6,22,2475,B6,LAX,11
-2,6,23,6,7,2475,B6,LAX,11
30,6,23,6,16,2475,B6,LAX,11
-5,6,23,6,21,2475,B6,LAX,11
110,6,23,6,9,2475,B6,LAX,11
-6,6,9,6,7,2475,B6,LAX,14
-3,6,9,6,16,2475,B6,LAX,14
-2,6,9,6,20,2475,B6,LAX,14
-5,6,10,7,7,2475,B6,LAX,15
-2,6,10,7,16,2475,B6,LAX,15
13,6,10,7,20,2475,B6,LAX,15
-4,6,10,7,9,2475,B6,LAX,15
90,6,22,5,22,2475,B6,LAX,12
-6,6,22,5,7,2475,B6,LAX,12
-1,6,22,5,12,2475,B6,LAX,12
342,6,22,5,16,2475,B6,LAX,12
153,6,22,5,21,2475,B6,LAX,12
-7,6,22,5,9,2475,B6,LAX,12
-1,6,19,2,7,2475,B6,LAX,15
-5,6,19,2,11,2475,B6,LAX,15
-5,6,19,2,16,2475,B6,LAX,15
-5,6,19,2,20,2475,B6,LAX,15
-2,6,19,2,9,2475,B6,LAX,15
83,6,25,1,22,2475,B6,LAX,9
2,6,25,1,7,2475,B6,LAX,9
21,6,25,1,12,2475,B6,LAX,9
32,6,25,1,16,2475,B6,LAX,9
-3,6,25,1,21,2475,B6,LAX,9
92,6,25,1,9,2475,B6,LAX,9
47,6,24,7,22,2475,B6,LAX,10
1,6,24,7,7,2475,B6,LAX,10
-3,6,24,7,12,2475,B6,LAX,10
11,6,24,7,16,2475,B6,LAX,10
20,6,24,7,21,2475,B6,LAX,10
-4,6,24,7,9,2475,B6,LAX,10
24,6,28,4,22,2475,B6,LAX,6
-3,6,28,4,7,2475,B6,LAX,6
10,6,28,4,12,2475,B6,LAX,6
-6,6,28,4,16,2475,B6,LAX,6
1,6,28,4,21,2475,B6,LAX,6
15,6,28,4,9,2475,B6,LAX,6
127,6,26,2,22,2475,B6,LAX,8
42,6,26,2,7,2475,B6,LAX,8
-1,6,26,2,12,2475,B6,LAX,8
-2,6,26,2,16,2475,B6,LAX,8
39,6,26,2,21,2475,B6,LAX,8
-5,6,26,2,9,2475,B6,LAX,8
5,6,27,3,22,2475,B6,LAX,7
-4,6,27,3,7,2475,B6,LAX,7
-1,6,27,3,12,2475,B6,LAX,7
53,6,27,3,16,2475,B6,LAX,7
81,6,27,3,21,2475,B6,LAX,7
-5,6,27,3,9,2475,B6,LAX,7
94,6,29,5,22,2475,B6,LAX,5
16,6,29,5,7,2475,B6,LAX,5
-1,6,29,5,12,2475,B6,LAX,5
-3,6,29,5,16,2475,B6,LAX,5
1,6,29,5,21,2475,B6,LAX,5
22,6,29,5,9,2475,B6,LAX,5
-4,6,30,6,22,2475,B6,LAX,4
4,6,30,6,7,2475,B6,LAX,4
0,6,30,6,16,2475,B6,LAX,4
58,6,30,6,21,2475,B6,LAX,4
-2,6,30,6,9,2475,B6,LAX,4
47,6,1,5,21,2475,DL,LAX,6
-8,6,2,6,17,2475,DL,LAX,7
-4,6,2,6,19,2475,DL,LAX,7
-4,6,2,6,9,2475,DL,LAX,7
-6,6,2,6,15,2475,DL,LAX,7
-4,6,2,6,12,2475,DL,LAX,7
-1,6,3,7,15,2475,DL,LAX,8
-3,6,1,5,19,2475,DL,LAX,6
-5,6,1,5,9,2475,DL,LAX,6
-4,6,1,5,7,2475,DL,LAX,6
-2,6,1,5,12,2475,DL,LAX,6
0,6,1,5,15,2475,DL,LAX,6
-5,6,1,5,17,2475,DL,LAX,6
-4,6,3,7,7,2475,DL,LAX,8
-6,6,3,7,12,2475,DL,LAX,8
-5,6,3,7,17,2475,DL,LAX,8
-2,6,3,7,19,2475,DL,LAX,8
2,6,3,7,9,2475,DL,LAX,8
-2,6,4,1,9,2475,DL,LAX,9
-8,6,4,1,15,2475,DL,LAX,9
-3,6,4,1,7,2475,DL,LAX,9
-5,6,4,1,12,2475,DL,LAX,9
-6,6,2,6,7,2475,B6,LAX,7
0,6,2,6,16,2475,B6,LAX,7
14,6,2,6,20,2475,B6,LAX,7
-6,6,8,5,7,2475,B6,LAX,13
-3,6,8,5,16,2475,B6,LAX,13
-2,6,8,5,20,2475,B6,LAX,13
-2,6,8,5,9,2475,B6,LAX,13
1,6,6,3,19,2475,DL,LAX,11
-1,6,6,3,9,2475,DL,LAX,11
138,6,3,7,21,2475,DL,LAX,8
-7,6,4,1,17,2475,DL,LAX,9
-4,6,4,1,19,2475,DL,LAX,9
10,6,5,2,19,2475,DL,LAX,10
-2,6,5,2,9,2475,DL,LAX,10
-2,6,5,2,15,2475,DL,LAX,10
13,6,5,2,7,2475,DL,LAX,10
-3,6,5,2,12,2475,DL,LAX,10
-3,6,5,2,17,2475,DL,LAX,10
93,6,5,2,21,2475,DL,LAX,10
33,6,7,4,17,2475,DL,LAX,12
-3,6,7,4,19,2475,DL,LAX,12
35,6,7,4,9,2475,DL,LAX,12
0,6,7,4,15,2475,DL,LAX,12
-6,6,7,4,13,2475,DL,LAX,12
-2,6,6,3,21,2475,DL,LAX,11
2,6,7,4,11,2475,DL,LAX,12
0,6,6,3,15,2475,DL,LAX,11
-2,6,6,3,7,2475,DL,LAX,11
-2,6,6,3,12,2475,DL,LAX,11
2,6,6,3,17,2475,DL,LAX,11
-8,6,6,3,22,2475,DL,LAX,11
86,6,7,4,21,2475,DL,LAX,12
-3,6,8,5,17,2475,DL,LAX,13
-2,6,8,5,19,2475,DL,LAX,13
-3,6,8,5,9,2475,DL,LAX,13
-3,6,8,5,15,2475,DL,LAX,13
-2,6,9,6,13,2475,DL,LAX,14
-5,6,8,5,13,2475,DL,LAX,13
4,6,10,7,17,2475,DL,LAX,15
-3,6,10,7,19,2475,DL,LAX,15
-4,6,10,7,9,2475,DL,LAX,15
-2,6,10,7,15,2475,DL,LAX,15
-1,6,11,1,13,2475,DL,LAX,16
-3,6,11,1,7,2475,DL,LAX,16
-6,6,9,6,11,2475,DL,LAX,14
14,6,10,7,21,2475,DL,LAX,15
-3,6,11,1,17,2475,DL,LAX,16
6,6,11,1,19,2475,DL,LAX,16
-2,6,11,1,9,2475,DL,LAX,16
15,6,11,1,15,2475,DL,LAX,16
-4,6,10,7,13,2475,DL,LAX,15
15,6,10,7,7,2475,DL,LAX,15
-4,6,10,7,11,2475,DL,LAX,15
-3,6,11,1,11,2475,DL,LAX,16
-3,6,12,2,21,2475,DL,LAX,17
18,6,13,3,17,2475,DL,LAX,18
-8,6,13,3,19,2475,DL,LAX,18
18,6,13,3,9,2475,DL,LAX,18
-3,6,13,3,15,2475,DL,LAX,18
24,6,14,4,19,2475,DL,LAX,19
0,6,11,1,21,2475,DL,LAX,16
19,6,12,2,17,2475,DL,LAX,17
-5,6,12,2,19,2475,DL,LAX,17
-2,6,12,2,9,2475,DL,LAX,17
-2,6,12,2,15,2475,DL,LAX,17
-4,6,13,3,13,2475,DL,LAX,18
-5,6,13,3,7,2475,DL,LAX,18
-3,6,7,4,7,2475,DL,LAX,12
1,6,8,5,21,2475,DL,LAX,13
25,6,9,6,17,2475,DL,LAX,14
-4,6,9,6,19,2475,DL,LAX,14
-5,6,9,6,9,2475,DL,LAX,14
-4,6,9,6,15,2475,DL,LAX,14
-1,6,13,3,11,2475,DL,LAX,18
86,6,8,5,7,2475,DL,LAX,13
-4,6,8,5,11,2475,DL,LAX,13
0,6,15,5,17,2475,DL,LAX,19
-6,6,15,5,19,2475,DL,LAX,19
-1,6,15,5,9,2475,DL,LAX,19
12,6,15,5,15,2475,DL,LAX,19
-5,6,14,4,11,2475,DL,LAX,19
22,6,14,4,21,2475,DL,LAX,19
-6,6,15,5,13,2475,DL,LAX,19
-3,6,15,5,7,2475,DL,LAX,19
-4,6,15,5,21,2475,DL,LAX,19
-7,6,16,6,17,2475,DL,LAX,18
-1,6,16,6,19,2475,DL,LAX,18
0,6,16,6,9,2475,DL,LAX,18
5,6,16,6,15,2475,DL,LAX,18
48,6,14,4,9,2475,DL,LAX,19
1,6,14,4,15,2475,DL,LAX,19
-4,6,14,4,13,2475,DL,LAX,19
-3,6,14,4,7,2475,DL,LAX,19
-5,6,16,6,11,2475,DL,LAX,18
-6,6,15,5,11,2475,DL,LAX,19
-3,6,17,7,7,2475,DL,LAX,17
-8,6,17,7,11,2475,DL,LAX,17
-1,6,16,6,13,2475,DL,LAX,18
5,6,17,7,17,2475,DL,LAX,17
0,6,17,7,19,2475,DL,LAX,17
-1,6,17,7,9,2475,DL,LAX,17
3,6,17,7,15,2475,DL,LAX,17
-9,6,17,7,13,2475,DL,LAX,17
-6,6,18,1,13,2475,DL,LAX,16
0,6,18,1,7,2475,DL,LAX,16
60,6,19,2,13,2475,DL,LAX,15
-3,6,19,2,7,2475,DL,LAX,15
12,6,19,2,11,2475,DL,LAX,15
145,6,20,3,11,2475,DL,LAX,14
-2,6,18,1,21,2475,DL,LAX,16
13,6,19,2,17,2475,DL,LAX,15
0,6,19,2,19,2475,DL,LAX,15
-4,6,19,2,9,2475,DL,LAX,15
-2,6,19,2,15,2475,DL,LAX,15
-4,6,20,3,13,2475,DL,LAX,14
-4,6,20,3,7,2475,DL,LAX,14
-1,6,13,3,21,2475,DL,LAX,18
25,6,14,4,17,2475,DL,LAX,19
12,6,17,7,21,2475,DL,LAX,17
-3,6,18,1,17,2475,DL,LAX,16
9,6,18,1,19,2475,DL,LAX,16
0,6,18,1,9,2475,DL,LAX,16
-5,6,18,1,15,2475,DL,LAX,16
54,6,21,4,17,2475,DL,LAX,13
76,6,21,4,19,2475,DL,LAX,13
-4,6,21,4,9,2475,DL,LAX,13
0,6,21,4,15,2475,DL,LAX,13
-1,6,20,3,21,2475,DL,LAX,14
-6,6,21,4,11,2475,DL,LAX,13
-6,6,21,4,13,2475,DL,LAX,13
-2,6,21,4,7,2475,DL,LAX,13
-1,6,21,4,21,2475,DL,LAX,13
172,6,22,5,17,2475,DL,LAX,12
214,6,22,5,19,2475,DL,LAX,12
141,6,22,5,9,2475,DL,LAX,12
73,6,22,5,15,2475,DL,LAX,12
-1,6,23,6,13,2475,DL,LAX,11
-1,6,22,5,11,2475,DL,LAX,12
-6,6,24,7,17,2475,DL,LAX,10
18,6,24,7,19,2475,DL,LAX,10
105,6,17,7,7,2475,B6,LAX,17
-6,6,17,7,16,2475,B6,LAX,17
15,6,17,7,20,2475,B6,LAX,17
-7,6,17,7,9,2475,B6,LAX,17
-2,6,18,1,7,2475,B6,LAX,16
-6,6,18,1,11,2475,B6,LAX,16
-4,6,18,1,16,2475,B6,LAX,16
-4,6,18,1,20,2475,B6,LAX,16
-4,6,18,1,9,2475,B6,LAX,16
-2,6,22,5,13,2475,DL,LAX,12
77,6,22,5,7,2475,DL,LAX,12
15,6,24,7,7,2475,DL,LAX,10
18,6,24,7,11,2475,DL,LAX,10
64,6,24,7,9,2475,DL,LAX,10
-1,6,24,7,15,2475,DL,LAX,10
4,6,24,7,13,2475,DL,LAX,10
34,6,25,1,13,2475,DL,LAX,9
-7,6,25,1,7,2475,DL,LAX,9
48,6,25,1,11,2475,DL,LAX,9
13,6,24,7,21,2475,DL,LAX,10
23,6,25,1,17,2475,DL,LAX,9
168,6,25,1,19,2475,DL,LAX,9
-5,6,25,1,9,2475,DL,LAX,9
80,6,25,1,15,2475,DL,LAX,9
-4,6,26,2,13,2475,DL,LAX,8
0,6,26,2,7,2475,DL,LAX,8
34,6,23,6,11,2475,DL,LAX,11
7,6,26,2,21,2475,DL,LAX,8
219,6,22,5,21,2475,DL,LAX,12
8,6,23,6,17,2475,DL,LAX,11
13,6,23,6,19,2475,DL,LAX,11
31,6,23,6,9,2475,DL,LAX,11
-1,6,23,6,15,2475,DL,LAX,11
50,6,28,4,21,2475,DL,LAX,6
72,6,29,5,17,2475,DL,LAX,5
-2,6,29,5,19,2475,DL,LAX,5
-6,6,29,5,9,2475,DL,LAX,5
11,6,29,5,15,2475,DL,LAX,5
-3,6,26,2,11,2475,DL,LAX,8
-4,6,27,3,11,2475,DL,LAX,7
3,6,27,3,21,2475,DL,LAX,7
47,6,29,5,7,2475,DL,LAX,5
-1,6,27,3,17,2475,DL,LAX,7
-5,6,27,3,19,2475,DL,LAX,7
-5,6,27,3,9,2475,DL,LAX,7
-4,6,27,3,15,2475,DL,LAX,7
29,6,28,4,17,2475,DL,LAX,6
-2,6,28,4,19,2475,DL,LAX,6
-1,6,28,4,9,2475,DL,LAX,6
3,6,28,4,15,2475,DL,LAX,6
1,6,28,4,13,2475,DL,LAX,6
-2,6,28,4,7,2475,DL,LAX,6
31,6,29,5,21,2475,DL,LAX,5
0,6,25,1,21,2475,DL,LAX,9
18,6,26,2,17,2475,DL,LAX,8
-3,6,26,2,19,2475,DL,LAX,8
-2,6,26,2,9,2475,DL,LAX,8
-1,6,26,2,15,2475,DL,LAX,8
-3,6,28,4,11,2475,DL,LAX,6
-2,6,29,5,11,2475,DL,LAX,5
15,6,30,6,13,2475,DL,LAX,4
-3,6,30,6,11,2475,DL,LAX,4
0,6,30,6,17,2475,DL,LAX,4
3,6,30,6,19,2475,DL,LAX,4
-5,6,30,6,9,2475,DL,LAX,4
-1,6,30,6,15,2475,DL,LAX,4
36,6,4,1,21,2475,DL,LAX,9
-6,6,29,5,13,2475,DL,LAX,5
-5,6,12,2,13,2475,DL,LAX,17
-4,6,12,2,7,2475,DL,LAX,17
26,6,12,2,11,2475,DL,LAX,17
-1,6,18,1,11,2475,DL,LAX,16
-2,6,19,2,21,2475,DL,LAX,15
-6,6,20,3,17,2475,DL,LAX,14
-2,6,20,3,19,2475,DL,LAX,14
-2,6,20,3,9,2475,DL,LAX,14
27,6,20,3,15,2475,DL,LAX,14
-5,6,27,3,13,2475,DL,LAX,7
13,6,27,3,7,2475,DL,LAX,7
