-4,4,1,7,9,2475,AA,LAX,43
-7,4,2,1,9,2475,AA,LAX,44
-6,4,3,2,9,2475,AA,LAX,45
-6,4,4,3,9,2475,AA,LAX,46
-2,4,5,4,9,2475,AA,LAX,47
-6,4,6,5,9,2475,AA,LAX,46
-8,4,7,6,9,2475,AA,LAX,45
-7,4,8,7,9,2475,AA,LAX,44
-9,4,9,1,9,2475,AA,LAX,43
-5,4,10,2,9,2475,AA,LAX,42
-10,4,11,3,9,2475,AA,LAX,41
1,4,12,4,9,2475,AA,LAX,40
0,4,13,5,9,2475,AA,LAX,39
-7,4,14,6,9,2475,AA,LAX,38
-5,4,15,7,9,2475,AA,LAX,37
-6,4,16,1,9,2475,AA,LAX,36
-6,4,17,2,9,2475,AA,LAX,35
-4,4,18,3,9,2475,AA,LAX,34
-7,4,19,4,9,2475,AA,LAX,33
-7,4,20,5,9,2475,AA,LAX,32
-10,4,21,6,9,2475,AA,LAX,31
-2,4,22,7,9,2475,AA,LAX,30
-8,4,23,1,9,2475,AA,LAX,29
-6,4,24,2,9,2475,AA,LAX,28
-2,4,25,3,9,2475,AA,LAX,27
-6,4,26,4,9,2475,AA,LAX,26
0,4,27,5,9,2475,AA,LAX,25
7,4,28,6,9,2475,AA,LAX,24
-4,4,29,7,9,2475,AA,LAX,23
-10,4,30,1,9,2475,AA,LAX,22
-7,4,1,7,12,2475,AA,LAX,43
-8,4,2,1,12,2475,AA,LAX,44
-9,4,3,2,12,2475,AA,LAX,45
1,4,4,3,12,2475,AA,LAX,46
-6,4,5,4,12,2475,AA,LAX,47
-11,4,6,5,12,2475,AA,LAX,46
0,4,7,6,12,2475,AA,LAX,45
-7,4,8,7,12,2475,AA,LAX,44
-5,4,9,1,12,2475,AA,LAX,43
-13,4,10,2,12,2475,AA,LAX,42
-5,4,11,3,12,2475,AA,LAX,41
-11,4,12,4,12,2475,AA,LAX,40
-3,4,13,5,12,2475,AA,LAX,39
-8,4,14,6,12,2475,AA,LAX,38
-8,4,15,7,12,2475,AA,LAX,37
-9,4,16,1,12,2475,AA,LAX,36
-6,4,17,2,12,2475,AA,LAX,35
-9,4,18,3,12,2475,AA,LAX,34
-3,4,19,4,12,2475,AA,LAX,33
-4,4,20,5,12,2475,AA,LAX,32
-11,4,21,6,12,2475,AA,LAX,31
-6,4,22,7,12,2475,AA,LAX,30
-12,4,23,1,12,2475,AA,LAX,29
-11,4,24,2,12,2475,AA,LAX,28
-5,4,25,3,12,2475,AA,LAX,27
-7,4,26,4,12,2475,AA,LAX,26
-4,4,27,5,12,2475,AA,LAX,25
-8,4,28,6,12,2475,AA,LAX,24
-6,4,29,7,12,2475,AA,LAX,23
-5,4,30,1,12,2475,AA,LAX,22
-5,4,1,7,10,2475,AA,LAX,43
-6,4,2,1,10,2475,AA,LAX,44
-10,4,3,2,10,2475,AA,LAX,45
-3,4,4,3,10,2475,AA,LAX,46
11,4,5,4,10,2475,AA,LAX,47
-2,4,6,5,10,2475,AA,LAX,46
-6,4,8,7,10,2475,AA,LAX,44
0,4,9,1,10,2475,AA,LAX,43
0,4,10,2,10,2475,AA,LAX,42
-8,4,11,3,10,2475,AA,LAX,41
-7,4,12,4,10,2475,AA,LAX,40
-6,4,13,5,10,2475,AA,LAX,39
-5,4,15,7,10,2475,AA,LAX,37
-10,4,16,1,10,2475,AA,LAX,36
-7,4,17,2,10,2475,AA,LAX,35
-2,4,18,3,10,2475,AA,LAX,34
-5,4,19,4,10,2475,AA,LAX,33
-6,4,20,5,10,2475,AA,LAX,32
-8,4,22,7,10,2475,AA,LAX,30
-5,4,23,1,10,2475,AA,LAX,29
-9,4,24,2,10,2475,AA,LAX,28
36,4,25,3,10,2475,AA,LAX,27
-2,4,26,4,10,2475,AA,LAX,26
-3,4,27,5,10,2475,AA,LAX,25
-12,4,29,7,10,2475,AA,LAX,23
-4,4,30,1,10,2475,AA,LAX,22
-6,4,1,7,19,2475,AA,LAX,43
6,4,2,1,19,2475,AA,LAX,44
20,4,3,2,19,2475,AA,LAX,45
3,4,4,3,19,2475,AA,LAX,46
-3,4,5,4,19,2475,AA,LAX,47
-5,4,6,5,19,2475,AA,LAX,46
-7,4,7,6,19,2475,AA,LAX,45
7,4,8,7,19,2475,AA,LAX,44
-6,4,9,1,19,2475,AA,LAX,43
5,4,10,2,19,2475,AA,LAX,42
20,4,11,3,19,2475,AA,LAX,41
43,4,12,4,19,2475,AA,LAX,40
-6,4,13,5,19,2475,AA,LAX,39
-9,4,14,6,19,2475,AA,LAX,38
43,4,15,7,19,2475,AA,LAX,37
36,4,16,1,19,2475,AA,LAX,36
-4,4,17,2,19,2475,AA,LAX,35
-4,4,18,3,19,2475,AA,LAX,34
-6,4,19,4,19,2475,AA,LAX,33
-7,4,20,5,19,2475,AA,LAX,32
-3,4,21,6,19,2475,AA,LAX,31
0,4,22,7,19,2475,AA,LAX,30
-7,4,23,1,19,2475,AA,LAX,29
-2,4,24,2,19,2475,AA,LAX,28
-5,4,25,3,19,2475,AA,LAX,27
-4,4,26,4,19,2475,AA,LAX,26
-4,4,27,5,19,2475,AA,LAX,25
-2,4,28,6,19,2475,AA,LAX,24
11,4,29,7,19,2475,AA,LAX,23
-4,4,30,1,19,2475,AA,LAX,22
-2,4,1,7,7,2475,AA,LAX,43
-4,4,2,1,7,2475,AA,LAX,44
-2,4,3,2,7,2475,AA,LAX,45
-3,4,4,3,7,2475,AA,LAX,46
3,4,5,4,7,2475,AA,LAX,47
59,4,6,5,7,2475,AA,LAX,46
-6,4,7,6,7,2475,AA,LAX,45
-4,4,8,7,7,2475,AA,LAX,44
-5,4,9,1,7,2475,AA,LAX,43
-2,4,10,2,7,2475,AA,LAX,42
-5,4,11,3,7,2475,AA,LAX,41
-5,4,12,4,7,2475,AA,LAX,40
-5,4,13,5,7,2475,AA,LAX,39
0,4,14,6,7,2475,AA,LAX,38
-5,4,15,7,7,2475,AA,LAX,37
4,4,16,1,7,2475,AA,LAX,36
-6,4,17,2,7,2475,AA,LAX,35
-2,4,18,3,7,2475,AA,LAX,34
-5,4,19,4,7,2475,AA,LAX,33
-5,4,20,5,7,2475,AA,LAX,32
-11,4,21,6,7,2475,AA,LAX,31
80,4,22,7,7,2475,AA,LAX,30
-2,4,23,1,7,2475,AA,LAX,29
-5,4,24,2,7,2475,AA,LAX,28
-8,4,25,3,7,2475,AA,LAX,27
-2,4,26,4,7,2475,AA,LAX,26
-7,4,27,5,7,2475,AA,LAX,25
289,4,28,6,7,2475,AA,LAX,24
-2,4,29,7,7,2475,AA,LAX,23
13,4,30,1,7,2475,AA,LAX,22
-5,4,1,7,13,2475,AA,LAX,43
-7,4,2,1,13,2475,AA,LAX,44
-4,4,3,2,13,2475,AA,LAX,45
-5,4,4,3,13,2475,AA,LAX,46
-7,4,5,4,13,2475,AA,LAX,47
-7,4,6,5,13,2475,AA,LAX,46
-4,4,7,6,13,2475,AA,LAX,45
-6,4,8,7,13,2475,AA,LAX,44
-6,4,9,1,13,2475,AA,LAX,43
0,4,10,2,13,2475,AA,LAX,42
-6,4,11,3,13,2475,AA,LAX,41
-5,4,12,4,13,2475,AA,LAX,40
-1,4,13,5,13,2475,AA,LAX,39
-5,4,14,6,13,2475,AA,LAX,38
-6,4,15,7,13,2475,AA,LAX,37
-3,4,16,1,13,2475,AA,LAX,36
-9,4,17,2,13,2475,AA,LAX,35
-2,4,18,3,13,2475,AA,LAX,34
-4,4,19,4,13,2475,AA,LAX,33
-6,4,20,5,13,2475,AA,LAX,32
5,4,21,6,13,2475,AA,LAX,31
5,4,22,7,13,2475,AA,LAX,30
-10,4,23,1,13,2475,AA,LAX,29
-2,4,24,2,13,2475,AA,LAX,28
-3,4,25,3,13,2475,AA,LAX,27
-2,4,26,4,13,2475,AA,LAX,26
1,4,27,5,13,2475,AA,LAX,25
212,4,28,6,13,2475,AA,LAX,24
-5,4,29,7,13,2475,AA,LAX,23
-7,4,30,1,13,2475,AA,LAX,22
-3,4,1,7,15,2475,AA,LAX,43
-4,4,2,1,15,2475,AA,LAX,44
-1,4,3,2,15,2475,AA,LAX,45
-1,4,4,3,15,2475,AA,LAX,46
-3,4,5,4,15,2475,AA,LAX,47
-2,4,6,5,15,2475,AA,LAX,46
-10,4,7,6,15,2475,AA,LAX,45
-1,4,8,7,15,2475,AA,LAX,44
-2,4,9,1,15,2475,AA,LAX,43
240,4,10,2,15,2475,AA,LAX,42
-3,4,11,3,15,2475,AA,LAX,41
111,4,12,4,15,2475,AA,LAX,40
-9,4,13,5,15,2475,AA,LAX,39
37,4,14,6,15,2475,AA,LAX,38
2,4,15,7,15,2475,AA,LAX,37
-6,4,16,1,15,2475,AA,LAX,36
5,4,17,2,15,2475,AA,LAX,35
-2,4,18,3,15,2475,AA,LAX,34
-8,4,19,4,15,2475,AA,LAX,33
29,4,20,5,15,2475,AA,LAX,32
-6,4,21,6,15,2475,AA,LAX,31
39,4,22,7,15,2475,AA,LAX,30
95,4,23,1,15,2475,AA,LAX,29
-7,4,24,2,15,2475,AA,LAX,28
84,4,25,3,15,2475,AA,LAX,27
-2,4,26,4,15,2475,AA,LAX,26
-5,4,27,5,15,2475,AA,LAX,25
161,4,28,6,15,2475,AA,LAX,24
-3,4,29,7,15,2475,AA,LAX,23
-6,4,30,1,15,2475,AA,LAX,22
156,4,1,7,16,2475,AA,LAX,43
2,4,2,1,16,2475,AA,LAX,44
3,4,3,2,16,2475,AA,LAX,45
18,4,4,3,16,2475,AA,LAX,46
1,4,5,4,16,2475,AA,LAX,47
-6,4,6,5,16,2475,AA,LAX,46
-4,4,7,6,16,2475,AA,LAX,45
-4,4,8,7,16,2475,AA,LAX,44
-4,4,9,1,16,2475,AA,LAX,43
-4,4,10,2,16,2475,AA,LAX,42
3,4,11,3,16,2475,AA,LAX,41
8,4,12,4,16,2475,AA,LAX,40
0,4,13,5,16,2475,AA,LAX,39
-5,4,14,6,16,2475,AA,LAX,38
21,4,15,7,16,2475,AA,LAX,37
-8,4,16,1,16,2475,AA,LAX,36
-5,4,17,2,16,2475,AA,LAX,35
-3,4,18,3,16,2475,AA,LAX,34
1,4,19,4,16,2475,AA,LAX,33
-6,4,20,5,16,2475,AA,LAX,32
-3,4,21,6,16,2475,AA,LAX,31
-4,4,22,7,16,2475,AA,LAX,30
-4,4,23,1,16,2475,AA,LAX,29
-3,4,24,2,16,2475,AA,LAX,28
-5,4,25,3,16,2475,AA,LAX,27
-3,4,26,4,16,2475,AA,LAX,26
25,4,27,5,16,2475,AA,LAX,25
-6,4,28,6,16,2475,AA,LAX,24
-3,4,29,7,16,2475,AA,LAX,23
-2,4,30,1,16,2475,AA,LAX,22
-7,4,1,7,21,2475,AA,LAX,43
-5,4,2,1,21,2475,AA,LAX,44
-5,4,3,2,21,2475,AA,LAX,45
3,4,4,3,21,2475,AA,LAX,46
-5,4,5,4,21,2475,AA,LAX,47
-10,4,6,5,21,2475,AA,LAX,46
-2,4,7,6,21,2475,AA,LAX,45
-1,4,8,7,21,2475,AA,LAX,44
3,4,9,1,21,2475,AA,LAX,43
-7,4,10,2,21,2475,AA,LAX,42
5,4,11,3,21,2475,AA,LAX,41
-1,4,12,4,21,2475,AA,LAX,40
49,4,13,5,21,2475,AA,LAX,39
-9,4,14,6,21,2475,AA,LAX,38
-3,4,15,7,21,2475,AA,LAX,37
20,4,16,1,21,2475,AA,LAX,36
-6,4,17,2,21,2475,AA,LAX,35
-9,4,18,3,21,2475,AA,LAX,34
-5,4,19,4,21,2475,AA,LAX,33
-6,4,20,5,21,2475,AA,LAX,32
-4,4,21,6,21,2475,AA,LAX,31
-1,4,22,7,21,2475,AA,LAX,30
38,4,23,1,21,2475,AA,LAX,29
-2,4,24,2,21,2475,AA,LAX,28
-6,4,25,3,21,2475,AA,LAX,27
-1,4,26,4,21,2475,AA,LAX,26
663,4,27,5,21,2475,AA,LAX,25
-5,4,28,6,21,2475,AA,LAX,24
21,4,29,7,21,2475,AA,LAX,23
-4,4,30,1,21,2475,AA,LAX,22
-8,4,1,7,7,2475,AA,LAX,43
-5,4,2,1,7,2475,AA,LAX,44
-7,4,3,2,6,2475,AA,LAX,45
-2,4,4,3,6,2475,AA,LAX,46
3,4,5,4,6,2475,AA,LAX,47
-4,4,6,5,6,2475,AA,LAX,46
-3,4,7,6,6,2475,AA,LAX,45
-7,4,9,1,6,2475,AA,LAX,43
3,4,10,2,6,2475,AA,LAX,42
-6,4,11,3,6,2475,AA,LAX,41
-3,4,12,4,6,2475,AA,LAX,40
-8,4,13,5,6,2475,AA,LAX,39
-12,4,14,6,6,2475,AA,LAX,38
-8,4,16,1,6,2475,AA,LAX,36
-6,4,17,2,6,2475,AA,LAX,35
-2,4,18,3,6,2475,AA,LAX,34
-5,4,19,4,6,2475,AA,LAX,33
-1,4,20,5,6,2475,AA,LAX,32
-5,4,21,6,6,2475,AA,LAX,31
-2,4,23,1,6,2475,AA,LAX,29
-5,4,24,2,6,2475,AA,LAX,28
-10,4,25,3,6,2475,AA,LAX,27
-9,4,26,4,6,2475,AA,LAX,26
-4,4,27,5,6,2475,AA,LAX,25
-1,4,28,6,6,2475,AA,LAX,24
-5,4,30,1,6,2475,AA,LAX,22
-1,4,1,7,7,2475,B6,LAX,43
-6,4,1,7,9,2475,B6,LAX,43
-4,4,1,7,16,2475,B6,LAX,43
21,4,1,7,20,2475,B6,LAX,43
-2,4,2,1,7,2475,B6,LAX,44
-2,4,2,1,9,2475,B6,LAX,44
-7,4,2,1,16,2475,B6,LAX,44
0,4,2,1,20,2475,B6,LAX,44
-1,4,6,5,7,2475,B6,LAX,46
-4,4,6,5,9,2475,B6,LAX,46
1,4,6,5,16,2475,B6,LAX,46
0,4,6,5,20,2475,B6,LAX,46
-2,4,5,4,7,2475,B6,LAX,47
-1,4,5,4,9,2475,B6,LAX,47
-2,4,5,4,16,2475,B6,LAX,47
-2,4,5,4,20,2475,B6,LAX,47
-3,4,9,1,7,2475,B6,LAX,43
17,4,9,1,9,2475,B6,LAX,43
-5,4,9,1,16,2475,B6,LAX,43
-5,4,9,1,20,2475,B6,LAX,43
-2,4,10,2,7,2475,B6,LAX,42
-4,4,10,2,9,2475,B6,LAX,42
1,4,10,2,16,2475,B6,LAX,42
-4,4,10,2,20,2475,B6,LAX,42
-2,4,8,7,7,2475,B6,LAX,44
-4,4,8,7,9,2475,B6,LAX,44
2,4,8,7,16,2475,B6,LAX,44
-6,4,8,7,20,2475,B6,LAX,44
3,4,15,7,7,2475,B6,LAX,37
7,4,15,7,9,2475,B6,LAX,37
4,4,15,7,16,2475,B6,LAX,37
-2,4,15,7,20,2475,B6,LAX,37
-2,4,16,1,7,2475,B6,LAX,36
0,4,16,1,9,2475,B6,LAX,36
12,4,16,1,16,2475,B6,LAX,36
-1,4,16,1,20,2475,B6,LAX,36
7,4,12,4,7,2475,B6,LAX,40
29,4,12,4,9,2475,B6,LAX,40
0,4,12,4,16,2475,B6,LAX,40
25,4,12,4,20,2475,B6,LAX,40
13,4,13,5,7,2475,B6,LAX,39
13,4,13,5,9,2475,B6,LAX,39
0,4,13,5,16,2475,B6,LAX,39
-4,4,13,5,20,2475,B6,LAX,39
6,4,17,2,7,2475,B6,LAX,35
-3,4,17,2,9,2475,B6,LAX,35
4,4,17,2,16,2475,B6,LAX,35
-5,4,17,2,20,2475,B6,LAX,35
0,4,14,6,9,2475,B6,LAX,38
0,4,14,6,16,2475,B6,LAX,38
-2,4,14,6,20,2475,B6,LAX,38
-6,4,18,3,7,2475,B6,LAX,34
-3,4,18,3,9,2475,B6,LAX,34
-6,4,18,3,16,2475,B6,LAX,34
-3,4,18,3,20,2475,B6,LAX,34
-1,4,20,5,7,2475,B6,LAX,32
-3,4,20,5,9,2475,B6,LAX,32
-3,4,20,5,16,2475,B6,LAX,32
-4,4,20,5,20,2475,B6,LAX,32
-2,4,21,6,9,2475,B6,LAX,31
-1,4,21,6,16,2475,B6,LAX,31
47,4,21,6,20,2475,B6,LAX,31
0,4,25,3,7,2475,B6,LAX,27
-1,4,25,3,9,2475,B6,LAX,27
1,4,25,3,16,2475,B6,LAX,27
14,4,22,7,7,2475,B6,LAX,30
-2,4,22,7,9,2475,B6,LAX,30
-3,4,22,7,16,2475,B6,LAX,30
47,4,22,7,20,2475,B6,LAX,30
-5,4,26,4,7,2475,B6,LAX,26
11,4,26,4,9,2475,B6,LAX,26
-1,4,26,4,16,2475,B6,LAX,26
17,4,26,4,20,2475,B6,LAX,26
-1,4,19,4,7,2475,B6,LAX,33
-1,4,19,4,9,2475,B6,LAX,33
-4,4,19,4,16,2475,B6,LAX,33
-7,4,19,4,20,2475,B6,LAX,33
-3,4,23,1,7,2475,B6,LAX,29
-3,4,23,1,9,2475,B6,LAX,29
-5,4,23,1,16,2475,B6,LAX,29
-8,4,23,1,20,2475,B6,LAX,29
-4,4,24,2,7,2475,B6,LAX,28
-1,4,24,2,9,2475,B6,LAX,28
-4,4,24,2,16,2475,B6,LAX,28
-7,4,24,2,20,2475,B6,LAX,28
6,4,27,5,7,2475,B6,LAX,25
-6,4,27,5,9,2475,B6,LAX,25
0,4,27,5,16,2475,B6,LAX,25
-2,4,27,5,20,2475,B6,LAX,25
-4,4,1,7,12,2475,DL,LAX,43
-5,4,1,7,7,2475,DL,LAX,43
-5,4,1,7,15,2475,DL,LAX,43
-2,4,7,6,9,2475,B6,LAX,45
-7,4,7,6,16,2475,B6,LAX,45
10,4,7,6,20,2475,B6,LAX,45
-3,4,11,3,7,2475,B6,LAX,41
-2,4,11,3,9,2475,B6,LAX,41
-8,4,11,3,16,2475,B6,LAX,41
-4,4,11,3,20,2475,B6,LAX,41
-1,4,25,3,20,2475,B6,LAX,27
-1,4,30,1,7,2475,B6,LAX,22
-4,4,30,1,9,2475,B6,LAX,22
-4,4,30,1,16,2475,B6,LAX,22
-5,4,30,1,20,2475,B6,LAX,22
10,4,1,7,17,2475,DL,LAX,43
-4,4,1,7,9,2475,DL,LAX,43
1,4,1,7,21,2475,DL,LAX,43
4,4,1,7,19,2475,DL,LAX,43
-4,4,2,1,17,2475,DL,LAX,44
-2,4,2,1,9,2475,DL,LAX,44
3,4,3,2,12,2475,DL,LAX,45
-6,4,3,2,7,2475,DL,LAX,45
-3,4,3,2,15,2475,DL,LAX,45
-3,4,2,1,12,2475,DL,LAX,44
-5,4,2,1,7,2475,DL,LAX,44
-2,4,2,1,15,2475,DL,LAX,44
-1,4,3,2,21,2475,DL,LAX,45
4,4,2,1,21,2475,DL,LAX,44
21,4,2,1,19,2475,DL,LAX,44
-5,4,3,2,17,2475,DL,LAX,45
-6,4,3,2,9,2475,DL,LAX,45
-6,4,4,3,12,2475,DL,LAX,46
-5,4,4,3,7,2475,DL,LAX,46
-2,4,4,3,15,2475,DL,LAX,46
-1,4,3,2,19,2475,DL,LAX,45
9,4,4,3,17,2475,DL,LAX,46
-2,4,4,3,9,2475,DL,LAX,46
-5,4,5,4,12,2475,DL,LAX,47
-2,4,5,4,7,2475,DL,LAX,47
1,4,5,4,15,2475,DL,LAX,47
11,4,4,3,21,2475,DL,LAX,46
0,4,4,3,19,2475,DL,LAX,46
1,4,5,4,17,2475,DL,LAX,47
-3,4,5,4,9,2475,DL,LAX,47
-3,4,6,5,12,2475,DL,LAX,46
0,4,6,5,7,2475,DL,LAX,46
-2,4,6,5,15,2475,DL,LAX,46
-3,4,7,6,19,2475,DL,LAX,45
-1,4,8,7,17,2475,DL,LAX,44
1,4,8,7,9,2475,DL,LAX,44
-5,4,8,7,12,2475,DL,LAX,44
4,4,5,4,21,2475,DL,LAX,47
25,4,5,4,19,2475,DL,LAX,47
-2,4,6,5,17,2475,DL,LAX,46
-4,4,6,5,9,2475,DL,LAX,46
-3,4,7,6,12,2475,DL,LAX,45
-2,4,7,6,15,2475,DL,LAX,45
17,4,8,7,21,2475,DL,LAX,44
-5,4,10,2,17,2475,DL,LAX,42
-6,4,8,7,15,2475,DL,LAX,44
-3,4,11,3,17,2475,DL,LAX,41
-5,4,8,7,19,2475,DL,LAX,44
-2,4,9,1,17,2475,DL,LAX,43
-3,4,9,1,9,2475,DL,LAX,43
-4,4,9,1,12,2475,DL,LAX,43
-3,4,9,1,7,2475,DL,LAX,43
2,4,9,1,15,2475,DL,LAX,43
-1,4,10,2,21,2475,DL,LAX,42
-5,4,11,3,19,2475,DL,LAX,41
-6,4,11,3,9,2475,DL,LAX,41
-5,4,11,3,7,2475,DL,LAX,41
-5,4,11,3,12,2475,DL,LAX,41
-2,4,11,3,21,2475,DL,LAX,41
-2,4,12,4,19,2475,DL,LAX,40
-3,4,12,4,9,2475,DL,LAX,40
-3,4,12,4,7,2475,DL,LAX,40
-4,4,12,4,12,2475,DL,LAX,40
35,4,13,5,15,2475,DL,LAX,39
0,4,6,5,21,2475,DL,LAX,46
21,4,6,5,19,2475,DL,LAX,46
-4,4,7,6,17,2475,DL,LAX,45
-3,4,7,6,9,2475,DL,LAX,45
-2,4,9,1,21,2475,DL,LAX,43
7,4,9,1,19,2475,DL,LAX,43
-5,4,10,2,19,2475,DL,LAX,42
-1,4,10,2,9,2475,DL,LAX,42
-3,4,10,2,7,2475,DL,LAX,42
8,4,10,2,12,2475,DL,LAX,42
2,4,10,2,15,2475,DL,LAX,42
0,4,12,4,21,2475,DL,LAX,40
94,4,13,5,19,2475,DL,LAX,39
-2,4,13,5,9,2475,DL,LAX,39
-4,4,13,5,7,2475,DL,LAX,39
-4,4,13,5,12,2475,DL,LAX,39
-8,4,14,6,15,2475,DL,LAX,38
-2,4,11,3,15,2475,DL,LAX,41
-1,4,12,4,15,2475,DL,LAX,40
-3,4,12,4,17,2475,DL,LAX,40
9,4,15,7,19,2475,DL,LAX,37
-7,4,15,7,9,2475,DL,LAX,37
3,4,15,7,21,2475,DL,LAX,37
-4,4,16,1,19,2475,DL,LAX,36
-5,4,16,1,9,2475,DL,LAX,36
20,4,13,5,17,2475,DL,LAX,39
-4,4,13,5,21,2475,DL,LAX,39
-1,4,14,6,19,2475,DL,LAX,38
-3,4,14,6,9,2475,DL,LAX,38
-3,4,14,6,12,2475,DL,LAX,38
-6,4,16,1,17,2475,DL,LAX,36
-2,4,14,6,17,2475,DL,LAX,38
-5,4,18,3,17,2475,DL,LAX,34
-6,4,16,1,7,2475,DL,LAX,36
-6,4,16,1,12,2475,DL,LAX,36
0,4,16,1,15,2475,DL,LAX,36
7,4,17,2,21,2475,DL,LAX,35
-5,4,18,3,19,2475,DL,LAX,34
0,4,18,3,9,2475,DL,LAX,34
-4,4,18,3,7,2475,DL,LAX,34
-5,4,18,3,12,2475,DL,LAX,34
-1,4,18,3,15,2475,DL,LAX,34
2,4,19,4,17,2475,DL,LAX,33
0,4,3,2,7,2475,B6,LAX,45
0,4,3,2,9,2475,B6,LAX,45
-1,4,3,2,16,2475,B6,LAX,45
48,4,3,2,20,2475,B6,LAX,45
0,4,4,3,7,2475,B6,LAX,46
-4,4,4,3,9,2475,B6,LAX,46
2,4,4,3,16,2475,B6,LAX,46
23,4,4,3,20,2475,B6,LAX,46
2,4,18,3,21,2475,DL,LAX,34
-4,4,19,4,19,2475,DL,LAX,33
-4,4,19,4,9,2475,DL,LAX,33
-2,4,19,4,7,2475,DL,LAX,33
-5,4,19,4,12,2475,DL,LAX,33
-3,4,20,5,15,2475,DL,LAX,32
-1,4,20,5,17,2475,DL,LAX,32
-1,4,19,4,21,2475,DL,LAX,33
-5,4,20,5,19,2475,DL,LAX,32
-2,4,20,5,9,2475,DL,LAX,32
-5,4,20,5,7,2475,DL,LAX,32
-3,4,20,5,12,2475,DL,LAX,32
3,4,22,7,19,2475,DL,LAX,30
-2,4,22,7,9,2475,DL,LAX,30
-2,4,19,4,15,2475,DL,LAX,33
13,4,20,5,21,2475,DL,LAX,32
-5,4,21,6,19,2475,DL,LAX,31
-6,4,21,6,9,2475,DL,LAX,31
-4,4,21,6,12,2475,DL,LAX,31
-4,4,21,6,15,2475,DL,LAX,31
0,4,21,6,17,2475,DL,LAX,31
0,4,22,7,7,2475,DL,LAX,30
-1,4,22,7,12,2475,DL,LAX,30
2,4,22,7,15,2475,DL,LAX,30
-3,4,22,7,17,2475,DL,LAX,30
40,4,22,7,21,2475,DL,LAX,30
-3,4,23,1,19,2475,DL,LAX,29
23,4,23,1,9,2475,DL,LAX,29
8,4,23,1,7,2475,DL,LAX,29
-4,4,23,1,12,2475,DL,LAX,29
-1,4,23,1,15,2475,DL,LAX,29
12,4,23,1,17,2475,DL,LAX,29
-5,4,17,2,17,2475,DL,LAX,35
-1,4,26,4,21,2475,DL,LAX,26
15,4,27,5,19,2475,DL,LAX,25
1,4,27,5,9,2475,DL,LAX,25
-9,4,24,2,21,2475,DL,LAX,28
-6,4,25,3,19,2475,DL,LAX,27
-5,4,25,3,9,2475,DL,LAX,27
-3,4,25,3,7,2475,DL,LAX,27
-4,4,25,3,12,2475,DL,LAX,27
-3,4,25,3,15,2475,DL,LAX,27
-6,4,25,3,17,2475,DL,LAX,27
-7,4,25,3,21,2475,DL,LAX,27
-3,4,26,4,19,2475,DL,LAX,26
-6,4,26,4,9,2475,DL,LAX,26
8,4,26,4,7,2475,DL,LAX,26
-3,4,26,4,12,2475,DL,LAX,26
-2,4,26,4,15,2475,DL,LAX,26
6,4,26,4,17,2475,DL,LAX,26
-4,4,27,5,17,2475,DL,LAX,25
-5,4,27,5,21,2475,DL,LAX,25
14,4,28,6,19,2475,DL,LAX,24
-6,4,28,6,9,2475,DL,LAX,24
-6,4,28,6,12,2475,DL,LAX,24
-6,4,28,6,15,2475,DL,LAX,24
0,4,29,7,19,2475,DL,LAX,23
-3,4,29,7,9,2475,DL,LAX,23
-8,4,29,7,7,2475,DL,LAX,23
-4,4,29,7,12,2475,DL,LAX,23
-4,4,29,7,15,2475,DL,LAX,23
-5,4,29,7,17,2475,DL,LAX,23
-3,4,29,7,21,2475,DL,LAX,23
-1,4,30,1,19,2475,DL,LAX,22
-7,4,30,1,9,2475,DL,LAX,22
5,4,27,5,7,2475,DL,LAX,25
2,4,27,5,12,2475,DL,LAX,25
-5,4,27,5,15,2475,DL,LAX,25
-6,4,28,6,17,2475,DL,LAX,24
-7,4,30,1,7,2475,DL,LAX,22
-7,4,30,1,12,2475,DL,LAX,22
6,4,30,1,15,2475,DL,LAX,22
-2,4,30,1,17,2475,DL,LAX,22
-4,4,30,1,21,2475,DL,LAX,22
-1,4,28,6,9,2475,B6,LAX,24
-2,4,28,6,16,2475,B6,LAX,24
-6,4,28,6,20,2475,B6,LAX,24
0,4,29,7,7,2475,B6,LAX,23
-1,4,29,7,9,2475,B6,LAX,23
-6,4,29,7,16,2475,B6,LAX,23
-3,4,29,7,20,2475,B6,LAX,23
-4,4,12,4,8,2475,UA,LAX,40
-6,4,12,4,17,2475,UA,LAX,40
-11,4,12,4,6,2475,UA,LAX,40
-4,4,12,4,11,2475,UA,LAX,40
-5,4,13,5,20,2475,UA,LAX,39
-7,4,13,5,8,2475,UA,LAX,39
-2,4,11,3,8,2475,UA,LAX,41
0,4,11,3,17,2475,UA,LAX,41
-1,4,11,3,6,2475,UA,LAX,41
-5,4,11,3,11,2475,UA,LAX,41
5,4,11,3,15,2475,UA,LAX,41
-4,4,11,3,20,2475,UA,LAX,41
-6,4,12,4,15,2475,UA,LAX,40
-3,4,10,2,20,2475,UA,LAX,42
-9,4,10,2,8,2475,UA,LAX,42
-2,4,10,2,17,2475,UA,LAX,42
-5,4,10,2,6,2475,UA,LAX,42
-6,4,10,2,11,2475,UA,LAX,42
1,4,10,2,15,2475,UA,LAX,42
-3,4,8,7,20,2475,UA,LAX,44
-1,4,8,7,8,2475,UA,LAX,44
-5,4,7,6,17,2475,UA,LAX,45
0,4,7,6,6,2475,UA,LAX,45
-6,4,7,6,11,2475,UA,LAX,45
0,4,7,6,15,2475,UA,LAX,45
-3,4,7,6,8,2475,UA,LAX,45
3,4,8,7,17,2475,UA,LAX,44
-3,4,8,7,11,2475,UA,LAX,44
-1,4,8,7,15,2475,UA,LAX,44
8,4,6,5,8,2475,UA,LAX,46
-3,4,6,5,17,2475,UA,LAX,46
-1,4,6,5,6,2475,UA,LAX,46
-3,4,6,5,11,2475,UA,LAX,46
2,4,6,5,15,2475,UA,LAX,46
5,4,5,4,11,2475,UA,LAX,47
2,4,5,4,6,2475,UA,LAX,47
-1,4,6,5,20,2475,UA,LAX,46
-2,4,4,3,8,2475,UA,LAX,46
-5,4,4,3,20,2475,UA,LAX,46
-5,4,4,3,17,2475,UA,LAX,46
-3,4,4,3,11,2475,UA,LAX,46
-1,4,4,3,6,2475,UA,LAX,46
4,4,4,3,15,2475,UA,LAX,46
5,4,5,4,15,2475,UA,LAX,47
0,4,3,2,8,2475,UA,LAX,45
2,4,3,2,20,2475,UA,LAX,45
