-2,11,1,4,7,2475,B6,LAX,10
0,11,1,4,11,2475,B6,LAX,10
3,11,1,4,16,2475,B6,LAX,10
-4,11,3,6,11,2475,B6,LAX,8
2,11,3,6,16,2475,B6,LAX,8
-5,11,3,6,20,2475,B6,LAX,8
0,11,3,6,9,2475,B6,LAX,8
-2,11,6,2,7,2475,B6,LAX,5
44,11,6,2,12,2475,B6,LAX,5
-6,11,6,2,16,2475,B6,LAX,5
13,11,6,2,20,2475,B6,LAX,5
-2,11,6,2,9,2475,B6,LAX,5
-10,11,5,1,7,2475,B6,LAX,6
-10,11,5,1,12,2475,B6,LAX,6
0,11,5,1,16,2475,B6,LAX,6
51,11,5,1,20,2475,B6,LAX,6
-6,11,5,1,9,2475,B6,LAX,6
-3,11,4,7,7,2475,B6,LAX,7
-2,11,4,7,11,2475,B6,LAX,7
-3,11,4,7,16,2475,B6,LAX,7
-1,11,4,7,20,2475,B6,LAX,7
0,11,4,7,9,2475,B6,LAX,7
21,11,8,4,7,2475,B6,LAX,3
18,11,8,4,12,2475,B6,LAX,3
7,11,8,4,16,2475,B6,LAX,3
73,11,8,4,20,2475,B6,LAX,3
0,11,8,4,9,2475,B6,LAX,3
8,11,9,5,7,2475,B6,LAX,2
4,11,9,5,12,2475,B6,LAX,2
-4,11,9,5,16,2475,B6,LAX,2
-1,11,9,5,20,2475,B6,LAX,2
8,11,9,5,9,2475,B6,LAX,2
-1,11,7,3,7,2475,B6,LAX,4
45,11,7,3,12,2475,B6,LAX,4
7,11,7,3,16,2475,B6,LAX,4
58,11,7,3,20,2475,B6,LAX,4
0,11,7,3,9,2475,B6,LAX,4
-3,11,11,7,7,2475,B6,LAX,0
0,11,11,7,12,2475,B6,LAX,0
-2,11,11,7,16,2475,B6,LAX,0
11,11,11,7,20,2475,B6,LAX,0
-2,11,11,7,9,2475,B6,LAX,0
2,11,12,1,7,2475,B6,LAX,1
10,11,12,1,12,2475,B6,LAX,1
18,11,12,1,16,2475,B6,LAX,1
39,11,12,1,20,2475,B6,LAX,1
144,11,12,1,9,2475,B6,LAX,1
-5,11,10,6,12,2475,B6,LAX,1
23,11,10,6,16,2475,B6,LAX,1
-4,11,10,6,20,2475,B6,LAX,1
-1,11,10,6,9,2475,B6,LAX,1
-1,11,16,5,7,2475,B6,LAX,5
-2,11,16,5,12,2475,B6,LAX,5
35,11,16,5,16,2475,B6,LAX,5
2,11,16,5,20,2475,B6,LAX,5
-2,11,16,5,9,2475,B6,LAX,5
-7,11,19,1,7,2475,B6,LAX,8
-3,11,19,1,12,2475,B6,LAX,8
0,11,19,1,16,2475,B6,LAX,8
-1,11,19,1,20,2475,B6,LAX,8
-3,11,19,1,9,2475,B6,LAX,8
-3,11,18,7,7,2475,B6,LAX,7
-3,11,18,7,12,2475,B6,LAX,7
-2,11,18,7,16,2475,B6,LAX,7
-6,11,18,7,20,2475,B6,LAX,7
-4,11,18,7,9,2475,B6,LAX,7
-5,11,22,4,7,2475,B6,LAX,5
-6,11,22,4,12,2475,B6,LAX,5
-1,11,22,4,16,2475,B6,LAX,5
-2,11,22,4,9,2475,B6,LAX,5
-3,11,23,5,7,2475,B6,LAX,4
-5,11,23,5,12,2475,B6,LAX,4
-2,11,23,5,16,2475,B6,LAX,4
-4,11,23,5,20,2475,B6,LAX,4
1,11,23,5,9,2475,B6,LAX,4
-4,11,17,6,12,2475,B6,LAX,6
7,11,17,6,16,2475,B6,LAX,6
1,11,17,6,20,2475,B6,LAX,6
0,11,17,6,9,2475,B6,LAX,6
-3,11,21,3,7,2475,B6,LAX,6
-5,11,21,3,12,2475,B6,LAX,6
-3,11,21,3,16,2475,B6,LAX,6
-3,11,21,3,20,2475,B6,LAX,6
-4,11,21,3,9,2475,B6,LAX,6
-5,11,25,7,7,2475,B6,LAX,2
-5,11,25,7,12,2475,B6,LAX,2
-3,11,25,7,16,2475,B6,LAX,2
55,11,25,7,20,2475,B6,LAX,2
4,11,25,7,9,2475,B6,LAX,2
0,11,20,2,7,2475,B6,LAX,7
-6,11,20,2,12,2475,B6,LAX,7
12,11,20,2,16,2475,B6,LAX,7
46,11,20,2,20,2475,B6,LAX,7
0,11,20,2,9,2475,B6,LAX,7
-5,11,24,6,12,2475,B6,LAX,3
4,11,24,6,16,2475,B6,LAX,3
0,11,24,6,20,2475,B6,LAX,3
-2,11,24,6,9,2475,B6,LAX,3
-6,11,26,1,7,2475,B6,LAX,1
186,11,26,1,12,2475,B6,LAX,1
-7,11,26,1,16,2475,B6,LAX,1
-2,11,26,1,20,2475,B6,LAX,1
5,11,26,1,9,2475,B6,LAX,1
-2,11,30,5,7,2475,B6,LAX,3
-4,11,30,5,12,2475,B6,LAX,3
-5,11,30,5,16,2475,B6,LAX,3
-7,11,30,5,20,2475,B6,LAX,3
1,11,30,5,9,2475,B6,LAX,3
2,11,1,4,19,2475,DL,LAX,10
-3,11,1,4,9,2475,DL,LAX,10
4,11,27,2,7,2475,B6,LAX,0
-2,11,27,2,12,2475,B6,LAX,0
0,11,27,2,16,2475,B6,LAX,0
-6,11,27,2,20,2475,B6,LAX,0
8,11,27,2,9,2475,B6,LAX,0
-4,11,1,4,13,2475,DL,LAX,10
-8,11,13,2,7,2475,B6,LAX,2
-2,11,13,2,12,2475,B6,LAX,2
-3,11,13,2,16,2475,B6,LAX,2
-7,11,13,2,20,2475,B6,LAX,2
2,11,13,2,9,2475,B6,LAX,2
-3,11,14,3,7,2475,B6,LAX,3
-2,11,14,3,12,2475,B6,LAX,3
-1,11,14,3,16,2475,B6,LAX,3
-3,11,14,3,20,2475,B6,LAX,3
-4,11,14,3,9,2475,B6,LAX,3
-4,11,2,5,11,2475,DL,LAX,9
12,11,2,5,15,2475,DL,LAX,9
-2,11,2,5,13,2475,DL,LAX,9
-3,11,1,4,7,2475,DL,LAX,10
-2,11,1,4,11,2475,DL,LAX,10
-3,11,1,4,15,2475,DL,LAX,10
6,11,1,4,21,2475,DL,LAX,10
-2,11,2,5,19,2475,DL,LAX,9
-4,11,2,5,9,2475,DL,LAX,9
-4,11,2,5,7,2475,DL,LAX,9
-10,11,3,6,11,2475,DL,LAX,8
-7,11,3,6,15,2475,DL,LAX,8
-7,11,3,6,13,2475,DL,LAX,8
-1,11,1,4,17,2475,DL,LAX,10
-5,11,2,5,21,2475,DL,LAX,9
25,11,3,6,19,2475,DL,LAX,8
-6,11,3,6,9,2475,DL,LAX,8
-5,11,2,5,17,2475,DL,LAX,9
-7,11,4,7,19,2475,DL,LAX,7
-4,11,4,7,9,2475,DL,LAX,7
-1,11,4,7,17,2475,DL,LAX,7
-6,11,4,7,7,2475,DL,LAX,7
-7,11,4,7,11,2475,DL,LAX,7
-1,11,5,1,11,2475,DL,LAX,6
-8,11,4,7,13,2475,DL,LAX,7
-2,11,15,4,7,2475,B6,LAX,4
-1,11,15,4,12,2475,B6,LAX,4
3,11,15,4,16,2475,B6,LAX,4
1,11,15,4,20,2475,B6,LAX,4
-4,11,15,4,9,2475,B6,LAX,4
0,11,4,7,15,2475,DL,LAX,7
5,11,4,7,21,2475,DL,LAX,7
-1,11,5,1,19,2475,DL,LAX,6
1,11,5,1,9,2475,DL,LAX,6
-2,11,5,1,17,2475,DL,LAX,6
-3,11,5,1,7,2475,DL,LAX,6
-6,11,5,1,13,2475,DL,LAX,6
0,11,6,2,15,2475,DL,LAX,5
-1,11,6,2,21,2475,DL,LAX,5
63,11,7,3,9,2475,DL,LAX,4
-4,11,3,6,17,2475,DL,LAX,8
-8,11,6,2,7,2475,DL,LAX,5
-5,11,6,2,13,2475,DL,LAX,5
-5,11,5,1,15,2475,DL,LAX,6
-3,11,5,1,21,2475,DL,LAX,6
7,11,6,2,19,2475,DL,LAX,5
-5,11,6,2,9,2475,DL,LAX,5
-9,11,6,2,17,2475,DL,LAX,5
-1,11,7,3,7,2475,DL,LAX,4
-5,11,7,3,11,2475,DL,LAX,4
-3,11,7,3,13,2475,DL,LAX,4
8,11,8,4,15,2475,DL,LAX,3
10,11,8,4,21,2475,DL,LAX,3
24,11,9,5,19,2475,DL,LAX,2
-6,11,9,5,9,2475,DL,LAX,2
-1,11,9,5,17,2475,DL,LAX,2
-4,11,9,5,15,2475,DL,LAX,2
-4,11,9,5,21,2475,DL,LAX,2
2,11,10,6,19,2475,DL,LAX,1
-7,11,10,6,9,2475,DL,LAX,1
-5,11,10,6,17,2475,DL,LAX,1
-5,11,10,6,11,2475,DL,LAX,1
-4,11,10,6,13,2475,DL,LAX,1
44,11,7,3,15,2475,DL,LAX,4
-3,11,8,4,19,2475,DL,LAX,3
-7,11,8,4,9,2475,DL,LAX,3
-4,11,8,4,17,2475,DL,LAX,3
2,11,9,5,7,2475,DL,LAX,2
-1,11,9,5,11,2475,DL,LAX,2
-5,11,9,5,13,2475,DL,LAX,2
-7,11,11,7,7,2475,DL,LAX,0
0,11,11,7,11,2475,DL,LAX,0
-4,11,11,7,13,2475,DL,LAX,0
-6,11,10,6,15,2475,DL,LAX,1
-6,11,11,7,19,2475,DL,LAX,0
119,11,11,7,9,2475,DL,LAX,0
-2,11,11,7,17,2475,DL,LAX,0
87,11,12,1,7,2475,DL,LAX,1
40,11,12,1,11,2475,DL,LAX,1
8,11,12,1,13,2475,DL,LAX,1
-5,11,11,7,15,2475,DL,LAX,0
-9,11,11,7,21,2475,DL,LAX,0
8,11,12,1,19,2475,DL,LAX,1
-3,11,12,1,9,2475,DL,LAX,1
2,11,12,1,17,2475,DL,LAX,1
-4,11,13,2,15,2475,DL,LAX,2
-5,11,13,2,21,2475,DL,LAX,2
-4,11,14,3,19,2475,DL,LAX,3
-6,11,14,3,9,2475,DL,LAX,3
-3,11,14,3,17,2475,DL,LAX,3
-6,11,14,3,7,2475,DL,LAX,3
-1,11,14,3,11,2475,DL,LAX,3
-4,11,14,3,13,2475,DL,LAX,3
73,11,14,3,15,2475,DL,LAX,3
-6,11,14,3,21,2475,DL,LAX,3
20,11,15,4,19,2475,DL,LAX,4
4,11,15,4,9,2475,DL,LAX,4
-1,11,15,4,17,2475,DL,LAX,4
-3,11,15,4,7,2475,DL,LAX,4
-5,11,15,4,11,2475,DL,LAX,4
-3,11,15,4,13,2475,DL,LAX,4
-5,11,12,1,15,2475,DL,LAX,1
46,11,12,1,21,2475,DL,LAX,1
-6,11,13,2,19,2475,DL,LAX,2
-2,11,13,2,9,2475,DL,LAX,2
-5,11,13,2,17,2475,DL,LAX,2
-8,11,13,2,7,2475,DL,LAX,2
-4,11,13,2,11,2475,DL,LAX,2
-3,11,13,2,13,2475,DL,LAX,2
-1,11,16,5,15,2475,DL,LAX,5
2,11,16,5,21,2475,DL,LAX,5
-1,11,15,4,15,2475,DL,LAX,4
7,11,15,4,21,2475,DL,LAX,4
14,11,16,5,19,2475,DL,LAX,5
-2,11,16,5,9,2475,DL,LAX,5
-1,11,16,5,17,2475,DL,LAX,5
21,11,16,5,7,2475,DL,LAX,5
-4,11,16,5,11,2475,DL,LAX,5
0,11,16,5,13,2475,DL,LAX,5
-2,11,17,6,15,2475,DL,LAX,6
-2,11,18,7,19,2475,DL,LAX,7
-3,11,18,7,9,2475,DL,LAX,7
-3,11,18,7,17,2475,DL,LAX,7
26,11,18,7,11,2475,DL,LAX,7
-7,11,17,6,13,2475,DL,LAX,6
-2,11,18,7,15,2475,DL,LAX,7
-2,11,18,7,21,2475,DL,LAX,7
-1,11,19,1,19,2475,DL,LAX,8
-6,11,19,1,9,2475,DL,LAX,8
-3,11,19,1,17,2475,DL,LAX,8
-8,11,19,1,11,2475,DL,LAX,8
-5,11,17,6,19,2475,DL,LAX,6
-6,11,17,6,9,2475,DL,LAX,6
-1,11,17,6,17,2475,DL,LAX,6
-4,11,17,6,11,2475,DL,LAX,6
0,11,19,1,15,2475,DL,LAX,8
-5,11,20,2,19,2475,DL,LAX,7
-2,11,20,2,9,2475,DL,LAX,7
-3,11,20,2,17,2475,DL,LAX,7
-3,11,18,7,13,2475,DL,LAX,7
-4,11,20,2,15,2475,DL,LAX,7
19,11,20,2,21,2475,DL,LAX,7
-4,11,19,1,13,2475,DL,LAX,8
-5,11,20,2,7,2475,DL,LAX,7
-6,11,20,2,11,2475,DL,LAX,7
-5,11,20,2,13,2475,DL,LAX,7
-3,11,21,3,15,2475,DL,LAX,6
1,11,21,3,21,2475,DL,LAX,6
-5,11,22,4,19,2475,DL,LAX,5
0,11,22,4,9,2475,DL,LAX,5
-3,11,22,4,7,2475,DL,LAX,5
-5,11,22,4,11,2475,DL,LAX,5
-3,11,21,3,19,2475,DL,LAX,6
-1,11,21,3,9,2475,DL,LAX,6
-1,11,21,3,17,2475,DL,LAX,6
26,11,21,3,7,2475,DL,LAX,6
-5,11,21,3,11,2475,DL,LAX,6
-6,11,21,3,13,2475,DL,LAX,6
-4,11,23,5,13,2475,DL,LAX,4
-8,11,2,5,7,2475,B6,LAX,9
17,11,2,5,11,2475,B6,LAX,9
-6,11,2,5,16,2475,B6,LAX,9
-7,11,2,5,20,2475,B6,LAX,9
-1,11,2,5,9,2475,B6,LAX,9
-4,11,24,6,15,2475,DL,LAX,3
-1,11,25,7,19,2475,DL,LAX,2
0,11,25,7,9,2475,DL,LAX,2
-4,11,25,7,17,2475,DL,LAX,2
-6,11,25,7,7,2475,DL,LAX,2
0,11,25,7,11,2475,DL,LAX,2
-5,11,25,7,13,2475,DL,LAX,2
-5,11,26,1,13,2475,DL,LAX,1
-4,11,26,1,15,2475,DL,LAX,1
6,11,26,1,21,2475,DL,LAX,1
-4,11,25,7,15,2475,DL,LAX,2
-1,11,25,7,21,2475,DL,LAX,2
-4,11,26,1,19,2475,DL,LAX,1
0,11,26,1,9,2475,DL,LAX,1
8,11,26,1,17,2475,DL,LAX,1
-2,11,26,1,7,2475,DL,LAX,1
-1,11,26,1,11,2475,DL,LAX,1
-5,11,27,2,12,2475,DL,LAX,0
-2,11,27,2,19,2475,DL,LAX,0
14,11,27,2,9,2475,DL,LAX,0
-1,11,27,2,7,2475,DL,LAX,0
40,11,27,2,17,2475,DL,LAX,0
-1,11,27,2,15,2475,DL,LAX,0
4,11,27,2,21,2475,DL,LAX,0
-2,11,28,3,19,2475,DL,LAX,1
-4,11,28,3,9,2475,DL,LAX,1
-4,11,28,3,7,2475,DL,LAX,1
-2,11,28,3,12,2475,DL,LAX,1
-5,11,28,3,17,2475,DL,LAX,1
-1,11,28,3,15,2475,DL,LAX,1
-3,11,28,3,21,2475,DL,LAX,1
-4,11,29,4,19,2475,DL,LAX,2
-2,11,29,4,9,2475,DL,LAX,2
-5,11,29,4,7,2475,DL,LAX,2
-11,11,29,4,12,2475,DL,LAX,2
0,11,29,4,17,2475,DL,LAX,2
-2,11,29,4,15,2475,DL,LAX,2
-1,11,29,4,21,2475,DL,LAX,2
-2,11,30,5,19,2475,DL,LAX,3
-1,11,30,5,9,2475,DL,LAX,3
-5,11,30,5,7,2475,DL,LAX,3
-6,11,30,5,12,2475,DL,LAX,3
-5,11,30,5,17,2475,DL,LAX,3
-4,11,30,5,15,2475,DL,LAX,3
-3,11,30,5,21,2475,DL,LAX,3
58,11,22,4,15,2475,DL,LAX,5
-8,11,23,5,19,2475,DL,LAX,4
-4,11,23,5,9,2475,DL,LAX,4
-6,11,23,5,11,2475,DL,LAX,4
-4,11,28,3,7,2475,B6,LAX,1
-8,11,28,3,12,2475,B6,LAX,1
-6,11,28,3,16,2475,B6,LAX,1
0,11,28,3,20,2475,B6,LAX,1
41,11,28,3,9,2475,B6,LAX,1
-5,11,29,4,7,2475,B6,LAX,2
-5,11,29,4,12,2475,B6,LAX,2
-4,11,29,4,16,2475,B6,LAX,2
0,11,29,4,20,2475,B6,LAX,2
20,11,29,4,9,2475,B6,LAX,2
21,11,8,4,11,2475,DL,LAX,3
55,11,8,4,13,2475,DL,LAX,3
-3,11,13,2,15,2475,UA,LAX,2
-4,11,19,1,11,2475,UA,LAX,8
16,11,15,4,17,2475,UA,LAX,4
0,11,15,4,11,2475,UA,LAX,4
-2,11,15,4,20,2475,UA,LAX,4
10,11,15,4,6,2475,UA,LAX,4
-4,11,12,1,8,2475,UA,LAX,1
-15,11,12,1,17,2475,UA,LAX,1
-2,11,13,2,11,2475,UA,LAX,2
-3,11,13,2,20,2475,UA,LAX,2
-7,11,13,2,6,2475,UA,LAX,2
60,11,12,1,15,2475,UA,LAX,1
-4,11,11,7,11,2475,UA,LAX,0
-6,11,11,7,20,2475,UA,LAX,0
-4,11,11,7,17,2475,UA,LAX,0
-9,11,13,2,8,2475,UA,LAX,2
-2,11,13,2,17,2475,UA,LAX,2
-2,11,11,7,15,2475,UA,LAX,0
-3,11,9,5,15,2475,UA,LAX,2
-5,11,9,5,8,2475,UA,LAX,2
-8,11,12,1,11,2475,UA,LAX,1
-10,11,12,1,20,2475,UA,LAX,1
-12,11,12,1,6,2475,UA,LAX,1
-8,11,10,6,8,2475,UA,LAX,1
9,11,10,6,17,2475,UA,LAX,1
-2,11,10,6,11,2475,UA,LAX,1
-2,11,10,6,15,2475,UA,LAX,1
-2,11,10,6,6,2475,UA,LAX,1
14,11,8,4,15,2475,UA,LAX,3
-4,11,8,4,17,2475,UA,LAX,3
-1,11,9,5,17,2475,UA,LAX,2
217,11,9,5,11,2475,UA,LAX,2
-7,11,9,5,20,2475,UA,LAX,2
105,11,9,5,6,2475,UA,LAX,2
-5,11,7,3,8,2475,UA,LAX,4
-4,11,7,3,11,2475,UA,LAX,4
0,11,7,3,6,2475,UA,LAX,4
0,11,8,4,20,2475,UA,LAX,3
280,11,8,4,6,2475,UA,LAX,3
12,11,6,2,20,2475,UA,LAX,5
0,11,6,2,6,2475,UA,LAX,5
-3,11,5,1,15,2475,UA,LAX,6
9,11,27,2,15,2475,UA,LAX,0
31,11,25,7,15,2475,UA,LAX,2
-3,11,25,7,8,2475,UA,LAX,2
8,11,6,2,15,2475,UA,LAX,5
-3,11,6,2,8,2475,UA,LAX,5
2,11,6,2,17,2475,UA,LAX,5
0,11,6,2,11,2475,UA,LAX,5
3,11,4,7,15,2475,UA,LAX,7
-7,11,4,7,11,2475,UA,LAX,7
-3,11,4,7,20,2475,UA,LAX,7
7,11,5,1,17,2475,UA,LAX,6
-5,11,5,1,11,2475,UA,LAX,6
30,11,5,1,20,2475,UA,LAX,6
-5,11,5,1,6,2475,UA,LAX,6
12,11,2,5,8,2475,UA,LAX,9
-8,11,2,5,18,2475,UA,LAX,9
-8,11,2,5,11,2475,UA,LAX,9
0,11,2,5,20,2475,UA,LAX,9
54,11,3,6,18,2475,UA,LAX,8
-6,11,3,6,11,2475,UA,LAX,8
290,11,3,6,15,2475,UA,LAX,8
0,11,3,6,6,2475,UA,LAX,8
0,11,2,5,15,2475,UA,LAX,9
33,11,4,7,17,2475,UA,LAX,7
-11,11,3,6,8,2475,UA,LAX,8
24,11,1,4,20,2475,UA,LAX,10
5,11,1,4,15,2475,UA,LAX,10
-4,11,1,4,8,2475,UA,LAX,10
19,11,1,4,18,2475,UA,LAX,10
-5,11,1,4,11,2475,UA,LAX,10
2,11,2,5,6,2475,UA,LAX,9
-1,11,29,4,17,2475,UA,LAX,2
-3,11,29,4,11,2475,UA,LAX,2
-2,11,29,4,20,2475,UA,LAX,2
-4,11,29,4,6,2475,UA,LAX,2
9,11,29,4,8,2475,UA,LAX,2
0,11,10,6,7,2475,VX,LAX,1
-6,11,10,6,9,2475,VX,LAX,1
-6,11,10,6,11,2475,VX,LAX,1
-7,11,10,6,13,2475,VX,LAX,1
-9,11,10,6,16,2475,VX,LAX,1
-3,11,10,6,20,2475,VX,LAX,1
-4,11,11,7,7,2475,VX,LAX,0
-1,11,11,7,9,2475,VX,LAX,0
-4,11,11,7,11,2475,VX,LAX,0
-2,11,11,7,13,2475,VX,LAX,0
-4,11,11,7,16,2475,VX,LAX,0
3,11,11,7,20,2475,VX,LAX,0
60,11,12,1,7,2475,VX,LAX,1
5,11,12,1,9,2475,VX,LAX,1
33,11,12,1,11,2475,VX,LAX,1
-7,11,12,1,13,2475,VX,LAX,1
254,11,12,1,16,2475,VX,LAX,1
70,11,12,1,20,2475,VX,LAX,1
-1,11,13,2,7,2475,VX,LAX,2
-8,11,13,2,9,2475,VX,LAX,2
1,11,13,2,11,2475,VX,LAX,2
0,11,13,2,13,2475,VX,LAX,2
5,11,13,2,16,2475,VX,LAX,2
1,11,13,2,20,2475,VX,LAX,2
-1,11,17,6,7,2475,VX,LAX,6
4,11,17,6,9,2475,VX,LAX,6
19,11,17,6,11,2475,VX,LAX,6
0,11,17,6,13,2475,VX,LAX,6
9,11,17,6,16,2475,VX,LAX,6
-3,11,17,6,20,2475,VX,LAX,6
0,11,18,7,7,2475,VX,LAX,7
-2,11,18,7,9,2475,VX,LAX,7
-10,11,18,7,11,2475,VX,LAX,7
10,11,18,7,13,2475,VX,LAX,7
0,11,18,7,16,2475,VX,LAX,7
8,11,18,7,20,2475,VX,LAX,7
-4,11,19,1,7,2475,VX,LAX,8
5,11,19,1,9,2475,VX,LAX,8
-2,11,19,1,11,2475,VX,LAX,8
-2,11,19,1,13,2475,VX,LAX,8
15,11,19,1,16,2475,VX,LAX,8
0,11,19,1,20,2475,VX,LAX,8
117,11,2,5,7,2475,VX,LAX,9
50,11,2,5,9,2475,VX,LAX,9
-1,11,2,5,11,2475,VX,LAX,9
-5,11,2,5,13,2475,VX,LAX,9
1,11,2,5,16,2475,VX,LAX,9
-6,11,2,5,20,2475,VX,LAX,9
3,11,20,2,7,2475,VX,LAX,7
2,11,20,2,9,2475,VX,LAX,7
0,11,20,2,11,2475,VX,LAX,7
-8,11,20,2,13,2475,VX,LAX,7
3,11,20,2,16,2475,VX,LAX,7
32,11,20,2,20,2475,VX,LAX,7
-3,11,14,3,9,2475,VX,LAX,3
-3,11,14,3,11,2475,VX,LAX,3
1,11,14,3,13,2475,VX,LAX,3
43,11,14,3,16,2475,VX,LAX,3
13,11,14,3,20,2475,VX,LAX,3
3,11,15,4,7,2475,VX,LAX,4
-1,11,15,4,9,2475,VX,LAX,4
-5,11,15,4,11,2475,VX,LAX,4
2,11,15,4,13,2475,VX,LAX,4
24,11,15,4,16,2475,VX,LAX,4
2,11,15,4,20,2475,VX,LAX,4
-7,11,16,5,7,2475,VX,LAX,5
-2,11,16,5,9,2475,VX,LAX,5
0,11,16,5,11,2475,VX,LAX,5
-3,11,16,5,13,2475,VX,LAX,5
-2,11,16,5,16,2475,VX,LAX,5
5,11,16,5,20,2475,VX,LAX,5
-2,11,28,3,16,2475,VX,LAX,1
13,11,28,3,20,2475,VX,LAX,1
-5,11,29,4,7,2475,VX,LAX,2
-2,11,29,4,9,2475,VX,LAX,2
21,11,29,4,11,2475,VX,LAX,2
-3,11,29,4,13,2475,VX,LAX,2
-1,11,29,4,16,2475,VX,LAX,2
0,11,29,4,20,2475,VX,LAX,2
-2,11,3,6,7,2475,VX,LAX,8
1,11,3,6,9,2475,VX,LAX,8
17,11,3,6,11,2475,VX,LAX,8
-3,11,3,6,13,2475,VX,LAX,8
-9,11,3,6,16,2475,VX,LAX,8
-2,11,3,6,20,2475,VX,LAX,8
14,11,30,5,9,2475,VX,LAX,3
3,11,30,5,11,2475,VX,LAX,3
-4,11,30,5,13,2475,VX,LAX,3
0,11,30,5,16,2475,VX,LAX,3
-5,11,30,5,20,2475,VX,LAX,3
-7,11,4,7,9,2475,VX,LAX,7
-2,11,4,7,11,2475,VX,LAX,7
-8,11,4,7,13,2475,VX,LAX,7
-2,11,4,7,16,2475,VX,LAX,7
-2,11,4,7,20,2475,VX,LAX,7
-5,11,5,1,7,2475,VX,LAX,6
16,11,5,1,9,2475,VX,LAX,6
-15,11,5,1,11,2475,VX,LAX,6
-10,11,5,1,13,2475,VX,LAX,6
0,11,5,1,16,2475,VX,LAX,6
4,11,5,1,20,2475,VX,LAX,6
-1,11,6,2,9,2475,VX,LAX,5
-7,11,6,2,11,2475,VX,LAX,5
3,11,6,2,13,2475,VX,LAX,5
-4,11,6,2,16,2475,VX,LAX,5
20,11,6,2,20,2475,VX,LAX,5
-2,11,17,6,8,2475,UA,LAX,6
0,11,17,6,17,2475,UA,LAX,6
-7,11,17,6,11,2475,UA,LAX,6
-3,11,17,6,15,2475,UA,LAX,6
-6,11,17,6,6,2475,UA,LAX,6
2,11,21,3,7,2475,VX,LAX,6
22,11,21,3,9,2475,VX,LAX,6
1,11,21,3,11,2475,VX,LAX,6
-8,11,21,3,13,2475,VX,LAX,6
8,11,21,3,16,2475,VX,LAX,6
6,11,21,3,20,2475,VX,LAX,6
3,11,7,3,9,2475,VX,LAX,4
2,11,7,3,11,2475,VX,LAX,4
-1,11,7,3,13,2475,VX,LAX,4
12,11,8,4,9,2475,VX,LAX,3
133,11,8,4,11,2475,VX,LAX,3
34,11,8,4,13,2475,VX,LAX,3
16,11,8,4,16,2475,VX,LAX,3
1,11,8,4,20,2475,VX,LAX,3
2,11,9,5,7,2475,VX,LAX,2
-7,11,9,5,9,2475,VX,LAX,2
-7,11,9,5,11,2475,VX,LAX,2
0,11,9,5,13,2475,VX,LAX,2
-6,11,9,5,16,2475,VX,LAX,2
-2,11,9,5,20,2475,VX,LAX,2
16,11,1,4,7,2475,VX,LAX,10
0,11,1,4,9,2475,VX,LAX,10
-3,11,1,4,11,2475,VX,LAX,10
4,11,1,4,13,2475,VX,LAX,10
25,11,1,4,16,2475,VX,LAX,10
8,11,1,4,20,2475,VX,LAX,10
-6,11,22,4,7,2475,VX,LAX,5
-2,11,22,4,9,2475,VX,LAX,5
-2,11,22,4,11,2475,VX,LAX,5
0,11,22,4,13,2475,VX,LAX,5
0,11,22,4,16,2475,VX,LAX,5
-3,11,23,5,9,2475,VX,LAX,4
-4,11,23,5,11,2475,VX,LAX,4
2,11,23,5,13,2475,VX,LAX,4
43,11,23,5,16,2475,VX,LAX,4
11,11,23,5,20,2475,VX,LAX,4
-6,11,24,6,7,2475,VX,LAX,3
-2,11,24,6,9,2475,VX,LAX,3
0,11,24,6,11,2475,VX,LAX,3
-2,11,24,6,13,2475,VX,LAX,3
2,11,24,6,16,2475,VX,LAX,3
-4,11,24,6,20,2475,VX,LAX,3
-1,11,25,7,7,2475,VX,LAX,2
-3,11,25,7,9,2475,VX,LAX,2
-10,11,25,7,11,2475,VX,LAX,2
-1,11,25,7,13,2475,VX,LAX,2
-6,11,25,7,16,2475,VX,LAX,2
-1,11,25,7,20,2475,VX,LAX,2
9,11,26,1,7,2475,VX,LAX,1
-2,11,26,1,9,2475,VX,LAX,1
9,11,26,1,11,2475,VX,LAX,1
16,11,26,1,13,2475,VX,LAX,1
2,11,26,1,16,2475,VX,LAX,1
0,11,26,1,20,2475,VX,LAX,1
3,11,27,2,7,2475,VX,LAX,0
11,11,27,2,9,2475,VX,LAX,0
5,11,27,2,11,2475,VX,LAX,0
0,11,27,2,13,2475,VX,LAX,0
-4,11,27,2,16,2475,VX,LAX,0
34,11,27,2,20,2475,VX,LAX,0
6,11,28,3,7,2475,VX,LAX,1
-5,11,28,3,9,2475,VX,LAX,1
-1,11,28,3,11,2475,VX,LAX,1
0,11,28,3,13,2475,VX,LAX,1
-8,11,5,1,8,2475,UA,LAX,6
