0,8,12,7,17,2475,DL,LAX,20
0,8,12,7,19,2475,DL,LAX,20
22,8,12,7,9,2475,DL,LAX,20
-1,8,12,7,15,2475,DL,LAX,20
-4,8,12,7,7,2475,DL,LAX,20
-5,8,12,7,11,2475,DL,LAX,20
-7,8,12,7,13,2475,DL,LAX,20
21,8,20,1,13,2475,DL,LAX,12
-3,8,18,6,8,2475,UA,LAX,14
-3,8,18,6,17,2475,UA,LAX,14
-3,8,18,6,11,2475,UA,LAX,14
-4,8,18,6,6,2475,UA,LAX,14
-3,8,18,6,15,2475,UA,LAX,14
-4,8,19,7,21,2475,UA,LAX,13
-9,8,19,7,15,2475,UA,LAX,13
0,8,16,4,8,2475,UA,LAX,16
15,8,16,4,17,2475,UA,LAX,16
4,8,16,4,11,2475,UA,LAX,16
0,8,16,4,21,2475,UA,LAX,16
-10,8,16,4,6,2475,UA,LAX,16
-2,8,16,4,15,2475,UA,LAX,16
-6,8,17,5,8,2475,UA,LAX,15
8,8,17,5,17,2475,UA,LAX,15
9,8,15,3,8,2475,UA,LAX,17
-1,8,15,3,11,2475,UA,LAX,17
63,8,15,3,17,2475,UA,LAX,17
15,8,15,3,21,2475,UA,LAX,17
1,8,15,3,6,2475,UA,LAX,17
72,8,15,3,15,2475,UA,LAX,17
17,8,17,5,21,2475,UA,LAX,15
0,8,17,5,6,2475,UA,LAX,15
-3,8,17,5,15,2475,UA,LAX,15
-8,8,14,2,6,2475,UA,LAX,18
-4,8,14,2,15,2475,UA,LAX,18
0,8,14,2,8,2475,UA,LAX,18
9,8,14,2,17,2475,UA,LAX,18
-3,8,14,2,11,2475,UA,LAX,18
11,8,14,2,21,2475,UA,LAX,18
1,8,13,1,8,2475,UA,LAX,19
0,8,13,1,17,2475,UA,LAX,19
-5,8,13,1,21,2475,UA,LAX,19
-6,8,13,1,11,2475,UA,LAX,19
-2,8,13,1,6,2475,UA,LAX,19
7,8,13,1,15,2475,UA,LAX,19
48,8,12,7,8,2475,UA,LAX,20
-11,8,12,7,17,2475,UA,LAX,20
17,8,11,6,8,2475,UA,LAX,21
22,8,11,6,17,2475,UA,LAX,21
0,8,11,6,11,2475,UA,LAX,21
0,8,11,6,6,2475,UA,LAX,21
-2,8,11,6,15,2475,UA,LAX,21
8,8,12,7,21,2475,UA,LAX,20
-1,8,12,7,11,2475,UA,LAX,20
-4,8,12,7,15,2475,UA,LAX,20
-5,8,9,4,8,2475,UA,LAX,23
-2,8,9,4,17,2475,UA,LAX,23
41,8,10,5,8,2475,UA,LAX,22
264,8,10,5,17,2475,UA,LAX,22
107,8,10,5,21,2475,UA,LAX,22
3,8,8,3,17,2475,UA,LAX,24
-4,8,8,3,21,2475,UA,LAX,24
-4,8,8,3,11,2475,UA,LAX,24
-2,8,8,3,6,2475,UA,LAX,24
-6,8,8,3,15,2475,UA,LAX,24
0,8,8,3,8,2475,UA,LAX,24
231,8,9,4,21,2475,UA,LAX,23
-3,8,9,4,11,2475,UA,LAX,23
-4,8,9,4,6,2475,UA,LAX,23
-1,8,9,4,15,2475,UA,LAX,23
-4,8,7,2,8,2475,UA,LAX,25
11,8,7,2,17,2475,UA,LAX,25
-2,8,7,2,21,2475,UA,LAX,25
-6,8,7,2,11,2475,UA,LAX,25
0,8,7,2,6,2475,UA,LAX,25
-4,8,7,2,15,2475,UA,LAX,25
1,8,5,7,8,2475,UA,LAX,27
-3,8,5,7,17,2475,UA,LAX,27
-3,8,6,1,8,2475,UA,LAX,26
21,8,6,1,17,2475,UA,LAX,26
-3,8,6,1,21,2475,UA,LAX,26
0,8,6,1,11,2475,UA,LAX,26
-3,8,6,1,6,2475,UA,LAX,26
5,8,6,1,15,2475,UA,LAX,26
7,8,3,5,11,2475,UA,LAX,29
0,8,3,5,8,2475,UA,LAX,29
39,8,3,5,17,2475,UA,LAX,29
-6,8,3,5,21,2475,UA,LAX,29
-2,8,4,6,8,2475,UA,LAX,28
60,8,4,6,17,2475,UA,LAX,28
-3,8,4,6,11,2475,UA,LAX,28
-2,8,4,6,6,2475,UA,LAX,28
-4,8,4,6,15,2475,UA,LAX,28
22,8,2,4,8,2475,UA,LAX,29
69,8,2,4,17,2475,UA,LAX,29
0,8,2,4,21,2475,UA,LAX,29
0,8,2,4,11,2475,UA,LAX,29
-4,8,3,5,6,2475,UA,LAX,29
120,8,3,5,15,2475,UA,LAX,29
20,8,1,3,17,2475,UA,LAX,28
107,8,1,3,21,2475,UA,LAX,28
-5,8,1,3,11,2475,UA,LAX,28
33,8,1,3,6,2475,UA,LAX,28
17,8,1,3,15,2475,UA,LAX,28
100,8,5,7,21,2475,UA,LAX,27
-4,8,5,7,11,2475,UA,LAX,27
-1,8,5,7,15,2475,UA,LAX,27
-6,8,2,4,6,2475,UA,LAX,29
75,8,2,4,15,2475,UA,LAX,29
-1,8,1,3,8,2475,UA,LAX,28
5,8,31,5,8,2475,UA,LAX,1
-5,8,31,5,17,2475,UA,LAX,1
-4,8,1,3,7,2475,VX,LAX,28
3,8,1,3,9,2475,VX,LAX,28
-1,8,1,3,11,2475,VX,LAX,28
3,8,1,3,13,2475,VX,LAX,28
31,8,1,3,16,2475,VX,LAX,28
134,8,1,3,20,2475,VX,LAX,28
-1,8,10,5,7,2475,VX,LAX,22
24,8,10,5,9,2475,VX,LAX,22
-3,8,10,5,11,2475,VX,LAX,22
102,8,10,5,13,2475,VX,LAX,22
300,8,10,5,16,2475,VX,LAX,22
265,8,10,5,20,2475,VX,LAX,22
0,8,15,3,9,2475,VX,LAX,17
-1,8,15,3,11,2475,VX,LAX,17
17,8,15,3,13,2475,VX,LAX,17
292,8,15,3,16,2475,VX,LAX,17
64,8,15,3,20,2475,VX,LAX,17
1,8,16,4,7,2475,VX,LAX,16
7,8,16,4,9,2475,VX,LAX,16
0,8,16,4,11,2475,VX,LAX,16
14,8,16,4,13,2475,VX,LAX,16
8,8,16,4,16,2475,VX,LAX,16
9,8,16,4,20,2475,VX,LAX,16
-5,8,17,5,7,2475,VX,LAX,15
16,8,17,5,9,2475,VX,LAX,15
-4,8,17,5,11,2475,VX,LAX,15
1,8,17,5,13,2475,VX,LAX,15
-2,8,17,5,16,2475,VX,LAX,15
-7,8,17,5,20,2475,VX,LAX,15
-1,8,18,6,7,2475,VX,LAX,14
1,8,18,6,9,2475,VX,LAX,14
5,8,18,6,11,2475,VX,LAX,14
-1,8,18,6,13,2475,VX,LAX,14
1,8,18,6,16,2475,VX,LAX,14
4,8,18,6,20,2475,VX,LAX,14
-5,8,19,7,7,2475,VX,LAX,13
16,8,19,7,9,2475,VX,LAX,13
-5,8,19,7,11,2475,VX,LAX,13
-1,8,19,7,13,2475,VX,LAX,13
5,8,19,7,16,2475,VX,LAX,13
13,8,19,7,20,2475,VX,LAX,13
19,8,2,4,7,2475,VX,LAX,29
11,8,2,4,9,2475,VX,LAX,29
1,8,2,4,11,2475,VX,LAX,29
-6,8,2,4,13,2475,VX,LAX,29
6,8,2,4,16,2475,VX,LAX,29
-5,8,2,4,20,2475,VX,LAX,29
1,8,21,2,7,2475,VX,LAX,11
-2,8,21,2,9,2475,VX,LAX,11
-4,8,21,2,11,2475,VX,LAX,11
-3,8,21,2,13,2475,VX,LAX,11
-3,8,21,2,16,2475,VX,LAX,11
-2,8,21,2,20,2475,VX,LAX,11
7,8,22,3,7,2475,VX,LAX,10
20,8,22,3,9,2475,VX,LAX,10
-8,8,22,3,11,2475,VX,LAX,10
-5,8,22,3,13,2475,VX,LAX,10
-1,8,22,3,16,2475,VX,LAX,10
-3,8,22,3,20,2475,VX,LAX,10
6,8,11,6,7,2475,VX,LAX,21
24,8,11,6,9,2475,VX,LAX,21
9,8,11,6,11,2475,VX,LAX,21
13,8,11,6,13,2475,VX,LAX,21
26,8,11,6,16,2475,VX,LAX,21
27,8,11,6,20,2475,VX,LAX,21
3,8,12,7,7,2475,VX,LAX,20
11,8,12,7,9,2475,VX,LAX,20
-3,8,12,7,11,2475,VX,LAX,20
0,8,12,7,13,2475,VX,LAX,20
6,8,12,7,16,2475,VX,LAX,20
16,8,12,7,20,2475,VX,LAX,20
6,8,13,1,7,2475,VX,LAX,19
32,8,13,1,9,2475,VX,LAX,19
-2,8,13,1,11,2475,VX,LAX,19
7,8,13,1,13,2475,VX,LAX,19
32,8,13,1,16,2475,VX,LAX,19
-7,8,13,1,20,2475,VX,LAX,19
-1,8,14,2,7,2475,VX,LAX,18
0,8,14,2,9,2475,VX,LAX,18
-8,8,14,2,11,2475,VX,LAX,18
1,8,14,2,13,2475,VX,LAX,18
10,8,14,2,16,2475,VX,LAX,18
22,8,14,2,20,2475,VX,LAX,18
-4,8,15,3,7,2475,VX,LAX,17
-6,8,4,6,7,2475,VX,LAX,28
-2,8,4,6,9,2475,VX,LAX,28
-4,8,4,6,11,2475,VX,LAX,28
1,8,4,6,13,2475,VX,LAX,28
-5,8,4,6,16,2475,VX,LAX,28
161,8,4,6,20,2475,VX,LAX,28
33,8,5,7,7,2475,VX,LAX,27
1,8,5,7,9,2475,VX,LAX,27
3,8,5,7,11,2475,VX,LAX,27
-1,8,5,7,13,2475,VX,LAX,27
56,8,5,7,16,2475,VX,LAX,27
138,8,5,7,20,2475,VX,LAX,27
9,8,6,1,7,2475,VX,LAX,26
6,8,6,1,9,2475,VX,LAX,26
29,8,6,1,11,2475,VX,LAX,26
14,8,6,1,13,2475,VX,LAX,26
7,8,6,1,16,2475,VX,LAX,26
19,8,6,1,20,2475,VX,LAX,26
-4,8,7,2,7,2475,VX,LAX,25
0,8,7,2,9,2475,VX,LAX,25
-3,8,7,2,11,2475,VX,LAX,25
-2,8,7,2,13,2475,VX,LAX,25
26,8,7,2,16,2475,VX,LAX,25
6,8,7,2,20,2475,VX,LAX,25
-4,8,8,3,7,2475,VX,LAX,24
10,8,8,3,9,2475,VX,LAX,24
-6,8,8,3,11,2475,VX,LAX,24
-4,8,8,3,13,2475,VX,LAX,24
7,8,8,3,16,2475,VX,LAX,24
9,8,8,3,20,2475,VX,LAX,24
3,8,20,1,7,2475,VX,LAX,12
-1,8,20,1,9,2475,VX,LAX,12
6,8,20,1,11,2475,VX,LAX,12
-3,8,20,1,13,2475,VX,LAX,12
-2,8,20,1,16,2475,VX,LAX,12
8,8,20,1,20,2475,VX,LAX,12
-2,8,27,1,7,2475,VX,LAX,5
8,8,27,1,9,2475,VX,LAX,5
-9,8,27,1,11,2475,VX,LAX,5
-2,8,27,1,13,2475,VX,LAX,5
21,8,27,1,16,2475,VX,LAX,5
2,8,27,1,20,2475,VX,LAX,5
-5,8,28,2,7,2475,VX,LAX,4
0,8,28,2,9,2475,VX,LAX,4
-3,8,28,2,11,2475,VX,LAX,4
0,8,28,2,13,2475,VX,LAX,4
-5,8,28,2,16,2475,VX,LAX,4
-3,8,28,2,20,2475,VX,LAX,4
-7,8,29,3,7,2475,VX,LAX,3
31,8,29,3,9,2475,VX,LAX,3
-4,8,29,3,11,2475,VX,LAX,3
-4,8,29,3,13,2475,VX,LAX,3
-9,8,29,3,16,2475,VX,LAX,3
-8,8,29,3,20,2475,VX,LAX,3
0,8,3,5,7,2475,VX,LAX,29
-2,8,3,5,9,2475,VX,LAX,29
-4,8,3,5,11,2475,VX,LAX,29
9,8,3,5,13,2475,VX,LAX,29
-1,8,3,5,16,2475,VX,LAX,29
-1,8,3,5,20,2475,VX,LAX,29
-3,8,30,4,7,2475,VX,LAX,2
-1,8,30,4,9,2475,VX,LAX,2
-3,8,30,4,11,2475,VX,LAX,2
-5,8,30,4,13,2475,VX,LAX,2
-4,8,30,4,16,2475,VX,LAX,2
-1,8,30,4,20,2475,VX,LAX,2
-6,8,31,5,7,2475,VX,LAX,1
-2,8,31,5,9,2475,VX,LAX,1
-9,8,31,5,11,2475,VX,LAX,1
-4,8,31,5,13,2475,VX,LAX,1
-1,8,31,5,16,2475,VX,LAX,1
-6,8,31,5,20,2475,VX,LAX,1
-2,8,9,4,7,2475,VX,LAX,23
22,8,9,4,9,2475,VX,LAX,23
-5,8,9,4,11,2475,VX,LAX,23
-3,8,9,4,13,2475,VX,LAX,23
16,8,9,4,16,2475,VX,LAX,23
38,8,9,4,20,2475,VX,LAX,23
-5,8,23,4,7,2475,VX,LAX,9
-4,8,23,4,9,2475,VX,LAX,9
-3,8,23,4,11,2475,VX,LAX,9
-2,8,23,4,13,2475,VX,LAX,9
0,8,23,4,16,2475,VX,LAX,9
1,8,23,4,20,2475,VX,LAX,9
-1,8,24,5,7,2475,VX,LAX,8
4,8,24,5,9,2475,VX,LAX,8
-9,8,24,5,11,2475,VX,LAX,8
-3,8,24,5,13,2475,VX,LAX,8
-3,8,24,5,16,2475,VX,LAX,8
-7,8,24,5,20,2475,VX,LAX,8
-2,8,25,6,7,2475,VX,LAX,7
23,8,25,6,9,2475,VX,LAX,7
-6,8,25,6,11,2475,VX,LAX,7
-4,8,25,6,13,2475,VX,LAX,7
-2,8,25,6,16,2475,VX,LAX,7
-3,8,25,6,20,2475,VX,LAX,7
-5,8,26,7,7,2475,VX,LAX,6
19,8,26,7,9,2475,VX,LAX,6
-5,8,26,7,11,2475,VX,LAX,6
17,8,26,7,13,2475,VX,LAX,6
4,8,26,7,16,2475,VX,LAX,6
0,8,26,7,20,2475,VX,LAX,6
0,8,10,5,11,2475,UA,LAX,22
-1,8,10,5,6,2475,UA,LAX,22
8,8,10,5,15,2475,UA,LAX,22
40,8,20,1,17,2475,UA,LAX,12
1,8,20,1,11,2475,UA,LAX,12
-4,8,20,1,21,2475,UA,LAX,12
-6,8,20,1,6,2475,UA,LAX,12
-1,8,20,1,15,2475,UA,LAX,12
