16,1,2,1,20,2475,UA,LAX,1
-6,1,1,7,8,2475,UA,LAX,0
-2,1,2,1,8,2475,UA,LAX,1
0,1,3,2,8,2475,UA,LAX,2
-2,1,4,3,8,2475,UA,LAX,3
-2,1,5,4,8,2475,UA,LAX,4
-1,1,6,5,8,2475,UA,LAX,5
-3,1,7,6,8,2475,UA,LAX,6
0,1,8,7,8,2475,UA,LAX,7
-2,1,9,1,8,2475,UA,LAX,8
-5,1,10,2,8,2475,UA,LAX,9
-1,1,11,3,8,2475,UA,LAX,10
-5,1,12,4,8,2475,UA,LAX,9
-4,1,13,5,8,2475,UA,LAX,8
0,1,14,6,8,2475,UA,LAX,7
1,1,15,7,8,2475,UA,LAX,6
-2,1,16,1,8,2475,UA,LAX,5
-2,1,17,2,8,2475,UA,LAX,4
-3,1,18,3,8,2475,UA,LAX,3
-3,1,19,4,8,2475,UA,LAX,2
-8,1,20,5,8,2475,UA,LAX,1
-4,1,21,6,8,2475,UA,LAX,0
-3,1,22,7,8,2475,UA,LAX,1
-4,1,23,1,8,2475,UA,LAX,2
58,1,24,2,8,2475,UA,LAX,3
0,1,25,3,8,2475,UA,LAX,4
-3,1,26,4,8,2475,UA,LAX,5
-3,1,27,5,8,2475,UA,LAX,6
-3,1,28,6,8,2475,UA,LAX,7
-5,1,29,7,8,2475,UA,LAX,8
1,1,30,1,8,2475,UA,LAX,9
-1,1,31,2,8,2475,UA,LAX,10
-3,1,1,7,17,2475,UA,LAX,0
-2,1,2,1,17,2475,UA,LAX,1
6,1,3,2,17,2475,UA,LAX,2
-4,1,4,3,17,2475,UA,LAX,3
27,1,5,4,17,2475,UA,LAX,4
-2,1,6,5,17,2475,UA,LAX,5
-3,1,7,6,17,2475,UA,LAX,6
3,1,8,7,17,2475,UA,LAX,7
-2,1,9,1,17,2475,UA,LAX,8
-2,1,10,2,17,2475,UA,LAX,9
-5,1,11,3,17,2475,UA,LAX,10
-2,1,12,4,17,2475,UA,LAX,9
-4,1,13,5,17,2475,UA,LAX,8
2,1,14,6,17,2475,UA,LAX,7
2,1,15,7,17,2475,UA,LAX,6
-3,1,16,1,17,2475,UA,LAX,5
0,1,17,2,17,2475,UA,LAX,4
-4,1,18,3,17,2475,UA,LAX,3
0,1,19,4,17,2475,UA,LAX,2
-3,1,20,5,17,2475,UA,LAX,1
7,1,21,6,17,2475,UA,LAX,0
-3,1,22,7,17,2475,UA,LAX,1
123,1,23,1,17,2475,UA,LAX,2
1,1,24,2,17,2475,UA,LAX,3
-3,1,25,3,17,2475,UA,LAX,4
0,1,26,4,17,2475,UA,LAX,5
39,1,27,5,17,2475,UA,LAX,6
131,1,28,6,17,2475,UA,LAX,7
55,1,29,7,17,2475,UA,LAX,8
18,1,30,1,17,2475,UA,LAX,9
-5,1,31,2,17,2475,UA,LAX,10
-4,1,1,7,15,2475,UA,LAX,0
-2,1,2,1,15,2475,UA,LAX,1
2,1,3,2,15,2475,UA,LAX,2
0,1,4,3,15,2475,UA,LAX,3
-4,1,5,4,15,2475,UA,LAX,4
-5,1,6,5,15,2475,UA,LAX,5
0,1,7,6,15,2475,UA,LAX,6
15,1,8,7,15,2475,UA,LAX,7
2,1,9,1,15,2475,UA,LAX,8
0,1,10,2,15,2475,UA,LAX,9
-1,1,11,3,15,2475,UA,LAX,10
0,1,12,4,15,2475,UA,LAX,9
10,1,13,5,15,2475,UA,LAX,8
22,1,14,6,15,2475,UA,LAX,7
11,1,15,7,15,2475,UA,LAX,6
3,1,16,1,15,2475,UA,LAX,5
-5,1,17,2,15,2475,UA,LAX,4
-1,1,18,3,15,2475,UA,LAX,3
-3,1,19,4,15,2475,UA,LAX,2
-2,1,20,5,15,2475,UA,LAX,1
33,1,21,6,15,2475,UA,LAX,0
-1,1,22,7,15,2475,UA,LAX,1
-4,1,23,1,15,2475,UA,LAX,2
-7,1,24,2,15,2475,UA,LAX,3
-4,1,25,3,15,2475,UA,LAX,4
-4,1,26,4,15,2475,UA,LAX,5
85,1,27,5,15,2475,UA,LAX,6
23,1,28,6,15,2475,UA,LAX,7
99,1,29,7,15,2475,UA,LAX,8
-4,1,30,1,15,2475,UA,LAX,9
41,1,31,2,15,2475,UA,LAX,10
-4,1,1,7,11,2475,UA,LAX,0
-5,1,2,1,11,2475,UA,LAX,1
-3,1,3,2,11,2475,UA,LAX,2
-1,1,4,3,11,2475,UA,LAX,3
2,1,5,4,11,2475,UA,LAX,4
-5,1,6,5,11,2475,UA,LAX,5
0,1,7,6,11,2475,UA,LAX,6
0,1,8,7,11,2475,UA,LAX,7
-6,1,9,1,11,2475,UA,LAX,8
-2,1,10,2,11,2475,UA,LAX,9
-5,1,11,3,11,2475,UA,LAX,10
-6,1,12,4,11,2475,UA,LAX,9
-6,1,13,5,11,2475,UA,LAX,8
-4,1,14,6,11,2475,UA,LAX,7
-4,1,15,7,11,2475,UA,LAX,6
-6,1,16,1,11,2475,UA,LAX,5
10,1,17,2,11,2475,UA,LAX,4
-6,1,18,3,11,2475,UA,LAX,3
49,1,19,4,11,2475,UA,LAX,2
-1,1,20,5,11,2475,UA,LAX,1
159,1,21,6,11,2475,UA,LAX,0
-3,1,22,7,11,2475,UA,LAX,1
-5,1,23,1,11,2475,UA,LAX,2
-4,1,24,2,11,2475,UA,LAX,3
-1,1,25,3,11,2475,UA,LAX,4
-1,1,26,4,11,2475,UA,LAX,5
-6,1,27,5,11,2475,UA,LAX,6
0,1,28,6,11,2475,UA,LAX,7
-1,1,29,7,11,2475,UA,LAX,8
-3,1,30,1,11,2475,UA,LAX,9
2,1,31,2,11,2475,UA,LAX,10
8,1,3,2,20,2475,UA,LAX,2
6,1,4,3,20,2475,UA,LAX,3
0,1,5,4,20,2475,UA,LAX,4
0,1,6,5,20,2475,UA,LAX,5
1,1,8,7,20,2475,UA,LAX,7
1,1,9,1,20,2475,UA,LAX,8
-1,1,10,2,20,2475,UA,LAX,9
3,1,11,3,20,2475,UA,LAX,10
1,1,12,4,20,2475,UA,LAX,9
-1,1,13,5,20,2475,UA,LAX,8
1,1,15,7,20,2475,UA,LAX,6
-7,1,16,1,20,2475,UA,LAX,5
-8,1,17,2,20,2475,UA,LAX,4
-3,1,18,3,20,2475,UA,LAX,3
3,1,19,4,20,2475,UA,LAX,2
-3,1,20,5,20,2475,UA,LAX,1
1,1,22,7,20,2475,UA,LAX,1
203,1,23,1,20,2475,UA,LAX,2
-8,1,24,2,20,2475,UA,LAX,3
-11,1,25,3,20,2475,UA,LAX,4
-6,1,26,4,20,2475,UA,LAX,5
18,1,27,5,20,2475,UA,LAX,6
70,1,29,7,20,2475,UA,LAX,8
-1,1,30,1,20,2475,UA,LAX,9
-8,1,31,2,20,2475,UA,LAX,10
-3,1,1,7,6,2475,UA,LAX,0
-4,1,2,1,6,2475,UA,LAX,1
-3,1,3,2,6,2475,UA,LAX,2
-1,1,4,3,6,2475,UA,LAX,3
15,1,5,4,6,2475,UA,LAX,4
-4,1,6,5,6,2475,UA,LAX,5
-1,1,7,6,6,2475,UA,LAX,6
-3,1,9,1,6,2475,UA,LAX,8
-4,1,10,2,6,2475,UA,LAX,9
-1,1,11,3,6,2475,UA,LAX,10
-3,1,12,4,6,2475,UA,LAX,9
-4,1,13,5,6,2475,UA,LAX,8
-6,1,14,6,6,2475,UA,LAX,7
-4,1,16,1,6,2475,UA,LAX,5
-3,1,17,2,6,2475,UA,LAX,4
-6,1,18,3,6,2475,UA,LAX,3
101,1,19,4,6,2475,UA,LAX,2
-7,1,20,5,6,2475,UA,LAX,1
-1,1,21,6,6,2475,UA,LAX,0
-4,1,23,1,6,2475,UA,LAX,2
-4,1,24,2,6,2475,UA,LAX,3
-5,1,25,3,6,2475,UA,LAX,4
-4,1,26,4,6,2475,UA,LAX,5
-7,1,27,5,6,2475,UA,LAX,6
-3,1,28,6,6,2475,UA,LAX,7
-3,1,30,1,6,2475,UA,LAX,9
-11,1,31,2,6,2475,UA,LAX,10
