39,8,26,7,13,2475,DL,LAX,6
-4,8,27,1,21,2475,DL,LAX,5
-7,8,28,2,17,2475,DL,LAX,4
-5,8,28,2,19,2475,DL,LAX,4
-7,8,28,2,9,2475,DL,LAX,4
-6,8,28,2,15,2475,DL,LAX,4
-4,8,28,2,7,2475,DL,LAX,4
-7,8,28,2,11,2475,DL,LAX,4
-8,8,28,2,13,2475,DL,LAX,4
-2,8,31,5,11,2475,UA,LAX,1
-9,8,31,5,21,2475,UA,LAX,1
-3,8,31,5,6,2475,UA,LAX,1
17,8,31,5,15,2475,UA,LAX,1
-4,8,29,3,11,2475,UA,LAX,3
17,8,30,4,8,2475,UA,LAX,2
2,8,30,4,17,2475,UA,LAX,2
5,8,30,4,11,2475,UA,LAX,2
-9,8,30,4,21,2475,UA,LAX,2
-7,8,30,4,6,2475,UA,LAX,2
74,8,30,4,15,2475,UA,LAX,2
36,8,29,3,15,2475,UA,LAX,3
-5,8,29,3,6,2475,UA,LAX,3
-3,8,29,3,8,2475,UA,LAX,3
-4,8,29,3,17,2475,UA,LAX,3
1,8,28,2,8,2475,UA,LAX,4
49,8,28,2,17,2475,UA,LAX,4
-4,8,28,2,11,2475,UA,LAX,4
5,8,28,2,21,2475,UA,LAX,4
-3,8,28,2,6,2475,UA,LAX,4
-3,8,26,7,8,2475,UA,LAX,6
45,8,26,7,17,2475,UA,LAX,6
-9,8,26,7,11,2475,UA,LAX,6
60,8,26,7,21,2475,UA,LAX,6
-7,8,29,3,21,2475,UA,LAX,3
117,8,28,2,15,2475,UA,LAX,4
78,8,27,1,21,2475,UA,LAX,5
-5,8,27,1,6,2475,UA,LAX,5
2,8,27,1,15,2475,UA,LAX,5
-6,8,27,1,8,2475,UA,LAX,5
9,8,27,1,17,2475,UA,LAX,5
-3,8,27,1,11,2475,UA,LAX,5
1,8,23,4,11,2475,UA,LAX,9
0,8,23,4,21,2475,UA,LAX,9
1,8,23,4,6,2475,UA,LAX,9
-5,8,23,4,15,2475,UA,LAX,9
-1,8,21,2,11,2475,UA,LAX,11
-4,8,21,2,21,2475,UA,LAX,11
10,8,21,2,6,2475,UA,LAX,11
-11,8,21,2,15,2475,UA,LAX,11
-4,8,25,6,11,2475,UA,LAX,7
-6,8,25,6,6,2475,UA,LAX,7
0,8,25,6,15,2475,UA,LAX,7
-2,8,23,4,8,2475,UA,LAX,9
21,8,23,4,17,2475,UA,LAX,9
-7,8,20,1,8,2475,UA,LAX,12
-4,8,26,7,15,2475,UA,LAX,6
-6,8,24,5,8,2475,UA,LAX,8
0,8,24,5,17,2475,UA,LAX,8
-1,8,24,5,11,2475,UA,LAX,8
-6,8,24,5,21,2475,UA,LAX,8
-3,8,24,5,6,2475,UA,LAX,8
-6,8,24,5,15,2475,UA,LAX,8
5,8,19,7,17,2475,UA,LAX,13
-5,8,19,7,11,2475,UA,LAX,13
-6,8,25,6,8,2475,UA,LAX,7
75,8,25,6,17,2475,UA,LAX,7
-12,8,22,3,8,2475,UA,LAX,10
-4,8,22,3,11,2475,UA,LAX,10
13,8,22,3,17,2475,UA,LAX,10
20,8,22,3,21,2475,UA,LAX,10
4,8,22,3,6,2475,UA,LAX,10
-8,8,22,3,15,2475,UA,LAX,10
-6,8,21,2,8,2475,UA,LAX,11
22,8,21,2,17,2475,UA,LAX,11
-4,8,19,7,8,2475,UA,LAX,13
-3,8,17,5,11,2475,UA,LAX,15
-8,9,1,6,15,2475,AA,LAX,0
-15,9,2,7,15,2475,AA,LAX,1
-4,9,3,1,15,2475,AA,LAX,2
-1,9,4,2,15,2475,AA,LAX,3
14,9,5,3,15,2475,AA,LAX,4
-4,9,6,4,15,2475,AA,LAX,5
26,9,7,5,15,2475,AA,LAX,6
-1,9,8,6,15,2475,AA,LAX,7
-5,9,9,7,15,2475,AA,LAX,8
63,9,10,1,15,2475,AA,LAX,9
1,9,11,2,15,2475,AA,LAX,10
0,9,12,3,15,2475,AA,LAX,11
1,9,13,4,15,2475,AA,LAX,12
10,9,14,5,15,2475,AA,LAX,13
27,9,15,6,15,2475,AA,LAX,14
1,9,16,7,15,2475,AA,LAX,15
126,9,17,1,15,2475,AA,LAX,16
14,9,18,2,15,2475,AA,LAX,17
3,9,19,3,15,2475,AA,LAX,18
-6,9,20,4,15,2475,AA,LAX,19
-2,9,21,5,15,2475,AA,LAX,20
-2,9,22,6,15,2475,AA,LAX,21
-9,9,23,7,15,2475,AA,LAX,20
12,9,24,1,15,2475,AA,LAX,19
-1,9,25,2,15,2475,AA,LAX,18
90,9,26,3,15,2475,AA,LAX,17
102,9,27,4,15,2475,AA,LAX,16
19,9,28,5,15,2475,AA,LAX,15
-7,9,29,6,15,2475,AA,LAX,14
-3,9,30,7,15,2475,AA,LAX,13
-4,9,1,6,16,2475,AA,LAX,0
0,9,2,7,16,2475,AA,LAX,1
-2,9,3,1,16,2475,AA,LAX,2
-5,9,4,2,16,2475,AA,LAX,3
8,9,5,3,16,2475,AA,LAX,4
3,9,6,4,16,2475,AA,LAX,5
1,9,7,5,16,2475,AA,LAX,6
82,9,8,6,16,2475,AA,LAX,7
-4,9,9,7,16,2475,AA,LAX,8
-1,9,10,1,16,2475,AA,LAX,9
-7,9,11,2,16,2475,AA,LAX,10
3,9,12,3,16,2475,AA,LAX,11
-3,9,13,4,16,2475,AA,LAX,12
-3,9,14,5,16,2475,AA,LAX,13
-1,9,15,6,16,2475,AA,LAX,14
23,9,16,7,16,2475,AA,LAX,15
3,9,17,1,16,2475,AA,LAX,16
-1,9,18,2,16,2475,AA,LAX,17
-2,9,19,3,16,2475,AA,LAX,18
35,9,20,4,16,2475,AA,LAX,19
-5,9,21,5,16,2475,AA,LAX,20
213,9,22,6,16,2475,AA,LAX,21
186,9,23,7,16,2475,AA,LAX,20
29,9,24,1,16,2475,AA,LAX,19
-5,9,25,2,16,2475,AA,LAX,18
-3,9,26,3,16,2475,AA,LAX,17
178,9,27,4,16,2475,AA,LAX,16
81,9,28,5,16,2475,AA,LAX,15
5,9,29,6,16,2475,AA,LAX,14
1,9,30,7,16,2475,AA,LAX,13
-6,9,2,7,20,2475,AA,LAX,1
-2,9,3,1,20,2475,AA,LAX,2
-5,9,4,2,20,2475,AA,LAX,3
-2,9,5,3,20,2475,AA,LAX,4
2,9,6,4,20,2475,AA,LAX,5
-8,9,7,5,20,2475,AA,LAX,6
0,9,9,7,20,2475,AA,LAX,8
-6,9,10,1,20,2475,AA,LAX,9
126,9,11,2,20,2475,AA,LAX,10
14,9,12,3,20,2475,AA,LAX,11
-1,9,13,4,20,2475,AA,LAX,12
20,9,14,5,20,2475,AA,LAX,13
29,9,16,7,20,2475,AA,LAX,15
-5,9,17,1,20,2475,AA,LAX,16
70,9,18,2,20,2475,AA,LAX,17
-9,9,19,3,20,2475,AA,LAX,18
-4,9,20,4,20,2475,AA,LAX,19
-2,9,21,5,20,2475,AA,LAX,20
144,9,23,7,20,2475,AA,LAX,20
5,9,24,1,20,2475,AA,LAX,19
-3,9,25,2,20,2475,AA,LAX,18
-5,9,26,3,20,2475,AA,LAX,17
-3,9,27,4,20,2475,AA,LAX,16
96,9,28,5,20,2475,AA,LAX,15
0,9,30,7,20,2475,AA,LAX,13
-1,9,1,6,6,2475,AA,LAX,0
-1,9,2,7,6,2475,AA,LAX,1
-4,9,3,1,6,2475,AA,LAX,2
-1,9,4,2,6,2475,AA,LAX,3
-5,9,5,3,6,2475,AA,LAX,4
6,9,6,4,6,2475,AA,LAX,5
4,9,7,5,6,2475,AA,LAX,6
-7,9,8,6,6,2475,AA,LAX,7
-4,9,9,7,6,2475,AA,LAX,8
-4,9,10,1,6,2475,AA,LAX,9
79,9,11,2,6,2475,AA,LAX,10
-5,9,12,3,6,2475,AA,LAX,11
-1,9,13,4,6,2475,AA,LAX,12
2,9,14,5,6,2475,AA,LAX,13
-2,9,15,6,6,2475,AA,LAX,14
34,9,16,7,6,2475,AA,LAX,15
-5,9,17,1,6,2475,AA,LAX,16
-7,9,18,2,6,2475,AA,LAX,17
-6,9,19,3,6,2475,AA,LAX,18
-5,9,20,4,6,2475,AA,LAX,19
1,9,21,5,6,2475,AA,LAX,20
-4,9,22,6,6,2475,AA,LAX,21
-3,9,23,7,6,2475,AA,LAX,20
-5,9,24,1,6,2475,AA,LAX,19
-7,9,25,2,6,2475,AA,LAX,18
-3,9,26,3,6,2475,AA,LAX,17
-6,9,27,4,6,2475,AA,LAX,16
9,9,28,5,6,2475,AA,LAX,15
-3,9,29,6,6,2475,AA,LAX,14
15,9,30,7,6,2475,AA,LAX,13
-5,9,1,6,9,2475,AA,LAX,0
-7,9,2,7,9,2475,AA,LAX,1
-6,9,3,1,9,2475,AA,LAX,2
-6,9,4,2,9,2475,AA,LAX,3
1,9,5,3,9,2475,AA,LAX,4
-4,9,6,4,9,2475,AA,LAX,5
3,9,7,5,9,2475,AA,LAX,6
0,9,8,6,9,2475,AA,LAX,7
0,9,9,7,9,2475,AA,LAX,8
-6,9,10,1,9,2475,AA,LAX,9
-5,9,11,2,9,2475,AA,LAX,10
-1,9,12,3,9,2475,AA,LAX,11
-9,9,13,4,9,2475,AA,LAX,12
-5,9,14,5,9,2475,AA,LAX,13
2,9,15,6,9,2475,AA,LAX,14
-9,9,16,7,9,2475,AA,LAX,15
1,9,17,1,9,2475,AA,LAX,16
-2,9,18,2,9,2475,AA,LAX,17
-4,9,19,3,9,2475,AA,LAX,18
-6,9,20,4,9,2475,AA,LAX,19
1,9,21,5,9,2475,AA,LAX,20
-3,9,22,6,9,2475,AA,LAX,21
-2,9,23,7,9,2475,AA,LAX,20
-7,9,24,1,9,2475,AA,LAX,19
13,9,25,2,9,2475,AA,LAX,18
-6,9,26,3,9,2475,AA,LAX,17
25,9,27,4,9,2475,AA,LAX,16
-1,9,28,5,9,2475,AA,LAX,15
-5,9,29,6,9,2475,AA,LAX,14
-5,9,30,7,9,2475,AA,LAX,13
-8,9,1,6,12,2475,AA,LAX,0
-6,9,2,7,12,2475,AA,LAX,1
-5,9,3,1,12,2475,AA,LAX,2
-8,9,4,2,12,2475,AA,LAX,3
69,9,5,3,12,2475,AA,LAX,4
-5,9,6,4,12,2475,AA,LAX,5
-6,9,7,5,12,2475,AA,LAX,6
-2,9,8,6,12,2475,AA,LAX,7
-9,9,9,7,12,2475,AA,LAX,8
-8,9,10,1,12,2475,AA,LAX,9
31,9,11,2,12,2475,AA,LAX,10
-4,9,12,3,12,2475,AA,LAX,11
-9,9,13,4,12,2475,AA,LAX,12
-3,9,14,5,12,2475,AA,LAX,13
-5,9,15,6,12,2475,AA,LAX,14
-7,9,16,7,12,2475,AA,LAX,15
-2,9,17,1,12,2475,AA,LAX,16
-5,9,18,2,12,2475,AA,LAX,17
13,9,19,3,12,2475,AA,LAX,18
-7,9,20,4,12,2475,AA,LAX,19
-3,9,21,5,12,2475,AA,LAX,20
32,9,22,6,12,2475,AA,LAX,21
15,9,23,7,12,2475,AA,LAX,20
-10,9,24,1,12,2475,AA,LAX,19
-5,9,25,2,12,2475,AA,LAX,18
-1,9,26,3,12,2475,AA,LAX,17
-7,9,27,4,12,2475,AA,LAX,16
1,9,28,5,12,2475,AA,LAX,15
-4,9,29,6,12,2475,AA,LAX,14
-9,9,30,7,12,2475,AA,LAX,13
-5,9,1,6,10,2475,AA,LAX,0
-9,9,2,7,10,2475,AA,LAX,1
4,9,3,1,10,2475,AA,LAX,2
-2,9,4,2,10,2475,AA,LAX,3
4,9,5,3,10,2475,AA,LAX,4
-9,9,6,4,10,2475,AA,LAX,5
-7,9,7,5,10,2475,AA,LAX,6
-1,9,8,6,10,2475,AA,LAX,7
1,9,9,7,10,2475,AA,LAX,8
109,9,10,1,10,2475,AA,LAX,9
-6,9,11,2,10,2475,AA,LAX,10
-4,9,12,3,10,2475,AA,LAX,11
9,9,13,4,10,2475,AA,LAX,12
50,9,14,5,10,2475,AA,LAX,13
-2,9,15,6,10,2475,AA,LAX,14
53,9,16,7,10,2475,AA,LAX,15
53,9,17,1,10,2475,AA,LAX,16
-4,9,18,2,10,2475,AA,LAX,17
19,9,19,3,10,2475,AA,LAX,18
-5,9,20,4,10,2475,AA,LAX,19
2,9,21,5,10,2475,AA,LAX,20
3,9,22,6,10,2475,AA,LAX,21
5,9,23,7,10,2475,AA,LAX,20
65,9,24,1,10,2475,AA,LAX,19
3,9,25,2,10,2475,AA,LAX,18
1,9,26,3,10,2475,AA,LAX,17
-2,9,27,4,10,2475,AA,LAX,16
-1,9,28,5,10,2475,AA,LAX,15
5,9,29,6,10,2475,AA,LAX,14
-8,9,30,7,10,2475,AA,LAX,13
-2,9,1,6,19,2475,AA,LAX,0
56,9,2,7,19,2475,AA,LAX,1
26,9,4,2,19,2475,AA,LAX,3
-1,9,5,3,19,2475,AA,LAX,4
16,9,6,4,19,2475,AA,LAX,5
-7,9,7,5,19,2475,AA,LAX,6
21,9,8,6,19,2475,AA,LAX,7
-1,9,9,7,19,2475,AA,LAX,8
-7,9,10,1,19,2475,AA,LAX,9
-6,9,11,2,19,2475,AA,LAX,10
-3,9,12,3,19,2475,AA,LAX,11
58,9,13,4,19,2475,AA,LAX,12
7,9,14,5,19,2475,AA,LAX,13
-9,9,15,6,19,2475,AA,LAX,14
22,9,16,7,19,2475,AA,LAX,15
2,9,17,1,19,2475,AA,LAX,16
108,9,18,2,19,2475,AA,LAX,17
9,9,19,3,19,2475,AA,LAX,18
7,9,20,4,19,2475,AA,LAX,19
31,9,21,5,19,2475,AA,LAX,20
49,9,22,6,19,2475,AA,LAX,21
99,9,23,7,19,2475,AA,LAX,20
-2,9,24,1,19,2475,AA,LAX,19
63,9,25,2,19,2475,AA,LAX,18
15,9,26,3,19,2475,AA,LAX,17
0,9,27,4,19,2475,AA,LAX,16
27,9,28,5,19,2475,AA,LAX,15
-2,9,29,6,19,2475,AA,LAX,14
12,9,30,7,19,2475,AA,LAX,13
-5,9,1,6,8,2475,AA,LAX,0
85,9,2,7,8,2475,AA,LAX,1
-6,9,3,1,8,2475,AA,LAX,2
-7,9,4,2,8,2475,AA,LAX,3
2,9,1,6,13,2475,AA,LAX,0
-10,9,2,7,13,2475,AA,LAX,1
-12,9,3,1,13,2475,AA,LAX,2
-1,9,4,2,13,2475,AA,LAX,3
-6,9,5,3,13,2475,AA,LAX,4
-6,9,6,4,13,2475,AA,LAX,5
-14,9,7,5,13,2475,AA,LAX,6
-2,9,8,6,13,2475,AA,LAX,7
-6,9,9,7,13,2475,AA,LAX,8
29,9,10,1,13,2475,AA,LAX,9
-7,9,11,2,13,2475,AA,LAX,10
1,9,12,3,13,2475,AA,LAX,11
-2,9,13,4,13,2475,AA,LAX,12
-8,9,14,5,13,2475,AA,LAX,13
1,9,15,6,13,2475,AA,LAX,14
-2,9,16,7,13,2475,AA,LAX,15
71,9,17,1,13,2475,AA,LAX,16
-4,9,18,2,13,2475,AA,LAX,17
-1,9,19,3,13,2475,AA,LAX,18
2,9,20,4,13,2475,AA,LAX,19
-3,9,21,5,13,2475,AA,LAX,20
-6,9,22,6,13,2475,AA,LAX,21
-5,9,23,7,13,2475,AA,LAX,20
11,9,24,1,13,2475,AA,LAX,19
-4,9,25,2,13,2475,AA,LAX,18
198,9,26,3,13,2475,AA,LAX,17
2,9,27,4,13,2475,AA,LAX,16
-4,9,28,5,13,2475,AA,LAX,15
-5,9,29,6,13,2475,AA,LAX,14
-4,9,30,7,13,2475,AA,LAX,13
