-5,6,1,5,7,2475,VX,LAX,6
2,6,1,5,9,2475,VX,LAX,6
-8,6,1,5,11,2475,VX,LAX,6
2,6,1,5,13,2475,VX,LAX,6
-1,6,1,5,16,2475,VX,LAX,6
84,6,1,5,20,2475,VX,LAX,6
0,6,11,1,7,2475,VX,LAX,16
-4,6,11,1,9,2475,VX,LAX,16
-1,6,11,1,11,2475,VX,LAX,16
-2,6,11,1,13,2475,VX,LAX,16
-1,6,11,1,16,2475,VX,LAX,16
-2,6,11,1,20,2475,VX,LAX,16
-2,6,12,2,7,2475,VX,LAX,17
-8,6,12,2,9,2475,VX,LAX,17
-4,6,12,2,11,2475,VX,LAX,17
42,6,12,2,13,2475,VX,LAX,17
8,6,12,2,16,2475,VX,LAX,17
3,6,12,2,20,2475,VX,LAX,17
-1,6,13,3,7,2475,VX,LAX,18
6,6,13,3,9,2475,VX,LAX,18
-2,6,13,3,11,2475,VX,LAX,18
-5,6,13,3,13,2475,VX,LAX,18
42,6,13,3,16,2475,VX,LAX,18
16,6,13,3,20,2475,VX,LAX,18
3,6,14,4,7,2475,VX,LAX,19
11,6,14,4,9,2475,VX,LAX,19
-3,6,14,4,11,2475,VX,LAX,19
7,6,14,4,13,2475,VX,LAX,19
14,6,14,4,16,2475,VX,LAX,19
41,6,14,4,20,2475,VX,LAX,19
2,6,15,5,7,2475,VX,LAX,19
1,6,15,5,9,2475,VX,LAX,19
7,6,15,5,11,2475,VX,LAX,19
-3,6,15,5,13,2475,VX,LAX,19
1,6,15,5,16,2475,VX,LAX,19
-1,6,15,5,20,2475,VX,LAX,19
-1,6,17,7,7,2475,VX,LAX,17
0,6,17,7,9,2475,VX,LAX,17
1,6,17,7,11,2475,VX,LAX,17
-6,6,17,7,13,2475,VX,LAX,17
3,6,17,7,16,2475,VX,LAX,17
39,6,17,7,20,2475,VX,LAX,17
-5,6,18,1,7,2475,VX,LAX,16
-3,6,18,1,9,2475,VX,LAX,16
-2,6,18,1,11,2475,VX,LAX,16
1,6,18,1,13,2475,VX,LAX,16
-5,6,18,1,16,2475,VX,LAX,16
9,6,18,1,20,2475,VX,LAX,16
0,6,19,2,7,2475,VX,LAX,15
5,6,19,2,9,2475,VX,LAX,15
-3,6,19,2,11,2475,VX,LAX,15
-2,6,19,2,13,2475,VX,LAX,15
-2,6,19,2,16,2475,VX,LAX,15
1,6,19,2,20,2475,VX,LAX,15
0,6,2,6,7,2475,VX,LAX,7
-5,6,2,6,9,2475,VX,LAX,7
3,6,2,6,11,2475,VX,LAX,7
-1,6,2,6,13,2475,VX,LAX,7
-4,6,2,6,16,2475,VX,LAX,7
0,6,2,6,20,2475,VX,LAX,7
-4,6,20,3,7,2475,VX,LAX,14
6,6,20,3,9,2475,VX,LAX,14
-3,6,20,3,11,2475,VX,LAX,14
-6,6,20,3,13,2475,VX,LAX,14
0,6,20,3,16,2475,VX,LAX,14
26,6,20,3,20,2475,VX,LAX,14
2,6,10,7,7,2475,VX,LAX,15
8,6,10,7,9,2475,VX,LAX,15
-7,6,10,7,11,2475,VX,LAX,15
6,6,10,7,13,2475,VX,LAX,15
7,6,10,7,16,2475,VX,LAX,15
9,6,10,7,20,2475,VX,LAX,15
-2,6,22,5,7,2475,VX,LAX,12
-1,6,22,5,9,2475,VX,LAX,12
-1,6,22,5,11,2475,VX,LAX,12
0,6,22,5,13,2475,VX,LAX,12
460,6,22,5,16,2475,VX,LAX,12
241,6,22,5,20,2475,VX,LAX,12
49,6,23,6,7,2475,VX,LAX,11
0,6,23,6,9,2475,VX,LAX,11
-1,6,23,6,11,2475,VX,LAX,11
-2,6,23,6,13,2475,VX,LAX,11
-1,6,23,6,16,2475,VX,LAX,11
0,6,23,6,20,2475,VX,LAX,11
-3,6,24,7,7,2475,VX,LAX,10
2,6,24,7,9,2475,VX,LAX,10
-6,6,24,7,11,2475,VX,LAX,10
-2,6,24,7,13,2475,VX,LAX,10
7,6,24,7,16,2475,VX,LAX,10
14,6,24,7,20,2475,VX,LAX,10
6,6,25,1,7,2475,VX,LAX,9
116,6,25,1,9,2475,VX,LAX,9
117,6,25,1,11,2475,VX,LAX,9
137,6,25,1,13,2475,VX,LAX,9
26,6,25,1,16,2475,VX,LAX,9
22,6,25,1,20,2475,VX,LAX,9
-2,6,26,2,7,2475,VX,LAX,8
-8,6,26,2,9,2475,VX,LAX,8
19,6,26,2,11,2475,VX,LAX,8
-4,6,26,2,13,2475,VX,LAX,8
4,6,26,2,16,2475,VX,LAX,8
4,6,26,2,20,2475,VX,LAX,8
-2,6,27,3,7,2475,VX,LAX,7
11,6,27,3,9,2475,VX,LAX,7
-4,6,27,3,11,2475,VX,LAX,7
-3,6,27,3,13,2475,VX,LAX,7
15,6,27,3,16,2475,VX,LAX,7
3,6,27,3,20,2475,VX,LAX,7
-9,6,28,4,7,2475,VX,LAX,6
-6,6,28,4,9,2475,VX,LAX,6
0,6,28,4,11,2475,VX,LAX,6
-1,6,28,4,13,2475,VX,LAX,6
6,6,28,4,16,2475,VX,LAX,6
5,6,28,4,20,2475,VX,LAX,6
-6,6,21,4,7,2475,VX,LAX,13
-1,6,21,4,9,2475,VX,LAX,13
-3,6,21,4,11,2475,VX,LAX,13
3,6,21,4,13,2475,VX,LAX,13
12,6,21,4,16,2475,VX,LAX,13
17,6,21,4,20,2475,VX,LAX,13
-7,6,7,4,7,2475,VX,LAX,12
-2,6,7,4,9,2475,VX,LAX,12
-1,6,7,4,11,2475,VX,LAX,12
-3,6,7,4,13,2475,VX,LAX,12
3,6,7,4,16,2475,VX,LAX,12
1,6,7,4,20,2475,VX,LAX,12
-2,6,8,5,7,2475,VX,LAX,13
0,6,8,5,9,2475,VX,LAX,13
0,6,8,5,11,2475,VX,LAX,13
-2,6,8,5,13,2475,VX,LAX,13
-4,6,8,5,16,2475,VX,LAX,13
32,6,8,5,20,2475,VX,LAX,13
-7,6,9,6,7,2475,VX,LAX,14
2,6,9,6,9,2475,VX,LAX,14
-3,6,9,6,11,2475,VX,LAX,14
4,6,9,6,13,2475,VX,LAX,14
0,6,9,6,16,2475,VX,LAX,14
11,6,9,6,20,2475,VX,LAX,14
-5,6,16,6,7,2475,VX,LAX,18
-1,6,16,6,9,2475,VX,LAX,18
-8,6,16,6,11,2475,VX,LAX,18
-7,6,16,6,13,2475,VX,LAX,18
2,6,16,6,16,2475,VX,LAX,18
-1,6,16,6,20,2475,VX,LAX,18
21,6,29,5,7,2475,VX,LAX,5
-4,6,29,5,9,2475,VX,LAX,5
5,6,29,5,11,2475,VX,LAX,5
2,6,29,5,13,2475,VX,LAX,5
-1,6,29,5,16,2475,VX,LAX,5
11,6,29,5,20,2475,VX,LAX,5
-1,6,3,7,7,2475,VX,LAX,8
-1,6,3,7,9,2475,VX,LAX,8
0,6,3,7,11,2475,VX,LAX,8
-1,6,3,7,13,2475,VX,LAX,8
5,6,3,7,16,2475,VX,LAX,8
7,6,3,7,20,2475,VX,LAX,8
61,6,30,6,7,2475,VX,LAX,4
9,6,30,6,9,2475,VX,LAX,4
-3,6,30,6,11,2475,VX,LAX,4
1,6,30,6,13,2475,VX,LAX,4
1,6,30,6,16,2475,VX,LAX,4
0,6,30,6,20,2475,VX,LAX,4
7,6,4,1,7,2475,VX,LAX,9
28,6,4,1,9,2475,VX,LAX,9
0,6,4,1,11,2475,VX,LAX,9
1,6,4,1,13,2475,VX,LAX,9
12,6,4,1,16,2475,VX,LAX,9
26,6,4,1,20,2475,VX,LAX,9
-6,6,5,2,7,2475,VX,LAX,10
29,6,5,2,9,2475,VX,LAX,10
37,6,5,2,11,2475,VX,LAX,10
-1,6,5,2,13,2475,VX,LAX,10
-3,6,5,2,16,2475,VX,LAX,10
16,6,5,2,20,2475,VX,LAX,10
-3,6,6,3,7,2475,VX,LAX,11
-4,6,6,3,9,2475,VX,LAX,11
-3,6,6,3,11,2475,VX,LAX,11
1,6,6,3,13,2475,VX,LAX,11
10,6,6,3,16,2475,VX,LAX,11
-1,6,6,3,20,2475,VX,LAX,11
0,6,5,2,6,2475,UA,LAX,10
-6,6,5,2,8,2475,UA,LAX,10
16,6,5,2,17,2475,UA,LAX,10
-7,6,5,2,11,2475,UA,LAX,10
-6,6,5,2,15,2475,UA,LAX,10
-9,7,1,7,9,2475,AA,LAX,3
15,7,2,1,9,2475,AA,LAX,2
-9,7,3,2,9,2475,AA,LAX,1
-8,7,4,3,9,2475,AA,LAX,0
0,7,5,4,9,2475,AA,LAX,1
-3,7,6,5,9,2475,AA,LAX,2
12,7,7,6,9,2475,AA,LAX,3
22,7,8,7,9,2475,AA,LAX,4
-7,7,9,1,9,2475,AA,LAX,5
-7,7,10,2,9,2475,AA,LAX,6
-9,7,11,3,9,2475,AA,LAX,7
-9,7,12,4,9,2475,AA,LAX,8
9,7,13,5,9,2475,AA,LAX,9
-8,7,14,6,9,2475,AA,LAX,10
-8,7,15,7,9,2475,AA,LAX,11
-6,7,16,1,9,2475,AA,LAX,12
1,7,17,2,9,2475,AA,LAX,13
-8,7,18,3,9,2475,AA,LAX,14
22,7,19,4,9,2475,AA,LAX,15
-3,7,20,5,9,2475,AA,LAX,16
41,7,21,6,9,2475,AA,LAX,17
-8,7,22,7,9,2475,AA,LAX,18
-5,7,23,1,9,2475,AA,LAX,19
-4,7,24,2,9,2475,AA,LAX,20
-11,7,25,3,9,2475,AA,LAX,21
-5,7,26,4,9,2475,AA,LAX,22
-6,7,27,5,9,2475,AA,LAX,23
-7,7,28,6,9,2475,AA,LAX,24
-5,7,29,7,9,2475,AA,LAX,25
-6,7,30,1,9,2475,AA,LAX,26
-8,7,31,2,9,2475,AA,LAX,27
-7,7,1,7,12,2475,AA,LAX,3
-8,7,2,1,12,2475,AA,LAX,2
-8,7,3,2,12,2475,AA,LAX,1
-5,7,4,3,12,2475,AA,LAX,0
107,7,5,4,12,2475,AA,LAX,1
-5,7,6,5,12,2475,AA,LAX,2
-8,7,7,6,12,2475,AA,LAX,3
-3,7,8,7,12,2475,AA,LAX,4
14,7,9,1,12,2475,AA,LAX,5
-10,7,10,2,12,2475,AA,LAX,6
-5,7,11,3,12,2475,AA,LAX,7
-9,7,12,4,12,2475,AA,LAX,8
-6,7,13,5,12,2475,AA,LAX,9
22,7,14,6,12,2475,AA,LAX,10
-5,7,15,7,12,2475,AA,LAX,11
-9,7,16,1,12,2475,AA,LAX,12
-7,7,17,2,12,2475,AA,LAX,13
85,7,18,3,12,2475,AA,LAX,14
-8,7,19,4,12,2475,AA,LAX,15
-4,7,20,5,12,2475,AA,LAX,16
-6,7,21,6,12,2475,AA,LAX,17
-5,7,22,7,12,2475,AA,LAX,18
-7,7,23,1,12,2475,AA,LAX,19
-5,7,24,2,12,2475,AA,LAX,20
-8,7,25,3,12,2475,AA,LAX,21
-8,7,26,4,12,2475,AA,LAX,22
4,7,27,5,12,2475,AA,LAX,23
-5,7,28,6,12,2475,AA,LAX,24
11,7,29,7,12,2475,AA,LAX,25
-2,7,30,1,12,2475,AA,LAX,26
-10,7,31,2,12,2475,AA,LAX,27
-3,7,1,7,10,2475,AA,LAX,3
-9,7,2,1,10,2475,AA,LAX,2
5,7,3,2,10,2475,AA,LAX,1
-12,7,4,3,10,2475,AA,LAX,0
64,7,5,4,10,2475,AA,LAX,1
-9,7,6,5,10,2475,AA,LAX,2
-5,7,7,6,10,2475,AA,LAX,3
-9,7,8,7,10,2475,AA,LAX,4
-5,7,9,1,10,2475,AA,LAX,5
1,7,10,2,10,2475,AA,LAX,6
-9,7,11,3,10,2475,AA,LAX,7
-6,7,12,4,10,2475,AA,LAX,8
-3,7,13,5,10,2475,AA,LAX,9
-8,7,14,6,10,2475,AA,LAX,10
-2,7,15,7,10,2475,AA,LAX,11
-3,7,16,1,10,2475,AA,LAX,12
-8,7,17,2,10,2475,AA,LAX,13
115,7,18,3,10,2475,AA,LAX,14
-4,7,19,4,10,2475,AA,LAX,15
-7,7,20,5,10,2475,AA,LAX,16
-5,7,21,6,10,2475,AA,LAX,17
-8,7,22,7,10,2475,AA,LAX,18
-4,7,23,1,10,2475,AA,LAX,19
34,7,24,2,10,2475,AA,LAX,20
-10,7,25,3,10,2475,AA,LAX,21
2,7,26,4,10,2475,AA,LAX,22
-5,7,27,5,10,2475,AA,LAX,23
-5,7,28,6,10,2475,AA,LAX,24
-7,7,29,7,10,2475,AA,LAX,25
5,7,30,1,10,2475,AA,LAX,26
-10,7,31,2,10,2475,AA,LAX,27
-4,7,1,7,19,2475,AA,LAX,3
-7,7,2,1,19,2475,AA,LAX,2
38,7,3,2,19,2475,AA,LAX,1
-6,7,4,3,19,2475,AA,LAX,0
-1,7,5,4,19,2475,AA,LAX,1
-5,7,6,5,19,2475,AA,LAX,2
-1,7,7,6,19,2475,AA,LAX,3
3,7,8,7,19,2475,AA,LAX,4
69,7,9,1,19,2475,AA,LAX,5
-10,7,10,2,19,2475,AA,LAX,6
-9,7,11,3,19,2475,AA,LAX,7
199,7,12,4,19,2475,AA,LAX,8
-6,7,13,5,19,2475,AA,LAX,9
-6,7,14,6,19,2475,AA,LAX,10
59,7,15,7,19,2475,AA,LAX,11
1,7,16,1,19,2475,AA,LAX,12
-6,7,17,2,19,2475,AA,LAX,13
285,7,18,3,19,2475,AA,LAX,14
-5,7,19,4,19,2475,AA,LAX,15
59,7,20,5,19,2475,AA,LAX,16
-10,7,21,6,19,2475,AA,LAX,17
3,7,22,7,19,2475,AA,LAX,18
10,7,23,1,19,2475,AA,LAX,19
2,7,24,2,19,2475,AA,LAX,20
-1,7,25,3,19,2475,AA,LAX,21
123,7,26,4,19,2475,AA,LAX,22
-5,7,27,5,19,2475,AA,LAX,23
14,7,28,6,19,2475,AA,LAX,24
5,7,29,7,19,2475,AA,LAX,25
-5,7,30,1,19,2475,AA,LAX,26
48,7,31,2,19,2475,AA,LAX,27
-5,7,1,7,8,2475,AA,LAX,3
-4,7,1,7,13,2475,AA,LAX,3
-5,7,2,1,13,2475,AA,LAX,2
17,7,3,2,13,2475,AA,LAX,1
-8,7,4,3,13,2475,AA,LAX,0
12,7,5,4,13,2475,AA,LAX,1
-4,7,6,5,13,2475,AA,LAX,2
1,7,7,6,13,2475,AA,LAX,3
2,7,8,7,13,2475,AA,LAX,4
5,7,9,1,13,2475,AA,LAX,5
198,7,10,2,13,2475,AA,LAX,6
9,7,11,3,13,2475,AA,LAX,7
1,7,12,4,13,2475,AA,LAX,8
65,7,13,5,13,2475,AA,LAX,9
-1,7,14,6,13,2475,AA,LAX,10
-4,7,15,7,13,2475,AA,LAX,11
-5,7,16,1,13,2475,AA,LAX,12
-6,7,17,2,13,2475,AA,LAX,13
111,7,18,3,13,2475,AA,LAX,14
205,7,19,4,13,2475,AA,LAX,15
95,7,20,5,13,2475,AA,LAX,16
-1,7,21,6,13,2475,AA,LAX,17
-10,7,22,7,13,2475,AA,LAX,18
-4,7,23,1,13,2475,AA,LAX,19
-3,7,24,2,13,2475,AA,LAX,20
-5,7,25,3,13,2475,AA,LAX,21
-2,7,26,4,13,2475,AA,LAX,22
43,7,27,5,13,2475,AA,LAX,23
-3,7,28,6,13,2475,AA,LAX,24
-8,7,29,7,13,2475,AA,LAX,25
-4,7,30,1,13,2475,AA,LAX,26
-8,7,31,2,13,2475,AA,LAX,27
-7,7,1,7,15,2475,AA,LAX,3
-4,7,2,1,15,2475,AA,LAX,2
4,7,3,2,15,2475,AA,LAX,1
16,7,4,3,15,2475,AA,LAX,0
-7,7,5,4,15,2475,AA,LAX,1
-8,7,6,5,15,2475,AA,LAX,2
-7,7,7,6,15,2475,AA,LAX,3
25,7,8,7,15,2475,AA,LAX,4
-7,7,9,1,15,2475,AA,LAX,5
111,7,10,2,15,2475,AA,LAX,6
76,7,11,3,15,2475,AA,LAX,7
2,7,12,4,15,2475,AA,LAX,8
48,7,13,5,15,2475,AA,LAX,9
28,7,14,6,15,2475,AA,LAX,10
-2,7,15,7,15,2475,AA,LAX,11
41,7,16,1,15,2475,AA,LAX,12
0,7,17,2,15,2475,AA,LAX,13
30,7,18,3,15,2475,AA,LAX,14
-2,7,19,4,15,2475,AA,LAX,15
4,7,20,5,15,2475,AA,LAX,16
-7,7,21,6,15,2475,AA,LAX,17
32,7,22,7,15,2475,AA,LAX,18
-4,7,23,1,15,2475,AA,LAX,19
-1,7,24,2,15,2475,AA,LAX,20
0,7,25,3,15,2475,AA,LAX,21
6,7,26,4,15,2475,AA,LAX,22
15,7,27,5,15,2475,AA,LAX,23
28,7,28,6,15,2475,AA,LAX,24
-1,7,29,7,15,2475,AA,LAX,25
-5,7,30,1,15,2475,AA,LAX,26
-5,7,31,2,15,2475,AA,LAX,27
-4,7,1,7,17,2475,AA,LAX,3
-3,7,2,1,17,2475,AA,LAX,2
1,7,3,2,17,2475,AA,LAX,1
-4,7,4,3,17,2475,AA,LAX,0
-6,7,5,4,17,2475,AA,LAX,1
8,7,6,5,17,2475,AA,LAX,2
-1,7,7,6,17,2475,AA,LAX,3
2,7,8,7,17,2475,AA,LAX,4
98,7,9,1,17,2475,AA,LAX,5
-2,7,10,2,17,2475,AA,LAX,6
24,7,11,3,17,2475,AA,LAX,7
-3,7,12,4,17,2475,AA,LAX,8
41,7,13,5,17,2475,AA,LAX,9
-5,7,14,6,17,2475,AA,LAX,10
221,7,15,7,17,2475,AA,LAX,11
9,7,16,1,17,2475,AA,LAX,12
-2,7,17,2,17,2475,AA,LAX,13
101,7,18,3,17,2475,AA,LAX,14
0,7,19,4,17,2475,AA,LAX,15
-3,7,20,5,17,2475,AA,LAX,16
-5,7,21,6,17,2475,AA,LAX,17
-1,7,22,7,17,2475,AA,LAX,18
40,7,23,1,17,2475,AA,LAX,19
142,7,24,2,17,2475,AA,LAX,20
-3,7,25,3,17,2475,AA,LAX,21
294,7,26,4,17,2475,AA,LAX,22
-4,7,27,5,17,2475,AA,LAX,23
17,7,28,6,17,2475,AA,LAX,24
1,7,29,7,17,2475,AA,LAX,25
19,7,30,1,17,2475,AA,LAX,26
7,7,31,2,17,2475,AA,LAX,27
8,7,1,7,20,2475,AA,LAX,3
159,7,7,6,20,2475,AA,LAX,3
2,7,8,7,20,2475,AA,LAX,4
58,7,9,1,20,2475,AA,LAX,5
-3,7,10,2,20,2475,AA,LAX,6
-3,7,11,3,20,2475,AA,LAX,7
11,7,12,4,20,2475,AA,LAX,8
0,7,13,5,20,2475,AA,LAX,9
-6,7,14,6,20,2475,AA,LAX,10
141,7,15,7,20,2475,AA,LAX,11
-4,7,16,1,20,2475,AA,LAX,12
89,7,17,2,20,2475,AA,LAX,13
176,7,18,3,20,2475,AA,LAX,14
11,7,19,4,20,2475,AA,LAX,15
100,7,20,5,20,2475,AA,LAX,16
-3,7,21,6,20,2475,AA,LAX,17
-3,7,22,7,20,2475,AA,LAX,18
100,7,23,1,20,2475,AA,LAX,19
-2,7,24,2,20,2475,AA,LAX,20
7,7,25,3,20,2475,AA,LAX,21
150,7,26,4,20,2475,AA,LAX,22
-6,7,27,5,20,2475,AA,LAX,23
4,7,28,6,20,2475,AA,LAX,24
147,7,29,7,20,2475,AA,LAX,25
-2,7,30,1,20,2475,AA,LAX,26
107,7,31,2,20,2475,AA,LAX,27
-3,7,2,1,6,2475,AA,LAX,2
-1,7,3,2,6,2475,AA,LAX,1
-2,7,4,3,6,2475,AA,LAX,0
-7,7,5,4,6,2475,AA,LAX,1
-3,7,6,5,6,2475,AA,LAX,2
-2,7,7,6,6,2475,AA,LAX,3
-7,7,8,7,6,2475,AA,LAX,4
-5,7,9,1,6,2475,AA,LAX,5
-7,7,10,2,6,2475,AA,LAX,6
-2,7,11,3,6,2475,AA,LAX,7
-2,7,12,4,6,2475,AA,LAX,8
-7,7,13,5,6,2475,AA,LAX,9
6,7,14,6,6,2475,AA,LAX,10
0,7,15,7,6,2475,AA,LAX,11
-4,7,16,1,6,2475,AA,LAX,12
11,7,17,2,6,2475,AA,LAX,13
-5,7,18,3,6,2475,AA,LAX,14
-5,7,19,4,6,2475,AA,LAX,15
73,7,20,5,6,2475,AA,LAX,16
-1,7,21,6,6,2475,AA,LAX,17
-8,7,22,7,6,2475,AA,LAX,18
-5,7,23,1,6,2475,AA,LAX,19
-7,7,24,2,6,2475,AA,LAX,20
-4,7,25,3,6,2475,AA,LAX,21
-8,7,26,4,6,2475,AA,LAX,22
-5,7,27,5,6,2475,AA,LAX,23
45,7,28,6,6,2475,AA,LAX,24
19,7,29,7,6,2475,AA,LAX,25
-6,7,30,1,6,2475,AA,LAX,26
-7,7,31,2,6,2475,AA,LAX,27
-5,7,1,7,22,2475,B6,LAX,3
0,7,1,7,7,2475,B6,LAX,3
0,7,1,7,12,2475,B6,LAX,3
7,7,1,7,16,2475,B6,LAX,3
-7,7,1,7,21,2475,B6,LAX,3
0,7,1,7,9,2475,B6,LAX,3
-1,7,3,2,22,2475,B6,LAX,1
0,7,3,2,7,2475,B6,LAX,1
2,7,3,2,12,2475,B6,LAX,1
-3,7,3,2,16,2475,B6,LAX,1
0,7,3,2,21,2475,B6,LAX,1
-4,7,3,2,9,2475,B6,LAX,1
-3,7,4,3,7,2475,B6,LAX,0
-3,7,4,3,12,2475,B6,LAX,0
2,7,4,3,16,2475,B6,LAX,0
-3,7,4,3,21,2475,B6,LAX,0
0,7,4,3,9,2475,B6,LAX,0
17,7,2,1,22,2475,B6,LAX,2
-1,7,2,1,7,2475,B6,LAX,2
-5,7,2,1,12,2475,B6,LAX,2
-1,7,2,1,16,2475,B6,LAX,2
27,7,2,1,21,2475,B6,LAX,2
12,7,2,1,9,2475,B6,LAX,2
-9,7,6,5,22,2475,B6,LAX,2
-1,7,6,5,7,2475,B6,LAX,2
-7,7,6,5,12,2475,B6,LAX,2
21,7,6,5,16,2475,B6,LAX,2
-1,7,6,5,21,2475,B6,LAX,2
6,7,6,5,9,2475,B6,LAX,2
51,7,8,7,22,2475,B6,LAX,4
-6,7,8,7,7,2475,B6,LAX,4
-7,7,8,7,12,2475,B6,LAX,4
-1,7,8,7,16,2475,B6,LAX,4
18,7,8,7,21,2475,B6,LAX,4
11,7,8,7,9,2475,B6,LAX,4
-6,7,12,4,22,2475,B6,LAX,8
-1,7,12,4,7,2475,B6,LAX,8
-2,7,12,4,12,2475,B6,LAX,8
-7,7,12,4,16,2475,B6,LAX,8
33,7,12,4,21,2475,B6,LAX,8
-5,7,12,4,9,2475,B6,LAX,8
-6,7,5,4,22,2475,B6,LAX,1
-1,7,5,4,7,2475,B6,LAX,1
-6,7,5,4,12,2475,B6,LAX,1
-3,7,5,4,16,2475,B6,LAX,1
2,7,5,4,21,2475,B6,LAX,1
-2,7,5,4,9,2475,B6,LAX,1
0,7,9,1,22,2475,B6,LAX,5
-6,7,9,1,7,2475,B6,LAX,5
-6,7,9,1,12,2475,B6,LAX,5
-5,7,9,1,16,2475,B6,LAX,5
-2,7,9,1,21,2475,B6,LAX,5
0,7,9,1,9,2475,B6,LAX,5
25,7,10,2,22,2475,B6,LAX,6
18,7,10,2,7,2475,B6,LAX,6
-8,7,10,2,12,2475,B6,LAX,6
-7,7,10,2,16,2475,B6,LAX,6
57,7,10,2,21,2475,B6,LAX,6
-7,7,10,2,9,2475,B6,LAX,6
6,7,11,3,22,2475,B6,LAX,7
-3,7,11,3,7,2475,B6,LAX,7
27,7,11,3,12,2475,B6,LAX,7
3,7,11,3,16,2475,B6,LAX,7
0,7,11,3,21,2475,B6,LAX,7
3,7,11,3,9,2475,B6,LAX,7
83,7,15,7,22,2475,B6,LAX,11
-5,7,15,7,7,2475,B6,LAX,11
-7,7,15,7,12,2475,B6,LAX,11
274,7,15,7,16,2475,B6,LAX,11
205,7,15,7,21,2475,B6,LAX,11
1,7,15,7,9,2475,B6,LAX,11
-5,7,14,6,22,2475,B6,LAX,10
-6,7,14,6,7,2475,B6,LAX,10
-7,7,14,6,16,2475,B6,LAX,10
0,7,14,6,21,2475,B6,LAX,10
4,7,14,6,9,2475,B6,LAX,10
33,7,20,5,22,2475,B6,LAX,16
-4,7,20,5,7,2475,B6,LAX,16
-5,7,20,5,12,2475,B6,LAX,16
-4,7,20,5,16,2475,B6,LAX,16
12,7,20,5,21,2475,B6,LAX,16
0,7,20,5,9,2475,B6,LAX,16
5,7,13,5,22,2475,B6,LAX,9
-8,7,13,5,7,2475,B6,LAX,9
-5,7,13,5,12,2475,B6,LAX,9
-5,7,13,5,16,2475,B6,LAX,9
-2,7,13,5,21,2475,B6,LAX,9
2,7,13,5,9,2475,B6,LAX,9
-7,7,17,2,22,2475,B6,LAX,13
-4,7,17,2,7,2475,B6,LAX,13
-6,7,17,2,12,2475,B6,LAX,13
-4,7,17,2,16,2475,B6,LAX,13
-2,7,17,2,21,2475,B6,LAX,13
0,7,17,2,9,2475,B6,LAX,13
1,7,21,6,22,2475,B6,LAX,17
-3,7,21,6,7,2475,B6,LAX,17
-2,7,21,6,16,2475,B6,LAX,17
-1,7,21,6,21,2475,B6,LAX,17
-3,7,21,6,9,2475,B6,LAX,17
-1,7,24,2,22,2475,B6,LAX,20
-3,7,24,2,7,2475,B6,LAX,20
-2,7,24,2,12,2475,B6,LAX,20
-5,7,24,2,16,2475,B6,LAX,20
2,7,24,2,21,2475,B6,LAX,20
34,7,24,2,9,2475,B6,LAX,20
1,7,25,3,22,2475,B6,LAX,21
13,7,25,3,7,2475,B6,LAX,21
-3,7,25,3,12,2475,B6,LAX,21
0,7,25,3,16,2475,B6,LAX,21
-1,7,25,3,21,2475,B6,LAX,21
7,7,25,3,9,2475,B6,LAX,21
108,7,26,4,22,2475,B6,LAX,22
-5,7,26,4,7,2475,B6,LAX,22
134,7,26,4,12,2475,B6,LAX,22
95,7,26,4,16,2475,B6,LAX,22
151,7,26,4,21,2475,B6,LAX,22
87,7,26,4,9,2475,B6,LAX,22
3,7,28,6,22,2475,B6,LAX,24
-7,7,28,6,7,2475,B6,LAX,24
209,7,28,6,16,2475,B6,LAX,24
31,7,28,6,21,2475,B6,LAX,24
9,7,28,6,9,2475,B6,LAX,24
74,7,16,1,22,2475,B6,LAX,12
-1,7,16,1,7,2475,B6,LAX,12
77,7,16,1,12,2475,B6,LAX,12
-3,7,16,1,16,2475,B6,LAX,12
35,7,16,1,21,2475,B6,LAX,12
37,7,16,1,9,2475,B6,LAX,12
1,7,23,1,22,2475,B6,LAX,19
-4,7,23,1,7,2475,B6,LAX,19
-2,7,23,1,12,2475,B6,LAX,19
25,7,23,1,16,2475,B6,LAX,19
35,7,23,1,21,2475,B6,LAX,19
-5,7,23,1,9,2475,B6,LAX,19
4,7,30,1,22,2475,B6,LAX,26
-3,7,30,1,7,2475,B6,LAX,26
-3,7,30,1,12,2475,B6,LAX,26
28,7,30,1,16,2475,B6,LAX,26
12,7,30,1,21,2475,B6,LAX,26
-3,7,30,1,9,2475,B6,LAX,26
-5,7,22,7,22,2475,B6,LAX,18
0,7,22,7,7,2475,B6,LAX,18
-7,7,22,7,12,2475,B6,LAX,18
99,7,22,7,16,2475,B6,LAX,18
-2,7,22,7,21,2475,B6,LAX,18
-2,7,22,7,9,2475,B6,LAX,18
2,7,27,5,22,2475,B6,LAX,23
-4,7,27,5,7,2475,B6,LAX,23
-5,7,27,5,12,2475,B6,LAX,23
-7,7,27,5,16,2475,B6,LAX,23
37,7,27,5,21,2475,B6,LAX,23
56,7,27,5,9,2475,B6,LAX,23
21,7,31,2,22,2475,B6,LAX,27
-4,7,31,2,7,2475,B6,LAX,27
-5,7,31,2,12,2475,B6,LAX,27
-4,7,31,2,16,2475,B6,LAX,27
-2,7,31,2,21,2475,B6,LAX,27
11,7,31,2,9,2475,B6,LAX,27
1,7,1,7,17,2475,DL,LAX,3
-3,7,1,7,19,2475,DL,LAX,3
-8,7,1,7,9,2475,DL,LAX,3
-4,7,1,7,15,2475,DL,LAX,3
-1,7,1,7,21,2475,DL,LAX,3
1,7,2,1,17,2475,DL,LAX,2
0,7,2,1,19,2475,DL,LAX,2
-1,7,2,1,9,2475,DL,LAX,2
-4,7,2,1,15,2475,DL,LAX,2
27,7,29,7,22,2475,B6,LAX,25
10,7,29,7,7,2475,B6,LAX,25
-9,7,29,7,12,2475,B6,LAX,25
8,7,29,7,16,2475,B6,LAX,25
29,7,29,7,21,2475,B6,LAX,25
65,7,29,7,9,2475,B6,LAX,25
-2,7,1,7,13,2475,DL,LAX,3
-2,7,1,7,7,2475,DL,LAX,3
