8,6,29,5,8,2475,UA,LAX,5
-1,6,29,5,17,2475,UA,LAX,5
98,6,29,5,21,2475,UA,LAX,5
-6,6,30,6,6,2475,UA,LAX,4
13,6,30,6,15,2475,UA,LAX,4
56,6,28,4,11,2475,UA,LAX,6
-5,6,28,4,6,2475,UA,LAX,6
-1,6,28,4,15,2475,UA,LAX,6
-2,6,30,6,8,2475,UA,LAX,4
4,6,30,6,17,2475,UA,LAX,4
143,6,30,6,11,2475,UA,LAX,4
-2,6,28,4,8,2475,UA,LAX,6
0,6,28,4,17,2475,UA,LAX,6
10,6,28,4,21,2475,UA,LAX,6
0,6,26,2,17,2475,UA,LAX,8
-3,6,26,2,21,2475,UA,LAX,8
-4,6,26,2,11,2475,UA,LAX,8
-3,6,26,2,6,2475,UA,LAX,8
-1,6,26,2,15,2475,UA,LAX,8
-2,6,27,3,8,2475,UA,LAX,7
-3,6,27,3,17,2475,UA,LAX,7
5,6,27,3,21,2475,UA,LAX,7
-5,6,27,3,11,2475,UA,LAX,7
-7,6,27,3,6,2475,UA,LAX,7
1,6,27,3,15,2475,UA,LAX,7
4,6,25,1,6,2475,UA,LAX,9
41,6,25,1,15,2475,UA,LAX,9
-3,6,29,5,11,2475,UA,LAX,5
23,6,29,5,6,2475,UA,LAX,5
16,6,29,5,15,2475,UA,LAX,5
-3,6,23,6,8,2475,UA,LAX,11
28,6,23,6,17,2475,UA,LAX,11
-5,6,24,7,8,2475,UA,LAX,10
6,6,24,7,17,2475,UA,LAX,10
13,6,24,7,21,2475,UA,LAX,10
-8,6,24,7,11,2475,UA,LAX,10
-3,6,24,7,15,2475,UA,LAX,10
-5,6,22,5,8,2475,UA,LAX,12
65,6,22,5,17,2475,UA,LAX,12
148,6,22,5,21,2475,UA,LAX,12
-3,6,22,5,11,2475,UA,LAX,12
-6,6,22,5,6,2475,UA,LAX,12
65,6,22,5,15,2475,UA,LAX,12
13,6,21,4,21,2475,UA,LAX,13
170,6,21,4,11,2475,UA,LAX,13
65,6,21,4,6,2475,UA,LAX,13
-3,6,21,4,15,2475,UA,LAX,13
128,6,23,6,11,2475,UA,LAX,11
-5,6,23,6,6,2475,UA,LAX,11
-3,6,23,6,15,2475,UA,LAX,11
25,6,21,4,8,2475,UA,LAX,13
-4,6,21,4,17,2475,UA,LAX,13
-7,6,18,1,11,2475,UA,LAX,16
-7,6,18,1,6,2475,UA,LAX,16
1,6,18,1,15,2475,UA,LAX,16
20,6,20,3,8,2475,UA,LAX,14
7,6,20,3,17,2475,UA,LAX,14
-5,6,20,3,21,2475,UA,LAX,14
-8,6,20,3,11,2475,UA,LAX,14
-8,6,20,3,6,2475,UA,LAX,14
-3,6,20,3,15,2475,UA,LAX,14
-4,6,18,1,8,2475,UA,LAX,16
-4,6,18,1,17,2475,UA,LAX,16
-10,6,18,1,21,2475,UA,LAX,16
-10,6,19,2,8,2475,UA,LAX,15
2,6,19,2,17,2475,UA,LAX,15
-3,6,19,2,21,2475,UA,LAX,15
-5,6,19,2,11,2475,UA,LAX,15
-6,6,19,2,6,2475,UA,LAX,15
-2,6,19,2,15,2475,UA,LAX,15
-7,6,16,6,11,2475,UA,LAX,18
-2,6,16,6,6,2475,UA,LAX,18
1,6,16,6,15,2475,UA,LAX,18
-1,6,16,6,8,2475,UA,LAX,18
6,6,16,6,17,2475,UA,LAX,18
-6,6,15,5,8,2475,UA,LAX,19
0,6,15,5,17,2475,UA,LAX,19
-3,6,15,5,21,2475,UA,LAX,19
-3,6,15,5,11,2475,UA,LAX,19
-6,6,15,5,6,2475,UA,LAX,19
7,6,15,5,15,2475,UA,LAX,19
0,6,17,7,8,2475,UA,LAX,17
41,6,17,7,17,2475,UA,LAX,17
7,6,17,7,21,2475,UA,LAX,17
-9,6,17,7,11,2475,UA,LAX,17
82,6,17,7,15,2475,UA,LAX,17
-7,6,13,3,8,2475,UA,LAX,18
27,6,14,4,17,2475,UA,LAX,19
21,6,14,4,21,2475,UA,LAX,19
-3,6,14,4,11,2475,UA,LAX,19
-4,6,14,4,6,2475,UA,LAX,19
-7,6,14,4,15,2475,UA,LAX,19
-6,6,12,2,8,2475,UA,LAX,17
164,6,12,2,17,2475,UA,LAX,17
5,6,12,2,21,2475,UA,LAX,17
13,6,14,4,8,2475,UA,LAX,19
0,6,13,3,6,2475,UA,LAX,18
30,6,13,3,15,2475,UA,LAX,18
-3,6,11,1,21,2475,UA,LAX,16
1,6,11,1,11,2475,UA,LAX,16
-1,6,13,3,17,2475,UA,LAX,18
7,6,13,3,21,2475,UA,LAX,18
-2,6,13,3,11,2475,UA,LAX,18
1,6,11,1,8,2475,UA,LAX,16
14,6,11,1,17,2475,UA,LAX,16
-3,6,12,2,11,2475,UA,LAX,17
-4,6,12,2,6,2475,UA,LAX,17
-2,6,12,2,15,2475,UA,LAX,17
-5,6,10,7,8,2475,UA,LAX,15
11,6,10,7,17,2475,UA,LAX,15
55,6,10,7,21,2475,UA,LAX,15
0,6,10,7,11,2475,UA,LAX,15
0,6,10,7,15,2475,UA,LAX,15
192,6,9,6,17,2475,UA,LAX,14
-7,6,11,1,6,2475,UA,LAX,16
45,6,11,1,15,2475,UA,LAX,16
36,6,8,5,8,2475,UA,LAX,13
-6,6,8,5,17,2475,UA,LAX,13
-3,6,8,5,21,2475,UA,LAX,13
-6,6,8,5,11,2475,UA,LAX,13
-5,6,9,6,8,2475,UA,LAX,14
1,6,9,6,11,2475,UA,LAX,14
-4,6,9,6,6,2475,UA,LAX,14
-2,6,9,6,15,2475,UA,LAX,14
-3,6,7,4,8,2475,UA,LAX,12
1,6,7,4,17,2475,UA,LAX,12
18,6,7,4,21,2475,UA,LAX,12
-2,6,7,4,11,2475,UA,LAX,12
-3,6,7,4,6,2475,UA,LAX,12
-3,6,7,4,15,2475,UA,LAX,12
-7,6,6,3,15,2475,UA,LAX,11
-2,6,5,2,21,2475,UA,LAX,10
-4,6,4,1,15,2475,UA,LAX,9
-2,6,8,5,6,2475,UA,LAX,13
40,6,8,5,15,2475,UA,LAX,13
0,6,6,3,21,2475,UA,LAX,11
-6,6,6,3,6,2475,UA,LAX,11
-4,6,6,3,8,2475,UA,LAX,11
-5,6,6,3,17,2475,UA,LAX,11
-4,6,6,3,11,2475,UA,LAX,11
-9,6,3,7,8,2475,UA,LAX,8
3,6,3,7,17,2475,UA,LAX,8
-6,6,3,7,11,2475,UA,LAX,8
-1,6,3,7,15,2475,UA,LAX,8
0,6,1,5,21,2475,UA,LAX,6
-8,6,1,5,6,2475,UA,LAX,6
49,6,1,5,8,2475,UA,LAX,6
-2,6,1,5,17,2475,UA,LAX,6
106,6,3,7,20,2475,UA,LAX,8
57,6,1,5,11,2475,UA,LAX,6
-2,6,1,5,15,2475,UA,LAX,6
1,6,2,6,6,2475,UA,LAX,7
-7,6,2,6,8,2475,UA,LAX,7
2,6,2,6,17,2475,UA,LAX,7
-4,6,2,6,11,2475,UA,LAX,7
-2,6,2,6,15,2475,UA,LAX,7
32,6,4,1,21,2475,UA,LAX,9
-1,6,4,1,6,2475,UA,LAX,9
-5,6,4,1,8,2475,UA,LAX,9
9,6,4,1,17,2475,UA,LAX,9
-3,6,4,1,11,2475,UA,LAX,9
58,6,26,2,8,2475,UA,LAX,8
66,6,25,1,8,2475,UA,LAX,9
100,6,25,1,17,2475,UA,LAX,9
44,6,25,1,21,2475,UA,LAX,9
0,6,25,1,11,2475,UA,LAX,9
