-1,5,30,3,6,2475,UA,LAX,4
-2,5,30,3,8,2475,UA,LAX,4
-7,5,30,3,17,2475,UA,LAX,4
-6,5,30,3,11,2475,UA,LAX,4
-6,5,31,4,15,2475,UA,LAX,5
-5,5,30,3,21,2475,UA,LAX,4
14,5,29,2,15,2475,UA,LAX,3
0,5,28,1,6,2475,UA,LAX,2
16,5,28,1,8,2475,UA,LAX,2
184,5,31,4,21,2475,UA,LAX,5
0,5,31,4,6,2475,UA,LAX,5
-5,5,31,4,8,2475,UA,LAX,5
-2,5,31,4,17,2475,UA,LAX,5
-8,5,31,4,11,2475,UA,LAX,5
91,5,29,2,21,2475,UA,LAX,3
-3,5,29,2,6,2475,UA,LAX,3
-7,5,29,2,8,2475,UA,LAX,3
26,5,29,2,17,2475,UA,LAX,3
-5,5,29,2,11,2475,UA,LAX,3
1,5,28,1,17,2475,UA,LAX,2
78,5,28,1,11,2475,UA,LAX,2
-3,5,28,1,15,2475,UA,LAX,2
166,5,25,5,17,2475,UA,LAX,1
-3,5,25,5,11,2475,UA,LAX,1
-3,5,25,5,21,2475,UA,LAX,1
-3,5,25,5,15,2475,UA,LAX,1
-6,5,30,3,15,2475,UA,LAX,4
-3,5,26,6,11,2475,UA,LAX,0
-3,5,26,6,15,2475,UA,LAX,0
-3,5,25,5,6,2475,UA,LAX,1
-1,5,25,5,8,2475,UA,LAX,1
-7,5,23,3,6,2475,UA,LAX,1
-4,5,23,3,8,2475,UA,LAX,1
-2,5,24,4,21,2475,UA,LAX,2
-4,5,24,4,15,2475,UA,LAX,2
-3,5,27,7,8,2475,UA,LAX,1
-11,5,27,7,17,2475,UA,LAX,1
1,5,27,7,11,2475,UA,LAX,1
-1,5,27,7,15,2475,UA,LAX,1
0,5,24,4,6,2475,UA,LAX,2
-6,5,24,4,8,2475,UA,LAX,2
-3,5,22,2,15,2475,UA,LAX,0
30,5,23,3,17,2475,UA,LAX,1
-6,5,23,3,11,2475,UA,LAX,1
143,5,23,3,21,2475,UA,LAX,1
0,5,23,3,15,2475,UA,LAX,1
33,5,21,1,17,2475,UA,LAX,1
-1,5,21,1,11,2475,UA,LAX,1
45,5,21,1,21,2475,UA,LAX,1
-1,5,21,1,15,2475,UA,LAX,1
2,5,24,4,11,2475,UA,LAX,2
2,5,20,7,8,2475,UA,LAX,2
-4,5,20,7,17,2475,UA,LAX,2
-7,5,20,7,11,2475,UA,LAX,2
5,5,20,7,20,2475,UA,LAX,2
-2,5,18,5,6,2475,UA,LAX,4
-6,5,18,5,8,2475,UA,LAX,4
-5,5,20,7,15,2475,UA,LAX,2
-3,5,19,6,6,2475,UA,LAX,3
-5,5,19,6,8,2475,UA,LAX,3
-5,5,19,6,17,2475,UA,LAX,3
-4,5,19,6,11,2475,UA,LAX,3
-3,5,19,6,15,2475,UA,LAX,3
15,5,17,4,17,2475,UA,LAX,5
-3,5,17,4,11,2475,UA,LAX,5
-1,5,17,4,21,2475,UA,LAX,5
0,5,17,4,15,2475,UA,LAX,5
-3,5,17,4,6,2475,UA,LAX,5
0,5,17,4,8,2475,UA,LAX,5
0,5,16,3,6,2475,UA,LAX,6
-1,5,16,3,8,2475,UA,LAX,6
1,5,16,3,17,2475,UA,LAX,6
0,5,16,3,11,2475,UA,LAX,6
1,5,16,3,21,2475,UA,LAX,6
3,5,18,5,17,2475,UA,LAX,4
-5,5,18,5,11,2475,UA,LAX,4
72,5,18,5,21,2475,UA,LAX,4
0,5,18,5,15,2475,UA,LAX,4
-5,5,15,2,11,2475,UA,LAX,7
19,5,15,2,21,2475,UA,LAX,7
3,5,15,2,15,2475,UA,LAX,7
-3,5,21,1,6,2475,UA,LAX,1
-4,5,21,1,8,2475,UA,LAX,1
-2,5,22,2,6,2475,UA,LAX,0
-8,5,22,2,8,2475,UA,LAX,0
-1,5,22,2,17,2475,UA,LAX,0
2,5,22,2,11,2475,UA,LAX,0
1,5,22,2,21,2475,UA,LAX,0
-4,5,12,6,6,2475,UA,LAX,10
-1,5,12,6,8,2475,UA,LAX,10
7,5,16,3,15,2475,UA,LAX,6
27,5,14,1,6,2475,UA,LAX,8
-5,5,14,1,8,2475,UA,LAX,8
-2,5,14,1,17,2475,UA,LAX,8
2,5,14,1,11,2475,UA,LAX,8
9,5,14,1,21,2475,UA,LAX,8
-5,5,14,1,15,2475,UA,LAX,8
-6,5,1,2,9,2475,AA,LAX,21
-3,5,2,3,9,2475,AA,LAX,20
-6,5,3,4,9,2475,AA,LAX,19
32,5,4,5,9,2475,AA,LAX,18
-6,5,5,6,9,2475,AA,LAX,17
-5,5,6,7,9,2475,AA,LAX,16
151,5,7,1,9,2475,AA,LAX,15
-2,5,8,2,9,2475,AA,LAX,14
-7,5,9,3,9,2475,AA,LAX,13
-3,5,10,4,9,2475,AA,LAX,12
-7,5,11,5,9,2475,AA,LAX,11
-5,5,12,6,9,2475,AA,LAX,10
-10,5,13,7,9,2475,AA,LAX,9
-5,5,14,1,9,2475,AA,LAX,8
44,5,15,2,9,2475,AA,LAX,7
-1,5,16,3,9,2475,AA,LAX,6
7,5,17,4,9,2475,AA,LAX,5
-7,5,18,5,9,2475,AA,LAX,4
-9,5,19,6,9,2475,AA,LAX,3
12,5,20,7,9,2475,AA,LAX,2
21,5,21,1,9,2475,AA,LAX,1
-1,5,22,2,9,2475,AA,LAX,0
-6,5,23,3,9,2475,AA,LAX,1
-5,5,24,4,9,2475,AA,LAX,2
-7,5,25,5,9,2475,AA,LAX,1
-1,5,26,6,9,2475,AA,LAX,0
-11,5,27,7,9,2475,AA,LAX,1
5,5,28,1,9,2475,AA,LAX,2
-10,5,29,2,9,2475,AA,LAX,3
10,5,30,3,9,2475,AA,LAX,4
-7,5,31,4,9,2475,AA,LAX,5
1,5,1,2,12,2475,AA,LAX,21
-6,5,2,3,12,2475,AA,LAX,20
-9,5,3,4,12,2475,AA,LAX,19
2,5,4,5,12,2475,AA,LAX,18
-6,5,5,6,12,2475,AA,LAX,17
-7,5,6,7,12,2475,AA,LAX,16
86,5,7,1,12,2475,AA,LAX,15
35,5,8,2,12,2475,AA,LAX,14
-6,5,9,3,12,2475,AA,LAX,13
9,5,10,4,12,2475,AA,LAX,12
-1,5,11,5,12,2475,AA,LAX,11
3,5,12,6,12,2475,AA,LAX,10
-6,5,13,7,12,2475,AA,LAX,9
-4,5,14,1,12,2475,AA,LAX,8
-10,5,15,2,12,2475,AA,LAX,7
-8,5,16,3,12,2475,AA,LAX,6
-4,5,17,4,12,2475,AA,LAX,5
-8,5,18,5,12,2475,AA,LAX,4
-8,5,19,6,12,2475,AA,LAX,3
-1,5,20,7,12,2475,AA,LAX,2
-5,5,21,1,12,2475,AA,LAX,1
-7,5,22,2,12,2475,AA,LAX,0
-4,5,23,3,12,2475,AA,LAX,1
-10,5,24,4,12,2475,AA,LAX,2
28,5,25,5,12,2475,AA,LAX,1
-5,5,26,6,12,2475,AA,LAX,0
37,5,27,7,12,2475,AA,LAX,1
-7,5,28,1,12,2475,AA,LAX,2
34,5,29,2,12,2475,AA,LAX,3
-5,5,30,3,12,2475,AA,LAX,4
18,5,31,4,12,2475,AA,LAX,5
-7,5,1,2,10,2475,AA,LAX,21
-6,5,2,3,10,2475,AA,LAX,20
-6,5,3,4,10,2475,AA,LAX,19
-4,5,4,5,10,2475,AA,LAX,18
-4,5,6,7,10,2475,AA,LAX,16
-8,5,7,1,10,2475,AA,LAX,15
-1,5,8,2,10,2475,AA,LAX,14
-7,5,9,3,10,2475,AA,LAX,13
-4,5,10,4,10,2475,AA,LAX,12
-9,5,11,5,10,2475,AA,LAX,11
3,5,13,7,10,2475,AA,LAX,9
-3,5,14,1,10,2475,AA,LAX,8
-1,5,15,2,10,2475,AA,LAX,7
-7,5,16,3,10,2475,AA,LAX,6
-2,5,17,4,10,2475,AA,LAX,5
0,5,18,5,10,2475,AA,LAX,4
-8,5,20,7,10,2475,AA,LAX,2
-2,5,21,1,10,2475,AA,LAX,1
-5,5,22,2,10,2475,AA,LAX,0
-8,5,23,3,10,2475,AA,LAX,1
-7,5,24,4,10,2475,AA,LAX,2
-5,5,25,5,10,2475,AA,LAX,1
-5,5,27,7,10,2475,AA,LAX,1
-5,5,28,1,10,2475,AA,LAX,2
-7,5,29,2,10,2475,AA,LAX,3
-6,5,30,3,10,2475,AA,LAX,4
1,5,31,4,10,2475,AA,LAX,5
0,5,1,2,19,2475,AA,LAX,21
0,5,2,3,19,2475,AA,LAX,20
17,5,3,4,19,2475,AA,LAX,19
-1,5,4,5,19,2475,AA,LAX,18
-3,5,5,6,19,2475,AA,LAX,17
-3,5,6,7,19,2475,AA,LAX,16
12,5,7,1,19,2475,AA,LAX,15
38,5,8,2,19,2475,AA,LAX,14
122,5,9,3,19,2475,AA,LAX,13
81,5,10,4,19,2475,AA,LAX,12
180,5,11,5,19,2475,AA,LAX,11
-6,5,12,6,19,2475,AA,LAX,10
0,5,13,7,19,2475,AA,LAX,9
-6,5,14,1,19,2475,AA,LAX,8
155,5,15,2,19,2475,AA,LAX,7
8,5,16,3,19,2475,AA,LAX,6
2,5,17,4,19,2475,AA,LAX,5
162,5,18,5,19,2475,AA,LAX,4
-8,5,19,6,19,2475,AA,LAX,3
-1,5,20,7,19,2475,AA,LAX,2
6,5,21,1,19,2475,AA,LAX,1
-5,5,22,2,19,2475,AA,LAX,0
-2,5,23,3,19,2475,AA,LAX,1
15,5,24,4,19,2475,AA,LAX,2
-5,5,25,5,19,2475,AA,LAX,1
19,5,26,6,19,2475,AA,LAX,0
-6,5,27,7,19,2475,AA,LAX,1
-4,5,28,1,19,2475,AA,LAX,2
37,5,29,2,19,2475,AA,LAX,3
-4,5,30,3,19,2475,AA,LAX,4
-5,5,31,4,19,2475,AA,LAX,5
-2,5,1,2,7,2475,AA,LAX,21
0,5,2,3,7,2475,AA,LAX,20
-5,5,3,4,7,2475,AA,LAX,19
16,5,4,5,7,2475,AA,LAX,18
0,5,5,6,7,2475,AA,LAX,17
-5,5,6,7,7,2475,AA,LAX,16
0,5,7,1,7,2475,AA,LAX,15
-9,5,8,2,7,2475,AA,LAX,14
-5,5,9,3,7,2475,AA,LAX,13
0,5,10,4,7,2475,AA,LAX,12
-7,5,11,5,7,2475,AA,LAX,11
-6,5,12,6,7,2475,AA,LAX,10
-3,5,13,7,7,2475,AA,LAX,9
-4,5,14,1,7,2475,AA,LAX,8
5,5,15,2,7,2475,AA,LAX,7
-6,5,16,3,7,2475,AA,LAX,6
-7,5,17,4,7,2475,AA,LAX,5
1,5,18,5,7,2475,AA,LAX,4
-5,5,19,6,7,2475,AA,LAX,3
-3,5,20,7,7,2475,AA,LAX,2
-2,5,21,1,7,2475,AA,LAX,1
-6,5,22,2,7,2475,AA,LAX,0
-4,5,23,3,7,2475,AA,LAX,1
23,5,24,4,7,2475,AA,LAX,2
-6,5,25,5,7,2475,AA,LAX,1
-4,5,26,6,7,2475,AA,LAX,0
-8,5,27,7,7,2475,AA,LAX,1
-7,5,28,1,7,2475,AA,LAX,2
-6,5,29,2,7,2475,AA,LAX,3
-1,5,30,3,7,2475,AA,LAX,4
-6,5,31,4,7,2475,AA,LAX,5
-6,5,1,2,13,2475,AA,LAX,21
-3,5,2,3,13,2475,AA,LAX,20
-6,5,3,4,13,2475,AA,LAX,19
50,5,4,5,13,2475,AA,LAX,18
-7,5,5,6,13,2475,AA,LAX,17
-8,5,6,7,13,2475,AA,LAX,16
95,5,7,1,13,2475,AA,LAX,15
-7,5,8,2,13,2475,AA,LAX,14
-4,5,9,3,13,2475,AA,LAX,13
-4,5,10,4,13,2475,AA,LAX,12
-7,5,12,6,13,2475,AA,LAX,10
214,5,13,7,13,2475,AA,LAX,9
221,5,14,1,13,2475,AA,LAX,8
-8,5,15,2,13,2475,AA,LAX,7
-7,5,16,3,13,2475,AA,LAX,6
-1,5,17,4,13,2475,AA,LAX,5
37,5,18,5,13,2475,AA,LAX,4
-7,5,19,6,13,2475,AA,LAX,3
-10,5,20,7,13,2475,AA,LAX,2
-7,5,21,1,13,2475,AA,LAX,1
130,5,22,2,13,2475,AA,LAX,0
-2,5,23,3,13,2475,AA,LAX,1
-1,5,24,4,13,2475,AA,LAX,2
-5,5,25,5,13,2475,AA,LAX,1
5,5,26,6,13,2475,AA,LAX,0
-7,5,28,1,13,2475,AA,LAX,2
-2,5,29,2,13,2475,AA,LAX,3
-6,5,30,3,13,2475,AA,LAX,4
2,5,31,4,13,2475,AA,LAX,5
18,5,1,2,15,2475,AA,LAX,21
-1,5,2,3,15,2475,AA,LAX,20
292,5,3,4,15,2475,AA,LAX,19
-7,5,4,5,15,2475,AA,LAX,18
-7,5,5,6,15,2475,AA,LAX,17
-6,5,6,7,15,2475,AA,LAX,16
91,5,7,1,15,2475,AA,LAX,15
1,5,8,2,15,2475,AA,LAX,14
0,5,9,3,15,2475,AA,LAX,13
20,5,10,4,15,2475,AA,LAX,12
4,5,11,5,15,2475,AA,LAX,11
-2,5,12,6,15,2475,AA,LAX,10
20,5,13,7,15,2475,AA,LAX,9
-5,5,14,1,15,2475,AA,LAX,8
-3,5,15,2,15,2475,AA,LAX,7
123,5,16,3,15,2475,AA,LAX,6
2,5,17,4,15,2475,AA,LAX,5
115,5,18,5,15,2475,AA,LAX,4
-4,5,19,6,15,2475,AA,LAX,3
2,5,20,7,15,2475,AA,LAX,2
-5,5,21,1,15,2475,AA,LAX,1
66,5,22,2,15,2475,AA,LAX,0
-1,5,23,3,15,2475,AA,LAX,1
-5,5,24,4,15,2475,AA,LAX,2
-4,5,25,5,15,2475,AA,LAX,1
-7,5,26,6,15,2475,AA,LAX,0
-4,5,27,7,15,2475,AA,LAX,1
-7,5,28,1,15,2475,AA,LAX,2
-4,5,29,2,15,2475,AA,LAX,3
66,5,30,3,15,2475,AA,LAX,4
5,5,31,4,15,2475,AA,LAX,5
32,5,1,2,16,2475,AA,LAX,21
4,5,2,3,16,2475,AA,LAX,20
14,5,3,4,16,2475,AA,LAX,19
15,5,4,5,16,2475,AA,LAX,18
-6,5,5,6,16,2475,AA,LAX,17
-5,5,6,7,16,2475,AA,LAX,16
-4,5,7,1,16,2475,AA,LAX,15
-9,5,8,2,16,2475,AA,LAX,14
21,5,9,3,16,2475,AA,LAX,13
35,5,10,4,16,2475,AA,LAX,12
0,5,11,5,16,2475,AA,LAX,11
-7,5,12,6,16,2475,AA,LAX,10
0,5,13,7,16,2475,AA,LAX,9
16,5,14,1,16,2475,AA,LAX,8
52,5,15,2,16,2475,AA,LAX,7
29,5,16,3,16,2475,AA,LAX,6
-4,5,17,4,16,2475,AA,LAX,5
-4,5,18,5,16,2475,AA,LAX,4
-3,5,19,6,16,2475,AA,LAX,3
-1,5,20,7,16,2475,AA,LAX,2
-2,5,21,1,16,2475,AA,LAX,1
-3,5,22,2,16,2475,AA,LAX,0
-3,5,23,3,16,2475,AA,LAX,1
333,5,24,4,16,2475,AA,LAX,2
31,5,25,5,16,2475,AA,LAX,1
115,5,26,6,16,2475,AA,LAX,0
38,5,27,7,16,2475,AA,LAX,1
-8,5,28,1,16,2475,AA,LAX,2
-3,5,29,2,16,2475,AA,LAX,3
-2,5,30,3,16,2475,AA,LAX,4
-7,5,31,4,16,2475,AA,LAX,5
-5,5,1,2,21,2475,AA,LAX,21
-5,5,2,3,21,2475,AA,LAX,20
67,5,3,4,21,2475,AA,LAX,19
-7,5,4,5,21,2475,AA,LAX,18
52,5,5,6,21,2475,AA,LAX,17
14,5,6,7,21,2475,AA,LAX,16
-6,5,7,1,21,2475,AA,LAX,15
-2,5,8,2,21,2475,AA,LAX,14
117,5,9,3,21,2475,AA,LAX,13
42,5,10,4,21,2475,AA,LAX,12
66,5,11,5,21,2475,AA,LAX,11
-4,5,12,6,21,2475,AA,LAX,10
-2,5,13,7,21,2475,AA,LAX,9
14,5,14,1,21,2475,AA,LAX,8
-1,5,15,2,21,2475,AA,LAX,7
-1,5,16,3,21,2475,AA,LAX,6
0,5,17,4,21,2475,AA,LAX,5
-4,5,18,5,21,2475,AA,LAX,4
-7,5,19,6,21,2475,AA,LAX,3
28,5,20,7,21,2475,AA,LAX,2
-2,5,21,1,21,2475,AA,LAX,1
-2,5,22,2,21,2475,AA,LAX,0
4,5,23,3,21,2475,AA,LAX,1
36,5,24,4,21,2475,AA,LAX,2
-1,5,25,5,21,2475,AA,LAX,1
-4,5,27,7,21,2475,AA,LAX,1
-5,5,28,1,21,2475,AA,LAX,2
237,5,29,2,21,2475,AA,LAX,3
-5,5,30,3,21,2475,AA,LAX,4
-6,5,31,4,21,2475,AA,LAX,5
-6,5,1,2,6,2475,AA,LAX,21
-7,5,2,3,6,2475,AA,LAX,20
-5,5,3,4,6,2475,AA,LAX,19
29,5,4,5,6,2475,AA,LAX,18
3,5,5,6,6,2475,AA,LAX,17
-1,5,7,1,6,2475,AA,LAX,15
-5,5,8,2,6,2475,AA,LAX,14
1,5,9,3,6,2475,AA,LAX,13
-2,5,10,4,6,2475,AA,LAX,12
-6,5,11,5,6,2475,AA,LAX,11
-6,5,12,6,6,2475,AA,LAX,10
-8,5,14,1,6,2475,AA,LAX,8
-1,5,15,2,6,2475,AA,LAX,7
1,5,16,3,6,2475,AA,LAX,6
-5,5,17,4,6,2475,AA,LAX,5
-7,5,18,5,6,2475,AA,LAX,4
-5,5,19,6,6,2475,AA,LAX,3
-5,5,21,1,6,2475,AA,LAX,1
-1,5,22,2,6,2475,AA,LAX,0
-9,5,23,3,6,2475,AA,LAX,1
-4,5,24,4,6,2475,AA,LAX,2
-3,5,25,5,6,2475,AA,LAX,1
-3,5,26,6,6,2475,AA,LAX,0
-8,5,28,1,6,2475,AA,LAX,2
1,5,29,2,6,2475,AA,LAX,3
13,5,30,3,6,2475,AA,LAX,4
1,5,31,4,6,2475,AA,LAX,5
-4,5,1,2,7,2475,B6,LAX,21
-5,5,1,2,16,2475,B6,LAX,21
-5,5,1,2,20,2475,B6,LAX,21
-2,5,1,2,9,2475,B6,LAX,21
-5,5,3,4,7,2475,B6,LAX,19
-7,5,3,4,16,2475,B6,LAX,19
-1,5,3,4,20,2475,B6,LAX,19
-1,5,3,4,9,2475,B6,LAX,19
-7,5,7,1,7,2475,B6,LAX,15
-7,5,7,1,16,2475,B6,LAX,15
-4,5,7,1,20,2475,B6,LAX,15
-5,5,7,1,9,2475,B6,LAX,15
-4,5,5,6,7,2475,B6,LAX,17
70,5,5,6,16,2475,B6,LAX,17
-10,5,5,6,20,2475,B6,LAX,17
-1,5,6,7,7,2475,B6,LAX,16
-2,5,6,7,16,2475,B6,LAX,16
1,5,6,7,20,2475,B6,LAX,16
-5,5,6,7,9,2475,B6,LAX,16
-5,5,13,7,7,2475,B6,LAX,9
-2,5,13,7,16,2475,B6,LAX,9
-4,5,13,7,20,2475,B6,LAX,9
-7,5,13,7,9,2475,B6,LAX,9
-5,5,2,3,7,2475,B6,LAX,20
0,5,2,3,16,2475,B6,LAX,20
-7,5,2,3,20,2475,B6,LAX,20
-2,5,2,3,9,2475,B6,LAX,20
21,5,8,2,7,2475,B6,LAX,14
-9,5,8,2,16,2475,B6,LAX,14
-2,5,8,2,20,2475,B6,LAX,14
-2,5,8,2,9,2475,B6,LAX,14
-3,5,9,3,7,2475,B6,LAX,13
-5,5,9,3,16,2475,B6,LAX,13
0,5,9,3,20,2475,B6,LAX,13
-4,5,9,3,9,2475,B6,LAX,13
8,5,12,6,7,2475,B6,LAX,10
-2,5,12,6,16,2475,B6,LAX,10
-6,5,12,6,20,2475,B6,LAX,10
2,5,10,4,7,2475,B6,LAX,12
-4,5,10,4,16,2475,B6,LAX,12
0,5,10,4,20,2475,B6,LAX,12
-3,5,10,4,9,2475,B6,LAX,12
-5,5,11,5,7,2475,B6,LAX,11
143,5,11,5,16,2475,B6,LAX,11
-3,5,11,5,20,2475,B6,LAX,11
4,5,11,5,9,2475,B6,LAX,11
-1,5,18,5,7,2475,B6,LAX,4
-2,5,18,5,16,2475,B6,LAX,4
-2,5,18,5,20,2475,B6,LAX,4
-2,5,18,5,9,2475,B6,LAX,4
-3,5,14,1,7,2475,B6,LAX,8
-5,5,14,1,16,2475,B6,LAX,8
32,5,14,1,20,2475,B6,LAX,8
0,5,14,1,9,2475,B6,LAX,8
-5,5,20,7,7,2475,B6,LAX,2
-7,5,20,7,16,2475,B6,LAX,2
-4,5,20,7,20,2475,B6,LAX,2
-3,5,20,7,9,2475,B6,LAX,2
-4,5,17,4,7,2475,B6,LAX,5
-4,5,17,4,16,2475,B6,LAX,5
6,5,17,4,20,2475,B6,LAX,5
5,5,17,4,9,2475,B6,LAX,5
3,5,22,2,7,2475,B6,LAX,0
0,5,22,2,16,2475,B6,LAX,0
-5,5,22,2,20,2475,B6,LAX,0
-4,5,22,2,9,2475,B6,LAX,0
-1,5,19,6,7,2475,B6,LAX,3
0,5,19,6,16,2475,B6,LAX,3
-2,5,19,6,20,2475,B6,LAX,3
-6,5,23,3,7,2475,B6,LAX,1
-3,5,23,3,16,2475,B6,LAX,1
-2,5,23,3,20,2475,B6,LAX,1
0,5,23,3,9,2475,B6,LAX,1
-6,5,24,4,7,2475,B6,LAX,2
-4,5,24,4,16,2475,B6,LAX,2
-3,5,24,4,20,2475,B6,LAX,2
-3,5,24,4,9,2475,B6,LAX,2
-5,5,28,1,7,2475,B6,LAX,2
-5,5,28,1,16,2475,B6,LAX,2
3,5,28,1,20,2475,B6,LAX,2
-1,5,28,1,9,2475,B6,LAX,2
-3,5,21,1,7,2475,B6,LAX,1
5,5,21,1,16,2475,B6,LAX,1
61,5,21,1,20,2475,B6,LAX,1
100,5,21,1,9,2475,B6,LAX,1
36,5,26,6,7,2475,B6,LAX,0
-1,5,26,6,16,2475,B6,LAX,0
-2,5,26,6,20,2475,B6,LAX,0
-5,5,27,7,7,2475,B6,LAX,1
9,5,27,7,16,2475,B6,LAX,1
-5,5,27,7,20,2475,B6,LAX,1
-2,5,27,7,9,2475,B6,LAX,1
1,5,25,5,7,2475,B6,LAX,1
-5,5,25,5,16,2475,B6,LAX,1
-5,5,25,5,20,2475,B6,LAX,1
0,5,25,5,9,2475,B6,LAX,1
0,5,31,4,7,2475,B6,LAX,5
-1,5,31,4,16,2475,B6,LAX,5
-5,5,31,4,20,2475,B6,LAX,5
0,5,31,4,9,2475,B6,LAX,5
3,5,15,2,7,2475,B6,LAX,7
-2,5,15,2,16,2475,B6,LAX,7
117,5,15,2,20,2475,B6,LAX,7
-2,5,15,2,9,2475,B6,LAX,7
-2,5,16,3,7,2475,B6,LAX,6
0,5,16,3,16,2475,B6,LAX,6
-2,5,16,3,20,2475,B6,LAX,6
36,5,16,3,9,2475,B6,LAX,6
-5,5,1,2,17,2475,DL,LAX,21
-1,5,30,3,7,2475,B6,LAX,4
4,5,30,3,16,2475,B6,LAX,4
4,5,30,3,20,2475,B6,LAX,4
-3,5,30,3,9,2475,B6,LAX,4
-4,5,1,2,21,2475,DL,LAX,21
-3,5,2,3,19,2475,DL,LAX,20
-5,5,2,3,9,2475,DL,LAX,20
-1,5,2,3,7,2475,DL,LAX,20
-5,5,2,3,12,2475,DL,LAX,20
8,5,2,3,15,2475,DL,LAX,20
-3,5,1,2,19,2475,DL,LAX,21
-4,5,1,2,9,2475,DL,LAX,21
-7,5,1,2,7,2475,DL,LAX,21
3,5,1,2,12,2475,DL,LAX,21
-1,5,1,2,15,2475,DL,LAX,21
-5,5,2,3,17,2475,DL,LAX,20
-6,5,2,3,21,2475,DL,LAX,20
-1,5,3,4,19,2475,DL,LAX,19
-4,5,3,4,9,2475,DL,LAX,19
-1,5,3,4,7,2475,DL,LAX,19
-7,5,3,4,12,2475,DL,LAX,19
-1,5,3,4,15,2475,DL,LAX,19
-8,5,4,5,17,2475,DL,LAX,18
13,5,4,5,21,2475,DL,LAX,18
-2,5,5,6,19,2475,DL,LAX,17
-4,5,5,6,9,2475,DL,LAX,17
-6,5,5,6,12,2475,DL,LAX,17
18,5,3,4,21,2475,DL,LAX,19
100,5,4,5,19,2475,DL,LAX,18
-6,5,4,5,9,2475,DL,LAX,18
26,5,4,5,7,2475,DL,LAX,18
-3,5,4,5,12,2475,DL,LAX,18
12,5,4,5,15,2475,DL,LAX,18
-4,5,5,6,17,2475,DL,LAX,17
-6,5,5,6,15,2475,DL,LAX,17
-2,5,6,7,19,2475,DL,LAX,16
-3,5,6,7,9,2475,DL,LAX,16
-7,5,6,7,7,2475,DL,LAX,16
1,5,6,7,12,2475,DL,LAX,16
4,5,6,7,15,2475,DL,LAX,16
-1,5,6,7,17,2475,DL,LAX,16
8,5,6,7,21,2475,DL,LAX,16
-4,5,7,1,19,2475,DL,LAX,15
1,5,7,1,9,2475,DL,LAX,15
-3,5,7,1,7,2475,DL,LAX,15
-1,5,7,1,12,2475,DL,LAX,15
7,5,7,1,15,2475,DL,LAX,15
-5,5,7,1,17,2475,DL,LAX,15
-3,5,3,4,17,2475,DL,LAX,19
-3,5,7,1,21,2475,DL,LAX,15
-4,5,8,2,19,2475,DL,LAX,14
-3,5,8,2,9,2475,DL,LAX,14
-4,5,8,2,7,2475,DL,LAX,14
9,5,9,3,21,2475,DL,LAX,13
-3,5,10,4,19,2475,DL,LAX,12
-3,5,10,4,9,2475,DL,LAX,12
-5,5,8,2,21,2475,DL,LAX,14
-5,5,9,3,19,2475,DL,LAX,13
-1,5,9,3,9,2475,DL,LAX,13
-3,5,9,3,7,2475,DL,LAX,13
-5,5,9,3,12,2475,DL,LAX,13
-2,5,9,3,15,2475,DL,LAX,13
-2,5,9,3,17,2475,DL,LAX,13
15,5,11,5,21,2475,DL,LAX,11
-3,5,12,6,19,2475,DL,LAX,10
-5,5,8,2,12,2475,DL,LAX,14
-2,5,8,2,15,2475,DL,LAX,14
-3,5,8,2,17,2475,DL,LAX,14
-5,5,10,4,17,2475,DL,LAX,12
-1,5,12,6,17,2475,DL,LAX,10
-4,5,10,4,7,2475,DL,LAX,12
-3,5,10,4,12,2475,DL,LAX,12
0,5,10,4,15,2475,DL,LAX,12
-2,5,11,5,17,2475,DL,LAX,11
9,5,10,4,21,2475,DL,LAX,12
-1,5,11,5,19,2475,DL,LAX,11
-1,5,11,5,9,2475,DL,LAX,11
-2,5,11,5,7,2475,DL,LAX,11
-2,5,11,5,12,2475,DL,LAX,11
-2,5,11,5,15,2475,DL,LAX,11
-4,5,13,7,19,2475,DL,LAX,9
-5,5,13,7,9,2475,DL,LAX,9
-4,5,13,7,12,2475,DL,LAX,9
-2,5,13,7,15,2475,DL,LAX,9
0,5,13,7,17,2475,DL,LAX,9
2,5,14,1,19,2475,DL,LAX,8
17,5,14,1,9,2475,DL,LAX,8
-1,5,14,1,7,2475,DL,LAX,8
-3,5,14,1,12,2475,DL,LAX,8
-6,5,14,1,15,2475,DL,LAX,8
-6,5,14,1,17,2475,DL,LAX,8
5,5,13,7,21,2475,DL,LAX,9
-3,5,15,2,19,2475,DL,LAX,7
-5,5,15,2,9,2475,DL,LAX,7
-5,5,15,2,7,2475,DL,LAX,7
-3,5,15,2,12,2475,DL,LAX,7
-2,5,15,2,15,2475,DL,LAX,7
129,5,15,2,17,2475,DL,LAX,7
7,5,15,2,21,2475,DL,LAX,7
-4,5,12,6,9,2475,DL,LAX,10
-15,5,12,6,12,2475,DL,LAX,10
-4,5,12,6,15,2475,DL,LAX,10
34,5,14,1,21,2475,DL,LAX,8
-3,5,17,4,19,2475,DL,LAX,5
-6,5,17,4,9,2475,DL,LAX,5
16,5,16,3,21,2475,DL,LAX,6
22,5,17,4,21,2475,DL,LAX,5
6,5,18,5,19,2475,DL,LAX,4
-2,5,18,5,9,2475,DL,LAX,4
-2,5,18,5,7,2475,DL,LAX,4
-1,5,18,5,12,2475,DL,LAX,4
-1,5,18,5,15,2475,DL,LAX,4
-5,5,18,5,17,2475,DL,LAX,4
-3,5,17,4,7,2475,DL,LAX,5
-2,5,17,4,12,2475,DL,LAX,5
-4,5,17,4,15,2475,DL,LAX,5
-4,5,17,4,17,2475,DL,LAX,5
20,5,18,5,21,2475,DL,LAX,4
0,5,19,6,19,2475,DL,LAX,3
-5,5,19,6,9,2475,DL,LAX,3
-6,5,19,6,12,2475,DL,LAX,3
-3,5,19,6,15,2475,DL,LAX,3
52,5,20,7,19,2475,DL,LAX,2
-5,5,20,7,9,2475,DL,LAX,2
-3,5,20,7,7,2475,DL,LAX,2
-1,5,20,7,12,2475,DL,LAX,2
-3,5,20,7,15,2475,DL,LAX,2
-3,5,20,7,17,2475,DL,LAX,2
145,5,21,1,19,2475,DL,LAX,1
-1,5,21,1,9,2475,DL,LAX,1
22,5,21,1,7,2475,DL,LAX,1
-4,5,21,1,12,2475,DL,LAX,1
-1,5,21,1,15,2475,DL,LAX,1
-5,5,21,1,17,2475,DL,LAX,1
25,5,20,7,21,2475,DL,LAX,2
-2,5,22,2,19,2475,DL,LAX,0
-3,5,22,2,9,2475,DL,LAX,0
3,5,22,2,7,2475,DL,LAX,0
67,5,22,2,12,2475,DL,LAX,0
27,5,21,1,21,2475,DL,LAX,1
0,5,23,3,19,2475,DL,LAX,1
-5,5,23,3,9,2475,DL,LAX,1
-3,5,23,3,7,2475,DL,LAX,1
26,5,23,3,12,2475,DL,LAX,1
-5,5,23,3,15,2475,DL,LAX,1
-5,5,19,6,17,2475,DL,LAX,3
10,5,22,2,21,2475,DL,LAX,0
-3,5,24,4,19,2475,DL,LAX,2
-3,5,24,4,9,2475,DL,LAX,2
-3,5,24,4,7,2475,DL,LAX,2
-1,5,22,2,15,2475,DL,LAX,0
2,5,22,2,17,2475,DL,LAX,0
67,5,23,3,21,2475,DL,LAX,1
98,5,24,4,21,2475,DL,LAX,2
132,5,23,3,17,2475,DL,LAX,1
8,5,25,5,21,2475,DL,LAX,1
-2,5,27,7,19,2475,DL,LAX,1
-4,5,27,7,9,2475,DL,LAX,1
-6,5,27,7,12,2475,DL,LAX,1
-2,5,27,7,15,2475,DL,LAX,1
18,5,4,5,7,2475,B6,LAX,18
-1,5,4,5,16,2475,B6,LAX,18
-4,5,4,5,20,2475,B6,LAX,18
-2,5,4,5,9,2475,B6,LAX,18
0,5,28,1,17,2475,DL,LAX,2
-3,5,26,6,19,2475,DL,LAX,0
-3,5,26,6,9,2475,DL,LAX,0
-6,5,26,6,12,2475,DL,LAX,0
-5,5,26,6,15,2475,DL,LAX,0
-7,5,26,6,17,2475,DL,LAX,0
-2,5,28,1,19,2475,DL,LAX,2
0,5,28,1,9,2475,DL,LAX,2
-6,5,28,1,7,2475,DL,LAX,2
-5,5,28,1,12,2475,DL,LAX,2
1,5,28,1,15,2475,DL,LAX,2
-4,5,27,7,17,2475,DL,LAX,1
0,5,28,1,21,2475,DL,LAX,2
-4,5,29,2,19,2475,DL,LAX,3
-4,5,29,2,9,2475,DL,LAX,3
-4,5,29,2,7,2475,DL,LAX,3
-6,5,29,2,12,2475,DL,LAX,3
-3,5,29,2,15,2475,DL,LAX,3
106,5,29,2,21,2475,DL,LAX,3
75,5,30,3,19,2475,DL,LAX,4
-4,5,30,3,9,2475,DL,LAX,4
11,5,30,3,7,2475,DL,LAX,4
-1,5,30,3,12,2475,DL,LAX,4
-4,5,29,2,17,2475,DL,LAX,3
-5,5,30,3,21,2475,DL,LAX,4
-2,5,31,4,19,2475,DL,LAX,5
-4,5,31,4,9,2475,DL,LAX,5
-3,5,30,3,17,2475,DL,LAX,4
-2,5,31,4,21,2475,DL,LAX,5
-4,5,30,3,15,2475,DL,LAX,4
-4,5,31,4,15,2475,DL,LAX,5
-5,5,31,4,17,2475,DL,LAX,5
-2,5,31,4,7,2475,DL,LAX,5
-6,5,31,4,12,2475,DL,LAX,5
0,5,25,5,19,2475,DL,LAX,1
-4,5,25,5,9,2475,DL,LAX,1
39,5,25,5,7,2475,DL,LAX,1
-4,5,25,5,12,2475,DL,LAX,1
6,5,25,5,15,2475,DL,LAX,1
-5,5,25,5,17,2475,DL,LAX,1
-7,5,29,2,7,2475,B6,LAX,3
1,5,29,2,16,2475,B6,LAX,3
42,5,29,2,20,2475,B6,LAX,3
-5,5,29,2,9,2475,B6,LAX,3
