2,1,5,4,11,2475,UA,LAX,4,-28,44,0,0,28
-4,1,5,4,15,2475,UA,LAX,4,-28,44,0,0,28
15,1,5,4,6,2475,UA,LAX,4,-28,44,0,0,28
-2,1,5,4,8,2475,UA,LAX,4,-28,44,0,0,28
0,1,5,4,20,2475,UA,LAX,4,-28,44,0,0,28
27,1,5,4,17,2475,UA,LAX,4,-28,44,0,0,28
-2,1,5,4,9,2475,AA,LAX,4,-28,44,0,0,28
-3,1,5,4,19,2475,DL,LAX,4,-28,44,0,0,28
-4,1,5,4,21,2475,DL,LAX,4,-28,44,0,0,28
-9,1,5,4,15,2475,DL,LAX,4,-28,44,0,0,28
3,1,5,4,12,2475,DL,LAX,4,-28,44,0,0,28
-4,1,5,4,7,2475,DL,LAX,4,-28,44,0,0,28
-1,1,5,4,9,2475,DL,LAX,4,-28,44,0,0,28
-4,1,5,4,17,2475,DL,LAX,4,-28,44,0,0,28
-3,1,5,4,7,2475,DL,LAX,4,-28,44,0,0,28
19,1,5,4,20,2475,B6,LAX,4,-28,44,0,0,28
-5,1,5,4,16,2475,B6,LAX,4,-28,44,0,0,28
36,1,5,4,11,2475,B6,LAX,4,-28,44,0,0,28
-4,1,5,4,7,2475,B6,LAX,4,-28,44,0,0,28
-3,1,5,4,6,2475,AA,LAX,4,-28,44,0,0,28
-5,1,5,4,16,2475,AA,LAX,4,-28,44,0,0,28
9,1,5,4,15,2475,AA,LAX,4,-28,44,0,0,28
-6,1,5,4,13,2475,AA,LAX,4,-28,44,0,0,28
-3,1,5,4,19,2475,AA,LAX,4,-28,44,0,0,28
-1,1,5,4,10,2475,AA,LAX,4,-28,44,0,0,28
-2,1,5,4,12,2475,AA,LAX,4,-28,44,0,0,28
5,1,5,4,7,2475,VX,LAX,4,-28,44,0,0,28
-4,1,5,4,9,2475,VX,LAX,4,-28,44,0,0,28
3,1,5,4,11,2475,VX,LAX,4,-28,44,0,0,28
0,1,5,4,13,2475,VX,LAX,4,-28,44,0,0,28
12,1,5,4,16,2475,VX,LAX,4,-28,44,0,0,28
20,1,5,4,20,2475,VX,LAX,4,-28,44,0,0,28
-5,1,12,4,16,2475,B6,LAX,9,50,72,351,0,41
-1,1,12,4,20,2475,B6,LAX,9,50,72,351,0,41
2,1,12,4,9,2475,AA,LAX,9,50,72,351,0,41
2,1,12,4,11,2475,VX,LAX,9,50,72,351,0,41
-14,1,12,4,13,2475,VX,LAX,9,50,72,351,0,41
-1,1,12,4,21,2475,AA,LAX,9,50,72,351,0,41
-6,1,12,4,6,2475,AA,LAX,9,50,72,351,0,41
95,1,12,4,16,2475,AA,LAX,9,50,72,351,0,41
2,1,12,4,16,2475,VX,LAX,9,50,72,351,0,41
2,1,12,4,20,2475,VX,LAX,9,50,72,351,0,41
129,1,12,4,15,2475,AA,LAX,9,50,72,351,0,41
0,1,12,4,7,2475,VX,LAX,9,50,72,351,0,41
6,1,12,4,9,2475,VX,LAX,9,50,72,351,0,41
73,1,12,4,13,2475,AA,LAX,9,50,72,351,0,41
-1,1,12,4,19,2475,AA,LAX,9,50,72,351,0,41
3,1,12,4,10,2475,AA,LAX,9,50,72,351,0,41
13,1,12,4,7,2475,B6,LAX,9,50,72,351,0,41
-7,1,12,4,11,2475,B6,LAX,9,50,72,351,0,41
64,1,12,4,12,2475,AA,LAX,9,50,72,351,0,41
-2,1,12,4,17,2475,UA,LAX,9,50,72,351,0,41
-6,1,12,4,11,2475,UA,LAX,9,50,72,351,0,41
-5,1,12,4,8,2475,UA,LAX,9,50,72,351,0,41
0,1,12,4,15,2475,UA,LAX,9,50,72,351,0,41
1,1,12,4,20,2475,UA,LAX,9,50,72,351,0,41
-3,1,12,4,6,2475,UA,LAX,9,50,72,351,0,41
-4,1,12,4,9,2475,DL,LAX,9,50,72,351,0,41
4,1,12,4,17,2475,DL,LAX,9,50,72,351,0,41
-2,1,12,4,7,2475,DL,LAX,9,50,72,351,0,41
-5,1,12,4,19,2475,DL,LAX,9,50,72,351,0,41
18,1,12,4,7,2475,DL,LAX,9,50,72,351,0,41
2,1,12,4,21,2475,DL,LAX,9,50,72,351,0,41
0,1,12,4,15,2475,DL,LAX,9,50,72,351,0,41
-4,1,12,4,12,2475,DL,LAX,9,50,72,351,0,41
-1,1,19,4,17,2475,DL,LAX,2,-67,28,0,0,30
-4,1,19,4,12,2475,DL,LAX,2,-67,28,0,0,30
-6,1,19,4,9,2475,DL,LAX,2,-67,28,0,0,30
-2,1,19,4,7,2475,DL,LAX,2,-67,28,0,0,30
-6,1,19,4,19,2475,DL,LAX,2,-67,28,0,0,30
-5,1,19,4,21,2475,DL,LAX,2,-67,28,0,0,30
63,1,19,4,15,2475,DL,LAX,2,-67,28,0,0,30
-5,1,19,4,7,2475,DL,LAX,2,-67,28,0,0,30
101,1,19,4,6,2475,UA,LAX,2,-67,28,0,0,30
3,1,19,4,20,2475,UA,LAX,2,-67,28,0,0,30
0,1,19,4,17,2475,UA,LAX,2,-67,28,0,0,30
-3,1,19,4,15,2475,UA,LAX,2,-67,28,0,0,30
49,1,19,4,11,2475,UA,LAX,2,-67,28,0,0,30
-3,1,19,4,8,2475,UA,LAX,2,-67,28,0,0,30
-8,1,19,4,21,2475,AA,LAX,2,-67,28,0,0,30
-5,1,19,4,11,2475,B6,LAX,2,-67,28,0,0,30
-3,1,19,4,7,2475,B6,LAX,2,-67,28,0,0,30
-8,1,19,4,12,2475,AA,LAX,2,-67,28,0,0,30
-6,1,19,4,10,2475,AA,LAX,2,-67,28,0,0,30
-10,1,19,4,19,2475,AA,LAX,2,-67,28,0,0,30
1,1,19,4,20,2475,B6,LAX,2,-67,28,0,0,30
-5,1,19,4,9,2475,AA,LAX,2,-67,28,0,0,30
-4,1,19,4,13,2475,AA,LAX,2,-67,28,0,0,30
1,1,19,4,7,2475,VX,LAX,2,-67,28,0,0,30
-6,1,19,4,9,2475,VX,LAX,2,-67,28,0,0,30
20,1,19,4,11,2475,VX,LAX,2,-67,28,0,0,30
0,1,19,4,13,2475,VX,LAX,2,-67,28,0,0,30
18,1,19,4,16,2475,VX,LAX,2,-67,28,0,0,30
-4,1,19,4,15,2475,AA,LAX,2,-67,28,0,0,30
-2,1,19,4,20,2475,VX,LAX,2,-67,28,0,0,30
-7,1,19,4,16,2475,B6,LAX,2,-67,28,0,0,30
-5,1,19,4,6,2475,AA,LAX,2,-67,28,0,0,30
-5,1,19,4,16,2475,AA,LAX,2,-67,28,0,0,30
3,1,26,4,20,2475,VX,LAX,5,6,44,46,0,17
-8,1,26,4,21,2475,AA,LAX,5,6,44,46,0,17
7,1,26,4,15,2475,AA,LAX,5,6,44,46,0,17
-6,1,26,4,16,2475,B6,LAX,5,6,44,46,0,17
1,1,26,4,9,2475,VX,LAX,5,6,44,46,0,17
-3,1,26,4,20,2475,B6,LAX,5,6,44,46,0,17
-6,1,26,4,6,2475,AA,LAX,5,6,44,46,0,17
-3,1,26,4,7,2475,B6,LAX,5,6,44,46,0,17
-4,1,26,4,11,2475,B6,LAX,5,6,44,46,0,17
-5,1,26,4,16,2475,AA,LAX,5,6,44,46,0,17
5,1,26,4,13,2475,AA,LAX,5,6,44,46,0,17
-6,1,26,4,7,2475,VX,LAX,5,6,44,46,0,17
-7,1,26,4,10,2475,AA,LAX,5,6,44,46,0,17
2,1,26,4,13,2475,VX,LAX,5,6,44,46,0,17
-3,1,26,4,12,2475,AA,LAX,5,6,44,46,0,17
-6,1,26,4,9,2475,AA,LAX,5,6,44,46,0,17
-1,1,26,4,16,2475,VX,LAX,5,6,44,46,0,17
-10,1,26,4,19,2475,AA,LAX,5,6,44,46,0,17
-2,1,26,4,11,2475,VX,LAX,5,6,44,46,0,17
-4,1,26,4,6,2475,UA,LAX,5,6,44,46,0,17
-4,1,26,4,15,2475,UA,LAX,5,6,44,46,0,17
-6,1,26,4,20,2475,UA,LAX,5,6,44,46,0,17
-3,1,26,4,8,2475,UA,LAX,5,6,44,46,0,17
-1,1,26,4,11,2475,UA,LAX,5,6,44,46,0,17
0,1,26,4,17,2475,UA,LAX,5,6,44,46,0,17
0,1,26,4,17,2475,DL,LAX,5,6,44,46,0,17
-6,1,26,4,21,2475,DL,LAX,5,6,44,46,0,17
-2,1,26,4,12,2475,DL,LAX,5,6,44,46,0,17
-3,1,26,4,19,2475,DL,LAX,5,6,44,46,0,17
-4,1,26,4,9,2475,DL,LAX,5,6,44,46,0,17
0,1,26,4,7,2475,DL,LAX,5,6,44,46,0,17
-1,1,26,4,15,2475,DL,LAX,5,6,44,46,0,17
-7,1,26,4,7,2475,DL,LAX,5,6,44,46,0,17
-9,2,3,5,20,2475,B6,LAX,13,-11,67,0,0,30
-7,2,3,5,15,2475,AA,LAX,13,-11,67,0,0,30
44,2,3,5,16,2475,B6,LAX,13,-11,67,0,0,30
-4,2,3,5,12,2475,AA,LAX,13,-11,67,0,0,30
-4,2,3,5,7,2475,B6,LAX,13,-11,67,0,0,30
-5,2,3,5,16,2475,AA,LAX,13,-11,67,0,0,30
-9,2,3,5,21,2475,AA,LAX,13,-11,67,0,0,30
1,2,3,5,6,2475,AA,LAX,13,-11,67,0,0,30
-2,2,3,5,9,2475,AA,LAX,13,-11,67,0,0,30
-3,2,3,5,19,2475,DL,LAX,13,-11,67,0,0,30
-14,2,3,5,21,2475,DL,LAX,13,-11,67,0,0,30
-2,2,3,5,15,2475,DL,LAX,13,-11,67,0,0,30
-7,2,3,5,12,2475,DL,LAX,13,-11,67,0,0,30
-5,2,3,5,9,2475,DL,LAX,13,-11,67,0,0,30
-5,2,3,5,17,2475,DL,LAX,13,-11,67,0,0,30
-5,2,3,5,11,2475,B6,LAX,13,-11,67,0,0,30
-3,2,3,5,19,2475,AA,LAX,13,-11,67,0,0,30
-6,2,3,5,10,2475,AA,LAX,13,-11,67,0,0,30
-5,2,3,5,13,2475,AA,LAX,13,-11,67,0,0,30
1,2,3,5,7,2475,VX,LAX,13,-11,67,0,0,30
-4,2,3,5,20,2475,UA,LAX,13,-11,67,0,0,30
-5,2,3,5,16,2475,VX,LAX,13,-11,67,0,0,30
-9,2,3,5,6,2475,UA,LAX,13,-11,67,0,0,30
0,2,3,5,17,2475,UA,LAX,13,-11,67,0,0,30
-5,2,3,5,20,2475,VX,LAX,13,-11,67,0,0,30
-7,2,3,5,8,2475,UA,LAX,13,-11,67,0,0,30
0,2,3,5,13,2475,VX,LAX,13,-11,67,0,0,30
1,2,3,5,15,2475,UA,LAX,13,-11,67,0,0,30
13,2,3,5,9,2475,VX,LAX,13,-11,67,0,0,30
-4,2,3,5,11,2475,UA,LAX,13,-11,67,0,0,30
4,2,3,5,11,2475,VX,LAX,13,-11,67,0,0,30
17,2,10,5,9,2475,VX,LAX,8,11,72,0,0,27
1,2,10,5,8,2475,UA,LAX,8,11,72,0,0,27
-6,2,10,5,17,2475,UA,LAX,8,11,72,0,0,27
1,2,10,5,20,2475,VX,LAX,8,11,72,0,0,27
-1,2,10,5,15,2475,UA,LAX,8,11,72,0,0,27
4,2,10,5,16,2475,VX,LAX,8,11,72,0,0,27
6,2,10,5,11,2475,UA,LAX,8,11,72,0,0,27
4,2,10,5,13,2475,VX,LAX,8,11,72,0,0,27
-6,2,10,5,20,2475,UA,LAX,8,11,72,0,0,27
-2,2,10,5,6,2475,UA,LAX,8,11,72,0,0,27
-4,2,10,5,11,2475,VX,LAX,8,11,72,0,0,27
0,2,10,5,7,2475,VX,LAX,8,11,72,0,0,27
-5,2,10,5,12,2475,DL,LAX,8,11,72,0,0,27
-7,2,10,5,19,2475,AA,LAX,8,11,72,0,0,27
-4,2,10,5,21,2475,DL,LAX,8,11,72,0,0,27
-5,2,10,5,19,2475,DL,LAX,8,11,72,0,0,27
-3,2,10,5,16,2475,AA,LAX,8,11,72,0,0,27
-6,2,10,5,12,2475,AA,LAX,8,11,72,0,0,27
-4,2,10,5,20,2475,B6,LAX,8,11,72,0,0,27
2,2,10,5,16,2475,B6,LAX,8,11,72,0,0,27
-7,2,10,5,11,2475,B6,LAX,8,11,72,0,0,27
-5,2,10,5,21,2475,AA,LAX,8,11,72,0,0,27
8,2,10,5,7,2475,B6,LAX,8,11,72,0,0,27
-6,2,10,5,9,2475,AA,LAX,8,11,72,0,0,27
-3,2,10,5,13,2475,AA,LAX,8,11,72,0,0,27
-2,2,10,5,15,2475,AA,LAX,8,11,72,0,0,27
-4,2,10,5,7,2475,AA,LAX,8,11,72,0,0,27
-5,2,10,5,15,2475,DL,LAX,8,11,72,0,0,27
-3,2,10,5,7,2475,AA,LAX,8,11,72,0,0,27
-8,2,10,5,10,2475,AA,LAX,8,11,72,0,0,27
-3,2,10,5,17,2475,DL,LAX,8,11,72,0,0,27
-2,2,10,5,9,2475,DL,LAX,8,11,72,0,0,27
-5,2,17,5,15,2475,DL,LAX,1,50,100,8,0,30
-4,2,17,5,20,2475,B6,LAX,1,50,100,8,0,30
-5,2,17,5,12,2475,DL,LAX,1,50,100,8,0,30
2,2,17,5,21,2475,AA,LAX,1,50,100,8,0,30
24,2,17,5,9,2475,AA,LAX,1,50,100,8,0,30
-2,2,17,5,7,2475,AA,LAX,1,50,100,8,0,30
28,2,17,5,19,2475,AA,LAX,1,50,100,8,0,30
-3,2,17,5,9,2475,DL,LAX,1,50,100,8,0,30
5,2,17,5,16,2475,B6,LAX,1,50,100,8,0,30
-7,2,17,5,15,2475,AA,LAX,1,50,100,8,0,30
-8,2,17,5,13,2475,AA,LAX,1,50,100,8,0,30
-6,2,17,5,10,2475,AA,LAX,1,50,100,8,0,30
0,2,17,5,7,2475,AA,LAX,1,50,100,8,0,30
-4,2,17,5,17,2475,DL,LAX,1,50,100,8,0,30
-2,2,17,5,12,2475,AA,LAX,1,50,100,8,0,30
1,2,17,5,19,2475,DL,LAX,1,50,100,8,0,30
-7,2,17,5,16,2475,AA,LAX,1,50,100,8,0,30
-11,2,17,5,21,2475,DL,LAX,1,50,100,8,0,30
-6,2,17,5,7,2475,B6,LAX,1,50,100,8,0,30
16,2,17,5,9,2475,B6,LAX,1,50,100,8,0,30
0,2,17,5,20,2475,VX,LAX,1,50,100,8,0,30
-1,2,17,5,8,2475,UA,LAX,1,50,100,8,0,30
-3,2,17,5,20,2475,UA,LAX,1,50,100,8,0,30
0,2,17,5,17,2475,UA,LAX,1,50,100,8,0,30
-2,2,17,5,15,2475,UA,LAX,1,50,100,8,0,30
-1,2,17,5,11,2475,UA,LAX,1,50,100,8,0,30
1,2,17,5,6,2475,UA,LAX,1,50,100,8,0,30
8,2,17,5,7,2475,VX,LAX,1,50,100,8,0,30
-1,2,17,5,9,2475,VX,LAX,1,50,100,8,0,30
0,2,17,5,11,2475,VX,LAX,1,50,100,8,0,30
-3,2,17,5,13,2475,VX,LAX,1,50,100,8,0,30
-2,2,17,5,16,2475,VX,LAX,1,50,100,8,0,30
61,2,24,5,20,2475,VX,LAX,6,22,78,152,0,36
141,2,24,5,6,2475,UA,LAX,6,22,78,152,0,36
1,2,24,5,11,2475,UA,LAX,6,22,78,152,0,36
4,2,24,5,15,2475,UA,LAX,6,22,78,152,0,36
75,2,24,5,8,2475,UA,LAX,6,22,78,152,0,36
-4,2,24,5,17,2475,UA,LAX,6,22,78,152,0,36
121,2,24,5,20,2475,UA,LAX,6,22,78,152,0,36
9,2,24,5,7,2475,VX,LAX,6,22,78,152,0,36
1,2,24,5,9,2475,VX,LAX,6,22,78,152,0,36
4,2,24,5,11,2475,VX,LAX,6,22,78,152,0,36
0,2,24,5,13,2475,VX,LAX,6,22,78,152,0,36
0,2,24,5,16,2475,VX,LAX,6,22,78,152,0,36
45,2,24,5,21,2475,DL,LAX,6,22,78,152,0,36
-3,2,24,5,16,2475,AA,LAX,6,22,78,152,0,36
-9,2,24,5,12,2475,AA,LAX,6,22,78,152,0,36
-5,2,24,5,15,2475,DL,LAX,6,22,78,152,0,36
-5,2,24,5,10,2475,AA,LAX,6,22,78,152,0,36
75,2,24,5,9,2475,AA,LAX,6,22,78,152,0,36
-5,2,24,5,17,2475,DL,LAX,6,22,78,152,0,36
-5,2,24,5,7,2475,AA,LAX,6,22,78,152,0,36
-5,2,24,5,21,2475,AA,LAX,6,22,78,152,0,36
-2,2,24,5,9,2475,DL,LAX,6,22,78,152,0,36
-4,2,24,5,13,2475,AA,LAX,6,22,78,152,0,36
219,2,24,5,19,2475,AA,LAX,6,22,78,152,0,36
-6,2,24,5,15,2475,AA,LAX,6,22,78,152,0,36
-5,2,24,5,12,2475,DL,LAX,6,22,78,152,0,36
-2,2,24,5,7,2475,AA,LAX,6,22,78,152,0,36
35,2,24,5,20,2475,B6,LAX,6,22,78,152,0,36
-2,2,24,5,16,2475,B6,LAX,6,22,78,152,0,36
-2,2,24,5,9,2475,B6,LAX,6,22,78,152,0,36
-3,2,24,5,7,2475,B6,LAX,6,22,78,152,0,36
-1,2,24,5,19,2475,DL,LAX,6,22,78,152,0,36
-2,3,1,4,20,2475,VX,LAX,12,28,50,33,0,9
0,3,1,4,20,2475,UA,LAX,12,28,50,33,0,9
-6,3,1,4,8,2475,UA,LAX,12,28,50,33,0,9
-4,3,1,4,17,2475,UA,LAX,12,28,50,33,0,9
-2,3,1,4,15,2475,UA,LAX,12,28,50,33,0,9
-4,3,1,4,11,2475,UA,LAX,12,28,50,33,0,9
-2,3,1,4,6,2475,UA,LAX,12,28,50,33,0,9
2,3,1,4,16,2475,VX,LAX,12,28,50,33,0,9
-1,3,1,4,13,2475,VX,LAX,12,28,50,33,0,9
-4,3,1,4,11,2475,VX,LAX,12,28,50,33,0,9
6,3,1,4,9,2475,VX,LAX,12,28,50,33,0,9
0,3,1,4,7,2475,VX,LAX,12,28,50,33,0,9
-9,3,1,4,9,2475,AA,LAX,12,28,50,33,0,9
-4,3,1,4,12,2475,AA,LAX,12,28,50,33,0,9
7,3,1,4,7,2475,B6,LAX,12,28,50,33,0,9
-1,3,1,4,7,2475,AA,LAX,12,28,50,33,0,9
-9,3,1,4,13,2475,AA,LAX,12,28,50,33,0,9
-3,3,1,4,19,2475,AA,LAX,12,28,50,33,0,9
-4,3,1,4,7,2475,AA,LAX,12,28,50,33,0,9
-3,3,1,4,17,2475,DL,LAX,12,28,50,33,0,9
13,3,1,4,10,2475,AA,LAX,12,28,50,33,0,9
-6,3,1,4,9,2475,DL,LAX,12,28,50,33,0,9
-6,3,1,4,7,2475,DL,LAX,12,28,50,33,0,9
-5,3,1,4,12,2475,DL,LAX,12,28,50,33,0,9
-2,3,1,4,15,2475,DL,LAX,12,28,50,33,0,9
-5,3,1,4,21,2475,DL,LAX,12,28,50,33,0,9
-5,3,1,4,19,2475,DL,LAX,12,28,50,33,0,9
298,3,1,4,15,2475,AA,LAX,12,28,50,33,0,9
-3,3,1,4,16,2475,AA,LAX,12,28,50,33,0,9
0,3,1,4,9,2475,B6,LAX,12,28,50,33,0,9
-6,3,1,4,21,2475,AA,LAX,12,28,50,33,0,9
-3,3,1,4,16,2475,B6,LAX,12,28,50,33,0,9
-6,3,1,4,20,2475,B6,LAX,12,28,50,33,0,9
-1,3,8,4,16,2475,B6,LAX,19,117,217,0,0,30
-3,3,8,4,7,2475,B6,LAX,19,117,217,0,0,30
-5,3,8,4,9,2475,AA,LAX,19,117,217,0,0,30
31,3,8,4,20,2475,B6,LAX,19,117,217,0,0,30
-9,3,8,4,19,2475,AA,LAX,19,117,217,0,0,30
27,3,8,4,15,2475,AA,LAX,19,117,217,0,0,30
-3,3,8,4,7,2475,AA,LAX,19,117,217,0,0,30
-4,3,8,4,16,2475,AA,LAX,19,117,217,0,0,30
-1,3,8,4,13,2475,AA,LAX,19,117,217,0,0,30
4,3,8,4,21,2475,AA,LAX,19,117,217,0,0,30
-7,3,8,4,10,2475,AA,LAX,19,117,217,0,0,30
-7,3,8,4,7,2475,AA,LAX,19,117,217,0,0,30
-6,3,8,4,12,2475,AA,LAX,19,117,217,0,0,30
-5,3,8,4,9,2475,B6,LAX,19,117,217,0,0,30
-1,3,8,4,12,2475,DL,LAX,19,117,217,0,0,30
-4,3,8,4,7,2475,DL,LAX,19,117,217,0,0,30
-2,3,8,4,19,2475,DL,LAX,19,117,217,0,0,30
36,3,8,4,15,2475,DL,LAX,19,117,217,0,0,30
10,3,8,4,21,2475,DL,LAX,19,117,217,0,0,30
0,3,8,4,17,2475,DL,LAX,19,117,217,0,0,30
-4,3,8,4,9,2475,DL,LAX,19,117,217,0,0,30
-7,3,8,4,7,2475,VX,LAX,19,117,217,0,0,30
-5,3,8,4,9,2475,VX,LAX,19,117,217,0,0,30
2,3,8,4,11,2475,VX,LAX,19,117,217,0,0,30
0,3,8,4,13,2475,VX,LAX,19,117,217,0,0,30
9,3,8,4,16,2475,VX,LAX,19,117,217,0,0,30
12,3,8,4,20,2475,VX,LAX,19,117,217,0,0,30
-2,3,8,4,6,2475,UA,LAX,19,117,217,0,0,30
-5,3,8,4,15,2475,UA,LAX,19,117,217,0,0,30
-5,3,8,4,8,2475,UA,LAX,19,117,217,0,0,30
-3,3,8,4,11,2475,UA,LAX,19,117,217,0,0,30
-2,3,8,4,17,2475,UA,LAX,19,117,217,0,0,30
-1,3,8,4,20,2475,UA,LAX,19,117,217,0,0,30
-1,3,15,4,13,2475,AA,LAX,26,61,111,0,0,30
-9,3,15,4,7,2475,AA,LAX,26,61,111,0,0,30
-10,3,15,4,9,2475,AA,LAX,26,61,111,0,0,30
11,3,15,4,15,2475,AA,LAX,26,61,111,0,0,30
0,3,15,4,12,2475,AA,LAX,26,61,111,0,0,30
0,3,15,4,21,2475,AA,LAX,26,61,111,0,0,30
18,3,15,4,20,2475,B6,LAX,26,61,111,0,0,30
6,3,15,4,16,2475,B6,LAX,26,61,111,0,0,30
-2,3,15,4,9,2475,B6,LAX,26,61,111,0,0,30
-5,3,15,4,7,2475,B6,LAX,26,61,111,0,0,30
-6,3,15,4,10,2475,AA,LAX,26,61,111,0,0,30
-4,3,15,4,19,2475,AA,LAX,26,61,111,0,0,30
19,3,15,4,16,2475,AA,LAX,26,61,111,0,0,30
-9,3,15,4,7,2475,AA,LAX,26,61,111,0,0,30
118,3,15,4,7,2475,VX,LAX,26,61,111,0,0,30
17,3,15,4,9,2475,VX,LAX,26,61,111,0,0,30
-2,3,15,4,11,2475,VX,LAX,26,61,111,0,0,30
-1,3,15,4,13,2475,VX,LAX,26,61,111,0,0,30
46,3,15,4,16,2475,VX,LAX,26,61,111,0,0,30
0,3,15,4,20,2475,VX,LAX,26,61,111,0,0,30
48,3,15,4,20,2475,UA,LAX,26,61,111,0,0,30
9,3,15,4,17,2475,UA,LAX,26,61,111,0,0,30
3,3,15,4,11,2475,UA,LAX,26,61,111,0,0,30
47,3,15,4,8,2475,UA,LAX,26,61,111,0,0,30
92,3,15,4,15,2475,UA,LAX,26,61,111,0,0,30
-3,3,15,4,6,2475,UA,LAX,26,61,111,0,0,30
-3,3,15,4,9,2475,DL,LAX,26,61,111,0,0,30
0,3,15,4,12,2475,DL,LAX,26,61,111,0,0,30
-3,3,15,4,7,2475,DL,LAX,26,61,111,0,0,30
-2,3,15,4,19,2475,DL,LAX,26,61,111,0,0,30
-4,3,15,4,15,2475,DL,LAX,26,61,111,0,0,30
-5,3,15,4,17,2475,DL,LAX,26,61,111,0,0,30
18,3,15,4,21,2475,DL,LAX,26,61,111,0,0,30
16,3,22,4,16,2475,B6,LAX,33,133,256,0,0,15
-1,3,22,4,10,2475,AA,LAX,33,133,256,0,0,15
19,3,22,4,20,2475,B6,LAX,33,133,256,0,0,15
-4,3,22,4,9,2475,AA,LAX,33,133,256,0,0,15
32,3,22,4,16,2475,AA,LAX,33,133,256,0,0,15
18,3,22,4,21,2475,AA,LAX,33,133,256,0,0,15
-4,3,22,4,7,2475,AA,LAX,33,133,256,0,0,15
-6,3,22,4,15,2475,AA,LAX,33,133,256,0,0,15
-7,3,22,4,7,2475,AA,LAX,33,133,256,0,0,15
-7,3,22,4,12,2475,AA,LAX,33,133,256,0,0,15
-9,3,22,4,7,2475,B6,LAX,33,133,256,0,0,15
-2,3,22,4,9,2475,B6,LAX,33,133,256,0,0,15
-6,3,22,4,19,2475,AA,LAX,33,133,256,0,0,15
9,3,22,4,13,2475,AA,LAX,33,133,256,0,0,15
-4,3,22,4,7,2475,DL,LAX,33,133,256,0,0,15
-1,3,22,4,12,2475,DL,LAX,33,133,256,0,0,15
-4,3,22,4,9,2475,DL,LAX,33,133,256,0,0,15
32,3,22,4,21,2475,DL,LAX,33,133,256,0,0,15
-6,3,22,4,17,2475,DL,LAX,33,133,256,0,0,15
-2,3,22,4,15,2475,DL,LAX,33,133,256,0,0,15
-5,3,22,4,19,2475,DL,LAX,33,133,256,0,0,15
16,3,22,4,20,2475,UA,LAX,33,133,256,0,0,15
12,3,22,4,20,2475,VX,LAX,33,133,256,0,0,15
19,3,22,4,16,2475,VX,LAX,33,133,256,0,0,15
-2,3,22,4,13,2475,VX,LAX,33,133,256,0,0,15
-4,3,22,4,11,2475,VX,LAX,33,133,256,0,0,15
54,3,22,4,9,2475,VX,LAX,33,133,256,0,0,15
6,3,22,4,7,2475,VX,LAX,33,133,256,0,0,15
-1,3,22,4,6,2475,UA,LAX,33,133,256,0,0,15
0,3,22,4,15,2475,UA,LAX,33,133,256,0,0,15
-4,3,22,4,8,2475,UA,LAX,33,133,256,0,0,15
1,3,22,4,11,2475,UA,LAX,33,133,256,0,0,15
60,3,22,4,17,2475,UA,LAX,33,133,256,0,0,15
-8,3,29,4,15,2475,UA,LAX,40,61,161,0,0,40
0,3,29,4,8,2475,UA,LAX,40,61,161,0,0,40
-4,3,29,4,11,2475,UA,LAX,40,61,161,0,0,40
9,3,29,4,17,2475,UA,LAX,40,61,161,0,0,40
2,3,29,4,6,2475,UA,LAX,40,61,161,0,0,40
-1,3,29,4,20,2475,UA,LAX,40,61,161,0,0,40
0,3,29,4,7,2475,VX,LAX,40,61,161,0,0,40
-4,3,29,4,9,2475,VX,LAX,40,61,161,0,0,40
-2,3,29,4,11,2475,VX,LAX,40,61,161,0,0,40
0,3,29,4,13,2475,VX,LAX,40,61,161,0,0,40
3,3,29,4,16,2475,VX,LAX,40,61,161,0,0,40
14,3,29,4,20,2475,VX,LAX,40,61,161,0,0,40
-5,3,29,4,7,2475,AA,LAX,40,61,161,0,0,40
-4,3,29,4,10,2475,AA,LAX,40,61,161,0,0,40
-5,3,29,4,13,2475,AA,LAX,40,61,161,0,0,40
-4,3,29,4,12,2475,AA,LAX,40,61,161,0,0,40
-3,3,29,4,19,2475,AA,LAX,40,61,161,0,0,40
-6,3,29,4,9,2475,AA,LAX,40,61,161,0,0,40
9,3,29,4,7,2475,B6,LAX,40,61,161,0,0,40
0,3,29,4,9,2475,B6,LAX,40,61,161,0,0,40
-2,3,29,4,16,2475,B6,LAX,40,61,161,0,0,40
-8,3,29,4,20,2475,B6,LAX,40,61,161,0,0,40
-3,3,29,4,7,2475,AA,LAX,40,61,161,0,0,40
-6,3,29,4,21,2475,AA,LAX,40,61,161,0,0,40
103,3,29,4,16,2475,AA,LAX,40,61,161,0,0,40
-10,3,29,4,15,2475,AA,LAX,40,61,161,0,0,40
0,3,29,4,15,2475,DL,LAX,40,61,161,0,0,40
-1,3,29,4,21,2475,DL,LAX,40,61,161,0,0,40
-3,3,29,4,19,2475,DL,LAX,40,61,161,0,0,40
-5,3,29,4,17,2475,DL,LAX,40,61,161,0,0,40
-6,3,29,4,9,2475,DL,LAX,40,61,161,0,0,40
-2,3,29,4,12,2475,DL,LAX,40,61,161,0,0,40
-4,3,29,4,7,2475,DL,LAX,40,61,161,0,0,40
10,4,6,5,20,2475,VX,LAX,46,33,150,0,0,30
5,4,6,5,13,2475,VX,LAX,46,33,150,0,0,30
0,4,6,5,11,2475,VX,LAX,46,33,150,0,0,30
37,4,6,5,9,2475,VX,LAX,46,33,150,0,0,30
5,4,6,5,7,2475,VX,LAX,46,33,150,0,0,30
7,4,6,5,16,2475,VX,LAX,46,33,150,0,0,30
-4,4,6,5,6,2475,AA,LAX,46,33,150,0,0,30
-2,4,6,5,17,2475,DL,LAX,46,33,150,0,0,30
-4,4,6,5,9,2475,DL,LAX,46,33,150,0,0,30
-10,4,6,5,21,2475,AA,LAX,46,33,150,0,0,30
2,4,6,5,15,2475,UA,LAX,46,33,150,0,0,30
-11,4,6,5,12,2475,AA,LAX,46,33,150,0,0,30
-3,4,6,5,12,2475,DL,LAX,46,33,150,0,0,30
-1,4,6,5,7,2475,B6,LAX,46,33,150,0,0,30
-4,4,6,5,9,2475,B6,LAX,46,33,150,0,0,30
0,4,6,5,21,2475,DL,LAX,46,33,150,0,0,30
1,4,6,5,16,2475,B6,LAX,46,33,150,0,0,30
59,4,6,5,7,2475,AA,LAX,46,33,150,0,0,30
21,4,6,5,19,2475,DL,LAX,46,33,150,0,0,30
0,4,6,5,20,2475,B6,LAX,46,33,150,0,0,30
-2,4,6,5,15,2475,AA,LAX,46,33,150,0,0,30
-6,4,6,5,9,2475,AA,LAX,46,33,150,0,0,30
-7,4,6,5,13,2475,AA,LAX,46,33,150,0,0,30
-6,4,6,5,16,2475,AA,LAX,46,33,150,0,0,30
8,4,6,5,8,2475,UA,LAX,46,33,150,0,0,30
-3,4,6,5,17,2475,UA,LAX,46,33,150,0,0,30
-1,4,6,5,6,2475,UA,LAX,46,33,150,0,0,30
-3,4,6,5,11,2475,UA,LAX,46,33,150,0,0,30
-2,4,6,5,15,2475,DL,LAX,46,33,150,0,0,30
0,4,6,5,7,2475,DL,LAX,46,33,150,0,0,30
-2,4,6,5,10,2475,AA,LAX,46,33,150,0,0,30
-1,4,6,5,20,2475,UA,LAX,46,33,150,0,0,30
-5,4,6,5,19,2475,AA,LAX,46,33,150,0,0,30
13,4,13,5,9,2475,B6,LAX,39,61,183,0,0,15
-4,4,13,5,20,2475,B6,LAX,39,61,183,0,0,15
-3,4,13,5,12,2475,AA,LAX,39,61,183,0,0,15
-7,4,13,5,8,2475,UA,LAX,39,61,183,0,0,15
-5,4,13,5,20,2475,UA,LAX,39,61,183,0,0,15
-6,4,13,5,10,2475,AA,LAX,39,61,183,0,0,15
-6,4,13,5,19,2475,AA,LAX,39,61,183,0,0,15
-5,4,13,5,7,2475,AA,LAX,39,61,183,0,0,15
-1,4,13,5,13,2475,AA,LAX,39,61,183,0,0,15
0,4,13,5,16,2475,B6,LAX,39,61,183,0,0,15
-9,4,13,5,15,2475,AA,LAX,39,61,183,0,0,15
-4,4,13,5,21,2475,DL,LAX,39,61,183,0,0,15
20,4,13,5,17,2475,DL,LAX,39,61,183,0,0,15
-4,4,13,5,12,2475,DL,LAX,39,61,183,0,0,15
-4,4,13,5,7,2475,DL,LAX,39,61,183,0,0,15
-2,4,13,5,9,2475,DL,LAX,39,61,183,0,0,15
94,4,13,5,19,2475,DL,LAX,39,61,183,0,0,15
0,4,13,5,16,2475,AA,LAX,39,61,183,0,0,15
35,4,13,5,15,2475,DL,LAX,39,61,183,0,0,15
0,4,13,5,9,2475,AA,LAX,39,61,183,0,0,15
49,4,13,5,21,2475,AA,LAX,39,61,183,0,0,15
-8,4,13,5,6,2475,AA,LAX,39,61,183,0,0,15
13,4,13,5,7,2475,B6,LAX,39,61,183,0,0,15
0,4,13,5,6,2475,UA,LAX,39,61,183,0,0,15
-6,4,13,5,11,2475,UA,LAX,39,61,183,0,0,15
0,4,13,5,15,2475,UA,LAX,39,61,183,0,0,15
-4,4,13,5,17,2475,UA,LAX,39,61,183,0,0,15
34,4,13,5,9,2475,VX,LAX,39,61,183,0,0,15
-6,4,13,5,7,2475,VX,LAX,39,61,183,0,0,15
8,4,13,5,13,2475,VX,LAX,39,61,183,0,0,15
-6,4,13,5,20,2475,VX,LAX,39,61,183,0,0,15
0,4,13,5,16,2475,VX,LAX,39,61,183,0,0,15
1,4,13,5,11,2475,VX,LAX,39,61,183,0,0,15
-4,4,20,5,20,2475,B6,LAX,32,122,217,0,0,22
-6,4,20,5,16,2475,AA,LAX,32,122,217,0,0,22
-1,4,20,5,7,2475,B6,LAX,32,122,217,0,0,22
-5,4,20,5,7,2475,AA,LAX,32,122,217,0,0,22
-6,4,20,5,13,2475,AA,LAX,32,122,217,0,0,22
-2,4,20,5,9,2475,DL,LAX,32,122,217,0,0,22
-5,4,20,5,19,2475,DL,LAX,32,122,217,0,0,22
-1,4,20,5,17,2475,DL,LAX,32,122,217,0,0,22
-3,4,20,5,15,2475,DL,LAX,32,122,217,0,0,22
-3,4,20,5,9,2475,B6,LAX,32,122,217,0,0,22
-3,4,20,5,16,2475,B6,LAX,32,122,217,0,0,22
-7,4,20,5,9,2475,AA,LAX,32,122,217,0,0,22
-1,4,20,5,6,2475,AA,LAX,32,122,217,0,0,22
29,4,20,5,15,2475,AA,LAX,32,122,217,0,0,22
-4,4,20,5,12,2475,AA,LAX,32,122,217,0,0,22
-6,4,20,5,21,2475,AA,LAX,32,122,217,0,0,22
-3,4,20,5,12,2475,DL,LAX,32,122,217,0,0,22
-6,4,20,5,10,2475,AA,LAX,32,122,217,0,0,22
-5,4,20,5,7,2475,DL,LAX,32,122,217,0,0,22
-7,4,20,5,19,2475,AA,LAX,32,122,217,0,0,22
13,4,20,5,21,2475,DL,LAX,32,122,217,0,0,22
14,4,20,5,13,2475,VX,LAX,32,122,217,0,0,22
1,4,20,5,16,2475,VX,LAX,32,122,217,0,0,22
-1,4,20,5,20,2475,VX,LAX,32,122,217,0,0,22
1,4,20,5,11,2475,UA,LAX,32,122,217,0,0,22
-4,4,20,5,15,2475,UA,LAX,32,122,217,0,0,22
7,4,20,5,7,2475,VX,LAX,32,122,217,0,0,22
1,4,20,5,9,2475,VX,LAX,32,122,217,0,0,22
-5,4,20,5,11,2475,VX,LAX,32,122,217,0,0,22
-5,4,20,5,17,2475,UA,LAX,32,122,217,0,0,22
-1,4,20,5,6,2475,UA,LAX,32,122,217,0,0,22
-2,4,20,5,20,2475,UA,LAX,32,122,217,0,0,22
-5,4,20,5,8,2475,UA,LAX,32,122,217,0,0,22
-1,4,27,5,11,2475,UA,LAX,25,50,133,10,0,42
-6,4,27,5,8,2475,UA,LAX,25,50,133,10,0,42
-1,4,27,5,15,2475,UA,LAX,25,50,133,10,0,42
-6,4,27,5,17,2475,UA,LAX,25,50,133,10,0,42
-1,4,27,5,20,2475,UA,LAX,25,50,133,10,0,42
-4,4,27,5,6,2475,UA,LAX,25,50,133,10,0,42
2,4,27,5,12,2475,DL,LAX,25,50,133,10,0,42
-7,4,27,5,7,2475,AA,LAX,25,50,133,10,0,42
-5,4,27,5,15,2475,AA,LAX,25,50,133,10,0,42
1,4,27,5,13,2475,AA,LAX,25,50,133,10,0,42
-4,4,27,5,19,2475,AA,LAX,25,50,133,10,0,42
15,4,27,5,19,2475,DL,LAX,25,50,133,10,0,42
1,4,27,5,9,2475,DL,LAX,25,50,133,10,0,42
25,4,27,5,16,2475,AA,LAX,25,50,133,10,0,42
-4,4,27,5,17,2475,DL,LAX,25,50,133,10,0,42
-5,4,27,5,21,2475,DL,LAX,25,50,133,10,0,42
-3,4,27,5,10,2475,AA,LAX,25,50,133,10,0,42
5,4,27,5,7,2475,DL,LAX,25,50,133,10,0,42
-5,4,27,5,15,2475,DL,LAX,25,50,133,10,0,42
-4,4,27,5,12,2475,AA,LAX,25,50,133,10,0,42
663,4,27,5,21,2475,AA,LAX,25,50,133,10,0,42
-4,4,27,5,6,2475,AA,LAX,25,50,133,10,0,42
0,4,27,5,9,2475,AA,LAX,25,50,133,10,0,42
-2,4,27,5,20,2475,B6,LAX,25,50,133,10,0,42
0,4,27,5,16,2475,B6,LAX,25,50,133,10,0,42
-6,4,27,5,9,2475,B6,LAX,25,50,133,10,0,42
6,4,27,5,7,2475,B6,LAX,25,50,133,10,0,42
-3,4,27,5,13,2475,VX,LAX,25,50,133,10,0,42
2,4,27,5,16,2475,VX,LAX,25,50,133,10,0,42
0,4,27,5,11,2475,VX,LAX,25,50,133,10,0,42
7,4,27,5,9,2475,VX,LAX,25,50,133,10,0,42
0,4,27,5,7,2475,VX,LAX,25,50,133,10,0,42
3,4,27,5,20,2475,VX,LAX,25,50,133,10,0,42
29,5,4,5,6,2475,UA,LAX,18,122,228,25,0,9
6,5,4,5,20,2475,VX,LAX,18,122,228,25,0,9
-3,5,4,5,16,2475,VX,LAX,18,122,228,25,0,9
-1,5,4,5,13,2475,VX,LAX,18,122,228,25,0,9
0,5,4,5,11,2475,VX,LAX,18,122,228,25,0,9
31,5,4,5,9,2475,VX,LAX,18,122,228,25,0,9
25,5,4,5,7,2475,VX,LAX,18,122,228,25,0,9
-6,5,4,5,11,2475,UA,LAX,18,122,228,25,0,9
7,5,4,5,21,2475,UA,LAX,18,122,228,25,0,9
-3,5,4,5,15,2475,UA,LAX,18,122,228,25,0,9
0,5,4,5,17,2475,UA,LAX,18,122,228,25,0,9
21,5,4,5,8,2475,UA,LAX,18,122,228,25,0,9
15,5,4,5,16,2475,AA,LAX,18,122,228,25,0,9
-7,5,4,5,21,2475,AA,LAX,18,122,228,25,0,9
-4,5,4,5,10,2475,AA,LAX,18,122,228,25,0,9
32,5,4,5,9,2475,AA,LAX,18,122,228,25,0,9
-1,5,4,5,16,2475,B6,LAX,18,122,228,25,0,9
-1,5,4,5,19,2475,AA,LAX,18,122,228,25,0,9
50,5,4,5,13,2475,AA,LAX,18,122,228,25,0,9
-2,5,4,5,9,2475,B6,LAX,18,122,228,25,0,9
29,5,4,5,6,2475,AA,LAX,18,122,228,25,0,9
18,5,4,5,7,2475,B6,LAX,18,122,228,25,0,9
-8,5,4,5,17,2475,DL,LAX,18,122,228,25,0,9
2,5,4,5,12,2475,AA,LAX,18,122,228,25,0,9
13,5,4,5,21,2475,DL,LAX,18,122,228,25,0,9
16,5,4,5,7,2475,AA,LAX,18,122,228,25,0,9
-7,5,4,5,15,2475,AA,LAX,18,122,228,25,0,9
100,5,4,5,19,2475,DL,LAX,18,122,228,25,0,9
-6,5,4,5,9,2475,DL,LAX,18,122,228,25,0,9
-4,5,4,5,20,2475,B6,LAX,18,122,228,25,0,9
26,5,4,5,7,2475,DL,LAX,18,122,228,25,0,9
-3,5,4,5,12,2475,DL,LAX,18,122,228,25,0,9
12,5,4,5,15,2475,DL,LAX,18,122,228,25,0,9
-1,5,11,5,9,2475,DL,LAX,11,94,200,0,0,25
-1,5,11,5,19,2475,DL,LAX,11,94,200,0,0,25
-2,5,11,5,17,2475,DL,LAX,11,94,200,0,0,25
-1,5,11,5,12,2475,AA,LAX,11,94,200,0,0,25
4,5,11,5,15,2475,AA,LAX,11,94,200,0,0,25
15,5,11,5,21,2475,DL,LAX,11,94,200,0,0,25
0,5,11,5,16,2475,AA,LAX,11,94,200,0,0,25
-5,5,11,5,7,2475,B6,LAX,11,94,200,0,0,25
143,5,11,5,16,2475,B6,LAX,11,94,200,0,0,25
-7,5,11,5,7,2475,AA,LAX,11,94,200,0,0,25
66,5,11,5,21,2475,AA,LAX,11,94,200,0,0,25
-7,5,11,5,9,2475,AA,LAX,11,94,200,0,0,25
-6,5,11,5,6,2475,AA,LAX,11,94,200,0,0,25
-2,5,11,5,15,2475,DL,LAX,11,94,200,0,0,25
-2,5,11,5,12,2475,DL,LAX,11,94,200,0,0,25
180,5,11,5,19,2475,AA,LAX,11,94,200,0,0,25
-2,5,11,5,7,2475,DL,LAX,11,94,200,0,0,25
-3,5,11,5,20,2475,B6,LAX,11,94,200,0,0,25
4,5,11,5,9,2475,B6,LAX,11,94,200,0,0,25
-9,5,11,5,10,2475,AA,LAX,11,94,200,0,0,25
9,5,11,5,9,2475,VX,LAX,11,94,200,0,0,25
8,5,11,5,15,2475,UA,LAX,11,94,200,0,0,25
1,5,11,5,11,2475,VX,LAX,11,94,200,0,0,25
-2,5,11,5,13,2475,VX,LAX,11,94,200,0,0,25
4,5,11,5,16,2475,VX,LAX,11,94,200,0,0,25
18,5,11,5,20,2475,VX,LAX,11,94,200,0,0,25
-3,5,11,5,11,2475,UA,LAX,11,94,200,0,0,25
3,5,11,5,17,2475,UA,LAX,11,94,200,0,0,25
-8,5,11,5,8,2475,UA,LAX,11,94,200,0,0,25
-2,5,11,5,6,2475,UA,LAX,11,94,200,0,0,25
3,5,11,5,21,2475,UA,LAX,11,94,200,0,0,25
7,5,11,5,7,2475,VX,LAX,11,94,200,0,0,25
4,5,18,5,11,2475,VX,LAX,4,122,222,0,0,19
1,5,18,5,9,2475,VX,LAX,4,122,222,0,0,19
-5,5,18,5,7,2475,VX,LAX,4,122,222,0,0,19
42,5,18,5,20,2475,VX,LAX,4,122,222,0,0,19
11,5,18,5,16,2475,VX,LAX,4,122,222,0,0,19
-5,5,18,5,13,2475,VX,LAX,4,122,222,0,0,19
-4,5,18,5,16,2475,AA,LAX,4,122,222,0,0,19
-5,5,18,5,17,2475,DL,LAX,4,122,222,0,0,19
162,5,18,5,19,2475,AA,LAX,4,122,222,0,0,19
-2,5,18,5,9,2475,B6,LAX,4,122,222,0,0,19
72,5,18,5,21,2475,UA,LAX,4,122,222,0,0,19
0,5,18,5,15,2475,UA,LAX,4,122,222,0,0,19
115,5,18,5,15,2475,AA,LAX,4,122,222,0,0,19
-7,5,18,5,6,2475,AA,LAX,4,122,222,0,0,19
-5,5,18,5,11,2475,UA,LAX,4,122,222,0,0,19
37,5,18,5,13,2475,AA,LAX,4,122,222,0,0,19
-2,5,18,5,20,2475,B6,LAX,4,122,222,0,0,19
1,5,18,5,7,2475,AA,LAX,4,122,222,0,0,19
-1,5,18,5,15,2475,DL,LAX,4,122,222,0,0,19
-7,5,18,5,9,2475,AA,LAX,4,122,222,0,0,19
3,5,18,5,17,2475,UA,LAX,4,122,222,0,0,19
-1,5,18,5,12,2475,DL,LAX,4,122,222,0,0,19
-2,5,18,5,7,2475,DL,LAX,4,122,222,0,0,19
-1,5,18,5,7,2475,B6,LAX,4,122,222,0,0,19
-2,5,18,5,9,2475,DL,LAX,4,122,222,0,0,19
-6,5,18,5,8,2475,UA,LAX,4,122,222,0,0,19
6,5,18,5,19,2475,DL,LAX,4,122,222,0,0,19
0,5,18,5,10,2475,AA,LAX,4,122,222,0,0,19
-2,5,18,5,6,2475,UA,LAX,4,122,222,0,0,19
20,5,18,5,21,2475,DL,LAX,4,122,222,0,0,19
-2,5,18,5,16,2475,B6,LAX,4,122,222,0,0,19
-4,5,18,5,21,2475,AA,LAX,4,122,222,0,0,19
-8,5,18,5,12,2475,AA,LAX,4,122,222,0,0,19
-5,5,25,5,17,2475,DL,LAX,1,156,239,0,0,16
-3,5,25,5,21,2475,UA,LAX,1,156,239,0,0,16
0,5,25,5,9,2475,B6,LAX,1,156,239,0,0,16
-3,5,25,5,11,2475,UA,LAX,1,156,239,0,0,16
166,5,25,5,17,2475,UA,LAX,1,156,239,0,0,16
-1,5,25,5,21,2475,AA,LAX,1,156,239,0,0,16
28,5,25,5,12,2475,AA,LAX,1,156,239,0,0,16
-5,5,25,5,13,2475,AA,LAX,1,156,239,0,0,16
-5,5,25,5,19,2475,AA,LAX,1,156,239,0,0,16
8,5,25,5,21,2475,DL,LAX,1,156,239,0,0,16
-5,5,25,5,20,2475,B6,LAX,1,156,239,0,0,16
-3,5,25,5,15,2475,UA,LAX,1,156,239,0,0,16
-5,5,25,5,16,2475,B6,LAX,1,156,239,0,0,16
1,5,25,5,7,2475,B6,LAX,1,156,239,0,0,16
-7,5,25,5,9,2475,AA,LAX,1,156,239,0,0,16
39,5,25,5,7,2475,DL,LAX,1,156,239,0,0,16
-4,5,25,5,12,2475,DL,LAX,1,156,239,0,0,16
-3,5,25,5,6,2475,AA,LAX,1,156,239,0,0,16
-5,5,25,5,10,2475,AA,LAX,1,156,239,0,0,16
0,5,25,5,19,2475,DL,LAX,1,156,239,0,0,16
-4,5,25,5,9,2475,DL,LAX,1,156,239,0,0,16
-3,5,25,5,6,2475,UA,LAX,1,156,239,0,0,16
-1,5,25,5,8,2475,UA,LAX,1,156,239,0,0,16
-6,5,25,5,7,2475,AA,LAX,1,156,239,0,0,16
-4,5,25,5,15,2475,AA,LAX,1,156,239,0,0,16
6,5,25,5,15,2475,DL,LAX,1,156,239,0,0,16
31,5,25,5,16,2475,AA,LAX,1,156,239,0,0,16
-1,5,25,5,7,2475,VX,LAX,1,156,239,0,0,16
1,5,25,5,9,2475,VX,LAX,1,156,239,0,0,16
-3,5,25,5,11,2475,VX,LAX,1,156,239,0,0,16
1,5,25,5,13,2475,VX,LAX,1,156,239,0,0,16
5,5,25,5,16,2475,VX,LAX,1,156,239,0,0,16
0,5,25,5,20,2475,VX,LAX,1,156,239,0,0,16
-7,6,2,6,8,2475,UA,LAX,7,161,239,99,0,23
1,6,2,6,6,2475,UA,LAX,7,161,239,99,0,23
2,6,2,6,17,2475,UA,LAX,7,161,239,99,0,23
-4,6,2,6,11,2475,UA,LAX,7,161,239,99,0,23
-2,6,2,6,15,2475,UA,LAX,7,161,239,99,0,23
3,6,2,6,11,2475,VX,LAX,7,161,239,99,0,23
0,6,2,6,7,2475,VX,LAX,7,161,239,99,0,23
-4,6,2,6,16,2475,VX,LAX,7,161,239,99,0,23
0,6,2,6,20,2475,VX,LAX,7,161,239,99,0,23
-1,6,2,6,13,2475,VX,LAX,7,161,239,99,0,23
-5,6,2,6,9,2475,VX,LAX,7,161,239,99,0,23
-6,6,2,6,15,2475,DL,LAX,7,161,239,99,0,23
2,6,2,6,16,2475,AA,LAX,7,161,239,99,0,23
-9,6,2,6,15,2475,AA,LAX,7,161,239,99,0,23
-7,6,2,6,12,2475,AA,LAX,7,161,239,99,0,23
-6,6,2,6,9,2475,AA,LAX,7,161,239,99,0,23
-8,6,2,6,17,2475,DL,LAX,7,161,239,99,0,23
-4,6,2,6,19,2475,DL,LAX,7,161,239,99,0,23
-4,6,2,6,9,2475,DL,LAX,7,161,239,99,0,23
-5,6,2,6,19,2475,AA,LAX,7,161,239,99,0,23
-4,6,2,6,12,2475,DL,LAX,7,161,239,99,0,23
-5,6,2,6,6,2475,AA,LAX,7,161,239,99,0,23
-6,6,2,6,7,2475,B6,LAX,7,161,239,99,0,23
0,6,2,6,16,2475,B6,LAX,7,161,239,99,0,23
14,6,2,6,20,2475,B6,LAX,7,161,239,99,0,23
-7,6,2,6,7,2475,AA,LAX,7,161,239,99,0,23
-3,6,2,6,21,2475,AA,LAX,7,161,239,99,0,23
13,6,2,6,13,2475,AA,LAX,7,161,239,99,0,23
18,6,9,6,13,2475,AA,LAX,14,178,256,0,0,13
-4,6,9,6,15,2475,DL,LAX,14,178,256,0,0,13
-5,6,9,6,9,2475,DL,LAX,14,178,256,0,0,13
-4,6,9,6,19,2475,DL,LAX,14,178,256,0,0,13
25,6,9,6,17,2475,DL,LAX,14,178,256,0,0,13
-6,6,9,6,6,2475,AA,LAX,14,178,256,0,0,13
13,6,9,6,9,2475,AA,LAX,14,178,256,0,0,13
-6,6,9,6,7,2475,B6,LAX,14,178,256,0,0,13
-3,6,9,6,16,2475,B6,LAX,14,178,256,0,0,13
-6,6,9,6,11,2475,DL,LAX,14,178,256,0,0,13
34,6,9,6,15,2475,AA,LAX,14,178,256,0,0,13
-5,6,9,6,16,2475,AA,LAX,14,178,256,0,0,13
-4,6,9,6,7,2475,AA,LAX,14,178,256,0,0,13
-6,6,9,6,21,2475,AA,LAX,14,178,256,0,0,13
-2,6,9,6,13,2475,DL,LAX,14,178,256,0,0,13
0,6,9,6,19,2475,AA,LAX,14,178,256,0,0,13
-2,6,9,6,20,2475,B6,LAX,14,178,256,0,0,13
-13,6,9,6,12,2475,AA,LAX,14,178,256,0,0,13
-2,6,9,6,15,2475,UA,LAX,14,178,256,0,0,13
-5,6,9,6,8,2475,UA,LAX,14,178,256,0,0,13
1,6,9,6,11,2475,UA,LAX,14,178,256,0,0,13
-4,6,9,6,6,2475,UA,LAX,14,178,256,0,0,13
192,6,9,6,17,2475,UA,LAX,14,178,256,0,0,13
-3,6,9,6,11,2475,VX,LAX,14,178,256,0,0,13
4,6,9,6,13,2475,VX,LAX,14,178,256,0,0,13
0,6,9,6,16,2475,VX,LAX,14,178,256,0,0,13
11,6,9,6,20,2475,VX,LAX,14,178,256,0,0,13
-7,6,9,6,7,2475,VX,LAX,14,178,256,0,0,13
2,6,9,6,9,2475,VX,LAX,14,178,256,0,0,13
-7,6,16,6,13,2475,VX,LAX,18,156,267,0,0,20
-8,6,16,6,11,2475,VX,LAX,18,156,267,0,0,20
-1,6,16,6,9,2475,VX,LAX,18,156,267,0,0,20
-5,6,16,6,7,2475,VX,LAX,18,156,267,0,0,20
-1,6,16,6,20,2475,VX,LAX,18,156,267,0,0,20
2,6,16,6,16,2475,VX,LAX,18,156,267,0,0,20
-2,6,16,6,6,2475,UA,LAX,18,156,267,0,0,20
-7,6,16,6,11,2475,UA,LAX,18,156,267,0,0,20
1,6,16,6,15,2475,UA,LAX,18,156,267,0,0,20
-1,6,16,6,8,2475,UA,LAX,18,156,267,0,0,20
6,6,16,6,17,2475,UA,LAX,18,156,267,0,0,20
-6,6,16,6,19,2475,AA,LAX,18,156,267,0,0,20
3,6,16,6,7,2475,B6,LAX,18,156,267,0,0,20
5,6,16,6,15,2475,DL,LAX,18,156,267,0,0,20
0,6,16,6,9,2475,DL,LAX,18,156,267,0,0,20
-1,6,16,6,19,2475,DL,LAX,18,156,267,0,0,20
-7,6,16,6,17,2475,DL,LAX,18,156,267,0,0,20
-7,6,16,6,10,2475,AA,LAX,18,156,267,0,0,20
-4,6,16,6,16,2475,B6,LAX,18,156,267,0,0,20
-6,6,16,6,20,2475,AA,LAX,18,156,267,0,0,20
0,6,16,6,17,2475,AA,LAX,18,156,267,0,0,20
-6,6,16,6,9,2475,AA,LAX,18,156,267,0,0,20
-4,6,16,6,12,2475,AA,LAX,18,156,267,0,0,20
-4,6,16,6,20,2475,B6,LAX,18,156,267,0,0,20
-4,6,16,6,13,2475,AA,LAX,18,156,267,0,0,20
-1,6,16,6,13,2475,DL,LAX,18,156,267,0,0,20
-6,6,16,6,15,2475,AA,LAX,18,156,267,0,0,20
-5,6,16,6,11,2475,DL,LAX,18,156,267,0,0,20
-5,6,16,6,8,2475,AA,LAX,18,156,267,0,0,20
105,6,23,6,13,2475,AA,LAX,11,206,289,0,0,18
34,6,23,6,11,2475,DL,LAX,11,206,289,0,0,18
8,6,23,6,17,2475,DL,LAX,11,206,289,0,0,18
13,6,23,6,19,2475,DL,LAX,11,206,289,0,0,18
31,6,23,6,9,2475,DL,LAX,11,206,289,0,0,18
-1,6,23,6,13,2475,DL,LAX,11,206,289,0,0,18
-1,6,23,6,15,2475,DL,LAX,11,206,289,0,0,18
-9,6,23,6,9,2475,AA,LAX,11,206,289,0,0,18
1,6,23,6,12,2475,AA,LAX,11,206,289,0,0,18
-7,6,23,6,10,2475,AA,LAX,11,206,289,0,0,18
35,6,23,6,19,2475,AA,LAX,11,206,289,0,0,18
59,6,23,6,8,2475,AA,LAX,11,206,289,0,0,18
13,6,23,6,15,2475,AA,LAX,11,206,289,0,0,18
-4,6,23,6,17,2475,AA,LAX,11,206,289,0,0,18
-3,6,23,6,20,2475,AA,LAX,11,206,289,0,0,18
115,6,23,6,22,2475,B6,LAX,11,206,289,0,0,18
-2,6,23,6,7,2475,B6,LAX,11,206,289,0,0,18
30,6,23,6,16,2475,B6,LAX,11,206,289,0,0,18
-5,6,23,6,21,2475,B6,LAX,11,206,289,0,0,18
110,6,23,6,9,2475,B6,LAX,11,206,289,0,0,18
0,6,23,6,9,2475,VX,LAX,11,206,289,0,0,18
-1,6,23,6,11,2475,VX,LAX,11,206,289,0,0,18
-2,6,23,6,13,2475,VX,LAX,11,206,289,0,0,18
-1,6,23,6,16,2475,VX,LAX,11,206,289,0,0,18
0,6,23,6,20,2475,VX,LAX,11,206,289,0,0,18
49,6,23,6,7,2475,VX,LAX,11,206,289,0,0,18
-5,6,23,6,6,2475,UA,LAX,11,206,289,0,0,18
28,6,23,6,17,2475,UA,LAX,11,206,289,0,0,18
-3,6,23,6,8,2475,UA,LAX,11,206,289,0,0,18
-3,6,23,6,15,2475,UA,LAX,11,206,289,0,0,18
128,6,23,6,11,2475,UA,LAX,11,206,289,0,0,18
-2,6,30,6,8,2475,UA,LAX,4,250,339,0,0,21
13,6,30,6,15,2475,UA,LAX,4,250,339,0,0,21
-6,6,30,6,6,2475,UA,LAX,4,250,339,0,0,21
4,6,30,6,17,2475,UA,LAX,4,250,339,0,0,21
143,6,30,6,11,2475,UA,LAX,4,250,339,0,0,21
0,6,30,6,9,2475,AA,LAX,4,250,339,0,0,21
-3,6,30,6,11,2475,DL,LAX,4,250,339,0,0,21
45,6,30,6,20,2475,AA,LAX,4,250,339,0,0,21
-1,6,30,6,19,2475,AA,LAX,4,250,339,0,0,21
-8,6,30,6,12,2475,AA,LAX,4,250,339,0,0,21
-4,6,30,6,15,2475,AA,LAX,4,250,339,0,0,21
-5,6,30,6,9,2475,DL,LAX,4,250,339,0,0,21
-4,6,30,6,22,2475,B6,LAX,4,250,339,0,0,21
31,6,30,6,13,2475,AA,LAX,4,250,339,0,0,21
3,6,30,6,19,2475,DL,LAX,4,250,339,0,0,21
4,6,30,6,7,2475,B6,LAX,4,250,339,0,0,21
0,6,30,6,16,2475,B6,LAX,4,250,339,0,0,21
58,6,30,6,21,2475,B6,LAX,4,250,339,0,0,21
-2,6,30,6,9,2475,B6,LAX,4,250,339,0,0,21
-1,6,30,6,15,2475,DL,LAX,4,250,339,0,0,21
-9,6,30,6,10,2475,AA,LAX,4,250,339,0,0,21
-6,6,30,6,8,2475,AA,LAX,4,250,339,0,0,21
0,6,30,6,17,2475,AA,LAX,4,250,339,0,0,21
0,6,30,6,17,2475,DL,LAX,4,250,339,0,0,21
15,6,30,6,13,2475,DL,LAX,4,250,339,0,0,21
1,6,30,6,13,2475,VX,LAX,4,250,339,0,0,21
-3,6,30,6,11,2475,VX,LAX,4,250,339,0,0,21
9,6,30,6,9,2475,VX,LAX,4,250,339,0,0,21
61,6,30,6,7,2475,VX,LAX,4,250,339,0,0,21
0,6,30,6,20,2475,VX,LAX,4,250,339,0,0,21
1,6,30,6,16,2475,VX,LAX,4,250,339,0,0,21
-5,7,7,6,16,2475,VX,LAX,3,222,361,127,0,18
-4,7,7,6,20,2475,VX,LAX,3,222,361,127,0,18
11,7,7,6,9,2475,B6,LAX,3,222,361,127,0,18
-5,7,7,6,9,2475,DL,LAX,3,222,361,127,0,18
-1,7,7,6,15,2475,DL,LAX,3,222,361,127,0,18
-2,7,7,6,22,2475,B6,LAX,3,222,361,127,0,18
-7,7,7,6,7,2475,B6,LAX,3,222,361,127,0,18
-4,7,7,6,6,2475,UA,LAX,3,222,361,127,0,18
5,7,7,6,21,2475,B6,LAX,3,222,361,127,0,18
-6,7,7,6,11,2475,DL,LAX,3,222,361,127,0,18
-4,7,7,6,11,2475,UA,LAX,3,222,361,127,0,18
0,7,7,6,17,2475,UA,LAX,3,222,361,127,0,18
-4,7,7,6,13,2475,DL,LAX,3,222,361,127,0,18
-1,7,7,6,19,2475,DL,LAX,3,222,361,127,0,18
34,7,7,6,17,2475,DL,LAX,3,222,361,127,0,18
-6,7,7,6,16,2475,B6,LAX,3,222,361,127,0,18
-1,7,7,6,15,2475,UA,LAX,3,222,361,127,0,18
-5,7,7,6,8,2475,UA,LAX,3,222,361,127,0,18
-4,7,7,6,7,2475,VX,LAX,3,222,361,127,0,18
9,7,7,6,9,2475,VX,LAX,3,222,361,127,0,18
-10,7,7,6,11,2475,VX,LAX,3,222,361,127,0,18
-3,7,7,6,13,2475,VX,LAX,3,222,361,127,0,18
1,7,7,6,13,2475,AA,LAX,3,222,361,127,0,18
-2,7,7,6,6,2475,AA,LAX,3,222,361,127,0,18
159,7,7,6,20,2475,AA,LAX,3,222,361,127,0,18
-1,7,7,6,17,2475,AA,LAX,3,222,361,127,0,18
-7,7,7,6,15,2475,AA,LAX,3,222,361,127,0,18
-1,7,7,6,19,2475,AA,LAX,3,222,361,127,0,18
-5,7,7,6,10,2475,AA,LAX,3,222,361,127,0,18
-8,7,7,6,12,2475,AA,LAX,3,222,361,127,0,18
12,7,7,6,9,2475,AA,LAX,3,222,361,127,0,18
0,7,14,6,21,2475,B6,LAX,10,228,294,0,0,19
28,7,14,6,15,2475,AA,LAX,10,228,294,0,0,19
22,7,14,6,12,2475,AA,LAX,10,228,294,0,0,19
-6,7,14,6,20,2475,AA,LAX,10,228,294,0,0,19
-7,7,14,6,16,2475,B6,LAX,10,228,294,0,0,19
-8,7,14,6,9,2475,AA,LAX,10,228,294,0,0,19
-5,7,14,6,17,2475,AA,LAX,10,228,294,0,0,19
-6,7,14,6,7,2475,B6,LAX,10,228,294,0,0,19
-5,7,14,6,22,2475,B6,LAX,10,228,294,0,0,19
-8,7,14,6,10,2475,AA,LAX,10,228,294,0,0,19
-6,7,14,6,19,2475,AA,LAX,10,228,294,0,0,19
-1,7,14,6,13,2475,AA,LAX,10,228,294,0,0,19
6,7,14,6,6,2475,AA,LAX,10,228,294,0,0,19
4,7,14,6,9,2475,B6,LAX,10,228,294,0,0,19
-8,7,14,6,11,2475,UA,LAX,10,228,294,0,0,19
1,7,14,6,20,2475,VX,LAX,10,228,294,0,0,19
5,7,14,6,16,2475,VX,LAX,10,228,294,0,0,19
-3,7,14,6,13,2475,VX,LAX,10,228,294,0,0,19
-4,7,14,6,11,2475,VX,LAX,10,228,294,0,0,19
0,7,14,6,9,2475,VX,LAX,10,228,294,0,0,19
-10,7,14,6,7,2475,VX,LAX,10,228,294,0,0,19
-1,7,14,6,15,2475,UA,LAX,10,228,294,0,0,19
0,7,14,6,6,2475,UA,LAX,10,228,294,0,0,19
-5,7,14,6,17,2475,UA,LAX,10,228,294,0,0,19
-4,7,14,6,8,2475,UA,LAX,10,228,294,0,0,19
-7,7,14,6,13,2475,DL,LAX,10,228,294,0,0,19
-5,7,14,6,11,2475,DL,LAX,10,228,294,0,0,19
-2,7,14,6,15,2475,DL,LAX,10,228,294,0,0,19
10,7,14,6,9,2475,DL,LAX,10,228,294,0,0,19
-5,7,14,6,19,2475,DL,LAX,10,228,294,0,0,19
-1,7,14,6,17,2475,DL,LAX,10,228,294,0,0,19
-5,7,21,6,19,2475,DL,LAX,17,161,256,0,0,19
-4,7,21,6,16,2475,VX,LAX,17,161,256,0,0,19
-6,7,21,6,13,2475,VX,LAX,17,161,256,0,0,19
-3,7,21,6,11,2475,VX,LAX,17,161,256,0,0,19
-4,7,21,6,7,2475,VX,LAX,17,161,256,0,0,19
-5,7,21,6,15,2475,DL,LAX,17,161,256,0,0,19
6,7,21,6,9,2475,VX,LAX,17,161,256,0,0,19
-6,7,21,6,11,2475,DL,LAX,17,161,256,0,0,19
-4,7,21,6,13,2475,DL,LAX,17,161,256,0,0,19
-9,7,21,6,9,2475,DL,LAX,17,161,256,0,0,19
-2,7,21,6,20,2475,VX,LAX,17,161,256,0,0,19
-5,7,21,6,17,2475,DL,LAX,17,161,256,0,0,19
-3,7,21,6,6,2475,UA,LAX,17,161,256,0,0,19
2,7,21,6,15,2475,UA,LAX,17,161,256,0,0,19
6,7,21,6,8,2475,UA,LAX,17,161,256,0,0,19
32,7,21,6,17,2475,UA,LAX,17,161,256,0,0,19
-5,7,21,6,11,2475,UA,LAX,17,161,256,0,0,19
-10,7,21,6,19,2475,AA,LAX,17,161,256,0,0,19
-1,7,21,6,21,2475,B6,LAX,17,161,256,0,0,19
-1,7,21,6,6,2475,AA,LAX,17,161,256,0,0,19
-6,7,21,6,12,2475,AA,LAX,17,161,256,0,0,19
-3,7,21,6,20,2475,AA,LAX,17,161,256,0,0,19
-5,7,21,6,17,2475,AA,LAX,17,161,256,0,0,19
-1,7,21,6,13,2475,AA,LAX,17,161,256,0,0,19
41,7,21,6,9,2475,AA,LAX,17,161,256,0,0,19
-7,7,21,6,15,2475,AA,LAX,17,161,256,0,0,19
1,7,21,6,22,2475,B6,LAX,17,161,256,0,0,19
-3,7,21,6,9,2475,B6,LAX,17,161,256,0,0,19
-2,7,21,6,16,2475,B6,LAX,17,161,256,0,0,19
-5,7,21,6,10,2475,AA,LAX,17,161,256,0,0,19
-3,7,21,6,7,2475,B6,LAX,17,161,256,0,0,19
14,7,28,6,19,2475,AA,LAX,24,200,272,46,0,23
-5,7,28,6,12,2475,AA,LAX,24,200,272,46,0,23
9,7,28,6,9,2475,B6,LAX,24,200,272,46,0,23
4,7,28,6,20,2475,AA,LAX,24,200,272,46,0,23
17,7,28,6,17,2475,AA,LAX,24,200,272,46,0,23
-7,7,28,6,9,2475,AA,LAX,24,200,272,46,0,23
209,7,28,6,16,2475,B6,LAX,24,200,272,46,0,23
-3,7,28,6,13,2475,AA,LAX,24,200,272,46,0,23
-5,7,28,6,10,2475,AA,LAX,24,200,272,46,0,23
3,7,28,6,22,2475,B6,LAX,24,200,272,46,0,23
-7,7,28,6,7,2475,B6,LAX,24,200,272,46,0,23
31,7,28,6,21,2475,B6,LAX,24,200,272,46,0,23
45,7,28,6,6,2475,AA,LAX,24,200,272,46,0,23
28,7,28,6,15,2475,AA,LAX,24,200,272,46,0,23
-4,7,28,6,6,2475,UA,LAX,24,200,272,46,0,23
60,7,28,6,17,2475,UA,LAX,24,200,272,46,0,23
-8,7,28,6,11,2475,UA,LAX,24,200,272,46,0,23
-1,7,28,6,8,2475,UA,LAX,24,200,272,46,0,23
64,7,28,6,15,2475,UA,LAX,24,200,272,46,0,23
80,7,28,6,17,2475,DL,LAX,24,200,272,46,0,23
4,7,28,6,9,2475,VX,LAX,24,200,272,46,0,23
-6,7,28,6,11,2475,VX,LAX,24,200,272,46,0,23
-1,7,28,6,13,2475,VX,LAX,24,200,272,46,0,23
110,7,28,6,19,2475,DL,LAX,24,200,272,46,0,23
-3,7,28,6,9,2475,DL,LAX,24,200,272,46,0,23
-2,7,28,6,15,2475,DL,LAX,24,200,272,46,0,23
260,7,28,6,16,2475,VX,LAX,24,200,272,46,0,23
56,7,28,6,20,2475,VX,LAX,24,200,272,46,0,23
-6,7,28,6,7,2475,VX,LAX,24,200,272,46,0,23
-3,7,28,6,11,2475,DL,LAX,24,200,272,46,0,23
0,7,28,6,13,2475,DL,LAX,24,200,272,46,0,23
56,8,5,7,16,2475,VX,LAX,27,228,328,56,0,27
100,8,5,7,21,2475,UA,LAX,27,228,328,56,0,27
33,8,5,7,7,2475,VX,LAX,27,228,328,56,0,27
138,8,5,7,20,2475,VX,LAX,27,228,328,56,0,27
1,8,5,7,9,2475,VX,LAX,27,228,328,56,0,27
3,8,5,7,11,2475,VX,LAX,27,228,328,56,0,27
-1,8,5,7,13,2475,VX,LAX,27,228,328,56,0,27
1,8,5,7,8,2475,UA,LAX,27,228,328,56,0,27
-1,8,5,7,15,2475,UA,LAX,27,228,328,56,0,27
-3,8,5,7,17,2475,UA,LAX,27,228,328,56,0,27
-4,8,5,7,11,2475,UA,LAX,27,228,328,56,0,27
120,8,5,7,19,2475,DL,LAX,27,228,328,56,0,27
-5,8,5,7,9,2475,DL,LAX,27,228,328,56,0,27
2,8,5,7,15,2475,DL,LAX,27,228,328,56,0,27
243,8,5,7,17,2475,AA,LAX,27,228,328,56,0,27
-11,8,5,7,12,2475,AA,LAX,27,228,328,56,0,27
58,8,5,7,20,2475,AA,LAX,27,228,328,56,0,27
164,8,5,7,19,2475,AA,LAX,27,228,328,56,0,27
-2,8,5,7,6,2475,AA,LAX,27,228,328,56,0,27
-6,8,5,7,13,2475,AA,LAX,27,228,328,56,0,27
314,8,5,7,15,2475,AA,LAX,27,228,328,56,0,27
166,8,5,7,22,2475,B6,LAX,27,228,328,56,0,27
-4,8,5,7,7,2475,B6,LAX,27,228,328,56,0,27
-1,8,5,7,12,2475,B6,LAX,27,228,328,56,0,27
-6,8,5,7,16,2475,B6,LAX,27,228,328,56,0,27
99,8,5,7,21,2475,B6,LAX,27,228,328,56,0,27
2,8,5,7,9,2475,B6,LAX,27,228,328,56,0,27
-9,8,5,7,9,2475,AA,LAX,27,228,328,56,0,27
-3,8,5,7,7,2475,DL,LAX,27,228,328,56,0,27
0,8,5,7,11,2475,DL,LAX,27,228,328,56,0,27
-4,8,5,7,10,2475,AA,LAX,27,228,328,56,0,27
-10,8,5,7,13,2475,DL,LAX,27,228,328,56,0,27
233,8,5,7,21,2475,DL,LAX,27,228,328,56,0,27
1,8,5,7,17,2475,DL,LAX,27,228,328,56,0,27
-9,8,12,7,10,2475,AA,LAX,20,228,306,0,0,21
1,8,12,7,17,2475,AA,LAX,20,228,306,0,0,21
-5,8,12,7,9,2475,B6,LAX,20,228,306,0,0,21
-9,8,12,7,13,2475,AA,LAX,20,228,306,0,0,21
7,8,12,7,21,2475,B6,LAX,20,228,306,0,0,21
-1,8,12,7,21,2475,DL,LAX,20,228,306,0,0,21
-1,8,12,7,16,2475,B6,LAX,20,228,306,0,0,21
-6,8,12,7,9,2475,AA,LAX,20,228,306,0,0,21
-3,8,12,7,20,2475,AA,LAX,20,228,306,0,0,21
0,8,12,7,19,2475,AA,LAX,20,228,306,0,0,21
-7,8,12,7,12,2475,AA,LAX,20,228,306,0,0,21
0,8,12,7,12,2475,B6,LAX,20,228,306,0,0,21
-5,8,12,7,22,2475,B6,LAX,20,228,306,0,0,21
-2,8,12,7,6,2475,AA,LAX,20,228,306,0,0,21
-1,8,12,7,7,2475,B6,LAX,20,228,306,0,0,21
-8,8,12,7,15,2475,AA,LAX,20,228,306,0,0,21
-7,8,12,7,13,2475,DL,LAX,20,228,306,0,0,21
16,8,12,7,20,2475,VX,LAX,20,228,306,0,0,21
6,8,12,7,16,2475,VX,LAX,20,228,306,0,0,21
0,8,12,7,13,2475,VX,LAX,20,228,306,0,0,21
-3,8,12,7,11,2475,VX,LAX,20,228,306,0,0,21
11,8,12,7,9,2475,VX,LAX,20,228,306,0,0,21
48,8,12,7,8,2475,UA,LAX,20,228,306,0,0,21
-11,8,12,7,17,2475,UA,LAX,20,228,306,0,0,21
-1,8,12,7,15,2475,DL,LAX,20,228,306,0,0,21
0,8,12,7,17,2475,DL,LAX,20,228,306,0,0,21
8,8,12,7,21,2475,UA,LAX,20,228,306,0,0,21
-1,8,12,7,11,2475,UA,LAX,20,228,306,0,0,21
-4,8,12,7,15,2475,UA,LAX,20,228,306,0,0,21
0,8,12,7,19,2475,DL,LAX,20,228,306,0,0,21
22,8,12,7,9,2475,DL,LAX,20,228,306,0,0,21
3,8,12,7,7,2475,VX,LAX,20,228,306,0,0,21
-4,8,12,7,7,2475,DL,LAX,20,228,306,0,0,21
-5,8,12,7,11,2475,DL,LAX,20,228,306,0,0,21
-5,8,19,7,7,2475,VX,LAX,13,167,233,0,0,5
16,8,19,7,9,2475,VX,LAX,13,167,233,0,0,5
-5,8,19,7,11,2475,VX,LAX,13,167,233,0,0,5
-1,8,19,7,13,2475,VX,LAX,13,167,233,0,0,5
5,8,19,7,16,2475,VX,LAX,13,167,233,0,0,5
13,8,19,7,20,2475,VX,LAX,13,167,233,0,0,5
-9,8,19,7,15,2475,UA,LAX,13,167,233,0,0,5
-4,8,19,7,21,2475,UA,LAX,13,167,233,0,0,5
5,8,19,7,17,2475,UA,LAX,13,167,233,0,0,5
-5,8,19,7,11,2475,UA,LAX,13,167,233,0,0,5
-4,8,19,7,8,2475,UA,LAX,13,167,233,0,0,5
-7,8,19,7,6,2475,AA,LAX,13,167,233,0,0,5
19,8,19,7,21,2475,B6,LAX,13,167,233,0,0,5
-3,8,19,7,16,2475,B6,LAX,13,167,233,0,0,5
-8,8,19,7,12,2475,B6,LAX,13,167,233,0,0,5
-1,8,19,7,7,2475,B6,LAX,13,167,233,0,0,5
0,8,19,7,22,2475,B6,LAX,13,167,233,0,0,5
-2,8,19,7,9,2475,B6,LAX,13,167,233,0,0,5
0,8,19,7,21,2475,DL,LAX,13,167,233,0,0,5
-3,8,19,7,12,2475,AA,LAX,13,167,233,0,0,5
-4,8,19,7,7,2475,DL,LAX,13,167,233,0,0,5
5,8,19,7,11,2475,DL,LAX,13,167,233,0,0,5
-3,8,19,7,13,2475,DL,LAX,13,167,233,0,0,5
1,8,19,7,20,2475,AA,LAX,13,167,233,0,0,5
0,8,19,7,19,2475,AA,LAX,13,167,233,0,0,5
13,8,19,7,17,2475,AA,LAX,13,167,233,0,0,5
-5,8,19,7,15,2475,AA,LAX,13,167,233,0,0,5
0,8,19,7,13,2475,AA,LAX,13,167,233,0,0,5
-6,8,19,7,9,2475,AA,LAX,13,167,233,0,0,5
-7,8,19,7,10,2475,AA,LAX,13,167,233,0,0,5
1,8,19,7,17,2475,DL,LAX,13,167,233,0,0,5
-3,8,19,7,19,2475,DL,LAX,13,167,233,0,0,5
11,8,19,7,9,2475,DL,LAX,13,167,233,0,0,5
212,8,19,7,15,2475,DL,LAX,13,167,233,0,0,5
-3,8,26,7,11,2475,DL,LAX,6,200,289,0,0,21
0,8,26,7,17,2475,DL,LAX,6,200,289,0,0,21
0,8,26,7,21,2475,DL,LAX,6,200,289,0,0,21
-6,8,26,7,13,2475,AA,LAX,6,200,289,0,0,21
-1,8,26,7,19,2475,AA,LAX,6,200,289,0,0,21
-1,8,26,7,15,2475,AA,LAX,6,200,289,0,0,21
-2,8,26,7,6,2475,AA,LAX,6,200,289,0,0,21
-2,8,26,7,21,2475,B6,LAX,6,200,289,0,0,21
-7,8,26,7,16,2475,B6,LAX,6,200,289,0,0,21
-6,8,26,7,12,2475,AA,LAX,6,200,289,0,0,21
-5,8,26,7,9,2475,AA,LAX,6,200,289,0,0,21
0,8,26,7,7,2475,B6,LAX,6,200,289,0,0,21
-4,8,26,7,8,2475,AA,LAX,6,200,289,0,0,21
-3,8,26,7,12,2475,B6,LAX,6,200,289,0,0,21
-7,8,26,7,10,2475,AA,LAX,6,200,289,0,0,21
-2,8,26,7,19,2475,DL,LAX,6,200,289,0,0,21
18,8,26,7,16,2475,AA,LAX,6,200,289,0,0,21
4,8,26,7,9,2475,B6,LAX,6,200,289,0,0,21
-5,8,26,7,20,2475,AA,LAX,6,200,289,0,0,21
-1,8,26,7,9,2475,DL,LAX,6,200,289,0,0,21
100,8,26,7,15,2475,DL,LAX,6,200,289,0,0,21
-3,8,26,7,7,2475,DL,LAX,6,200,289,0,0,21
39,8,26,7,13,2475,DL,LAX,6,200,289,0,0,21
-4,8,26,7,15,2475,UA,LAX,6,200,289,0,0,21
60,8,26,7,21,2475,UA,LAX,6,200,289,0,0,21
-9,8,26,7,11,2475,UA,LAX,6,200,289,0,0,21
45,8,26,7,17,2475,UA,LAX,6,200,289,0,0,21
-3,8,26,7,8,2475,UA,LAX,6,200,289,0,0,21
4,8,26,7,16,2475,VX,LAX,6,200,289,0,0,21
-5,8,26,7,11,2475,VX,LAX,6,200,289,0,0,21
-5,8,26,7,7,2475,VX,LAX,6,200,289,0,0,21
19,8,26,7,9,2475,VX,LAX,6,200,289,0,0,21
0,8,26,7,20,2475,VX,LAX,6,200,289,0,0,21
17,8,26,7,13,2475,VX,LAX,6,200,289,0,0,21
-4,9,3,1,15,2475,DL,LAX,2,217,261,0,0,30
0,9,3,1,7,2475,DL,LAX,2,217,261,0,0,30
-1,9,3,1,11,2475,DL,LAX,2,217,261,0,0,30
-5,9,3,1,13,2475,DL,LAX,2,217,261,0,0,30
60,9,3,1,21,2475,DL,LAX,2,217,261,0,0,30
24,9,3,1,9,2475,B6,LAX,2,217,261,0,0,30
-8,9,3,1,21,2475,B6,LAX,2,217,261,0,0,30
22,9,3,1,7,2475,VX,LAX,2,217,261,0,0,30
-6,9,3,1,9,2475,VX,LAX,2,217,261,0,0,30
-5,9,3,1,11,2475,VX,LAX,2,217,261,0,0,30
-7,9,3,1,16,2475,B6,LAX,2,217,261,0,0,30
-3,9,3,1,13,2475,VX,LAX,2,217,261,0,0,30
9,9,3,1,16,2475,VX,LAX,2,217,261,0,0,30
-3,9,3,1,12,2475,B6,LAX,2,217,261,0,0,30
-9,9,3,1,7,2475,B6,LAX,2,217,261,0,0,30
8,9,3,1,21,2475,UA,LAX,2,217,261,0,0,30
32,9,3,1,15,2475,UA,LAX,2,217,261,0,0,30
-4,9,3,1,11,2475,UA,LAX,2,217,261,0,0,30
6,9,3,1,17,2475,UA,LAX,2,217,261,0,0,30
4,9,3,1,20,2475,VX,LAX,2,217,261,0,0,30
-2,9,3,1,17,2475,DL,LAX,2,217,261,0,0,30
-7,9,3,1,8,2475,UA,LAX,2,217,261,0,0,30
14,9,3,1,19,2475,DL,LAX,2,217,261,0,0,30
-2,9,3,1,9,2475,DL,LAX,2,217,261,0,0,30
-5,9,3,1,12,2475,AA,LAX,2,217,261,0,0,30
-6,9,3,1,9,2475,AA,LAX,2,217,261,0,0,30
4,9,3,1,10,2475,AA,LAX,2,217,261,0,0,30
-4,9,3,1,15,2475,AA,LAX,2,217,261,0,0,30
-6,9,3,1,8,2475,AA,LAX,2,217,261,0,0,30
-2,9,3,1,20,2475,AA,LAX,2,217,261,0,0,30
-4,9,3,1,6,2475,AA,LAX,2,217,261,0,0,30
-12,9,3,1,13,2475,AA,LAX,2,217,261,0,0,30
-2,9,3,1,16,2475,AA,LAX,2,217,261,0,0,30
-4,9,10,1,6,2475,AA,LAX,9,144,222,0,0,23
-7,9,10,1,19,2475,AA,LAX,9,144,222,0,0,23
-6,9,10,1,9,2475,AA,LAX,9,144,222,0,0,23
-1,9,10,1,16,2475,AA,LAX,9,144,222,0,0,23
-8,9,10,1,12,2475,AA,LAX,9,144,222,0,0,23
109,9,10,1,10,2475,AA,LAX,9,144,222,0,0,23
63,9,10,1,15,2475,AA,LAX,9,144,222,0,0,23
29,9,10,1,13,2475,AA,LAX,9,144,222,0,0,23
-6,9,10,1,20,2475,AA,LAX,9,144,222,0,0,23
-2,9,10,1,11,2475,VX,LAX,9,144,222,0,0,23
-7,9,10,1,9,2475,VX,LAX,9,144,222,0,0,23
-6,9,10,1,7,2475,VX,LAX,9,144,222,0,0,23
31,9,10,1,20,2475,VX,LAX,9,144,222,0,0,23
-1,9,10,1,16,2475,VX,LAX,9,144,222,0,0,23
-10,9,10,1,13,2475,VX,LAX,9,144,222,0,0,23
0,9,10,1,9,2475,B6,LAX,9,144,222,0,0,23
-4,9,10,1,19,2475,DL,LAX,9,144,222,0,0,23
-5,9,10,1,11,2475,DL,LAX,9,144,222,0,0,23
-8,9,10,1,13,2475,DL,LAX,9,144,222,0,0,23
-4,9,10,1,21,2475,DL,LAX,9,144,222,0,0,23
0,9,10,1,15,2475,UA,LAX,9,144,222,0,0,23
0,9,10,1,17,2475,DL,LAX,9,144,222,0,0,23
4,9,10,1,7,2475,DL,LAX,9,144,222,0,0,23
-1,9,10,1,15,2475,DL,LAX,9,144,222,0,0,23
-6,9,10,1,9,2475,DL,LAX,9,144,222,0,0,23
-5,9,10,1,6,2475,UA,LAX,9,144,222,0,0,23
-1,9,10,1,21,2475,UA,LAX,9,144,222,0,0,23
-10,9,10,1,11,2475,UA,LAX,9,144,222,0,0,23
-4,9,10,1,17,2475,UA,LAX,9,144,222,0,0,23
-1,9,10,1,8,2475,UA,LAX,9,144,222,0,0,23
-3,9,10,1,20,2475,B6,LAX,9,144,222,0,0,23
-6,9,10,1,7,2475,B6,LAX,9,144,222,0,0,23
-3,9,10,1,12,2475,B6,LAX,9,144,222,0,0,23
-1,9,10,1,16,2475,B6,LAX,9,144,222,0,0,23
-8,9,17,1,13,2475,DL,LAX,16,139,256,0,0,13
8,9,17,1,15,2475,UA,LAX,16,139,256,0,0,13
9,9,17,1,9,2475,B6,LAX,16,139,256,0,0,13
0,9,17,1,16,2475,B6,LAX,16,139,256,0,0,13
-5,9,17,1,17,2475,DL,LAX,16,139,256,0,0,13
-6,9,17,1,19,2475,DL,LAX,16,139,256,0,0,13
-3,9,17,1,9,2475,DL,LAX,16,139,256,0,0,13
6,9,17,1,15,2475,DL,LAX,16,139,256,0,0,13
-3,9,17,1,21,2475,DL,LAX,16,139,256,0,0,13
-7,9,17,1,12,2475,B6,LAX,16,139,256,0,0,13
-6,9,17,1,7,2475,B6,LAX,16,139,256,0,0,13
9,9,17,1,20,2475,B6,LAX,16,139,256,0,0,13
-8,9,17,1,7,2475,DL,LAX,16,139,256,0,0,13
2,9,17,1,19,2475,AA,LAX,16,139,256,0,0,13
-5,9,17,1,6,2475,AA,LAX,16,139,256,0,0,13
-5,9,17,1,20,2475,AA,LAX,16,139,256,0,0,13
1,9,17,1,9,2475,AA,LAX,16,139,256,0,0,13
3,9,17,1,16,2475,AA,LAX,16,139,256,0,0,13
53,9,17,1,10,2475,AA,LAX,16,139,256,0,0,13
71,9,17,1,13,2475,AA,LAX,16,139,256,0,0,13
126,9,17,1,15,2475,AA,LAX,16,139,256,0,0,13
-2,9,17,1,12,2475,AA,LAX,16,139,256,0,0,13
-2,9,17,1,21,2475,UA,LAX,16,139,256,0,0,13
-5,9,17,1,6,2475,UA,LAX,16,139,256,0,0,13
-7,9,17,1,17,2475,UA,LAX,16,139,256,0,0,13
-2,9,17,1,8,2475,UA,LAX,16,139,256,0,0,13
-5,9,17,1,11,2475,UA,LAX,16,139,256,0,0,13
29,9,17,1,9,2475,VX,LAX,16,139,256,0,0,13
-7,9,17,1,7,2475,VX,LAX,16,139,256,0,0,13
-3,9,17,1,11,2475,VX,LAX,16,139,256,0,0,13
1,9,17,1,13,2475,VX,LAX,16,139,256,0,0,13
-1,9,17,1,16,2475,VX,LAX,16,139,256,0,0,13
3,9,17,1,20,2475,VX,LAX,16,139,256,0,0,13
5,9,24,1,16,2475,VX,LAX,19,117,194,0,0,18
16,9,24,1,20,2475,VX,LAX,19,117,194,0,0,18
0,9,24,1,7,2475,VX,LAX,19,117,194,0,0,18
0,9,24,1,9,2475,VX,LAX,19,117,194,0,0,18
-2,9,24,1,11,2475,VX,LAX,19,117,194,0,0,18
-4,9,24,1,13,2475,VX,LAX,19,117,194,0,0,18
8,9,24,1,15,2475,DL,LAX,19,117,194,0,0,18
-6,9,24,1,7,2475,DL,LAX,19,117,194,0,0,18
-3,9,24,1,17,2475,DL,LAX,19,117,194,0,0,18
-3,9,24,1,21,2475,DL,LAX,19,117,194,0,0,18
4,9,24,1,20,2475,B6,LAX,19,117,194,0,0,18
-5,9,24,1,7,2475,B6,LAX,19,117,194,0,0,18
-7,9,24,1,12,2475,B6,LAX,19,117,194,0,0,18
-4,9,24,1,16,2475,B6,LAX,19,117,194,0,0,18
0,9,24,1,9,2475,B6,LAX,19,117,194,0,0,18
-7,9,24,1,13,2475,DL,LAX,19,117,194,0,0,18
0,9,24,1,19,2475,DL,LAX,19,117,194,0,0,18
-3,9,24,1,9,2475,DL,LAX,19,117,194,0,0,18
-6,9,24,1,17,2475,UA,LAX,19,117,194,0,0,18
-5,9,24,1,11,2475,UA,LAX,19,117,194,0,0,18
0,9,24,1,21,2475,UA,LAX,19,117,194,0,0,18
-4,9,24,1,6,2475,UA,LAX,19,117,194,0,0,18
18,9,24,1,15,2475,UA,LAX,19,117,194,0,0,18
-4,9,24,1,8,2475,UA,LAX,19,117,194,0,0,18
-5,9,24,1,6,2475,AA,LAX,19,117,194,0,0,18
65,9,24,1,10,2475,AA,LAX,19,117,194,0,0,18
-10,9,24,1,12,2475,AA,LAX,19,117,194,0,0,18
11,9,24,1,13,2475,AA,LAX,19,117,194,0,0,18
12,9,24,1,15,2475,AA,LAX,19,117,194,0,0,18
-2,9,24,1,19,2475,AA,LAX,19,117,194,0,0,18
-7,9,24,1,9,2475,AA,LAX,19,117,194,0,0,18
29,9,24,1,16,2475,AA,LAX,19,117,194,0,0,18
5,9,24,1,20,2475,AA,LAX,19,117,194,0,0,18
-8,10,1,1,6,2475,UA,LAX,12,111,211,0,0,20
-3,10,1,1,8,2475,UA,LAX,12,111,211,0,0,20
30,10,1,1,9,2475,VX,LAX,12,111,211,0,0,20
-4,10,1,1,11,2475,VX,LAX,12,111,211,0,0,20
-2,10,1,1,13,2475,VX,LAX,12,111,211,0,0,20
4,10,1,1,16,2475,VX,LAX,12,111,211,0,0,20
48,10,1,1,20,2475,VX,LAX,12,111,211,0,0,20
-1,10,1,1,7,2475,VX,LAX,12,111,211,0,0,20
12,10,1,1,17,2475,UA,LAX,12,111,211,0,0,20
2,10,1,1,15,2475,UA,LAX,12,111,211,0,0,20
-3,10,1,1,11,2475,UA,LAX,12,111,211,0,0,20
104,10,1,1,21,2475,UA,LAX,12,111,211,0,0,20
-6,10,1,1,9,2475,DL,LAX,12,111,211,0,0,20
-3,10,1,1,9,2475,B6,LAX,12,111,211,0,0,20
-5,10,1,1,16,2475,B6,LAX,12,111,211,0,0,20
-4,10,1,1,12,2475,B6,LAX,12,111,211,0,0,20
17,10,1,1,7,2475,B6,LAX,12,111,211,0,0,20
-3,10,1,1,20,2475,B6,LAX,12,111,211,0,0,20
33,10,1,1,9,2475,AA,LAX,12,111,211,0,0,20
-5,10,1,1,12,2475,AA,LAX,12,111,211,0,0,20
-2,10,1,1,6,2475,AA,LAX,12,111,211,0,0,20
-5,10,1,1,10,2475,AA,LAX,12,111,211,0,0,20
-7,10,1,1,19,2475,AA,LAX,12,111,211,0,0,20
1,10,1,1,7,2475,DL,LAX,12,111,211,0,0,20
-3,10,1,1,11,2475,DL,LAX,12,111,211,0,0,20
-4,10,1,1,15,2475,DL,LAX,12,111,211,0,0,20
-5,10,1,1,20,2475,AA,LAX,12,111,211,0,0,20
9,10,1,1,21,2475,DL,LAX,12,111,211,0,0,20
-3,10,1,1,13,2475,AA,LAX,12,111,211,0,0,20
-2,10,1,1,13,2475,DL,LAX,12,111,211,0,0,20
33,10,1,1,17,2475,DL,LAX,12,111,211,0,0,20
-3,10,1,1,15,2475,AA,LAX,12,111,211,0,0,20
-3,10,1,1,19,2475,DL,LAX,12,111,211,0,0,20
-2,10,1,1,17,2475,AA,LAX,12,111,211,0,0,20
1,10,8,1,12,2475,B6,LAX,5,67,128,0,0,14
18,10,8,1,13,2475,AA,LAX,5,67,128,0,0,14
-4,10,8,1,16,2475,B6,LAX,5,67,128,0,0,14
-5,10,8,1,20,2475,AA,LAX,5,67,128,0,0,14
-1,10,8,1,20,2475,B6,LAX,5,67,128,0,0,14
0,10,8,1,17,2475,DL,LAX,5,67,128,0,0,14
10,10,8,1,13,2475,DL,LAX,5,67,128,0,0,14
-2,10,8,1,15,2475,DL,LAX,5,67,128,0,0,14
-4,10,8,1,11,2475,DL,LAX,5,67,128,0,0,14
-6,10,8,1,7,2475,DL,LAX,5,67,128,0,0,14
-6,10,8,1,9,2475,DL,LAX,5,67,128,0,0,14
-1,10,8,1,19,2475,DL,LAX,5,67,128,0,0,14
187,10,8,1,9,2475,AA,LAX,5,67,128,0,0,14
-3,10,8,1,19,2475,AA,LAX,5,67,128,0,0,14
28,10,8,1,15,2475,AA,LAX,5,67,128,0,0,14
49,10,8,1,17,2475,AA,LAX,5,67,128,0,0,14
1,10,8,1,12,2475,AA,LAX,5,67,128,0,0,14
-3,10,8,1,21,2475,DL,LAX,5,67,128,0,0,14
-3,10,8,1,6,2475,AA,LAX,5,67,128,0,0,14
-5,10,8,1,7,2475,B6,LAX,5,67,128,0,0,14
59,10,8,1,9,2475,B6,LAX,5,67,128,0,0,14
-11,10,8,1,11,2475,UA,LAX,5,67,128,0,0,14
-4,10,8,1,17,2475,UA,LAX,5,67,128,0,0,14
-5,10,8,1,8,2475,UA,LAX,5,67,128,0,0,14
-10,10,8,1,7,2475,VX,LAX,5,67,128,0,0,14
-5,10,8,1,9,2475,VX,LAX,5,67,128,0,0,14
-3,10,8,1,11,2475,VX,LAX,5,67,128,0,0,14
-4,10,8,1,13,2475,VX,LAX,5,67,128,0,0,14
-1,10,8,1,16,2475,VX,LAX,5,67,128,0,0,14
0,10,8,1,20,2475,VX,LAX,5,67,128,0,0,14
-3,10,8,1,15,2475,UA,LAX,5,67,128,0,0,14
3,10,8,1,6,2475,UA,LAX,5,67,128,0,0,14
-14,10,8,1,21,2475,UA,LAX,5,67,128,0,0,14
21,10,15,1,9,2475,VX,LAX,2,150,217,51,0,22
3,10,15,1,6,2475,UA,LAX,2,150,217,51,0,22
-3,10,15,1,7,2475,VX,LAX,2,150,217,51,0,22
-5,10,15,1,21,2475,UA,LAX,2,150,217,51,0,22
-4,10,15,1,11,2475,UA,LAX,2,150,217,51,0,22
0,10,15,1,17,2475,UA,LAX,2,150,217,51,0,22
0,10,15,1,8,2475,UA,LAX,2,150,217,51,0,22
10,10,15,1,15,2475,UA,LAX,2,150,217,51,0,22
14,10,15,1,20,2475,VX,LAX,2,150,217,51,0,22
5,10,15,1,16,2475,VX,LAX,2,150,217,51,0,22
-5,10,15,1,13,2475,VX,LAX,2,150,217,51,0,22
1,10,15,1,11,2475,VX,LAX,2,150,217,51,0,22
47,10,15,1,17,2475,AA,LAX,2,150,217,51,0,22
-2,10,15,1,9,2475,DL,LAX,2,150,217,51,0,22
0,10,15,1,7,2475,DL,LAX,2,150,217,51,0,22
35,10,15,1,19,2475,AA,LAX,2,150,217,51,0,22
-1,10,15,1,9,2475,B6,LAX,2,150,217,51,0,22
-3,10,15,1,16,2475,B6,LAX,2,150,217,51,0,22
-8,10,15,1,12,2475,B6,LAX,2,150,217,51,0,22
-1,10,15,1,12,2475,AA,LAX,2,150,217,51,0,22
-4,10,15,1,7,2475,B6,LAX,2,150,217,51,0,22
0,10,15,1,9,2475,AA,LAX,2,150,217,51,0,22
26,10,15,1,20,2475,B6,LAX,2,150,217,51,0,22
-7,10,15,1,6,2475,AA,LAX,2,150,217,51,0,22
-1,10,15,1,13,2475,AA,LAX,2,150,217,51,0,22
-1,10,15,1,19,2475,DL,LAX,2,150,217,51,0,22
1,10,15,1,15,2475,AA,LAX,2,150,217,51,0,22
0,10,15,1,21,2475,DL,LAX,2,150,217,51,0,22
2,10,15,1,20,2475,AA,LAX,2,150,217,51,0,22
-2,10,15,1,11,2475,DL,LAX,2,150,217,51,0,22
8,10,15,1,15,2475,DL,LAX,2,150,217,51,0,22
-6,10,15,1,10,2475,AA,LAX,2,150,217,51,0,22
-3,10,15,1,13,2475,DL,LAX,2,150,217,51,0,22
7,10,15,1,17,2475,DL,LAX,2,150,217,51,0,22
-4,10,22,1,11,2475,UA,LAX,9,94,189,0,0,19
-7,10,22,1,17,2475,UA,LAX,9,94,189,0,0,19
-3,10,22,1,8,2475,UA,LAX,9,94,189,0,0,19
-4,10,22,1,15,2475,UA,LAX,9,94,189,0,0,19
3,10,22,1,21,2475,UA,LAX,9,94,189,0,0,19
8,10,22,1,6,2475,UA,LAX,9,94,189,0,0,19
-2,10,22,1,13,2475,DL,LAX,9,94,189,0,0,19
4,10,22,1,17,2475,DL,LAX,9,94,189,0,0,19
-3,10,22,1,21,2475,DL,LAX,9,94,189,0,0,19
-3,10,22,1,6,2475,AA,LAX,9,94,189,0,0,19
6,10,22,1,9,2475,AA,LAX,9,94,189,0,0,19
-6,10,22,1,17,2475,AA,LAX,9,94,189,0,0,19
-11,10,22,1,12,2475,AA,LAX,9,94,189,0,0,19
169,10,22,1,19,2475,AA,LAX,9,94,189,0,0,19
107,10,22,1,20,2475,AA,LAX,9,94,189,0,0,19
-11,10,22,1,10,2475,AA,LAX,9,94,189,0,0,19
-1,10,22,1,9,2475,B6,LAX,9,94,189,0,0,19
-1,10,22,1,12,2475,B6,LAX,9,94,189,0,0,19
9,10,22,1,15,2475,AA,LAX,9,94,189,0,0,19
-3,10,22,1,16,2475,B6,LAX,9,94,189,0,0,19
0,10,22,1,20,2475,B6,LAX,9,94,189,0,0,19
-4,10,22,1,7,2475,B6,LAX,9,94,189,0,0,19
7,10,22,1,19,2475,DL,LAX,9,94,189,0,0,19
-4,10,22,1,9,2475,DL,LAX,9,94,189,0,0,19
2,10,22,1,13,2475,AA,LAX,9,94,189,0,0,19
-4,10,22,1,7,2475,DL,LAX,9,94,189,0,0,19
-2,10,22,1,11,2475,DL,LAX,9,94,189,0,0,19
-3,10,22,1,15,2475,DL,LAX,9,94,189,0,0,19
0,10,22,1,13,2475,VX,LAX,9,94,189,0,0,19
13,10,22,1,20,2475,VX,LAX,9,94,189,0,0,19
-2,10,22,1,16,2475,VX,LAX,9,94,189,0,0,19
0,10,22,1,11,2475,VX,LAX,9,94,189,0,0,19
0,10,22,1,9,2475,VX,LAX,9,94,189,0,0,19
46,10,22,1,7,2475,VX,LAX,9,94,189,0,0,19
20,11,6,2,20,2475,VX,LAX,5,-6,56,0,0,25
-1,11,6,2,21,2475,DL,LAX,5,-6,56,0,0,25
-4,11,6,2,16,2475,VX,LAX,5,-6,56,0,0,25
3,11,6,2,13,2475,VX,LAX,5,-6,56,0,0,25
-7,11,6,2,11,2475,VX,LAX,5,-6,56,0,0,25
-1,11,6,2,9,2475,VX,LAX,5,-6,56,0,0,25
-2,11,6,2,9,2475,B6,LAX,5,-6,56,0,0,25
13,11,6,2,20,2475,B6,LAX,5,-6,56,0,0,25
-6,11,6,2,16,2475,B6,LAX,5,-6,56,0,0,25
44,11,6,2,12,2475,B6,LAX,5,-6,56,0,0,25
-2,11,6,2,7,2475,B6,LAX,5,-6,56,0,0,25
0,11,6,2,15,2475,DL,LAX,5,-6,56,0,0,25
-8,11,6,2,7,2475,DL,LAX,5,-6,56,0,0,25
12,11,6,2,20,2475,UA,LAX,5,-6,56,0,0,25
0,11,6,2,6,2475,UA,LAX,5,-6,56,0,0,25
-5,11,6,2,13,2475,DL,LAX,5,-6,56,0,0,25
8,11,6,2,15,2475,UA,LAX,5,-6,56,0,0,25
-3,11,6,2,8,2475,UA,LAX,5,-6,56,0,0,25
2,11,6,2,17,2475,UA,LAX,5,-6,56,0,0,25
0,11,6,2,11,2475,UA,LAX,5,-6,56,0,0,25
-9,11,6,2,17,2475,DL,LAX,5,-6,56,0,0,25
7,11,6,2,19,2475,DL,LAX,5,-6,56,0,0,25
-5,11,6,2,9,2475,DL,LAX,5,-6,56,0,0,25
-3,11,6,2,9,2475,AA,LAX,5,-6,56,0,0,25
-3,11,6,2,17,2475,AA,LAX,5,-6,56,0,0,25
-6,11,6,2,21,2475,AA,LAX,5,-6,56,0,0,25
-3,11,6,2,15,2475,AA,LAX,5,-6,56,0,0,25
-6,11,6,2,6,2475,AA,LAX,5,-6,56,0,0,25
-1,11,6,2,12,2475,AA,LAX,5,-6,56,0,0,25
16,11,6,2,19,2475,AA,LAX,5,-6,56,0,0,25
0,11,6,2,13,2475,AA,LAX,5,-6,56,0,0,25
-5,11,6,2,10,2475,AA,LAX,5,-6,56,0,0,25
-3,11,13,2,17,2475,AA,LAX,2,44,167,23,0,27
5,11,13,2,15,2475,AA,LAX,2,44,167,23,0,27
-15,11,13,2,13,2475,AA,LAX,2,44,167,23,0,27
-5,11,13,2,19,2475,AA,LAX,2,44,167,23,0,27
-5,11,13,2,6,2475,AA,LAX,2,44,167,23,0,27
-6,11,13,2,21,2475,AA,LAX,2,44,167,23,0,27
-7,11,13,2,12,2475,AA,LAX,2,44,167,23,0,27
11,11,13,2,10,2475,AA,LAX,2,44,167,23,0,27
-2,11,13,2,9,2475,AA,LAX,2,44,167,23,0,27
-2,11,13,2,17,2475,UA,LAX,2,44,167,23,0,27
-2,11,13,2,9,2475,DL,LAX,2,44,167,23,0,27
-5,11,13,2,17,2475,DL,LAX,2,44,167,23,0,27
-8,11,13,2,7,2475,DL,LAX,2,44,167,23,0,27
-4,11,13,2,11,2475,DL,LAX,2,44,167,23,0,27
-3,11,13,2,13,2475,DL,LAX,2,44,167,23,0,27
2,11,13,2,9,2475,B6,LAX,2,44,167,23,0,27
-7,11,13,2,20,2475,B6,LAX,2,44,167,23,0,27
-3,11,13,2,16,2475,B6,LAX,2,44,167,23,0,27
-2,11,13,2,12,2475,B6,LAX,2,44,167,23,0,27
-8,11,13,2,7,2475,B6,LAX,2,44,167,23,0,27
-3,11,13,2,15,2475,UA,LAX,2,44,167,23,0,27
-2,11,13,2,11,2475,UA,LAX,2,44,167,23,0,27
-3,11,13,2,20,2475,UA,LAX,2,44,167,23,0,27
-7,11,13,2,6,2475,UA,LAX,2,44,167,23,0,27
1,11,13,2,20,2475,VX,LAX,2,44,167,23,0,27
5,11,13,2,16,2475,VX,LAX,2,44,167,23,0,27
0,11,13,2,13,2475,VX,LAX,2,44,167,23,0,27
1,11,13,2,11,2475,VX,LAX,2,44,167,23,0,27
-8,11,13,2,9,2475,VX,LAX,2,44,167,23,0,27
-1,11,13,2,7,2475,VX,LAX,2,44,167,23,0,27
-9,11,13,2,8,2475,UA,LAX,2,44,167,23,0,27
-4,11,13,2,15,2475,DL,LAX,2,44,167,23,0,27
-5,11,13,2,21,2475,DL,LAX,2,44,167,23,0,27
-6,11,13,2,19,2475,DL,LAX,2,44,167,23,0,27
0,11,20,2,7,2475,B6,LAX,7,44,106,0,0,18
-6,11,20,2,12,2475,B6,LAX,7,44,106,0,0,18
-3,11,20,2,17,2475,DL,LAX,7,44,106,0,0,18
46,11,20,2,20,2475,B6,LAX,7,44,106,0,0,18
0,11,20,2,9,2475,B6,LAX,7,44,106,0,0,18
12,11,20,2,16,2475,B6,LAX,7,44,106,0,0,18
32,11,20,2,20,2475,VX,LAX,7,44,106,0,0,18
3,11,20,2,16,2475,VX,LAX,7,44,106,0,0,18
-8,11,20,2,13,2475,VX,LAX,7,44,106,0,0,18
0,11,20,2,11,2475,VX,LAX,7,44,106,0,0,18
2,11,20,2,9,2475,VX,LAX,7,44,106,0,0,18
3,11,20,2,7,2475,VX,LAX,7,44,106,0,0,18
-6,11,20,2,11,2475,DL,LAX,7,44,106,0,0,18
-5,11,20,2,7,2475,DL,LAX,7,44,106,0,0,18
-2,11,20,2,9,2475,DL,LAX,7,44,106,0,0,18
-5,11,20,2,19,2475,DL,LAX,7,44,106,0,0,18
-5,11,20,2,13,2475,DL,LAX,7,44,106,0,0,18
19,11,20,2,21,2475,DL,LAX,7,44,106,0,0,18
-4,11,20,2,15,2475,DL,LAX,7,44,106,0,0,18
-7,11,20,2,9,2475,AA,LAX,7,44,106,0,0,18
1,11,20,2,13,2475,AA,LAX,7,44,106,0,0,18
6,11,20,2,16,2475,AA,LAX,7,44,106,0,0,18
1,11,20,2,19,2475,AA,LAX,7,44,106,0,0,18
25,11,20,2,21,2475,AA,LAX,7,44,106,0,0,18
3,11,20,2,12,2475,AA,LAX,7,44,106,0,0,18
-6,11,20,2,7,2475,AA,LAX,7,44,106,0,0,18
3,11,20,2,15,2475,AA,LAX,7,44,106,0,0,18
14,11,20,2,10,2475,AA,LAX,7,44,106,0,0,18
10,11,20,2,17,2475,UA,LAX,7,44,106,0,0,18
-4,11,20,2,11,2475,UA,LAX,7,44,106,0,0,18
-2,11,20,2,20,2475,UA,LAX,7,44,106,0,0,18
0,11,20,2,6,2475,UA,LAX,7,44,106,0,0,18
16,11,20,2,15,2475,UA,LAX,7,44,106,0,0,18
-4,11,20,2,8,2475,UA,LAX,7,44,106,0,0,18
-10,11,27,2,8,2475,UA,LAX,0,11,56,135,0,26
1,11,27,2,17,2475,UA,LAX,0,11,56,135,0,26
8,11,27,2,11,2475,UA,LAX,0,11,56,135,0,26
-1,11,27,2,20,2475,UA,LAX,0,11,56,135,0,26
-8,11,27,2,6,2475,UA,LAX,0,11,56,135,0,26
14,11,27,2,9,2475,DL,LAX,0,11,56,135,0,26
-1,11,27,2,7,2475,DL,LAX,0,11,56,135,0,26
34,11,27,2,20,2475,VX,LAX,0,11,56,135,0,26
40,11,27,2,17,2475,DL,LAX,0,11,56,135,0,26
-1,11,27,2,15,2475,DL,LAX,0,11,56,135,0,26
4,11,27,2,21,2475,DL,LAX,0,11,56,135,0,26
5,11,27,2,11,2475,VX,LAX,0,11,56,135,0,26
11,11,27,2,9,2475,VX,LAX,0,11,56,135,0,26
3,11,27,2,7,2475,VX,LAX,0,11,56,135,0,26
9,11,27,2,15,2475,UA,LAX,0,11,56,135,0,26
-4,11,27,2,16,2475,VX,LAX,0,11,56,135,0,26
0,11,27,2,13,2475,VX,LAX,0,11,56,135,0,26
4,11,27,2,7,2475,B6,LAX,0,11,56,135,0,26
-2,11,27,2,12,2475,B6,LAX,0,11,56,135,0,26
0,11,27,2,16,2475,B6,LAX,0,11,56,135,0,26
-6,11,27,2,20,2475,B6,LAX,0,11,56,135,0,26
8,11,27,2,9,2475,B6,LAX,0,11,56,135,0,26
-5,11,27,2,12,2475,DL,LAX,0,11,56,135,0,26
-2,11,27,2,19,2475,DL,LAX,0,11,56,135,0,26
123,11,27,2,19,2475,AA,LAX,0,11,56,135,0,26
-1,11,27,2,9,2475,AA,LAX,0,11,56,135,0,26
-3,11,27,2,7,2475,AA,LAX,0,11,56,135,0,26
16,11,27,2,16,2475,AA,LAX,0,11,56,135,0,26
9,11,27,2,10,2475,AA,LAX,0,11,56,135,0,26
1,11,27,2,15,2475,AA,LAX,0,11,56,135,0,26
13,11,27,2,21,2475,AA,LAX,0,11,56,135,0,26
-6,11,27,2,12,2475,AA,LAX,0,11,56,135,0,26
-3,11,27,2,13,2475,AA,LAX,0,11,56,135,0,26
-2,12,4,2,20,2475,VX,LAX,7,83,167,18,0,13
21,12,4,2,17,2475,UA,LAX,7,83,167,18,0,13
-2,12,4,2,9,2475,VX,LAX,7,83,167,18,0,13
15,12,4,2,15,2475,UA,LAX,7,83,167,18,0,13
-2,12,4,2,8,2475,UA,LAX,7,83,167,18,0,13
-2,12,4,2,11,2475,UA,LAX,7,83,167,18,0,13
-1,12,4,2,20,2475,UA,LAX,7,83,167,18,0,13
0,12,4,2,6,2475,UA,LAX,7,83,167,18,0,13
-2,12,4,2,11,2475,VX,LAX,7,83,167,18,0,13
-5,12,4,2,13,2475,VX,LAX,7,83,167,18,0,13
3,12,4,2,16,2475,VX,LAX,7,83,167,18,0,13
160,12,4,2,13,2475,AA,LAX,7,83,167,18,0,13
160,12,4,2,19,2475,AA,LAX,7,83,167,18,0,13
104,12,4,2,21,2475,DL,LAX,7,83,167,18,0,13
-3,12,4,2,15,2475,DL,LAX,7,83,167,18,0,13
5,12,4,2,9,2475,B6,LAX,7,83,167,18,0,13
-6,12,4,2,20,2475,B6,LAX,7,83,167,18,0,13
-3,12,4,2,16,2475,B6,LAX,7,83,167,18,0,13
2,12,4,2,7,2475,AA,LAX,7,83,167,18,0,13
-2,12,4,2,12,2475,B6,LAX,7,83,167,18,0,13
-1,12,4,2,12,2475,DL,LAX,7,83,167,18,0,13
-6,12,4,2,7,2475,B6,LAX,7,83,167,18,0,13
-4,12,4,2,7,2475,DL,LAX,7,83,167,18,0,13
66,12,4,2,9,2475,AA,LAX,7,83,167,18,0,13
-2,12,4,2,9,2475,DL,LAX,7,83,167,18,0,13
-3,12,4,2,19,2475,DL,LAX,7,83,167,18,0,13
90,12,4,2,16,2475,AA,LAX,7,83,167,18,0,13
57,12,4,2,15,2475,AA,LAX,7,83,167,18,0,13
-7,12,4,2,12,2475,AA,LAX,7,83,167,18,0,13
-6,12,4,2,10,2475,AA,LAX,7,83,167,18,0,13
-1,12,4,2,21,2475,AA,LAX,7,83,167,18,0,13
-3,12,4,2,17,2475,DL,LAX,7,83,167,18,0,13
-3,12,11,2,16,2475,B6,LAX,14,50,144,15,0,25
66,12,11,2,13,2475,AA,LAX,14,50,144,15,0,25
-5,12,11,2,20,2475,B6,LAX,14,50,144,15,0,25
-5,12,11,2,9,2475,DL,LAX,14,50,144,15,0,25
-3,12,11,2,7,2475,B6,LAX,14,50,144,15,0,25
-6,12,11,2,9,2475,AA,LAX,14,50,144,15,0,25
-1,12,11,2,9,2475,B6,LAX,14,50,144,15,0,25
-2,12,11,2,21,2475,AA,LAX,14,50,144,15,0,25
-7,12,11,2,21,2475,DL,LAX,14,50,144,15,0,25
-4,12,11,2,19,2475,DL,LAX,14,50,144,15,0,25
-3,12,11,2,15,2475,DL,LAX,14,50,144,15,0,25
0,12,11,2,7,2475,AA,LAX,14,50,144,15,0,25
101,12,11,2,19,2475,AA,LAX,14,50,144,15,0,25
-1,12,11,2,12,2475,B6,LAX,14,50,144,15,0,25
9,12,11,2,12,2475,AA,LAX,14,50,144,15,0,25
0,12,11,2,15,2475,AA,LAX,14,50,144,15,0,25
-1,12,11,2,17,2475,DL,LAX,14,50,144,15,0,25
-6,12,11,2,12,2475,DL,LAX,14,50,144,15,0,25
-5,12,11,2,7,2475,DL,LAX,14,50,144,15,0,25
-1,12,11,2,16,2475,AA,LAX,14,50,144,15,0,25
-4,12,11,2,10,2475,AA,LAX,14,50,144,15,0,25
-3,12,11,2,13,2475,VX,LAX,14,50,144,15,0,25
-5,12,11,2,9,2475,VX,LAX,14,50,144,15,0,25
-6,12,11,2,6,2475,UA,LAX,14,50,144,15,0,25
-1,12,11,2,20,2475,UA,LAX,14,50,144,15,0,25
10,12,11,2,11,2475,UA,LAX,14,50,144,15,0,25
-3,12,11,2,17,2475,UA,LAX,14,50,144,15,0,25
-1,12,11,2,8,2475,UA,LAX,14,50,144,15,0,25
-4,12,11,2,15,2475,UA,LAX,14,50,144,15,0,25
1,12,11,2,11,2475,VX,LAX,14,50,144,15,0,25
19,12,11,2,20,2475,VX,LAX,14,50,144,15,0,25
6,12,11,2,16,2475,VX,LAX,14,50,144,15,0,25
-2,12,18,2,16,2475,VX,LAX,7,61,122,130,0,33
27,12,18,2,20,2475,VX,LAX,7,61,122,130,0,33
-1,12,18,2,7,2475,VX,LAX,7,61,122,130,0,33
0,12,18,2,9,2475,VX,LAX,7,61,122,130,0,33
-6,12,18,2,11,2475,VX,LAX,7,61,122,130,0,33
15,12,18,2,13,2475,VX,LAX,7,61,122,130,0,33
-6,12,18,2,12,2475,B6,LAX,7,61,122,130,0,33
24,12,18,2,16,2475,B6,LAX,7,61,122,130,0,33
42,12,18,2,20,2475,B6,LAX,7,61,122,130,0,33
-2,12,18,2,9,2475,B6,LAX,7,61,122,130,0,33
2,12,18,2,15,2475,AA,LAX,7,61,122,130,0,33
-3,12,18,2,21,2475,AA,LAX,7,61,122,130,0,33
-3,12,18,2,15,2475,DL,LAX,7,61,122,130,0,33
-5,12,18,2,21,2475,DL,LAX,7,61,122,130,0,33
-5,12,18,2,12,2475,DL,LAX,7,61,122,130,0,33
-7,12,18,2,7,2475,DL,LAX,7,61,122,130,0,33
29,12,18,2,17,2475,DL,LAX,7,61,122,130,0,33
4,12,18,2,9,2475,DL,LAX,7,61,122,130,0,33
-1,12,18,2,19,2475,DL,LAX,7,61,122,130,0,33
6,12,18,2,9,2475,AA,LAX,7,61,122,130,0,33
-2,12,18,2,16,2475,AA,LAX,7,61,122,130,0,33
49,12,18,2,13,2475,AA,LAX,7,61,122,130,0,33
-3,12,18,2,12,2475,AA,LAX,7,61,122,130,0,33
-3,12,18,2,7,2475,AA,LAX,7,61,122,130,0,33
-3,12,18,2,10,2475,AA,LAX,7,61,122,130,0,33
16,12,18,2,19,2475,AA,LAX,7,61,122,130,0,33
4,12,18,2,7,2475,B6,LAX,7,61,122,130,0,33
-2,12,18,2,8,2475,UA,LAX,7,61,122,130,0,33
2,12,18,2,15,2475,UA,LAX,7,61,122,130,0,33
-9,12,18,2,6,2475,UA,LAX,7,61,122,130,0,33
24,12,18,2,20,2475,UA,LAX,7,61,122,130,0,33
-5,12,18,2,11,2475,UA,LAX,7,61,122,130,0,33
9,12,18,2,17,2475,UA,LAX,7,61,122,130,0,33
3,12,25,2,15,2475,UA,LAX,0,0,50,15,0,25
4,12,25,2,5,2475,UA,LAX,0,0,50,15,0,25
-4,12,25,2,11,2475,UA,LAX,0,0,50,15,0,25
-1,12,25,2,17,2475,UA,LAX,0,0,50,15,0,25
-7,12,25,2,21,2475,AA,LAX,0,0,50,15,0,25
11,12,25,2,16,2475,AA,LAX,0,0,50,15,0,25
-7,12,25,2,13,2475,AA,LAX,0,0,50,15,0,25
8,12,25,2,12,2475,DL,LAX,0,0,50,15,0,25
-1,12,25,2,15,2475,DL,LAX,0,0,50,15,0,25
-5,12,25,2,15,2475,AA,LAX,0,0,50,15,0,25
-5,12,25,2,19,2475,DL,LAX,0,0,50,15,0,25
-1,12,25,2,9,2475,DL,LAX,0,0,50,15,0,25
-2,12,25,2,17,2475,DL,LAX,0,0,50,15,0,25
0,12,25,2,7,2475,B6,LAX,0,0,50,15,0,25
-2,12,25,2,12,2475,B6,LAX,0,0,50,15,0,25
-4,12,25,2,16,2475,B6,LAX,0,0,50,15,0,25
-4,12,25,2,20,2475,B6,LAX,0,0,50,15,0,25
0,12,25,2,9,2475,AA,LAX,0,0,50,15,0,25
-7,12,25,2,9,2475,B6,LAX,0,0,50,15,0,25
-3,12,25,2,7,2475,AA,LAX,0,0,50,15,0,25
-2,12,25,2,10,2475,AA,LAX,0,0,50,15,0,25
16,12,25,2,12,2475,AA,LAX,0,0,50,15,0,25
6,12,25,2,19,2475,AA,LAX,0,0,50,15,0,25
0,12,25,2,9,2475,VX,LAX,0,0,50,15,0,25
-2,12,25,2,11,2475,VX,LAX,0,0,50,15,0,25
-3,12,25,2,13,2475,VX,LAX,0,0,50,15,0,25
5,12,25,2,16,2475,VX,LAX,0,0,50,15,0,25
6,12,25,2,20,2475,VX,LAX,0,0,50,15,0,25
