-1,1,4,3,11,2475,UA,LAX,3,-106,-28,0,0,34
0,1,4,3,15,2475,UA,LAX,3,-106,-28,0,0,34
-2,1,4,3,8,2475,UA,LAX,3,-106,-28,0,0,34
-1,1,4,3,6,2475,UA,LAX,3,-106,-28,0,0,34
-4,1,4,3,17,2475,UA,LAX,3,-106,-28,0,0,34
6,1,4,3,20,2475,UA,LAX,3,-106,-28,0,0,34
17,1,4,3,13,2475,VX,LAX,3,-106,-28,0,0,34
8,1,4,3,16,2475,VX,LAX,3,-106,-28,0,0,34
7,1,4,3,20,2475,VX,LAX,3,-106,-28,0,0,34
0,1,4,3,12,2475,AA,LAX,3,-106,-28,0,0,34
7,1,4,3,7,2475,B6,LAX,3,-106,-28,0,0,34
-5,1,4,3,6,2475,AA,LAX,3,-106,-28,0,0,34
4,1,4,3,9,2475,AA,LAX,3,-106,-28,0,0,34
5,1,4,3,16,2475,AA,LAX,3,-106,-28,0,0,34
-7,1,4,3,15,2475,AA,LAX,3,-106,-28,0,0,34
-3,1,4,3,17,2475,DL,LAX,3,-106,-28,0,0,34
88,1,4,3,11,2475,VX,LAX,3,-106,-28,0,0,34
34,1,4,3,9,2475,VX,LAX,3,-106,-28,0,0,34
-2,1,4,3,9,2475,DL,LAX,3,-106,-28,0,0,34
20,1,4,3,7,2475,VX,LAX,3,-106,-28,0,0,34
37,1,4,3,10,2475,AA,LAX,3,-106,-28,0,0,34
4,1,4,3,20,2475,B6,LAX,3,-106,-28,0,0,34
-6,1,4,3,12,2475,DL,LAX,3,-106,-28,0,0,34
1,1,4,3,15,2475,DL,LAX,3,-106,-28,0,0,34
30,1,4,3,19,2475,AA,LAX,3,-106,-28,0,0,34
-5,1,4,3,16,2475,B6,LAX,3,-106,-28,0,0,34
8,1,4,3,21,2475,DL,LAX,3,-106,-28,0,0,34
-4,1,4,3,19,2475,DL,LAX,3,-106,-28,0,0,34
0,1,4,3,13,2475,AA,LAX,3,-106,-28,0,0,34
5,1,4,3,11,2475,B6,LAX,3,-106,-28,0,0,34
9,1,11,3,20,2475,B6,LAX,10,28,89,18,0,26
-10,1,11,3,10,2475,AA,LAX,10,28,89,18,0,26
-11,1,11,3,19,2475,AA,LAX,10,28,89,18,0,26
-6,1,11,3,13,2475,AA,LAX,10,28,89,18,0,26
-7,1,11,3,9,2475,AA,LAX,10,28,89,18,0,26
-2,1,11,3,12,2475,AA,LAX,10,28,89,18,0,26
-5,1,11,3,7,2475,VX,LAX,10,28,89,18,0,26
-9,1,11,3,9,2475,VX,LAX,10,28,89,18,0,26
0,1,11,3,11,2475,VX,LAX,10,28,89,18,0,26
-1,1,11,3,13,2475,VX,LAX,10,28,89,18,0,26
-3,1,11,3,16,2475,VX,LAX,10,28,89,18,0,26
23,1,11,3,20,2475,VX,LAX,10,28,89,18,0,26
-2,1,11,3,15,2475,AA,LAX,10,28,89,18,0,26
-2,1,11,3,16,2475,AA,LAX,10,28,89,18,0,26
-3,1,11,3,21,2475,AA,LAX,10,28,89,18,0,26
-1,1,11,3,6,2475,AA,LAX,10,28,89,18,0,26
-7,1,11,3,7,2475,B6,LAX,10,28,89,18,0,26
-4,1,11,3,11,2475,B6,LAX,10,28,89,18,0,26
-4,1,11,3,16,2475,B6,LAX,10,28,89,18,0,26
-1,1,11,3,6,2475,UA,LAX,10,28,89,18,0,26
3,1,11,3,20,2475,UA,LAX,10,28,89,18,0,26
-1,1,11,3,15,2475,UA,LAX,10,28,89,18,0,26
-5,1,11,3,17,2475,UA,LAX,10,28,89,18,0,26
-1,1,11,3,8,2475,UA,LAX,10,28,89,18,0,26
-5,1,11,3,11,2475,UA,LAX,10,28,89,18,0,26
-1,1,11,3,9,2475,DL,LAX,10,28,89,18,0,26
-1,1,11,3,17,2475,DL,LAX,10,28,89,18,0,26
-1,1,11,3,19,2475,DL,LAX,10,28,89,18,0,26
-5,1,11,3,21,2475,DL,LAX,10,28,89,18,0,26
7,1,11,3,15,2475,DL,LAX,10,28,89,18,0,26
-4,1,11,3,12,2475,DL,LAX,10,28,89,18,0,26
-2,1,18,3,17,2475,DL,LAX,3,-44,122,0,0,47
-5,1,18,3,19,2475,DL,LAX,3,-44,122,0,0,47
-5,1,18,3,21,2475,DL,LAX,3,-44,122,0,0,47
20,1,18,3,15,2475,DL,LAX,3,-44,122,0,0,47
-2,1,18,3,12,2475,DL,LAX,3,-44,122,0,0,47
1,1,18,3,9,2475,DL,LAX,3,-44,122,0,0,47
-4,1,18,3,17,2475,UA,LAX,3,-44,122,0,0,47
-6,1,18,3,6,2475,UA,LAX,3,-44,122,0,0,47
-1,1,18,3,15,2475,UA,LAX,3,-44,122,0,0,47
-6,1,18,3,11,2475,UA,LAX,3,-44,122,0,0,47
-3,1,18,3,8,2475,UA,LAX,3,-44,122,0,0,47
-3,1,18,3,20,2475,UA,LAX,3,-44,122,0,0,47
-4,1,18,3,12,2475,AA,LAX,3,-44,122,0,0,47
-3,1,18,3,20,2475,B6,LAX,3,-44,122,0,0,47
1,1,18,3,16,2475,B6,LAX,3,-44,122,0,0,47
-4,1,18,3,11,2475,B6,LAX,3,-44,122,0,0,47
-2,1,18,3,7,2475,B6,LAX,3,-44,122,0,0,47
27,1,18,3,16,2475,VX,LAX,3,-44,122,0,0,47
-4,1,18,3,13,2475,VX,LAX,3,-44,122,0,0,47
-6,1,18,3,15,2475,AA,LAX,3,-44,122,0,0,47
-1,1,18,3,11,2475,VX,LAX,3,-44,122,0,0,47
-10,1,18,3,16,2475,AA,LAX,3,-44,122,0,0,47
-7,1,18,3,9,2475,VX,LAX,3,-44,122,0,0,47
-8,1,18,3,21,2475,AA,LAX,3,-44,122,0,0,47
32,1,18,3,20,2475,VX,LAX,3,-44,122,0,0,47
-1,1,18,3,7,2475,VX,LAX,3,-44,122,0,0,47
-6,1,18,3,6,2475,AA,LAX,3,-44,122,0,0,47
0,1,18,3,9,2475,AA,LAX,3,-44,122,0,0,47
-7,1,18,3,13,2475,AA,LAX,3,-44,122,0,0,47
-5,1,18,3,19,2475,AA,LAX,3,-44,122,0,0,47
-6,1,18,3,10,2475,AA,LAX,3,-44,122,0,0,47
-4,1,25,3,16,2475,B6,LAX,4,22,67,0,0,30
4,1,25,3,21,2475,AA,LAX,4,22,67,0,0,30
-4,1,25,3,20,2475,B6,LAX,4,22,67,0,0,30
-2,1,25,3,19,2475,AA,LAX,4,22,67,0,0,30
-12,1,25,3,13,2475,VX,LAX,4,22,67,0,0,30
-1,1,25,3,12,2475,AA,LAX,4,22,67,0,0,30
-3,1,25,3,7,2475,B6,LAX,4,22,67,0,0,30
-1,1,25,3,11,2475,VX,LAX,4,22,67,0,0,30
-3,1,25,3,10,2475,AA,LAX,4,22,67,0,0,30
-3,1,25,3,9,2475,VX,LAX,4,22,67,0,0,30
-7,1,25,3,7,2475,VX,LAX,4,22,67,0,0,30
-4,1,25,3,9,2475,AA,LAX,4,22,67,0,0,30
-3,1,25,3,15,2475,AA,LAX,4,22,67,0,0,30
-7,1,25,3,11,2475,B6,LAX,4,22,67,0,0,30
-1,1,25,3,16,2475,VX,LAX,4,22,67,0,0,30
-5,1,25,3,20,2475,VX,LAX,4,22,67,0,0,30
-5,1,25,3,16,2475,AA,LAX,4,22,67,0,0,30
-7,1,25,3,6,2475,AA,LAX,4,22,67,0,0,30
12,1,25,3,13,2475,AA,LAX,4,22,67,0,0,30
-4,1,25,3,15,2475,UA,LAX,4,22,67,0,0,30
-11,1,25,3,20,2475,UA,LAX,4,22,67,0,0,30
-3,1,25,3,17,2475,UA,LAX,4,22,67,0,0,30
0,1,25,3,8,2475,UA,LAX,4,22,67,0,0,30
-1,1,25,3,11,2475,UA,LAX,4,22,67,0,0,30
-5,1,25,3,6,2475,UA,LAX,4,22,67,0,0,30
-4,1,25,3,17,2475,DL,LAX,4,22,67,0,0,30
-7,1,25,3,9,2475,DL,LAX,4,22,67,0,0,30
-2,1,25,3,12,2475,DL,LAX,4,22,67,0,0,30
-7,1,25,3,15,2475,DL,LAX,4,22,67,0,0,30
-5,1,25,3,21,2475,DL,LAX,4,22,67,0,0,30
-4,1,25,3,19,2475,DL,LAX,4,22,67,0,0,30
-8,2,2,4,21,2475,AA,LAX,12,17,100,0,0,31
-6,2,2,4,9,2475,AA,LAX,12,17,100,0,0,31
-4,2,2,4,19,2475,DL,LAX,12,17,100,0,0,31
0,2,2,4,21,2475,DL,LAX,12,17,100,0,0,31
-6,2,2,4,15,2475,DL,LAX,12,17,100,0,0,31
-7,2,2,4,12,2475,DL,LAX,12,17,100,0,0,31
-9,2,2,4,7,2475,DL,LAX,12,17,100,0,0,31
-3,2,2,4,9,2475,DL,LAX,12,17,100,0,0,31
-6,2,2,4,17,2475,DL,LAX,12,17,100,0,0,31
-5,2,2,4,7,2475,DL,LAX,12,17,100,0,0,31
-5,2,2,4,13,2475,AA,LAX,12,17,100,0,0,31
-5,2,2,4,12,2475,AA,LAX,12,17,100,0,0,31
-1,2,2,4,19,2475,AA,LAX,12,17,100,0,0,31
-6,2,2,4,15,2475,AA,LAX,12,17,100,0,0,31
-5,2,2,4,20,2475,B6,LAX,12,17,100,0,0,31
-6,2,2,4,16,2475,B6,LAX,12,17,100,0,0,31
-5,2,2,4,11,2475,B6,LAX,12,17,100,0,0,31
-9,2,2,4,7,2475,B6,LAX,12,17,100,0,0,31
11,2,2,4,16,2475,AA,LAX,12,17,100,0,0,31
-6,2,2,4,6,2475,AA,LAX,12,17,100,0,0,31
75,2,2,4,10,2475,AA,LAX,12,17,100,0,0,31
-4,2,2,4,20,2475,VX,LAX,12,17,100,0,0,31
-5,2,2,4,8,2475,UA,LAX,12,17,100,0,0,31
4,2,2,4,17,2475,UA,LAX,12,17,100,0,0,31
-2,2,2,4,15,2475,UA,LAX,12,17,100,0,0,31
-3,2,2,4,11,2475,UA,LAX,12,17,100,0,0,31
-3,2,2,4,20,2475,UA,LAX,12,17,100,0,0,31
-3,2,2,4,6,2475,UA,LAX,12,17,100,0,0,31
-4,2,2,4,7,2475,VX,LAX,12,17,100,0,0,31
-7,2,2,4,9,2475,VX,LAX,12,17,100,0,0,31
1,2,2,4,11,2475,VX,LAX,12,17,100,0,0,31
0,2,2,4,13,2475,VX,LAX,12,17,100,0,0,31
-2,2,2,4,16,2475,VX,LAX,12,17,100,0,0,31
7,2,9,4,20,2475,VX,LAX,9,-6,78,0,0,30
-2,2,9,4,16,2475,VX,LAX,9,-6,78,0,0,30
8,2,9,4,13,2475,VX,LAX,9,-6,78,0,0,30
2,2,9,4,11,2475,VX,LAX,9,-6,78,0,0,30
0,2,9,4,9,2475,VX,LAX,9,-6,78,0,0,30
-1,2,9,4,7,2475,VX,LAX,9,-6,78,0,0,30
-2,2,9,4,11,2475,UA,LAX,9,-6,78,0,0,30
-2,2,9,4,8,2475,UA,LAX,9,-6,78,0,0,30
3,2,9,4,6,2475,UA,LAX,9,-6,78,0,0,30
8,2,9,4,17,2475,UA,LAX,9,-6,78,0,0,30
6,2,9,4,20,2475,UA,LAX,9,-6,78,0,0,30
-5,2,9,4,15,2475,UA,LAX,9,-6,78,0,0,30
-11,2,9,4,19,2475,AA,LAX,9,-6,78,0,0,30
-6,2,9,4,7,2475,B6,LAX,9,-6,78,0,0,30
-7,2,9,4,11,2475,B6,LAX,9,-6,78,0,0,30
-2,2,9,4,16,2475,B6,LAX,9,-6,78,0,0,30
20,2,9,4,20,2475,B6,LAX,9,-6,78,0,0,30
-3,2,9,4,21,2475,AA,LAX,9,-6,78,0,0,30
-4,2,9,4,10,2475,AA,LAX,9,-6,78,0,0,30
-9,2,9,4,15,2475,AA,LAX,9,-6,78,0,0,30
4,2,9,4,13,2475,AA,LAX,9,-6,78,0,0,30
-7,2,9,4,12,2475,AA,LAX,9,-6,78,0,0,30
-6,2,9,4,16,2475,AA,LAX,9,-6,78,0,0,30
-5,2,9,4,7,2475,DL,LAX,9,-6,78,0,0,30
-2,2,9,4,17,2475,DL,LAX,9,-6,78,0,0,30
-1,2,9,4,9,2475,DL,LAX,9,-6,78,0,0,30
19,2,9,4,7,2475,DL,LAX,9,-6,78,0,0,30
-3,2,9,4,12,2475,DL,LAX,9,-6,78,0,0,30
-2,2,9,4,15,2475,DL,LAX,9,-6,78,0,0,30
-4,2,9,4,21,2475,DL,LAX,9,-6,78,0,0,30
-3,2,9,4,19,2475,DL,LAX,9,-6,78,0,0,30
83,2,9,4,9,2475,AA,LAX,9,-6,78,0,0,30
0,2,9,4,7,2475,AA,LAX,9,-6,78,0,0,30
-2,2,9,4,7,2475,AA,LAX,9,-6,78,0,0,30
-3,2,16,4,19,2475,DL,LAX,2,22,67,48,0,20
-1,2,16,4,21,2475,DL,LAX,2,22,67,48,0,20
2,2,16,4,15,2475,DL,LAX,2,22,67,48,0,20
-1,2,16,4,12,2475,DL,LAX,2,22,67,48,0,20
0,2,16,4,7,2475,DL,LAX,2,22,67,48,0,20
-4,2,16,4,9,2475,DL,LAX,2,22,67,48,0,20
-8,2,16,4,17,2475,DL,LAX,2,22,67,48,0,20
0,2,16,4,7,2475,DL,LAX,2,22,67,48,0,20
-7,2,16,4,7,2475,AA,LAX,2,22,67,48,0,20
3,2,16,4,15,2475,AA,LAX,2,22,67,48,0,20
-6,2,16,4,12,2475,AA,LAX,2,22,67,48,0,20
3,2,16,4,7,2475,B6,LAX,2,22,67,48,0,20
45,2,16,4,19,2475,AA,LAX,2,22,67,48,0,20
1,2,16,4,9,2475,B6,LAX,2,22,67,48,0,20
18,2,16,4,16,2475,B6,LAX,2,22,67,48,0,20
-5,2,16,4,16,2475,AA,LAX,2,22,67,48,0,20
47,2,16,4,20,2475,B6,LAX,2,22,67,48,0,20
71,2,16,4,13,2475,AA,LAX,2,22,67,48,0,20
-2,2,16,4,21,2475,AA,LAX,2,22,67,48,0,20
-6,2,16,4,10,2475,AA,LAX,2,22,67,48,0,20
19,2,16,4,7,2475,AA,LAX,2,22,67,48,0,20
-9,2,16,4,9,2475,AA,LAX,2,22,67,48,0,20
2,2,16,4,20,2475,UA,LAX,2,22,67,48,0,20
0,2,16,4,20,2475,VX,LAX,2,22,67,48,0,20
10,2,16,4,16,2475,VX,LAX,2,22,67,48,0,20
3,2,16,4,13,2475,VX,LAX,2,22,67,48,0,20
-1,2,16,4,11,2475,VX,LAX,2,22,67,48,0,20
-1,2,16,4,9,2475,VX,LAX,2,22,67,48,0,20
8,2,16,4,7,2475,VX,LAX,2,22,67,48,0,20
-1,2,16,4,6,2475,UA,LAX,2,22,67,48,0,20
-4,2,16,4,11,2475,UA,LAX,2,22,67,48,0,20
27,2,16,4,15,2475,UA,LAX,2,22,67,48,0,20
7,2,16,4,17,2475,UA,LAX,2,22,67,48,0,20
0,2,16,4,8,2475,UA,LAX,2,22,67,48,0,20
11,2,23,4,20,2475,VX,LAX,5,78,144,0,0,36
0,2,23,4,17,2475,UA,LAX,5,78,144,0,0,36
-7,2,23,4,20,2475,UA,LAX,5,78,144,0,0,36
-6,2,23,4,8,2475,UA,LAX,5,78,144,0,0,36
-6,2,23,4,11,2475,VX,LAX,5,78,144,0,0,36
0,2,23,4,7,2475,VX,LAX,5,78,144,0,0,36
-3,2,23,4,13,2475,VX,LAX,5,78,144,0,0,36
-6,2,23,4,6,2475,UA,LAX,5,78,144,0,0,36
-1,2,23,4,15,2475,UA,LAX,5,78,144,0,0,36
9,2,23,4,16,2475,VX,LAX,5,78,144,0,0,36
18,2,23,4,9,2475,VX,LAX,5,78,144,0,0,36
-3,2,23,4,11,2475,UA,LAX,5,78,144,0,0,36
-4,2,23,4,21,2475,DL,LAX,5,78,144,0,0,36
-1,2,23,4,15,2475,DL,LAX,5,78,144,0,0,36
-5,2,23,4,12,2475,DL,LAX,5,78,144,0,0,36
-7,2,23,4,7,2475,DL,LAX,5,78,144,0,0,36
0,2,23,4,9,2475,DL,LAX,5,78,144,0,0,36
-5,2,23,4,17,2475,DL,LAX,5,78,144,0,0,36
-5,2,23,4,7,2475,DL,LAX,5,78,144,0,0,36
-6,2,23,4,19,2475,AA,LAX,5,78,144,0,0,36
-5,2,23,4,9,2475,AA,LAX,5,78,144,0,0,36
-5,2,23,4,7,2475,AA,LAX,5,78,144,0,0,36
-5,2,23,4,16,2475,AA,LAX,5,78,144,0,0,36
0,2,23,4,20,2475,B6,LAX,5,78,144,0,0,36
3,2,23,4,16,2475,B6,LAX,5,78,144,0,0,36
75,2,23,4,9,2475,B6,LAX,5,78,144,0,0,36
-2,2,23,4,7,2475,B6,LAX,5,78,144,0,0,36
-9,2,23,4,13,2475,AA,LAX,5,78,144,0,0,36
-6,2,23,4,10,2475,AA,LAX,5,78,144,0,0,36
-1,2,23,4,7,2475,AA,LAX,5,78,144,0,0,36
0,2,23,4,12,2475,AA,LAX,5,78,144,0,0,36
-9,2,23,4,21,2475,AA,LAX,5,78,144,0,0,36
-5,2,23,4,19,2475,DL,LAX,5,78,144,0,0,36
-5,3,7,3,21,2475,DL,LAX,18,28,167,0,0,37
-6,3,7,3,15,2475,DL,LAX,18,28,167,0,0,37
-4,3,7,3,7,2475,DL,LAX,18,28,167,0,0,37
-5,3,7,3,19,2475,DL,LAX,18,28,167,0,0,37
-7,3,7,3,12,2475,DL,LAX,18,28,167,0,0,37
0,3,7,3,17,2475,DL,LAX,18,28,167,0,0,37
52,3,7,3,9,2475,DL,LAX,18,28,167,0,0,37
-2,3,7,3,20,2475,UA,LAX,18,28,167,0,0,37
0,3,7,3,17,2475,UA,LAX,18,28,167,0,0,37
0,3,7,3,11,2475,UA,LAX,18,28,167,0,0,37
32,3,7,3,8,2475,UA,LAX,18,28,167,0,0,37
0,3,7,3,15,2475,UA,LAX,18,28,167,0,0,37
-1,3,7,3,6,2475,UA,LAX,18,28,167,0,0,37
4,3,7,3,20,2475,VX,LAX,18,28,167,0,0,37
3,3,7,3,16,2475,VX,LAX,18,28,167,0,0,37
-3,3,7,3,13,2475,VX,LAX,18,28,167,0,0,37
-1,3,7,3,11,2475,VX,LAX,18,28,167,0,0,37
1,3,7,3,9,2475,VX,LAX,18,28,167,0,0,37
-1,3,7,3,7,2475,VX,LAX,18,28,167,0,0,37
-2,3,7,3,7,2475,AA,LAX,18,28,167,0,0,37
-5,3,7,3,16,2475,AA,LAX,18,28,167,0,0,37
-8,3,7,3,10,2475,AA,LAX,18,28,167,0,0,37
3,3,7,3,16,2475,B6,LAX,18,28,167,0,0,37
-8,3,7,3,15,2475,AA,LAX,18,28,167,0,0,37
-3,3,7,3,9,2475,B6,LAX,18,28,167,0,0,37
-6,3,7,3,9,2475,AA,LAX,18,28,167,0,0,37
-2,3,7,3,7,2475,B6,LAX,18,28,167,0,0,37
-8,3,7,3,19,2475,AA,LAX,18,28,167,0,0,37
-2,3,7,3,7,2475,AA,LAX,18,28,167,0,0,37
-11,3,7,3,13,2475,AA,LAX,18,28,167,0,0,37
10,3,7,3,21,2475,AA,LAX,18,28,167,0,0,37
-6,3,7,3,12,2475,AA,LAX,18,28,167,0,0,37
-3,3,7,3,20,2475,B6,LAX,18,28,167,0,0,37
-7,3,14,3,10,2475,AA,LAX,25,100,211,0,0,20
-9,3,14,3,7,2475,AA,LAX,25,100,211,0,0,20
-5,3,14,3,9,2475,AA,LAX,25,100,211,0,0,20
-3,3,14,3,9,2475,B6,LAX,25,100,211,0,0,20
-7,3,14,3,16,2475,B6,LAX,25,100,211,0,0,20
15,3,14,3,20,2475,B6,LAX,25,100,211,0,0,20
-8,3,14,3,16,2475,AA,LAX,25,100,211,0,0,20
-1,3,14,3,19,2475,AA,LAX,25,100,211,0,0,20
-5,3,14,3,13,2475,AA,LAX,25,100,211,0,0,20
69,3,14,3,21,2475,AA,LAX,25,100,211,0,0,20
150,3,14,3,15,2475,AA,LAX,25,100,211,0,0,20
38,3,14,3,12,2475,AA,LAX,25,100,211,0,0,20
-3,3,14,3,7,2475,B6,LAX,25,100,211,0,0,20
-9,3,14,3,7,2475,AA,LAX,25,100,211,0,0,20
-3,3,14,3,15,2475,DL,LAX,25,100,211,0,0,20
-5,3,14,3,19,2475,DL,LAX,25,100,211,0,0,20
-4,3,14,3,9,2475,DL,LAX,25,100,211,0,0,20
-2,3,14,3,12,2475,DL,LAX,25,100,211,0,0,20
-5,3,14,3,7,2475,DL,LAX,25,100,211,0,0,20
-3,3,14,3,17,2475,DL,LAX,25,100,211,0,0,20
-5,3,14,3,21,2475,DL,LAX,25,100,211,0,0,20
14,3,14,3,20,2475,VX,LAX,25,100,211,0,0,20
72,3,14,3,16,2475,VX,LAX,25,100,211,0,0,20
3,3,14,3,13,2475,VX,LAX,25,100,211,0,0,20
8,3,14,3,11,2475,VX,LAX,25,100,211,0,0,20
57,3,14,3,9,2475,VX,LAX,25,100,211,0,0,20
-3,3,14,3,7,2475,VX,LAX,25,100,211,0,0,20
-4,3,14,3,6,2475,UA,LAX,25,100,211,0,0,20
7,3,14,3,15,2475,UA,LAX,25,100,211,0,0,20
-5,3,14,3,8,2475,UA,LAX,25,100,211,0,0,20
-4,3,14,3,11,2475,UA,LAX,25,100,211,0,0,20
2,3,14,3,17,2475,UA,LAX,25,100,211,0,0,20
-1,3,14,3,20,2475,UA,LAX,25,100,211,0,0,20
0,3,21,3,20,2475,UA,LAX,32,139,194,0,0,17
-4,3,21,3,7,2475,VX,LAX,32,139,194,0,0,17
7,3,21,3,9,2475,VX,LAX,32,139,194,0,0,17
-7,3,21,3,11,2475,VX,LAX,32,139,194,0,0,17
-8,3,21,3,13,2475,VX,LAX,32,139,194,0,0,17
43,3,21,3,16,2475,VX,LAX,32,139,194,0,0,17
76,3,21,3,20,2475,VX,LAX,32,139,194,0,0,17
-10,3,21,3,17,2475,UA,LAX,32,139,194,0,0,17
-4,3,21,3,11,2475,UA,LAX,32,139,194,0,0,17
-5,3,21,3,8,2475,UA,LAX,32,139,194,0,0,17
4,3,21,3,15,2475,UA,LAX,32,139,194,0,0,17
-4,3,21,3,6,2475,UA,LAX,32,139,194,0,0,17
6,3,21,3,12,2475,DL,LAX,32,139,194,0,0,17
-4,3,21,3,9,2475,DL,LAX,32,139,194,0,0,17
24,3,21,3,15,2475,DL,LAX,32,139,194,0,0,17
-5,3,21,3,17,2475,DL,LAX,32,139,194,0,0,17
-5,3,21,3,21,2475,DL,LAX,32,139,194,0,0,17
9,3,21,3,19,2475,DL,LAX,32,139,194,0,0,17
-5,3,21,3,7,2475,DL,LAX,32,139,194,0,0,17
-6,3,21,3,10,2475,AA,LAX,32,139,194,0,0,17
27,3,21,3,21,2475,AA,LAX,32,139,194,0,0,17
0,3,21,3,7,2475,AA,LAX,32,139,194,0,0,17
-5,3,21,3,9,2475,AA,LAX,32,139,194,0,0,17
7,3,21,3,16,2475,AA,LAX,32,139,194,0,0,17
11,3,21,3,15,2475,AA,LAX,32,139,194,0,0,17
4,3,21,3,13,2475,AA,LAX,32,139,194,0,0,17
29,3,21,3,19,2475,AA,LAX,32,139,194,0,0,17
-3,3,21,3,20,2475,B6,LAX,32,139,194,0,0,17
-4,3,21,3,16,2475,B6,LAX,32,139,194,0,0,17
-5,3,21,3,9,2475,B6,LAX,32,139,194,0,0,17
-4,3,21,3,7,2475,B6,LAX,32,139,194,0,0,17
-8,3,21,3,12,2475,AA,LAX,32,139,194,0,0,17
-8,3,21,3,7,2475,AA,LAX,32,139,194,0,0,17
-5,3,28,3,13,2475,AA,LAX,39,67,194,5,0,26
0,3,28,3,9,2475,AA,LAX,39,67,194,5,0,26
61,3,28,3,15,2475,AA,LAX,39,67,194,5,0,26
-7,3,28,3,10,2475,AA,LAX,39,67,194,5,0,26
-4,3,28,3,7,2475,AA,LAX,39,67,194,5,0,26
28,3,28,3,16,2475,AA,LAX,39,67,194,5,0,26
3,3,28,3,20,2475,B6,LAX,39,67,194,5,0,26
-6,3,28,3,9,2475,B6,LAX,39,67,194,5,0,26
-5,3,28,3,21,2475,AA,LAX,39,67,194,5,0,26
-8,3,28,3,7,2475,AA,LAX,39,67,194,5,0,26
-2,3,28,3,16,2475,B6,LAX,39,67,194,5,0,26
-7,3,28,3,12,2475,AA,LAX,39,67,194,5,0,26
-1,3,28,3,19,2475,AA,LAX,39,67,194,5,0,26
-5,3,28,3,7,2475,B6,LAX,39,67,194,5,0,26
-1,3,28,3,15,2475,DL,LAX,39,67,194,5,0,26
-4,3,28,3,19,2475,DL,LAX,39,67,194,5,0,26
106,3,28,3,21,2475,DL,LAX,39,67,194,5,0,26
-7,3,28,3,7,2475,DL,LAX,39,67,194,5,0,26
-3,3,28,3,12,2475,DL,LAX,39,67,194,5,0,26
-1,3,28,3,9,2475,DL,LAX,39,67,194,5,0,26
-1,3,28,3,17,2475,DL,LAX,39,67,194,5,0,26
4,3,28,3,7,2475,VX,LAX,39,67,194,5,0,26
55,3,28,3,9,2475,VX,LAX,39,67,194,5,0,26
-4,3,28,3,11,2475,VX,LAX,39,67,194,5,0,26
6,3,28,3,13,2475,VX,LAX,39,67,194,5,0,26
37,3,28,3,16,2475,VX,LAX,39,67,194,5,0,26
1,3,28,3,15,2475,UA,LAX,39,67,194,5,0,26
-3,3,28,3,20,2475,UA,LAX,39,67,194,5,0,26
-7,3,28,3,8,2475,UA,LAX,39,67,194,5,0,26
-3,3,28,3,11,2475,UA,LAX,39,67,194,5,0,26
-2,3,28,3,17,2475,UA,LAX,39,67,194,5,0,26
-5,3,28,3,6,2475,UA,LAX,39,67,194,5,0,26
32,3,28,3,20,2475,VX,LAX,39,67,194,5,0,26
-1,4,5,4,17,2475,UA,LAX,47,56,144,0,0,23
32,4,5,4,20,2475,UA,LAX,47,56,144,0,0,23
28,4,5,4,8,2475,UA,LAX,47,56,144,0,0,23
7,4,5,4,7,2475,VX,LAX,47,56,144,0,0,23
15,4,5,4,9,2475,VX,LAX,47,56,144,0,0,23
13,4,5,4,11,2475,VX,LAX,47,56,144,0,0,23
3,4,5,4,13,2475,VX,LAX,47,56,144,0,0,23
3,4,5,4,16,2475,VX,LAX,47,56,144,0,0,23
0,4,5,4,20,2475,VX,LAX,47,56,144,0,0,23
2,4,5,4,6,2475,UA,LAX,47,56,144,0,0,23
-5,4,5,4,12,2475,DL,LAX,47,56,144,0,0,23
-2,4,5,4,7,2475,DL,LAX,47,56,144,0,0,23
1,4,5,4,15,2475,DL,LAX,47,56,144,0,0,23
-3,4,5,4,15,2475,AA,LAX,47,56,144,0,0,23
1,4,5,4,17,2475,DL,LAX,47,56,144,0,0,23
11,4,5,4,10,2475,AA,LAX,47,56,144,0,0,23
5,4,5,4,11,2475,UA,LAX,47,56,144,0,0,23
-3,4,5,4,9,2475,DL,LAX,47,56,144,0,0,23
1,4,5,4,16,2475,AA,LAX,47,56,144,0,0,23
-2,4,5,4,9,2475,AA,LAX,47,56,144,0,0,23
5,4,5,4,15,2475,UA,LAX,47,56,144,0,0,23
-2,4,5,4,20,2475,B6,LAX,47,56,144,0,0,23
-2,4,5,4,16,2475,B6,LAX,47,56,144,0,0,23
-1,4,5,4,9,2475,B6,LAX,47,56,144,0,0,23
-2,4,5,4,7,2475,B6,LAX,47,56,144,0,0,23
3,4,5,4,7,2475,AA,LAX,47,56,144,0,0,23
-6,4,5,4,12,2475,AA,LAX,47,56,144,0,0,23
-5,4,5,4,21,2475,AA,LAX,47,56,144,0,0,23
-7,4,5,4,13,2475,AA,LAX,47,56,144,0,0,23
25,4,5,4,19,2475,DL,LAX,47,56,144,0,0,23
4,4,5,4,21,2475,DL,LAX,47,56,144,0,0,23
3,4,5,4,6,2475,AA,LAX,47,56,144,0,0,23
-3,4,5,4,19,2475,AA,LAX,47,56,144,0,0,23
-1,4,12,4,21,2475,AA,LAX,40,61,161,0,0,22
-5,4,12,4,13,2475,AA,LAX,40,61,161,0,0,22
1,4,12,4,9,2475,AA,LAX,40,61,161,0,0,22
-5,4,12,4,7,2475,AA,LAX,40,61,161,0,0,22
-4,4,12,4,11,2475,UA,LAX,40,61,161,0,0,22
-4,4,12,4,12,2475,DL,LAX,40,61,161,0,0,22
-3,4,12,4,7,2475,DL,LAX,40,61,161,0,0,22
-3,4,12,4,9,2475,DL,LAX,40,61,161,0,0,22
-2,4,12,4,19,2475,DL,LAX,40,61,161,0,0,22
-6,4,12,4,15,2475,UA,LAX,40,61,161,0,0,22
-11,4,12,4,6,2475,UA,LAX,40,61,161,0,0,22
25,4,12,4,20,2475,B6,LAX,40,61,161,0,0,22
-7,4,12,4,10,2475,AA,LAX,40,61,161,0,0,22
0,4,12,4,16,2475,B6,LAX,40,61,161,0,0,22
111,4,12,4,15,2475,AA,LAX,40,61,161,0,0,22
-3,4,12,4,17,2475,DL,LAX,40,61,161,0,0,22
-1,4,12,4,15,2475,DL,LAX,40,61,161,0,0,22
0,4,12,4,21,2475,DL,LAX,40,61,161,0,0,22
-6,4,12,4,17,2475,UA,LAX,40,61,161,0,0,22
-4,4,12,4,8,2475,UA,LAX,40,61,161,0,0,22
-11,4,12,4,12,2475,AA,LAX,40,61,161,0,0,22
8,4,12,4,16,2475,AA,LAX,40,61,161,0,0,22
29,4,12,4,9,2475,B6,LAX,40,61,161,0,0,22
7,4,12,4,7,2475,B6,LAX,40,61,161,0,0,22
43,4,12,4,19,2475,AA,LAX,40,61,161,0,0,22
-3,4,12,4,6,2475,AA,LAX,40,61,161,0,0,22
1,4,12,4,16,2475,VX,LAX,40,61,161,0,0,22
-3,4,12,4,20,2475,VX,LAX,40,61,161,0,0,22
11,4,12,4,7,2475,VX,LAX,40,61,161,0,0,22
-4,4,12,4,9,2475,VX,LAX,40,61,161,0,0,22
4,4,12,4,11,2475,VX,LAX,40,61,161,0,0,22
19,4,12,4,13,2475,VX,LAX,40,61,161,0,0,22
-6,4,12,4,20,2475,UA,LAX,40,61,161,0,0,22
1,4,19,4,17,2475,UA,LAX,33,83,211,10,0,9
-3,4,19,4,6,2475,UA,LAX,33,83,211,10,0,9
-4,4,19,4,15,2475,UA,LAX,33,83,211,10,0,9
-4,4,19,4,11,2475,UA,LAX,33,83,211,10,0,9
1,4,19,4,20,2475,UA,LAX,33,83,211,10,0,9
-2,4,19,4,8,2475,UA,LAX,33,83,211,10,0,9
-4,4,19,4,13,2475,AA,LAX,33,83,211,10,0,9
-5,4,19,4,12,2475,DL,LAX,33,83,211,10,0,9
-2,4,19,4,7,2475,DL,LAX,33,83,211,10,0,9
-4,4,19,4,9,2475,DL,LAX,33,83,211,10,0,9
-4,4,19,4,19,2475,DL,LAX,33,83,211,10,0,9
-4,4,19,4,16,2475,B6,LAX,33,83,211,10,0,9
-7,4,19,4,20,2475,B6,LAX,33,83,211,10,0,9
-5,4,19,4,6,2475,AA,LAX,33,83,211,10,0,9
-3,4,19,4,12,2475,AA,LAX,33,83,211,10,0,9
-5,4,19,4,21,2475,AA,LAX,33,83,211,10,0,9
-1,4,19,4,21,2475,DL,LAX,33,83,211,10,0,9
-5,4,19,4,10,2475,AA,LAX,33,83,211,10,0,9
-7,4,19,4,9,2475,AA,LAX,33,83,211,10,0,9
-1,4,19,4,7,2475,B6,LAX,33,83,211,10,0,9
-6,4,19,4,19,2475,AA,LAX,33,83,211,10,0,9
1,4,19,4,16,2475,AA,LAX,33,83,211,10,0,9
-1,4,19,4,9,2475,B6,LAX,33,83,211,10,0,9
-5,4,19,4,7,2475,AA,LAX,33,83,211,10,0,9
-8,4,19,4,15,2475,AA,LAX,33,83,211,10,0,9
-2,4,19,4,15,2475,DL,LAX,33,83,211,10,0,9
2,4,19,4,17,2475,DL,LAX,33,83,211,10,0,9
1,4,19,4,11,2475,VX,LAX,33,83,211,10,0,9
-7,4,19,4,7,2475,VX,LAX,33,83,211,10,0,9
1,4,19,4,9,2475,VX,LAX,33,83,211,10,0,9
3,4,19,4,20,2475,VX,LAX,33,83,211,10,0,9
2,4,19,4,16,2475,VX,LAX,33,83,211,10,0,9
-1,4,19,4,13,2475,VX,LAX,33,83,211,10,0,9
-3,4,26,4,7,2475,VX,LAX,26,72,161,8,0,26
2,4,26,4,20,2475,VX,LAX,26,72,161,8,0,26
-5,4,26,4,9,2475,VX,LAX,26,72,161,8,0,26
7,4,26,4,11,2475,VX,LAX,26,72,161,8,0,26
22,4,26,4,13,2475,VX,LAX,26,72,161,8,0,26
9,4,26,4,16,2475,VX,LAX,26,72,161,8,0,26
-6,4,26,4,9,2475,AA,LAX,26,72,161,8,0,26
-2,4,26,4,10,2475,AA,LAX,26,72,161,8,0,26
-1,4,26,4,21,2475,AA,LAX,26,72,161,8,0,26
8,4,26,4,7,2475,DL,LAX,26,72,161,8,0,26
-7,4,26,4,12,2475,AA,LAX,26,72,161,8,0,26
-6,4,26,4,9,2475,DL,LAX,26,72,161,8,0,26
-3,4,26,4,19,2475,DL,LAX,26,72,161,8,0,26
-1,4,26,4,16,2475,B6,LAX,26,72,161,8,0,26
-5,4,26,4,7,2475,B6,LAX,26,72,161,8,0,26
-2,4,26,4,13,2475,AA,LAX,26,72,161,8,0,26
11,4,26,4,9,2475,B6,LAX,26,72,161,8,0,26
6,4,26,4,17,2475,DL,LAX,26,72,161,8,0,26
-3,4,26,4,16,2475,AA,LAX,26,72,161,8,0,26
-2,4,26,4,7,2475,AA,LAX,26,72,161,8,0,26
-4,4,26,4,19,2475,AA,LAX,26,72,161,8,0,26
-9,4,26,4,6,2475,AA,LAX,26,72,161,8,0,26
-2,4,26,4,15,2475,DL,LAX,26,72,161,8,0,26
-1,4,26,4,21,2475,DL,LAX,26,72,161,8,0,26
-3,4,26,4,12,2475,DL,LAX,26,72,161,8,0,26
17,4,26,4,20,2475,B6,LAX,26,72,161,8,0,26
-2,4,26,4,15,2475,AA,LAX,26,72,161,8,0,26
0,4,26,4,6,2475,UA,LAX,26,72,161,8,0,26
4,4,26,4,20,2475,UA,LAX,26,72,161,8,0,26
-7,4,26,4,11,2475,UA,LAX,26,72,161,8,0,26
-4,4,26,4,15,2475,UA,LAX,26,72,161,8,0,26
6,4,26,4,17,2475,UA,LAX,26,72,161,8,0,26
-1,4,26,4,8,2475,UA,LAX,26,72,161,8,0,26
-2,5,3,4,15,2475,UA,LAX,19,100,144,119,0,11
26,5,3,4,16,2475,VX,LAX,19,100,144,119,0,11
52,5,3,4,20,2475,VX,LAX,19,100,144,119,0,11
-2,5,3,4,11,2475,UA,LAX,19,100,144,119,0,11
110,5,3,4,17,2475,UA,LAX,19,100,144,119,0,11
-5,5,3,4,9,2475,VX,LAX,19,100,144,119,0,11
-3,5,3,4,7,2475,VX,LAX,19,100,144,119,0,11
1,5,3,4,13,2475,VX,LAX,19,100,144,119,0,11
-5,5,3,4,6,2475,UA,LAX,19,100,144,119,0,11
-6,5,3,4,8,2475,UA,LAX,19,100,144,119,0,11
-4,5,3,4,11,2475,VX,LAX,19,100,144,119,0,11
12,5,3,4,21,2475,UA,LAX,19,100,144,119,0,11
292,5,3,4,15,2475,AA,LAX,19,100,144,119,0,11
-6,5,3,4,10,2475,AA,LAX,19,100,144,119,0,11
-6,5,3,4,9,2475,AA,LAX,19,100,144,119,0,11
-5,5,3,4,6,2475,AA,LAX,19,100,144,119,0,11
-1,5,3,4,19,2475,DL,LAX,19,100,144,119,0,11
-4,5,3,4,9,2475,DL,LAX,19,100,144,119,0,11
-1,5,3,4,7,2475,DL,LAX,19,100,144,119,0,11
-3,5,3,4,17,2475,DL,LAX,19,100,144,119,0,11
-7,5,3,4,12,2475,DL,LAX,19,100,144,119,0,11
67,5,3,4,21,2475,AA,LAX,19,100,144,119,0,11
18,5,3,4,21,2475,DL,LAX,19,100,144,119,0,11
-1,5,3,4,15,2475,DL,LAX,19,100,144,119,0,11
-5,5,3,4,7,2475,AA,LAX,19,100,144,119,0,11
14,5,3,4,16,2475,AA,LAX,19,100,144,119,0,11
-9,5,3,4,12,2475,AA,LAX,19,100,144,119,0,11
-1,5,3,4,9,2475,B6,LAX,19,100,144,119,0,11
-1,5,3,4,20,2475,B6,LAX,19,100,144,119,0,11
-7,5,3,4,16,2475,B6,LAX,19,100,144,119,0,11
-5,5,3,4,7,2475,B6,LAX,19,100,144,119,0,11
17,5,3,4,19,2475,AA,LAX,19,100,144,119,0,11
-6,5,3,4,13,2475,AA,LAX,19,100,144,119,0,11
-4,5,10,4,13,2475,AA,LAX,12,111,178,48,0,26
-4,5,10,4,7,2475,DL,LAX,12,111,178,48,0,26
0,5,10,4,20,2475,B6,LAX,12,111,178,48,0,26
-5,5,10,4,17,2475,DL,LAX,12,111,178,48,0,26
-2,5,10,4,6,2475,AA,LAX,12,111,178,48,0,26
0,5,10,4,15,2475,DL,LAX,12,111,178,48,0,26
9,5,10,4,21,2475,DL,LAX,12,111,178,48,0,26
9,5,10,4,12,2475,AA,LAX,12,111,178,48,0,26
35,5,10,4,16,2475,AA,LAX,12,111,178,48,0,26
-3,5,10,4,9,2475,AA,LAX,12,111,178,48,0,26
-3,5,10,4,12,2475,DL,LAX,12,111,178,48,0,26
-3,5,10,4,9,2475,DL,LAX,12,111,178,48,0,26
-3,5,10,4,19,2475,DL,LAX,12,111,178,48,0,26
-4,5,10,4,10,2475,AA,LAX,12,111,178,48,0,26
81,5,10,4,19,2475,AA,LAX,12,111,178,48,0,26
0,5,10,4,7,2475,AA,LAX,12,111,178,48,0,26
-4,5,10,4,16,2475,B6,LAX,12,111,178,48,0,26
42,5,10,4,21,2475,AA,LAX,12,111,178,48,0,26
2,5,10,4,7,2475,B6,LAX,12,111,178,48,0,26
-3,5,10,4,9,2475,B6,LAX,12,111,178,48,0,26
20,5,10,4,15,2475,AA,LAX,12,111,178,48,0,26
-2,5,10,4,6,2475,UA,LAX,12,111,178,48,0,26
0,5,10,4,15,2475,UA,LAX,12,111,178,48,0,26
1,5,10,4,7,2475,VX,LAX,12,111,178,48,0,26
0,5,10,4,9,2475,VX,LAX,12,111,178,48,0,26
-5,5,10,4,11,2475,VX,LAX,12,111,178,48,0,26
-1,5,10,4,13,2475,VX,LAX,12,111,178,48,0,26
-2,5,10,4,16,2475,VX,LAX,12,111,178,48,0,26
3,5,10,4,20,2475,VX,LAX,12,111,178,48,0,26
11,5,10,4,21,2475,UA,LAX,12,111,178,48,0,26
-3,5,10,4,11,2475,UA,LAX,12,111,178,48,0,26
0,5,10,4,17,2475,UA,LAX,12,111,178,48,0,26
-7,5,10,4,8,2475,UA,LAX,12,111,178,48,0,26
0,5,17,4,13,2475,VX,LAX,5,117,222,0,0,19
52,5,17,4,16,2475,VX,LAX,5,117,222,0,0,19
-1,5,17,4,9,2475,VX,LAX,5,117,222,0,0,19
8,5,17,4,20,2475,VX,LAX,5,117,222,0,0,19
-3,5,17,4,7,2475,VX,LAX,5,117,222,0,0,19
-6,5,17,4,11,2475,VX,LAX,5,117,222,0,0,19
-4,5,17,4,15,2475,DL,LAX,5,117,222,0,0,19
-2,5,17,4,12,2475,DL,LAX,5,117,222,0,0,19
-3,5,17,4,7,2475,DL,LAX,5,117,222,0,0,19
2,5,17,4,15,2475,AA,LAX,5,117,222,0,0,19
22,5,17,4,21,2475,DL,LAX,5,117,222,0,0,19
-6,5,17,4,9,2475,DL,LAX,5,117,222,0,0,19
-3,5,17,4,19,2475,DL,LAX,5,117,222,0,0,19
-4,5,17,4,12,2475,AA,LAX,5,117,222,0,0,19
15,5,17,4,17,2475,UA,LAX,5,117,222,0,0,19
7,5,17,4,9,2475,AA,LAX,5,117,222,0,0,19
5,5,17,4,9,2475,B6,LAX,5,117,222,0,0,19
-3,5,17,4,11,2475,UA,LAX,5,117,222,0,0,19
-1,5,17,4,21,2475,UA,LAX,5,117,222,0,0,19
0,5,17,4,15,2475,UA,LAX,5,117,222,0,0,19
6,5,17,4,20,2475,B6,LAX,5,117,222,0,0,19
-2,5,17,4,10,2475,AA,LAX,5,117,222,0,0,19
-4,5,17,4,16,2475,B6,LAX,5,117,222,0,0,19
-4,5,17,4,7,2475,B6,LAX,5,117,222,0,0,19
-3,5,17,4,6,2475,UA,LAX,5,117,222,0,0,19
0,5,17,4,8,2475,UA,LAX,5,117,222,0,0,19
-5,5,17,4,6,2475,AA,LAX,5,117,222,0,0,19
2,5,17,4,19,2475,AA,LAX,5,117,222,0,0,19
0,5,17,4,21,2475,AA,LAX,5,117,222,0,0,19
-7,5,17,4,7,2475,AA,LAX,5,117,222,0,0,19
-4,5,17,4,16,2475,AA,LAX,5,117,222,0,0,19
-1,5,17,4,13,2475,AA,LAX,5,117,222,0,0,19
-4,5,17,4,17,2475,DL,LAX,5,117,222,0,0,19
-3,5,24,4,9,2475,B6,LAX,2,167,189,241,0,18
15,5,24,4,19,2475,AA,LAX,2,167,189,241,0,18
333,5,24,4,16,2475,AA,LAX,2,167,189,241,0,18
98,5,24,4,21,2475,DL,LAX,2,167,189,241,0,18
-5,5,24,4,9,2475,AA,LAX,2,167,189,241,0,18
-3,5,24,4,20,2475,B6,LAX,2,167,189,241,0,18
-1,5,24,4,13,2475,AA,LAX,2,167,189,241,0,18
23,5,24,4,7,2475,AA,LAX,2,167,189,241,0,18
-4,5,24,4,15,2475,UA,LAX,2,167,189,241,0,18
0,5,24,4,6,2475,UA,LAX,2,167,189,241,0,18
-6,5,24,4,8,2475,UA,LAX,2,167,189,241,0,18
-4,5,24,4,6,2475,AA,LAX,2,167,189,241,0,18
-2,5,24,4,21,2475,UA,LAX,2,167,189,241,0,18
2,5,24,4,11,2475,UA,LAX,2,167,189,241,0,18
-7,5,24,4,10,2475,AA,LAX,2,167,189,241,0,18
-4,5,24,4,16,2475,B6,LAX,2,167,189,241,0,18
-5,5,24,4,15,2475,AA,LAX,2,167,189,241,0,18
-10,5,24,4,12,2475,AA,LAX,2,167,189,241,0,18
-3,5,24,4,19,2475,DL,LAX,2,167,189,241,0,18
36,5,24,4,21,2475,AA,LAX,2,167,189,241,0,18
-6,5,24,4,7,2475,B6,LAX,2,167,189,241,0,18
-3,5,24,4,9,2475,DL,LAX,2,167,189,241,0,18
-3,5,24,4,7,2475,DL,LAX,2,167,189,241,0,18
-2,5,24,4,17,2475,DL,LAX,2,167,189,241,0,18
-2,5,24,4,15,2475,DL,LAX,2,167,189,241,0,18
-5,5,24,4,12,2475,DL,LAX,2,167,189,241,0,18
3,5,24,4,9,2475,VX,LAX,2,167,189,241,0,18
20,5,24,4,11,2475,VX,LAX,2,167,189,241,0,18
-1,5,24,4,13,2475,VX,LAX,2,167,189,241,0,18
6,5,24,4,16,2475,VX,LAX,2,167,189,241,0,18
54,5,24,4,20,2475,VX,LAX,2,167,189,241,0,18
50,5,24,4,7,2475,VX,LAX,2,167,189,241,0,18
-6,5,31,4,16,2475,VX,LAX,5,189,261,0,0,22
-2,5,31,4,13,2475,VX,LAX,5,189,261,0,0,22
-6,5,31,4,11,2475,VX,LAX,5,189,261,0,0,22
-4,5,31,4,7,2475,VX,LAX,5,189,261,0,0,22
11,5,31,4,9,2475,VX,LAX,5,189,261,0,0,22
-4,5,31,4,20,2475,VX,LAX,5,189,261,0,0,22
-6,5,31,4,15,2475,UA,LAX,5,189,261,0,0,22
-7,5,31,4,9,2475,AA,LAX,5,189,261,0,0,22
184,5,31,4,21,2475,UA,LAX,5,189,261,0,0,22
0,5,31,4,6,2475,UA,LAX,5,189,261,0,0,22
-5,5,31,4,8,2475,UA,LAX,5,189,261,0,0,22
-2,5,31,4,17,2475,UA,LAX,5,189,261,0,0,22
-6,5,31,4,12,2475,DL,LAX,5,189,261,0,0,22
-2,5,31,4,19,2475,DL,LAX,5,189,261,0,0,22
1,5,31,4,10,2475,AA,LAX,5,189,261,0,0,22
-8,5,31,4,11,2475,UA,LAX,5,189,261,0,0,22
-4,5,31,4,9,2475,DL,LAX,5,189,261,0,0,22
-5,5,31,4,19,2475,AA,LAX,5,189,261,0,0,22
-6,5,31,4,7,2475,AA,LAX,5,189,261,0,0,22
-2,5,31,4,21,2475,DL,LAX,5,189,261,0,0,22
2,5,31,4,13,2475,AA,LAX,5,189,261,0,0,22
5,5,31,4,15,2475,AA,LAX,5,189,261,0,0,22
-4,5,31,4,15,2475,DL,LAX,5,189,261,0,0,22
-7,5,31,4,16,2475,AA,LAX,5,189,261,0,0,22
-5,5,31,4,17,2475,DL,LAX,5,189,261,0,0,22
-6,5,31,4,21,2475,AA,LAX,5,189,261,0,0,22
-2,5,31,4,7,2475,DL,LAX,5,189,261,0,0,22
1,5,31,4,6,2475,AA,LAX,5,189,261,0,0,22
0,5,31,4,9,2475,B6,LAX,5,189,261,0,0,22
-5,5,31,4,20,2475,B6,LAX,5,189,261,0,0,22
-1,5,31,4,16,2475,B6,LAX,5,189,261,0,0,22
0,5,31,4,7,2475,B6,LAX,5,189,261,0,0,22
18,5,31,4,12,2475,AA,LAX,5,189,261,0,0,22
-2,6,1,5,15,2475,UA,LAX,6,167,233,64,0,36
0,6,1,5,21,2475,UA,LAX,6,167,233,64,0,36
-8,6,1,5,6,2475,UA,LAX,6,167,233,64,0,36
49,6,1,5,8,2475,UA,LAX,6,167,233,64,0,36
-2,6,1,5,17,2475,UA,LAX,6,167,233,64,0,36
57,6,1,5,11,2475,UA,LAX,6,167,233,64,0,36
-5,6,1,5,7,2475,VX,LAX,6,167,233,64,0,36
2,6,1,5,9,2475,VX,LAX,6,167,233,64,0,36
2,6,1,5,13,2475,VX,LAX,6,167,233,64,0,36
-1,6,1,5,16,2475,VX,LAX,6,167,233,64,0,36
84,6,1,5,20,2475,VX,LAX,6,167,233,64,0,36
-8,6,1,5,11,2475,VX,LAX,6,167,233,64,0,36
-1,6,1,5,16,2475,B6,LAX,6,167,233,64,0,36
4,6,1,5,20,2475,B6,LAX,6,167,233,64,0,36
-1,6,1,5,9,2475,B6,LAX,6,167,233,64,0,36
-5,6,1,5,9,2475,AA,LAX,6,167,233,64,0,36
47,6,1,5,21,2475,DL,LAX,6,167,233,64,0,36
-3,6,1,5,19,2475,DL,LAX,6,167,233,64,0,36
-5,6,1,5,9,2475,DL,LAX,6,167,233,64,0,36
-4,6,1,5,7,2475,DL,LAX,6,167,233,64,0,36
-2,6,1,5,12,2475,DL,LAX,6,167,233,64,0,36
0,6,1,5,15,2475,DL,LAX,6,167,233,64,0,36
-5,6,1,5,17,2475,DL,LAX,6,167,233,64,0,36
-5,6,1,5,19,2475,AA,LAX,6,167,233,64,0,36
19,6,1,5,15,2475,AA,LAX,6,167,233,64,0,36
-6,6,1,5,10,2475,AA,LAX,6,167,233,64,0,36
-5,6,1,5,16,2475,AA,LAX,6,167,233,64,0,36
-2,6,1,5,7,2475,AA,LAX,6,167,233,64,0,36
-1,6,1,5,21,2475,AA,LAX,6,167,233,64,0,36
71,6,1,5,12,2475,AA,LAX,6,167,233,64,0,36
-8,6,1,5,6,2475,AA,LAX,6,167,233,64,0,36
37,6,1,5,13,2475,AA,LAX,6,167,233,64,0,36
-7,6,1,5,7,2475,B6,LAX,6,167,233,64,0,36
-4,6,8,5,11,2475,DL,LAX,13,156,272,0,0,14
-11,6,8,5,9,2475,AA,LAX,13,156,272,0,0,14
-4,6,8,5,12,2475,AA,LAX,13,156,272,0,0,14
-6,6,8,5,10,2475,AA,LAX,13,156,272,0,0,14
-4,6,8,5,19,2475,AA,LAX,13,156,272,0,0,14
-7,6,8,5,7,2475,AA,LAX,13,156,272,0,0,14
2,6,8,5,13,2475,AA,LAX,13,156,272,0,0,14
1,6,8,5,15,2475,AA,LAX,13,156,272,0,0,14
-4,6,8,5,16,2475,AA,LAX,13,156,272,0,0,14
-4,6,8,5,21,2475,AA,LAX,13,156,272,0,0,14
-5,6,8,5,6,2475,AA,LAX,13,156,272,0,0,14
-6,6,8,5,7,2475,B6,LAX,13,156,272,0,0,14
-3,6,8,5,16,2475,B6,LAX,13,156,272,0,0,14
-2,6,8,5,20,2475,B6,LAX,13,156,272,0,0,14
-2,6,8,5,9,2475,B6,LAX,13,156,272,0,0,14
-3,6,8,5,17,2475,DL,LAX,13,156,272,0,0,14
-2,6,8,5,19,2475,DL,LAX,13,156,272,0,0,14
-3,6,8,5,9,2475,DL,LAX,13,156,272,0,0,14
-3,6,8,5,15,2475,DL,LAX,13,156,272,0,0,14
-5,6,8,5,13,2475,DL,LAX,13,156,272,0,0,14
1,6,8,5,21,2475,DL,LAX,13,156,272,0,0,14
86,6,8,5,7,2475,DL,LAX,13,156,272,0,0,14
-4,6,8,5,16,2475,VX,LAX,13,156,272,0,0,14
32,6,8,5,20,2475,VX,LAX,13,156,272,0,0,14
0,6,8,5,9,2475,VX,LAX,13,156,272,0,0,14
0,6,8,5,11,2475,VX,LAX,13,156,272,0,0,14
-2,6,8,5,7,2475,VX,LAX,13,156,272,0,0,14
-2,6,8,5,13,2475,VX,LAX,13,156,272,0,0,14
36,6,8,5,8,2475,UA,LAX,13,156,272,0,0,14
-6,6,8,5,17,2475,UA,LAX,13,156,272,0,0,14
-3,6,8,5,21,2475,UA,LAX,13,156,272,0,0,14
-6,6,8,5,11,2475,UA,LAX,13,156,272,0,0,14
-2,6,8,5,6,2475,UA,LAX,13,156,272,0,0,14
40,6,8,5,15,2475,UA,LAX,13,156,272,0,0,14
7,6,15,5,15,2475,UA,LAX,19,156,267,0,0,18
-6,6,15,5,8,2475,UA,LAX,19,156,267,0,0,18
0,6,15,5,17,2475,UA,LAX,19,156,267,0,0,18
-3,6,15,5,21,2475,UA,LAX,19,156,267,0,0,18
-3,6,15,5,11,2475,UA,LAX,19,156,267,0,0,18
-6,6,15,5,6,2475,UA,LAX,19,156,267,0,0,18
7,6,15,5,16,2475,B6,LAX,19,156,267,0,0,18
-6,6,15,5,11,2475,DL,LAX,19,156,267,0,0,18
-4,6,15,5,21,2475,DL,LAX,19,156,267,0,0,18
-3,6,15,5,7,2475,DL,LAX,19,156,267,0,0,18
-6,6,15,5,13,2475,DL,LAX,19,156,267,0,0,18
12,6,15,5,15,2475,DL,LAX,19,156,267,0,0,18
-1,6,15,5,9,2475,DL,LAX,19,156,267,0,0,18
-6,6,15,5,19,2475,DL,LAX,19,156,267,0,0,18
0,6,15,5,17,2475,DL,LAX,19,156,267,0,0,18
-4,6,15,5,9,2475,B6,LAX,19,156,267,0,0,18
71,6,15,5,20,2475,B6,LAX,19,156,267,0,0,18
-4,6,15,5,7,2475,B6,LAX,19,156,267,0,0,18
1,6,15,5,20,2475,AA,LAX,19,156,267,0,0,18
12,6,15,5,17,2475,AA,LAX,19,156,267,0,0,18
58,6,15,5,15,2475,AA,LAX,19,156,267,0,0,18
-7,6,15,5,13,2475,AA,LAX,19,156,267,0,0,18
-2,6,15,5,8,2475,AA,LAX,19,156,267,0,0,18
-8,6,15,5,19,2475,AA,LAX,19,156,267,0,0,18
-2,6,15,5,10,2475,AA,LAX,19,156,267,0,0,18
-3,6,15,5,12,2475,AA,LAX,19,156,267,0,0,18
-7,6,15,5,9,2475,AA,LAX,19,156,267,0,0,18
2,6,15,5,7,2475,VX,LAX,19,156,267,0,0,18
-3,6,15,5,13,2475,VX,LAX,19,156,267,0,0,18
7,6,15,5,11,2475,VX,LAX,19,156,267,0,0,18
1,6,15,5,9,2475,VX,LAX,19,156,267,0,0,18
1,6,15,5,16,2475,VX,LAX,19,156,267,0,0,18
-1,6,15,5,20,2475,VX,LAX,19,156,267,0,0,18
241,6,22,5,20,2475,VX,LAX,12,211,322,89,0,12
-2,6,22,5,7,2475,VX,LAX,12,211,322,89,0,12
-1,6,22,5,9,2475,VX,LAX,12,211,322,89,0,12
-1,6,22,5,11,2475,VX,LAX,12,211,322,89,0,12
0,6,22,5,13,2475,VX,LAX,12,211,322,89,0,12
460,6,22,5,16,2475,VX,LAX,12,211,322,89,0,12
1,6,22,5,10,2475,AA,LAX,12,211,322,89,0,12
153,6,22,5,21,2475,B6,LAX,12,211,322,89,0,12
111,6,22,5,13,2475,AA,LAX,12,211,322,89,0,12
177,6,22,5,17,2475,AA,LAX,12,211,322,89,0,12
266,6,22,5,19,2475,AA,LAX,12,211,322,89,0,12
-7,6,22,5,9,2475,B6,LAX,12,211,322,89,0,12
-1,6,22,5,8,2475,AA,LAX,12,211,322,89,0,12
77,6,22,5,7,2475,DL,LAX,12,211,322,89,0,12
-2,6,22,5,13,2475,DL,LAX,12,211,322,89,0,12
-1,6,22,5,11,2475,DL,LAX,12,211,322,89,0,12
-6,6,22,5,7,2475,B6,LAX,12,211,322,89,0,12
73,6,22,5,15,2475,DL,LAX,12,211,322,89,0,12
141,6,22,5,9,2475,DL,LAX,12,211,322,89,0,12
214,6,22,5,19,2475,DL,LAX,12,211,322,89,0,12
172,6,22,5,17,2475,DL,LAX,12,211,322,89,0,12
219,6,22,5,21,2475,DL,LAX,12,211,322,89,0,12
0,6,22,5,9,2475,AA,LAX,12,211,322,89,0,12
-1,6,22,5,12,2475,B6,LAX,12,211,322,89,0,12
90,6,22,5,22,2475,B6,LAX,12,211,322,89,0,12
-7,6,22,5,12,2475,AA,LAX,12,211,322,89,0,12
342,6,22,5,16,2475,B6,LAX,12,211,322,89,0,12
168,6,22,5,20,2475,AA,LAX,12,211,322,89,0,12
376,6,22,5,15,2475,AA,LAX,12,211,322,89,0,12
65,6,22,5,17,2475,UA,LAX,12,211,322,89,0,12
65,6,22,5,15,2475,UA,LAX,12,211,322,89,0,12
-6,6,22,5,6,2475,UA,LAX,12,211,322,89,0,12
-5,6,22,5,8,2475,UA,LAX,12,211,322,89,0,12
-3,6,22,5,11,2475,UA,LAX,12,211,322,89,0,12
148,6,22,5,21,2475,UA,LAX,12,211,322,89,0,12
-2,6,29,5,13,2475,AA,LAX,5,200,339,53,0,17
72,6,29,5,17,2475,DL,LAX,5,200,339,53,0,17
-7,6,29,5,10,2475,AA,LAX,5,200,339,53,0,17
54,6,29,5,12,2475,AA,LAX,5,200,339,53,0,17
-6,6,29,5,13,2475,DL,LAX,5,200,339,53,0,17
22,6,29,5,9,2475,B6,LAX,5,200,339,53,0,17
31,6,29,5,21,2475,DL,LAX,5,200,339,53,0,17
-8,6,29,5,9,2475,AA,LAX,5,200,339,53,0,17
-3,6,29,5,20,2475,AA,LAX,5,200,339,53,0,17
-2,6,29,5,11,2475,DL,LAX,5,200,339,53,0,17
-6,6,29,5,17,2475,AA,LAX,5,200,339,53,0,17
-1,6,29,5,8,2475,AA,LAX,5,200,339,53,0,17
94,6,29,5,22,2475,B6,LAX,5,200,339,53,0,17
-2,6,29,5,19,2475,AA,LAX,5,200,339,53,0,17
11,6,29,5,15,2475,DL,LAX,5,200,339,53,0,17
16,6,29,5,7,2475,B6,LAX,5,200,339,53,0,17
-6,6,29,5,9,2475,DL,LAX,5,200,339,53,0,17
-1,6,29,5,12,2475,B6,LAX,5,200,339,53,0,17
-1,6,29,5,15,2475,AA,LAX,5,200,339,53,0,17
-2,6,29,5,19,2475,DL,LAX,5,200,339,53,0,17
-3,6,29,5,16,2475,B6,LAX,5,200,339,53,0,17
1,6,29,5,21,2475,B6,LAX,5,200,339,53,0,17
47,6,29,5,7,2475,DL,LAX,5,200,339,53,0,17
23,6,29,5,6,2475,UA,LAX,5,200,339,53,0,17
-3,6,29,5,11,2475,UA,LAX,5,200,339,53,0,17
8,6,29,5,8,2475,UA,LAX,5,200,339,53,0,17
16,6,29,5,15,2475,UA,LAX,5,200,339,53,0,17
-1,6,29,5,17,2475,UA,LAX,5,200,339,53,0,17
98,6,29,5,21,2475,UA,LAX,5,200,339,53,0,17
21,6,29,5,7,2475,VX,LAX,5,200,339,53,0,17
-4,6,29,5,9,2475,VX,LAX,5,200,339,53,0,17
5,6,29,5,11,2475,VX,LAX,5,200,339,53,0,17
-1,6,29,5,16,2475,VX,LAX,5,200,339,53,0,17
11,6,29,5,20,2475,VX,LAX,5,200,339,53,0,17
2,6,29,5,13,2475,VX,LAX,5,200,339,53,0,17
6,7,6,5,9,2475,B6,LAX,2,222,339,0,0,12
-3,7,6,5,9,2475,AA,LAX,2,222,339,0,0,12
-5,7,6,5,12,2475,AA,LAX,2,222,339,0,0,12
-9,7,6,5,10,2475,AA,LAX,2,222,339,0,0,12
-5,7,6,5,19,2475,AA,LAX,2,222,339,0,0,12
-4,7,6,5,13,2475,AA,LAX,2,222,339,0,0,12
-8,7,6,5,15,2475,AA,LAX,2,222,339,0,0,12
8,7,6,5,17,2475,AA,LAX,2,222,339,0,0,12
-3,7,6,5,6,2475,AA,LAX,2,222,339,0,0,12
-9,7,6,5,22,2475,B6,LAX,2,222,339,0,0,12
-1,7,6,5,7,2475,B6,LAX,2,222,339,0,0,12
-7,7,6,5,12,2475,B6,LAX,2,222,339,0,0,12
21,7,6,5,16,2475,B6,LAX,2,222,339,0,0,12
-1,7,6,5,21,2475,B6,LAX,2,222,339,0,0,12
-2,7,6,5,15,2475,UA,LAX,2,222,339,0,0,12
-5,7,6,5,6,2475,UA,LAX,2,222,339,0,0,12
-4,7,6,5,11,2475,UA,LAX,2,222,339,0,0,12
1,7,6,5,21,2475,UA,LAX,2,222,339,0,0,12
-4,7,6,5,16,2475,VX,LAX,2,222,339,0,0,12
-6,7,6,5,13,2475,VX,LAX,2,222,339,0,0,12
-5,7,6,5,11,2475,VX,LAX,2,222,339,0,0,12
4,7,6,5,21,2475,DL,LAX,2,222,339,0,0,12
-7,7,6,5,11,2475,DL,LAX,2,222,339,0,0,12
14,7,6,5,9,2475,VX,LAX,2,222,339,0,0,12
-1,7,6,5,7,2475,VX,LAX,2,222,339,0,0,12
6,7,6,5,13,2475,DL,LAX,2,222,339,0,0,12
-2,7,6,5,7,2475,DL,LAX,2,222,339,0,0,12
-5,7,6,5,17,2475,DL,LAX,2,222,339,0,0,12
-3,7,6,5,19,2475,DL,LAX,2,222,339,0,0,12
-2,7,6,5,9,2475,DL,LAX,2,222,339,0,0,12
44,7,6,5,15,2475,DL,LAX,2,222,339,0,0,12
-7,7,6,5,20,2475,VX,LAX,2,222,339,0,0,12
-4,7,6,5,17,2475,UA,LAX,2,222,339,0,0,12
1,7,6,5,8,2475,UA,LAX,2,222,339,0,0,12
-4,7,13,5,13,2475,VX,LAX,9,233,317,0,0,13
-1,7,13,5,9,2475,VX,LAX,9,233,317,0,0,13
11,7,13,5,7,2475,VX,LAX,9,233,317,0,0,13
-4,7,13,5,7,2475,DL,LAX,9,233,317,0,0,13
24,7,13,5,11,2475,DL,LAX,9,233,317,0,0,13
0,7,13,5,13,2475,DL,LAX,9,233,317,0,0,13
8,7,13,5,17,2475,DL,LAX,9,233,317,0,0,13
-1,7,13,5,19,2475,DL,LAX,9,233,317,0,0,13
-5,7,13,5,9,2475,DL,LAX,9,233,317,0,0,13
-2,7,13,5,15,2475,DL,LAX,9,233,317,0,0,13
-3,7,13,5,21,2475,DL,LAX,9,233,317,0,0,13
-5,7,13,5,11,2475,VX,LAX,9,233,317,0,0,13
4,7,13,5,21,2475,UA,LAX,9,233,317,0,0,13
-5,7,13,5,11,2475,UA,LAX,9,233,317,0,0,13
-5,7,13,5,6,2475,UA,LAX,9,233,317,0,0,13
-6,7,13,5,15,2475,UA,LAX,9,233,317,0,0,13
14,7,13,5,8,2475,UA,LAX,9,233,317,0,0,13
6,7,13,5,17,2475,UA,LAX,9,233,317,0,0,13
-8,7,13,5,20,2475,VX,LAX,9,233,317,0,0,13
-2,7,13,5,16,2475,VX,LAX,9,233,317,0,0,13
0,7,13,5,20,2475,AA,LAX,9,233,317,0,0,13
41,7,13,5,17,2475,AA,LAX,9,233,317,0,0,13
-8,7,13,5,7,2475,B6,LAX,9,233,317,0,0,13
9,7,13,5,9,2475,AA,LAX,9,233,317,0,0,13
-5,7,13,5,12,2475,B6,LAX,9,233,317,0,0,13
48,7,13,5,15,2475,AA,LAX,9,233,317,0,0,13
-7,7,13,5,6,2475,AA,LAX,9,233,317,0,0,13
-5,7,13,5,16,2475,B6,LAX,9,233,317,0,0,13
-2,7,13,5,21,2475,B6,LAX,9,233,317,0,0,13
5,7,13,5,22,2475,B6,LAX,9,233,317,0,0,13
2,7,13,5,9,2475,B6,LAX,9,233,317,0,0,13
65,7,13,5,13,2475,AA,LAX,9,233,317,0,0,13
-6,7,13,5,19,2475,AA,LAX,9,233,317,0,0,13
-3,7,13,5,10,2475,AA,LAX,9,233,317,0,0,13
-6,7,13,5,12,2475,AA,LAX,9,233,317,0,0,13
12,7,20,5,21,2475,B6,LAX,16,161,222,147,0,33
-5,7,20,5,12,2475,B6,LAX,16,161,222,147,0,33
-4,7,20,5,7,2475,B6,LAX,16,161,222,147,0,33
33,7,20,5,22,2475,B6,LAX,16,161,222,147,0,33
-3,7,20,5,17,2475,AA,LAX,16,161,222,147,0,33
73,7,20,5,6,2475,AA,LAX,16,161,222,147,0,33
4,7,20,5,15,2475,AA,LAX,16,161,222,147,0,33
-3,7,20,5,9,2475,AA,LAX,16,161,222,147,0,33
-4,7,20,5,16,2475,B6,LAX,16,161,222,147,0,33
-4,7,20,5,12,2475,AA,LAX,16,161,222,147,0,33
100,7,20,5,20,2475,AA,LAX,16,161,222,147,0,33
-7,7,20,5,10,2475,AA,LAX,16,161,222,147,0,33
59,7,20,5,19,2475,AA,LAX,16,161,222,147,0,33
95,7,20,5,13,2475,AA,LAX,16,161,222,147,0,33
0,7,20,5,9,2475,B6,LAX,16,161,222,147,0,33
-3,7,20,5,9,2475,DL,LAX,16,161,222,147,0,33
1,7,20,5,7,2475,DL,LAX,16,161,222,147,0,33
-1,7,20,5,11,2475,DL,LAX,16,161,222,147,0,33
-1,7,20,5,13,2475,DL,LAX,16,161,222,147,0,33
46,7,20,5,21,2475,DL,LAX,16,161,222,147,0,33
-1,7,20,5,15,2475,DL,LAX,16,161,222,147,0,33
80,7,20,5,20,2475,VX,LAX,16,161,222,147,0,33
34,7,20,5,16,2475,VX,LAX,16,161,222,147,0,33
-4,7,20,5,13,2475,VX,LAX,16,161,222,147,0,33
1,7,20,5,11,2475,VX,LAX,16,161,222,147,0,33
12,7,20,5,9,2475,VX,LAX,16,161,222,147,0,33
-6,7,20,5,7,2475,VX,LAX,16,161,222,147,0,33
4,7,20,5,17,2475,DL,LAX,16,161,222,147,0,33
52,7,20,5,19,2475,DL,LAX,16,161,222,147,0,33
0,7,20,5,8,2475,UA,LAX,16,161,222,147,0,33
8,7,20,5,6,2475,UA,LAX,16,161,222,147,0,33
58,7,20,5,17,2475,UA,LAX,16,161,222,147,0,33
33,7,20,5,11,2475,UA,LAX,16,161,222,147,0,33
77,7,20,5,21,2475,UA,LAX,16,161,222,147,0,33
17,7,20,5,15,2475,UA,LAX,16,161,222,147,0,33
-6,7,27,5,11,2475,UA,LAX,23,217,306,0,0,20
37,7,27,5,6,2475,UA,LAX,23,217,306,0,0,20
7,7,27,5,15,2475,UA,LAX,23,217,306,0,0,20
4,7,27,5,12,2475,AA,LAX,23,217,306,0,0,20
-7,7,27,5,16,2475,B6,LAX,23,217,306,0,0,20
-5,7,27,5,10,2475,AA,LAX,23,217,306,0,0,20
-6,7,27,5,20,2475,AA,LAX,23,217,306,0,0,20
37,7,27,5,21,2475,B6,LAX,23,217,306,0,0,20
-5,7,27,5,19,2475,AA,LAX,23,217,306,0,0,20
-5,7,27,5,6,2475,AA,LAX,23,217,306,0,0,20
-5,7,27,5,12,2475,B6,LAX,23,217,306,0,0,20
-6,7,27,5,9,2475,AA,LAX,23,217,306,0,0,20
43,7,27,5,13,2475,AA,LAX,23,217,306,0,0,20
-4,7,27,5,17,2475,AA,LAX,23,217,306,0,0,20
15,7,27,5,15,2475,AA,LAX,23,217,306,0,0,20
56,7,27,5,9,2475,B6,LAX,23,217,306,0,0,20
2,7,27,5,22,2475,B6,LAX,23,217,306,0,0,20
-4,7,27,5,7,2475,B6,LAX,23,217,306,0,0,20
11,7,27,5,15,2475,DL,LAX,23,217,306,0,0,20
-2,7,27,5,7,2475,DL,LAX,23,217,306,0,0,20
0,7,27,5,11,2475,DL,LAX,23,217,306,0,0,20
-1,7,27,5,21,2475,DL,LAX,23,217,306,0,0,20
-5,7,27,5,8,2475,UA,LAX,23,217,306,0,0,20
-1,7,27,5,17,2475,UA,LAX,23,217,306,0,0,20
21,7,27,5,21,2475,UA,LAX,23,217,306,0,0,20
-2,7,27,5,7,2475,VX,LAX,23,217,306,0,0,20
27,7,27,5,9,2475,VX,LAX,23,217,306,0,0,20
-8,7,27,5,11,2475,VX,LAX,23,217,306,0,0,20
-4,7,27,5,13,2475,VX,LAX,23,217,306,0,0,20
-1,7,27,5,16,2475,VX,LAX,23,217,306,0,0,20
-2,7,27,5,20,2475,VX,LAX,23,217,306,0,0,20
-4,7,27,5,13,2475,DL,LAX,23,217,306,0,0,20
0,7,27,5,17,2475,DL,LAX,23,217,306,0,0,20
0,7,27,5,19,2475,DL,LAX,23,217,306,0,0,20
-5,7,27,5,9,2475,DL,LAX,23,217,306,0,0,20
-5,8,4,6,16,2475,VX,LAX,28,239,322,0,0,14
-4,8,4,6,11,2475,VX,LAX,28,239,322,0,0,14
-2,8,4,6,9,2475,VX,LAX,28,239,322,0,0,14
-6,8,4,6,7,2475,VX,LAX,28,239,322,0,0,14
1,8,4,6,13,2475,VX,LAX,28,239,322,0,0,14
-2,8,4,6,8,2475,UA,LAX,28,239,322,0,0,14
60,8,4,6,17,2475,UA,LAX,28,239,322,0,0,14
-3,8,4,6,11,2475,UA,LAX,28,239,322,0,0,14
-2,8,4,6,6,2475,UA,LAX,28,239,322,0,0,14
-4,8,4,6,15,2475,UA,LAX,28,239,322,0,0,14
161,8,4,6,20,2475,VX,LAX,28,239,322,0,0,14
11,8,4,6,17,2475,DL,LAX,28,239,322,0,0,14
-10,8,4,6,10,2475,AA,LAX,28,239,322,0,0,14
-2,8,4,6,19,2475,DL,LAX,28,239,322,0,0,14
-3,8,4,6,9,2475,DL,LAX,28,239,322,0,0,14
-4,8,4,6,6,2475,AA,LAX,28,239,322,0,0,14
-2,8,4,6,19,2475,AA,LAX,28,239,322,0,0,14
-2,8,4,6,15,2475,DL,LAX,28,239,322,0,0,14
-4,8,4,6,11,2475,DL,LAX,28,239,322,0,0,14
19,8,4,6,15,2475,AA,LAX,28,239,322,0,0,14
-4,8,4,6,13,2475,DL,LAX,28,239,322,0,0,14
-5,8,4,6,9,2475,B6,LAX,28,239,322,0,0,14
-4,8,4,6,13,2475,AA,LAX,28,239,322,0,0,14
6,8,4,6,21,2475,B6,LAX,28,239,322,0,0,14
126,8,4,6,16,2475,B6,LAX,28,239,322,0,0,14
-4,8,4,6,20,2475,AA,LAX,28,239,322,0,0,14
14,8,4,6,7,2475,B6,LAX,28,239,322,0,0,14
-4,8,4,6,17,2475,AA,LAX,28,239,322,0,0,14
1,8,4,6,9,2475,AA,LAX,28,239,322,0,0,14
-6,8,4,6,12,2475,AA,LAX,28,239,322,0,0,14
40,8,4,6,22,2475,B6,LAX,28,239,322,0,0,14
6,8,11,6,7,2475,VX,LAX,21,239,306,0,0,20
9,8,11,6,11,2475,VX,LAX,21,239,306,0,0,20
13,8,11,6,13,2475,VX,LAX,21,239,306,0,0,20
26,8,11,6,16,2475,VX,LAX,21,239,306,0,0,20
27,8,11,6,20,2475,VX,LAX,21,239,306,0,0,20
17,8,11,6,8,2475,UA,LAX,21,239,306,0,0,20
22,8,11,6,17,2475,UA,LAX,21,239,306,0,0,20
0,8,11,6,11,2475,UA,LAX,21,239,306,0,0,20
0,8,11,6,6,2475,UA,LAX,21,239,306,0,0,20
-2,8,11,6,15,2475,UA,LAX,21,239,306,0,0,20
24,8,11,6,9,2475,VX,LAX,21,239,306,0,0,20
1,8,11,6,6,2475,AA,LAX,21,239,306,0,0,20
-2,8,11,6,20,2475,AA,LAX,21,239,306,0,0,20
-11,8,11,6,11,2475,DL,LAX,21,239,306,0,0,20
-4,8,11,6,15,2475,DL,LAX,21,239,306,0,0,20
-8,8,11,6,12,2475,AA,LAX,21,239,306,0,0,20
1,8,11,6,17,2475,DL,LAX,21,239,306,0,0,20
1,8,11,6,19,2475,DL,LAX,21,239,306,0,0,20
-5,8,11,6,9,2475,DL,LAX,21,239,306,0,0,20
16,8,11,6,15,2475,AA,LAX,21,239,306,0,0,20
1,8,11,6,21,2475,B6,LAX,21,239,306,0,0,20
101,8,11,6,16,2475,B6,LAX,21,239,306,0,0,20
12,8,11,6,7,2475,B6,LAX,21,239,306,0,0,20
99,8,11,6,22,2475,B6,LAX,21,239,306,0,0,20
0,8,11,6,13,2475,AA,LAX,21,239,306,0,0,20
91,8,11,6,9,2475,B6,LAX,21,239,306,0,0,20
-2,8,11,6,17,2475,AA,LAX,21,239,306,0,0,20
-6,8,11,6,10,2475,AA,LAX,21,239,306,0,0,20
-8,8,11,6,9,2475,AA,LAX,21,239,306,0,0,20
2,8,11,6,19,2475,AA,LAX,21,239,306,0,0,20
-7,8,11,6,13,2475,DL,LAX,21,239,306,0,0,20
29,8,18,6,13,2475,DL,LAX,14,172,261,81,0,15
18,8,18,6,15,2475,DL,LAX,14,172,261,81,0,15
96,8,18,6,9,2475,DL,LAX,14,172,261,81,0,15
-1,8,18,6,19,2475,DL,LAX,14,172,261,81,0,15
-2,8,18,6,17,2475,DL,LAX,14,172,261,81,0,15
-6,8,18,6,13,2475,AA,LAX,14,172,261,81,0,15
-6,8,18,6,15,2475,AA,LAX,14,172,261,81,0,15
15,8,18,6,22,2475,B6,LAX,14,172,261,81,0,15
-7,8,18,6,11,2475,DL,LAX,14,172,261,81,0,15
-4,8,18,6,17,2475,AA,LAX,14,172,261,81,0,15
-5,8,18,6,19,2475,AA,LAX,14,172,261,81,0,15
-8,8,18,6,20,2475,AA,LAX,14,172,261,81,0,15
-5,8,18,6,9,2475,AA,LAX,14,172,261,81,0,15
0,8,18,6,7,2475,B6,LAX,14,172,261,81,0,15
6,8,18,6,12,2475,AA,LAX,14,172,261,81,0,15
-4,8,18,6,16,2475,B6,LAX,14,172,261,81,0,15
0,8,18,6,21,2475,B6,LAX,14,172,261,81,0,15
13,8,18,6,9,2475,B6,LAX,14,172,261,81,0,15
0,8,18,6,10,2475,AA,LAX,14,172,261,81,0,15
-3,8,18,6,6,2475,AA,LAX,14,172,261,81,0,15
5,8,18,6,11,2475,VX,LAX,14,172,261,81,0,15
-1,8,18,6,7,2475,VX,LAX,14,172,261,81,0,15
-3,8,18,6,15,2475,UA,LAX,14,172,261,81,0,15
-1,8,18,6,13,2475,VX,LAX,14,172,261,81,0,15
-4,8,18,6,6,2475,UA,LAX,14,172,261,81,0,15
-3,8,18,6,11,2475,UA,LAX,14,172,261,81,0,15
-3,8,18,6,17,2475,UA,LAX,14,172,261,81,0,15
1,8,18,6,16,2475,VX,LAX,14,172,261,81,0,15
1,8,18,6,9,2475,VX,LAX,14,172,261,81,0,15
4,8,18,6,20,2475,VX,LAX,14,172,261,81,0,15
-3,8,18,6,8,2475,UA,LAX,14,172,261,81,0,15
-6,8,25,6,8,2475,UA,LAX,7,211,300,0,0,16
-4,8,25,6,11,2475,UA,LAX,7,211,300,0,0,16
-6,8,25,6,6,2475,UA,LAX,7,211,300,0,0,16
0,8,25,6,15,2475,UA,LAX,7,211,300,0,0,16
75,8,25,6,17,2475,UA,LAX,7,211,300,0,0,16
-3,8,25,6,20,2475,VX,LAX,7,211,300,0,0,16
-2,8,25,6,16,2475,VX,LAX,7,211,300,0,0,16
-4,8,25,6,13,2475,VX,LAX,7,211,300,0,0,16
23,8,25,6,9,2475,VX,LAX,7,211,300,0,0,16
-6,8,25,6,11,2475,VX,LAX,7,211,300,0,0,16
-2,8,25,6,7,2475,VX,LAX,7,211,300,0,0,16
19,8,25,6,9,2475,B6,LAX,7,211,300,0,0,16
-3,8,25,6,13,2475,DL,LAX,7,211,300,0,0,16
-5,8,25,6,6,2475,AA,LAX,7,211,300,0,0,16
6,8,25,6,21,2475,B6,LAX,7,211,300,0,0,16
-7,8,25,6,19,2475,AA,LAX,7,211,300,0,0,16
-7,8,25,6,13,2475,AA,LAX,7,211,300,0,0,16
-4,8,25,6,15,2475,AA,LAX,7,211,300,0,0,16
3,8,25,6,16,2475,B6,LAX,7,211,300,0,0,16
-4,8,25,6,8,2475,AA,LAX,7,211,300,0,0,16
-8,8,25,6,19,2475,DL,LAX,7,211,300,0,0,16
-5,8,25,6,12,2475,AA,LAX,7,211,300,0,0,16
-2,8,25,6,7,2475,B6,LAX,7,211,300,0,0,16
-12,8,25,6,10,2475,AA,LAX,7,211,300,0,0,16
-1,8,25,6,16,2475,AA,LAX,7,211,300,0,0,16
-6,8,25,6,9,2475,AA,LAX,7,211,300,0,0,16
-6,8,25,6,17,2475,DL,LAX,7,211,300,0,0,16
-6,8,25,6,9,2475,DL,LAX,7,211,300,0,0,16
-4,8,25,6,15,2475,DL,LAX,7,211,300,0,0,16
-1,8,25,6,11,2475,DL,LAX,7,211,300,0,0,16
-11,9,2,7,7,2475,VX,LAX,1,217,278,0,0,12
-11,9,2,7,9,2475,VX,LAX,1,217,278,0,0,12
-3,9,2,7,16,2475,VX,LAX,1,217,278,0,0,12
-3,9,2,7,13,2475,VX,LAX,1,217,278,0,0,12
-2,9,2,7,11,2475,VX,LAX,1,217,278,0,0,12
3,9,2,7,20,2475,VX,LAX,1,217,278,0,0,12
56,9,2,7,19,2475,AA,LAX,1,217,278,0,0,12
-15,9,2,7,15,2475,AA,LAX,1,217,278,0,0,12
0,9,2,7,16,2475,AA,LAX,1,217,278,0,0,12
-6,9,2,7,20,2475,AA,LAX,1,217,278,0,0,12
-1,9,2,7,6,2475,AA,LAX,1,217,278,0,0,12
-10,9,2,7,13,2475,AA,LAX,1,217,278,0,0,12
85,9,2,7,8,2475,AA,LAX,1,217,278,0,0,12
-7,9,2,7,9,2475,AA,LAX,1,217,278,0,0,12
-6,9,2,7,12,2475,AA,LAX,1,217,278,0,0,12
-9,9,2,7,10,2475,AA,LAX,1,217,278,0,0,12
60,9,2,7,19,2475,DL,LAX,1,217,278,0,0,12
3,9,2,7,17,2475,DL,LAX,1,217,278,0,0,12
-11,9,2,7,8,2475,UA,LAX,1,217,278,0,0,12
-1,9,2,7,13,2475,DL,LAX,1,217,278,0,0,12
-7,9,2,7,11,2475,DL,LAX,1,217,278,0,0,12
-3,9,2,7,15,2475,DL,LAX,1,217,278,0,0,12
-9,9,2,7,9,2475,DL,LAX,1,217,278,0,0,12
-4,9,2,7,11,2475,UA,LAX,1,217,278,0,0,12
-2,9,2,7,17,2475,UA,LAX,1,217,278,0,0,12
-2,9,2,7,7,2475,B6,LAX,1,217,278,0,0,12
11,9,2,7,12,2475,B6,LAX,1,217,278,0,0,12
-3,9,2,7,16,2475,B6,LAX,1,217,278,0,0,12
9,9,2,7,21,2475,B6,LAX,1,217,278,0,0,12
4,9,2,7,9,2475,B6,LAX,1,217,278,0,0,12
-3,9,9,7,21,2475,DL,LAX,8,172,256,0,0,14
24,9,9,7,9,2475,VX,LAX,8,172,256,0,0,14
0,9,9,7,11,2475,VX,LAX,8,172,256,0,0,14
33,9,9,7,20,2475,B6,LAX,8,172,256,0,0,14
-1,9,9,7,7,2475,B6,LAX,8,172,256,0,0,14
-3,9,9,7,12,2475,B6,LAX,8,172,256,0,0,14
16,9,9,7,20,2475,VX,LAX,8,172,256,0,0,14
6,9,9,7,16,2475,VX,LAX,8,172,256,0,0,14
15,9,9,7,16,2475,B6,LAX,8,172,256,0,0,14
13,9,9,7,9,2475,B6,LAX,8,172,256,0,0,14
-2,9,9,7,13,2475,VX,LAX,8,172,256,0,0,14
6,9,9,7,17,2475,UA,LAX,8,172,256,0,0,14
-1,9,9,7,8,2475,UA,LAX,8,172,256,0,0,14
17,9,9,7,15,2475,UA,LAX,8,172,256,0,0,14
9,9,9,7,21,2475,UA,LAX,8,172,256,0,0,14
18,9,9,7,11,2475,UA,LAX,8,172,256,0,0,14
1,9,9,7,19,2475,DL,LAX,8,172,256,0,0,14
-8,9,9,7,9,2475,DL,LAX,8,172,256,0,0,14
-3,9,9,7,15,2475,DL,LAX,8,172,256,0,0,14
-7,9,9,7,7,2475,DL,LAX,8,172,256,0,0,14
-5,9,9,7,13,2475,DL,LAX,8,172,256,0,0,14
0,9,9,7,17,2475,DL,LAX,8,172,256,0,0,14
2,9,9,7,7,2475,VX,LAX,8,172,256,0,0,14
-4,9,9,7,11,2475,DL,LAX,8,172,256,0,0,14
-1,9,9,7,19,2475,AA,LAX,8,172,256,0,0,14
-9,9,9,7,12,2475,AA,LAX,8,172,256,0,0,14
-5,9,9,7,15,2475,AA,LAX,8,172,256,0,0,14
0,9,9,7,20,2475,AA,LAX,8,172,256,0,0,14
1,9,9,7,10,2475,AA,LAX,8,172,256,0,0,14
-4,9,9,7,6,2475,AA,LAX,8,172,256,0,0,14
-4,9,9,7,16,2475,AA,LAX,8,172,256,0,0,14
0,9,9,7,9,2475,AA,LAX,8,172,256,0,0,14
-6,9,9,7,13,2475,AA,LAX,8,172,256,0,0,14
29,9,16,7,20,2475,AA,LAX,15,133,239,0,0,9
-2,9,16,7,13,2475,AA,LAX,15,133,239,0,0,9
-7,9,16,7,12,2475,AA,LAX,15,133,239,0,0,9
23,9,16,7,16,2475,AA,LAX,15,133,239,0,0,9
-9,9,16,7,9,2475,AA,LAX,15,133,239,0,0,9
1,9,16,7,15,2475,AA,LAX,15,133,239,0,0,9
22,9,16,7,19,2475,AA,LAX,15,133,239,0,0,9
34,9,16,7,6,2475,AA,LAX,15,133,239,0,0,9
53,9,16,7,10,2475,AA,LAX,15,133,239,0,0,9
32,9,16,7,15,2475,UA,LAX,15,133,239,0,0,9
-3,9,16,7,19,2475,DL,LAX,15,133,239,0,0,9
-5,9,16,7,7,2475,DL,LAX,15,133,239,0,0,9
11,9,16,7,15,2475,DL,LAX,15,133,239,0,0,9
-7,9,16,7,9,2475,DL,LAX,15,133,239,0,0,9
0,9,16,7,13,2475,DL,LAX,15,133,239,0,0,9
-5,9,16,7,12,2475,B6,LAX,15,133,239,0,0,9
-1,9,16,7,16,2475,B6,LAX,15,133,239,0,0,9
-2,9,16,7,7,2475,B6,LAX,15,133,239,0,0,9
-8,9,16,7,17,2475,UA,LAX,15,133,239,0,0,9
0,9,16,7,21,2475,DL,LAX,15,133,239,0,0,9
-8,9,16,7,20,2475,B6,LAX,15,133,239,0,0,9
-2,9,16,7,8,2475,UA,LAX,15,133,239,0,0,9
-4,9,16,7,17,2475,DL,LAX,15,133,239,0,0,9
-3,9,16,7,9,2475,B6,LAX,15,133,239,0,0,9
-4,9,16,7,21,2475,UA,LAX,15,133,239,0,0,9
-7,9,16,7,11,2475,UA,LAX,15,133,239,0,0,9
6,9,16,7,20,2475,VX,LAX,15,133,239,0,0,9
0,9,16,7,7,2475,VX,LAX,15,133,239,0,0,9
23,9,16,7,9,2475,VX,LAX,15,133,239,0,0,9
3,9,16,7,11,2475,VX,LAX,15,133,239,0,0,9
0,9,16,7,13,2475,VX,LAX,15,133,239,0,0,9
1,9,16,7,16,2475,VX,LAX,15,133,239,0,0,9
6,9,23,7,11,2475,VX,LAX,20,128,200,0,0,28
-2,9,23,7,16,2475,VX,LAX,20,128,200,0,0,28
-1,9,23,7,20,2475,VX,LAX,20,128,200,0,0,28
1,9,23,7,13,2475,VX,LAX,20,128,200,0,0,28
-2,9,23,7,7,2475,VX,LAX,20,128,200,0,0,28
4,9,23,7,9,2475,VX,LAX,20,128,200,0,0,28
12,9,23,7,17,2475,UA,LAX,20,128,200,0,0,28
-10,9,23,7,21,2475,UA,LAX,20,128,200,0,0,28
-10,9,23,7,8,2475,UA,LAX,20,128,200,0,0,28
-6,9,23,7,15,2475,UA,LAX,20,128,200,0,0,28
-3,9,23,7,6,2475,AA,LAX,20,128,200,0,0,28
144,9,23,7,20,2475,AA,LAX,20,128,200,0,0,28
99,9,23,7,19,2475,AA,LAX,20,128,200,0,0,28
186,9,23,7,16,2475,AA,LAX,20,128,200,0,0,28
-9,9,23,7,15,2475,AA,LAX,20,128,200,0,0,28
-5,9,23,7,13,2475,AA,LAX,20,128,200,0,0,28
-2,9,23,7,9,2475,AA,LAX,20,128,200,0,0,28
15,9,23,7,12,2475,AA,LAX,20,128,200,0,0,28
5,9,23,7,10,2475,AA,LAX,20,128,200,0,0,28
-1,9,23,7,13,2475,DL,LAX,20,128,200,0,0,28
32,9,23,7,20,2475,B6,LAX,20,128,200,0,0,28
-5,9,23,7,7,2475,B6,LAX,20,128,200,0,0,28
-2,9,23,7,12,2475,B6,LAX,20,128,200,0,0,28
-4,9,23,7,16,2475,B6,LAX,20,128,200,0,0,28
-5,9,23,7,11,2475,DL,LAX,20,128,200,0,0,28
-7,9,23,7,7,2475,DL,LAX,20,128,200,0,0,28
9,9,23,7,15,2475,DL,LAX,20,128,200,0,0,28
-4,9,23,7,9,2475,DL,LAX,20,128,200,0,0,28
-3,9,23,7,19,2475,DL,LAX,20,128,200,0,0,28
-2,9,23,7,21,2475,DL,LAX,20,128,200,0,0,28
-6,9,23,7,11,2475,UA,LAX,20,128,200,0,0,28
-3,9,23,7,9,2475,B6,LAX,20,128,200,0,0,28
2,9,23,7,17,2475,DL,LAX,20,128,200,0,0,28
-1,9,30,7,15,2475,DL,LAX,13,128,200,0,0,13
5,9,30,7,20,2475,B6,LAX,13,128,200,0,0,13
-4,9,30,7,11,2475,DL,LAX,13,128,200,0,0,13
28,9,30,7,7,2475,DL,LAX,13,128,200,0,0,13
-5,9,30,7,12,2475,B6,LAX,13,128,200,0,0,13
-3,9,30,7,7,2475,B6,LAX,13,128,200,0,0,13
41,9,30,7,20,2475,VX,LAX,13,128,200,0,0,13
-2,9,30,7,16,2475,VX,LAX,13,128,200,0,0,13
2,9,30,7,13,2475,VX,LAX,13,128,200,0,0,13
-1,9,30,7,11,2475,VX,LAX,13,128,200,0,0,13
-1,9,30,7,21,2475,DL,LAX,13,128,200,0,0,13
-5,9,30,7,17,2475,DL,LAX,13,128,200,0,0,13
0,9,30,7,19,2475,DL,LAX,13,128,200,0,0,13
-4,9,30,7,9,2475,DL,LAX,13,128,200,0,0,13
-6,9,30,7,9,2475,VX,LAX,13,128,200,0,0,13
0,9,30,7,7,2475,VX,LAX,13,128,200,0,0,13
13,9,30,7,9,2475,B6,LAX,13,128,200,0,0,13
-7,9,30,7,13,2475,DL,LAX,13,128,200,0,0,13
3,9,30,7,16,2475,B6,LAX,13,128,200,0,0,13
-3,9,30,7,15,2475,AA,LAX,13,128,200,0,0,13
-9,9,30,7,12,2475,AA,LAX,13,128,200,0,0,13
1,9,30,7,16,2475,AA,LAX,13,128,200,0,0,13
0,9,30,7,20,2475,AA,LAX,13,128,200,0,0,13
-4,9,30,7,13,2475,AA,LAX,13,128,200,0,0,13
15,9,30,7,6,2475,AA,LAX,13,128,200,0,0,13
-5,9,30,7,9,2475,AA,LAX,13,128,200,0,0,13
-8,9,30,7,10,2475,AA,LAX,13,128,200,0,0,13
12,9,30,7,19,2475,AA,LAX,13,128,200,0,0,13
-3,9,30,7,21,2475,UA,LAX,13,128,200,0,0,13
-7,9,30,7,11,2475,UA,LAX,13,128,200,0,0,13
-4,9,30,7,8,2475,UA,LAX,13,128,200,0,0,13
18,9,30,7,17,2475,UA,LAX,13,128,200,0,0,13
2,9,30,7,15,2475,UA,LAX,13,128,200,0,0,13
-5,10,7,7,11,2475,UA,LAX,6,78,122,48,0,9
1,10,7,7,15,2475,UA,LAX,6,78,122,48,0,9
-3,10,7,7,7,2475,UA,LAX,6,78,122,48,0,9
13,10,7,7,20,2475,VX,LAX,6,78,122,48,0,9
-8,10,7,7,13,2475,VX,LAX,6,78,122,48,0,9
75,10,7,7,16,2475,VX,LAX,6,78,122,48,0,9
-6,10,7,7,11,2475,VX,LAX,6,78,122,48,0,9
-3,10,7,7,9,2475,VX,LAX,6,78,122,48,0,9
19,10,7,7,17,2475,UA,LAX,6,78,122,48,0,9
-5,10,7,7,21,2475,UA,LAX,6,78,122,48,0,9
3,10,7,7,12,2475,AA,LAX,6,78,122,48,0,9
-4,10,7,7,6,2475,AA,LAX,6,78,122,48,0,9
4,10,7,7,20,2475,B6,LAX,6,78,122,48,0,9
21,10,7,7,13,2475,AA,LAX,6,78,122,48,0,9
6,10,7,7,21,2475,DL,LAX,6,78,122,48,0,9
2,10,7,7,10,2475,AA,LAX,6,78,122,48,0,9
-8,10,7,7,17,2475,DL,LAX,6,78,122,48,0,9
-6,10,7,7,13,2475,DL,LAX,6,78,122,48,0,9
-1,10,7,7,20,2475,AA,LAX,6,78,122,48,0,9
5,10,7,7,19,2475,AA,LAX,6,78,122,48,0,9
-6,10,7,7,15,2475,DL,LAX,6,78,122,48,0,9
-5,10,7,7,11,2475,DL,LAX,6,78,122,48,0,9
-13,10,7,7,7,2475,DL,LAX,6,78,122,48,0,9
-3,10,7,7,9,2475,AA,LAX,6,78,122,48,0,9
-3,10,7,7,16,2475,B6,LAX,6,78,122,48,0,9
-6,10,7,7,9,2475,DL,LAX,6,78,122,48,0,9
-1,10,7,7,19,2475,DL,LAX,6,78,122,48,0,9
-6,10,7,7,12,2475,B6,LAX,6,78,122,48,0,9
-4,10,7,7,15,2475,AA,LAX,6,78,122,48,0,9
-5,10,7,7,7,2475,B6,LAX,6,78,122,48,0,9
-5,10,7,7,17,2475,AA,LAX,6,78,122,48,0,9
-3,10,7,7,9,2475,B6,LAX,6,78,122,48,0,9
-2,10,14,7,11,2475,DL,LAX,1,117,211,0,0,28
-6,10,14,7,7,2475,DL,LAX,1,117,211,0,0,28
-2,10,14,7,10,2475,AA,LAX,1,117,211,0,0,28
-2,10,14,7,20,2475,AA,LAX,1,117,211,0,0,28
-4,10,14,7,17,2475,DL,LAX,1,117,211,0,0,28
-1,10,14,7,13,2475,DL,LAX,1,117,211,0,0,28
-4,10,14,7,7,2475,B6,LAX,1,117,211,0,0,28
26,10,14,7,16,2475,B6,LAX,1,117,211,0,0,28
-4,10,14,7,9,2475,B6,LAX,1,117,211,0,0,28
-3,10,14,7,15,2475,AA,LAX,1,117,211,0,0,28
-2,10,14,7,13,2475,AA,LAX,1,117,211,0,0,28
-11,10,14,7,9,2475,AA,LAX,1,117,211,0,0,28
-4,10,14,7,6,2475,AA,LAX,1,117,211,0,0,28
3,10,14,7,20,2475,B6,LAX,1,117,211,0,0,28
-10,10,14,7,12,2475,AA,LAX,1,117,211,0,0,28
-4,10,14,7,19,2475,AA,LAX,1,117,211,0,0,28
-2,10,14,7,12,2475,B6,LAX,1,117,211,0,0,28
8,10,14,7,21,2475,DL,LAX,1,117,211,0,0,28
4,10,14,7,17,2475,AA,LAX,1,117,211,0,0,28
-2,10,14,7,19,2475,DL,LAX,1,117,211,0,0,28
-6,10,14,7,9,2475,DL,LAX,1,117,211,0,0,28
-2,10,14,7,15,2475,DL,LAX,1,117,211,0,0,28
-7,10,14,7,11,2475,VX,LAX,1,117,211,0,0,28
-11,10,14,7,21,2475,UA,LAX,1,117,211,0,0,28
209,10,14,7,17,2475,UA,LAX,1,117,211,0,0,28
2,10,14,7,7,2475,UA,LAX,1,117,211,0,0,28
8,10,14,7,9,2475,VX,LAX,1,117,211,0,0,28
-9,10,14,7,11,2475,UA,LAX,1,117,211,0,0,28
22,10,14,7,20,2475,VX,LAX,1,117,211,0,0,28
31,10,14,7,16,2475,VX,LAX,1,117,211,0,0,28
-5,10,14,7,13,2475,VX,LAX,1,117,211,0,0,28
0,10,14,7,15,2475,UA,LAX,1,117,211,0,0,28
-4,10,21,7,21,2475,UA,LAX,8,94,183,0,0,26
-9,10,21,7,15,2475,UA,LAX,8,94,183,0,0,26
5,10,21,7,17,2475,UA,LAX,8,94,183,0,0,26
-3,10,21,7,11,2475,UA,LAX,8,94,183,0,0,26
-2,10,21,7,7,2475,UA,LAX,8,94,183,0,0,26
-5,10,21,7,6,2475,AA,LAX,8,94,183,0,0,26
-4,10,21,7,13,2475,DL,LAX,8,94,183,0,0,26
45,10,21,7,15,2475,DL,LAX,8,94,183,0,0,26
-3,10,21,7,11,2475,DL,LAX,8,94,183,0,0,26
45,10,21,7,17,2475,DL,LAX,8,94,183,0,0,26
-1,10,21,7,7,2475,B6,LAX,8,94,183,0,0,26
-4,10,21,7,13,2475,AA,LAX,8,94,183,0,0,26
28,10,21,7,21,2475,DL,LAX,8,94,183,0,0,26
62,10,21,7,7,2475,DL,LAX,8,94,183,0,0,26
-6,10,21,7,9,2475,DL,LAX,8,94,183,0,0,26
5,10,21,7,19,2475,DL,LAX,8,94,183,0,0,26
-5,10,21,7,20,2475,AA,LAX,8,94,183,0,0,26
-3,10,21,7,9,2475,AA,LAX,8,94,183,0,0,26
11,10,21,7,20,2475,B6,LAX,8,94,183,0,0,26
0,10,21,7,10,2475,AA,LAX,8,94,183,0,0,26
-3,10,21,7,12,2475,AA,LAX,8,94,183,0,0,26
129,10,21,7,12,2475,B6,LAX,8,94,183,0,0,26
-4,10,21,7,19,2475,AA,LAX,8,94,183,0,0,26
-2,10,21,7,16,2475,B6,LAX,8,94,183,0,0,26
-1,10,21,7,9,2475,B6,LAX,8,94,183,0,0,26
-5,10,21,7,17,2475,AA,LAX,8,94,183,0,0,26
0,10,21,7,15,2475,AA,LAX,8,94,183,0,0,26
16,10,21,7,13,2475,VX,LAX,8,94,183,0,0,26
-2,10,21,7,11,2475,VX,LAX,8,94,183,0,0,26
11,10,21,7,9,2475,VX,LAX,8,94,183,0,0,26
-3,10,21,7,7,2475,VX,LAX,8,94,183,0,0,26
41,10,21,7,16,2475,VX,LAX,8,94,183,0,0,26
12,10,21,7,20,2475,VX,LAX,8,94,183,0,0,26
15,10,28,7,15,2475,UA,LAX,14,128,150,0,0,52
-4,10,28,7,11,2475,UA,LAX,14,128,150,0,0,52
41,10,28,7,17,2475,UA,LAX,14,128,150,0,0,52
95,10,28,7,21,2475,AA,LAX,14,128,150,0,0,52
-1,10,28,7,17,2475,DL,LAX,14,128,150,0,0,52
11,10,28,7,17,2475,AA,LAX,14,128,150,0,0,52
-4,10,28,7,13,2475,DL,LAX,14,128,150,0,0,52
4,10,28,7,12,2475,AA,LAX,14,128,150,0,0,52
-4,10,28,7,6,2475,AA,LAX,14,128,150,0,0,52
0,10,28,7,11,2475,B6,LAX,14,128,150,0,0,52
43,10,28,7,19,2475,AA,LAX,14,128,150,0,0,52
-6,10,28,7,9,2475,AA,LAX,14,128,150,0,0,52
41,10,28,7,19,2475,DL,LAX,14,128,150,0,0,52
-3,10,28,7,15,2475,DL,LAX,14,128,150,0,0,52
-2,10,28,7,13,2475,AA,LAX,14,128,150,0,0,52
-2,10,28,7,15,2475,AA,LAX,14,128,150,0,0,52
-6,10,28,7,10,2475,AA,LAX,14,128,150,0,0,52
8,10,28,7,7,2475,DL,LAX,14,128,150,0,0,52
12,10,28,7,21,2475,DL,LAX,14,128,150,0,0,52
-3,10,28,7,11,2475,DL,LAX,14,128,150,0,0,52
-4,10,28,7,9,2475,B6,LAX,14,128,150,0,0,52
111,10,28,7,20,2475,B6,LAX,14,128,150,0,0,52
1,10,28,7,16,2475,B6,LAX,14,128,150,0,0,52
-4,10,28,7,7,2475,B6,LAX,14,128,150,0,0,52
-2,10,28,7,13,2475,VX,LAX,14,128,150,0,0,52
36,10,28,7,16,2475,VX,LAX,14,128,150,0,0,52
136,10,28,7,20,2475,VX,LAX,14,128,150,0,0,52
22,10,28,7,7,2475,UA,LAX,14,128,150,0,0,52
9,10,28,7,9,2475,VX,LAX,14,128,150,0,0,52
11,10,28,7,7,2475,VX,LAX,14,128,150,0,0,52
-3,10,28,7,11,2475,VX,LAX,14,128,150,0,0,52
-2,11,5,1,21,2475,AA,LAX,6,17,72,0,0,21
-2,11,5,1,15,2475,AA,LAX,6,17,72,0,0,21
-5,11,5,1,10,2475,AA,LAX,6,17,72,0,0,21
-2,11,5,1,6,2475,AA,LAX,6,17,72,0,0,21
-6,11,5,1,9,2475,AA,LAX,6,17,72,0,0,21
-6,11,5,1,13,2475,AA,LAX,6,17,72,0,0,21
16,11,5,1,17,2475,AA,LAX,6,17,72,0,0,21
205,11,5,1,19,2475,AA,LAX,6,17,72,0,0,21
-11,11,5,1,12,2475,AA,LAX,6,17,72,0,0,21
-2,11,5,1,17,2475,DL,LAX,6,17,72,0,0,21
-3,11,5,1,7,2475,DL,LAX,6,17,72,0,0,21
-6,11,5,1,13,2475,DL,LAX,6,17,72,0,0,21
-5,11,5,1,15,2475,DL,LAX,6,17,72,0,0,21
-3,11,5,1,21,2475,DL,LAX,6,17,72,0,0,21
-5,11,5,1,11,2475,UA,LAX,6,17,72,0,0,21
30,11,5,1,20,2475,UA,LAX,6,17,72,0,0,21
-5,11,5,1,6,2475,UA,LAX,6,17,72,0,0,21
-3,11,5,1,15,2475,UA,LAX,6,17,72,0,0,21
0,11,5,1,16,2475,B6,LAX,6,17,72,0,0,21
51,11,5,1,20,2475,B6,LAX,6,17,72,0,0,21
-6,11,5,1,9,2475,B6,LAX,6,17,72,0,0,21
7,11,5,1,17,2475,UA,LAX,6,17,72,0,0,21
4,11,5,1,20,2475,VX,LAX,6,17,72,0,0,21
-5,11,5,1,7,2475,VX,LAX,6,17,72,0,0,21
16,11,5,1,9,2475,VX,LAX,6,17,72,0,0,21
-15,11,5,1,11,2475,VX,LAX,6,17,72,0,0,21
-10,11,5,1,13,2475,VX,LAX,6,17,72,0,0,21
-10,11,5,1,7,2475,B6,LAX,6,17,72,0,0,21
-8,11,5,1,8,2475,UA,LAX,6,17,72,0,0,21
-10,11,5,1,12,2475,B6,LAX,6,17,72,0,0,21
0,11,5,1,16,2475,VX,LAX,6,17,72,0,0,21
-1,11,5,1,11,2475,DL,LAX,6,17,72,0,0,21
-1,11,5,1,19,2475,DL,LAX,6,17,72,0,0,21
1,11,5,1,9,2475,DL,LAX,6,17,72,0,0,21
-10,11,12,1,20,2475,UA,LAX,1,89,189,0,0,17
-12,11,12,1,6,2475,UA,LAX,1,89,189,0,0,17
60,11,12,1,7,2475,VX,LAX,1,89,189,0,0,17
5,11,12,1,9,2475,VX,LAX,1,89,189,0,0,17
33,11,12,1,11,2475,VX,LAX,1,89,189,0,0,17
-7,11,12,1,13,2475,VX,LAX,1,89,189,0,0,17
254,11,12,1,16,2475,VX,LAX,1,89,189,0,0,17
70,11,12,1,20,2475,VX,LAX,1,89,189,0,0,17
2,11,12,1,7,2475,B6,LAX,1,89,189,0,0,17
87,11,12,1,7,2475,DL,LAX,1,89,189,0,0,17
40,11,12,1,11,2475,DL,LAX,1,89,189,0,0,17
8,11,12,1,13,2475,DL,LAX,1,89,189,0,0,17
8,11,12,1,19,2475,DL,LAX,1,89,189,0,0,17
-3,11,12,1,9,2475,DL,LAX,1,89,189,0,0,17
2,11,12,1,17,2475,DL,LAX,1,89,189,0,0,17
-5,11,12,1,15,2475,DL,LAX,1,89,189,0,0,17
46,11,12,1,21,2475,DL,LAX,1,89,189,0,0,17
10,11,12,1,12,2475,B6,LAX,1,89,189,0,0,17
18,11,12,1,16,2475,B6,LAX,1,89,189,0,0,17
39,11,12,1,20,2475,B6,LAX,1,89,189,0,0,17
144,11,12,1,9,2475,B6,LAX,1,89,189,0,0,17
-4,11,12,1,8,2475,UA,LAX,1,89,189,0,0,17
-15,11,12,1,17,2475,UA,LAX,1,89,189,0,0,17
60,11,12,1,15,2475,UA,LAX,1,89,189,0,0,17
-8,11,12,1,11,2475,UA,LAX,1,89,189,0,0,17
3,11,12,1,10,2475,AA,LAX,1,89,189,0,0,17
19,11,12,1,19,2475,AA,LAX,1,89,189,0,0,17
-5,11,12,1,12,2475,AA,LAX,1,89,189,0,0,17
6,11,12,1,21,2475,AA,LAX,1,89,189,0,0,17
-7,11,12,1,9,2475,AA,LAX,1,89,189,0,0,17
22,11,12,1,15,2475,AA,LAX,1,89,189,0,0,17
-4,11,12,1,6,2475,AA,LAX,1,89,189,0,0,17
3,11,12,1,13,2475,AA,LAX,1,89,189,0,0,17
11,11,12,1,17,2475,AA,LAX,1,89,189,0,0,17
-2,11,19,1,17,2475,UA,LAX,8,28,83,0,0,25
-8,11,19,1,8,2475,UA,LAX,8,28,83,0,0,25
0,11,19,1,20,2475,VX,LAX,8,28,83,0,0,25
-7,11,19,1,7,2475,B6,LAX,8,28,83,0,0,25
-3,11,19,1,12,2475,B6,LAX,8,28,83,0,0,25
0,11,19,1,16,2475,B6,LAX,8,28,83,0,0,25
-1,11,19,1,20,2475,B6,LAX,8,28,83,0,0,25
-3,11,19,1,9,2475,B6,LAX,8,28,83,0,0,25
-1,11,19,1,19,2475,DL,LAX,8,28,83,0,0,25
-6,11,19,1,9,2475,DL,LAX,8,28,83,0,0,25
-3,11,19,1,17,2475,DL,LAX,8,28,83,0,0,25
-8,11,19,1,11,2475,DL,LAX,8,28,83,0,0,25
0,11,19,1,15,2475,DL,LAX,8,28,83,0,0,25
-4,11,19,1,13,2475,DL,LAX,8,28,83,0,0,25
-4,11,19,1,11,2475,UA,LAX,8,28,83,0,0,25
-4,11,19,1,7,2475,VX,LAX,8,28,83,0,0,25
5,11,19,1,9,2475,VX,LAX,8,28,83,0,0,25
-2,11,19,1,11,2475,VX,LAX,8,28,83,0,0,25
-2,11,19,1,13,2475,VX,LAX,8,28,83,0,0,25
15,11,19,1,16,2475,VX,LAX,8,28,83,0,0,25
-7,11,19,1,15,2475,AA,LAX,8,28,83,0,0,25
3,11,19,1,9,2475,AA,LAX,8,28,83,0,0,25
-9,11,19,1,10,2475,AA,LAX,8,28,83,0,0,25
3,11,19,1,21,2475,AA,LAX,8,28,83,0,0,25
-5,11,19,1,13,2475,AA,LAX,8,28,83,0,0,25
-3,11,19,1,19,2475,AA,LAX,8,28,83,0,0,25
41,11,19,1,7,2475,AA,LAX,8,28,83,0,0,25
-2,11,19,1,16,2475,AA,LAX,8,28,83,0,0,25
27,11,19,1,12,2475,AA,LAX,8,28,83,0,0,25
1,11,26,1,16,2475,AA,LAX,1,22,89,0,0,24
8,11,26,1,12,2475,AA,LAX,1,22,89,0,0,24
-2,11,26,1,10,2475,AA,LAX,1,22,89,0,0,24
16,11,26,1,21,2475,AA,LAX,1,22,89,0,0,24
7,11,26,1,19,2475,AA,LAX,1,22,89,0,0,24
-1,11,26,1,9,2475,AA,LAX,1,22,89,0,0,24
-2,11,26,1,7,2475,AA,LAX,1,22,89,0,0,24
-4,11,26,1,15,2475,AA,LAX,1,22,89,0,0,24
-5,11,26,1,13,2475,AA,LAX,1,22,89,0,0,24
-4,11,26,1,19,2475,DL,LAX,1,22,89,0,0,24
0,11,26,1,20,2475,VX,LAX,1,22,89,0,0,24
2,11,26,1,16,2475,VX,LAX,1,22,89,0,0,24
16,11,26,1,13,2475,VX,LAX,1,22,89,0,0,24
9,11,26,1,11,2475,VX,LAX,1,22,89,0,0,24
-2,11,26,1,9,2475,VX,LAX,1,22,89,0,0,24
9,11,26,1,7,2475,VX,LAX,1,22,89,0,0,24
-1,11,26,1,11,2475,DL,LAX,1,22,89,0,0,24
-2,11,26,1,7,2475,DL,LAX,1,22,89,0,0,24
8,11,26,1,17,2475,DL,LAX,1,22,89,0,0,24
0,11,26,1,9,2475,DL,LAX,1,22,89,0,0,24
6,11,26,1,21,2475,DL,LAX,1,22,89,0,0,24
-4,11,26,1,15,2475,DL,LAX,1,22,89,0,0,24
-5,11,26,1,13,2475,DL,LAX,1,22,89,0,0,24
5,11,26,1,9,2475,B6,LAX,1,22,89,0,0,24
-2,11,26,1,20,2475,B6,LAX,1,22,89,0,0,24
-7,11,26,1,16,2475,B6,LAX,1,22,89,0,0,24
186,11,26,1,12,2475,B6,LAX,1,22,89,0,0,24
-6,11,26,1,7,2475,B6,LAX,1,22,89,0,0,24
30,11,26,1,15,2475,UA,LAX,1,22,89,0,0,24
0,11,26,1,6,2475,UA,LAX,1,22,89,0,0,24
6,11,26,1,20,2475,UA,LAX,1,22,89,0,0,24
8,11,26,1,11,2475,UA,LAX,1,22,89,0,0,24
-3,11,26,1,8,2475,UA,LAX,1,22,89,0,0,24
34,11,26,1,17,2475,UA,LAX,1,22,89,0,0,24
-1,12,3,1,12,2475,AA,LAX,6,94,156,0,0,17
0,12,3,1,10,2475,AA,LAX,6,94,156,0,0,17
91,12,3,1,15,2475,AA,LAX,6,94,156,0,0,17
5,12,3,1,17,2475,DL,LAX,6,94,156,0,0,17
-3,12,3,1,15,2475,DL,LAX,6,94,156,0,0,17
4,12,3,1,16,2475,AA,LAX,6,94,156,0,0,17
-4,12,3,1,21,2475,DL,LAX,6,94,156,0,0,17
-1,12,3,1,7,2475,B6,LAX,6,94,156,0,0,17
-2,12,3,1,12,2475,B6,LAX,6,94,156,0,0,17
3,12,3,1,16,2475,B6,LAX,6,94,156,0,0,17
3,12,3,1,20,2475,B6,LAX,6,94,156,0,0,17
9,12,3,1,9,2475,B6,LAX,6,94,156,0,0,17
-7,12,3,1,19,2475,DL,LAX,6,94,156,0,0,17
-5,12,3,1,9,2475,DL,LAX,6,94,156,0,0,17
25,12,3,1,19,2475,AA,LAX,6,94,156,0,0,17
57,12,3,1,21,2475,AA,LAX,6,94,156,0,0,17
-6,12,3,1,7,2475,AA,LAX,6,94,156,0,0,17
-2,12,3,1,7,2475,DL,LAX,6,94,156,0,0,17
0,12,3,1,12,2475,DL,LAX,6,94,156,0,0,17
-4,12,3,1,9,2475,AA,LAX,6,94,156,0,0,17
-7,12,3,1,13,2475,AA,LAX,6,94,156,0,0,17
1,12,3,1,9,2475,VX,LAX,6,94,156,0,0,17
-5,12,3,1,8,2475,UA,LAX,6,94,156,0,0,17
17,12,3,1,17,2475,UA,LAX,6,94,156,0,0,17
-4,12,3,1,11,2475,UA,LAX,6,94,156,0,0,17
2,12,3,1,20,2475,UA,LAX,6,94,156,0,0,17
-7,12,3,1,6,2475,UA,LAX,6,94,156,0,0,17
14,12,3,1,15,2475,UA,LAX,6,94,156,0,0,17
18,12,3,1,7,2475,VX,LAX,6,94,156,0,0,17
-5,12,3,1,20,2475,VX,LAX,6,94,156,0,0,17
-8,12,3,1,16,2475,VX,LAX,6,94,156,0,0,17
-11,12,3,1,13,2475,VX,LAX,6,94,156,0,0,17
-3,12,3,1,11,2475,VX,LAX,6,94,156,0,0,17
-1,12,10,1,17,2475,UA,LAX,13,67,150,8,0,18
-7,12,10,1,8,2475,UA,LAX,13,67,150,8,0,18
25,12,10,1,16,2475,VX,LAX,13,67,150,8,0,18
-10,12,10,1,13,2475,VX,LAX,13,67,150,8,0,18
-7,12,10,1,11,2475,VX,LAX,13,67,150,8,0,18
-6,12,10,1,9,2475,VX,LAX,13,67,150,8,0,18
130,12,10,1,20,2475,VX,LAX,13,67,150,8,0,18
-9,12,10,1,7,2475,VX,LAX,13,67,150,8,0,18
19,12,10,1,9,2475,B6,LAX,13,67,150,8,0,18
10,12,10,1,15,2475,DL,LAX,13,67,150,8,0,18
-1,12,10,1,21,2475,DL,LAX,13,67,150,8,0,18
28,12,10,1,21,2475,AA,LAX,13,67,150,8,0,18
43,12,10,1,19,2475,AA,LAX,13,67,150,8,0,18
50,12,10,1,16,2475,AA,LAX,13,67,150,8,0,18
-4,12,10,1,10,2475,AA,LAX,13,67,150,8,0,18
-6,12,10,1,11,2475,UA,LAX,13,67,150,8,0,18
61,12,10,1,15,2475,AA,LAX,13,67,150,8,0,18
136,12,10,1,20,2475,UA,LAX,13,67,150,8,0,18
-6,12,10,1,6,2475,UA,LAX,13,67,150,8,0,18
-8,12,10,1,12,2475,AA,LAX,13,67,150,8,0,18
-1,12,10,1,9,2475,AA,LAX,13,67,150,8,0,18
-4,12,10,1,19,2475,DL,LAX,13,67,150,8,0,18
-5,12,10,1,9,2475,DL,LAX,13,67,150,8,0,18
-1,12,10,1,7,2475,DL,LAX,13,67,150,8,0,18
-3,12,10,1,7,2475,B6,LAX,13,67,150,8,0,18
-6,12,10,1,12,2475,DL,LAX,13,67,150,8,0,18
-5,12,10,1,17,2475,DL,LAX,13,67,150,8,0,18
-1,12,10,1,12,2475,B6,LAX,13,67,150,8,0,18
0,12,10,1,16,2475,B6,LAX,13,67,150,8,0,18
66,12,10,1,20,2475,B6,LAX,13,67,150,8,0,18
0,12,10,1,15,2475,UA,LAX,13,67,150,8,0,18
-3,12,10,1,7,2475,AA,LAX,13,67,150,8,0,18
3,12,17,1,21,2475,DL,LAX,8,44,61,74,0,41
-4,12,17,1,10,2475,AA,LAX,8,44,61,74,0,41
-2,12,17,1,19,2475,DL,LAX,8,44,61,74,0,41
-3,12,17,1,9,2475,DL,LAX,8,44,61,74,0,41
-2,12,17,1,19,2475,AA,LAX,8,44,61,74,0,41
2,12,17,1,17,2475,DL,LAX,8,44,61,74,0,41
-2,12,17,1,7,2475,DL,LAX,8,44,61,74,0,41
-1,12,17,1,7,2475,B6,LAX,8,44,61,74,0,41
-4,12,17,1,12,2475,DL,LAX,8,44,61,74,0,41
-3,12,17,1,12,2475,B6,LAX,8,44,61,74,0,41
17,12,17,1,16,2475,B6,LAX,8,44,61,74,0,41
1,12,17,1,9,2475,AA,LAX,8,44,61,74,0,41
1,12,17,1,20,2475,B6,LAX,8,44,61,74,0,41
-1,12,17,1,13,2475,AA,LAX,8,44,61,74,0,41
13,12,17,1,15,2475,DL,LAX,8,44,61,74,0,41
7,12,17,1,12,2475,AA,LAX,8,44,61,74,0,41
0,12,17,1,16,2475,AA,LAX,8,44,61,74,0,41
19,12,17,1,9,2475,B6,LAX,8,44,61,74,0,41
-2,12,17,1,7,2475,AA,LAX,8,44,61,74,0,41
7,12,17,1,15,2475,AA,LAX,8,44,61,74,0,41
-1,12,17,1,21,2475,AA,LAX,8,44,61,74,0,41
-3,12,17,1,17,2475,UA,LAX,8,44,61,74,0,41
29,12,17,1,15,2475,UA,LAX,8,44,61,74,0,41
30,12,17,1,8,2475,UA,LAX,8,44,61,74,0,41
-3,12,17,1,6,2475,UA,LAX,8,44,61,74,0,41
-2,12,17,1,20,2475,UA,LAX,8,44,61,74,0,41
-6,12,17,1,11,2475,UA,LAX,8,44,61,74,0,41
-2,12,17,1,9,2475,VX,LAX,8,44,61,74,0,41
24,12,17,1,20,2475,VX,LAX,8,44,61,74,0,41
4,12,17,1,7,2475,VX,LAX,8,44,61,74,0,41
-3,12,17,1,16,2475,VX,LAX,8,44,61,74,0,41
10,12,17,1,13,2475,VX,LAX,8,44,61,74,0,41
-1,12,17,1,11,2475,VX,LAX,8,44,61,74,0,41
-4,12,24,1,20,2475,VX,LAX,1,6,44,18,0,16
-1,12,24,1,7,2475,VX,LAX,1,6,44,18,0,16
59,12,24,1,11,2475,VX,LAX,1,6,44,18,0,16
6,12,24,1,13,2475,VX,LAX,1,6,44,18,0,16
2,12,24,1,9,2475,VX,LAX,1,6,44,18,0,16
-2,12,24,1,16,2475,VX,LAX,1,6,44,18,0,16
-5,12,24,1,16,2475,B6,LAX,1,6,44,18,0,16
232,12,24,1,16,2475,AA,LAX,1,6,44,18,0,16
-5,12,24,1,13,2475,AA,LAX,1,6,44,18,0,16
-3,12,24,1,15,2475,DL,LAX,1,6,44,18,0,16
-3,12,24,1,19,2475,AA,LAX,1,6,44,18,0,16
-2,12,24,1,12,2475,DL,LAX,1,6,44,18,0,16
11,12,24,1,17,2475,DL,LAX,1,6,44,18,0,16
-3,12,24,1,9,2475,DL,LAX,1,6,44,18,0,16
-5,12,24,1,19,2475,DL,LAX,1,6,44,18,0,16
1,12,24,1,12,2475,B6,LAX,1,6,44,18,0,16
-2,12,24,1,9,2475,B6,LAX,1,6,44,18,0,16
56,12,24,1,7,2475,B6,LAX,1,6,44,18,0,16
1,12,24,1,10,2475,AA,LAX,1,6,44,18,0,16
-9,12,24,1,12,2475,AA,LAX,1,6,44,18,0,16
29,12,24,1,15,2475,AA,LAX,1,6,44,18,0,16
0,12,24,1,7,2475,AA,LAX,1,6,44,18,0,16
1,12,24,1,9,2475,AA,LAX,1,6,44,18,0,16
116,12,24,1,21,2475,AA,LAX,1,6,44,18,0,16
38,12,24,1,20,2475,B6,LAX,1,6,44,18,0,16
-5,12,24,1,11,2475,UA,LAX,1,6,44,18,0,16
-2,12,24,1,8,2475,UA,LAX,1,6,44,18,0,16
0,12,24,1,15,2475,UA,LAX,1,6,44,18,0,16
12,12,24,1,6,2475,UA,LAX,1,6,44,18,0,16
-7,12,31,1,17,2475,UA,LAX,1,-22,33,0,0,34
-4,12,31,1,8,2475,UA,LAX,1,-22,33,0,0,34
-5,12,31,1,11,2475,UA,LAX,1,-22,33,0,0,34
2,12,31,1,6,2475,UA,LAX,1,-22,33,0,0,34
-3,12,31,1,15,2475,UA,LAX,1,-22,33,0,0,34
-1,12,31,1,16,2475,VX,LAX,1,-22,33,0,0,34
8,12,31,1,7,2475,VX,LAX,1,-22,33,0,0,34
5,12,31,1,9,2475,VX,LAX,1,-22,33,0,0,34
-2,12,31,1,11,2475,VX,LAX,1,-22,33,0,0,34
-2,12,31,1,13,2475,VX,LAX,1,-22,33,0,0,34
2,12,31,1,20,2475,B6,LAX,1,-22,33,0,0,34
-2,12,31,1,10,2475,AA,LAX,1,-22,33,0,0,34
3,12,31,1,15,2475,DL,LAX,1,-22,33,0,0,34
120,12,31,1,19,2475,DL,LAX,1,-22,33,0,0,34
4,12,31,1,9,2475,B6,LAX,1,-22,33,0,0,34
-7,12,31,1,12,2475,DL,LAX,1,-22,33,0,0,34
-3,12,31,1,7,2475,AA,LAX,1,-22,33,0,0,34
-2,12,31,1,9,2475,DL,LAX,1,-22,33,0,0,34
-8,12,31,1,21,2475,AA,LAX,1,-22,33,0,0,34
-4,12,31,1,13,2475,AA,LAX,1,-22,33,0,0,34
12,12,31,1,16,2475,AA,LAX,1,-22,33,0,0,34
-3,12,31,1,12,2475,AA,LAX,1,-22,33,0,0,34
0,12,31,1,15,2475,AA,LAX,1,-22,33,0,0,34
-3,12,31,1,19,2475,AA,LAX,1,-22,33,0,0,34
-3,12,31,1,7,2475,B6,LAX,1,-22,33,0,0,34
-2,12,31,1,17,2475,DL,LAX,1,-22,33,0,0,34
-1,12,31,1,9,2475,AA,LAX,1,-22,33,0,0,34
0,12,31,1,12,2475,B6,LAX,1,-22,33,0,0,34
1,12,31,1,16,2475,B6,LAX,1,-22,33,0,0,34
